protocol,tcp_bytes,quic_bytes,real_time
6	0		0.369718000
6	0		0.369744000
6	0		0.369753000
6	0		0.370592000
6	0		0.370621000
6	0		0.370626000
6	0		0.556973000
6	0		0.557813000
6	0		0.676083000
6	0		0.676534000
6	0		0.677064000
6	0		0.744417000
6	0		0.744439000
6	0		0.744444000
6	0		0.744461000
6	0		0.744725000
6	0		0.860896000
6	0		0.931341000
6	0		0.931364000
6	0		0.931368000
6	0		0.931374000
6	517		0.931378000
6	0		0.931656000
6	2836		0.938918000
6	3834		0.939000000
6	0		1.048979000
6	0		1.118266000
6	0		1.118308000
6	517		1.118319000
6	0		1.118566000
6	1418		1.126031000
6	5252		1.126126000
6	0		1.305481000
6	0		1.305995000
6	0		1.395838000
6	0		1.395899000
6	0		1.434341000
6	12		1.434529000
6	0		1.472988000
6	12		1.473024000
6	0		1.473035000
6	1		1.473198000
6	4		1.473213000
6	32		1.473221000
6	0		1.473233000
6	0		1.491825000
6	0		1.491849000
6	0		1.491864000
6	0		1.491873000
6	0		1.492353000
6	0		1.492425000
6	0		1.511575000
6	0		1.511643000
6	0		1.511668000
6	0		1.511794000
6	0		1.511807000
6	0		1.614103000
6	0		1.679419000
6	0		1.679451000
6	0		1.679460000
6	0		1.679958000
6	0		1.679979000
6	0		1.793428000
6	0		1.798909000
6	0		1.866351000
6	517		1.866373000
6	0		1.866671000
6	998		1.920496000
6	0		1.981710000
6	0		1.983208000
6	0		2.052722000
6	0		2.052748000
6	64		2.052754000
6	92		2.052758000
6	608		2.053249000
6	31		2.053287000
6	1256		2.240663000
6	0		2.240704000
6	0		2.245878000
6	574		2.254450000
6	1418		2.254758000
6	793		2.254784000
6	259		2.263062000
6	39		2.265734000
6	0		2.427095000
6	0		2.427115000
6	0		2.427755000
6	0		2.614162000
6	0		2.614219000
6	0		2.614228000
6	0		2.614235000
6	0		2.614692000
6	0		2.614722000
6	0		2.614727000
6	0		2.801197000
6	1256		2.801223000
6	0		2.801232000
6	0		2.801491000
6	0		2.801702000
6	0		2.988417000
6	0		2.988445000
6	0		2.988452000
6	0		2.988457000
6	0		2.988461000
6	0		2.988465000
6	0		2.988471000
6	0		2.988477000
6	0		2.988481000
6	64		2.988485000
6	517		2.988490000
6	0		2.988797000
6	0		2.988963000
6	608		2.989322000
6	2836		2.996488000
6	1632		2.996541000
6	517		3.174969000
6	517		3.174993000
6	517		3.175000000
6	0		3.175451000
6	0		3.175483000
6	0		3.175509000
6	1418		3.182539000
6	2836		3.182597000
6	2559		3.182613000
6	1418		3.182747000
6	2836		3.182945000
6	5395		3.182981000
6	2836		3.182992000
6	1141		3.183025000
6	517		3.362171000
6	0		3.362231000
6	0		3.362239000
6	0		3.362246000
6	31		3.362254000
6	0		3.362261000
6	0		3.362507000
6	0		3.362616000
6	2836		3.369751000
6	1631		3.369799000
6	0		3.549366000
6	0		3.736224000
6	0		3.736248000
6	0		3.736253000
6	0		3.736259000
6	0		3.736264000
6	0		3.736269000
6	0		3.736273000
6	0		3.736278000
6	39		3.736284000
6	0		3.736544000
6	0		3.922889000
6	0		4.109949000
6	0		4.297268000
6	0		4.484117000
6	0		4.484137000
6	74		4.484143000
6	92		4.484151000
6	312		4.484157000
6	32		4.484163000
6	918		4.485313000
6	31		4.485536000
6	864		4.499677000
6	220		4.499724000
6	217		4.499859000
6	197		4.499959000
6	0		4.671317000
6	0		4.858533000
6	39		4.858559000
6	0		4.858831000
6	0		5.045138000
6	0		5.232568000
6	0		5.418895000
6	74		5.418915000
6	92		5.418920000
6	519		5.418926000
6	0		5.419455000
6	910		5.419627000
6	31		5.420181000
6	1084		5.479712000
6	1418		5.479757000
6	1418		5.479762000
6	1418		5.522181000
6	1418		5.564666000
6	0		5.606036000
6	0		5.606058000
6	1418		5.607141000
6	1418		5.649655000
6	1418		5.692122000
6	1418		5.734636000
6	1418		5.777115000
6	0		5.793399000
6	517		5.793431000
6	0		5.793891000
6	1418		5.819592000
6	1418		5.862080000
6	1418		5.904586000
6	1418		5.947057000
6	0		5.980377000
6	1418		5.989543000
6	1418		6.032039000
6	213		6.046292000
6	1418		6.074538000
6	1418		6.117048000
6	0		6.167386000
6	0		6.354130000
6	0		6.541036000
6	74		6.541056000
6	910		6.541906000
6	0		6.728291000
6	0		6.914633000
6	0		7.101910000
6	74		7.101932000
6	910		7.102818000
6	0		7.289229000
6	0		7.476578000
6	32		7.476621000
6	0		7.477125000
6	197		7.646014000
6	0		7.663582000
6	0		7.663603000
6	74		7.663607000
6	0		7.663625000
6	0		7.663636000
6	0		7.663922000
6	0		7.663954000
6	0		7.664046000
6	918		7.664324000
6	0		7.849939000
6	31		7.849964000
6	0		7.850461000
6	0		7.965537000
6	0		7.966941000
6	0		8.037267000
6	39		8.037289000
6	0		8.037782000
6	0		8.223814000
6	31		8.223841000
6	1418		8.224321000
6	971		8.245519000
6	0		8.274633000
6	0		8.411053000
6	0		8.598517000
17		1358	8.598552000
17		1358	8.600804000
17		1358	8.607469000
17		1358	8.607506000
17		1358	8.607509000
17		378	8.607513000
6	331		8.784975000
6	0		8.785019000
6	0		8.785034000
6	0		8.785039000
6	0		8.785253000
6	0		8.785270000
6	0		8.785423000
6	333		8.785831000
6	1418		8.795413000
6	1418		8.837935000
6	1418		8.880395000
17		1358	8.900835000
6	1418		8.922878000
6	1418		8.965392000
17		1358	8.972338000
6	0		8.972369000
17		1358	8.972870000
6	1418		9.007879000
6	1418		9.050384000
6	1418		9.092830000
6	1418		9.135374000
6	0		9.159453000
6	74		9.159481000
6	0		9.159978000
6	1418		9.177822000
6	1418		9.220321000
6	0		9.345673000
17		1358	9.345704000
6	1418		9.346158000
17		1358	9.346233000
6	1418		9.367350000
6	0		9.513814000
6	0		9.513867000
6	0		9.533481000
6	1418		9.533967000
6	0		9.552846000
6	12		9.553080000
6	1418		9.555209000
6	0		9.591969000
6	12		9.592010000
6	0		9.592021000
6	1		9.592154000
6	4		9.592167000
6	32		9.592175000
6	0		9.592187000
6	0		9.631042000
6	0		9.631079000
6	0		9.631168000
6	0		9.631182000
6	0		9.719862000
17		1358	9.946921000
6	0		10.094188000
6	74		10.281540000
6	0		10.282041000
6	0		10.468049000
6	0		10.655489000
6	0		10.655514000
17		1358	10.655524000
6	0		10.655812000
17		1358	10.656045000
6	0		10.823018000
6	0		10.841837000
6	0		10.842101000
6	0		11.029616000
6	910		11.119090000
6	0		11.216493000
6	74		11.216519000
6	0		11.217010000
6	0		11.590505000
6	0		11.590555000
6	0		11.777487000
6	0		11.777513000
6	0		11.777521000
6	517		11.777528000
6	517		11.777534000
6	0		11.777543000
6	0		11.777825000
6	0		11.777853000
6	2836		11.785140000
6	2836		11.785234000
6	1823		11.785286000
6	1418		11.785307000
6	1418		11.785327000
6	1418		11.785339000
6	3241		11.785419000
17		1358	11.856148000
6	331		11.964035000
6	0		11.964081000
6	0		11.964091000
6	0		11.964097000
6	0		11.964540000
6	0		12.338216000
6	39		12.338254000
6	117		12.338269000
6	97		12.338281000
6	103		12.338290000
6	0		12.338727000
6	0		12.338758000
6	0		12.338762000
6	0		12.338764000
17		1358	12.525266000
17		49	12.712011000
17		49	12.899964000
6	0		13.086456000
6	0		13.086483000
17		168	13.086490000
6	0		13.086509000
6	0		13.086520000
6	0		13.087036000
6	0		13.087057000
17		630	13.087566000
6	0		13.102595000
6	0		13.102649000
17		34	13.112591000
17		101	13.140691000
6	0		13.273472000
6	0		13.321567000
6	22		13.327181000
6	0		13.327214000
6	41		13.327271000
6	0		13.388925000
6	0		13.390408000
6	0		13.460555000
6	0		13.546159000
6	1080		13.546200000
6	976		13.555243000
6	0		13.598234000
6	0		13.647009000
6	0		13.804176000
17		164	13.834315000
17		33	13.834960000
6	0		14.021402000
6	0		14.021424000
6	0		14.021430000
6	0		14.021900000
6	0		14.021912000
6	0		14.208420000
17		166	14.395582000
17		35	14.396132000
6	0		14.581908000
6	48		14.756177000
6	0		14.756237000
6	388		14.761707000
6	0		14.768868000
6	0		14.956091000
6	0		14.981127000
6	0		15.143354000
6	1418		15.143845000
6	0		15.330255000
6	1418		15.330766000
6	1418		15.351994000
6	0		15.517463000
6	1418		15.517949000
6	1418		15.539169000
6	0		15.703773000
6	1418		15.704258000
6	1418		15.725483000
17		168	15.890864000
17		37	15.891377000
6	0		16.028913000
6	0		16.054282000
6	0		16.078462000
6	0		16.078498000
6	0		16.078507000
6	0		16.078947000
6	0		16.078959000
6	1418		16.078987000
6	16		16.098024000
6	1418		16.100207000
6	0		16.138236000
6	0		16.264996000
6	1418		16.265477000
6	1418		16.286729000
6	0		16.451863000
6	1418		16.452367000
6	1418		16.473589000
6	0		16.639250000
17		170	16.639272000
17		39	16.639839000
6	0		16.826528000
6	0		16.826553000
17		172	16.826561000
17		41	16.827125000
6	0		17.199986000
6	0		17.387288000
6	0		17.574604000
6	0		17.632626000
6	0		17.632691000
6	0		17.671837000
6	12		17.672147000
6	0		17.711274000
6	12		17.711346000
6	0		17.711360000
6	1		17.711489000
6	4		17.711509000
6	32		17.711518000
6	0		17.711536000
6	0		17.750558000
6	0		17.750598000
6	0		17.750603000
6	0		17.750636000
6	0		17.750648000
6	0		17.750664000
6	0		17.760931000
6	0		17.947848000
6	0		17.947873000
6	64		17.947879000
6	92		17.947885000
6	608		17.948413000
6	31		17.948438000
6	0		18.134937000
6	0		18.322274000
6	0		18.509567000
6	52		18.561910000
6	0		18.561946000
6	52		18.562055000
6	0		18.695861000
6	0		18.780878000
6	84		18.787888000
6	0		18.830205000
6	0		18.883382000
6	0		18.883402000
6	64		18.883407000
6	608		18.884068000
6	0		19.069908000
6	0		19.069934000
17		174	19.069942000
6	517		19.069948000
6	517		19.069954000
6	0		19.070445000
17		43	19.070467000
6	0		19.070472000
6	2836		19.077531000
6	1502		19.077619000
6	2836		19.077839000
6	1502		19.077902000
6	0		19.257021000
6	0		19.257057000
17		41	19.257068000
17		41	19.257079000
6	0		19.444529000
6	1418		19.445078000
6	1418		19.466297000
6	1418		19.508746000
6	1418		19.551259000
6	1418		19.593719000
6	0		19.630887000
6	1418		19.636238000
6	1418		19.678706000
6	1418		19.721204000
6	1418		19.763684000
6	1418		19.806207000
6	0		19.818312000
6	1418		19.848680000
6	1418		19.891127000
6	1418		19.933758000
6	1418		19.976123000
6	0		20.005440000
6	1418		20.018634000
6	1418		20.061123000
6	1418		20.103613000
6	1418		20.146078000
6	1418		20.188584000
6	0		20.191770000
6	1418		20.231073000
6	1418		20.273543000
6	1418		20.316052000
6	1418		20.358525000
6	0		20.378859000
6	1418		20.401041000
6	1418		20.443580000
6	1418		20.485995000
6	1418		20.528472000
6	0		20.565867000
6	0		20.565893000
6	0		20.565902000
6	1418		20.570959000
6	1418		20.613434000
6	1418		20.655949000
6	0		20.753207000
6	1418		20.753700000
6	1418		20.774929000
6	52		20.852174000
6	0		20.940411000
6	1418		20.940891000
6	1418		20.962131000
6	52		21.071807000
6	0		21.071845000
6	0		21.071861000
6	0		21.072977000
6	0		21.127550000
6	1418		21.128006000
6	1418		21.149256000
6	0		21.291434000
6	0		21.313874000
6	1418		21.314313000
6	1418		21.335552000
6	0		21.501016000
6	1418		21.501525000
6	1418		21.522770000
6	0		21.688277000
6	1418		21.688746000
6	1418		21.709988000
6	372		21.875437000
6	31		21.875458000
6	0		21.875464000
6	0		21.875863000
6	536		21.876853000
6	1418		21.876871000
6	1418		21.997617000
6	0		22.061950000
6	1418		22.118344000
6	1418		22.239081000
6	0		22.249272000
6	1418		22.359788000
6	0		22.436123000
6	1418		22.480532000
6	1418		22.601273000
6	0		22.623507000
6	64		22.623533000
6	92		22.623540000
6	608		22.624321000
6	31		22.624377000
6	1418		22.721999000
6	0		22.809885000
6	1418		22.842718000
6	1418		22.963481000
6	0		22.996795000
6	0		22.996814000
6	1418		23.084222000
6	0		23.184634000
6	64		23.184653000
6	608		23.185356000
6	1418		23.204927000
6	1418		23.325660000
6	0		23.370968000
6	1418		23.371490000
6	1418		23.392733000
6	1418		23.446394000
6	0		23.557763000
6	1418		23.558231000
6	1418		23.567134000
6	1418		23.579476000
6	1418		23.687867000
6	0		23.745041000
6	1418		23.745512000
6	1418		23.766771000
6	1410		23.808589000
6	0		23.931930000
6	0		23.931951000
6	1418		23.932485000
6	1418		23.953777000
6	1418		23.996232000
6	1418		24.038720000
6	0		24.119447000
6	1418		24.119910000
6	1418		24.141143000
6	0		24.306500000
6	1418		24.306967000
6	1418		24.328208000
6	0		24.492940000
6	1418		24.493431000
6	1418		24.514696000
6	0		24.680378000
6	1418		24.680830000
6	1418		24.702086000
6	0		25.053782000
6	1418		25.054283000
6	1418		25.075528000
6	1418		25.118046000
6	1418		25.160520000
6	0		25.428176000
6	1418		25.428647000
6	1418		25.449889000
6	1418		25.492371000
6	1418		25.534877000
6	0		25.751572000
6	0		25.751627000
6	0		25.790345000
6	12		25.790618000
6	0		25.802470000
6	1418		25.802948000
6	1418		25.824222000
6	0		25.829376000
6	12		25.829433000
6	0		25.829444000
6	1		25.829615000
6	4		25.829640000
6	32		25.829649000
6	0		25.829659000
6	1418		25.866681000
6	0		25.868357000
6	0		25.868383000
6	0		25.868388000
6	0		25.868486000
6	0		25.868499000
6	1418		25.909170000
6	0		26.176758000
6	1418		26.177226000
6	1418		26.198483000
6	0		26.550143000
6	1418		26.550624000
6	1418		26.571891000
6	0		26.924535000
6	1418		26.924988000
6	1418		26.946231000
6	0		27.297849000
6	1418		27.298308000
6	1418		27.319545000
6	0		27.672181000
6	1418		27.672630000
6	1418		27.693875000
6	0		28.046511000
6	1418		28.047025000
6	1418		28.068245000
6	0		28.419948000
6	0		28.794511000
6	0		29.168267000
6	0		29.541839000
6	0		29.916448000
6	0		30.290034000
6	31		30.477310000
6	0		30.477592000
6	0		30.579066000
6	0		30.579132000
6	0		30.664691000
6	0		30.767237000
6	41		30.774386000
6	0		30.851248000
6	0		30.962519000
6	21		30.972524000
6	0		30.972560000
6	1080		30.973498000
6	0		31.038525000
6	0		31.151360000
6	0		31.151414000
6	440		31.163650000
6	0		31.206247000
6	0		31.224924000
6	0		31.224951000
6	0		31.294377000
6	41		31.299834000
6	48		31.394323000
6	0		31.394358000
6	280		31.398425000
6	0		31.412163000
6	0		31.443401000
6	21		31.444391000
6	0		31.444414000
6	1080		31.445552000
6	440		31.589916000
6	16		31.595222000
6	0		31.599474000
6	0		31.630212000
6	0		31.638210000
6	48		31.773906000
6	0		31.773942000
6	280		31.778048000
6	0		31.786472000
6	52		31.826309000
6	0		31.826343000
6	52		31.826424000
6	16		31.923909000
6	0		31.966219000
6	0		31.973121000
6	84		32.027938000
6	0		32.070223000
6	52		32.109920000
6	0		32.109962000
6	52		32.110045000
6	533		32.160424000
6	31		32.160449000
6	0		32.160457000
6	0		32.160947000
6	648		32.161456000
6	1418		32.161509000
6	1418		32.161517000
6	1418		32.161546000
6	100		32.256392000
6	1418		32.297887000
6	0		32.298231000
6	0		32.347371000
6	1418		32.434247000
6	0		32.534669000
6	1418		32.570665000
6	0		32.721412000
6	0		33.095418000
6	0		33.095443000
6	0		33.469747000
6	0		33.843315000
6	0		33.870378000
6	0		33.870434000
6	0		33.910318000
6	12		33.910535000
6	0		33.950377000
6	12		33.950421000
6	0		33.950443000
6	1		33.950732000
6	4		33.950758000
6	32		33.950766000
6	0		33.950777000
6	0		33.990500000
6	0		33.990545000
6	0		33.990549000
6	0		33.990681000
6	0		33.990694000
6	0		34.216938000
6	68		34.238477000
6	52		34.382457000
6	0		34.382500000
6	0		34.382522000
6	0		34.383686000
6	0		34.404216000
6	0		34.477444000
6	0		34.477487000
6	0		34.527948000
6	0		34.591477000
6	68		34.872918000
6	0		34.965079000
6	52		35.063202000
6	0		35.063246000
6	0		35.063270000
6	0		35.064461000
6	0		35.152866000
6	0		35.152889000
6	0		35.252590000
6	0		35.339569000
6	39		35.339595000
6	0		35.339888000
17		1358	35.526287000
6	0		35.526312000
17		1358	35.526319000
17		1358	35.528134000
17		1358	35.528169000
17		1358	35.534941000
17		1358	35.535001000
17		1358	35.535008000
17		313	35.535013000
6	191		35.713430000
6	0		35.713452000
6	0		35.713730000
6	257		35.714897000
6	1418		35.735635000
17		1358	35.828061000
6	1418		35.856377000
6	0		35.899697000
6	1418		35.977064000
6	0		36.087201000
17		1358	36.087228000
17		1358	36.087763000
6	1418		36.097830000
6	1418		36.218548000
6	0		36.273885000
6	1418		36.339287000
6	1418		36.460003000
6	0		36.461180000
6	1418		36.580743000
6	0		36.648480000
6	0		36.648501000
6	39		36.648505000
6	0		36.649047000
17		1358	36.688394000
6	1418		36.701500000
6	1418		36.822199000
6	0		36.835482000
6	1418		36.942923000
6	0		37.021863000
6	1418		37.063665000
6	1418		37.184394000
6	0		37.208714000
6	1418		37.209201000
6	1418		37.305144000
6	0		37.395847000
17		1358	37.395875000
17		1358	37.396298000
6	1418		37.396332000
6	1418		37.425863000
6	1418		37.546592000
6	0		37.582962000
6	1418		37.583469000
6	1019		37.667342000
6	0		37.770287000
6	1418		37.770744000
6	0		37.956920000
6	1418		37.957411000
6	0		38.143841000
6	1418		38.144323000
6	0		38.331149000
6	1418		38.331649000
6	0		38.518031000
6	1418		38.518527000
17		1358	38.596342000
6	0		38.704767000
6	1418		38.705241000
6	0		38.892098000
6	1418		38.892643000
6	0		39.078914000
6	1418		39.079381000
6	0		39.266378000
17		1358	39.266411000
6	1418		39.266896000
6	0		39.453017000
6	1418		39.453485000
6	0		39.639911000
6	1418		39.640386000
6	0		39.827208000
6	1418		39.827677000
6	0		40.014557000
6	1418		40.015075000
6	0		40.200867000
6	1418		40.201348000
6	0		40.388777000
6	1418		40.389231000
6	0		40.575545000
6	1418		40.576028000
6	0		40.762435000
6	1418		40.762907000
6	0		40.949361000
6	1418		40.949837000
6	0		41.323561000
6	1418		41.324058000
6	1418		41.345276000
6	0		41.697023000
6	1418		41.697496000
6	1418		41.718731000
6	0		41.991191000
6	0		41.991253000
6	0		42.030482000
6	12		42.030741000
6	0		42.069778000
6	12		42.069813000
6	0		42.069826000
6	1		42.070026000
6	4		42.070046000
6	32		42.070057000
6	0		42.070069000
6	0		42.071447000
6	0		42.109031000
6	0		42.109065000
6	0		42.109128000
6	0		42.109196000
6	0		42.109210000
6	0		42.258542000
6	0		42.258572000
6	0		42.258582000
6	1418		42.259065000
6	1418		42.259093000
6	1418		42.327277000
6	0		42.444917000
6	1418		42.463626000
6	0		42.631895000
6	1418		42.632412000
6	0		42.819260000
6	1418		42.819776000
6	0		43.006089000
6	36		43.006589000
1,17		1358	43.193004000
1,17		1358	43.380323000
1,17		1358	43.567599000
1,17		1358	43.753870000
6	0		43.863545000
6	0		43.863607000
1,17		1358	43.941171000
1,17		313	43.941201000
6	0		44.125704000
6	0		44.128493000
1,17		1358	44.314812000
6	0		44.689390000
6	0		45.063027000
6	39		45.063049000
6	0		45.063522000
6	0		45.249987000
6	0		45.437308000
6	0		45.624633000
6	0		45.810930000
1,17		1358	45.998252000
6	0		46.185567000
6	0		46.257960000
6	0		46.258004000
6	0		46.371867000
6	0		46.559178000
6	0		46.746643000
6	0		46.932924000
6	0		47.307491000
1,17		1358	47.494374000
6	0		47.494400000
6	1418		47.494878000
6	1418		47.516127000
6	1418		47.558610000
6	1418		47.601108000
6	1418		47.643598000
6	1418		47.686063000
6	1418		47.728559000
6	1418		47.771074000
6	1418		47.813557000
6	1418		47.856039000
6	0		47.868186000
6	1418		47.898529000
6	1418		47.940998000
6	1418		47.983499000
6	1418		48.025972000
6	0		48.055393000
6	0		48.055415000
6	1418		48.068454000
6	1418		48.110942000
6	1418		48.153422000
6	1418		48.195944000
6	1418		48.238422000
6	1418		48.280898000
6	1418		48.323408000
6	1418		48.365887000
6	1418		48.408380000
6	0		48.428712000
6	39		48.428734000
6	194		48.428739000
6	0		48.429475000
6	282		48.430258000
6	1418		48.450857000
6	1418		48.453049000
6	1418		48.493361000
6	1418		48.535845000
6	1418		48.573789000
6	1418		48.578337000
6	0		48.616049000
6	1418		48.620821000
6	1418		48.663305000
6	1418		48.694511000
6	1418		48.705803000
6	1418		48.748285000
6	1418		48.790756000
6	0		48.803388000
6	0		48.803409000
6	0		48.803696000
6	1418		48.815295000
6	1418		48.833272000
6	1418		48.875734000
6	1418		48.918237000
6	1418		48.936008000
6	1418		48.960725000
6	1418		49.003199000
6	1418		49.045692000
6	1418		49.056727000
6	1418		49.088176000
6	1418		49.130662000
6	1418		49.173144000
6	0		49.177364000
6	1418		49.177453000
6	1418		49.215630000
6	1418		49.258124000
6	1418		49.298207000
6	1418		49.300606000
6	1418		49.343107000
1,17		1358	49.364684000
6	1418		49.385586000
6	1418		49.418931000
6	1418		49.428082000
6	1418		49.539676000
6	1418		49.660379000
6	0		49.738397000
6	1418		49.738855000
6	1418		49.760088000
6	1418		49.781141000
6	1418		49.802579000
6	1418		49.845081000
6	1418		49.901899000
6	1418		50.022607000
6	0		50.110862000
6	0		50.110920000
6	0		50.112467000
6	1418		50.112937000
6	1418		50.134168000
6	1418		50.143342000
6	0		50.150379000
6	12		50.150651000
6	1418		50.176664000
6	0		50.189986000
6	12		50.190029000
6	0		50.190044000
6	1		50.190314000
6	4		50.190339000
6	32		50.190351000
6	0		50.190365000
6	1418		50.219160000
6	0		50.229566000
6	0		50.229600000
6	0		50.229645000
6	0		50.229658000
6	1418		50.264076000
6	1418		50.384798000
6	0		50.486693000
6	1418		50.487202000
6	1418		50.505513000
6	1418		50.508426000
6	1418		50.550915000
6	1418		50.593394000
6	1418		50.626226000
6	134		50.746981000
6	0		50.859775000
6	1418		50.860237000
6	1418		50.881478000
6	1418		50.923963000
6	1418		50.966455000
6	0		51.234198000
6	1418		51.234698000
6	1418		51.255912000
6	1418		51.298394000
6	1418		51.340873000
6	0		51.608480000
6	1418		51.608939000
6	1418		51.630197000
6	1418		51.672681000
6	1418		51.715161000
6	0		51.982806000
6	1418		51.983257000
6	1418		52.004504000
6	1418		52.047027000
6	1418		52.089495000
6	0		52.356234000
6	1418		52.356674000
6	1418		52.377943000
6	1418		52.420433000
6	1418		52.462941000
6	0		52.730651000
6	0		52.917408000
6	0		52.917437000
6	0		52.917744000
6	0		53.104428000
6	0		53.291416000
6	0		53.665701000
6	0		53.665729000
6	39		53.665737000
6	0		53.670951000
6	0		54.039686000
6	0		54.413253000
6	0		54.786803000
6	0		55.161413000
6	0		55.535032000
6	0		55.909593000
6	0		56.283221000
6	0		56.656788000
6	0		57.031422000
6	0		57.031447000
6	0		57.031962000
6	0		57.405738000
6	0		57.519893000
6	0		57.519944000
6	0		57.779309000
6	0		57.966542000
6	0		58.152856000
6	0		58.230635000
6	0		58.230701000
6	0		58.269775000
6	12		58.270046000
6	0		58.309150000
6	12		58.309185000
6	0		58.309198000
6	1		58.309450000
6	4		58.309477000
6	32		58.309485000
6	0		58.309494000
6	0		58.340181000
6	0		58.348623000
6	0		58.348664000
6	0		58.348670000
6	0		58.348770000
6	0		58.348787000
6	0		58.714618000
6	0		58.900933000
6	0		59.275544000
6	0		59.649167000
6	0		59.742403000
6	0		59.927788000
6	0		60.020909000
6	0		60.207482000
6	0		60.392854000
6	0		60.486035000
6	0		60.579237000
6	0		60.672451000
6	0		60.857881000
6	0		61.044419000
6	0		61.044458000
6	0		61.229683000
6	0		61.322875000
6	0		61.344888000
6	0		61.344957000
6	0		61.509344000
6	0		61.567018000
6	41		61.572505000
6	0		61.602479000
6	0		61.602968000
6	0		61.694699000
6	0		61.788471000
6	0		61.794275000
6	21		61.799239000
6	0		61.799278000
6	1080		61.800338000
6	0		61.881478000
6	0		61.881504000
6	0		61.881521000
6	0		61.881957000
6	0		61.881988000
6	0		61.973750000
6	440		62.029182000
6	0		62.070204000
6	0		62.160580000
6	0		62.252769000
6	48		62.292042000
6	0		62.292086000
6	280		62.296393000
6	0		62.439186000
6	16		62.523122000
6	0		62.532427000
6	0		62.566233000
6	0		62.625456000
6	52		62.788226000
6	0		62.788264000
6	52		62.788390000
6	0		62.811097000
6	0		62.997419000
6	84		63.011589000
6	0		63.054242000
6	0		63.090545000
6	0		63.275883000
6	0		63.555399000
6	0		63.740829000
6	0		63.740850000
6	0		63.834419000
6	39		63.834442000
6	192		63.834448000
6	0		63.834814000
6	278		63.835974000
6	1418		63.858487000
6	1418		63.979232000
6	0		64.019965000
6	1418		64.099951000
6	0		64.206413000
6	1418		64.206859000
6	1418		64.220698000
6	1418		64.228110000
6	1418		64.270612000
6	1418		64.313074000
6	1418		64.341420000
6	0		64.392126000
6	1418		64.392610000
6	1418		64.413901000
6	68		64.447213000
6	1418		64.456371000
6	1418		64.462165000
6	1418		64.498827000
6	0		64.578637000
6	1418		64.579170000
6	1418		64.584625000
6	1418		64.600431000
6	1418		64.642910000
6	52		64.671871000
6	0		64.671904000
6	0		64.671922000
6	0		64.673466000
6	1418		64.685402000
6	1418		64.703620000
6	0		64.764444000
6	1418		64.764957000
6	1418		64.786190000
6	1418		64.824317000
6	1418		64.828674000
6	1418		64.871169000
6	0		64.895106000
6	1418		64.945078000
6	0		64.950119000
6	1418		64.950574000
6	1418		64.971829000
6	1418		65.014312000
6	1418		65.056798000
6	1418		65.065819000
6	0		65.135937000
6	1418		65.136400000
6	1418		65.157637000
6	1418		65.186564000
6	1418		65.200146000
6	1418		65.242612000
6	1418		65.307280000
6	0		65.322592000
6	1418		65.323057000
6	1418		65.344297000
6	1418		65.386777000
6	1418		65.427993000
6	1418		65.429250000
6	0		65.508432000
6	1418		65.508908000
6	1418		65.530134000
6	1418		65.548742000
6	1418		65.572607000
6	0		65.600818000
6	1418		65.615103000
6	1418		65.657617000
6	1418		65.669490000
6	0		65.693926000
6	0		65.693948000
6	0		65.694579000
6	0		65.694814000
6	0		65.787024000
6	0		65.787057000
6	0		65.787066000
6	0		65.787526000
6	0		65.787561000
6	1386		65.790191000
6	0		65.880380000
6	0		65.973430000
6	0		66.000904000
6	0		66.002389000
6	0		66.090690000
6	0		66.093429000
6	0		66.159417000
6	0		66.159440000
6	1418		66.159889000
6	1418		66.181164000
6	1418		66.223607000
6	1418		66.266114000
6	1418		66.308573000
6	0		66.344880000
6	0		66.349096000
6	0		66.349147000
6	1418		66.351087000
6	0		66.388083000
6	12		66.388333000
6	1418		66.393605000
6	0		66.427256000
6	12		66.427290000
6	0		66.427302000
6	1		66.427491000
6	4		66.427513000
6	32		66.427524000
6	0		66.427539000
6	1418		66.436063000
6	0		66.438062000
6	0		66.466359000
6	0		66.466393000
6	0		66.466397000
6	0		66.466445000
6	0		66.466456000
6	0		66.466530000
6	1418		66.478566000
6	1418		66.521047000
6	1418		66.563560000
6	1418		66.606008000
6	0		66.624285000
6	0		66.624308000
6	1418		66.648510000
6	1418		66.690983000
6	0		66.717322000
6	0		66.717344000
6	0		66.717350000
6	0		66.717357000
6	0		66.717601000
6	0		66.717858000
6	0		66.717938000
6	1418		66.733492000
6	1418		66.775966000
6	0		66.810419000
6	0		66.810444000
6	0		66.810451000
6	0		66.810877000
6	0		66.810976000
6	1418		66.818440000
6	1418		66.860962000
6	1418		66.903421000
6	1418		66.945948000
6	1418		66.988408000
6	0		66.995772000
6	1418		67.030917000
6	1418		67.073376000
6	0		67.089007000
6	1418		67.115913000
6	1418		67.158424000
6	0		67.181699000
6	1418		67.200851000
6	1418		67.243326000
6	0		67.274898000
6	1418		67.285829000
6	1418		67.328351000
6	0		67.367766000
6	1418		67.370793000
6	1418		67.413302000
6	1418		67.455797000
6	0		67.460862000
6	1418		67.498282000
6	1418		67.540765000
6	1418		67.583264000
6	1418		67.625726000
6	0		67.647036000
6	1418		67.668225000
6	1418		67.710750000
6	0		67.740033000
6	1418		67.753195000
6	1418		67.795690000
6	0		67.833018000
6	1418		67.838202000
6	1418		67.880677000
6	1418		67.923151000
6	0		67.926225000
6	1418		67.965631000
6	1418		68.008144000
6	0		68.019588000
6	1418		68.050652000
6	1418		68.093099000
6	1418		68.135600000
6	1418		68.178076000
6	0		68.205470000
6	1418		68.220578000
6	1418		68.263082000
6	0		68.297698000
6	1418		68.305564000
6	1418		68.348067000
6	1418		68.390532000
6	0		68.390658000
6	1418		68.433067000
6	1418		68.475492000
6	0		68.483786000
6	1418		68.518020000
6	1418		68.560469000
6	0		68.576811000
6	1418		68.602997000
6	1418		68.645435000
6	0		68.669705000
6	0		68.669739000
6	0		68.669768000
6	0		68.670241000
6	0		68.670293000
6	1418		68.687963000
6	1418		68.730431000
6	0		68.762955000
6	1418		68.772921000
6	1418		68.815713000
6	0		68.829467000
6	0		68.834753000
6	0		68.856070000
6	0		68.856091000
6	0		68.856562000
6	0		68.856596000
6	1418		68.857866000
6	1418		68.900433000
6	1418		68.942873000
6	0		68.949218000
6	1418		68.985383000
6	1418		69.027857000
6	0		69.042190000
6	0		69.042213000
6	1418		69.070360000
6	1418		69.112831000
6	0		69.135232000
6	1418		69.155332000
6	1418		69.197843000
6	0		69.228215000
6	1418		69.240301000
6	0		69.321461000
6	1418		69.321944000
6	0		69.507504000
6	1418		69.507987000
6	0		69.599719000
6	1418		69.600189000
6	0		69.693743000
6	1418		69.694223000
6	37		69.732574000
6	0		69.785960000
6	0		69.879691000
6	1418		69.880215000
6	0		69.971912000
6	1418		69.972447000
6	0		70.064845000
6	1418		70.065306000
6	0		70.158610000
6	0		70.158631000
6	0		70.158638000
6	0		70.158643000
6	517		70.158657000
6	517		70.158663000
6	0		70.159120000
6	0		70.159206000
6	2836		70.166252000
6	1846		70.166288000
6	2836		70.166295000
6	1418		70.166331000
6	85		70.166350000
6	517		70.250784000
6	517		70.250810000
6	0		70.250818000
6	0		70.250823000
6	0		70.250828000
6	39		70.250832000
6	0		70.251267000
6	0		70.251663000
6	0		70.255529000
6	2836		70.258475000
6	1503		70.258558000
6	1418		70.258634000
6	1418		70.258672000
6	1844		70.258683000
6	192		70.343952000
6	0		70.343983000
6	0		70.343990000
6	0		70.344614000
6	283		70.346478000
6	1418		70.368719000
6	0		70.437097000
6	1418		70.437549000
6	1418		70.489464000
6	0		70.529779000
6	0		70.529798000
6	1418		70.530268000
6	1418		70.551513000
6	1418		70.610176000
6	0		70.622995000
6	1418		70.623442000
6	0		70.715768000
6	1418		70.716224000
6	1418		70.730887000
6	0		70.808967000
6	1418		70.809468000
6	1418		70.851635000
6	0		70.902014000
6	1418		70.902547000
6	1418		70.972377000
6	0		70.995260000
6	1418		70.995716000
6	0		71.087783000
6	1418		71.088242000
6	1418		71.093110000
6	0		71.181095000
6	1418		71.213835000
6	0		71.274114000
6	1418		71.334578000
6	0		71.366831000
6	1418		71.455351000
6	0		71.460007000
6	0		71.552807000
6	0		71.552842000
6	0		71.552848000
6	1418		71.576066000
6	0		71.646036000
6	1418		71.696794000
6	0		71.739173000
6	0		71.739194000
6	0		71.739199000
6	1418		71.817515000
6	0		71.831854000
6	0		71.925039000
6	1418		71.938221000
6	0		72.018298000
6	1418		72.058947000
6	0		72.110672000
6	856		72.179699000
6	0		72.204063000
6	0		72.297274000
6	0		72.390615000
6	0		72.482850000
6	0		72.576011000
6	0		72.669401000
6	0		72.762642000
6	0		72.854859000
6	0		72.948075000
6	0		73.041298000
6	0		73.134532000
6	0		73.226719000
6	0		73.319936000
6	0		73.413159000
6	0		73.506310000
6	0		73.599512000
6	0		73.691722000
6	0		73.784893000
6	0		73.878119000
6	0		73.971332000
6	0		74.064485000
6	0		74.157395000
6	0		74.343237000
6	0		74.467862000
6	0		74.467920000
6	0		74.507488000
6	12		74.507692000
6	0		74.529582000
6	0		74.547209000
6	12		74.547271000
6	0		74.547287000
6	1		74.547442000
6	4		74.547456000
6	32		74.547463000
6	0		74.547475000
6	0		74.587157000
6	0		74.587194000
6	0		74.587198000
6	0		74.587202000
6	0		74.587213000
6	0		74.714944000
6	0		74.901306000
6	0		75.087653000
6	0		75.273025000
6	0		75.459433000
6	0		75.644832000
6	0		75.831266000
6	0		75.831305000
6	0		75.831320000
6	0		76.017642000
6	0		76.203087000
6	0		76.203109000
6	0		76.203115000
6	0		76.389454000
6	0		76.574853000
6	0		76.761268000
6	0		76.947747000
6	1418		76.948238000
6	1418		76.969481000
6	0		77.132996000
6	1418		77.133497000
6	1418		77.154702000
6	1418		77.197202000
6	1418		77.239700000
6	0		77.319135000
6	1418		77.319629000
6	1418		77.340850000
6	1418		77.383365000
6	0		77.412311000
6	1418		77.425829000
6	1418		77.468310000
6	1418		77.510812000
6	1418		77.553311000
6	1418		77.595817000
6	0		77.597865000
6	1418		77.638297000
6	1418		77.680781000
6	1418		77.723268000
6	1418		77.765748000
6	0		77.784109000
6	0		77.784134000
6	1418		77.808233000
6	1418		77.850727000
6	0		77.877030000
6	0		77.970260000
6	0		77.970296000
6	0		77.970771000
6	0		78.063298000
6	64		78.063323000
6	92		78.063330000
6	608		78.064326000
6	31		78.064429000
6	0		78.156683000
6	0		78.248934000
6	0		78.342103000
6	0		78.342124000
6	64		78.342129000
6	92		78.342137000
6	608		78.342883000
6	31		78.342915000
6	0		78.435247000
6	0		78.528450000
6	0		78.621153000
6	0		78.621177000
6	64		78.621185000
6	608		78.621979000
6	0		78.713821000
6	0		78.807445000
6	0		78.899944000
6	0		78.899965000
6	64		78.899970000
6	608		78.900918000
6	0		78.993198000
6	0		79.271880000
6	1418		79.272389000
6	1418		79.293631000
6	1418		79.336101000
6	0		79.365452000
6	1418		79.378591000
6	0		79.457922000
6	0		79.551129000
6	1418		79.551607000
6	1418		79.572857000
6	1418		79.615330000
6	1418		79.657813000
6	0		79.737130000
6	0		79.830330000
6	1418		79.830798000
6	1418		79.852038000
6	1418		79.894542000
6	1418		79.937081000
6	0		80.016357000
6	0		80.201837000
6	1418		80.202324000
6	1418		80.223559000
6	1418		80.266049000
6	1418		80.308552000
6	0		80.388403000
6	0		80.574426000
6	0		80.574450000
6	1418		80.574896000
6	1418		80.596155000
6	0		80.760626000
6	0		80.946056000
6	0		81.132485000
6	0		81.225452000
6	39		81.225475000
6	0		81.225480000
6	0		81.225488000
6	0		81.225492000
6	0		81.225497000
6	0		81.225501000
6	0		81.225801000
6	0		81.225824000
6	0		81.225943000
6	0		81.225951000
6	0		81.226031000
6	0		81.230554000
6	0		81.411062000
6	1418		81.411545000
6	1418		81.427914000
6	1418		81.460722000
6	1418		81.493520000
6	1418		81.526331000
6	1418		81.559164000
6	1418		81.591925000
6	0		81.597029000
6	1418		81.624697000
6	1418		81.657507000
6	1418		81.690288000
6	0		81.690413000
6	1418		81.723088000
6	1418		81.755883000
6	1418		81.788687000
6	1418		81.821503000
6	1418		81.854303000
6	0		81.876340000
6	1418		81.887090000
6	1418		81.919883000
6	1418		81.952666000
6	1418		81.985456000
6	1418		82.018277000
6	1418		82.051080000
6	0		82.062130000
6	1418		82.083903000
6	1418		82.116648000
6	1418		82.149462000
6	1418		82.182257000
6	1418		82.215069000
6	1418		82.247887000
6	0		82.247980000
6	1418		82.280658000
6	1418		82.313447000
6	0		82.340738000
6	0		82.341025000
6	1418		82.346214000
6	1418		82.379019000
6	1418		82.411830000
6	0		82.433973000
6	1418		82.444637000
6	1418		82.477423000
6	1418		82.510226000
6	1418		82.542997000
6	1418		82.575798000
6	1418		82.608614000
6	0		82.619733000
6	1418		82.641384000
6	1418		82.674245000
6	1418		82.706990000
6	1418		82.739803000
6	1418		82.772598000
6	1418		82.805372000
6	0		82.806383000
6	1418		82.838182000
6	1418		82.870982000
6	1418		82.903773000
6	1418		82.936574000
6	1418		82.969370000
6	0		82.992547000
6	0		82.992583000
6	0		82.992591000
6	0		82.993971000
6	0		82.994008000
6	1418		83.002228000
6	1418		83.034968000
6	1418		83.067782000
6	1418		83.085333000
6	0		83.091429000
6	1418		83.100560000
6	1418		83.133365000
6	1418		83.166174000
6	1418		83.178482000
6	0		83.178981000
6	1418		83.198960000
6	1418		83.231782000
6	1418		83.264537000
6	671		83.270705000
6	233		83.270736000
6	31		83.270747000
6	31		83.270753000
6	0		83.270761000
6	0		83.270767000
6	0		83.271198000
6	0		83.271228000
6	0		83.271241000
6	559		83.279988000
6	525		83.280034000
6	39		83.280075000
6	895		83.289318000
6	1418		83.289353000
6	2805		83.289357000
6	0		83.295926000
6	1418		83.297327000
6	0		83.299234000
6	0		83.328562000
6	1418		83.330116000
6	1418		83.362920000
6	0		83.364300000
6	1418		83.395741000
6	1418		83.428535000
6	56		83.429539000
6	39		83.435211000
6	1418		83.461323000
6	1418		83.494115000
6	1418		83.526916000
6	0		83.549677000
6	1418		83.559698000
6	1418		83.592507000
6	1418		83.625300000
6	1418		83.658108000
6	1418		83.690906000
6	1418		83.723707000
6	0		83.735692000
6	1418		83.756486000
6	1418		83.789275000
6	1418		83.822092000
6	1418		83.854894000
6	1418		83.887702000
6	1418		83.920469000
6	0		83.922403000
6	0		83.922426000
6	0		83.922433000
6	0		83.922439000
6	0		83.922749000
6	0		83.922882000
6	0		83.922915000
6	1418		83.953292000
6	1418		83.986097000
6	1418		84.018860000
6	1418		84.051662000
6	1418		84.084464000
6	0		84.108587000
6	1418		84.117249000
6	1418		84.150060000
6	1418		84.182851000
6	1418		84.215655000
6	1418		84.248440000
6	1418		84.281257000
6	0		84.294249000
6	1418		84.314040000
6	1418		84.346842000
6	1418		84.379633000
6	1418		84.412449000
6	1418		84.445228000
6	1418		84.478022000
6	0		84.480469000
6	1418		84.510819000
6	1418		84.543620000
6	1418		84.576419000
6	1418		84.609211000
6	1418		84.641996000
6	0		84.666149000
6	1418		84.674788000
6	1418		84.707587000
6	1418		84.740410000
6	1418		84.773260000
6	1418		84.806009000
6	1334		84.838776000
6	0		84.852340000
6	0		84.852363000
6	0		84.852372000
6	0		84.852379000
6	0		84.852385000
6	0		84.852393000
6	0		84.852411000
6	0		84.853614000
6	0		84.945333000
6	0		84.945870000
6	0		85.038508000
6	0		85.224579000
6	0		85.409993000
6	0		85.596409000
6	0		85.782383000
6	0		85.782406000
6	0		85.783274000
6	0		85.959945000
6	0		85.968348000
6	0		85.968370000
6	0		85.968377000
6	0		85.968382000
6	0		85.968887000
6	0		85.968910000
6	0		85.968914000
6	0		86.154298000
6	0		86.340681000
6	0		86.526047000
6	0		86.629241000
6	0		86.629290000
6	0		86.669118000
6	0		86.712428000
6	0		86.811043000
6	0		86.897846000
6	0		87.021829000
6	0		87.084606000
6	0		87.270548000
6	0		87.455976000
6	0		87.642356000
6	0		87.827784000
6	0		87.827805000
6	0		87.828328000
6	0		87.921014000
6	0		87.971171000
6	0		88.014507000
6	0		88.015073000
6	0		88.106710000
6	0		88.292721000
6	0		88.479153000
6	0		88.665561000
6	0		88.700664000
6	0		88.700713000
6	0		88.850931000
6	0		88.886003000
6	41		88.891459000
6	0		89.037307000
6	0		89.076453000
6	21		89.077158000
6	0		89.077185000
6	1080		89.078118000
6	0		89.223684000
6	440		89.266681000
6	0		89.310229000
6	0		89.315869000
6	0		89.315888000
6	517		89.315893000
6	517		89.315900000
6	0		89.316394000
6	0		89.316423000
6	2836		89.323576000
6	1845		89.323622000
6	2836		89.323772000
6	1845		89.323874000
6	0		89.409142000
6	48		89.495218000
6	0		89.495261000
6	280		89.499630000
6	0		89.595531000
6	16		89.694352000
6	0		89.742221000
6	0		89.780940000
6	0		89.883088000
6	52		89.927215000
6	0		89.927259000
6	52		89.927372000
6	0		89.967339000
6	0		90.029831000
6	84		90.115716000
6	0		90.153420000
6	0		90.158214000
6	0		90.246160000
6	39		90.246220000
6	0		90.251958000
6	0		90.339281000
6	0		90.432490000
6	0		90.524719000
6	0		90.589247000
6	0		90.589297000
6	0		90.618041000
6	0		90.618065000
6	0		90.628912000
6	12		90.629165000
6	0		90.668459000
6	12		90.668496000
6	0		90.668507000
6	1		90.668692000
6	4		90.668711000
6	32		90.668720000
6	0		90.668731000
6	0		90.708091000
6	0		90.708134000
6	0		90.708139000
6	0		90.708192000
6	0		90.708213000
6	0		90.711172000
6	0		90.711208000
6	0		90.711484000
6	0		90.804394000
6	0		90.990208000
6	0		91.082977000
6	0		91.083002000
6	39		91.083009000
6	0		91.083027000
6	0		91.083546000
6	0		91.089422000
6	0		91.176613000
6	0		91.268979000
6	0		91.269506000
6	0		91.362163000
6	0		91.548246000
6	0		91.734546000
6	0		91.920060000
6	0		92.013122000
6	0		92.013603000
6	68		92.063114000
6	0		92.106396000
6	0		92.106416000
6	0		92.106425000
6	0		92.107008000
6	0		92.107045000
6	52		92.255143000
6	0		92.255187000
6	0		92.255219000
6	0		92.256397000
6	0		92.292144000
6	0		92.292403000
6	0		92.292422000
6	0		92.292843000
6	0		92.441307000
6	0		92.478263000
6	0		92.478291000
6	0		92.478297000
6	0		92.663797000
6	0		92.850202000
6	0		93.036583000
6	0		93.051877000
6	0		93.222438000
6	0		93.408045000
6	0		93.594480000
6	0		93.686705000
6	0		93.873056000
6	0		94.059440000
6	0		94.059473000
6	0		94.059991000
6	0		94.245577000
6	0		94.338415000
6	0		94.338930000
6	0		94.430861000
6	0		94.617096000
6	0		94.765450000
6	0		94.765486000
6	0		94.803446000
6	0		94.990614000
6	0		94.990638000
6	0		94.990643000
6	0		94.990650000
6	0		94.990656000
6	0		94.990664000
6	0		94.990670000
6	39		94.990676000
6	384		94.990681000
6	0		94.990686000
6	0		94.991197000
6	0		94.991222000
6	0		94.991237000
6	1420		94.997095000
6	1420		94.997123000
6	2840		94.997128000
6	2840		94.997163000
6	2840		94.997215000
6	2840		94.997275000
6	0		95.175274000
6	0		95.267686000
6	0		95.360796000
6	0		95.360816000
6	64		95.360820000
6	92		95.360827000
6	608		95.361611000
6	31		95.361646000
6	0		95.453939000
6	0		95.547207000
6	0		95.640029000
6	0		95.640053000
6	0		95.640060000
6	0		95.640065000
6	0		95.640071000
6	64		95.640075000
6	356		95.640080000
6	0		95.640665000
6	608		95.640897000
6	1420		95.647002000
6	4260		95.647071000
6	2840		95.647086000
6	2840		95.647122000
6	1420		95.647164000
6	1420		95.647180000
6	0		95.733339000
6	0		95.733364000
6	0		95.733369000
6	0		95.733376000
6	0		95.733390000
6	0		95.733397000
6	0		95.733403000
6	0		95.733704000
6	0		95.734040000
6	0		95.734105000
6	0		95.826113000
6	0		95.826148000
6	1420		95.826653000
6	0		95.826685000
6	0		95.918817000
6	1420		95.966442000
6	0		96.011745000
6	0		96.039219000
6	0		96.041010000
6	0		96.041688000
6	0		96.104964000
6	0		96.128234000
6	0		96.198216000
6	1420		96.246041000
6	0		96.290709000
6	0		96.384474000
6	1420		96.404680000
6	0		96.476707000
6	1420		96.563377000
6	0		96.570120000
6	1420		96.647242000
6	0		96.663394000
6	0		96.663426000
6	0		96.663435000
6	0		96.663699000
6	0		96.663710000
6	1420		96.716321000
17		1358	96.755795000
17		86	96.755822000
6	0		96.755836000
6	0		96.755842000
6	0		96.755847000
6	565		96.755853000
6	31		96.755859000
6	0		96.755863000
6	0		96.755869000
6	0		96.755873000
6	0		96.756352000
6	0		96.756375000
6	0		96.756448000
6	0		96.756483000
6	0		96.756576000
6	0		96.756583000
17		1358	96.764812000
17		630	96.764848000
6	1420		96.780846000
17		34	96.790112000
6	1420		96.841981000
6	0		96.849034000
6	0		96.849098000
6	0		96.849373000
6	1420		96.849517000
6	1420		96.900101000
6	1420		96.931148000
6	0		96.942427000
6	1420		96.958226000
6	0		96.966144000
6	0		96.967921000
6	1420		97.016354000
6	0		97.035644000
6	0		97.058078000
6	1420		97.074479000
6	1420		97.094187000
6	0		97.127840000
6	1420		97.132620000
6	0		97.155650000
6	1420		97.190731000
6	0		97.221025000
6	1420		97.248847000
6	1420		97.257271000
6	1420		97.306965000
6	0		97.314241000
6	328		97.324931000
6	1418		97.324982000
6	2836		97.324990000
6	1420		97.365122000
6	0		97.407469000
6	1420		97.420346000
6	1420		97.423219000
6	1418		97.451444000
6	1420		97.481362000
6	0		97.499688000
6	1418		97.577939000
6	1420		97.579011000
6	0		97.592766000
6	0		97.686478000
6	0		97.686500000
6	0		97.686505000
6	0		97.686512000
6	517		97.686516000
6	517		97.686520000
6	0		97.686787000
6	0		97.686843000
6	1420		97.687736000
6	2836		97.693651000
6	1852		97.693689000
6	1418		97.694040000
6	2836		97.694058000
6	433		97.694073000
6	1418		97.704405000
6	1420		97.775377000
6	517		97.779077000
6	0		97.779112000
6	0		97.779122000
6	0		97.779128000
6	0		97.779136000
6	0		97.779146000
6	517		97.779153000
6	0		97.779361000
6	0		97.779375000
6	0		97.779380000
6	0		97.779568000
6	1420		97.779579000
6	0		97.779689000
6	2836		97.786800000
6	1695		97.786851000
6	2836		97.787784000
6	1695		97.787824000
6	1418		97.830911000
6	1420		97.855794000
6	0		97.872110000
6	0		97.872134000
6	0		97.872140000
6	0		97.872145000
6	0		97.872151000
6	0		97.872157000
6	0		97.872439000
6	1420		97.872619000
6	1420		97.926508000
6	1418		97.957392000
6	0		97.964876000
6	1420		97.965397000
6	1420		97.997258000
6	0		98.058077000
6	1420		98.058579000
6	1420		98.067972000
6	1418		98.083864000
6	1420		98.138736000
6	0		98.150898000
6	1420		98.151379000
6	1420		98.209470000
6	1418		98.210336000
6	0		98.243715000
6	0		98.243739000
6	0		98.243745000
6	517		98.243750000
6	517		98.243755000
6	0		98.244032000
6	0		98.244050000
6	1420		98.244187000
6	2836		98.250874000
6	1845		98.250915000
6	2836		98.251279000
6	2836		98.251313000
6	1822		98.251358000
6	1420		98.280200000
6	1418		98.336834000
6	0		98.337038000
6	517		98.337055000
6	0		98.337062000
6	0		98.337316000
6	1420		98.337505000
6	2836		98.344896000
6	4254		98.344950000
6	405		98.344993000
6	1420		98.350887000
6	1420		98.421626000
6	0		98.430229000
6	0		98.430252000
6	0		98.430257000
6	0		98.430263000
6	1418		98.463326000
6	1420		98.492389000
17		87	98.523486000
17		41	98.523526000
17		101	98.524156000
6	1420		98.563088000
6	1418		98.589790000
17		1354	98.616133000
17		1358	98.616162000
17		37	98.617405000
17		33	98.617430000
6	1420		98.633823000
17		246	98.709183000
6	0		98.709344000
6	0		98.709385000
17		33	98.709859000
6	1418		98.716260000
6	0		98.748238000
6	12		98.748508000
6	0		98.787414000
6	12		98.787459000
6	0		98.787470000
6	1		98.787654000
6	4		98.787678000
6	32		98.787686000
6	0		98.787695000
17		1354	98.802384000
17		1358	98.802423000
17		37	98.803736000
6	0		98.826655000
6	0		98.826689000
6	0		98.826703000
6	0		98.826706000
6	0		98.826718000
17		34	98.828471000
6	1418		98.842762000
17		1204	98.895100000
6	0		98.895132000
6	0		98.895141000
6	1420		98.895680000
17		341	98.907075000
17		169	98.907195000
17		1354	98.922367000
17		1358	98.922403000
6	1418		98.969246000
17		1358	98.973416000
6	517		98.988314000
6	0		98.988342000
6	0		98.988349000
6	0		98.988353000
6	0		98.988590000
6	1420		98.988800000
6	1420		98.988838000
6	2836		98.995639000
6	1845		98.995697000
6	1420		99.024159000
17		1358	99.024678000
17		1358	99.075193000
6	0		99.080858000
6	0		99.080882000
6	0		99.080889000
6	1420		99.081379000
6	1418		99.095726000
6	1420		99.110458000
17		1358	99.125901000
6	0		99.174239000
17		1358	99.176631000
6	1418		99.222207000
17		1358	99.227464000
6	0		99.266726000
6	1420		99.267260000
17		1358	99.278573000
6	1420		99.296318000
17		1358	99.330126000
6	1418		99.348688000
6	0		99.359996000
6	1420		99.360480000
17		1358	99.380912000
17		1358	99.430823000
6	0		99.453117000
17		1358	99.481818000
17		1358	99.532612000
6	0		99.546234000
6	1420		99.546795000
6	1420		99.575846000
17		1358	99.584494000
17		1358	99.634771000
17		1358	99.685350000
6	0		99.732211000
6	1420		99.732713000
17		1358	99.736086000
17		1358	99.787028000
6	0		99.825313000
6	0		99.825345000
6	1418		99.825868000
6	1420		99.825889000
17		356	99.837588000
6	1420		99.854903000
6	1418		99.889120000
6	0		99.918436000
6	0		100.011671000
6	1418		100.015611000
6	0		100.103903000
6	1418		100.142062000
6	1418		100.268586000
6	0		100.289878000
6	1420		100.290407000
6	0		100.382881000
6	1420		100.383431000
6	1418		100.395068000
6	1420		100.412469000
6	0		100.476057000
6	1418		100.521527000
6	1418		100.648025000
6	0		100.661985000
6	0		100.754972000
6	1420		100.755509000
6	1418		100.774469000
6	0		100.847790000
6	0		100.847810000
6	1420		100.848285000
6	1418		100.900968000
6	0		100.940985000
6	1418		101.027459000
6	0		101.033748000
6	0		101.126954000
6	0		101.126978000
6	74		101.126983000
6	934		101.127569000
6	1418		101.153943000
6	0		101.220160000
6	0		101.313460000
6	0		101.405655000
6	404		101.416201000
6	427		101.469602000
6	0		101.498733000
6	74		101.498762000
6	934		101.499278000
6	405		101.514743000
6	0		101.592063000
6	1418		101.592609000
6	1418		101.655857000
6	0		101.685393000
6	0		101.685417000
6	0		101.685425000
6	0		101.685433000
6	1420		101.685903000
6	277		101.705966000
6	277		101.711537000
17		1358	101.777859000
17		35	101.778556000
6	517		101.871087000
6	517		101.871116000
6	0		101.871369000
6	0		101.871434000
6	517		101.963988000
6	0		101.964019000
6	0		101.964028000
6	0		101.964257000
6	0		102.056995000
6	0		102.057024000
6	64		102.057032000
6	92		102.057039000
6	499		102.057045000
6	0		102.057486000
6	608		102.057771000
6	581		102.058278000
6	60		102.058294000
6	39		102.058360000
6	0		102.150085000
6	0		102.242802000
6	0		102.242824000
6	0		102.336001000
6	0		102.336022000
6	64		102.336026000
6	608		102.337273000
6	0		102.429234000
17		101	102.477675000
6	0		102.521670000
6	0		102.615439000
6	517		102.615464000
6	0		102.615472000
6	0		102.615770000
6	0		102.801349000
6	0		102.894508000
6	0		102.986826000
6	0		103.079987000
6	427		103.099295000
6	0		103.265766000
6	0		103.358934000
6	0		103.452128000
6	0		103.731372000
6	0		103.731398000
6	0		103.824023000
6	0		103.917231000
6	0		103.917252000
6	0		104.009797000
6	0		104.009824000
6	64		104.009832000
6	92		104.009838000
6	388		104.009844000
6	0		104.010140000
6	0		104.010153000
6	0		104.010156000
6	608		104.010495000
6	31		104.012038000
6	476		104.019971000
6	70		104.020020000
6	0		104.103278000
6	0		104.196464000
6	0		104.208398000
6	0		104.208456000
6	0		104.288644000
6	0		104.381881000
6	0		104.475280000
6	0		104.475306000
6	64		104.475315000
6	92		104.475321000
6	603		104.475327000
6	0		104.475593000
6	0		104.475605000
6	0		104.475609000
6	608		104.475888000
6	31		104.476174000
6	413		104.476711000
6	1418		104.505862000
6	931		104.607606000
6	39		104.674483000
6	0		104.753806000
6	0		104.846994000
6	0		104.940349000
6	0		104.940372000
6	0		105.033486000
6	0		105.033515000
6	0		105.125695000
6	0		105.218796000
6	0		105.311690000
6	64		105.311721000
6	0		105.312027000
6	608		105.312233000
6	74		105.405420000
6	0		105.405784000
6	0		105.498655000
17		1358	105.683723000
17		37	105.684384000
6	0		105.776886000
6	0		105.870375000
17		41	105.870403000
6	74		105.870414000
6	0		105.870768000
17		41	106.056020000
6	0		106.149480000
6	0		106.242243000
17		43	106.242268000
17		41	106.242274000
17		35	106.242980000
17		43	106.335495000
6	0		106.335534000
17		36	106.361766000
17		41	106.428582000
6	0		106.546154000
6	0		106.546209000
6	0		106.596386000
6	0		106.596459000
17		41	106.614534000
6	0		106.624585000
6	499		106.707527000
6	0		106.708060000
6	0		106.800357000
6	0		106.800381000
6	934		106.888399000
6	0		106.892723000
6	64		106.892751000
6	0		106.893264000
6	0		106.985965000
6	0		107.078811000
6	0		107.078833000
6	64		107.078840000
6	0		107.079120000
6	608		107.079323000
6	0		107.172070000
17		41	107.265520000
17		41	107.357935000
6	934		107.407391000
6	0		107.451209000
6	0		107.636958000
17		41	107.729987000
17		41	107.823139000
6	0		107.916750000
17		41	108.009476000
6	0		108.063551000
6	0		108.063604000
6	0		108.101799000
17		41	108.101821000
6	1420		108.102325000
6	1420		108.131383000
6	0		108.195061000
6	1420		108.195593000
6	1420		108.247623000
17		41	108.287792000
17		869	108.287817000
17		35	108.288781000
17		33	108.288802000
17		107	108.301505000
17		247	108.305305000
6	0		108.354983000
6	41		108.360542000
17		41	108.567537000
6	0		108.651624000
6	21		108.651658000
6	0		108.651669000
6	1080		108.652641000
17		41	108.659770000
17		41	108.752863000
17		41	108.846424000
6	0		108.846447000
6	0		108.939407000
6	0		108.939433000
6	1420		108.939893000
6	1420		108.939920000
6	0		108.942873000
6	440		108.943928000
6	1420		108.969006000
6	1420		108.973658000
6	0		108.986202000
6	0		109.031920000
6	1420		109.032457000
6	1420		109.085254000
17		41	109.125124000
17		41	109.218405000
6	48		109.277312000
6	0		109.277357000
6	280		109.281867000
17		41	109.311477000
17		41	109.497232000
6	0		109.572731000
6	16		109.583789000
17		41	109.590328000
6	0		109.626226000
6	0		109.775747000
17		41	109.775768000
6	1420		109.776276000
6	1420		109.805328000
17		1354	109.869401000
6	0		109.869433000
17		806	109.869440000
6	0		109.869446000
6	1420		109.870028000
6	1420		109.870058000
17		39	109.870446000
17		36	109.895578000
6	1420		109.903735000
6	52		109.916960000
6	0		109.916999000
6	52		109.917105000
6	1420		109.921577000
6	0		109.961840000
6	0		110.055045000
6	0		110.148250000
17		1354	110.179631000
6	84		110.207552000
17		1358	110.230283000
6	0		110.241446000
6	0		110.250220000
17		1358	110.281135000
17		552	110.332067000
6	0		110.334047000
6	1420		110.334550000
6	1420		110.368283000
6	0		110.426858000
6	1420		110.427410000
6	1420		110.456456000
6	0		110.519740000
6	0		110.612923000
6	1420		110.613456000
6	1420		110.642522000
6	0		110.705788000
6	0		110.705816000
6	0		110.706327000
6	0		110.799454000
6	0		110.799494000
6	0		110.799505000
6	0		110.799820000
6	0		110.799996000
6	0		110.891749000
6	1420		110.892259000
6	1420		110.925997000
6	0		110.984753000
6	0		110.984783000
6	1418		110.985278000
6	1420		110.993458000
6	1420		111.060941000
6	0		111.078273000
6	1418		111.078795000
6	0		111.171458000
6	1418		111.174998000
6	1288		111.178298000
6	0		111.264471000
6	0		111.356781000
6	0		111.356801000
6	1418		111.357301000
6	0		111.450488000
6	0		111.450526000
6	0		111.542914000
6	0		111.635936000
6	1418		111.636472000
6	1418		111.699720000
6	0		111.729057000
6	0		111.822284000
6	0		111.822312000
6	0		111.822321000
6	1420		111.823114000
6	1418		111.826155000
6	1420		111.856511000
6	0		111.914861000
6	0		111.914884000
6	0		111.914888000
6	0		111.914895000
6	31		111.914899000
6	39		111.914903000
6	0		111.915415000
6	0		111.915439000
6	0		112.007755000
6	0		112.007781000
17		41	112.007790000
6	0		112.100727000
6	0		112.100756000
6	0		112.100764000
6	0		112.100770000
6	31		112.100777000
6	39		112.100783000
6	0		112.101153000
17		1358	112.193960000
6	0		112.193996000
6	0		112.194003000
6	0		112.194008000
6	31		112.194014000
17		1358	112.195105000
6	0		112.198966000
17		1358	112.201699000
17		1358	112.201725000
17		1089	112.201729000
6	68		112.236106000
6	0		112.287126000
6	0		112.380379000
6	0		112.380402000
6	0		112.380406000
6	39		112.380412000
6	0		112.380693000
17		1358	112.472975000
6	413		112.473000000
6	55		112.473007000
6	0		112.473012000
6	0		112.473325000
17		1358	112.473371000
6	203		112.487972000
6	1418		112.493838000
6	52		112.526811000
6	0		112.526850000
6	0		112.526868000
6	0		112.528313000
6	0		112.566153000
6	0		112.566192000
6	1418		112.576062000
6	1418		112.658130000
6	0		112.659399000
6	1420		112.659949000
6	1420		112.688975000
6	1418		112.740250000
6	1420		112.747129000
6	0		112.752512000
17		1358	112.773959000
6	1420		112.805223000
6	0		112.818813000
6	1418		112.822360000
6	0		112.844740000
6	1420		112.863372000
6	1418		112.904514000
6	1420		112.921476000
6	0		112.937978000
17		42	112.938000000
17		1358	112.938007000
17		1358	112.938573000
6	1420		112.979656000
6	1418		112.986653000
17		45	113.030946000
17		42	113.030967000
6	1420		113.037726000
17		33	113.056604000
6	1418		113.068770000
6	1420		113.095866000
6	0		113.124149000
6	1420		113.124668000
6	1418		113.150911000
6	1420		113.153979000
6	1420		113.158386000
6	1420		113.212116000
6	0		113.217397000
6	1420		113.225864000
6	1418		113.233020000
6	1420		113.270244000
6	1420		113.293384000
6	0		113.310608000
6	1418		113.315128000
6	1420		113.328358000
6	1420		113.360833000
6	1420		113.386495000
6	1418		113.397268000
6	0		113.403112000
6	1420		113.428319000
6	1420		113.444638000
6	1418		113.479391000
6	0		113.495699000
6	1420		113.495799000
6	1420		113.502730000
17		1358	113.539536000
6	1420		113.560855000
6	1418		113.561482000
6	1420		113.563270000
6	0		113.588890000
6	1420		113.619002000
6	1420		113.630763000
6	1418		113.643643000
6	1420		113.677124000
6	0		113.682256000
6	0		113.682292000
6	0		113.682301000
6	0		113.683574000
6	0		113.683609000
6	1420		113.698224000
6	1418		113.725791000
6	1420		113.735241000
6	1420		113.765728000
6	0		113.775097000
6	0		113.775145000
6	0		113.775596000
6	1420		113.793361000
6	618		113.807888000
6	1420		113.833211000
6	1420		113.851498000
6	0		113.867883000
6	1420		113.900703000
6	1420		113.909618000
6	0		113.960717000
17		42	113.960744000
6	1420		113.967738000
6	1420		113.968119000
6	0		113.985118000
6	0		113.985351000
6	1420		114.025874000
6	0		114.054221000
6	1420		114.054719000
6	0		114.080420000
6	1420		114.084000000
6	1420		114.103164000
6	0		114.147337000
17		1358	114.147369000
17		1358	114.147794000
6	1420		114.147837000
6	1420		114.200240000
17		45	114.239873000
17		42	114.239894000
17		33	114.265528000
17		42	114.333791000
17		42	114.426071000
6	0		114.519243000
6	1420		114.519758000
6	1420		114.553469000
6	0		114.611824000
6	0		114.611855000
6	0		114.611865000
6	0		114.612306000
6	0		114.612340000
6	1420		114.620930000
6	1420		114.688436000
6	0		114.704730000
6	1420		114.705273000
6	1420		114.734340000
6	0		114.798481000
6	0		114.798517000
6	0		114.798973000
6	1420		114.799002000
6	0		114.828462000
6	0		114.828520000
6	1420		114.850593000
6	0		114.867758000
6	12		114.867986000
6	0		114.890843000
6	0		114.907101000
6	12		114.907151000
6	0		114.907163000
6	1		114.907485000
6	4		114.907500000
6	32		114.907508000
6	0		114.907519000
6	1420		114.908691000
6	0		114.946406000
6	0		114.946592000
6	0		114.946598000
6	0		114.946601000
6	0		114.946613000
6	1420		114.966827000
6	0		114.984058000
6	1420		115.024951000
6	0		115.077218000
6	1420		115.077674000
6	1420		115.083104000
6	1420		115.111412000
6	0		115.169958000
6	1420		115.178901000
6	1420		115.246382000
6	0		115.262695000
6	1418		115.263217000
6	1418		115.326452000
17		1358	115.348622000
6	0		115.355884000
6	1420		115.356370000
6	1420		115.390114000
6	0		115.449069000
6	1418		115.452931000
6	1420		115.457678000
6	1420		115.525087000
6	0		115.542361000
6	1418		115.579439000
6	0		115.634740000
6	1418		115.705891000
6	0		115.727980000
6	0		115.820678000
6	1418		115.832393000
6	0		115.913717000
6	0		115.913737000
6	1418		115.958870000
6	0		116.006918000
6	1420		116.007383000
6	1420		116.041121000
6	1418		116.085369000
6	0		116.099835000
17		1358	116.099865000
6	0		116.192873000
6	1420		116.193373000
6	1418		116.211834000
6	1420		116.227112000
1,17		1358	116.286070000
6	1418		116.338318000
1,17		1358	116.379543000
6	1418		116.464817000
1,17		1358	116.471812000
1,17		1089	116.565322000
6	1418		116.591296000
6	0		116.641151000
6	0		116.641360000
1,17		1358	116.658455000
6	0		116.658489000
6	0		116.658498000
6	0		116.658505000
6	0		116.658938000
6	0		116.658978000
6	1418		116.717770000
6	0		116.751092000
6	0		116.751115000
6	0		116.751570000
6	0		116.843870000
6	1418		116.844230000
6	0		116.937097000
6	1418		116.970728000
6	0		117.029890000
6	1420		117.030436000
6	1420		117.059488000
6	1418		117.097232000
6	0		117.123442000
6	1420		117.123988000
6	1420		117.175716000
6	0		117.215708000
6	1418		117.223705000
6	0		117.309122000
6	1420		117.309674000
6	1420		117.338706000
6	1418		117.350169000
1,17		1358	117.402356000
6	1418		117.476674000
6	0		117.588427000
6	0		117.588454000
6	1420		117.588936000
6	1418		117.603150000
6	1420		117.618011000
6	1418		117.729641000
6	0		117.773961000
6	1418		117.856116000
6	0		117.867187000
6	1420		117.867753000
6	1420		117.896831000
6	1420		117.954921000
1,17		1358	117.960505000
6	1418		117.982600000
6	1420		118.013057000
6	1418		118.109084000
6	0		118.146402000
6	1418		118.235553000
6	0		118.238683000
6	1420		118.239243000
6	1420		118.268319000
6	1420		118.326431000
6	0		118.332366000
6	1418		118.362045000
6	1420		118.384598000
6	1418		118.488526000
6	0		118.518039000
6	1420		118.518562000
6	1420		118.552294000
6	1418		118.614998000
6	0		118.704382000
6	0		118.704405000
6	1418		118.741495000
6	0		118.753180000
6	0		118.797553000
6	1420		118.798025000
6	1420		118.831762000
6	1418		118.867984000
6	0		118.982801000
6	1418		118.994476000
6	1418		119.120954000
6	0		119.168989000
6	1418		119.247442000
6	0		119.261765000
6	0		119.355301000
6	1418		119.373906000
6	0		119.541482000
6	0		119.633687000
6	0		119.726867000
6	0		119.733375000
6	0		119.789046000
6	0		119.850749000
6	0		119.862973000
6	0		119.912963000
6	0		119.974655000
6	0		120.034827000
6	0		120.036829000
1,17		1358	120.036855000
6	0		120.169192000
6	0		120.222746000
6	0		120.284772000
6	0		120.346799000
6	0		120.409147000
6	0		120.470990000
6	0		120.471013000
6	517		120.471018000
6	517		120.471026000
6	0		120.471479000
6	0		120.471555000
6	2792		120.472657000
6	2387		120.472701000
6	1396		120.472708000
6	1396		120.472782000
6	2387		120.472794000
6	0		120.533578000
6	0		120.657397000
6	0		120.657424000
6	0		120.663494000
6	0		120.719398000
6	517		120.719424000
6	0		120.719432000
6	0		120.719897000
6	1396		120.720944000
6	3783		120.721002000
6	0		120.843553000
6	39		120.843579000
6	0		120.843587000
6	0		120.849165000
6	0		120.855814000
6	0		120.967479000
6	0		120.967509000
6	92		120.967519000
6	0		120.967850000
6	72		120.976377000
6	70		120.978535000
6	0		121.153090000
6	0		121.215441000
6	0		121.215467000
6	0		121.215474000
6	0		121.338655000
6	0		121.400896000
6	0		121.463081000
1,17		1358	121.525361000
6	0		121.648854000
6	0		121.773180000
6	0		121.773201000
6	0		121.773207000
6	0		121.897528000
6	0		122.020871000
6	0		122.020904000
6	0		122.145214000
6	0		122.269529000
6	0		122.455049000
6	0		122.517229000
6	0		122.517260000
6	0		122.579389000
6	0		122.641534000
6	0		122.702680000
6	0		122.702702000
6	0		122.705604000
6	0		122.714679000
1,17		1358	122.764865000
6	0		122.827175000
6	0		122.889355000
6	0		122.889385000
6	1420		122.889842000
6	0		122.891254000
6	0		122.895651000
6	0		122.948240000
6	0		122.948310000
6	0		122.950980000
6	0		122.987202000
6	12		122.987482000
6	0		123.013137000
6	1420		123.013610000
6	0		123.026357000
6	12		123.026444000
6	0		123.026455000
6	1		123.026640000
6	4		123.026661000
6	32		123.026669000
6	0		123.026677000
6	0		123.065501000
6	0		123.065561000
6	0		123.065576000
6	0		123.065589000
6	0		123.074867000
6	1420		123.075370000
6	0		123.137058000
6	0		123.198749000
6	0		123.260903000
6	0		123.323056000
6	0		123.385164000
6	1420		123.385658000
6	0		123.446810000
6	1420		123.447272000
6	0		123.571393000
6	0		123.571437000
6	1420		123.571891000
6	0		123.695305000
6	1420		123.695783000
6	0		123.757446000
6	0		123.881381000
6	0		123.881404000
6	0		123.881409000
6	0		123.943542000
6	0		124.004711000
6	0		124.128701000
6	0		124.128728000
6	0		124.140682000
6	0		124.140926000
6	0		124.191372000
6	0		124.191395000
6	0		124.342566000
6	0		124.342620000
6	0		124.376693000
6	1420		124.377236000
6	1420		124.406307000
6	0		124.435571000
17		1354	124.439514000
17		440	124.439537000
6	0		124.439548000
17		35	124.441250000
6	0		124.449709000
17		113	124.454193000
17		260	124.454236000
6	1420		124.464428000
6	0		124.514676000
6	41		124.520467000
6	1420		124.522526000
6	0		124.562940000
6	1420		124.580665000
6	1420		124.638787000
6	0		124.687249000
6	0		124.692572000
6	21		124.692948000
6	0		124.692960000
6	1080		124.693844000
6	1420		124.696908000
6	1420		124.755042000
6	0		124.811658000
6	1420		124.813170000
6	440		124.866660000
6	1420		124.871278000
6	0		124.910220000
6	0		124.934703000
6	0		124.986565000
6	0		125.058931000
6	1420		125.059451000
6	48		125.082515000
6	0		125.082551000
6	280		125.086746000
6	1420		125.088473000
6	1420		125.146626000
6	0		125.183398000
6	0		125.183423000
6	0		125.183430000
6	0		125.183435000
6	0		125.195447000
6	0		125.195601000
6	1420		125.204730000
6	1420		125.262870000
6	16		125.263155000
6	0		125.306209000
6	1420		125.320971000
6	0		125.369157000
6	1420		125.379133000
6	52		125.478212000
6	0		125.478261000
6	52		125.478409000
6	0		125.492901000
6	1420		125.493446000
6	1420		125.522498000
6	0		125.617406000
6	0		125.617435000
6	1420		125.617924000
6	1420		125.646998000
6	84		125.650979000
6	0		125.694215000
6	0		125.734379000
6	0		125.802823000
6	0		125.864974000
6	1420		125.865449000
6	1420		125.899183000
6	0		125.927374000
6	0		125.927398000
6	1420		125.927916000
6	1420		125.966666000
6	1420		126.034144000
6	0		126.051080000
6	0		126.051109000
6	1418		126.051583000
6	0		126.112913000
6	1420		126.113361000
6	1418		126.114801000
6	1420		126.169114000
6	0		126.175092000
6	1420		126.236587000
6	1418		126.241310000
6	0		126.298871000
6	1420		126.304057000
6	1418		126.367807000
6	0		126.422691000
6	0		126.484699000
6	0		126.484727000
6	0		126.484735000
6	0		126.484741000
6	517		126.484747000
6	517		126.484753000
6	0		126.491056000
6	2792		126.491971000
6	2387		126.492005000
6	1418		126.494262000
6	0		126.496758000
6	2792		126.497694000
6	2387		126.497722000
6	0		126.546677000
6	0		126.609070000
6	0		126.609091000
6	1418		126.620756000
6	0		126.671037000
6	0		126.671084000
6	64		126.671092000
6	0		126.677348000
6	0		126.733246000
6	1418		126.747249000
6	0		126.794805000
6	0		126.856899000
6	1418		126.873735000
6	0		126.919027000
6	64		126.919048000
6	0		126.925160000
6	0		126.981228000
6	1418		127.000222000
6	0		127.043531000
6	0		127.104700000
6	1418		127.126679000
6	0		127.166998000
6	0		127.167046000
6	0		127.167055000
6	64		127.167060000
6	0		127.167065000
6	39		127.167082000
6	99		127.167087000
6	0		127.167425000
6	0		127.173172000
6	1075		127.229274000
6	0		127.229316000
6	0		127.229325000
6	0		127.229331000
6	1420		127.229791000
6	0		127.235200000
6	75		127.240194000
6	0		127.241269000
6	0		127.241509000
6	282		127.242306000
6	1418		127.253176000
6	35		127.258667000
6	39		127.260681000
6	1420		127.263530000
6	0		127.290828000
6	1420		127.331003000
6	0		127.353004000
6	1418		127.379667000
6	1420		127.398496000
6	68		127.400824000
6	0		127.415333000
6	1420		127.465974000
6	0		127.477434000
6	1420		127.533462000
6	0		127.572833000
6	0		127.572874000
6	52		127.573537000
6	0		127.573552000
6	0		127.574769000
6	1420		127.600931000
6	0		127.601377000
6	0		127.601395000
6	0		127.601402000
6	517		127.601407000
6	517		127.601411000
6	2792		127.608588000
6	2387		127.608633000
6	0		127.613443000
6	0		127.613626000
6	2792		127.614700000
6	2387		127.614734000
6	1420		127.668414000
6	0		127.724688000
6	0		127.724715000
6	0		127.724722000
17		43	127.724729000
6	1420		127.725247000
6	1420		127.735904000
6	0		127.746494000
17		33	127.750389000
6	1420		127.754286000
17		41	127.786877000
6	1420		127.803384000
6	1420		127.812419000
6	0		127.848690000
6	0		127.848709000
6	1420		127.870537000
6	1420		127.870828000
6	0		127.910874000
6	1420		127.928666000
6	1420		127.938334000
6	0		127.973429000
6	1420		127.986776000
6	1420		128.005824000
6	0		128.035146000
6	1420		128.044907000
6	1420		128.073304000
6	0		128.097344000
6	1420		128.103032000
6	1420		128.140784000
6	0		128.159050000
6	0		128.159087000
6	0		128.159094000
6	0		128.160179000
6	0		128.160246000
6	1420		128.161138000
6	1420		128.208265000
6	1420		128.219277000
6	0		128.221351000
6	0		128.221380000
6	1420		128.275753000
6	1420		128.277422000
6	0		128.282692000
6	1420		128.335533000
6	1420		128.343234000
6	0		128.344848000
6	1420		128.393683000
6	0		128.406638000
6	0		128.406660000
6	0		128.406665000
6	1420		128.410700000
6	1420		128.451793000
6	0		128.469147000
6	1420		128.478205000
6	1420		128.509923000
6	0		128.531257000
6	1420		128.545676000
6	1420		128.568041000
6	0		128.593358000
6	1420		128.613155000
6	1420		128.626196000
6	0		128.655474000
6	1420		128.680660000
6	1420		128.684296000
6	0		128.716663000
6	1420		128.742440000
6	1420		128.748110000
6	0		128.778935000
6	1420		128.800554000
6	1420		128.815601000
6	0		128.840704000
6	1420		128.858656000
6	1420		128.883119000
6	0		128.903371000
6	0		128.903397000
6	1420		128.916820000
6	1420		128.950574000
6	1420		128.974919000
6	1420		129.018064000
6	0		129.026991000
6	1420		129.033058000
6	1420		129.085523000
6	0		129.088693000
6	1420		129.091171000
6	1420		129.149304000
6	1420		129.153001000
6	1420		129.207430000
6	0		129.212884000
6	1420		129.220508000
6	1420		129.265556000
6	1420		129.287961000
6	1420		129.323669000
6	1420		129.355440000
6	1420		129.381791000
6	0		129.399417000
6	0		129.399447000
6	1418		129.399935000
6	1420		129.422927000
6	1420		129.439919000
6	1418		129.453326000
6	1420		129.490432000
6	1420		129.498073000
6	0		129.522770000
6	1420		129.556164000
6	1420		129.557887000
6	1418		129.560044000
6	1420		129.614300000
6	1420		129.625367000
6	1418		129.666797000
6	1420		129.672433000
6	1420		129.692873000
6	0		129.708755000
6	1420		129.730553000
6	1420		129.760340000
6	0		129.771222000
6	1418		129.773522000
6	588		129.788655000
6	1420		129.827826000
6	0		129.833111000
6	0		129.833133000
6	1418		129.880301000
6	0		129.895309000
6	1420		129.895333000
6	0		129.956865000
6	64		129.956889000
6	1420		129.962790000
6	0		129.968280000
6	1418		129.987029000
6	1396		130.019064000
6	0		130.025396000
6	1420		130.030255000
6	0		130.081477000
6	1418		130.093774000
6	1420		130.097741000
6	0		130.142720000
6	1420		130.165223000
6	1418		130.200528000
6	0		130.204785000
6	0		130.204804000
6	64		130.204809000
6	0		130.222618000
6	1420		130.232799000
6	1396		130.266987000
6	0		130.267016000
6	0		130.267024000
6	0		130.267283000
6	0		130.278987000
6	1420		130.300186000
6	1418		130.307272000
6	0		130.329274000
6	1420		130.367663000
6	0		130.390937000
6	1418		130.414008000
6	0		130.453107000
6	0		130.515428000
6	1418		130.520727000
6	1418		130.627504000
6	0		130.638798000
6	0		130.638817000
6	0		130.638823000
6	0		130.701000000
6	0		130.701023000
6	39		130.701027000
6	0		130.701033000
17		121	130.701040000
6	0		130.701573000
17		378	130.702096000
17		1354	130.702165000
17		1358	130.702187000
17		1358	130.702192000
17		1358	130.702196000
17		1358	130.702201000
17		1358	130.702205000
17		238	130.702210000
6	0		130.707185000
6	1418		130.734252000
6	0		130.763213000
6	1420		130.763689000
6	1420		130.797435000
6	1418		130.840997000
6	0		130.886874000
6	1418		130.947732000
6	0		130.949458000
6	1420		130.949921000
6	1420		130.983662000
6	1418		131.054466000
6	0		131.066255000
6	0		131.066316000
6	0		131.073035000
6	1420		131.073525000
6	0		131.104716000
6	12		131.105004000
6	1420		131.118630000
6	0		131.143383000
6	12		131.143415000
6	0		131.143427000
6	1		131.143606000
6	4		131.143626000
6	32		131.143634000
6	0		131.143644000
6	1418		131.161216000
6	0		131.181970000
6	0		131.182020000
6	0		131.182146000
6	0		131.182161000
6	0		131.197009000
6	0		131.259393000
6	0		131.259418000
6	1420		131.259916000
6	1418		131.267969000
6	0		131.321143000
6	0		131.321173000
6	0		131.321181000
6	64		131.321187000
6	0		131.332590000
6	1418		131.374725000
6	0		131.383015000
6	0		131.445136000
6	1418		131.481451000
6	0		131.506766000
6	0		131.569270000
6	64		131.569301000
6	0		131.586692000
6	1418		131.588198000
6	0		131.693566000
6	1418		131.694951000
6	0		131.754724000
6	1420		131.755209000
6	1420		131.788946000
6	1418		131.801699000
6	0		131.817494000
6	1418		131.908439000
6	0		131.940730000
6	0		132.002887000
6	1418		132.015198000
6	0		132.065086000
6	1420		132.065591000
6	1420		132.099326000
6	1418		132.121927000
6	0		132.126841000
6	1418		132.228677000
6	0		132.250994000
6	0		132.313181000
6	1420		132.313662000
6	1418		132.335424000
6	1420		132.347410000
6	0		132.375336000
6	1418		132.442189000
6	0		132.499208000
6	1418		132.548904000
6	0		132.560840000
6	1420		132.561352000
6	1420		132.595108000
6	0		132.623597000
6	1418		132.655640000
6	0		132.747112000
6	1418		132.762405000
6	0		132.808680000
6	1420		132.809163000
6	1420		132.842925000
6	1418		132.869142000
6	0		132.870825000
6	0		132.933576000
6	1418		132.975890000
6	0		133.056690000
6	1418		133.082647000
6	0		133.118826000
6	1420		133.119301000
6	1420		133.153050000
6	0		133.180918000
6	1418		133.189384000
6	1418		133.296137000
6	0		133.304827000
6	0		133.367607000
6	1420		133.368072000
6	1420		133.401798000
6	1418		133.402912000
6	0		133.428797000
6	1418		133.509614000
6	0		133.552823000
6	0		133.614715000
6	0		133.614740000
6	1420		133.615197000
6	1420		133.648927000
6	0		133.676706000
6	0		133.800793000
6	0		133.862988000
6	1420		133.863486000
6	1420		133.896466000
6	0		133.925032000
6	0		134.049157000
6	0		134.111306000
6	0		134.173435000
6	0		134.296771000
6	0		134.358915000
6	0		134.421012000
6	0		134.483307000
6	0		134.607416000
6	0		134.668763000
6	0		134.793362000
6	0		134.917438000
6	0		134.979678000
6	0		135.040836000
6	0		135.103027000
6	0		135.227335000
6	0		135.289617000
6	0		135.350780000
6	0		135.475250000
6	0		135.537382000
6	0		135.599539000
6	0		135.660676000
6	0		135.722872000
6	0		135.846663000
6	0		135.908897000
6	0		135.971099000
6	0		136.033225000
6	0		136.033253000
6	192		136.033261000
6	39		136.033266000
6	0		136.033580000
6	0		136.033604000
6	39		136.033740000
6	285		136.036886000
6	1418		136.061163000
6	0		136.095390000
6	0		136.157558000
6	1418		136.181899000
6	0		136.218714000
6	0		136.281358000
6	465		136.281379000
6	0		136.287627000
6	1418		136.302619000
6	1396		136.315865000
6	5584		136.315920000
6	1186		136.315979000
6	0		136.343237000
6	0		136.393671000
6	0		136.393731000
6	0		136.405366000
6	1418		136.423362000
6	0		136.467561000
6	0		136.528878000
6	1418		136.544117000
6	0		136.585023000
6	41		136.590711000
6	0		136.591039000
6	0		136.652783000
6	351		136.652807000
6	1396		136.660595000
6	2792		136.660635000
6	1691		136.660645000
6	0		136.664798000
6	1418		136.664835000
6	0		136.714052000
6	0		136.714101000
6	0		136.715053000
6	0		136.749744000
6	0		136.777373000
6	0		136.781695000
6	1418		136.785543000
6	21		136.789791000
6	0		136.789821000
6	1080		136.790773000
6	0		136.838845000
6	0		136.900973000
6	1418		136.906266000
6	0		136.963226000
6	440		136.989858000
6	0		137.025566000
6	1418		137.027064000
6	0		137.030211000
6	0		137.074339000
6	0		137.074392000
6	0		137.086752000
17		43	137.086781000
17		33	137.113016000
6	1418		137.147791000
17		41	137.149542000
17		41	137.211100000
6	48		137.221129000
6	0		137.221170000
6	280		137.225283000
6	0		137.261989000
6	41		137.267577000
6	1418		137.268498000
17		41	137.273114000
17		41	137.335604000
6	1418		137.389220000
17		41	137.396834000
6	16		137.422621000
6	0		137.455188000
17		41	137.458707000
6	0		137.458750000
17		109	137.458757000
6	0		137.458765000
6	0		137.459096000
6	0		137.459129000
17		33	137.459714000
17		33	137.459738000
17		1354	137.460772000
17		1358	137.460811000
17		1358	137.460815000
17		1358	137.460818000
17		1358	137.460822000
17		1358	137.460825000
17		1358	137.460828000
17		1358	137.460831000
17		1358	137.460834000
17		1358	137.460838000
6	0		137.466226000
6	21		137.468493000
6	0		137.468533000
6	1080		137.469710000
6	1418		137.510079000
17		1358	137.512608000
6	0		137.520874000
17		1358	137.562884000
6	0		137.583224000
17		1358	137.613460000
6	1418		137.630703000
6	0		137.645082000
6	52		137.657271000
6	0		137.657313000
6	52		137.657452000
17		1358	137.665080000
6	440		137.667065000
6	0		137.707252000
6	0		137.710207000
17		1358	137.715691000
6	1418		137.751445000
6	0		137.762452000
6	0		137.764578000
17		1358	137.765964000
6	0		137.769212000
17		1358	137.816976000
6	0		137.831311000
6	84		137.850048000
17		1358	137.867863000
6	1418		137.872130000
6	0		137.890229000
6	0		137.893414000
6	48		137.897875000
6	0		137.897922000
6	280		137.902417000
17		1358	137.918670000
6	0		137.954940000
17		1358	137.969535000
6	1418		137.992883000
6	0		138.017162000
17		1358	138.020521000
17		1358	138.071563000
6	0		138.078858000
6	16		138.102668000
6	1418		138.113611000
17		1358	138.121985000
6	0		138.141015000
6	0		138.146223000
17		1358	138.172757000
6	0		138.203139000
17		1358	138.223837000
6	1418		138.234357000
6	0		138.264710000
17		1358	138.274929000
17		1358	138.325421000
6	0		138.326651000
6	52		138.333836000
6	0		138.333874000
6	52		138.333988000
6	1418		138.355103000
17		1358	138.376960000
6	0		138.388837000
17		593	138.427514000
6	0		138.450834000
6	0		138.450855000
6	0		138.450861000
6	0		138.451102000
6	0		138.451139000
6	1418		138.475812000
6	0		138.513019000
6	84		138.528638000
6	0		138.570208000
6	0		138.575302000
6	1418		138.596556000
6	0		138.636969000
6	0		138.699026000
6	1418		138.717293000
6	0		138.761180000
6	0		138.822923000
6	1418		138.837998000
6	0		138.884927000
6	0		138.947392000
6	1418		138.958726000
6	0		139.009006000
6	0		139.071176000
6	1418		139.079493000
6	0		139.132795000
6	0		139.183459000
6	0		139.183519000
6	0		139.194966000
6	1418		139.200219000
6	0		139.222579000
6	12		139.222825000
6	0		139.257166000
6	1420		139.257662000
6	0		139.261891000
6	12		139.261922000
6	0		139.261933000
6	1		139.262141000
6	4		139.262159000
6	32		139.262168000
6	0		139.262198000
6	1420		139.290658000
6	0		139.301087000
6	0		139.301132000
6	0		139.301139000
6	0		139.301152000
6	0		139.301169000
6	0		139.318744000
6	1418		139.320928000
6	0		139.381138000
6	1418		139.441687000
6	0		139.442752000
6	1420		139.443216000
6	1420		139.476222000
6	0		139.505273000
6	1420		139.542171000
6	1418		139.562401000
6	0		139.566654000
6	68		139.581801000
6	1420		139.608134000
6	0		139.628842000
6	1418		139.629358000
6	1418		139.682739000
6	1418		139.683133000
6	0		139.691033000
6	1420		139.691512000
6	1420		139.740062000
6	0		139.753378000
6	52		139.784601000
6	0		139.784644000
6	0		139.784664000
6	0		139.786217000
6	1418		139.789480000
6	1418		139.803869000
6	1420		139.806018000
6	0		139.815306000
6	1420		139.872061000
6	0		139.877451000
6	1418		139.896230000
6	1418		139.924611000
6	0		139.939390000
6	1420		139.939933000
6	0		139.977169000
6	1418		140.002978000
6	1420		140.003906000
6	1418		140.045343000
6	0		140.063425000
6	0		140.063449000
6	1420		140.069866000
6	1418		140.109720000
6	0		140.124708000
6	1420		140.135864000
6	1418		140.166044000
6	1418		140.216449000
6	0		140.249482000
6	1420		140.249976000
6	1420		140.282972000
6	1418		140.286803000
6	0		140.311355000
6	1418		140.323205000
6	1420		140.348908000
6	1418		140.407537000
6	1420		140.414875000
6	1418		140.429946000
6	0		140.435277000
6	0		140.435306000
6	0		140.435545000
6	0		140.474559000
6	0		140.497383000
6	0		140.497416000
6	0		140.497698000
6	1420		140.497843000
6	1418		140.528285000
6	1418		140.536697000
6	1420		140.546806000
6	1420		140.612740000
6	0		140.621113000
6	1418		140.643446000
6	1418		140.649019000
6	1420		140.678745000
6	0		140.683354000
6	0		140.683379000
6	0		140.683843000
6	68		140.732243000
6	1420		140.744681000
6	1418		140.750232000
6	1418		140.769749000
6	0		140.807160000
6	1420		140.810639000
6	1420		140.876599000
6	1418		140.890466000
6	52		140.922702000
6	0		140.922740000
6	0		140.922755000
6	0		140.924486000
6	0		140.930750000
6	0		140.992957000
6	0		140.992978000
6	1418		141.011193000
6	0		141.055161000
6	0		141.055192000
6	0		141.112126000
6	0		141.117662000
6	1418		141.131913000
6	0		141.179197000
17		478	141.179224000
17		111	141.179231000
17		117	141.179236000
17		36	141.180473000
17		33	141.180852000
17		37	141.181159000
17		1354	141.181994000
17		1358	141.234027000
17		1358	141.241311000
17		1358	141.251269000
17		1358	141.251308000
17		1358	141.251312000
17		1358	141.251315000
17		203	141.251319000
6	1418		141.252634000
17		1358	141.284238000
17		1358	141.303685000
6	0		141.303716000
6	0		141.303723000
17		1358	141.306927000
17		1358	141.306969000
17		1358	141.307018000
17		1358	141.307049000
17		213	141.307054000
17		1358	141.335741000
6	0		141.365076000
6	1418		141.373411000
17		1358	141.385866000
6	0		141.427180000
17		1358	141.437210000
17		215	141.437273000
17		1358	141.488346000
6	0		141.488748000
17		1358	141.488768000
6	1418		141.494129000
17		1358	141.496262000
17		1358	141.538393000
6	1396		141.550949000
6	0		141.568227000
17		1358	141.589563000
17		1358	141.607160000
6	690		141.612788000
6	1418		141.614825000
6	0		141.625000000
6	1396		141.626813000
17		1358	141.640169000
6	1396		141.651443000
17		1358	141.674756000
17		1358	141.676372000
6	1396		141.677892000
17		1358	141.691652000
6	1396		141.704354000
6	1396		141.730812000
6	1418		141.735566000
6	1396		141.736835000
6	665		141.736856000
6	0		141.736862000
6	0		141.736866000
6	0		141.736870000
6	0		141.736875000
6	0		141.736880000
6	0		141.737400000
6	4188		141.740654000
6	1042		141.740692000
17		1358	141.742256000
6	1186		141.757260000
17		1358	141.792844000
17		1358	141.797510000
6	0		141.798744000
6	0		141.798766000
6	0		141.798772000
6	0		141.799746000
17		1358	141.843812000
6	1418		141.856314000
6	1396		141.860917000
6	572		141.860945000
6	0		141.860955000
6	0		141.866989000
6	1396		141.867667000
6	1396		141.894401000
17		1358	141.894901000
6	1396		141.921808000
6	0		141.922647000
17		1358	141.945989000
6	1396		141.949208000
6	1396		141.976660000
6	1418		141.977001000
6	0		141.985653000
6	0		141.985677000
6	0		141.985685000
6	517		141.985691000
6	517		141.985696000
17		41	141.985702000
6	0		141.985965000
6	0		141.985982000
6	2836		141.993404000
6	2836		141.993441000
6	1593		141.993448000
6	1594		141.993453000
17		1358	141.996205000
6	1396		142.004068000
6	1396		142.031474000
17		44	142.047302000
17		1358	142.047339000
17		1358	142.047895000
17		1358	142.054585000
6	1396		142.058889000
17		33	142.073345000
6	1396		142.086333000
6	1418		142.097781000
17		1358	142.097831000
17		1358	142.109550000
17		41	142.109576000
17		1358	142.111151000
6	1396		142.113741000
6	1396		142.141163000
17		1358	142.148925000
6	1396		142.168576000
17		41	142.170830000
6	1396		142.196026000
17		1358	142.199543000
6	1418		142.218511000
6	1396		142.223408000
17		41	142.232946000
6	1396		142.250834000
6	1396		142.278245000
17		41	142.295417000
6	1396		142.305670000
6	1396		142.333093000
6	1418		142.339236000
17		41	142.357412000
6	1396		142.360530000
6	1396		142.387923000
6	1396		142.415342000
17		41	142.419534000
6	1396		142.442780000
6	1418		142.459976000
6	1396		142.470192000
17		41	142.481434000
6	0		142.481464000
6	0		142.481471000
6	0		142.482013000
6	0		142.482800000
6	1396		142.497613000
6	1396		142.525008000
17		41	142.542655000
6	1396		142.552428000
6	1396		142.579852000
6	1418		142.580706000
17		41	142.604988000
6	1396		142.607252000
6	1396		142.634681000
17		1358	142.655834000
6	1396		142.662115000
6	0		142.667186000
6	1396		142.689520000
6	1418		142.701462000
17		1358	142.712081000
6	1396		142.716959000
17		41	142.728753000
6	1396		142.744367000
6	1396		142.771776000
17		41	142.791065000
6	1396		142.799201000
6	1418		142.822172000
6	1396		142.826623000
6	0		142.853212000
6	1396		142.854012000
6	1396		142.881443000
6	1396		142.908871000
17		41	142.914791000
6	1396		142.936276000
6	1418		142.942881000
6	1396		142.963707000
17		41	142.977055000
6	1396		142.991141000
6	1396		143.018555000
6	0		143.039650000
6	0		143.039684000
6	0		143.039692000
6	1396		143.045979000
6	1418		143.063655000
6	1396		143.073377000
17		41	143.101192000
17		41	143.162716000
6	1418		143.184380000
17		41	143.224692000
6	0		143.286880000
17		1358	143.286912000
17		1358	143.294438000
6	1418		143.305110000
17		1358	143.348733000
17		41	143.348765000
17		1358	143.350423000
17		41	143.411472000
6	924		143.425855000
6	0		143.473415000
17		41	143.535159000
17		46	143.597471000
17		33	143.623899000
17		41	143.721398000
6	0		143.721443000
17		41	143.783307000
17		41	143.907355000
17		41	143.969412000
6	0		143.969439000
17		41	144.092896000
6	0		144.154760000
6	0		144.154785000
17		41	144.154794000
6	0		144.217577000
6	0		144.340794000
6	0		144.465008000
17		1358	144.495397000
17		1358	144.551113000
6	0		144.589385000
6	0		144.651647000
6	1420		144.652119000
6	1420		144.676598000
6	1420		144.725500000
6	1420		144.774430000
6	0		144.775059000
6	1420		144.823343000
6	1420		144.872272000
6	0		144.898752000
6	1420		144.921186000
6	1420		144.970099000
6	1420		145.019037000
6	1420		145.067960000
6	0		145.085420000
6	1420		145.116889000
17		1358	145.147230000
6	1420		145.165799000
17		1358	145.209317000
6	0		145.209343000
6	0		145.209351000
6	1418		145.209852000
6	1420		145.214704000
6	1418		145.251195000
6	1420		145.263642000
6	1420		145.312558000
6	1418		145.333887000
6	1420		145.361485000
6	0		145.394997000
6	1420		145.410419000
6	1418		145.416574000
6	1420		145.459332000
6	1418		145.499279000
6	1420		145.508258000
6	0		145.519119000
6	1420		145.557168000
6	0		145.581458000
6	1418		145.581929000
6	1420		145.606105000
6	0		145.643592000
6	1420		145.655012000
6	1418		145.664621000
6	1420		145.703937000
6	1418		145.747339000
6	1420		145.752847000
6	1420		145.801789000
6	1418		145.830026000
6	1420		145.850697000
6	0		145.891334000
6	0		145.891357000
6	1420		145.899621000
6	1418		145.912701000
6	1420		145.948544000
6	1418		145.995375000
6	1420		145.997475000
6	0		146.014702000
6	1420		146.046409000
6	0		146.076831000
6	1418		146.078067000
6	1420		146.095314000
6	1420		146.144222000
6	1418		146.160751000
6	1420		146.193167000
6	1420		146.242079000
6	1418		146.243435000
6	1420		146.290991000
6	0		146.324860000
6	1418		146.326129000
6	1420		146.339921000
6	0		146.387385000
6	1420		146.388827000
6	1418		146.408826000
6	1420		146.437769000
6	1420		146.486694000
6	1418		146.491522000
6	0		146.511249000
6	1420		146.535605000
6	1418		146.574205000
6	1420		146.584555000
6	1420		146.633449000
6	0		146.634958000
6	1418		146.656886000
6	1420		146.682385000
6	1420		146.731311000
6	1418		146.739566000
6	1420		146.780221000
6	0		146.820965000
6	0		146.820989000
6	0		146.820996000
6	1418		146.822240000
6	1420		146.829139000
6	1420		146.878090000
6	0		146.883594000
6	1418		146.904942000
6	1420		146.926988000
6	0		146.944785000
6	1420		146.975938000
6	1418		146.987624000
6	1420		147.024841000
6	1418		147.070309000
6	1420		147.073739000
6	1420		147.122678000
6	0		147.131008000
6	1418		147.152991000
6	1420		147.171587000
6	0		147.193140000
6	1420		147.220502000
6	1418		147.235685000
6	1420		147.269440000
6	0		147.301746000
6	0		147.301799000
6	1418		147.318377000
6	1420		147.318416000
6	0		147.340932000
6	12		147.341173000
6	1420		147.367276000
6	0		147.378873000
6	0		147.380244000
6	12		147.380268000
6	0		147.380277000
6	1		147.380453000
6	4		147.380472000
6	32		147.380480000
6	0		147.380491000
6	1418		147.401075000
6	1420		147.416193000
6	0		147.419611000
6	0		147.419649000
6	0		147.419654000
6	0		147.419723000
6	0		147.419739000
17		742	147.441471000
17		36	147.442528000
17		107	147.455716000
17		47	147.459767000
6	1420		147.465119000
6	1418		147.483761000
6	0		147.502679000
6	1420		147.514082000
6	1420		147.562969000
6	1418		147.566428000
6	1420		147.611885000
6	0		147.627381000
6	1418		147.649159000
6	1420		147.660815000
6	1420		147.709751000
6	1418		147.731826000
6	0		147.751367000
6	1420		147.758683000
6	1420		147.807580000
17		41	147.813162000
6	1418		147.814493000
6	1420		147.856483000
17		44	147.875200000
6	0		147.875226000
6	1418		147.897182000
17		33	147.901729000
6	1420		147.905397000
1,17		1358	147.936944000
17		41	147.936979000
6	1420		147.954325000
6	1418		147.979888000
1,17		1358	147.999272000
6	0		147.999297000
6	1420		148.003246000
6	1420		148.052202000
1,17		1358	148.061468000
6	1418		148.062554000
6	1420		148.101104000
1,17		1358	148.122733000
1,17		203	148.122753000
6	1418		148.145246000
6	1420		148.150034000
6	1418		148.227936000
17		41	148.247172000
1,17		1358	148.309338000
6	1418		148.310627000
1,17		1358	148.370917000
6	1418		148.393332000
1,17		1358	148.433102000
6	1418		148.476009000
1,17		1358	148.494747000
1,17		213	148.494771000
17		41	148.556992000
6	1418		148.558687000
6	0		148.619576000
6	1418		148.641395000
17		41	148.680973000
6	1418		148.724078000
17		44	148.743185000
17		33	148.769560000
17		41	148.805206000
6	1418		148.806739000
6	1418		148.889444000
1,17		1358	148.929462000
6	1418		148.972130000
17		41	148.990654000
17		41	149.053319000
6	1418		149.054803000
1,17		1358	149.114640000
6	1418		149.137501000
6	0		149.176794000
6	1418		149.220193000
6	0		149.238958000
17		41	149.301401000
6	1418		149.302877000
1,17		1358	149.363387000
6	0		149.363415000
6	1418		149.385554000
17		41	149.486717000
6	0		149.486753000
6	0		149.611308000
6	0		149.735412000
6	0		149.796736000
6	0		149.858905000
6	0		149.921126000
17		41	149.982706000
6	0		150.045792000
1,17		1358	150.107521000
17		41	150.107549000
6	0		150.168703000
17		41	150.168731000
6	0		150.231048000
6	0		150.293207000
6	1396		150.299240000
6	0		150.355404000
6	1396		150.361424000
6	1095		150.375131000
17		41	150.417444000
6	1396		150.540769000
6	0		150.558219000
6	571		150.602958000
6	0		150.602991000
17		41	150.603000000
6	0		150.615163000
6	1396		150.615897000
6	1396		150.641609000
6	0		150.664622000
6	1396		150.668112000
6	1012		150.694537000
6	0		150.726847000
6	0		150.788958000
6	0		150.851331000
6	0		150.913264000
6	0		150.975450000
6	0		151.037115000
6	0		151.037142000
6	74		151.037149000
6	92		151.037155000
6	0		151.037861000
6	908		151.037888000
6	31		151.037926000
6	0		151.099192000
6	0		151.099217000
6	74		151.099223000
6	0		151.104442000
17		41	151.161322000
6	0		151.285032000
17		41	151.347258000
1,17		1358	151.409431000
6	0		151.532685000
6	0		151.594866000
17		41	151.657017000
1,17		1358	151.719175000
6	0		151.843436000
17		41	151.905475000
6	0		151.989986000
6	0		152.028926000
17		44	152.090611000
17		33	152.116333000
17		1358	152.152862000
6	0		152.152904000
17		1358	152.153841000
17		1358	152.160647000
17		1358	152.160679000
17		1358	152.160682000
17		312	152.160685000
6	0		152.214707000
6	0		152.339204000
17		1358	152.401138000
17		1358	152.401448000
6	137		152.463626000
6	39		152.463648000
6	0		152.463654000
6	0		152.463901000
6	0		152.463915000
6	39		152.464096000
6	104		152.466689000
6	1418		152.474163000
6	0		152.524813000
6	1418		152.575944000
6	0		152.649392000
6	1418		152.677730000
17		1358	152.701630000
6	0		152.773098000
6	1418		152.779501000
6	0		152.835264000
6	1418		152.881276000
6	0		152.958880000
17		1358	152.958904000
17		1358	152.959255000
6	1418		152.983078000
6	0		153.083528000
6	1418		153.084840000
6	0		153.144705000
6	1418		153.186618000
6	0		153.269017000
6	1418		153.288398000
1,17		1358	153.331290000
6	1418		153.390180000
6	0		153.454664000
6	1418		153.491978000
6	0		153.516862000
17		1358	153.559428000
1,17		1358	153.579308000
6	1354		153.593762000
6	0		153.703254000
6	0		153.827568000
6	0		153.888691000
6	0		154.013032000
6	0		154.075205000
6	0		154.199385000
17		1358	154.199412000
6	0		154.199422000
17		1358	154.199752000
6	0		154.323295000
6	0		154.447543000
6	0		154.508694000
6	0		154.555356000
6	0		154.555408000
6	0		154.633026000
1,17		1358	154.695186000
6	0		154.702058000
6	41		154.707434000
6	0		154.757331000
6	0		154.757355000
1,17		1358	154.819496000
6	0		154.853823000
6	21		154.857503000
6	0		154.857538000
6	1080		154.858466000
6	0		154.880907000
6	39		154.880928000
6	194		154.880935000
6	0		154.881239000
6	287		154.882079000
6	1418		154.900409000
1,17		1358	154.943482000
6	1418		154.995119000
1,17		1358	155.004749000
6	0		155.005011000
6	440		155.023402000
6	0		155.053610000
6	0		155.053648000
6	0		155.066238000
6	0		155.066708000
6	1418		155.089811000
6	1418		155.184519000
6	0		155.191539000
6	48		155.212652000
6	0		155.212691000
6	280		155.216620000
6	1418		155.279200000
6	0		155.315065000
6	0		155.363041000
6	16		155.365314000
6	1418		155.373889000
17		1358	155.400208000
6	0		155.406218000
6	0		155.439315000
6	1418		155.468574000
6	52		155.552568000
6	0		155.552603000
6	52		155.552680000
6	0		155.563061000
6	1418		155.563267000
6	1418		155.657994000
6	0		155.687020000
6	100		155.699112000
6	0		155.742212000
6	1418		155.752626000
6	1418		155.847336000
6	0		155.873427000
6	0		155.873459000
6	1418		155.942038000
6	0		155.949315000
6	0		155.949366000
6	0		155.996942000
6	1418		156.036747000
17		1358	156.059271000
6	1418		156.131412000
6	0		156.182771000
6	588		156.226111000
6	0		156.244932000
6	0		156.430793000
6	0		156.555176000
6	0		156.617449000
6	0		156.802661000
6	0		156.865171000
6	0		156.989096000
6	0		157.175249000
6	0		157.237400000
6	0		157.360773000
6	0		157.361089000
6	0		157.422943000
6	0		157.546733000
6	0		157.609354000
6	0		157.609377000
6	0		157.609385000
6	0		157.609389000
6	0		157.609394000
6	0		157.609603000
6	0		157.609632000
6	0		157.609640000
6	0		157.609932000
6	0		157.795485000
6	68		157.901378000
6	0		157.918810000
6	0		157.980971000
6	52		158.047949000
6	0		158.047996000
6	0		158.048017000
6	0		158.049912000
6	0		158.167458000
6	1420		158.167970000
6	1420		158.192406000
6	0		158.196244000
6	0		158.228665000
6	0		158.290993000
6	1420		158.291453000
6	1420		158.315933000
6	0		158.477565000
6	0		158.538860000
6	1420		158.539363000
6	1420		158.563803000
6	0		158.725607000
6	1420		158.726083000
6	1420		158.750549000
6	0		158.849383000
6	0		158.849407000
6	1420		158.849923000
6	0		159.035501000
6	1420		159.036009000
6	1420		159.060470000
6	0		159.158947000
6	0		159.221122000
6	1420		159.221602000
6	1420		159.246068000
6	0		159.406669000
6	1420		159.407183000
6	1420		159.435249000
6	0		159.468919000
6	0		159.592828000
6	1420		159.593314000
6	1420		159.617766000
6	0		159.779383000
6	1420		159.779858000
6	1420		159.804315000
6	0		159.841582000
6	0		160.026999000
6	1420		160.027502000
6	1420		160.051941000
6	0		160.151418000
6	0		160.151438000
6	0		160.151444000
6	0		160.151449000
6	0		160.151756000
6	0		160.151919000
6	0		160.151940000
6	0		160.213395000
17		44	160.213418000
17		41	160.213422000
6	1420		160.213894000
6	1420		160.238345000
17		33	160.239890000
6	0		160.399548000
6	39		160.399597000
6	0		160.399857000
6	1420		160.400012000
6	1420		160.424475000
6	0		160.522934000
6	1418		160.523871000
6	0		160.585158000
6	1420		160.585670000
6	1420		160.610125000
6	0		160.770869000
6	1420		160.771341000
6	1420		160.795780000
6	0		160.832681000
6	1418		160.833183000
6	1418		160.874517000
6	0		160.957029000
6	1420		160.957540000
6	1420		160.981991000
6	0		161.143528000
6	1418		161.144043000
6	0		161.181822000
6	0		161.181875000
6	1418		161.185377000
6	0		161.194737000
6	41		161.201434000
6	0		161.205369000
6	522		161.205390000
6	1420		161.205860000
6	639		161.206916000
6	1418		161.206944000
6	1418		161.206952000
6	1418		161.206956000
6	0		161.214177000
6	21		161.214211000
6	0		161.214221000
6	1080		161.215280000
6	1420		161.230333000
6	440		161.233293000
6	0		161.274211000
6	48		161.287024000
6	0		161.287059000
6	280		161.291291000
6	0		161.338827000
6	1418		161.365871000
6	0		161.390879000
6	1420		161.391350000
6	1420		161.415827000
6	16		161.439845000
6	74		161.453102000
6	0		161.453368000
6	0		161.482211000
6	52		161.495011000
6	0		161.495050000
6	52		161.495155000
6	0		161.507833000
6	0		161.515293000
6	1418		161.515791000
6	1418		161.524829000
6	84		161.533254000
6	1418		161.557138000
6	0		161.574208000
6	0		161.576702000
6	1420		161.577171000
6	1420		161.601625000
6	1418		161.683764000
6	0		161.763236000
6	1418		161.763801000
6	1418		161.805120000
6	1418		161.842716000
6	0		161.887408000
6	0		161.887439000
6	1418		161.887890000
6	1420		161.887923000
6	1418		161.970501000
6	1418		162.001690000
6	0		162.011552000
6	1418		162.053185000
6	0		162.135541000
6	1418		162.135845000
6	1418		162.160632000
6	1418		162.218555000
6	0		162.258853000
6	1418		162.301229000
6	1297		162.319567000
6	0		162.321056000
6	0		162.383423000
6	0		162.383455000
6	0		162.383466000
6	51		162.383476000
6	0		162.383483000
6	92		162.383495000
6	31		162.383537000
6	603		162.383555000
6	0		162.383723000
6	0		162.383745000
6	0		162.383748000
6	0		162.383797000
6	31		162.383841000
6	0		162.383845000
6	1418		162.383889000
6	0		162.383942000
6	413		162.384926000
6	1418		162.418580000
6	0		162.444732000
6	1418		162.466614000
6	1418		162.537814000
6	1418		162.549347000
6	0		162.569038000
6	1418		162.631981000
6	1418		162.657071000
6	0		162.692995000
6	1418		162.714674000
6	0		162.754746000
6	0		162.754786000
6	0		162.755943000
6	1418		162.776345000
6	1418		162.797368000
6	1396		162.816985000
6	678		162.817020000
6	0		162.817843000
6	2792		162.841012000
6	1396		162.873613000
6	0		162.878751000
6	1418		162.880063000
6	1418		162.895580000
6	1396		162.906283000
6	1396		162.938892000
6	1418		162.962745000
6	1396		162.971559000
6	0		163.002741000
6	31		163.002767000
6	0		163.002783000
6	0		163.002790000
6	0		163.003291000
6	0		163.003333000
6	1396		163.004179000
6	0		163.008614000
6	1418		163.014815000
6	1396		163.036838000
6	0		163.060766000
6	1396		163.065137000
6	572		163.065160000
6	1396		163.069492000
6	1396		163.072167000
6	0		163.077835000
6	1396		163.097895000
6	1396		163.102109000
6	1396		163.124341000
6	1396		163.127307000
6	572		163.127335000
6	0		163.127343000
6	0		163.133404000
6	1418		163.134027000
6	1396		163.134335000
6	1396		163.134714000
6	0		163.144174000
6	0		163.144237000
6	1012		163.150793000
6	1396		163.160820000
6	1396		163.167406000
6	1396		163.188222000
6	0		163.188680000
1,17		1358	163.188704000
1,17		1358	163.188711000
6	1396		163.200046000
6	1012		163.215641000
6	1396		163.232678000
1,17		1358	163.251027000
6	1418		163.253300000
6	1396		163.265319000
6	1396		163.297962000
6	0		163.305539000
1,17		1358	163.312880000
1,17		312	163.312900000
6	1396		163.330614000
6	1396		163.363462000
6	1418		163.372574000
1,17		1358	163.374883000
6	0		163.374908000
6	0		163.374914000
6	1396		163.395908000
6	0		163.421901000
6	0		163.421953000
6	1396		163.428542000
6	0		163.436836000
6	1396		163.461177000
6	0		163.461577000
6	12		163.461804000
6	1418		163.491815000
6	1396		163.493855000
6	0		163.499000000
6	0		163.501385000
6	12		163.501418000
6	0		163.501428000
6	1		163.501572000
6	4		163.501585000
6	32		163.501619000
6	0		163.501630000
6	1396		163.526469000
6	0		163.541118000
6	0		163.541197000
6	0		163.541253000
6	0		163.541398000
6	0		163.541408000
6	0		163.541420000
6	1396		163.559137000
6	68		163.560268000
6	0		163.561189000
6	52		163.573065000
6	0		163.573106000
6	0		163.573125000
6	0		163.574319000
6	0		163.587041000
6	1396		163.591757000
6	1418		163.611084000
6	1396		163.624389000
6	1396		163.657043000
6	0		163.685368000
6	1396		163.689676000
6	1396		163.722327000
6	1354		163.730314000
6	0		163.747411000
6	0		163.747445000
6	0		163.747943000
6	1396		163.754953000
6	1396		163.787605000
6	283		163.820258000
6	0		163.871066000
6	0		163.932756000
6	0		163.995031000
6	0		163.995059000
6	0		163.995540000
6	0		164.056802000
6	0		164.118943000
6	0		164.181129000
1,17		1358	164.181162000
6	0		164.243306000
6	0		164.367447000
6	0		164.428726000
6	0		164.490896000
6	0		164.553187000
6	0		164.615311000
6	0		164.677492000
6	0		164.677518000
6	0		164.800838000
6	0		164.863013000
6	0		164.925189000
6	0		164.987352000
6	0		165.049524000
6	0		165.110729000
6	0		165.172780000
6	0		165.234988000
6	0		165.297054000
6	39		165.297084000
6	0		165.302599000
6	0		165.421009000
6	1420		165.421504000
6	1420		165.445949000
6	1420		165.494874000
6	1420		165.543802000
6	0		165.545397000
6	1420		165.593642000
6	1420		165.641666000
6	0		165.669205000
6	1420		165.690555000
6	0		165.730828000
6	0		165.730853000
6	0		165.731355000
6	1420		165.739482000
6	1420		165.788417000
6	0		165.792796000
6	1420		165.837324000
6	0		165.854890000
6	1420		165.886246000
6	0		165.917086000
6	1420		165.935204000
6	0		165.979251000
6	1420		165.984097000
6	0		166.009543000
6	1420		166.033022000
6	0		166.041293000
6	0		166.041315000
6	0		166.041808000
6	1420		166.081945000
6	0		166.103277000
6	1420		166.130867000
6	0		166.165185000
6	1420		166.179798000
6	0		166.227096000
6	1420		166.228717000
6	1420		166.277652000
6	0		166.288915000
6	1420		166.326578000
6	0		166.350896000
6	1420		166.375486000
6	0		166.412831000
6	1420		166.424400000
6	1420		166.473321000
6	0		166.475027000
6	1420		166.522234000
6	0		166.536692000
6	1420		166.571155000
6	0		166.598636000
6	1420		166.620063000
6	0		166.661389000
6	1420		166.668977000
6	1420		166.717919000
6	0		166.723252000
6	0		166.723272000
6	1420		166.766835000
6	0		166.785147000
6	1420		166.815788000
6	0		166.834737000
6	0		166.834777000
6	0		166.847469000
6	1420		166.864692000
6	1420		166.913601000
6	1420		166.962517000
6	0		166.970795000
6	1420		167.011453000
6	0		167.032764000
6	0		167.032784000
6	1418		167.033277000
6	1420		167.060363000
6	1418		167.074630000
6	0		167.094946000
6	1420		167.109332000
6	0		167.157171000
6	1418		167.157299000
6	1420		167.158200000
6	1420		167.207188000
6	1418		167.240005000
6	1420		167.256096000
6	0		167.281420000
6	1420		167.304966000
6	1418		167.322701000
6	0		167.342997000
6	1420		167.353896000
6	1420		167.402840000
6	0		167.405168000
6	1418		167.405361000
6	1420		167.451771000
6	1418		167.488170000
6	1420		167.500664000
6	0		167.528977000
6	1420		167.549582000
6	1418		167.570746000
6	0		167.591050000
6	0		167.591074000
6	1420		167.598500000
6	1420		167.647429000
6	0		167.652722000
6	1418		167.653433000
6	1420		167.696357000
6	0		167.714698000
6	1418		167.736116000
6	1420		167.745270000
6	0		167.776883000
6	0		167.780423000
6	1420		167.794200000
6	1418		167.818815000
6	0		167.838685000
6	1420		167.843125000
6	1420		167.892041000
6	0		167.901190000
6	1418		167.901483000
6	1420		167.940971000
6	0		167.963329000
6	1418		167.984194000
6	1420		167.989899000
6	0		168.025242000
6	1420		168.038787000
6	1418		168.066878000
6	0		168.087204000
6	603		168.087227000
6	0		168.087530000
6	1420		168.087700000
6	1420		168.136662000
6	0		168.148995000
6	1418		168.149556000
6	1420		168.185590000
6	0		168.210945000
6	1418		168.232254000
6	1420		168.234511000
6	0		168.272774000
6	1420		168.283412000
6	1418		168.314945000
6	1420		168.332343000
6	0		168.334934000
6	1420		168.381274000
6	0		168.396840000
6	1418		168.397628000
6	1420		168.430184000
6	0		168.459412000
6	1420		168.479099000
6	1418		168.480312000
6	1420		168.528277000
6	1418		168.562986000
6	1420		168.576947000
6	0		168.583320000
6	0		168.583342000
6	1420		168.625877000
6	1418		168.645677000
6	1420		168.674783000
6	0		168.707031000
6	1420		168.723712000
6	1418		168.728390000
6	0		168.769191000
6	1420		168.772739000
6	1418		168.811053000
6	1420		168.821562000
6	1420		168.870472000
6	0		168.892761000
6	0		168.892780000
6	0		168.892786000
6	0		168.892794000
6	0		168.893067000
6	0		168.893080000
6	0		168.893254000
6	1418		168.893723000
6	1420		168.919385000
6	0		168.954934000
6	1420		168.968308000
6	1418		168.976420000
6	1420		169.017220000
6	1418		169.059135000
6	1420		169.066165000
6	1420		169.115131000
6	0		169.141536000
6	0		169.141562000
6	1418		169.141799000
6	1420		169.164066000
6	0		169.203258000
6	0		169.203290000
6	0		169.203309000
6	0		169.203319000
6	0		169.203326000
6	0		169.203332000
6	39		169.203338000
6	0		169.203655000
6	1420		169.212952000
6	1418		169.224493000
6	1420		169.261858000
6	0		169.265115000
6	0		169.265141000
6	1418		169.307168000
6	1420		169.310778000
6	0		169.327031000
6	1420		169.359691000
6	0		169.389127000
6	1418		169.389843000
6	1420		169.408606000
6	0		169.451268000
6	1420		169.457572000
6	1418		169.472546000
6	1420		169.506446000
6	1418		169.555249000
6	1420		169.555338000
6	0		169.574842000
6	1420		169.604288000
6	0		169.636744000
6	1418		169.637907000
6	1420		169.653205000
6	0		169.699039000
6	517		169.699067000
6	0		169.699536000
6	1420		169.702105000
6	2836		169.706897000
6	1503		169.706935000
6	1418		169.720607000
6	1420		169.751057000
6	0		169.760751000
6	1420		169.800017000
6	1418		169.803299000
6	0		169.823528000
6	1420		169.848901000
6	0		169.884768000
6	1418		169.885978000
6	1420		169.897821000
6	1420		169.946770000
6	0		169.946949000
6	1418		169.968671000
6	1420		169.995667000
6	0		170.009083000
6	1420		170.044592000
6	1418		170.051363000
6	1420		170.093534000
6	0		170.105551000
6	0		170.132851000
6	0		170.132872000
6	0		170.133326000
6	1418		170.134024000
6	1420		170.142465000
6	1420		170.191369000
6	0		170.195027000
6	1418		170.216736000
6	1420		170.240302000
6	0		170.257397000
6	0		170.257423000
6	1420		170.289227000
6	1418		170.299432000
6	1420		170.338112000
6	0		170.381206000
6	0		170.381233000
6	517		170.381239000
6	0		170.381738000
6	1418		170.382070000
6	1420		170.387033000
6	2836		170.388925000
6	1502		170.388973000
6	1420		170.435963000
6	0		170.443340000
6	1418		170.464797000
6	1420		170.484881000
6	0		170.505181000
6	1420		170.533809000
6	1418		170.547492000
6	0		170.566799000
6	0		170.566821000
6	1420		170.582727000
6	0		170.629006000
6	1418		170.630164000
6	1420		170.631626000
6	1420		170.680562000
6	1418		170.712874000
6	1420		170.729504000
6	0		170.752782000
6	1420		170.778414000
6	1418		170.795558000
6	0		170.815570000
6	0		170.815594000
6	1418		170.878232000
6	0		170.939181000
6	1418		170.960924000
6	0		171.000696000
6	1418		171.043618000
6	0		171.063227000
6	0		171.063254000
6	0		171.125126000
6	0		171.125154000
6	0		171.125164000
6	0		171.125457000
6	0		171.125515000
6	1418		171.126280000
6	1396		171.187314000
6	572		171.187347000
6	0		171.187356000
6	0		171.193602000
6	1396		171.194692000
6	1418		171.208985000
6	1396		171.220066000
6	1396		171.246497000
6	0		171.248621000
6	1012		171.272966000
6	1418		171.291669000
6	0		171.311031000
6	0		171.372824000
6	0		171.372846000
6	1418		171.374355000
6	1396		171.435274000
6	572		171.435302000
6	0		171.435312000
6	0		171.441343000
6	1418		171.457048000
6	1396		171.489470000
6	0		171.496711000
6	1396		171.503170000
6	1396		171.530609000
6	1418		171.539723000
6	0		171.541803000
6	0		171.541849000
6	1012		171.558016000
6	0		171.558935000
6	0		171.580675000
6	12		171.580951000
6	0		171.619726000
6	12		171.619759000
6	0		171.619773000
6	1		171.620037000
6	4		171.620063000
6	32		171.620111000
6	0		171.620121000
6	0		171.621415000
6	0		171.621444000
6	1418		171.622414000
6	0		171.658777000
6	0		171.658859000
6	0		171.658889000
6	0		171.658977000
6	0		171.658990000
6	0		171.683380000
6	1418		171.705094000
6	1418		171.787789000
6	0		171.807372000
6	0		171.807402000
6	1418		171.870459000
6	0		171.931314000
6	1418		171.953158000
6	1418		172.035869000
6	0		172.055232000
6	0		172.117410000
6	1418		172.118521000
6	1418		172.201232000
6	0		172.241170000
6	1418		172.283912000
6	0		172.365401000
6	1418		172.366581000
6	0		172.427577000
6	1418		172.449300000
6	1418		172.531992000
6	0		172.550800000
6	1418		172.614642000
6	0		172.674958000
6	0		172.674986000
6	39		172.674993000
6	0		172.675322000
6	1418		172.697352000
6	0		172.737040000
17		1315	172.737065000
17		36	172.738820000
17		107	172.750657000
17		188	172.750691000
6	1418		172.780048000
6	0		172.799164000
6	0		172.799188000
6	1396		172.861474000
6	683		172.861508000
6	0		172.861519000
6	0		172.861945000
6	1418		172.862714000
6	1396		172.862859000
6	1396		172.894570000
6	0		172.922698000
6	1396		172.927203000
6	1418		172.945442000
6	1396		172.959848000
6	0		172.985029000
6	1396		172.992517000
6	1396		173.025137000
6	1418		173.028122000
6	0		173.047302000
6	1396		173.057763000
6	1396		173.090411000
6	0		173.108730000
6	1418		173.110774000
6	1396		173.123058000
6	1396		173.155706000
6	0		173.170897000
6	1396		173.188335000
6	1396		173.220973000
6	0		173.233092000
6	0		173.233124000
6	1396		173.253646000
6	1396		173.286262000
6	0		173.295387000
6	1396		173.318931000
6	1396		173.351571000
6	0		173.356635000
6	1396		173.384220000
6	1396		173.416850000
6	0		173.418970000
6	1396		173.449493000
6	0		173.480835000
6	1396		173.482118000
6	1396		173.514781000
6	0		173.543015000
6	1396		173.547402000
6	1396		173.580057000
6	0		173.605364000
6	0		173.605393000
6	1396		173.612700000
6	1396		173.645345000
6	0		173.667562000
6	1396		173.677990000
6	1396		173.710643000
6	0		173.728745000
6	1396		173.743261000
6	1396		173.775920000
6	0		173.791038000
6	1396		173.808571000
6	1396		173.841207000
6	0		173.853322000
6	1396		173.873853000
6	1396		173.906496000
6	0		173.914816000
6	1396		173.939137000
6	1396		173.971762000
6	0		173.976992000
6	1396		174.004417000
6	1396		174.037083000
6	0		174.039193000
6	1396		174.069693000
6	0		174.101045000
6	1396		174.102326000
6	1396		174.134987000
6	0		174.163221000
6	1396		174.167637000
6	1396		174.200271000
6	0		174.225582000
6	1396		174.232920000
6	1396		174.265561000
6	0		174.286738000
6	1396		174.298209000
6	0		174.348963000
6	0		174.411646000
6	0		174.472769000
6	0		174.472800000
6	0		174.535089000
6	0		174.597279000
6	0		174.659440000
6	0		174.721611000
6	0		174.782791000
6	0		174.844954000
6	0		174.969205000
6	0		175.031487000
6	0		175.092689000
6	0		175.216943000
6	0		175.278909000
6	0		175.278942000
6	0		175.279834000
6	0		175.341061000
6	0		175.403203000
6	0		175.464757000
6	0		175.527075000
6	0		175.527102000
6	0		175.527556000
6	0		175.527568000
6	0		175.589017000
6	0		175.651201000
6	0		175.713348000
6	0		175.775453000
6	0		175.899372000
6	0		176.023385000
6	0		176.023420000
6	0		176.147501000
6	0		176.332978000
6	0		176.395148000
6	0		176.395171000
6	0		176.581585000
6	0		176.704885000
6	0		176.767066000
6	0		176.953545000
6	0		177.014672000
6	0		177.139055000
6	0		177.325451000
6	0		177.325485000
6	0		177.325782000
6	0		177.387137000
6	0		177.573444000
6	0		177.573473000
6	0		177.573481000
6	0		177.574009000
6	0		177.574304000
6	0		177.696753000
6	0		177.758853000
6	0		177.945436000
6	0		177.945459000
6	0		178.068952000
6	0		178.254730000
6	0		178.316745000
6	0		178.503212000
6	0		178.627590000
6	0		178.688728000
6	0		178.875260000
6	0		178.937430000
6	0		179.060839000
6	0		179.247386000
6	0		179.309522000
6	0		179.494991000
6	0		179.619297000
6	0		179.681465000
6	1420		179.681972000
6	0		179.736352000
6	0		179.835247000
6	1420		179.835692000
6	1420		179.860160000
6	0		179.881459000
6	0		179.972754000
6	1420		179.973246000
6	1420		179.997704000
6	0		180.014266000
6	0		180.110862000
6	1420		180.111347000
6	1420		180.135808000
6	0		180.157010000
6	1420		180.184731000
6	0		180.203089000
6	0		180.249288000
6	0		180.249313000
6	64		180.249322000
6	92		180.249328000
6	0		180.249797000
6	0		180.249816000
6	0		180.295449000
6	0		180.387498000
6	39		180.387530000
6	0		180.387786000
6	1420		180.387931000
6	1420		180.412414000
6	0		180.419680000
6	0		180.433071000
6	0		180.433838000
6	0		180.472352000
6	0		180.524690000
6	0		180.570812000
6	1420		180.571297000
6	1420		180.595773000
6	0		180.662815000
6	0		180.663102000
6	0		180.709341000
6	1420		180.709824000
6	0		180.720369000
6	0		180.733583000
6	1420		180.734281000
6	0		180.800746000
6	0		180.846876000
6	0		180.846898000
6	1420		180.847345000
6	1420		180.871784000
6	0		180.923890000
6	0		180.966214000
6	0		180.985285000
6	1420		180.985786000
6	1420		181.010247000
6	0		181.030636000
6	1420		181.059174000
6	0		181.123557000
6	1420		181.124060000
6	1420		181.157012000
6	0		181.260651000
6	0		181.306674000
6	0		181.306895000
6	0		181.306937000
6	1420		181.307112000
6	0		181.323784000
6	41		181.329266000
6	1420		181.331584000
6	0		181.345713000
6	21		181.345748000
6	0		181.345759000
6	1080		181.346769000
6	0		181.352878000
6	0		181.362995000
6	440		181.363049000
6	0		181.399029000
6	0		181.399049000
6	0		181.399621000
6	0		181.406239000
6	48		181.422548000
6	0		181.422585000
6	280		181.426686000
6	0		181.442988000
6	0		181.445406000
6	0		181.445434000
6	64		181.445443000
6	0		181.445451000
6	0		181.445729000
6	0		181.445870000
6	16		181.472178000
6	0		181.514228000
6	52		181.530600000
6	0		181.530646000
6	52		181.530764000
6	84		181.547279000
6	0		181.583286000
6	1420		181.583780000
6	0		181.590213000
6	1420		181.608220000
6	0		181.675457000
6	0		181.675484000
6	0		181.675769000
6	0		181.720753000
6	1420		181.721243000
6	1420		181.745709000
6	0		181.859150000
6	1420		181.859662000
6	1420		181.884118000
6	0		181.905324000
6	1420		181.933042000
6	0		181.997456000
6	1420		181.997937000
6	1420		182.030913000
6	0		182.043012000
6	0		182.135454000
6	0		182.181570000
6	0		182.273365000
6	0		182.273386000
6	0		182.319363000
6	0		182.411202000
6	1396		182.457380000
6	572		182.457413000
6	0		182.463680000
6	1396		182.470780000
6	1396		182.496042000
6	0		182.503551000
6	1396		182.522491000
6	1012		182.548944000
6	0		182.595271000
6	0		182.641386000
6	0		182.641408000
6	0		182.687526000
6	0		182.778866000
6	1396		182.825003000
6	572		182.825026000
6	1396		182.831864000
6	0		182.836975000
6	1396		182.858435000
17		1009	182.870707000
6	0		182.870733000
6	1418		182.871293000
17		36	182.871994000
6	1396		182.885846000
17		107	182.886639000
17		206	182.890889000
6	1012		182.913255000
6	0		182.916854000
6	1418		182.917366000
6	1418		182.995305000
6	0		183.008735000
6	1418		183.077991000
6	0		183.100829000
6	1418		183.160681000
6	0		183.192957000
6	0		183.239091000
6	1418		183.243372000
6	1418		183.326062000
6	0		183.330782000
17		41	183.377138000
6	1418		183.408747000
17		44	183.423398000
17		41	183.423420000
6	0		183.423428000
17		33	183.449116000
6	0		183.469419000
6	0		183.469447000
6	0		183.469455000
6	0		183.469466000
6	0		183.469563000
6	0		183.469686000
6	0		183.469765000
6	0		183.475468000
6	0		183.481673000
6	1418		183.491443000
6	0		183.515674000
6	1418		183.574114000
6	0		183.607418000
6	1396		183.607921000
6	1396		183.624268000
6	0		183.653404000
6	1418		183.656811000
6	1125		183.656855000
6	0		183.699136000
6	0		183.699742000
6	1418		183.739522000
6	0		183.744827000
6	0		183.791446000
6	0		183.791471000
6	0		183.791479000
6	1418		183.822170000
6	0		183.882662000
6	0		183.904780000
6	0		183.904825000
6	1418		183.904841000
6	0		183.928773000
6	0		183.975205000
6	68		183.986270000
6	1418		183.987536000
6	52		184.002687000
6	0		184.002724000
6	0		184.002742000
6	0		184.004066000
6	0		184.020426000
6	0		184.020808000
6	0		184.066946000
6	1418		184.070246000
6	0		184.113096000
6	1418		184.152924000
6	0		184.158661000
6	0		184.204639000
6	1418		184.235599000
6	0		184.250901000
6	0		184.297021000
6	1418		184.318313000
6	0		184.343203000
6	0		184.388713000
6	1418		184.400980000
6	0		184.434892000
6	0		184.481690000
6	1418		184.483668000
6	0		184.526878000
6	1418		184.566376000
6	0		184.573172000
6	0		184.618794000
6	1418		184.649053000
6	0		184.664965000
6	0		184.711495000
6	0		184.756637000
6	0		184.758630000
6	0		184.758682000
6	0		184.784211000
6	41		184.790305000
6	0		184.802825000
6	0		184.815201000
6	21		184.818806000
6	0		184.818852000
6	1080		184.819896000
6	0		184.844733000
6	440		184.844830000
6	0		184.849011000
6	0		184.886213000
6	0		184.895238000
6	48		184.911176000
6	0		184.911217000
6	280		184.915199000
6	0		184.940100000
6	0		184.941237000
6	16		184.974323000
6	0		184.987385000
6	0		185.018212000
6	0		185.033540000
6	52		185.043077000
6	0		185.043113000
6	52		185.043248000
6	84		185.068179000
6	0		185.078691000
6	0		185.110225000
6	0		185.124831000
6	0		185.124852000
6	0		185.170969000
6	0		185.217116000
6	0		185.263257000
6	0		185.309393000
6	0		185.355528000
6	0		185.400730000
6	0		185.446892000
6	0		185.493082000
6	0		185.539196000
6	0		185.585350000
6	0		185.631490000
6	501		185.677203000
6	0		185.677707000
6	0		185.710238000
6	0		185.722719000
6	1420		185.723174000
6	1420		185.744002000
6	0		185.769276000
6	1420		185.785633000
6	0		185.815003000
6	1420		185.827265000
6	0		185.861478000
6	0		185.861497000
6	1420		185.868923000
6	0		185.906630000
6	1420		185.910528000
6	1420		185.952180000
6	0		185.953224000
6	1420		185.993816000
6	0		185.999134000
6	1420		186.035450000
6	0		186.044796000
6	1420		186.077098000
6	0		186.091394000
6	0		186.091418000
6	517		186.091425000
6	0		186.091432000
6	0		186.091436000
6	0		186.091762000
6	0		186.091939000
6	2836		186.099266000
6	1418		186.099311000
6	1418		186.099319000
6	998		186.099351000
6	1420		186.118721000
6	0		186.137036000
6	1420		186.160370000
6	0		186.183467000
6	517		186.183489000
6	0		186.183730000
6	2836		186.190866000
6	3834		186.190918000
6	1420		186.201995000
6	0		186.212576000
6	0		186.212622000
6	0		186.229366000
6	0		186.229396000
6	0		186.229404000
6	1420		186.243627000
6	1420		186.285268000
6	0		186.321009000
6	1420		186.326904000
6	0		186.367221000
6	0		186.367487000
6	1420		186.368523000
6	1420		186.410207000
6	0		186.413723000
6	0		186.413752000
6	1420		186.451805000
6	0		186.458907000
6	1420		186.493453000
6	1420		186.535081000
6	0		186.550844000
6	1420		186.576739000
6	1420		186.618338000
6	0		186.643167000
6	1420		186.660000000
6	1420		186.701624000
6	0		186.735361000
6	1420		186.743277000
6	1420		186.784892000
6	1420		186.826544000
6	0		186.826711000
6	1420		186.868171000
6	1420		186.909813000
6	0		186.918854000
6	1420		186.951444000
6	1420		186.993090000
6	0		187.010878000
6	1420		187.034713000
6	68		187.054482000
6	1420		187.076354000
6	52		187.081841000
6	0		187.081884000
6	0		187.081905000
6	0		187.083332000
6	0		187.103142000
6	0		187.108167000
6	1420		187.118005000
6	1420		187.159624000
6	0		187.195412000
6	1420		187.201284000
6	1420		187.242910000
6	0		187.262271000
6	0		187.262325000
6	1420		187.284561000
6	0		187.286649000
6	1420		187.326167000
6	0		187.333595000
6	1420		187.367802000
6	0		187.378773000
6	1420		187.409445000
17		41	187.424735000
6	1420		187.451067000
6	0		187.470942000
17		44	187.470969000
17		41	187.470976000
6	1420		187.492719000
17		33	187.497114000
6	0		187.516971000
17		611	187.516996000
17		144	187.517002000
17		36	187.517846000
17		33	187.517938000
17		71	187.517963000
17		47	187.526369000
17		33	187.526409000
6	1420		187.534370000
6	0		187.563498000
6	1418		187.564005000
6	1420		187.576002000
6	1418		187.594591000
6	0		187.607791000
6	0		187.608689000
6	0		187.613715000
6	1420		187.617635000
6	0		187.654895000
6	1418		187.655731000
6	1420		187.659291000
6	1420		187.700905000
6	0		187.701093000
6	1418		187.716890000
6	1420		187.742537000
6	0		187.746795000
6	1418		187.778067000
6	1420		187.784200000
6	0		187.792950000
6	1420		187.825833000
6	0		187.839145000
6	0		187.839164000
6	1418		187.839184000
6	0		187.843184000
6	0		187.843233000
6	1420		187.867441000
6	0		187.884868000
6	1418		187.900341000
6	1420		187.909090000
6	0		187.931018000
6	1420		187.950724000
6	1418		187.961551000
6	0		187.976857000
6	1420		187.992358000
6	1418		188.022652000
6	0		188.022818000
6	1420		188.034013000
6	0		188.068965000
6	1420		188.075611000
6	1418		188.083791000
6	0		188.115051000
6	0		188.115080000
17		1078	188.115092000
17		36	188.115879000
6	1420		188.117266000
17		76	188.124869000
17		33	188.124903000
6	0		188.136846000
6	41		188.142049000
6	1418		188.144962000
6	1420		188.158910000
17		1353	188.161190000
17		36	188.162076000
6	1420		188.200551000
6	1418		188.206111000
17		716	188.207313000
17		589	188.207331000
6	0		188.207341000
6	0		188.207346000
6	0		188.207350000
6	0		188.207854000
6	0		188.207869000
6	0		188.208134000
17		33	188.208213000
17		33	188.208222000
17		48	188.216877000
17		33	188.216988000
17		48	188.217557000
17		33	188.220250000
6	1420		188.242196000
6	1396		188.252618000
6	0		188.258389000
6	1418		188.267261000
6	1420		188.283821000
6	0		188.290211000
6	561		188.299175000
6	0		188.299207000
6	0		188.299217000
6	0		188.299223000
6	0		188.299228000
6	0		188.299236000
6	0		188.299650000
6	0		188.299682000
6	1396		188.300745000
6	1420		188.325440000
6	1418		188.328398000
6	1396		188.332234000
6	0		188.345398000
6	1396		188.364895000
6	1420		188.367060000
6	1418		188.389578000
6	0		188.390808000
6	0		188.390835000
6	0		188.391695000
6	1396		188.397545000
6	1420		188.408740000
6	1396		188.430180000
6	0		188.434941000
6	0		188.436960000
6	21		188.439258000
6	0		188.439301000
6	1080		188.440242000
6	1420		188.450347000
6	1418		188.450695000
6	1396		188.462828000
6	0		188.482708000
6	1420		188.491977000
6	1396		188.495478000
6	1418		188.511877000
6	1396		188.528128000
6	0		188.529351000
6	1420		188.533658000
6	1396		188.560743000
6	1418		188.573024000
6	0		188.574663000
6	0		188.574685000
6	1420		188.575253000
6	1396		188.593413000
6	0		188.602320000
6	1420		188.616928000
6	0		188.621243000
6	1396		188.626068000
6	1418		188.634180000
6	1420		188.658542000
6	1396		188.658641000
6	0		188.667369000
6	1396		188.691329000
6	1418		188.695325000
6	0		188.696027000
6	1420		188.700166000
6	1396		188.723991000
6	0		188.732811000
6	440		188.735073000
6	1420		188.741839000
6	1418		188.756492000
6	1396		188.756578000
6	0		188.758791000
6	0		188.778208000
6	1420		188.783448000
6	1396		188.789249000
6	0		188.804950000
6	1418		188.817645000
6	1396		188.821912000
6	1420		188.825112000
6	1396		188.854573000
6	1420		188.866719000
6	1418		188.878809000
6	1396		188.887213000
6	0		188.896839000
6	1420		188.908344000
6	1396		188.919814000
6	1418		188.939944000
6	1420		188.949983000
6	1396		188.952477000
6	1396		188.985103000
6	0		188.989622000
6	1420		188.991616000
6	1418		189.001097000
6	1396		189.017763000
6	1420		189.033274000
6	1396		189.050421000
6	1418		189.062239000
6	48		189.070938000
6	0		189.070977000
6	1420		189.074893000
6	280		189.075114000
6	0		189.080690000
6	1396		189.083033000
6	1396		189.115682000
6	1420		189.116531000
6	1418		189.123384000
6	0		189.127402000
6	0		189.127426000
6	0		189.127872000
6	1396		189.148338000
6	1420		189.158211000
6	0		189.172761000
6	1396		189.181041000
6	1418		189.184536000
6	1420		189.199841000
6	1396		189.213607000
6	0		189.218651000
6	1420		189.241468000
6	1418		189.245712000
6	1396		189.246255000
6	0		189.265144000
6	1396		189.278925000
6	1420		189.283096000
6	1418		189.306842000
6	0		189.311394000
6	64		189.311419000
6	92		189.311427000
6	1396		189.311530000
6	608		189.311924000
6	31		189.311976000
6	1420		189.324725000
6	1396		189.344192000
6	1420		189.366357000
6	0		189.367491000
6	1418		189.367984000
6	1396		189.376830000
6	16		189.392953000
6	0		189.403097000
6	0		189.403136000
6	0		189.403606000
6	1420		189.407975000
6	1396		189.409448000
6	1418		189.429157000
6	0		189.434220000
6	1396		189.442108000
6	0		189.449308000
6	1420		189.449607000
6	1396		189.474743000
6	1418		189.490322000
6	1420		189.491247000
6	0		189.495497000
6	1396		189.507404000
6	1420		189.532938000
6	1396		189.540206000
6	0		189.540603000
6	1418		189.551448000
6	1396		189.572665000
6	1420		189.574516000
6	0		189.586747000
6	1396		189.605344000
6	1418		189.612631000
6	1420		189.616169000
6	0		189.633492000
6	64		189.633523000
6	608		189.634047000
6	1396		189.637965000
6	1420		189.657803000
6	1396		189.670601000
6	1418		189.673757000
6	1420		189.699437000
6	1396		189.703257000
6	0		189.725142000
6	52		189.726617000
6	0		189.726645000
6	52		189.726728000
6	1418		189.734907000
6	1396		189.735912000
6	1420		189.741071000
6	1396		189.768534000
6	1420		189.782718000
6	1418		189.796102000
6	1396		189.801203000
6	0		189.816916000
6	1420		189.824396000
6	1095		189.833834000
6	1418		189.857218000
6	1420		189.865998000
6	1420		189.907635000
6	0		189.909263000
6	1418		189.918380000
6	1420		189.949286000
6	1418		189.979538000
6	1420		189.990899000
6	0		190.000944000
6	84		190.019806000
6	1420		190.032536000
6	1418		190.040666000
6	0		190.062215000
6	1420		190.074166000
6	0		190.075400000
6	0		190.075445000
6	0		190.093087000
6	1418		190.101860000
6	1420		190.115830000
6	0		190.138753000
6	1420		190.157457000
6	1418		190.162991000
6	1420		190.199100000
6	1418		190.224131000
6	0		190.231382000
6	1420		190.240747000
6	1420		190.282371000
6	1418		190.285274000
6	0		190.300656000
6	0		190.306238000
6	41		190.306614000
6	0		190.323175000
6	1420		190.323980000
6	1418		190.346444000
6	1420		190.365611000
6	1420		190.407259000
6	1418		190.407576000
6	0		190.415068000
6	1420		190.448894000
6	0		190.451626000
6	41		190.459020000
6	1418		190.468740000
6	1420		190.490534000
6	0		190.507308000
6	1418		190.529894000
6	0		190.531520000
6	1420		190.532157000
6	21		190.532880000
6	0		190.532922000
6	1080		190.534018000
6	1420		190.573791000
6	1418		190.591059000
6	0		190.599789000
6	1420		190.615447000
6	0		190.621886000
6	1418		190.652194000
6	1420		190.657082000
6	0		190.690911000
6	1420		190.698714000
6	1418		190.713372000
6	1420		190.740341000
6	440		190.759931000
6	1418		190.774517000
6	1420		190.781995000
6	0		190.782747000
6	0		190.802208000
6	1420		190.823656000
6	1418		190.835659000
6	1420		190.865266000
6	0		190.875527000
6	1418		190.896818000
6	1420		190.906914000
6	1420		190.948524000
6	1418		190.957977000
6	0		190.966651000
6	1420		190.990161000
6	21		191.010442000
6	0		191.010487000
6	1080		191.011511000
6	1418		191.019145000
6	48		191.027025000
6	0		191.027081000
6	280		191.031316000
6	1420		191.031787000
6	0		191.059473000
17		44	191.059498000
17		41	191.059505000
17		45	191.059509000
6	1420		191.073442000
6	1418		191.080265000
17		33	191.085680000
6	1420		191.115076000
6	1418		191.141418000
6	0		191.150716000
6	0		191.150744000
6	0		191.151267000
6	1420		191.156718000
6	440		191.162218000
6	0		191.196898000
6	1420		191.198355000
6	1418		191.202574000
6	0		191.206207000
6	1420		191.239993000
6	0		191.243424000
6	0		191.243445000
6	0		191.243452000
6	16		191.260745000
6	1418		191.263712000
6	1420		191.281649000
6	0		191.302207000
6	1420		191.323258000
6	1418		191.324872000
6	0		191.335167000
6	48		191.345505000
6	0		191.345543000
6	280		191.351989000
6	1420		191.364907000
6	0		191.381437000
6	1418		191.386032000
6	1420		191.406526000
6	0		191.426884000
6	0		191.427343000
6	1418		191.447211000
6	1420		191.448129000
6	0		191.473722000
6	0		191.473747000
6	1420		191.489826000
6	16		191.500264000
6	1418		191.508333000
6	52		191.527160000
6	0		191.527196000
6	52		191.527284000
6	1420		191.530579000
6	0		191.542224000
6	0		191.564785000
6	1418		191.569480000
6	1420		191.571327000
6	0		191.611204000
6	1420		191.611837000
6	1418		191.630644000
6	1420		191.652297000
6	1418		191.691771000
6	1420		191.692794000
6	52		191.697833000
6	0		191.697867000
6	52		191.697992000
6	0		191.702721000
6	1420		191.732226000
6	0		191.749377000
6	1418		191.752941000
6	100		191.754988000
6	1420		191.771609000
6	0		191.795370000
6	0		191.798211000
6	1420		191.810994000
6	1418		191.814090000
6	84		191.839236000
6	1420		191.850375000
6	1418		191.875267000
6	0		191.882219000
6	0		191.887008000
6	1420		191.888749000
6	68		191.890877000
6	1420		191.927205000
6	1418		191.936392000
6	1420		191.965526000
6	0		191.979397000
6	0		191.979599000
6	0		191.979627000
6	1418		191.997576000
6	1420		192.002889000
6	1420		192.040270000
6	1418		192.058706000
6	0		192.071288000
6	1420		192.077676000
6	1420		192.115100000
6	1418		192.119865000
6	1420		192.152514000
6	0		192.162838000
17		41	192.162863000
6	1418		192.181004000
6	52		192.183957000
6	0		192.183991000
6	0		192.184009000
6	0		192.185608000
6	1420		192.189165000
6	0		192.209027000
17		44	192.209059000
17		41	192.209067000
6	1420		192.225894000
17		33	192.235022000
6	1418		192.242177000
6	1420		192.262554000
6	1420		192.299245000
17		41	192.301084000
6	1418		192.303308000
6	1420		192.335251000
6	0		192.346640000
6	1418		192.364465000
6	1420		192.371257000
6	0		192.393416000
17		44	192.393443000
17		41	192.393449000
17		45	192.393454000
6	0		192.393459000
6	0		192.393950000
6	1420		192.407269000
17		33	192.419537000
6	1418		192.425616000
6	1420		192.443300000
6	0		192.478363000
6	1420		192.478417000
6	1418		192.486768000
6	1420		192.513607000
6	0		192.531293000
6	0		192.531322000
6	517		192.531338000
6	0		192.531825000
6	2836		192.539801000
6	1914		192.539844000
6	1418		192.547930000
6	1420		192.548737000
6	0		192.577362000
6	1420		192.583906000
6	1418		192.609081000
6	1420		192.619065000
6	1420		192.653598000
6	0		192.668887000
6	1418		192.670215000
6	1420		192.688138000
6	0		192.715067000
6	1420		192.722671000
6	1418		192.731382000
6	1420		192.757193000
6	0		192.761365000
6	0		192.761387000
6	1420		192.791760000
6	1418		192.792513000
6	1420		192.826291000
6	0		192.853131000
6	517		192.853159000
6	0		192.853654000
6	1418		192.853675000
6	1420		192.860815000
6	2836		192.861917000
6	1914		192.861949000
6	1420		192.895343000
6	0		192.898669000
6	1418		192.914853000
6	1420		192.929892000
6	0		192.944834000
6	1420		192.964441000
6	1418		192.976004000
6	0		192.991240000
6	1420		192.998926000
6	1420		193.033466000
6	1418		193.037136000
6	1420		193.067237000
6	0		193.083479000
6	1418		193.098322000
6	1420		193.100951000
6	0		193.128993000
6	1420		193.134671000
6	1418		193.159503000
6	1420		193.168420000
6	0		193.174750000
6	1420		193.202159000
6	0		193.221105000
6	1420		193.235941000
6	1420		193.269646000
6	1420		193.302795000
6	0		193.313464000
6	1420		193.335970000
6	1420		193.369140000
6	1420		193.402333000
6	0		193.405375000
6	1420		193.435486000
6	0		193.450728000
6	1418		193.451196000
6	1420		193.468651000
6	1418		193.481782000
6	0		193.496899000
6	1420		193.501814000
6	1420		193.534999000
6	0		193.543174000
6	0		193.543198000
6	68		193.566882000
6	1420		193.568156000
6	1420		193.600759000
6	1420		193.633432000
6	0		193.635543000
6	68		193.650475000
6	1420		193.665985000
6	0		193.727336000
6	1420		193.727811000
6	1420		193.743863000
6	0		193.773189000
6	52		193.794895000
6	0		193.794938000
6	0		193.794957000
6	0		193.796432000
6	52		193.800661000
6	0		193.800691000
6	0		193.801365000
6	0		193.801878000
6	0		193.819317000
6	0		193.865463000
6	0		193.865485000
6	1418		193.865945000
6	1418		193.896504000
6	0		193.957002000
6	0		194.003155000
6	0		194.021149000
6	0		194.095472000
6	0		194.186727000
6	0		194.232881000
6	1418		194.233404000
6	1418		194.263967000
6	0		194.279062000
6	0		194.324687000
6	0		194.371637000
6	0		194.508941000
6	0		194.508962000
6	0		194.555074000
6	0		194.601207000
6	1418		194.601683000
6	1418		194.632282000
6	0		194.692722000
6	0		194.738871000
6	0		194.785082000
6	0		194.877310000
6	0		194.969605000
6	0		195.014625000
17		1353	195.014652000
6	1418		195.015155000
17		36	195.015661000
6	1418		195.045738000
6	0		195.061015000
6	0		195.107202000
6	0		195.152733000
17		1293	195.152760000
17		84	195.166357000
17		33	195.166472000
6	0		195.244832000
6	0		195.244854000
6	0		195.245340000
6	0		195.290981000
6	0		195.336867000
6	0		195.382873000
6	0		195.429007000
6	1418		195.429510000
6	1418		195.460084000
6	0		195.521454000
6	0		195.567599000
6	0		195.658880000
6	0		195.661707000
6	0		195.661749000
6	0		195.701657000
6	12		195.701894000
6	0		195.705014000
6	0		195.741523000
6	12		195.741554000
6	0		195.741564000
6	1		195.741710000
6	4		195.741730000
6	32		195.741739000
6	0		195.741750000
6	0		195.781297000
6	0		195.781331000
6	0		195.781335000
6	0		195.781398000
6	0		195.781414000
6	0		195.797359000
6	1418		195.797837000
6	1418		195.828419000
6	0		195.842682000
6	366		195.842705000
6	31		195.842711000
6	0		195.842972000
6	0		195.843400000
6	0		195.843440000
6	596		195.850450000
6	31		195.850489000
6	39		195.850510000
6	0		195.888731000
6	0		195.934956000
6	0		195.992082000
6	41		195.997470000
6	0		196.073371000
6	0		196.073394000
6	0		196.119508000
6	0		196.145104000
6	21		196.145555000
6	0		196.145571000
6	1080		196.146564000
6	0		196.164668000
6	0		196.210770000
6	0		196.256917000
6	440		196.297623000
6	0		196.338224000
6	0		196.349242000
6	0		196.441579000
6	48		196.485590000
6	0		196.485626000
6	0		196.488677000
6	280		196.489737000
6	0		196.579047000
6	0		196.625217000
6	16		196.650127000
6	0		196.671368000
6	0		196.690215000
6	0		196.717530000
6	0		196.762684000
6	52		196.838607000
6	0		196.838645000
6	52		196.838738000
6	0		196.854955000
6	0		196.901101000
6	0		196.947284000
6	84		196.988118000
6	0		196.993460000
6	0		197.030230000
6	0		197.038742000
6	0		197.131022000
6	0		197.223305000
6	0		197.269439000
6	0		197.315578000
6	0		197.406852000
6	0		197.453266000
6	0		197.499464000
6	0		197.506201000
6	0		197.545146000
6	0		197.545175000
6	0		197.545182000
6	0		197.551245000
6	0		197.551455000
6	1396		197.591330000
6	684		197.591358000
6	0		197.591800000
6	1396		197.652661000
6	1396		197.668932000
6	0		197.683228000
6	1396		197.701577000
6	0		197.729351000
6	1396		197.734211000
6	1396		197.766878000
6	1396		197.799512000
6	0		197.821270000
6	1396		197.832162000
6	1396		197.864828000
6	1396		197.897444000
6	0		197.912756000
6	1396		197.930109000
6	0		197.958912000
6	1396		197.962734000
6	1396		197.995384000
6	1396		198.028017000
6	0		198.051413000
6	0		198.051437000
6	0		198.051985000
6	0		198.052358000
6	1396		198.060666000
6	1396		198.093346000
6	0		198.097574000
6	1396		198.125945000
6	0		198.142765000
6	1396		198.158614000
6	1396		198.191222000
6	1396		198.223866000
6	1396		198.256506000
6	0		198.281253000
6	1396		198.289152000
6	1396		198.321790000
6	1396		198.354455000
6	0		198.372808000
6	1396		198.387092000
6	0		198.418949000
6	1396		198.419698000
6	1396		198.452385000
6	1396		198.485005000
6	1396		198.517663000
6	1396		198.550305000
6	0		198.557375000
6	1396		198.582984000
6	0		198.602656000
6	1396		198.615595000
6	1396		198.648218000
6	1396		198.680870000
6	1396		198.713500000
6	0		198.740758000
6	1396		198.746155000
6	1218		198.778808000
6	0		198.786924000
6	0		198.879426000
6	0		199.016867000
6	0		199.063058000
6	68		199.151691000
6	0		199.201438000
6	0		199.247093000
6	52		199.299624000
6	0		199.299672000
6	0		199.300601000
6	0		199.301117000
6	0		199.339386000
6	0		199.448640000
6	0		199.476881000
6	0		199.523017000
6	0		199.661384000
6	0		199.707647000
6	0		199.798969000
6	0		199.937395000
6	0		199.937416000
6	0		199.983551000
6	0		200.120959000
6	0		200.167083000
6	0		200.259394000
6	0		200.350617000
6	0		200.396918000
6	0		200.396950000
6	0		200.535416000
6	0		200.581549000
6	0		200.718951000
6	0		200.811256000
6	0		200.857483000
6	0		200.995009000
6	0		201.041167000
6	0		201.133460000
6	496		201.169840000
6	0		201.271369000
6	0		201.317503000
6	0		201.454993000
6	0		201.501246000
6	0		201.592783000
6	517		201.639428000
6	0		201.639878000
6	0		201.731352000
6	0		201.777490000
6	0		201.914958000
6	496		201.991567000
6	0		202.006839000
6	0		202.052971000
6	517		202.145329000
6	0		202.145786000
6	0		202.191041000
6	0		202.237178000
6	0		202.329482000
6	0		202.466944000
6	0		202.513068000
6	0		202.597697000
6	0		202.605348000
6	0		202.651529000
6	0		202.697401000
6	0		202.697421000
6	64		202.697426000
6	92		202.697433000
6	0		202.697438000
6	0		202.697880000
6	0		202.835401000
6	1420		202.835881000
6	0		202.862615000
6	0		202.881531000
6	1418		202.882050000
6	1418		202.912642000
6	0		202.973092000
6	1420		202.973595000
6	1418		202.973776000
6	1420		202.989623000
6	1418		203.034944000
6	0		203.111380000
6	1420		203.111863000
6	1420		203.127881000
6	0		203.157517000
6	1418		203.158035000
6	1418		203.188617000
6	0		203.249014000
6	1420		203.249514000
6	1418		203.249738000
6	1420		203.265590000
6	1418		203.310915000
6	0		203.387330000
6	1418		203.387971000
6	1418		203.433212000
6	0		203.433277000
6	1420		203.433712000
6	1420		203.449770000
6	0		203.479172000
6	1418		203.494389000
6	0		203.525321000
6	1418		203.555519000
6	0		203.571049000
6	0		203.571072000
6	64		203.571077000
6	0		203.571524000
17		33	203.682212000
6	0		203.709068000
6	1420		203.709553000
6	1420		203.725606000
6	0		203.801052000
6	1418		203.801568000
6	1418		203.832160000
6	0		203.847317000
6	1420		203.847762000
6	1420		203.863802000
6	1418		203.893446000
6	1418		203.954437000
6	0		203.984712000
6	1420		203.985195000
6	1420		204.001213000
6	0		204.030889000
6	1418		204.031697000
6	1418		204.076754000
6	0		204.123039000
6	1420		204.123508000
6	1418		204.137904000
6	1420		204.139514000
6	1420		204.171617000
6	1420		204.203695000
6	0		204.261121000
6	1420		204.261614000
6	1420		204.277636000
6	1420		204.309714000
6	1420		204.341821000
6	0		204.353077000
6	1420		204.373897000
6	0		204.399288000
6	1418		204.399848000
6	1420		204.405952000
6	1420		204.438021000
6	0		204.445444000
6	1420		204.470124000
6	1420		204.502213000
6	1420		204.534293000
6	0		204.536645000
6	1420		204.566357000
6	1420		204.598422000
6	0		204.629380000
6	1420		204.630516000
6	1420		204.662596000
6	1420		204.694669000
6	0		204.720962000
6	1418		204.721499000
6	1420		204.726763000
6	1418		204.752081000
6	1420		204.758835000
6	1396		204.767129000
6	698		204.767174000
6	0		204.767182000
6	0		204.773239000
6	1396		204.773886000
6	1420		204.790914000
6	1396		204.800630000
6	1420		204.822988000
6	1396		204.828071000
6	1420		204.855086000
6	1042		204.855451000
6	0		204.859125000
6	1420		204.887163000
6	1420		204.919230000
6	1420		204.951309000
6	0		204.951649000
6	1420		204.983408000
6	0		204.996982000
6	1420		205.015472000
17		1353	205.042873000
17		36	205.044216000
6	1420		205.047563000
6	1420		205.079680000
6	0		205.088968000
6	1420		205.111735000
6	0		205.135114000
6	1418		205.135663000
6	1420		205.143817000
6	1418		205.166247000
6	1420		205.175881000
17		1358	205.180764000
17		33	205.206559000
6	1420		205.207971000
6	0		205.227263000
6	1418		205.227806000
6	1420		205.240067000
6	1420		205.272125000
6	1418		205.288536000
6	1420		205.304201000
6	0		205.319522000
6	1420		205.336287000
6	1418		205.349689000
17		1358	205.365016000
6	1420		205.368349000
17		33	205.391425000
6	1418		205.410828000
6	0		205.411031000
17		41	205.411061000
17		41	205.411070000
6	1418		205.472025000
6	0		205.502871000
17		1358	205.502899000
17		33	205.528586000
6	1418		205.533151000
6	1418		205.594310000
6	0		205.595555000
6	0		205.641304000
17		1358	205.641340000
17		1358	205.642662000
17		1358	205.649222000
17		1358	205.649257000
17		1358	205.649262000
17		379	205.649265000
6	1418		205.655459000
6	39		205.686800000
17		1110	205.686824000
6	0		205.691601000
17		115	205.699822000
17		159	205.699925000
6	1418		205.716600000
6	0		205.732954000
6	1418		205.777764000
6	0		205.825249000
6	1418		205.838913000
6	1418		205.900069000
6	0		205.917148000
17		1358	205.917182000
6	0		205.917198000
6	0		205.917507000
17		1358	205.917545000
6	1418		205.961217000
6	0		206.009572000
6	0		206.100879000
6	0		206.193762000
6	0		206.193799000
6	0		206.194050000
6	0		206.210218000
17		1358	206.218553000
6	0		206.224954000
6	0		206.285372000
6	0		206.376676000
6	0		206.468948000
6	0		206.501363000
17		1358	206.515654000
17		1358	206.516048000
6	0		206.560815000
6	0		206.607451000
6	0		206.698753000
6	0		206.791029000
6	0		206.883372000
6	0		206.929470000
6	0		206.929768000
6	0		206.974725000
6	0		207.067225000
17		1358	207.116276000
6	0		207.159487000
6	0		207.204794000
6	0		207.205105000
6	0		207.251024000
6	0		207.251049000
6	0		207.251526000
6	1396		207.297108000
6	562		207.297132000
6	0		207.297139000
6	92		207.297143000
6	0		207.297587000
6	0		207.297617000
6	0		207.297624000
6	1396		207.298476000
6	1396		207.330225000
6	0		207.343296000
6	549		207.343323000
6	0		207.343774000
6	0		207.343817000
6	1396		207.362856000
6	1396		207.395502000
6	1396		207.428157000
6	0		207.435210000
6	1418		207.435732000
6	1418		207.457953000
6	1396		207.460797000
6	0		207.481502000
6	1420		207.482018000
6	1396		207.493440000
6	1420		207.495498000
6	1418		207.502434000
6	1420		207.522368000
6	1396		207.526057000
6	1418		207.546915000
6	1420		207.549278000
6	1396		207.558718000
6	0		207.573350000
6	1420		207.576228000
6	1396		207.592226000
6	1418		207.592268000
6	1420		207.603159000
6	1396		207.624024000
6	1420		207.630079000
6	1418		207.635851000
6	0		207.650726000
6	1396		207.656655000
6	1420		207.656986000
6	0		207.665605000
6	1418		207.680348000
6	1420		207.683939000
6	1396		207.689283000
6	1420		207.710867000
17		1358	207.711169000
17		1358	207.711508000
6	1396		207.721933000
6	1418		207.724805000
6	1420		207.737803000
6	1396		207.754568000
6	0		207.757293000
6	1420		207.764738000
6	1418		207.769281000
6	1396		207.787246000
6	1420		207.791667000
6	1418		207.813780000
6	1420		207.818598000
6	1396		207.819854000
6	1420		207.845531000
6	0		207.848787000
6	1396		207.852524000
6	1418		207.858252000
6	1420		207.872449000
6	1396		207.885135000
6	0		207.894941000
6	1420		207.899375000
6	1418		207.902704000
6	1396		207.917785000
6	1420		207.926321000
6	1418		207.947200000
6	1396		207.950440000
6	1420		207.953233000
6	1420		207.980174000
6	1396		207.983089000
6	0		207.987337000
6	0		207.987360000
6	1418		207.991654000
6	1420		208.007100000
6	1396		208.015712000
6	1420		208.034014000
6	1418		208.036120000
6	1396		208.048382000
6	1420		208.060947000
6	1418		208.080608000
6	1396		208.081001000
6	1420		208.087888000
6	1396		208.113642000
6	1420		208.114833000
6	1418		208.125077000
6	0		208.125337000
6	0		208.125353000
6	1420		208.141761000
6	1396		208.146285000
6	1420		208.168698000
6	1418		208.169565000
6	1396		208.179013000
6	1420		208.195632000
6	1396		208.211578000
6	1418		208.214051000
6	0		208.217096000
17		42	208.217119000
6	1420		208.222553000
6	1396		208.244218000
6	1420		208.249482000
6	1418		208.258514000
6	1420		208.276418000
6	1396		208.276840000
6	1418		208.302970000
6	1420		208.303324000
6	0		208.308877000
6	1396		208.309514000
6	1420		208.330282000
6	1396		208.342180000
6	1418		208.347469000
6	0		208.354725000
6	0		208.355193000
6	1420		208.357173000
6	1396		208.374804000
6	1420		208.384107000
6	1418		208.391953000
6	0		208.401324000
6	1396		208.407483000
6	1420		208.411030000
6	1418		208.436414000
6	1420		208.437964000
6	1396		208.440094000
6	1420		208.464907000
6	1396		208.472719000
6	1418		208.480904000
6	1420		208.491842000
6	0		208.493400000
6	1396		208.505384000
6	1420		208.518760000
6	1418		208.525356000
6	1396		208.538009000
6	1420		208.545697000
6	1418		208.569839000
6	1396		208.570625000
6	1420		208.572607000
6	0		208.585329000
6	1420		208.599546000
6	1396		208.603285000
6	1418		208.614318000
6	1420		208.626492000
6	1396		208.635939000
6	1420		208.653405000
6	1418		208.658781000
6	1396		208.668559000
6	0		208.676995000
6	1420		208.680345000
6	1396		208.701214000
6	1418		208.703258000
6	1420		208.707281000
6	1396		208.733882000
6	1420		208.734194000
6	1418		208.747743000
6	1420		208.761126000
6	1396		208.766528000
6	0		208.768764000
6	1420		208.788065000
6	1418		208.792213000
6	1396		208.799153000
6	1420		208.814989000
6	1396		208.831792000
6	1418		208.836741000
6	1420		208.841924000
6	1396		208.864442000
6	1420		208.868843000
6	1418		208.881167000
6	1420		208.895772000
6	1396		208.897091000
6	0		208.907265000
17		1358	208.911772000
6	1420		208.922706000
6	1418		208.925634000
6	1396		208.929710000
6	1420		208.949650000
6	0		208.953066000
6	0		208.953442000
6	1396		208.962348000
6	1418		208.970122000
6	1420		208.976575000
6	1396		208.994993000
6	0		208.999400000
6	0		208.999423000
6	1420		209.003482000
6	1418		209.014590000
6	1396		209.027658000
6	1420		209.030425000
6	1420		209.057364000
6	1418		209.059068000
6	1396		209.060283000
6	1420		209.084299000
6	0		209.090841000
6	1396		209.092960000
6	1418		209.103553000
6	1420		209.111246000
6	1396		209.125574000
6	1420		209.138146000
6	1418		209.148024000
6	1396		209.158209000
6	1420		209.165093000
6	0		209.183094000
6	1396		209.190868000
6	1420		209.192023000
6	1418		209.192468000
6	0		209.205410000
6	1420		209.218934000
6	1396		209.223498000
6	0		209.229374000
6	0		209.229645000
6	1418		209.236987000
6	1420		209.245889000
6	1396		209.256143000
6	1420		209.272823000
6	1418		209.281451000
6	1396		209.288794000
6	1420		209.299748000
6	0		209.321226000
6	1396		209.321413000
6	1418		209.325922000
6	1420		209.326635000
6	1420		209.353585000
6	1396		209.354052000
6	1418		209.370384000
6	1420		209.380531000
6	1396		209.386730000
6	1420		209.407447000
6	0		209.413378000
6	1418		209.414858000
6	1396		209.419381000
6	1420		209.434357000
6	1396		209.451992000
6	1418		209.459335000
6	1420		209.461305000
6	1396		209.484628000
6	1420		209.488250000
6	1418		209.503808000
6	0		209.505382000
6	1420		209.515166000
6	1396		209.517290000
6	1420		209.542096000
6	1418		209.548296000
6	1396		209.549940000
6	1420		209.569014000
6	1396		209.582571000
6	1418		209.592796000
6	1420		209.595964000
6	0		209.597332000
6	0		209.597360000
6	1396		209.615239000
6	1420		209.622884000
6	1418		209.637240000
17		1358	209.642681000
6	1396		209.647883000
6	1420		209.649807000
6	1420		209.676744000
6	1396		209.680497000
6	1418		209.681710000
6	0		209.689592000
6	1420		209.703669000
6	1396		209.713138000
6	1418		209.726976000
6	1420		209.730611000
6	1396		209.745826000
6	1420		209.757533000
6	1418		209.770663000
6	1396		209.778436000
6	0		209.781356000
6	1420		209.784434000
6	1396		209.811063000
6	1420		209.811365000
6	1418		209.815134000
6	1420		209.838309000
6	1396		209.843727000
6	1418		209.859618000
6	1420		209.865274000
6	0		209.873545000
6	1396		209.876412000
6	1420		209.892177000
6	1418		209.904088000
6	1396		209.909016000
6	0		209.918760000
6	1420		209.919109000
6	1396		209.941639000
6	1420		209.946021000
6	1418		209.948560000
6	0		209.965362000
6	1420		209.972972000
6	1396		209.974283000
6	1418		209.993051000
6	1420		209.999893000
6	1396		210.006935000
6	1420		210.026817000
6	1418		210.037515000
6	1396		210.039557000
6	1420		210.053750000
6	0		210.057021000
6	1396		210.072222000
6	1420		210.080686000
6	1418		210.081992000
6	0		210.103246000
6	1396		210.104869000
6	1420		210.107620000
6	1418		210.126460000
6	1420		210.134534000
6	1396		210.137484000
6	0		210.148762000
6	1420		210.161507000
6	1396		210.170191000
6	1418		210.170921000
6	1420		210.188425000
6	0		210.194709000
6	1396		210.202789000
6	1420		210.215357000
6	1418		210.215404000
6	1396		210.235426000
6	0		210.240890000
6	1420		210.242276000
6	1418		210.259923000
6	1396		210.268078000
6	1420		210.269202000
6	1420		210.296118000
6	1396		210.300716000
6	1418		210.304352000
6	1420		210.323063000
6	0		210.332938000
6	1396		210.333342000
6	1418		210.348841000
6	1420		210.349962000
6	1396		210.366056000
6	0		210.370736000
6	1420		210.376917000
6	0		210.379312000
6	0		210.379771000
6	1418		210.393311000
6	1396		210.398628000
6	1420		210.403833000
6	0		210.424877000
17		42	210.424903000
6	1420		210.430770000
6	1396		210.431314000
6	1418		210.437783000
6	1420		210.457706000
6	1396		210.463935000
6	1418		210.482316000
6	1420		210.484607000
6	1396		210.496599000
6	1420		210.511556000
6	0		210.517705000
6	1418		210.526740000
6	1396		210.529210000
6	1420		210.538498000
6	1396		210.561850000
6	1420		210.565418000
6	1418		210.571216000
6	1420		210.592347000
6	1396		210.594473000
6	0		210.609376000
6	1418		210.615689000
6	1420		210.619262000
6	1396		210.627155000
6	1420		210.646247000
6	1396		210.659779000
6	1418		210.660138000
6	1420		210.673145000
6	1396		210.692421000
6	1420		210.700068000
6	0		210.700776000
6	1418		210.704639000
6	1396		210.725092000
6	1420		210.726992000
6	0		210.747456000
6	1418		210.749118000
6	1420		210.753915000
6	1396		210.757708000
6	1420		210.780868000
6	1396		210.790360000
6	1418		210.793597000
6	1420		210.807795000
6	1396		210.823017000
6	1420		210.834701000
6	1418		210.838067000
6	1396		210.855658000
6	1420		210.861635000
6	1418		210.882558000
6	0		210.885440000
6	1396		210.888283000
6	1420		210.888552000
6	1420		210.915545000
6	1396		210.920920000
6	1418		210.927065000
6	1420		210.942441000
6	1396		210.953579000
6	1420		210.969364000
6	1418		210.971482000
6	0		210.976792000
6	1396		210.986257000
6	1420		210.996294000
6	1418		211.015971000
6	0		211.016907000
6	1372		211.018827000
6	0		211.022947000
6	1420		211.023201000
6	1420		211.050144000
6	1418		211.060447000
6	1420		211.077087000
6	1420		211.104066000
6	1418		211.104928000
6	1420		211.130940000
6	1418		211.149408000
6	1420		211.157910000
6	0		211.161275000
6	1420		211.184791000
6	1418		211.193897000
6	0		211.207449000
6	1420		211.211759000
6	1418		211.238360000
6	1420		211.238657000
6	1420		211.265608000
6	1418		211.282811000
6	1420		211.292564000
6	0		211.299001000
6	1420		211.319455000
6	1418		211.327303000
6	1420		211.346387000
6	1418		211.371776000
6	1420		211.373307000
1,17		1358	211.390741000
6	1420		211.400256000
6	1418		211.416254000
6	1420		211.427174000
1,17		1358	211.437479000
6	0		211.437514000
6	1420		211.454096000
6	1418		211.460736000
6	1420		211.481053000
1,17		1358	211.482686000
6	1418		211.505215000
6	1420		211.507949000
1,17		1358	211.529580000
1,17		379	211.529601000
6	1420		211.534890000
6	1418		211.549675000
6	1420		211.561813000
17		46	211.575215000
17		43	211.575242000
6	1420		211.588746000
6	1418		211.594185000
17		33	211.601460000
6	1420		211.615687000
6	0		211.621379000
6	0		211.621402000
6	0		211.621409000
6	0		211.621414000
6	0		211.621684000
6	0		211.621897000
6	0		211.621911000
6	1418		211.638643000
6	1420		211.642633000
6	1420		211.669523000
6	1418		211.683110000
6	1420		211.696467000
6	0		211.712834000
6	1420		211.723390000
6	1418		211.727595000
6	1420		211.750347000
6	0		211.759160000
6	517		211.759185000
6	0		211.759463000
6	2836		211.767469000
6	2836		211.767573000
6	998		211.767647000
6	1418		211.772064000
6	1420		211.777284000
6	0		211.782525000
6	0		211.782595000
6	1420		211.804188000
1,17		1358	211.804693000
6	1418		211.816528000
6	0		211.822007000
6	12		211.822241000
6	1420		211.831171000
6	0		211.851549000
6	0		211.851584000
6	517		211.851594000
6	0		211.851932000
6	1420		211.858089000
6	2836		211.859021000
6	2836		211.859060000
6	998		211.859109000
6	1418		211.860990000
6	0		211.861365000
6	12		211.861392000
6	0		211.861402000
6	1		211.861552000
6	4		211.861566000
6	32		211.861575000
6	0		211.861586000
6	1420		211.884975000
6	0		211.896741000
6	0		211.896765000
6	0		211.900615000
6	0		211.900706000
6	0		211.900718000
6	0		211.900828000
6	0		211.900859000
6	0		211.900927000
6	1418		211.905487000
6	1420		211.911940000
6	1420		211.938833000
6	1418		211.949957000
6	1420		211.965775000
6	1420		211.992722000
6	1420		212.019627000
6	1420		212.046568000
6	0		212.081380000
6	0		212.081410000
6	517		212.081420000
6	0		212.081953000
6	2836		212.090191000
6	1914		212.090230000
6	0		212.172642000
6	0		212.264925000
6	0		212.311065000
6	1418		212.311569000
6	1418		212.333805000
6	0		212.357407000
6	0		212.495400000
6	0		212.495426000
6	0		212.633378000
6	0		212.725142000
6	0		212.771295000
6	0		212.908724000
6	0		212.954891000
6	0		213.001025000
6	0		213.093423000
6	0		213.185583000
6	0		213.230771000
6	0		213.276930000
6	0		213.323066000
1,17		1358	213.369197000
6	0		213.552795000
6	0		213.599004000
6	0		213.645154000
6	0		213.828779000
6	0		213.874907000
6	0		214.013362000
6	0		214.059554000
6	0		214.104672000
6	0		214.289361000
6	0		214.335499000
6	0		214.380667000
6	0		214.472964000
6	0		214.657508000
6	0		214.702743000
6	0		214.748880000
6	0		214.933614000
6	0		214.978886000
6	0		215.071078000
6	0		215.117311000
6	0		215.162644000
6	0		215.341701000
6	0		215.341746000
6	0		215.347214000
6	0		215.393428000
6	0		215.439465000
6	0		215.439490000
6	0		215.439994000
6	0		215.577523000
6	0		215.714981000
6	0		215.761266000
6	0		215.807430000
6	0		215.944950000
6	0		215.991169000
6	0		216.037323000
6	0		216.174737000
6	0		216.220876000
6	0		216.267022000
6	0		216.451593000
6	0		216.496720000
6	0		216.543045000
6	0		216.681504000
6	0		216.772839000
6	0		216.865550000
6	0		216.956920000
6	0		217.003064000
6	0		217.022354000
6	0		217.022410000
6	0		217.095330000
6	0		217.232858000
6	0		217.279038000
6	0		217.325186000
6	0		217.409401000
6	0		217.508744000
6	0		217.554910000
6	0		217.601808000
6	0		217.739259000
6	0		217.831561000
6	0		217.968988000
6	0		218.015192000
6	0		218.061341000
6	0		218.198802000
6	0		218.244960000
6	0		218.245252000
1,17		1358	218.291140000
6	0		218.382775000
6	0		218.428922000
6	0		218.475096000
6	0		218.475124000
6	0		218.658688000
6	0		218.704836000
6	0		218.750969000
6	0		218.843331000
6	0		218.935551000
6	0		219.073094000
6	0		219.119265000
6	0		219.165726000
6	0		219.349496000
6	0		219.394678000
6	0		219.487144000
6	0		219.487184000
6	0		219.533298000
6	0		219.717061000
6	0		219.763232000
6	0		219.809366000
6	0		219.901806000
6	0		219.901873000
6	0		219.940664000
6	12		219.940908000
6	0		219.946808000
6	0		219.979614000
6	12		219.979677000
6	0		219.979689000
6	1		219.979860000
6	4		219.979878000
6	32		219.979888000
6	0		219.979898000
6	0		220.018547000
6	0		220.018625000
6	0		220.018656000
6	0		220.018751000
6	0		220.018763000
6	0		220.039129000
6	0		220.177293000
6	0		220.223455000
6	0		220.269599000
6	0		220.453279000
6	0		220.499385000
6	0		220.545665000
6	0		220.682923000
6	0		220.775260000
6	0		220.821403000
6	0		220.867546000
6	0		221.004909000
6	0		221.021250000
6	0		221.021310000
6	0		221.097165000
6	0		221.175738000
6	41		221.181311000
6	0		221.235699000
6	0		221.281034000
6	0		221.327326000
6	21		221.335840000
6	0		221.335879000
6	1080		221.336804000
6	0		221.336941000
6	0		221.336953000
6	440		221.493511000
6	0		221.510710000
6	0		221.534217000
6	0		221.556885000
6	0		221.603029000
6	48		221.689732000
6	0		221.689769000
6	280		221.693811000
6	0		221.741389000
6	496		221.762776000
6	0		221.763917000
6	0		221.833435000
6	517		221.833458000
6	0		221.833915000
6	0		221.852174000
6	16		221.855382000
6	0		221.898218000
6	0		221.970693000
17		41	221.970720000
17		34	221.971337000
6	0		222.016906000
6	52		222.054096000
6	0		222.054130000
6	52		222.054223000
6	0		222.100784000
6	0		222.108859000
6	0		222.201297000
6	84		222.209235000
6	0		222.250212000
6	0		222.338751000
6	0		222.384962000
6	0		222.431087000
6	0		222.614740000
6	0		222.614766000
6	0		222.660879000
6	0		222.799316000
6	0		222.890623000
6	0		223.029002000
6	0		223.075198000
6	0		223.121359000
6	0		223.258735000
6	0		223.397223000
6	517		223.397252000
6	0		223.397545000
6	0		223.442965000
6	0		223.489129000
6	517		223.627412000
6	0		223.627714000
6	0		223.673029000
6	0		223.719189000
6	0		223.765367000
6	0		223.902724000
6	0		223.948882000
6	0		224.133799000
6	0		224.178947000
6	0		224.224773000
6	0		224.224802000
6	68		224.275062000
6	0		224.386205000
6	0		224.409431000
6	0		224.409453000
6	0		224.409712000
6	52		224.430656000
6	0		224.430699000
6	0		224.430878000
6	0		224.431961000
6	0		224.501184000
6	0		224.547499000
6	0		224.586897000
6	0		224.592681000
6	0		224.731070000
6	0		224.777242000
6	1420		224.778107000
6	0		224.823410000
6	1418		224.824426000
6	0		224.960984000
6	0		225.006704000
6	1420		225.007230000
6	1420		225.020655000
6	0		225.191395000
6	1418		225.191922000
6	1418		225.214190000
6	0		225.237455000
6	1420		225.237999000
6	1420		225.251446000
6	1418		225.258649000
6	0		225.283588000
6	0		225.467458000
6	1420		225.467981000
6	1420		225.481434000
6	0		225.512638000
6	0		225.605113000
6	1418		225.605645000
6	1418		225.627876000
6	0		225.697248000
6	1420		225.697724000
6	1420		225.711179000
6	0		225.834745000
6	0		225.880935000
6	1420		225.881402000
6	1420		225.894875000
6	0		225.973321000
6	1418		225.973829000
6	1418		225.996081000
6	0		226.065478000
6	0		226.110655000
6	1420		226.111190000
6	1420		226.124629000
6	0		226.295282000
6	1418		226.295756000
6	1418		226.317993000
6	0		226.341254000
6	1418		226.372796000
6	0		226.387378000
6	1420		226.387877000
6	1420		226.401309000
6	0		226.524853000
6	1420		226.525350000
6	1420		226.538796000
6	0		226.571074000
6	0		226.663324000
6	1418		226.663821000
6	1418		226.686057000
6	0		226.755416000
6	1420		226.755891000
6	1420		226.769509000
6	0		226.800648000
6	0		226.847507000
17		763	226.847533000
17		212	226.847540000
17		38	226.848532000
17		34	226.848646000
17		33	226.848667000
17		75	226.856647000
17		33	226.857150000
17		46	226.857266000
17		33	226.857350000
6	1396		226.892709000
6	0		226.898897000
6	684		226.938680000
6	0		226.938726000
6	0		226.939179000
6	1420		226.939201000
6	1396		226.940001000
6	1420		226.952660000
6	1396		226.971798000
6	0		226.985377000
6	1418		226.985917000
6	1396		227.004442000
6	1418		227.008144000
6	1396		227.037083000
6	1396		227.069727000
6	0		227.077537000
6	1420		227.078027000
6	1420		227.091468000
6	1396		227.102373000
6	0		227.122693000
6	0		227.122733000
6	1396		227.134996000
6	1396		227.167657000
6	1396		227.200303000
6	0		227.215116000
6	1418		227.215623000
6	1396		227.232933000
6	1418		227.237855000
6	0		227.261020000
6	1420		227.261536000
6	1396		227.265586000
6	1420		227.274999000
6	1396		227.298236000
6	1396		227.330867000
6	1396		227.363510000
6	1396		227.396189000
6	0		227.399238000
6	1420		227.399701000
6	1420		227.413157000
6	1396		227.428806000
6	0		227.444656000
6	1418		227.445154000
6	1396		227.461447000
6	1418		227.467398000
6	1396		227.494092000
6	1396		227.526733000
6	0		227.536762000
6	1420		227.537213000
6	1420		227.550676000
6	1396		227.559359000
6	1396		227.591997000
6	1396		227.624655000
6	1396		227.657309000
6	0		227.675099000
6	1420		227.675580000
6	1420		227.689038000
6	1396		227.689921000
6	1420		227.715971000
6	0		227.720818000
6	1418		227.721347000
6	1396		227.722555000
6	1420		227.742896000
6	1418		227.743537000
6	1396		227.755238000
6	1396		227.787864000
6	1396		227.820507000
6	1396		227.853162000
6	0		227.859601000
6	1420		227.860041000
6	1420		227.873530000
6	1396		227.885795000
6	1420		227.900436000
6	1396		227.918431000
6	1420		227.927381000
6	0		227.950797000
6	1396		227.951058000
6	1418		227.951249000
6	1418		227.973513000
6	1396		227.983720000
6	0		227.996658000
6	1420		227.997131000
6	1420		228.010617000
6	1396		228.016360000
6	0		228.019457000
6	0		228.019510000
6	1420		228.037528000
6	1396		228.049009000
6	0		228.058585000
6	12		228.058908000
6	1420		228.064462000
6	1396		228.081653000
6	0		228.097977000
6	12		228.098011000
6	0		228.098022000
6	1		228.098268000
6	4		228.098287000
6	32		228.098298000
6	0		228.098308000
6	1396		228.114296000
6	0		228.135015000
6	1420		228.135490000
6	0		228.137294000
6	0		228.137321000
6	0		228.137368000
6	0		228.137431000
6	0		228.137442000
6	1396		228.146924000
6	1420		228.148978000
6	1420		228.175895000
6	1396		228.179583000
6	0		228.180791000
6	1418		228.181284000
6	1420		228.202806000
6	1418		228.203512000
6	1396		228.212240000
6	1396		228.244869000
6	1418		228.248135000
6	0		228.272961000
6	1420		228.273439000
6	1396		228.277504000
6	1420		228.286887000
6	1418		228.292470000
6	1396		228.310161000
6	1420		228.313843000
6	1420		228.340764000
6	1396		228.342806000
6	1396		228.375445000
6	1396		228.408092000
6	0		228.411190000
6	1420		228.411674000
6	1420		228.425147000
6	1396		228.440742000
6	1420		228.452069000
6	0		228.456658000
6	1418		228.457200000
6	1396		228.473372000
6	1420		228.478993000
6	1418		228.479392000
6	1396		228.506029000
6	1418		228.523886000
6	1396		228.538643000
6	1418		228.568351000
6	1396		228.571274000
6	0		228.595076000
6	1420		228.595547000
6	1396		228.603931000
6	1420		228.609011000
6	1420		228.635954000
6	1396		228.636556000
6	1420		228.662875000
6	1396		228.669214000
6	0		228.686913000
6	1418		228.687489000
6	1396		228.701859000
6	1418		228.709728000
6	0		228.733011000
6	1420		228.733474000
6	1396		228.734490000
6	1420		228.746940000
6	1418		228.754208000
6	1396		228.767174000
6	1420		228.773890000
6	1418		228.798676000
6	1396		228.799775000
6	1420		228.800786000
6	1396		228.832427000
6	1396		228.865093000
6	0		228.871187000
6	1420		228.871629000
6	1420		228.885114000
6	1396		228.897739000
6	1420		228.912035000
6	0		228.917363000
6	1396		228.930373000
6	1420		228.938957000
6	1396		228.963007000
6	0		228.963176000
6	1396		228.995655000
6	0		229.009013000
6	1396		229.028299000
6	0		229.054887000
6	0		229.054909000
6	64		229.054914000
6	92		229.054921000
6	0		229.055237000
6	1396		229.060945000
6	1396		229.093584000
6	0		229.101490000
6	1418		229.102004000
6	1418		229.124263000
6	1396		229.126221000
6	1396		229.158865000
6	1418		229.168943000
6	1396		229.191515000
6	0		229.193569000
6	1420		229.194077000
6	1420		229.207517000
6	1418		229.213188000
6	1396		229.224159000
6	1420		229.234463000
6	0		229.237965000
6	1396		229.256806000
6	1420		229.261394000
6	1396		229.289507000
6	1396		229.322082000
6	0		229.330989000
6	1420		229.331478000
6	1420		229.344930000
6	1396		229.354717000
6	1420		229.371854000
6	0		229.376729000
6	1396		229.387363000
6	1420		229.398786000
6	1396		229.420085000
6	0		229.423285000
6	1396		229.452646000
6	0		229.469333000
6	1396		229.485306000
6	0		229.515582000
6	0		229.515618000
6	1418		229.516110000
6	1396		229.517917000
6	1418		229.538353000
6	1396		229.550556000
6	0		229.561262000
6	64		229.561286000
6	0		229.561572000
6	1396		229.583225000
6	1396		229.615858000
6	1396		229.648527000
6	1396		229.681157000
6	0		229.699276000
6	1418		229.699783000
6	1396		229.713810000
6	1418		229.722027000
6	0		229.744706000
6	1420		229.745207000
6	1396		229.746436000
6	1420		229.758652000
6	1418		229.766495000
6	1396		229.779084000
6	1420		229.785576000
6	1418		229.810979000
6	1396		229.811703000
6	1420		229.812486000
6	1396		229.844364000
6	1396		229.877016000
6	0		229.882858000
6	1420		229.883338000
6	1420		229.896802000
6	1390		229.909660000
6	1420		229.923726000
6	1420		229.950638000
6	0		229.975187000
6	1420		229.977570000
6	1420		230.004520000
6	1420		230.031445000
6	1420		230.058365000
6	0		230.066703000
6	0		230.112845000
6	0		230.112867000
6	1420		230.113348000
6	1420		230.126808000
6	0		230.159385000
6	0		230.159406000
6	64		230.159410000
6	92		230.159417000
6	0		230.159423000
6	0		230.159883000
6	1418		230.159916000
6	1418		230.182183000
6	0		230.252108000
6	0		230.252134000
6	0		230.252142000
6	0		230.252467000
6	0		230.252588000
6	1418		230.252603000
6	1418		230.274860000
6	549		230.297339000
17		673	230.297364000
6	0		230.297806000
17		38	230.298306000
17		75	230.307235000
17		33	230.307277000
6	1418		230.319317000
17		681	230.343530000
17		682	230.343553000
6	0		230.343565000
6	0		230.343831000
17		38	230.344402000
17		34	230.344611000
17		33	230.344619000
17		46	230.353811000
17		51	230.355300000
6	1418		230.363824000
6	0		230.435292000
6	1420		230.435783000
6	1420		230.449268000
6	1420		230.476184000
6	0		230.481448000
6	1420		230.503106000
6	0		230.526809000
6	1418		230.527349000
6	1420		230.530033000
6	1418		230.549563000
6	1420		230.556963000
6	0		230.573287000
6	1420		230.583878000
6	1418		230.594047000
6	1420		230.610827000
6	0		230.619181000
6	1420		230.637755000
6	1418		230.638494000
6	1420		230.664681000
6	0		230.664791000
6	1418		230.683002000
6	1420		230.691596000
6	0		230.710976000
6	1420		230.718528000
6	1418		230.727477000
6	1420		230.745461000
6	0		230.756780000
6	1418		230.771949000
6	1420		230.772370000
6	1420		230.799341000
6	0		230.803411000
6	0		230.803437000
6	0		230.803447000
6	0		230.803453000
6	0		230.803996000
6	0		230.804263000
6	0		230.804345000
6	1418		230.816419000
6	1420		230.826262000
6	0		230.831999000
6	0		230.832049000
6	0		230.848862000
6	1420		230.853180000
6	1418		230.860897000
6	0		230.879192000
6	1420		230.880116000
6	0		230.894678000
6	1418		230.905371000
6	1420		230.907042000
6	1420		230.933965000
6	0		230.940748000
6	1418		230.949833000
6	1420		230.960893000
6	0		230.987201000
6	1420		230.987821000
6	1418		230.994324000
6	1420		231.014769000
6	0		231.033575000
6	1418		231.038793000
6	1420		231.041685000
6	1420		231.068630000
6	0		231.078759000
6	0		231.078785000
6	1418		231.083264000
6	1420		231.095546000
6	1420		231.122485000
6	0		231.125087000
6	1418		231.127759000
6	1420		231.149462000
6	1418		231.172213000
6	1420		231.176370000
6	1420		231.203300000
6	1418		231.216698000
6	0		231.216876000
6	0		231.216899000
6	1420		231.230218000
6	1420		231.257143000
6	1418		231.261186000
6	0		231.263048000
6	1420		231.284048000
6	1418		231.305650000
6	0		231.308972000
6	1420		231.310984000
6	1420		231.337931000
6	1418		231.350120000
6	0		231.355144000
6	0		231.355599000
6	1420		231.364854000
6	1420		231.391790000
6	1418		231.394606000
6	0		231.400935000
6	1420		231.418707000
6	1418		231.439100000
6	1420		231.445679000
6	0		231.447010000
6	1420		231.472582000
6	1418		231.483556000
6	0		231.492865000
6	1420		231.499502000
6	1420		231.526458000
6	1418		231.528018000
6	0		231.539055000
6	1420		231.553360000
6	1418		231.572507000
6	1420		231.580301000
6	0		231.585390000
6	1420		231.607237000
6	1418		231.616963000
6	0		231.630701000
6	1420		231.634147000
6	1420		231.661075000
6	1418		231.661414000
6	0		231.677393000
6	1420		231.688004000
6	1418		231.705930000
6	1420		231.714926000
6	0		231.723270000
17		44	231.723293000
6	1420		231.741895000
17		33	231.748975000
6	1418		231.750387000
6	1420		231.768789000
17		44	231.768984000
17		1353	231.769011000
17		36	231.770249000
6	1418		231.794881000
6	1420		231.795708000
17		210	231.815476000
17		619	231.815506000
6	0		231.815522000
17		33	231.816436000
17		33	231.816459000
6	1420		231.822650000
17		77	231.824620000
17		53	231.827878000
6	1418		231.839358000
6	1420		231.849581000
6	1420		231.876535000
6	1418		231.883822000
6	1420		231.903448000
6	0		231.906761000
6	1418		231.928308000
6	1420		231.930364000
6	0		231.952898000
6	1420		231.957309000
6	1418		231.972780000
6	1420		231.984221000
6	0		231.998823000
6	1420		232.011173000
6	1418		232.017235000
6	1420		232.038099000
6	0		232.045360000
6	0		232.045386000
6	1418		232.061709000
6	1420		232.065018000
6	0		232.091371000
6	1420		232.091957000
6	1418		232.106205000
6	1420		232.118874000
6	0		232.137152000
6	1420		232.145832000
6	1418		232.150663000
6	1420		232.172758000
6	0		232.183076000
6	1418		232.195180000
6	1420		232.199662000
6	1420		232.226624000
6	0		232.228904000
6	1418		232.239649000
6	1420		232.253537000
6	0		232.274854000
6	1420		232.280468000
6	1418		232.284098000
6	1420		232.307403000
6	0		232.320713000
6	1418		232.328589000
6	1420		232.334317000
6	1420		232.361248000
6	0		232.367353000
6	0		232.367380000
6	1418		232.373061000
6	0		232.379858000
6	1420		232.388179000
6	0		232.412690000
6	1420		232.415095000
6	1418		232.417514000
6	1420		232.442051000
6	0		232.458682000
6	1418		232.462008000
6	1420		232.468965000
6	1420		232.495911000
6	0		232.505207000
6	1418		232.506467000
6	1420		232.522825000
6	1420		232.549753000
6	1418		232.550929000
6	0		232.551017000
6	1420		232.576689000
6	1418		232.595432000
6	0		232.596742000
6	0		232.596761000
6	0		232.597071000
6	1420		232.603600000
6	1420		232.630616000
6	1418		232.639901000
6	0		232.642896000
6	1420		232.657480000
6	1418		232.684393000
6	1420		232.684434000
6	0		232.688675000
6	1420		232.711335000
6	1418		232.728858000
6	0		232.734838000
6	1420		232.738249000
6	1420		232.765222000
6	1418		232.773320000
6	0		232.780788000
6	1420		232.792137000
6	1418		232.817805000
6	1420		232.819033000
6	0		232.826769000
6	1420		232.846009000
6	1418		232.862289000
6	1420		232.872926000
6	0		232.873109000
6	0		232.873130000
6	0		232.873376000
6	1420		232.899860000
6	1418		232.906767000
6	0		232.919276000
6	1420		232.926774000
6	1418		232.951232000
6	1420		232.953705000
6	0		232.965015000
6	1420		232.980631000
6	1418		232.995716000
6	1420		233.007561000
6	0		233.010867000
6	1420		233.034486000
6	1418		233.040206000
6	0		233.057042000
6	1420		233.061424000
6	1418		233.084634000
6	1420		233.088354000
6	0		233.103569000
6	1420		233.115304000
6	1418		233.129277000
6	1420		233.142223000
6	0		233.148763000
6	1420		233.169157000
6	1418		233.173607000
6	0		233.194698000
6	1420		233.196085000
6	1418		233.218093000
6	1420		233.223010000
6	0		233.240996000
6	1420		233.249961000
6	1418		233.262551000
6	1420		233.276879000
6	0		233.287248000
6	1420		233.303782000
6	1418		233.307022000
6	1420		233.330762000
6	0		233.333058000
6	1418		233.351505000
6	1420		233.357654000
6	0		233.379070000
6	1420		233.384562000
6	1418		233.396052000
6	1420		233.411530000
6	0		233.424998000
6	1420		233.438440000
6	1418		233.440447000
6	1420		233.465371000
6	0		233.471193000
6	1418		233.484928000
6	1420		233.492306000
6	0		233.516741000
6	1420		233.519223000
6	1418		233.529413000
6	1420		233.546161000
6	0		233.562726000
6	1420		233.573088000
6	1418		233.573897000
6	1420		233.599991000
6	0		233.608863000
6	0		233.608892000
6	1418		233.618356000
6	1420		233.626943000
6	1420		233.653868000
6	0		233.654961000
6	1418		233.662841000
6	1420		233.680812000
6	0		233.701125000
6	1418		233.707314000
6	1420		233.707707000
6	1420		233.734656000
6	0		233.747177000
6	1418		233.751795000
6	1420		233.761603000
6	1420		233.788533000
6	0		233.793039000
6	1418		233.796272000
6	1420		233.815463000
6	0		233.838900000
6	1418		233.840726000
6	1420		233.842374000
6	1420		233.869315000
6	0		233.885072000
6	1418		233.885208000
6	1420		233.896248000
6	1420		233.923208000
6	1418		233.929683000
6	0		233.931119000
6	1420		233.950103000
6	1418		233.974205000
6	1420		233.977041000
6	0		233.977231000
6	1420		234.004006000
6	1418		234.018628000
6	0		234.023153000
6	1418		234.063108000
6	0		234.069304000
6	1420		234.069742000
6	1418		234.107590000
6	0		234.114993000
6	1420		234.115472000
6	1418		234.152054000
6	0		234.161143000
6	0		234.206740000
6	1420		234.207227000
6	0		234.253485000
6	0		234.298704000
6	1420		234.299186000
6	0		234.345458000
6	0		234.390639000
6	1418		234.391185000
6	0		234.437419000
6	1418		234.437938000
6	0		234.483261000
6	0		234.529394000
6	1420		234.529877000
6	0		234.575214000
6	1420		234.575678000
6	0		234.620912000
6	0		234.667057000
6	1420		234.667520000
6	0		234.712837000
6	0		234.758989000
6	1420		234.759488000
6	0		234.804757000
6	0		234.850894000
6	0		234.897069000
6	1420		234.897576000
6	0		234.942909000
6	0		234.989066000
6	1420		234.989538000
6	0		235.034804000
6	1420		235.035276000
6	0		235.080983000
6	0		235.126710000
6	1418		235.127227000
6	0		235.172892000
6	1420		235.173371000
6	0		235.218664000
6	1418		235.219207000
6	0		235.265493000
6	0		235.310674000
6	0		235.356857000
6	0		235.356891000
6	1420		235.357410000
6	1418		235.357436000
6	0		235.402707000
6	0		235.448891000
6	1420		235.449501000
6	0		235.494894000
6	1418		235.495420000
6	0		235.541064000
6	0		235.586782000
6	1420		235.587299000
6	0		235.632941000
6	1420		235.633417000
6	0		235.678694000
6	0		235.724849000
6	0		235.771008000
6	0		235.817385000
6	1420		235.817848000
6	0		235.863089000
6	1420		235.863563000
6	0		235.908804000
6	0		235.954967000
6	1420		235.955413000
6	0		236.001137000
6	1418		236.001656000
6	0		236.046753000
6	0		236.092781000
6	1420		236.093280000
6	0		236.137905000
6	0		236.137968000
6	0		236.139534000
6	1418		236.140012000
6	0		236.176319000
6	12		236.176542000
6	0		236.184857000
6	0		236.214858000
6	12		236.214894000
6	0		236.214905000
6	1		236.215067000
6	4		236.215088000
6	32		236.215097000
6	0		236.215106000
6	0		236.231430000
6	1418		236.231952000
6	0		236.253310000
6	0		236.253341000
6	0		236.253345000
6	0		236.253452000
6	0		236.253463000
6	0		236.253528000
6	0		236.277163000
6	0		236.323321000
6	1418		236.323806000
6	0		236.369005000
6	0		236.415194000
6	1420		236.415662000
6	0		236.460918000
6	0		236.507106000
6	1420		236.507620000
6	0		236.552877000
6	1420		236.553396000
6	0		236.599048000
6	0		236.644825000
6	1420		236.645281000
6	0		236.691024000
6	0		236.736673000
6	0		236.782861000
6	0		236.829045000
6	0		236.875261000
6	0		236.921392000
6	0		236.967600000
6	0		237.012732000
6	0		237.058872000
6	0		237.105050000
6	0		237.105079000
6	0		237.151199000
6	0		237.197356000
6	0		237.243533000
6	0		237.288686000
6	0		237.334816000
6	0		237.380989000
6	0		237.427152000
6	0		237.473321000
6	0		237.519505000
6	0		237.564693000
6	0		237.610805000
6	0		237.656973000
6	0		237.703073000
6	0		237.749395000
6	0		237.795553000
6	0		237.840738000
6	0		237.886921000
6	0		237.933098000
6	0		237.979258000
6	0		238.025448000
6	0		238.071594000
6	0		238.116728000
6	0		238.162849000
6	0		238.209164000
6	0		238.255356000
6	0		238.301501000
6	0		238.301528000
6	0		238.301794000
6	0		238.346677000
6	0		238.393261000
6	0		238.439409000
6	0		238.485535000
6	0		238.530700000
6	0		238.576832000
6	0		238.622966000
6	0		238.669101000
6	0		238.715268000
6	0		238.761415000
6	0		238.807562000
6	0		238.852676000
6	0		238.852697000
6	0		238.945339000
6	0		238.945360000
6	0		239.037260000
6	0		239.083386000
6	0		239.129406000
6	0		239.129430000
6	0		239.174710000
6	0		239.220833000
6	0		239.313153000
6	0		239.359313000
6	0		239.405477000
6	0		239.450638000
6	0		239.496767000
6	0		239.589064000
6	0		239.635353000
6	0		239.681558000
6	0		239.724725000
6	0		239.724769000
6	0		239.726703000
6	0		239.759824000
6	0		239.772857000
6	0		239.834990000
6	0		239.897171000
6	0		239.959318000
6	0		240.021484000
6	0		240.083436000
17		715	240.083463000
17		36	240.084332000
17		77	240.093084000
17		33	240.095856000
6	1396		240.145119000
6	685		240.145140000
6	0		240.145934000
6	1396		240.146496000
6	1396		240.178243000
6	0		240.207318000
17		1284	240.207360000
6	0		240.207371000
17		37	240.209093000
6	1396		240.210856000
17		46	240.217623000
17		53	240.219257000
6	1396		240.243526000
6	0		240.268661000
6	1396		240.276149000
6	1396		240.308806000
6	0		240.330949000
6	1396		240.341440000
6	1396		240.374083000
6	0		240.393241000
6	1396		240.406745000
6	1396		240.439364000
6	0		240.455526000
6	1396		240.472008000
6	1396		240.504647000
6	0		240.516809000
6	1396		240.537289000
6	1396		240.569919000
6	0		240.579125000
6	1396		240.602578000
6	1396		240.635263000
6	1396		240.667863000
6	1396		240.700498000
6	0		240.702678000
6	1396		240.733185000
6	1396		240.765778000
6	1396		240.798441000
6	0		240.827487000
17		44	240.827513000
17		41	240.827520000
6	1396		240.831056000
17		33	240.853998000
6	1396		240.863728000
17		44	240.889036000
17		41	240.889056000
17		41	240.889060000
6	1396		240.896375000
17		33	240.914644000
6	1396		240.929025000
6	0		240.951248000
6	1396		240.961647000
6	1396		240.994304000
6	0		241.013385000
6	1396		241.026937000
6	1396		241.059568000
6	1396		241.092222000
6	1396		241.124864000
6	0		241.136908000
6	1396		241.157493000
6	1396		241.190164000
6	1396		241.222799000
6	1396		241.255420000
6	0		241.261350000
6	1396		241.288076000
6	1396		241.320708000
6	1396		241.353360000
6	0		241.385066000
6	1396		241.385995000
6	1396		241.418653000
6	0		241.446869000
6	1396		241.451301000
6	1396		241.483917000
6	1396		241.516568000
6	1396		241.549229000
6	1396		241.581859000
6	1396		241.614514000
6	0		241.633109000
6	1396		241.647152000
6	1396		241.679799000
6	1396		241.712493000
6	1396		241.745089000
6	0		241.757316000
6	1396		241.777727000
6	1396		241.810349000
6	0		241.818870000
6	1396		241.842996000
6	1396		241.875656000
6	1396		241.908331000
6	1396		241.940935000
6	1396		241.973579000
6	0		242.004872000
6	1396		242.006209000
6	1396		242.038863000
6	0		242.067401000
6	0		242.067429000
6	0		242.067688000
6	1396		242.071497000
6	1396		242.104146000
6	1396		242.136788000
6	1396		242.169416000
6	1396		242.202073000
6	1396		242.234713000
6	0		242.252801000
6	73		242.263277000
6	1396		242.267353000
6	1396		242.299994000
6	1396		242.332645000
6	1396		242.365287000
6	0		242.376673000
6	1396		242.397932000
6	1396		242.430584000
6	0		242.439094000
6	1396		242.463234000
6	1396		242.495873000
6	1396		242.528514000
6	1396		242.561156000
6	1396		242.593793000
6	0		242.613368000
6	0		242.613436000
6	0		242.624820000
6	1396		242.626412000
6	1396		242.659078000
6	0		242.687340000
6	1396		242.691711000
6	0		242.694130000
6	0		242.694170000
6	1396		242.724369000
6	1396		242.756996000
6	1396		242.789640000
6	0		242.799432000
6	41		242.805058000
6	0		242.810840000
6	1396		242.822281000
6	1396		242.854934000
6	1396		242.887581000
6	1396		242.920224000
6	1396		242.952853000
6	1396		242.985518000
6	0		242.990824000
6	0		242.996644000
6	21		242.998492000
6	0		242.998521000
6	1080		242.999652000
6	1377		243.018147000
6	0		243.058931000
6	0		243.182674000
6	440		243.190158000
6	0		243.234210000
6	0		243.307051000
6	0		243.368952000
6	48		243.419998000
6	0		243.420040000
6	280		243.424380000
6	0		243.554796000
6	0		243.616934000
6	16		243.618521000
6	0		243.662239000
6	0		243.741246000
6	52		243.848028000
6	0		243.848071000
6	52		243.848234000
6	0		243.926759000
6	0		243.989092000
6	100		244.035697000
6	0		244.078235000
6	0		244.175616000
6	0		244.255933000
6	0		244.255998000
6	0		244.295864000
6	12		244.296073000
6	0		244.298930000
6	0		244.336044000
6	12		244.336092000
6	0		244.336106000
6	1		244.336259000
6	4		244.336272000
6	32		244.336281000
6	0		244.336292000
6	0		244.360748000
6	0		244.376091000
6	0		244.376131000
6	0		244.376205000
6	0		244.376219000
6	73		244.505641000
6	0		244.547011000
6	73		244.597388000
6	0		244.609219000
6	0		244.732929000
6	0		244.919385000
6	0		244.981566000
6	0		245.167079000
6	0		245.291381000
6	0		245.353022000
6	0		245.539100000
6	0		245.601298000
6	0		245.725606000
17		41	245.848952000
6	0		245.911132000
6	0		245.972788000
17		41	245.972816000
6	68		245.986392000
17		44	246.035116000
17		41	246.035146000
17		33	246.060818000
17		1358	246.097171000
17		36	246.098158000
6	0		246.159338000
6	52		246.176133000
6	0		246.176176000
6	0		246.176189000
6	0		246.177687000
17		1358	246.221010000
17		33	246.246860000
6	0		246.282743000
6	0		246.345257000
6	0		246.363483000
17		661	246.469087000
17		84	246.478132000
17		33	246.482278000
6	0		246.530700000
6	0		246.592671000
6	0		246.716938000
6	0		246.903392000
6	0		246.914222000
6	0		246.965586000
6	0		247.104528000
6	0		247.150981000
6	0		247.213150000
6	56		247.263839000
6	0		247.264069000
6	0		247.274971000
6	1396		247.337195000
6	698		247.337228000
6	0		247.343539000
6	1396		247.350202000
6	1396		247.376610000
6	1396		247.404016000
6	1042		247.431436000
6	0		247.460776000
6	0		247.460803000
6	0		247.461374000
6	0		247.522937000
6	0		247.646921000
6	0		247.833393000
6	129		247.863390000
6	0		247.895598000
6	0		248.081184000
6	0		248.205478000
6	0		248.266631000
6	0		248.453272000
6	0		248.515422000
6	0		248.638666000
6	0		248.825064000
6	0		248.887226000
6	73		248.926550000
6	0		249.073203000
6	0		249.135650000
6	1418		249.137010000
6	0		249.259393000
6	1420		249.260286000
6	1420		249.273376000
6	0		249.444863000
6	1420		249.445347000
6	1420		249.458815000
6	56		249.505734000
6	0		249.506446000
6	0		249.507006000
6	1418		249.507515000
6	1418		249.529743000
6	0		249.693398000
6	1420		249.693886000
6	1420		249.707339000
6	0		249.816770000
6	1418		249.817269000
6	1418		249.839502000
6	0		249.878956000
6	1420		249.879413000
6	1420		249.893055000
6	0		250.064716000
6	1420		250.065185000
6	1420		250.078647000
6	0		250.127472000
6	1418		250.127964000
6	1418		250.150237000
6	0		250.250984000
6	1420		250.251437000
6	1420		250.264965000
6	0		250.437519000
6	1420		250.438007000
6	1420		250.451455000
6	0		250.499391000
6	0		250.499412000
6	1418		250.499894000
6	0		250.500203000
6	1418		250.522141000
6	0		250.684638000
6	1420		250.685119000
6	1420		250.698578000
6	0		250.746824000
6	1418		250.747332000
6	1418		250.769574000
6	0		250.809046000
6	1420		250.809529000
6	1420		250.823015000
6	0		250.876563000
6	0		250.876607000
6	0		250.995501000
6	1420		250.995993000
6	1420		251.009444000
6	0		251.056672000
6	1418		251.057178000
6	1418		251.079418000
6	0		251.180811000
6	1420		251.181258000
6	1420		251.194718000
6	0		251.305137000
6	0		251.305166000
6	0		251.305623000
6	0		251.306453000
6	0		251.367310000
6	1420		251.367776000
6	1420		251.381263000
6	0		251.428840000
6	1418		251.429346000
6	1418		251.451597000
6	0		251.615274000
6	1420		251.615761000
6	1420		251.629220000
6	0		251.739620000
6	1418		251.740121000
6	1418		251.762350000
6	0		251.800764000
6	1420		251.801253000
6	1420		251.814695000
6	0		251.987320000
6	1420		251.987839000
6	1420		252.001284000
6	0		252.049753000
6	1418		252.050287000
6	1418		252.072548000
6	1418		252.116988000
6	1418		252.161481000
6	0		252.172978000
6	1420		252.173455000
6	1420		252.186908000
6	1420		252.213853000
6	1420		252.240791000
6	685		252.297400000
6	0		252.297839000
6	0		252.359047000
6	1420		252.359513000
6	1420		252.372977000
6	1420		252.399906000
6	0		252.421182000
6	1418		252.421672000
6	1420		252.426846000
6	1418		252.443929000
6	1418		252.488400000
6	1418		252.532867000
6	0		252.607389000
6	1420		252.607867000
6	1420		252.621344000
6	1420		252.648283000
6	1420		252.675201000
6	0		252.730695000
6	1418		252.731211000
6	1418		252.753452000
6	0		252.792835000
6	1420		252.793335000
6	1418		252.797909000
6	1420		252.806785000
6	1420		252.833732000
6	1418		252.842386000
6	1420		252.860658000
6	0		252.979045000
6	1420		252.979496000
6	1420		252.992954000
6	1420		253.019881000
6	0		253.041346000
6	1418		253.041871000
6	1420		253.046820000
6	1418		253.064094000
6	1418		253.108571000
6	1418		253.153048000
6	0		253.165527000
6	1420		253.166000000
6	1420		253.179473000
6	1420		253.206406000
6	1420		253.233332000
6	0		253.350707000
6	1418		253.351196000
6	1418		253.373434000
6	0		253.413029000
6	1420		253.413539000
6	1418		253.417891000
6	1420		253.426986000
6	1420		253.453904000
6	1418		253.462380000
6	1420		253.480850000
6	0		253.599260000
6	1420		253.599736000
6	1420		253.613195000
6	1420		253.640127000
6	1420		253.667045000
6	0		253.723350000
6	1418		253.723848000
6	1418		253.746072000
6	0		253.785483000
6	1420		253.785977000
6	1418		253.790543000
6	1420		253.799425000
6	1420		253.826390000
6	1418		253.835034000
6	1420		253.853294000
6	0		253.971036000
6	0		253.971059000
6	1420		253.971548000
6	1418		253.971568000
6	1420		253.985006000
6	1418		253.993885000
6	1420		254.011942000
6	1418		254.038269000
6	1420		254.038838000
6	1418		254.082740000
6	0		254.157215000
6	1418		254.157739000
6	1418		254.180162000
6	0		254.219364000
6	1420		254.219851000
6	1418		254.224436000
6	1420		254.233321000
6	1420		254.260249000
6	1418		254.268894000
6	1420		254.287170000
6	0		254.404652000
6	1420		254.405128000
6	1420		254.418584000
6	1420		254.445517000
6	0		254.467331000
6	0		254.467355000
6	0		254.467777000
6	1418		254.467808000
6	1420		254.472457000
6	1418		254.490068000
6	1396		254.529694000
6	701		254.529733000
6	0		254.529745000
6	1418		254.534533000
6	0		254.535420000
6	0		254.541954000
6	1396		254.542737000
6	1396		254.568401000
6	1418		254.579031000
6	129		254.581403000
6	1396		254.594852000
6	1396		254.621332000
6	1396		254.647793000
6	0		254.653021000
6	1420		254.653493000
6	1420		254.666962000
6	1396		254.674218000
6	1420		254.693903000
6	1396		254.700682000
6	0		254.715266000
6	1418		254.715810000
6	1420		254.720809000
6	1396		254.727122000
6	1418		254.738054000
6	1396		254.753607000
6	0		254.777411000
6	1420		254.777881000
6	1396		254.780038000
6	1420		254.791351000
6	1396		254.806531000
6	1420		254.818282000
6	1396		254.832962000
6	1420		254.845217000
6	1396		254.859408000
6	1396		254.885876000
6	0		254.901416000
6	1420		254.901897000
6	1396		254.912332000
6	1420		254.915357000
6	1396		254.938786000
6	1420		254.942296000
6	1396		254.965222000
6	1420		254.969230000
6	1396		254.991692000
6	129		255.006398000
6	1396		255.018156000
6	0		255.025418000
6	1420		255.025901000
6	1420		255.039366000
6	1396		255.044596000
6	1396		255.071066000
6	1396		255.097541000
6	1396		255.123979000
6	0		255.149272000
6	1418		255.149784000
6	1396		255.150415000
6	1418		255.172043000
6	1396		255.176883000
6	1396		255.203363000
6	0		255.211453000
6	1420		255.211954000
6	1418		255.216502000
6	1420		255.225431000
6	1396		255.229799000
6	1420		255.252354000
6	1396		255.256263000
6	1418		255.260982000
6	1420		255.279258000
6	1396		255.282696000
6	1396		255.309135000
6	890		255.335607000
6	0		255.396909000
6	1418		255.397414000
6	1418		255.419637000
6	0		255.459092000
6	1420		255.459585000
6	1418		255.464113000
6	1420		255.473049000
6	1420		255.499982000
6	1418		255.508604000
6	1420		255.526912000
6	0		255.583924000
6	1420		255.584420000
6	1420		255.597897000
6	1420		255.624823000
6	1420		255.651735000
6	0		255.707302000
6	1420		255.707784000
6	1420		255.721264000
6	1420		255.748189000
6	1396		255.769432000
6	0		255.769946000
6	1420		255.775115000
6	0		255.892674000
6	1418		255.893211000
6	1418		255.915448000
6	1418		255.959900000
6	1418		256.004380000
6	0		256.017977000
6	0		256.018004000
6	1420		256.018506000
6	1420		256.031955000
6	1418		256.048850000
6	1418		256.093345000
6	1418		256.137792000
6	0		256.141604000
6	1420		256.142115000
6	1420		256.155572000
6	1418		256.182268000
6	1420		256.182464000
6	1420		256.209417000
6	0		256.264755000
17		44	256.264783000
17		41	256.264791000
6	1420		256.265225000
6	1420		256.278696000
17		33	256.290755000
6	1420		256.305634000
6	0		256.326984000
6	1420		256.332536000
6	0		256.388882000
17		41	256.388914000
6	0		256.451037000
17		44	256.451071000
17		41	256.451080000
17		792	256.451084000
17		33	256.452278000
17		33	256.452310000
17		77	256.461717000
17		33	256.464400000
6	0		256.512695000
6	0		256.574880000
17		104	256.574909000
17		37	256.575947000
17		640	256.577372000
6	0		256.637074000
6	0		256.698875000
6	0		256.761086000
6	0		256.823316000
6	0		256.885928000
6	0		256.947127000
6	0		257.009314000
6	0		257.071469000
6	0		257.132639000
6	0		257.194817000
6	0		257.194849000
6	0		257.195119000
6	0		257.257036000
6	0		257.319559000
6	0		257.380758000
6	0		257.380786000
6	0		257.442940000
6	0		257.505063000
6	0		257.567421000
6	0		257.629546000
6	0		257.690861000
6	0		257.752980000
6	0		257.815280000
6	0		257.877467000
6	0		257.938668000
6	0		258.000805000
6	0		258.062983000
6	0		258.125182000
6	0		258.187363000
6	0		258.249536000
6	0		258.310714000
6	0		258.372901000
6	0		258.435090000
6	0		258.497349000
6	0		258.559515000
6	0		258.620715000
6	0		258.682820000
6	0		258.745012000
6	0		258.807221000
6	0		258.869391000
6	0		258.931570000
6	0		258.992738000
6	0		259.054926000
6	0		259.117098000
6	0		259.179284000
6	0		259.202226000
6	0		259.241427000
6	0		259.241455000
6	0		259.302709000
6	0		259.364880000
6	0		259.427100000
6	0		259.489210000
6	0		259.551523000
6	0		259.612727000
6	0		259.674871000
6	0		259.737034000
6	0		259.799196000
6	0		259.861351000
6	0		259.923510000
6	0		259.984666000
6	0		260.046846000
6	0		260.108993000
6	0		260.171206000
6	0		260.171233000
6	0		260.171664000
6	0		260.232911000
6	0		260.295074000
6	0		260.357267000
6	0		260.377946000
6	0		260.378004000
6	1377		260.384780000
6	0		260.417580000
6	12		260.418079000
6	0		260.419431000
6	0		260.457378000
6	12		260.457415000
6	0		260.457427000
6	1		260.457583000
6	4		260.457596000
6	32		260.457604000
6	0		260.457616000
6	0		260.481668000
6	0		260.496796000
6	0		260.496841000
6	0		260.496876000
6	0		260.496940000
6	0		260.496955000
6	0		260.542860000
6	0		260.605052000
6	0		260.667239000
6	0		260.729415000
6	0		260.791465000
6	698		260.791504000
6	0		260.803620000
6	0		260.852721000
6	0		260.915010000
6	0		260.977203000
6	0		261.039390000
6	0		261.101576000
6	0		261.162765000
6	0		261.162789000
6	0		261.224960000
6	1042		261.265808000
6	0		261.287148000
6	0		261.349293000
6	0		261.411462000
6	0		261.472655000
6	0		261.534751000
6	0		261.597059000
6	0		261.597083000
6	0		261.597090000
6	0		261.597095000
17		41	261.597104000
6	0		261.597616000
6	0		261.658892000
6	0		261.658915000
17		44	261.658924000
17		41	261.658929000
17		33	261.684926000
6	0		261.721146000
6	0		261.783499000
6	0		261.845133000
6	0		261.845186000
6	1396		261.906823000
6	698		261.906848000
6	0		261.906855000
6	0		261.906862000
6	0		261.906868000
6	0		261.918859000
6	1396		261.919715000
6	0		261.924279000
6	1396		261.946260000
6	1396		261.973674000
6	1396		262.001104000
6	1396		262.028533000
6	1396		262.055922000
6	1396		262.083376000
6	0		262.093392000
6	0		262.093416000
6	1420		262.093904000
6	1418		262.093983000
6	1420		262.107354000
6	1396		262.110751000
6	1418		262.116245000
6	1420		262.134309000
6	1396		262.138186000
6	1418		262.160725000
6	1420		262.161215000
6	1396		262.165602000
6	1420		262.188143000
6	1396		262.193034000
6	1418		262.205202000
6	1420		262.215081000
6	0		262.216715000
6	0		262.216741000
6	0		262.216747000
6	1396		262.220410000
6	1420		262.242020000
6	1396		262.247845000
6	1418		262.249658000
6	1420		262.268955000
6	1396		262.275298000
6	1418		262.294163000
6	1420		262.295880000
6	1396		262.302692000
6	1420		262.322803000
6	1396		262.330102000
6	1418		262.338596000
6	0		262.340714000
6	1420		262.349713000
6	1396		262.357530000
6	1420		262.376668000
6	1418		262.383079000
6	1396		262.384923000
6	1420		262.403578000
6	1396		262.412370000
6	1418		262.427735000
6	1420		262.430490000
6	1396		262.439779000
6	1420		262.457478000
6	0		262.465278000
6	1396		262.467199000
6	1418		262.472036000
6	1420		262.484358000
6	1396		262.494607000
6	1420		262.511308000
6	1418		262.516508000
6	1396		262.522055000
6	1420		262.538283000
6	1396		262.549441000
6	1418		262.561033000
6	1420		262.565167000
6	1396		262.576922000
6	0		262.588877000
6	1420		262.592069000
6	1396		262.604291000
6	1418		262.605458000
6	1420		262.619029000
6	1396		262.631715000
6	1420		262.645954000
6	1418		262.649944000
6	1396		262.659120000
6	1420		262.672874000
6	1396		262.686564000
6	1418		262.694410000
6	1420		262.699802000
6	0		262.713160000
6	1396		262.713949000
6	1420		262.726749000
6	1418		262.738900000
6	890		262.741375000
6	1420		262.753679000
6	0		262.775317000
6	1420		262.780585000
6	1418		262.783376000
6	1420		262.807528000
6	1418		262.827861000
6	1420		262.834452000
6	1420		262.861393000
6	1418		262.872328000
6	1420		262.888325000
6	0		262.899044000
6	1420		262.915248000
6	1418		262.916794000
6	1420		262.942176000
6	1418		262.961309000
6	1420		262.969121000
6	1420		262.996035000
6	1418		263.005748000
6	1420		263.022971000
6	0		263.023591000
6	1420		263.049888000
6	1418		263.050199000
6	1420		263.076829000
6	1418		263.094707000
6	1420		263.103770000
6	1420		263.130735000
6	1418		263.139196000
6	0		263.147312000
6	1420		263.157639000
6	1418		263.183659000
6	1420		263.184548000
6	1420		263.211478000
6	1418		263.228133000
6	1420		263.238420000
6	1420		263.265317000
6	0		263.270997000
6	1418		263.272576000
6	1420		263.292270000
6	1418		263.317075000
6	1420		263.319163000
6	1420		263.346146000
6	1418		263.361541000
6	1420		263.373053000
6	0		263.394809000
6	1420		263.400253000
6	1418		263.406020000
6	1420		263.426937000
6	1418		263.450503000
6	1420		263.453826000
6	1420		263.480764000
6	1418		263.494992000
6	1420		263.507754000
6	0		263.519207000
6	1420		263.534623000
6	1418		263.539449000
6	1420		263.561561000
6	1418		263.583933000
6	1420		263.588501000
6	1420		263.615411000
6	1418		263.628404000
6	1420		263.642334000
6	0		263.643018000
6	1420		263.669276000
6	1418		263.672905000
6	1420		263.696223000
6	1418		263.717355000
6	1420		263.723154000
6	1420		263.750088000
6	1418		263.761819000
6	0		263.766631000
6	1420		263.777094000
6	1420		263.804233000
6	1418		263.806314000
6	1420		263.830838000
6	1418		263.850764000
6	1420		263.857778000
6	1420		263.884716000
6	0		263.890730000
6	1418		263.895253000
6	1420		263.911649000
6	1420		263.938560000
6	1418		263.940022000
6	1420		263.965483000
6	1418		263.984195000
6	1420		263.992457000
6	0		264.015393000
6	1420		264.019368000
6	1418		264.028692000
6	1420		264.046323000
6	1418		264.073158000
6	1420		264.073213000
6	1420		264.100151000
6	1418		264.117631000
6	1420		264.127103000
6	0		264.138656000
6	1420		264.154043000
6	1418		264.162089000
6	1420		264.180957000
6	1418		264.206585000
6	1420		264.207867000
6	1420		264.234820000
6	1418		264.251052000
6	1420		264.261729000
6	0		264.263409000
6	1420		264.288688000
6	1418		264.295538000
6	1420		264.315582000
6	1418		264.340000000
6	1420		264.342538000
6	1420		264.369457000
6	1418		264.384503000
6	0		264.387059000
6	1420		264.396410000
6	1420		264.423332000
6	1418		264.428975000
6	1420		264.450242000
6	1418		264.473440000
6	1420		264.477161000
6	1420		264.504128000
6	0		264.511482000
6	1418		264.517910000
6	1420		264.531027000
6	1420		264.557969000
6	1418		264.562380000
6	1420		264.584895000
6	1418		264.606871000
6	1420		264.611802000
6	0		264.634840000
6	1420		264.638762000
6	1418		264.651309000
6	1420		264.665657000
6	1420		264.692604000
6	1418		264.695801000
6	1420		264.719544000
6	1418		264.740303000
6	1420		264.746468000
6	0		264.750020000
6	0		264.759269000
6	1420		264.773401000
6	1418		264.784762000
6	1420		264.800303000
6	1420		264.827314000
6	1418		264.829213000
6	1420		264.854178000
6	1418		264.873729000
6	1420		264.881136000
6	0		264.882688000
6	1420		264.908055000
6	1418		264.918197000
6	1420		264.934959000
6	1420		264.961887000
6	1418		264.962647000
6	1420		264.988854000
6	1418		265.007113000
6	0		265.007398000
6	1420		265.015744000
6	1420		265.042716000
6	1418		265.051610000
6	1420		265.069606000
6	1418		265.096109000
6	1420		265.096537000
6	1420		265.123504000
6	0		265.131092000
6	1418		265.140553000
6	1420		265.150438000
6	1420		265.177350000
6	1418		265.185039000
6	1420		265.204281000
6	1418		265.229500000
6	1420		265.231235000
6	0		265.254665000
6	0		265.254691000
6	0		265.256846000
6	1420		265.258147000
6	1418		265.273982000
6	1420		265.285052000
6	1420		265.311991000
6	1418		265.318443000
6	1420		265.338941000
6	1418		265.362950000
6	1420		265.365844000
6	0		265.379527000
6	1420		265.392765000
6	1418		265.407416000
6	1420		265.419711000
6	1420		265.446628000
6	1418		265.451864000
6	1420		265.473552000
6	1418		265.496366000
6	1420		265.500484000
6	1420		265.527442000
6	1418		265.540837000
6	1420		265.554352000
6	0		265.565440000
6	0		265.565473000
6	1420		265.581319000
6	1418		265.585318000
6	1420		265.608226000
6	0		265.627480000
6	0		265.627779000
6	1418		265.629775000
6	1420		265.635197000
6	1420		265.662081000
6	1418		265.674282000
6	0		265.688882000
6	1420		265.689012000
6	1420		265.715911000
6	1418		265.718725000
6	1420		265.742861000
6	1418		265.763222000
6	1420		265.769792000
6	1420		265.796717000
6	1418		265.807677000
6	1420		265.823644000
6	1420		265.850565000
6	1418		265.852145000
6	0		265.875420000
6	0		265.875443000
6	1420		265.877519000
6	1418		265.896628000
6	1420		265.904442000
6	1420		265.931380000
6	1418		265.941106000
6	1420		265.958277000
6	1420		265.985214000
6	1418		265.985542000
6	0		265.998932000
6	1420		266.012166000
6	1418		266.030046000
6	1420		266.039086000
6	1420		266.066010000
6	1418		266.074518000
6	1420		266.092947000
6	1418		266.119003000
6	1420		266.119846000
6	0		266.123470000
6	1420		266.146808000
6	1418		266.163486000
6	1420		266.173733000
6	1420		266.200648000
6	1418		266.207945000
6	0		266.247451000
6	1420		266.247948000
6	1418		266.252418000
6	1420		266.261378000
6	1418		266.296907000
6	0		266.371436000
6	1420		266.371903000
6	1420		266.385390000
6	1420		266.412310000
6	0		266.432740000
17		1353	266.432770000
6	1418		266.433221000
17		37	266.434054000
6	1420		266.439237000
6	1418		266.455456000
6	0		266.495533000
6	1420		266.496029000
6	1418		266.499937000
6	1420		266.509507000
6	1420		266.536449000
6	1418		266.544403000
6	1420		266.563346000
6	0		266.618845000
6	1420		266.619307000
6	1420		266.632746000
6	1420		266.659683000
6	1420		266.686609000
17		1358	266.742845000
17		33	266.768562000
6	0		266.805032000
6	1418		266.805524000
6	1418		266.827770000
6	0		266.867063000
6	1420		266.867563000
6	1418		266.872257000
6	1420		266.881015000
6	1418		266.916721000
6	0		266.929278000
6	1418		266.961193000
6	1418		267.005677000
6	1418		267.050130000
6	0		267.052769000
17		1358	267.052808000
6	1420		267.053317000
6	1420		267.066714000
17		33	267.078445000
6	0		267.082887000
6	0		267.082933000
6	1420		267.093644000
6	1418		267.094599000
6	1420		267.120592000
6	0		267.177117000
6	1420		267.177599000
6	1420		267.191046000
6	1420		267.217998000
6	1420		267.244909000
6	0		267.301431000
6	1418		267.302107000
6	1418		267.324162000
6	56		267.358397000
6	1418		267.368664000
6	0		267.382810000
6	41		267.390112000
6	1418		267.413114000
17		1358	267.424662000
17		33	267.450544000
6	0		267.486723000
6	1420		267.487213000
6	1420		267.500658000
6	1420		267.527596000
6	1420		267.554530000
6	0		267.610902000
6	1418		267.611445000
6	1418		267.633676000
6	0		267.673077000
6	1420		267.673573000
6	1418		267.678147000
6	1420		267.687029000
6	0		267.689954000
6	21		267.693201000
6	0		267.693236000
6	1080		267.694281000
6	1420		267.713960000
6	1418		267.722620000
17		1358	267.734771000
6	1420		267.740896000
17		33	267.760993000
6	0		267.797026000
6	1420		267.797532000
6	1420		267.810966000
6	1420		267.837913000
6	1420		267.864844000
6	56		267.893438000
6	0		267.921326000
6	1420		267.921834000
6	1420		267.935343000
6	1420		267.962243000
6	1420		267.989155000
6	0		267.993688000
6	440		267.993730000
6	0		268.034233000
6	0		268.045393000
17		1358	268.045421000
6	1418		268.045909000
6	1418		268.068136000
17		33	268.071438000
6	1418		268.112622000
6	1418		268.157101000
6	0		268.231536000
6	48		268.332835000
6	0		268.332867000
6	280		268.339326000
6	0		268.354991000
17		1358	268.355021000
17		33	268.380744000
6	0		268.417188000
6	0		268.603586000
6	0		268.637572000
6	16		268.657520000
6	0		268.665484000
17		1358	268.665512000
17		33	268.691623000
6	0		268.698208000
6	0		268.851198000
6	0		268.913395000
17		1358	268.975276000
6	52		268.996823000
6	0		268.996862000
6	52		268.996980000
17		33	269.001112000
6	0		269.036725000
6	0		269.222805000
6	84		269.298461000
6	0		269.342229000
6	0		269.346845000
17		1358	269.346877000
17		33	269.372452000
6	0		269.409334000
6	0		269.533144000
6	0		269.594685000
17		423	269.656758000
17		121	269.672460000
17		156	269.676736000
6	0		269.718999000
6	0		269.719022000
6	0		269.843321000
6	0		269.905446000
6	0		269.905469000
6	0		269.905479000
6	0		270.028799000
6	0		270.090981000
6	0		270.153174000
6	0		270.153206000
6	0		270.277465000
6	0		270.277494000
6	0		270.338657000
6	0		270.462965000
6	0		270.587383000
6	0		270.649549000
6	0		270.710748000
6	0		270.772952000
6	0		270.896949000
6	0		270.959058000
6	0		271.021354000
6	0		271.144677000
6	0		271.206865000
6	0		271.269034000
6	0		271.331250000
6	0		271.455594000
6	890		271.505637000
6	0		271.516771000
6	0		271.579065000
6	0		271.703435000
6	0		271.765578000
6	68		271.819309000
6	0		271.826741000
6	0		271.826763000
6	0		271.888939000
6	0		272.013313000
6	0		272.075490000
6	52		272.118180000
6	0		272.118229000
6	0		272.118252000
6	0		272.119660000
6	0		272.136644000
6	73		272.167425000
6	0		272.198675000
6	0		272.260849000
6	0		272.385185000
6	0		272.419590000
6	0		272.447396000
6	0		272.509549000
6	0		272.570704000
6	0		272.695065000
6	0		272.757206000
6	0		272.881557000
6	0		272.942787000
6	0		273.004925000
6	0		273.067074000
6	0		273.129266000
6	0		273.191447000
6	0		273.218747000
6	0		273.218796000
6	0		273.245786000
6	0		273.314799000
6	0		273.501293000
6	0		273.563468000
6	0		273.563941000
6	0		273.624639000
6	0		273.687375000
6	0		273.810654000
6	0		273.935009000
6	0		274.059394000
6	0		274.121579000
6	0		274.182730000
6	0		274.307086000
6	0		274.431394000
6	0		274.554781000
6	0		274.616965000
6	0		274.741571000
6	0		274.802748000
6	0		274.988997000
6	0		275.113489000
6	0		275.113643000
6	0		275.237097000
17		44	275.237125000
17		33	275.263262000
6	0		275.298659000
17		45	275.298698000
17		33	275.325337000
6	0		275.361431000
6	0		275.361456000
6	0		275.361461000
6	0		275.361469000
6	0		275.361784000
6	0		275.361935000
6	0		275.361946000
6	0		275.422774000
6	0		275.422804000
6	0		275.485369000
6	0		275.485393000
6	0		275.547597000
6	0		275.608824000
6	0		275.629811000
6	0		275.629858000
6	0		275.671027000
6	0		275.733178000
6	0		275.795020000
6	0		275.857488000
6	0		276.042676000
6	0		276.105121000
6	0		276.167281000
6	0		276.229112000
6	0		276.229142000
6	0		276.229150000
6	0		276.229616000
6	0		276.229651000
6	0		276.246743000
6	0		276.291374000
6	0		276.353461000
6	0		276.414677000
6	0		276.477432000
6	0		276.477479000
6	0		276.478363000
6	0		276.498744000
6	0		276.498808000
6	0		276.536961000
6	0		276.537378000
6	0		276.538174000
6	12		276.538489000
6	0		276.538671000
6	0		276.577531000
6	12		276.577567000
6	0		276.577578000
6	1		276.577743000
6	4		276.577757000
6	32		276.577766000
6	0		276.577779000
6	0		276.600934000
6	0		276.616781000
6	0		276.616816000
6	0		276.616986000
6	0		276.617114000
6	0		276.617129000
6	0		276.725210000
6	0		276.785229000
6	0		276.787131000
6	0		276.849565000
6	0		277.035671000
6	0		277.096880000
6	0		277.159100000
6	56		277.166399000
6	0		277.169064000
6	0		277.221527000
6	0		277.221558000
6	0		277.221567000
6	0		277.222103000
6	0		277.222123000
6	0		277.345524000
6	0		277.468874000
6	0		277.531613000
6	0		277.531650000
6	0		277.532219000
6	0		277.654807000
6	0		277.716859000
6	0		277.779043000
6	0		277.841215000
6	0		278.026736000
6	0		278.088912000
6	0		278.151078000
6	0		278.213258000
6	0		278.337597000
6	0		278.398756000
6	0		278.523135000
6	0		278.647541000
6	0		278.708742000
6	0		278.770925000
6	0		278.770947000
6	0		278.895270000
6	0		279.019658000
6	0		279.080869000
6	0		279.205301000
6	0		279.265005000
6	0		279.265422000
6	0		279.266690000
6	0		279.266716000
6	0		279.266728000
6	0		279.267323000
6	0		279.267345000
6	0		279.328947000
6	0		279.390801000
6	0		279.515103000
6	0		279.515579000
6	0		279.576889000
6	0		279.639165000
6	0		279.701347000
6	0		279.763556000
6	0		279.886948000
6	0		280.073495000
6	0		280.134679000
6	0		280.321207000
6	0		280.445628000
6	0		280.506827000
6	0		280.631471000
6	0		280.692679000
6	0		280.816958000
6	0		281.003554000
6	0		281.064702000
6	0		281.251247000
6	0		281.313408000
6	0		281.436785000
6	0		281.569203000
6	0		281.623347000
6	0		281.684743000
6	0		281.871284000
6	0		281.995403000
6	0		282.057593000
6	0		282.243110000
6	0		282.305292000
6	0		282.429655000
6	0		282.615134000
6	0		282.677320000
6	0		282.862843000
6	0		282.987240000
6	0		283.049436000
6	0		283.235002000
6	0		283.296990000
6	0		283.297351000
6	0		283.297393000
6	0		283.297411000
6	0		283.297429000
6	0		283.297837000
6	0		283.297860000
6	0		283.421306000
6	0		283.545516000
6	0		283.545986000
6	0		283.606975000
6	0		283.669594000
6	0		283.793003000
6	0		283.887055000
6	0		283.887107000
6	0		283.917143000
6	0		283.933755000
6	0		283.979347000
6	0		284.164861000
6	0		284.227048000
6	0		284.351408000
6	0		284.537013000
6	0		284.599361000
6	0		284.618306000
6	0		284.618375000
6	0		284.657691000
6	12		284.657922000
6	0		284.697239000
6	12		284.697283000
6	0		284.697298000
6	1		284.697505000
6	4		284.697529000
6	32		284.697539000
6	0		284.697550000
6	0		284.736809000
6	0		284.736910000
6	0		284.736940000
6	0		284.737051000
6	0		284.737066000
6	0		284.784708000
6	0		284.909098000
6	0		284.971271000
6	0		285.156905000
6	0		285.219056000
6	0		285.343374000
6	0		285.528875000
6	0		285.591079000
6	0		285.777561000
6	0		285.900906000
6	0		285.963106000
6	0		286.149591000
6	0		286.210759000
6	0		286.335105000
6	0		286.521699000
6	0		286.533976000
6	0		286.534031000
6	0		286.583053000
6	0		286.769375000
6	1420		286.770326000
6	1420		286.783320000
6	0		286.892821000
6	1418		286.893769000
6	1418		286.915584000
6	0		286.955156000
6	1420		286.955629000
6	1420		286.969063000
6	1420		286.996009000
6	1420		287.022946000
6	0		287.036504000
6	0		287.078811000
6	0		287.078832000
6	0		287.079377000
6	1420		287.079391000
6	1420		287.092847000
6	1420		287.119788000
6	0		287.141003000
6	1418		287.141491000
6	1420		287.146699000
6	1418		287.163738000
6	1418		287.208229000
6	1418		287.252703000
6	0		287.265111000
6	1420		287.265580000
6	1420		287.279045000
6	1420		287.305999000
6	1420		287.332916000
6	0		287.389395000
6	0		287.389420000
6	0		287.390012000
6	0		287.390435000
6	0		287.410890000
6	0		287.410936000
6	0		287.450766000
6	1418		287.451258000
6	1418		287.473508000
6	0		287.513123000
6	1420		287.513597000
6	1418		287.517970000
6	1420		287.527055000
6	1420		287.554019000
6	1418		287.562552000
6	1420		287.580945000
6	0		287.584552000
6	0		287.699067000
6	1420		287.699577000
6	1420		287.713035000
6	1420		287.739998000
6	1420		287.766884000
6	0		287.823296000
6	1418		287.823807000
6	1418		287.846056000
6	0		287.885478000
6	1420		287.885985000
6	1418		287.890801000
6	1420		287.899425000
6	1420		287.926397000
6	1418		287.935005000
6	1420		287.953294000
6	0		288.070781000
6	1420		288.071293000
6	1420		288.084750000
6	1420		288.111690000
6	0		288.132980000
6	1418		288.133479000
6	1420		288.138631000
6	1418		288.155729000
6	1418		288.200207000
6	1418		288.244692000
6	0		288.319226000
6	1420		288.319783000
6	1420		288.333250000
6	1420		288.360155000
6	1420		288.387098000
6	0		288.443527000
6	1418		288.444062000
6	1418		288.466312000
6	0		288.504733000
6	1420		288.505201000
6	1418		288.510787000
6	1420		288.518672000
6	1420		288.545615000
6	1418		288.555281000
6	1420		288.572570000
6	0		288.691158000
6	1420		288.691673000
6	1420		288.705135000
6	1420		288.732047000
6	0		288.753331000
6	1418		288.753942000
6	1420		288.758995000
6	1418		288.776191000
6	0		288.877640000
6	1420		288.878141000
6	1420		288.891593000
6	1420		288.918516000
6	1420		288.945450000
6	0		289.062948000
6	1420		289.063442000
6	1420		289.076904000
6	1420		289.103833000
6	0		289.125129000
6	1418		289.125633000
6	1420		289.130777000
6	1418		289.147874000
6	0		289.311481000
6	1420		289.311999000
6	1420		289.325436000
6	1420		289.352365000
6	1420		289.379290000
6	0		289.434842000
6	1418		289.435384000
6	1418		289.457628000
6	0		289.496724000
6	1420		289.497210000
6	1420		289.510670000
6	1420		289.537612000
6	1420		289.564543000
6	0		289.683183000
6	1420		289.683684000
6	1420		289.697140000
6	1420		289.724108000
6	0		289.745427000
6	1418		289.745928000
6	1420		289.751008000
6	1418		289.768158000
6	0		289.868692000
6	1420		289.869211000
6	1420		289.882664000
6	1420		289.909595000
6	1420		289.936513000
6	0		290.055040000
6	1420		290.055512000
6	1420		290.068983000
6	1420		290.095909000
6	0		290.117225000
6	1418		290.117781000
6	1420		290.122860000
6	1418		290.140020000
6	0		290.303194000
6	1420		290.303697000
6	1420		290.317155000
6	1420		290.344113000
6	1420		290.371046000
6	0		290.426761000
6	1418		290.427310000
6	1418		290.449544000
6	0		290.489548000
6	1420		290.490074000
6	1420		290.503532000
6	1420		290.530461000
6	1420		290.557398000
6	0		290.612928000
6	1420		290.613419000
6	1420		290.626878000
6	1420		290.653852000
6	0		290.675136000
6	1418		290.675679000
6	1420		290.680756000
6	1418		290.697913000
6	0		290.799398000
6	1420		290.799901000
6	1420		290.813370000
6	1420		290.840334000
6	1420		290.867241000
6	0		290.984715000
6	1420		290.985246000
6	1420		290.998670000
6	0		291.046933000
6	1418		291.047442000
6	1418		291.069703000
6	0		291.233371000
6	1420		291.233863000
6	1420		291.247311000
6	0		291.357406000
6	0		291.357430000
6	1418		291.357904000
6	1420		291.357918000
6	1418		291.380160000
6	0		291.393845000
6	0		291.393912000
6	1418		291.424626000
6	1418		291.469104000
6	0		291.481442000
6	0		291.481482000
6	0		291.481493000
6	0		291.481924000
6	0		291.481948000
6	1420		291.481951000
6	1420		291.495409000
6	0		291.667071000
6	1418		291.667577000
6	1418		291.689790000
6	0		291.729415000
6	0		291.729444000
6	0		291.729945000
6	1420		291.729987000
6	1418		291.734268000
6	1420		291.743369000
6	1418		291.778760000
6	0		291.915376000
6	1420		291.915877000
6	1420		291.929324000
6	0		291.977605000
6	1418		291.978132000
6	1418		292.000378000
6	1418		292.044862000
6	1418		292.089335000
6	0		292.100846000
6	1420		292.101335000
6	1420		292.114783000
17		33	292.227020000
6	0		292.257287000
6	0		292.257341000
6	0		292.287364000
6	1420		292.287863000
6	1420		292.301332000
6	0		292.349543000
6	1418		292.350055000
6	1418		292.372305000
6	1418		292.416826000
6	1418		292.461269000
6	0		292.534762000
6	1420		292.535348000
6	1420		292.548711000
6	0		292.596940000
6	1418		292.597522000
6	1418		292.619754000
6	1418		292.664215000
6	1418		292.708716000
6	0		292.721322000
6	1420		292.722651000
6	1420		292.736100000
6	0		292.737188000
6	0		292.737236000
6	0		292.776065000
6	12		292.776375000
6	0		292.815192000
6	12		292.815247000
6	0		292.815261000
6	1		292.815434000
6	4		292.815456000
6	32		292.815465000
6	0		292.815478000
17		41	292.845440000
6	0		292.854207000
6	0		292.854251000
6	0		292.854272000
6	0		292.854496000
6	0		292.854512000
6	0		292.906787000
6	1420		292.907298000
6	1420		292.920753000
6	0		292.968992000
6	1418		292.969508000
6	1418		292.991803000
6	1418		293.036229000
6	1418		293.080688000
6	0		293.155274000
6	1420		293.155763000
6	1420		293.169241000
6	0		293.278731000
6	1418		293.279266000
6	1418		293.301520000
6	0		293.340919000
6	1420		293.341413000
6	1418		293.346062000
6	1420		293.354877000
6	1418		293.390465000
6	0		293.464950000
6	1420		293.465444000
6	1420		293.478908000
6	0		293.589384000
6	1420		293.589873000
6	1420		293.603346000
6	0		293.712798000
6	1418		293.713373000
6	1418		293.735613000
6	1418		293.780071000
6	0		293.899520000
6	1420		293.900023000
6	1420		293.913497000
6	0		293.960729000
6	1418		293.961294000
6	1418		293.983558000
6	0		294.023404000
6	0		294.023433000
6	0		294.023740000
6	1418		294.028009000
6	1418		294.072497000
6	0		294.208802000
6	0		294.208838000
6	1420		294.209286000
6	1418		294.209336000
6	1420		294.222752000
6	0		294.394747000
6	1420		294.395273000
6	1420		294.408711000
6	0		294.519777000
6	1420		294.520251000
6	1420		294.533719000
6	0		294.643183000
6	1420		294.643699000
6	1420		294.657156000
6	0		294.705407000
6	1418		294.705907000
6	1418		294.728164000
6	0		294.766713000
6	0		294.828772000
6	1418		294.829267000
6	1418		294.851538000
6	0		295.015423000
6	0		295.015462000
6	1418		295.015947000
6	1420		295.015971000
6	1420		295.029399000
6	0		295.076737000
6	0		295.077315000
6	0		295.138910000
6	1420		295.139381000
6	1420		295.152828000
6	0		295.263351000
6	1418		295.263826000
6	1418		295.286077000
6	0		295.387405000
6	1420		295.387912000
6	0		295.448397000
6	0		295.448451000
6	0		295.511340000
6	1420		295.511865000
6	1420		295.525295000
6	0		295.573531000
6	1418		295.574037000
6	0		295.579937000
6	1418		295.596301000
6	0		295.697010000
6	1420		295.697497000
6	1420		295.710940000
6	0		295.821414000
6	1420		295.821892000
6	1420		295.835324000
6	0		295.883631000
6	0		295.944808000
6	1420		295.945296000
6	1420		295.959387000
6	0		295.964704000
6	0		296.069195000
6	1420		296.069669000
6	1420		296.083114000
6	0		296.193536000
6	1420		296.194026000
6	1420		296.207480000
6	0		296.254734000
6	1418		296.255268000
6	1418		296.277493000
6	0		296.379091000
17		45	296.379116000
17		41	296.379123000
6	1418		296.379652000
6	1418		296.401863000
17		33	296.405040000
17		1358	296.440757000
6	0		296.440794000
6	0		296.440804000
6	0		296.441502000
17		39	296.442190000
17		76	296.449959000
17		33	296.452866000
6	0		296.503266000
6	0		296.503299000
6	0		296.503309000
6	0		296.503314000
6	0		296.503318000
6	0		296.503322000
6	0		296.503326000
6	0		296.503331000
6	0		296.503335000
6	517		296.503340000
6	0		296.503855000
6	2792		296.504945000
6	2387		296.504980000
6	517		296.565484000
6	517		296.565511000
6	0		296.565965000
6	0		296.566001000
6	2792		296.567181000
6	2387		296.567242000
6	2792		296.567253000
6	2387		296.567357000
6	0		296.688754000
6	1420		296.689248000
6	1420		296.702712000
6	1420		296.729653000
6	1420		296.756567000
6	1420		296.783545000
6	1420		296.810466000
6	0		296.812794000
6	1418		296.813303000
6	1418		296.835552000
6	1420		296.837343000
6	1420		296.864278000
6	0		296.874990000
6	1418		296.880019000
6	1420		296.891239000
6	1420		296.918174000
6	1418		296.924518000
17		197	296.936864000
6	1420		296.945073000
17		56	296.948248000
17		33	296.950697000
6	1418		296.968978000
6	1420		296.971999000
6	1420		296.998928000
6	0		296.999022000
6	1418		297.013446000
6	1420		297.025871000
6	1420		297.052815000
6	1418		297.057929000
6	1420		297.079715000
6	1418		297.102399000
6	1420		297.106685000
6	0		297.123499000
6	1420		297.133583000
6	1418		297.146876000
6	1420		297.160504000
6	1420		297.187432000
6	1418		297.191339000
6	1420		297.214372000
6	1418		297.235817000
6	1420		297.241315000
6	1420		297.268257000
6	1418		297.280284000
6	1420		297.295220000
6	0		297.308869000
6	1420		297.322099000
6	1418		297.324766000
6	1420		297.349044000
6	1418		297.369263000
6	0		297.370643000
6	1420		297.375974000
6	1420		297.402884000
6	1418		297.413761000
6	1420		297.429821000
6	1420		297.456782000
6	1418		297.458200000
6	1420		297.483663000
6	0		297.495335000
6	1418		297.502665000
6	1420		297.510621000
6	1420		297.537518000
6	1418		297.547141000
6	1420		297.564478000
6	1420		297.591382000
6	1418		297.591588000
6	1420		297.618341000
6	0		297.619544000
6	1418		297.636081000
6	1420		297.645246000
6	1420		297.672190000
6	1418		297.680555000
6	1420		297.699146000
6	1418		297.725069000
6	1420		297.726004000
6	0		297.742875000
6	1420		297.752979000
6	1418		297.769529000
6	1420		297.779897000
6	1420		297.806804000
6	1418		297.813974000
6	1420		297.833770000
6	1418		297.858483000
6	1420		297.860676000
6	0		297.867387000
6	1420		297.887647000
6	1418		297.902968000
6	1420		297.914526000
6	1420		297.941469000
6	1418		297.947412000
6	1420		297.968405000
6	0		297.991371000
6	1418		297.991875000
6	1420		297.995340000
6	1420		298.022264000
6	1418		298.036399000
6	1420		298.049197000
6	1420		298.076161000
6	1418		298.080842000
6	1420		298.103044000
6	0		298.115355000
6	1418		298.125322000
6	1420		298.129990000
6	1420		298.156937000
6	1418		298.169863000
6	0		298.177427000
6	1420		298.183859000
6	1420		298.210802000
6	1418		298.214268000
6	1420		298.237728000
6	0		298.239047000
6	1418		298.258754000
6	1420		298.264633000
6	1420		298.291568000
6	0		298.301196000
6	1418		298.303242000
6	1420		298.318485000
6	1420		298.345431000
6	1418		298.347709000
6	1420		298.372342000
6	1418		298.392202000
6	1420		298.399287000
6	0		298.425176000
6	1420		298.426193000
6	1418		298.436659000
6	1420		298.453140000
6	1420		298.480088000
6	1418		298.481124000
6	1420		298.507417000
6	1418		298.525616000
6	1420		298.533923000
6	1420		298.560858000
6	1418		298.570087000
6	1420		298.587793000
6	0		298.611430000
6	0		298.611464000
6	1418		298.614547000
6	1420		298.614684000
6	1420		298.641674000
6	1418		298.659037000
6	1420		298.668583000
6	1420		298.695514000
6	1418		298.703506000
6	1420		298.722449000
6	1418		298.747991000
6	1420		298.749347000
6	1420		298.776337000
6	1418		298.792470000
6	0		298.796935000
6	1420		298.803261000
6	1420		298.830157000
6	1418		298.836919000
6	1420		298.857081000
6	1418		298.881394000
6	1420		298.884034000
6	1420		298.910928000
6	0		298.921324000
6	1418		298.925897000
6	1420		298.937865000
6	1420		298.964789000
6	1418		298.970359000
6	0		298.983519000
6	1420		298.991752000
6	1418		299.014808000
6	1420		299.018690000
6	1420		299.045586000
6	1418		299.059332000
6	1420		299.072529000
6	1420		299.099463000
6	1418		299.103776000
6	0		299.107024000
6	1420		299.126412000
6	1418		299.148346000
6	1420		299.153330000
6	1420		299.180255000
6	1418		299.192738000
6	1420		299.207183000
6	1420		299.234115000
6	1418		299.237197000
6	1420		299.261022000
6	1418		299.281674000
6	1420		299.287964000
6	0		299.293305000
6	1420		299.314878000
6	1418		299.326172000
6	1420		299.341813000
6	0		299.355455000
6	1420		299.368752000
6	1418		299.370617000
6	1420		299.395703000
6	1418		299.415111000
6	1420		299.422603000
6	1420		299.449534000
6	1418		299.459580000
6	1420		299.476492000
6	0		299.479499000
6	1420		299.503399000
6	1418		299.504025000
6	1420		299.530332000
6	1418		299.548528000
6	1420		299.557248000
6	1420		299.584174000
6	1418		299.593009000
6	0		299.602762000
6	1420		299.611113000
6	1418		299.637472000
6	1420		299.638007000
6	1420		299.664961000
6	1418		299.681962000
6	1420		299.691909000
6	1420		299.718829000
6	1418		299.726435000
6	0		299.726710000
6	1420		299.745780000
6	1418		299.770919000
6	1420		299.772668000
6	1420		299.799613000
6	1418		299.815376000
6	1420		299.826542000
6	1420		299.853513000
6	1418		299.859859000
6	1420		299.880429000
6	1418		299.904344000
6	1420		299.907343000
6	0		299.913885000
6	1420		299.934260000
6	1418		299.948797000
6	1420		299.961200000
6	1420		299.988150000
6	1418		299.993285000
6	1420		300.015040000
6	1418		300.037742000
6	1420		300.041982000
6	1420		300.068933000
6	1418		300.082218000
6	1420		300.095852000
6	0		300.101419000
6	1420		300.122806000
6	1418		300.126717000
6	1420		300.149702000
6	1418		300.171164000
6	1420		300.176645000
6	1420		300.203565000
6	1418		300.215643000
6	1420		300.230511000
6	1420		300.257464000
6	1418		300.260134000
6	1420		300.284369000
6	0		300.288449000
6	1418		300.304618000
6	1420		300.311311000
6	1420		300.338274000
6	1418		300.349079000
6	1420		300.365133000
6	1420		300.392089000
6	1418		300.393554000
6	1420		300.419027000
6	1418		300.438060000
6	1420		300.445953000
6	1420		300.472880000
6	0		300.475294000
6	0		300.475319000
6	0		300.475326000
6	0		300.475878000
6	0		300.476425000
6	0		300.476821000
6	1418		300.482501000
6	1420		300.499793000
6	1420		300.526751000
6	1418		300.526947000
6	1420		300.553664000
6	1418		300.571458000
6	1420		300.580565000
6	0		300.594888000
6	0		300.594947000
6	1420		300.607526000
6	1418		300.615915000
6	0		300.620617000
6	41		300.628221000
6	1420		300.634423000
6	0		300.653859000
6	21		300.653900000
6	0		300.653916000
6	1080		300.654998000
6	1418		300.660415000
6	1420		300.661368000
6	0		300.662544000
6	440		300.681342000
6	1420		300.688293000
6	1418		300.704884000
6	1420		300.715238000
6	0		300.722246000
6	1420		300.742179000
6	48		300.747841000
6	0		300.747882000
6	1418		300.749356000
6	280		300.754510000
6	1420		300.769089000
6	1418		300.793842000
6	1420		300.796054000
6	0		300.818097000
6	1420		300.822993000
6	1418		300.838305000
6	1420		300.849866000
6	0		300.855404000
6	0		300.855463000
6	1420		300.876815000
6	1418		300.882784000
6	0		300.894719000
6	12		300.895028000
6	1420		300.903750000
6	1418		300.927268000
6	1420		300.930653000
6	0		300.934326000
6	12		300.934363000
6	0		300.934376000
6	1		300.934557000
6	4		300.934575000
6	32		300.934584000
6	0		300.934595000
6	1420		300.957598000
6	1418		300.971745000
6	0		300.973846000
6	0		300.974024000
6	0		300.974041000
6	1420		300.984560000
6	1420		301.011458000
6	1418		301.016196000
6	0		301.036513000
6	1420		301.038413000
6	1418		301.060687000
6	1420		301.065301000
6	1420		301.092256000
6	1418		301.105163000
6	1420		301.119192000
6	1420		301.146083000
6	1418		301.149619000
6	1420		301.173033000
6	1418		301.194124000
6	1420		301.199968000
6	0		301.222855000
6	1420		301.226883000
6	1418		301.238584000
6	1420		301.253814000
6	1420		301.280776000
6	1418		301.283050000
6	1420		301.307677000
6	1418		301.327537000
6	1420		301.334599000
6	1420		301.361535000
6	1418		301.372014000
6	1420		301.388474000
6	1420		301.415389000
6	1418		301.416470000
6	1420		301.442348000
6	1418		301.460952000
6	1420		301.469284000
6	1420		301.496198000
6	1418		301.505452000
6	1420		301.523162000
6	1418		301.549901000
6	1420		301.550037000
6	1420		301.576985000
6	1418		301.594390000
6	0		301.597035000
6	1420		301.603902000
6	1420		301.630825000
6	1420		301.657776000
6	1420		301.684689000
6	1420		301.711629000
6	1420		301.738558000
6	1420		301.765466000
6	16		301.810851000
6	0		301.854233000
6	52		301.879652000
6	0		301.879693000
6	52		301.879814000
6	0		301.905392000
6	0		302.158273000
6	0		302.158303000
6	84		302.284650000
6	0		302.326226000
6	0		302.531936000
6	0		302.906545000
6	0		303.279686000
6	0		303.279725000
6	0		303.279740000
6	0		303.285837000
6	0		303.285983000
6	0		303.467290000
6	0		303.473381000
6	73		303.557345000
6	0		303.587883000
6	0		303.592879000
6	0		303.785597000
6	0		303.840894000
6	68		304.001873000
6	0		304.027120000
6	52		304.027350000
6	0		304.027367000
6	0		304.027386000
6	0		304.028186000
6	0		304.028742000
6	0		304.054628000
6	0		304.402589000
6	0		304.402615000
6	0		304.402623000
6	0		304.414638000
6	0		304.414877000
6	0		304.589408000
6	0		304.601383000
6	0		304.963489000
6	0		304.963514000
6	0		305.336866000
6	0		305.711232000
6	0		306.085757000
6	0		306.272417000
6	0		306.272444000
6	0		306.284456000
6	0		306.284589000
6	0		306.640895000
6	0		306.646356000
6	0		306.646384000
6	0		306.652461000
6	0		306.833434000
6	0		306.833457000
6	0		306.833903000
6	0		307.207643000
6	0		307.581239000
6	0		307.954859000
6	0		308.298941000
6	0		308.299779000
6	0		308.516350000
6	56		308.557779000
6	0		308.558356000
6	0		308.703719000
6	0		309.077422000
6	0		309.264590000
6	0		309.264618000
6	0		309.265160000
6	0		309.265629000
6	0		309.397613000
6	0		309.397669000
6	0		309.442804000
6	0		309.451181000
6	0		309.825654000
6	0		310.199513000
6	0		310.199538000
6	0		310.199543000
6	0		310.200060000
6	0		310.200079000
6	0		310.573527000
6	0		310.573560000
6	0		310.573569000
6	0		310.579634000
6	0		310.585762000
6	0		310.666946000
6	0		310.760359000
6	0		310.766419000
6	0		310.917423000
6	0		310.917481000
6	0		310.947640000
6	0		311.145448000
6	41		311.151440000
6	0		311.379495000
6	21		311.382354000
6	0		311.382389000
6	1080		311.383398000
6	0		311.507905000
6	440		311.614532000
6	0		311.658232000
6	0		311.695338000
6	0		311.882615000
6	48		311.885891000
6	0		311.885927000
6	280		311.890392000
6	0		312.069512000
6	0		312.070382000
6	16		312.124053000
6	0		312.163384000
6	0		312.166229000
6	0		312.256004000
6	52		312.394736000
6	0		312.394777000
6	52		312.394924000
6	0		312.418880000
6	100		312.626808000
6	0		312.630883000
6	0		312.670237000
6	0		312.797644000
6	0		313.004207000
6	0		313.377926000
6	0		313.938844000
6	0		314.126675000
6	0		314.312883000
6	0		314.312907000
6	0		314.312917000
6	0		314.635831000
6	0		314.635880000
6	0		314.686900000
6	68		315.048843000
6	0		315.060839000
6	0		315.060867000
6	52		315.276741000
6	0		315.276787000
6	0		315.276811000
6	0		315.278697000
6	0		315.506298000
6	0		315.622166000
6	0		315.809447000
6	0		316.182984000
6	0		316.557476000
6	0		316.930795000
6	0		317.305153000
17		42	317.305182000
6	0		317.679801000
6	0		318.053399000
6	0		318.427016000
6	0		318.613704000
6	0		318.613734000
6	0		318.620028000
6	0		318.625784000
6	0		318.801242000
6	0		318.988530000
6	0		319.000601000
6	0		319.159662000
6	0		319.174874000
6	56		319.519150000
6	0		319.549645000
6	0		319.923557000
6	0		320.297006000
6	0		320.671414000
6	0		320.671439000
6	0		320.672424000
6	0		321.045575000
6	0		321.283491000
6	0		321.283542000
6	0		321.419166000
6	0		321.456670000
6	41		321.462597000
6	0		321.636045000
6	21		321.636165000
6	0		321.636177000
6	1080		321.637115000
6	0		321.793469000
6	440		321.811327000
6	0		321.854254000
6	48		322.027827000
6	0		322.027870000
6	280		322.033562000
6	16		322.211078000
6	0		322.254259000
6	0		322.354331000
6	0		322.364627000
6	0		322.364682000
6	0		322.405419000
6	52		322.427934000
6	0		322.427972000
6	52		322.428072000
6	0		322.541754000
6	84		322.601349000
6	0		322.642242000
6	0		322.915404000
6	0		323.101867000
6	73		323.284694000
6	73		323.292137000
6	0		323.476352000
6	0		324.037546000
6	0		324.037573000
6	68		324.400569000
6	0		324.410903000
6	0		324.563588000
6	0		324.563651000
6	0		324.573989000
6	0		324.574035000
6	52		324.574376000
6	0		324.574404000
6	0		324.575735000
6	0		324.749282000
6	0		324.783474000
6	0		324.786019000
6	0		324.786047000
6	0		324.786055000
6	0		324.786577000
6	0		324.787249000
6	22		324.787781000
6	0		324.787804000
6	41		324.789450000
6	0		325.009410000
6	1080		325.009460000
6	976		325.016855000
6	0		325.058222000
6	0		325.159446000
6	0		325.268708000
6	0		325.533815000
6	0		325.533842000
6	0		325.907446000
6	48		325.951870000
6	0		325.951923000
6	388		325.958393000
6	0		326.178349000
6	0		326.281560000
6	0		326.468458000
6	0		326.468488000
6	0		326.468498000
6	0		326.468961000
6	0		326.468980000
6	0		326.468984000
6	0		326.569331000
6	0		326.569373000
6	0		326.795819000
6	0		326.796245000
6	0		326.842546000
6	0		326.842575000
6	0		326.945497000
6	16		327.166488000
6	0		327.210259000
6	0		327.216077000
6	0		327.313607000
6	0		327.777529000
6	0		327.777555000
6	0		328.151105000
6	56		328.284194000
6	0		328.286971000
6	56		328.292257000
6	0		328.295037000
6	0		328.525620000
6	0		328.899169000
6	0		329.460526000
6	0		329.460557000
6	0		329.571806000
6	52		329.627473000
6	0		329.627516000
6	52		329.627629000
6	0		329.826927000
6	0		329.834414000
6	0		329.847067000
6	84		330.082555000
17		33	330.090219000
6	0		330.126254000
6	0		330.208188000
6	0		330.395558000
6	0		330.401866000
6	0		330.581866000
6	0		330.581898000
6	0		330.713753000
6	0		330.956458000
6	0		330.956491000
6	0		330.957026000
6	0		331.229656000
6	0		331.330448000
6	0		331.330474000
6	0		331.342695000
6	0		331.704385000
6	0		332.077829000
6	0		332.077860000
17		42	332.077869000
17		47	332.077874000
17		43	332.077878000
17		684	332.077883000
17		37	332.079458000
17		77	332.087569000
17		33	332.090283000
6	0		332.265341000
6	0		332.451925000
6	0		332.639243000
6	52		332.645438000
6	0		332.826546000
6	0		332.864982000
6	52		332.876891000
6	0		332.876936000
6	0		332.876968000
6	0		332.878702000
6	0		333.012823000
6	0		333.097890000
6	0		333.200143000
6	0		333.387481000
6	0		333.387507000
6	0		333.387518000
6	0		333.387791000
6	0		333.399709000
6	0		333.573824000
6	0		333.761357000
6	0		333.948664000
6	0		334.134977000
6	0		334.509604000
6	129		334.519599000
6	0		334.883566000
6	0		334.883591000
6	0		334.883599000
6	0		334.889845000
6	0		334.895570000
6	0		335.070271000
6	0		335.082246000
6	0		335.257590000
6	0		335.631246000
6	0		335.917943000
6	0		335.917982000
6	0		336.004848000
6	0		336.566582000
6	0		336.566608000
17		47	336.940346000
17		43	336.940369000
17		798	336.940375000
17		33	336.941314000
17		33	336.941341000
17		80	336.952152000
17		33	336.955222000
6	0		337.127655000
6	0		337.314420000
6	0		337.314444000
6	0		337.326684000
6	0		337.643855000
6	0		337.643909000
6	0		337.673905000
6	0		337.875749000
6	0		338.061995000
6	1418		338.062929000
6	1418		338.084769000
6	0		338.094609000
6	0		338.094664000
6	1418		338.129233000
6	0		338.240692000
6	0		338.240748000
6	0		338.249311000
6	0		338.283369000
6	41		338.289299000
6	0		338.478030000
6	21		338.478070000
6	0		338.478081000
6	1080		338.479170000
6	440		338.674799000
6	0		338.718244000
6	0		338.810460000
6	0		338.810486000
6	1418		338.810956000
6	1418		338.833191000
6	48		338.906953000
6	0		338.907001000
6	280		338.911456000
6	16		339.106718000
6	0		339.150229000
6	52		339.338934000
6	0		339.338971000
6	52		339.339089000
6	0		339.371433000
6	0		339.371461000
6	1418		339.372003000
6	1418		339.394228000
6	0		339.465970000
6	100		339.532753000
6	0		339.574239000
6	0		339.577405000
6	0		339.932150000
6	1418		339.932679000
6	1418		339.954919000
6	1418		339.999417000
6	1418		340.043867000
6	0		340.119457000
6	0		340.278492000
6	0		340.278547000
6	0		340.292156000
6	41		340.297888000
6	0		340.311363000
6	21		340.313999000
6	0		340.314034000
6	1080		340.315075000
6	440		340.328668000
6	0		340.370229000
6	48		340.383711000
6	0		340.383756000
6	280		340.388822000
6	0		340.439840000
6	16		340.673080000
6	0		340.679976000
6	1420		340.680948000
6	1420		340.693965000
6	0		340.714219000
6	1420		340.720866000
6	52		340.727696000
6	0		340.727739000
6	52		340.727869000
6	0		340.741286000
6	84		340.764715000
6	0		340.806238000
6	0		340.867420000
6	1418		340.867940000
6	1418		340.890179000
6	0		340.979526000
6	0		340.979576000
6	0		341.019289000
6	12		341.019520000
6	0		341.053934000
6	0		341.054641000
6	0		341.058760000
6	12		341.058800000
6	0		341.058814000
6	1		341.058981000
6	4		341.059001000
6	32		341.059009000
6	0		341.059021000
6	0		341.098154000
6	0		341.098231000
6	0		341.098245000
6	0		341.098367000
6	0		341.098380000
6	0		341.240873000
6	1420		341.241387000
6	1420		341.254850000
6	1420		341.281752000
6	1420		341.308708000
6	0		341.323838000
6	0		341.361148000
6	0		341.428362000
6	0		341.428400000
6	0		341.428857000
6	1418		341.428886000
6	1418		341.451582000
6	1418		341.495594000
6	1418		341.540099000
6	68		341.661579000
6	0		341.737433000
6	0		341.802708000
6	1420		341.803212000
6	1420		341.816647000
6	1420		341.843591000
6	52		341.851220000
6	0		341.851278000
6	0		341.851300000
6	0		341.852603000
6	1420		341.870493000
6	0		342.041299000
6	73		342.058632000
6	0		342.176092000
6	0		342.176591000
6	0		342.363448000
6	0		342.363473000
6	0		342.363481000
6	0		342.363946000
6	1420		342.363974000
6	1418		342.364013000
6	1420		342.377404000
6	1418		342.386275000
6	1420		342.404338000
6	1420		342.431292000
6	68		342.697321000
6	52		342.710995000
6	0		342.711037000
6	0		342.711057000
6	0		342.712452000
6	0		342.726218000
6	0		342.924251000
6	1418		342.924738000
6	1418		342.946988000
6	1418		342.991478000
6	1418		343.035925000
6	0		343.111604000
6	1420		343.112072000
6	1420		343.125567000
6	1420		343.152490000
6	1420		343.179427000
6	0		343.183455000
6	0		343.183501000
6	0		343.298499000
6	0		343.298522000
6	0		343.298527000
6	0		343.299355000
6	0		343.299488000
6	0		343.299503000
6	0		343.482295000
6	0		343.482356000
6	0		343.672160000
6	1420		343.672612000
6	1420		343.686069000
6	1420		343.713005000
6	1420		343.739946000
6	0		343.859497000
6	1418		343.860020000
6	1418		343.882255000
6	0		344.046430000
6	0		344.046909000
6	0		344.232978000
6	1420		344.233468000
6	1420		344.246942000
6	1420		344.273861000
6	1420		344.300825000
6	0		344.417449000
6	0		344.420466000
6	0		344.420488000
6	0		344.420945000
6	1418		344.420958000
6	1418		344.443253000
6	1418		344.487707000
6	1418		344.532182000
6	0		344.793991000
6	1420		344.794511000
6	1420		344.807958000
6	1420		344.834890000
6	1420		344.861829000
6	0		345.168447000
6	0		345.168718000
6	0		345.355189000
6	0		345.355223000
6	0		345.355547000
6	1418		345.355729000
6	1418		345.377978000
6	1418		345.422466000
6	1418		345.466928000
6	0		345.473910000
6	0		345.542517000
6	0		345.542552000
6	1420		345.543003000
6	0		345.548817000
6	1420		345.556466000
6	1420		345.583403000
6	1420		345.610340000
6	0		345.661745000
6	0		345.793043000
6	0		345.793103000
6	0		345.975008000
6	0		345.975069000
6	0		346.080612000
6	0		346.083195000
6	41		346.088921000
6	0		346.103496000
6	0		346.103530000
6	0		346.103828000
6	1420		346.103995000
6	1420		346.117474000
6	1420		346.144444000
6	1420		346.171358000
6	0		346.290540000
6	0		346.290568000
6	0		346.290913000
6	1418		346.291046000
6	1418		346.313319000
6	0		346.377004000
6	21		346.384764000
6	0		346.384808000
6	1080		346.385900000
6	0		346.664080000
6	1420		346.664575000
6	0		346.674337000
6	440		346.674378000
6	1420		346.678048000
6	1420		346.704980000
6	0		346.718235000
6	1420		346.731911000
6	0		346.851418000
6	1418		346.851942000
6	1418		346.874232000
6	1418		346.918671000
6	1418		346.963137000
6	48		347.010009000
6	0		347.010049000
6	280		347.014466000
6	56		347.059019000
6	0		347.060400000
6	0		347.224794000
6	1420		347.225327000
6	1420		347.238773000
6	1420		347.265727000
6	1420		347.292667000
6	0		347.302727000
6	16		347.440492000
6	0		347.482237000
6	0		347.599381000
6	1420		347.599893000
6	1420		347.613339000
6	1420		347.640278000
6	1420		347.667194000
6	0		347.699011000
6	0		347.699063000
6	52		347.770803000
6	0		347.770843000
6	52		347.770956000
6	0		347.786702000
6	1418		347.787221000
6	1418		347.809472000
6	1418		347.853977000
6	1418		347.898717000
6	0		348.059911000
6	100		348.059948000
6	0		348.102230000
6	0		348.129934000
6	0		348.160536000
6	0		348.160566000
6	0		348.160843000
6	1420		348.161026000
6	1420		348.174501000
6	0		348.317789000
6	0		348.347140000
6	0		348.347168000
6	0		348.347449000
6	0		348.347658000
6	0		348.449470000
6	0		348.534492000
6	0		348.534525000
6	1418		348.535043000
6	1420		348.535082000
6	1420		348.548559000
6	1418		348.557288000
6	1420		348.575506000
6	1420		348.602431000
6	0		348.721551000
6	0		348.722005000
6	0		349.095466000
6	0		349.095499000
6	1418		349.096029000
6	1420		349.098641000
6	1420		349.111754000
6	1418		349.118276000
6	1420		349.138697000
6	1420		349.165656000
6	0		349.656609000
6	1418		349.657089000
6	1418		349.679353000
6	1418		349.723815000
6	1418		349.768291000
6	0		349.842920000
6	1420		349.843419000
6	1420		349.856873000
6	0		349.875788000
6	0		349.875840000
6	1420		349.883791000
6	1420		349.910729000
6	0		350.185069000
6	0		350.185133000
6	0		350.370631000
6	41		350.377027000
6	0		350.404728000
6	1420		350.405245000
6	1420		350.418700000
6	1420		350.445643000
6	1420		350.472569000
6	0		350.562482000
6	21		350.569288000
6	0		350.569325000
6	1080		350.570325000
6	0		350.591375000
6	1418		350.591876000
6	1418		350.614122000
6	68		350.758492000
6	440		350.760623000
6	0		350.802246000
6	0		350.964835000
6	1420		350.965343000
6	1420		350.978798000
6	48		350.987772000
6	0		350.987810000
6	280		350.991825000
6	1420		351.005764000
6	1420		351.032662000
6	52		351.047143000
6	0		351.047184000
6	0		351.048228000
6	0		351.048792000
6	0		351.152032000
6	1418		351.152572000
6	1418		351.174801000
6	16		351.192645000
6	0		351.206899000
6	0		351.206954000
6	1418		351.219295000
6	0		351.234226000
6	1418		351.263745000
6	0		351.337508000
6	0		351.357734000
6	41		351.364702000
6	0		351.371834000
6	0		351.371876000
6	0		351.377612000
6	52		351.419711000
6	0		351.419750000
6	52		351.419856000
6	0		351.514930000
6	21		351.514968000
6	0		351.514982000
6	1080		351.516224000
6	0		351.526246000
6	1420		351.526760000
6	1420		351.540256000
6	1420		351.567128000
6	1420		351.594086000
6	84		351.606842000
6	0		351.650224000
6	0		351.666491000
6	440		351.666735000
6	0		351.710220000
6	48		351.860427000
6	0		351.860467000
6	280		351.864555000
6	0		352.014810000
6	16		352.066310000
6	0		352.087396000
6	0		352.087420000
6	1420		352.087879000
6	1418		352.087953000
6	1420		352.101351000
6	0		352.110245000
6	1418		352.110277000
6	1420		352.128324000
6	1420		352.155221000
6	0		352.161878000
6	52		352.260517000
6	0		352.260564000
6	52		352.260698000
6	0		352.274616000
6	0		352.274869000
6	0		352.349800000
6	0		352.353123000
6	0		352.410893000
6	84		352.411524000
6	0		352.454243000
6	0		352.461452000
6	0		352.461775000
6	0		352.647773000
6	1418		352.648289000
6	1418		352.670547000
6	1418		352.715027000
6	1418		352.759484000
6	0		352.835043000
6	1420		352.835568000
6	1420		352.849011000
6	1420		352.875966000
6	1420		352.902893000
6	0		353.221844000
6	0		353.221901000
6	68		353.384280000
6	0		353.396239000
6	1420		353.396733000
6	1420		353.410247000
6	1420		353.437124000
6	1420		353.464064000
6	0		353.482906000
6	41		353.489714000
6	52		353.574032000
6	0		353.574074000
6	0		353.574104000
6	0		353.575356000
6	0		353.583513000
6	0		353.583538000
6	0		353.584001000
6	1418		353.584020000
6	1418		353.606278000
6	0		353.750342000
6	21		353.757172000
6	0		353.757210000
6	1080		353.758239000
6	0		353.760802000
6	0		353.937759000
6	0		353.957055000
6	1420		353.957518000
6	1420		353.970987000
6	1420		353.997926000
6	440		354.019296000
6	1420		354.024872000
6	0		354.062209000
6	0		354.144278000
6	1418		354.144830000
6	1418		354.167061000
6	1418		354.211511000
6	1418		354.256034000
6	48		354.322934000
6	0		354.322972000
6	68		354.324824000
6	280		354.327499000
6	52		354.475207000
6	0		354.475307000
6	0		354.475334000
6	0		354.476995000
6	0		354.518676000
6	1420		354.519171000
6	1420		354.532634000
6	1420		354.559565000
6	1420		354.586496000
6	16		354.598809000
6	0		354.627200000
6	0		354.642234000
6	0		354.825919000
6	52		354.903058000
6	0		354.903096000
6	52		354.903233000
6	0		355.079494000
6	1418		355.079985000
6	1418		355.102219000
6	1418		355.146690000
6	100		355.164018000
6	1418		355.191172000
6	0		355.206249000
6	0		355.265797000
6	1420		355.266292000
6	1420		355.279759000
6	1420		355.306709000
6	1420		355.333608000
6	0		355.640315000
6	0		355.640342000
6	0		355.640352000
6	0		355.640358000
6	0		355.641001000
6	0		355.641053000
6	0		355.641506000
6	0		355.641568000
6	0		355.827631000
6	1420		355.828181000
6	1420		355.841619000
6	129		355.849944000
6	1420		355.868548000
6	1420		355.895463000
6	129		355.960946000
6	0		356.014400000
6	1418		356.014909000
6	1418		356.037231000
6	0		356.388020000
6	1420		356.388521000
6	1420		356.401972000
6	1420		356.428892000
6	1420		356.455834000
6	0		356.575511000
6	0		356.575544000
6	0		356.576038000
6	1418		356.576076000
6	1418		356.598309000
6	1396		356.641327000
6	0		356.641395000
6	1396		356.641411000
6	0		356.641421000
6	1418		356.642764000
6	1418		356.687269000
6	0		356.762431000
6	0		356.762913000
6	0		356.948949000
6	1420		356.949948000
6	1420		356.963484000
6	1420		356.990382000
6	1420		357.017281000
6	0		357.100226000
6	0		357.100311000
6	0		357.139648000
6	12		357.139872000
6	1396		357.153518000
6	0		357.153572000
6	68		357.155034000
6	0		357.178993000
6	12		357.179219000
6	0		357.179268000
6	1		357.179374000
6	4		357.179386000
6	32		357.179394000
6	0		357.179409000
6	0		357.218356000
6	0		357.218411000
6	0		357.218440000
6	0		357.218451000
6	0		357.322980000
6	1420		357.323473000
6	1420		357.336948000
6	1420		357.363848000
6	1420		357.390801000
6	52		357.423919000
6	0		357.423963000
6	0		357.424033000
6	0		357.425646000
6	0		357.510308000
6	1418		357.510838000
6	1418		357.533060000
6	1418		357.577540000
6	1418		357.622038000
6	0		357.686306000
6	0		357.884498000
6	1420		357.884977000
6	1420		357.898449000
6	0		358.258419000
6	0		358.258443000
6	1420		358.258906000
6	1418		358.258958000
6	1420		358.272351000
6	1418		358.281211000
6	1420		358.299316000
6	1420		358.326252000
6	0		358.819433000
6	0		358.819458000
6	1420		358.819910000
6	1418		358.819994000
6	1420		358.833393000
6	1418		358.842246000
6	1420		358.860320000
6	1420		358.887265000
6	0		359.380252000
6	1418		359.380775000
6	1418		359.403041000
6	1418		359.447516000
6	1418		359.492049000
6	0		359.567552000
6	1420		359.568052000
6	1420		359.581500000
6	1420		359.608447000
6	1420		359.635372000
6	0		359.940163000
6	1420		359.940637000
6	1420		359.954099000
6	1420		359.981015000
6	1420		360.007953000
6	0		360.126518000
6	1418		360.126997000
6	1418		360.149242000
6	1418		360.193727000
6	0		360.218814000
6	1420		360.219308000
6	1420		360.232771000
6	1418		360.238228000
6	1420		360.259697000
6	1420		360.286622000
6	0		360.405152000
6	0		360.405442000
6	0		360.498365000
6	1420		360.498850000
6	1420		360.512301000
6	1420		360.539285000
6	1420		360.566187000
6	0		360.591447000
6	0		360.591481000
6	0		360.591815000
6	1418		360.592003000
6	1418		360.614263000
6	1418		360.658737000
6	1418		360.703211000
6	0		360.777248000
6	1420		360.777721000
6	1420		360.791214000
6	1420		360.818150000
6	1420		360.845056000
6	0		361.055917000
6	1418		361.056457000
6	1418		361.078680000
6	1418		361.123191000
6	0		361.149139000
6	1420		361.149618000
6	1420		361.163090000
6	1418		361.167647000
6	1420		361.190037000
6	1420		361.217695000
6	0		361.428411000
6	1420		361.429714000
6	1420		361.442365000
6	1420		361.469305000
6	1420		361.496229000
6	0		361.613736000
6	0		361.613760000
6	1418		361.614230000
6	0		361.626043000
6	1418		361.636496000
6	1418		361.680954000
6	0		361.706993000
6	1420		361.707483000
6	1420		361.720960000
6	1418		361.725450000
6	1420		361.747874000
6	1420		361.774821000
6	0		361.986590000
6	1420		361.987084000
6	1420		362.000531000
6	1420		362.027476000
6	1420		362.054400000
6	0		362.078818000
6	1418		362.079332000
6	1418		362.101564000
6	1418		362.146030000
6	1418		362.190517000
6	0		362.265451000
6	1420		362.265935000
6	1420		362.279381000
6	1420		362.306340000
6	1420		362.333258000
6	0		362.543891000
6	1418		362.544435000
6	1418		362.566706000
6	1418		362.611152000
6	0		362.637132000
6	1420		362.637598000
6	1420		362.651090000
6	1418		362.655643000
6	1420		362.678006000
6	1420		362.704952000
6	0		362.915696000
6	1420		362.916204000
6	1420		362.929664000
6	1420		362.956597000
6	1420		362.983520000
6	0		363.009520000
6	1418		363.010039000
6	1418		363.032292000
6	1418		363.076776000
6	1418		363.121243000
6	0		363.195259000
6	1420		363.195744000
6	1420		363.209251000
6	1420		363.236156000
6	1420		363.263068000
6	0		363.380907000
6	1420		363.381400000
6	1420		363.394855000
6	1420		363.421802000
6	1420		363.448720000
6	0		363.473664000
6	1418		363.474146000
6	1418		363.496393000
6	1418		363.540880000
6	1418		363.585362000
6	0		363.752921000
6	1420		363.753392000
6	1420		363.766864000
6	1420		363.793793000
6	1420		363.820729000
6	0		363.939266000
6	1418		363.939784000
6	1418		363.962021000
6	1418		364.006525000
6	0		364.032436000
6	1420		364.032910000
6	1420		364.046374000
6	1418		364.050973000
6	1420		364.073323000
6	1420		364.100260000
6	0		364.311108000
6	1420		364.311606000
6	1420		364.325061000
6	1420		364.351986000
6	1420		364.378910000
6	0		364.403848000
6	1418		364.404366000
6	1418		364.426612000
6	1418		364.471103000
6	1418		364.515561000
6	0		364.590563000
6	1420		364.591050000
6	1420		364.604504000
6	1420		364.631442000
6	1420		364.658358000
6	0		364.833138000
6	0		364.833422000
6	0		364.869101000
6	1420		364.869604000
6	1420		364.883022000
6	1420		364.909992000
6	1420		364.936911000
6	0		364.961815000
6	1418		364.962387000
6	1418		364.984581000
6	1418		365.029033000
6	1418		365.073539000
6	0		365.219444000
6	0		365.219502000
6	0		365.241061000
6	1420		365.241532000
6	1420		365.255015000
6	0		365.258342000
6	12		365.258597000
6	1420		365.281944000
6	0		365.297377000
6	12		365.297476000
6	0		365.297488000
6	1		365.297621000
6	4		365.297633000
6	32		365.297641000
6	0		365.297652000
6	1420		365.308894000
6	0		365.336456000
6	0		365.336553000
6	0		365.336575000
6	0		365.336586000
6	0		365.336597000
6	0		365.427345000
6	1418		365.427877000
6	1418		365.450141000
6	1418		365.494590000
6	0		365.520599000
6	1420		365.521103000
6	1420		365.534556000
6	1418		365.539071000
6	1420		365.561470000
6	1420		365.588467000
6	0		365.706444000
6	0		365.706728000
6	0		365.799031000
17		250	365.799062000
6	718		365.799070000
6	39		365.799075000
6	1420		365.799514000
6	0		365.799674000
6	0		365.799683000
6	1420		365.812981000
6	1420		365.839907000
6	1420		365.866828000
6	626		365.892361000
6	208		365.892392000
6	0		365.892402000
6	0		365.892879000
6	0		365.892909000
6	1418		365.892912000
6	1418		365.915117000
6	1418		365.959601000
6	1418		366.004060000
6	0		366.078094000
6	1420		366.078609000
6	1420		366.092048000
6	1420		366.118979000
6	1420		366.145908000
6	0		366.155325000
6	0		366.155389000
6	0		366.357624000
6	1420		366.358119000
6	1420		366.371582000
6	1420		366.398498000
6	1420		366.425450000
6	0		366.449798000
6	1418		366.450304000
6	1418		366.472556000
6	1418		366.517011000
6	1418		366.561496000
6	0		366.728978000
6	1420		366.729463000
6	1420		366.742923000
6	1420		366.769867000
6	1420		366.796835000
6	0		366.915383000
6	1418		366.915928000
6	1418		366.938168000
6	1418		366.982649000
6	0		367.008555000
6	1420		367.009024000
6	1420		367.022501000
6	1418		367.027136000
6	1420		367.049443000
6	1420		367.076388000
6	73		367.243086000
6	0		367.287119000
6	1420		367.287614000
6	1420		367.301121000
6	1420		367.327982000
6	1420		367.354943000
6	0		367.380615000
6	1418		367.381168000
6	1418		367.403385000
6	1418		367.447847000
6	1418		367.492333000
6	0		367.565778000
6	0		367.565802000
6	0		367.565809000
6	0		367.565814000
6	1420		367.566268000
6	0		367.566324000
6	0		367.566604000
6	0		367.566773000
6	1420		367.581412000
6	1420		367.606656000
6	1420		367.633567000
6	0		367.752442000
6	0		367.752465000
6	0		367.752473000
6	0		367.752477000
6	0		367.752947000
6	0		367.758520000
6	0		367.764447000
6	0		367.764680000
6	0		367.844653000
6	1420		367.845152000
6	1420		367.858618000
6	1420		367.885560000
6	1420		367.912480000
6	0		367.938185000
6	1418		367.938690000
6	1418		367.960948000
6	1418		368.005420000
6	0		368.031580000
6	0		368.031604000
6	0		368.032128000
6	0		368.032157000
6	1418		368.049887000
6	0		368.055844000
6	0		368.062207000
6	0		368.062262000
6	0		368.208775000
6	41		368.214601000
6	0		368.217329000
6	1420		368.217802000
6	1420		368.231266000
6	1420		368.258224000
6	1420		368.285123000
6	0		368.337503000
6	0		368.339498000
6	0		368.361230000
6	21		368.361263000
6	0		368.361274000
6	1080		368.362281000
6	0		368.402779000
6	1418		368.403326000
6	1418		368.425565000
6	1418		368.470040000
6	0		368.496006000
6	1420		368.496495000
6	440		368.509248000
6	1420		368.509923000
6	1418		368.514509000
6	1420		368.536899000
6	0		368.550225000
6	1420		368.563813000
6	48		368.696733000
6	0		368.696768000
6	280		368.700855000
6	0		368.737928000
6	0		368.775307000
6	0		368.775336000
6	1420		368.775791000
6	0		368.775828000
6	1420		368.789266000
6	1420		368.816190000
6	1420		368.843114000
6	16		368.849242000
6	0		368.861846000
6	0		368.868363000
6	1418		368.868894000
6	0		368.890229000
6	1418		368.891105000
6	1418		368.935601000
6	0		368.961565000
6	1420		368.962027000
6	1420		368.975530000
6	1418		368.980066000
6	1420		369.002434000
6	1420		369.029358000
6	52		369.036738000
6	0		369.036781000
6	52		369.036879000
6	0		369.054454000
6	0		369.054481000
6	0		369.054939000
6	0		369.054973000
6	84		369.188765000
6	0		369.230222000
6	0		369.240823000
6	0		369.240849000
6	1418		369.241350000
6	1420		369.241392000
6	1420		369.254815000
6	1418		369.263578000
6	1418		369.308082000
6	1418		369.352542000
6	0		369.425999000
6	1420		369.426511000
6	1420		369.439926000
6	1420		369.466918000
6	1420		369.493837000
6	0		369.705505000
6	1420		369.705998000
6	1420		369.719461000
6	1420		369.746357000
6	1420		369.773311000
6	0		369.798428000
6	0		369.798460000
6	0		369.798795000
6	1418		369.798938000
6	1418		369.821216000
6	1418		369.865680000
6	1418		369.910201000
6	0		370.076727000
6	1420		370.077235000
6	1420		370.090689000
6	1420		370.117643000
6	1420		370.144549000
6	0		370.263027000
6	1418		370.263499000
6	1418		370.285741000
6	0		370.291287000
6	0		370.291346000
6	1418		370.330233000
6	0		370.356268000
6	1420		370.356751000
6	1420		370.370185000
6	1418		370.374688000
6	1420		370.397119000
6	1420		370.424060000
6	0		370.634793000
6	1420		370.635259000
6	1420		370.648703000
6	1420		370.675659000
6	129		370.697990000
6	1420		370.702574000
6	0		370.728439000
6	0		370.728464000
6	0		370.728935000
6	1418		370.728962000
6	1418		370.751206000
6	68		370.769618000
6	1418		370.795667000
6	1418		370.840157000
6	0		370.914150000
6	1420		370.914642000
6	52		370.916243000
6	0		370.916273000
6	0		370.916288000
6	0		370.917803000
6	1420		370.928099000
6	1420		370.955038000
6	1420		370.981971000
6	0		371.007395000
6	0		371.007851000
6	0		371.063271000
6	0		371.095023000
6	0		371.095068000
6	0		371.100178000
6	0		371.100653000
6	0		371.193016000
6	1420		371.193519000
6	1420		371.206965000
6	1420		371.233936000
6	1420		371.260828000
6	0		371.286237000
6	1418		371.286751000
6	1418		371.308997000
6	1418		371.353497000
6	1418		371.397952000
6	0		371.565486000
6	1420		371.565988000
6	1420		371.579424000
6	1420		371.606387000
6	1420		371.633311000
6	0		371.750776000
6	1418		371.751307000
6	1418		371.773533000
6	1418		371.818012000
6	0		371.844002000
6	1420		371.844474000
6	1420		371.857936000
6	1418		371.862481000
6	1420		371.884892000
6	0		371.905098000
6	0		371.905147000
6	1420		371.911801000
6	0		372.123463000
6	1420		372.123948000
6	1420		372.137479000
6	1420		372.164342000
6	1420		372.191328000
6	0		372.215776000
6	1418		372.216252000
6	1418		372.238515000
6	56		372.242598000
6	0		372.244100000
6	1418		372.282991000
6	1418		372.327443000
6	0		372.402510000
6	1420		372.403029000
6	1420		372.416466000
6	1420		372.443400000
6	1420		372.470336000
6	0		372.681143000
6	0		372.681167000
6	0		372.681614000
6	1420		372.681629000
6	1420		372.695079000
6	0		372.700987000
6	0		372.701030000
6	1420		372.722019000
6	1420		372.748950000
6	0		372.767826000
6	0		372.774345000
6	1418		372.774839000
6	1418		372.797061000
6	1418		372.841548000
6	0		372.867394000
6	0		372.867842000
6	1418		372.886019000
6	0		373.053523000
6	1420		373.053987000
6	0		373.059542000
6	1420		373.067471000
6	1420		373.094370000
6	1420		373.121315000
6	0		373.153491000
6	0		373.238853000
6	1418		373.239422000
6	1418		373.261666000
6	1418		373.306161000
6	0		373.332081000
6	1420		373.332557000
6	0		373.337735000
6	0		373.337796000
6	1420		373.346018000
6	1418		373.350609000
6	1420		373.372956000
6	0		373.376883000
6	12		373.377099000
6	1420		373.399893000
6	0		373.416232000
6	12		373.416401000
6	0		373.416414000
6	1		373.416557000
6	4		373.416569000
6	32		373.416577000
6	0		373.416589000
6	0		373.455716000
6	0		373.455756000
6	0		373.455761000
6	0		373.455765000
6	0		373.455778000
6	0		373.455854000
6	0		373.611674000
6	1420		373.612150000
6	1420		373.625617000
6	1420		373.652602000
6	1420		373.679478000
6	0		373.703829000
6	1418		373.704359000
6	1418		373.726592000
6	1418		373.771072000
6	0		373.797048000
6	1420		373.797516000
6	1420		373.811010000
6	1418		373.815529000
6	1420		373.837923000
6	0		373.840456000
6	0		373.840498000
6	1420		373.864859000
6	0		373.982693000
6	0		373.982728000
6	0		373.983015000
6	1420		373.983180000
6	1420		373.996642000
6	1420		374.023607000
6	1420		374.050522000
6	0		374.169172000
6	1420		374.169643000
6	1420		374.183103000
6	1420		374.210074000
6	0		374.211689000
6	0		374.211741000
6	1420		374.236969000
6	0		374.261849000
6	0		374.261892000
6	517		374.261904000
6	517		374.261911000
6	0		374.267938000
6	0		374.274133000
6	2792		374.275020000
6	2387		374.275098000
6	2792		374.275263000
6	2387		374.275311000
6	0		374.355461000
6	0		374.355498000
6	0		374.355507000
6	0		374.355513000
6	517		374.355531000
6	0		374.355538000
6	39		374.355544000
6	0		374.355550000
6	0		374.355577000
6	0		374.356144000
6	0		374.356168000
6	0		374.356172000
6	1420		374.356177000
6	2792		374.362602000
6	2387		374.362644000
6	0		374.367505000
6	1420		374.369467000
6	0		374.447822000
6	0		374.447844000
6	0		374.447849000
6	0		374.447857000
6	0		374.447863000
6	0		374.448341000
6	0		374.448362000
6	0		374.448366000
6	0		374.448427000
6	0		374.541356000
6	0		374.541388000
6	0		374.541395000
6	0		374.541399000
6	0		374.541402000
6	0		374.541405000
6	0		374.541415000
6	0		374.541421000
6	0		374.541425000
6	0		374.541429000
6	0		374.541432000
6	0		374.542297000
6	0		374.542317000
6	0		374.542339000
6	0		374.634213000
1,17		33	374.634252000
6	0		374.634260000
6	0		374.634265000
6	0		374.634269000
1,17		37	374.634273000
1,17		77	374.634277000
1,17		33	374.634280000
6	0		374.634286000
1,17		33	374.634291000
1,17		33	374.634294000
6	517		374.634299000
6	0		374.634720000
6	0		374.634995000
6	0		374.635003000
6	2792		374.641919000
6	2387		374.642006000
6	0		374.646783000
6	0		374.820484000
6	1418		374.820960000
6	1418		374.843211000
6	1418		374.887676000
6	1418		374.932129000
6	0		375.005719000
6	0		375.005746000
6	0		375.006215000
6	1418		375.006235000
6	1418		375.028482000
6	1418		375.072994000
6	1418		375.117449000
6	0		375.191838000
6	0		375.191862000
6	0		375.191869000
6	0		375.192343000
6	1418		375.192376000
6	0		375.192495000
6	1418		375.214578000
6	1418		375.259055000
6	0		375.285098000
6	0		375.285126000
6	1418		375.303523000
6	0		375.378434000
6	1418		375.378965000
6	1418		375.401201000
6	1418		375.445685000
6	1418		375.490155000
6	0		375.564182000
6	1418		375.564702000
6	1418		375.586941000
6	1418		375.631424000
6	1418		375.675901000
6	0		375.843488000
6	0		375.843517000
6	1420		375.844037000
6	1418		375.844067000
6	1420		375.857489000
6	1418		375.866280000
6	1420		375.884393000
6	1420		375.911321000
6	0		376.122440000
6	0		376.122466000
6	517		376.122474000
6	0		376.122479000
6	0		376.122921000
6	1418		376.122948000
6	1420		376.122966000
6	2792		376.124313000
6	1396		376.124361000
6	991		376.124373000
6	1420		376.136435000
6	1418		376.145148000
6	1418		376.189652000
6	1418		376.234112000
6	0		376.308558000
6	1420		376.309187000
6	1420		376.322592000
6	1420		376.349550000
6	1420		376.376476000
6	0		376.494419000
6	0		376.494440000
6	0		376.494445000
6	0		376.494453000
6	517		376.494458000
6	0		376.494463000
6	0		376.494836000
6	1420		376.494890000
6	0		376.494995000
6	2792		376.496188000
6	2387		376.496258000
6	1420		376.508367000
6	1420		376.535340000
6	1420		376.562230000
6	0		376.679660000
6	1418		376.680158000
6	1418		376.702421000
6	1418		376.746892000
6	0		376.773188000
6	0		376.773502000
6	1418		376.791367000
6	0		376.866394000
6	0		376.866417000
6	1418		376.866870000
6	1418		376.889130000
6	1418		376.933605000
6	1418		376.978051000
6	0		377.052074000
6	1420		377.052548000
6	1420		377.066020000
6	1420		377.092958000
6	1420		377.119881000
6	0		377.237819000
6	0		377.237844000
6	0		377.237851000
6	0		377.237855000
6	1420		377.238316000
6	0		377.238405000
6	1420		377.251790000
6	1420		377.278687000
6	1420		377.305653000
6	0		377.517370000
6	1420		377.517833000
6	1420		377.531295000
6	1420		377.558218000
6	1420		377.585141000
6	0		377.610604000
6	1418		377.611120000
6	1418		377.633344000
6	1418		377.677804000
6	1418		377.722282000
6	0		377.796600000
6	1420		377.797102000
6	1420		377.810542000
6	1420		377.837491000
6	1420		377.864398000
6	0		377.981985000
6	1418		377.982456000
6	1418		378.004715000
6	1418		378.049190000
6	1418		378.093657000
6	0		378.167807000
6	1418		378.168319000
6	1418		378.190554000
6	1418		378.235063000
6	1418		378.279500000
6	0		378.353812000
6	1420		378.354283000
6	1420		378.367748000
6	1420		378.394675000
6	1420		378.421627000
6	0		378.540165000
6	1420		378.540651000
6	1420		378.554095000
6	1420		378.581043000
6	1420		378.607972000
6	0		378.726514000
6	1420		378.726978000
6	1420		378.740446000
6	1420		378.767391000
6	1420		378.794291000
6	0		378.911745000
6	1420		378.912210000
6	1420		378.925702000
6	1420		378.952611000
6	1420		378.979521000
6	0		379.039892000
6	0		379.098033000
6	0		379.098071000
6	1418		379.098547000
6	1418		379.120797000
6	1418		379.165274000
6	0		379.203551000
6	1418		379.209735000
6	0		379.233528000
6	0		379.283716000
6	1420		379.284222000
6	1420		379.297684000
6	1420		379.324633000
6	1420		379.351557000
6	0		379.470091000
6	0		379.470117000
6	1420		379.470580000
6	1420		379.484039000
6	1420		379.510951000
6	1420		379.537882000
6	0		379.656441000
6	1418		379.656991000
6	1418		379.679194000
6	1418		379.723675000
6	1418		379.768154000
6	0		379.842253000
6	1418		379.842762000
6	1418		379.864993000
6	1418		379.909484000
6	1418		379.953957000
6	0		380.028384000
6	1420		380.028866000
6	1420		380.042324000
6	1420		380.069295000
6	1420		380.096167000
6	0		380.214226000
6	0		380.214251000
6	0		380.214258000
6	771		380.214263000
6	0		380.214590000
6	1420		380.214715000
6	367		380.222497000
6	1420		380.228168000
6	1420		380.255137000
6	1420		380.282044000
6	771		380.306854000
6	0		380.307195000
6	367		380.314899000
6	0		380.400155000
6	1418		380.400692000
6	1418		380.422936000
6	1418		380.467429000
6	1418		380.511869000
6	0		380.585986000
6	0		380.586010000
6	1418		380.586512000
6	1418		380.608768000
6	1418		380.653260000
6	0		380.679273000
6	1418		380.697713000
6	0		380.714866000
6	0		380.714928000
6	0		380.771751000
6	1420		380.772266000
6	1420		380.785706000
6	1420		380.812634000
6	1420		380.839627000
6	0		380.958197000
6	0		380.958229000
6	0		380.958241000
6	1420		380.958869000
6	1420		380.972335000
6	1420		380.999308000
6	1420		381.026210000
6	0		381.143723000
6	1420		381.144257000
6	1420		381.157676000
6	1420		381.184632000
6	1420		381.211552000
6	0		381.330047000
6	1420		381.330537000
6	1420		381.343959000
6	1420		381.370937000
6	1420		381.397833000
6	0		381.456471000
6	0		381.456529000
6	0		381.495348000
6	12		381.495570000
6	0		381.516368000
6	1418		381.516895000
6	0		381.534364000
6	12		381.534455000
6	0		381.534471000
6	1		381.534640000
6	4		381.534659000
6	32		381.534667000
6	0		381.534677000
6	1418		381.539119000
6	0		381.573488000
6	0		381.573531000
6	0		381.573540000
6	0		381.573609000
6	0		381.573623000
6	0		381.573642000
6	1418		381.583658000
6	1418		381.628061000
6	0		381.702216000
6	1420		381.702699000
6	1420		381.716177000
6	1420		381.743101000
6	1420		381.770061000
6	0		381.888627000
6	1420		381.889113000
6	1420		381.902549000
6	1420		381.929489000
6	1420		381.956449000
6	0		382.073989000
6	1418		382.074554000
6	1418		382.096784000
6	1418		382.141279000
6	1418		382.185740000
6	0		382.259772000
6	0		382.259798000
6	0		382.259804000
6	1418		382.260286000
6	1418		382.282517000
6	1418		382.326982000
6	1418		382.371464000
6	0		382.446371000
6	1420		382.446862000
6	1420		382.460322000
6	1420		382.487244000
6	1420		382.514167000
6	0		382.631657000
6	1420		382.632103000
6	1420		382.645581000
6	1420		382.672521000
6	1420		382.699438000
6	0		382.813733000
6	0		382.817939000
6	1420		382.818471000
6	1420		382.831897000
6	1420		382.858836000
6	1420		382.885784000
6	0		382.911431000
6	0		382.911883000
6	0		383.003729000
6	1420		383.004185000
6	1420		383.017659000
6	1420		383.044577000
6	1420		383.071536000
6	0		383.190468000
6	0		383.190494000
6	1418		383.190992000
6	0		383.191032000
6	1418		383.213218000
6	1418		383.257700000
6	1418		383.302166000
6	0		383.376442000
6	0		383.376466000
6	0		383.376473000
6	0		383.376479000
6	0		383.376973000
6	0		383.377015000
6	1418		383.377019000
6	1418		383.399206000
6	1418		383.443649000
6	1418		383.488153000
6	0		383.562289000
6	0		383.562320000
6	0		383.562329000
6	0		383.562335000
6	1420		383.562819000
6	1420		383.576254000
6	1420		383.603181000
6	1420		383.630107000
6	0		383.841410000
6	0		383.841445000
6	1420		383.841897000
6	1418		383.841934000
6	1420		383.855358000
6	1418		383.864189000
6	1420		383.882296000
6	1420		383.909232000
6	0		384.119968000
6	0		384.119998000
6	1420		384.120429000
6	1420		384.133916000
6	1420		384.160820000
6	1420		384.187788000
6	0		384.213310000
6	1418		384.213828000
6	1418		384.236066000
6	1418		384.280533000
6	1418		384.325012000
6	0		384.398997000
6	1420		384.399491000
6	1420		384.412928000
6	1420		384.439886000
6	1420		384.466819000
6	0		384.678499000
6	1420		384.678964000
6	1420		384.692417000
6	1420		384.719354000
6	1420		384.746289000
6	0		384.770811000
6	1418		384.771333000
6	1418		384.793552000
6	1418		384.838033000
6	1418		384.882510000
6	0		384.957465000
6	1418		384.958036000
6	1418		384.980264000
6	1418		385.024745000
6	1418		385.069203000
6	0		385.236421000
6	0		385.236449000
6	0		385.236457000
6	1420		385.236917000
6	1418		385.236997000
6	0		385.237304000
6	1420		385.250352000
6	1418		385.259233000
6	1420		385.277322000
6	1420		385.304228000
6	0		385.422291000
6	1420		385.422784000
6	1420		385.436285000
6	1420		385.463183000
6	1420		385.490122000
6	0		385.608641000
6	1420		385.609120000
6	1420		385.622573000
6	1420		385.649543000
6	1420		385.676419000
6	0		385.793905000
6	1420		385.794371000
6	1420		385.807839000
6	1420		385.834790000
6	1420		385.861690000
6	0		385.980423000
6	0		385.980451000
6	0		385.980989000
6	0		386.086245000
6	0		386.086307000
6	0		386.103704000
6	41		386.109364000
6	0		386.125809000
6	21		386.125846000
6	0		386.125861000
6	1080		386.126930000
6	0		386.143239000
6	440		386.143710000
6	0		386.166515000
6	1420		386.166995000
6	1420		386.180473000
6	0		386.186217000
6	48		386.202697000
6	0		386.202740000
6	1420		386.207362000
6	280		386.209671000
6	0		386.217279000
6	0		386.217342000
6	0		386.226104000
6	1420		386.234328000
6	0		386.238227000
6	41		386.247376000
6	16		386.252070000
6	0		386.259168000
6	1420		386.261236000
6	0		386.267874000
6	21		386.267905000
6	0		386.267918000
6	1080		386.269004000
6	1420		386.288178000
6	0		386.289430000
6	440		386.289524000
6	0		386.294210000
6	52		386.310674000
6	0		386.310711000
6	52		386.310795000
6	1420		386.315097000
6	0		386.330211000
6	100		386.331164000
6	1420		386.342015000
6	48		386.350671000
6	0		386.350710000
6	280		386.357518000
6	0		386.374227000
6	0		386.377974000
6	16		386.383701000
6	0		386.426240000
6	0		386.445506000
6	52		386.446638000
6	0		386.446664000
6	52		386.446750000
6	84		386.480963000
6	0		386.522227000
6	0		386.630873000
6	0		386.630893000
6	0		386.724072000
6	0		386.724096000
6	0		386.910278000
6	0		387.003519000
6	0		387.096214000
6	0		387.375776000
6	0		387.375801000
6	0		387.560717000
6	0		387.560742000
6	0		387.560749000
6	0		387.653913000
6	0		387.840296000
6	0		387.933656000
6	0		388.118851000
6	68		388.248075000
6	52		388.264594000
6	0		388.264634000
6	0		388.264662000
6	0		388.265975000
6	0		388.282318000
6	0		388.305235000
6	68		388.398150000
6	52		388.418730000
6	0		388.418775000
6	0		388.418798000
6	0		388.420336000
6	0		388.440809000
6	0		388.490890000
6	0		388.677259000
6	0		388.863622000
6	0		388.863646000
6	0		389.049153000
6	0		389.235562000
6	0		389.420941000
6	0		389.575135000
6	0		389.575194000
6	0		389.607350000
6	0		389.614469000
6	12		389.614689000
6	0		389.654127000
6	12		389.654164000
6	0		389.654175000
6	1		389.654346000
6	4		389.654360000
6	32		389.654368000
6	0		389.654378000
6	0		389.693496000
6	0		389.693609000
6	0		389.693614000
6	0		389.693688000
6	0		389.693701000
6	0		389.792730000
6	0		389.979290000
6	0		389.979312000
6	0		390.165672000
6	0		390.215119000
6	0		390.220316000
6	0		390.350778000
6	0		390.537174000
6	0		390.723560000
6	0		390.908984000
6	0		390.909005000
6	0		391.095404000
6	0		391.095429000
6	0		391.280836000
6	0		391.457567000
6	0		391.467201000
6	0		391.519842000
6	0		391.653358000
6	0		391.653382000
6	0		391.838706000
6	0		391.876507000
6	0		392.025038000
6	0		392.025068000
6	0		392.211521000
6	0		392.396889000
6	0		392.583296000
6	0		392.769595000
6	0		392.954985000
6	0		393.141407000
6	0		393.326819000
6	0		393.606301000
6	0		393.699516000
6	0		393.885341000
6	0		394.071884000
6	0		394.071916000
6	0		394.349979000
6	0		394.536334000
6	0		394.629433000
6	0		394.721891000
6	73		394.886384000
6	0		395.001400000
6	0		395.001423000
6	0		395.187198000
6	0		395.373612000
6	0		395.558980000
6	0		395.652418000
6	0		395.931391000
6	0		395.931427000
6	0		396.097672000
6	0		396.097722000
6	0		396.206014000
6	0		396.206056000
6	0		396.209667000
6	0		396.209695000
6	0		396.309359000
6	0		396.396056000
6	0		396.488921000
6	0		396.582107000
6	0		396.582131000
6	0		396.768564000
6	0		396.953934000
6	0		397.140321000
6	0		397.325701000
6	0		397.512045000
6	0		397.746336000
6	0		397.746390000
6	0		397.791457000
6	0		397.791488000
6	0		398.070390000
6	0		398.256532000
6	0		398.348870000
6	0		398.442105000
6	0		398.535476000
6	0		398.628479000
6	0		398.628521000
6	0		398.628968000
6	129		398.685772000
6	0		398.814261000
6	0		398.815059000
6	0		398.907393000
6	0		398.937459000
6	0		399.000569000
6	0		399.186540000
6	0		399.279285000
6	0		399.279870000
6	0		399.372610000
6	0		399.558507000
6	0		399.558534000
6	0		399.558540000
6	0		399.559008000
6	0		399.559450000
6	0		399.650766000
6	0		399.651290000
6	0		399.743966000
6	56		399.886379000
6	0		399.887493000
6	0		399.929911000
6	0		400.022998000
6	0		400.023570000
6	0		400.116172000
6	0		400.302310000
6	0		400.487934000
6	0		400.767460000
6	0		400.767482000
6	56		400.905988000
6	0		401.046476000
6	0		401.138754000
6	73		401.208703000
6	0		401.325410000
6	0		401.325438000
6	0		401.511618000
6	0		401.697428000
6	0		401.697489000
6	0		401.697513000
6	0		401.697937000
6	0		401.883463000
6	0		402.068999000
6	0		402.255445000
6	73		402.387358000
6	0		402.440979000
6	0		402.627409000
6	1383		402.627443000
6	0		402.627906000
6	0		402.813374000
6	0		402.998842000
6	0		403.185317000
6	0		403.370796000
6	0		403.650399000
6	0		403.650437000
6	0		403.928998000
6	0		404.115412000
6	0		404.208169000
6	0		404.208201000
6	0		404.208212000
6	0		404.220650000
6	0		404.220705000
6	0		404.301338000
6	0		404.301362000
6	0		404.307486000
6	0		404.364783000
6	0		404.487252000
6	0		404.580174000
6	0		404.587955000
6	0		404.625171000
6	0		404.625349000
6	0		404.672655000
6	0		404.729903000
6	0		404.729960000
6	0		404.768546000
6	0		404.858959000
6	0		405.045403000
6	0		405.045437000
6	0		405.045447000
6	0		405.131070000
6	0		405.231689000
6	0		405.416852000
6	0		405.603320000
6	0		405.729485000
6	0		405.788743000
6	0		405.975533000
6	0		405.975568000
6	0		405.976053000
6	0		406.068435000
6	0		406.068987000
6	0		406.125938000
6	0		406.161347000
6	56		406.208515000
6	0		406.211611000
6	0		406.254549000
6	0		406.440319000
6	0		406.440342000
6	0		406.440833000
6	0		406.498397000
6	0		406.533560000
6	0		406.811851000
6	0		406.998390000
6	0		406.998420000
6	0		407.184090000
6	0		407.370477000
6	56		407.387307000
6	0		407.389656000
6	0		407.556122000
6	0		407.742516000
6	0		407.928385000
6	0		407.986984000
6	0		407.987029000
6	0		408.114327000
6	0		408.299747000
6	0		408.486082000
6	0		408.672527000
6	0		408.857967000
6	0		409.044350000
6	1420		409.045241000
6	0		409.229721000
6	0		409.509535000
6	0		409.509561000
6	1420		409.510029000
6	1420		409.523482000
6	0		409.788594000
6	0		409.788622000
6	0		409.788902000
6	1420		409.789062000
6	1420		409.802507000
6	0		409.974068000
6	1420		409.974526000
6	1420		409.987984000
6	0		409.992466000
6	0		409.992519000
6	0		410.067336000
6	0		410.076900000
6	41		410.083784000
6	0		410.160483000
6	0		410.160534000
6	0		410.160543000
6	0		410.160834000
6	0		410.160846000
6	1420		410.160956000
6	0		410.167940000
6	21		410.167974000
6	0		410.167985000
6	1080		410.168917000
6	1420		410.174460000
6	0		410.253031000
6	440		410.254319000
6	0		410.298240000
6	0		410.333527000
6	0		410.345966000
6	1418		410.346852000
6	1418		410.368755000
6	48		410.382382000
6	0		410.382429000
6	280		410.386451000
6	1418		410.413213000
6	1418		410.457704000
6	0		410.470567000
6	16		410.472233000
6	0		410.514244000
6	0		410.531822000
6	1418		410.532361000
6	1418		410.554587000
6	52		410.598363000
6	0		410.598407000
6	52		410.598524000
6	1418		410.599042000
6	84		410.682625000
6	0		410.717688000
6	1420		410.718154000
6	0		410.722612000
6	0		410.726213000
6	1420		410.731614000
6	0		410.904359000
6	0		410.904387000
6	0		410.904401000
6	0		410.904407000
6	0		410.904413000
6	517		410.904417000
6	1420		410.904853000
6	0		410.904940000
6	2836		410.911975000
6	2836		410.912018000
6	998		410.912059000
6	1420		410.918313000
6	0		411.089827000
6	1420		411.090318000
6	1420		411.103787000
6	0		411.276376000
6	1420		411.276836000
6	1420		411.290300000
6	0		411.461855000
6	1418		411.462348000
6	1418		411.484602000
6	0		411.554999000
6	0		411.555024000
6	517		411.555031000
6	517		411.555050000
6	0		411.555526000
6	0		411.555541000
6	2792		411.556523000
6	2387		411.556548000
6	2836		411.562649000
6	2836		411.562687000
6	997		411.562718000
6	0		411.648242000
6	0		411.648280000
6	1418		411.648738000
6	1418		411.670990000
6	0		411.834586000
6	1420		411.835082000
6	1420		411.848562000
6	0		412.020066000
6	0		412.020090000
6	0		412.020097000
6	1420		412.020566000
6	1420		412.034026000
6	0		412.206683000
6	1418		412.207199000
6	1418		412.229443000
6	0		412.485494000
6	0		412.485521000
6	1420		412.485971000
6	1418		412.486056000
6	1420		412.499458000
6	68		412.558959000
6	52		412.644819000
6	0		412.644860000
6	0		412.644882000
6	0		412.646422000
6	0		412.731041000
6	0		412.764172000
6	0		412.764197000
6	1420		412.764647000
6	1420		412.778118000
6	0		412.857481000
6	0		412.949717000
6	1420		412.950237000
6	1420		412.963664000
6	0		413.042952000
6	1418		413.043469000
6	0		413.136126000
6	0		413.136154000
6	1420		413.136598000
6	1420		413.150064000
6	1420		413.176991000
6	1420		413.203927000
6	0		413.322466000
6	1418		413.322991000
6	1418		413.345226000
6	0		413.533499000
6	0		413.600842000
6	1420		413.601331000
6	1420		413.614785000
6	1420		413.641711000
6	1420		413.668647000
6	0		413.694006000
6	1418		413.694497000
6	0		413.696528000
6	0		413.696584000
6	1418		413.716734000
6	0		413.736046000
6	12		413.736339000
6	0		413.775461000
6	12		413.775498000
6	0		413.775512000
6	1		413.775750000
6	4		413.775774000
6	32		413.775785000
6	0		413.775801000
6	0		413.815052000
6	0		413.815098000
6	0		413.815104000
6	0		413.815132000
6	0		413.815145000
6	0		413.880240000
6	0		413.880264000
6	0		413.880269000
6	1420		413.880734000
6	1420		413.894190000
6	1420		413.921138000
6	1420		413.948059000
6	0		413.985485000
6	0		414.159043000
6	0		414.159064000
6	0		414.159524000
6	1420		414.159544000
6	1420		414.172995000
6	1420		414.199916000
6	1420		414.226843000
6	0		414.252215000
6	1418		414.252773000
6	1418		414.274981000
6	0		414.438536000
6	1418		414.439029000
6	1418		414.461271000
6	0		414.623809000
6	1420		414.624309000
6	1420		414.637772000
6	1420		414.664693000
6	1420		414.691636000
6	0		414.810147000
6	1420		414.810617000
6	1420		414.824109000
6	1420		414.851037000
6	1420		414.877945000
6	0		414.903530000
6	0		414.903803000
6	0		414.995736000
6	1420		414.996195000
6	1420		415.009655000
6	1420		415.036590000
6	1420		415.063536000
6	0		415.182048000
6	1420		415.182544000
6	1420		415.196007000
6	1420		415.222964000
6	1420		415.249889000
6	0		415.368430000
6	1418		415.368948000
6	1418		415.391209000
6	0		415.553784000
6	1418		415.554285000
6	1418		415.576528000
6	0		415.740077000
6	1420		415.740626000
6	1420		415.754044000
6	1420		415.780995000
6	1420		415.807913000
6	0		415.833325000
6	1420		415.834819000
6	1420		415.861771000
6	1420		415.888715000
6	1420		415.915640000
6	0		416.019136000
6	1418		416.019665000
6	1418		416.041894000
6	1418		416.086362000
6	1418		416.130839000
6	0		416.298408000
6	0		416.298434000
6	1420		416.298882000
6	1418		416.298926000
6	1420		416.312344000
6	1418		416.321180000
6	1420		416.339314000
6	1420		416.366216000
6	0		416.576906000
6	1420		416.577373000
6	1420		416.590839000
6	1420		416.617796000
6	1420		416.644708000
6	0		416.763199000
6	1420		416.763661000
6	1420		416.777144000
6	1420		416.804073000
6	1420		416.831000000
6	0		416.856340000
6	0		416.856365000
6	1418		416.856981000
6	1418		416.879222000
6	0		416.949613000
6	0		416.949648000
6	1420		416.950094000
6	1420		416.963540000
6	1420		416.990481000
6	1420		417.017425000
6	0		417.134960000
6	1418		417.135463000
6	1418		417.157718000
6	1418		417.202189000
6	1418		417.246645000
6	0		417.320751000
6	1418		417.321244000
6	1418		417.343485000
6	1418		417.387960000
6	1418		417.432442000
6	0		417.506965000
6	1420		417.507435000
6	1420		417.520924000
6	1420		417.547858000
6	1420		417.574776000
6	0		417.693294000
6	0		417.693335000
6	0		417.693342000
6	1420		417.693775000
6	1420		417.707239000
6	1420		417.734184000
6	1420		417.761101000
6	0		417.879564000
6	1420		417.880011000
6	1420		417.893476000
6	1420		417.920422000
6	0		418.064938000
6	1420		418.065410000
6	1420		418.078893000
6	0		418.251450000
6	1418		418.251982000
6	1418		418.274240000
6	1418		418.318697000
6	1418		418.363152000
6	0		418.437192000
6	1418		418.437685000
6	1418		418.459953000
6	1418		418.504437000
6	0		418.622911000
6	1420		418.623392000
6	1420		418.636878000
6	0		418.808760000
6	1420		418.809238000
6	1420		418.822693000
6	0		418.995254000
6	1418		418.995781000
6	1418		419.018021000
6	0		419.274448000
6	0		419.274477000
6	0		419.274487000
6	0		419.274815000
6	1420		419.274895000
6	1418		419.274959000
6	1420		419.288370000
6	0		419.553069000
6	1420		419.553581000
6	1420		419.567009000
6	0		419.739513000
6	1420		419.739972000
6	1420		419.753449000
6	0		419.831790000
6	1418		419.832316000
6	0		419.893958000
6	1420		419.894443000
6	1420		419.907924000
6	0		420.018575000
6	0		420.018596000
6	0		420.018601000
6	1418		420.019086000
6	1418		420.041333000
6	0		420.142264000
6	1418		420.142769000
6	1418		420.164994000
6	0		420.266468000
6	1420		420.266972000
6	1420		420.280431000
6	0		420.389848000
6	0		420.389874000
6	1420		420.390296000
6	1420		420.403761000
6	0		420.514300000
6	1420		420.514781000
6	1420		420.528240000
6	0		420.572336000
6	0		420.637740000
6	0		420.637767000
6	1420		420.638236000
6	1420		420.651686000
6	0		420.762204000
6	1418		420.762710000
6	1418		420.784985000
6	0		420.824334000
6	0		420.886498000
6	1418		420.887008000
6	1418		420.909217000
6	0		420.938422000
6	0		420.947733000
6	0		421.009863000
6	1420		421.010354000
6	1420		421.023800000
6	0		421.134264000
6	0		421.134291000
6	1420		421.134712000
6	1420		421.148183000
6	0		421.257670000
6	1418		421.258190000
6	1418		421.280422000
6	0		421.444404000
6	0		421.444429000
6	1420		421.444858000
6	1418		421.444890000
6	1420		421.458348000
6	0		421.556146000
6	0		421.630582000
6	1420		421.631055000
6	1420		421.644562000
6	0		421.754006000
6	1420		421.754479000
6	1420		421.767930000
6	0		421.816020000
6	0		421.816116000
6	0		421.816245000
6	1418		421.817326000
6	1418		421.838982000
6	0		421.854967000
6	12		421.855244000
6	0		421.878365000
6	1420		421.878857000
6	1420		421.892306000
6	0		421.894137000
6	12		421.894168000
6	0		421.894178000
6	1		421.894358000
6	4		421.894385000
6	32		421.894398000
6	0		421.894411000
6	0		421.933143000
6	0		421.933221000
6	0		421.933227000
6	0		421.933398000
6	0		421.933414000
6	0		421.963083000
6	0		422.001714000
6	1418		422.002234000
6	1418		422.024480000
6	1418		422.068953000
6	1418		422.113417000
6	0		422.125751000
6	1420		422.126254000
6	1420		422.139724000
6	0		422.187929000
6	1418		422.188472000
6	1418		422.210717000
6	1418		422.255196000
6	1418		422.299683000
6	0		422.312218000
6	0		422.312252000
6	1420		422.312723000
6	1420		422.326156000
6	0		422.435639000
6	1420		422.436114000
6	1420		422.449568000
6	0		422.560020000
6	1420		422.560654000
6	1420		422.574139000
6	0		422.684587000
6	1420		422.685040000
6	1420		422.698487000
6	0		422.807985000
6	1420		422.808461000
6	1420		422.821929000
6	0		422.870201000
6	0		422.932530000
6	0		422.993706000
6	0		423.055851000
6	0		423.118020000
6	0		423.180193000
6	0		423.242357000
6	0		423.304558000
6	0		423.427866000
6	0		423.427888000
6	1420		423.428477000
6	1420		423.441945000
6	0		423.490162000
6	0		423.552513000
6	0		423.552532000
6	0		423.613704000
6	0		423.738020000
6	0		423.800192000
6	0		423.861727000
6	0		423.861759000
6	0		423.861767000
6	0		423.861787000
6	1420		423.862236000
6	1420		423.875694000
6	0		423.986226000
6	1418		423.986740000
6	1418		424.008967000
6	0		424.048299000
6	1418		424.053461000
6	1418		424.097941000
6	0		424.110247000
6	0		424.110282000
6	1418		424.142402000
6	0		424.172469000
6	1418		424.186871000
6	1418		424.231367000
6	0		424.233743000
6	1418		424.275824000
6	0		424.295725000
6	1418		424.320311000
6	0		424.358237000
6	0		424.358264000
6	1418		424.364776000
6	1418		424.409252000
6	0		424.419707000
6	0		424.419735000
6	1418		424.453724000
6	0		424.481684000
6	1418		424.498697000
6	1418		424.542671000
6	0		424.543935000
6	1418		424.587165000
6	0		424.606123000
6	1418		424.631612000
6	0		424.667904000
6	1418		424.676091000
6	1418		424.720578000
6	0		424.729868000
6	1418		424.765053000
6	0		424.792067000
6	1418		424.809530000
6	0		424.853841000
6	1418		424.853989000
6	1418		424.898498000
6	0		424.915809000
6	1418		424.942945000
6	0		424.977967000
6	1418		424.987429000
6	0		425.039777000
6	1418		425.040296000
6	0		425.102394000
6	0		425.102439000
6	0		425.102446000
6	0		425.102697000
6	0		425.102713000
6	1418		425.102865000
6	0		425.225703000
6	1418		425.226259000
6	0		425.287895000
6	1420		425.288399000
6	1420		425.301831000
6	1420		425.328756000
6	0		425.349671000
6	1418		425.350141000
6	1420		425.355711000
6	0		425.474198000
6	1420		425.474680000
6	1420		425.488166000
6	1420		425.515082000
6	0		425.536363000
6	1418		425.536891000
6	1420		425.541995000
6	0		425.660460000
6	0		425.721648000
6	0		425.783762000
6	0		425.783786000
6	1420		425.784230000
6	1420		425.797695000
6	0		425.845976000
6	0		425.970365000
6	1418		425.970913000
6	0		426.032185000
6	1418		426.032716000
6	0		426.093961000
6	1418		426.094479000
6	0		426.156177000
6	1420		426.156687000
6	1420		426.170140000
6	1420		426.197096000
6	1420		426.224010000
6	0		426.280354000
6	1420		426.280839000
6	1420		426.294301000
6	1420		426.321265000
6	0		426.342513000
6	1420		426.348157000
6	0		426.403772000
6	1420		426.404246000
6	1420		426.417716000
6	1420		426.444640000
6	0		426.465983000
6	0		426.466010000
6	1420		426.471578000
6	0		426.527905000
6	0		426.590107000
6	0		426.714488000
6	1420		426.714963000
6	1420		426.728448000
6	1420		426.755364000
6	0		426.775643000
6	1420		426.782279000
6	1420		426.809209000
6	1420		426.836188000
6	0		426.837761000
6	1418		426.838272000
6	0		426.900556000
6	1418		426.901025000
6	0		426.961851000
6	0		426.961875000
6	1418		426.962315000
6	0		427.024449000
6	1418		427.024976000
6	0		427.085696000
6	1418		427.086179000
6	0		427.148484000
6	1418		427.148984000
6	1418		427.171239000
6	0		427.209673000
6	1418		427.215690000
6	1418		427.260169000
6	0		427.271733000
6	1418		427.304668000
6	0		427.334033000
6	1420		427.334536000
6	1420		427.347980000
6	1418		427.349099000
6	0		427.396209000
6	1420		427.396678000
6	1420		427.410145000
6	0		427.458482000
6	1420		427.458964000
6	0		427.519678000
6	1420		427.520171000
6	0		427.582436000
6	0		427.582460000
6	1420		427.582907000
6	0		427.644256000
6	1420		427.644702000
6	0		427.706026000
6	1420		427.706465000
6	0		427.767795000
6	1420		427.768269000
6	0		427.830010000
6	1420		427.830519000
6	0		427.891680000
6	1420		427.892186000
6	0		427.953880000
6	1420		427.954406000
6	0		428.015845000
6	1420		428.016339000
6	0		428.078019000
6	1418		428.078550000
6	1418		428.100788000
6	0		428.139743000
6	1418		428.145333000
6	1418		428.189737000
6	0		428.202157000
6	1418		428.234210000
6	0		428.264359000
6	1418		428.278675000
6	1418		428.323145000
6	0		428.325948000
6	1420		428.326460000
6	1418		428.367656000
6	0		428.387717000
6	1420		428.388203000
6	0		428.450336000
6	1420		428.450819000
6	0		428.511737000
6	1420		428.512211000
6	0		428.574309000
6	1418		428.574909000
6	1418		428.597153000
6	0		428.635803000
6	1418		428.641611000
6	0		428.697722000
6	1418		428.698219000
6	0		428.760113000
6	1418		428.760632000
6	0		428.821974000
6	1418		428.822522000
6	0		428.883858000
6	0		428.883883000
6	1418		428.884380000
6	56		428.893772000
6	1418		428.906639000
6	0		428.945959000
6	1418		428.951095000
6	0		429.008149000
6	1420		429.008622000
6	1420		429.022117000
6	0		429.070491000
6	1420		429.070966000
6	1420		429.084441000
6	0		429.131671000
6	1420		429.132143000
6	1420		429.145630000
6	0		429.193849000
6	1420		429.194346000
6	1420		429.207813000
6	0		429.239033000
6	0		429.239089000
6	0		429.256069000
6	1420		429.256580000
6	1420		429.270025000
6	0		429.318280000
6	1420		429.318771000
6	1420		429.332207000
6	0		429.380464000
6	1420		429.380927000
6	1420		429.394511000
6	0		429.441673000
6	1420		429.442515000
6	1420		429.455974000
6	0		429.467035000
6	41		429.472719000
6	0		429.503963000
6	1420		429.504454000
6	1420		429.517926000
6	0		429.566265000
6	1420		429.567274000
6	1420		429.580710000
6	0		429.628020000
6	1420		429.628493000
6	1420		429.641982000
6	0		429.690277000
6	1420		429.690753000
6	0		429.700289000
6	21		429.702356000
6	0		429.702391000
6	1080		429.703478000
6	1420		429.704208000
6	0		429.752477000
6	1420		429.752922000
6	1420		429.766375000
6	0		429.813655000
6	1420		429.814138000
6	1420		429.827592000
6	0		429.875876000
6	1420		429.876367000
6	1420		429.889854000
6	440		429.933132000
6	0		429.933951000
6	0		429.933991000
6	0		429.938067000
6	0		429.938089000
6	1420		429.938564000
6	1420		429.952009000
6	0		429.972947000
6	12		429.973236000
6	0		429.974217000
6	0		430.000258000
6	1418		430.000778000
6	0		430.012247000
6	12		430.012306000
6	0		430.012320000
6	1		430.012473000
6	4		430.012496000
6	32		430.012505000
6	0		430.012517000
6	0		430.051475000
6	0		430.051591000
6	0		430.051696000
6	0		430.051963000
6	0		430.051978000
6	0		430.062051000
6	1418		430.062568000
6	0		430.123779000
6	0		430.123803000
6	1418		430.124284000
6	0		430.185954000
6	0		430.185975000
6	1418		430.186477000
6	48		430.201692000
6	0		430.201732000
6	280		430.205929000
6	0		430.247788000
6	0		430.247810000
6	1420		430.248253000
6	0		430.248523000
6	0		430.309773000
6	1420		430.310265000
6	0		430.371965000
6	1420		430.372439000
6	0		430.434030000
6	1420		430.434480000
6	16		430.438909000
6	0		430.482232000
6	0		430.496037000
6	1420		430.496492000
6	0		430.558095000
6	1420		430.558542000
6	0		430.620055000
6	1420		430.620502000
6	0		430.681971000
6	1420		430.682409000
6	52		430.709763000
6	0		430.709796000
6	52		430.709862000
6	0		430.744138000
6	1418		430.744633000
6	0		430.805842000
6	1418		430.806322000
6	0		430.868107000
6	1418		430.868627000
6	0		430.929641000
6	1418		430.930121000
6	84		430.939402000
6	0		430.982245000
6	0		430.991949000
6	1418		430.992453000
6	0		431.053731000
6	1418		431.054210000
6	0		431.115710000
6	1418		431.116186000
6	0		431.177739000
6	1418		431.178237000
6	0		431.239937000
6	1420		431.240451000
6	0		431.301702000
6	1420		431.302180000
6	0		431.363883000
6	1420		431.364358000
6	0		431.426629000
6	1420		431.427101000
6	0		431.487808000
6	0		431.487835000
6	1420		431.488282000
6	0		431.550524000
6	1420		431.550998000
6	0		431.611694000
6	1420		431.612140000
6	0		431.674460000
6	1420		431.674937000
6	0		431.735636000
6	0		431.798348000
6	1418		431.798936000
6	0		431.860159000
6	1418		431.860627000
6	0		431.921900000
6	1418		431.922426000
6	129		431.965565000
6	0		431.983923000
6	1418		431.984468000
6	0		432.045776000
6	1418		432.046316000
6	0		432.107991000
6	1418		432.108491000
6	0		432.169821000
6	1418		432.170336000
6	0		432.232040000
6	1418		432.232547000
6	1418		432.254782000
6	0		432.293742000
6	1420		432.294213000
6	0		432.346437000
6	0		432.346499000
6	0		432.356177000
6	1420		432.356643000
6	0		432.418087000
6	1420		432.418544000
6	0		432.479832000
6	1420		432.480287000
6	0		432.542014000
6	1420		432.542492000
6	0		432.603780000
6	1420		432.604260000
6	0		432.634652000
6	41		432.640256000
6	0		432.665947000
6	1420		432.666456000
6	0		432.727666000
6	1420		432.728141000
6	0		432.789878000
6	1420		432.790316000
6	0		432.852580000
6	1420		432.853066000
6	68		432.895645000
6	0		432.913760000
6	1420		432.914220000
6	0		432.926708000
6	21		432.926743000
6	0		432.926756000
6	1080		432.927756000
6	0		432.976489000
6	0		432.976520000
6	1420		432.976984000
6	1420		432.990427000
6	0		433.037685000
6	1420		433.038185000
6	0		433.041489000
6	0		433.041526000
6	0		433.095478000
6	0		433.099882000
6	1420		433.100348000
6	52		433.124487000
6	0		433.124531000
6	0		433.124551000
6	0		433.126108000
6	0		433.162599000
6	1420		433.163099000
6	0		433.215311000
6	440		433.215347000
6	0		433.223775000
6	1418		433.224343000
6	1418		433.246579000
6	0		433.258209000
6	0		433.285945000
6	1418		433.291061000
6	1418		433.335546000
6	0		433.348005000
6	0		433.354108000
6	1418		433.380012000
6	0		433.410159000
6	1418		433.424509000
6	1418		433.468984000
6	0		433.471764000
6	1420		433.472274000
6	1418		433.513442000
6	0		433.533742000
6	1420		433.534222000
6	48		433.544897000
6	0		433.544935000
6	280		433.549408000
6	0		433.595913000
6	1420		433.596391000
6	0		433.658634000
6	1420		433.659080000
6	0		433.720268000
6	1420		433.720730000
6	0		433.781833000
6	1420		433.782263000
6	0		433.836332000
6	0		433.844424000
6	1420		433.844862000
6	16		433.866505000
6	0		433.906018000
6	1420		433.906475000
6	0		433.910203000
6	0		433.967772000
6	1418		433.968288000
6	1418		433.990534000
6	0		434.029836000
6	1418		434.034992000
6	1418		434.079501000
6	0		434.091786000
6	1418		434.123968000
6	0		434.153978000
6	1418		434.168427000
6	52		434.196705000
6	0		434.196742000
6	52		434.196834000
6	1418		434.212890000
6	0		434.216192000
6	1418		434.257377000
6	0		434.277697000
6	1418		434.301854000
6	0		434.339884000
6	1418		434.346320000
6	1418		434.390825000
6	0		434.402233000
6	1418		434.435319000
6	0		434.464420000
6	1420		434.464926000
6	1418		434.479743000
6	84		434.489940000
6	1418		434.524236000
6	0		434.525732000
6	1420		434.526251000
6	0		434.530232000
6	1418		434.568713000
6	0		434.588023000
6	1420		434.588494000
6	0		434.649809000
6	1420		434.650295000
6	0		434.711992000
6	1420		434.712481000
6	0		434.773707000
6	1420		434.774222000
6	1396		434.826998000
6	1396		434.827783000
6	1396		434.833693000
6	0		434.835940000
6	1420		434.836393000
6	0		434.897980000
6	0		434.898003000
6	1420		434.898495000
6	0		434.959921000
6	1420		434.960398000
6	0		435.022088000
6	1420		435.022544000
6	0		435.083866000
6	1420		435.084370000
6	0		435.145932000
6	1420		435.146397000
6	0		435.207635000
6	1420		435.208131000
6	0		435.270518000
6	1420		435.271026000
6	0		435.331681000
6	1420		435.332165000
6	1396		435.344957000
6	0		435.345006000
6	1420		435.345567000
6	0		435.393837000
6	1420		435.394280000
6	1420		435.407747000
6	0		435.456113000
6	0		435.456137000
6	1418		435.456648000
6	0		435.517941000
6	1418		435.518487000
6	0		435.579764000
6	1418		435.580288000
6	0		435.641934000
6	0		435.641972000
6	0		435.641983000
6	1418		435.642432000
6	0		435.703707000
6	1418		435.704195000
6	0		435.765891000
6	1418		435.766442000
6	0		435.827698000
6	1418		435.828232000
6	73		435.851115000
6	0		435.889881000
6	1418		435.890393000
6	0		435.951975000
6	1420		435.952537000
6	1420		435.965916000
6	0		436.014152000
6	1420		436.014627000
6	1420		436.028090000
6	0		436.076341000
6	1420		436.076812000
6	1420		436.090272000
6	0		436.138311000
6	1420		436.138789000
6	1420		436.152263000
6	0		436.200201000
6	1420		436.200659000
6	1420		436.214126000
6	0		436.261677000
6	1418		436.262179000
6	0		436.324518000
6	1420		436.324996000
6	68		436.326317000
6	1420		436.338465000
6	0		436.385734000
6	1418		436.386236000
6	0		436.448204000
6	1420		436.448691000
6	1420		436.462213000
6	0		436.510153000
6	1420		436.510641000
6	1396		436.512934000
6	1396		436.513368000
6	1420		436.524128000
6	0		436.571683000
6	1420		436.572178000
6	1420		436.585639000
6	52		436.613923000
6	0		436.613971000
6	0		436.613991000
6	0		436.615416000
6	0		436.633738000
6	1420		436.634225000
6	1420		436.647709000
6	0		436.696035000
6	1420		436.696514000
6	1420		436.709977000
6	0		436.758279000
6	1420		436.758790000
6	1420		436.772248000
6	0		436.819710000
6	0		436.819745000
6	1418		436.820270000
6	1418		436.842489000
6	0		436.881694000
6	1418		436.886997000
6	0		436.903252000
6	0		436.944058000
6	1418		436.944544000
6	0		437.005834000
6	1420		437.006322000
6	1420		437.019773000
6	0		437.068058000
6	1420		437.068549000
6	1420		437.082026000
6	0		437.130373000
6	1420		437.130863000
6	1420		437.144314000
6	0		437.192600000
6	1420		437.193084000
6	1420		437.206566000
6	0		437.253817000
6	1420		437.254315000
6	0		437.316255000
6	1420		437.316744000
6	0		437.377828000
6	1420		437.378305000
6	0		437.440328000
6	1420		437.440876000
6	0		437.501866000
6	1418		437.502381000
6	0		437.564255000
6	1418		437.564745000
6	0		437.625696000
6	1418		437.626193000
6	0		437.688104000
6	1418		437.688582000
6	0		437.749889000
6	1418		437.750408000
6	0		437.811700000
6	1418		437.812218000
6	0		437.873900000
6	1418		437.874405000
6	0		437.936662000
6	1418		437.937143000
6	0		437.997844000
6	1420		437.998329000
6	0		438.053212000
6	0		438.053279000
6	0		438.060602000
6	0		438.060626000
6	1418		438.061080000
6	0		438.092179000
6	12		438.092438000
6	0		438.121829000
6	1420		438.122338000
6	0		438.131258000
6	12		438.131319000
6	0		438.131330000
6	1		438.131475000
6	4		438.131507000
6	32		438.131516000
6	0		438.131527000
6	0		438.170265000
6	0		438.170506000
6	0		438.170533000
6	0		438.170639000
6	0		438.170651000
6	0		438.184485000
6	1418		438.184948000
6	0		438.245719000
6	1420		438.246195000
6	0		438.308479000
6	1420		438.308957000
6	0		438.369675000
6	1420		438.370142000
6	0		438.432460000
6	1420		438.432948000
6	0		438.493631000
6	1420		438.494097000
6	0		438.556423000
6	1420		438.556863000
6	0		438.618261000
6	1420		438.618710000
6	0		438.679989000
6	1420		438.680467000
6	0		438.741712000
6	1420		438.742211000
6	0		438.803933000
6	1420		438.804448000
6	0		438.865749000
6	1420		438.866298000
6	0		438.927923000
6	1420		438.928420000
6	0		438.989799000
6	1420		438.990298000
6	0		439.051996000
6	0		439.052035000
6	1420		439.052500000
6	0		439.113759000
6	1420		439.114222000
6	0		439.175912000
6	1420		439.176406000
6	0		439.238600000
6	1420		439.239081000
6	0		439.299864000
6	1420		439.300507000
6	0		439.361868000
6	1420		439.362348000
6	0		439.424064000
6	1420		439.424556000
6	0		439.485737000
6	1420		439.486231000
6	0		439.548105000
6	0		439.548136000
6	0		439.548144000
6	0		439.548152000
6	0		439.548158000
6	0		439.548164000
6	0		439.548171000
6	0		439.548186000
6	0		439.548193000
6	0		439.548202000
6	517		439.548208000
6	0		439.548215000
6	1420		439.548589000
6	0		439.548706000
6	0		439.548812000
6	2792		439.549959000
6	2387		439.549989000
6	0		439.609650000
6	0		439.609677000
6	0		439.609687000
6	0		439.609697000
6	0		439.609702000
6	0		439.609706000
6	0		439.609711000
6	0		439.609715000
6	0		439.609719000
6	0		439.609723000
6	0		439.609726000
6	0		439.609730000
6	0		439.609735000
6	0		439.609740000
6	0		439.610665000
6	0		439.610688000
6	0		439.639016000
6	0		439.639071000
6	0		439.671985000
6	0		439.672009000
6	0		439.672015000
6	0		439.672026000
6	0		439.672032000
6	0		439.672037000
6	0		439.672042000
6	0		439.672046000
6	0		439.677127000
6	0		439.734144000
6	1420		439.734624000
6	1420		439.748100000
6	1420		439.775008000
6	0		439.796315000
6	1420		439.801949000
6	1420		439.828888000
6	1420		439.855828000
6	0		439.858099000
6	0		439.858134000
6	1420		439.882736000
6	1420		439.909702000
6	0		439.920025000
6	1420		439.936603000
6	1420		439.963542000
6	0		439.981889000
6	1420		439.990463000
6	1420		440.017397000
6	0		440.043759000
6	1420		440.044314000
6	1420		440.071267000
6	1420		440.098194000
6	0		440.106092000
6	0		440.106117000
6	0		440.106124000
6	1420		440.125106000
6	1420		440.152046000
6	0		440.167791000
6	1420		440.178966000
6	1420		440.205911000
6	0		440.230264000
6	0		440.230286000
6	1420		440.232814000
6	1420		440.259751000
6	1420		440.286687000
6	0		440.291957000
6	1418		440.292468000
6	1420		440.313622000
6	1418		440.314698000
6	1420		440.340563000
6	0		440.353932000
6	1418		440.359175000
6	1420		440.367468000
6	1420		440.394416000
6	1418		440.403675000
6	0		440.416010000
6	1420		440.421356000
6	1418		440.448143000
6	1420		440.448241000
6	1420		440.475185000
6	0		440.478192000
6	1418		440.492597000
6	1420		440.502127000
6	1420		440.529065000
6	1418		440.537096000
6	0		440.540419000
6	1420		440.555984000
6	1418		440.581577000
6	1420		440.582898000
6	0		440.602193000
6	1420		440.609841000
6	1418		440.626039000
6	1420		440.636770000
6	1420		440.663703000
6	0		440.663924000
6	1418		440.670498000
6	1420		440.690670000
6	1418		440.714990000
6	1420		440.717551000
6	0		440.725849000
6	0		440.725870000
6	1420		440.744497000
6	1418		440.759453000
6	1420		440.771428000
6	0		440.787780000
6	1420		440.798349000
6	1418		440.803956000
6	1420		440.825303000
6	1418		440.848427000
6	0		440.849763000
6	0		440.849788000
6	0		440.850282000
6	56		440.851366000
6	1420		440.852176000
6	0		440.853742000
6	1420		440.879148000
6	1418		440.892884000
6	1420		440.906086000
6	0		440.911935000
6	1420		440.933006000
6	1418		440.937347000
6	1420		440.959926000
6	0		440.974237000
6	1418		440.982005000
6	1420		440.986861000
6	1420		441.013782000
6	1418		441.026315000
6	0		441.036387000
6	1420		441.040719000
6	1420		441.067671000
6	1418		441.070793000
6	1420		441.094569000
6	0		441.097866000
6	1418		441.115308000
6	1420		441.121566000
6	1420		441.148448000
6	1418		441.159735000
6	0		441.159810000
6	1420		441.175366000
6	0		441.183738000
6	1420		441.202299000
6	1418		441.204204000
6	0		441.222017000
6	1420		441.229296000
6	1418		441.248696000
6	1420		441.256153000
6	1420		441.283097000
6	0		441.283631000
6	1418		441.293145000
6	1420		441.310002000
6	1420		441.336983000
6	1418		441.337617000
6	0		441.345937000
6	1420		441.363859000
6	1418		441.382130000
6	1420		441.390823000
6	0		441.408101000
6	1420		441.417753000
6	1418		441.426576000
6	1420		441.444652000
6	0		441.469948000
6	0		441.469974000
6	0		441.469981000
6	0		441.470493000
6	0		441.470514000
6	1418		441.471026000
6	1420		441.471580000
6	1420		441.498542000
6	1418		441.515539000
6	1420		441.525440000
6	0		441.531781000
6	1420		441.552378000
6	1418		441.560027000
6	1420		441.579373000
6	0		441.593751000
6	1418		441.604512000
6	1420		441.606229000
6	1420		441.633175000
6	0		441.633535000
6	1418		441.648974000
6	0		441.655953000
6	1420		441.660092000
6	1420		441.687034000
6	1418		441.693430000
6	1420		441.713963000
6	0		441.718310000
6	1418		441.737912000
6	1420		441.740901000
6	1420		441.767839000
6	0		441.780163000
6	1418		441.782376000
6	1420		441.794742000
6	1420		441.821692000
6	1418		441.826854000
6	0		441.842134000
6	1420		441.848621000
6	1418		441.871369000
6	1420		441.875543000
6	1420		441.902478000
6	0		441.903826000
6	1418		441.915824000
6	1420		441.929391000
6	1420		441.956352000
6	1418		441.960277000
6	0		441.966007000
6	1420		441.983275000
6	1418		442.004776000
6	1420		442.010177000
6	0		442.027689000
6	1420		442.037107000
6	1418		442.049257000
6	0		442.051490000
6	1420		442.064047000
6	0		442.090443000
6	0		442.090462000
6	1420		442.090954000
6	1418		442.093729000
6	1420		442.117898000
6	1418		442.138196000
6	1420		442.144828000
6	0		442.152159000
6	1420		442.171764000
6	1418		442.182671000
6	1420		442.198702000
6	0		442.214032000
6	1420		442.227680000
6	1418		442.227725000
6	1420		442.252557000
6	1418		442.271672000
6	0		442.275975000
6	1420		442.279471000
6	1420		442.306413000
6	1418		442.316102000
6	1420		442.333327000
6	0		442.338163000
6	1420		442.360272000
6	1418		442.360531000
6	1420		442.387196000
6	0		442.399804000
6	1418		442.405040000
6	1420		442.414144000
6	1420		442.441078000
6	1418		442.449520000
6	0		442.461681000
6	1420		442.468004000
6	1418		442.493986000
6	1420		442.494899000
6	1420		442.521876000
6	0		442.523867000
6	1418		442.538469000
6	1420		442.548787000
6	1420		442.575690000
6	1418		442.582927000
6	0		442.586231000
6	1420		442.602641000
6	1418		442.627409000
6	1420		442.629541000
6	0		442.647833000
6	1420		442.656494000
6	1418		442.671902000
6	1420		442.683431000
6	0		442.709777000
6	1420		442.710385000
6	1418		442.716367000
6	1418		442.760827000
6	0		442.772003000
6	1420		442.772462000
6	1420		442.785923000
6	1418		442.805324000
6	0		442.834244000
6	1420		442.834700000
6	1420		442.848152000
6	1418		442.849779000
6	1418		442.894272000
6	0		442.895753000
6	1420		442.896186000
6	1420		442.909665000
6	1418		442.938788000
6	0		442.958200000
6	1420		442.958643000
6	1420		442.972130000
6	1418		442.983218000
6	1420		443.006073000
6	0		443.020381000
6	1420		443.025972000
6	1418		443.027690000
6	1418		443.072186000
6	0		443.082545000
6	1418		443.116664000
6	0		443.143706000
6	1420		443.144194000
6	1420		443.157662000
6	1418		443.161123000
6	1420		443.194148000
6	1418		443.205599000
6	0		443.205818000
6	1420		443.211521000
6	1420		443.238445000
6	1418		443.250093000
6	0		443.268020000
6	1420		443.268504000
6	1420		443.292294000
6	1418		443.294550000
6	0		443.329818000
6	1420		443.330257000
6	1418		443.339000000
6	1420		443.346169000
6	1418		443.383508000
6	0		443.391844000
6	1418		443.427961000
6	0		443.454030000
6	0		443.454058000
6	1418		443.472446000
6	0		443.515797000
6	1420		443.516281000
6	1418		443.516892000
6	1420		443.529741000
6	1418		443.561398000
6	0		443.577743000
6	1420		443.578219000
6	1420		443.591672000
6	1418		443.605899000
6	0		443.639936000
6	1420		443.640401000
6	1418		443.650341000
6	1420		443.653871000
6	1418		443.694809000
6	0		443.702165000
6	1420		443.702628000
6	1420		443.716088000
6	1418		443.739328000
6	0		443.764357000
6	1418		443.783766000
6	0		443.825753000
6	1418		443.828223000
6	1418		443.872727000
6	0		443.888266000
6	1420		443.888753000
6	1420		443.902216000
6	1418		443.917204000
6	1420		443.936050000
6	0		443.950573000
6	1420		443.956074000
6	1418		443.961653000
6	1418		444.006160000
6	0		444.011741000
6	1420		444.012184000
6	1420		444.025646000
6	1418		444.050643000
6	0		444.074102000
6	0		444.074130000
6	1420		444.074551000
6	1420		444.088014000
6	1418		444.095086000
6	0		444.136272000
6	1420		444.136745000
6	1418		444.139557000
6	1420		444.150219000
6	1418		444.184062000
6	0		444.198439000
6	1420		444.198886000
6	1420		444.212340000
6	1418		444.228539000
6	1420		444.244151000
6	0		444.260504000
6	1420		444.266208000
6	1418		444.272992000
6	1420		444.293140000
6	1418		444.317494000
6	0		444.321667000
6	1420		444.322130000
6	1420		444.347005000
6	1418		444.361939000
6	0		444.383939000
6	1418		444.406428000
6	0		444.445841000
6	1418		444.450879000
6	1418		444.495379000
6	0		444.507687000
6	1418		444.539871000
6	0		444.569888000
6	1418		444.584360000
6	1418		444.628804000
6	0		444.632153000
6	1420		444.632632000
6	1420		444.646124000
6	1418		444.673290000
6	1420		444.680075000
6	0		444.694321000
6	1420		444.699957000
6	1418		444.717754000
6	0		444.756103000
6	1420		444.756547000
6	1420		444.770018000
6	0		444.818305000
6	1420		444.818785000
6	1420		444.832247000
6	0		444.880577000
6	1420		444.881050000
6	1420		444.894507000
6	0		444.941794000
6	1420		444.942257000
6	1420		444.955717000
6	0		445.003989000
6	1420		445.004475000
6	1420		445.017942000
6	0		445.066300000
6	0		445.066320000
6	1420		445.066756000
6	1420		445.080222000
6	0		445.128525000
6	1420		445.128984000
6	1420		445.142454000
6	0		445.189777000
6	0		445.189804000
6	1420		445.190249000
6	1420		445.203722000
6	1420		445.230648000
6	0		445.251955000
6	1420		445.257571000
6	1420		445.284513000
6	1420		445.311436000
6	0		445.375892000
6	1420		445.376337000
6	1420		445.389816000
6	0		445.438127000
6	1420		445.438581000
6	1420		445.452042000
6	0		445.500349000
6	1420		445.500812000
6	1418		445.512168000
6	1420		445.514240000
6	0		445.562504000
6	1420		445.562976000
6	1420		445.576437000
6	0		445.623773000
6	0		445.685960000
6	0		445.748149000
6	1420		445.790182000
6	0		445.810322000
6	0		445.872680000
6	1420		445.873253000
6	1420		445.886707000
6	0		445.933895000
6	1420		445.934382000
6	1420		445.947843000
6	0		445.996188000
6	0		445.996216000
6	1420		445.996698000
6	1420		446.010148000
6	1420		446.037080000
6	0		446.058416000
6	1420		446.064009000
6	1420		446.090927000
6	1420		446.117887000
6	0		446.120439000
6	1420		446.144804000
6	1420		446.171744000
6	0		446.171805000
6	0		446.171841000
6	0		446.181658000
6	1420		446.198657000
6	0		446.210799000
6	12		446.211150000
6	1420		446.225586000
6	0		446.243878000
6	0		446.250227000
6	12		446.250261000
6	0		446.250272000
6	1		446.250409000
6	4		446.250423000
6	32		446.250430000
6	0		446.250444000
6	1420		446.252502000
6	1420		446.279474000
6	0		446.289417000
6	0		446.289455000
6	0		446.289459000
6	0		446.289557000
6	0		446.289590000
6	0		446.305807000
6	1420		446.364078000
6	0		446.367968000
6	0		446.430507000
6	0		446.553850000
6	0		446.616022000
6	1420		446.616510000
6	0		446.677796000
6	0		446.740005000
6	0		446.740029000
6	1420		446.740472000
6	1420		446.753937000
6	0		446.802283000
6	1420		446.802739000
6	1420		446.816207000
6	0		446.864545000
6	1420		446.865016000
6	1420		446.878463000
6	0		446.925745000
6	1420		446.926216000
6	1420		446.939670000
6	0		446.987919000
6	1420		446.988403000
6	1420		447.001877000
6	0		447.050120000
6	1420		447.050613000
6	1420		447.064067000
6	0		447.112296000
6	1420		447.112769000
6	1420		447.126233000
6	0		447.174463000
6	1420		447.174973000
6	1420		447.188425000
6	0		447.235642000
6	1420		447.236169000
6	1420		447.249630000
6	0		447.297840000
6	1420		447.298326000
6	1420		447.311785000
6	0		447.360027000
6	1420		447.360548000
6	1420		447.374030000
6	0		447.422269000
6	0		447.484541000
6	0		447.545716000
6	1420		447.546195000
6	1420		447.559670000
6	0		447.607892000
6	1420		447.608396000
6	1420		447.621888000
6	0		447.670126000
6	1420		447.670590000
6	1420		447.684043000
6	0		447.732320000
6	1420		447.732777000
6	1420		447.746254000
6	0		447.794476000
6	0		447.855666000
6	0		447.917849000
6	0		447.980029000
6	0		448.042234000
6	0		448.104422000
6	0		448.166615000
6	0		448.227758000
6	0		448.289941000
6	1420		448.290449000
6	1420		448.303885000
6	0		448.352124000
6	1420		448.352598000
6	1420		448.366064000
6	0		448.414308000
6	1420		448.414769000
6	1420		448.428245000
6	0		448.476492000
6	1420		448.476978000
6	1420		448.490415000
6	0		448.537669000
6	0		448.599849000
6	0		448.662036000
6	0		448.724225000
6	0		448.786398000
6	0		448.848577000
6	0		448.909746000
6	0		448.971932000
6	0		449.034094000
6	0		449.096294000
6	0		449.158456000
6	0		449.220641000
6	0		449.281824000
6	0		449.344004000
6	0		449.406212000
6	0		449.468416000
6	0		449.530586000
6	0		449.591737000
6	0		449.653918000
6	0		449.716123000
6	0		449.778313000
6	0		449.801764000
6	0		449.801814000
6	0		449.839785000
6	0		449.840487000
6	0		449.840507000
6	0		449.901663000
6	0		449.963741000
6	0		449.991472000
6	0		449.991519000
6	0		450.025901000
6	0		450.029524000
6	0		450.088096000
6	0		450.088116000
6	0		450.150272000
6	0		450.212535000
6	0		450.273710000
6	0		450.335739000
6	0		450.397934000
6	0		450.460101000
6	0		450.522278000
6	0		450.584670000
6	0		450.707748000
6	0		450.769931000
6	0		450.832114000
6	0		450.894295000
6	0		450.894324000
6	0		450.956489000
6	0		451.017693000
6	0		451.017715000
6	0		451.079876000
6	0		451.142022000
6	0		451.204202000
6	0		451.266372000
6	0		451.328548000
6	0		451.389736000
6	0		451.389762000
6	0		451.451946000
6	0		451.514122000
6	0		451.576266000
6	0		451.700571000
6	0		451.761753000
6	0		451.823940000
6	0		451.886129000
6	0		451.886160000
6	0		451.948286000
6	0		452.010428000
6	0		452.010452000
6	0		452.072628000
6	0		452.133803000
6	0		452.142728000
6	0		452.195963000
6	0		452.258162000
6	0		452.320376000
6	0		452.382560000
6	0		452.443725000
6	0		452.443748000
6	0		452.505921000
6	0		452.568092000
6	0		452.630265000
6	0		452.692432000
6	0		452.753698000
6	0		452.815882000
6	0		452.878052000
6	0		452.940238000
6	0		453.002425000
6	0		453.064596000
6	0		453.125772000
6	0		453.187966000
6	0		453.250165000
6	0		453.312350000
6	0		453.374515000
6	0		453.435695000
6	0		453.497881000
6	0		453.560067000
6	0		453.622237000
6	0		453.684454000
6	0		453.745809000
6	0		453.808043000
6	0		453.808066000
6	0		453.808333000
6	0		453.870276000
6	0		453.931730000
6	0		453.993905000
6	0		454.056119000
6	0		454.118305000
6	0		454.180478000
6	0		454.241630000
6	0		454.303706000
6	0		454.365882000
6	0		454.428059000
6	0		454.490261000
6	0		454.509706000
6	0		454.509761000
6	0		454.552461000
6	0		454.613638000
6	0		454.675775000
6	0		454.699904000
6	41		454.705457000
6	0		454.737964000
6	0		454.800155000
6	0		454.862346000
6	0		454.895329000
6	21		454.898657000
6	0		454.898690000
6	1080		454.899761000
6	0		454.924476000
6	0		454.985693000
6	0		455.047737000
6	440		455.098454000
6	0		455.109913000
6	0		455.142212000
6	0		455.172118000
6	0		455.234322000
6	0		455.296527000
6	0		455.296550000
6	48		455.332080000
6	0		455.332122000
6	280		455.338677000
6	0		455.357709000
6	0		455.419809000
6	0		455.419845000
6	0		455.482036000
6	16		455.537866000
6	0		455.544218000
6	0		455.578237000
6	0		455.606401000
6	0		455.668591000
6	0		455.729787000
6	52		455.768098000
6	0		455.768138000
6	52		455.768293000
6	0		455.791977000
6	0		455.854162000
6	0		455.916356000
6	84		455.964340000
6	0		455.978525000
6	0		456.006236000
6	0		456.039706000
6	0		456.101885000
6	0		456.164089000
6	0		456.226280000
6	0		456.288467000
6	0		456.288493000
6	0		456.349697000
6	0		456.411761000
6	0		456.473950000
6	0		456.494145000
6	0		456.494184000
6	0		456.598265000
6	0		456.660428000
6	0		456.722618000
6	0		456.783819000
6	0		456.846011000
6	0		456.908204000
6	0		456.970415000
6	0		457.032607000
6	0		457.093767000
6	0		457.093789000
6	0		457.155958000
6	0		457.218146000
6	0		457.280331000
6	0		457.342504000
6	0		457.403712000
6	0		457.465829000
6	0		457.528031000
6	0		457.590236000
6	0		457.652422000
6	68		457.686098000
6	0		457.714588000
6	0		457.775744000
6	0		457.837916000
6	52		457.884282000
6	0		457.884327000
6	0		457.884349000
6	0		457.885494000
6	0		457.900079000
6	0		457.962249000
6	0		458.024428000
6	0		458.075281000
6	0		458.085648000
6	0		458.147917000
6	0		458.210015000
6	0		458.272332000
6	0		458.334503000
6	0		458.395682000
6	0		458.457808000
6	0		458.520008000
6	0		458.582248000
6	0		458.644391000
6	0		458.706589000
6	0		458.767773000
6	0		458.829970000
6	0		458.892118000
6	0		458.954315000
6	0		459.016535000
6	0		459.077734000
6	0		459.139967000
6	0		459.202222000
6	0		459.264387000
6	0		459.326551000
6	0		459.387865000
6	0		459.450279000
6	0		459.512468000
6	0		459.573690000
6	0		459.635991000
6	0		459.698100000
6	0		459.760350000
6	0		459.822692000
6	0		459.883907000
6	0		459.946099000
6	0		460.008261000
6	0		460.070496000
6	0		460.131718000
6	0		460.193803000
6	0		460.256017000
6	0		460.256038000
6	0		460.318232000
6	0		460.380371000
6	0		460.442551000
6	0		460.503746000
6	0		460.503770000
6	0		460.565952000
6	0		460.628163000
6	0		460.690364000
6	0		460.752543000
6	0		460.813751000
6	0		460.875927000
6	0		460.938123000
6	0		461.000302000
6	0		461.062487000
6	0		461.123718000
6	0		461.185811000
6	0		461.247994000
6	0		461.310137000
6	0		461.372366000
6	0		461.434549000
6	0		461.495739000
6	56		461.535110000
6	0		461.557918000
6	0		461.620624000
6	0		461.681827000
6	0		461.743982000
6	0		461.806210000
6	0		461.868381000
6	0		461.930551000
6	0		461.991700000
6	0		462.053908000
6	0		462.116098000
6	56		462.173540000
6	0		462.177835000
6	0		462.240012000
6	0		462.291701000
6	0		462.291754000
6	0		462.302192000
6	0		462.331471000
6	12		462.331722000
6	0		462.364376000
6	0		462.371206000
6	12		462.371241000
6	0		462.371252000
6	1		462.371449000
6	4		462.371469000
6	32		462.371479000
6	0		462.371490000
6	0		462.410818000
6	0		462.410857000
6	0		462.410865000
6	0		462.410966000
6	0		462.410987000
6	56		462.413304000
6	0		462.426605000
6	0		462.487795000
6	0		462.549988000
6	0		462.612148000
6	0		462.674305000
6	0		462.674328000
6	0		462.736487000
6	0		462.797661000
6	0		462.859735000
6	0		462.921969000
6	0		462.984138000
6	0		463.045678000
6	0		463.108047000
6	0		463.170466000
6	0		463.231753000
6	0		463.293902000
6	0		463.356084000
6	0		463.418346000
6	0		463.480732000
6	0		463.541877000
6	0		463.604066000
6	0		463.666296000
6	0		463.728488000
6	0		463.789819000
6	0		463.852016000
6	0		463.914197000
6	0		463.976369000
6	0		464.038293000
6	0		464.100339000
6	0		464.162544000
6	0		464.223665000
6	0		464.285870000
6	0		464.285892000
6	0		464.348054000
6	0		464.410262000
6	0		464.472468000
6	0		464.533854000
6	0		464.596018000
6	0		464.658163000
6	0		464.720376000
6	0		464.782592000
6	0		464.843755000
6	0		464.906039000
6	0		464.968258000
6	0		465.030482000
6	0		465.092512000
17		1358	465.092562000
17		1358	465.101443000
17		630	465.101497000
17		88	465.153873000
6	0		465.153905000
17		34	465.179286000
6	0		465.216089000
6	0		465.277733000
6	0		465.339917000
6	0		465.402108000
6	0		465.464287000
6	0		465.526454000
6	0		465.588629000
6	0		465.649802000
6	0		465.711968000
6	0		465.774161000
6	0		465.836306000
6	0		465.898438000
6	0		466.022423000
6	0		466.084605000
6	0		466.207983000
6	0		466.208008000
6	0		466.270185000
6	0		466.332365000
6	0		466.394569000
6	0		466.455772000
6	0		466.517969000
6	0		466.580201000
6	0		466.704566000
6	0		466.827912000
6	0		466.952266000
6	0		467.076555000
6	0		467.199903000
6	0		467.324216000
6	0		467.386385000
6	0		467.509693000
6	0		467.571907000
6	0		467.696340000
6	0		467.696363000
6	0		467.758527000
6	0		467.819743000
6	0		467.881831000
6	0		467.944019000
6	0		468.006244000
6	0		468.067699000
17		1358	468.067730000
17		1358	468.068209000
6	0		468.130525000
6	0		468.191684000
6	0		468.253866000
6	0		468.275037000
6	0		468.275081000
6	0		468.316063000
6	0		468.378260000
6	0		468.440469000
6	0		468.501682000
6	0		468.563798000
6	0		468.626003000
6	0		468.674322000
6	0		468.674369000
6	0		468.688209000
6	0		468.718322000
6	0		468.750394000
6	0		468.812556000
6	0		468.935772000
6	129		469.038462000
6	0		469.059647000
6	1418		469.060657000
17		1358	469.121884000
17		1358	469.121927000
17		1358	469.129779000
17		630	469.129821000
17		83	469.184145000
6	0		469.184179000
6	0		469.184192000
6	0		469.184724000
6	1418		469.184754000
6	1418		469.207006000
17		34	469.210415000
6	0		469.245762000
6	0		469.246065000
6	0		469.308391000
6	0		469.308430000
6	0		469.308714000
6	1418		469.308897000
6	1418		469.331189000
6	0		469.369688000
17		1358	469.369720000
17		1358	469.370144000
6	1418		469.375639000
6	1418		469.420134000
6	0		469.432526000
6	0		469.489373000
6	0		469.494274000
6	0		469.494302000
6	0		469.495221000
6	0		469.552451000
6	0		469.555747000
6	0		469.617222000
6	0		469.617976000
17		1358	469.670465000
6	0		469.679633000
6	0		469.741942000
6	0		469.804118000
6	0		469.866320000
6	0		469.928474000
17		1358	469.990344000
17		1358	469.990773000
6	0		470.052117000
6	0		470.052146000
6	1418		470.052675000
6	1418		470.074907000
6	0		470.114414000
6	0		470.114444000
6	0		470.114775000
6	0		470.238265000
6	0		470.300452000
6	0		470.362505000
6	0		470.362532000
6	0		470.362806000
6	0		470.410909000
6	0		470.410980000
6	0		470.423749000
6	0		470.449808000
6	12		470.450072000
6	0		470.486250000
6	0		470.486277000
6	1418		470.486847000
6	0		470.488982000
6	12		470.489055000
6	0		470.489066000
6	1		470.489328000
6	4		470.489343000
6	32		470.489351000
6	0		470.489359000
6	1418		470.509091000
6	0		470.528032000
6	0		470.528107000
6	0		470.528157000
6	0		470.528220000
6	0		470.528233000
6	0		470.548438000
17		1358	470.590856000
6	0		470.610238000
6	0		470.610263000
6	0		470.672391000
6	0		470.734587000
6	0		470.795779000
6	0		470.857924000
6	0		470.920408000
6	0		471.044417000
6	0		471.105751000
6	1418		471.106239000
6	1418		471.128490000
17		1358	471.167696000
17		1358	471.168153000
6	1418		471.172950000
6	1418		471.217454000
6	0		471.229906000
6	1418		471.261915000
6	1418		471.306376000
6	1418		471.350887000
6	0		471.354296000
6	1418		471.391746000
6	1418		471.395342000
6	0		471.477755000
6	0		471.602118000
6	0		471.726455000
6	1396		471.841594000
6	0		471.841645000
6	0		471.849847000
6	0		471.974155000
6	0		472.098322000
6	1418		472.098806000
6	1418		472.121064000
6	0		472.137356000
6	0		472.160494000
6	0		472.160783000
6	1418		472.165529000
6	0		472.221796000
6	1418		472.222377000
6	1418		472.254484000
6	1418		472.259477000
6	0		472.346441000
6	0		472.346466000
6	0		472.346795000
6	1418		472.346949000
17		1358	472.368984000
6	1418		472.369166000
6	0		472.470590000
6	1418		472.471059000
6	1418		472.493304000
6	0		472.655965000
6	0		472.718151000
6	1418		472.718699000
6	1418		472.740931000
6	0		472.842510000
6	0		472.965888000
6	0		473.089935000
17		1358	473.089966000
6	0		473.214574000
6	0		473.337924000
6	0		473.462278000
6	0		473.586585000
6	0		473.710062000
6	0		473.834399000
6	0		473.896561000
6	0		474.019862000
6	0		474.019888000
6	0		474.082064000
6	0		474.144254000
6	0		474.206463000
6	0		474.267687000
6	0		474.267723000
6	0		474.267733000
6	0		474.391930000
6	0		474.393205000
6	0		474.515674000
6	0		474.639973000
6	0		474.764311000
6	0		474.887639000
6	0		475.011938000
17		1358	475.073656000
17		1358	475.075014000
17		1358	475.081828000
17		1358	475.081872000
17		1358	475.081876000
17		386	475.081881000
6	0		475.136248000
6	0		475.260481000
17		1358	475.375005000
6	0		475.383929000
17		1358	475.383957000
6	0		475.383974000
17		1358	475.384254000
6	0		475.384280000
6	0		475.507785000
6	0		475.632112000
6	0		475.685807000
6	0		475.817633000
6	0		475.817659000
6	1418		475.818137000
6	1418		475.840354000
17		1358	475.984308000
6	0		476.004526000
17		1358	476.004553000
17		1358	476.004919000
6	1420		476.005359000
6	1420		476.018520000
6	1420		476.045433000
6	0		476.066405000
6	1418		476.066923000
6	0		476.169362000
6	0		476.189760000
6	1420		476.190285000
6	1420		476.203777000
6	1420		476.230701000
6	0		476.251962000
6	1418		476.252484000
6	1420		476.257580000
6	1418		476.274711000
6	0		476.314058000
6	0		476.314376000
6	0		476.376450000
6	0		476.376476000
6	0		476.376790000
6	1420		476.377027000
6	1420		476.390496000
6	1420		476.417786000
6	1420		476.444315000
6	0		476.561806000
6	0		476.561835000
6	0		476.562125000
6	1420		476.562315000
6	1420		476.575759000
6	1420		476.602723000
6	0		476.623978000
6	1418		476.624484000
6	1420		476.629625000
6	1418		476.646738000
6	0		476.810391000
6	1420		476.810879000
6	1420		476.824317000
6	1420		476.851284000
6	1420		476.878176000
6	0		476.933784000
6	1418		476.934305000
6	1418		476.956571000
6	0		476.995653000
6	1420		476.996139000
6	1420		477.009609000
6	1420		477.036549000
6	0		477.181834000
17		1358	477.181863000
17		1358	477.182326000
6	1420		477.182347000
6	1420		477.195801000
6	0		477.244132000
6	1418		477.244625000
6	1418		477.266861000
6	0		477.306241000
6	1420		477.306767000
6	1420		477.320202000
6	0		477.491796000
6	1420		477.492315000
6	1420		477.505778000
6	0		477.554008000
6	1418		477.554527000
6	1418		477.576769000
6	0		477.678268000
6	0		477.678299000
6	0		477.740548000
6	0		477.740571000
6	1420		477.741018000
6	1420		477.754472000
6	0		477.863980000
6	1418		477.864559000
6	1418		477.886785000
6	0		477.926115000
6	1420		477.926588000
6	1420		477.940030000
6	0		478.112607000
6	1420		478.113088000
6	1420		478.126530000
6	0		478.173783000
6	1418		478.174269000
6	1418		478.196523000
6	0		478.298125000
6	1420		478.298599000
6	1420		478.312073000
17		1358	478.382877000
6	0		478.421834000
6	0		478.422053000
6	0		478.422318000
6	0		478.484251000
6	1420		478.484767000
6	1420		478.498234000
6	0		478.528993000
6	0		478.529062000
6	0		478.545828000
6	1418		478.546397000
6	0		478.568122000
6	12		478.568420000
6	1418		478.568598000
6	0		478.607468000
6	12		478.607500000
6	0		478.607512000
6	1		478.607700000
6	4		478.607737000
6	32		478.607749000
6	0		478.607765000
6	0		478.646738000
6	0		478.646775000
6	0		478.646841000
6	0		478.646954000
6	0		478.646971000
6	0		478.732294000
6	1420		478.732793000
6	1420		478.746269000
6	0		478.855746000
6	1418		478.856265000
6	1418		478.878520000
6	0		478.918004000
6	0		478.918029000
6	1420		478.918504000
6	1420		478.931963000
6	0		479.104409000
17		1358	479.104439000
6	1420		479.104924000
6	1420		479.118380000
6	0		479.165735000
6	1418		479.166284000
6	1418		479.188540000
6	0		479.289989000
6	1420		479.290495000
6	1420		479.303965000
6	0		479.475643000
6	1420		479.476207000
6	1420		479.489609000
6	0		479.538551000
6	1418		479.539061000
6	1418		479.561311000
6	1418		479.605786000
6	1418		479.650284000
6	0		479.723912000
6	1420		479.724384000
6	1420		479.737841000
6	0		479.848318000
6	1418		479.848825000
6	1418		479.871072000
6	0		479.894473000
6	0		479.894494000
6	0		479.894500000
6	1420		479.894987000
6	1420		479.908423000
6	1418		479.915550000
6	1418		479.960035000
6	0		480.031678000
6	1420		480.032187000
6	1420		480.045641000
6	0		480.078543000
6	1418		480.079057000
6	1418		480.101309000
6	1418		480.145775000
6	0		480.169725000
6	1420		480.170252000
6	1420		480.183679000
6	1418		480.190264000
6	0		480.307977000
6	1418		480.308500000
6	1418		480.330757000
6	0		480.354060000
6	1420		480.354550000
6	1420		480.368040000
6	1418		480.375215000
6	0		480.400235000
6	1418		480.419698000
6	0		480.492144000
6	1420		480.492643000
6	1420		480.506083000
6	0		480.583629000
6	1418		480.584170000
6	0		480.601292000
6	1418		480.606388000
6	0		480.630656000
6	1420		480.631182000
6	1420		480.644609000
6	0		480.768254000
6	1420		480.768750000
6	1420		480.782196000
6	0		480.814428000
6	1418		480.814920000
6	1418		480.837166000
6	0		480.906678000
6	1420		480.907182000
6	1420		480.920658000
6	0		481.044315000
6	1418		481.044823000
6	1418		481.067090000
6	0		481.090453000
6	1420		481.090945000
6	1420		481.104432000
6	0		481.228323000
6	1420		481.228851000
6	1420		481.242301000
6	0		481.319719000
6	1418		481.320231000
6	1418		481.342477000
6	0		481.365930000
6	1420		481.366443000
6	1420		481.379891000
6	0		481.503683000
6	1420		481.504171000
6	1420		481.517631000
6	0		481.550508000
6	0		481.550532000
6	1418		481.551017000
6	1418		481.573246000
6	0		481.641922000
6	1420		481.642427000
6	1420		481.655877000
6	0		481.734382000
6	1418		481.734883000
6	1418		481.757112000
6	0		481.780642000
6	1420		481.781150000
6	1420		481.794597000
6	0		481.918165000
6	1420		481.918700000
6	1420		481.932164000
6	0		482.009641000
6	1418		482.010172000
6	1418		482.032421000
6	0		482.056563000
6	1420		482.057061000
6	1420		482.070529000
6	0		482.194099000
6	1420		482.194617000
6	1420		482.208070000
6	0		482.240258000
6	1418		482.240796000
6	1418		482.263042000
6	0		482.332593000
6	1420		482.333053000
6	1420		482.346519000
6	0		482.453801000
6	0		482.470130000
6	0		482.470152000
6	0		482.470384000
6	1418		482.470602000
6	1418		482.492847000
6	0		482.516340000
6	1420		482.516833000
6	1420		482.530318000
6	0		482.653877000
6	1420		482.654390000
6	1420		482.667848000
6	0		482.700052000
6	1418		482.700568000
6	1418		482.722841000
6	0		482.792385000
6	1420		482.792884000
6	1420		482.806340000
6	0		482.929960000
6	1420		482.930461000
6	1420		482.943923000
6	0		482.976113000
6	1418		482.976622000
6	1418		482.998886000
6	0		483.103557000
6	0		483.103620000
6	0		483.114498000
6	1420		483.114985000
6	1420		483.128474000
6	0		483.205939000
6	1418		483.206412000
6	1418		483.228662000
6	0		483.252119000
6	1420		483.252644000
6	1420		483.266094000
6	0		483.390402000
6	0		483.390431000
6	1420		483.391030000
6	1418		483.391062000
6	1418		483.413149000
6	0		483.482631000
6	1420		483.483352000
6	1420		483.496607000
6	0		483.620151000
6	1420		483.620646000
6	1420		483.634111000
6	0		483.666327000
6	1418		483.666862000
6	1418		483.689099000
6	0		483.803718000
6	1420		483.804212000
6	1420		483.817674000
6	0		483.849883000
6	1418		483.850384000
6	1418		483.872604000
6	0		483.942009000
6	1420		483.942513000
6	1420		483.955959000
6	0		484.034427000
6	1420		484.034907000
6	1420		484.048377000
6	0		484.080578000
6	1418		484.081072000
6	1418		484.103339000
6	0		484.130226000
6	0		484.171979000
6	1418		484.172468000
6	1418		484.194694000
6	0		484.264148000
6	1420		484.264656000
6	1420		484.278126000
6	0		484.355906000
6	0		484.401667000
6	1418		484.402131000
6	1418		484.424386000
6	0		484.447711000
6	1420		484.448173000
6	0		484.494426000
6	0		484.494453000
6	0		484.494740000
6	1420		484.494875000
6	0		484.586271000
6	1420		484.586769000
6	0		484.632026000
6	1420		484.632519000
6	0		484.677786000
6	1418		484.678329000
6	1418		484.700569000
6	0		484.723958000
6	1420		484.724469000
6	0		484.769752000
6	0		484.770031000
6	0		484.815923000
6	1420		484.816428000
6	0		484.862470000
6	1418		484.863000000
6	1418		484.885257000
6	0		484.953705000
6	1418		484.954189000
6	1418		484.976427000
6	0		484.999855000
6	1420		485.000344000
6	0		485.091768000
6	1420		485.092246000
6	0		485.137949000
6	1418		485.138488000
6	1418		485.160682000
6	0		485.184017000
6	1420		485.184507000
6	0		485.230146000
6	1420		485.230640000
6	0		485.322071000
6	1420		485.322588000
6	0		485.367878000
6	1418		485.368390000
6	1418		485.390605000
6	0		485.414010000
6	1420		485.414763000
6	1420		485.428213000
6	0		485.505798000
6	1420		485.506287000
6	1420		485.519762000
6	0		485.551634000
6	1420		485.552125000
6	1420		485.573602000
6	0		485.598246000
6	1418		485.598792000
6	1418		485.621009000
6	0		485.690468000
6	1418		485.690955000
6	1418		485.713197000
6	0		485.781764000
6	1420		485.782259000
6	1420		485.795748000
6	0		485.828348000
6	0		485.828372000
6	1418		485.828857000
6	1420		485.828888000
6	1420		485.849593000
6	1418		485.851065000
6	0		485.966541000
6	1420		485.967057000
6	1420		485.980590000
6	1420		486.007429000
6	0		486.011826000
6	1418		486.012323000
6	1420		486.034377000
6	1418		486.034534000
6	1418		486.079059000
6	1418		486.123503000
6	0		486.146247000
6	0		486.149680000
6	1420		486.150225000
6	1420		486.163666000
6	1420		486.190573000
6	0		486.196058000
6	1418		486.196568000
6	1420		486.217547000
6	1418		486.218787000
6	1418		486.263324000
6	0		486.288106000
6	1420		486.288622000
6	1420		486.302091000
6	1418		486.307746000
6	1420		486.329001000
6	1420		486.355934000
6	0		486.379786000
6	1418		486.380287000
6	1418		486.402553000
6	0		486.426265000
6	1420		486.426738000
6	1420		486.440195000
6	1418		486.447017000
6	1420		486.467189000
6	1418		486.491504000
6	1420		486.494053000
6	0		486.564555000
6	1420		486.565124000
6	1420		486.578542000
6	1420		486.605475000
6	0		486.609742000
6	1418		486.610264000
6	1420		486.632401000
6	1418		486.632449000
6	0		486.655743000
6	1420		486.659341000
6	1418		486.676964000
6	0		486.701931000
6	1420		486.702439000
6	1420		486.715904000
6	1418		486.721434000
6	0		486.793897000
6	1420		486.794404000
6	1420		486.807860000
6	0		486.840041000
6	1418		486.840549000
6	1418		486.862800000
6	0		486.886114000
6	1420		486.886601000
6	1420		486.900076000
6	1418		486.907251000
6	0		486.932297000
6	1420		486.932800000
6	1418		486.951734000
6	1420		486.953924000
6	0		487.024328000
6	1418		487.024834000
6	1418		487.047079000
6	1418		487.091547000
6	0		487.116517000
6	1418		487.136011000
6	1418		487.180527000
6	0		487.208529000
6	1418		487.224976000
6	1418		487.269457000
6	0		487.299816000
6	1420		487.300316000
6	1420		487.313775000
6	1418		487.313886000
6	0		487.346389000
6	0		487.346418000
6	1420		487.346860000
6	1418		487.358380000
6	1420		487.367649000
6	1418		487.402885000
6	0		487.438090000
6	1420		487.438564000
6	1418		487.447370000
6	1420		487.452027000
6	0		487.484319000
6	1420		487.484791000
6	1420		487.506009000
6	0		487.530490000
6	1418		487.531027000
6	1418		487.553278000
6	0		487.575636000
6	1420		487.576128000
6	0		487.622465000
6	1420		487.622958000
6	0		487.667636000
6	1420		487.668150000
6	0		487.714520000
6	1420		487.715003000
6	0		487.759676000
6	1420		487.760156000
6	0		487.806504000
6	1420		487.806965000
6	0		487.851705000
6	1420		487.852176000
6	0		487.898402000
6	1420		487.898861000
6	0		487.990285000
6	1420		487.990784000
6	1420		488.004240000
6	0		488.081882000
6	1420		488.082416000
6	1420		488.095848000
6	0		488.174270000
6	1420		488.174762000
6	1420		488.188230000
6	0		488.265669000
6	1420		488.266121000
6	1420		488.279594000
6	0		488.357978000
6	1420		488.358482000
6	1420		488.371957000
6	0		488.450334000
6	1420		488.450789000
6	1420		488.464271000
6	0		488.541699000
6	1420		488.542253000
6	1420		488.555719000
6	0		488.634245000
6	1420		488.634736000
6	1420		488.648176000
17		1358	488.680066000
17		1358	488.681449000
17		1358	488.687902000
17		1358	488.687934000
17		1358	488.687938000
17		380	488.687941000
6	0		488.726632000
6	1420		488.727147000
6	1420		488.740579000
6	0		488.818041000
6	1420		488.818575000
6	1420		488.832020000
6	0		488.864290000
6	0		488.910599000
6	1420		488.911071000
6	0		488.956381000
6	0		488.956408000
17		1358	488.956419000
6	1420		488.956863000
17		1358	488.956895000
6	1418		488.956901000
6	0		489.002247000
6	0		489.002277000
6	1420		489.002715000
6	0		489.002952000
6	0		489.048228000
6	1420		489.048695000
6	0		489.093960000
6	1420		489.094464000
6	0		489.139756000
6	1420		489.140531000
6	0		489.185860000
6	1420		489.186346000
6	0		489.232077000
6	1420		489.232602000
17		1358	489.257171000
6	0		489.277721000
6	1420		489.278215000
6	0		489.303254000
6	0		489.324456000
6	1420		489.324947000
6	0		489.369712000
6	1420		489.370182000
6	0		489.416281000
6	1420		489.416745000
6	0		489.461969000
6	1420		489.462467000
6	0		489.507686000
6	1420		489.508165000
6	0		489.554376000
17		1358	489.554407000
6	1420		489.554836000
17		1358	489.555062000
6	0		489.600385000
6	1420		489.600879000
6	0		489.692275000
6	1420		489.692760000
6	1420		489.706210000
6	0		489.783660000
6	1420		489.784152000
6	1420		489.797629000
6	0		489.876053000
6	1420		489.876573000
6	1420		489.890017000
6	0		489.968476000
6	0		489.968501000
6	0		489.968760000
6	1420		489.968950000
6	1420		489.982438000
6	0		490.059874000
6	1420		490.060353000
6	1420		490.073812000
6	0		490.152220000
6	1420		490.152705000
17		1358	490.155495000
6	1420		490.166186000
6	0		490.244620000
6	1420		490.245080000
6	1420		490.258543000
6	0		490.335959000
6	1420		490.336439000
6	1420		490.349900000
6	0		490.370233000
6	0		490.428385000
6	1420		490.428907000
6	1420		490.442367000
6	0		490.496307000
6	0		490.498788000
6	41		490.501811000
6	0		490.502219000
6	0		490.517830000
6	0		490.519733000
6	1420		490.520233000
6	1420		490.533698000
6	1420		490.560643000
6	1420		490.587587000
6	0		490.612595000
6	1420		490.614471000
6	1420		490.641410000
6	0		490.655217000
6	0		490.657673000
6	0		490.657955000
6	1420		490.668351000
6	1420		490.695291000
6	0		490.703875000
6	1420		490.722243000
6	1420		490.749155000
17		1358	490.750416000
17		1358	490.750795000
6	1420		490.776073000
6	0		490.795661000
6	1420		490.802986000
6	1420		490.829939000
6	1420		490.856863000
6	1420		490.883797000
6	0		490.887717000
6	1420		490.910728000
6	1420		490.937641000
6	1420		490.964576000
6	0		490.980132000
6	1420		490.991501000
6	1420		491.018453000
6	1420		491.045390000
6	0		491.072007000
6	1420		491.072274000
6	1420		491.099262000
6	1420		491.126162000
6	1420		491.153082000
6	0		491.164010000
6	1420		491.180013000
6	1420		491.206950000
6	1420		491.233881000
6	0		491.255724000
6	1420		491.260812000
6	1420		491.287751000
6	1420		491.314661000
6	1420		491.341583000
6	0		491.348336000
6	1420		491.368516000
6	1420		491.395541000
6	1420		491.422386000
6	0		491.439658000
6	0		491.439678000
6	0		491.439682000
6	0		491.439690000
6	0		491.439698000
6	0		491.439702000
6	0		491.439714000
6	0		491.439725000
6	0		491.446821000
6	1420		491.449335000
6	0		491.452917000
6	1420		491.476235000
1,17		1358	491.485888000
6	1420		491.503171000
6	1420		491.530105000
1,17		630	491.531607000
1,17		34	491.531629000
6	1420		491.557017000
1,17		1358	491.577636000
6	0		491.577665000
6	1420		491.583955000
6	1420		491.610880000
6	1420		491.637813000
6	1420		491.664741000
1,17		1358	491.670042000
1,17		630	491.670062000
6	0		491.670071000
6	747		491.716246000
6	0		491.716268000
6	0		491.716528000
6	1418		491.716722000
6	355		491.724204000
6	1418		491.738980000
6	0		491.747569000
6	0		491.753610000
6	0		491.761684000
6	0		491.761709000
6	747		491.761713000
6	0		491.761999000
6	355		491.769283000
6	1418		491.783459000
6	0		491.807947000
6	1418		491.827938000
6	1418		491.872418000
6	1418		491.916889000
6	0		491.945827000
17		1358	491.951167000
6	1418		491.961357000
6	0		491.992431000
6	0		491.992453000
6	0		491.992460000
6	0		491.992464000
6	0		491.992469000
6	0		491.992808000
6	1418		492.005840000
6	1418		492.050312000
6	0		492.084437000
6	1418		492.094785000
6	1418		492.139246000
6	0		492.176214000
6	1418		492.183731000
6	1418		492.228203000
6	0		492.268188000
6	1418		492.272678000
6	1418		492.317150000
6	1418		492.361620000
6	1418		492.406103000
6	0		492.406481000
6	1418		492.450600000
6	0		492.452427000
6	0		492.452452000
6	0		492.458697000
6	0		492.464441000
6	1418		492.495074000
6	1418		492.539520000
6	0		492.544566000
6	1418		492.584012000
6	1418		492.628479000
6	0		492.636407000
6	1418		492.672962000
17		1358	492.681659000
6	1418		492.717444000
6	0		492.727768000
6	1418		492.761902000
6	0		492.773918000
6	1418		492.806385000
6	1418		492.850876000
6	0		492.865752000
6	0		492.865781000
6	1418		492.895356000
6	1418		492.939823000
6	0		492.957727000
6	1418		492.984294000
6	1418		493.028768000
6	0		493.050410000
6	0		493.050438000
6	0		493.050445000
6	1418		493.073227000
6	1418		493.117730000
1,17		1358	493.141601000
6	1418		493.162185000
6	0		493.188080000
6	1418		493.206646000
6	1418		493.251136000
6	0		493.280067000
6	1418		493.295636000
6	1418		493.340078000
6	0		493.372061000
6	1418		493.384573000
6	1418		493.429047000
6	1418		493.473504000
1,17		1358	493.510438000
6	1418		493.517991000
6	1418		493.562460000
6	0		493.601730000
6	0		493.601752000
6	517		493.601758000
6	0		493.602109000
6	1418		493.606946000
6	2836		493.609208000
6	3976		493.609276000
6	1418		493.651404000
6	0		493.693764000
6	1418		493.695878000
6	1418		493.740347000
6	1418		493.784850000
6	1418		493.829310000
6	1418		493.873784000
6	0		493.877828000
6	1420		493.878356000
6	1420		493.891802000
6	1418		493.918268000
6	1420		493.918716000
6	1420		493.945648000
6	1418		493.962733000
6	0		493.970373000
6	0		493.970399000
6	1420		493.972633000
6	1420		493.999526000
6	1418		494.007202000
6	0		494.015237000
6	1420		494.026431000
6	1418		494.051707000
6	1420		494.053354000
6	0		494.062357000
6	0		494.062385000
6	1420		494.080303000
6	1418		494.096175000
6	1420		494.107246000
6	1420		494.134165000
6	1418		494.140631000
6	1420		494.161085000
6	1418		494.185106000
6	1420		494.188011000
6	0		494.200070000
6	1420		494.214945000
6	1418		494.229583000
6	1420		494.241878000
6	0		494.245663000
6	0		494.245685000
6	1420		494.268828000
6	1418		494.274057000
6	1420		494.295739000
6	1418		494.318544000
6	1420		494.322666000
6	0		494.338576000
6	1420		494.349605000
6	1418		494.363011000
6	1420		494.376529000
6	1420		494.403443000
6	1418		494.407484000
6	0		494.430101000
6	0		494.430131000
6	1420		494.430367000
6	1418		494.451970000
6	1420		494.457313000
6	0		494.475649000
6	0		494.475806000
6	0		494.475825000
6	0		494.480967000
6	0		494.481840000
6	0		494.482074000
6	1420		494.484231000
6	1418		494.496438000
6	1420		494.511175000
6	0		494.522000000
6	1420		494.538126000
6	1418		494.540904000
6	1420		494.565035000
6	1418		494.585386000
6	1420		494.591970000
6	1420		494.618898000
6	1418		494.629867000
6	1420		494.645821000
6	0		494.660083000
6	1420		494.672750000
6	1418		494.674308000
6	1420		494.699688000
6	0		494.706234000
6	1418		494.718821000
6	1420		494.726619000
6	1420		494.753543000
6	1418		494.763302000
6	1420		494.780486000
6	0		494.798068000
6	1420		494.807398000
6	1418		494.807738000
6	1420		494.834356000
6	1418		494.852243000
6	1420		494.861260000
6	1420		494.888186000
6	0		494.889845000
6	1418		494.896706000
6	1420		494.915119000
6	1418		494.941201000
6	1420		494.942034000
6	1420		494.968993000
6	0		494.982633000
6	1418		494.985726000
6	1420		494.996008000
6	1420		495.022834000
6	1418		495.030127000
6	1420		495.049775000
6	0		495.074364000
6	1418		495.074588000
6	1420		495.076682000
6	1420		495.103637000
6	1418		495.119112000
6	1420		495.130691000
6	1420		495.157476000
6	1418		495.163551000
1,17		1358	495.166362000
6	0		495.166394000
6	1420		495.184415000
6	1418		495.208027000
6	1420		495.211359000
6	1420		495.238274000
6	1418		495.252594000
6	0		495.257862000
6	1420		495.265191000
6	1420		495.292136000
6	1418		495.297002000
6	1420		495.319055000
6	1418		495.341477000
6	1420		495.345994000
6	0		495.350446000
6	1420		495.372914000
6	1418		495.385932000
6	1420		495.399854000
6	1420		495.426788000
6	1418		495.430430000
6	0		495.442362000
6	1420		495.453740000
6	1418		495.474879000
6	1420		495.480647000
6	1420		495.507589000
6	1418		495.519387000
6	0		495.534048000
6	1420		495.534482000
6	1420		495.561423000
6	1418		495.563847000
6	1420		495.588357000
6	1418		495.608310000
6	1420		495.615307000
6	0		495.626252000
6	1420		495.642224000
6	1418		495.652809000
6	1420		495.669171000
6	1420		495.696078000
6	1418		495.697231000
6	0		495.718610000
6	1420		495.723055000
6	1418		495.741740000
6	1420		495.749946000
6	0		495.763755000
6	1420		495.776862000
6	1418		495.786224000
6	1420		495.803814000
6	1418		495.830707000
6	1420		495.830746000
6	0		495.856451000
6	1420		495.857641000
6	1418		495.875175000
6	1420		495.884604000
6	1420		495.911528000
6	1418		495.919628000
6	1420		495.938462000
6	0		495.947983000
6	1418		495.964115000
6	1420		495.965346000
6	1420		495.992327000
6	1418		496.008595000
6	1420		496.019240000
6	0		496.040387000
6	0		496.040411000
6	0		496.040781000
6	1420		496.046166000
6	1418		496.053071000
6	1420		496.073100000
6	1418		496.097543000
6	1420		496.100048000
6	1420		496.126955000
6	0		496.132316000
6	1418		496.142020000
6	1420		496.153904000
1,17		1358	496.178550000
6	0		496.178579000
6	1420		496.180819000
6	1418		496.186494000
6	1420		496.207768000
6	1418		496.230969000
6	1420		496.234688000
6	1420		496.261633000
6	0		496.270262000
6	1418		496.275451000
6	1420		496.288553000
6	1420		496.315580000
6	1418		496.319922000
6	1420		496.342418000
6	0		496.361899000
6	1418		496.364388000
6	1420		496.369317000
6	1420		496.396278000
6	1418		496.408861000
6	1420		496.423182000
6	1420		496.450131000
6	1418		496.453367000
6	0		496.453856000
6	1420		496.477036000
6	1418		496.497827000
6	1420		496.503964000
6	1420		496.530910000
6	1418		496.542296000
6	0		496.546337000
6	1420		496.557824000
6	1420		496.584786000
6	1418		496.586776000
6	1420		496.611706000
6	1418		496.631235000
6	0		496.638203000
6	1420		496.638629000
6	1420		496.665534000
6	1418		496.675713000
6	1420		496.692505000
6	1420		496.719416000
6	1418		496.720178000
6	0		496.730146000
6	1420		496.746321000
6	1418		496.764665000
6	1420		496.773257000
6	1420		496.800213000
6	1418		496.809152000
6	0		496.821738000
6	1420		496.827109000
6	1418		496.853630000
6	1420		496.854034000
6	1420		496.880990000
6	1418		496.898102000
6	1420		496.907898000
6	0		496.914537000
6	1420		496.934865000
6	1418		496.942580000
6	1420		496.961778000
6	1418		496.987047000
6	1420		496.988681000
6	0		497.006079000
6	1420		497.015662000
6	1418		497.031533000
6	1420		497.042556000
6	1420		497.069502000
6	1418		497.076012000
6	1420		497.096407000
6	0		497.097948000
6	1418		497.120483000
6	1420		497.123369000
6	1420		497.150291000
6	1418		497.164941000
6	1420		497.177199000
6	0		497.189821000
6	1420		497.204162000
6	1418		497.209424000
6	1420		497.231086000
6	1418		497.253908000
6	1420		497.258011000
6	0		497.281709000
6	1420		497.284960000
6	1418		497.298365000
6	1420		497.311877000
6	1420		497.338786000
6	1418		497.342841000
6	1420		497.365767000
6	0		497.374310000
6	1418		497.387347000
6	1420		497.392645000
6	1420		497.419581000
6	1418		497.431796000
6	1420		497.446507000
6	0		497.465979000
6	1420		497.473446000
6	1418		497.476253000
6	1420		497.500368000
6	1418		497.520753000
6	1420		497.527293000
6	1420		497.554242000
6	0		497.557862000
6	1418		497.565220000
6	1420		497.581157000
6	1420		497.608078000
6	1418		497.609732000
6	1420		497.635032000
6	0		497.649767000
6	1418		497.654261000
6	1420		497.661953000
6	1420		497.688871000
6	1418		497.698638000
6	1420		497.715800000
6	0		497.742328000
6	1420		497.742711000
6	1418		497.743100000
6	1420		497.769664000
6	1418		497.787593000
6	1420		497.796585000
6	1420		497.823507000
6	1418		497.832071000
6	0		497.834464000
6	1420		497.850443000
6	1418		497.876548000
6	1420		497.877352000
6	0		497.879586000
6	1420		497.904321000
6	1418		497.921034000
6	1420		497.931221000
6	1420		497.958176000
6	1418		497.965526000
6	0		497.972478000
6	1420		497.985149000
6	1418		498.009975000
6	1420		498.012011000
6	1420		498.038948000
6	1418		498.054461000
6	1420		498.065883000
6	1420		498.092822000
6	1418		498.098918000
6	0		498.110383000
6	0		498.110411000
6	1420		498.119759000
6	1418		498.143415000
6	1420		498.146686000
6	0		498.156528000
6	1420		498.173624000
6	1418		498.187883000
6	1420		498.200533000
6	1420		498.227501000
6	1418		498.232377000
6	0		498.248122000
6	1420		498.254417000
6	1418		498.276837000
6	1420		498.281363000
6	0		498.293914000
6	1420		498.308263000
6	1418		498.321317000
6	1420		498.335212000
6	0		498.339891000
6	1420		498.362114000
6	1418		498.365777000
6	1420		498.389083000
6	1418		498.410268000
6	1420		498.415960000
6	0		498.432252000
6	1420		498.442904000
6	1418		498.454729000
6	1420		498.469835000
6	1420		498.496761000
6	1418		498.499190000
6	0		498.507643000
6	0		498.513502000
6	1420		498.523689000
6	0		498.524232000
6	1418		498.543666000
6	1420		498.550619000
6	0		498.570021000
6	0		498.570043000
6	1420		498.577551000
6	0		498.582064000
6	0		498.582216000
6	1418		498.588136000
6	1420		498.604485000
6	0		498.616154000
6	1420		498.631413000
6	1418		498.632614000
6	1420		498.658319000
6	1418		498.677102000
6	1420		498.685271000
6	0		498.707850000
6	1420		498.712303000
6	1418		498.721584000
6	1420		498.739121000
6	1418		498.766049000
6	1420		498.766085000
6	1420		498.793002000
6	0		498.799692000
6	1418		498.810517000
6	1420		498.819907000
6	1420		498.846844000
6	1418		498.855003000
6	1420		498.873764000
6	0		498.892365000
6	1418		498.899470000
6	1420		498.900691000
6	1420		498.927639000
6	1418		498.943946000
6	1420		498.954554000
6	1420		498.981499000
6	0		498.984024000
6	1418		498.988417000
6	1420		499.008440000
6	1418		499.032901000
6	1420		499.035353000
6	1420		499.062292000
6	0		499.075883000
6	1418		499.077357000
6	1420		499.089196000
6	1420		499.116164000
6	1418		499.121876000
6	1420		499.143083000
6	1418		499.166317000
6	0		499.168173000
6	1420		499.170012000
6	1420		499.196972000
6	1418		499.210830000
6	1420		499.223855000
6	1420		499.250791000
6	1418		499.255276000
6	0		499.260357000
6	1420		499.277750000
6	1418		499.299776000
6	1420		499.304675000
6	1420		499.331583000
6	1418		499.344245000
6	0		499.352111000
6	1420		499.358494000
6	1420		499.385450000
6	1418		499.388687000
6	1420		499.412377000
6	1418		499.433188000
6	1420		499.439297000
6	0		499.444088000
6	1420		499.466236000
6	1418		499.477653000
6	1420		499.493163000
6	1420		499.520101000
6	1418		499.522111000
6	0		499.536546000
6	1420		499.547027000
6	1418		499.566624000
6	1420		499.573944000
6	1420		499.600875000
6	1418		499.611075000
6	1420		499.627800000
6	0		499.628254000
6	1420		499.654746000
6	1418		499.655555000
6	1420		499.681671000
6	1418		499.700022000
6	1420		499.708591000
6	0		499.719876000
6	1420		499.735519000
6	1418		499.744511000
6	1420		499.762463000
6	1418		499.788975000
6	1420		499.789356000
6	0		499.811895000
6	1420		499.816310000
6	1418		499.833451000
6	1420		499.843249000
6	1420		499.870239000
6	1418		499.877931000
6	1420		499.897129000
6	0		499.903648000
6	1418		499.922393000
6	1420		499.924021000
6	1420		499.950946000
6	1418		499.966883000
6	1420		499.977888000
6	0		499.996398000
6	1420		500.004830000
6	1418		500.011366000
6	1420		500.031749000
6	1418		500.055831000
6	1420		500.058677000
6	1420		500.085624000
6	0		500.088185000
6	0		500.095308000
6	1418		500.100339000
6	1420		500.112549000
6	1420		500.139460000
6	1418		500.144800000
6	1420		500.166451000
6	0		500.179933000
6	0		500.179958000
6	1418		500.189251000
6	1420		500.193346000
6	1420		500.220283000
6	1418		500.233740000
6	1420		500.247195000
6	0		500.271750000
6	1420		500.274124000
6	1418		500.278218000
6	1420		500.301071000
6	1418		500.322677000
6	1420		500.328002000
6	1420		500.354922000
6	0		500.364563000
6	1418		500.367144000
6	1420		500.381837000
6	1420		500.408779000
6	1418		500.411637000
6	1420		500.435714000
6	1418		500.456092000
6	0		500.456128000
6	1420		500.462625000
6	1420		500.489539000
6	1418		500.500592000
6	1420		500.516486000
6	1420		500.543414000
6	1418		500.545038000
6	0		500.547959000
6	1420		500.570336000
6	1418		500.589514000
6	1420		500.597279000
6	1420		500.624204000
6	1418		500.634019000
6	0		500.639916000
6	1420		500.651162000
6	1420		500.678079000
6	1418		500.678458000
6	1420		500.705014000
6	1418		500.722943000
6	0		500.731879000
6	1420		500.731918000
6	1420		500.758880000
6	1418		500.767456000
6	1420		500.785796000
6	1418		500.811899000
6	1420		500.812695000
6	0		500.823914000
6	1420		500.839627000
6	1418		500.856374000
6	1420		500.866599000
6	0		500.870029000
6	1420		500.893504000
6	1418		500.900854000
6	1420		500.920416000
6	1418		500.945336000
6	1420		500.947344000
6	0		500.962292000
6	1420		500.974312000
6	1418		500.989792000
6	1420		501.001234000
6	1420		501.028177000
6	1418		501.034280000
6	0		501.053655000
6	1420		501.055096000
6	1418		501.078752000
6	1420		501.082010000
6	1420		501.108948000
6	1418		501.123231000
6	1420		501.135846000
6	1420		501.162825000
6	1418		501.167713000
6	1420		501.189768000
6	0		501.192366000
6	0		501.192389000
6	1418		501.212220000
6	1420		501.216678000
6	1420		501.243571000
6	1418		501.256649000
6	1420		501.270535000
6	0		501.284145000
6	1420		501.297451000
6	1418		501.301135000
6	1420		501.324420000
6	1418		501.345619000
6	1420		501.351334000
6	0		501.375812000
6	1420		501.378216000
6	1418		501.390083000
6	1420		501.405156000
6	1420		501.432085000
6	1418		501.434545000
6	1420		501.459022000
6	0		501.468578000
6	1418		501.479032000
6	1420		501.485942000
6	1420		501.512893000
6	1418		501.523501000
6	1420		501.539805000
6	0		501.560316000
6	1420		501.566731000
6	1418		501.567965000
6	1420		501.593664000
6	1418		501.612495000
6	1420		501.620599000
6	1420		501.647595000
6	0		501.652070000
6	1418		501.656933000
6	1420		501.674450000
6	0		501.692978000
6	1420		501.701383000
6	1418		501.701424000
6	1420		501.728340000
6	0		501.744441000
6	1418		501.745878000
6	1420		501.755235000
6	0		501.763737000
6	1420		501.782182000
6	1418		501.790343000
6	1420		501.809118000
6	1418		501.834833000
6	1420		501.836017000
6	0		501.836561000
6	1420		501.862974000
6	1418		501.879310000
6	1420		501.889891000
6	1420		501.916833000
6	1418		501.923773000
6	0		501.927729000
6	1420		501.943764000
6	1418		501.968262000
6	1420		501.970669000
6	1420		501.997609000
6	1418		502.012718000
6	0		502.020040000
6	1420		502.024534000
6	1420		502.051491000
6	1418		502.057199000
6	1420		502.078398000
6	1418		502.101709000
6	1420		502.105315000
6	0		502.112577000
6	1420		502.132261000
6	1418		502.146166000
6	1420		502.159212000
6	1418		502.190635000
6	0		502.203953000
6	1418		502.235117000
6	0		502.250130000
6	1418		502.279595000
6	0		502.296538000
6	1418		502.324055000
6	1418		502.368554000
6	0		502.388417000
6	1418		502.413033000
6	1418		502.457477000
6	0		502.479771000
6	1418		502.501963000
6	0		502.525937000
6	1418		502.546433000
6	0		502.572374000
6	0		502.664082000
6	0		502.756414000
6	0		502.847737000
6	0		502.940036000
6	0		503.032390000
6	0		503.170377000
6	0		503.170404000
6	0		503.262149000
6	0		503.354496000
6	0		503.399841000
6	0		503.491950000
6	0		503.584264000
6	0		503.649654000
6	0		503.676534000
6	0		503.768297000
6	0		503.814445000
6	0		503.951900000
6	0		504.044231000
6	0		504.090365000
6	0		504.181690000
6	0		504.228379000
6	0		504.228669000
6	0		504.320437000
6	0		504.320464000
6	0		504.458627000
6	0		504.503787000
6	0		504.642338000
6	0		504.688493000
6	0		504.779793000
6	0		504.872103000
6	0		504.964458000
6	0		505.101917000
6	0		505.148071000
6	0		505.240355000
6	0		505.377893000
6	0		505.424015000
6	0		505.562505000
6	0		505.653925000
6	0		505.700072000
6	0		505.792421000
6	0		505.838601000
6	0		505.976112000
6	0		506.022267000
6	0		506.159744000
6	0		506.205884000
6	0		506.252051000
6	0		506.344381000
6	0		506.482392000
6	0		506.482416000
6	0		506.620326000
6	0		506.666466000
6	0		506.757711000
6	0		506.757743000
6	0		506.763984000
6	0		506.769722000
6	0		506.803920000
6	0		506.850235000
6	0		506.942606000
6	0		507.033970000
6	0		507.126343000
6	0		507.218634000
6	0		507.309948000
6	0		507.402303000
6	0		507.494628000
6	0		507.587409000
6	0		507.677748000
6	0		507.770123000
6	0		507.862473000
6	0		507.953796000
6	0		508.046167000
6	0		508.091703000
1,17		1358	508.184559000
1,17		1358	508.184581000
1,17		1358	508.229730000
1,17		1358	508.275881000
1,17		380	508.322337000
6	0		508.368639000
6	0		508.459900000
6	0		508.551764000
1,17		1358	508.597997000
6	0		508.689753000
6	517		508.689781000
6	0		508.690089000
6	2836		508.697194000
6	3978		508.697244000
6	0		508.736411000
6	0		508.736436000
6	0		508.827820000
6	0		508.920123000
6	0		509.012404000
6	0		509.057626000
6	0		509.059969000
6	0		509.060018000
6	0		509.150123000
6	0		509.242426000
1,17		1358	509.333762000
6	0		509.349821000
6	41		509.356228000
6	0		509.379938000
6	0		509.472200000
6	0		509.564553000
6	0		509.646116000
6	21		509.646155000
6	0		509.646166000
6	1080		509.647092000
6	0		509.655849000
6	0		509.655881000
6	0		509.748152000
6	0		509.840468000
6	0		509.932403000
6	0		509.936078000
6	440		509.943000000
6	0		509.986210000
6	0		510.024119000
6	0		510.116489000
6	0		510.207872000
6	0		510.254201000
6	48		510.275051000
6	0		510.275095000
6	280		510.279216000
6	0		510.300371000
6	0		510.391640000
6	0		510.484024000
6	0		510.568499000
6	0		510.576412000
6	16		510.606083000
6	0		510.646221000
6	0		510.649557000
6	0		510.649609000
6	0		510.667817000
6	0		510.688844000
6	12		510.689060000
1,17		1358	510.713933000
6	0		510.728122000
6	12		510.728157000
6	0		510.728167000
6	1		510.728317000
6	4		510.728334000
6	32		510.728341000
6	0		510.728349000
6	0		510.760194000
6	0		510.767334000
6	0		510.767369000
6	0		510.767458000
6	0		510.767462000
6	0		510.767474000
6	0		510.852536000
6	52		510.935731000
6	0		510.935772000
6	52		510.935890000
6	0		510.943844000
6	0		511.036143000
6	0		511.128507000
6	0		511.219733000
6	84		511.224753000
6	0		511.266199000
6	0		511.312075000
6	0		511.404494000
6	0		511.495955000
6	0		511.588074000
6	0		511.680429000
6	0		511.771730000
6	0		511.864521000
6	0		511.864545000
6	517		511.864552000
6	0		511.876573000
6	2792		511.877571000
6	2387		511.877590000
6	0		511.909868000
6	517		511.909895000
6	0		511.916161000
6	2792		511.923176000
6	2387		511.923218000
6	0		511.956664000
6	0		512.048359000
6	0		512.140401000
6	0		512.231714000
6	0		512.324030000
6	74		512.324050000
6	0		512.324056000
6	0		512.324063000
6	92		512.324067000
6	0		512.324072000
6	0		512.324413000
6	0		512.324723000
6	0		512.324761000
6	0		512.324770000
6	0		512.370019000
6	0		512.370041000
6	0		512.370046000
6	0		512.416179000
6	0		512.508517000
6	0		512.553694000
1,17		1358	512.599795000
6	0		512.645960000
6	0		512.692099000
6	0		512.784441000
6	0		512.875739000
6	0		512.968035000
6	0		513.060336000
6	0		513.152628000
6	0		513.152650000
6	0		513.152655000
6	0		513.243933000
6	0		513.336230000
6	0		513.428625000
6	0		513.519928000
6	0		513.612252000
6	68		513.634586000
6	0		513.703710000
6	0		513.796041000
6	0		513.888337000
6	52		513.925064000
6	0		513.925107000
6	0		513.926081000
6	0		513.927093000
6	0		513.980652000
6	0		514.071987000
6	0		514.164288000
6	0		514.217477000
6	0		514.256586000
6	0		514.347924000
6	0		514.394064000
6	0		514.440246000
6	0		514.486375000
6	0		514.532560000
6	0		514.577708000
6	0		514.623856000
6	0		514.716209000
6	0		514.808498000
6	0		514.899798000
6	0		515.038378000
6	0		515.038403000
6	0		515.175726000
6	0		515.221870000
6	0		515.221895000
6	0		515.360352000
6	0		515.452620000
6	0		515.497812000
6	0		515.636299000
6	0		515.682447000
6	0		515.773748000
6	0		515.912253000
6	0		515.958417000
6	0		516.095907000
6	0		516.188236000
6	0		516.234389000
6	0		516.371877000
6	0		516.418064000
6	0		516.464177000
6	0		516.464214000
6	0		516.510499000
6	0		516.647926000
6	0		516.694225000
6	0		516.782085000
6	0		516.782131000
6	0		516.832599000
6	0		516.923968000
6	0		516.970276000
6	0		517.107721000
6	0		517.153875000
6	0		517.246233000
6	0		517.384622000
6	0		517.429917000
6	0		517.522528000
6	0		517.614477000
6	0		517.659727000
6	0		517.798143000
6	0		517.844412000
6	0		517.935794000
6	0		518.074402000
6	0		518.120580000
6	0		518.258315000
6	0		518.350673000
6	0		518.359605000
6	0		518.359657000
6	0		518.372389000
6	41		518.377658000
6	0		518.390431000
6	21		518.390468000
6	0		518.390481000
6	1080		518.391664000
6	0		518.395830000
6	440		518.404535000
6	0		518.446239000
6	48		518.459185000
6	0		518.459228000
6	280		518.463515000
6	16		518.483878000
6	0		518.526219000
6	0		518.534283000
6	52		518.539003000
6	0		518.539041000
6	52		518.539151000
6	100		518.556826000
6	0		518.580724000
6	0		518.598235000
6	0		518.671846000
6	0		518.695649000
6	0		518.810299000
6	0		518.856579000
6	0		518.993879000
6	0		519.086293000
6	0		519.132481000
6	0		519.234389000
6	0		519.234458000
6	0		519.270010000
6	0		519.316164000
6	0		519.408455000
6	0		519.417036000
6	41		519.423220000
6	0		519.545876000
6	0		519.592021000
6	0		519.606294000
6	21		519.607376000
6	0		519.607393000
6	1080		519.608310000
6	0		519.730498000
6	440		519.792367000
6	0		519.822109000
6	0		519.822132000
6	0		519.834221000
6	0		519.960268000
6	0		520.006381000
6	48		520.017440000
6	0		520.017488000
6	280		520.021469000
6	0		520.143916000
6	16		520.208817000
6	0		520.236212000
6	0		520.250218000
6	0		520.282377000
6	0		520.419882000
6	52		520.433022000
6	0		520.433063000
6	52		520.433159000
6	0		520.466118000
6	0		520.558629000
6	84		520.617006000
6	0		520.650020000
6	0		520.658213000
6	0		520.696192000
6	0		520.742339000
6	0		520.879821000
6	0		520.972125000
6	0		521.018332000
6	0		521.155783000
6	0		521.201935000
6	68		521.261080000
6	52		521.274229000
6	0		521.274275000
6	0		521.274304000
6	0		521.275684000
6	0		521.288418000
6	0		521.294361000
6	0		521.431944000
6	0		521.478104000
6	0		521.616623000
6	0		521.707953000
6	0		521.754118000
6	0		521.892645000
6	0		521.937787000
6	0		522.030167000
6	0		522.072397000
6	0		522.168021000
6	0		522.214228000
6	0		522.306483000
6	0		522.397835000
6	0		522.443994000
6	0		522.582456000
6	68		522.597024000
6	0		522.628617000
6	0		522.719928000
6	0		522.780303000
6	0		522.780345000
6	52		522.780777000
6	0		522.780801000
6	0		522.782050000
6	0		522.858409000
6	0		522.904597000
6	0		522.965161000
6	0		523.042102000
6	0		523.134433000
6	0		523.180604000
6	0		523.318085000
6	0		523.364259000
6	0		523.456570000
6	0		523.594150000
6	0		523.640299000
6	0		523.777748000
6	0		523.797492000
6	0		523.869960000
6	0		523.916131000
6	0		524.054560000
6	0		524.099728000
6	0		524.192054000
6	0		524.330544000
6	0		524.375699000
6	0		524.514258000
6	0		524.606511000
6	0		524.606535000
6	0		524.743943000
6	0		524.790152000
6	0		524.882559000
6	0		525.020148000
6	0		525.066324000
6	0		525.203778000
6	0		525.296107000
6	0		525.342276000
6	0		525.479904000
6	0		525.526061000
6	0		525.664549000
6	0		525.755857000
6	0		525.802045000
6	0		525.940556000
6	0		525.985729000
6	0		526.078085000
6	1420		526.079096000
6	1420		526.092065000
6	1420		526.119050000
6	0		526.216686000
6	1420		526.217224000
6	1420		526.230668000
6	1420		526.257592000
6	0		526.261829000
6	1420		526.284539000
6	0		526.400240000
6	1420		526.400810000
6	1420		526.414274000
6	1420		526.441216000
6	1420		526.468152000
6	0		526.491627000
6	1418		526.492634000
6	1418		526.514423000
6	0		526.538550000
6	1420		526.539051000
6	1420		526.552535000
6	1420		526.579460000
6	1420		526.606384000
6	0		526.675885000
6	1420		526.676361000
6	1420		526.689829000
6	1420		526.716768000
6	0		526.722065000
6	1418		526.722546000
6	1420		526.743714000
6	1418		526.744765000
6	0		526.814211000
6	1420		526.814718000
6	1420		526.828180000
6	1420		526.855103000
6	1420		526.882051000
6	0		526.952670000
6	1420		526.953218000
6	1420		526.966652000
6	1420		526.993604000
6	0		526.997883000
6	1418		526.998446000
6	1420		527.020637000
6	1418		527.020689000
6	0		527.090069000
6	1420		527.090574000
6	1420		527.104071000
6	1420		527.131004000
6	1420		527.157928000
6	0		527.182303000
6	1418		527.182815000
6	1418		527.205030000
6	0		527.228433000
6	1420		527.228990000
6	1420		527.242475000
6	1420		527.269363000
6	1420		527.296310000
6	0		527.319842000
6	0		527.319867000
6	0		527.365761000
6	1420		527.366241000
6	1420		527.379748000
6	1420		527.406640000
6	0		527.411958000
6	1418		527.412461000
6	1420		527.433594000
6	1418		527.434688000
6	0		527.504198000
6	1420		527.504980000
6	1420		527.518217000
6	1420		527.545111000
6	1420		527.572131000
6	0		527.641637000
6	1420		527.642145000
6	1420		527.655596000
6	1420		527.682542000
6	0		527.688458000
6	1418		527.689007000
6	1420		527.709466000
6	1418		527.711258000
6	0		527.825904000
6	1420		527.826416000
6	1420		527.839857000
6	1420		527.866808000
6	1420		527.893731000
6	0		527.918088000
6	1418		527.918583000
6	1418		527.940822000
6	0		527.964214000
6	1420		527.964705000
6	1420		527.978211000
6	1420		528.005100000
6	1420		528.032042000
6	0		528.102524000
6	1420		528.103030000
6	1420		528.116498000
6	1420		528.143442000
6	0		528.147707000
6	1418		528.148251000
6	1420		528.170388000
6	1418		528.170439000
6	0		528.239947000
6	1420		528.240461000
6	1420		528.253952000
6	0		528.378589000
6	1418		528.379061000
6	1418		528.401342000
6	0		528.423773000
6	1420		528.424359000
6	1420		528.437733000
6	0		528.562363000
6	0		528.562631000
6	0		528.562660000
6	1420		528.562827000
6	1420		528.576315000
6	0		528.653778000
6	1418		528.654262000
6	1418		528.676506000
6	0		528.699900000
6	1420		528.700385000
6	1420		528.713851000
6	0		528.838380000
6	1420		528.838841000
6	1420		528.852300000
6	0		528.884565000
6	1418		528.885085000
6	1418		528.907318000
6	1418		528.951784000
6	0		528.975888000
6	1420		528.976392000
6	1420		528.989843000
6	1418		528.996270000
6	0		529.113925000
6	1418		529.114443000
6	1418		529.136671000
6	0		529.160048000
6	1420		529.160591000
6	1420		529.174015000
6	1418		529.181166000
6	1418		529.225652000
6	1420		529.244142000
6	0		529.298615000
6	1420		529.299124000
6	1418		529.352176000
6	0		529.390509000
6	1418		529.391022000
6	1418		529.418892000
6	0		529.435680000
6	1420		529.436189000
6	1420		529.449654000
6	1418		529.463417000
6	0		529.574093000
6	1420		529.574611000
6	1420		529.588054000
6	0		529.620310000
6	1418		529.620825000
6	1418		529.643076000
6	1418		529.687537000
6	0		529.712434000
6	1420		529.712974000
6	1420		529.726390000
6	1418		529.732018000
6	0		529.805096000
6	1418		529.805632000
6	1418		529.827876000
6	0		529.850340000
6	1420		529.850839000
6	1420		529.864313000
6	1418		529.872350000
6	1418		529.916850000
6	0		529.988316000
6	1420		529.988859000
6	1420		530.002316000
6	0		530.079795000
6	1418		530.080303000
6	1418		530.102685000
6	0		530.126003000
6	1420		530.126517000
6	1420		530.139985000
6	1418		530.147028000
6	1418		530.191495000
6	0		530.264024000
6	1420		530.264536000
6	1420		530.278010000
6	0		530.310227000
6	1418		530.310714000
6	1418		530.332942000
6	1418		530.377425000
6	0		530.402321000
6	1420		530.402849000
6	1420		530.416298000
6	1418		530.421888000
6	0		530.540483000
6	1418		530.540956000
6	1418		530.563196000
6	0		530.585659000
6	1420		530.586182000
6	1420		530.599608000
6	1418		530.607657000
6	1418		530.652147000
6	0		530.724634000
6	1420		530.725139000
6	1420		530.738597000
6	0		530.769849000
6	1418		530.770391000
6	1418		530.792645000
6	1418		530.837108000
6	0		530.862095000
6	1420		530.862604000
6	1420		530.876066000
6	1418		530.881585000
6	0		531.000203000
6	1420		531.000701000
6	1420		531.014164000
6	0		531.046401000
6	1418		531.046919000
6	1418		531.069158000
6	1418		531.113633000
6	1418		531.158104000
6	0		531.184312000
6	1420		531.184823000
6	1420		531.198281000
6	0		531.255467000
6	0		531.255516000
6	0		531.275696000
6	1418		531.276224000
6	1418		531.298467000
6	0		531.321874000
6	1420		531.322369000
6	1420		531.335822000
6	1418		531.342948000
6	1418		531.387563000
6	0		531.460058000
6	1420		531.460591000
6	1420		531.474044000
6	0		531.506235000
6	1418		531.506796000
6	1418		531.529034000
6	1418		531.573507000
6	0		531.598510000
6	0		531.598535000
6	1420		531.598986000
6	1420		531.612467000
6	1418		531.617986000
6	0		531.739032000
6	1420		531.739529000
6	1420		531.752997000
6	0		531.782241000
6	1418		531.782728000
6	1418		531.804970000
6	1418		531.849449000
6	1418		531.893970000
6	0		531.919878000
6	1420		531.920386000
6	1420		531.933854000
6	0		532.012257000
6	1418		532.012811000
6	1418		532.035038000
6	0		532.058424000
6	1420		532.058911000
6	1420		532.072367000
6	1418		532.079497000
6	0		532.196115000
6	0		532.196143000
6	1420		532.196612000
6	1418		532.196633000
6	1420		532.210070000
6	1418		532.218890000
6	0		532.288348000
6	1420		532.288838000
6	1420		532.302309000
6	1420		532.329258000
6	0		532.425888000
6	1420		532.426368000
6	1420		532.439823000
6	0		532.472045000
6	1418		532.472554000
6	1418		532.494793000
6	0		532.610434000
6	1420		532.610903000
6	1420		532.624367000
6	0		532.701779000
6	1418		532.702268000
6	1418		532.724510000
6	0		532.747973000
6	1420		532.748476000
6	1420		532.761962000
6	0		532.885727000
6	1420		532.886213000
6	1420		532.899675000
6	0		532.931925000
6	1418		532.932436000
6	1418		532.954668000
6	0		533.024096000
6	1420		533.024590000
6	1420		533.038043000
6	0		533.161641000
6	1420		533.162147000
6	1420		533.175597000
6	0		533.208395000
6	1418		533.208941000
6	1418		533.231172000
6	0		533.345705000
6	1420		533.346260000
6	1420		533.359670000
6	0		533.438027000
6	1418		533.438551000
6	1418		533.460819000
6	0		533.484209000
6	1420		533.484700000
6	1420		533.498193000
6	0		533.621725000
6	1420		533.622223000
6	1420		533.635671000
6	0		533.667931000
6	1418		533.668433000
6	1418		533.690680000
6	0		533.760118000
6	1420		533.760612000
6	1420		533.774075000
6	0		533.898619000
6	1418		533.899117000
6	1418		533.921355000
6	0		533.943805000
6	1420		533.944278000
6	1420		533.957730000
6	0		534.082248000
6	1420		534.082764000
6	1420		534.096209000
6	0		534.174615000
6	1418		534.175122000
6	1418		534.197367000
6	0		534.219821000
6	1420		534.220350000
6	1420		534.233797000
6	0		534.358346000
6	1420		534.358885000
6	1420		534.372325000
6	0		534.404541000
6	1418		534.405053000
6	1418		534.427322000
6	0		534.495789000
6	1420		534.496292000
6	1420		534.509755000
6	0		534.588155000
6	1418		534.588658000
6	1418		534.610889000
6	0		534.634328000
6	1420		534.634827000
6	1420		534.648304000
6	0		534.770327000
6	0		534.770384000
6	0		534.771873000
6	1420		534.772330000
6	1420		534.785828000
6	0		534.809936000
6	12		534.810147000
6	0		534.849327000
6	12		534.849363000
6	0		534.849375000
6	1		534.849536000
6	4		534.849549000
6	32		534.849557000
6	0		534.849580000
6	0		534.864348000
6	1418		534.865001000
6	1418		534.887243000
6	0		534.888511000
6	0		534.888548000
6	0		534.888718000
6	0		534.888891000
6	0		534.888908000
6	0		534.910535000
6	1420		534.911037000
6	1420		534.924499000
6	0		535.048109000
6	1420		535.048605000
6	1420		535.062057000
6	0		535.093810000
6	0		535.093844000
6	1418		535.094292000
6	0		535.094803000
6	1418		535.116529000
6	0		535.185974000
6	1420		535.186472000
6	1420		535.199944000
6	1420		535.226893000
6	1420		535.253801000
6	0		535.324272000
6	1418		535.324755000
6	1418		535.346988000
6	0		535.370142000
6	0		535.370224000
6	0		535.370235000
6	0		535.370243000
6	0		535.370791000
6	0		535.370812000
6	1420		535.370815000
6	0		535.371113000
6	1420		535.384258000
6	0		535.395391000
6	1420		535.411195000
6	1420		535.438110000
6	0		535.507741000
6	1420		535.508262000
6	1420		535.521717000
6	1420		535.548668000
6	1420		535.575592000
6	0		535.599970000
6	1418		535.600485000
6	1418		535.622704000
6	0		535.646134000
6	1420		535.646675000
6	1420		535.660113000
6	0		535.672529000
6	0		535.673001000
6	0		535.673089000
6	1420		535.687041000
6	1420		535.713988000
6	0		535.784418000
6	1420		535.784949000
6	1420		535.798385000
6	1420		535.825329000
6	0		535.830588000
6	1418		535.831350000
6	1420		535.852256000
6	1418		535.853561000
6	0		535.875797000
6	0		535.876069000
6	0		535.921953000
6	1420		535.922461000
6	1420		535.935914000
6	1420		535.962859000
6	1420		535.989785000
6	0		536.060227000
6	1418		536.060739000
6	1418		536.082980000
6	0		536.106429000
6	0		536.106453000
6	0		536.106459000
6	1420		536.106907000
6	0		536.107153000
6	1420		536.120392000
6	1420		536.147350000
6	1420		536.174256000
6	0		536.243741000
6	1420		536.244268000
6	1420		536.257700000
6	1420		536.284658000
6	0		536.289942000
6	1418		536.290453000
6	1420		536.311552000
6	1418		536.312667000
6	0		536.382398000
6	0		536.382419000
6	0		536.382424000
6	0		536.382431000
6	0		536.382877000
6	0		536.382895000
6	1420		536.382899000
6	0		536.382927000
6	1420		536.396370000
6	1420		536.423312000
6	1420		536.450233000
6	0		536.520176000
6	1420		536.520666000
6	1420		536.534155000
6	1420		536.561063000
6	0		536.565877000
6	1418		536.566379000
6	1420		536.588006000
6	1418		536.588591000
6	0		536.624686000
6	0		536.624743000
6	0		536.704115000
6	1420		536.704610000
6	1420		536.718095000
6	1420		536.745023000
6	1420		536.771935000
6	0		536.796245000
6	1418		536.796778000
6	0		536.814576000
6	1418		536.818988000
6	41		536.820313000
6	0		536.842398000
6	1420		536.842902000
6	1420		536.856356000
6	1420		536.883322000
6	1420		536.910227000
6	0		536.980019000
6	1420		536.980525000
6	1420		536.994001000
6	0		537.009915000
6	21		537.011403000
6	0		537.011433000
6	1080		537.012438000
6	1420		537.020906000
6	0		537.025951000
6	1418		537.026458000
6	1420		537.047849000
6	1418		537.048684000
6	0		537.118060000
6	1420		537.118568000
6	1420		537.132024000
6	1420		537.158972000
6	1420		537.185878000
6	440		537.205649000
6	0		537.210434000
6	1418		537.210960000
6	1418		537.233188000
6	0		537.246234000
6	0		537.256415000
6	1420		537.256918000
6	0		537.264502000
6	0		537.264559000
6	1420		537.270365000
6	0		537.301764000
6	1418		537.302289000
6	1418		537.324519000
6	0		537.393915000
6	1418		537.394423000
6	0		537.408715000
6	41		537.414689000
6	1418		537.416660000
6	48		537.435833000
6	0		537.435870000
6	280		537.441226000
6	0		537.486098000
6	1418		537.486666000
6	1418		537.508873000
6	0		537.557735000
6	21		537.559710000
6	0		537.559737000
6	1080		537.560779000
6	0		537.578336000
6	0		537.578359000
6	0		537.578365000
6	0		537.578370000
6	0		537.578378000
6	1418		537.578861000
6	1418		537.601092000
6	0		537.624375000
6	16		537.639216000
6	0		537.670812000
6	0		537.682225000
6	440		537.705978000
6	0		537.715970000
6	0		537.746232000
6	0		537.762103000
6	0		537.808250000
6	74		537.808271000
6	92		537.808276000
6	0		537.808516000
6	0		537.808529000
6	0		537.853789000
6	52		537.871826000
6	0		537.871862000
6	52		537.871993000
6	48		537.890240000
6	0		537.890279000
6	280		537.894287000
6	0		537.899943000
6	0		537.946132000
6	0		537.991774000
6	64		537.991797000
6	0		538.008875000
6	1396		538.038163000
6	0		538.038211000
6	16		538.042244000
6	0		538.050233000
6	100		538.070001000
6	0		538.084344000
6	0		538.086199000
6	0		538.110222000
6	0		538.130099000
6	0		538.130122000
6	64		538.130127000
6	0		538.139426000
6	0		538.148035000
6	0		538.176510000
6	0		538.176541000
6	0		538.176549000
6	0		538.176554000
6	0		538.176561000
6	0		538.176823000
6	52		538.228736000
6	0		538.228774000
6	52		538.228913000
6	0		538.268278000
6	1420		538.268784000
6	1420		538.281792000
6	1420		538.307753000
6	1420		538.333729000
6	1420		538.359692000
6	0		538.360153000
6	84		538.373750000
6	1420		538.385678000
6	0		538.393066000
6	0		538.406342000
6	0		538.406817000
6	1420		538.411644000
6	0		538.414237000
6	0		538.417177000
6	0		538.432544000
6	1420		538.437613000
6	0		538.452548000
6	1420		538.463610000
6	1420		538.489579000
6	1420		538.515562000
6	1420		538.541544000
6	0		538.544352000
6	1420		538.567510000
6	1420		538.593506000
6	1420		538.619490000
6	0		538.636237000
6	1420		538.645451000
6	1420		538.671418000
6	1420		538.697403000
6	1420		538.723405000
6	0		538.727742000
6	1418		538.728294000
6	1418		538.749030000
6	1420		538.749322000
6	0		538.773901000
6	1420		538.775317000
6	1418		538.790305000
6	1420		538.801321000
6	1420		538.827297000
6	1418		538.831636000
6	1420		538.853287000
6	0		538.865735000
6	1418		538.872980000
6	1420		538.879222000
6	1420		538.905196000
6	1418		538.914338000
6	1420		538.931169000
6	1418		538.955675000
6	1420		538.957137000
6	0		538.958551000
6	1420		538.983129000
6	1418		538.997005000
6	1420		539.009103000
6	1420		539.035109000
6	1418		539.038364000
6	0		539.050371000
6	1420		539.061081000
6	1418		539.079689000
6	1420		539.087069000
6	1420		539.113016000
6	1418		539.121036000
6	1420		539.138993000
6	1418		539.162371000
6	1420		539.164993000
6	0		539.188436000
6	0		539.188460000
6	1420		539.190937000
6	1418		539.203731000
6	1420		539.216927000
6	1420		539.242930000
6	1418		539.245063000
6	1420		539.268897000
6	0		539.280407000
6	1418		539.286427000
6	1420		539.294877000
6	1420		539.320858000
6	1418		539.327758000
6	1420		539.346811000
6	1418		539.369119000
6	0		539.372242000
6	1420		539.372765000
6	1420		539.398779000
6	1418		539.410448000
6	1420		539.424747000
6	1420		539.450730000
6	1418		539.451778000
6	0		539.463903000
6	1420		539.476683000
6	1418		539.493131000
6	1420		539.502686000
6	1420		539.529082000
6	1418		539.534455000
6	1420		539.554613000
6	1418		539.575811000
6	1420		539.580605000
6	0		539.602420000
6	0		539.602441000
6	1420		539.606551000
6	1418		539.617144000
6	1420		539.632545000
6	1418		539.658487000
6	1420		539.658530000
6	1420		539.684517000
6	1418		539.699832000
6	1420		539.710478000
6	1420		539.736490000
6	0		539.740287000
6	1418		539.741164000
6	1420		539.762433000
6	1418		539.782514000
6	0		539.786336000
6	1420		539.788414000
6	1420		539.814435000
6	1418		539.823864000
6	0		539.832474000
6	1420		539.840367000
6	68		539.852663000
6	1418		539.865207000
6	1420		539.866317000
6	1420		539.892301000
6	1418		539.906555000
6	1420		539.918307000
6	0		539.939837000
6	1420		539.944261000
6	1418		539.947870000
6	1420		539.970228000
6	1418		539.989229000
6	1420		539.996204000
6	1420		540.022213000
6	1418		540.030588000
6	1420		540.048195000
6	52		540.051415000
6	0		540.051463000
6	0		540.051491000
6	0		540.052664000
6	0		540.064010000
6	1418		540.071899000
6	1420		540.074135000
6	1420		540.100134000
6	1418		540.113268000
6	1420		540.126139000
6	1420		540.152092000
6	1418		540.154590000
6	68		540.155349000
6	1420		540.178082000
6	0		540.188003000
6	1418		540.195940000
6	1420		540.204040000
6	1420		540.230016000
6	1418		540.237298000
6	0		540.242211000
6	1420		540.255971000
6	1418		540.278646000
6	1420		540.281992000
6	52		540.300266000
6	0		540.300316000
6	0		540.300338000
6	0		540.301608000
6	1420		540.307928000
6	0		540.311658000
6	1418		540.319953000
6	1420		540.333932000
6	1420		540.359872000
6	1418		540.361306000
6	1420		540.385852000
6	1418		540.402661000
6	1420		540.411827000
6	0		540.436491000
6	1420		540.437794000
6	1418		540.443989000
6	0		540.445749000
6	1420		540.463791000
6	1418		540.485347000
6	1420		540.489758000
6	1420		540.515745000
6	1418		540.526695000
6	1420		540.541748000
6	0		540.560019000
6	1420		540.567709000
6	1418		540.567998000
6	1420		540.593678000
6	1418		540.609384000
6	1420		540.619659000
6	0		540.622366000
6	1420		540.645630000
6	1418		540.650717000
6	1420		540.671597000
6	1418		540.692083000
6	1420		540.697583000
6	1420		540.723552000
6	1418		540.733414000
6	0		540.746134000
6	1420		540.749547000
6	1418		540.774742000
6	1420		540.775492000
6	1420		540.801522000
6	1418		540.816090000
6	1420		540.827443000
6	1420		540.853473000
6	1418		540.857434000
6	0		540.870157000
6	1420		540.879434000
6	1418		540.898782000
6	1420		540.905380000
6	1420		540.931392000
6	1418		540.940106000
6	1420		540.957347000
6	1418		540.981463000
6	1420		540.983298000
6	0		540.993698000
6	1420		541.009299000
6	1418		541.022784000
6	1420		541.035281000
6	1420		541.061230000
6	1418		541.064128000
6	1420		541.087209000
6	1418		541.105456000
6	1420		541.113212000
6	1420		541.139175000
6	1418		541.146821000
6	1420		541.165149000
6	0		541.179733000
6	1418		541.188187000
6	1420		541.191111000
6	1420		541.217129000
6	1418		541.229506000
6	0		541.242207000
6	1420		541.243089000
6	1420		541.269090000
6	1418		541.270829000
6	1420		541.295074000
6	1418		541.312177000
6	1420		541.321036000
6	1420		541.346990000
6	1418		541.353534000
6	0		541.366478000
6	1420		541.372971000
6	1418		541.394920000
6	1420		541.398966000
6	1420		541.424927000
6	1418		541.436214000
6	1420		541.450894000
6	1420		541.476882000
6	1418		541.477537000
6	0		541.490380000
6	0		541.490403000
6	1420		541.502838000
6	1418		541.518910000
6	1420		541.528855000
6	1420		541.554788000
6	1418		541.560252000
6	1420		541.580788000
6	1418		541.601612000
6	1420		541.606758000
6	0		541.614336000
6	1420		541.632758000
6	1418		541.642935000
6	1420		541.658708000
6	1418		541.684279000
6	1420		541.684656000
6	1420		541.710670000
6	1418		541.725639000
6	1420		541.736642000
6	0		541.738116000
6	1420		541.762634000
6	1418		541.766966000
6	1420		541.788587000
6	1418		541.808296000
6	1420		541.814560000
6	1420		541.840532000
6	1418		541.849645000
6	0		541.862083000
6	1420		541.866523000
6	1418		541.890995000
6	1420		541.892471000
6	1420		541.918479000
6	1418		541.932326000
6	1420		541.944471000
6	1420		541.970432000
6	1418		541.973653000
6	1420		541.996403000
6	1418		542.015037000
6	1420		542.022382000
6	0		542.048171000
6	1420		542.048353000
6	1418		542.056356000
6	1420		542.074325000
6	1418		542.097707000
6	1420		542.100330000
6	0		542.109637000
6	1420		542.126282000
6	1418		542.139038000
6	1420		542.152310000
6	0		542.171404000
6	1420		542.178282000
6	1418		542.180373000
6	1420		542.204243000
6	1418		542.221722000
6	1420		542.230196000
6	0		542.233751000
6	1420		542.256165000
6	1418		542.263097000
6	1420		542.282185000
6	1418		542.304394000
6	1420		542.308095000
6	1420		542.334075000
6	1418		542.345750000
6	0		542.357637000
6	1420		542.360058000
6	1420		542.386043000
6	1418		542.387067000
6	1420		542.412020000
6	0		542.425036000
6	1418		542.428446000
6	1420		542.437988000
6	0		542.449150000
6	1420		542.463975000
6	0		542.464542000
6	1418		542.469769000
6	0		542.482431000
6	1420		542.489943000
6	1418		542.511107000
6	1420		542.515935000
6	1420		542.541904000
6	1418		542.552469000
6	1420		542.567883000
6	1418		542.593806000
6	1420		542.593866000
6	0		542.606391000
6	0		542.606412000
6	0		542.606913000
6	1420		542.619839000
6	1418		542.635147000
6	1420		542.645815000
6	1420		542.671791000
6	1418		542.676486000
6	1420		542.697772000
6	1418		542.717823000
6	1420		542.723738000
6	0		542.730279000
6	1420		542.749721000
6	1418		542.759168000
6	1420		542.775700000
6	1418		542.800516000
6	1420		542.801651000
6	1420		542.827645000
6	1418		542.841847000
6	1420		542.853611000
6	0		542.854137000
6	1420		542.879616000
6	1418		542.883208000
6	0		542.890695000
6	0		542.890753000
6	1420		542.905568000
6	1418		542.924551000
6	0		542.929981000
6	12		542.930238000
6	1420		542.931532000
6	1420		542.957527000
6	1418		542.965879000
6	0		542.969384000
6	12		542.969419000
6	0		542.969429000
6	1		542.969578000
6	4		542.969590000
6	32		542.969613000
6	0		542.969622000
6	0		542.977996000
6	1420		542.983501000
6	1418		543.007225000
6	0		543.008686000
6	0		543.008713000
6	0		543.008806000
6	0		543.008818000
6	1420		543.009451000
6	1420		543.035451000
6	1418		543.048585000
6	1420		543.061441000
6	1420		543.087400000
6	1418		543.089932000
6	0		543.101850000
6	1420		543.113391000
6	1418		543.131272000
6	1420		543.139371000
6	1420		543.165360000
6	1418		543.172594000
6	1420		543.191323000
6	1418		543.213936000
6	1420		543.217325000
6	1420		543.243301000
6	1418		543.255280000
6	1420		543.269327000
6	0		543.288638000
6	0		543.288664000
6	1420		543.295307000
6	1418		543.296604000
6	1420		543.321210000
6	1418		543.337946000
6	1420		543.347172000
6	1420		543.373141000
6	1418		543.379310000
6	1420		543.399130000
6	0		543.412507000
6	1418		543.420642000
6	1420		543.425097000
6	1420		543.451088000
6	1418		543.461999000
6	1420		543.477061000
6	1420		543.503114000
6	1418		543.503328000
6	1420		543.529027000
6	1418		543.544672000
6	1420		543.554980000
6	1420		543.581042000
6	1418		543.586004000
6	0		543.598328000
6	0		543.598349000
6	1420		543.606937000
6	1418		543.627393000
6	1420		543.632918000
6	1418		543.668700000
6	1418		543.710056000
6	0		543.722359000
6	1418		543.751408000
6	1418		543.792740000
6	1418		543.834078000
6	0		543.845863000
6	1418		543.875407000
6	1418		543.916763000
6	1418		543.958106000
6	0		543.969908000
6	1418		543.999465000
6	1418		544.040779000
6	0		544.156370000
6	0		544.156395000
6	0		544.341820000
6	0		544.403979000
6	0		544.528364000
6	0		544.651758000
6	0		544.713920000
6	0		544.900496000
6	0		544.900518000
6	0		545.023768000
6	0		545.148105000
6	0		545.272448000
6	0		545.395801000
6	0		545.520134000
6	0		545.644499000
6	0		545.767850000
6	0		545.954340000
6	0		546.016523000
6	0		546.077716000
6	0		546.264381000
6	0		546.264405000
6	0		546.388464000
6	0		546.511749000
6	0		546.636055000
6	0		546.687868000
6	0		546.687922000
6	0		546.822384000
6	0		546.822408000
6	0		546.933491000
6	15		546.933643000
6	41		546.939300000
6	0		547.008063000
6	0		547.070216000
6	0		547.184459000
6	672		547.184585000
6	0		547.194597000
6	0		547.380507000
6	0		547.380530000
6	0		547.412309000
6	0		547.412366000
6	0		547.504416000
6	0		547.627720000
6	0		547.645272000
6	41		547.651211000
6	672		547.672399000
6	0		547.672438000
6	0		547.752174000
6	0		547.814358000
6	0		547.883977000
6	21		547.884569000
6	0		547.884591000
6	1080		547.885560000
6	0		547.937684000
6	15		547.980251000
6	0		547.980311000
6	1080		547.981293000
6	440		548.123565000
6	0		548.124349000
6	0		548.124374000
6	0		548.166235000
6	272		548.239054000
6	848		548.241001000
6	0		548.309754000
6	0		548.371885000
6	48		548.399401000
6	0		548.399440000
6	280		548.403368000
6	0		548.496249000
6	0		548.497543000
6	0		548.497586000
6	16		548.503469000
6	52		548.503505000
6	0		548.503544000
6	52		548.503610000
6	16		548.638609000
6	0		548.644414000
6	41		548.650085000
6	0		548.682202000
6	0		548.682441000
6	0		548.682458000
6	68		548.748965000
6	68		548.750893000
6	0		548.796892000
6	21		548.799000000
6	0		548.799023000
6	1080		548.800033000
6	0		548.806072000
6	52		548.914656000
6	0		548.914695000
6	52		548.914789000
6	0		548.930512000
6	0		548.946841000
6	440		548.947031000
6	0		548.990216000
6	84		548.996213000
6	68		548.996507000
6	0		549.116382000
6	0		549.116410000
6	48		549.137009000
6	0		549.137046000
6	280		549.142419000
6	84		549.152755000
6	0		549.194225000
6	84		549.241835000
6	0		549.282241000
6	0		549.289254000
6	16		549.293423000
6	0		549.302496000
6	0		549.334204000
6	0		549.425807000
6	52		549.481115000
6	0		549.481155000
6	52		549.481259000
6	0		549.487956000
6	0		549.550140000
6	84		549.632460000
6	0		549.674229000
6	0		549.674434000
6	0		549.797759000
6	0		549.922116000
6	0		550.046536000
6	0		550.169960000
6	0		550.294291000
6	0		550.418626000
6	0		550.541961000
6	0		550.666239000
6	0		550.683412000
6	0		550.790378000
6	0		550.790404000
6	0		550.790944000
6	0		550.848577000
6	0		550.913992000
6	0		550.961197000
6	0		550.976403000
6	0		551.011087000
6	0		551.011141000
6	0		551.050900000
6	12		551.051191000
6	0		551.090928000
6	12		551.090958000
6	0		551.090968000
6	1		551.091116000
6	4		551.091140000
6	32		551.091150000
6	0		551.091165000
6	0		551.099817000
6	68		551.111931000
6	0		551.130819000
6	0		551.130855000
6	0		551.130860000
6	0		551.130913000
6	0		551.130927000
6	68		551.200560000
6	0		551.224107000
6	52		551.346776000
6	0		551.346819000
6	0		551.346837000
6	0		551.347888000
6	0		551.348407000
6	0		551.471745000
6	0		551.484340000
6	0		551.580993000
6	68		551.590264000
6	0		551.596056000
6	0		551.720463000
6	52		551.740756000
6	0		551.740802000
6	0		551.740821000
6	0		551.742355000
6	0		551.843903000
6	0		551.889095000
6	0		551.968043000
6	0		552.092439000
6	0		552.215914000
6	0		552.340308000
6	84		552.448536000
6	0		552.448592000
6	0		552.464631000
6	0		552.587936000
6	0		552.712352000
6	0		552.835778000
6	0		552.960133000
6	0		553.084486000
6	0		553.145682000
6	0		553.207772000
6	0		553.332090000
6	0		553.456445000
6	0		553.580010000
6	0		553.580031000
6	0		553.580039000
6	517		553.580046000
6	0		553.580555000
6	2836		553.587627000
6	2836		553.587675000
6	1141		553.587708000
6	0		553.641966000
6	0		553.704130000
6	0		553.704160000
6	0		553.828506000
6	0		553.951803000
6	0		554.076177000
6	0		554.200496000
6	0		554.323856000
6	0		554.323888000
6	0		554.323898000
6	0		554.323905000
6	0		554.448218000
6	68		554.490305000
6	0		554.572501000
6	0		554.696366000
6	0		554.735578000
6	0		554.820077000
6	0		554.882295000
6	0		555.006626000
6	0		555.068547000
6	0		555.069001000
6	0		555.192427000
6	0		555.192451000
6	0		555.253660000
6	0		555.315731000
6	0		555.370917000
6	0		555.440336000
6	0		555.502520000
6	0		555.626410000
6	84		555.735707000
6	0		555.735758000
6	0		555.750118000
6	0		555.750142000
6	0		555.750149000
6	0		555.812334000
6	0		555.874497000
6	0		555.935696000
6	0		556.059984000
6	0		556.122143000
6	0		556.122619000
6	0		556.184302000
6	0		556.370508000
6	0		556.370532000
6	0		556.493778000
6	0		556.618087000
6	0		556.742449000
6	0		556.865767000
6	0		556.990113000
6	0		557.114466000
6	0		557.299980000
6	0		557.362168000
6	0		557.486522000
6	68		557.517722000
6	0		557.609855000
6	0		557.734209000
6	0		557.763130000
6	0		557.857971000
6	0		557.981979000
6	0		558.106473000
6	0		558.106498000
6	0		558.106961000
6	0		558.230445000
6	0		558.354125000
6	690		558.354151000
6	0		558.354162000
6	0		558.366714000
6	2792		558.388417000
6	1396		558.388459000
6	4188		558.388608000
6	0		558.478253000
6	1396		558.502326000
6	0		558.602025000
6	1396		558.616135000
6	0		558.726626000
6	0		558.726647000
6	1396		558.729951000
6	84		558.763211000
6	0		558.763254000
6	0		558.787792000
6	0		558.787816000
6	1396		558.843719000
6	0		558.850342000
6	1396		558.957548000
6	0		558.974271000
6	1396		559.071308000
6	0		559.098293000
6	0		559.132597000
6	0		559.132663000
6	0		559.172246000
6	12		559.172520000
6	1396		559.185107000
6	0		559.212121000
6	12		559.212229000
6	0		559.212261000
6	1		559.212418000
6	4		559.212431000
6	32		559.212440000
6	0		559.212450000
6	0		559.221872000
6	0		559.251909000
6	0		559.251990000
6	0		559.251995000
6	0		559.252085000
6	0		559.252098000
6	1396		559.298867000
6	0		559.345893000
6	1396		559.412662000
6	0		559.470561000
6	1396		559.526473000
6	0		559.594102000
6	1396		559.640275000
6	0		559.656279000
6	1396		559.754037000
6	0		559.779877000
6	1396		559.867835000
6	0		559.904151000
6	0		559.966306000
6	1396		559.981635000
6	1396		560.095406000
6	0		560.139030000
6	0		560.152289000
6	1396		560.209243000
6	0		560.213758000
6	1396		560.322999000
6	0		560.400471000
6	1396		560.436790000
6	0		560.461647000
6	0		560.524326000
6	1396		560.550601000
6	1396		560.664445000
6	0		560.709782000
6	0		560.771938000
6	1396		560.778167000
6	1396		560.891976000
6	68		560.956876000
6	0		560.957863000
6	1396		561.005771000
6	0		561.082376000
6	1396		561.119526000
6	0		561.144518000
6	0		561.150956000
6	0		561.151011000
6	0		561.202188000
6	1396		561.233346000
6	0		561.329819000
6	0		561.340194000
6	41		561.345496000
6	1396		561.347121000
6	0		561.391998000
6	1396		561.460915000
6	0		561.515922000
6	0		561.534396000
6	21		561.544336000
6	0		561.544379000
6	1080		561.545706000
6	1396		561.574696000
6	1396		561.688486000
6	0		561.701785000
6	440		561.739948000
6	0		561.763935000
6	0		561.782218000
6	1396		561.802306000
6	1396		561.916122000
6	0		561.949893000
6	48		561.971118000
6	0		561.971152000
6	280		561.975137000
6	0		562.012736000
6	1396		562.029875000
6	0		562.136563000
6	1396		562.143662000
6	16		562.172335000
6	84		562.202327000
6	0		562.202372000
6	0		562.214216000
6	1396		562.257463000
6	0		562.321891000
6	0		562.321935000
6	0		562.322377000
6	1396		562.371266000
6	0		562.384120000
6	52		562.403144000
6	0		562.403185000
6	52		562.403328000
6	1396		562.485058000
6	0		562.570282000
6	84		562.594325000
6	1396		562.598824000
6	0		562.638208000
6	0		562.694699000
6	1396		562.712623000
6	0		562.755867000
6	1396		562.826427000
6	0		562.941897000
6	0		563.004069000
6	0		563.190592000
6	0		563.314000000
6	0		563.376191000
6	35		563.499891000
6	0		563.505639000
6	0		563.561833000
6	0		563.580752000
6	0		563.686205000
6	0		563.748560000
6	0		563.934098000
6	0		563.974062000
6	0		563.974113000
6	0		564.013339000
6	0		564.058207000
6	0		564.120424000
6	84		564.280530000
6	0		564.281889000
6	0		564.305965000
6	0		564.368140000
6	0		564.492524000
6	0		564.533912000
6	0		564.572258000
6	68		564.670443000
6	0		564.678029000
6	0		564.740185000
6	1420		564.741065000
6	52		564.863028000
6	0		564.863073000
6	0		564.863095000
6	0		564.864265000
6	0		564.925824000
6	1420		564.926321000
6	1420		564.939330000
6	0		565.049775000
6	0		565.053134000
6	0		565.111944000
6	1420		565.112454000
6	1420		565.125438000
6	0		565.298096000
6	1420		565.298610000
6	1420		565.311576000
6	0		565.360237000
6	52		565.535637000
6	0		565.535679000
6	0		565.535694000
6	0		565.546345000
6	1420		565.546861000
6	1420		565.559865000
6	0		565.670333000
6	0		565.732493000
6	1420		565.732988000
6	1420		565.745959000
6	0		565.807913000
6	0		565.807963000
6	0		565.917709000
6	1420		565.918246000
6	1420		565.931204000
6	0		565.980697000
6	1418		565.981192000
6	0		566.103779000
6	1420		566.104291000
6	1420		566.117275000
6	0		566.289888000
6	1418		566.290404000
6	1418		566.311120000
6	0		566.346924000
6	0		566.352045000
6	1420		566.352581000
6	1420		566.365556000
6	0		566.531781000
6	0		566.531834000
6	0		566.538198000
6	1420		566.538728000
6	1420		566.551701000
6	0		566.662195000
6	1418		566.662714000
6	1418		566.683415000
6	0		566.724355000
6	1420		566.724866000
6	1420		566.737826000
6	0		566.775388000
6	15		566.775443000
6	41		566.780826000
6	0		566.848280000
6	1420		566.848754000
6	1420		566.861733000
6	0		566.910450000
6	1418		566.910969000
6	1418		566.931668000
6	0		567.023883000
6	672		567.023970000
6	0		567.096291000
6	1420		567.096814000
6	1420		567.109783000
6	0		567.220234000
6	1418		567.220940000
6	1418		567.241624000
6	0		567.282392000
6	1420		567.282920000
6	1420		567.295915000
6	0		567.467881000
6	1420		567.468394000
6	1420		567.481347000
6	672		567.504334000
6	0		567.504375000
6	0		567.529715000
6	1418		567.530242000
6	1418		567.550906000
6	0		567.653611000
6	1420		567.654196000
6	1420		567.667076000
6	0		567.839669000
6	1418		567.840160000
6	1418		567.860829000
6	0		567.901772000
6	1420		567.902268000
6	1420		567.915261000
6	0		568.001082000
6	0		568.001132000
6	0		568.087875000
6	1420		568.088365000
6	1420		568.101361000
6	0		568.112745000
6	0		568.150078000
6	1418		568.150761000
6	1418		568.171278000
6	0		568.273692000
6	1420		568.274238000
6	1420		568.287203000
6	0		568.459758000
6	1420		568.460248000
6	1420		568.473209000
6	0		568.521920000
6	1418		568.522416000
6	1418		568.543093000
6	0		568.707669000
6	1420		568.708163000
6	1420		568.721119000
6	0		568.832524000
6	1418		568.833012000
6	1418		568.853670000
6	0		568.893727000
6	1420		568.894227000
6	1420		568.907186000
6	1420		568.933200000
6	1420		568.959159000
6	0		569.080581000
6	1420		569.081059000
6	1420		569.094051000
6	1420		569.120022000
6	0		569.141809000
6	1418		569.142348000
6	1420		569.146022000
6	1418		569.162992000
6	0		569.266404000
6	1420		569.266911000
6	1420		569.279884000
6	1420		569.305860000
6	1420		569.331814000
6	0		569.452239000
6	1418		569.452784000
6	1418		569.473466000
6	0		569.514414000
6	1420		569.514908000
6	1420		569.527892000
6	1420		569.553855000
6	1420		569.579861000
6	0		569.700266000
6	1420		569.700774000
6	1420		569.713765000
6	1420		569.739736000
6	0		569.762426000
6	1418		569.762942000
6	1420		569.765711000
6	0		569.775437000
6	0		569.775495000
6	1418		569.783623000
6	0		569.792182000
6	41		569.798010000
6	0		569.814265000
6	21		569.814298000
6	0		569.814309000
6	1080		569.815276000
6	1418		569.824943000
6	0		569.831403000
6	440		569.831478000
6	1418		569.866315000
6	0		569.874217000
6	0		569.886301000
6	1420		569.886837000
6	48		569.890443000
6	0		569.890473000
6	280		569.894533000
6	1420		569.899790000
6	0		569.910726000
6	16		569.915114000
6	1420		569.925782000
6	1420		569.951744000
6	0		569.958217000
6	52		569.974430000
6	0		569.974467000
6	52		569.974565000
6	84		569.992043000
6	0		570.010058000
6	1420		570.010555000
6	1420		570.023547000
6	0		570.034227000
6	1420		570.049554000
6	0		570.072204000
6	1418		570.072707000
6	1420		570.075524000
6	1418		570.093402000
6	1418		570.134732000
6	1418		570.176077000
6	0		570.258560000
6	1420		570.259077000
6	1420		570.272059000
6	1420		570.298071000
6	1420		570.323997000
6	0		570.382352000
6	1418		570.382851000
6	1418		570.403541000
6	0		570.444522000
6	1418		570.444872000
6	1420		570.445080000
6	1420		570.458043000
6	1420		570.484021000
6	1418		570.486218000
6	0		570.506472000
6	0		570.506899000
6	1420		570.510006000
6	0		570.630496000
6	1420		570.630969000
6	1420		570.643958000
6	1420		570.669915000
6	0		570.691687000
6	1418		570.692205000
6	1420		570.695899000
6	1418		570.712885000
6	1418		570.754242000
6	1418		570.795595000
6	0		570.816390000
6	1420		570.816881000
6	1420		570.829871000
6	0		570.940374000
6	1420		570.940878000
6	1420		570.953855000
6	1420		570.979847000
6	0		571.002529000
6	1418		571.003020000
6	1420		571.005800000
6	1418		571.023693000
6	1418		571.065066000
6	1418		571.106380000
6	0		571.126348000
6	1420		571.126846000
6	1420		571.139862000
6	1420		571.165856000
6	1420		571.191786000
6	0		571.312283000
6	1418		571.312813000
6	1418		571.333494000
6	0		571.374419000
6	1418		571.374815000
6	1420		571.374889000
6	1420		571.387900000
6	1418		571.416187000
6	0		571.559787000
6	1420		571.560297000
6	1420		571.573275000
6	0		571.621956000
6	1418		571.622447000
6	1418		571.643124000
6	1418		571.684460000
6	1418		571.725814000
6	0		571.746458000
6	1420		571.746944000
6	1420		571.759946000
6	0		571.923750000
6	0		571.932122000
6	1420		571.932651000
6	1420		571.945628000
6	0		571.994338000
6	1418		571.994826000
6	1418		572.015502000
6	68		572.028679000
6	1420		572.036144000
6	52		572.048003000
6	0		572.048046000
6	0		572.048067000
6	0		572.049216000
6	1418		572.056835000
6	0		572.065349000
6	1418		572.098201000
6	0		572.179986000
6	1420		572.180513000
6	0		572.303960000
6	1418		572.304466000
6	1418		572.325166000
6	0		572.366158000
6	1418		572.366448000
6	1420		572.366614000
6	1420		572.379643000
6	1418		572.407818000
6	0		572.551649000
6	1420		572.552179000
6	1420		572.565134000
6	0		572.569473000
6	0		572.569526000
6	0		572.592881000
6	41		572.598676000
6	0		572.614431000
6	1418		572.614926000
6	0		572.621813000
6	21		572.628679000
6	0		572.628720000
6	1080		572.629664000
6	1418		572.635587000
6	0		572.652764000
6	440		572.652868000
6	0		572.675887000
6	1418		572.676919000
6	0		572.694214000
6	48		572.717382000
6	0		572.717435000
6	1418		572.718257000
6	280		572.721338000
6	0		572.738074000
6	1420		572.738602000
6	0		572.744573000
6	1420		572.751558000
6	16		572.761301000
6	0		572.802222000
6	52		572.825390000
6	0		572.825428000
6	52		572.825516000
6	84		572.855248000
6	0		572.898235000
6	0		572.924161000
6	1418		572.924662000
6	1418		572.945347000
6	0		572.986345000
6	1418		572.986689000
6	1420		572.986814000
6	1420		572.999839000
6	1418		573.028055000
6	0		573.171827000
6	1420		573.172356000
6	1420		573.185309000
6	0		573.233789000
6	1418		573.234336000
6	1418		573.254996000
6	0		573.295821000
6	1418		573.296339000
6	1420		573.296369000
6	1420		573.309330000
6	1418		573.337683000
6	0		573.482330000
6	1420		573.482800000
6	1420		573.495791000
6	0		573.544307000
6	1418		573.544840000
6	1418		573.565507000
6	0		573.606437000
6	1418		573.606831000
6	1418		573.648199000
6	0		573.729763000
6	0		573.729786000
6	1420		573.730281000
6	1420		573.743282000
6	0		573.791960000
6	0		573.853727000
6	1418		573.854331000
6	1418		573.874948000
6	0		573.915912000
6	1418		573.916268000
6	1420		573.916434000
6	1420		573.929409000
6	1418		573.957611000
6	0		574.102435000
6	35		574.102462000
6	1420		574.102964000
6	1406		574.103003000
6	1420		574.115937000
6	1406		574.123509000
6	1420		574.141921000
6	1420		574.167909000
6	0		574.288418000
6	1418		574.288931000
6	1418		574.309612000
6	0		574.350556000
6	0		574.350577000
6	1418		574.350937000
6	1420		574.351048000
6	1420		574.364031000
6	1420		574.390009000
6	1418		574.392301000
6	1420		574.415986000
6	0		574.536605000
6	1420		574.537099000
6	1420		574.550086000
6	1420		574.576086000
6	1420		574.602048000
6	0		574.659655000
6	1418		574.660159000
6	1418		574.680831000
6	0		574.721637000
6	1418		574.722170000
6	1420		574.722197000
6	1420		574.735148000
6	1420		574.761145000
6	1420		574.787096000
6	0		574.907671000
6	1420		574.908186000
6	1420		574.921153000
6	1420		574.947153000
6	0		574.970593000
6	1418		574.971089000
6	1420		574.973088000
6	1418		574.991770000
6	0		575.156560000
6	1420		575.157487000
6	1420		575.170074000
6	1420		575.196054000
6	1420		575.222027000
6	0		575.254621000
6	0		575.254677000
6	0		575.279698000
6	1418		575.280252000
6	0		575.294440000
6	12		575.294692000
6	1418		575.300879000
6	68		575.304130000
6	52		575.327398000
6	0		575.327440000
6	0		575.327461000
6	0		575.328612000
6	0		575.334132000
6	12		575.334160000
6	0		575.334186000
6	1		575.334351000
6	4		575.334370000
6	32		575.334379000
6	0		575.334390000
6	0		575.341670000
6	1420		575.342202000
6	0		575.351775000
6	1420		575.355144000
6	0		575.373819000
6	0		575.373856000
6	0		575.373860000
6	0		575.373863000
6	0		575.373875000
6	1420		575.381157000
6	1420		575.407115000
6	0		575.527764000
6	1420		575.528266000
6	1420		575.541239000
6	1420		575.567226000
6	0		575.589696000
6	1418		575.590245000
6	1420		575.593192000
6	1418		575.610923000
6	0		575.714520000
6	1420		575.715086000
6	1420		575.728036000
6	1420		575.754042000
6	1420		575.779996000
6	0		575.900636000
6	1418		575.901146000
6	1418		575.921840000
6	0		575.963518000
6	1420		575.964029000
6	1420		575.981536000
6	1420		576.007435000
6	1420		576.029076000
6	0		576.117413000
6	0		576.117475000
6	0		576.147896000
6	1420		576.148473000
6	1420		576.161436000
6	1420		576.187509000
6	1420		576.213509000
6	0		576.272719000
6	1418		576.273348000
6	1418		576.294042000
6	0		576.333942000
6	1420		576.334472000
6	1420		576.347485000
6	1420		576.373440000
6	1420		576.399440000
6	0		576.437879000
6	0		576.520703000
6	1420		576.521234000
6	1420		576.534249000
6	1420		576.560209000
6	0		576.581950000
6	1418		576.582544000
6	1420		576.586194000
6	24		576.603147000
6	0		576.767830000
6	1420		576.768806000
6	1420		576.781721000
6	1420		576.807698000
6	1420		576.833669000
6	0		576.892133000
6	1418		576.892663000
6	1418		576.913329000
6	0		576.954294000
6	1420		576.954799000
6	1420		576.967821000
6	1420		576.993777000
6	1420		577.019739000
6	0		577.070451000
6	0		577.070511000
6	0		577.078131000
6	1420		577.078675000
6	1420		577.091651000
6	1420		577.118289000
6	0		577.140347000
6	1418		577.140865000
6	1420		577.143589000
6	1418		577.161565000
6	0		577.264184000
6	1420		577.264705000
6	1420		577.277688000
6	1420		577.303644000
6	1420		577.329652000
6	0		577.450214000
6	1418		577.450732000
6	1418		577.471429000
6	0		577.512403000
6	1420		577.512927000
6	1420		577.525945000
6	1420		577.551920000
6	1420		577.577883000
6	0		577.698503000
6	1420		577.699066000
6	1420		577.712015000
6	1420		577.737990000
6	1420		577.763965000
6	0		577.822288000
6	1418		577.822872000
6	1418		577.843549000
6	0		577.884461000
6	1420		577.885015000
6	1420		577.897991000
6	1420		577.923986000
6	1420		577.949925000
6	0		578.070398000
6	1420		578.070924000
6	1420		578.083880000
6	1420		578.109865000
6	0		578.132599000
6	1418		578.133145000
6	1420		578.135827000
6	1418		578.153795000
6	0		578.317702000
6	1420		578.318262000
6	1420		578.331241000
6	1420		578.357211000
6	0		578.379739000
6	1418		578.380250000
6	1420		578.383189000
6	1418		578.401060000
6	0		578.503681000
6	1418		578.504246000
6	1418		578.524916000
6	0		578.570976000
6	0		578.628419000
6	1418		578.628927000
6	1418		578.649613000
6	0		578.689867000
6	0		578.689913000
6	0		578.690765000
6	0		578.707827000
6	0		578.752323000
6	1418		578.752881000
6	1418		578.773553000
6	0		578.876097000
6	1418		578.876636000
6	1418		578.897335000
6	0		578.938146000
6	0		578.938206000
6	0		578.938217000
6	0		578.938224000
6	0		578.938242000
6	0		578.938723000
6	0		578.993210000
6	0		579.000219000
6	0		579.061758000
6	0		579.061787000
6	1418		579.062475000
6	0		579.123869000
6	0		579.186059000
6	0		579.241603000
6	0		579.247964000
6	0		579.247991000
6	0		579.248000000
6	74		579.248008000
6	517		579.248015000
6	92		579.248019000
6	0		579.248512000
6	0		579.248541000
6	2836		579.255670000
6	3978		579.255734000
6	0		579.310165000
6	0		579.372347000
6	0		579.434570000
6	0		579.495778000
6	0		579.557992000
6	0		579.620159000
6	0		579.682431000
6	0		579.744636000
6	0		579.744665000
6	0		579.745107000
6	0		579.805818000
6	0		579.868582000
6	0		579.929773000
6	0		579.991990000
6	0		579.992019000
6	0		579.992455000
6	0		580.053725000
6	0		580.115926000
6	0		580.178086000
6	0		580.178117000
6	0		580.240431000
6	0		580.302700000
6	0		580.363860000
6	0		580.426069000
6	0		580.488255000
6	0		580.488286000
6	0		580.550452000
6	0		580.611664000
6	0		580.673779000
6	0		580.735912000
6	0		580.798284000
6	0		580.860539000
6	0		580.921681000
6	0		580.983873000
6	0		581.046076000
6	0		581.108289000
6	0		581.170437000
6	0		581.232645000
6	0		581.293869000
6	0		581.356036000
6	0		581.418260000
6	0		581.480480000
6	0		581.541782000
6	0		581.603966000
6	0		581.666126000
6	0		581.666149000
6	0		581.728329000
6	0		581.728357000
6	0		581.728801000
6	0		581.790063000
6	0		581.852252000
6	0		581.914524000
6	0		581.976463000
6	1086		581.976507000
6	0		581.976536000
6	0		581.976951000
6	0		581.976977000
6	0		582.100767000
6	1420		582.101274000
6	1420		582.114247000
6	1420		582.140273000
6	1420		582.166247000
6	1420		582.192202000
6	1420		582.218181000
6	0		582.223937000
6	1420		582.244147000
6	1420		582.270109000
6	1420		582.296138000
6	1420		582.322072000
6	1420		582.348070000
6	0		582.348269000
6	1420		582.374022000
6	1420		582.400006000
6	0		582.410512000
6	1420		582.425976000
6	1420		582.451975000
6	1420		582.477931000
6	1420		582.503903000
6	1420		582.529897000
6	0		582.534140000
6	1420		582.555855000
6	1420		582.581840000
6	1420		582.607818000
6	1420		582.633803000
6	0		582.658341000
6	1420		582.659774000
6	1420		582.685738000
6	1420		582.711714000
6	1420		582.737688000
6	1420		582.763681000
6	0		582.782456000
6	0		582.782490000
6	1418		582.782965000
6	1420		582.789652000
6	1418		582.803692000
6	1420		582.815630000
6	1420		582.841626000
6	1418		582.844994000
6	1420		582.867595000
6	1418		582.886314000
6	1420		582.893552000
6	0		582.906469000
6	1420		582.919523000
6	1418		582.927692000
6	1420		582.945511000
6	1418		582.969005000
6	1420		582.971479000
6	1420		582.997457000
6	1418		583.010371000
6	1420		583.023434000
6	0		583.029999000
6	0		583.030045000
6	1420		583.049432000
6	1418		583.051698000
6	1420		583.075392000
6	1418		583.093027000
6	1420		583.101367000
6	1420		583.127370000
6	1418		583.134409000
6	1420		583.153345000
6	0		583.153820000
6	1418		583.175737000
6	1420		583.179300000
6	1420		583.205279000
6	1418		583.217068000
6	1420		583.231251000
6	1420		583.257224000
6	1418		583.258487000
6	0		583.277739000
6	1420		583.283195000
6	1418		583.299788000
6	1420		583.309186000
6	1420		583.335161000
6	1418		583.341083000
6	1420		583.361121000
6	1418		583.382440000
6	1420		583.387083000
6	0		583.401757000
6	1420		583.413086000
6	1418		583.423798000
6	1420		583.439068000
6	1420		583.465018000
6	1418		583.465086000
6	1420		583.491011000
6	0		583.495225000
6	1418		583.506469000
6	1420		583.516994000
6	0		583.526518000
6	1420		583.542994000
6	1418		583.547818000
6	1420		583.568927000
6	1418		583.589127000
6	1420		583.594916000
6	1420		583.620880000
6	1418		583.630492000
6	1420		583.646876000
6	0		583.649666000
6	1418		583.671851000
6	1420		583.672824000
6	1420		583.698872000
6	1418		583.713259000
6	1420		583.724799000
6	1420		583.750781000
6	1418		583.754513000
6	0		583.774232000
6	1420		583.776743000
6	0		583.777119000
6	1418		583.795906000
6	1420		583.802712000
6	1420		583.828716000
6	1418		583.837240000
6	1420		583.854675000
6	1418		583.878549000
6	1420		583.880638000
6	0		583.898090000
6	1420		583.906629000
6	1418		583.919900000
6	1420		583.932629000
6	1420		583.958587000
6	1418		583.961213000
6	1420		583.984560000
6	1418		584.002607000
6	1420		584.010541000
6	0		584.022222000
6	0		584.033524000
6	1420		584.036513000
6	1418		584.043927000
6	1420		584.062536000
6	1418		584.085259000
6	1420		584.088483000
6	1420		584.114450000
6	1418		584.126609000
6	1420		584.140427000
6	0		584.146102000
6	1420		584.166424000
6	1418		584.167934000
6	1420		584.192378000
6	1418		584.209282000
6	1420		584.218345000
6	1420		584.244361000
6	1418		584.250642000
6	0		584.270142000
6	1420		584.270288000
6	1418		584.291983000
6	1420		584.296304000
6	1420		584.322280000
6	1418		584.333306000
6	1420		584.348241000
6	1420		584.374255000
6	1418		584.374646000
6	0		584.393916000
6	1420		584.400191000
6	1418		584.416010000
6	1420		584.426176000
6	1420		584.452158000
6	1418		584.457348000
6	1420		584.478130000
6	1418		584.498691000
6	1420		584.504098000
6	0		584.518590000
6	1420		584.530117000
6	1418		584.540022000
6	1420		584.556050000
6	1418		584.581350000
6	1420		584.581988000
6	1420		584.608022000
6	1418		584.622714000
6	1420		584.633991000
6	0		584.642513000
6	1420		584.659975000
6	1418		584.664051000
6	1420		584.685910000
6	1418		584.705398000
6	1420		584.711916000
6	1420		584.737925000
6	1418		584.746738000
6	1420		584.763922000
6	0		584.766301000
6	1418		584.788074000
6	1420		584.789822000
6	1420		584.815814000
6	1418		584.829416000
6	1420		584.841779000
6	1420		584.867767000
6	1418		584.870751000
6	0		584.890253000
6	1420		584.893745000
6	1418		584.912101000
6	1420		584.919730000
6	1420		584.945707000
6	1418		584.953452000
6	1420		584.971659000
6	1418		584.994827000
6	1420		584.997648000
6	0		585.014352000
6	1420		585.023616000
6	1418		585.036127000
6	1420		585.049593000
6	1420		585.075573000
6	0		585.075792000
6	0		585.076809000
6	1418		585.077528000
6	1420		585.101573000
6	1418		585.118811000
6	1420		585.127546000
6	0		585.138124000
6	1420		585.153489000
6	1418		585.160176000
6	1420		585.179516000
6	1418		585.201596000
6	1420		585.205483000
6	1420		585.231476000
6	1418		585.242874000
6	1420		585.257434000
6	0		585.262044000
6	1420		585.283414000
6	1418		585.284173000
6	1420		585.309431000
6	1418		585.325518000
6	1420		585.335381000
6	1420		585.361306000
6	0		585.364359000
6	0		585.364415000
6	1418		585.366860000
6	0		585.384165000
6	0		585.385958000
6	1420		585.387450000
6	1418		585.408241000
6	1420		585.413278000
6	1420		585.439245000
6	1418		585.449567000
6	1420		585.465225000
6	1418		585.490917000
6	1420		585.491178000
6	0		585.510059000
6	1420		585.517176000
6	1418		585.532276000
6	1420		585.543166000
6	1420		585.569101000
6	1418		585.573591000
6	1420		585.595109000
6	1418		585.614937000
6	1420		585.621084000
6	0		585.634817000
6	0		585.642217000
6	1420		585.647070000
6	41		585.648520000
6	1418		585.656267000
6	1420		585.673040000
6	0		585.696046000
6	1418		585.697631000
6	1420		585.699013000
6	1420		585.724978000
6	1418		585.738979000
6	1420		585.751056000
6	1420		585.776929000
6	1418		585.780298000
6	1420		585.802935000
6	0		585.819665000
6	1418		585.821666000
6	1420		585.828903000
6	1420		585.854852000
6	1418		585.862994000
6	1420		585.880854000
6	0		585.882206000
6	0		585.882709000
6	1418		585.904321000
6	1420		585.906823000
6	0		585.925502000
6	21		585.928798000
6	0		585.928845000
6	1080		585.930014000
6	1420		585.932781000
6	0		585.944440000
6	1418		585.945675000
6	1420		585.958762000
6	1420		585.984783000
6	1418		585.987017000
6	1420		586.010713000
6	1418		586.028360000
6	1420		586.036691000
6	1420		586.062703000
6	0		586.068495000
6	1418		586.069672000
6	1420		586.088660000
6	1418		586.111052000
6	1420		586.114630000
6	0		586.130112000
6	0		586.130137000
6	0		586.130589000
6	0		586.130683000
6	1420		586.140620000
6	1418		586.152385000
6	1420		586.166657000
6	0		586.192153000
6	1420		586.192556000
6	1418		586.193718000
6	0		586.207085000
6	440		586.207130000
6	1420		586.218542000
6	1418		586.235052000
6	1420		586.244561000
6	0		586.250238000
6	0		586.254309000
6	1420		586.270472000
6	1418		586.276427000
6	1420		586.296501000
6	1418		586.317746000
6	1420		586.322430000
6	1420		586.348452000
6	1418		586.359093000
6	1420		586.374411000
6	0		586.378119000
6	1420		586.400374000
6	1418		586.400430000
6	1420		586.426366000
6	1418		586.441756000
6	1420		586.452307000
6	1420		586.478341000
6	1418		586.483137000
6	1420		586.504257000
6	1418		586.524478000
6	48		586.527259000
6	0		586.527307000
6	1420		586.530231000
6	280		586.532961000
6	1420		586.556238000
6	0		586.564547000
6	0		586.564586000
6	1418		586.565801000
6	1420		586.582230000
6	1418		586.607152000
6	1420		586.608181000
6	1420		586.634170000
6	1418		586.648489000
6	1420		586.660133000
6	1420		586.686100000
6	0		586.687767000
6	1418		586.689816000
6	1420		586.712107000
6	1418		586.731178000
6	1420		586.738065000
6	1420		586.764075000
6	1418		586.772519000
6	1420		586.790021000
6	0		586.810236000
6	0		586.812591000
6	1418		586.813913000
6	1420		586.815984000
6	16		586.820609000
6	1420		586.841970000
6	1418		586.855189000
6	0		586.862220000
6	1420		586.867952000
6	1420		586.893940000
6	1418		586.896637000
6	1420		586.923492000
6	0		586.935870000
6	1418		586.937892000
6	1420		586.945894000
6	1420		586.971851000
6	1418		586.979257000
6	1420		586.997871000
6	1418		587.020548000
6	1420		587.023853000
6	1420		587.049789000
6	1418		587.061912000
6	1420		587.075760000
6	1420		587.101737000
6	1418		587.103228000
6	0		587.122306000
6	1420		587.127701000
6	52		587.138733000
6	0		587.138778000
6	52		587.138884000
6	1418		587.144599000
6	1420		587.153705000
6	1420		587.179683000
6	0		587.184060000
6	1418		587.185921000
6	1420		587.205655000
6	1418		587.227296000
6	1420		587.231634000
6	0		587.246251000
6	1420		587.257615000
6	1418		587.268625000
6	1420		587.283594000
6	1420		587.309561000
6	1418		587.309928000
6	1420		587.335526000
6	1418		587.351330000
6	1420		587.361490000
6	1420		587.387468000
6	1418		587.392667000
6	1420		587.413449000
6	84		587.416425000
6	0		587.432434000
6	0		587.432466000
6	1418		587.434007000
6	1420		587.439531000
6	0		587.458223000
6	1420		587.465404000
6	1418		587.475343000
6	1420		587.491448000
6	1418		587.516695000
6	1420		587.517463000
6	1420		587.543369000
6	0		587.555930000
6	1418		587.558018000
6	1420		587.569288000
6	1420		587.595296000
6	1418		587.599382000
6	1420		587.621259000
6	1418		587.640716000
6	1420		587.647254000
6	1420		587.673207000
6	0		587.679871000
6	1418		587.682033000
6	1420		587.699192000
6	1418		587.723425000
6	1420		587.725211000
6	1420		587.751130000
6	1418		587.764716000
6	1420		587.777114000
6	1420		587.803070000
6	1418		587.806053000
6	1420		587.829069000
6	1418		587.847422000
6	1420		587.855027000
6	0		587.865707000
6	1420		587.881026000
6	1418		587.888749000
6	1420		587.907055000
6	0		587.928590000
6	1418		587.930083000
6	1420		587.932984000
6	1420		587.958952000
6	1418		587.971442000
6	1420		587.985007000
6	1420		588.010879000
6	1418		588.012786000
6	1420		588.036893000
6	0		588.052544000
6	1418		588.054103000
6	1420		588.062864000
6	1420		588.088829000
6	1418		588.095468000
6	0		588.113841000
6	0		588.114359000
6	1420		588.114784000
6	1418		588.136799000
6	1420		588.140797000
6	1420		588.166785000
6	0		588.176080000
6	1418		588.178147000
6	1420		588.192756000
6	1420		588.218768000
6	1418		588.219581000
6	1420		588.244707000
6	1418		588.260849000
6	1420		588.270653000
6	1420		588.296675000
6	0		588.300016000
6	1418		588.302171000
6	1420		588.322611000
6	1418		588.343544000
6	1420		588.348615000
6	1418		588.384855000
6	0		588.424191000
6	1418		588.426204000
6	1418		588.467563000
6	0		588.610514000
6	0		588.610539000
6	0		588.733755000
6	0		588.795830000
6	0		588.850682000
6	0		588.850729000
6	0		588.920178000
6	0		589.044533000
6	0		589.044559000
6	0		589.168104000
6	0		589.250675000
6	68		589.259008000
6	0		589.354242000
6	0		589.354271000
6	0		589.478610000
6	52		589.536085000
6	0		589.536130000
6	0		589.536152000
6	0		589.537624000
6	0		589.664690000
6	0		589.725876000
6	0		589.815471000
6	0		589.850268000
6	0		589.921096000
6	0		589.974663000
6	0		590.097747000
6	0		590.128174000
6	0		590.177523000
6	0		590.221681000
6	0		590.408425000
6	0		590.408458000
6	0		590.593850000
6	0		590.655996000
6	0		590.780518000
6	0		590.966534000
6	0		590.966562000
6	0		590.966570000
6	0		591.089995000
6	0		591.214189000
6	0		591.375504000
6	0		591.375577000
6	0		591.399662000
6	0		591.399688000
6	0		591.414494000
6	12		591.414732000
6	0		591.453199000
6	12		591.453242000
6	0		591.453253000
6	1		591.453360000
6	4		591.453374000
6	32		591.453381000
6	0		591.453392000
6	0		591.491846000
6	0		591.491881000
6	0		591.491885000
6	0		591.491936000
6	0		591.491949000
6	0		591.586234000
6	0		591.710592000
6	0		591.772532000
6	0		591.896126000
6	0		592.020488000
6	0		592.144418000
6	0		592.144445000
6	0		592.268268000
6	0		592.268763000
6	0		592.330449000
6	0		592.330474000
6	0		592.454379000
6	0		592.577760000
6	0		592.764434000
6	0		592.764459000
6	0		592.887690000
6	0		593.074481000
6	0		593.074512000
6	0		593.259737000
6	0		593.321930000
6	0		593.446318000
6	0		593.632479000
6	0		593.632510000
6	0		593.756274000
6	0		593.942459000
6	0		593.942488000
6	0		594.066237000
6	0		594.066720000
6	0		594.128092000
6	0		594.190274000
6	0		594.252461000
6	0		594.313751000
6	0		594.314182000
6	0		594.375950000
6	0		594.499864000
6	0		594.686415000
6	0		594.686448000
6	0		594.871749000
6	0		594.996083000
6	0		595.120553000
6	0		595.181735000
6	0		595.306025000
6	0		595.430456000
6	0		595.491653000
6	0		595.615936000
6	0		595.740411000
6	0		595.864611000
6	0		595.925821000
6	0		596.050213000
6	0		596.236417000
6	0		596.236449000
6	0		596.272188000
6	0		596.359720000
6	0		596.484025000
6	0		596.608450000
6	0		596.794028000
6	0		596.856235000
6	0		596.980648000
6	0		597.104077000
6	0		597.228481000
6	0		597.351834000
6	0		597.476206000
6	0		597.600549000
6	0		597.723872000
6	0		597.848200000
6	0		597.972570000
6	0		598.095952000
6	0		598.220356000
6	0		598.405877000
6	0		598.405904000
6	0		598.530224000
6	0		598.654047000
6	0		598.778392000
6	0		598.840634000
6	0		598.963995000
6	0		599.088347000
6	0		599.212478000
6	0		599.336069000
6	0		599.398265000
6	0		599.494406000
6	0		599.494476000
6	0		599.522231000
6	0		599.533574000
6	12		599.533831000
6	0		599.572930000
6	12		599.572961000
6	0		599.572972000
6	1		599.573168000
6	4		599.573187000
6	32		599.573198000
6	0		599.573213000
6	0		599.612205000
6	0		599.612242000
6	0		599.612275000
6	0		599.612372000
6	0		599.612394000
6	0		599.708524000
6	0		599.708551000
6	0		599.832580000
6	0		600.019117000
6	0		600.206511000
6	0		600.580595000
6	0		600.580639000
6	0		600.581196000
6	0		600.954416000
6	0		601.141623000
6	0		601.328539000
6	0		601.514862000
6	0		601.702165000
6	0		601.714360000
6	0		601.889527000
6	0		602.263222000
6	0		602.401079000
6	0		602.401462000
6	0		602.824375000
6	0		603.011638000
6	0		603.385053000
6	0		603.946020000
6	0		604.133282000
6	0		604.507534000
6	0		604.507559000
6	0		604.880793000
6	0		604.880829000
6	0		604.880840000
6	517		604.880848000
6	0		604.881502000
6	2792		604.882565000
6	2387		604.882627000
6	0		605.255448000
6	0		605.629185000
6	0		605.629205000
6	0		605.629210000
6	517		605.629216000
6	0		605.629692000
6	2792		605.630832000
6	2387		605.630860000
6	0		605.816282000
6	0		606.003571000
6	0		606.189889000
6	0		606.189947000
6	0		606.377192000
6	0		606.564526000
6	0		606.750842000
6	0		606.750864000
6	0		606.750869000
6	74		606.750875000
6	92		606.750880000
6	0		606.751721000
6	0		607.125434000
6	0		607.499065000
6	0		607.613830000
6	0		607.613898000
6	0		607.653212000
6	12		607.653450000
6	0		607.692644000
6	12		607.692689000
6	0		607.692703000
6	1		607.692925000
6	4		607.692948000
6	32		607.692959000
6	0		607.692972000
6	0		607.732115000
6	0		607.732161000
6	0		607.732167000
6	0		607.732172000
6	0		607.732190000
6	0		607.873741000
6	0		608.246987000
6	0		608.621563000
6	0		608.624188000
6	0		608.994963000
6	0		609.369596000
6	0		609.555919000
6	0		609.930537000
6	0		610.304073000
6	0		610.371671000
6	0		610.371721000
6	0		610.528492000
6	0		610.678688000
6	0		611.052282000
6	0		611.425850000
6	0		611.986923000
6	0		612.174089000
6	0		612.548720000
6	0		613.109617000
6	0		613.295927000
6	0		613.856806000
6	0		614.044404000
6	0		614.418749000
6	0		614.979458000
6	0		614.979485000
6	0		615.540437000
6	0		615.727743000
6	0		615.733528000
6	0		615.733584000
6	0		615.773149000
6	12		615.773422000
6	0		615.812877000
6	12		615.812968000
6	0		615.812983000
6	1		615.813186000
6	4		615.813204000
6	32		615.813212000
6	0		615.813224000
6	0		615.852556000
6	0		615.852649000
6	0		615.852655000
6	0		615.852659000
6	0		615.852671000
6	0		615.852725000
6	0		616.287980000
6	0		616.475442000
6	0		616.662535000
6	0		616.663020000
6	0		616.849038000
6	0		617.410417000
6	0		617.410445000
6	0		617.971285000
6	0		618.158536000
6	0		618.719488000
6	0		618.905809000
6	0		619.093310000
6	0		619.654386000
6	0		619.654419000
6	0		620.215444000
6	0		620.215474000
6	0		620.589578000
6	0		621.150617000
6	0		621.336902000
6	1420		621.337812000
6	0		621.897821000
6	1420		621.898345000
6	1420		621.911299000
6	1420		621.937273000
6	1420		621.963292000
6	0		622.085650000
6	1418		622.086637000
6	1418		622.106860000
6	0		622.459530000
6	1420		622.460062000
6	1420		622.473015000
6	1420		622.499013000
6	1420		622.524976000
6	0		623.020413000
6	0		623.020437000
6	1420		623.020906000
6	1418		623.020984000
6	1420		623.033908000
6	1418		623.041674000
6	1420		623.059894000
6	1420		623.085855000
6	0		623.394567000
6	0		623.580932000
6	1418		623.581455000
6	1418		623.602131000
6	1418		623.643505000
6	1418		623.684800000
6	0		623.768047000
6	1420		623.768577000
6	1420		623.781542000
6	1420		623.807525000
6	1420		623.833508000
6	0		623.853478000
6	0		623.853535000
6	0		623.892902000
6	12		623.893168000
6	0		623.932567000
6	12		623.932608000
6	0		623.932621000
6	1		623.932846000
6	4		623.932864000
6	32		623.932896000
6	0		623.932908000
6	0		623.972356000
6	0		623.972719000
6	0		623.972773000
6	0		623.972805000
6	0		623.972819000
6	0		624.329486000
6	1420		624.330013000
6	1420		624.342981000
6	1420		624.368936000
6	1420		624.394930000
6	0		624.515799000
6	1418		624.516355000
6	1418		624.537005000
6	1418		624.578369000
6	1418		624.619693000
6	0		624.820815000
6	0		624.820872000
6	0		624.862138000
6	0		624.890317000
6	1420		624.890862000
6	1420		624.903807000
6	1420		624.929811000
6	1420		624.955775000
6	0		625.451439000
6	0		625.451466000
6	1420		625.451926000
6	1418		625.451952000
6	1420		625.464929000
6	1418		625.472650000
6	1420		625.490876000
6	1420		625.516865000
6	0		626.011840000
6	1418		626.012401000
6	1418		626.033087000
6	1418		626.074424000
6	1418		626.115753000
6	0		626.199096000
6	0		626.199122000
6	1420		626.199607000
6	1420		626.212591000
6	1420		626.238569000
6	1420		626.264568000
6	0		626.760577000
6	1420		626.761103000
6	1420		626.774075000
6	1420		626.800054000
6	1420		626.826056000
6	0		626.946926000
6	1418		626.947444000
6	1418		626.968115000
6	1418		627.009475000
6	1418		627.050816000
6	0		627.321469000
6	1420		627.321944000
6	1420		627.334944000
6	1420		627.360944000
6	1420		627.386899000
6	0		627.882474000
6	0		627.882503000
6	1420		627.883008000
6	1418		627.883050000
6	1420		627.895981000
6	1418		627.903724000
6	1420		627.922002000
6	1420		627.947945000
6	0		628.442882000
6	1418		628.443421000
6	1418		628.464078000
6	1418		628.505440000
6	1418		628.546778000
6	0		628.630160000
6	1420		628.630725000
6	1420		628.643695000
6	1420		628.669654000
6	1420		628.695688000
6	0		629.191695000
6	1420		629.192202000
6	1420		629.205190000
6	1420		629.231181000
6	1420		629.257162000
6	0		629.378054000
6	1418		629.378553000
6	1418		629.399226000
6	1418		629.440615000
6	1418		629.481929000
6	0		629.752645000
6	1420		629.753185000
6	1420		629.766189000
6	1420		629.792133000
6	1420		629.818086000
6	0		629.921223000
6	0		629.921291000
6	0		630.126135000
6	1420		630.126654000
6	0		630.137827000
6	1420		630.139609000
6	41		630.143777000
6	22		630.153821000
6	0		630.153863000
6	1420		630.165616000
6	1420		630.191623000
6	0		630.312990000
6	1418		630.313533000
6	1418		630.334186000
6	0		630.359290000
6	1080		630.359332000
6	1418		630.375593000
6	976		630.378880000
6	0		630.378932000
6	1418		630.416872000
6	0		630.614778000
6	0		630.874813000
6	1420		630.875337000
6	1420		630.888350000
6	1420		630.914319000
6	1420		630.940279000
6	0		631.061448000
6	1418		631.061959000
6	1418		631.082634000
6	48		631.337739000
6	0		631.337792000
6	388		631.343376000
6	0		631.435335000
6	1420		631.435877000
6	1420		631.448863000
6	1420		631.474862000
6	1420		631.500809000
6	0		631.558691000
6	0		631.622757000
6	1418		631.623268000
6	1418		631.643951000
6	1418		631.685287000
6	1418		631.726632000
6	0		631.996287000
6	1420		631.996811000
6	1420		632.009775000
6	1420		632.035742000
6	1420		632.061724000
6	0		632.557688000
6	1418		632.558216000
6	1418		632.578867000
6	1418		632.620215000
6	1418		632.661541000
6	0		632.688571000
6	0		632.743877000
6	1420		632.744387000
6	1420		632.757392000
6	1420		632.783386000
6	1420		632.809371000
6	16		632.897675000
6	0		632.938240000
6	0		633.305291000
6	1420		633.305820000
6	1420		633.318774000
6	1420		633.344811000
6	1420		633.370742000
6	0		633.492445000
6	1418		633.492985000
6	1418		633.513652000
6	0		633.829028000
6	0		633.829081000
6	0		633.866417000
6	1420		633.866971000
6	0		633.876226000
6	0		633.876281000
6	1420		633.879904000
6	0		633.894791000
6	1420		633.905920000
6	1420		633.931887000
6	0		634.053682000
6	1418		634.054241000
6	1418		634.074923000
6	1418		634.116687000
6	1418		634.157627000
6	0		634.427284000
6	1420		634.427798000
6	1420		634.440771000
6	1420		634.466780000
6	1420		634.492753000
6	0		634.800968000
6	0		634.801996000
6	0		634.988399000
6	1418		634.988956000
6	1418		635.009605000
6	1418		635.050938000
6	1418		635.092316000
6	52		635.118496000
6	0		635.118529000
6	52		635.118640000
6	0		635.169492000
6	0		635.175669000
6	1420		635.176189000
6	1420		635.189194000
6	1420		635.215180000
6	1420		635.241148000
6	0		635.334155000
6	84		635.383531000
6	0		635.426235000
6	0		635.548893000
6	0		635.549400000
6	0		635.681628000
6	0		635.736177000
6	1420		635.736694000
6	1420		635.749714000
6	1420		635.775669000
6	1420		635.801621000
6	0		635.923457000
6	1418		635.924004000
6	1418		635.944678000
6	0		636.297454000
6	1420		636.297990000
6	1420		636.310977000
6	1420		636.336933000
6	1420		636.362936000
6	0		636.483745000
6	1418		636.484256000
6	1418		636.504951000
6	1418		636.546285000
6	1418		636.587638000
6	0		636.858300000
6	1420		636.858814000
6	1420		636.871800000
6	1420		636.897793000
6	1420		636.923771000
6	0		637.358312000
6	0		637.358355000
6	0		637.418860000
6	1418		637.419356000
6	1418		637.440022000
6	1418		637.481396000
6	52		637.483593000
6	1418		637.522729000
6	0		637.605978000
6	1420		637.606480000
6	1420		637.619462000
6	1420		637.645465000
6	1420		637.671433000
6	0		637.699317000
6	52		637.706008000
6	0		637.706045000
6	0		637.706065000
6	0		637.707561000
6	0		637.922984000
6	0		638.167423000
6	1420		638.167929000
6	1420		638.180950000
6	1420		638.206918000
6	1420		638.232868000
6	0		638.354448000
6	517		638.354471000
6	0		638.354479000
6	1418		638.355248000
6	0		638.355462000
6	2836		638.362934000
6	2836		638.362990000
6	1142		638.362999000
6	1418		638.375914000
6	0		638.728644000
6	1420		638.729192000
6	1420		638.742201000
6	1420		638.768132000
6	1420		638.794129000
6	0		638.914989000
6	1418		638.915476000
6	1418		638.936163000
6	1418		638.977509000
6	1418		639.018834000
6	0		639.289452000
6	1420		639.289970000
6	1420		639.302959000
6	1420		639.328924000
6	1420		639.354915000
6	0		639.850120000
6	0		639.850144000
6	1420		639.850699000
6	1418		639.850722000
6	1420		639.865494000
6	1418		639.871404000
6	1420		639.889671000
6	1418		639.912744000
6	1420		639.915638000
6	1418		639.954066000
6	0		640.411008000
6	1420		640.411540000
6	1420		640.424500000
6	1420		640.450471000
6	1420		640.476517000
6	0		640.598428000
6	1418		640.598919000
6	1418		640.619610000
6	0		640.972303000
6	1420		640.972817000
6	1420		640.985782000
6	1420		641.011792000
6	1420		641.037755000
6	0		641.159566000
6	1418		641.160032000
6	1418		641.180723000
6	1418		641.222076000
6	1418		641.263417000
6	0		641.533793000
6	1420		641.534333000
6	1420		641.547319000
6	1420		641.573274000
6	1420		641.599284000
6	0		641.720104000
6	0		642.094304000
6	1418		642.094819000
6	1418		642.115493000
6	1418		642.156845000
6	1418		642.198187000
6	0		642.281755000
6	1420		642.282295000
6	1420		642.295243000
6	1420		642.321293000
6	1420		642.347212000
6	0		642.842169000
6	1420		642.842680000
6	1420		642.855682000
6	1420		642.881674000
6	1420		642.907647000
6	0		643.029549000
6	1418		643.030078000
6	1418		643.050750000
6	1418		643.092105000
6	1418		643.133453000
6	0		643.403071000
6	1420		643.403595000
6	1420		643.416559000
6	1420		643.442551000
6	1420		643.468545000
6	0		643.964492000
6	0		643.964516000
6	1420		643.964995000
6	1418		643.965021000
6	1420		643.977990000
6	1418		643.985711000
6	1420		644.003964000
6	1420		644.029935000
6	0		644.338589000
6	0		644.344868000
6	0		644.524916000
6	1418		644.525445000
6	1418		644.546128000
6	1418		644.587463000
6	1418		644.628797000
6	0		644.712647000
6	1420		644.713178000
6	1420		644.726143000
6	1420		644.752102000
6	1420		644.778109000
6	0		645.273154000
6	1420		645.273685000
6	1420		645.286695000
6	1420		645.312649000
6	1420		645.338622000
6	0		645.460424000
6	1418		645.460935000
6	1418		645.481618000
6	1418		645.522972000
6	1418		645.564318000
6	0		645.833959000
6	1420		645.834468000
6	1420		645.847457000
6	1420		645.873413000
6	1420		645.899399000
6	0		646.395496000
6	0		646.395521000
6	1420		646.396029000
6	1418		646.396058000
6	1420		646.408997000
6	1418		646.416767000
6	1420		646.434951000
6	1420		646.460957000
6	0		646.955966000
6	1418		646.956485000
6	1418		646.977151000
6	1418		647.018491000
6	1418		647.059828000
6	0		647.143189000
6	1420		647.143693000
6	1420		647.156685000
6	1420		647.182657000
6	1420		647.208641000
6	0		647.704664000
6	0		647.704695000
6	1420		647.705170000
6	1420		647.718134000
6	1420		647.744156000
6	1420		647.770103000
6	0		647.891002000
6	1418		647.891574000
6	1418		647.912225000
6	1418		647.953567000
6	1418		647.994927000
6	0		648.265648000
6	1420		648.266195000
6	1420		648.279169000
6	1420		648.305182000
6	1420		648.331130000
6	0		648.355853000
6	0		648.826466000
6	0		648.826495000
6	1420		648.827008000
6	1418		648.827047000
6	1420		648.839977000
6	1418		648.847722000
6	1420		648.865962000
6	1420		648.891942000
6	0		649.138820000
6	0		649.138871000
6	0		649.386987000
6	1418		649.387588000
6	1418		649.408261000
6	1418		649.449628000
6	1418		649.490942000
6	0		649.574089000
6	1420		649.574588000
6	1420		649.587593000
6	1420		649.613570000
6	1420		649.639538000
6	0		650.134780000
6	1420		650.135313000
6	1420		650.148316000
6	1420		650.174291000
6	1420		650.200243000
6	0		650.321783000
6	1418		650.322312000
6	1418		650.342997000
6	1418		650.384321000
6	1418		650.425696000
6	0		650.509160000
6	0		650.509187000
6	0		650.696483000
6	1420		650.697029000
6	1420		650.710009000
6	1420		650.735965000
6	1420		650.761947000
6	0		651.256920000
6	0		651.256949000
6	1420		651.257394000
6	1418		651.257434000
6	1420		651.270383000
6	1418		651.278126000
6	1420		651.296368000
6	1418		651.319445000
6	1420		651.322352000
6	1418		651.360818000
6	0		651.817857000
6	1420		651.818368000
6	1420		651.831355000
6	1420		651.857335000
6	1420		651.883329000
6	0		652.005487000
6	1418		652.005988000
6	1418		652.026691000
6	0		652.379433000
6	1420		652.379941000
6	1420		652.392932000
6	1420		652.418905000
6	1420		652.444880000
6	0		652.566738000
6	1418		652.567306000
6	1418		652.587945000
6	1418		652.629308000
6	1418		652.670648000
6	0		652.940297000
6	1420		652.940817000
6	1420		652.953837000
6	1420		652.979776000
6	1420		653.005748000
6	0		653.501465000
6	0		653.501495000
6	1420		653.501992000
6	1418		653.502021000
6	1420		653.514991000
6	1418		653.522683000
6	1420		653.540947000
6	1420		653.566897000
6	0		654.061852000
6	1418		654.062356000
6	1418		654.083019000
6	1418		654.124391000
6	1418		654.165766000
6	0		654.249122000
6	1420		654.249663000
6	1420		654.262624000
6	1420		654.288635000
6	1420		654.314602000
6	0		654.810609000
6	1420		654.811118000
6	1420		654.824113000
6	1420		654.850103000
6	1420		654.876114000
6	0		654.996954000
6	1418		654.997469000
6	1418		655.018143000
6	1418		655.059489000
6	1418		655.100820000
6	0		655.183766000
6	0		655.184264000
6	0		655.371523000
6	0		655.371556000
6	0		655.371565000
6	0		655.372069000
6	1420		655.372095000
6	0		655.372632000
6	1420		655.385008000
6	1420		655.411000000
6	1420		655.436986000
6	0		655.485414000
6	0		655.673247000
6	0		655.674165000
6	0		655.932722000
6	1418		655.933230000
6	1418		655.953914000
6	1418		655.995283000
6	1418		656.036609000
6	0		656.119413000
6	0		656.119438000
6	0		656.119955000
6	1420		656.119972000
6	1420		656.132913000
6	1420		656.158905000
6	1420		656.184907000
6	0		656.493599000
6	0		656.493630000
6	0		656.494113000
6	0		656.494147000
6	0		656.680591000
6	1420		656.681121000
6	1420		656.694113000
6	1420		656.720071000
6	1420		656.746049000
6	1418		656.867441000
6	0		656.867471000
6	0		656.867906000
6	1418		656.867939000
6	1418		656.888652000
6	0		657.241375000
6	1420		657.241904000
6	1420		657.254900000
6	1420		657.280829000
6	1420		657.306838000
6	0		657.428682000
6	1418		657.429190000
6	1418		657.449849000
6	1418		657.491231000
6	1418		657.532549000
6	0		657.802194000
6	1420		657.802718000
6	1420		657.815725000
6	1420		657.841706000
6	1420		657.867680000
6	0		658.141458000
6	0		658.175870000
6	0		658.176351000
6	0		658.363179000
6	1418		658.363687000
6	1418		658.384361000
6	1418		658.425714000
6	1418		658.467033000
6	0		658.505255000
6	0		658.546226000
6	0		658.550530000
6	0		658.550553000
6	0		658.550561000
6	0		658.551071000
6	0		658.551093000
6	1420		658.551096000
6	1420		658.564045000
6	1420		658.590027000
6	1420		658.615973000
6	0		659.111025000
6	1420		659.111517000
6	1420		659.124520000
6	1420		659.150489000
6	1420		659.176506000
6	0		659.298398000
6	1418		659.298904000
6	1418		659.319589000
6	0		659.672309000
6	1420		659.672831000
6	1420		659.685832000
6	1420		659.711787000
6	1420		659.737763000
6	0		659.859660000
6	1418		659.860168000
6	1418		659.880842000
6	1418		659.922182000
6	1418		659.963526000
6	0		660.044711000
6	1420		660.045235000
6	1420		660.058210000
6	1420		660.084179000
6	1420		660.110171000
6	0		660.323890000
6	0		660.323913000
6	1418		660.324390000
6	1420		660.324431000
6	1420		660.337406000
6	1418		660.345087000
6	1420		660.363427000
6	1418		660.386402000
6	1420		660.389358000
6	1418		660.427774000
6	0		660.603409000
6	1420		660.603947000
6	1420		660.616910000
6	1420		660.642908000
6	1420		660.668874000
6	0		660.789467000
6	1418		660.789994000
6	1418		660.810701000
6	1418		660.852001000
6	0		660.881710000
6	1420		660.882266000
6	1418		660.893360000
6	1420		660.895208000
6	1420		660.921200000
6	1420		660.947173000
6	0		661.160885000
6	1420		661.161407000
6	1420		661.174381000
6	1420		661.200361000
6	1420		661.226384000
6	0		661.254107000
6	1418		661.254623000
6	1418		661.275383000
6	1418		661.316610000
6	1418		661.357972000
6	0		661.533507000
6	1420		661.534056000
6	1420		661.546992000
6	1420		661.572980000
6	1420		661.598938000
6	0		661.719507000
6	1418		661.719991000
6	1418		661.740680000
6	1418		661.782014000
6	0		661.811750000
6	1420		661.812251000
6	1418		661.823416000
6	1420		661.825237000
6	1420		661.851215000
6	1420		661.877201000
6	0		662.090893000
6	1420		662.091435000
6	1420		662.104384000
6	1420		662.130378000
6	1420		662.156375000
6	0		662.184440000
6	0		662.184469000
6	0		662.184947000
6	1418		662.184980000
6	1418		662.205678000
6	1418		662.247038000
6	1418		662.288357000
6	0		662.370613000
6	1420		662.371108000
6	1420		662.384082000
6	1420		662.410081000
6	1420		662.436054000
6	0		662.463467000
6	0		662.463507000
6	0		662.463963000
6	0		662.463989000
6	0		662.649417000
6	1418		662.649957000
6	1418		662.670606000
6	1418		662.711957000
6	0		662.742651000
6	1420		662.743162000
6	1418		662.753298000
6	1420		662.756115000
6	1420		662.782095000
6	1420		662.808102000
6	0		663.020815000
6	1420		663.021333000
6	1420		663.034317000
6	1420		663.060287000
6	1420		663.086268000
6	0		663.114060000
6	1418		663.114521000
6	1418		663.135195000
6	1418		663.176551000
6	1418		663.217896000
6	0		663.300060000
6	1420		663.300592000
6	1420		663.313580000
6	1420		663.339541000
6	1420		663.365523000
6	0		663.579328000
6	1420		663.579847000
6	1420		663.592854000
6	1420		663.618796000
6	1420		663.644796000
6	0		663.672513000
6	1418		663.673018000
6	1418		663.693716000
6	1418		663.735051000
6	1418		663.776387000
6	0		663.950944000
6	1420		663.951466000
6	1420		663.964435000
6	1420		663.990414000
6	1420		664.016367000
6	0		664.069574000
6	0		664.069642000
6	0		664.136856000
6	1418		664.137359000
6	1418		664.158038000
6	1418		664.199380000
6	0		664.230081000
6	1420		664.230604000
6	1418		664.240727000
6	1420		664.243547000
6	1420		664.269565000
6	1420		664.295545000
6	0		664.370684000
6	41		664.376378000
6	0		664.509326000
6	1420		664.509852000
6	1420		664.522821000
6	1420		664.548799000
6	1420		664.574784000
6	0		664.602496000
6	1418		664.603007000
6	1418		664.623702000
6	1418		664.665039000
6	0		664.676487000
6	21		664.676527000
6	0		664.676543000
6	1080		664.677667000
6	1418		664.706354000
6	0		664.787710000
6	1420		664.788275000
6	1420		664.801229000
6	1420		664.827206000
6	1420		664.853217000
6	0		664.978011000
6	440		664.978052000
6	0		665.018207000
6	0		665.067066000
6	0		665.067092000
6	1418		665.067580000
6	1420		665.067608000
6	1420		665.080605000
6	1418		665.088278000
6	1420		665.106575000
6	1418		665.129608000
6	1420		665.132516000
6	1418		665.170928000
6	48		665.318262000
6	0		665.318300000
6	280		665.322267000
6	0		665.346522000
6	1420		665.347031000
6	1420		665.360001000
6	1396		665.377939000
6	1420		665.385996000
6	1420		665.411968000
6	0		665.438744000
6	1418		665.439270000
6	1418		665.459936000
6	1418		665.501252000
6	1418		665.542589000
6	0		665.621815000
6	0		665.624747000
6	1420		665.625199000
6	1420		665.638230000
6	1420		665.664175000
6	1420		665.690162000
6	16		665.757612000
6	0		665.798238000
6	1396		665.889641000
6	0		665.903840000
6	1420		665.904360000
6	1420		665.917324000
6	1420		665.943328000
6	1420		665.969389000
6	0		665.997120000
6	1418		665.997587000
6	1418		666.018254000
6	1418		666.059607000
6	52		666.097792000
6	0		666.097831000
6	52		666.097923000
6	1418		666.100944000
6	0		666.205470000
6	0		666.276389000
6	1420		666.276920000
6	1420		666.289913000
6	1420		666.315870000
6	1420		666.341875000
6	0		666.398269000
6	84		666.399379000
6	0		666.442233000
6	0		666.462409000
6	0		666.462437000
6	1418		666.462926000
6	0		666.482223000
6	1418		666.483575000
6	0		666.505282000
6	1418		666.524959000
6	0		666.555592000
6	1420		666.556120000
6	1418		666.566290000
6	1420		666.569088000
6	1420		666.595099000
6	1420		666.621039000
6	0		666.833651000
6	1420		666.834184000
6	1420		666.847155000
6	1420		666.873139000
6	1420		666.899096000
6	0		666.927482000
6	1418		666.928031000
6	1418		666.948690000
6	1418		666.990046000
6	1418		667.031416000
6	0		667.113543000
6	1420		667.114061000
6	1420		667.127012000
6	1420		667.153003000
6	1420		667.179020000
6	0		667.391695000
6	1418		667.392248000
6	1418		667.413088000
6	1418		667.454258000
6	0		667.485582000
6	1420		667.486112000
6	1418		667.495581000
6	1420		667.499061000
6	1420		667.525060000
6	1420		667.551053000
6	0		667.763876000
6	1420		667.764343000
6	1420		667.777348000
6	1420		667.803339000
6	1420		667.829296000
6	0		667.857110000
6	1418		667.857668000
6	1418		667.878333000
6	1418		667.919662000
6	1418		667.961011000
6	0		668.136629000
6	1418		668.137202000
6	1418		668.157834000
6	1418		668.199149000
6	0		668.229527000
6	1071		668.229548000
6	0		668.229555000
6	0		668.229562000
6	0		668.229566000
6	0		668.229965000
6	0		668.229994000
6	1418		668.240512000
6	0		668.321776000
6	0		668.321805000
6	0		668.321812000
6	0		668.322341000
6	1420		668.322386000
6	1420		668.335290000
6	0		668.415478000
6	0		668.415520000
6	1418		668.416139000
6	1418		668.436833000
6	0		668.507787000
6	0		668.528058000
6	0		668.601293000
6	0		668.694648000
6	68		668.753882000
6	0		668.786813000
6	0		668.880083000
6	0		668.973284000
6	0		668.973320000
6	52		669.054059000
6	0		669.054103000
6	0		669.054124000
6	0		669.055600000
6	0		669.158713000
6	1420		669.159270000
6	1420		669.172214000
6	1420		669.198209000
6	1420		669.224213000
6	1420		669.250161000
6	1420		669.276135000
6	1420		669.302131000
6	1420		669.328095000
6	0		669.345631000
6	1420		669.354045000
6	0		669.356487000
6	1420		669.380034000
6	1420		669.406141000
6	1420		669.431963000
6	1420		669.457958000
6	1420		669.483923000
6	1420		669.509915000
6	1420		669.535875000
6	1420		669.561858000
6	1420		669.587874000
6	1420		669.613818000
6	0		669.624549000
6	0		669.624573000
6	1418		669.625068000
6	1420		669.639796000
6	1418		669.645737000
6	1420		669.665757000
6	1418		669.687069000
6	1420		669.691755000
6	1420		669.717710000
6	1418		669.728485000
6	1420		669.743697000
6	1420		669.769667000
6	1418		669.769738000
6	1420		669.795657000
6	0		669.810256000
6	1418		669.811089000
6	1420		669.821627000
6	1420		669.847626000
6	1418		669.852446000
6	1420		669.873595000
6	1418		669.893811000
6	1420		669.899536000
6	1420		669.925540000
6	1418		669.935134000
6	1420		669.951506000
6	1418		669.976474000
6	1420		669.977460000
6	0		669.996147000
6	1420		670.003463000
6	1418		670.017822000
6	1420		670.029440000
6	1420		670.055426000
6	1418		670.059151000
6	1420		670.081412000
6	1418		670.100498000
6	1420		670.107384000
6	1420		670.133336000
6	1418		670.141849000
6	1420		670.159334000
6	1418		670.183180000
6	1420		670.185301000
6	1420		670.211260000
6	1418		670.224542000
6	1420		670.237265000
6	1420		670.263237000
6	1418		670.265878000
6	0		670.275040000
6	1420		670.289232000
6	1418		670.307222000
6	1420		670.315198000
6	1420		670.341154000
6	1418		670.348572000
6	1420		670.367136000
6	0		670.368427000
6	0		670.368451000
6	0		670.368985000
6	1418		670.389909000
6	1420		670.393108000
6	1420		670.419079000
6	1418		670.431249000
6	1420		670.445076000
6	1420		670.471045000
6	1418		670.472574000
6	1420		670.497035000
6	1418		670.513950000
6	1420		670.523010000
6	1420		670.548965000
6	0		670.553804000
6	1418		670.555257000
6	1420		670.574937000
6	1418		670.596612000
6	1420		670.600927000
6	1420		670.626907000
6	1418		670.638041000
6	0		670.647565000
6	0		670.647589000
6	0		670.648051000
6	0		670.648085000
6	1420		670.652921000
6	1420		670.678881000
6	1418		670.679275000
6	1420		670.704832000
6	1418		670.720652000
6	1420		670.730805000
6	0		670.739784000
6	1420		670.756771000
6	1418		670.762002000
6	1420		670.782768000
6	1418		670.803331000
6	1420		670.808764000
6	1420		670.834714000
6	1418		670.844673000
6	1420		670.860684000
6	1418		670.886006000
6	1420		670.886632000
6	1420		670.912650000
6	0		670.926262000
6	1418		670.927336000
6	1420		670.938588000
6	1420		670.964607000
6	1418		670.968695000
6	1420		670.990581000
6	1418		671.010049000
6	1420		671.016552000
6	1420		671.042535000
6	1418		671.051393000
6	1420		671.068492000
6	1418		671.092729000
6	1420		671.094460000
6	0		671.112223000
6	1420		671.120447000
6	1418		671.134053000
6	1420		671.146441000
6	1420		671.172412000
6	1418		671.175426000
6	1420		671.198415000
6	1418		671.216748000
6	1420		671.224346000
6	1420		671.250332000
6	1418		671.258120000
6	1420		671.276312000
6	0		671.298083000
6	1418		671.299418000
6	1420		671.302278000
6	1420		671.328263000
6	1418		671.340773000
6	1420		671.354249000
6	1420		671.380219000
6	1418		671.382120000
6	1420		671.406194000
6	1418		671.423467000
6	1420		671.432162000
6	1420		671.458151000
6	1418		671.464858000
6	0		671.483980000
6	1420		671.484088000
6	1418		671.506138000
6	1420		671.510088000
6	1420		671.536073000
6	1418		671.547504000
6	1420		671.562054000
6	0		671.576873000
6	1420		671.588036000
6	1418		671.588807000
6	1420		671.614035000
6	1418		671.630178000
6	1420		671.639988000
6	1420		671.665935000
6	1418		671.671494000
6	1420		671.691948000
6	1418		671.712856000
6	1420		671.717890000
6	1420		671.743882000
6	1418		671.754198000
6	0		671.763458000
6	1420		671.769850000
6	1418		671.795566000
6	1420		671.795804000
6	1420		671.821817000
6	1418		671.836877000
6	1420		671.847795000
6	880		671.873756000
6	1418		671.878229000
6	1418		671.919580000
6	0		671.949346000
6	1418		671.960908000
6	1418		672.002248000
6	1418		672.044178000
6	1418		672.084922000
6	1418		672.126294000
6	0		672.134737000
6	1418		672.167628000
6	1418		672.208975000
6	1418		672.250294000
6	1418		672.291667000
6	0		672.321397000
6	1418		672.332979000
6	1418		672.374351000
6	1418		672.415662000
6	1418		672.457017000
6	1418		672.498377000
6	0		672.507433000
6	1418		672.539710000
6	1418		672.581048000
6	1418		672.622390000
6	1418		672.663734000
6	0		672.693088000
6	1418		672.705069000
6	1418		672.746436000
6	0		672.786296000
6	1418		672.787743000
6	1418		672.829107000
6	1418		672.870445000
6	1418		672.911799000
6	1418		672.953116000
6	1418		672.994464000
6	1418		673.035826000
6	0		673.065589000
6	1418		673.077171000
6	1418		673.118487000
6	0		673.157759000
6	1418		673.159816000
6	1418		673.201173000
6	1418		673.242531000
6	0		673.250923000
6	1418		673.283861000
6	1418		673.325205000
6	1418		673.366535000
6	0		673.395637000
6	0		673.395704000
6	1418		673.407895000
6	0		673.437588000
6	1418		673.449216000
6	1418		673.490580000
6	1418		673.531914000
6	1418		673.573254000
6	0		673.585324000
6	41		673.590958000
6	1418		673.614664000
6	0		673.623397000
6	1418		673.655973000
6	1418		673.697281000
6	1418		673.738656000
6	1418		673.779982000
6	0		673.780209000
6	21		673.783078000
6	0		673.783107000
6	1080		673.784083000
6	0		673.808746000
6	1418		673.821310000
6	1418		673.862665000
6	1418		673.904001000
6	1418		673.945349000
6	440		673.973753000
6	1418		673.986694000
6	0		673.995091000
6	0		674.014238000
6	1418		674.028038000
6	1418		674.069355000
6	1418		674.110716000
6	1418		674.152054000
6	0		674.180841000
6	1418		674.193407000
6	48		674.203546000
6	0		674.203590000
6	280		674.209489000
6	1418		674.234738000
6	1418		674.276068000
6	1418		674.317414000
6	1418		674.358765000
6	0		674.367222000
6	1418		674.400106000
6	16		674.408396000
6	1418		674.441451000
6	0		674.450207000
6	1418		674.482778000
6	1418		674.524138000
6	0		674.553142000
6	1418		674.565457000
6	1418		674.606826000
6	52		674.639512000
6	0		674.639552000
6	52		674.639637000
6	1418		674.648154000
6	1418		674.689503000
6	1418		674.730854000
6	0		674.739511000
6	1418		674.772194000
6	1418		674.813539000
6	84		674.833706000
6	1418		674.854883000
6	0		674.874224000
6	1418		674.896222000
6	1418		674.937543000
6	1418		674.978932000
6	0		675.017870000
6	1418		675.020246000
6	1418		675.061611000
6	1418		675.102929000
6	0		675.111649000
6	0		675.111690000
6	0		675.112165000
6	1418		675.144266000
6	1418		675.185623000
6	1418		675.226956000
6	1418		675.268304000
6	0		675.297132000
6	1418		675.309653000
6	1418		675.350972000
6	1418		675.392311000
6	0		675.416833000
6	1418		675.433647000
6	1418		675.475025000
6	0		675.483503000
6	1418		675.516332000
6	1418		675.557748000
6	1418		675.599025000
6	1418		675.640383000
6	0		675.669220000
6	1418		675.681719000
6	1418		675.723077000
6	1418		675.764404000
6	1418		675.805746000
6	0		675.828555000
6	0		675.828619000
6	1418		675.847106000
6	0		675.855707000
6	1418		675.888438000
6	1418		675.929802000
6	1418		675.971110000
6	1418		676.012470000
6	0		676.041399000
6	1418		676.053791000
6	0		676.056387000
6	41		676.062233000
6	1418		676.095136000
6	0		676.134462000
6	0		676.134968000
6	1418		676.136475000
6	1418		676.177867000
6	1418		676.219182000
6	0		676.226688000
6	1418		676.260518000
6	0		676.289768000
6	21		676.291607000
6	0		676.291642000
6	1080		676.292833000
6	1418		676.302260000
6	0		676.319742000
6	1418		676.343228000
6	1418		676.384533000
6	1418		676.425897000
6	1418		676.467215000
6	0		676.506030000
6	1418		676.508547000
6	440		676.523740000
6	1418		676.549907000
6	0		676.566212000
6	1418		676.591247000
6	1418		676.632584000
6	1418		676.673957000
6	0		676.691716000
6	1418		676.715265000
6	1418		676.756632000
6	48		676.793609000
6	0		676.793648000
6	280		676.797638000
6	1418		676.797940000
6	1418		676.839303000
6	0		676.878138000
6	1418		676.880647000
6	1418		676.922006000
6	1418		676.963344000
6	1418		677.004682000
6	16		677.031212000
6	1418		677.046031000
6	0		677.063892000
6	0		677.074229000
6	1418		677.087354000
6	1418		677.128713000
6	1418		677.170050000
6	1418		677.211397000
6	0		677.250195000
6	1418		677.252718000
6	68		677.286520000
6	1418		677.294065000
6	52		677.301641000
6	0		677.301682000
6	52		677.301763000
6	1418		677.335421000
6	1418		677.376770000
6	1418		677.418098000
6	0		677.435874000
6	1418		677.459442000
6	52		677.478686000
6	0		677.478729000
6	0		677.478750000
6	0		677.480386000
6	1418		677.500785000
6	84		677.529227000
6	1418		677.542128000
6	0		677.570223000
6	1418		677.583453000
6	0		677.622240000
6	1418		677.624805000
6	1418		677.666156000
6	0		677.669695000
6	1418		677.707501000
6	1418		677.748839000
6	1418		677.790192000
6	0		677.808037000
6	1418		677.831535000
6	1418		677.872882000
6	1418		677.914216000
6	1418		677.955548000
6	0		677.994444000
6	1418		677.996891000
6	1418		678.038231000
6	1418		678.079593000
6	0		678.087027000
6	0		678.087508000
6	1418		678.120942000
6	1418		678.162277000
6	0		678.180276000
6	1418		678.203635000
6	1418		678.244962000
6	1418		678.286288000
6	1418		678.327649000
6	0		678.366523000
6	1418		678.368982000
6	1418		678.410343000
6	1418		678.451662000
6	1418		678.493025000
6	1418		678.534335000
6	0		678.552196000
6	0		678.558721000
6	1418		678.575707000
6	1418		678.617022000
6	1418		678.658403000
6	1418		678.699694000
6	0		678.738573000
6	1418		678.741054000
6	1418		678.782376000
6	1418		678.823736000
6	1418		678.865081000
6	1418		678.906429000
6	0		678.921302000
6	0		678.924242000
6	1418		678.947758000
6	1418		678.989112000
6	1418		679.030453000
6	1418		679.071785000
6	0		679.091620000
6	0		679.111347000
6	1418		679.113226000
6	1418		679.154492000
6	1418		679.195831000
6	1418		679.237155000
6	1418		679.278506000
6	0		679.296491000
6	1418		679.319844000
6	1418		679.361195000
6	0		679.385304000
6	0		679.385359000
6	1418		679.402522000
6	0		679.422189000
6	22		679.422249000
6	0		679.422261000
6	41		679.428002000
6	1418		679.443886000
6	0		679.464562000
6	1080		679.464610000
6	976		679.464697000
6	0		679.481920000
6	1418		679.485199000
6	0		679.501349000
6	0		679.506230000
6	1418		679.526571000
6	48		679.542862000
6	0		679.542903000
6	388		679.549015000
6	1418		679.567888000
6	0		679.594645000
6	16		679.594925000
6	1418		679.609260000
6	0		679.638217000
6	1418		679.650584000
6	0		679.668430000
6	52		679.674770000
6	0		679.674820000
6	52		679.674944000
6	1418		679.691924000
6	68		679.711505000
6	52		679.714109000
6	68		679.726482000
6	1418		679.733263000
6	84		679.752666000
6	1418		679.774604000
6	0		679.794264000
6	1418		679.815960000
6	0		679.853845000
6	0		679.853874000
6	1418		679.857284000
6	1418		679.898622000
6	1418		679.939981000
6	52		679.955220000
6	0		679.955267000
6	0		679.955292000
6	0		679.956632000
6	1418		679.981327000
6	1418		680.022670000
6	0		680.040426000
6	1418		680.064009000
6	1418		680.105362000
6	0		680.136829000
6	1418		680.146678000
6	0		680.184094000
6	1418		680.188021000
6	0		680.225875000
6	1418		680.229388000
6	1418		680.270744000
6	1418		680.312060000
6	1418		680.353425000
6	1418		680.394757000
6	0		680.412473000
6	1418		680.436084000
6	1418		680.477448000
6	1418		680.518769000
6	1418		680.560112000
6	0		680.597890000
6	1418		680.601455000
6	0		680.783998000
6	0		680.970377000
6	0		681.155742000
6	0		681.249003000
6	0		681.435319000
6	0		681.620703000
6	0		681.807083000
6	0		681.807112000
6	52		681.887306000
6	52		681.924074000
6	0		681.924115000
6	0		681.924136000
6	0		681.925551000
6	0		681.962277000
6	0		681.993464000
6	0		682.179446000
6	0		682.179473000
6	0		682.179483000
6	0		682.179975000
6	0		682.365435000
6	0		682.550792000
6	0		682.550816000
6	0		682.550823000
6	0		682.737172000
6	0		682.923600000
6	0		683.108968000
6	0		683.295452000
6	0		683.480943000
6	0		683.607145000
6	0		683.607203000
6	0		683.667306000
6	0		683.691698000
6	41		683.697299000
6	0		683.781400000
6	21		683.782375000
6	0		683.782407000
6	1080		683.783411000
6	0		683.852697000
6	0		683.867486000
6	440		683.869330000
6	0		683.910244000
6	48		683.994425000
6	0		683.994465000
6	280		683.998920000
6	0		684.039121000
6	0		684.083032000
6	16		684.119040000
6	0		684.162221000
6	0		684.225506000
6	52		684.246376000
6	0		684.246420000
6	52		684.246538000
6	84		684.330603000
6	0		684.374118000
6	0		684.374189000
6	0		684.374226000
6	0		684.410915000
6	0		684.597399000
6	0		684.629614000
6	41		684.635938000
6	0		684.782791000
6	0		684.891087000
6	21		684.891160000
6	0		684.891172000
6	1080		684.892157000
6	0		684.969256000
6	440		685.149255000
6	0		685.154688000
6	0		685.190222000
6	0		685.341044000
6	48		685.445269000
6	0		685.445307000
6	280		685.449347000
6	0		685.527452000
6	0		685.527479000
6	0		685.619678000
6	16		685.707888000
6	0		685.712789000
6	0		685.750220000
6	0		685.806000000
6	0		685.899187000
6	52		686.005392000
6	0		686.005439000
6	52		686.005559000
6	0		686.084685000
6	68		686.157458000
6	0		686.216842000
6	52		686.241605000
6	0		686.241650000
6	0		686.241673000
6	0		686.242861000
6	100		686.260710000
6	0		686.271045000
6	0		686.302223000
6	0		686.326978000
6	0		686.364267000
6	0		686.550402000
6	0		686.550427000
6	0		686.550896000
6	0		686.736463000
6	0		686.736486000
6	0		686.736975000
6	0		686.737005000
6	0		686.781283000
6	0		686.829487000
6	0		686.829516000
6	0		687.014813000
6	0		687.294367000
6	0		687.387550000
6	0		687.490227000
6	0		687.666080000
6	0		687.759311000
6	0		687.944718000
6	0		688.131133000
6	0		688.226222000
6	0		688.317558000
6	0		688.502934000
6	0		688.689427000
6	68		688.694467000
6	0		688.874778000
6	52		688.954383000
6	0		688.954427000
6	0		688.954448000
6	0		688.955880000
6	0		689.061137000
6	0		689.210896000
6	0		689.247543000
6	0		689.432953000
6	0		689.619433000
6	0		689.698216000
6	0		689.804832000
6	0		689.942080000
6	0		689.991188000
6	0		690.177575000
6	0		690.363437000
6	0		690.363465000
6	0		690.364003000
6	0		690.446503000
6	0		690.446553000
6	0		690.549526000
6	0		690.566526000
6	0		690.734882000
6	0		690.828145000
6	0		691.014479000
6	0		691.199867000
6	0		691.479493000
6	0		691.479518000
6	0		691.664862000
6	0		691.758108000
6	0		691.851328000
6	0		692.037469000
6	0		692.037497000
6	0		692.316431000
6	0		692.316462000
6	0		692.501786000
6	0		692.688178000
6	0		692.874575000
6	0		693.059979000
6	0		693.246400000
6	0		693.431898000
6	0		693.618296000
6	0		693.896939000
6	0		693.990186000
6	0		694.176572000
6	0		694.361955000
6	0		694.548384000
6	0		694.733750000
6	0		694.920162000
6	0		695.106083000
6	0		695.290812000
6	0		695.290892000
6	0		695.292685000
6	0		695.451904000
6	41		695.460175000
6	0		695.477895000
6	21		695.621279000
6	0		695.621323000
6	0		695.621587000
6	0		695.621599000
6	1080		695.622482000
6	0		695.664379000
6	0		695.757580000
6	440		695.786539000
6	0		695.830248000
6	0		695.943005000
6	0		695.943031000
6	0		695.979157000
6	0		695.979217000
6	48		695.992794000
6	0		695.992843000
6	280		695.996958000
6	0		696.018886000
6	12		696.019201000
6	0		696.058488000
6	12		696.058522000
6	0		696.058533000
6	1		696.058733000
6	4		696.058762000
6	32		696.058774000
6	0		696.058789000
6	0		696.098232000
6	0		696.098280000
6	0		696.098286000
6	0		696.098429000
6	0		696.098446000
6	0		696.129453000
6	16		696.164770000
6	0		696.206234000
6	0		696.314788000
6	52		696.368784000
6	0		696.368827000
6	52		696.368946000
6	0		696.408003000
6	84		696.531274000
6	0		696.574246000
6	0		696.687603000
6	0		696.779865000
6	0		696.873069000
6	0		697.059519000
6	0		697.244889000
6	0		697.431670000
6	0		697.617052000
6	0		697.646237000
6	0		697.646279000
6	0		697.803539000
6	0		697.988983000
6	0		698.175557000
6	68		698.339082000
6	0		698.361205000
6	0		698.378523000
6	52		698.500833000
6	0		698.500873000
6	0		698.501139000
6	0		698.502498000
6	0		698.547544000
6	0		698.663576000
6	0		698.733438000
6	1418		698.736436000
6	0		698.826652000
6	0		699.105381000
6	0		699.198583000
6	0		699.384374000
6	0		699.663476000
6	0		699.663513000
6	0		699.792669000
6	0		699.792724000
6	0		699.805986000
6	41		699.811408000
6	0		699.824763000
6	21		699.824799000
6	0		699.824810000
6	1080		699.825858000
6	440		699.838692000
6	0		699.849312000
6	0		699.882216000
6	48		699.895021000
6	0		699.895067000
6	280		699.903581000
6	0		699.949092000
6	0		700.035120000
6	0		700.221210000
6	16		700.323987000
6	0		700.366216000
6	52		700.379337000
6	0		700.379395000
6	52		700.379555000
6	0		700.392247000
6	0		700.407653000
6	84		700.410991000
6	0		700.454224000
6	0		700.593039000
6	0		700.686301000
6	0		700.872486000
6	0		701.001122000
6	0		701.001174000
6	0		701.058093000
6	0		701.151507000
6	0		701.429835000
6	0		701.522890000
6	0		701.616048000
6	0		701.802417000
6	0		701.987974000
6	0		702.174342000
6	0		702.359738000
6	68		702.433896000
6	52		702.446715000
6	0		702.446759000
6	0		702.446779000
6	0		702.448784000
6	0		702.461545000
6	0		702.546195000
6	0		702.621464000
6	0		702.732059000
6	0		702.732078000
6	0		702.732083000
6	517		702.732089000
6	517		702.732095000
6	0		702.732989000
6	0		702.733048000
6	2836		702.740270000
6	3978		702.740326000
6	2836		702.740379000
6	2836		702.740417000
6	1142		702.740462000
6	0		702.824741000
6	517		702.824764000
6	0		702.825296000
6	2836		702.832385000
6	3977		702.832431000
6	0		702.918001000
6	0		703.104142000
6	0		703.104168000
6	0		703.104175000
6	0		703.104180000
6	0		703.290572000
6	0		703.475987000
6	0		703.662394000
6	0		703.847792000
6	0		703.847826000
6	0		703.847841000
6	0		704.034203000
6	0		704.220623000
6	0		704.406050000
6	0		704.592461000
6	0		704.778222000
6	0		704.964270000
6	0		705.150638000
6	0		705.336018000
6	0		705.428889000
6	0		705.429384000
6	0		705.522409000
6	0		705.522434000
6	0		705.708183000
6	0		705.736639000
6	0		705.894186000
6	0		705.894233000
6	0		705.894240000
6	0		706.080232000
6	0		706.266149000
6	0		706.452421000
6	0		706.452443000
6	0		706.452449000
6	0		706.452931000
6	0		706.452954000
6	0		706.638466000
6	0		706.823794000
6	0		706.862624000
6	0		706.862674000
6	0		707.010240000
6	0		707.195712000
6	0		707.382102000
6	0		707.568501000
6	0		707.753921000
6	0		707.940335000
6	0		708.219604000
6	0		708.219628000
6	0		708.405450000
6	0		708.405939000
6	0		708.497713000
6	0		708.590752000
6	0		708.776796000
6	0		708.963237000
6	0		709.056482000
6	0		709.241866000
6	0		709.245758000
6	0		709.245822000
6	0		709.281994000
6	0		709.426870000
6	0		709.426928000
6	0		709.521486000
6	0		709.707421000
6	0		709.707452000
6	0		709.893377000
6	0		710.078828000
6	0		710.265229000
6	0		710.451631000
6	0		710.456653000
6	0		710.637183000
6	0		710.823609000
6	0		711.009007000
6	0		711.287691000
6	0		711.380891000
6	0		711.566844000
6	0		711.752823000
6	0		711.939301000
6	0		711.939328000
6	0		712.099883000
6	0		712.099950000
6	0		712.125705000
6	0		712.139171000
6	12		712.140203000
6	0		712.179102000
6	12		712.179141000
6	0		712.179152000
6	1		712.179382000
6	4		712.179404000
6	32		712.179411000
6	0		712.179419000
6	0		712.218182000
6	0		712.218220000
6	0		712.218224000
6	0		712.218293000
6	0		712.218303000
6	0		712.218346000
6	0		712.311120000
6	0		712.497613000
6	0		712.589921000
6	0		712.591356000
6	0		712.683159000
6	0		712.683190000
6	0		712.683199000
6	0		712.753311000
6	0		712.783948000
6	0		712.826008000
6	0		712.868841000
6	0		713.055443000
6	0		713.241119000
6	0		713.427515000
6	0		713.519812000
6	0		713.613014000
6	0		713.799397000
6	0		713.984820000
6	0		714.078108000
6	0		714.264475000
6	0		714.449888000
6	0		714.636292000
6	0		714.821731000
6	0		715.008139000
6	0		715.194511000
6	0		715.230054000
6	0		715.230104000
6	0		715.274294000
6	0		715.379951000
6	0		715.566387000
6	0		715.751767000
6	0		716.031381000
6	0		716.031408000
6	0		716.217094000
6	0		716.403275000
6	0		716.588789000
6	0		716.600661000
6	0		716.775463000
6	0		716.867949000
6	0		717.054295000
6	0		717.239815000
6	0		717.426265000
6	0		717.612427000
6	0		717.704953000
6	0		717.710520000
6	0		717.710588000
6	0		717.900902000
6	41		717.907106000
6	0		717.984468000
6	0		718.076734000
6	0		718.097576000
6	21		718.097622000
6	0		718.097636000
6	1080		718.098676000
6	440		718.289348000
6	0		718.330245000
6	0		718.356342000
6	0		718.449515000
6	48		718.520317000
6	0		718.520356000
6	280		718.524649000
6	0		718.542420000
6	0		718.635036000
6	16		718.719403000
6	0		718.762231000
6	0		718.821348000
6	0		718.914518000
6	52		718.952340000
6	0		718.952379000
6	52		718.952541000
6	0		719.099843000
6	0		719.099876000
6	0		719.099884000
6	0		719.106869000
6	0		719.112930000
6	100		719.143166000
6	0		719.186218000
6	0		719.286491000
6	0		719.378782000
6	0		719.378816000
6	0		719.385003000
6	0		719.411897000
6	0		719.417585000
6	0		719.565109000
6	0		719.691794000
6	0		719.750698000
6	0		719.937542000
6	0		720.060950000
6	0		720.060984000
6	0		720.122951000
6	0		720.122970000
6	0		720.129213000
6	0		720.129260000
6	0		720.185138000
6	0		720.219421000
6	0		720.219487000
6	0		720.258973000
6	12		720.259251000
6	0		720.298756000
6	12		720.298815000
6	0		720.298826000
6	1		720.298974000
6	4		720.298993000
6	32		720.299003000
6	0		720.299013000
6	0		720.308829000
6	0		720.338384000
6	0		720.338427000
6	0		720.338490000
6	0		720.338524000
6	0		720.338542000
6	0		720.371058000
6	0		720.371083000
6	0		720.383069000
6	0		720.433265000
6	0		720.433290000
6	0		720.618914000
6	0		720.681247000
6	0		720.805434000
6	0		720.805459000
6	0		720.805949000
6	0		720.929443000
6	0		721.052820000
6	68		721.110679000
6	0		721.177139000
6	0		721.300938000
6	0		721.300993000
6	52		721.301281000
6	0		721.301322000
6	0		721.303068000
6	0		721.303171000
6	0		721.424851000
6	0		721.492555000
6	0		721.548946000
6	0		721.673310000
6	0		721.858804000
6	0		721.920996000
6	0		722.045374000
6	0		722.169408000
6	0		722.169434000
6	0		722.169441000
6	0		722.175719000
6	0		722.181655000
6	0		722.293099000
6	0		722.385024000
6	0		722.417502000
6	0		722.417529000
6	0		722.429528000
6	0		722.541198000
6	0		722.665363000
6	0		722.788759000
6	0		722.788784000
6	0		722.913099000
6	0		722.954759000
6	0		722.975121000
6	0		723.037311000
6	0		723.099520000
6	0		723.223067000
6	0		723.347568000
6	0		723.470706000
6	0		723.595043000
6	0		723.719184000
6	0		723.843542000
6	0		723.966939000
6	0		724.091325000
6	0		724.235877000
6	0		724.241553000
6	0		724.277414000
6	0		724.277439000
6	0		724.463423000
6	0		724.525572000
6	0		724.649421000
6	0		724.773217000
6	0		724.835389000
6	0		725.020977000
6	0		725.145347000
6	0		725.207583000
6	0		725.393131000
6	0		725.455320000
6	0		725.640851000
6	0		725.765157000
6	0		725.827452000
6	0		726.012976000
6	0		726.075153000
6	0		726.199457000
6	0		726.199487000
6	0		726.199507000
6	0		726.205713000
6	0		726.211711000
6	0		726.323183000
6	0		726.385351000
6	0		726.447492000
6	0		726.459556000
6	0		726.571290000
6	0		726.695404000
6	0		726.757558000
6	0		726.943100000
6	0		727.005311000
6	0		727.067498000
6	0		727.190828000
6	0		727.315147000
6	0		727.377303000
6	0		727.562941000
6	0		727.625144000
6	0		727.749471000
6	0		727.934964000
6	0		727.997270000
6	0		728.121460000
6	0		728.121480000
6	0		728.182628000
6	0		728.307032000
6	0		728.339402000
6	0		728.339464000
6	0		728.369192000
6	0		728.379335000
6	12		728.379598000
6	0		728.419422000
6	12		728.419460000
6	0		728.419472000
6	1		728.419639000
6	4		728.419652000
6	32		728.419660000
6	0		728.419672000
6	0		728.459400000
6	0		728.459473000
6	0		728.459480000
6	0		728.459534000
6	0		728.459550000
6	0		728.554656000
6	0		728.616965000
6	0		728.803360000
6	0		728.824701000
6	0		728.927186000
6	0		728.989367000
6	0		729.174938000
6	0		729.237107000
6	0		729.361439000
6	0		729.546915000
6	0		729.609092000
6	0		729.794672000
6	0		729.856857000
6	0		729.919018000
6	0		730.105519000
6	0		730.166691000
6	1418		730.167674000
6	1418		730.187872000
6	0		730.257584000
6	0		730.257803000
6	0		730.353221000
6	0		730.477624000
6	1418		730.478162000
6	1418		730.498826000
6	0		730.507831000
6	0		730.538831000
6	0		730.725569000
6	0		730.786722000
6	1418		730.787261000
6	1418		730.807932000
6	0		730.910801000
6	0		731.096768000
6	1418		731.097246000
6	1418		731.117903000
6	0		731.158925000
6	0		731.344946000
6	0		731.406765000
6	1418		731.407281000
6	1418		731.427960000
6	1418		731.469299000
6	1418		731.510657000
6	0		731.530854000
6	0		731.716935000
6	0		731.778696000
6	1418		731.779231000
6	1418		731.799900000
6	1418		731.841216000
6	1418		731.882585000
6	0		731.965026000
6	0		732.089434000
6	1418		732.090054000
6	1418		732.110658000
6	0		732.150694000
6	1418		732.151991000
6	1418		732.193350000
6	0		732.336970000
6	0		732.399161000
6	1418		732.399705000
6	1418		732.420384000
6	1418		732.461708000
6	1418		732.503079000
6	0		732.585553000
6	0		732.646698000
6	0		732.646718000
6	0		732.647162000
6	0		732.647201000
6	0		732.708924000
6	1418		732.709449000
6	1418		732.730108000
6	0		732.771021000
6	0		732.771049000
6	0		732.771057000
6	1418		732.771436000
6	0		732.771542000
6	0		732.772018000
6	1418		732.812800000
6	0		732.828857000
6	0		732.834349000
6	0		732.834394000
6	0		732.849852000
6	0		732.876096000
6	0		732.895190000
6	1418		732.895695000
6	1418		732.916363000
6	1418		732.957715000
6	1418		732.999066000
6	0		733.018673000
6	1418		733.040408000
6	1418		733.081756000
6	1418		733.123120000
6	0		733.142848000
6	1418		733.164458000
6	0		733.192839000
6	1418		733.205805000
6	1418		733.247103000
6	0		733.267253000
6	1418		733.288450000
6	1418		733.329804000
6	1418		733.371146000
6	0		733.390907000
6	1418		733.412497000
6	1418		733.453826000
6	1418		733.495180000
6	0		733.514969000
6	1418		733.536520000
6	1418		733.577864000
6	1418		733.619198000
6	0		733.638999000
6	1418		733.660632000
6	1418		733.701882000
6	1418		733.743234000
6	0		733.763053000
6	1418		733.784552000
6	1418		733.825912000
6	1418		733.867232000
6	0		733.886988000
6	1418		733.908604000
6	1418		733.949929000
6	1418		733.991313000
6	0		734.011051000
6	1418		734.032614000
6	1418		734.073949000
6	1418		734.115301000
6	0		734.135067000
6	1418		734.156651000
6	1418		734.197988000
6	1418		734.239353000
6	0		734.259064000
6	1418		734.280654000
6	1418		734.321999000
6	1418		734.363358000
6	0		734.383442000
6	0		734.383466000
6	0		734.383473000
6	0		734.395678000
6	0		734.395742000
6	1418		734.404703000
6	1418		734.446170000
6	1418		734.487400000
6	0		734.507124000
6	1418		734.528743000
6	1418		734.570061000
6	0		734.631475000
6	0		734.631499000
6	1418		734.631997000
6	0		734.643534000
6	1418		734.652802000
6	0		734.755389000
6	1418		734.755919000
6	1418		734.776589000
6	0		734.879056000
6	1418		734.879541000
6	1418		734.900219000
6	0		734.941382000
6	1418		734.941849000
6	1418		734.982905000
6	0		735.065362000
6	1418		735.065878000
6	1418		735.086550000
6	0		735.189063000
6	1418		735.189556000
6	1418		735.210247000
6	0		735.312895000
6	1418		735.313370000
6	1418		735.334048000
6	0		735.436647000
6	1418		735.437155000
6	1418		735.457829000
6	0		735.561328000
6	1418		735.561846000
6	1418		735.582532000
6	0		735.684961000
6	1418		735.685478000
6	1418		735.706141000
6	0		735.808706000
6	1418		735.809235000
6	1418		735.829873000
6	0		735.933287000
6	1418		735.933757000
6	1418		735.954453000
6	0		736.056906000
6	1418		736.057401000
6	1418		736.078090000
6	0		736.181555000
6	1418		736.182031000
6	1418		736.202712000
6	0		736.305136000
6	1418		736.305659000
6	1418		736.326333000
6	0		736.428810000
6	1418		736.429389000
6	1418		736.450048000
6	0		736.460476000
6	0		736.460534000
6	0		736.498885000
6	12		736.499169000
6	0		736.537546000
6	12		736.537583000
6	0		736.537594000
6	1		736.537786000
6	4		736.537813000
6	32		736.537822000
6	0		736.537832000
6	0		736.553473000
6	1418		736.553976000
6	1418		736.574662000
6	0		736.576074000
6	0		736.576147000
6	0		736.576161000
6	0		736.576334000
6	0		736.576369000
6	0		736.677056000
6	1418		736.677560000
6	1418		736.698257000
6	0		736.800661000
6	1418		736.801118000
6	1418		736.821805000
6	0		736.925414000
6	0		736.925449000
6	1418		736.925917000
6	0		736.925950000
6	1418		736.946597000
6	0		737.049047000
6	1418		737.049561000
6	1418		737.070238000
6	0		737.173676000
6	1418		737.174157000
6	1418		737.194856000
6	0		737.297241000
6	1418		737.297758000
6	1418		737.318450000
6	0		737.421064000
6	1418		737.421576000
6	1418		737.442251000
6	0		737.544758000
6	1418		737.545216000
6	1418		737.565939000
6	0		737.606903000
6	517		737.606945000
6	0		737.607469000
6	2836		737.614492000
6	2836		737.614531000
6	1140		737.614573000
6	0		737.669393000
6	1418		737.669898000
6	1418		737.690589000
6	0		737.792722000
6	1418		737.793260000
6	1418		737.813918000
6	0		737.917359000
6	1418		737.917881000
6	1418		737.938553000
6	0		738.041238000
6	0		738.041263000
6	1418		738.041691000
6	1418		738.062371000
6	0		738.164789000
6	1418		738.165307000
6	1418		738.185979000
6	0		738.289423000
6	1418		738.289905000
6	1418		738.310594000
6	0		738.351566000
6	1418		738.352048000
6	1418		738.393277000
6	0		738.474788000
6	1418		738.475281000
6	1418		738.495970000
6	0		738.599623000
6	1418		738.600106000
6	1418		738.620779000
6	0		738.723180000
6	1418		738.723681000
6	1418		738.744347000
6	0		738.837216000
6	0		738.837268000
6	0		738.846758000
6	1418		738.847272000
6	1418		738.867966000
6	0		738.971402000
6	1418		738.971882000
6	1418		738.992567000
6	0		739.032899000
6	0		739.095004000
6	1418		739.095491000
6	1418		739.116154000
6	0		739.219574000
6	1418		739.220041000
6	1418		739.240729000
6	0		739.343218000
6	1418		739.343703000
6	1418		739.364375000
6	0		739.466940000
6	1418		739.467464000
6	1418		739.488104000
6	0		739.591574000
6	1418		739.592100000
6	1418		739.612758000
6	0		739.715270000
6	1418		739.715805000
6	1418		739.736465000
6	0		739.838947000
6	1418		739.839455000
6	1418		739.860121000
6	0		739.963676000
6	1418		739.964179000
6	1418		739.984864000
6	0		740.087382000
6	1418		740.087903000
6	1418		740.108571000
6	0		740.211032000
6	1418		740.211549000
6	1418		740.232212000
6	0		740.334787000
6	1418		740.335318000
6	1418		740.356003000
6	0		740.459615000
6	1418		740.460153000
6	1418		740.480814000
6	0		740.583355000
6	1418		740.583855000
6	1418		740.604532000
6	0		740.707025000
6	1418		740.707524000
6	1418		740.728201000
6	0		740.830745000
6	1418		740.831228000
6	1418		740.851911000
6	0		740.955548000
6	1418		740.956052000
6	1418		740.976743000
6	0		741.013733000
6	0		741.013783000
6	0		741.079330000
6	1418		741.079838000
6	0		741.090139000
6	1418		741.100525000
6	0		741.203001000
6	1418		741.203515000
6	1418		741.224184000
6	0		741.265398000
6	0		741.265932000
6	0		741.326821000
6	1418		741.327348000
6	1418		741.348034000
6	0		741.451556000
6	1418		741.452093000
6	1418		741.472763000
6	0		741.512714000
6	1418		741.514088000
6	1418		741.555455000
6	1418		741.596768000
6	0		741.636910000
6	1418		741.638113000
6	1418		741.679457000
6	1418		741.720806000
6	0		741.760873000
6	1418		741.762133000
6	1418		741.803503000
6	1418		741.844826000
6	0		741.885011000
6	1418		741.886162000
6	1418		741.927528000
6	0		741.946850000
6	1418		741.968857000
6	0		742.009041000
6	1418		742.010234000
6	1418		742.051556000
6	1418		742.092895000
6	0		742.133198000
6	1418		742.134232000
6	1418		742.175593000
6	1418		742.216907000
6	0		742.257077000
6	1418		742.258236000
6	1418		742.299608000
6	1418		742.340939000
6	0		742.381042000
6	1418		742.382273000
6	1418		742.423639000
6	1418		742.464981000
6	0		742.505197000
6	1418		742.506300000
6	0		742.539940000
6	0		742.544996000
6	1418		742.547646000
6	1418		742.588985000
6	0		742.629059000
6	0		742.629085000
6	1418		742.630318000
6	1418		742.671696000
6	1418		742.713006000
6	0		742.753164000
6	1418		742.754378000
6	1418		742.795703000
6	1418		742.837050000
6	0		742.877146000
6	1418		742.878384000
6	1418		742.919750000
6	1418		742.961082000
6	0		743.001065000
6	1418		743.002405000
6	1418		743.043761000
6	0		743.057793000
6	1418		743.085092000
6	0		743.125289000
6	1418		743.126418000
6	1418		743.167800000
6	0		743.187093000
6	1418		743.209131000
6	0		743.249282000
6	1418		743.250452000
6	1418		743.291825000
6	1418		743.333159000
6	0		743.373237000
6	1418		743.374485000
6	1418		743.415849000
6	0		743.434645000
6	1418		743.457192000
6	0		743.497200000
6	1418		743.498513000
6	1418		743.539870000
6	0		743.621312000
6	1418		743.621862000
6	0		743.639575000
6	0		743.639631000
6	1418		743.642497000
6	0		743.744660000
6	1418		743.745185000
6	1418		743.765862000
6	0		743.829094000
6	41		743.835553000
6	0		743.869464000
6	1418		743.870015000
6	1418		743.890685000
6	0		743.993211000
6	1418		743.993713000
6	1418		744.014383000
6	0		744.024705000
6	21		744.026069000
6	0		744.026096000
6	1080		744.027127000
6	0		744.116806000
6	1418		744.117307000
6	1418		744.138008000
6	440		744.228339000
6	0		744.241401000
6	1418		744.241893000
6	1418		744.262610000
6	0		744.270238000
6	0		744.365006000
6	1418		744.365466000
6	1418		744.386126000
6	48		744.459428000
6	0		744.459466000
6	280		744.463862000
6	0		744.489521000
6	1418		744.490013000
6	1418		744.510700000
6	0		744.613066000
6	1418		744.613586000
6	1418		744.634242000
6	16		744.660960000
6	0		744.702219000
6	0		744.737644000
6	1418		744.738192000
6	1418		744.758853000
6	0		744.768441000
6	0		744.768498000
6	0		744.861271000
6	1418		744.861765000
6	1418		744.882452000
6	52		744.891389000
6	0		744.891427000
6	52		744.891557000
6	0		744.984931000
6	0		744.984956000
6	1418		744.985440000
6	1418		745.006139000
6	0		745.048192000
6	41		745.053739000
6	84		745.084432000
6	0		745.109658000
6	1418		745.110173000
6	0		745.126246000
6	1418		745.130880000
6	0		745.170871000
6	1418		745.172179000
6	1418		745.213522000
6	0		745.294959000
6	1418		745.295495000
6	1418		745.316165000
6	0		745.331860000
6	21		745.332945000
6	0		745.332969000
6	1080		745.333909000
6	0		745.419609000
6	1418		745.420123000
6	1418		745.440812000
6	0		745.543254000
6	1418		745.543775000
6	1418		745.564461000
6	0		745.612160000
6	440		745.612195000
6	0		745.654286000
6	0		745.667003000
6	0		745.667029000
6	0		745.667041000
6	0		745.667049000
6	1418		745.667518000
6	1418		745.688184000
6	0		745.729219000
6	0		745.791656000
6	0		745.852854000
6	0		745.915033000
6	48		745.932541000
6	0		745.932585000
6	280		745.939716000
6	0		745.977239000
6	0		746.039461000
6	0		746.100640000
6	0		746.162802000
6	0		746.217798000
6	0		746.224965000
6	16		746.228855000
6	0		746.270225000
6	0		746.287141000
6	0		746.349333000
6	0		746.349355000
6	0		746.411516000
6	0		746.472711000
6	0		746.534856000
6	52		746.549263000
6	0		746.549307000
6	52		746.549413000
6	0		746.597051000
6	0		746.659305000
6	0		746.659330000
6	0		746.659335000
6	0		746.659344000
6	0		746.659350000
6	517		746.659357000
6	0		746.659894000
6	2836		746.666895000
6	2836		746.666943000
6	1141		746.666950000
6	0		746.720885000
6	0		746.720924000
6	0		746.720950000
6	0		746.720958000
6	0		746.720965000
6	0		746.720972000
6	0		746.720979000
6	0		746.720986000
6	517		746.720994000
6	5179		746.729344000
6	0		746.733704000
6	517		746.782999000
6	517		746.783027000
6	0		746.789325000
6	2792		746.790032000
6	2387		746.790084000
6	2792		746.790222000
6	2387		746.790268000
6	0		746.795006000
6	84		746.828452000
6	0		746.845188000
6	1418		746.845698000
6	1418		746.866383000
6	0		746.870222000
6	1418		746.907712000
6	1418		746.949076000
6	68		746.951886000
6	1418		746.990416000
6	0		747.031562000
6	1418		747.031719000
6	1418		747.073100000
6	1418		747.114416000
6	52		747.145094000
6	0		747.145140000
6	0		747.145160000
6	0		747.146608000
6	0		747.154691000
6	1418		747.155755000
6	1418		747.197112000
6	0		747.216877000
6	1418		747.238462000
6	1418		747.279795000
6	1418		747.321132000
6	0		747.335920000
6	0		747.340925000
6	1418		747.362458000
6	1418		747.403828000
6	1418		747.445179000
6	0		747.464903000
6	1418		747.486512000
6	1418		747.527850000
6	1418		747.569209000
6	0		747.588978000
6	1418		747.610534000
6	0		747.624606000
6	1418		747.651868000
6	1418		747.693233000
6	0		747.713039000
6	1418		747.734567000
6	1418		747.775945000
6	1418		747.817257000
6	0		747.837000000
6	1418		747.858591000
6	1418		747.899947000
6	1418		747.941279000
6	0		747.961034000
6	1418		747.982595000
6	1418		748.023915000
6	1418		748.065318000
6	0		748.085068000
6	1418		748.106799000
6	1418		748.147962000
6	1418		748.189350000
6	0		748.209271000
6	0		748.209299000
6	0		748.209306000
6	1418		748.230703000
6	1418		748.272001000
6	1418		748.313350000
6	0		748.333149000
6	1418		748.354702000
6	0		748.394785000
6	1418		748.396030000
6	1418		748.437398000
6	0		748.456715000
6	0		748.456745000
6	1418		748.478743000
6	0		748.518945000
6	1418		748.520059000
6	1418		748.561419000
6	0		748.581476000
6	1418		748.602757000
6	1418		748.644080000
6	1418		748.685447000
6	0		748.705154000
6	1418		748.726788000
6	0		748.767124000
6	0		748.767154000
6	0		748.767609000
6	0		748.767635000
6	1418		748.768096000
6	1418		748.809481000
6	0		748.829283000
6	1418		748.850820000
6	1418		748.892149000
6	1418		748.933500000
6	0		748.953228000
6	0		748.953255000
6	1418		748.974828000
6	1418		749.016178000
6	1418		749.057532000
6	0		749.072322000
6	0		749.073719000
6	0		749.077205000
6	1418		749.098858000
6	1418		749.140191000
6	68		749.166547000
6	1418		749.181537000
6	0		749.201265000
6	1418		749.222949000
6	1418		749.264215000
6	1418		749.305575000
6	0		749.325315000
6	1418		749.346899000
6	1418		749.388247000
6	1418		749.429594000
6	52		749.445308000
6	0		749.445355000
6	0		749.446308000
6	0		749.447110000
6	0		749.449305000
6	1418		749.470986000
6	1418		749.512275000
6	1418		749.553630000
6	0		749.573409000
6	1418		749.594966000
6	1418		749.636303000
6	1418		749.677667000
6	0		749.697386000
6	1418		749.719001000
6	0		749.726253000
6	0		749.759398000
6	0		749.759849000
6	1418		749.760305000
6	1418		749.801689000
6	0		749.821379000
6	0		749.821403000
6	0		749.821938000
6	1418		749.843030000
6	1418		749.884354000
6	1418		749.925721000
6	0		749.945442000
6	1418		749.967045000
6	1418		750.008386000
6	1418		750.049733000
6	0		750.069487000
6	1418		750.091064000
6	1418		750.132418000
6	1418		750.173765000
6	0		750.193411000
6	1418		750.215106000
6	1418		750.256438000
6	1418		750.297790000
6	0		750.317519000
6	1418		750.339121000
6	1418		750.380461000
6	1418		750.421828000
6	0		750.441498000
6	1418		750.463262000
6	1418		750.504480000
6	1418		750.545828000
6	0		750.564794000
6	1418		750.587180000
6	1418		750.628536000
6	1418		750.669869000
6	0		750.688711000
6	1418		750.711229000
6	0		750.751426000
6	0		750.751451000
6	1418		750.752539000
6	1418		750.793902000
6	0		750.812763000
6	1418		750.835240000
6	1418		750.876577000
6	0		750.913512000
6	0		750.913586000
6	1418		750.917924000
6	0		750.936764000
6	1418		750.959263000
6	1418		751.000609000
6	1418		751.041960000
6	0		751.060806000
6	0		751.075694000
6	41		751.081509000
6	1418		751.083290000
6	0		751.123502000
6	1418		751.124615000
6	1418		751.165975000
6	0		751.184900000
6	1418		751.207319000
6	0		751.243432000
6	1418		751.248644000
6	21		751.254389000
6	0		751.254427000
6	1080		751.255498000
6	1418		751.290001000
6	0		751.308854000
6	1418		751.331351000
6	1418		751.372671000
6	1418		751.414014000
6	0		751.417515000
6	440		751.419500000
6	0		751.432891000
6	1418		751.455414000
6	0		751.462211000
6	1418		751.496717000
6	1418		751.538077000
6	0		751.556856000
6	1418		751.579412000
6	1418		751.620730000
6	48		751.624013000
6	0		751.624046000
6	280		751.628356000
6	1418		751.662088000
6	0		751.681068000
6	1418		751.703439000
6	1418		751.744751000
6	0		751.784327000
6	1418		751.786091000
6	0		751.790227000
6	0		751.805499000
6	0		751.805521000
6	0		751.805528000
6	0		751.805999000
6	0		751.806013000
6	16		751.819892000
6	1418		751.827463000
6	0		751.862217000
6	1418		751.868781000
6	1418		751.910163000
6	0		751.929458000
6	1418		751.951498000
6	1418		751.992860000
6	52		752.024177000
6	0		752.024214000
6	52		752.024310000
6	1418		752.034184000
6	0		752.053062000
6	1418		752.075507000
6	1418		752.116838000
6	1418		752.158213000
6	0		752.177045000
6	1418		752.199531000
6	84		752.201832000
6	1418		752.240873000
6	0		752.242223000
6	1418		752.282220000
6	0		752.300998000
6	1418		752.323567000
6	0		752.362744000
6	1418		752.364891000
6	1418		752.406251000
6	1418		752.447588000
6	0		752.486820000
6	1418		752.488917000
6	1418		752.530261000
6	1418		752.571627000
6	0		752.610810000
6	1418		752.612931000
6	1418		752.654316000
6	1418		752.695617000
6	0		752.734907000
6	1418		752.736965000
6	1418		752.778364000
6	1418		752.819673000
6	0		752.858915000
6	1418		752.860990000
6	1418		752.902380000
6	1418		752.943706000
6	0		752.982933000
6	1418		752.985060000
6	1418		753.026388000
6	1418		753.067739000
6	0		753.106857000
6	1418		753.109058000
6	1418		753.150406000
6	1418		753.191762000
6	0		753.230842000
6	1418		753.233086000
6	1418		753.274446000
6	1418		753.315794000
6	0		753.354899000
6	1418		753.357122000
6	1418		753.398488000
6	0		753.416805000
6	0		753.478957000
6	0		753.603311000
6	68		753.698289000
6	0		753.727669000
6	0		753.850988000
6	52		753.864269000
6	0		753.864307000
6	0		753.864323000
6	0		753.865720000
6	0		753.866078000
6	0		753.975571000
6	0		754.027915000
6	0		754.098890000
6	0		754.161097000
6	0		754.223315000
6	0		754.285499000
6	0		754.346659000
6	0		754.409344000
6	74		754.409372000
6	92		754.409380000
6	0		754.409893000
6	0		754.533475000
6	0		754.656800000
6	0		754.781150000
6	0		754.905539000
6	0		755.028932000
6	0		755.153290000
6	0		755.277627000
6	0		755.401008000
6	0		755.525342000
6	0		755.648709000
6	0		755.773216000
6	0		755.816387000
6	0		755.897426000
6	0		755.897456000
6	0		755.897475000
6	0		755.897966000
6	0		755.898017000
6	0		756.021415000
6	0		756.144801000
6	0		756.269176000
6	0		756.393583000
6	0		756.516902000
6	0		756.641278000
6	0		756.679498000
6	0		756.765060000
6	0		756.889481000
6	0		757.012802000
6	0		757.074996000
6	0		757.199384000
6	0		757.322739000
6	0		757.451397000
6	0		757.570876000
6	0		757.695310000
6	0		757.819674000
6	0		757.934391000
6	0		757.934432000
6	0		757.943025000
6	0		758.067459000
6	0		758.067484000
6	0		758.190823000
6	0		758.315196000
6	0		758.439652000
6	0		758.563037000
6	0		758.687473000
6	0		758.810795000
6	0		758.935195000
6	0		759.059494000
6	0		759.183006000
6	0		759.307565000
6	0		759.430875000
6	0		759.555258000
6	0		759.679598000
6	0		759.803028000
6	0		759.865190000
6	0		759.865216000
6	0		759.927422000
6	0		759.945765000
6	0		760.051297000
6	0		760.175678000
6	0		760.299010000
6	0		760.423422000
6	0		760.485570000
6	0		760.608912000
6	0		760.671139000
6	0		760.733342000
6	0		760.795584000
6	0		760.918775000
6	0		761.043114000
6	0		761.167481000
6	0		761.290840000
6	0		761.415241000
6	0		761.539650000
6	0		761.662973000
6	0		761.787339000
6	0		761.910682000
6	0		762.035308000
6	0		762.159486000
6	0		762.282832000
6	0		762.407189000
6	0		762.531565000
6	0		762.655017000
6	0		762.722542000
6	0		762.722628000
6	0		762.739622000
6	41		762.749361000
6	0		762.765866000
6	21		762.768061000
6	0		762.768095000
6	1080		762.769031000
6	0		762.779444000
6	0		762.785384000
6	440		762.792377000
6	0		762.834226000
6	48		762.850717000
6	0		762.850755000
6	280		762.855270000
6	0		762.871657000
6	16		762.879942000
6	0		762.902779000
6	0		762.922234000
6	52		762.938686000
6	0		762.938733000
6	52		762.938841000
6	100		762.956549000
6	0		762.998231000
6	0		763.027141000
6	0		763.151528000
6	0		763.274914000
6	0		763.399333000
6	0		763.522744000
6	0		763.647228000
6	0		763.709546000
6	0		763.709566000
6	0		763.770761000
6	0		763.832945000
6	0		763.895173000
6	74		763.895199000
6	0		763.895682000
6	0		763.957018000
6	0		764.019177000
6	0		764.081361000
6	0		764.081386000
6	0		764.081397000
6	64		764.081405000
6	0		764.092799000
6	0		764.092856000
6	0		764.093035000
6	0		764.118774000
6	41		764.125046000
6	0		764.136350000
6	1396		764.143588000
6	0		764.143614000
6	0		764.143621000
6	0		764.143626000
6	0		764.144124000
6	0		764.144195000
6	0		764.149881000
6	0		764.150396000
6	21		764.150426000
6	0		764.150437000
6	1080		764.151434000
6	0		764.176808000
6	440		764.184576000
6	0		764.204879000
6	0		764.226231000
6	48		764.251575000
6	0		764.251611000
6	280		764.255726000
6	0		764.267387000
6	0		764.281042000
6	16		764.285145000
6	0		764.326237000
6	0		764.329123000
6	64		764.329152000
6	0		764.341127000
6	52		764.351609000
6	0		764.351658000
6	52		764.351794000
6	1396		764.390660000
6	0		764.390687000
6	0		764.396716000
6	0		764.420464000
6	84		764.423459000
6	0		764.453074000
6	0		764.466229000
6	68		764.493019000
6	52		764.512334000
6	0		764.512380000
6	0		764.512407000
6	0		764.513803000
6	0		764.515202000
6	0		764.515217000
6	64		764.515222000
6	0		764.526908000
6	0		764.530366000
6	0		764.577382000
6	0		764.639517000
6	0		764.762720000
6	0		764.887090000
6	0		765.011474000
6	0		765.134788000
6	0		765.259112000
6	0		765.383524000
6	0		765.506883000
6	0		765.631217000
6	0		765.755519000
6	0		765.755559000
6	0		765.756038000
6	0		765.879461000
6	68		765.898449000
6	0		765.923811000
6	52		765.924320000
6	0		765.924338000
6	0		765.924366000
6	0		765.925542000
6	0		765.950806000
6	0		766.002788000
6	0		766.127167000
6	0		766.251549000
6	0		766.374885000
6	0		766.499222000
6	0		766.623527000
6	0		766.746864000
6	0		766.871293000
6	0		766.994653000
6	0		767.119075000
6	0		767.243507000
6	0		767.366853000
6	1418		767.367702000
6	1418		767.388162000
6	1418		767.429348000
6	0		767.429409000
6	0		767.429432000
6	602		767.429440000
6	602		767.429445000
6	0		767.429934000
6	0		767.429949000
6	212		767.437269000
6	212		767.437493000
6	1418		767.470705000
6	0		767.491612000
6	1418		767.512042000
6	1418		767.553363000
6	1418		767.594742000
6	0		767.615469000
6	1418		767.636056000
6	1418		767.677388000
6	1418		767.718744000
6	0		767.739468000
6	1418		767.760088000
6	1418		767.801412000
6	1418		767.842790000
6	0		767.863219000
6	1418		767.884120000
6	1418		767.925472000
6	0		767.925494000
6	0		767.925526000
6	1418		767.966797000
6	0		767.986684000
6	1418		768.008150000
6	1418		768.049479000
6	1418		768.090835000
6	0		768.111570000
6	1418		768.132177000
6	1418		768.173536000
6	1418		768.214871000
6	0		768.234681000
6	1418		768.256233000
6	1418		768.297522000
6	1418		768.338890000
6	0		768.358750000
6	1418		768.380224000
6	1418		768.421541000
6	1418		768.462917000
6	0		768.483414000
6	1418		768.504261000
6	1418		768.545590000
6	0		768.545595000
6	0		768.579986000
6	0		768.580045000
6	1418		768.586943000
6	0		768.619500000
6	12		768.619735000
6	1418		768.628273000
6	0		768.658764000
6	12		768.658797000
6	0		768.658808000
6	1		768.658963000
6	4		768.658978000
6	32		768.658984000
6	0		768.658992000
6	0		768.669367000
6	1418		768.669589000
6	0		768.697924000
6	0		768.697977000
6	0		768.698042000
6	0		768.698116000
6	0		768.698132000
6	1418		768.710956000
6	1418		768.752309000
6	0		768.793447000
6	1418		768.793624000
6	1418		768.835009000
6	0		768.854742000
6	1418		768.876337000
6	0		768.917487000
6	1418		768.917758000
6	1418		768.959020000
6	0		768.978760000
6	1418		769.000381000
6	0		769.041397000
6	1418		769.041669000
6	1418		769.083039000
6	1418		769.124383000
6	0		769.165541000
6	1418		769.165716000
6	1418		769.207101000
6	1418		769.248405000
6	0		769.289577000
6	1418		769.289737000
6	1418		769.331101000
6	1418		769.372485000
6	0		769.413564000
6	1418		769.413765000
6	1418		769.455130000
6	1418		769.496470000
6	0		769.537609000
6	1418		769.537796000
6	1418		769.579136000
6	1418		769.620523000
6	0		769.661575000
6	1418		769.661831000
6	1418		769.703206000
6	0		769.714876000
6	0		769.714916000
6	1418		769.744518000
6	0		769.784736000
6	1418		769.785850000
6	1418		769.827222000
6	1418		769.868559000
6	0		769.908801000
6	1418		769.909899000
6	1418		769.951251000
6	1418		769.992605000
6	0		770.032837000
6	1418		770.033917000
6	1418		770.075279000
6	0		770.156792000
6	1418		770.157329000
6	1418		770.178053000
6	0		770.281593000
6	1418		770.282119000
6	1418		770.302808000
6	0		770.405314000
6	1418		770.405803000
6	1418		770.426479000
6	0		770.528976000
6	1418		770.529542000
6	1418		770.550228000
6	0		770.652770000
6	1418		770.653301000
6	1418		770.674007000
6	0		770.777564000
6	1418		770.778057000
6	1418		770.798981000
6	0		770.806203000
6	0		770.806270000
6	0		770.901463000
6	1418		770.901986000
6	1418		770.922672000
6	0		770.945551000
6	41		770.951764000
6	0		771.025138000
6	1418		771.025669000
6	1418		771.046371000
6	0		771.091439000
6	21		771.092147000
6	0		771.092181000
6	1080		771.093290000
6	0		771.148889000
6	1418		771.149454000
6	1418		771.170129000
6	0		771.273668000
6	1418		771.274220000
6	1418		771.294857000
6	0		771.397311000
6	1418		771.397869000
6	1418		771.418492000
6	0		771.521055000
6	1418		771.521620000
6	1080		771.522204000
6	1418		771.542247000
6	0		771.644723000
6	1418		771.645289000
6	1418		771.665886000
6	48		771.665930000
6	0		771.665955000
6	0		771.696965000
6	0		771.769354000
6	1418		771.769883000
6	1418		771.790577000
6	440		771.827627000
6	0		771.827678000
6	0		771.830914000
6	280		771.831760000
6	1418		771.831873000
6	1418		771.873242000
6	0		771.893106000
6	1418		771.914573000
6	0		771.954682000
6	0		771.974654000
6	16		771.983051000
6	0		772.017001000
6	1418		772.017511000
6	0		772.026241000
6	1418		772.038207000
6	0		772.141733000
6	1418		772.142238000
6	1418		772.162911000
6	52		772.178230000
6	0		772.178269000
6	52		772.178375000
6	0		772.203058000
6	1418		772.204246000
6	1418		772.245593000
6	84		772.320814000
6	0		772.327012000
6	1418		772.327510000
6	1418		772.348201000
6	0		772.362215000
6	0		772.450657000
6	1418		772.451489000
6	1418		772.471874000
6	0		772.575391000
6	1418		772.575913000
6	1418		772.596587000
6	0		772.699097000
6	1418		772.699641000
6	1418		772.720316000
6	0		772.822824000
6	1418		772.823315000
6	1418		772.844059000
6	0		772.922191000
6	0		772.922251000
6	0		772.947609000
6	1418		772.948161000
6	1418		772.968841000
6	0		773.071441000
6	1418		773.071970000
6	1418		773.092638000
6	0		773.195113000
6	1418		773.195612000
6	1418		773.216351000
6	0		773.308075000
6	41		773.314063000
6	0		773.318931000
6	1418		773.319477000
6	1418		773.340156000
6	0		773.442697000
6	1418		773.443198000
6	1418		773.463877000
6	0		773.567538000
6	1418		773.568037000
6	1418		773.588692000
6	0		773.673053000
6	21		773.678538000
6	0		773.678574000
6	1080		773.679685000
6	0		773.691301000
6	1418		773.691785000
6	1418		773.715446000
6	440		773.768570000
6	0		773.810226000
6	0		773.814950000
6	1418		773.815487000
6	1418		773.836154000
6	0		773.938733000
6	1418		773.939266000
6	1418		773.959935000
6	48		774.023570000
6	0		774.023610000
6	280		774.030119000
6	0		774.063450000
6	1418		774.063939000
6	1418		774.084732000
6	0		774.187222000
6	1418		774.187776000
6	1418		774.208418000
6	0		774.303038000
6	0		774.303094000
6	0		774.311064000
6	0		774.311091000
6	0		774.311099000
6	692		774.311106000
6	1418		774.311534000
6	0		774.317842000
6	1418		774.332219000
6	1396		774.334318000
6	2792		774.334363000
6	2792		774.334386000
6	1396		774.334432000
6	690		774.373283000
6	0		774.379359000
6	1396		774.380196000
6	1396		774.380221000
6	1396		774.380273000
6	4188		774.380375000
6	0		774.434926000
6	1418		774.435475000
6	1418		774.446779000
6	1396		774.451338000
6	1418		774.469452000
6	1418		774.492114000
6	1396		774.496640000
6	1418		774.514796000
6	16		774.536566000
6	1418		774.537434000
6	0		774.558743000
6	0		774.558764000
6	64		774.558769000
6	64		774.558775000
6	0		774.558780000
6	92		774.558784000
6	608		774.559483000
6	31		774.559555000
6	608		774.559871000
6	0		774.559900000
6	1418		774.560061000
6	68		774.562457000
6	856		774.567996000
6	0		774.578225000
6	1418		774.582796000
6	1418		774.605452000
6	1396		774.612898000
6	0		774.620983000
6	1418		774.628127000
6	1418		774.650777000
6	1418		774.673453000
6	1418		774.696105000
6	52		774.702823000
6	0		774.702874000
6	0		774.704168000
6	1418		774.718791000
6	1396		774.729185000
6	1418		774.741451000
6	0		774.744875000
6	1418		774.764098000
6	1418		774.786762000
6	1418		774.809434000
6	1418		774.832089000
6	1396		774.845446000
6	0		774.845948000
6	1418		774.854779000
6	0		774.869223000
6	1418		774.877440000
6	1418		774.900104000
6	1418		774.922783000
6	1418		774.945427000
6	1396		774.961725000
6	1418		774.968104000
6	1418		774.990769000
6	0		774.993295000
6	1418		775.013466000
6	1418		775.036100000
6	1418		775.058770000
6	0		775.078019000
6	0		775.078069000
6	1396		775.078085000
6	52		775.079787000
6	0		775.079828000
6	52		775.079930000
6	1418		775.081431000
6	1418		775.104121000
6	0		775.116671000
6	1418		775.126771000
6	1418		775.149434000
6	1418		775.172134000
6	1396		775.194265000
6	1418		775.194769000
6	1418		775.217447000
6	1418		775.240110000
6	0		775.241513000
6	1418		775.262779000
6	1418		775.285453000
6	1418		775.308106000
6	1396		775.310549000
6	1418		775.330765000
6	1418		775.353477000
6	0		775.364975000
6	1418		775.376110000
6	1418		775.398768000
6	1418		775.421444000
6	1396		775.426808000
6	1418		775.444101000
6	1418		775.466794000
6	0		775.488916000
6	1418		775.489423000
6	100		775.503297000
6	1418		775.512092000
6	1418		775.534793000
6	1396		775.543120000
6	0		775.546227000
6	1418		775.557484000
6	1418		775.580111000
6	1418		775.602781000
6	0		775.612649000
6	1418		775.625474000
6	1418		775.648130000
6	1396		775.659402000
6	1418		775.670776000
6	0		775.675240000
6	1418		775.693449000
6	1418		775.716098000
6	1418		775.738761000
6	1418		775.761431000
6	1396		775.775670000
6	1418		775.784086000
6	0		775.799539000
6	1418		775.806787000
6	1418		775.829420000
6	1418		775.852120000
6	1418		775.874767000
6	1396		775.891934000
6	1418		775.897437000
6	1418		775.920118000
6	0		775.923525000
6	1418		775.942769000
6	1418		775.965456000
6	1418		775.988092000
6	1396		776.008221000
6	1418		776.010759000
6	1418		776.033441000
6	0		776.046883000
6	1418		776.056117000
6	1418		776.078758000
6	1418		776.101437000
6	1418		776.124118000
6	1396		776.124449000
6	1418		776.146810000
6	1418		776.169457000
6	0		776.170852000
6	1418		776.192116000
6	1418		776.214788000
6	1418		776.237432000
6	1396		776.240754000
6	1418		776.260112000
6	0		776.260958000
6	0		776.261026000
6	1418		776.282771000
6	0		776.295732000
6	0		776.300282000
6	1418		776.305445000
6	1418		776.328095000
6	1418		776.350811000
6	1396		776.357018000
6	1418		776.373463000
6	1418		776.396095000
6	1418		776.418785000
6	0		776.419423000
6	1418		776.441449000
6	1418		776.464100000
6	1396		776.473324000
6	1418		776.486772000
6	1418		776.509458000
6	1418		776.532132000
6	0		776.542788000
6	1418		776.554771000
6	1418		776.577456000
6	1396		776.589583000
6	1418		776.600109000
6	1418		776.622757000
6	1418		776.645428000
6	0		776.667598000
6	1418		776.668080000
6	1418		776.690780000
6	0		776.699523000
6	0		776.699587000
6	1396		776.705860000
6	1418		776.713432000
6	1418		776.736092000
6	0		776.738436000
6	12		776.738632000
6	1418		776.758764000
6	0		776.777385000
6	12		776.777422000
6	0		776.777436000
6	1		776.777609000
6	4		776.777623000
6	32		776.777631000
6	0		776.777642000
6	1418		776.781432000
6	0		776.790799000
6	1418		776.804093000
6	0		776.816369000
6	0		776.816403000
6	0		776.816407000
6	0		776.816540000
6	0		776.816556000
6	1396		776.822122000
6	68		776.822567000
6	1418		776.826756000
6	1418		776.849431000
6	1418		776.872095000
6	1418		776.894758000
6	0		776.914849000
6	1418		776.917420000
6	1396		776.938416000
6	1418		776.940104000
6	1418		776.962787000
6	1418		776.985439000
6	1418		777.008131000
6	1418		777.030773000
6	0		777.039167000
6	1418		777.053439000
6	1396		777.054686000
6	1418		777.076108000
6	1418		777.098801000
6	1418		777.121446000
6	1418		777.144125000
6	0		777.163225000
6	1418		777.166760000
6	1396		777.170936000
6	1418		777.189473000
6	1418		777.212091000
6	1418		777.234770000
6	1418		777.257441000
6	1418		777.280093000
6	1396		777.287246000
6	0		777.287501000
6	1418		777.302761000
6	1418		777.325437000
6	1418		777.348080000
6	1418		777.370801000
6	1418		777.393443000
6	1396		777.403526000
6	0		777.411589000
6	1418		777.416093000
6	52		777.433306000
6	0		777.433351000
6	0		777.434584000
6	1418		777.438775000
6	1418		777.461418000
6	1418		777.484090000
6	1418		777.506782000
6	1396		777.519797000
6	1418		777.529442000
6	0		777.535278000
6	1418		777.552115000
6	1418		777.574896000
6	1418		777.597437000
6	0		777.606070000
6	0		777.606126000
6	0		777.606494000
6	1418		777.620117000
6	1396		777.636051000
6	1418		777.642779000
6	0		777.659312000
6	1418		777.665436000
6	1418		777.688129000
6	1418		777.710750000
6	1418		777.733422000
6	1396		777.752349000
6	1418		777.756099000
6	1418		777.778755000
6	0		777.783269000
6	1418		777.801426000
6	1418		777.824118000
6	1418		777.846749000
6	1396		777.868625000
6	1418		777.869419000
6	1418		777.892114000
6	0		777.907582000
6	1418		777.914758000
6	1418		777.937434000
6	1418		777.960109000
6	1418		777.982751000
6	1396		777.984872000
6	1418		778.005442000
6	1418		778.028087000
6	0		778.030663000
6	1418		778.050770000
6	1418		778.073437000
6	1418		778.096092000
6	1396		778.101162000
6	1418		778.118775000
6	1418		778.141453000
6	0		778.154875000
6	1418		778.164139000
6	1418		778.186757000
6	1418		778.209431000
6	1396		778.217451000
6	1418		778.232098000
6	1418		778.254776000
6	1418		778.277446000
6	0		778.278882000
6	1418		778.300095000
6	1418		778.322786000
6	1396		778.333724000
6	1418		778.345425000
6	1418		778.368116000
6	1418		778.390788000
6	0		778.403226000
6	1418		778.413573000
6	1418		778.436098000
6	1364		778.450000000
6	1418		778.458767000
6	1418		778.481425000
6	1418		778.504107000
6	1418		778.526778000
6	0		778.527147000
6	1418		778.549428000
6	1418		778.572108000
6	1418		778.594775000
6	1418		778.617431000
6	1418		778.640106000
6	0		778.650658000
6	1418		778.662757000
6	1418		778.685436000
6	1418		778.708110000
6	0		778.713594000
6	1418		778.730753000
6	1418		778.753423000
6	1418		778.776082000
6	1418		778.798761000
6	1418		778.821474000
6	0		778.836865000
6	1418		778.844080000
6	1418		778.866763000
6	1418		778.889436000
6	1418		778.912083000
6	1418		778.934767000
6	1418		778.957457000
6	0		778.960908000
6	1418		778.980094000
6	1418		779.002781000
6	1418		779.025426000
6	1418		779.048113000
6	1418		779.070769000
6	0		779.085237000
6	1418		779.093429000
6	1418		779.116100000
6	1418		779.138783000
6	1418		779.161432000
6	1418		779.184111000
6	1418		779.206776000
6	0		779.209206000
6	1418		779.229436000
6	1418		779.252149000
6	1418		779.274759000
6	1418		779.297449000
6	1418		779.320098000
6	0		779.332775000
6	1418		779.342774000
6	1418		779.365436000
6	1418		779.388101000
6	1418		779.410766000
6	1418		779.433429000
6	1418		779.456113000
6	0		779.457627000
6	1418		779.478752000
6	1418		779.501460000
6	0		779.581018000
6	0		779.705509000
6	0		779.829017000
6	0		779.953261000
6	0		780.045593000
6	0		780.136932000
6	0		780.229223000
6	0		780.321621000
6	0		780.412895000
6	0		780.505213000
6	0		780.597543000
6	0		780.688894000
6	0		780.781231000
6	0		780.873800000
6	0		780.965105000
6	0		781.057462000
6	0		781.148946000
6	0		781.241555000
6	0		781.286713000
6	0		781.379177000
6	0		781.471428000
6	0		781.562746000
6	0		781.655110000
6	0		781.747464000
6	0		781.838950000
6	0		781.931100000
6	0		782.023470000
6	0		782.069418000
6	0		782.114756000
6	0		782.161190000
6	0		782.207352000
6	0		782.253565000
6	0		782.298748000
6	0		782.344913000
6	0		782.391090000
6	0		782.437273000
6	0		782.483470000
6	0		782.528679000
6	0		782.574762000
6	0		782.667111000
6	0		782.713270000
6	0		782.805658000
6	0		782.850897000
6	0		782.943192000
6	1288		782.943217000
6	31		782.943223000
6	0		782.943721000
6	577		782.953161000
6	569		782.953205000
6	39		782.953210000
6	0		782.989391000
6	0		782.989414000
6	0		783.034963000
6	0		783.081299000
6	0		783.173430000
6	0		783.173457000
6	0		783.265221000
6	0		783.357592000
6	0		783.448899000
6	0		783.495040000
6	0		783.587405000
6	0		783.679115000
6	0		783.771612000
6	0		783.816782000
6	0		783.909473000
6	0		783.909500000
6	0		783.909519000
6	0		783.910015000
6	0		783.920813000
17		1358	783.954707000
17		1358	783.970155000
17		1358	783.970199000
17		1358	783.970203000
17		1358	783.970211000
17		202	783.970217000
6	1396		784.001444000
6	699		784.001475000
6	0		784.001486000
6	0		784.001493000
6	0		784.007737000
6	1396		784.014836000
6	0		784.093355000
6	1396		784.130453000
6	0		784.185202000
6	0		784.185243000
6	0		784.185708000
6	0		784.213941000
6	0		784.213994000
6	0		784.214611000
17		1358	784.230650000
17		1358	784.244017000
6	1396		784.247277000
6	0		784.256833000
6	0		784.276905000
6	0		784.322717000
6	1396		784.364035000
6	0		784.415538000
6	0		784.460748000
6	1396		784.480829000
6	0		784.494391000
6	0		784.506972000
17		1358	784.545401000
6	1396		784.597648000
6	0		784.598823000
6	0		784.691274000
6	1396		784.714416000
6	0		784.782925000
6	0		784.828654000
17		1358	784.828688000
6	1396		784.831204000
17		1358	784.842041000
6	0		784.921558000
6	0		784.921583000
6	0		784.922055000
6	1396		784.948008000
6	0		785.013528000
6	1396		785.064783000
6	0		785.105404000
6	0		785.105432000
6	1396		785.181575000
6	0		785.197426000
6	0		785.197449000
6	0		785.197922000
6	0		785.288733000
6	1396		785.298359000
6	0		785.380773000
6	1396		785.415168000
6	0		785.426992000
17		1358	785.442948000
6	0		785.519448000
6	1396		785.531944000
6	0		785.611358000
6	1396		785.648777000
6	0		785.657544000
6	0		785.749456000
6	1396		785.765564000
6	0		785.840994000
6	1396		785.882325000
6	0		785.933428000
6	0		785.933464000
6	1396		785.999119000
6	0		786.024871000
17		1358	786.024900000
17		1358	786.038269000
6	1396		786.115915000
6	0		786.116730000
6	0		786.209477000
6	1396		786.232709000
6	0		786.254679000
6	0		786.347334000
6	1396		786.349476000
6	0		786.438981000
6	0		786.439015000
6	1396		786.466296000
6	0		786.530737000
6	1396		786.583057000
6	0		786.623145000
6	1396		786.699869000
6	0		786.714659000
6	0		786.761385000
6	0		786.794910000
6	0		786.794961000
6	1396		786.816694000
6	0		786.852656000
6	1396		786.933456000
6	0		786.945394000
6	0		786.945426000
6	0		786.945968000
6	0		786.979938000
6	41		786.986287000
6	0		787.037409000
6	0		787.037437000
6	1396		787.050228000
6	0		787.128652000
6	1396		787.167023000
6	0		787.170984000
6	0		787.175388000
6	0		787.175970000
6	21		787.179843000
6	0		787.179877000
6	1080		787.180882000
6	0		787.221534000
17		1358	787.239424000
6	1396		787.283824000
6	0		787.312928000
6	0		787.359378000
6	440		787.378873000
6	1396		787.400616000
6	0		787.422250000
6	0		787.451148000
6	1396		787.517400000
6	0		787.542739000
6	0		787.588911000
6	48		787.606984000
6	0		787.607023000
6	280		787.612819000
6	1396		787.634191000
6	0		787.680741000
6	1396		787.750980000
6	0		787.772855000
6	16		787.810823000
6	0		787.854232000
6	0		787.865415000
6	0		787.865446000
6	1396		787.867773000
17		1358	787.911061000
6	0		787.957245000
6	1396		787.984552000
6	52		788.038883000
6	0		788.038922000
6	52		788.039049000
6	0		788.049204000
6	1396		788.101344000
6	0		788.141621000
6	0		788.186867000
6	1396		788.218147000
6	84		788.233576000
6	0		788.274227000
6	0		788.279601000
6	1396		788.334931000
6	0		788.370907000
6	0		788.417385000
6	1396		788.451725000
6	0		788.463533000
6	0		788.555455000
6	1396		788.568518000
6	0		788.647005000
6	1396		788.685332000
6	0		788.693253000
6	0		788.784935000
6	1396		788.802086000
6	0		788.877513000
6	1396		788.918897000
6	0		788.966652000
6	0		788.969376000
6	0		788.969403000
6	1396		789.035677000
6	0		789.061178000
6	1396		789.152465000
6	0		789.153299000
6	0		789.198435000
6	0		789.244733000
6	0		789.290985000
6	0		789.383406000
6	0		789.474786000
6	0		789.521117000
6	0		789.613404000
6	0		789.704774000
6	0		789.797399000
6	0		789.797444000
6	0		789.889448000
6	0		789.980853000
6	68		790.005342000
6	0		790.073208000
6	0		790.119554000
6	52		790.199608000
6	0		790.199649000
6	0		790.199670000
6	0		790.201288000
6	0		790.210869000
6	0		790.303278000
6	0		790.349563000
6	0		790.385934000
6	0		790.440840000
6	0		790.487067000
6	0		790.579408000
6	0		790.579435000
6	0		790.670890000
6	0		790.763181000
6	0		790.855552000
6	0		790.900732000
6	0		790.993070000
6	0		791.085439000
6	1418		791.086310000
6	1418		791.097242000
6	0		791.176792000
6	0		791.176830000
6	0		791.177374000
6	0		791.222998000
6	1418		791.223547000
6	1418		791.234839000
6	0		791.315300000
6	1418		791.315761000
6	1418		791.327082000
6	0		791.407544000
6	1418		791.408036000
6	1418		791.419414000
6	0		791.453399000
6	0		791.453426000
6	0		791.453948000
6	0		791.545371000
6	1418		791.545839000
6	1418		791.557177000
6	0		791.636681000
6	1418		791.637191000
6	1418		791.648518000
6	0		791.729405000
6	0		791.729431000
6	1418		791.730037000
6	0		791.821510000
6	1418		791.822020000
6	1418		791.833374000
6	0		791.912767000
6	1418		791.913257000
6	1418		791.924604000
6	0		792.004957000
6	0		792.051129000
6	1418		792.051631000
6	1418		792.062980000
6	1418		792.085613000
6	1418		792.108284000
6	0		792.143071000
6	1418		792.143554000
6	1418		792.154939000
6	1418		792.177548000
6	1418		792.200227000
6	0		792.235001000
6	1418		792.235541000
6	1418		792.246826000
6	1418		792.269511000
6	0		792.280611000
6	1418		792.292153000
6	0		792.373649000
6	1418		792.374149000
6	1418		792.385505000
6	1418		792.408169000
6	0		792.418976000
6	1418		792.430822000
6	1418		792.453511000
6	1418		792.476151000
6	1418		792.498833000
6	0		792.510997000
6	1418		792.521494000
6	1418		792.544143000
6	1418		792.566814000
6	1418		792.589494000
6	0		792.602683000
6	1418		792.612160000
6	1418		792.634824000
6	1418		792.657506000
6	1418		792.680149000
6	0		792.695411000
6	1418		792.702827000
6	1418		792.725513000
6	1418		792.748159000
6	1418		792.770825000
6	0		792.786982000
6	1418		792.793480000
6	1418		792.816157000
6	0		792.818018000
6	0		792.818062000
6	1418		792.838816000
6	0		792.856777000
6	12		792.857003000
6	1418		792.861468000
6	0		792.878642000
6	1418		792.884149000
6	0		792.895755000
6	12		792.895895000
6	0		792.895909000
6	1		792.896050000
6	4		792.896063000
6	32		792.896086000
6	0		792.896115000
6	1418		792.906812000
6	1418		792.929483000
6	0		792.934292000
6	0		792.934342000
6	0		792.934362000
6	0		792.934437000
6	0		792.934449000
6	0		792.934493000
6	1418		792.952164000
6	0		792.971234000
6	1418		792.974810000
6	1418		792.997495000
6	1418		793.020170000
6	1418		793.042806000
6	0		793.063485000
6	1418		793.065472000
6	1418		793.088151000
6	1418		793.110814000
6	1418		793.133490000
6	0		793.154719000
6	1418		793.156156000
6	1418		793.178813000
6	1418		793.201484000
6	1418		793.224159000
6	1418		793.246823000
6	0		793.247256000
6	1418		793.269494000
6	1418		793.292167000
6	1418		793.314849000
6	1418		793.337487000
6	0		793.338741000
6	1418		793.360154000
6	1418		793.382836000
6	1418		793.405507000
6	1418		793.428139000
6	0		793.431310000
6	1418		793.450798000
6	1418		793.473492000
6	1418		793.496147000
6	1418		793.518828000
6	0		793.522938000
6	1418		793.541487000
6	1418		793.564145000
6	1418		793.586818000
6	1418		793.609494000
6	0		793.614627000
6	1418		793.632145000
6	1418		793.654840000
6	1418		793.677460000
6	1418		793.700148000
6	0		793.707323000
6	1418		793.722833000
6	1418		793.745479000
6	1418		793.768158000
6	1418		793.790823000
6	0		793.798914000
6	1418		793.813476000
6	1418		793.836153000
6	1418		793.858838000
6	1418		793.881484000
6	0		793.891536000
6	1418		793.904144000
6	1418		793.926800000
6	1418		793.949481000
6	1418		793.972159000
6	0		793.983210000
6	1418		793.994809000
6	1418		794.017506000
6	1418		794.040156000
6	1418		794.062830000
6	0		794.074939000
6	1418		794.085483000
6	1418		794.108168000
6	1418		794.130810000
6	1418		794.153504000
6	0		794.166637000
6	1418		794.176148000
6	1418		794.198828000
6	1418		794.221483000
6	1418		794.244135000
6	0		794.259192000
6	1418		794.266811000
6	1418		794.289484000
6	1418		794.312139000
6	1418		794.334815000
6	0		794.350990000
6	1418		794.357478000
6	1418		794.380144000
6	0		794.397553000
6	1418		794.402836000
6	1418		794.425498000
6	0		794.442867000
6	0		794.442892000
6	0		794.442901000
6	0		794.442910000
6	517		794.442918000
6	39		794.442924000
6	0		794.442943000
6	0		794.443488000
6	0		794.443756000
6	0		794.449754000
6	2836		794.450613000
6	2836		794.450649000
6	1142		794.450695000
1,17		1358	794.488978000
6	0		794.489008000
6	1418		794.489625000
6	1418		794.500965000
1,17		1358	794.535275000
6	0		794.535312000
6	0		794.536210000
1,17		1358	794.581476000
1,17		1358	794.581503000
1,17		202	794.626669000
6	0		794.672830000
6	1396		794.685009000
6	0		794.719250000
6	0		794.719295000
6	517		794.719306000
6	0		794.719794000
6	2836		794.726984000
6	3977		794.727105000
6	0		794.744665000
1,17		1358	794.765106000
6	0		794.765137000
6	1396		794.777330000
6	0		794.811292000
6	0		794.841494000
6	0		794.856776000
6	1396		794.860173000
6	0		794.948641000
6	1396		794.977008000
6	0		795.041440000
6	1396		795.093755000
6	0		795.179215000
6	1396		795.210546000
6	0		795.271004000
6	1396		795.327353000
6	0		795.408856000
6	1396		795.444134000
6	0		795.455494000
6	0		795.455967000
6	0		795.500672000
6	1396		795.560953000
6	0		795.593282000
6	0		795.593302000
6	0		795.593741000
1,17		1358	795.639467000
6	1396		795.677714000
6	0		795.731142000
6	1396		795.794511000
6	0		795.823380000
6	1396		795.911296000
6	0		795.915099000
6	0		796.006903000
6	0		796.006926000
6	1396		796.028079000
6	0		796.053104000
6	0		796.099470000
6	1396		796.144888000
6	0		796.191230000
6	1396		796.261710000
6	0		796.283589000
6	0		796.375304000
6	1396		796.378455000
6	0		796.466906000
6	1396		796.495274000
6	0		796.558816000
6	1396		796.612042000
6	0		796.651155000
6	1396		796.728831000
6	0		796.743178000
6	0		796.789356000
6	0		796.835563000
6	1396		796.845624000
6	0		796.880712000
6	1396		796.960736000
6	0		796.973347000
6	0		796.973369000
6	1418		796.973839000
6	1418		796.983226000
6	1418		797.002168000
6	1418		797.020761000
6	1418		797.039485000
6	1418		797.058240000
6	0		797.065578000
6	1396		797.069458000
6	1418		797.077052000
6	1418		797.095766000
6	1418		797.114516000
6	1418		797.133293000
6	1418		797.152036000
6	0		797.157135000
6	1418		797.170791000
6	1396		797.174301000
6	1418		797.189548000
6	1418		797.208296000
6	1418		797.227049000
6	1418		797.245804000
6	0		797.248960000
6	1418		797.264556000
6	1396		797.275517000
6	1418		797.283311000
6	1418		797.302075000
6	1418		797.320837000
6	1418		797.339584000
6	0		797.340689000
6	1418		797.358357000
6	1396		797.375040000
6	1418		797.377106000
6	1418		797.395858000
6	1418		797.414641000
6	1418		797.433365000
6	0		797.433434000
6	1418		797.452120000
6	1418		797.470892000
6	0		797.473639000
6	1396		797.474536000
6	0		797.478768000
6	0		797.479225000
6	1418		797.489642000
6	1418		797.508403000
6	0		797.524888000
6	1418		797.527135000
6	1418		797.545903000
6	1418		797.564659000
6	0		797.570921000
6	0		797.571388000
6	1396		797.574038000
6	1418		797.583417000
6	1418		797.602174000
6	0		797.617096000
6	1418		797.620941000
6	1418		797.639683000
6	1418		797.658439000
6	1396		797.673555000
6	1418		797.677193000
6	1418		797.695943000
6	0		797.708868000
6	1418		797.714700000
6	1418		797.733482000
6	1418		797.752236000
6	1418		797.770975000
6	1396		797.773053000
6	1418		797.789750000
6	0		797.800648000
6	1418		797.808511000
6	1418		797.827234000
6	1418		797.846028000
6	1418		797.864757000
6	1396		797.872591000
6	1418		797.883522000
6	0		797.893378000
6	1418		797.902255000
6	1418		797.921050000
6	1418		797.939767000
6	1418		797.958530000
6	1396		797.972095000
6	1418		797.977309000
6	0		797.985522000
6	1418		797.996040000
6	1418		798.014798000
6	1418		798.033558000
6	1418		798.052319000
6	1418		798.071065000
6	1396		798.071567000
6	0		798.077134000
6	1418		798.089831000
6	1418		798.108599000
6	1418		798.127318000
6	1418		798.146136000
6	1418		798.164858000
6	0		798.169026000
6	1396		798.171085000
6	1418		798.183604000
6	1418		798.202370000
6	1418		798.221116000
6	1418		798.239882000
6	1418		798.258628000
6	0		798.260741000
6	1396		798.270596000
6	1418		798.277395000
6	1418		798.296133000
6	1418		798.314892000
6	1418		798.333649000
6	1418		798.352407000
6	0		798.353480000
6	1396		798.370110000
6	1418		798.371132000
6	1418		798.389934000
6	1418		798.408677000
6	1418		798.427443000
6	0		798.445345000
6	1418		798.446173000
6	1418		798.464931000
6	1396		798.469624000
6	1418		798.483711000
6	1418		798.502451000
6	1418		798.521219000
6	0		798.537180000
6	1418		798.539953000
6	1418		798.558713000
6	1396		798.569150000
6	0		798.572375000
6	0		798.572423000
6	1418		798.577460000
6	0		798.583581000
6	1418		798.596231000
6	0		798.614824000
6	1418		798.614964000
6	1418		798.633742000
6	1418		798.652507000
6	1396		798.668646000
6	1418		798.671244000
6	0		798.675333000
6	1418		798.690015000
6	1418		798.708787000
6	1418		798.727518000
6	1418		798.746278000
6	1418		798.765044000
6	0		798.767191000
6	1396		798.768132000
6	1418		798.783779000
6	1418		798.802560000
6	1418		798.821310000
6	1418		798.840076000
6	1418		798.858825000
6	0		798.858981000
6	1396		798.867660000
6	1418		798.877579000
6	1418		798.896334000
6	1418		798.915081000
6	1418		798.933857000
6	0		798.950897000
6	1418		798.952582000
6	1396		798.967169000
6	1418		798.971391000
6	1418		798.990121000
6	1418		799.008880000
6	1418		799.027632000
6	0		799.042687000
6	1418		799.046392000
6	1418		799.065146000
6	1396		799.066680000
6	1418		799.083914000
6	1418		799.102700000
6	1418		799.121420000
6	0		799.135499000
6	1418		799.140167000
6	1418		799.158930000
6	1396		799.166196000
6	1418		799.177668000
6	1418		799.196430000
6	1418		799.215187000
6	0		799.227266000
6	1418		799.233936000
6	1418		799.252711000
6	1396		799.265717000
6	1418		799.271472000
6	1418		799.290261000
6	1418		799.308977000
6	0		799.318971000
6	1418		799.327713000
6	1418		799.346480000
6	1396		799.365195000
6	1418		799.365230000
6	1418		799.383992000
6	1418		799.402754000
6	0		799.410946000
6	1418		799.421508000
6	1418		799.440264000
6	1418		799.458983000
6	1418		799.477764000
6	1418		799.496509000
6	0		799.502792000
6	1418		799.515352000
6	1418		799.534466000
6	1418		799.552794000
6	1418		799.571563000
6	0		799.585492000
6	1418		799.590313000
6	0		799.594985000
6	1418		799.609070000
6	1418		799.627791000
6	1418		799.646596000
6	1418		799.665342000
6	1418		799.684078000
6	0		799.687234000
6	1418		799.702829000
6	1418		799.721598000
6	1418		799.740353000
6	1418		799.759100000
6	1418		799.777839000
6	0		799.779073000
6	1418		799.796610000
6	1418		799.815401000
6	0		799.826665000
6	0		799.826717000
6	1418		799.834125000
6	1418		799.852914000
6	0		799.870892000
6	1418		799.871632000
6	1418		799.890387000
6	1418		799.909181000
6	1418		799.927938000
6	1418		799.946669000
6	0		799.962782000
6	1418		799.965414000
6	1418		799.984176000
6	1418		800.002943000
6	1418		800.021691000
6	1418		800.040457000
6	0		800.055444000
6	0		800.057596000
6	1418		800.059185000
6	41		800.065062000
6	1418		800.077960000
6	1418		800.096717000
6	1418		800.115471000
6	1418		800.134221000
6	0		800.147154000
6	1418		800.152965000
6	1418		800.171755000
6	1418		800.190493000
6	1418		800.209253000
6	1418		800.227972000
6	0		800.238960000
6	1418		800.246746000
6	1418		800.265502000
6	1418		800.284263000
6	0		800.295648000
6	21		800.298228000
6	0		800.298264000
6	1080		800.299211000
6	1418		800.303017000
6	1418		800.321768000
6	0		800.330663000
6	1418		800.340534000
6	1418		800.359315000
6	1418		800.378042000
6	1418		800.396806000
6	1418		800.415554000
6	0		800.422776000
6	1418		800.434313000
6	1418		800.453077000
6	1418		800.471814000
6	1418		800.490597000
6	1418		800.509355000
6	0		800.515558000
6	1418		800.528079000
6	440		800.532802000
6	1418		800.546841000
6	1418		800.565592000
6	0		800.574236000
6	1418		800.584379000
6	1418		800.603121000
6	0		800.607323000
6	1418		800.621879000
6	1418		800.640627000
6	1418		800.659425000
6	1418		800.678225000
6	1418		800.696895000
6	0		800.699090000
6	1418		800.715664000
6	1418		800.734408000
6	1418		800.753168000
6	1418		800.771921000
6	1418		800.790676000
6	0		800.790884000
6	48		800.804718000
6	0		800.804761000
6	1418		800.809432000
6	280		800.810012000
6	1418		800.828156000
6	1418		800.846943000
6	1418		800.865708000
6	0		800.882643000
6	1418		800.884433000
6	1418		800.903207000
6	1418		800.921976000
6	0		800.935922000
6	0		800.935995000
6	1418		800.940712000
6	1418		800.959470000
6	0		800.974927000
6	0		800.974934000
6	12		800.975157000
6	1418		800.978238000
6	1418		800.996970000
6	0		801.013999000
6	12		801.014037000
6	0		801.014050000
6	1		801.014245000
6	4		801.014264000
6	32		801.014275000
6	0		801.014289000
6	1418		801.015737000
6	0		801.021181000
6	1418		801.034493000
6	16		801.044805000
6	0		801.053122000
6	0		801.053159000
6	0		801.053186000
6	1418		801.053225000
6	0		801.053302000
6	0		801.053311000
6	1418		801.072052000
6	0		801.086229000
6	1418		801.090755000
6	1418		801.109533000
6	0		801.112650000
6	1418		801.128266000
6	1418		801.147037000
6	1418		801.165789000
6	1418		801.184558000
6	1418		801.203309000
6	0		801.205506000
6	1418		801.222057000
6	1418		801.240819000
6	1418		801.259574000
6	1418		801.278316000
6	1418		801.297086000
6	0		801.297405000
6	1418		801.315833000
6	52		801.316719000
6	0		801.316748000
6	52		801.316829000
6	1418		801.334599000
6	1418		801.353349000
6	1418		801.372123000
6	0		801.389051000
6	1418		801.390835000
6	1418		801.409620000
6	1418		801.428366000
6	1418		801.447119000
6	1418		801.465897000
6	0		801.480862000
6	1418		801.484635000
6	1418		801.503405000
6	0		801.505608000
6	1418		801.522784000
6	1418		801.540922000
6	84		801.549972000
6	1418		801.559644000
6	0		801.573389000
6	1418		801.578408000
6	0		801.590226000
6	1418		801.597167000
6	1418		801.615943000
6	1418		801.634687000
6	1418		801.653449000
6	0		801.665320000
6	1418		801.672194000
6	1418		801.690959000
6	1418		801.709722000
6	0		801.710979000
6	0		801.711002000
6	0		801.711451000
6	0		801.711471000
6	1418		801.728466000
6	1418		801.747218000
6	0		801.757178000
6	1418		801.765976000
6	1418		801.784733000
6	1418		801.803489000
6	1418		801.822250000
6	1418		801.841003000
6	0		801.849185000
6	1418		801.859750000
6	1418		801.878496000
6	1418		801.897251000
6	1418		801.916008000
6	1418		801.934788000
6	0		801.940877000
6	1418		801.953537000
6	1418		801.972299000
6	1418		801.991037000
6	1418		802.009802000
6	1418		802.028572000
6	0		802.032732000
6	1418		802.047320000
6	1418		802.066092000
6	1418		802.084827000
6	1418		802.103594000
6	1418		802.122338000
6	0		802.124661000
6	1418		802.141105000
6	1418		802.159859000
6	1418		802.178595000
6	1418		802.197360000
6	1418		802.216112000
6	0		802.217237000
6	1418		802.234876000
6	1418		802.253636000
6	1418		802.272383000
6	1418		802.291141000
6	0		802.309073000
6	1418		802.309892000
6	1418		802.328641000
6	1418		802.347420000
6	0		802.354848000
6	517		802.354871000
6	0		802.355357000
6	2792		802.356506000
6	2387		802.356536000
6	1418		802.366156000
6	1418		802.384918000
6	0		802.401225000
6	0		802.401252000
6	1418		802.403661000
6	1418		802.422435000
6	1418		802.441186000
6	0		802.447436000
6	1418		802.459935000
6	1418		802.478684000
6	0		802.492728000
6	1418		802.497458000
6	1418		802.516204000
6	1418		802.534962000
6	0		802.539078000
6	1418		802.553734000
6	1418		802.572492000
6	0		802.584879000
6	74		802.584900000
6	92		802.584907000
6	910		802.585680000
6	31		802.585706000
6	1418		802.591217000
6	1418		802.609993000
6	1418		802.628821000
6	1418		802.647492000
6	1418		802.666270000
6	0		802.677509000
6	0		802.677535000
6	517		802.677544000
6	0		802.678064000
6	2792		802.679442000
6	2387		802.679495000
6	1418		802.684997000
6	1418		802.703785000
6	1418		802.722534000
6	1418		802.741281000
6	1418		802.760028000
6	0		802.768885000
6	1418		802.778780000
6	1418		802.797554000
6	0		802.814903000
6	1418		802.816314000
6	1418		802.835064000
6	1418		802.853820000
6	0		802.861059000
6	1418		802.872571000
6	1418		802.891329000
6	0		802.907445000
6	0		802.907471000
6	1418		802.910064000
6	1418		802.928829000
6	1418		802.947598000
6	0		802.952965000
6	0		802.952986000
6	74		802.952990000
6	910		802.953834000
6	1418		802.966349000
6	1418		802.985101000
6	0		802.999153000
6	1418		803.003863000
6	1418		803.022622000
6	1418		803.041395000
6	0		803.044797000
6	1418		803.060131000
6	1418		803.078915000
6	0		803.090981000
6	1418		803.097641000
6	68		803.105312000
6	1418		803.116401000
6	1418		803.135156000
6	1418		803.153954000
6	1418		803.172674000
6	0		803.182778000
6	1418		803.191439000
6	1418		803.210161000
6	1418		803.228998000
6	1418		803.247688000
6	1418		803.266449000
6	0		803.275318000
6	1418		803.285208000
6	1418		803.303947000
6	1418		803.322735000
6	52		803.337696000
6	0		803.337742000
6	0		803.337762000
6	0		803.339116000
6	1418		803.341469000
6	1418		803.360218000
6	0		803.367446000
6	1418		803.378979000
6	1418		803.397753000
6	1418		803.416490000
6	1418		803.435260000
6	1418		803.454011000
6	0		803.459218000
6	1418		803.472770000
6	1418		803.491534000
6	1418		803.510267000
6	1418		803.529018000
6	1418		803.547780000
6	0		803.551077000
6	1418		803.566526000
6	0		803.569590000
6	1418		803.585324000
6	0		803.597242000
6	1418		803.604042000
6	1418		803.622818000
6	1418		803.641579000
6	0		803.642688000
6	1418		803.660303000
6	1418		803.679069000
6	0		803.688948000
6	1418		803.697830000
6	1418		803.716590000
6	0		803.734920000
6	1418		803.735333000
6	1418		803.754103000
6	1418		803.772868000
6	0		803.781087000
6	1418		803.791607000
6	1418		803.810346000
6	0		803.827303000
6	1418		803.829105000
6	1418		803.847879000
6	1418		803.866645000
6	1418		803.885390000
6	1418		803.904150000
6	0		803.919108000
6	1418		803.922904000
6	1418		803.941659000
6	0		804.011128000
6	0		804.103542000
6	0		804.148720000
6	0		804.241008000
6	0		804.333306000
6	0		804.425637000
6	0		804.470803000
6	0		804.563140000
6	0		804.655494000
6	0		804.746843000
6	0		804.793003000
6	0		804.885281000
6	0		804.930672000
6	0		804.976669000
6	0		805.069034000
6	0		805.161356000
6	0		805.252717000
6	0		805.252736000
6	0		805.298860000
6	0		805.391160000
6	0		805.483527000
6	0		805.528678000
6	0		805.574872000
6	0		805.621024000
6	0		805.713345000
6	0		805.804646000
6	0		805.850830000
6	0		805.943178000
6	0		806.035508000
6	0		806.126794000
6	0		806.172953000
6	0		806.265259000
6	0		806.357552000
6	0		806.449365000
6	0		806.449389000
6	0		806.541196000
6	0		806.633491000
6	0		806.724843000
6	0		806.728353000
6	1396		806.737042000
6	0		806.771035000
6	0		806.863604000
6	0		806.954949000
6	0		807.047325000
6	1396		807.059548000
6	0		807.093455000
6	0		807.185228000
6	0		807.231461000
6	0		807.276614000
6	1396		807.288838000
6	0		807.369269000
6	0		807.461572000
6	0		807.553388000
6	0		807.553415000
6	1396		807.565581000
6	0		807.645410000
6	0		807.736704000
6	0		807.829009000
6	1396		807.841179000
6	0		807.875195000
6	0		807.966762000
6	0		808.059065000
6	0		808.151408000
6	1396		808.163582000
6	0		808.197533000
6	0		808.289130000
6	0		808.381466000
6	0		808.426673000
6	1396		808.438863000
6	0		808.519321000
6	0		808.611626000
6	0		808.702928000
6	1396		808.715151000
6	0		808.749163000
6	0		808.840659000
6	0		808.932959000
6	0		809.025399000
6	0		809.025422000
6	1396		809.037573000
6	0		809.054513000
6	0		809.054573000
6	0		809.093845000
6	12		809.094068000
6	0		809.117068000
6	0		809.133334000
6	12		809.133440000
6	0		809.133453000
6	1		809.133594000
6	4		809.133609000
6	32		809.133616000
6	0		809.133624000
6	0		809.172891000
6	0		809.172980000
6	0		809.172984000
6	0		809.173286000
6	0		809.173308000
6	0		809.206632000
6	0		809.209024000
6	0		809.255226000
6	0		809.261473000
6	0		809.301379000
6	0		809.393134000
6	0		809.485547000
6	0		809.530713000
6	0		809.536954000
6	0		809.623569000
6	0		809.714885000
6	0		809.807216000
6	0		809.853388000
6	0		809.859627000
6	0		809.945038000
6	0		810.037358000
6	0		810.129373000
6	0		810.129397000
6	0		810.135574000
6	0		810.221016000
6	0		810.313377000
6	0		810.404730000
6	0		810.410931000
6	0		810.450977000
6	0		810.543436000
6	0		810.634843000
6	0		810.681167000
6	0		810.687402000
6	0		810.772869000
6	0		810.865253000
6	0		810.957524000
6	0		811.048897000
6	0		811.141192000
6	0		811.233600000
6	0		811.233631000
6	0		811.324927000
6	0		811.371239000
6	0		811.463434000
6	0		811.554684000
6	0		811.647018000
6	0		811.739426000
6	0		811.830747000
6	0		811.923050000
6	0		812.015356000
6	0		812.106678000
6	0		812.198960000
6	0		812.291271000
6	0		812.383578000
6	0		812.474902000
6	0		812.567259000
6	0		812.659524000
6	0		812.750847000
6	0		812.843125000
6	0		812.935695000
6	0		813.026931000
6	0		813.119427000
6	0		813.211607000
6	0		813.302828000
6	0		813.395096000
6	0		813.487444000
6	0		813.578988000
6	0		813.671299000
6	0		813.717590000
6	0		813.808963000
6	0		813.901346000
6	0		813.992712000
6	0		814.085127000
6	0		814.177397000
6	0		814.268727000
6	0		814.361026000
6	0		814.453348000
6	0		814.544736000
6	0		814.637016000
6	0		814.729296000
6	0		814.820640000
6	0		814.912921000
6	0		815.005226000
6	0		815.097634000
6	0		815.188976000
6	0		815.281269000
6	0		815.373586000
6	0		815.464906000
6	0		815.557254000
6	0		815.649604000
6	0		815.740904000
6	0		815.833231000
6	0		815.879416000
6	0		815.925588000
6	0		816.016988000
6	0		816.063167000
6	0		816.155531000
6	0		816.246831000
6	0		816.339166000
6	0		816.339196000
6	0		816.431515000
6	1418		816.432473000
6	1418		816.441410000
6	1418		816.460136000
6	1418		816.478907000
6	0		816.523550000
6	1418		816.524082000
6	1418		816.533461000
6	1418		816.552240000
6	1418		816.570954000
6	0		816.614809000
6	1418		816.615305000
6	1418		816.624692000
6	1418		816.643433000
6	0		816.706892000
6	1418		816.707427000
6	1418		816.716760000
6	0		816.799244000
6	1418		816.799753000
6	1418		816.809139000
6	0		816.891578000
6	1418		816.892045000
6	1418		816.901430000
6	0		816.982918000
6	1418		816.983410000
6	1418		816.992790000
6	0		817.075303000
6	1418		817.075809000
6	1418		817.085139000
6	0		817.167671000
6	1418		817.168197000
6	0		817.175498000
6	0		817.175568000
6	1418		817.177544000
6	0		817.214884000
6	12		817.215090000
6	0		817.254529000
6	12		817.254562000
6	0		817.254573000
6	1		817.254728000
6	4		817.254741000
6	32		817.254749000
6	0		817.254767000
6	0		817.258977000
6	1418		817.259483000
6	1418		817.268868000
6	0		817.293913000
6	0		817.293990000
6	0		817.294005000
6	0		817.294160000
6	0		817.294173000
6	0		817.351405000
6	1418		817.351911000
6	1418		817.361274000
6	0		817.442784000
6	1418		817.443414000
6	1418		817.452784000
6	0		817.535348000
6	1418		817.535828000
6	1418		817.545204000
6	0		817.626623000
6	1418		817.627147000
6	1418		817.636499000
6	0		817.718978000
6	1418		817.719470000
6	1418		817.728830000
6	0		817.811261000
6	1418		817.811732000
6	1418		817.821117000
6	1418		817.839863000
6	0		817.903398000
6	1418		817.903945000
6	1418		817.913297000
6	0		817.949587000
6	0		817.994792000
6	0		818.040655000
6	0		818.040680000
6	64		818.040687000
6	0		818.046666000
6	1396		818.086849000
6	0		818.087404000
6	0		818.133545000
6	0		818.133569000
6	1418		818.134034000
6	0		818.139792000
6	1418		818.143354000
6	1396		818.178728000
6	699		818.178761000
6	0		818.185049000
6	0		818.222444000
6	0		818.222483000
6	0		818.224885000
6	1418		818.225469000
6	1418		818.234779000
6	0		818.317267000
6	1418		818.317790000
6	1418		818.327160000
6	0		818.409608000
6	1418		818.410103000
6	1418		818.419486000
6	0		818.500983000
6	1418		818.501493000
6	1418		818.510845000
6	0		818.593314000
6	1418		818.593843000
6	1418		818.603217000
6	1418		818.638723000
6	0		818.644141000
6	403		818.648108000
6	31		818.648313000
6	39		818.648381000
6	568		818.684923000
6	31		818.684951000
6	0		818.685465000
6	39		818.685727000
6	69		818.694503000
6	31		818.704793000
6	0		818.730804000
6	1418		818.731349000
6	1418		818.740716000
6	0		818.823377000
6	1418		818.823930000
6	1418		818.833292000
6	0		818.914968000
6	0		818.961113000
6	0		818.961137000
6	1418		818.961679000
6	0		819.006676000
6	0		819.006708000
6	64		819.006712000
6	0		819.011681000
6	0		819.099232000
6	1418		819.099784000
6	1418		819.109161000
6	0		819.190713000
6	1418		819.191181000
6	1418		819.200542000
6	0		819.283032000
6	1418		819.283536000
6	1418		819.292908000
6	0		819.375356000
6	1418		819.375876000
6	1418		819.385257000
6	0		819.466731000
6	1418		819.467260000
6	1418		819.476612000
6	0		819.559042000
6	1418		819.559564000
6	1418		819.568939000
6	0		819.651451000
6	1418		819.652003000
6	1418		819.661367000
6	0		819.742822000
6	0		819.788982000
6	1418		819.789515000
6	1418		819.798876000
6	0		819.881309000
6	1418		819.881828000
6	1418		819.891209000
6	0		819.972646000
6	1418		819.973162000
6	1418		819.982555000
6	0		820.065009000
6	1418		820.065555000
6	1418		820.074923000
6	0		820.157576000
6	1418		820.158114000
6	1418		820.167485000
6	0		820.202773000
6	1418		820.203309000
6	1418		820.212680000
6	1418		820.231434000
6	0		820.294916000
6	1418		820.295439000
6	1418		820.304789000
6	0		820.387217000
6	1418		820.387701000
6	1418		820.397105000
6	0		820.479569000
6	1418		820.480127000
6	1418		820.489456000
6	0		820.570959000
6	1418		820.571481000
6	1418		820.580845000
6	0		820.663292000
6	1418		820.663797000
6	1418		820.673185000
6	1418		820.691955000
6	0		820.755505000
6	1418		820.756019000
6	1418		820.765386000
6	0		820.846867000
6	1418		820.847387000
6	1418		820.856747000
6	0		820.939204000
6	1418		820.939739000
6	1418		820.949104000
6	0		821.031592000
6	1418		821.032156000
6	1418		821.041532000
6	0		821.123206000
6	1418		821.123691000
6	1418		821.133064000
6	0		821.215503000
6	1418		821.215967000
6	1418		821.225364000
6	0		821.306825000
6	1418		821.307311000
6	1418		821.316666000
6	0		821.399222000
6	1418		821.399701000
6	1418		821.409105000
6	0		821.490639000
6	1418		821.491140000
6	1418		821.500506000
6	0		821.582948000
6	1418		821.583456000
6	1418		821.592785000
6	0		821.675224000
6	1418		821.675672000
6	1418		821.685088000
6	0		821.767588000
6	1418		821.768372000
6	1418		821.777437000
6	0		821.858875000
6	1418		821.859378000
6	1418		821.868762000
6	1418		821.887511000
6	0		821.951026000
6	1418		821.951528000
6	1418		821.960918000
6	0		822.043357000
6	1418		822.043868000
6	1418		822.053247000
6	0		822.134800000
6	0		822.134827000
6	0		822.134845000
6	1418		822.135350000
6	0		822.141178000
6	0		822.141221000
6	1418		822.144672000
6	0		822.180984000
6	0		822.227144000
6	0		822.273349000
6	0		822.319528000
6	0		822.364690000
6	0		822.364709000
6	0		822.364724000
6	0		822.370781000
6	0		822.410867000
6	0		822.449697000
6	0		822.457051000
6	0		822.503257000
6	0		822.640722000
6	1418		822.641232000
6	1418		822.650349000
6	1418		822.668576000
6	0		822.675616000
6	1418		822.686810000
6	0		822.686930000
6	1418		822.705045000
6	1418		822.723294000
6	0		822.733121000
6	1418		822.741505000
6	1418		822.759721000
6	1418		822.777969000
6	0		822.778856000
6	0		822.778881000
6	1418		822.796204000
6	1418		822.814434000
6	0		822.824905000
6	1418		822.832663000
6	1418		822.850913000
6	1418		822.869139000
6	0		822.871075000
6	1418		822.887383000
6	1418		822.905608000
6	0		822.917016000
6	1418		822.923822000
6	1418		822.942061000
6	1418		822.960281000
6	0		822.963209000
6	1418		822.978497000
6	1418		822.996757000
6	0		823.008685000
6	1418		823.014961000
6	1418		823.033219000
6	1418		823.051447000
6	0		823.054846000
6	1418		823.069686000
6	1418		823.087912000
6	0		823.101039000
6	1418		823.106130000
6	1418		823.124365000
6	1418		823.142614000
6	0		823.146932000
6	0		823.146956000
6	0		823.159145000
6	1418		823.160808000
6	1418		823.179056000
6	0		823.193090000
6	1418		823.197287000
6	1418		823.215545000
6	1418		823.233785000
6	0		823.239215000
6	1418		823.251984000
6	1418		823.270235000
6	0		823.285397000
6	1418		823.288461000
6	1418		823.306684000
6	1418		823.324917000
6	0		823.330641000
6	1418		823.343132000
6	1418		823.361361000
6	0		823.377409000
6	0		823.377433000
6	1418		823.379600000
6	0		823.389454000
6	1418		823.397835000
6	1418		823.416072000
6	0		823.422748000
6	1418		823.434302000
6	1418		823.452542000
6	0		823.468912000
6	1418		823.470770000
6	1418		823.488993000
6	1418		823.507241000
6	0		823.515082000
6	1418		823.525515000
6	1418		823.543699000
6	0		823.556048000
6	0		823.556119000
6	0		823.560692000
6	1418		823.561916000
6	1418		823.580159000
6	1418		823.598409000
6	0		823.606745000
6	1418		823.616620000
6	1418		823.634853000
6	0		823.653038000
6	1418		823.653100000
6	1418		823.671335000
6	1418		823.689573000
6	0		823.699062000
6	1418		823.707797000
6	1418		823.725989000
6	1418		823.744232000
6	0		823.745203000
6	1418		823.762467000
6	1418		823.780715000
6	0		823.790726000
6	1418		823.798932000
6	1418		823.817166000
6	1418		823.835438000
6	0		823.836872000
6	1418		823.853649000
6	0		823.862620000
6	41		823.868191000
6	1418		823.871869000
6	0		823.883051000
6	1418		823.890091000
6	1418		823.908345000
6	1418		823.926547000
6	0		823.928879000
6	1418		823.944795000
6	1418		823.963033000
6	0		823.975070000
6	1418		823.981260000
6	1418		823.999485000
6	1418		824.017733000
6	0		824.021117000
6	1418		824.035937000
6	1418		824.054183000
6	0		824.067269000
6	1418		824.072399000
6	1418		824.090641000
6	1418		824.108877000
6	0		824.113189000
6	1418		824.127098000
6	1418		824.145371000
6	0		824.159354000
6	1418		824.163571000
6	1418		824.181821000
6	1418		824.200045000
6	0		824.204782000
6	1418		824.218269000
6	1418		824.236502000
6	0		824.250894000
6	1418		824.254740000
6	1418		824.272968000
6	1418		824.291207000
6	0		824.297076000
6	1418		824.309433000
6	1418		824.327648000
6	0		824.342726000
6	675		824.342755000
6	0		824.343227000
6	1418		824.345874000
6	1418		824.364124000
6	1396		824.369096000
6	2792		824.369132000
6	1043		824.369142000
6	1418		824.382362000
6	0		824.389149000
6	1418		824.400583000
6	1418		824.418816000
6	0		824.434945000
6	1418		824.437036000
6	1418		824.455289000
6	1418		824.473515000
6	0		824.480996000
6	1418		824.491739000
6	1418		824.509958000
6	0		824.527144000
6	1418		824.528182000
6	1418		824.546454000
6	1418		824.564662000
6	0		824.573021000
6	1418		824.582880000
6	1418		824.601140000
6	0		824.619163000
6	1418		824.619344000
6	1418		824.637592000
6	1418		824.655839000
6	0		824.665298000
6	1418		824.674076000
6	1418		824.692304000
6	41		824.706232000
6	1418		824.710503000
6	0		824.710780000
6	1418		824.728746000
6	1418		824.746995000
6	0		824.756962000
6	1418		824.765237000
6	1418		824.783469000
6	1418		824.801704000
6	0		824.802981000
6	1418		824.819913000
6	1418		824.838163000
6	0		824.849151000
6	1418		824.856371000
6	1418		824.874638000
6	1418		824.892833000
6	0		824.894689000
6	0		824.894717000
6	39		824.894726000
6	0		824.899668000
6	1418		824.911058000
6	1418		824.929298000
6	0		824.941323000
6	1418		824.947521000
6	1418		824.965771000
6	1418		824.983995000
6	0		824.986748000
6	1418		825.002226000
6	0		825.010813000
6	21		825.010845000
6	0		825.010856000
6	1080		825.011833000
6	1418		825.020474000
6	0		825.032776000
6	1418		825.038704000
6	1418		825.056909000
6	1418		825.075149000
6	0		825.078838000
6	580		825.078863000
6	225		825.078870000
6	0		825.079410000
6	0		825.079429000
6	69		825.088045000
6	1418		825.093376000
6	31		825.094208000
6	39		825.099777000
6	1418		825.111599000
6	0		825.124893000
6	0		825.124921000
6	1418		825.129845000
6	0		825.131168000
6	1418		825.148088000
6	1418		825.166324000
6	0		825.171084000
6	1418		825.184538000
6	1418		825.202773000
6	0		825.216825000
6	1418		825.221004000
6	1418		825.239234000
6	1418		825.257463000
6	0		825.262727000
6	1418		825.275690000
6	1418		825.293920000
6	0		825.295137000
6	0		825.295180000
6	0		825.308928000
6	1418		825.312154000
6	1418		825.330399000
6	0		825.334760000
6	12		825.334958000
6	1418		825.348622000
6	0		825.354921000
6	1418		825.366844000
6	0		825.374527000
6	12		825.374563000
6	0		825.374574000
6	1		825.374727000
6	4		825.374741000
6	32		825.374750000
6	0		825.374769000
6	1418		825.385091000
6	0		825.401411000
6	0		825.401432000
6	1418		825.403308000
6	0		825.413412000
6	0		825.414222000
6	0		825.414252000
6	0		825.414289000
6	0		825.414302000
6	1418		825.421556000
6	1418		825.439789000
6	0		825.447077000
6	1418		825.458014000
6	1418		825.476247000
6	0		825.493318000
6	1418		825.494472000
6	1418		825.512699000
6	1418		825.530940000
6	0		825.538681000
6	1418		825.549164000
6	1418		825.567703000
6	0		825.585027000
6	1418		825.585629000
6	1418		825.603883000
6	1418		825.622105000
6	0		825.631195000
6	1418		825.640335000
6	1418		825.658549000
6	1418		825.676781000
6	0		825.676853000
6	1418		825.695013000
6	1418		825.713262000
6	0		825.723031000
6	1418		825.731473000
6	1418		825.749727000
6	1418		825.767948000
6	0		825.768683000
6	1418		825.786186000
6	1418		825.804426000
6	0		825.814742000
6	1418		825.822642000
6	1418		825.840886000
6	1418		825.859156000
6	0		825.861054000
6	1418		825.877335000
6	1418		825.895688000
6	0		825.906699000
6	1418		825.913803000
6	1418		825.932047000
6	1080		825.938235000
6	1418		825.950286000
6	0		825.953212000
6	1418		825.968518000
6	1418		825.986747000
6	0		825.998799000
6	1418		826.004957000
6	1418		826.023195000
6	1418		826.041458000
6	0		826.044777000
6	1418		826.059653000
6	1418		826.077897000
6	0		826.090963000
6	1418		826.096116000
6	1418		826.114361000
6	1418		826.132597000
6	0		826.136946000
6	1418		826.150823000
6	1418		826.169053000
6	0		826.183139000
6	1418		826.187266000
6	1418		826.205525000
6	1418		826.223749000
6	0		826.229073000
6	1418		826.241976000
6	0		826.242904000
6	440		826.242934000
6	1418		826.260204000
6	0		826.275239000
6	1418		826.278425000
6	0		826.286230000
6	1418		826.296663000
6	1418		826.314912000
6	0		826.320733000
6	1418		826.333134000
6	1418		826.351435000
6	0		826.366755000
6	1418		826.369581000
6	1418		826.387836000
6	1418		826.406061000
6	0		826.412890000
6	1418		826.424301000
6	1418		826.442511000
6	0		826.458773000
6	1418		826.460789000
6	1418		826.478970000
6	1418		826.497225000
6	0		826.504957000
6	1418		826.515451000
6	1418		826.533724000
6	0		826.550747000
6	1418		826.551903000
6	1418		826.570155000
6	1418		826.588398000
6	48		826.591039000
6	0		826.591077000
6	280		826.595997000
6	0		826.596695000
6	1418		826.606616000
6	1418		826.624865000
6	0		826.642831000
6	1418		826.643044000
6	1418		826.661317000
6	1418		826.679550000
6	0		826.688857000
6	1418		826.697765000
6	1418		826.716008000
6	1418		826.734235000
6	0		826.735013000
6	1418		826.752479000
6	1418		826.770725000
6	0		826.780776000
6	1418		826.788928000
6	1418		826.807167000
6	1418		826.825395000
6	0		826.826692000
6	1418		826.843614000
6	1418		826.861833000
6	0		826.872890000
6	1418		826.880074000
6	1418		826.898324000
6	0		826.900799000
6	1418		826.916547000
6	0		826.918813000
6	16		826.926542000
6	1418		826.934771000
6	1418		826.953015000
6	0		826.964988000
6	0		826.970240000
6	1418		826.971251000
6	1418		826.989482000
6	1418		827.007716000
6	0		827.011036000
6	1418		827.025924000
6	1418		827.044160000
6	0		827.057245000
6	0		827.057276000
6	1418		827.062423000
6	1418		827.080635000
6	1418		827.098872000
6	0		827.102679000
6	1418		827.117097000
6	1418		827.135342000
6	0		827.149417000
6	1418		827.153558000
6	0		827.153646000
6	1418		827.171807000
6	1418		827.190021000
6	0		827.195214000
6	35		827.195246000
6	1418		827.208262000
6	1418		827.226470000
6	0		827.240879000
6	0		827.244696000
6	1418		827.244734000
6	1418		827.262949000
6	52		827.274611000
6	0		827.274656000
6	52		827.274803000
6	1418		827.281208000
6	0		827.287042000
6	1418		827.299424000
6	1418		827.317646000
6	0		827.332775000
6	1418		827.335859000
6	1418		827.354100000
6	1418		827.372352000
6	0		827.379220000
6	1418		827.390548000
6	1418		827.408811000
6	0		827.424734000
6	1418		827.427044000
6	1418		827.445256000
6	1418		827.463504000
6	0		827.467104000
6	0		827.471339000
6	1418		827.481728000
6	1418		827.499969000
6	0		827.516738000
6	1418		827.518188000
6	1418		827.536416000
6	1418		827.554775000
6	0		827.563105000
6	1418		827.572879000
6	84		827.579516000
6	1418		827.591104000
6	0		827.609256000
6	1418		827.609353000
6	0		827.622231000
6	1418		827.627557000
6	1418		827.645810000
6	0		827.654708000
6	1418		827.664061000
6	1418		827.682275000
6	1418		827.700516000
6	0		827.700702000
6	1418		827.718733000
6	1418		827.736981000
6	0		827.746878000
6	1418		827.755192000
6	1418		827.773442000
6	1418		827.791671000
6	0		827.792956000
6	1418		827.809882000
6	1418		827.828130000
6	0		827.839123000
6	1418		827.846336000
6	1418		827.864587000
6	1418		827.882836000
6	0		827.884685000
6	1418		827.901044000
6	1418		827.919294000
6	0		827.931240000
6	1418		827.937509000
6	1418		827.955749000
6	1418		827.973992000
6	0		827.976775000
6	1418		827.992197000
6	1418		828.010451000
6	0		828.022729000
6	1418		828.028681000
6	1418		828.046918000
6	1418		828.065134000
6	0		828.068892000
6	1418		828.083381000
6	1418		828.101595000
6	0		828.114689000
6	1418		828.119829000
6	1418		828.138051000
6	1418		828.156293000
6	0		828.161008000
6	1418		828.174520000
6	1418		828.192746000
6	0		828.206779000
6	1418		828.210992000
6	1418		828.229229000
6	1418		828.247460000
6	0		828.252830000
6	1418		828.265697000
6	1418		828.283926000
6	0		828.299327000
6	0		828.299354000
6	517		828.299375000
6	1418		828.302140000
6	0		828.311592000
6	2792		828.312558000
6	1396		828.312597000
6	991		828.312622000
6	1418		828.320386000
6	1418		828.338611000
6	0		828.344831000
6	0		828.344863000
6	0		828.344873000
6	517		828.344878000
6	0		828.350955000
6	2792		828.351905000
6	2387		828.351936000
6	1418		828.356840000
6	1418		828.375082000
6	0		828.391204000
6	1418		828.393291000
6	1418		828.411525000
6	1418		828.429798000
6	0		828.437074000
6	1418		828.446832000
6	1418		828.463905000
6	1418		828.480979000
6	0		828.483215000
6	0		828.483240000
6	1418		828.497935000
6	1418		828.514916000
6	0		828.529221000
6	1418		828.531857000
6	1418		828.548738000
6	1418		828.565620000
6	0		828.574968000
6	1418		828.582436000
6	1418		828.599257000
6	1418		828.616103000
6	0		828.621181000
6	1418		828.632778000
6	1418		828.649526000
6	1418		828.666228000
6	0		828.667454000
6	1418		828.682867000
6	1418		828.699534000
6	0		828.712851000
6	1418		828.716128000
6	1418		828.732817000
6	1418		828.749398000
6	0		828.758683000
6	1418		828.765936000
6	1418		828.782470000
6	1418		828.799023000
6	0		828.804883000
6	1418		828.815543000
6	1418		828.832105000
6	1418		828.848632000
6	0		828.850936000
6	1418		828.865104000
6	1418		828.881605000
6	0		828.896910000
6	1418		828.898065000
6	1418		828.914483000
6	1418		828.930875000
6	0		828.943083000
6	1418		828.947273000
6	1418		828.963694000
6	1418		828.980086000
6	0		828.989379000
6	1418		828.996430000
6	1418		829.012802000
6	1418		829.029145000
6	0		829.034784000
6	1418		829.045504000
6	1418		829.061838000
6	1418		829.078199000
6	0		829.080636000
6	1418		829.094453000
6	1418		829.110719000
6	0		829.126702000
6	1418		829.126971000
6	1418		829.143192000
6	1418		829.159423000
6	0		829.172725000
6	1418		829.175621000
6	1418		829.191854000
6	1418		829.208080000
6	0		829.218922000
6	1418		829.224201000
6	1418		829.240338000
6	1418		829.256475000
6	0		829.265397000
6	1418		829.272536000
6	1418		829.288639000
6	1418		829.304706000
6	1418		829.320707000
6	1418		829.336688000
6	1418		829.352707000
6	0		829.357163000
6	1418		829.368684000
6	1418		829.384693000
6	1418		829.401122000
6	1418		829.416680000
6	1418		829.432594000
6	1418		829.448562000
6	0		829.448679000
6	1418		829.464481000
6	1418		829.480478000
6	1418		829.496529000
6	1418		829.512352000
6	1418		829.528295000
6	0		829.540924000
6	1418		829.544244000
6	1418		829.560196000
6	1418		829.576145000
6	1418		829.592094000
6	1418		829.608081000
6	1418		829.624034000
6	0		829.632688000
6	1418		829.639979000
6	1418		829.656562000
6	1418		829.671894000
6	0		829.679219000
6	1418		829.687827000
6	1418		829.703791000
6	68		829.706982000
6	1418		829.719748000
6	0		829.725351000
6	1418		829.735702000
6	1418		829.751639000
6	1418		829.767598000
6	1418		829.783568000
6	1418		829.799519000
6	1418		829.815457000
6	0		829.816853000
6	1418		829.831428000
6	1418		829.847377000
6	0		829.863012000
6	1418		829.863286000
6	1418		829.879251000
6	1418		829.895238000
6	1418		829.911157000
6	1418		829.927024000
6	1418		829.942887000
6	0		829.954848000
6	1418		829.958769000
6	1418		829.974630000
6	1418		829.990506000
6	0		830.002917000
6	0		830.002953000
6	1418		830.006367000
6	52		830.010918000
6	0		830.010956000
6	0		830.011917000
6	0		830.012338000
6	1418		830.022224000
6	1418		830.038096000
6	0		830.047652000
6	1418		830.053975000
6	1418		830.069835000
6	1418		830.085701000
6	1418		830.101570000
6	1418		830.117437000
6	1418		830.133357000
6	0		830.139082000
6	1418		830.149157000
6	1418		830.165030000
6	1418		830.180897000
6	1418		830.196767000
6	1418		830.212615000
6	1418		830.228500000
6	0		830.231314000
6	0		830.231335000
6	1418		830.244348000
6	1418		830.260213000
6	1418		830.276071000
6	1418		830.291965000
6	1418		830.307839000
6	0		830.316427000
6	0		830.323471000
6	1418		830.323667000
6	1418		830.339589000
6	1418		830.355460000
6	1418		830.371293000
6	1418		830.387164000
6	1418		830.403032000
6	0		830.414857000
6	1418		830.418887000
6	1418		830.434751000
6	1418		830.450634000
6	1418		830.466494000
6	1418		830.482362000
6	1418		830.498230000
6	0		830.507069000
6	1418		830.514083000
6	1418		830.529954000
6	1418		830.545825000
6	1418		830.561679000
6	1418		830.577575000
6	1418		830.593415000
6	0		830.599232000
6	1418		830.609274000
6	1418		830.625172000
6	1418		830.641030000
6	1418		830.656877000
6	1418		830.672767000
6	1418		830.688632000
6	0		830.691412000
6	1418		830.704512000
6	1418		830.720365000
6	1418		830.736223000
6	1418		830.752085000
6	1418		830.767968000
6	0		830.783601000
6	1418		830.783802000
6	1418		830.799692000
6	1418		830.815548000
6	1418		830.831426000
6	1418		830.847301000
6	1418		830.863155000
6	0		830.874944000
6	1418		830.879011000
6	1418		830.894880000
6	1418		830.910739000
6	1418		830.926605000
6	1418		830.942493000
6	1418		830.958342000
6	0		830.967184000
6	1418		830.974210000
6	1418		830.990085000
6	1418		831.006027000
6	1418		831.021837000
6	1418		831.037694000
6	1418		831.053560000
6	0		831.059518000
6	1418		831.069436000
6	1418		831.085289000
6	1418		831.101173000
6	1418		831.117012000
6	1418		831.132888000
6	1418		831.148747000
6	0		831.151584000
6	1418		831.164610000
6	1418		831.180478000
6	1418		831.196368000
6	1418		831.212235000
6	1418		831.228121000
6	0		831.242937000
6	1418		831.243926000
6	1418		831.259806000
6	1418		831.275717000
6	1418		831.291548000
6	1418		831.307429000
6	1418		831.323287000
6	0		831.335178000
6	1418		831.339148000
6	1418		831.355013000
6	1418		831.370875000
6	1418		831.386750000
6	1418		831.402611000
6	1418		831.418483000
6	0		831.427273000
6	1418		831.434347000
6	1418		831.450220000
6	1418		831.466094000
6	1418		831.481944000
6	1418		831.497814000
6	1418		831.513703000
6	0		831.519567000
6	1418		831.529541000
6	1418		831.545407000
6	1418		831.561279000
6	1418		831.577127000
6	1418		831.593013000
6	1418		831.608866000
6	0		831.610611000
6	1418		831.624744000
6	1418		831.640618000
6	1418		831.656486000
6	1418		831.672384000
6	1418		831.688221000
6	0		831.702861000
6	1418		831.704079000
6	1418		831.719944000
6	1418		831.735810000
6	1418		831.751675000
6	1418		831.767553000
6	1418		831.783491000
6	0		831.795258000
6	1418		831.799269000
6	1418		831.815141000
6	1418		831.831001000
6	0		831.887537000
6	1418		831.888036000
6	1418		831.895966000
6	0		831.979407000
6	1418		831.979920000
6	1418		831.987872000
6	0		832.071420000
6	1418		832.071959000
6	1418		832.079901000
6	0		832.163323000
6	1418		832.163792000
6	1418		832.171744000
6	0		832.209743000
6	1418		832.210245000
6	1418		832.218174000
6	0		832.301624000
6	1418		832.302130000
6	1418		832.310029000
6	0		832.393438000
6	1418		832.393933000
6	1418		832.401841000
6	0		832.485337000
6	1418		832.485833000
6	1418		832.493732000
6	0		832.577176000
6	1418		832.578085000
6	1418		832.586011000
6	0		832.669509000
6	1418		832.670164000
6	1418		832.677900000
6	0		832.715206000
6	0		832.761355000
6	0		832.807571000
6	0		832.853095000
17		1358	832.853134000
17		1358	832.857043000
17		1358	832.857086000
17		1358	832.857092000
17		1358	832.857097000
17		215	832.857102000
6	1396		832.899298000
6	0		832.905656000
6	682		832.945510000
6	0		832.945538000
6	0		832.945954000
6	1418		832.945995000
6	2792		832.946806000
6	1418		832.953951000
6	1396		833.002384000
6	0		833.037448000
6	1418		833.037932000
6	1418		833.045865000
6	1396		833.057991000
6	1396		833.113556000
6	0		833.129208000
17		1358	833.129234000
6	1418		833.129740000
17		1358	833.130876000
6	1418		833.137654000
6	1396		833.169147000
6	0		833.221631000
6	1418		833.222096000
6	1396		833.224725000
6	1418		833.230015000
6	1396		833.280302000
6	0		833.313561000
6	1418		833.314039000
6	1418		833.321979000
6	1396		833.335870000
6	1396		833.391468000
6	0		833.405290000
6	0		833.414555000
6	0		833.414611000
17		1358	833.431669000
6	1396		833.447057000
6	0		833.453469000
6	12		833.453686000
6	0		833.492634000
6	12		833.492691000
6	0		833.492705000
6	1		833.492876000
6	4		833.492902000
6	32		833.492913000
6	0		833.492926000
6	0		833.497536000
6	1396		833.502609000
6	0		833.531750000
6	0		833.531788000
6	0		833.531792000
6	0		833.531838000
6	0		833.531853000
6	1396		833.558215000
6	0		833.588974000
6	1396		833.613800000
6	1396		833.669373000
6	0		833.681289000
6	1396		833.724949000
17		1358	833.727218000
17		1358	833.728420000
6	0		833.773398000
6	1396		833.780536000
6	1396		833.836091000
6	0		833.864990000
6	1396		833.891695000
6	0		833.911420000
6	1396		833.947257000
6	0		834.002731000
6	1396		834.002847000
6	1396		834.058408000
6	0		834.095119000
6	1396		834.113984000
6	1396		834.169574000
6	0		834.187480000
6	1396		834.225145000
6	0		834.278638000
6	1396		834.280724000
17		1358	834.329263000
6	1396		834.336320000
6	0		834.371095000
6	1396		834.391909000
6	1396		834.447476000
6	0		834.463321000
6	1396		834.503080000
6	0		834.555679000
6	1396		834.558629000
6	0		834.600979000
6	0		834.605132000
6	0		834.605184000
6	1396		834.614215000
6	0		834.647568000
6	0		834.647595000
6	0		834.647602000
6	39		834.647607000
6	0		834.652621000
6	1396		834.669826000
6	0		834.689635000
6	41		834.695424000
6	1396		834.725391000
6	0		834.738937000
6	0		834.738967000
6	0		834.779763000
6	21		834.779815000
6	0		834.779833000
6	1080		834.780852000
6	1396		834.780926000
6	0		834.831589000
6	1396		834.836547000
6	0		834.864951000
6	440		834.864994000
6	1396		834.892137000
6	0		834.906234000
6	0		834.923132000
17		1358	834.923171000
17		1358	834.923816000
6	1396		834.947698000
6	48		834.990505000
6	0		834.990544000
6	280		834.994820000
6	1396		835.003292000
6	0		835.015185000
6	1396		835.058871000
6	595		835.060973000
6	203		835.061015000
6	0		835.061469000
6	0		835.061502000
6	69		835.070295000
6	31		835.076422000
6	0		835.079102000
6	39		835.081976000
6	16		835.083479000
6	0		835.107430000
6	1396		835.114426000
6	0		835.126222000
6	1396		835.170034000
6	0		835.198888000
6	52		835.210361000
6	0		835.210397000
6	52		835.210510000
6	532		835.225619000
6	0		835.291535000
6	84		835.295799000
6	0		835.338211000
6	0		835.382781000
6	0		835.428793000
6	0		835.475056000
6	0		835.567237000
6	0		835.659503000
6	0		835.750945000
6	0		835.843100000
6	0		835.935446000
6	0		836.026842000
6	0		836.119215000
17		1358	836.124283000
6	0		836.210693000
6	0		836.303052000
6	0		836.395439000
6	0		836.486815000
6	0		836.579119000
6	0		836.671466000
6	0		836.762867000
6	68		836.853119000
6	0		836.854783000
17		1358	836.854813000
6	52		836.938596000
6	0		836.938647000
6	0		836.938680000
6	0		836.940069000
6	0		836.947409000
6	0		837.024238000
6	0		837.038784000
6	0		837.084967000
6	0		837.177250000
6	0		837.269595000
6	0		837.360968000
6	0		837.453286000
6	0		837.544656000
6	0		837.637016000
6	0		837.729316000
6	0		837.820667000
6	0		837.913006000
6	0		838.005305000
6	0		838.096646000
6	0		838.188932000
6	0		838.281268000
6	0		838.372633000
6	0		838.464969000
6	0		838.557274000
6	0		838.648653000
6	0		838.740906000
6	0		838.833166000
6	0		838.925463000
6	0		838.932732000
6	0		838.932789000
6	0		839.016807000
6	0		839.109056000
6	0		839.201425000
6	0		839.292765000
6	0		839.339006000
6	0		839.431324000
6	0		839.522752000
6	0		839.615050000
6	0		839.707375000
6	0		839.753556000
6	0		839.798722000
6	0		839.891032000
6	0		839.983380000
6	0		840.106688000
6	0		840.231029000
6	991		840.331887000
6	0		840.355384000
6	0		840.478674000
6	0		840.603424000
6	517		840.603449000
6	0		840.609524000
6	0		840.726948000
6	0		840.726973000
6	991		840.849968000
6	0		840.851436000
6	517		840.851460000
6	0		840.863649000
6	0		840.975129000
6	0		841.099462000
6	0		841.222800000
6	0		841.347134000
6	0		841.471499000
6	0		841.594851000
6	0		841.719191000
6	0		841.843547000
6	0		841.966906000
6	0		842.091220000
6	0		842.215603000
6	0		842.339169000
6	0		842.463308000
6	0		842.525511000
6	0		842.648774000
6	0		842.773103000
6	0		842.897445000
6	0		843.020746000
6	0		843.145076000
6	0		843.269531000
6	0		843.393294000
6	0		843.517453000
6	0		843.578631000
6	0		843.640785000
6	0		843.702984000
6	0		843.765509000
6	64		843.765536000
6	0		843.777749000
6	0		843.889181000
6	0		843.951416000
6	0		844.013633000
6	0		844.075091000
6	0		844.075120000
6	64		844.075136000
6	0		844.081188000
6	0		844.199655000
6	0		844.323056000
6	0		844.447354000
6	0		844.570688000
6	0		844.695057000
6	0		844.819453000
6	0		844.942775000
6	0		845.067138000
6	0		845.191496000
6	0		845.315017000
6	0		845.439384000
6	0		845.562738000
6	0		845.687113000
6	0		845.811543000
6	0		845.934848000
6	0		846.059145000
6	0		846.183513000
6	0		846.306875000
6	0		846.431238000
6	0		846.555576000
6	0		846.559514000
6	0		846.559575000
6	0		846.678937000
6	0		846.724689000
6	0		846.803322000
6	0		846.865505000
6	0		846.988824000
6	0		847.113182000
6	0		847.237392000
6	0		847.237419000
6	0		847.243646000
6	1396		847.299027000
6	682		847.299054000
6	0		847.300014000
6	1396		847.300383000
6	6980		847.300437000
6	1396		847.358096000
6	0		847.361187000
6	1396		847.415666000
6	1396		847.473250000
6	0		847.485204000
6	1396		847.530844000
6	1396		847.588436000
6	0		847.609348000
6	0		847.641685000
6	0		847.641741000
6	1396		847.646018000
6	0		847.659738000
6	1396		847.703594000
6	0		847.733503000
6	1396		847.761182000
6	1396		847.818781000
6	0		847.856698000
6	1396		847.876359000
6	1396		847.933951000
6	0		847.980820000
6	1396		847.991550000
6	1396		848.049112000
6	0		848.105001000
6	1396		848.106726000
6	1396		848.164318000
6	1396		848.221877000
6	0		848.228746000
6	1396		848.279485000
6	1396		848.337066000
6	0		848.353016000
6	1396		848.394672000
6	1396		848.452242000
6	0		848.477221000
6	1396		848.509819000
6	1396		848.567453000
6	0		848.601282000
6	1396		848.625027000
6	1396		848.682585000
6	0		848.725494000
6	1396		848.740184000
6	1396		848.797807000
6	0		848.848674000
6	1396		848.855379000
6	1396		848.912927000
6	1396		848.970529000
6	0		848.972843000
6	1396		849.028105000
6	0		849.035442000
6	0		849.036753000
6	1396		849.085700000
6	0		849.097631000
6	1396		849.143340000
6	1396		849.200894000
6	0		849.220756000
6	1396		849.258467000
6	1396		849.316072000
6	0		849.344946000
6	1396		849.373649000
6	532		849.431247000
6	0		849.469193000
6	0		849.534036000
6	0		849.534088000
6	0		849.573927000
6	12		849.574152000
6	0		849.592934000
6	0		849.613658000
6	12		849.613696000
6	0		849.613710000
6	1		849.613856000
6	4		849.613881000
6	32		849.613888000
6	0		849.613896000
6	0		849.653400000
6	0		849.653446000
6	0		849.653453000
6	0		849.653628000
6	0		849.653643000
6	0		849.717241000
6	0		849.841587000
6	1418		849.842577000
6	1418		849.850004000
6	0		849.902808000
6	1418		849.903319000
6	1418		849.911242000
6	1418		849.927067000
6	1418		849.942880000
6	0		850.027251000
6	1418		850.027862000
6	1418		850.035662000
6	1418		850.051486000
6	1418		850.067309000
6	0		850.150770000
6	1418		850.151230000
6	1418		850.159149000
6	1418		850.174966000
6	1418		850.190824000
6	0		850.275228000
6	1418		850.275756000
6	1418		850.283672000
6	1418		850.299512000
6	1418		850.315333000
6	0		850.398854000
6	1418		850.399330000
6	1418		850.407254000
6	1418		850.423099000
6	1418		850.438915000
6	0		850.523344000
6	1418		850.523884000
6	1418		850.531818000
6	1418		850.547634000
6	1418		850.563439000
6	0		850.646909000
6	1418		850.647431000
6	1418		850.655343000
6	1418		850.671180000
6	1418		850.686996000
6	0		850.771422000
6	1418		850.771965000
6	1418		850.779881000
6	0		850.895343000
6	1418		850.895884000
6	1418		850.903781000
6	0		851.019407000
6	1418		851.019977000
6	1418		851.027860000
6	0		851.143330000
6	1418		851.143833000
6	1418		851.151739000
6	0		851.267232000
6	1418		851.267747000
6	1418		851.275633000
6	0		851.391109000
6	1418		851.391612000
6	1418		851.399545000
6	0		851.515045000
6	1418		851.515525000
6	1418		851.523470000
6	0		851.638906000
6	1418		851.639392000
6	1418		851.647291000
6	0		851.762716000
6	1418		851.763225000
6	1418		851.771109000
6	0		851.887525000
6	1418		851.888012000
6	1418		851.895924000
6	0		852.011524000
6	1418		852.012000000
6	1418		852.019942000
6	0		852.135481000
6	1418		852.136005000
6	1418		852.144419000
6	0		852.258883000
6	1418		852.259394000
6	1418		852.267305000
6	0		852.382866000
6	1418		852.383383000
6	1418		852.391278000
6	0		852.506767000
6	1418		852.507327000
6	1418		852.515233000
6	0		852.630680000
6	1418		852.631192000
6	1418		852.639086000
6	0		852.755634000
6	1418		852.756171000
6	1418		852.764092000
6	0		852.879542000
6	1418		852.880070000
6	1418		852.887996000
6	0		852.940742000
6	1418		852.941257000
6	1418		852.949113000
6	0		853.065589000
6	1418		853.066094000
6	1418		853.074017000
6	0		853.189503000
6	1418		853.190035000
6	1418		853.197943000
6	0		853.313381000
6	1418		853.313862000
6	1418		853.321790000
6	0		853.437241000
6	1418		853.437770000
6	1418		853.445691000
6	0		853.561167000
6	1418		853.561668000
6	1418		853.569588000
6	1418		853.585423000
6	1418		853.601254000
6	0		853.684715000
6	1418		853.685226000
6	1418		853.693142000
6	1418		853.708974000
6	1418		853.724770000
6	0		853.809193000
6	1418		853.809703000
6	1418		853.817617000
6	1418		853.833431000
6	1418		853.849287000
6	0		853.932904000
6	1418		853.933435000
6	1418		853.941351000
6	1418		853.957225000
6	1418		853.973012000
6	0		854.057670000
6	1418		854.058184000
6	1418		854.066099000
6	1418		854.081918000
6	1418		854.097749000
6	0		854.181222000
6	1418		854.181709000
6	1418		854.189619000
6	1418		854.205461000
6	1418		854.221304000
6	0		854.304755000
6	1418		854.305287000
6	1418		854.313198000
6	1418		854.329057000
6	1418		854.344857000
6	0		854.429289000
6	1418		854.429915000
6	1418		854.437758000
6	1418		854.453583000
6	1418		854.469462000
6	0		854.553007000
6	1418		854.553535000
6	1418		854.561453000
6	1418		854.577264000
6	1418		854.593086000
6	0		854.677483000
6	1418		854.677994000
6	1418		854.685908000
6	1418		854.701753000
6	1418		854.717573000
6	0		854.801053000
6	1418		854.801544000
6	1418		854.809448000
6	1418		854.825279000
6	1418		854.841106000
6	0		854.925556000
6	1418		854.926034000
6	1418		854.933955000
6	1418		854.949799000
6	1418		854.965624000
6	0		855.049456000
6	1418		855.049956000
6	1418		855.057879000
6	1418		855.073696000
6	1418		855.089535000
6	573		855.110829000
6	39		855.110850000
6	201		855.110855000
6	0		855.111830000
6	39		855.111864000
6	69		855.120101000
6	31		855.130704000
6	0		855.173003000
6	1418		855.173517000
6	1418		855.181455000
6	1418		855.197237000
6	1418		855.213061000
6	0		855.297498000
6	1418		855.298042000
6	1418		855.305925000
6	1418		855.321757000
6	532		855.329116000
6	1418		855.337559000
6	0		855.421017000
6	1418		855.421510000
6	1418		855.429431000
6	1418		855.445240000
6	1418		855.461068000
6	0		855.545474000
6	1418		855.545972000
6	1418		855.553854000
6	1418		855.569687000
6	1418		855.585508000
6	0		855.669045000
6	1418		855.669569000
6	1418		855.677478000
6	1418		855.693298000
6	1418		855.709123000
6	0		855.792691000
6	1418		855.793201000
6	1418		855.801139000
6	1418		855.816942000
6	1418		855.832776000
6	0		855.917312000
6	1418		855.917828000
6	1418		855.925706000
6	1418		855.941528000
6	1418		855.957381000
6	0		855.979566000
6	1418		855.980064000
6	1418		855.991228000
6	1418		856.004845000
6	1418		856.020679000
6	0		856.103243000
6	1418		856.103798000
6	1418		856.111876000
6	0		856.227340000
6	1418		856.227847000
6	1418		856.235754000
6	0		856.351424000
6	1418		856.351949000
6	1418		856.359846000
6	0		856.475305000
6	1418		856.475805000
6	1418		856.483729000
6	0		856.599160000
6	1418		856.599680000
6	1418		856.607587000
6	0		856.723193000
6	1418		856.723682000
6	1418		856.731633000
6	0		856.847110000
6	1418		856.847667000
6	1418		856.855554000
6	0		856.860332000
6	0		856.860386000
6	0		856.869954000
6	0		856.971036000
6	1418		856.971549000
6	1418		856.979451000
6	0		857.094897000
6	1418		857.095371000
6	1418		857.103268000
6	0		857.218678000
6	1418		857.219195000
6	1418		857.227103000
6	0		857.343503000
6	1418		857.343976000
6	1418		857.351891000
6	0		857.467307000
6	1418		857.467811000
6	1418		857.475684000
6	0		857.591142000
6	1418		857.591670000
6	1418		857.599600000
6	0		857.654446000
6	0		857.654503000
6	0		857.693810000
6	12		857.694025000
6	0		857.715142000
6	1418		857.715682000
6	1418		857.723584000
6	0		857.733327000
6	12		857.733366000
6	0		857.733389000
6	1		857.733550000
6	4		857.733563000
6	32		857.733571000
6	0		857.733582000
6	0		857.772857000
6	0		857.772897000
6	0		857.772903000
6	0		857.772950000
6	0		857.772969000
6	0		857.839061000
6	1418		857.839595000
6	1418		857.847486000
6	0		857.963044000
6	1418		857.963590000
6	1418		857.971503000
6	0		858.060278000
6	0		858.087158000
6	1418		858.087662000
6	1418		858.095589000
6	0		858.211252000
6	1418		858.211726000
6	1418		858.219632000
6	0		858.335161000
6	1418		858.335656000
6	1418		858.343566000
6	0		858.459009000
6	1418		858.459518000
6	1418		858.470273000
1,17		1358	858.582789000
1,17		1358	858.645032000
1,17		1358	858.645066000
6	0		858.645079000
6	1418		858.645631000
6	1418		858.653553000
1,17		1358	858.707247000
1,17		215	858.707279000
6	0		858.893521000
6	0		858.893547000
6	0		858.954739000
6	1418		858.955243000
6	1418		858.963173000
6	1418		858.978985000
6	1418		858.994820000
6	0		859.017592000
6	0		859.141476000
6	1418		859.141997000
6	1418		859.149937000
6	1418		859.165766000
6	1418		859.181581000
6	0		859.202670000
6	0		859.265079000
1,17		1358	859.389440000
6	0		859.451644000
6	1418		859.452188000
6	1418		859.460103000
6	1418		859.475903000
6	1418		859.491731000
6	0		859.512842000
6	0		859.637330000
6	0		859.699530000
6	1418		859.700057000
6	1418		859.707942000
6	1418		859.723800000
6	1418		859.739619000
6	0		859.760711000
6	0		859.885312000
6	1418		859.885813000
6	1418		859.893722000
6	1418		859.909540000
6	1418		859.925360000
6	0		859.947514000
6	0		860.008728000
1,17		1358	860.070916000
6	0		860.133118000
6	0		860.195296000
6	0		860.257465000
6	0		860.318667000
6	0		860.380763000
6	0		860.442963000
6	0		860.567266000
6	0		860.629461000
6	0		860.629487000
6	0		860.690692000
6	0		860.752805000
6	0		860.814997000
6	0		860.877146000
6	0		860.939316000
6	0		861.001502000
6	0		861.062666000
1,17		1358	861.124769000
6	0		861.187050000
6	0		861.249260000
6	0		861.311415000
6	0		861.373656000
6	0		861.434912000
6	0		861.497096000
6	0		861.559261000
6	0		861.621458000
6	0		861.682662000
6	0		861.744780000
6	0		861.806989000
1,17		1358	861.869187000
6	0		861.931388000
6	0		861.993587000
6	0		862.054808000
6	0		862.054843000
6	39		862.054853000
6	0		862.059630000
6	0		862.116930000
6	0		862.179091000
6	0		862.179113000
6	0		862.303565000
6	0		862.364737000
6	0		862.364759000
6	0		862.426911000
6	0		862.489094000
6	0		862.551290000
6	0		862.613459000
6	0		862.674608000
6	0		862.736783000
6	0		862.799010000
6	0		862.799032000
6	0		862.861147000
6	0		862.923345000
6	0		862.985563000
6	0		863.046743000
6	0		863.108909000
6	0		863.171044000
6	0		863.233391000
6	0		863.295572000
6	0		863.357405000
6	0		863.481119000
6	0		863.605428000
6	0		863.728922000
6	0		863.853302000
6	0		863.976637000
6	0		864.101078000
6	0		864.225373000
6	0		864.348772000
6	0		864.473130000
6	0		864.597556000
6	0		864.645206000
6	0		864.645253000
6	0		864.658691000
6	0		864.682458000
6	0		864.783025000
6	0		864.906682000
6	0		864.906719000
6	0		864.907697000
6	1396		864.968918000
6	562		864.968946000
6	0		864.969704000
6	1396		864.970432000
6	1396		865.026972000
6	0		865.031170000
6	1418		865.031656000
6	1418		865.039588000
6	1418		865.055430000
6	1418		865.071240000
6	1396		865.084576000
6	1418		865.087045000
6	1418		865.102867000
6	1418		865.118731000
6	1418		865.134522000
6	1396		865.142139000
6	1418		865.150348000
6	0		865.155464000
6	1418		865.166156000
6	1418		865.182006000
6	1418		865.197857000
6	1396		865.199744000
6	1418		865.213647000
6	1418		865.229453000
6	1418		865.245298000
6	1396		865.257355000
6	0		865.258886000
6	0		865.258986000
6	1418		865.261115000
6	1418		865.276934000
6	0		865.279014000
6	1418		865.292748000
6	1418		865.308588000
6	1396		865.314920000
6	1418		865.324418000
6	1418		865.340244000
6	1418		865.356099000
6	1418		865.371887000
6	1396		865.372480000
6	1418		865.387714000
6	1418		865.403512000
6	0		865.403582000
6	1418		865.419399000
6	1396		865.430103000
6	1418		865.435195000
6	1418		865.451015000
6	1418		865.466806000
6	1418		865.482644000
6	1396		865.487688000
6	1418		865.498476000
6	0		865.508907000
6	1418		865.514292000
6	41		865.514429000
6	0		865.527422000
6	1418		865.530134000
6	1396		865.545300000
6	1418		865.545932000
6	1418		865.561766000
6	1418		865.577586000
6	1418		865.593406000
6	1396		865.602856000
6	1418		865.609227000
6	1418		865.625047000
6	1418		865.640917000
6	0		865.651036000
6	1418		865.656707000
6	1396		865.660448000
6	1418		865.672537000
6	1418		865.688353000
6	1418		865.704203000
6	0		865.713422000
6	1396		865.718039000
6	1418		865.719978000
6	1418		865.735838000
6	1418		865.751662000
6	0		865.763384000
6	21		865.764212000
6	0		865.764249000
6	1080		865.765261000
6	1418		865.767462000
6	0		865.773996000
6	0		865.774050000
6	1396		865.775618000
6	1418		865.783301000
6	1418		865.799126000
6	0		865.813381000
6	12		865.813610000
6	1418		865.814935000
6	1418		865.830774000
6	1396		865.833217000
6	0		865.836859000
6	1418		865.846589000
6	0		865.852816000
6	12		865.852848000
6	0		865.852859000
6	1		865.852999000
6	4		865.853011000
6	32		865.853019000
6	0		865.853030000
6	1418		865.862411000
6	1418		865.878256000
6	1396		865.890814000
6	0		865.892185000
6	0		865.892215000
6	0		865.892255000
6	0		865.892346000
6	0		865.892363000
6	1418		865.894037000
6	1418		865.909881000
6	1418		865.925696000
6	1418		865.941517000
6	1396		865.948414000
6	1418		865.957345000
6	0		865.961537000
6	1418		865.973188000
6	1418		865.989019000
6	1418		866.004950000
6	1396		866.005973000
6	440		866.014602000
6	1418		866.020658000
6	1418		866.036468000
6	1418		866.052318000
6	0		866.058224000
6	1396		866.063572000
6	1418		866.068133000
6	1418		866.083952000
6	0		866.085077000
6	1418		866.099861000
6	1418		866.115605000
6	1396		866.121171000
6	1418		866.131439000
6	1418		866.147245000
6	1418		866.163054000
6	1396		866.178767000
6	1418		866.178848000
6	1418		866.194722000
6	0		866.208896000
6	1418		866.210520000
6	1418		866.226353000
6	1396		866.236322000
6	1418		866.242212000
6	1418		866.257997000
6	1418		866.273831000
6	1418		866.289662000
6	1396		866.293949000
6	1418		866.305501000
6	48		866.307210000
6	0		866.307253000
6	280		866.313637000
6	1418		866.321327000
6	0		866.333366000
6	1418		866.337110000
6	1396		866.351542000
6	1418		866.352944000
6	1418		866.368789000
6	1418		866.384602000
6	1418		866.400425000
6	1396		866.409096000
6	1418		866.416239000
6	1418		866.432086000
6	1418		866.447889000
6	0		866.457025000
6	1418		866.463704000
6	1396		866.466683000
6	1418		866.479555000
6	1418		866.495388000
6	1418		866.511204000
6	1396		866.524275000
6	1418		866.527002000
6	1418		866.542848000
6	1418		866.558638000
6	16		866.571885000
6	1418		866.574469000
6	0		866.581555000
6	1396		866.581837000
6	1418		866.590303000
6	1418		866.606154000
6	0		866.614235000
6	1418		866.621963000
6	1418		866.637786000
6	1396		866.639501000
6	1418		866.653595000
6	1418		866.669429000
6	1418		866.685269000
6	1396		866.697057000
6	1418		866.701071000
6	0		866.704851000
6	1418		866.716901000
6	1418		866.732733000
6	1418		866.748545000
6	1396		866.754633000
6	1418		866.764374000
6	1418		866.780186000
6	1418		866.796019000
6	1418		866.811860000
6	1396		866.812193000
6	1418		866.827659000
6	0		866.828834000
6	1418		866.843482000
6	1418		866.859314000
6	52		866.863200000
6	0		866.863236000
6	52		866.863385000
6	1396		866.869815000
6	1418		866.875129000
6	1418		866.890940000
6	1418		866.906778000
6	1418		866.922614000
6	1396		866.927410000
6	1418		866.938433000
6	0		866.952716000
6	1418		866.954244000
6	1418		866.970098000
6	1396		866.984992000
6	1418		866.985874000
6	1418		867.001741000
6	1418		867.017548000
6	1418		867.033393000
6	1396		867.042570000
6	1418		867.049220000
6	1418		867.065016000
6	0		867.077244000
6	1418		867.080850000
6	1418		867.096671000
6	1396		867.100174000
6	84		867.112352000
6	1418		867.112451000
6	1418		867.128323000
6	1418		867.144140000
6	0		867.154229000
6	1396		867.157743000
6	1418		867.159951000
6	1418		867.175788000
6	1418		867.191621000
6	0		867.200817000
6	1418		867.207443000
6	1396		867.215342000
6	1418		867.223259000
6	1418		867.239086000
6	1418		867.254907000
6	1418		867.270723000
6	1396		867.272917000
6	1418		867.286553000
6	1418		867.302397000
6	1418		867.318201000
6	0		867.325390000
6	1396		867.330505000
6	1418		867.334024000
6	1418		867.349855000
6	1418		867.365680000
6	1418		867.381508000
6	1396		867.388086000
6	1418		867.397318000
6	1418		867.413148000
6	1418		867.428953000
6	1418		867.444788000
6	1396		867.445673000
6	0		867.448857000
6	1418		867.460619000
6	1418		867.476435000
6	1418		867.492262000
6	1396		867.503305000
6	1418		867.508079000
6	1418		867.523895000
6	1418		867.539741000
6	1418		867.555575000
6	1418		867.571418000
6	0		867.573548000
6	1418		867.587206000
6	1418		867.603046000
6	1418		867.618864000
6	1418		867.634707000
6	1418		867.650509000
6	1418		867.666360000
6	1418		867.682158000
6	0		867.697267000
6	1418		867.697969000
6	1418		867.713803000
6	1418		867.729630000
6	1418		867.745442000
6	1418		867.761263000
6	1418		867.777096000
6	1418		867.792904000
6	1418		867.808721000
6	0		867.820851000
6	1418		867.824543000
6	1418		867.840393000
6	1418		867.856230000
6	1418		867.872063000
6	1418		867.887857000
6	1418		867.903684000
6	1418		867.919516000
6	1418		867.935330000
6	0		867.944625000
6	1418		867.951137000
6	1418		867.966980000
6	1418		867.982807000
6	1418		867.998632000
6	1418		868.014447000
6	1418		868.030273000
6	1418		868.046102000
6	1418		868.061901000
6	0		868.069124000
6	1418		868.077741000
6	1418		868.093566000
6	1418		868.109386000
6	1418		868.125213000
6	1418		868.141022000
6	1418		868.156881000
6	1418		868.172709000
6	1418		868.188516000
6	0		868.192791000
6	1418		868.204335000
6	1418		868.220182000
6	1418		868.235980000
6	1418		868.251810000
6	1418		868.267620000
6	1418		868.283451000
6	1418		868.299281000
6	1418		868.315098000
6	0		868.317296000
6	1418		868.330924000
6	1418		868.346757000
6	1418		868.362567000
6	1418		868.378449000
6	1418		868.394229000
6	1418		868.410027000
6	1418		868.425863000
6	0		868.441181000
6	1418		868.441671000
6	1418		868.457505000
6	1418		868.473375000
6	1418		868.489183000
6	1418		868.504974000
6	1418		868.520813000
6	1418		868.536619000
6	1418		868.552478000
6	0		868.564694000
6	1418		868.568265000
6	1418		868.584104000
6	1418		868.599946000
6	1418		868.615753000
6	1418		868.631578000
6	1418		868.647411000
6	1418		868.663217000
6	1418		868.679049000
6	0		868.689280000
6	1418		868.694875000
6	1418		868.710694000
6	1418		868.726518000
6	68		868.729463000
6	1418		868.742331000
6	0		868.751552000
6	1418		868.758153000
6	1418		868.774014000
6	1418		868.789816000
6	1418		868.805668000
6	1418		868.821462000
6	1418		868.837286000
6	1418		868.853131000
6	1418		868.868931000
6	0		868.875158000
6	1418		868.884748000
6	1418		868.900566000
6	1418		868.916398000
6	1418		868.932283000
6	1418		868.948042000
6	1418		868.963873000
6	52		868.978654000
6	0		868.978703000
6	0		868.978839000
6	1418		868.979671000
6	0		868.980989000
6	1418		868.995521000
6	0		868.998744000
6	1418		869.011329000
6	1418		869.027233000
6	1418		869.042981000
6	1418		869.058807000
6	1418		869.074629000
6	1418		869.090475000
6	1418		869.106311000
6	1418		869.122117000
6	0		869.123314000
6	1418		869.137928000
6	1418		869.153790000
6	1418		869.169602000
6	1418		869.185406000
6	1418		869.201235000
6	1418		869.217072000
6	0		869.229956000
6	1418		869.232885000
6	0		869.247079000
6	1418		869.248698000
6	1418		869.264529000
6	1418		869.280331000
6	1418		869.296186000
6	1418		869.311998000
6	1418		869.327815000
6	1418		869.343659000
6	1418		869.359468000
6	0		869.370712000
6	1418		869.375279000
6	1418		869.391108000
6	1418		869.406941000
6	1418		869.422774000
6	1418		869.438582000
6	1418		869.454412000
6	1418		869.470259000
6	1418		869.486045000
6	0		869.495266000
6	1418		869.501903000
6	1418		869.517707000
6	1418		869.533525000
6	1418		869.549383000
6	1418		869.565166000
6	1418		869.581101000
6	1418		869.596813000
6	1418		869.612631000
6	0		869.618865000
6	1418		869.628471000
6	1418		869.644285000
6	1418		869.660119000
6	1418		869.675944000
6	1418		869.691744000
6	1418		869.707590000
6	1418		869.723448000
6	1418		869.739266000
6	0		869.743438000
6	1418		869.755074000
6	1418		869.770879000
6	1418		869.786706000
6	1418		869.802534000
6	1418		869.818350000
6	1418		869.834193000
6	1418		869.850075000
6	1418		869.865833000
6	0		869.866944000
6	1418		869.881638000
6	1418		869.897492000
6	1418		869.913302000
6	1418		869.929106000
6	1418		869.944945000
6	1418		869.960771000
6	1418		869.976581000
6	0		869.991470000
6	1418		869.992401000
6	1418		870.008240000
6	1418		870.024055000
6	1418		870.039905000
6	1418		870.055715000
6	1418		870.071539000
6	1418		870.087370000
6	1418		870.103186000
6	0		870.115490000
6	1418		870.119009000
6	1418		870.134832000
6	0		870.238749000
6	0		870.363109000
6	0		870.487559000
6	0		870.610862000
6	0		870.735225000
6	0		870.859556000
6	0		870.982901000
6	0		871.107300000
6	0		871.231643000
6	0		871.354985000
6	0		871.479391000
6	0		871.602652000
6	0		871.726930000
6	0		871.789152000
6	0		871.913565000
6	0		872.037099000
6	51		872.037124000
6	0		872.037135000
6	0		872.037153000
6	0		872.037905000
6	0		872.038248000
6	0		872.161570000
6	0		872.284998000
6	0		872.345824000
6	0		872.409234000
6	0		872.533667000
6	0		872.657053000
6	0		872.657077000
6	0		872.657081000
6	0		872.657086000
6	0		872.781383000
6	0		872.904698000
6	0		873.029347000
6	0		873.029371000
6	0		873.029836000
6	0		873.153392000
6	0		873.153428000
6	0		873.277586000
6	0		873.401045000
6	0		873.525352000
6	0		873.648727000
6	0		873.711036000
6	0		873.835249000
6	0		873.959601000
6	0		874.082980000
6	0		874.207279000
6	0		874.331611000
6	0		874.454943000
6	0		874.579486000
6	0		874.703663000
6	0		874.827018000
6	0		874.951421000
6	0		875.049589000
6	0		875.075393000
6	0		875.075423000
6	0		875.075925000
6	0		875.199430000
6	0		875.322769000
6	0		875.447132000
6	0		875.571562000
6	0		875.694978000
6	0		875.819334000
6	0		875.942696000
6	0		876.067106000
6	0		876.191426000
6	0		876.228348000
6	0		876.228422000
6	0		876.314989000
6	0		876.439219000
6	0		876.505358000
6	15		876.505422000
6	0		876.505435000
6	41		876.511292000
6	0		876.563552000
6	0		876.686944000
6	0		876.811377000
6	0		876.872790000
6	0		876.996989000
6	0		877.121406000
6	0		877.244774000
6	1080		877.282234000
6	0		877.369165000
6	0		877.493515000
6	0		877.616834000
6	0		877.741161000
6	0		877.865557000
6	0		877.988975000
6	0		878.113362000
6	1121		878.146238000
6	0		878.236723000
6	0		878.361164000
6	0		878.423335000
6	0		878.423379000
6	0		878.485596000
6	0		878.510428000
6	0		878.510470000
6	0		878.546748000
6	1396		878.548123000
6	1396		878.576558000
6	0		878.671054000
6	0		878.795480000
6	0		878.918740000
6	1396		878.919225000
6	0		878.980963000
6	0		879.081521000
6	0		879.104862000
6	0		879.167041000
6	1396		879.167549000
6	1396		879.196341000
6	1396		879.253955000
6	0		879.291180000
6	0		879.291212000
6	0		879.291221000
6	0		879.291236000
6	0		879.291729000
6	0		879.292361000
6	1396		879.311492000
6	0		879.369080000
6	0		879.414981000
6	0		879.477526000
6	0		879.593374000
6	0		879.600929000
6	0		879.725008000
6	0		879.787152000
6	1121		879.842227000
6	0		879.910790000
6	0		879.972878000
6	0		880.035073000
6	0		880.159536000
6	0		880.282938000
6	0		880.345379000
6	0		880.345407000
6	0		880.345844000
6	0		880.469310000
6	0		880.531520000
6	0		880.655047000
6	0		880.779429000
6	0		880.841564000
6	0		880.964884000
6	0		881.089482000
6	0		881.089510000
6	0		881.212750000
6	0		881.336981000
6	0		881.399207000
6	0		881.523551000
6	0		881.646909000
6	0		881.709062000
6	0		881.798700000
6	0		881.798784000
6	0		881.812031000
6	41		881.819483000
6	0		881.832250000
6	21		881.832299000
6	0		881.832314000
6	1080		881.833548000
6	0		881.833668000
6	440		881.846341000
6	0		881.890204000
6	48		881.903078000
6	0		881.903130000
6	280		881.908391000
6	16		881.926503000
6	0		881.957020000
6	0		881.970230000
6	52		881.982995000
6	0		881.983034000
6	52		881.983126000
6	100		882.005916000
6	0		882.019203000
6	0		882.046237000
6	0		882.143600000
6	0		882.266937000
6	0		882.329443000
6	0		882.329464000
6	0		882.329956000
6	0		882.453398000
6	0		882.576744000
6	0		882.576771000
6	0		882.701107000
6	0		882.763281000
6	0		882.887617000
6	0		883.011017000
6	0		883.073198000
6	0		883.197492000
6	0		883.320767000
6	1121		883.330223000
6	0		883.382960000
6	0		883.507285000
6	0		883.631595000
6	0		883.692781000
6	0		883.817113000
6	0		883.941405000
6	0		883.941436000
6	0		884.064789000
6	0		884.189126000
6	68		884.209764000
6	52		884.222659000
6	0		884.222703000
6	0		884.222720000
6	0		884.223970000
6	0		884.236731000
6	0		884.251306000
6	0		884.375616000
6	0		884.384702000
6	0		884.499324000
6	0		884.561508000
6	0		884.684831000
6	0		884.809178000
6	0		884.871449000
6	0		884.994811000
6	0		885.056989000
6	0		885.181333000
6	0		885.243597000
6	0		885.287276000
6	0		885.304804000
6	0		885.366841000
6	0		885.367346000
6	0		885.429040000
6	0		885.552925000
6	0		885.615117000
6	0		885.670759000
6	0		885.739217000
6	0		885.863515000
6	0		885.924686000
6	0		886.049010000
6	0		886.173518000
6	0		886.173553000
6	0		886.296679000
6	0		886.421151000
6	0		886.421174000
6	0		886.421181000
6	0		886.421596000
6	0		886.421619000
6	0		886.483344000
6	0		886.607228000
6	0		886.731549000
6	0		886.792718000
6	0		886.917076000
6	0		887.041416000
6	0		887.103594000
6	0		887.226918000
6	0		887.351289000
6	0		887.413482000
6	0		887.475451000
6	0		887.475938000
6	0		887.536768000
6	0		887.599291000
6	0		887.722659000
6	0		887.846973000
6	0		887.847005000
6	0		887.971311000
6	0		888.094679000
6	0		888.156835000
6	0		888.281198000
6	0		888.312671000
6	0		888.351474000
6	0		888.405456000
6	0		888.405485000
6	0		888.405502000
6	0		888.406016000
6	0		888.529457000
6	0		888.652784000
6	0		888.714970000
6	0		888.839313000
6	0		888.962657000
6	0		889.024812000
6	0		889.149243000
6	0		889.273619000
6	0		889.334799000
6	0		889.459132000
6	0		889.509551000
6	0		889.509604000
6	0		889.583470000
6	0		889.644679000
6	0		889.669099000
6	41		889.675518000
6	0		889.769026000
6	0		889.831205000
6	21		889.834949000
6	0		889.834988000
6	0		889.835929000
6	0		889.835951000
6	1080		889.836003000
6	0		889.894562000
6	0		889.894631000
6	0		889.934069000
6	12		889.934355000
6	0		889.954745000
6	0		889.973472000
6	12		889.973538000
6	0		889.973553000
6	1		889.973742000
6	4		889.973759000
6	32		889.973767000
6	0		889.973774000
6	440		889.996989000
6	0		890.012937000
6	0		890.012977000
6	0		890.012982000
6	0		890.013115000
6	0		890.013154000
6	0		890.013173000
6	0		890.038225000
6	0		890.076924000
6	0		890.079028000
6	0		890.141361000
6	48		890.197867000
6	0		890.197905000
6	280		890.201907000
6	1121		890.242208000
6	0		890.264733000
6	0		890.291011000
6	0		890.291054000
6	16		890.366496000
6	0		890.389049000
6	1418		890.390035000
6	1418		890.397511000
6	0		890.410229000
6	1418		890.413323000
6	0		890.414770000
6	0		890.451094000
6	0		890.465382000
6	0		890.513277000
6	1418		890.513776000
6	1418		890.521682000
6	1418		890.537508000
6	1418		890.553337000
6	52		890.571252000
6	0		890.571290000
6	52		890.571402000
6	0		890.637416000
6	0		890.637444000
6	1418		890.638040000
6	1418		890.646000000
6	100		890.732011000
6	0		890.761475000
6	1418		890.761997000
6	1418		890.769915000
6	0		890.774204000
6	1418		890.785736000
6	1418		890.801574000
6	0		890.885007000
6	1418		890.885491000
6	1418		890.893403000
6	1418		890.909226000
6	1418		890.925051000
6	0		890.944387000
6	0		890.944435000
6	0		890.987300000
6	0		891.009430000
6	1418		891.009913000
6	1418		891.017816000
6	1418		891.033656000
6	1418		891.049498000
6	0		891.133026000
6	1418		891.133530000
6	1418		891.141437000
6	1418		891.157415000
6	1418		891.173068000
6	0		891.257456000
6	1418		891.257906000
6	1418		891.265835000
6	1418		891.281663000
6	1418		891.297518000
6	0		891.380963000
6	1418		891.381485000
6	1418		891.389397000
6	1418		891.405232000
6	1418		891.421057000
6	0		891.505564000
6	1418		891.506160000
6	1418		891.514020000
6	1418		891.529852000
6	1418		891.545675000
6	0		891.629179000
6	1418		891.629697000
6	1418		891.637618000
6	1418		891.653443000
6	1418		891.669275000
6	0		891.752738000
6	1418		891.753265000
6	1418		891.761196000
6	1418		891.777010000
6	1418		891.792827000
6	0		891.876757000
6	1418		891.877351000
6	1418		891.885233000
6	1418		891.901070000
6	1418		891.916900000
6	0		892.001369000
6	1418		892.001895000
6	1418		892.009823000
6	1418		892.025638000
6	1418		892.041452000
6	0		892.125040000
6	1418		892.125560000
6	1418		892.133480000
6	1418		892.149319000
6	1418		892.165135000
6	68		892.171769000
6	0		892.249581000
6	1418		892.250105000
6	1418		892.258030000
6	1418		892.273816000
6	1418		892.289669000
6	52		892.333161000
6	0		892.333206000
6	0		892.333345000
6	0		892.334429000
6	0		892.373185000
6	1418		892.373701000
6	1418		892.381634000
6	1418		892.397471000
6	1418		892.413275000
6	0		892.493390000
6	0		892.496734000
6	1418		892.497222000
6	1418		892.505136000
6	1418		892.520966000
6	1418		892.536786000
6	0		892.559082000
6	0		892.559608000
6	0		892.621258000
6	1418		892.621790000
6	1418		892.629700000
6	1418		892.645513000
6	1418		892.661338000
6	0		892.744740000
6	1418		892.745279000
6	1418		892.753127000
6	1418		892.768978000
6	1418		892.784797000
6	0		892.869283000
6	1418		892.869836000
6	1418		892.877764000
6	1418		892.893567000
6	1418		892.909390000
6	0		892.992800000
6	1418		892.993309000
6	1418		893.001225000
6	1418		893.017041000
6	1418		893.032872000
6	0		893.117291000
6	1418		893.117788000
6	1418		893.125701000
6	1418		893.141527000
6	1418		893.157347000
6	0		893.240748000
6	1418		893.241251000
6	1418		893.249164000
6	1418		893.265001000
6	1418		893.280831000
6	0		893.365278000
6	1418		893.365777000
6	1418		893.373695000
6	1418		893.389518000
6	1418		893.405351000
6	0		893.427556000
6	1418		893.428062000
6	1418		893.436989000
6	1418		893.452835000
6	1418		893.468657000
6	0		893.551416000
6	1418		893.551971000
6	1418		893.559829000
6	1418		893.575669000
6	1418		893.591479000
6	0		893.637607000
6	0		893.637665000
6	0		893.674886000
6	1418		893.675417000
6	1418		893.683312000
6	1418		893.699139000
6	1418		893.714970000
6	0		893.799417000
6	1418		893.799907000
6	1418		893.807819000
6	1418		893.823639000
6	1418		893.839461000
6	0		893.922939000
6	1418		893.923427000
6	1418		893.931335000
6	1418		893.947155000
6	1418		893.963012000
6	0		894.047527000
6	1418		894.048067000
6	1418		894.055990000
6	1418		894.071818000
6	1418		894.087645000
6	0		894.171090000
6	1418		894.171600000
6	1418		894.179520000
6	1418		894.195344000
6	1418		894.211153000
6	0		894.295624000
6	1418		894.296131000
6	1418		894.304027000
6	1418		894.319874000
6	1418		894.335686000
6	0		894.419094000
6	1418		894.419601000
6	1418		894.427506000
6	1418		894.443338000
6	1418		894.459510000
6	0		894.543020000
6	1418		894.543536000
6	1418		894.551455000
6	1418		894.567306000
6	1418		894.583097000
6	0		894.605455000
6	0		894.605912000
6	0		894.667628000
6	1418		894.668163000
6	1418		894.676072000
6	1418		894.691920000
6	0		894.791402000
6	1418		894.791930000
6	1418		894.799839000
6	0		894.915321000
6	1418		894.915849000
6	1418		894.923758000
6	0		895.039347000
6	1418		895.039842000
6	1418		895.047778000
6	0		895.163282000
6	1418		895.163815000
6	1418		895.171744000
6	0		895.287176000
6	1418		895.287684000
6	1418		895.295582000
6	0		895.411044000
6	1418		895.411563000
6	1418		895.419430000
6	0		895.534925000
6	1418		895.535430000
6	1418		895.543334000
6	0		895.658750000
6	1418		895.659268000
6	1418		895.667165000
6	0		895.783601000
6	1418		895.784131000
6	1418		895.792038000
6	0		895.907468000
6	1418		895.907985000
6	0		895.913915000
6	1418		895.915890000
6	0		896.031338000
6	1418		896.031845000
6	1418		896.039761000
6	0		896.155223000
6	1418		896.155729000
6	1418		896.163595000
6	0		896.279180000
6	1418		896.279684000
6	1418		896.287577000
6	0		896.402994000
6	1418		896.403453000
6	1418		896.411395000
6	0		896.465263000
6	1418		896.465745000
6	1418		896.473676000
6	0		896.589122000
6	1418		896.590249000
6	1418		896.597591000
6	0		896.622754000
6	0		896.713218000
6	1418		896.713697000
6	1418		896.721616000
6	0		896.837011000
6	1418		896.837488000
6	1418		896.845408000
6	0		896.960869000
6	1418		896.961323000
6	1418		896.969245000
6	0		897.084654000
6	1418		897.085130000
6	1418		897.093032000
6	0		897.209611000
6	1418		897.210109000
6	1418		897.217972000
6	0		897.270941000
6	0		897.271439000
6	0		897.333323000
6	1418		897.333801000
6	1418		897.341707000
6	0		897.457128000
6	1418		897.457587000
6	1418		897.465515000
6	0		897.502132000
6	0		897.502186000
6	0		897.577167000
6	0		897.581039000
6	1418		897.581591000
6	1418		897.589511000
6	0		897.688472000
6	41		897.694696000
6	0		897.704986000
6	1418		897.705475000
6	1418		897.713395000
6	0		897.828918000
6	1418		897.829405000
6	1418		897.837322000
6	0		897.880674000
6	21		897.890585000
6	0		897.890621000
6	1080		897.891608000
6	0		897.952940000
6	1418		897.953445000
6	1418		897.961358000
6	0		898.076803000
6	1418		898.077326000
6	440		898.085167000
6	1418		898.085208000
6	0		898.126209000
6	0		898.200702000
6	1418		898.201186000
6	1418		898.209101000
6	48		898.312225000
6	0		898.312264000
6	280		898.316507000
6	0		898.325423000
6	0		898.325448000
6	0		898.325888000
6	1418		898.325902000
6	1418		898.333815000
6	0		898.449265000
6	1418		898.449743000
6	1418		898.457656000
6	16		898.511311000
6	0		898.554258000
6	0		898.573093000
6	1418		898.573543000
6	1418		898.581471000
6	0		898.697001000
6	1418		898.697483000
6	1418		898.705398000
6	52		898.740270000
6	0		898.740311000
6	52		898.740424000
6	0		898.820859000
6	1418		898.821351000
6	1418		898.829267000
6	100		898.927586000
6	0		898.944717000
6	1418		898.945241000
6	1418		898.953160000
6	1418		898.968996000
6	0		898.970208000
6	1418		898.984818000
6	0		899.069273000
6	1418		899.069737000
6	1418		899.077654000
6	1418		899.093486000
6	1418		899.109306000
6	0		899.192709000
6	1418		899.193230000
6	1418		899.201153000
6	1418		899.216988000
6	1418		899.232794000
6	0		899.317246000
6	1418		899.317766000
6	1418		899.325678000
6	1418		899.341515000
6	1418		899.357318000
6	0		899.440710000
6	1418		899.441167000
6	1418		899.449085000
6	1418		899.464933000
6	1418		899.480748000
6	0		899.565243000
6	1418		899.565732000
6	1418		899.573647000
6	1418		899.589495000
6	1418		899.605314000
6	0		899.627467000
6	1418		899.627976000
6	1418		899.636938000
6	1418		899.652783000
6	1418		899.668610000
6	0		899.751111000
6	1418		899.751624000
6	1418		899.759523000
6	1418		899.775383000
6	1418		899.791171000
6	0		899.875635000
6	1418		899.876122000
6	1418		899.884050000
6	1418		899.899872000
6	1418		899.915746000
6	1418		899.968268000
6	0		900.124504000
6	0		900.124541000
6	1418		900.125106000
6	1418		900.132927000
6	1418		900.148759000
6	1418		900.164571000
6	1418		900.180407000
6	0		900.311416000
6	0		900.311448000
6	0		900.311910000
6	1418		900.311941000
6	1418		900.319820000
6	0		900.393041000
6	0		900.393104000
6	0		900.682853000
6	0		900.686014000
6	1418		900.686540000
6	41		900.688835000
6	1418		900.694455000
6	1418		900.710293000
6	1418		900.726123000
6	68		900.799858000
6	0		900.872569000
6	0		900.873067000
6	0		900.977258000
6	21		900.980505000
6	0		900.980539000
6	1080		900.981552000
6	52		900.994085000
6	0		900.994130000
6	0		900.994150000
6	0		900.995530000
6	0		901.058845000
6	1418		901.059356000
6	1418		901.067271000
6	1418		901.083094000
6	1418		901.098942000
6	0		901.181546000
6	0		901.269892000
6	440		901.270979000
6	0		901.276896000
6	0		901.276952000
6	0		901.314231000
6	0		901.319054000
6	0		901.433008000
6	35		901.433043000
6	1418		901.433498000
6	1418		901.441390000
6	1418		901.457213000
6	1418		901.473036000
6	48		901.602394000
6	0		901.602438000
6	280		901.607482000
6	0		901.806819000
6	1418		901.807324000
6	1418		901.815241000
6	1418		901.831083000
6	1418		901.846890000
6	0		901.895867000
6	16		901.926479000
6	0		901.970231000
6	0		902.181628000
6	1418		902.182145000
6	1418		902.190043000
6	1418		902.205901000
6	1418		902.221726000
6	52		902.258998000
6	0		902.259036000
6	52		902.259141000
6	0		902.368157000
6	0		902.368177000
6	0		902.368181000
6	747		902.368188000
6	0		902.368836000
6	0		902.369153000
6	355		902.376484000
6	84		902.548106000
6	0		902.554887000
6	0		902.554914000
6	1418		902.555516000
6	1418		902.563427000
6	0		902.590573000
6	0		902.741849000
6	0		902.929174000
6	0		902.929214000
6	0		902.945357000
6	0		903.115813000
6	0		903.303155000
6	0		903.489746000
6	0		903.489775000
6	0		903.489783000
6	517		903.489788000
6	0		903.490401000
6	2792		903.491376000
6	2387		903.491412000
6	0		903.677600000
6	0		903.677623000
6	0		903.677634000
6	0		903.677643000
6	1121		903.810232000
6	0		903.864495000
6	0		903.864519000
6	747		903.864523000
6	0		903.864531000
6	0		903.864537000
6	0		903.865048000
6	355		903.872869000
6	0		904.051486000
6	1418		904.052002000
6	1418		904.059919000
6	1418		904.075753000
6	1418		904.091570000
6	1418		904.107393000
6	1418		904.123216000
6	1418		904.139047000
6	1418		904.154875000
6	1418		904.170718000
6	1418		904.186508000
6	1418		904.203115000
6	1418		904.218161000
6	1418		904.233996000
6	0		904.238498000
6	1418		904.249821000
6	1418		904.265666000
6	1418		904.281466000
6	1418		904.297285000
6	1418		904.313098000
6	1418		904.328923000
6	1418		904.344750000
6	1418		904.360573000
6	1418		904.376405000
6	1418		904.392219000
6	1418		904.408041000
6	1418		904.423861000
6	0		904.425372000
6	0		904.425395000
6	0		904.425403000
6	0		904.425408000
6	0		904.425834000
6	1418		904.439682000
6	1418		904.455545000
6	1418		904.471340000
6	1418		904.487174000
6	1418		904.502992000
6	1418		904.518829000
6	1418		904.534658000
6	1418		904.550465000
6	1418		904.566279000
6	1418		904.582119000
6	1418		904.597935000
6	1418		904.613748000
6	1418		904.629569000
6	68		904.635134000
6	1418		904.645397000
6	1418		904.661218000
6	1418		904.677049000
6	1418		904.692872000
6	1418		904.708686000
6	1418		904.724505000
6	1418		904.740343000
6	1418		904.756148000
6	1418		904.771999000
6	1418		904.787807000
6	0		904.799474000
6	1418		904.803634000
6	1418		904.819458000
6	1418		904.835288000
6	1418		904.851125000
6	1418		904.866962000
6	1418		904.882770000
6	1418		904.898579000
6	1418		904.914416000
6	52		904.924071000
6	0		904.924109000
6	0		904.924126000
6	0		904.925275000
6	1418		904.930218000
6	1418		904.946050000
6	1418		904.961869000
6	1418		904.977708000
6	1418		904.993515000
6	1418		905.009344000
6	1418		905.025165000
6	1418		905.040983000
6	1418		905.056807000
6	1418		905.072669000
6	1418		905.088506000
6	1418		905.104308000
6	1418		905.120119000
6	1418		905.135943000
6	1418		905.151781000
6	1418		905.167589000
6	0		905.173422000
6	1418		905.183423000
6	1418		905.199228000
6	0		905.214251000
6	1418		905.215034000
6	0		905.230116000
6	0		905.230172000
6	1418		905.230866000
6	1418		905.246719000
6	1418		905.262534000
6	1418		905.278354000
6	1418		905.294190000
6	1418		905.309992000
6	1418		905.325825000
6	1418		905.341639000
6	1418		905.357480000
6	0		905.359764000
6	0		905.359785000
6	0		905.359801000
6	0		905.360346000
6	0		905.365835000
6	0		905.371936000
6	1418		905.373272000
6	1418		905.389127000
6	1418		905.404953000
6	0		905.413999000
6	41		905.419671000
6	1418		905.420745000
6	1418		905.436591000
6	1418		905.452424000
6	1418		905.468264000
6	1418		905.484066000
6	1418		905.499891000
6	1418		905.515709000
6	1418		905.531535000
6	0		905.547042000
6	1418		905.547345000
6	1418		905.563188000
6	1418		905.579013000
6	1418		905.594832000
6	0		905.602409000
6	21		905.602803000
6	0		905.602818000
6	1080		905.603790000
6	1418		905.610652000
6	1418		905.626477000
6	1418		905.642300000
6	1418		905.658125000
6	0		905.667688000
6	1418		905.673941000
6	1418		905.689770000
6	1418		905.705605000
6	1418		905.721434000
6	1418		905.737239000
6	1418		905.753071000
6	1418		905.768894000
6	1418		905.784718000
6	440		905.787593000
6	1418		905.800554000
6	1418		905.816361000
6	0		905.830223000
6	1418		905.832182000
6	1418		905.848008000
6	1418		905.863831000
6	1418		905.879684000
6	1418		905.895497000
6	1418		905.911298000
6	0		905.921039000
6	1418		905.927136000
6	1418		905.942939000
6	1418		905.958777000
6	1418		905.974575000
6	1418		905.990412000
6	1418		906.006232000
6	48		906.013697000
6	0		906.013741000
6	280		906.017992000
6	1418		906.022095000
6	1418		906.037900000
6	1418		906.053736000
6	1418		906.069558000
6	1418		906.085406000
6	1418		906.101195000
6	1418		906.117006000
6	1418		906.132844000
6	1418		906.148661000
6	1418		906.164496000
6	1418		906.180312000
6	1418		906.196137000
6	16		906.204856000
6	1418		906.211955000
6	1418		906.227778000
6	1418		906.243603000
6	0		906.246220000
6	1418		906.259420000
6	1418		906.275245000
6	1418		906.291075000
6	0		906.294852000
6	1418		906.306884000
6	1418		906.322707000
6	1418		906.338552000
6	1418		906.354382000
6	1418		906.370211000
6	1418		906.386041000
6	1418		906.401863000
6	1418		906.417683000
6	52		906.429726000
6	0		906.429764000
6	52		906.429912000
6	1418		906.433496000
6	1418		906.449315000
6	1418		906.465135000
6	1418		906.480972000
6	0		906.482300000
6	0		906.482777000
6	1418		906.496789000
6	1418		906.512602000
6	1418		906.528429000
6	1418		906.544261000
6	1418		906.560065000
6	1418		906.575918000
6	1418		906.591718000
6	1418		906.607541000
6	84		906.613029000
6	1418		906.623379000
6	1418		906.639214000
6	0		906.654253000
6	1418		906.655028000
6	0		906.669556000
6	1418		906.670817000
6	1418		906.686670000
6	1418		906.702497000
6	1418		906.718331000
6	1418		906.734157000
6	1418		906.749980000
6	1418		906.765805000
6	1418		906.781625000
6	1418		906.797449000
6	1418		906.813278000
6	1418		906.829107000
6	1418		906.844932000
6	1418		906.860747000
6	1418		906.876553000
6	1418		906.892378000
6	1418		906.908188000
6	1418		906.924012000
6	1418		906.939858000
6	1418		906.955683000
6	1418		906.971514000
6	1418		906.987342000
6	1418		907.003148000
6	1418		907.018998000
6	1418		907.034809000
6	0		907.043582000
6	1418		907.050613000
6	1418		907.066443000
6	1418		907.082264000
6	1418		907.098096000
6	1418		907.113921000
6	1418		907.129747000
6	1418		907.145575000
6	1418		907.161378000
6	1418		907.177208000
6	1418		907.193049000
6	1418		907.208861000
6	1418		907.224671000
6	1418		907.240488000
6	1418		907.256366000
6	1418		907.272197000
6	1418		907.287975000
6	1418		907.303853000
6	1418		907.319633000
6	1418		907.335455000
6	1418		907.351280000
6	1418		907.367102000
6	1418		907.382925000
6	1418		907.398749000
6	1418		907.414560000
6	0		907.417031000
6	1418		907.430396000
6	1418		907.446202000
6	1418		907.462042000
6	1418		907.477871000
6	1418		907.493710000
6	1418		907.517817000
6	1418		907.525333000
6	1418		907.541145000
6	1418		907.556987000
6	1418		907.572791000
6	1418		907.588636000
6	0		907.604304000
6	1418		907.604447000
6	1418		907.620277000
6	1418		907.636100000
6	1418		907.651921000
6	1418		907.667762000
6	1418		907.683589000
6	1418		907.699421000
6	1418		907.715225000
6	1418		907.731032000
6	1418		907.746869000
6	1418		907.762706000
6	1418		907.778505000
6	1418		907.794336000
6	1418		907.810194000
6	1418		907.825980000
6	1418		907.841803000
6	1418		907.857629000
6	1418		907.873440000
6	1418		907.889271000
6	1418		907.905115000
6	1418		907.920957000
6	1418		907.936757000
6	1418		907.952618000
6	1418		907.968417000
6	0		907.978037000
6	1418		907.984231000
6	1418		908.000051000
6	1418		908.015888000
6	1418		908.031700000
6	1418		908.047528000
6	1418		908.063358000
6	1418		908.079177000
6	1418		908.095004000
6	1418		908.110832000
6	1418		908.126637000
6	1418		908.142453000
6	1418		908.158357000
6	1418		908.174093000
6	1418		908.189918000
6	1418		908.205769000
6	1418		908.221594000
6	1418		908.237419000
6	1418		908.253249000
6	1418		908.269062000
6	1418		908.284888000
6	1418		908.300719000
6	1418		908.316537000
6	1418		908.332361000
6	1418		908.348164000
6	0		908.352003000
6	1418		908.363982000
6	1418		908.379818000
6	1418		908.395650000
6	1418		908.411472000
6	1418		908.427287000
6	1418		908.443111000
6	0		908.449147000
6	1418		908.458939000
6	1418		908.474757000
6	1418		908.490592000
6	1418		908.506406000
6	1418		908.522242000
6	1418		908.538054000
6	0		908.539478000
6	0		908.539670000
6	0		908.539923000
6	1418		908.553882000
6	1418		908.569732000
6	68		908.584300000
6	1418		908.585532000
6	1418		908.601358000
6	1418		908.617187000
6	1418		908.632988000
6	1418		908.648820000
6	1418		908.664642000
6	1418		908.680461000
6	1418		908.696289000
6	1418		908.712171000
6	0		908.725760000
6	1418		908.727921000
6	1418		908.743757000
6	1418		908.759574000
6	0		908.767470000
6	0		908.767516000
6	52		908.767699000
6	0		908.767740000
6	0		908.768852000
6	1418		908.775417000
6	1418		908.791224000
6	1418		908.807036000
6	1418		908.822863000
6	1418		908.838710000
6	1418		908.854535000
6	1418		908.870359000
6	1418		908.886182000
6	1418		908.902013000
6	1418		908.917815000
6	1418		908.933654000
6	1418		908.949488000
6	0		908.952005000
6	1418		908.965289000
6	1418		908.981130000
6	1418		908.996954000
6	1418		909.012776000
6	1418		909.028598000
6	1418		909.044419000
6	1418		909.060236000
6	1418		909.076067000
6	0		909.100589000
6	0		909.473934000
6	0		909.848528000
6	0		909.848554000
6	0		909.849047000
6	0		910.222774000
6	0		910.596401000
6	0		910.970057000
6	0		911.344653000
6	0		911.718292000
6	0		912.091913000
6	0		912.369826000
6	0		912.466490000
6	0		912.571705000
6	0		912.653086000
6	0		912.653108000
6	0		912.653544000
6	0		912.653994000
6	0		912.840339000
6	0		913.213932000
6	0		913.588544000
6	0		913.887136000
6	0		913.962196000
6	0		914.335928000
6	0		914.710636000
6	0		915.084286000
6	0		915.457873000
6	0		915.832548000
6	0		916.206115000
6	0		916.580765000
6	0		916.580791000
6	35		916.767512000
6	0		916.768018000
6	0		917.141705000
6	0		917.328005000
6	0		917.702650000
6	0		918.076256000
6	0		918.449863000
6	0		918.824431000
6	0		919.198026000
6	0		919.572631000
6	0		919.946241000
6	0		920.319885000
6	0		920.694472000
6	0		920.865596000
6	0		920.880943000
6	0		920.881577000
6	0		921.068230000
6	0		921.442560000
6	0		921.816184000
6	0		922.189776000
6	0		922.564303000
6	0		922.579302000
6	0		922.579355000
6	0		922.723904000
6	41		922.729352000
6	0		922.881318000
6	0		922.913438000
6	0		922.914099000
6	0		922.938860000
6	0		922.938904000
6	0		922.944960000
6	0		923.064379000
6	0		923.247032000
6	0		923.247101000
6	0		923.312656000
6	0		923.478701000
6	41		923.484440000
6	0		923.686305000
6	0		923.715381000
6	21		923.716891000
6	0		923.716917000
6	1080		923.717998000
6	440		923.949618000
6	0		923.990211000
6	0		924.059879000
6	48		924.221071000
6	0		924.221110000
6	280		924.226500000
6	0		924.434245000
6	0		924.434285000
6	0		924.446702000
6	16		924.462922000
6	0		924.506215000
6	0		924.620787000
6	0		924.626868000
6	52		924.737244000
6	0		924.737284000
6	52		924.737418000
6	0		924.753735000
6	0		924.808434000
6	0		924.808466000
6	0		924.814702000
6	0		924.937911000
6	84		924.970956000
6	0		925.014219000
6	0		925.182523000
6	0		925.369060000
6	0		925.369112000
6	0		925.369600000
6	0		925.381062000
6	0		925.556447000
6	0		925.556472000
6	0		925.562528000
6	0		925.670518000
6	0		925.930106000
6	0		926.304747000
6	68		926.411013000
6	0		926.491438000
6	0		926.491460000
6	0		926.491926000
6	52		926.643884000
6	0		926.643925000
6	0		926.643945000
6	0		926.645213000
6	0		926.865583000
6	0		926.875903000
6	0		927.239176000
6	0		927.426474000
6	0		927.432533000
6	0		927.563990000
6	0		927.613404000
6	0		927.613426000
6	0		927.625488000
6	0		927.987172000
6	0		928.361736000
6	0		928.502483000
6	0		928.547779000
6	0		928.548237000
6	0		928.735482000
6	0		928.735516000
6	0		928.735935000
6	0		928.921718000
6	0		929.109556000
6	0		929.147711000
6	0		929.483441000
6	0		929.489685000
6	0		929.857424000
6	0		930.231012000
6	0		930.605605000
6	1121		930.946250000
6	0		930.979175000
6	0		931.222354000
6	0		931.353783000
6	0		931.540072000
6	0		931.552086000
6	0		931.659984000
6	0		931.727397000
6	0		931.727422000
6	0		931.733491000
6	0		932.101205000
6	0		932.288377000
6	0		932.289331000
6	0		932.474902000
6	0		932.598515000
6	0		932.661850000
6	0		932.662358000
6	0		932.776879000
6	0		932.849252000
6	0		933.036547000
6	0		933.222820000
6	0		933.357654000
6	0		933.357712000
6	0		933.410122000
6	0		933.410636000
6	0		933.597386000
6	0		933.664714000
6	0		933.784091000
6	0		933.784565000
6	0		933.971306000
6	0		934.318961000
6	0		934.345463000
6	0		934.718788000
6	0		935.093310000
6	0		935.466904000
6	0		935.466929000
6	0		935.563116000
6	0		935.840787000
6	0		936.215251000
6	0		936.469755000
6	0		936.469819000
6	0		936.494851000
6	41		936.502258000
6	0		936.527166000
6	21		936.529268000
6	0		936.529309000
6	1080		936.530514000
6	0		936.554852000
6	440		936.555037000
6	0		936.588916000
6	0		936.598239000
6	48		936.622705000
6	0		936.622741000
6	280		936.626790000
6	0		936.651238000
6	16		936.660777000
6	0		936.702238000
6	52		936.726654000
6	0		936.726691000
6	52		936.726782000
6	84		936.765066000
6	0		936.776354000
6	0		936.806213000
6	0		936.963518000
6	0		936.964045000
6	0		937.150156000
6	0		937.150203000
6	517		937.150211000
6	0		937.150664000
6	2792		937.151842000
6	2387		937.151879000
6	0		937.524522000
6	0		937.898150000
6	0		937.898208000
6	0		938.018175000
6	0		938.018241000
6	0		938.057950000
6	12		938.058223000
6	0		938.097486000
6	12		938.097523000
6	0		938.097533000
6	1		938.097740000
6	4		938.097763000
6	32		938.097773000
6	0		938.097787000
6	0		938.137043000
6	0		938.137081000
6	0		938.137110000
6	0		938.137166000
6	0		938.137176000
6	0		938.137233000
6	68		938.185610000
6	52		938.210064000
6	0		938.210107000
6	0		938.210128000
6	0		938.211445000
6	0		938.235826000
6	0		938.272708000
6	0		938.646302000
6	0		938.798486000
6	0		938.798530000
6	0		939.019926000
6	0		939.394568000
6	0		939.768515000
6	0		939.768544000
6	0		939.774675000
6	0		939.790775000
6	0		939.790837000
6	0		939.955106000
6	0		939.961175000
6	22		940.081426000
6	0		940.081484000
6	41		940.087255000
6	0		940.142450000
6	0		940.142477000
6	976		940.375619000
6	1080		940.375662000
6	0		940.516181000
6	0		940.697443000
6	0		940.703435000
6	0		940.703946000
6	0		940.889943000
6	0		941.263841000
6	48		941.587279000
6	388		941.595649000
6	0		941.638467000
6	0		941.880424000
6	0		942.011987000
6	0		942.386639000
6	0		942.760204000
6	0		943.133978000
6	0		943.508509000
6	16		943.549797000
6	0		943.590241000
6	52		943.873837000
6	0		943.873873000
6	52		943.873979000
6	0		943.882084000
6	0		944.256628000
6	0		944.630312000
6	52		944.642226000
6	84		944.806181000
6	0		944.846231000
6	0		944.927204000
6	0		945.003902000
6	0		945.098389000
6	0		945.098452000
6	0		945.249091000
6	41		945.254790000
6	0		945.378483000
6	0		945.405156000
6	21		945.405435000
6	0		945.405454000
6	1080		945.406570000
6	0		945.556797000
6	440		945.560574000
6	0		945.602238000
6	0		945.752109000
6	48		945.752412000
6	0		945.752433000
6	280		945.758348000
6	0		945.908808000
6	16		945.916575000
6	0		945.958220000
6	52		946.108762000
6	0		946.108800000
6	52		946.108908000
6	0		946.126696000
6	0		946.138432000
6	0		946.138487000
6	0		946.178167000
6	12		946.178477000
6	0		946.218131000
6	12		946.218166000
6	0		946.218178000
6	1		946.218378000
6	4		946.218396000
6	32		946.218405000
6	0		946.218418000
6	0		946.257975000
6	0		946.258079000
6	0		946.258128000
6	0		946.258214000
6	0		946.258229000
6	0		946.304426000
6	84		946.361637000
6	0		946.402238000
6	0		946.500316000
6	0		946.873905000
6	52		947.001379000
6	0		947.248562000
6	0		947.284402000
6	0		947.435510000
6	35		947.435534000
6	0		947.436528000
6	0		947.809153000
6	0		947.858217000
6	0		948.183017000
6	0		948.364002000
6	52		948.475343000
6	0		948.476700000
6	68		948.491086000
6	0		948.557630000
6	0		948.641383000
6	0		948.642631000
6	0		948.642666000
6	52		948.647268000
6	0		948.647302000
6	0		948.647318000
6	0		948.649086000
6	0		948.759809000
6	0		948.799442000
6	0		948.833437000
6	41		948.839126000
6	0		948.931203000
6	0		949.029992000
6	21		949.038568000
6	0		949.038613000
6	1080		949.039699000
6	0		949.110531000
6	440		949.237779000
6	0		949.278230000
6	0		949.305073000
6	48		949.469042000
6	0		949.469084000
6	280		949.473510000
6	16		949.672612000
6	0		949.679764000
6	0		949.679797000
6	1418		949.680310000
6	1418		949.688202000
6	1418		949.704039000
6	0		949.714226000
6	1418		949.719852000
6	52		949.905078000
6	0		949.905118000
6	52		949.905221000
6	0		950.053512000
6	1418		950.054027000
6	1418		950.061954000
6	1418		950.077771000
6	1418		950.093591000
6	84		950.101129000
6	0		950.142224000
6	0		950.427146000
6	1418		950.427657000
6	1418		950.435568000
6	1418		950.451419000
6	1418		950.467224000
6	0		950.579051000
6	0		950.579091000
6	0		950.800867000
6	0		950.800896000
6	1418		950.801380000
6	1418		950.809302000
6	1418		950.825113000
6	1418		950.840942000
6	0		951.175574000
6	1418		951.176062000
6	1418		951.183983000
6	1418		951.199800000
6	1418		951.215622000
6	0		951.362032000
6	0		951.362503000
6	0		951.549311000
6	1418		951.549820000
6	1418		951.557734000
6	1418		951.573541000
6	1418		951.589648000
6	0		951.665132000
6	0		951.923804000
6	1418		951.924319000
6	1418		951.932240000
6	1418		951.948063000
6	1418		951.963883000
6	68		952.113274000
6	0		952.297494000
6	0		952.297523000
6	1418		952.298023000
6	0		952.298163000
6	1418		952.305936000
6	52		952.312411000
6	0		952.312453000
6	0		952.312481000
6	0		952.313875000
6	1418		952.321763000
6	1418		952.337583000
6	0		952.504712000
6	0		952.671216000
6	1418		952.671710000
6	1418		952.679628000
6	1418		952.695466000
6	1418		952.711274000
6	0		953.044901000
6	1418		953.045383000
6	1418		953.053326000
6	1418		953.069127000
6	1418		953.084953000
6	0		953.211738000
6	0		953.419361000
6	1418		953.419891000
6	1418		953.427802000
6	1418		953.443630000
6	1418		953.459474000
6	0		953.793216000
6	0		953.793246000
6	0		953.793255000
6	1418		953.793741000
6	1418		953.801659000
6	1418		953.817509000
6	1418		953.833303000
6	0		954.166982000
6	0		954.167006000
6	1418		954.167513000
6	1418		954.175436000
6	1418		954.191227000
6	1418		954.207066000
6	0		954.337132000
6	0		954.354390000
6	0		954.354415000
6	0		954.354953000
6	0		954.541337000
6	0		954.728685000
6	0		954.914969000
6	0		954.914992000
6	0		955.102245000
6	0		955.102516000
6	0		955.289703000
6	1418		955.290212000
6	1418		955.298122000
6	1418		955.313958000
6	1418		955.329776000
6	0		955.410167000
6	0		955.663478000
6	0		955.663501000
6	1418		955.663983000
6	0		955.664435000
6	1418		955.671935000
6	1418		955.687719000
6	1418		955.703569000
6	0		955.849985000
6	0		955.856069000
6	0		956.037452000
6	0		956.037478000
6	1418		956.037972000
6	0		956.043545000
6	1418		956.045900000
6	1418		956.061722000
6	1418		956.077542000
6	0		956.223924000
6	0		956.224232000
6	0		956.411243000
6	1418		956.411791000
6	1418		956.419677000
6	1418		956.435522000
6	1418		956.451362000
6	0		956.785154000
6	1418		956.785716000
6	1418		956.793635000
6	1418		956.809442000
6	1418		956.825281000
6	0		956.972661000
6	0		956.973198000
6	0		957.158968000
6	1418		957.159479000
6	1418		957.167407000
6	1418		957.183226000
6	1418		957.199061000
6	0		957.211495000
6	0		957.211556000
6	0		957.228583000
6	41		957.235626000
6	0		957.251793000
6	21		957.251833000
6	0		957.251847000
6	1080		957.252923000
6	0		957.269027000
6	440		957.269088000
6	0		957.310239000
6	48		957.326483000
6	0		957.326525000
6	280		957.331349000
6	0		957.347550000
6	16		957.368139000
6	0		957.410231000
6	52		957.426484000
6	0		957.426528000
6	52		957.426622000
6	84		957.448725000
6	0		957.490224000
6	0		957.533687000
6	1418		957.534218000
6	1418		957.542125000
6	1418		957.557963000
6	1418		957.573777000
6	0		957.720186000
6	0		957.726274000
6	0		957.907490000
6	1418		957.907974000
6	1418		957.915891000
6	1418		957.931715000
6	1418		957.947545000
6	0		958.093986000
6	0		958.094282000
6	0		958.281329000
6	1418		958.281829000
6	1418		958.289735000
6	1418		958.305561000
6	1418		958.321378000
6	0		958.369181000
6	0		958.468576000
6	0		958.469058000
6	0		958.654874000
6	1418		958.655407000
6	1418		958.663316000
6	1418		958.679142000
6	1418		958.694966000
6	0		959.029635000
6	1418		959.030186000
6	1418		959.038052000
6	1418		959.053960000
6	1418		959.069719000
6	0		959.403668000
6	1418		959.404166000
6	1418		959.412074000
6	68		959.421485000
6	1418		959.427902000
6	52		959.440603000
6	0		959.440640000
6	0		959.440657000
6	0		959.442210000
6	1418		959.443710000
6	0		959.458395000
6	0		959.589969000
6	0		959.777521000
6	0		959.777545000
6	1418		959.778045000
6	0		959.783809000
6	1418		959.785946000
6	1418		959.801787000
6	1418		959.817605000
6	0		960.057088000
6	1418		960.057586000
6	1418		960.065508000
6	1418		960.081353000
6	1418		960.097154000
6	0		960.154208000
6	0		960.243587000
6	1418		960.244131000
6	1418		960.252041000
6	1418		960.267884000
6	1418		960.283698000
6	0		960.429217000
6	1418		960.429723000
6	1418		960.437635000
6	1418		960.453484000
6	1418		960.469291000
6	0		960.614773000
6	1418		960.615244000
6	1418		960.623145000
6	1418		960.638980000
6	1418		960.654797000
6	0		960.708027000
6	1418		960.708540000
6	1418		960.716470000
6	1418		960.732304000
6	1418		960.748105000
6	0		960.894632000
6	1418		960.895159000
6	1418		960.903086000
6	1418		960.918923000
6	1418		960.934724000
6	0		961.080217000
6	1418		961.080716000
6	1418		961.088628000
6	1418		961.104446000
6	1418		961.120319000
6	0		961.265787000
6	1418		961.266305000
6	1418		961.274218000
6	1418		961.290042000
6	1418		961.305870000
6	0		961.452346000
6	1418		961.452898000
6	1418		961.460835000
6	1418		961.476616000
6	1418		961.492439000
6	0		961.637877000
6	1418		961.638371000
6	1418		961.646295000
6	1418		961.662114000
6	1418		961.677957000
6	0		961.824443000
6	1418		961.824968000
6	1418		961.832884000
6	1418		961.848722000
6	1418		961.864548000
6	0		962.010250000
6	1418		962.010743000
6	1418		962.018647000
6	1418		962.034474000
6	1418		962.050284000
6	0		962.196409000
6	0		962.196435000
6	0		962.196720000
6	1418		962.196891000
6	1418		962.204808000
6	1418		962.220639000
6	1418		962.236485000
6	0		962.259990000
6	0		962.260053000
6	0		962.299466000
6	12		962.299722000
6	0		962.338825000
6	12		962.338855000
6	0		962.338867000
6	1		962.339080000
6	4		962.339109000
6	32		962.339121000
6	0		962.339135000
6	0		962.378148000
6	0		962.378188000
6	0		962.378195000
6	0		962.378412000
6	0		962.378425000
6	0		962.382307000
6	1418		962.382825000
6	1418		962.390743000
6	1418		962.406568000
6	1418		962.422386000
6	0		962.567863000
6	1418		962.568394000
6	1418		962.576290000
6	1418		962.592132000
6	1418		962.607940000
6	0		962.754353000
6	1418		962.754808000
6	1418		962.762722000
6	1418		962.778551000
6	1418		962.794379000
6	0		962.939906000
6	1418		962.940385000
6	1418		962.948305000
6	1418		962.964130000
6	1418		962.979995000
6	355		962.984853000
6	0		963.126326000
6	1418		963.126822000
6	1418		963.134763000
6	1418		963.150559000
6	1418		963.166429000
6	0		963.311997000
6	1418		963.312513000
6	1418		963.320422000
6	1418		963.336254000
6	1418		963.352076000
6	0		963.498636000
6	1418		963.499148000
6	1418		963.507064000
6	1418		963.522887000
6	1418		963.538726000
6	0		963.684164000
6	1418		963.684673000
6	1418		963.692593000
6	1418		963.708416000
6	1418		963.724228000
6	0		963.870604000
6	1418		963.871067000
6	1396		963.872702000
6	1418		963.878996000
6	1418		963.894823000
6	1418		963.910711000
6	0		964.056150000
6	1418		964.056624000
6	1418		964.064551000
6	1418		964.080380000
6	1418		964.096195000
6	0		964.242664000
6	1418		964.243169000
6	1418		964.251088000
6	1418		964.266927000
6	1418		964.282757000
6	0		964.428343000
6	1418		964.428851000
6	1418		964.436751000
6	1418		964.452589000
6	1418		964.468419000
6	355		964.526938000
6	0		964.613918000
6	1418		964.614441000
6	1418		964.622327000
6	1418		964.638155000
6	1418		964.653972000
6	0		964.800559000
6	1418		964.801071000
6	1418		964.808980000
6	1418		964.824810000
6	1418		964.840630000
6	0		964.986182000
6	1418		964.986722000
6	1418		964.994622000
6	1418		965.010462000
6	1418		965.026287000
6	0		965.172031000
6	0		965.172051000
6	517		965.172057000
6	1418		965.172509000
6	0		965.172583000
6	2836		965.179702000
6	3977		965.179841000
6	1418		965.180398000
6	1418		965.196257000
6	1418		965.212078000
6	0		965.358409000
6	1418		965.358877000
6	1418		965.366782000
6	1418		965.382608000
6	1418		965.398433000
6	0		965.543951000
6	1418		965.544484000
6	1418		965.552407000
6	1418		965.568278000
6	1418		965.584033000
6	0		965.730604000
6	1418		965.731128000
6	1418		965.739018000
6	1418		965.754904000
6	1418		965.770682000
6	0		965.822798000
6	1418		965.823333000
6	1418		965.831241000
6	1418		965.847084000
6	1418		965.862900000
6	0		966.009447000
6	1418		966.009988000
6	1418		966.017915000
6	1418		966.033727000
6	1418		966.049570000
6	0		966.195151000
6	1418		966.195681000
6	1418		966.203582000
6	1418		966.219445000
6	0		966.234237000
6	1418		966.235218000
6	0		966.380780000
6	1418		966.381321000
6	1418		966.389223000
6	1418		966.405055000
6	1418		966.420860000
6	0		966.567425000
6	0		966.567448000
6	0		966.567924000
6	1418		966.567955000
6	1418		966.575821000
6	1418		966.591654000
6	1418		966.607478000
6	0		966.753005000
6	1418		966.753508000
6	1418		966.761409000
6	1418		966.777251000
6	1418		966.793059000
6	0		966.846261000
6	0		966.939585000
6	1418		966.940130000
6	1418		966.948034000
6	1418		966.963864000
6	1418		966.979671000
6	0		967.031700000
6	0		967.032242000
6	0		967.125221000
6	1418		967.125759000
6	1418		967.133672000
6	1418		967.149503000
6	1418		967.165318000
6	0		967.310771000
6	1418		967.311289000
6	1418		967.319193000
6	1418		967.335024000
6	1418		967.350857000
6	0		967.456690000
6	0		967.497277000
6	1418		967.497779000
6	1418		967.505690000
6	1418		967.521507000
6	1418		967.537317000
6	0		967.682888000
6	1418		967.683361000
6	1418		967.691260000
6	1418		967.707090000
6	1418		967.722915000
6	0		967.869447000
6	1418		967.869933000
6	1418		967.877854000
6	1418		967.893672000
6	1418		967.909489000
6	0		967.986499000
6	0		967.986566000
6	0		968.021805000
6	0		968.055027000
6	1418		968.055640000
6	1418		968.063484000
6	1418		968.079308000
6	1418		968.095134000
6	0		968.240787000
6	1418		968.241324000
6	1418		968.249241000
6	1418		968.265062000
6	1418		968.280912000
6	0		968.427409000
6	1418		968.427915000
6	1418		968.435828000
6	1418		968.451654000
6	1418		968.467491000
6	0		968.613025000
6	1418		968.613598000
6	1418		968.621442000
6	1418		968.637267000
6	1418		968.653090000
6	0		968.798665000
6	1418		968.799154000
6	1418		968.807072000
6	1418		968.822904000
6	1418		968.838732000
6	0		968.985462000
6	1418		968.985993000
6	1418		968.993899000
6	1418		969.009725000
6	1418		969.025567000
6	0		969.171188000
6	1418		969.171722000
6	1418		969.179649000
6	1418		969.195474000
6	1418		969.211279000
6	0		969.356893000
6	1418		969.357427000
6	1418		969.365316000
6	1418		969.381144000
6	1418		969.396963000
6	0		969.543652000
6	1418		969.544163000
6	1418		969.552076000
6	1418		969.567893000
6	1418		969.583715000
6	0		969.729345000
6	1418		969.729891000
6	1418		969.737768000
6	1418		969.753588000
6	1418		969.769425000
6	0		969.915187000
6	1418		969.915719000
6	1418		969.923644000
6	1418		969.939457000
6	1418		969.955297000
6	0		970.101013000
6	1418		970.101524000
6	1418		970.109451000
6	1418		970.125269000
6	1418		970.141090000
6	0		970.287686000
6	1418		970.288205000
6	1418		970.296111000
6	1418		970.311950000
6	1418		970.327767000
6	0		970.379447000
6	0		970.379505000
6	0		970.380088000
6	0		970.380336000
6	0		970.418696000
6	12		970.418962000
6	0		970.458113000
6	12		970.458150000
6	0		970.458176000
6	1		970.458380000
6	4		970.458406000
6	32		970.458417000
6	0		970.458434000
6	0		970.473282000
6	1418		970.473776000
6	1418		970.481709000
6	0		970.497472000
6	1418		970.497517000
6	0		970.497581000
6	0		970.497817000
6	0		970.497837000
6	1418		970.513350000
6	0		970.565895000
6	1418		970.566416000
6	1418		970.574294000
6	1418		970.590121000
6	1418		970.605937000
6	0		970.752372000
6	1418		970.752877000
6	1418		970.760803000
6	1418		970.776625000
6	1418		970.792447000
6	0		970.937984000
6	1418		970.938534000
6	1418		970.946438000
6	1418		970.962267000
6	1418		970.978098000
6	0		971.124633000
6	1418		971.125150000
6	1418		971.133061000
6	1418		971.148910000
6	1418		971.164722000
6	0		971.310366000
6	1418		971.310849000
6	1418		971.318777000
6	1418		971.334633000
6	1418		971.350429000
6	0		971.495973000
6	1418		971.496492000
6	1418		971.504401000
6	1418		971.520228000
6	1418		971.536054000
6	0		971.589163000
6	0		971.682493000
6	1418		971.683016000
6	1418		971.690984000
6	1418		971.706767000
6	1418		971.722630000
6	0		971.868113000
6	1418		971.868599000
6	1418		971.876519000
6	1418		971.892356000
6	1418		971.908173000
6	0		971.915744000
6	0		972.054266000
6	1418		972.054797000
6	1418		972.062703000
6	1418		972.078544000
6	1418		972.094368000
6	0		972.239816000
6	1418		972.240315000
6	1418		972.248240000
6	1418		972.264077000
6	1418		972.279899000
6	0		972.426337000
6	1418		972.426813000
6	0		972.433935000
6	1418		972.434722000
6	1418		972.450578000
6	1418		972.466446000
6	0		972.611954000
6	1418		972.612424000
6	1418		972.620335000
6	1418		972.636167000
6	1418		972.652011000
6	0		972.798441000
6	1418		972.798923000
6	1418		972.806834000
6	1418		972.822649000
6	1418		972.838486000
6	0		972.984071000
6	1418		972.984559000
6	1418		972.992483000
6	1418		973.008292000
6	1418		973.024192000
6	0		973.170601000
6	1418		973.171139000
6	0		973.174598000
6	1418		973.179041000
6	1418		973.194871000
6	1418		973.210694000
6	0		973.356134000
6	1418		973.356623000
6	1418		973.364532000
6	1418		973.380358000
6	1418		973.396481000
6	0		973.542011000
6	1418		973.542508000
6	1418		973.550415000
6	1418		973.566264000
6	1418		973.582090000
6	0		973.728581000
6	1418		973.729072000
6	1418		973.737002000
6	1418		973.752823000
6	1418		973.768662000
6	0		973.914119000
6	1418		973.914617000
6	1418		973.922546000
6	1418		973.938379000
6	1418		973.954197000
6	0		974.100655000
6	1418		974.101130000
6	1418		974.109062000
6	1418		974.124878000
6	1418		974.140701000
6	0		974.286103000
6	1418		974.286599000
6	1418		974.294522000
6	1418		974.310352000
6	1418		974.326183000
6	0		974.471651000
6	1418		974.472173000
6	1418		974.480061000
6	1418		974.495901000
6	1418		974.511710000
6	0		974.625138000
6	0		974.658128000
6	1418		974.658573000
6	1418		974.666503000
6	1418		974.682334000
6	1418		974.698159000
6	0		974.844658000
6	1418		974.845122000
6	1418		974.853034000
6	1418		974.868873000
6	1418		974.884706000
6	0		975.030188000
6	1418		975.030669000
6	1418		975.038589000
6	1418		975.054409000
6	1418		975.070226000
6	0		975.190093000
6	0		975.215697000
6	1418		975.216174000
6	1418		975.224095000
6	1418		975.239926000
6	1418		975.255739000
6	0		975.402231000
6	1418		975.402723000
6	1418		975.410648000
6	1418		975.426497000
6	1418		975.442300000
6	0		975.495468000
6	1418		975.495985000
6	1418		975.503897000
6	1418		975.519719000
6	1418		975.535583000
6	0		975.681061000
6	1418		975.681549000
6	1418		975.689456000
6	1418		975.705277000
6	1418		975.721102000
6	0		975.867559000
6	1418		975.868039000
6	1418		975.875963000
6	1418		975.891802000
6	1418		975.907613000
6	0		976.053123000
6	1418		976.053693000
6	1418		976.061613000
6	1418		976.077462000
6	1418		976.093265000
6	0		976.238730000
6	1418		976.239206000
6	1418		976.247129000
6	1418		976.262947000
6	1418		976.278786000
6	0		976.425249000
6	1418		976.425742000
6	1418		976.433687000
6	1418		976.449488000
6	1418		976.465316000
6	0		976.610804000
6	1418		976.611318000
6	1418		976.619233000
6	1418		976.635046000
6	1418		976.650875000
6	0		976.797367000
6	1418		976.797851000
6	1418		976.805758000
6	1418		976.821577000
6	1418		976.837403000
6	0		976.982838000
6	1418		976.983410000
6	1418		976.991275000
6	1418		977.007100000
6	1418		977.022923000
6	0		977.169384000
6	1418		977.169858000
6	1418		977.177777000
6	1418		977.193706000
6	1418		977.209439000
6	0		977.354919000
6	1418		977.355434000
6	1418		977.363353000
6	1418		977.379207000
6	1418		977.395013000
6	0		977.541492000
6	1418		977.541996000
6	1418		977.549920000
6	1418		977.565766000
6	1418		977.581588000
6	0		977.727067000
6	1418		977.727577000
6	1418		977.735485000
6	1418		977.751333000
6	1418		977.767152000
6	0		977.912769000
6	35		977.912794000
6	1418		977.913278000
6	1418		977.921191000
6	0		977.937015000
6	1418		977.937049000
6	1418		977.952828000
6	0		978.099269000
6	1418		978.099757000
6	1418		978.107672000
6	1418		978.123497000
6	1418		978.139317000
6	0		978.284936000
6	1418		978.285383000
6	1418		978.293303000
6	1418		978.309138000
6	1418		978.324969000
6	0		978.471776000
6	1418		978.472301000
6	1418		978.480174000
6	1418		978.496018000
6	0		978.498945000
6	0		978.499001000
6	1418		978.511824000
6	0		978.522141000
6	0		978.538329000
6	12		978.538517000
6	0		978.577776000
6	12		978.577809000
6	0		978.577821000
6	1		978.577981000
6	4		978.578000000
6	32		978.578010000
6	0		978.578024000
6	0		978.617289000
6	0		978.617327000
6	0		978.617331000
6	0		978.617380000
6	0		978.617393000
6	0		978.656673000
6	1418		978.657147000
6	1418		978.665065000
6	1418		978.680904000
6	1418		978.696706000
6	0		978.843265000
6	1418		978.843755000
6	1418		978.851679000
6	1418		978.867511000
6	1418		978.883336000
6	0		979.028940000
6	1418		979.029410000
6	1418		979.037320000
6	1418		979.053155000
6	1418		979.069006000
6	0		979.215527000
6	1418		979.216055000
6	1418		979.223954000
6	1418		979.239790000
6	1418		979.255595000
6	0		979.401150000
6	1418		979.401663000
6	1418		979.409575000
6	1418		979.425408000
6	1418		979.441228000
6	0		979.586804000
6	1418		979.587334000
6	1418		979.595263000
6	1418		979.611083000
6	1418		979.626896000
6	0		979.773551000
6	1418		979.774055000
6	1418		979.781976000
6	211		979.797800000
6	0		979.959345000
6	0		980.052551000
6	0		980.237947000
6	0		980.424362000
6	0		980.609769000
6	0		980.796157000
6	0		980.982508000
6	0		981.168109000
6	0		981.354337000
6	0		981.539819000
6	0		981.726121000
6	0		981.912552000
6	0		982.097950000
6	0		982.284338000
6	0		982.469782000
6	0		982.656185000
6	0		982.749476000
6	0		982.750259000
6	0		982.841696000
6	0		982.934827000
6	0		983.028041000
6	0		983.214420000
6	0		983.320278000
6	0		983.320332000
6	0		983.399864000
6	0		983.493079000
6	0		983.586303000
6	0		983.603497000
6	41		983.610381000
6	0		983.771732000
6	0		983.816030000
6	0		983.816109000
6	0		983.891667000
6	21		983.892687000
6	0		983.892708000
6	1080		983.893633000
6	0		983.900461000
6	41		983.906163000
6	0		983.958164000
6	0		983.990353000
6	21		983.990394000
6	0		983.990405000
6	1080		983.991561000
6	0		984.075633000
6	440		984.075676000
6	0		984.118229000
6	0		984.143690000
6	0		984.175902000
6	440		984.175954000
6	48		984.202323000
6	0		984.202399000
6	280		984.206852000
6	0		984.218231000
6	0		984.290931000
6	16		984.299894000
6	0		984.330118000
6	0		984.342219000
6	52		984.426467000
6	0		984.426502000
6	52		984.426591000
6	48		984.500195000
6	0		984.500237000
6	280		984.504386000
6	100		984.512232000
6	0		984.516531000
6	0		984.554226000
6	0		984.701974000
6	0		984.786303000
6	16		984.830768000
6	0		984.874218000
6	0		984.888417000
6	0		985.073890000
6	52		985.155604000
6	0		985.155642000
6	52		985.155732000
6	0		985.167217000
6	0		985.352906000
6	0		985.352939000
6	0		985.353183000
6	0		985.437676000
6	84		985.437718000
6	0		985.478224000
6	0		985.539682000
6	0		985.657311000
6	0		985.725063000
6	0		985.910991000
6	0		986.097356000
6	0		986.282746000
6	0		986.376061000
6	0		986.376387000
6	0		986.469270000
6	68		986.522528000
6	0		986.561999000
6	0		986.562024000
6	0		986.562029000
6	0		986.562034000
6	0		986.562040000
6	0		986.562593000
6	52		986.606721000
6	0		986.606758000
6	0		986.606780000
6	0		986.607882000
6	0		986.618012000
6	0		986.618065000
6	0		986.654944000
6	0		986.654964000
6	0		986.654968000
6	0		986.654975000
6	0		986.654980000
6	0		986.654984000
6	0		986.654989000
6	0		986.654992000
6	517		986.654997000
6	0		986.657372000
6	12		986.657605000
6	0		986.661455000
6	1396		986.668049000
6	3783		986.668158000
6	0		986.691911000
6	0		986.696863000
6	12		986.696976000
6	0		986.696988000
6	1		986.697280000
6	4		986.697299000
6	32		986.697308000
6	0		986.697318000
6	0		986.736445000
6	0		986.736523000
6	0		986.736673000
6	0		986.736830000
6	0		986.736844000
6	517		986.748209000
6	517		986.748231000
6	0		986.748240000
6	0		986.748246000
6	0		986.748250000
6	0		986.748255000
6	0		986.748259000
6	0		986.748264000
6	0		986.748268000
6	0		986.749109000
6	5672		986.755777000
6	1140		986.755832000
6	0		986.760192000
6	2792		986.761276000
6	2387		986.761296000
6	0		986.841580000
6	0		986.933797000
6	0		987.027006000
6	0		987.027028000
6	0		987.213436000
6	68		987.254190000
6	0		987.306435000
6	0		987.491992000
6	52		987.536084000
6	0		987.536135000
6	0		987.536159000
6	0		987.537925000
6	0		987.678274000
6	0		987.819441000
6	0		987.864080000
6	0		988.050458000
6	0		988.235824000
6	0		988.409712000
6	0		988.421994000
6	0		988.422018000
6	0		988.422278000
6	0		988.515214000
6	0		988.700949000
6	0		988.887644000
6	0		988.887679000
6	517		988.887689000
6	0		988.888139000
6	2792		988.889330000
6	2387		988.889366000
6	0		989.072881000
6	0		989.166118000
6	0		989.178105000
6	0		989.259335000
6	0		989.259368000
6	0		989.444844000
6	0		989.475619000
6	0		989.631140000
6	0		989.817589000
6	0		990.002994000
6	0		990.189422000
6	0		990.189452000
6	0		990.195510000
6	0		990.375179000
6	0		990.561447000
6	0		990.746892000
6	0		990.746923000
6	0		990.933294000
6	0		991.044954000
6	0		991.045012000
6	0		991.119634000
6	0		991.304985000
6	0		991.491393000
6	0		991.676814000
6	0		991.863612000
6	0		991.863634000
6	0		991.863640000
6	517		991.863647000
6	0		991.863959000
6	2836		991.871148000
6	2836		991.871192000
6	1140		991.871207000
6	0		992.049684000
6	0		992.141993000
6	0		992.153978000
6	0		992.235185000
6	0		992.235212000
6	0		992.420759000
6	0		992.441301000
6	0		992.607216000
6	0		992.607237000
6	0		992.700438000
6	0		992.700461000
6	0		992.700700000
6	0		992.793609000
6	0		992.979362000
6	0		992.979399000
6	0		993.164756000
6	0		993.351155000
6	0		993.537537000
6	0		993.722924000
6	0		993.722945000
6	0		993.909354000
6	0		994.094725000
6	0		994.187585000
6	0		994.280946000
6	0		994.467412000
6	0		994.467457000
6	0		994.652791000
6	0		994.738213000
6	0		994.738268000
6	0		994.777446000
6	12		994.777744000
6	0		994.816838000
6	12		994.816875000
6	0		994.816888000
6	1		994.817079000
6	4		994.817099000
6	32		994.817109000
6	0		994.817121000
6	0		994.839181000
6	0		994.839205000
6	0		994.856336000
6	0		994.856382000
6	0		994.856415000
6	0		994.856428000
6	0		995.025598000
6	0		995.117846000
6	0		995.118392000
6	0		995.195121000
6	0		995.211028000
6	0		995.211054000
6	0		995.397130000
6	0		995.397164000
6	0		995.397468000
6	0		995.582936000
6	0		995.704778000
6	0		995.769522000
6	0		995.955652000
6	0		996.140848000
6	0		996.234393000
6	0		996.240479000
6	0		996.326842000
6	0		996.420099000
6	0		996.420129000
6	0		996.420138000
6	0		996.420483000
6	0		996.513311000
6	0		996.666401000
6	0		996.699093000
6	0		996.885157000
6	0		996.978388000
6	0		997.071568000
6	0		997.256996000
6	0		997.443472000
6	0		997.628836000
6	1396		997.665312000
6	0		997.814912000
6	0		998.001235000
6	0		998.187612000
6	0		998.373381000
6	0		998.373407000
6	0		998.373700000
6	0		998.559220000
6	0		998.745602000
6	0		998.931019000
6	0		999.108387000
6	0		999.108427000
6	0		999.117447000
6	0		999.302850000
6	0		999.489453000
6	0		999.674823000
6	0		999.861111000
6	0		1000.047553000
6	0		1000.232989000
6	0		1000.267103000
6	0		1000.416807000
6	0		1000.419556000
6	0		1000.605555000
6	0		1000.790932000
6	0		1000.884081000
6	0		1000.884348000
6	0		1000.977319000
6	0		1001.069784000
6	0		1001.163013000
6	0		1001.349379000
6	0		1001.441746000
6	0		1001.627919000
6	0		1001.814304000
6	0		1001.870485000
6	0		1001.999995000
6	0		1002.186382000
6	0		1002.371780000
6	0		1002.558480000
6	0		1002.651435000
6	0		1002.651728000
6	0		1002.744151000
6	0		1002.837207000
6	0		1002.930484000
6	0		1003.115806000
6	0		1003.302069000
6	0		1003.488475000
6	0		1003.673967000
6	0		1003.860279000
6	0		1004.046672000
6	0		1004.232120000
6	0		1004.418454000
6	0		1004.511676000
6	0		1004.511707000
6	0		1004.524148000
6	0		1004.697469000
6	35		1004.697506000
6	0		1004.698017000
6	0		1004.883460000
6	0		1005.069025000
6	0		1005.255445000
6	0		1005.440847000
6	0		1005.627269000
6	0		1005.812674000
6	0		1005.905989000
6	0		1005.999197000
6	0		1006.060259000
6	0		1006.060319000
6	0		1006.185532000
6	0		1006.371112000
6	0		1006.557478000
6	0		1006.688792000
6	0		1006.742882000
6	0		1006.929514000
6	0		1007.114860000
6	0		1007.208061000
6	0		1007.301270000
6	0		1007.394491000
6	0		1007.486680000
6	0		1007.579881000
6	0		1007.766347000
6	0		1007.858691000
6	0		1008.044850000
6	0		1008.231245000
6	0		1008.417660000
6	0		1008.603159000
6	0		1008.789534000
6	0		1008.975068000
6	0		1009.081330000
6	0		1009.161470000
6	0		1009.347071000
6	0		1009.411847000
6	0		1009.411918000
6	0		1009.533450000
6	0		1009.578290000
6	0		1009.718971000
6	0		1009.905424000
6	0		1009.905454000
6	0		1010.090835000
6	0		1010.277316000
6	0		1010.370493000
6	0		1010.462821000
6	0		1010.470693000
6	0		1010.470752000
6	0		1010.526628000
6	0		1010.649092000
6	0		1010.835512000
6	0		1010.835552000
6	0		1010.835840000
6	0		1010.867065000
6	0		1010.867106000
6	0		1011.021421000
6	0		1011.206851000
6	0		1011.393303000
6	0		1011.424348000
6	0		1011.424408000
6	0		1011.486491000
6	0		1011.578694000
6	0		1011.610630000
6	41		1011.616246000
6	0		1011.765085000
6	0		1011.802189000
6	21		1011.803447000
6	0		1011.803476000
6	1080		1011.804431000
6	0		1011.951728000
6	440		1011.990610000
6	0		1012.034229000
6	0		1012.136968000
6	48		1012.220253000
6	0		1012.220297000
6	280		1012.224979000
6	0		1012.230200000
6	0		1012.323405000
6	16		1012.420164000
6	0		1012.462223000
6	0		1012.508867000
6	52		1012.648173000
6	0		1012.648213000
6	52		1012.648316000
6	0		1012.695279000
6	84		1012.838660000
6	0		1012.881560000
6	0		1012.881705000
6	0		1012.882211000
6	0		1013.067167000
6	0		1013.160398000
6	0		1013.345772000
6	0		1013.532199000
6	0		1013.718628000
6	0		1013.904012000
6	0		1014.090456000
6	0		1014.275922000
6	0		1014.462293000
6	0		1014.647706000
6	0		1014.834112000
6	0		1015.020462000
6	68		1015.029051000
6	0		1015.205905000
6	52		1015.218226000
6	0		1015.218276000
6	0		1015.218295000
6	0		1015.220077000
6	0		1015.392274000
6	0		1015.405964000
6	0		1015.578618000
6	0		1015.763993000
6	0		1015.950411000
6	0		1016.135831000
6	0		1016.322273000
6	0		1016.507751000
6	0		1016.601066000
6	0		1016.601087000
6	0		1016.601092000
6	0		1016.602277000
6	0		1016.613137000
6	0		1016.613362000
6	0		1016.694295000
6	0		1016.770030000
6	0		1016.880546000
6	0		1016.972807000
6	0		1016.973642000
6	0		1016.977419000
6	0		1017.065984000
6	0		1017.207026000
6	0		1017.252202000
6	0		1017.437683000
6	0		1017.624174000
6	0		1017.717482000
6	0		1017.902806000
6	0		1017.996015000
6	0		1018.089243000
6	0		1018.275638000
6	0		1018.461075000
6	0		1018.647475000
6	0		1018.833305000
6	0		1018.833329000
6	0		1018.833881000
6	0		1018.858902000
6	0		1018.858959000
6	0		1018.891685000
6	0		1018.897974000
6	12		1018.898241000
6	0		1018.936992000
6	12		1018.937095000
6	0		1018.937107000
6	1		1018.937211000
6	4		1018.937222000
6	32		1018.937230000
6	0		1018.937240000
6	0		1018.975984000
6	0		1018.976023000
6	0		1018.976028000
6	0		1018.976143000
6	0		1018.976156000
6	0		1019.019199000
6	0		1019.205600000
6	0		1019.296873000
6	0		1019.391423000
6	0		1019.576841000
6	0		1019.763223000
6	0		1019.949600000
6	0		1020.104003000
6	0		1020.228337000
6	0		1020.351631000
6	0		1020.476022000
6	0		1020.600454000
6	0		1020.600476000
6	0		1020.606538000
6	0		1020.724001000
6	0		1020.848304000
6	0		1020.910492000
6	0		1020.971677000
6	0		1021.096053000
6	0		1021.220543000
6	0		1021.343763000
6	0		1021.468061000
6	0		1021.468094000
6	0		1021.592484000
6	0		1021.715799000
6	0		1021.778044000
6	0		1021.778343000
6	0		1021.840259000
6	0		1021.963881000
6	0		1022.026064000
6	0		1022.041747000
6	0		1022.150275000
6	0		1022.274582000
6	0		1022.397918000
6	0		1022.397945000
6	0		1022.522267000
6	0		1022.646630000
6	0		1022.769962000
6	0		1022.894335000
6	73		1022.959728000
6	0		1023.017694000
6	0		1023.142317000
6	0		1023.265658000
6	0		1023.390012000
6	0		1023.514382000
6	0		1023.637788000
6	0		1023.762128000
6	0		1023.886457000
6	0		1024.009814000
6	0		1024.134149000
6	0		1024.258554000
6	0		1024.319736000
6	0		1024.381924000
6	0		1024.506293000
6	0		1024.630634000
6	0		1024.754190000
6	0		1024.878553000
6	0		1025.001699000
6	0		1025.064009000
6	0		1025.126231000
6	0		1025.249702000
6	0		1025.373997000
6	1418		1025.403107000
6	0		1025.436165000
6	0		1025.559685000
6	0		1025.684038000
6	0		1025.808434000
6	0		1025.931806000
6	0		1026.056139000
6	0		1026.180595000
6	0		1026.303955000
6	0		1026.428352000
6	0		1026.551677000
6	0		1026.676090000
6	0		1026.800529000
6	0		1026.924573000
6	0		1026.924605000
6	0		1026.925060000
6	0		1026.978231000
6	0		1026.978286000
6	0		1026.986310000
6	0		1026.986637000
6	0		1027.018142000
6	12		1027.018478000
6	0		1027.048486000
6	0		1027.058377000
6	12		1027.058416000
6	0		1027.058430000
6	1		1027.058607000
6	4		1027.058626000
6	32		1027.058635000
6	0		1027.058648000
6	0		1027.098325000
6	0		1027.098397000
6	0		1027.098424000
6	0		1027.098574000
6	0		1027.098593000
6	0		1027.172553000
6	0		1027.172592000
6	0		1027.173083000
6	0		1027.233433000
6	0		1027.295812000
6	0		1027.420147000
6	0		1027.481310000
6	0		1027.543825000
6	0		1027.668089000
6	0		1027.792748000
6	0		1027.916403000
6	0		1027.916427000
6	0		1027.916884000
6	56		1027.959623000
6	0		1027.959670000
6	0		1028.040318000
6	0		1028.164386000
6	0		1028.164419000
6	0		1028.164858000
6	0		1028.288339000
6	0		1028.411678000
6	0		1028.473788000
6	0		1028.598121000
6	0		1028.722428000
6	0		1028.845875000
6	0		1028.970219000
6	0		1029.094644000
6	0		1029.217993000
6	0		1029.342446000
6	0		1029.465827000
6	0		1029.590210000
6	0		1029.652400000
6	0		1029.713736000
6	0		1029.838048000
6	0		1029.921478000
6	0		1029.962365000
6	0		1029.962391000
6	0		1029.962861000
6	0		1030.085858000
6	0		1030.177289000
6	0		1030.210445000
6	0		1030.210471000
6	0		1030.211022000
6	0		1030.334468000
6	0		1030.457809000
6	0		1030.582839000
6	0		1030.706141000
6	0		1030.830534000
6	0		1030.953865000
6	0		1031.078579000
6	0		1031.201897000
6	0		1031.263655000
6	0		1031.263678000
6	0		1031.263685000
6	0		1031.263689000
6	0		1031.263694000
6	517		1031.263700000
6	39		1031.263704000
6	0		1031.264230000
6	0		1031.264383000
6	2836		1031.271503000
6	3977		1031.271637000
6	0		1031.325859000
6	0		1031.388029000
6	0		1031.450264000
6	0		1031.512439000
6	0		1031.574599000
6	0		1031.635758000
6	0		1031.697963000
6	0		1031.760130000
6	0		1031.822331000
6	0		1031.884482000
6	0		1031.945689000
6	0		1031.945713000
6	0		1032.007922000
6	0		1032.007964000
6	0		1032.070086000
6	0		1032.132254000
6	0		1032.194499000
6	0		1032.255931000
6	0		1032.255958000
6	0		1032.255965000
6	517		1032.255970000
6	0		1032.262104000
6	2792		1032.263090000
6	2387		1032.263135000
6	0		1032.317785000
6	0		1032.380550000
6	0		1032.441868000
6	0		1032.504098000
6	0		1032.565721000
6	0		1032.565750000
6	0		1032.565758000
6	0		1032.565763000
6	0		1032.565768000
6	0		1032.565772000
6	0		1032.565778000
6	517		1032.565782000
6	0		1032.566382000
6	1418		1032.573901000
6	5395		1032.574021000
6	0		1032.628420000
6	0		1032.689861000
6	0		1032.689902000
6	0		1032.689912000
6	0		1032.689923000
6	0		1032.689931000
6	0		1032.689937000
6	0		1032.689942000
6	0		1032.689948000
6	0		1032.689954000
6	0		1032.689960000
6	0		1032.689969000
6	0		1032.689977000
6	0		1032.690509000
6	0		1032.752296000
6	0		1032.752616000
6	0		1032.813889000
6	0		1032.813920000
6	0		1032.813931000
6	0		1032.813937000
6	0		1032.813962000
6	0		1032.813974000
6	0		1032.813994000
6	517		1032.814011000
6	517		1032.814021000
6	0		1032.814492000
6	0		1032.814518000
6	2792		1032.815478000
6	2387		1032.815589000
6	2792		1032.815716000
6	2387		1032.815758000
6	0		1032.876026000
6	0		1032.876054000
6	0		1032.876472000
6	0		1032.876495000
6	0		1032.937827000
6	0		1033.000036000
6	0		1033.053953000
6	0		1033.062246000
6	0		1033.124438000
6	0		1033.180064000
6	0		1033.181187000
6	0		1033.186506000
6	74		1033.186530000
6	92		1033.186540000
6	0		1033.186547000
6	0		1033.186791000
6	910		1033.187120000
6	31		1033.187154000
6	0		1033.247750000
6	0		1033.310522000
6	0		1033.371811000
6	0		1033.371831000
6	64		1033.371841000
6	0		1033.382609000
6	0		1033.433964000
6	0		1033.496162000
6	0		1033.510377000
6	0		1033.510428000
6	0		1033.558313000
6	0		1033.620504000
6	0		1033.681714000
6	0		1033.681741000
6	0		1033.681748000
6	0		1033.743859000
6	0		1033.806064000
6	0		1033.806092000
6	0		1033.806586000
6	0		1033.867845000
6	0		1033.867867000
6	0		1033.868332000
6	0		1033.930614000
6	64		1033.930635000
6	0		1033.936433000
6	1396		1033.991768000
6	0		1033.991800000
6	0		1033.992276000
6	0		1034.053966000
6	0		1034.115787000
6	0		1034.115808000
6	0		1034.115814000
6	0		1034.115820000
6	64		1034.115824000
6	517		1034.115829000
6	517		1034.115833000
6	0		1034.116266000
6	0		1034.116278000
6	0		1034.121342000
6	2836		1034.123606000
6	1418		1034.123641000
6	2836		1034.123661000
6	1418		1034.123672000
6	998		1034.123690000
6	2836		1034.123696000
6	999		1034.123729000
6	0		1034.178066000
6	0		1034.178088000
6	0		1034.178092000
6	0		1034.178099000
6	1418		1034.240203000
6	976		1034.240237000
6	31		1034.240243000
6	0		1034.240524000
6	0		1034.245289000
6	403		1034.249692000
6	31		1034.249725000
6	39		1034.249743000
6	69		1034.262765000
6	100		1034.285834000
6	562		1034.302107000
6	0		1034.302130000
6	0		1034.302563000
6	1396		1034.303537000
6	2211		1034.303645000
6	31		1034.319210000
6	0		1034.364303000
6	0		1034.426561000
6	0		1034.487790000
6	0		1034.550057000
6	0		1034.612134000
6	0		1034.612162000
6	64		1034.612171000
6	92		1034.612179000
6	588		1034.612188000
6	0		1034.612634000
6	608		1034.612900000
6	31		1034.613459000
6	1185		1034.673732000
6	0		1034.673760000
6	0		1034.679138000
6	545		1034.683786000
6	594		1034.683826000
6	39		1034.683832000
6	0		1034.735872000
6	0		1034.798203000
6	64		1034.798236000
6	0		1034.798247000
6	39		1034.798253000
6	608		1034.799136000
6	0		1034.803286000
6	0		1034.860469000
6	0		1034.921769000
6	0		1034.984104000
6	0		1034.984146000
6	0		1034.984158000
6	1396		1035.046258000
6	686		1035.046286000
6	0		1035.046295000
6	31		1035.046300000
6	0		1035.046734000
6	0		1035.052138000
6	0		1035.098896000
6	0		1035.098952000
6	0		1035.108428000
6	39		1035.108452000
6	591		1035.108461000
6	199		1035.108466000
6	0		1035.108471000
6	0		1035.108708000
6	0		1035.108733000
6	0		1035.108855000
6	69		1035.119587000
6	31		1035.120581000
6	39		1035.121510000
6	0		1035.138118000
6	12		1035.138339000
6	0		1035.177304000
6	12		1035.177334000
6	0		1035.177345000
6	1		1035.177485000
6	4		1035.177498000
6	32		1035.177506000
6	0		1035.177517000
6	2792		1035.200399000
6	1396		1035.200455000
6	0		1035.216381000
6	0		1035.216459000
6	0		1035.216473000
6	0		1035.216556000
6	0		1035.216570000
6	1396		1035.219784000
6	0		1035.232052000
6	39		1035.232079000
6	0		1035.237302000
6	1396		1035.239183000
6	1396		1035.258612000
6	1396		1035.278000000
6	0		1035.294353000
6	1396		1035.297376000
6	1396		1035.316790000
6	1396		1035.336197000
6	1396		1035.355565000
6	0		1035.355760000
6	1396		1035.374958000
6	1396		1035.394364000
6	1396		1035.413757000
6	0		1035.417898000
6	1396		1035.433151000
6	1396		1035.452569000
6	1396		1035.471944000
6	0		1035.480167000
6	1396		1035.491333000
6	1396		1035.510744000
6	1396		1035.530139000
6	0		1035.542464000
6	1396		1035.549518000
6	1396		1035.568918000
6	1396		1035.588325000
6	1396		1035.607709000
6	1396		1035.627134000
6	1396		1035.646517000
6	0		1035.665866000
6	1396		1035.665889000
6	1396		1035.685304000
6	1396		1035.704698000
6	1396		1035.724103000
6	1396		1035.743491000
6	1396		1035.762888000
6	1396		1035.782317000
6	0		1035.790512000
6	1396		1035.801682000
6	1396		1035.821063000
6	1396		1035.840471000
6	1396		1035.859870000
6	1396		1035.879269000
6	1396		1035.898700000
6	0		1035.913894000
6	1396		1035.918049000
6	1396		1035.937449000
6	1396		1035.956874000
6	1396		1035.976241000
6	1396		1035.995641000
6	1396		1036.015048000
6	1396		1036.034422000
6	0		1036.038250000
6	1396		1036.053832000
6	1396		1036.073245000
6	1396		1036.092633000
6	1396		1036.112022000
6	1396		1036.131441000
6	1396		1036.150794000
6	0		1036.162196000
6	1396		1036.170226000
6	1396		1036.189637000
6	1396		1036.209079000
6	1396		1036.228396000
6	1396		1036.247776000
6	1396		1036.267181000
6	0		1036.286508000
6	1396		1036.286613000
6	1396		1036.305991000
6	1396		1036.325376000
6	1396		1036.344785000
6	0		1036.410268000
6	1396		1036.410746000
6	1396		1036.420426000
6	0		1036.471723000
6	1396		1036.472193000
6	1396		1036.481883000
6	1396		1036.501257000
6	1396		1036.520769000
6	0		1036.533916000
6	1396		1036.540062000
6	1396		1036.559457000
6	1396		1036.578872000
6	0		1036.596257000
6	1396		1036.598252000
6	1396		1036.617660000
6	1396		1036.637066000
6	0		1036.658415000
6	1396		1036.658868000
6	1396		1036.675854000
6	1396		1036.695239000
6	0		1036.720579000
6	1396		1036.721018000
6	1396		1036.734043000
6	1396		1036.753424000
6	0		1036.781754000
6	1396		1036.782173000
6	1396		1036.792220000
6	1396		1036.811612000
6	0		1036.843933000
6	1396		1036.844378000
6	1396		1036.854047000
6	1396		1036.873454000
6	0		1036.905811000
6	1396		1036.906263000
6	1396		1036.915936000
6	1396		1036.935321000
6	0		1036.967993000
6	1396		1036.968421000
6	1396		1036.978137000
6	1396		1036.997530000
6	0		1037.029810000
6	1396		1037.030234000
6	1396		1037.039965000
6	0		1037.092457000
6	1396		1037.092880000
6	0		1037.216293000
6	1396		1037.216759000
6	1396		1037.226431000
6	0		1037.340056000
6	1396		1037.340481000
6	1396		1037.350188000
6	0		1037.464608000
6	1396		1037.465016000
6	1396		1037.474732000
6	0		1037.588170000
6	1396		1037.588595000
6	1396		1037.598287000
6	0		1037.711740000
6	1396		1037.712196000
6	1396		1037.721894000
6	0		1037.836272000
6	1396		1037.836731000
6	1396		1037.846425000
6	0		1037.959855000
6	1396		1037.960312000
6	1396		1037.969966000
6	0		1038.084377000
6	1396		1038.084863000
6	1396		1038.094553000
6	0		1038.208024000
6	1396		1038.208470000
6	1396		1038.218171000
6	0		1038.332598000
6	1396		1038.333044000
6	1396		1038.342732000
6	0		1038.456187000
6	1396		1038.456669000
6	1396		1038.466341000
6	0		1038.579753000
6	1396		1038.580205000
6	1396		1038.589874000
6	0		1038.704300000
6	1396		1038.704771000
6	1396		1038.714486000
6	1396		1038.733896000
6	1396		1038.753266000
6	0		1038.766501000
6	0		1038.766522000
6	1396		1038.772661000
6	1396		1038.792057000
6	1396		1038.811468000
6	0		1038.827708000
6	1396		1038.830855000
6	1396		1038.850253000
6	1396		1038.869631000
6	1396		1038.889072000
6	0		1038.889916000
6	1396		1038.908449000
6	1396		1038.927840000
6	1396		1038.947241000
6	0		1038.952477000
6	1396		1038.966618000
6	1396		1038.986010000
6	1396		1039.005415000
6	0		1039.013664000
6	1396		1039.024809000
6	1396		1039.044211000
6	1396		1039.063609000
6	0		1039.075849000
6	1396		1039.082991000
6	1396		1039.102381000
6	1396		1039.121799000
6	0		1039.138060000
6	1396		1039.141195000
6	1396		1039.160576000
6	1396		1039.179984000
6	1396		1039.199415000
6	0		1039.199657000
6	1396		1039.218768000
6	1396		1039.238167000
6	1396		1039.257561000
6	0		1039.261840000
6	1396		1039.276972000
6	1396		1039.296379000
6	1396		1039.315778000
6	0		1039.324062000
6	1396		1039.335135000
6	1396		1039.354552000
6	1396		1039.373958000
6	0		1039.386245000
6	1396		1039.393354000
6	1396		1039.412718000
6	1396		1039.432139000
6	0		1039.448454000
6	1396		1039.451515000
6	1396		1039.470923000
6	1396		1039.490299000
6	0		1039.509698000
6	1396		1039.509735000
6	1396		1039.529122000
6	1396		1039.548520000
6	1396		1039.567922000
6	0		1039.572031000
6	1396		1039.587297000
6	1396		1039.606695000
6	1396		1039.626096000
6	0		1039.634362000
6	1396		1039.645497000
6	1396		1039.664896000
6	1396		1039.684279000
6	0		1039.696612000
6	1396		1039.703674000
6	1396		1039.723080000
6	1396		1039.742526000
6	0		1039.757840000
6	1396		1039.761859000
6	1396		1039.781250000
6	1396		1039.800659000
6	0		1039.819928000
6	1396		1039.820043000
6	1396		1039.839472000
6	1396		1039.858839000
6	1396		1039.878249000
6	0		1039.882124000
6	1396		1039.897670000
6	1396		1039.917025000
6	1396		1039.936416000
6	0		1039.943707000
6	0		1039.948376000
6	0		1039.948437000
6	1396		1039.955812000
6	1396		1039.975245000
6	1396		1039.994622000
6	0		1040.005882000
6	1396		1040.014014000
6	1396		1040.033417000
6	1396		1040.052803000
6	0		1040.068097000
6	1396		1040.072209000
6	1396		1040.091607000
6	1396		1040.111004000
6	0		1040.130336000
6	1396		1040.130416000
6	1396		1040.149800000
6	1396		1040.169171000
6	1396		1040.188565000
6	0		1040.191864000
6	0		1040.205438000
6	1396		1040.207963000
6	41		1040.211997000
6	1396		1040.227371000
6	1396		1040.246771000
6	0		1040.254046000
6	1396		1040.266161000
6	1396		1040.285561000
6	1396		1040.304943000
6	0		1040.316170000
6	0		1040.378493000
6	0		1040.439697000
6	0		1040.468739000
6	21		1040.470466000
6	0		1040.470496000
6	1080		1040.471451000
6	0		1040.501733000
6	0		1040.501772000
6	0		1040.563971000
6	0		1040.626156000
6	0		1040.688368000
6	440		1040.733305000
6	0		1040.750568000
6	0		1040.774223000
6	0		1040.811778000
6	0		1040.873961000
6	0		1040.936128000
6	0		1040.998331000
6	48		1041.030947000
6	0		1041.030987000
6	280		1041.035253000
6	0		1041.060524000
6	0		1041.121703000
6	0		1041.183779000
6	0		1041.245992000
6	16		1041.296311000
6	0		1041.308186000
6	0		1041.338230000
6	0		1041.370399000
6	0		1041.384248000
6	0		1041.384318000
6	0		1041.432601000
6	0		1041.493787000
6	0		1041.555992000
6	52		1041.594982000
6	0		1041.595025000
6	52		1041.595127000
6	0		1041.618107000
6	0		1041.680302000
6	0		1041.742496000
6	0		1041.803676000
6	84		1041.853556000
6	0		1041.865756000
6	0		1041.894229000
6	0		1041.927949000
6	0		1041.990127000
6	0		1042.046661000
6	0		1042.046720000
6	0		1042.052295000
6	0		1042.114482000
6	0		1042.175678000
6	0		1042.237853000
6	0		1042.300515000
6	0		1042.424468000
6	0		1042.485651000
6	0		1042.547802000
6	0		1042.609997000
6	0		1042.672199000
6	0		1042.734370000
6	0		1042.796570000
6	0		1042.857764000
6	0		1042.919909000
6	0		1042.982114000
6	0		1043.044316000
6	0		1043.106492000
6	0		1043.167648000
6	0		1043.229770000
6	0		1043.291961000
6	0		1043.354128000
6	0		1043.416311000
6	0		1043.478498000
6	0		1043.539681000
6	0		1043.601772000
6	0		1043.663984000
6	0		1043.726196000
6	0		1043.788385000
6	0		1043.850579000
6	0		1043.911766000
6	0		1043.973909000
6	0		1043.973929000
6	0		1044.036102000
6	0		1044.098291000
6	0		1044.160477000
6	0		1044.221662000
6	0		1044.283735000
6	0		1044.345923000
6	68		1044.358373000
6	0		1044.408097000
6	0		1044.470287000
6	0		1044.532486000
6	0		1044.593685000
6	52		1044.615511000
6	0		1044.615557000
6	0		1044.615617000
6	0		1044.617114000
6	0		1044.655869000
6	0		1044.718024000
6	0		1044.780236000
6	0		1044.842422000
6	0		1044.873748000
6	0		1044.904635000
6	0		1044.965830000
6	0		1045.028038000
6	0		1045.090240000
6	0		1045.152344000
6	0		1045.214530000
6	0		1045.275707000
6	0		1045.337756000
6	0		1045.399943000
6	0		1045.462140000
6	0		1045.524380000
6	0		1045.586547000
6	0		1045.647732000
6	0		1045.710404000
6	0		1045.710427000
6	0		1045.834257000
6	0		1045.958568000
6	0		1046.081890000
6	0		1046.206257000
6	0		1046.255383000
6	0		1046.255458000
6	0		1046.329677000
6	1396		1046.330144000
6	1396		1046.339829000
6	1396		1046.359236000
6	1396		1046.378653000
6	0		1046.454108000
6	1396		1046.454559000
6	1396		1046.464243000
6	1396		1046.483668000
6	0		1046.484940000
6	41		1046.490790000
6	1396		1046.503029000
6	0		1046.578464000
6	1396		1046.578951000
6	1396		1046.588654000
6	1396		1046.608058000
6	1396		1046.627472000
6	0		1046.701894000
6	1396		1046.702378000
6	1396		1046.712047000
6	0		1046.720086000
6	21		1046.720135000
6	0		1046.720158000
6	1080		1046.721232000
6	1396		1046.731453000
6	1396		1046.750825000
6	0		1046.826257000
6	1396		1046.826715000
6	1396		1046.836405000
6	1396		1046.855834000
6	1396		1046.875213000
6	0		1046.949674000
6	1396		1046.950143000
6	440		1046.951189000
6	1396		1046.959837000
6	1396		1046.979233000
6	0		1046.994233000
6	1396		1046.998633000
6	0		1047.074081000
6	1396		1047.074546000
6	1396		1047.084223000
6	1396		1047.103641000
6	1396		1047.123045000
6	0		1047.198519000
6	1396		1047.198996000
6	1396		1047.208695000
6	48		1047.223799000
6	0		1047.223847000
6	1396		1047.228083000
6	280		1047.230113000
6	1396		1047.247502000
6	0		1047.321920000
6	1396		1047.322360000
6	1396		1047.332059000
6	1396		1047.351461000
6	1396		1047.370858000
6	0		1047.446305000
6	1396		1047.446752000
6	1396		1047.456445000
6	16		1047.466817000
6	1396		1047.475848000
6	1396		1047.495250000
6	0		1047.508503000
6	0		1047.510209000
6	1396		1047.514622000
6	1396		1047.534019000
6	1396		1047.553430000
6	1396		1047.572819000
6	1396		1047.592226000
6	1396		1047.611615000
6	1396		1047.631023000
6	0		1047.631868000
6	1396		1047.650407000
6	1396		1047.669806000
6	1396		1047.689208000
6	1396		1047.708606000
6	1396		1047.727991000
6	52		1047.740724000
6	0		1047.740770000
6	52		1047.740900000
6	1396		1047.747407000
6	0		1047.756643000
6	1396		1047.766780000
6	1396		1047.786193000
6	1396		1047.805609000
6	1396		1047.824968000
6	1396		1047.844371000
6	1396		1047.863766000
6	0		1047.880014000
6	1396		1047.883153000
6	1396		1047.902550000
6	1396		1047.921958000
6	1396		1047.941388000
6	1396		1047.960771000
6	100		1047.970676000
6	1396		1047.980155000
6	1396		1047.999549000
6	0		1048.003746000
6	0		1048.014219000
6	1396		1048.018922000
6	1396		1048.038339000
6	1396		1048.057746000
6	1396		1048.077134000
6	1396		1048.096519000
6	1396		1048.115923000
6	0		1048.128367000
6	1396		1048.135320000
6	1396		1048.154735000
6	1396		1048.174095000
6	1396		1048.193517000
6	903		1048.212891000
6	0		1048.252543000
6	0		1048.376488000
6	0		1048.499840000
6	0		1048.624195000
6	0		1048.748494000
6	0		1048.871877000
6	0		1048.996196000
6	0		1049.120528000
6	0		1049.181808000
6	0		1049.306106000
6	0		1049.430417000
6	0		1049.553790000
6	0		1049.678215000
6	0		1049.802524000
6	0		1049.925862000
6	68		1049.965331000
6	0		1050.050198000
6	0		1050.174497000
6	52		1050.196749000
6	0		1050.196792000
6	0		1050.196811000
6	0		1050.198480000
6	0		1050.297877000
6	0		1050.422075000
6	0		1050.427584000
6	0		1050.546387000
6	0		1050.669717000
6	0		1050.794051000
6	0		1050.918376000
6	0		1050.980582000
6	0		1051.103892000
6	0		1051.228261000
6	0		1051.352598000
6	0		1051.406265000
6	0		1051.406344000
6	0		1051.475959000
6	0		1051.556556000
6	41		1051.562107000
6	0		1051.600224000
6	0		1051.704595000
6	21		1051.705318000
6	0		1051.705335000
6	1080		1051.706343000
6	0		1051.724567000
6	0		1051.847856000
6	440		1051.848976000
6	0		1051.890232000
6	0		1051.972193000
6	0		1052.034095000
6	48		1052.042903000
6	0		1052.042951000
6	280		1052.048390000
6	1396		1052.096283000
6	562		1052.096315000
6	0		1052.096706000
6	1396		1052.098008000
6	1396		1052.116127000
6	1396		1052.135517000
6	1396		1052.154912000
6	1396		1052.174327000
6	1396		1052.193709000
6	1396		1052.213089000
6	16		1052.215336000
6	1396		1052.232503000
6	1396		1052.251883000
6	0		1052.258243000
6	1396		1052.271308000
6	0		1052.282588000
6	1396		1052.290690000
6	1396		1052.310102000
6	1396		1052.329497000
6	1396		1052.348864000
6	1396		1052.368258000
6	52		1052.378957000
6	0		1052.379001000
6	52		1052.379114000
6	1396		1052.387667000
6	0		1052.405928000
6	1396		1052.407113000
6	1396		1052.426475000
6	1396		1052.445868000
6	1396		1052.465259000
6	1396		1052.484631000
6	1396		1052.504052000
6	84		1052.513736000
6	1396		1052.523457000
6	0		1052.529682000
6	1396		1052.542843000
6	0		1052.554220000
6	1396		1052.562239000
6	1396		1052.581652000
6	1396		1052.601061000
6	1396		1052.620424000
6	1396		1052.639830000
6	0		1052.654081000
6	1396		1052.659204000
6	1396		1052.678622000
6	1396		1052.698013000
6	1396		1052.717400000
6	1396		1052.736795000
6	1396		1052.756205000
6	1396		1052.775581000
6	0		1052.778406000
6	1396		1052.794978000
6	1396		1052.814391000
6	1396		1052.833819000
6	1396		1052.853179000
6	1396		1052.872577000
6	1396		1052.891985000
6	0		1052.902306000
6	1396		1052.911361000
6	1396		1052.930767000
6	1396		1052.950166000
6	1396		1052.969552000
6	1396		1052.988949000
6	1396		1053.008357000
6	0		1053.026635000
6	1396		1053.027744000
6	1396		1053.047157000
6	1396		1053.066543000
6	0		1053.149976000
6	0		1053.274326000
6	0		1053.397660000
6	0		1053.521997000
6	0		1053.646324000
6	0		1053.769734000
6	0		1053.894054000
6	0		1053.956303000
6	0		1053.968734000
6	0		1053.968781000
6	0		1054.080557000
6	0		1054.090785000
6	0		1054.203930000
6	0		1054.328341000
6	0		1054.451643000
6	0		1054.575987000
6	0		1054.700278000
6	1396		1054.700771000
6	0		1054.824198000
6	1396		1054.824644000
6	68		1054.861076000
6	0		1054.948100000
6	1396		1054.960230000
6	52		1054.990815000
6	0		1054.990858000
6	0		1054.991514000
6	0		1054.992256000
6	0		1055.071636000
6	1396		1055.133219000
6	0		1055.143320000
6	0		1055.196615000
6	1396		1055.306209000
6	0		1055.319926000
6	0		1055.443824000
6	1396		1055.479206000
6	1396		1055.538680000
6	0		1055.567683000
6	1396		1055.598137000
6	1396		1055.657596000
6	0		1055.692023000
6	1396		1055.717054000
6	0		1055.754249000
6	1396		1055.776530000
6	1396		1055.835969000
6	0		1055.878057000
6	1396		1055.895440000
6	1396		1055.954889000
6	0		1056.001937000
6	1396		1056.014357000
6	1396		1056.061933000
6	1396		1056.109516000
6	0		1056.126341000
6	1396		1056.157113000
6	1396		1056.204660000
6	0		1056.250540000
6	1396		1056.252211000
6	1396		1056.299769000
6	1396		1056.347352000
6	0		1056.374259000
6	1396		1056.426675000
6	1396		1056.486097000
6	0		1056.498144000
6	1396		1056.545582000
6	1396		1056.605028000
6	0		1056.622104000
6	1396		1056.664501000
6	1396		1056.723958000
6	0		1056.745978000
6	1396		1056.783412000
6	1396		1056.842904000
6	0		1056.869857000
6	1396		1056.902343000
6	1396		1056.961816000
6	0		1056.993805000
6	1396		1057.021283000
6	1396		1057.080761000
6	0		1057.117691000
6	1396		1057.140205000
6	1396		1057.188092000
6	1396		1057.236003000
6	0		1057.241671000
6	1396		1057.283894000
6	0		1057.366297000
6	1396		1057.366849000
6	1396		1057.396809000
6	0		1057.490326000
6	1396		1057.490811000
6	1396		1057.520736000
6	0		1057.614159000
6	1396		1057.614608000
6	1396		1057.644569000
6	0		1057.738041000
6	1396		1057.738479000
6	1396		1057.768417000
6	0		1057.800360000
6	1396		1057.828307000
6	1396		1057.888227000
6	0		1057.923736000
6	1396		1057.948083000
6	1396		1058.007973000
6	0		1058.048511000
6	1396		1058.067835000
6	1396		1058.130392000
6	0		1058.172403000
6	1396		1058.192926000
6	1396		1058.242944000
6	1194		1058.292990000
6	0		1058.296314000
6	1396		1058.358467000
6	563		1058.358493000
6	0		1058.358960000
6	2792		1058.359736000
6	1396		1058.359817000
6	1396		1058.359836000
6	1396		1058.359871000
6	1396		1058.359890000
6	1396		1058.379092000
6	1396		1058.398217000
6	1396		1058.417333000
6	0		1058.419681000
6	1396		1058.436493000
6	1396		1058.455671000
6	1396		1058.474784000
6	1396		1058.493921000
6	1396		1058.513043000
6	1396		1058.532206000
6	0		1058.544221000
6	1396		1058.551369000
6	1396		1058.570482000
6	1396		1058.589647000
6	0		1058.605957000
6	1396		1058.608769000
6	1396		1058.627929000
6	1396		1058.647084000
6	1396		1058.666209000
6	0		1058.668110000
6	1396		1058.685338000
6	1396		1058.704485000
6	1396		1058.723641000
6	0		1058.730040000
6	1396		1058.742776000
6	1396		1058.761919000
6	1396		1058.781070000
6	0		1058.792238000
6	1396		1058.800199000
6	1396		1058.819340000
6	1396		1058.838502000
6	0		1058.853830000
6	1396		1058.857654000
6	1396		1058.876794000
6	1396		1058.895935000
6	1396		1058.915071000
6	0		1058.915992000
6	1396		1058.934216000
6	1396		1058.953363000
6	1396		1058.972491000
6	0		1058.977871000
6	1396		1058.991627000
6	1396		1059.010786000
6	1396		1059.029920000
6	0		1059.040069000
6	1396		1059.049070000
6	1396		1059.068185000
6	1396		1059.087345000
6	0		1059.102357000
6	1396		1059.106489000
6	1396		1059.125634000
6	1396		1059.144776000
6	1396		1059.163941000
6	0		1059.164170000
6	1396		1059.183071000
6	1396		1059.202211000
6	1396		1059.221335000
6	0		1059.226383000
6	1396		1059.240503000
6	1396		1059.259624000
6	1396		1059.278787000
6	0		1059.287763000
6	1396		1059.297936000
6	1396		1059.317067000
6	1396		1059.336186000
6	0		1059.350461000
6	1396		1059.355332000
6	0		1059.374688000
6	0		1059.374737000
6	0		1059.411674000
6	0		1059.411706000
6	1396		1059.412122000
6	1396		1059.421679000
6	0		1059.474585000
6	1396		1059.475104000
6	0		1059.536469000
6	1396		1059.536907000
6	0		1059.660316000
6	1396		1059.660731000
6	1396		1059.670299000
6	0		1059.722507000
6	1396		1059.722937000
6	1396		1059.732526000
6	1396		1059.751643000
6	1396		1059.770794000
6	0		1059.783681000
6	1396		1059.789939000
6	1396		1059.809097000
6	1396		1059.828249000
6	0		1059.846224000
6	1396		1059.847359000
6	1396		1059.866502000
6	1396		1059.885658000
6	0		1059.907704000
6	1396		1059.908159000
6	1396		1059.923938000
6	1396		1059.943095000
6	0		1059.970077000
6	1396		1059.970516000
6	1396		1059.981377000
6	1396		1060.000495000
6	0		1060.031837000
6	1396		1060.032253000
6	1396		1060.041837000
6	1396		1060.060978000
6	0		1060.094005000
6	1396		1060.094429000
6	1396		1060.104003000
6	1396		1060.123170000
6	0		1060.156427000
6	1396		1060.156870000
6	1396		1060.166427000
6	1396		1060.185593000
6	0		1060.217646000
6	1396		1060.218069000
6	1396		1060.227642000
6	1396		1060.246812000
6	0		1060.280023000
6	1396		1060.280513000
6	1396		1060.290088000
6	1396		1060.309223000
6	0		1060.342273000
6	1396		1060.342762000
6	1396		1060.352292000
6	1396		1060.371473000
6	0		1060.403673000
6	1396		1060.404134000
6	1396		1060.413715000
6	1396		1060.432838000
6	0		1060.465893000
6	1396		1060.466343000
6	1396		1060.475892000
6	1396		1060.495409000
6	0		1060.527782000
6	1396		1060.528233000
6	1396		1060.537782000
6	1229		1060.556920000
6	0		1060.589964000
6	0		1060.652303000
6	0		1060.714498000
6	0		1060.775687000
6	0		1060.837859000
6	0		1060.899993000
6	0		1060.962203000
6	0		1061.024403000
6	0		1061.086548000
6	0		1061.086576000
6	0		1061.147742000
6	0		1061.209829000
6	0		1061.272035000
6	0		1061.334244000
6	0		1061.396429000
6	0		1061.458595000
6	0		1061.519731000
6	0		1061.644038000
6	0		1061.768378000
6	0		1061.891785000
6	0		1062.016115000
6	0		1062.140576000
6	0		1062.177114000
6	0		1062.177191000
6	0		1062.263937000
6	0		1062.326137000
6	0		1062.388325000
6	0		1062.450484000
6	0		1062.476410000
6	41		1062.484009000
6	0		1062.511666000
6	0		1062.573780000
6	0		1062.636201000
6	0		1062.698296000
6	0		1062.760496000
6	0		1062.780984000
6	21		1062.784280000
6	0		1062.784325000
6	1080		1062.785265000
6	0		1062.821686000
6	0		1062.821710000
6	0		1062.883724000
6	0		1062.945909000
6	0		1063.008099000
6	0		1063.070288000
6	0		1063.082537000
6	440		1063.084702000
6	0		1063.126235000
6	0		1063.132466000
6	0		1063.193670000
6	0		1063.255783000
6	0		1063.317938000
6	0		1063.380114000
6	48		1063.424440000
6	0		1063.424477000
6	280		1063.428394000
6	0		1063.442295000
6	0		1063.504500000
6	0		1063.565703000
6	0		1063.627798000
6	0		1063.689995000
6	0		1063.725612000
6	16		1063.733485000
6	0		1063.752415000
6	0		1063.774221000
6	0		1063.814419000
6	0		1063.876609000
6	0		1063.937787000
6	0		1063.999973000
6	0		1064.062144000
6	52		1064.071660000
6	0		1064.071706000
6	52		1064.071802000
6	0		1064.124295000
6	0		1064.186447000
6	0		1064.248653000
6	0		1064.309846000
6	84		1064.369041000
6	0		1064.372853000
6	0		1064.410237000
6	0		1064.434031000
6	0		1064.496515000
6	0		1064.557703000
6	0		1064.557726000
6	0		1064.619815000
6	0		1064.681997000
6	0		1064.744213000
6	0		1064.806426000
6	0		1064.868697000
6	0		1064.930421000
6	1396		1064.992596000
6	688		1064.992622000
6	0		1064.993086000
6	1396		1064.993920000
6	1396		1065.012213000
6	1396		1065.031363000
6	1396		1065.050497000
6	695		1065.053739000
6	39		1065.053770000
6	0		1065.054572000
6	0		1065.054607000
6	39		1065.054692000
6	69		1065.064601000
6	31		1065.064864000
6	39		1065.065144000
6	1396		1065.069631000
6	1396		1065.088797000
6	1396		1065.107946000
6	1396		1065.127068000
6	1396		1065.146258000
6	1396		1065.165368000
6	0		1065.178421000
6	1396		1065.184497000
6	1396		1065.203638000
6	1396		1065.222798000
6	0		1065.240404000
6	1396		1065.241927000
6	1396		1065.261064000
6	1396		1065.280241000
6	1396		1065.299365000
6	0		1065.301801000
6	1396		1065.318488000
6	1396		1065.337633000
6	1396		1065.356790000
6	0		1065.364227000
6	39		1065.364251000
6	0		1065.369279000
6	1396		1065.375939000
6	1396		1065.395085000
6	1396		1065.414210000
6	1396		1065.433338000
6	1396		1065.452502000
6	1396		1065.471658000
6	0		1065.487712000
6	1396		1065.490762000
6	1396		1065.509924000
6	1396		1065.529101000
6	1396		1065.548232000
6	1396		1065.567341000
6	1396		1065.586489000
6	1396		1065.605636000
6	0		1065.611728000
6	1396		1065.624794000
6	1396		1065.643930000
6	1396		1065.663069000
6	1396		1065.682212000
6	1396		1065.701344000
6	1396		1065.720487000
6	0		1065.735808000
6	1396		1065.739647000
6	1396		1065.758786000
6	1396		1065.777940000
6	1396		1065.797080000
6	0		1065.797955000
6	1396		1065.816219000
6	1396		1065.835382000
6	1396		1065.854501000
6	1396		1065.873641000
6	1396		1065.892795000
6	1396		1065.911934000
6	0		1065.922254000
6	1396		1065.931088000
6	1396		1065.950207000
6	1396		1065.969375000
6	1396		1065.988498000
6	1396		1066.007665000
6	1396		1066.026838000
6	0		1066.045857000
6	1396		1066.045938000
6	0		1066.059042000
6	0		1066.059091000
6	1396		1066.065092000
6	1396		1066.084223000
6	1396		1066.103377000
6	1396		1066.122503000
6	1396		1066.141637000
6	1396		1066.160798000
6	0		1066.169890000
6	1396		1066.179929000
6	1396		1066.199075000
6	1396		1066.218217000
6	1396		1066.237368000
6	1396		1066.256499000
6	1396		1066.275639000
6	0		1066.293677000
6	1396		1066.294776000
6	1396		1066.313929000
6	1396		1066.333054000
6	1396		1066.352198000
6	1396		1066.371337000
6	1396		1066.390493000
6	1396		1066.409724000
6	0		1066.417660000
6	1396		1066.428816000
6	1396		1066.447933000
6	1396		1066.467217000
6	1396		1066.486206000
6	1396		1066.505365000
6	1396		1066.524595000
6	0		1066.542238000
6	1396		1066.543656000
6	1396		1066.562777000
6	1396		1066.581912000
6	1396		1066.601074000
6	1396		1066.620216000
6	1396		1066.639370000
6	1396		1066.658482000
6	0		1066.666451000
6	1396		1066.677635000
6	1396		1066.696788000
6	68		1066.699560000
6	1396		1066.715918000
6	1396		1066.735050000
6	1396		1066.754225000
6	0		1066.773186000
6	0		1066.773251000
6	1396		1066.773352000
6	0		1066.790351000
6	1396		1066.792488000
6	1396		1066.811616000
6	1396		1066.830817000
6	1396		1066.849916000
6	1396		1066.869066000
6	1396		1066.888215000
6	1396		1066.907365000
6	0		1066.914247000
6	237		1066.926499000
6	52		1066.996595000
6	0		1066.996638000
6	0		1066.997678000
6	0		1066.998487000
6	0		1067.037936000
6	0		1067.162366000
6	0		1067.221026000
6	0		1067.221098000
6	0		1067.260420000
6	12		1067.260726000
6	0		1067.285706000
6	0		1067.296834000
6	0		1067.299692000
6	12		1067.299910000
6	0		1067.299921000
6	1		1067.300089000
6	4		1067.300113000
6	32		1067.300123000
6	0		1067.300136000
6	0		1067.339074000
6	0		1067.339118000
6	0		1067.339124000
6	0		1067.339226000
6	0		1067.339277000
6	0		1067.410103000
6	0		1067.475071000
6	0		1067.475127000
6	0		1067.534417000
6	0		1067.596604000
6	0		1067.720655000
6	0		1067.843988000
6	0		1067.968443000
6	0		1068.091786000
6	0		1068.216095000
6	0		1068.218653000
6	0		1068.218717000
6	0		1068.231900000
6	41		1068.239514000
6	0		1068.252379000
6	21		1068.252416000
6	0		1068.252432000
6	1080		1068.253567000
6	440		1068.266484000
6	0		1068.310234000
6	48		1068.323109000
6	0		1068.323146000
6	280		1068.327358000
6	0		1068.340544000
6	16		1068.346317000
6	0		1068.390229000
6	52		1068.403351000
6	0		1068.403382000
6	52		1068.403505000
6	100		1068.416340000
6	0		1068.458233000
6	0		1068.463869000
6	0		1068.588149000
6	0		1068.711890000
6	0		1068.836011000
6	0		1068.960344000
6	0		1069.083836000
6	0		1069.208040000
6	0		1069.270238000
6	0		1069.394545000
6	0		1069.517847000
6	0		1069.642251000
6	0		1069.766536000
6	0		1069.889889000
6	0		1070.014312000
6	0		1070.138120000
6	0		1070.262136000
6	68		1070.294689000
6	52		1070.309933000
6	0		1070.309974000
6	0		1070.309996000
6	0		1070.311347000
6	0		1070.324162000
6	0		1070.386069000
6	1396		1070.448285000
6	688		1070.448315000
6	0		1070.448811000
6	1396		1070.449747000
6	0		1070.509747000
6	1396		1070.511107000
6	1396		1070.573438000
6	0		1070.635007000
6	1396		1070.635710000
6	1396		1070.698046000
6	0		1070.758156000
6	0		1070.881940000
6	439		1070.881966000
6	0		1070.882243000
6	1107		1070.944154000
6	0		1070.944441000
6	139		1070.956769000
6	62		1070.957371000
6	70		1070.957932000
6	0		1071.005744000
6	0		1071.068462000
6	0		1071.155096000
6	0		1071.155137000
6	0		1071.191760000
6	0		1071.316057000
6	1396		1071.316549000
6	1396		1071.347694000
6	1396		1071.409970000
6	0		1071.440185000
6	1396		1071.472295000
6	0		1071.502493000
6	39		1071.502523000
6	0		1071.502532000
6	0		1071.507288000
6	1396		1071.534577000
6	0		1071.564452000
6	1396		1071.596917000
6	1396		1071.659194000
6	0		1071.688362000
6	1396		1071.721535000
6	1396		1071.783801000
6	0		1071.811993000
6	1396		1071.846148000
6	1396		1071.908431000
6	0		1071.936563000
6	1396		1071.970748000
6	1396		1072.033022000
6	0		1072.060281000
6	1396		1072.095342000
6	1396		1072.157657000
6	0		1072.183768000
6	1396		1072.219953000
6	0		1072.246023000
6	1396		1072.282276000
6	1396		1072.344558000
6	0		1072.369719000
6	1396		1072.406863000
6	1396		1072.461883000
6	0		1072.494301000
6	1396		1072.516911000
6	1396		1072.571928000
6	0		1072.618406000
6	1396		1072.626951000
6	1396		1072.681971000
6	1396		1072.736994000
6	0		1072.742438000
6	1396		1072.781042000
6	1396		1072.825041000
6	0		1072.866470000
6	1396		1072.869034000
6	1396		1072.913069000
6	1396		1072.957092000
6	0		1072.990514000
6	1396		1073.030469000
6	1396		1073.103834000
6	0		1073.113896000
6	1396		1073.177170000
6	0		1073.238452000
6	1396		1073.250537000
6	1396		1073.323925000
6	0		1073.361963000
6	1396		1073.378930000
6	1396		1073.433957000
6	0		1073.486436000
6	1396		1073.488982000
6	1396		1073.544035000
6	1396		1073.599070000
6	0		1073.609655000
6	1396		1073.654062000
6	1396		1073.709081000
6	0		1073.734636000
6	1396		1073.764104000
6	1396		1073.819132000
6	0		1073.857677000
6	1396		1073.874166000
6	0		1073.919713000
6	1396		1073.929178000
6	1396		1073.984188000
6	1396		1074.038897000
6	0		1074.044596000
6	1396		1074.093527000
6	1396		1074.148226000
6	0		1074.167985000
6	1396		1074.202865000
6	1396		1074.257550000
6	0		1074.292375000
6	1396		1074.312221000
6	1396		1074.366871000
6	0		1074.415708000
6	1396		1074.421554000
6	1396		1074.476236000
6	1396		1074.530880000
6	0		1074.539718000
6	1396		1074.585538000
6	1396		1074.640225000
6	0		1074.663997000
6	1396		1074.694902000
6	1396		1074.749565000
6	0		1074.788334000
6	1396		1074.793295000
6	1396		1074.837028000
6	1396		1074.880760000
6	0		1074.912421000
6	1396		1074.924499000
6	1396		1074.968219000
6	0		1075.035671000
6	1396		1075.036131000
6	1396		1075.084840000
6	0		1075.160347000
6	1396		1075.160819000
6	1396		1075.212401000
6	0		1075.283840000
6	1396		1075.284263000
6	1396		1075.321906000
6	0		1075.341002000
6	0		1075.341070000
6	0		1075.380740000
6	12		1075.380986000
6	0		1075.408365000
6	1396		1075.408803000
6	0		1075.420579000
6	12		1075.420628000
6	0		1075.420643000
6	1		1075.420819000
6	4		1075.420838000
6	32		1075.420848000
6	0		1075.420859000
6	1396		1075.436138000
6	0		1075.460433000
6	0		1075.460471000
6	0		1075.460514000
6	0		1075.460528000
6	0		1075.532561000
6	1396		1075.533068000
6	1396		1075.560375000
6	0		1075.655860000
6	1396		1075.656333000
6	1396		1075.683695000
6	0		1075.717996000
6	1396		1075.738337000
6	0		1075.754711000
6	0		1075.754776000
6	1396		1075.793006000
6	0		1075.841765000
6	1396		1075.847668000
6	1396		1075.902363000
6	0		1075.965855000
6	1396		1075.966300000
6	1396		1076.011712000
6	0		1076.042741000
6	41		1076.050331000
6	0		1076.090257000
6	1396		1076.090733000
6	1396		1076.121023000
6	0		1076.214497000
6	1396		1076.214973000
6	1396		1076.242333000
6	0		1076.256486000
6	21		1076.297469000
6	0		1076.297508000
6	1080		1076.298621000
6	0		1076.337802000
6	1396		1076.338268000
6	1396		1076.365618000
6	0		1076.462047000
6	1396		1076.462537000
6	1396		1076.489864000
6	0		1076.586299000
6	1396		1076.586743000
6	1396		1076.614096000
6	0		1076.710611000
6	1396		1076.711073000
6	1396		1076.732922000
6	0		1076.764216000
6	1396		1076.776668000
6	440		1076.792218000
6	1396		1076.820436000
6	0		1076.834210000
6	0		1076.834277000
6	1396		1076.864147000
6	1396		1076.907884000
6	0		1076.957678000
6	0		1077.082538000
6	1396		1077.082971000
6	1396		1077.119435000
6	0		1077.205950000
6	1396		1077.206416000
6	1396		1077.247020000
6	48		1077.271477000
6	0		1077.271524000
6	280		1077.277977000
6	0		1077.330447000
6	1396		1077.330909000
6	1396		1077.358261000
6	0		1077.392636000
6	1396		1077.412908000
6	1396		1077.467575000
6	0		1077.516329000
6	1396		1077.522243000
6	1396		1077.576952000
6	0		1077.600445000
6	0		1077.640430000
6	16		1077.691699000
6	0		1077.734218000
6	0		1077.763722000
6	0		1077.888166000
6	1396		1077.888655000
6	0		1078.012078000
6	1396		1078.012532000
6	1396		1078.039858000
6	0		1078.136313000
6	1396		1078.136802000
6	1396		1078.164123000
6	52		1078.189961000
6	0		1078.190004000
6	52		1078.190081000
6	1396		1078.218797000
6	0		1078.260559000
6	1396		1078.273469000
6	1396		1078.328133000
6	1396		1078.382786000
6	0		1078.383845000
6	1396		1078.437460000
6	0		1078.445818000
6	0		1078.446298000
6	1396		1078.492141000
6	0		1078.508032000
6	0		1078.541745000
6	84		1078.541929000
6	1396		1078.546801000
6	0		1078.582212000
6	1396		1078.601481000
6	0		1078.632020000
6	1396		1078.656153000
6	1396		1078.710827000
6	0		1078.756590000
6	519		1078.765482000
6	0		1078.879963000
6	0		1079.004083000
6	0		1079.004109000
6	1396		1079.066270000
6	688		1079.066314000
6	0		1079.066787000
6	1396		1079.067603000
6	1396		1079.121970000
6	1396		1079.177176000
6	0		1079.190489000
6	0		1079.196560000
6	1396		1079.232406000
6	0		1079.251694000
6	1396		1079.287578000
6	1396		1079.342792000
6	0		1079.376067000
6	1396		1079.397989000
6	1396		1079.453175000
6	0		1079.500425000
6	0		1079.500458000
6	1396		1079.508389000
6	1396		1079.563579000
6	1396		1079.618794000
6	0		1079.623924000
6	1396		1079.673999000
6	1396		1079.729183000
6	0		1079.748477000
6	1396		1079.784379000
6	1396		1079.839602000
6	0		1079.871905000
6	1396		1079.894803000
6	1396		1079.949977000
6	0		1079.996275000
6	1396		1080.005196000
6	1396		1080.060393000
6	0		1080.103692000
6	1396		1080.115590000
6	1396		1080.170788000
6	0		1080.195997000
6	1396		1080.226019000
6	1396		1080.281216000
6	0		1080.288541000
6	1396		1080.336424000
6	0		1080.379839000
6	1396		1080.391635000
6	1396		1080.446815000
6	0		1080.472648000
6	0		1080.472681000
6	0		1080.472691000
6	0		1080.473768000
6	0		1080.473928000
6	1396		1080.502014000
6	1396		1080.546181000
6	0		1080.564521000
6	1396		1080.590338000
6	1396		1080.634488000
6	0		1080.655905000
6	1396		1080.678683000
6	1396		1080.722819000
6	0		1080.748251000
6	1396		1080.766983000
6	68		1080.789710000
6	1396		1080.811298000
6	0		1080.840555000
6	1396		1080.855302000
6	0		1080.885825000
6	1396		1080.896922000
6	1396		1080.938464000
6	1396		1080.977112000
6	0		1080.978352000
6	1396		1081.012799000
6	1396		1081.048467000
6	0		1081.070264000
6	1396		1081.084144000
6	1396		1081.119821000
6	1396		1081.155516000
6	0		1081.162555000
6	1396		1081.214963000
6	0		1081.254032000
6	1396		1081.274415000
6	1396		1081.319009000
6	52		1081.330261000
6	0		1081.330324000
6	0		1081.332815000
6	0		1081.345876000
6	1396		1081.363612000
6	1396		1081.408223000
6	0		1081.438040000
6	1396		1081.452807000
6	1396		1081.497416000
6	0		1081.530257000
6	1396		1081.542014000
6	1396		1081.586609000
6	0		1081.622549000
6	1396		1081.631208000
6	0		1081.658728000
6	0		1081.658771000
6	1396		1081.675788000
6	0		1081.688199000
6	0		1081.714556000
6	1396		1081.720386000
6	1396		1081.764995000
6	0		1081.805927000
6	1396		1081.809579000
6	1396		1081.845295000
6	1396		1081.880960000
6	0		1081.897896000
6	1396		1081.940412000
6	0		1081.989825000
6	1396		1081.999863000
6	1396		1082.044490000
6	0		1082.081749000
6	1396		1082.089056000
6	1396		1082.133659000
6	0		1082.174500000
6	1396		1082.178257000
6	1396		1082.222858000
6	0		1082.265772000
6	1396		1082.267461000
6	1396		1082.312049000
6	0		1082.312254000
6	1396		1082.356647000
6	1396		1082.401254000
6	0		1082.404055000
6	1396		1082.445859000
6	1396		1082.490456000
6	0		1082.496208000
6	1396		1082.535043000
6	1396		1082.579661000
6	0		1082.588475000
6	1396		1082.624240000
6	1396		1082.659926000
6	0		1082.679628000
6	1396		1082.695585000
6	1396		1082.731271000
6	1396		1082.766982000
6	0		1082.772098000
6	0		1082.780409000
6	0		1082.780467000
6	1396		1082.826517000
6	0		1082.864523000
6	1396		1082.885879000
6	1396		1082.930467000
6	0		1082.944157000
6	41		1082.949524000
6	0		1082.956348000
6	1396		1082.975066000
6	1396		1083.019684000
6	0		1083.048441000
6	1396		1083.064284000
6	0		1083.108426000
6	0		1083.108477000
6	1396		1083.108859000
6	21		1083.111377000
6	0		1083.111431000
6	1080		1083.112458000
6	0		1083.112730000
6	0		1083.112752000
6	0		1083.139764000
6	1396		1083.153457000
6	1396		1083.198155000
6	0		1083.231886000
6	1396		1083.242643000
6	440		1083.275538000
6	1396		1083.287253000
6	0		1083.318215000
6	0		1083.324053000
6	1396		1083.331862000
6	1396		1083.376444000
6	0		1083.416252000
6	1396		1083.421060000
6	1396		1083.456731000
6	0		1083.461847000
6	0		1083.461913000
6	48		1083.480155000
6	0		1083.480194000
6	280		1083.486071000
6	1396		1083.492420000
6	0		1083.501170000
6	12		1083.501427000
6	0		1083.508121000
6	0		1083.540617000
6	12		1083.540686000
6	0		1083.540698000
6	1		1083.540885000
6	4		1083.540909000
6	32		1083.540920000
6	0		1083.540933000
6	1396		1083.551855000
6	0		1083.579962000
6	0		1083.579999000
6	0		1083.580105000
6	0		1083.580187000
6	0		1083.580200000
6	0		1083.600219000
6	1396		1083.611319000
6	0		1083.646240000
6	16		1083.653533000
6	1396		1083.655901000
6	0		1083.694209000
6	1396		1083.700510000
6	0		1083.738746000
6	1396		1083.745112000
6	1396		1083.787060000
6	1396		1083.829025000
6	0		1083.830460000
6	52		1083.856421000
6	0		1083.856458000
6	52		1083.856554000
6	1396		1083.870956000
6	1396		1083.912918000
6	0		1083.922413000
6	1396		1083.954872000
6	1396		1083.996819000
6	0		1084.014243000
6	84		1084.018911000
6	1396		1084.038783000
6	0		1084.062220000
6	1396		1084.080722000
6	0		1084.106266000
6	1396		1084.122646000
6	1396		1084.164614000
6	0		1084.198013000
6	1396		1084.207421000
6	1396		1084.240124000
6	1396		1084.273677000
6	0		1084.289680000
6	1396		1084.329605000
6	0		1084.381984000
6	1396		1084.385540000
6	1396		1084.427494000
6	1396		1084.469426000
6	0		1084.473773000
6	1396		1084.511381000
6	1396		1084.553329000
6	0		1084.565801000
6	1396		1084.595298000
6	1396		1084.637222000
6	0		1084.657764000
6	1396		1084.679180000
6	1396		1084.721126000
6	0		1084.749773000
6	1396		1084.763088000
6	1396		1084.805017000
6	0		1084.842506000
6	1396		1084.846962000
6	1396		1084.888901000
6	1396		1084.922455000
6	0		1084.934358000
6	1396		1084.956033000
6	1396		1084.989626000
6	0		1085.026460000
6	1396		1085.026912000
6	1396		1085.065110000
6	0		1085.118541000
6	1396		1085.118978000
6	1396		1085.148984000
6	0		1085.163705000
6	117		1085.190952000
6	0		1085.256429000
6	0		1085.348032000
6	0		1085.348058000
6	1396		1085.394189000
6	563		1085.394221000
6	0		1085.394640000
6	1396		1085.403134000
6	1396		1085.433300000
6	1396		1085.472012000
6	1396		1085.510700000
6	0		1085.531779000
6	1396		1085.549401000
6	1396		1085.588091000
6	0		1085.624068000
6	1396		1085.626765000
6	1396		1085.665457000
6	1396		1085.704169000
6	0		1085.715868000
6	1396		1085.742858000
6	1396		1085.781528000
6	0		1085.808209000
6	1396		1085.812488000
6	1396		1085.843467000
6	1396		1085.874398000
6	0		1085.899867000
6	68		1085.957118000
6	0		1085.991987000
6	1396		1085.992419000
6	1396		1086.011779000
6	0		1086.084178000
6	1396		1086.084687000
6	1396		1086.104032000
6	52		1086.119203000
6	0		1086.119241000
6	0		1086.119550000
6	0		1086.120428000
6	0		1086.176514000
6	1396		1086.176991000
6	1396		1086.196328000
6	1396		1086.235017000
6	0		1086.268085000
6	1396		1086.273719000
6	0		1086.282815000
6	1396		1086.312408000
6	1396		1086.343361000
6	0		1086.359778000
6	1396		1086.374304000
6	1396		1086.405275000
6	0		1086.451755000
6	1396		1086.452183000
6	1396		1086.475032000
6	0		1086.544457000
6	1396		1086.544952000
6	1396		1086.564323000
6	0		1086.635736000
6	1396		1086.636217000
6	1396		1086.655576000
6	0		1086.728031000
6	1396		1086.728544000
6	1396		1086.747900000
6	0		1086.774319000
6	1396		1086.786570000
6	1396		1086.825281000
6	0		1086.865936000
6	1396		1086.866391000
6	1396		1086.902672000
6	0		1086.958080000
6	1396		1086.958523000
6	1396		1086.980050000
6	0		1087.050811000
6	1396		1087.051241000
6	1396		1087.066709000
6	1396		1087.097677000
6	1396		1087.128641000
6	0		1087.142106000
6	0		1087.234238000
6	1396		1087.234687000
6	1396		1087.254037000
6	0		1087.326497000
6	1396		1087.326941000
6	1396		1087.346274000
6	0		1087.417815000
6	1396		1087.418270000
6	1396		1087.437630000
6	0		1087.510114000
6	1396		1087.510729000
6	1396		1087.530052000
6	0		1087.601948000
6	1396		1087.602449000
6	1396		1087.621803000
6	0		1087.694242000
6	1396		1087.694719000
6	1396		1087.714062000
6	0		1087.786487000
6	1396		1087.786967000
6	1396		1087.802422000
6	1396		1087.833397000
6	1278		1087.864394000
6	0		1087.877874000
6	0		1087.970035000
6	0		1088.062285000
6	0		1088.107740000
6	1396		1088.153902000
6	688		1088.153930000
6	0		1088.154426000
6	1396		1088.227678000
6	1396		1088.246990000
6	1396		1088.285702000
6	1396		1088.324389000
6	0		1088.338159000
6	1396		1088.363071000
6	1396		1088.401932000
6	0		1088.430484000
6	1396		1088.440450000
6	1396		1088.479142000
6	1396		1088.517830000
6	0		1088.521793000
6	1396		1088.556533000
6	1396		1088.595232000
6	0		1088.613975000
6	1396		1088.634360000
6	1396		1088.673493000
6	0		1088.705890000
6	1396		1088.712639000
6	1396		1088.751794000
6	1396		1088.783117000
6	0		1088.798058000
6	1396		1088.814397000
6	1396		1088.845735000
6	0		1088.889814000
6	1396		1088.890293000
6	1396		1088.916169000
6	0		1088.981680000
6	1396		1088.982130000
6	1396		1089.001733000
6	0		1089.074360000
6	1396		1089.074768000
6	1396		1089.094349000
6	0		1089.165821000
6	1396		1089.166282000
6	1396		1089.185835000
6	0		1089.258289000
6	1396		1089.258714000
6	1396		1089.278276000
6	0		1089.349688000
6	1396		1089.350127000
6	1396		1089.369703000
6	0		1089.442311000
6	1396		1089.442923000
6	1396		1089.458565000
6	1396		1089.489889000
6	1396		1089.521293000
6	0		1089.533997000
6	0		1089.579729000
6	1396		1089.580166000
6	1396		1089.606251000
6	0		1089.671762000
6	1396		1089.672198000
6	1396		1089.699143000
6	0		1089.763629000
6	1396		1089.764082000
6	1396		1089.784473000
6	0		1089.855919000
6	1396		1089.856357000
6	1396		1089.876751000
6	0		1089.948190000
6	1396		1089.948601000
6	1396		1089.968996000
6	0		1090.040464000
6	1396		1090.040922000
6	1396		1090.061282000
6	0		1090.131855000
6	1396		1090.132304000
6	1396		1090.152671000
6	0		1090.224126000
6	1396		1090.224579000
6	1396		1090.240858000
6	1396		1090.273478000
6	1396		1090.306075000
6	0		1090.316259000
6	0		1090.408233000
6	1396		1090.408677000
6	1396		1090.429023000
6	0		1090.499797000
6	1396		1090.500276000
6	1396		1090.520612000
6	0		1090.592049000
6	1396		1090.592487000
6	1396		1090.612847000
6	0		1090.684220000
6	1396		1090.684656000
6	1396		1090.705037000
6	0		1090.776474000
6	1396		1090.776890000
6	1396		1090.797254000
6	0		1090.867615000
6	1396		1090.868025000
6	1396		1090.888400000
6	0		1090.913789000
6	1396		1090.929150000
6	1396		1090.969876000
6	0		1091.005757000
6	1396		1091.010605000
6	1396		1091.051375000
6	1396		1091.084022000
6	0		1091.097743000
6	1396		1091.116674000
6	1396		1091.149353000
6	0		1091.190201000
6	1396		1091.190664000
6	1396		1091.222875000
6	0		1091.282366000
6	1396		1091.282805000
6	1396		1091.304549000
6	0		1091.374084000
6	1396		1091.374540000
6	1396		1091.394954000
6	0		1091.466013000
6	1396		1091.466461000
6	1396		1091.486863000
6	0		1091.558337000
6	1396		1091.558763000
6	1396		1091.579237000
6	0		1091.580642000
6	0		1091.580690000
6	0		1091.619564000
6	12		1091.620715000
6	0		1091.649737000
6	1396		1091.650182000
6	0		1091.659488000
6	12		1091.659522000
6	0		1091.659537000
6	1		1091.659709000
6	4		1091.659731000
6	32		1091.659743000
6	0		1091.659757000
6	1396		1091.670592000
6	0		1091.698456000
6	0		1091.698564000
6	0		1091.698584000
6	0		1091.698679000
6	0		1091.698693000
6	0		1091.742083000
6	1396		1091.742565000
6	1396		1091.762959000
6	0		1091.834394000
6	1396		1091.834858000
6	1396		1091.851194000
6	1396		1091.883869000
6	1396		1091.916528000
6	0		1091.925740000
6	1396		1091.949215000
6	1396		1091.981854000
6	0		1092.018165000
6	0		1092.110487000
6	1396		1092.110900000
6	1396		1092.131330000
6	0		1092.155746000
6	1396		1092.172161000
6	1396		1092.212704000
6	0		1092.247660000
6	1396		1092.253246000
6	0		1092.262574000
6	1396		1092.293789000
6	0		1092.340124000
6	1396		1092.340645000
6	1396		1092.374892000
6	0		1092.432328000
6	1396		1092.432787000
6	1396		1092.455959000
6	0		1092.524452000
6	0		1092.524482000
6	1396		1092.524897000
6	1396		1092.545187000
6	0		1092.615620000
6	1396		1092.616046000
6	1396		1092.636304000
6	0		1092.707769000
6	1396		1092.708223000
6	1396		1092.728516000
6	0		1092.799976000
6	1396		1092.800470000
6	1396		1092.816657000
6	1396		1092.849094000
6	1396		1092.881526000
6	0		1092.892050000
6	0		1092.984123000
6	1396		1092.984567000
6	1396		1093.004834000
6	0		1093.076296000
6	1396		1093.076767000
6	1396		1093.097046000
6	0		1093.168539000
6	1396		1093.168970000
6	1396		1093.189240000
6	0		1093.259660000
6	1396		1093.260120000
6	1396		1093.280380000
6	0		1093.351857000
6	0		1093.444009000
6	1396		1093.444416000
6	0		1093.490569000
6	1396		1093.490995000
6	1396		1093.511269000
6	0		1093.581670000
6	1396		1093.582130000
6	1396		1093.602398000
6	0		1093.673846000
6	1396		1093.674260000
6	1396		1093.694535000
6	1396		1093.735072000
6	0		1093.765905000
6	1396		1093.775630000
6	1396		1093.816164000
6	0		1093.830545000
6	0		1093.830592000
6	0		1093.845875000
6	0		1093.845939000
6	1396		1093.856695000
6	0		1093.858019000
6	1396		1093.897267000
6	1396		1093.937786000
6	0		1093.949727000
6	1396		1093.978316000
6	0		1094.016311000
6	1396		1094.018872000
6	41		1094.022945000
6	0		1094.041777000
6	1396		1094.051303000
6	1396		1094.083738000
6	1396		1094.116172000
6	0		1094.134187000
6	1396		1094.170251000
6	0		1094.192712000
6	21		1094.193184000
6	0		1094.193195000
6	1080		1094.194113000
6	1396		1094.210765000
6	0		1094.225747000
6	1396		1094.251318000
6	1396		1094.291858000
6	0		1094.317753000
6	1396		1094.332395000
6	440		1094.364866000
6	1396		1094.372940000
6	0		1094.406230000
6	0		1094.409774000
6	1396		1094.413477000
6	1396		1094.454033000
6	0		1094.502496000
6	1396		1094.502915000
6	1396		1094.535114000
6	48		1094.576121000
6	0		1094.576159000
6	280		1094.580183000
6	0		1094.594049000
6	1396		1094.594459000
6	1396		1094.616189000
6	0		1094.686652000
6	1396		1094.687168000
6	1396		1094.707433000
6	16		1094.754209000
6	0		1094.777953000
6	1396		1094.778396000
6	0		1094.798208000
6	1396		1094.798666000
6	0		1094.824067000
6	1396		1094.839216000
6	1396		1094.879750000
6	0		1094.915654000
6	1396		1094.920301000
6	1396		1094.960836000
6	52		1094.968248000
6	0		1094.968282000
6	52		1094.968363000
6	0		1095.008330000
6	1396		1095.008761000
6	1396		1095.033816000
6	559		1095.053673000
6	39		1095.053695000
6	0		1095.054601000
6	0		1095.054623000
6	39		1095.054659000
6	69		1095.062898000
6	31		1095.063192000
6	39		1095.063478000
6	1396		1095.066232000
6	1396		1095.098691000
6	0		1095.100145000
6	84		1095.138564000
6	0		1095.182212000
6	0		1095.192227000
6	1396		1095.192651000
6	1396		1095.214655000
6	0		1095.284058000
6	1396		1095.284464000
6	1396		1095.306482000
6	0		1095.329769000
6	39		1095.329791000
6	0		1095.335270000
6	0		1095.375959000
6	1396		1095.376410000
6	1396		1095.398405000
6	0		1095.467861000
6	1396		1095.468271000
6	1396		1095.490289000
6	0		1095.559632000
6	1396		1095.560112000
6	1396		1095.582099000
6	0		1095.652467000
6	1396		1095.652889000
6	1396		1095.675032000
6	0		1095.744405000
6	1396		1095.744896000
6	1396		1095.762448000
6	1396		1095.797682000
6	1396		1095.832888000
6	0		1095.835818000
6	1396		1095.868086000
6	1396		1095.903336000
6	0		1095.927788000
6	0		1096.020064000
6	1396		1096.020500000
6	1396		1096.042489000
6	0		1096.111879000
6	1396		1096.112328000
6	1396		1096.134325000
6	0		1096.203731000
6	1396		1096.204142000
6	335		1096.226185000
6	0		1096.295657000
6	0		1096.313141000
6	0		1096.313269000
6	0		1096.349785000
6	0		1096.387919000
6	0		1096.480414000
6	0		1096.480445000
6	0		1096.480453000
6	0		1096.481705000
6	0		1096.486644000
6	1396		1096.525972000
6	563		1096.525996000
6	0		1096.526495000
6	0		1096.572151000
6	1396		1096.575191000
6	1396		1096.597201000
6	1396		1096.641187000
6	1396		1096.685207000
6	0		1096.709657000
6	1396		1096.729227000
6	1396		1096.773255000
6	0		1096.801620000
6	1396		1096.808457000
6	1396		1096.843689000
6	1396		1096.878878000
6	0		1096.894106000
6	1396		1096.937582000
6	0		1096.985993000
6	1396		1096.996256000
6	1396		1097.054947000
6	68		1097.055798000
6	0		1097.077864000
6	1396		1097.098956000
6	1396		1097.142990000
6	0		1097.170299000
6	1396		1097.187016000
6	0		1097.226702000
6	0		1097.226751000
6	52		1097.227045000
6	0		1097.227058000
6	0		1097.228696000
6	1396		1097.231019000
6	0		1097.262390000
6	1396		1097.275058000
6	1396		1097.319051000
6	0		1097.354502000
6	1396		1097.363116000
6	0		1097.398189000
6	1396		1097.407104000
6	0		1097.446457000
6	1396		1097.451116000
6	1396		1097.495154000
6	0		1097.538476000
6	1396		1097.539176000
6	1396		1097.574390000
6	1396		1097.609588000
6	0		1097.629831000
6	1396		1097.668288000
6	0		1097.721713000
6	1396		1097.726960000
6	1396		1097.785656000
6	0		1097.814304000
6	1396		1097.829677000
6	1396		1097.875758000
6	0		1097.906106000
6	1396		1097.921774000
6	0		1097.952235000
6	1396		1097.967820000
6	1396		1098.013873000
6	0		1098.044220000
6	1396		1098.059929000
6	1396		1098.106223000
6	0		1098.136387000
6	1396		1098.152521000
6	1396		1098.198846000
6	0		1098.227883000
6	1396		1098.245148000
6	1396		1098.291457000
6	0		1098.320515000
6	1396		1098.337758000
6	1396		1098.374798000
6	1396		1098.411837000
6	0		1098.412103000
6	1396		1098.448881000
6	1396		1098.485926000
6	0		1098.504368000
6	1396		1098.522957000
6	1396		1098.560019000
6	0		1098.596758000
6	1396		1098.599409000
6	1396		1098.634093000
6	1396		1098.671125000
6	0		1098.688490000
6	1396		1098.708185000
6	1396		1098.769924000
6	0		1098.779947000
6	1396		1098.816204000
6	1396		1098.862521000
6	0		1098.871658000
6	1396		1098.908826000
6	1396		1098.955126000
6	0		1098.964281000
6	1396		1099.000923000
6	599		1099.046735000
6	0		1099.056011000
6	741		1099.056035000
6	0		1099.056325000
6	67		1099.064748000
6	31		1099.064785000
6	39		1099.064963000
6	0		1099.148264000
6	1396		1099.194584000
6	688		1099.194616000
6	0		1099.194626000
6	39		1099.194632000
6	0		1099.195096000
6	0		1099.199295000
6	1396		1099.205694000
6	1396		1099.240884000
6	1396		1099.286674000
6	1396		1099.332474000
6	0		1099.377864000
6	1396		1099.378273000
6	0		1099.424065000
6	1396		1099.424091000
6	1396		1099.460751000
6	1396		1099.497390000
6	0		1099.516174000
6	1396		1099.534061000
6	1396		1099.570661000
6	1396		1099.607307000
6	0		1099.608510000
6	1396		1099.643975000
6	1396		1099.680591000
6	0		1099.700055000
6	0		1099.700107000
6	0		1099.700384000
6	1396		1099.717257000
6	0		1099.739030000
6	12		1099.739317000
6	1396		1099.774474000
6	0		1099.778059000
6	12		1099.778100000
6	0		1099.778110000
6	1		1099.778316000
6	4		1099.778335000
6	32		1099.778344000
6	0		1099.778355000
6	0		1099.791686000
6	0		1099.817073000
6	0		1099.817117000
6	0		1099.817180000
6	0		1099.817247000
6	0		1099.817266000
6	1396		1099.817349000
6	1396		1099.860278000
6	0		1099.883807000
6	1396		1099.903177000
6	1396		1099.946049000
6	0		1099.975684000
6	1396		1099.988956000
6	1396		1100.031856000
6	0		1100.068382000
6	1396		1100.074757000
6	1396		1100.117665000
6	0		1100.160171000
6	1396		1100.160548000
6	1396		1100.203502000
6	1396		1100.246391000
6	0		1100.251926000
6	1396		1100.289286000
6	1396		1100.323614000
6	0		1100.343800000
6	1396		1100.357932000
6	1396		1100.392256000
6	0		1100.436455000
6	1396		1100.436946000
6	1396		1100.469488000
6	0		1100.528087000
6	1396		1100.528559000
6	1396		1100.555288000
6	0		1100.619843000
6	1396		1100.620304000
6	1396		1100.641756000
6	0		1100.712104000
6	1396		1100.712565000
6	1396		1100.734042000
6	0		1100.758270000
6	1396		1100.776931000
6	1396		1100.817184000
6	0		1100.850885000
6	1396		1100.857435000
6	1396		1100.897671000
6	0		1100.941929000
6	1396		1100.942355000
6	1396		1100.978224000
6	0		1101.033706000
6	1396		1101.034169000
6	1396		1101.050668000
6	1396		1101.082852000
6	1396		1101.115073000
6	0		1101.126096000
6	0		1101.217640000
6	1396		1101.218075000
6	1396		1101.238204000
6	0		1101.309741000
6	1396		1101.310194000
6	1396		1101.330366000
6	0		1101.402140000
6	1396		1101.402631000
6	1396		1101.422745000
6	0		1101.494266000
6	1396		1101.494758000
6	1396		1101.514863000
6	0		1101.586284000
6	1396		1101.586752000
6	1396		1101.606995000
6	0		1101.678466000
6	1396		1101.678932000
6	1396		1101.699052000
6	0		1101.770587000
6	1396		1101.771055000
6	1396		1101.787124000
6	1396		1101.819317000
6	1396		1101.852136000
6	0		1101.861666000
6	0		1101.954036000
6	1396		1101.954479000
6	1396		1101.974605000
6	0		1102.046126000
6	1396		1102.046610000
6	1396		1102.066721000
6	0		1102.092252000
6	1396		1102.106985000
6	1396		1102.147238000
6	0		1102.184548000
6	1396		1102.187482000
6	1396		1102.227757000
6	0		1102.276198000
6	1396		1102.276654000
6	1396		1102.308268000
6	0		1102.367649000
6	1396		1102.368091000
6	1396		1102.388769000
6	0		1102.460353000
6	1396		1102.460809000
6	1396		1102.480928000
6	0		1102.552517000
6	1396		1102.552994000
6	1396		1102.569091000
6	1396		1102.601305000
6	1396		1102.633493000
6	0		1102.644461000
6	0		1102.736120000
6	1396		1102.736596000
6	1396		1102.756703000
6	0		1102.828157000
6	1396		1102.828611000
6	1396		1102.848712000
6	0		1102.920151000
6	1396		1102.920597000
6	1396		1102.940718000
6	0		1103.012120000
6	1396		1103.012586000
6	1396		1103.032700000
6	0		1103.104152000
6	1396		1103.104659000
6	1396		1103.124756000
6	0		1103.196217000
6	1396		1103.196699000
6	1396		1103.216823000
6	0		1103.288236000
6	1396		1103.288704000
6	1396		1103.304776000
6	0		1103.334501000
6	1396		1103.336959000
6	1396		1103.369191000
6	1396		1103.401416000
6	0		1103.426549000
6	1396		1103.433581000
6	0		1103.517916000
6	0		1103.610286000
6	1396		1103.610774000
6	1396		1103.630884000
6	0		1103.702306000
6	1396		1103.702824000
6	1396		1103.722902000
6	0		1103.794380000
6	1396		1103.794850000
6	1396		1103.814999000
6	1396		1103.855233000
6	0		1103.886480000
6	1396		1103.895485000
6	1396		1103.935747000
6	1396		1103.976029000
6	0		1103.977878000
6	1396		1104.016273000
6	1396		1104.056506000
6	0		1104.069678000
6	1396		1104.096790000
6	1396		1104.137026000
6	0		1104.162205000
6	1396		1104.177289000
6	1396		1104.209466000
6	1396		1104.241668000
6	0		1104.253708000
6	1396		1104.273871000
6	0		1104.346299000
6	1396		1104.346748000
6	1396		1104.367223000
6	0		1104.437723000
6	1396		1104.438168000
6	1396		1104.458630000
6	0		1104.530105000
6	1396		1104.530573000
6	1396		1104.551030000
6	0		1104.622533000
6	1396		1104.622968000
6	1396		1104.643462000
6	0		1104.667706000
6	1396		1104.684379000
6	1396		1104.725309000
6	0		1104.759832000
6	1396		1104.766250000
6	1396		1104.807212000
6	0		1104.851778000
6	1396		1104.852223000
6	1396		1104.889082000
6	0		1104.944485000
6	1396		1104.944928000
6	1396		1104.962731000
6	1396		1104.995480000
6	1396		1105.028238000
6	0		1105.036114000
6	0		1105.127787000
6	1396		1105.128229000
6	1396		1105.150225000
6	0		1105.220003000
6	1396		1105.220464000
6	1396		1105.242415000
6	0		1105.311804000
6	1396		1105.312247000
6	1396		1105.334189000
6	0		1105.404573000
6	1396		1105.405018000
6	1396		1105.426977000
6	0		1105.496464000
6	1396		1105.496935000
6	1396		1105.518890000
6	73		1105.539219000
6	0		1105.588078000
6	1396		1105.588556000
6	1396		1105.610504000
6	0		1105.680014000
6	1396		1105.680497000
6	1396		1105.698032000
6	1396		1105.733167000
6	1396		1105.768293000
6	0		1105.771908000
6	0		1105.771933000
6	0		1105.772444000
6	0		1105.863794000
6	1396		1105.864225000
6	1396		1105.886185000
6	0		1105.956609000
6	1396		1105.957036000
6	1396		1105.979055000
6	0		1106.048745000
6	0		1106.048769000
6	1396		1106.049178000
6	1396		1106.071137000
6	0		1106.093925000
6	1396		1106.115023000
6	1396		1106.158935000
6	0		1106.186415000
6	1396		1106.202842000
6	1396		1106.246754000
6	0		1106.278234000
6	1396		1106.290645000
6	1396		1106.334542000
6	0		1106.370035000
6	1396		1106.378454000
6	1396		1106.422357000
6	0		1106.461812000
6	1396		1106.466253000
6	1396		1106.501390000
6	1396		1106.536514000
6	0		1106.553792000
6	1396		1106.571634000
6	0		1106.646092000
6	1396		1106.646579000
6	1396		1106.668527000
6	0		1106.737941000
6	1396		1106.738386000
6	1396		1106.760333000
6	0		1106.829724000
6	1396		1106.830225000
6	1396		1106.852150000
6	0		1106.922631000
6	1396		1106.923137000
6	1396		1106.945039000
6	0		1107.014564000
6	1396		1107.014993000
6	1396		1107.036941000
6	0		1107.106354000
6	1396		1107.106782000
6	1396		1107.128752000
6	0		1107.198295000
6	1396		1107.198733000
6	1396		1107.216311000
6	1396		1107.251453000
6	1396		1107.286541000
6	0		1107.289742000
6	0		1107.382014000
6	1396		1107.382501000
6	1396		1107.404453000
6	0		1107.428186000
6	1396		1107.448350000
6	1396		1107.492258000
6	0		1107.519716000
6	1396		1107.536164000
6	1396		1107.577726000
6	0		1107.612643000
6	1396		1107.619029000
6	1396		1107.660456000
6	0		1107.704381000
6	1396		1107.704802000
6	1326		1107.743357000
6	0		1107.795763000
6	0		1107.817771000
6	0		1107.817823000
6	0		1107.856574000
6	12		1107.856866000
6	0		1107.888147000
6	0		1107.895468000
6	12		1107.895501000
6	0		1107.895512000
6	1		1107.895699000
6	4		1107.895718000
6	32		1107.895728000
6	0		1107.895739000
6	0		1107.934276000
6	0		1107.934309000
6	0		1107.934315000
6	0		1107.934408000
6	0		1107.934423000
6	0		1107.979922000
6	1396		1108.026097000
6	563		1108.026132000
6	0		1108.026576000
6	1396		1108.052779000
6	1396		1108.072903000
6	1396		1108.114345000
6	1396		1108.155767000
6	0		1108.163774000
6	1396		1108.197219000
6	1396		1108.238644000
6	0		1108.255646000
6	1396		1108.293894000
6	0		1108.348290000
6	1396		1108.349115000
6	1396		1108.404393000
6	0		1108.440536000
6	1396		1108.445818000
6	1396		1108.487251000
6	1396		1108.528707000
6	0		1108.532236000
6	1396		1108.570132000
6	1396		1108.611597000
6	0		1108.624549000
6	1396		1108.652988000
6	1396		1108.694436000
6	0		1108.716345000
6	1396		1108.735876000
6	1396		1108.777317000
6	0		1108.808427000
6	1396		1108.818730000
6	1396		1108.860176000
6	0		1108.900198000
6	1396		1108.901597000
6	1396		1108.934758000
6	1396		1108.967907000
6	0		1108.992197000
6	1396		1109.023173000
6	1396		1109.078413000
6	0		1109.084553000
6	1396		1109.133645000
6	1396		1109.175097000
6	0		1109.175960000
6	1396		1109.216511000
6	1396		1109.257959000
6	0		1109.267977000
6	1396		1109.299389000
6	1396		1109.340826000
6	0		1109.359967000
6	1396		1109.382248000
6	1396		1109.423685000
6	0		1109.451643000
6	1396		1109.465123000
6	1396		1109.506551000
6	0		1109.544549000
6	1396		1109.547980000
6	1396		1109.589437000
6	1396		1109.630888000
6	0		1109.635738000
6	1396		1109.664026000
6	1396		1109.697155000
6	0		1109.728435000
6	1396		1109.730313000
6	1396		1109.785555000
6	0		1109.819729000
6	1396		1109.827006000
6	0		1109.865901000
6	1396		1109.868425000
6	1396		1109.909880000
6	1396		1109.951305000
6	0		1109.958267000
6	1396		1109.991859000
6	1396		1110.032388000
6	0		1110.050292000
6	1396		1110.072374000
6	1396		1110.112334000
6	0		1110.141792000
6	1396		1110.152302000
6	1396		1110.192269000
6	840		1110.232235000
6	0		1110.233671000
6	0		1110.325787000
6	0		1110.418116000
6	1396		1110.464431000
6	0		1110.470398000
6	563		1110.510587000
6	0		1110.511031000
6	1396		1110.625690000
6	1396		1110.645662000
6	1396		1110.685621000
6	1396		1110.725587000
6	0		1110.740165000
6	1396		1110.765540000
6	1396		1110.805519000
6	0		1110.831916000
6	1396		1110.845506000
6	1396		1110.885455000
6	0		1110.923946000
6	1396		1110.925429000
6	1396		1110.965402000
6	1396		1111.005376000
6	0		1111.015846000
6	1396		1111.045334000
6	1396		1111.085298000
6	0		1111.107784000
6	1396		1111.125282000
6	1396		1111.165235000
6	0		1111.199676000
6	1396		1111.205211000
6	1396		1111.245218000
6	1396		1111.285152000
6	0		1111.292613000
6	1396		1111.317126000
6	1396		1111.349189000
6	1396		1111.381073000
6	0		1111.384519000
6	1396		1111.434353000
6	1396		1111.474333000
6	0		1111.476591000
6	1396		1111.514307000
6	1396		1111.554257000
6	0		1111.567701000
6	1396		1111.594307000
6	1396		1111.634223000
6	0		1111.659731000
6	1396		1111.674222000
6	1396		1111.714161000
6	0		1111.751622000
6	1396		1111.754132000
6	1396		1111.794105000
6	0		1111.844564000
6	1396		1111.845034000
6	1396		1111.874045000
6	0		1111.936456000
6	1396		1111.936887000
6	1396		1111.952884000
6	0		1111.981704000
6	1396		1111.984845000
6	1396		1112.016840000
6	1396		1112.048817000
6	0		1112.074195000
6	1396		1112.080787000
6	0		1112.166237000
6	1396		1112.166676000
6	1396		1112.186665000
6	0		1112.258129000
6	1396		1112.258618000
6	1396		1112.278580000
6	0		1112.350064000
6	1396		1112.350529000
6	1396		1112.370497000
6	0		1112.441980000
6	1396		1112.442429000
6	1396		1112.462430000
6	0		1112.533880000
6	1396		1112.534356000
6	1396		1112.554297000
6	0		1112.625661000
6	1396		1112.626117000
6	1396		1112.646097000
6	0		1112.718499000
6	1396		1112.718937000
6	1396		1112.734930000
6	1396		1112.766893000
6	1396		1112.798875000
6	0		1112.810322000
6	0		1112.902479000
6	1396		1112.902918000
6	1396		1112.922894000
6	0		1112.994351000
6	1396		1112.994790000
6	1396		1113.014767000
6	0		1113.086164000
6	1396		1113.086637000
6	1396		1113.106608000
6	0		1113.178027000
6	1396		1113.178454000
6	1396		1113.198639000
6	0		1113.224347000
6	1396		1113.239000000
6	869		1113.279332000
6	0		1113.316430000
6	0		1113.408076000
6	0		1113.500412000
6	1396		1113.545721000
6	0		1113.546206000
6	688		1113.591885000
6	0		1113.592371000
6	1396		1113.716841000
6	1396		1113.737016000
6	1396		1113.777347000
6	1396		1113.817710000
6	0		1113.822446000
6	1396		1113.858080000
6	1396		1113.898407000
6	0		1113.914469000
6	1396		1113.938773000
6	1396		1113.979105000
6	0		1114.006250000
6	1396		1114.019504000
6	1396		1114.059817000
6	0		1114.097969000
6	1396		1114.100156000
6	1396		1114.132440000
6	1396		1114.164721000
6	0		1114.189953000
6	1396		1114.218539000
6	1396		1114.272315000
6	0		1114.281971000
6	1396		1114.326123000
6	1396		1114.366465000
6	0		1114.374516000
6	1396		1114.406830000
6	1396		1114.447174000
6	0		1114.466280000
6	1396		1114.487516000
6	1396		1114.527874000
6	0		1114.557941000
6	1396		1114.568223000
6	1396		1114.608579000
6	1396		1114.648951000
6	0		1114.650558000
6	1396		1114.689278000
6	1396		1114.729658000
6	0		1114.741699000
6	1396		1114.769985000
6	1396		1114.810421000
6	0		1114.834411000
6	1396		1114.842630000
6	1396		1114.874879000
6	1396		1114.907160000
6	0		1114.926321000
6	1396		1114.960958000
6	1396		1115.001337000
6	0		1115.018407000
6	1396		1115.041675000
6	1396		1115.082024000
6	0		1115.110195000
6	1396		1115.122393000
6	0		1115.156404000
6	1396		1115.162712000
6	1396		1115.203085000
6	1396		1115.241933000
6	0		1115.248143000
6	1396		1115.280817000
6	1396		1115.319670000
6	0		1115.340212000
6	1396		1115.358547000
6	1396		1115.397440000
6	0		1115.431953000
6	1396		1115.436285000
6	1396		1115.475174000
6	0		1115.524558000
6	1396		1115.524985000
6	1396		1115.545143000
6	1396		1115.576210000
6	1396		1115.607341000
6	0		1115.615605000
6	0		1115.708044000
6	1396		1115.708527000
6	1396		1115.727971000
6	0		1115.800529000
6	1396		1115.801048000
6	1396		1115.820477000
6	0		1115.891969000
6	1396		1115.892425000
6	1396		1115.911916000
6	0		1115.935868000
6	0		1115.935922000
6	0		1115.974559000
6	12		1115.974830000
6	0		1115.984350000
6	1396		1115.984898000
6	1396		1116.004324000
6	0		1116.013405000
6	12		1116.013446000
6	0		1116.013460000
6	1		1116.013629000
6	4		1116.013650000
6	32		1116.013658000
6	0		1116.013666000
6	0		1116.052188000
6	0		1116.052236000
6	0		1116.052247000
6	0		1116.052296000
6	0		1116.052312000
6	0		1116.075863000
6	1396		1116.076330000
6	1396		1116.095771000
6	0		1116.168263000
6	1396		1116.168758000
6	1396		1116.188185000
6	0		1116.259673000
6	1396		1116.260220000
6	1396		1116.275736000
6	1396		1116.306829000
6	1396		1116.337904000
6	0		1116.352196000
6	0		1116.398429000
6	1396		1116.398884000
6	1396		1116.424805000
6	0		1116.490330000
6	1396		1116.490796000
6	1396		1116.515474000
6	0		1116.581935000
6	1396		1116.582412000
6	1396		1116.601856000
6	0		1116.674403000
6	1396		1116.674860000
6	1396		1116.694295000
6	0		1116.765842000
6	1396		1116.766293000
6	1396		1116.785714000
6	0		1116.858319000
6	1396		1116.858760000
6	1396		1116.878234000
6	0		1116.949697000
6	1396		1116.950162000
6	1396		1116.969592000
6	0		1117.042075000
6	1396		1117.042555000
6	1396		1117.058156000
6	1396		1117.089194000
6	1396		1117.120309000
6	0		1117.133746000
6	0		1117.225922000
6	1396		1117.226357000
6	1396		1117.245799000
6	0		1117.318354000
6	0		1117.318380000
6	1396		1117.318806000
6	0		1117.318857000
6	1396		1117.338221000
6	0		1117.409637000
6	1396		1117.410132000
6	1396		1117.429559000
6	0		1117.502006000
6	1396		1117.502447000
6	1396		1117.521911000
6	0		1117.594363000
6	1396		1117.594850000
6	1396		1117.614275000
6	0		1117.685727000
6	1396		1117.686163000
6	1396		1117.705608000
6	0		1117.731942000
6	1396		1117.744475000
6	1396		1117.783343000
6	0		1117.823918000
6	1396		1117.824372000
6	1396		1117.853317000
6	1396		1117.884408000
6	1396		1117.915491000
6	0		1117.915770000
6	0		1118.007964000
6	1396		1118.008456000
6	1396		1118.027872000
6	0		1118.100347000
6	1396		1118.100817000
6	1396		1118.121146000
6	0		1118.192652000
6	1396		1118.193080000
6	1396		1118.213404000
6	0		1118.283865000
6	1396		1118.284378000
6	1396		1118.304694000
6	0		1118.376214000
6	1396		1118.376698000
6	1396		1118.397003000
6	0		1118.468451000
6	1396		1118.468896000
6	1396		1118.489210000
6	0		1118.560630000
6	1396		1118.561073000
6	1396		1118.577329000
6	1396		1118.609837000
6	1396		1118.642390000
6	0		1118.651876000
6	0		1118.744194000
6	1396		1118.744627000
6	1396		1118.764944000
6	0		1118.836411000
6	0		1118.927729000
6	1396		1118.928192000
6	0		1119.019648000
6	1396		1119.020122000
6	1396		1119.040442000
6	0		1119.066439000
6	1396		1119.081072000
6	1396		1119.121730000
6	0		1119.158753000
6	1396		1119.162389000
6	1396		1119.203014000
6	1396		1119.243651000
6	0		1119.250387000
6	1396		1119.284299000
6	1396		1119.324936000
6	0		1119.341896000
6	1396		1119.365559000
6	1396		1119.406250000
6	0		1119.433973000
6	1396		1119.446827000
6	1396		1119.487479000
6	0		1119.526251000
6	1396		1119.528114000
6	1396		1119.560667000
6	1396		1119.593188000
6	0		1119.618153000
6	1396		1119.647466000
6	0		1119.662487000
6	0		1119.662535000
6	1396		1119.701521000
6	0		1119.710068000
6	1396		1119.747804000
6	1396		1119.794161000
6	0		1119.802263000
6	1396		1119.840443000
6	1396		1119.886742000
6	0		1119.893954000
6	1396		1119.933089000
6	1396		1119.979374000
6	0		1119.986557000
6	1396		1120.025658000
6	1396		1120.071947000
6	0		1120.078035000
6	1396		1120.118248000
6	1396		1120.164566000
6	0		1120.169697000
6	1396		1120.210878000
6	1396		1120.247906000
6	0		1120.262247000
6	1396		1120.284946000
6	1396		1120.321981000
6	0		1120.354278000
6	1396		1120.359023000
6	0		1120.400449000
6	1396		1120.405327000
6	1396		1120.451622000
6	0		1120.491810000
6	1396		1120.497926000
6	1396		1120.544233000
6	0		1120.584424000
6	1396		1120.588629000
6	1396		1120.633049000
6	1396		1120.673416000
6	0		1120.676064000
6	1396		1120.713846000
6	1396		1120.754302000
6	0		1120.766709000
6	0		1120.766767000
6	0		1120.768308000
6	1396		1120.794758000
6	1396		1120.835192000
6	0		1120.860302000
6	1396		1120.875655000
6	1396		1120.916091000
6	0		1120.952081000
6	1396		1120.956525000
6	0		1120.956598000
6	41		1120.961863000
6	1396		1120.997004000
6	1396		1121.029344000
6	0		1121.044418000
6	1396		1121.061696000
6	1396		1121.094065000
6	0		1121.136146000
6	1396		1121.136621000
6	0		1121.151482000
6	21		1121.164185000
6	0		1121.164219000
6	1080		1121.165189000
6	1396		1121.166843000
6	0		1121.228298000
6	1396		1121.228738000
6	1396		1121.248963000
6	0		1121.320425000
6	1396		1121.320894000
6	1396		1121.341095000
6	440		1121.359087000
6	0		1121.402217000
6	0		1121.412584000
6	1396		1121.413488000
6	1396		1121.433647000
6	0		1121.504428000
6	1396		1121.504889000
6	1396		1121.525190000
6	48		1121.592136000
6	0		1121.592180000
6	0		1121.596654000
6	280		1121.596938000
6	1396		1121.597106000
6	1396		1121.617329000
6	0		1121.642007000
6	1396		1121.657782000
6	1396		1121.698230000
6	0		1121.734348000
6	1396		1121.738665000
6	1396		1121.771029000
6	16		1121.791946000
6	1396		1121.803414000
6	0		1121.825838000
6	0		1121.834212000
6	1396		1121.835757000
6	0		1121.918220000
6	1396		1121.918707000
6	1396		1121.938903000
6	0		1122.010298000
6	52		1122.010776000
6	52		1122.023833000
6	0		1122.023873000
6	52		1122.024022000
6	0		1122.102138000
6	0		1122.194558000
6	100		1122.221399000
6	0		1122.239717000
6	0		1122.262236000
6	1396		1122.285859000
6	563		1122.285892000
6	0		1122.286327000
6	1396		1122.318073000
6	1396		1122.338275000
6	1396		1122.378731000
6	1396		1122.419185000
6	0		1122.424390000
6	1396		1122.459634000
6	1396		1122.500080000
6	0		1122.516024000
6	1396		1122.540525000
6	1396		1122.580951000
6	0		1122.607910000
6	1396		1122.621429000
6	1396		1122.661887000
6	0		1122.699837000
6	1396		1122.702307000
6	1396		1122.734671000
6	1396		1122.767030000
6	0		1122.792163000
6	1396		1122.820961000
6	1396		1122.874884000
6	0		1122.884704000
6	1396		1122.928810000
6	1396		1122.969257000
6	0		1122.976258000
6	1396		1123.009717000
6	1396		1123.050151000
6	0		1123.068194000
6	1396		1123.090596000
6	1396		1123.131017000
6	0		1123.160012000
6	1396		1123.171479000
6	1396		1123.211925000
6	0		1123.251916000
6	1396		1123.252376000
6	1396		1123.292834000
6	1396		1123.333274000
6	0		1123.344375000
6	1396		1123.373713000
6	1396		1123.414150000
6	0		1123.436138000
6	1396		1123.446513000
6	1396		1123.478896000
6	0		1123.528502000
6	1396		1123.528963000
6	1396		1123.557050000
6	0		1123.620482000
6	1396		1123.620978000
6	1396		1123.648632000
6	0		1123.712078000
6	1396		1123.712543000
6	1396		1123.740247000
6	0		1123.758269000
6	1396		1123.786035000
6	1396		1123.824661000
6	0		1123.850565000
6	1396		1123.863244000
6	1396		1123.901849000
6	1396		1123.940448000
6	0		1123.941933000
6	1396		1123.979060000
6	1396		1124.017656000
6	0		1124.034511000
6	1396		1124.056256000
6	1396		1124.094855000
6	0		1124.125735000
6	1396		1124.133465000
6	1396		1124.164367000
6	1396		1124.195245000
6	0		1124.217925000
6	1396		1124.226122000
6	0		1124.309756000
6	1396		1124.310211000
6	1396		1124.329494000
6	0		1124.402020000
6	1396		1124.402473000
6	1396		1124.421775000
6	0		1124.494250000
6	1396		1124.494693000
6	1059		1124.513986000
6	0		1124.586415000
6	0		1124.677741000
6	0		1124.769894000
6	1396		1124.816138000
6	688		1124.816161000
6	0		1124.816598000
6	68		1124.845826000
6	1396		1124.893974000
6	1396		1124.913242000
6	1396		1124.951841000
6	1396		1124.990444000
6	0		1125.000229000
6	1396		1125.029073000
6	52		1125.050383000
6	0		1125.050421000
6	0		1125.050438000
6	0		1125.051852000
6	1396		1125.067656000
6	0		1125.092093000
6	560		1125.092122000
6	39		1125.092132000
6	0		1125.093557000
6	0		1125.093590000
6	39		1125.093683000
6	1396		1125.098554000
6	69		1125.105408000
6	31		1125.105672000
6	39		1125.105936000
6	1396		1125.129454000
6	1396		1125.160312000
6	0		1125.184394000
6	0		1125.184422000
6	1396		1125.211789000
6	0		1125.241425000
6	1396		1125.263256000
6	0		1125.275707000
6	39		1125.275741000
6	0		1125.281295000
6	1396		1125.314738000
6	0		1125.321704000
6	1396		1125.353330000
6	1396		1125.391943000
6	0		1125.413874000
6	1396		1125.430551000
6	0		1125.460577000
6	1396		1125.469167000
6	1396		1125.507735000
6	1396		1125.546362000
6	0		1125.552423000
6	0		1125.552450000
6	0		1125.553585000
6	1396		1125.584933000
6	1396		1125.623554000
6	0		1125.644337000
6	1396		1125.662159000
6	1396		1125.700768000
6	0		1125.735648000
6	1396		1125.739357000
6	1396		1125.777980000
6	1396		1125.816563000
6	0		1125.828410000
6	1396		1125.855195000
6	1396		1125.886084000
6	1396		1125.916922000
6	0		1125.919690000
6	1396		1125.947806000
6	0		1126.012647000
6	1396		1126.013122000
6	1396		1126.032434000
6	0		1126.104013000
6	1396		1126.104512000
6	1396		1126.123848000
6	0		1126.196484000
6	1396		1126.196949000
6	1396		1126.216259000
6	0		1126.287820000
6	1396		1126.288304000
6	1396		1126.307634000
6	0		1126.380113000
6	1396		1126.380621000
6	1396		1126.399915000
6	0		1126.472388000
6	1396		1126.472866000
6	1396		1126.492157000
6	0		1126.564631000
6	1396		1126.565123000
6	1396		1126.580554000
6	1396		1126.611459000
6	1396		1126.642356000
6	0		1126.655997000
6	0		1126.747971000
6	1396		1126.748456000
6	1396		1126.767768000
6	0		1126.794113000
6	1396		1126.806384000
6	0		1126.885882000
6	1396		1126.886353000
6	1396		1126.906629000
6	1396		1126.947155000
6	0		1126.978065000
6	1396		1126.987699000
6	1396		1127.028260000
6	0		1127.070158000
6	1396		1127.070641000
6	1396		1127.109346000
6	0		1127.161891000
6	1396		1127.162343000
6	1396		1127.190439000
6	0		1127.253939000
6	1396		1127.254423000
6	1396		1127.274678000
6	0		1127.346119000
6	1396		1127.346575000
6	1396		1127.362790000
6	1396		1127.395214000
6	1396		1127.427675000
6	0		1127.438150000
6	0		1127.530315000
6	0		1127.622565000
6	1396		1127.623011000
6	0		1127.714445000
6	1396		1127.714925000
6	1396		1127.735221000
6	0		1127.805658000
6	1396		1127.806146000
6	1396		1127.826421000
6	0		1127.897844000
6	1396		1127.898304000
6	1396		1127.918583000
6	1396		1127.959132000
6	0		1127.990000000
6	1396		1127.999662000
6	1396		1128.040217000
6	1396		1128.080749000
6	0		1128.082053000
6	1396		1128.121297000
6	0		1128.128231000
6	1396		1128.161836000
6	1396		1128.202462000
6	0		1128.220254000
6	1396		1128.242942000
6	1396		1128.283483000
6	0		1128.312345000
6	1396		1128.324017000
6	1396		1128.364543000
6	0		1128.404471000
6	1396		1128.405107000
6	1396		1128.445648000
6	1396		1128.486176000
6	0		1128.496176000
6	1396		1128.526740000
6	1396		1128.567256000
6	0		1128.588186000
6	1396		1128.599694000
6	1396		1128.632121000
6	1396		1128.664553000
6	0		1128.679745000
6	1396		1128.718626000
6	1396		1128.759183000
6	0		1128.772200000
6	1396		1128.799719000
6	1396		1128.840256000
6	0		1128.864255000
6	1396		1128.880776000
6	1396		1128.921332000
6	0		1128.956275000
6	1396		1128.961891000
6	1396		1129.002467000
6	0		1129.048389000
6	1396		1129.048878000
6	1396		1129.083495000
6	0		1129.139975000
6	1396		1129.140439000
6	1396		1129.164585000
6	0		1129.232048000
6	1396		1129.232477000
6	1396		1129.248698000
6	1396		1129.281118000
6	1396		1129.313571000
6	0		1129.323995000
6	0		1129.370137000
6	1396		1129.370593000
6	1396		1129.400072000
6	0		1129.462506000
6	1396		1129.463057000
6	1396		1129.494689000
6	0		1129.554147000
6	1396		1129.554574000
6	1396		1129.575753000
6	0		1129.646219000
6	1396		1129.646658000
6	1396		1129.666977000
6	0		1129.738458000
6	1396		1129.738908000
6	1396		1129.759218000
6	0		1129.829612000
6	1396		1129.830053000
6	1396		1129.850402000
6	0		1129.921813000
6	1396		1129.922243000
6	1396		1129.942568000
6	0		1130.013941000
6	1396		1130.014410000
6	1396		1130.030657000
6	1396		1130.063159000
6	1396		1130.095716000
6	0		1130.106121000
6	0		1130.119265000
6	0		1130.119327000
6	0		1130.142659000
6	41		1130.149561000
6	0		1130.172782000
6	21		1130.172815000
6	0		1130.172826000
6	1080		1130.173926000
6	0		1130.197135000
6	440		1130.197266000
6	0		1130.198300000
6	1396		1130.198820000
6	1396		1130.219106000
6	0		1130.238221000
6	48		1130.261479000
6	0		1130.261519000
6	280		1130.265822000
6	0		1130.288929000
6	0		1130.290554000
6	1396		1130.291051000
6	1396		1130.311355000
6	16		1130.359059000
6	0		1130.381745000
6	1396		1130.382223000
6	0		1130.402220000
6	1396		1130.402533000
6	52		1130.425366000
6	0		1130.425409000
6	52		1130.425527000
6	0		1130.448670000
6	100		1130.448703000
6	0		1130.473994000
6	1396		1130.474475000
6	0		1130.490248000
6	1396		1130.494799000
6	0		1130.566264000
6	1396		1130.566735000
6	1396		1130.587053000
6	0		1130.658511000
6	1396		1130.658974000
6	1396		1130.679317000
6	0		1130.703703000
6	1396		1130.719941000
6	1396		1130.760588000
6	0		1130.796540000
6	1396		1130.801224000
6	1396		1130.833740000
6	1396		1130.866253000
6	0		1130.888154000
6	1396		1130.898752000
6	0		1130.980184000
6	1396		1130.980617000
6	1396		1131.000933000
6	0		1131.072458000
6	1396		1131.072928000
6	1396		1131.093252000
6	0		1131.163690000
6	1396		1131.164122000
6	1396		1131.184457000
6	0		1131.255940000
6	1396		1131.256386000
6	1396		1131.276705000
6	0		1131.348183000
6	1396		1131.348669000
6	1396		1131.368996000
6	0		1131.440558000
6	1396		1131.441061000
6	0		1131.443162000
6	0		1131.443197000
6	1396		1131.461372000
6	0		1131.531864000
6	1396		1131.532319000
6	1396		1131.548564000
6	1396		1131.581280000
6	1396		1131.613577000
6	0		1131.623990000
6	0		1131.716140000
6	1396		1131.716582000
6	1396		1131.736916000
6	0		1131.807718000
6	1396		1131.808300000
6	1396		1131.828546000
6	0		1131.900002000
6	1396		1131.900469000
6	1396		1131.920795000
6	0		1131.946192000
6	1396		1131.961438000
6	1396		1132.002077000
6	0		1132.037905000
6	1396		1132.042715000
6	1396		1132.083352000
6	0		1132.129728000
6	1396		1132.130157000
6	1396		1132.164620000
6	68		1132.169463000
6	52		1132.192720000
6	0		1132.192766000
6	0		1132.192788000
6	0		1132.194302000
6	0		1132.217440000
6	0		1132.222028000
6	1396		1132.222502000
6	1396		1132.245916000
6	0		1132.314306000
6	1396		1132.314734000
6	1396		1132.333259000
6	1396		1132.370315000
6	0		1132.405676000
6	0		1132.497901000
6	1396		1132.498368000
6	1396		1132.521499000
6	1396		1132.567804000
6	0		1132.589996000
6	1396		1132.614093000
6	1396		1132.660418000
6	0		1132.682482000
6	1396		1132.706712000
6	1396		1132.753015000
6	0		1132.774161000
6	1396		1132.799325000
6	1396		1132.845732000
6	0		1132.865749000
6	1396		1132.891936000
6	1396		1132.938219000
6	0		1132.958451000
6	1396		1132.984540000
6	1396		1133.030820000
6	0		1133.050002000
6	1396		1133.077148000
6	1396		1133.123482000
6	0		1133.142559000
6	1396		1133.169761000
6	0		1133.234153000
6	0		1133.280345000
6	1396		1133.280818000
6	1396		1133.303975000
6	0		1133.372492000
6	1396		1133.372975000
6	1396		1133.396588000
6	0		1133.464021000
6	1396		1133.464465000
6	1396		1133.482980000
6	1396		1133.520010000
6	0		1133.556420000
6	1396		1133.557073000
6	1396		1133.594128000
6	1396		1133.631150000
6	0		1133.647624000
6	1396		1133.668206000
6	1396		1133.705240000
6	0		1133.739639000
6	1396		1133.742261000
6	1396		1133.804021000
6	0		1133.831635000
6	1396		1133.865755000
6	0		1133.924127000
6	1396		1133.927489000
6	1396		1133.989232000
6	0		1134.015938000
6	1396		1134.035533000
6	1396		1134.081839000
6	0		1134.107992000
6	1396		1134.128151000
6	1396		1134.174463000
6	0		1134.200561000
6	1396		1134.220763000
6	1396		1134.267072000
6	0		1134.292260000
6	1396		1134.313343000
6	1396		1134.359667000
6	0		1134.383703000
6	1396		1134.405974000
6	1396		1134.452265000
6	0		1134.476746000
6	1396		1134.498590000
6	0		1134.521935000
6	1396		1134.544891000
6	1396		1134.591186000
6	0		1134.614341000
6	1396		1134.637501000
6	1396		1134.683799000
6	0		1134.705967000
6	1396		1134.730088000
6	1396		1134.776415000
6	0		1134.798516000
6	1396		1134.822704000
6	1396		1134.868998000
6	0		1134.890195000
6	1396		1134.915291000
6	1396		1134.961605000
6	0		1134.981717000
6	1396		1135.007903000
6	1396		1135.044955000
6	0		1135.074340000
6	1396		1135.082921000
6	1396		1135.119045000
6	1396		1135.156099000
6	0		1135.166500000
6	1396		1135.217825000
6	0		1135.257738000
6	1396		1135.279569000
6	1396		1135.341280000
6	0		1135.350027000
6	1396		1135.387577000
6	1396		1135.433889000
6	0		1135.442082000
6	1396		1135.480197000
6	1396		1135.526505000
6	0		1135.533679000
6	34		1135.572817000
6	0		1135.626149000
6	1396		1135.672359000
6	564		1135.672396000
6	0		1135.672915000
6	1396		1135.681512000
6	1396		1135.719202000
6	1396		1135.765483000
6	0		1135.809736000
6	1396		1135.811784000
6	1396		1135.858104000
6	0		1135.902200000
6	1396		1135.904404000
6	1396		1135.950686000
6	0		1135.993801000
6	1396		1135.996989000
6	1396		1136.043312000
6	0		1136.086395000
6	1396		1136.089620000
6	1396		1136.126686000
6	1396		1136.163680000
6	0		1136.178133000
6	1396		1136.200728000
6	1396		1136.237795000
6	0		1136.270222000
6	1396		1136.274807000
6	1396		1136.311857000
6	1396		1136.348907000
6	0		1136.362587000
6	1396		1136.410636000
6	0		1136.454086000
6	1396		1136.472389000
6	1396		1136.518674000
6	0		1136.546070000
6	1396		1136.564988000
6	1396		1136.611297000
6	0		1136.638482000
6	1396		1136.657589000
6	1396		1136.703903000
6	0		1136.730158000
6	1396		1136.750211000
6	1396		1136.796496000
6	0		1136.821763000
6	1396		1136.842807000
6	1396		1136.889113000
6	0		1136.914197000
6	1396		1136.935428000
6	1396		1136.981704000
6	0		1137.005865000
6	1396		1137.028020000
6	1396		1137.065043000
6	0		1137.098412000
6	1396		1137.102110000
6	1396		1137.139160000
6	1396		1137.176189000
6	0		1137.190608000
6	1396		1137.237922000
6	0		1137.281709000
6	1396		1137.299661000
6	1396		1137.345970000
6	0		1137.374203000
6	1396		1137.392280000
6	0		1137.419950000
6	1396		1137.438570000
6	1396		1137.484890000
6	0		1137.511981000
6	1396		1137.531183000
6	1396		1137.576855000
6	0		1137.604523000
6	1396		1137.622538000
6	1396		1137.668221000
6	0		1137.695941000
6	1396		1137.713879000
6	1396		1137.759580000
6	0		1137.760860000
6	0		1137.760916000
6	0		1137.788297000
6	1396		1137.805255000
6	0		1137.845147000
6	41		1137.850751000
6	1396		1137.850920000
6	0		1137.879656000
6	1396		1137.896595000
6	1396		1137.933164000
6	0		1137.934833000
6	21		1137.934862000
6	0		1137.934872000
6	1080		1137.935887000
6	1387		1137.969700000
6	0		1137.972014000
6	0		1138.019826000
6	440		1138.019858000
6	0		1138.062232000
6	0		1138.064053000
6	1396		1138.110273000
6	565		1138.110297000
6	0		1138.110763000
6	48		1138.146196000
6	0		1138.146235000
6	280		1138.150328000
6	0		1138.234276000
6	16		1138.236278000
6	1396		1138.255520000
6	0		1138.278219000
6	1396		1138.278303000
6	1396		1138.323999000
6	52		1138.362203000
6	0		1138.362242000
6	52		1138.362353000
6	1396		1138.369677000
6	0		1138.386395000
6	1396		1138.415361000
6	84		1138.446300000
6	1396		1138.461037000
6	0		1138.478314000
6	0		1138.490216000
6	1396		1138.506813000
6	1396		1138.552419000
6	0		1138.570309000
6	1396		1138.598083000
6	1396		1138.643762000
6	0		1138.662594000
6	1396		1138.689443000
6	1396		1138.735110000
6	0		1138.753896000
6	1396		1138.780789000
6	1396		1138.826505000
6	0		1138.846239000
6	1396		1138.872167000
6	0		1138.886140000
6	0		1138.886193000
6	1396		1138.917841000
6	0		1138.938598000
6	1396		1138.963496000
6	1396		1139.000053000
6	0		1139.029937000
6	1396		1139.036590000
6	1396		1139.073134000
17		1358	1139.076425000
17		1358	1139.078562000
17		1358	1139.085157000
17		1358	1139.085202000
17		1358	1139.085208000
17		375	1139.085212000
6	1396		1139.109693000
6	673		1139.122563000
6	39		1139.122585000
6	0		1139.122591000
6	0		1139.123612000
6	0		1139.123651000
6	39		1139.123958000
6	67		1139.132344000
6	31		1139.132590000
6	39		1139.132905000
6	1396		1139.170588000
6	0		1139.170670000
6	41		1139.177117000
6	0		1139.214245000
6	1396		1139.231484000
17		1358	1139.260491000
6	1396		1139.277175000
17		49	1139.306051000
6	1396		1139.322889000
17		49	1139.352218000
6	1396		1139.368534000
17		174	1139.398263000
17		630	1139.399291000
17		102	1139.399315000
17		33	1139.423909000
6	0		1139.444124000
6	39		1139.444152000
6	0		1139.449310000
6	0		1139.461217000
6	21		1139.461254000
6	0		1139.461265000
6	1080		1139.462358000
6	0		1139.490289000
6	1396		1139.490819000
6	1396		1139.513645000
6	0		1139.582095000
6	1396		1139.582634000
6	1396		1139.605485000
6	0		1139.674081000
17		41	1139.674104000
6	1396		1139.674504000
6	1396		1139.697348000
6	0		1139.746484000
6	440		1139.746518000
6	0		1139.765895000
6	1396		1139.766356000
6	1396		1139.789188000
6	0		1139.790206000
6	0		1139.858565000
6	1396		1139.859099000
6	1396		1139.877391000
6	1396		1139.913943000
6	0		1139.949856000
6	1396		1139.950440000
6	0		1140.041817000
6	1396		1140.042268000
6	0		1140.055330000
6	0		1140.055397000
6	1396		1140.065112000
6	48		1140.073461000
6	0		1140.073499000
6	280		1140.077752000
6	0		1140.093885000
6	12		1140.094103000
6	0		1140.132253000
6	12		1140.132364000
6	0		1140.132377000
6	1		1140.132565000
6	4		1140.132579000
6	32		1140.132587000
6	0		1140.132598000
6	0		1140.150495000
6	1396		1140.150986000
6	0		1140.170696000
6	0		1140.170732000
6	0		1140.170736000
6	0		1140.170895000
6	0		1140.170913000
6	0		1140.170993000
6	1396		1140.174112000
6	0		1140.274605000
6	1396		1140.275072000
6	1396		1140.298202000
6	0		1140.361686000
6	16		1140.388584000
6	0		1140.398601000
6	1396		1140.399081000
6	1396		1140.422214000
6	0		1140.430210000
6	0		1140.522664000
6	1396		1140.523102000
6	1396		1140.546268000
6	68		1140.599676000
6	0		1140.645719000
6	1396		1140.646160000
6	1396		1140.669303000
6	52		1140.683709000
6	0		1140.683751000
6	0		1140.683772000
6	0		1140.685075000
6	52		1140.713260000
6	0		1140.713295000
6	52		1140.713366000
6	0		1140.769034000
6	0		1140.769632000
6	1396		1140.770119000
6	0		1140.776382000
6	0		1140.776438000
6	0		1140.786415000
6	1396		1140.788611000
6	1396		1140.825673000
6	1396		1140.862720000
6	0		1140.894039000
6	100		1140.996962000
6	0		1141.018409000
6	1396		1141.018887000
6	0		1141.038214000
6	1396		1141.042025000
6	0		1141.142424000
6	1396		1141.142886000
6	1396		1141.166039000
6	0		1141.266423000
6	1396		1141.266860000
6	1396		1141.290007000
6	0		1141.327673000
6	1396		1141.336311000
6	1396		1141.382635000
6	0		1141.452127000
6	1396		1141.452597000
6	1396		1141.475751000
6	0		1141.576190000
6	1396		1141.576629000
6	1396		1141.599781000
6	0		1141.700229000
6	1396		1141.700702000
6	1396		1141.723870000
6	0		1141.824367000
6	1396		1141.824811000
6	1396		1141.843334000
6	1396		1141.880367000
6	1396		1141.917411000
6	0		1141.947745000
6	0		1142.071987000
6	1396		1142.072440000
6	1396		1142.095609000
6	0		1142.196064000
6	1396		1142.196503000
6	1396		1142.219665000
6	0		1142.320139000
6	1396		1142.320612000
6	1396		1142.343757000
6	0		1142.444199000
6	1396		1142.444701000
6	1396		1142.467859000
6	0		1142.568300000
6	1396		1142.568744000
6	1396		1142.591902000
6	0		1142.692357000
6	68		1142.758366000
6	0		1142.815672000
6	1396		1142.816144000
6	1396		1142.839299000
6	0		1142.939726000
6	1396		1142.940206000
6	1396		1142.963365000
6	0		1143.001938000
6	1396		1143.009663000
6	52		1143.044993000
6	0		1143.045039000
6	0		1143.046097000
6	1396		1143.046687000
6	0		1143.046851000
6	1396		1143.083744000
6	1396		1143.120808000
6	0		1143.126477000
6	1396		1143.157854000
6	269		1143.194879000
6	0		1143.250282000
6	0		1143.330984000
6	0		1143.374475000
6	0		1143.436530000
6	1396		1143.497687000
6	688		1143.497722000
6	0		1143.498195000
6	1396		1143.590825000
6	1396		1143.613973000
6	1396		1143.660336000
6	1396		1143.706558000
6	0		1143.745890000
6	1396		1143.752869000
6	1396		1143.799186000
6	1396		1143.845489000
6	0		1143.869665000
6	1396		1143.891826000
6	1396		1143.938106000
6	1396		1143.984398000
6	0		1143.994281000
6	1396		1144.030723000
6	1396		1144.079829000
6	0		1144.118249000
6	1396		1144.128959000
6	1396		1144.178073000
6	0		1144.242567000
6	1396		1144.243054000
6	1396		1144.266465000
6	1396		1144.305777000
6	1396		1144.345095000
6	0		1144.365867000
6	0		1144.489723000
6	0		1144.614030000
6	1396		1144.614472000
6	1396		1144.645635000
6	0		1144.738111000
6	1396		1144.738595000
6	1396		1144.770256000
6	0		1144.808925000
6	0		1144.808980000
6	0		1144.861674000
6	1396		1144.862149000
6	1396		1144.894856000
6	0		1144.973285000
6	41		1144.979048000
6	0		1144.986260000
6	1396		1144.986739000
6	1396		1145.019470000
6	0		1145.109927000
6	1396		1145.110367000
6	0		1145.143148000
6	21		1145.143191000
6	0		1145.143206000
6	1396		1145.144048000
6	1080		1145.144286000
6	0		1145.234480000
6	1396		1145.234945000
6	1396		1145.259874000
6	0		1145.308300000
6	440		1145.308425000
6	1396		1145.309706000
6	0		1145.350212000
6	0		1145.358039000
6	1396		1145.359557000
6	0		1145.420228000
6	1396		1145.420722000
6	1396		1145.471716000
6	48		1145.514188000
6	0		1145.514230000
6	280		1145.518248000
6	0		1145.544174000
6	1396		1145.544633000
6	1396		1145.588330000
6	0		1145.667745000
6	1396		1145.668252000
6	0		1145.682220000
6	16		1145.684393000
6	1396		1145.696991000
6	0		1145.726240000
6	0		1145.792423000
6	1396		1145.792886000
6	1396		1145.820053000
6	52		1145.890239000
6	0		1145.890280000
6	52		1145.890376000
6	0		1145.916513000
6	1396		1145.916991000
6	1396		1145.944154000
6	0		1146.040561000
6	1396		1146.040989000
6	84		1146.054348000
6	1396		1146.068154000
6	0		1146.098233000
6	0		1146.164611000
6	1396		1146.165087000
6	1396		1146.186881000
6	1396		1146.230273000
6	1396		1146.273759000
6	0		1146.288292000
6	0		1146.412360000
6	1396		1146.412814000
6	1396		1146.439967000
6	0		1146.536474000
6	1396		1146.536952000
6	1396		1146.564080000
6	0		1146.660478000
6	1396		1146.660950000
6	1396		1146.688114000
6	0		1146.784532000
6	1396		1146.785001000
6	1396		1146.812167000
6	0		1146.908596000
6	1396		1146.909102000
6	1396		1146.936247000
6	0		1147.031652000
6	1396		1147.032112000
6	1396		1147.059282000
6	0		1147.093867000
6	1396		1147.113583000
6	1396		1147.167906000
6	0		1147.218049000
6	1396		1147.222226000
6	1396		1147.265669000
6	1396		1147.309129000
6	0		1147.342216000
6	1396		1147.352583000
6	0		1147.466083000
6	1396		1147.466526000
6	1396		1147.493700000
6	0		1147.590202000
6	1396		1147.590680000
6	1396		1147.617835000
6	0		1147.714242000
6	1396		1147.714691000
6	1396		1147.741853000
6	1396		1147.796176000
6	0		1147.838329000
6	1396		1147.850481000
6	1396		1147.904811000
6	1396		1147.959126000
6	0		1147.961929000
6	1396		1148.013438000
6	1396		1148.067769000
6	0		1148.085942000
6	1396		1148.122089000
6	0		1148.172724000
6	0		1148.172790000
6	1396		1148.176388000
6	0		1148.209651000
6	0		1148.211879000
6	12		1148.212092000
6	1396		1148.230700000
6	0		1148.251293000
6	12		1148.251333000
6	0		1148.251345000
6	1		1148.251516000
6	4		1148.251529000
6	32		1148.251539000
6	0		1148.251548000
6	1396		1148.285017000
6	0		1148.290525000
6	0		1148.290593000
6	0		1148.290628000
6	0		1148.290735000
6	0		1148.290751000
6	0		1148.334161000
6	1396		1148.339342000
6	1396		1148.401668000
6	0		1148.457848000
6	1396		1148.463946000
6	1396		1148.526292000
6	0		1148.582456000
6	1396		1148.588555000
6	68		1148.638390000
6	1396		1148.650883000
6	0		1148.706325000
6	1396		1148.713155000
6	1396		1148.763040000
6	52		1148.802426000
6	0		1148.802468000
6	0		1148.802489000
6	0		1148.804082000
6	1396		1148.812871000
6	0		1148.830144000
6	1396		1148.862710000
6	0		1148.892287000
6	0		1148.968030000
6	0		1149.016371000
6	1396		1149.016869000
6	1396		1149.046912000
6	0		1149.140381000
6	1396		1149.140915000
6	1396		1149.170693000
6	0		1149.264178000
6	1396		1149.264633000
6	1396		1149.294483000
6	1396		1149.354146000
6	0		1149.387982000
6	1396		1149.413817000
6	1396		1149.473515000
6	0		1149.512264000
6	1396		1149.533165000
6	1396		1149.592861000
6	0		1149.636560000
6	1396		1149.652496000
6	1396		1149.712172000
6	0		1149.759922000
6	1396		1149.771846000
6	1396		1149.831511000
6	0		1149.884227000
6	1396		1149.891191000
6	1396		1149.950868000
6	0		1150.007690000
6	1396		1150.010524000
6	1396		1150.070209000
6	1396		1150.129874000
6	0		1150.131898000
6	1396		1150.189557000
6	1396		1150.249233000
6	0		1150.255974000
6	1396		1150.308892000
6	1396		1150.368587000
6	0		1150.380268000
6	1396		1150.428276000
6	1396		1150.487930000
6	0		1150.503835000
6	1396		1150.547592000
6	0		1150.566450000
6	1396		1150.595360000
6	1396		1150.643067000
6	0		1150.689956000
6	1396		1150.690790000
6	1396		1150.738562000
6	1396		1150.786282000
6	0		1150.814031000
6	1396		1150.865847000
6	0		1150.938367000
6	1396		1150.945423000
6	1396		1151.024981000
6	0		1151.061897000
6	1396		1151.084641000
6	1396		1151.144310000
6	0		1151.186086000
6	1396		1151.204007000
6	1396		1151.263676000
6	0		1151.310461000
6	1396		1151.323337000
6	1396		1151.383033000
6	0		1151.433724000
6	1396		1151.442696000
6	1396		1151.502402000
6	0		1151.558098000
6	1396		1151.562063000
6	1396		1151.621708000
6	1396		1151.681390000
6	0		1151.682436000
6	1396		1151.741070000
6	1396		1151.800731000
6	0		1151.806508000
6	1396		1151.860412000
6	1396		1151.920062000
6	0		1151.929845000
6	1396		1151.979742000
6	1396		1152.039448000
6	0		1152.054270000
6	1396		1152.099100000
6	1396		1152.158765000
6	0		1152.178541000
6	1396		1152.218450000
6	1396		1152.278126000
6	0		1152.301928000
6	1396		1152.337866000
6	0		1152.363654000
6	1396		1152.397472000
6	1396		1152.457124000
6	0		1152.487916000
6	1396		1152.504886000
6	1396		1152.552637000
6	1396		1152.600357000
6	0		1152.612394000
6	1396		1152.648097000
6	1396		1152.695837000
6	0		1152.736496000
6	1396		1152.743575000
6	1396		1152.823728000
6	0		1152.860452000
6	1396		1152.903828000
6	1396		1152.963909000
6	0		1152.984280000
6	1396		1153.024034000
6	1396		1153.084100000
6	0		1153.108480000
6	1396		1153.144203000
6	1396		1153.204307000
6	0		1153.231677000
6	1396		1153.264385000
6	1396		1153.324507000
6	0		1153.355913000
6	1396		1153.384588000
6	1396		1153.444706000
6	0		1153.480070000
6	1396		1153.504778000
6	1396		1153.564871000
6	0		1153.604248000
6	1396		1153.624974000
6	1396		1153.685052000
6	0		1153.728431000
6	1396		1153.745140000
6	1396		1153.805246000
6	0		1153.851697000
6	1396		1153.865392000
6	1396		1153.925421000
6	0		1153.975808000
6	1396		1153.985530000
6	0		1154.038003000
6	1396		1154.045622000
6	1396		1154.105727000
6	0		1154.162030000
6	1396		1154.165842000
6	1396		1154.225905000
6	1396		1154.285998000
6	0		1154.286293000
6	1396		1154.346112000
6	1396		1154.406246000
6	0		1154.410584000
6	1396		1154.466275000
6	1396		1154.526394000
6	0		1154.533676000
6	1396		1154.586465000
6	1396		1154.634552000
6	0		1154.657965000
6	0		1154.661164000
6	0		1154.661215000
6	1396		1154.682636000
6	1396		1154.730696000
6	0		1154.782056000
6	1396		1154.810830000
6	0		1154.850054000
6	41		1154.855513000
6	1396		1154.890975000
6	0		1154.906404000
6	1396		1154.971088000
6	0		1155.029681000
6	0		1155.044057000
6	21		1155.051002000
6	0		1155.051035000
6	1396		1155.051211000
6	1080		1155.051989000
17		1124	1155.092066000
17		35	1155.093734000
17		350	1155.101970000
17		33	1155.102011000
6	1396		1155.131359000
6	0		1155.154609000
6	1396		1155.191461000
6	440		1155.247435000
6	1396		1155.251532000
6	0		1155.278277000
17		43	1155.278300000
17		41	1155.278307000
6	0		1155.290222000
17		33	1155.304220000
6	1396		1155.311620000
6	1396		1155.371731000
6	0		1155.402111000
6	1396		1155.431848000
6	0		1155.478587000
6	0		1155.478646000
6	48		1155.478841000
6	0		1155.478859000
6	280		1155.483549000
6	1396		1155.491916000
6	0		1155.514848000
6	0		1155.526337000
6	1396		1155.552014000
6	1396		1155.612104000
6	0		1155.650461000
6	1396		1155.672195000
6	16		1155.689635000
6	0		1155.730215000
6	1396		1155.732306000
6	0		1155.773645000
6	1396		1155.792383000
6	0		1155.897808000
6	1396		1155.898240000
6	52		1155.918762000
6	0		1155.918796000
6	52		1155.918889000
6	1396		1155.928293000
6	0		1156.021726000
6	1396		1156.022164000
6	1396		1156.052208000
6	100		1156.107561000
6	1396		1156.112291000
6	0		1156.146594000
6	0		1156.150211000
6	1396		1156.172416000
6	1396		1156.232509000
6	0		1156.269905000
6	1396		1156.292629000
6	1396		1156.352689000
6	0		1156.394206000
6	1396		1156.412778000
6	0		1156.456362000
6	1396		1156.472882000
6	1396		1156.532979000
6	0		1156.580354000
6	1396		1156.593057000
6	1396		1156.653160000
6	0		1156.703649000
6	1396		1156.713258000
6	1396		1156.773789000
6	0		1156.827788000
6	1396		1156.834305000
6	1396		1156.894831000
6	0		1156.951833000
6	1396		1156.955370000
6	1396		1157.003782000
6	1396		1157.052201000
6	0		1157.076338000
6	1396		1157.100622000
6	1396		1157.149019000
6	1396		1157.197446000
6	0		1157.200049000
6	1396		1157.278163000
6	0		1157.324143000
6	1396		1157.358892000
6	1396		1157.439575000
6	0		1157.448376000
6	1396		1157.520276000
6	0		1157.572262000
6	1396		1157.580831000
6	1396		1157.641312000
6	0		1157.696249000
6	1396		1157.701843000
6	1396		1157.762357000
6	0		1157.820427000
6	1396		1157.822929000
6	1396		1157.882023000
6	1396		1157.883447000
6	0		1157.887252000
6	1396		1157.943962000
6	565		1157.944368000
6	0		1157.944391000
6	0		1157.944803000
6	1396		1157.945570000
6	1396		1158.003482000
6	1396		1158.004451000
6	1396		1158.062088000
6	656		1158.065033000
6	0		1158.067809000
6	1396		1158.120743000
6	1396		1158.179371000
6	0		1158.192194000
6	1396		1158.238021000
6	0		1158.254424000
6	0		1158.254444000
6	1396		1158.296676000
6	0		1158.316398000
6	0		1158.316420000
6	1396		1158.355351000
6	0		1158.378605000
6	1396		1158.413969000
6	0		1158.439857000
6	1396		1158.472595000
6	0		1158.501939000
6	1396		1158.531231000
6	0		1158.564163000
6	1396		1158.590057000
6	0		1158.626602000
6	1396		1158.636803000
6	1396		1158.683714000
6	0		1158.687823000
6	1396		1158.730630000
6	68		1158.732633000
6	0		1158.749899000
6	1396		1158.777526000
6	0		1158.811850000
6	1396		1158.824445000
6	0		1158.873785000
6	1396		1158.902627000
6	52		1158.931493000
6	0		1158.931537000
6	0		1158.931557000
6	0		1158.932795000
6	0		1158.935941000
6	1396		1158.980800000
6	0		1158.998104000
6	1396		1159.059024000
6	0		1159.060274000
6	0		1159.121380000
6	0		1159.121687000
6	0		1159.121714000
6	1396		1159.137183000
6	0		1159.184473000
6	1396		1159.195849000
6	1396		1159.254467000
6	0		1159.308341000
6	1396		1159.310066000
6	1396		1159.365593000
6	1396		1159.421180000
6	0		1159.432202000
6	1396		1159.476745000
6	1396		1159.532322000
6	0		1159.556446000
6	1396		1159.587871000
6	1396		1159.643450000
6	0		1159.680460000
6	1396		1159.698970000
6	1396		1159.754561000
6	0		1159.804546000
6	1396		1159.810116000
6	1396		1159.865670000
6	1396		1159.921245000
6	0		1159.927708000
6	1396		1159.976825000
6	1396		1160.032368000
6	0		1160.052437000
6	1396		1160.087952000
6	1396		1160.143548000
6	0		1160.176530000
6	1396		1160.199069000
6	1396		1160.254694000
6	0		1160.300624000
6	1396		1160.310213000
6	1396		1160.365796000
6	1396		1160.421327000
6	0		1160.424126000
6	1396		1160.476906000
6	1396		1160.532444000
6	0		1160.549044000
6	1396		1160.576912000
6	1396		1160.621351000
6	1396		1160.665815000
6	0		1160.672510000
6	1396		1160.710456000
6	1396		1160.754707000
6	0		1160.796014000
6	1396		1160.799168000
6	0		1160.858312000
6	1396		1160.873243000
6	1396		1160.947333000
6	0		1160.981846000
6	1396		1161.021435000
6	1396		1161.095516000
6	0		1161.106137000
6	1396		1161.151055000
6	1396		1161.206668000
6	0		1161.229638000
6	1396		1161.262209000
6	1396		1161.317804000
6	0		1161.353835000
6	1396		1161.373320000
6	1396		1161.428885000
6	0		1161.477839000
6	1396		1161.484456000
6	1396		1161.540012000
6	1396		1161.595595000
6	0		1161.602010000
6	1396		1161.651154000
6	1396		1161.706717000
6	0		1161.726666000
6	1396		1161.762280000
6	1380		1161.817855000
6	0		1161.849823000
6	0		1161.974508000
6	0		1162.097861000
6	0		1162.222197000
6	0		1162.346389000
6	1396		1162.408595000
6	688		1162.408625000
6	0		1162.409065000
6	1396		1162.527866000
6	1396		1162.555651000
6	1396		1162.611208000
6	0		1162.656370000
6	1396		1162.666760000
6	1396		1162.722305000
6	1396		1162.777892000
6	0		1162.780230000
6	1396		1162.822338000
6	1396		1162.866781000
6	0		1162.903914000
6	1396		1162.911257000
6	1396		1162.985332000
6	0		1163.027839000
6	1396		1163.040896000
6	1396		1163.096450000
6	1396		1163.152015000
6	0		1163.152444000
6	1396		1163.207594000
6	1396		1163.263148000
6	0		1163.276160000
6	1396		1163.318715000
6	1396		1163.374303000
6	0		1163.400313000
6	1396		1163.429845000
6	1396		1163.485427000
6	0		1163.524430000
6	1396		1163.540984000
6	1396		1163.596548000
6	0		1163.648559000
6	1396		1163.652077000
6	1396		1163.696546000
6	1396		1163.741039000
6	0		1163.772073000
6	1396		1163.785458000
6	0		1163.895989000
6	1396		1163.896437000
6	1396		1163.924604000
6	0		1164.020523000
6	1396		1164.020971000
6	1396		1164.049154000
6	0		1164.143740000
6	1396		1164.144222000
6	1396		1164.172364000
6	0		1164.267894000
6	1396		1164.268346000
6	0		1164.292172000
6	0		1164.292237000
6	1396		1164.296492000
6	0		1164.331496000
6	12		1164.331706000
6	0		1164.370694000
6	12		1164.370813000
6	0		1164.370844000
6	1		1164.371060000
6	4		1164.371085000
6	32		1164.371095000
6	0		1164.371106000
6	0		1164.392529000
6	1396		1164.393025000
6	0		1164.410061000
6	0		1164.410144000
6	0		1164.410151000
6	0		1164.410155000
6	0		1164.410169000
6	0		1164.410270000
6	1396		1164.421195000
6	0		1164.454160000
6	0		1164.454222000
6	0		1164.515724000
6	1396		1164.516218000
6	1396		1164.541211000
6	1396		1164.591207000
6	0		1164.639780000
6	1396		1164.641198000
6	0		1164.687492000
6	1396		1164.691191000
6	41		1164.694197000
6	1396		1164.741195000
6	0		1164.764328000
6	1396		1164.781172000
6	1396		1164.821160000
6	1396		1164.861178000
6	0		1164.887736000
6	0		1164.927259000
6	1396		1164.927801000
6	21		1164.938504000
6	0		1164.938544000
6	1080		1164.939647000
6	1396		1164.977819000
6	0		1165.012246000
6	1396		1165.027794000
6	1396		1165.077793000
6	0		1165.136338000
6	1396		1165.136804000
6	440		1165.174624000
6	1396		1165.177767000
6	0		1165.218234000
6	0		1165.260355000
6	1396		1165.260866000
6	1396		1165.285850000
6	0		1165.384684000
6	1396		1165.385161000
6	1396		1165.410167000
6	48		1165.451098000
6	0		1165.451142000
6	280		1165.455667000
6	0		1165.508215000
6	1396		1165.508693000
6	1396		1165.533677000
6	0		1165.632233000
6	1396		1165.632735000
6	1396		1165.652736000
6	1396		1165.692731000
6	16		1165.693021000
6	1396		1165.732693000
6	0		1165.734211000
6	0		1165.756227000
6	0		1165.880393000
6	1396		1165.880887000
6	1396		1165.905875000
6	52		1165.967036000
6	0		1165.967079000
6	52		1165.967199000
6	0		1166.004495000
6	1396		1166.004979000
6	1396		1166.029960000
6	0		1166.128679000
6	1396		1166.129143000
6	1396		1166.154157000
6	84		1166.202553000
6	0		1166.246229000
6	0		1166.251663000
6	1396		1166.252115000
6	1396		1166.277112000
6	1396		1166.327120000
6	0		1166.376575000
6	1396		1166.377083000
6	1396		1166.427096000
6	0		1166.499724000
6	1396		1166.500192000
6	1396		1166.527140000
6	0		1166.623720000
6	1396		1166.624212000
6	1396		1166.644198000
6	1396		1166.684204000
6	1396		1166.724197000
6	0		1166.748083000
6	0		1166.871828000
6	1396		1166.872335000
6	1396		1166.897289000
6	0		1166.995824000
6	1396		1166.996336000
6	1396		1167.021316000
6	0		1167.119868000
6	1396		1167.120312000
6	1396		1167.145287000
6	0		1167.243801000
6	1396		1167.244274000
6	1396		1167.269261000
6	0		1167.367856000
6	1396		1167.368409000
6	1396		1167.393405000
6	0		1167.491992000
6	1396		1167.492460000
6	1396		1167.517519000
6	0		1167.616365000
6	1396		1167.616834000
6	1396		1167.636799000
6	1396		1167.676803000
6	1396		1167.716789000
6	0		1167.740361000
6	0		1167.864545000
6	0		1167.987886000
6	1396		1167.988389000
6	1396		1168.013376000
6	0		1168.111931000
6	1396		1168.112369000
6	1396		1168.137383000
6	68		1168.201511000
6	0		1168.236212000
6	1396		1168.236729000
6	1396		1168.261706000
6	1396		1168.311712000
6	0		1168.360296000
6	1396		1168.361688000
6	1396		1168.412749000
6	52		1168.436943000
6	0		1168.436993000
6	0		1168.437017000
6	0		1168.438833000
6	1396		1168.461700000
6	0		1168.484450000
6	1396		1168.511666000
6	1396		1168.561680000
6	0		1168.608183000
6	1396		1168.611663000
6	1396		1168.661657000
6	0		1168.671717000
6	1396		1168.711659000
6	0		1168.732240000
6	1396		1168.761641000
6	1396		1168.811630000
6	0		1168.856200000
6	1396		1168.861595000
6	1396		1168.904518000
6	0		1168.980340000
6	0		1169.104495000
6	1396		1169.104987000
6	1396		1169.131804000
6	0		1169.218164000
6	0		1169.218215000
6	0		1169.228362000
6	1396		1169.228825000
6	1396		1169.255666000
6	0		1169.352235000
6	1396		1169.352688000
6	1396		1169.379488000
6	0		1169.476025000
6	1396		1169.476500000
6	1396		1169.503292000
6	0		1169.599887000
6	1396		1169.600342000
6	1396		1169.627144000
6	0		1169.724237000
6	1396		1169.724690000
6	1396		1169.749741000
6	1396		1169.799890000
6	0		1169.848253000
6	1396		1169.850041000
6	1396		1169.900178000
6	1396		1169.950314000
6	0		1169.971787000
6	1396		1169.990426000
6	1396		1170.030560000
6	0		1170.047938000
6	0		1170.048016000
6	0		1170.064966000
6	41		1170.070455000
6	1396		1170.070623000
6	0		1170.086887000
6	21		1170.086942000
6	0		1170.086957000
6	1080		1170.088200000
6	0		1170.096052000
6	0		1170.104412000
6	440		1170.108920000
6	1396		1170.137494000
6	0		1170.150210000
6	48		1170.166597000
6	0		1170.166643000
6	280		1170.170968000
6	0		1170.187364000
6	1396		1170.187602000
6	16		1170.191888000
6	0		1170.220033000
6	0		1170.234218000
6	1396		1170.237762000
6	52		1170.250573000
6	0		1170.250616000
6	52		1170.250827000
6	84		1170.267083000
6	1396		1170.287904000
6	0		1170.310233000
6	0		1170.344573000
6	1396		1170.345012000
6	1396		1170.388196000
6	0		1170.393687000
6	0		1170.393734000
6	0		1170.467742000
6	1396		1170.468205000
6	1396		1170.493287000
6	0		1170.582337000
6	0		1170.592980000
6	1396		1170.593458000
6	1396		1170.618526000
6	0		1170.716393000
6	0		1170.716422000
6	1396		1170.716868000
6	0		1170.717535000
6	1396		1170.741955000
6	0		1170.840492000
6	1396		1170.840991000
6	1396		1170.861025000
6	1396		1170.901137000
6	1396		1170.941248000
6	0		1170.963640000
6	0		1171.088146000
6	1396		1171.088625000
6	1396		1171.113695000
6	0		1171.212174000
6	1396		1171.212642000
6	1396		1171.237692000
6	0		1171.336154000
6	1396		1171.336620000
6	1396		1171.361719000
6	0		1171.460325000
6	1396		1171.460815000
6	1396		1171.485837000
6	0		1171.522473000
6	1396		1171.535985000
6	1396		1171.586146000
6	0		1171.646579000
6	1396		1171.647550000
6	1396		1171.686446000
6	0		1171.770389000
6	1396		1171.770876000
6	1396		1171.795934000
6	0		1171.894508000
6	1396		1171.894981000
6	1396		1171.915001000
6	1396		1171.955133000
6	1396		1171.995269000
6	0		1172.017724000
6	0		1172.142008000
6	1396		1172.142516000
6	1396		1172.167567000
6	0		1172.266189000
6	1396		1172.266654000
6	1396		1172.291747000
6	0		1172.390465000
6	1396		1172.390926000
6	1396		1172.416002000
6	68		1172.479834000
6	52		1172.496313000
6	0		1172.496362000
6	0		1172.496385000
6	0		1172.498075000
6	0		1172.513954000
6	0		1172.514411000
6	1396		1172.514445000
6	1396		1172.539508000
6	0		1172.638069000
6	1396		1172.638539000
6	1396		1172.663594000
6	0		1172.762220000
6	1396		1172.762714000
6	1396		1172.787771000
6	1396		1172.837903000
6	0		1172.886386000
6	1396		1172.888031000
6	1396		1172.938185000
6	1396		1172.988351000
6	0		1173.010369000
6	1396		1173.038460000
6	1396		1173.088576000
6	0		1173.134017000
6	1396		1173.138740000
6	1396		1173.178835000
6	1396		1173.218984000
6	0		1173.257940000
6	1396		1173.259065000
6	1396		1173.299209000
6	1396		1173.339298000
6	1396		1173.379394000
6	0		1173.382110000
6	1396		1173.446265000
6	0		1173.506600000
6	1396		1173.513133000
6	1396		1173.579991000
6	0		1173.629635000
6	1396		1173.630115000
6	1396		1173.680268000
6	1396		1173.730381000
6	0		1173.753819000
6	1396		1173.780538000
6	1396		1173.830688000
6	0		1173.878222000
6	1396		1173.880822000
6	1396		1173.930948000
6	0		1174.002562000
6	1396		1174.003040000
6	1396		1174.031250000
6	0		1174.126313000
6	1396		1174.126790000
6	1396		1174.151863000
6	0		1174.250489000
6	1396		1174.251015000
6	0		1174.374432000
6	1396		1174.374975000
6	1396		1174.402710000
6	0		1174.498324000
6	1396		1174.498791000
6	1396		1174.526593000
6	0		1174.622585000
6	1396		1174.623050000
6	1396		1174.650826000
6	0		1174.746383000
6	0		1174.869717000
6	0		1174.994079000
6	1396		1174.994542000
6	0		1175.118130000
6	1396		1175.118605000
6	1396		1175.146368000
6	0		1175.242192000
6	1396		1175.242631000
6	1396		1175.270418000
6	1396		1175.326032000
6	0		1175.366032000
6	1396		1175.381546000
6	1396		1175.437126000
6	0		1175.490505000
6	1396		1175.492714000
6	1396		1175.548246000
6	1396		1175.603867000
6	0		1175.613963000
6	1396		1175.659402000
6	1396		1175.714940000
6	0		1175.738300000
6	1396		1175.770547000
6	1396		1175.826138000
6	0		1175.862256000
6	1396		1175.881699000
6	1396		1175.937252000
6	0		1175.986400000
6	1396		1175.992808000
6	1396		1176.049703000
6	1396		1176.103890000
6	0		1176.110444000
6	1396		1176.148365000
6	1396		1176.192834000
6	0		1176.234064000
6	1396		1176.237288000
6	1396		1176.281716000
6	1396		1176.326165000
6	0		1176.358425000
6	1396		1176.400267000
6	1396		1176.474364000
6	0		1176.481850000
6	1396		1176.548420000
6	0		1176.606078000
6	1396		1176.622505000
6	1396		1176.696596000
6	0		1176.730253000
6	1396		1176.752171000
6	1396		1176.807708000
6	0		1176.853802000
6	1396		1176.863256000
6	1396		1176.918821000
6	1396		1176.974426000
6	0		1176.977733000
6	1396		1177.029951000
6	1396		1177.085544000
6	0		1177.102386000
6	1396		1177.141121000
6	1396		1177.196687000
6	0		1177.225855000
6	451		1177.252257000
6	0		1177.349794000
6	0		1177.474087000
6	0		1177.536346000
6	1396		1177.598584000
6	565		1177.598617000
6	0		1177.599093000
6	1396		1177.600166000
6	1396		1177.654746000
6	1396		1177.710239000
6	1396		1177.765829000
6	0		1177.783933000
6	1396		1177.821374000
6	1396		1177.876966000
6	0		1177.907983000
6	1396		1177.932481000
6	1396		1177.988042000
6	0		1178.031992000
6	1396		1178.043641000
6	1396		1178.099215000
6	0		1178.156258000
6	1396		1178.156989000
6	1396		1178.199189000
6	1396		1178.243671000
6	0		1178.280375000
6	0		1178.280410000
6	1396		1178.288080000
6	1396		1178.332540000
6	1396		1178.377019000
6	0		1178.404345000
6	1396		1178.451096000
6	1396		1178.525206000
6	0		1178.527742000
6	1396		1178.599275000
6	0		1178.652126000
6	1396		1178.654829000
6	1396		1178.710430000
6	1396		1178.765951000
6	0		1178.776030000
6	1396		1178.821520000
6	1396		1178.877149000
6	0		1178.900246000
6	1396		1178.932650000
6	1396		1178.988210000
6	0		1179.024294000
6	1396		1179.043792000
17		743	1179.085926000
17		35	1179.087673000
17		74	1179.096622000
17		33	1179.096760000
6	1396		1179.099347000
6	0		1179.148522000
6	1396		1179.154906000
6	1396		1179.210493000
6	0		1179.281793000
6	1396		1179.283034000
6	1396		1179.321609000
17		43	1179.333721000
17		41	1179.333750000
17		33	1179.359361000
6	0		1179.396519000
6	1396		1179.397047000
6	1396		1179.432725000
6	0		1179.519876000
6	1396		1179.520542000
6	1396		1179.548117000
17		41	1179.582373000
17		33	1179.582940000
6	0		1179.643742000
6	1396		1179.644214000
6	1396		1179.672035000
6	0		1179.768763000
6	1396		1179.769294000
6	1396		1179.797044000
6	0		1179.829963000
6	1396		1179.852655000
6	1396		1179.908180000
6	0		1179.950736000
6	0		1179.950787000
6	0		1179.954338000
6	1396		1179.963758000
6	1396		1180.008200000
6	1396		1180.052663000
6	0		1180.077936000
6	1396		1180.097099000
6	1396		1180.141558000
6	1396		1180.186841000
6	0		1180.201750000
6	0		1180.326551000
6	1396		1180.327043000
6	385		1180.364090000
6	1396		1180.388016000
6	0		1180.393468000
6	0		1180.412604000
6	0		1180.412668000
6	565		1180.449711000
6	0		1180.449747000
6	0		1180.450265000
6	1396		1180.451017000
6	0		1180.451611000
6	12		1180.451878000
6	0		1180.490620000
6	12		1180.490667000
6	0		1180.490683000
6	1		1180.490938000
6	4		1180.490966000
6	32		1180.490976000
6	0		1180.490993000
6	1396		1180.512521000
6	0		1180.529687000
6	0		1180.529731000
6	0		1180.529736000
6	0		1180.529760000
6	0		1180.529778000
6	0		1180.573982000
6	1396		1180.574832000
6	0		1180.636149000
6	1396		1180.637147000
6	0		1180.698366000
6	1396		1180.699484000
6	0		1180.759730000
6	1396		1180.761750000
6	0		1180.822190000
6	1396		1180.824087000
6	0		1180.884397000
6	1396		1180.886379000
6	0		1180.945730000
6	1396		1180.948704000
6	0		1181.007879000
6	1396		1181.011003000
6	0		1181.078242000
6	1396		1181.078686000
6	0		1181.132058000
6	1396		1181.135609000
6	1396		1181.185452000
6	0		1181.193897000
6	1396		1181.235275000
6	0		1181.256154000
6	1396		1181.285150000
6	0		1181.317824000
6	1396		1181.334991000
6	0		1181.379717000
6	1396		1181.384812000
6	1396		1181.434658000
6	0		1181.441948000
6	0		1181.504170000
6	1396		1181.517733000
6	0		1181.566063000
6	1396		1181.600814000
6	0		1181.628210000
6	1396		1181.683889000
6	0		1181.690373000
6	1396		1181.766966000
6	0		1181.814543000
6	1396		1181.829263000
6	1396		1181.891566000
6	0		1181.937763000
6	1396		1181.953884000
6	1396		1182.016189000
6	0		1182.062401000
6	1396		1182.078465000
6	1396		1182.140791000
6	0		1182.185931000
6	1396		1182.203107000
6	0		1182.248249000
6	1396		1182.265383000
6	1396		1182.327712000
6	0		1182.371960000
6	1396		1182.390012000
6	1396		1182.452321000
6	0		1182.496536000
6	1396		1182.514608000
6	1396		1182.576931000
6	0		1182.620153000
6	1396		1182.639240000
6	1396		1182.701551000
6	0		1182.743743000
6	1396		1182.763874000
6	1396		1182.826176000
6	0		1182.868364000
6	1396		1182.888453000
6	1396		1182.950737000
6	0		1182.992028000
6	1396		1183.013057000
6	1396		1183.075372000
6	0		1183.115703000
6	1396		1183.137672000
6	1396		1183.202910000
6	0		1183.240242000
6	1396		1183.262260000
6	1396		1183.312110000
6	1396		1183.361948000
6	0		1183.363670000
6	1396		1183.412013000
6	1396		1183.462067000
6	0		1183.488434000
6	1396		1183.512036000
6	1396		1183.562067000
6	0		1183.612446000
6	1396		1183.645449000
6	1396		1183.728822000
6	0		1183.735886000
6	1396		1183.812231000
6	0		1183.860574000
6	1396		1183.874764000
6	1396		1183.937300000
6	0		1183.984272000
6	1396		1183.999827000
6	0		1184.045800000
6	13		1184.062345000
6	1396		1184.108072000
6	0		1184.113253000
6	565		1184.170461000
6	0		1184.170493000
6	0		1184.170910000
6	1396		1184.171690000
6	1396		1184.231677000
6	1396		1184.292445000
6	1396		1184.353176000
6	0		1184.356324000
6	1396		1184.413881000
6	1396		1184.474679000
6	0		1184.480329000
6	1396		1184.535405000
6	1396		1184.596119000
6	0		1184.603975000
6	1396		1184.656906000
6	1396		1184.717641000
6	0		1184.728388000
6	1396		1184.778421000
6	1396		1184.839149000
6	0		1184.851956000
6	1396		1184.899902000
6	0		1184.914305000
6	0		1184.915399000
6	1396		1184.960631000
6	0		1184.976516000
6	1396		1185.021319000
6	1396		1185.082093000
6	0		1185.099976000
17		584	1185.100008000
17		37	1185.100943000
17		76	1185.109978000
17		33	1185.110125000
6	1396		1185.142840000
6	0		1185.162788000
6	1396		1185.203565000
17		43	1185.224215000
17		41	1185.224245000
17		33	1185.250312000
6	1396		1185.264298000
6	0		1185.286375000
6	1396		1185.325051000
6	1396		1185.385825000
6	0		1185.410121000
6	1396		1185.446555000
6	1396		1185.495149000
6	0		1185.534122000
6	1396		1185.543712000
6	1396		1185.592342000
6	1396		1185.640940000
6	0		1185.657829000
6	1396		1185.721902000
6	0		1185.781948000
6	1396		1185.802917000
6	1396		1185.863621000
6	0		1185.906436000
6	1396		1185.924469000
6	1396		1185.985147000
6	0		1186.030038000
6	1396		1186.045886000
6	1396		1186.106620000
6	0		1186.154416000
6	1396		1186.167388000
6	1396		1186.228080000
6	0		1186.277899000
6	1396		1186.288853000
6	1396		1186.349600000
6	0		1186.402278000
6	1396		1186.410334000
6	0		1186.464483000
6	1396		1186.471066000
6	1396		1186.531825000
6	0		1186.588541000
6	1396		1186.592553000
6	1396		1186.653304000
6	0		1186.712090000
6	1396		1186.714019000
6	1396		1186.774753000
6	1396		1186.835510000
6	0		1186.836608000
6	1396		1186.896243000
6	1396		1186.957016000
6	0		1186.959848000
6	1396		1187.005624000
6	1396		1187.054218000
6	0		1187.084243000
6	1396		1187.102796000
6	1396		1187.151566000
6	1396		1187.200335000
6	0		1187.208393000
6	1396		1187.281644000
6	0		1187.332053000
6	1396		1187.342547000
6	1396		1187.403542000
6	0		1187.456095000
6	1396		1187.464468000
6	1396		1187.525438000
6	0		1187.580001000
6	1396		1187.586384000
6	1396		1187.647456000
6	0		1187.703867000
6	1396		1187.708572000
6	1396		1187.769712000
6	0		1187.828213000
6	1396		1187.830907000
6	1396		1187.892106000
6	0		1187.952446000
6	1396		1187.953268000
6	1396		1188.014455000
6	1396		1188.063381000
6	0		1188.076099000
6	1396		1188.112346000
6	1396		1188.161292000
6	0		1188.161382000
6	0		1188.161414000
6	0		1188.199866000
6	1396		1188.210242000
6	1396		1188.271399000
6	0		1188.323740000
6	1396		1188.332577000
6	1396		1188.393764000
6	0		1188.448261000
6	1396		1188.454941000
6	1396		1188.516121000
6	0		1188.531055000
6	0		1188.531120000
6	0		1188.570603000
6	12		1188.570878000
6	0		1188.572553000
6	1396		1188.577320000
6	0		1188.610443000
6	12		1188.610484000
6	0		1188.610496000
6	1		1188.610686000
6	4		1188.610707000
6	32		1188.610716000
6	0		1188.610727000
6	0		1188.634352000
6	1396		1188.638483000
6	0		1188.650120000
6	0		1188.650157000
6	0		1188.650240000
6	0		1188.650437000
6	0		1188.650453000
6	1396		1188.699663000
6	0		1188.757964000
6	1396		1188.760820000
6	1396		1188.822019000
6	0		1188.882445000
6	1396		1188.883198000
6	1396		1188.944379000
6	1396		1189.005563000
6	0		1189.005718000
6	1396		1189.066734000
6	1396		1189.115681000
6	0		1189.130169000
6	1396		1189.164634000
6	1396		1189.213566000
6	0		1189.254246000
6	1396		1189.262517000
6	1396		1189.323714000
6	0		1189.378374000
6	1396		1189.384878000
6	1396		1189.446069000
6	0		1189.502436000
6	1396		1189.507237000
6	1396		1189.568880000
6	0		1189.625996000
6	1396		1189.630506000
6	1396		1189.692142000
6	0		1189.750059000
6	1396		1189.753752000
6	1396		1189.815382000
6	0		1189.874269000
6	1396		1189.876990000
6	1396		1189.938635000
6	0		1189.997902000
6	1396		1190.000259000
6	792		1190.049545000
6	0		1190.122198000
6	1396		1190.185009000
6	688		1190.185044000
6	0		1190.185565000
6	1396		1190.186917000
6	0		1190.246223000
6	1396		1190.248075000
6	1396		1190.310584000
6	0		1190.370066000
6	0		1190.370090000
6	1396		1190.373127000
6	0		1190.432244000
6	1396		1190.435671000
6	0		1190.493724000
6	1396		1190.498256000
6	0		1190.556151000
6	1396		1190.560719000
6	0		1190.617706000
6	1396		1190.623291000
6	0		1190.680172000
6	1396		1190.685829000
6	0		1190.741860000
6	1396		1190.748351000
6	1396		1190.798417000
6	0		1190.803789000
6	1396		1190.848415000
6	0		1190.865791000
6	1396		1190.898471000
6	0		1190.927958000
6	1396		1190.948473000
6	0		1190.989818000
6	1396		1190.998511000
6	1396		1191.048553000
6	0		1191.052013000
6	1396		1191.098570000
6	0		1191.113923000
6	1396		1191.148590000
6	0		1191.175928000
6	1396		1191.198610000
6	0		1191.238065000
6	1396		1191.248640000
6	1396		1191.298685000
6	0		1191.300374000
6	1396		1191.382039000
6	0		1191.424339000
6	1396		1191.444573000
6	1396		1191.507165000
6	0		1191.548031000
6	1396		1191.569660000
6	1396		1191.632196000
6	0		1191.672170000
6	1396		1191.694737000
6	0		1191.731157000
6	0		1191.731200000
6	1396		1191.757278000
6	0		1191.795855000
6	1396		1191.819810000
6	1396		1191.882346000
6	0		1191.920389000
6	1396		1191.944878000
6	1396		1192.007457000
6	0		1192.044243000
6	1396		1192.069967000
6	1396		1192.119980000
6	0		1192.168444000
6	1396		1192.170008000
6	1396		1192.220045000
6	0		1192.291706000
6	1396		1192.292170000
6	1396		1192.332615000
6	0		1192.416146000
6	1396		1192.416620000
6	1396		1192.457683000
6	0		1192.540284000
6	1396		1192.540749000
6	1396		1192.582769000
6	0		1192.602461000
6	1396		1192.645313000
6	1396		1192.707825000
6	0		1192.725737000
6	1396		1192.770378000
6	1396		1192.832877000
6	0		1192.849889000
6	1396		1192.895465000
6	1396		1192.957741000
6	0		1192.974010000
6	1396		1193.020092000
6	1396		1193.082356000
6	0		1193.098547000
6	1396		1193.144637000
6	1396		1193.194487000
6	0		1193.222023000
6	1396		1193.244339000
6	1396		1193.294216000
6	0		1193.345810000
6	1396		1193.346292000
6	1396		1193.406350000
6	0		1193.469907000
6	1396		1193.470338000
6	1396		1193.530951000
6	0		1193.594384000
6	1396		1193.594851000
6	1396		1193.655565000
6	0		1193.717974000
6	1396		1193.718432000
6	1396		1193.780185000
6	0		1193.841881000
6	1396		1193.842446000
6	1396		1193.904773000
6	0		1193.965911000
6	1396		1193.967119000
6	1396		1194.029398000
6	0		1194.090540000
6	1396		1194.091678000
6	1396		1194.141545000
6	1396		1194.191441000
6	0		1194.213863000
6	1396		1194.241257000
6	0		1194.276072000
6	1396		1194.291060000
6	1396		1194.374131000
6	0		1194.400504000
6	1396		1194.457244000
6	1396		1194.509370000
6	0		1194.523732000
6	1396		1194.561508000
6	1396		1194.613657000
6	0		1194.647998000
6	1396		1194.665793000
6	1396		1194.717954000
6	1396		1194.770107000
6	0		1194.772345000
6	1396		1194.822283000
6	1396		1194.874387000
6	0		1194.895782000
6	1396		1194.926534000
6	1396		1194.978649000
6	0		1195.020071000
6	0		1195.022887000
6	0		1195.022950000
6	1396		1195.030792000
6	1396		1195.082931000
6	0		1195.144660000
6	1396		1195.145085000
6	1396		1195.176855000
6	1396		1195.218550000
6	1396		1195.260244000
6	0		1195.268532000
6	0		1195.391884000
6	1396		1195.392367000
6	1396		1195.418440000
6	0		1195.515918000
6	1396		1195.516366000
6	1396		1195.542447000
6	0		1195.639949000
6	1396		1195.640403000
6	1396		1195.666473000
6	0		1195.763883000
6	1396		1195.764361000
6	1396		1195.790438000
6	0		1195.887991000
6	0		1196.012286000
6	1396		1196.012741000
6	1396		1196.038785000
6	0		1196.074463000
6	1396		1196.090955000
6	1396		1196.143088000
6	0		1196.198421000
6	1396		1196.198887000
6	1396		1196.247402000
6	1396		1196.299568000
6	0		1196.321884000
6	1396		1196.351659000
6	1396		1196.403836000
6	0		1196.446107000
6	1396		1196.455946000
6	1396		1196.508118000
6	1396		1196.560225000
6	0		1196.570448000
6	1396		1196.612368000
6	1396		1196.664528000
6	0		1196.693790000
6	1396		1196.716676000
6	1396		1196.768805000
6	0		1196.818136000
6	1396		1196.820950000
6	1396		1196.862658000
6	1396		1196.904463000
6	0		1196.942135000
6	1396		1196.946091000
6	0		1197.066611000
6	1396		1197.067085000
6	1396		1197.093160000
6	0		1197.190614000
6	1396		1197.191079000
6	1396		1197.217158000
6	0		1197.281403000
6	0		1197.281459000
6	0		1197.313652000
6	1396		1197.314139000
6	1396		1197.340226000
6	0		1197.437719000
6	1396		1197.438286000
6	0		1197.449525000
6	0		1197.449584000
6	1396		1197.464362000
6	0		1197.493699000
6	0		1197.561826000
6	1396		1197.562290000
6	1396		1197.588389000
6	0		1197.686004000
6	1396		1197.686502000
6	1396		1197.712494000
6	0		1197.809955000
6	1396		1197.810410000
6	1396		1197.831278000
6	0		1197.872174000
6	1396		1197.872975000
6	1396		1197.914695000
6	1396		1197.956419000
6	0		1197.996130000
6	1396		1197.998118000
6	0		1198.120630000
6	1396		1198.121093000
6	1396		1198.147151000
6	0		1198.244582000
6	1396		1198.245046000
6	1396		1198.271105000
6	0		1198.368553000
6	1396		1198.369044000
6	1396		1198.396452000
6	0		1198.491862000
6	1396		1198.492315000
6	1396		1198.519768000
6	0		1198.616232000
6	1396		1198.616697000
6	1396		1198.644105000
6	0		1198.740561000
6	1396		1198.741010000
6	1396		1198.768450000
6	0		1198.864005000
6	1396		1198.864446000
6	1396		1198.886382000
6	1396		1198.930274000
6	1396		1198.974193000
6	0		1198.987854000
6	0		1199.111780000
6	1396		1199.112214000
6	1396		1199.139676000
6	0		1199.236170000
6	1396		1199.236639000
6	1396		1199.264058000
6	0		1199.360491000
6	1396		1199.360935000
6	1396		1199.388388000
6	0		1199.483900000
6	178		1199.484371000
6	0		1199.607857000
6	0		1199.670043000
6	0		1199.732405000
6	1396		1199.794580000
6	688		1199.794614000
6	0		1199.795062000
6	1396		1199.795925000
6	1396		1199.849912000
6	1396		1199.904760000
6	1396		1199.959600000
6	0		1199.980793000
6	1396		1200.014466000
6	0		1200.041929000
6	1396		1200.069312000
6	1396		1200.113147000
6	1396		1200.157063000
6	1396		1200.200908000
6	0		1200.229217000
6	1396		1200.244795000
6	1396		1200.288675000
6	0		1200.416583000
6	1396		1200.417094000
6	0		1200.603557000
6	1396		1200.604046000
6	0		1200.790598000
6	1396		1200.791044000
6	1396		1201.121410000
6	0		1201.163879000
6	1396		1201.164306000
6	0		1201.537995000
6	1396		1201.538431000
6	1396		1201.565877000
6	0		1201.912604000
6	1396		1201.913060000
6	1396		1201.940510000
6	0		1202.286259000
6	1396		1202.286714000
6	1396		1202.308670000
6	1396		1202.352539000
6	1396		1202.396404000
6	0		1202.660279000
6	0		1203.033769000
6	1396		1203.034233000
6	1396		1203.061623000
6	0		1203.408006000
6	1396		1203.408457000
6	1396		1203.435883000
6	0		1203.782574000
6	1396		1203.782989000
6	1396		1203.810442000
6	0		1204.156222000
6	1396		1204.156666000
6	1396		1204.184081000
6	0		1204.531556000
6	1396		1204.532016000
6	1396		1204.559473000
6	0		1204.651656000
6	0		1204.651729000
6	0		1204.690780000
6	12		1204.691101000
6	0		1204.730168000
6	12		1204.730238000
6	0		1204.730252000
6	1		1204.730482000
6	4		1204.730509000
6	32		1204.730519000
6	0		1204.730529000
6	0		1204.769580000
6	0		1204.769627000
6	0		1204.769678000
6	0		1204.769696000
6	0		1204.904314000
6	1396		1204.904805000
6	1396		1204.932243000
6	0		1205.278029000
6	0		1205.465104000
6	1396		1205.465574000
6	1396		1205.496851000
6	0		1205.839918000
6	1396		1205.840416000
6	1396		1205.871683000
6	0		1206.213384000
6	1396		1206.213800000
6	1396		1206.245068000
6	1396		1206.307603000
6	1396		1206.370175000
6	0		1206.586955000
6	1396		1206.587395000
6	1396		1206.618677000
6	0		1206.961383000
6	1396		1206.961865000
6	1396		1206.993149000
6	0		1207.334866000
6	1396		1207.335364000
6	1396		1207.366645000
6	0		1207.709378000
6	1396		1207.709838000
6	1396		1207.741143000
6	0		1208.082917000
6	1396		1208.083438000
6	1396		1208.108366000
6	1396		1208.158385000
6	1396		1208.208460000
6	0		1208.457178000
6	0		1208.830828000
6	1396		1208.831290000
6	1396		1208.862567000
6	0		1209.205904000
6	0		1209.579167000
6	1396		1209.579751000
6	1396		1209.634757000
6	0		1209.953727000
6	1396		1209.954208000
6	0		1209.974746000
6	0		1209.974828000
6	1396		1210.009245000
6	0		1210.241768000
6	41		1210.248055000
6	0		1210.327511000
6	1396		1210.327981000
6	1396		1210.383014000
6	1396		1210.493084000
6	0		1210.514482000
6	21		1210.514516000
6	0		1210.514527000
6	1080		1210.515799000
6	1396		1210.603122000
6	0		1210.700826000
6	1396		1210.713155000
6	440		1210.782608000
6	0		1210.796588000
6	0		1210.796650000
6	1396		1210.823239000
6	0		1210.826213000
6	0		1210.836097000
6	1396		1210.933283000
6	0		1210.955025000
6	0		1210.955107000
6	1396		1211.043297000
6	0		1211.074965000
6	48		1211.092590000
6	0		1211.092640000
6	280		1211.097259000
6	1396		1211.153387000
6	1396		1211.263427000
6	16		1211.366973000
6	0		1211.410229000
6	0		1211.449174000
6	1396		1211.449660000
6	1396		1211.514248000
6	52		1211.679497000
6	0		1211.679539000
6	52		1211.679648000
6	0		1211.823178000
6	84		1211.946026000
6	0		1211.986239000
6	0		1212.197975000
6	1396		1212.198440000
6	1396		1212.279132000
6	0		1212.570900000
6	1396		1212.571377000
6	1396		1212.652083000
6	0		1212.771512000
6	0		1212.771575000
6	0		1212.810943000
6	12		1212.811177000
6	0		1212.850492000
6	12		1212.850576000
6	0		1212.850588000
6	1		1212.850751000
6	4		1212.850765000
6	32		1212.850773000
6	0		1212.850785000
6	0		1212.890056000
6	0		1212.890199000
6	0		1212.890337000
6	0		1212.890350000
6	0		1212.945755000
6	1396		1212.946236000
6	1396		1213.026902000
6	0		1213.319696000
6	1396		1213.320160000
6	1396		1213.400868000
6	0		1213.693636000
6	1396		1213.694157000
6	1396		1213.774827000
6	0		1214.067579000
6	1396		1214.068094000
6	68		1214.118803000
6	1396		1214.148771000
6	0		1214.376886000
6	0		1214.376959000
6	52		1214.385531000
6	0		1214.385572000
6	0		1214.385676000
6	0		1214.387319000
6	0		1214.441503000
6	1396		1214.441947000
6	1396		1214.522720000
6	0		1214.653709000
6	0		1214.669649000
6	41		1214.676798000
6	0		1214.815652000
6	1396		1214.816136000
6	1396		1214.880696000
6	0		1214.967915000
6	21		1214.975605000
6	0		1214.975647000
6	1080		1214.976629000
6	1396		1215.009817000
6	1396		1215.138946000
6	0		1215.189466000
17		1358	1215.189504000
17		1358	1215.198862000
17		630	1215.198907000
6	0		1215.268173000
6	440		1215.268213000
6	0		1215.310230000
17		84	1215.375879000
17		34	1215.402333000
6	0		1215.563762000
6	1396		1215.564244000
6	48		1215.602446000
6	0		1215.602492000
6	280		1215.607260000
6	1396		1215.644946000
17		1358	1215.720677000
17		1358	1215.750159000
17		1358	1215.750588000
6	0		1215.899139000
6	16		1215.909079000
6	0		1215.937496000
6	1396		1215.937970000
6	0		1215.950222000
6	1396		1216.018691000
17		86	1216.124012000
17		1134	1216.124043000
17		101	1216.124472000
17		37	1216.124817000
17		350	1216.133552000
17		33	1216.140808000
6	52		1216.241144000
6	0		1216.241186000
6	52		1216.241334000
17		42	1216.310772000
6	84		1216.533055000
6	0		1216.574229000
6	0		1216.685747000
6	1396		1216.686224000
6	1396		1216.767061000
17		1208	1216.872316000
17		35	1216.872690000
17		1210	1217.058979000
17		37	1217.059294000
6	0		1217.433733000
17		42	1217.433772000
17		41	1217.433778000
17		45	1217.433784000
17		41	1217.433789000
17		35	1217.434218000
6	1396		1217.434242000
6	1396		1217.514906000
6	1396		1217.676325000
6	0		1217.807550000
6	0		1217.807583000
6	0		1217.808711000
6	1396		1217.837731000
6	1396		1217.999136000
6	0		1218.181406000
6	1396		1218.181874000
6	1396		1218.321967000
6	68		1218.394448000
6	0		1218.555638000
6	1396		1218.556131000
6	1396		1218.644769000
6	52		1218.685637000
6	0		1218.685683000
6	0		1218.686679000
6	0		1218.687607000
6	0		1218.929456000
6	1396		1218.929910000
6	0		1218.980278000
6	1396		1218.994487000
17		740	1219.115704000
17		39	1219.116452000
6	1396		1219.123610000
17		74	1219.125699000
17		33	1219.125745000
6	1396		1219.252748000
6	0		1219.303079000
6	0		1219.677737000
6	1396		1219.678220000
6	1396		1219.758934000
17		41	1219.864259000
6	0		1220.050738000
17		43	1220.050769000
17		41	1220.050775000
6	1396		1220.051184000
17		33	1220.076257000
6	1396		1220.131915000
6	0		1220.425654000
6	1396		1220.426105000
6	1396		1220.506832000
6	0		1220.799602000
6	1396		1220.800049000
6	1396		1220.880789000
6	0		1220.891213000
6	0		1220.891274000
6	0		1220.930972000
6	12		1220.931204000
6	0		1220.970913000
6	12		1220.970950000
6	0		1220.970963000
6	1		1220.971156000
6	4		1220.971175000
6	32		1220.971187000
6	0		1220.971195000
6	0		1221.010837000
6	0		1221.010872000
6	0		1221.011016000
6	0		1221.011029000
6	1396		1221.042210000
6	0		1221.173584000
6	1396		1221.203582000
6	1396		1221.364977000
6	1396		1221.526435000
6	0		1221.547394000
6	1396		1221.687831000
6	1396		1221.849218000
6	0		1221.921526000
6	1396		1222.010624000
6	0		1222.107959000
6	1396		1222.172021000
6	1396		1222.333413000
6	0		1222.481849000
6	1396		1222.494819000
6	1396		1222.651762000
6	1396		1222.808726000
6	0		1222.856340000
6	1396		1222.965663000
6	1396		1223.122526000
6	0		1223.230248000
6	1396		1223.279482000
6	1396		1223.436383000
6	0		1223.604158000
6	0		1223.978326000
6	1396		1223.978810000
6	0		1224.352542000
6	1396		1224.353019000
6	1396		1224.431492000
6	0		1224.726199000
6	1396		1224.726667000
6	1396		1224.805153000
6	1396		1224.962053000
6	0		1225.099853000
6	0		1225.100350000
6	0		1225.114942000
6	0		1225.115000000
6	1396		1225.118957000
6	1396		1225.275915000
6	0		1225.284382000
6	41		1225.290283000
6	0		1225.432829000
6	0		1225.463384000
6	0		1225.470952000
6	0		1225.471576000
6	0		1225.474445000
6	0		1225.474928000
6	0		1225.642066000
6	0		1225.848664000
6	0		1225.849128000
17		866	1226.035314000
17		35	1226.036394000
17		76	1226.045060000
17		33	1226.045261000
6	1396		1226.222665000
6	0		1226.228254000
6	677		1226.409374000
17		43	1226.409422000
17		41	1226.409431000
6	0		1226.409870000
17		33	1226.435092000
6	1396		1226.448895000
6	1396		1226.473952000
6	1396		1226.524092000
6	1396		1226.574237000
6	1396		1226.624365000
6	1396		1226.674500000
6	1396		1226.724664000
6	0		1226.970411000
6	1396		1226.971004000
6	1396		1226.996096000
6	0		1227.157611000
6	0		1227.157638000
6	1396		1227.158087000
6	1396		1227.183179000
6	1396		1227.233309000
6	1396		1227.283457000
6	0		1227.343791000
6	1396		1227.344302000
6	1396		1227.383754000
6	0		1227.531147000
6	1396		1227.531606000
6	1396		1227.556689000
6	0		1227.718166000
6	1396		1227.718653000
6	1396		1227.743731000
6	0		1227.905269000
6	1396		1227.905836000
6	1396		1227.930909000
6	0		1228.092379000
6	1396		1228.092824000
6	1396		1228.117946000
6	0		1228.279402000
6	1396		1228.279899000
6	1396		1228.304943000
6	0		1228.466410000
6	1396		1228.466864000
6	1396		1228.491949000
6	0		1228.653464000
6	1396		1228.654003000
6	1396		1228.679008000
6	0		1228.839795000
6	1396		1228.840247000
6	1396		1228.865329000
6	0		1229.011803000
6	0		1229.011861000
6	0		1229.027714000
6	1396		1229.028195000
6	0		1229.050963000
6	12		1229.051230000
6	1396		1229.053273000
6	0		1229.090356000
6	12		1229.090389000
6	0		1229.090400000
6	1		1229.090593000
6	4		1229.090612000
6	32		1229.090621000
6	0		1229.090633000
6	0		1229.129732000
6	0		1229.129777000
6	0		1229.129879000
6	0		1229.129952000
6	0		1229.129969000
6	0		1229.214155000
6	1396		1229.214653000
6	1396		1229.239729000
6	0		1229.401191000
6	1396		1229.401699000
6	1396		1229.426793000
6	0		1229.588457000
6	1396		1229.588939000
6	1396		1229.613998000
6	0		1229.775463000
6	1396		1229.776008000
6	1396		1229.796084000
6	0		1229.962515000
6	1396		1229.962997000
6	1396		1229.983061000
6	0		1230.149514000
6	0		1230.149545000
6	1396		1230.150090000
6	0		1230.150543000
6	1396		1230.170140000
6	0		1230.522871000
6	0		1230.897445000
6	1396		1230.897951000
6	1396		1230.931390000
6	0		1231.271512000
6	1125		1231.272014000
6	0		1231.644757000
6	0		1232.019235000
6	0		1232.392833000
6	0		1232.508480000
6	0		1232.508568000
6	0		1232.696059000
6	41		1232.702497000
6	0		1232.767480000
6	0		1232.889709000
6	21		1232.891225000
6	0		1232.891263000
6	1080		1232.892287000
6	440		1233.087090000
6	0		1233.130228000
6	0		1233.141050000
6	48		1233.317466000
6	0		1233.317521000
6	280		1233.321943000
6	0		1233.515608000
6	0		1233.515650000
6	0		1233.516630000
6	16		1233.530923000
6	0		1233.574236000
6	52		1233.761422000
6	0		1233.761467000
6	52		1233.761554000
6	0		1233.817587000
6	0		1233.889425000
6	100		1233.958848000
6	0		1234.002357000
6	0		1234.263573000
6	0		1234.637575000
6	0		1234.637601000
6	0		1234.638105000
6	0		1235.010879000
17		649	1235.198020000
17		35	1235.198785000
17		76	1235.206759000
17		33	1235.206820000
6	0		1235.385899000
6	0		1235.385925000
6	0		1235.385932000
6	517		1235.385942000
6	0		1235.386421000
6	2792		1235.387613000
6	2387		1235.387721000
6	1396		1235.572497000
6	677		1235.572525000
17		43	1235.572533000
6	0		1235.573043000
6	1396		1235.573789000
17		33	1235.598306000
6	1396		1235.623164000
6	1396		1235.673291000
6	1396		1235.723491000
17		41	1235.758831000
6	1396		1235.773552000
6	68		1235.821864000
6	1396		1235.823706000
6	1396		1235.873877000
6	1396		1235.923983000
6	0		1235.946165000
6	0		1235.946221000
6	1396		1235.974108000
6	52		1236.018866000
6	0		1236.018910000
6	0		1236.018934000
6	0		1236.020163000
6	1396		1236.024255000
6	1396		1236.074414000
6	1396		1236.124537000
6	0		1236.132975000
6	1396		1236.174678000
6	0		1236.207331000
6	1396		1236.224798000
6	1396		1236.274992000
6	0		1236.320558000
6	64		1236.320586000
6	834		1236.325083000
6	0		1236.325673000
6	0		1236.694272000
6	0		1237.067974000
6	0		1237.442829000
6	0		1237.670465000
6	0		1237.670524000
6	0		1237.815547000
6	0		1237.816263000
6	0		1238.189835000
6	0		1238.564392000
6	0		1238.938004000
6	0		1239.125681000
6	1396		1239.312009000
6	678		1239.312037000
6	0		1239.312517000
6	1396		1239.313434000
6	1396		1239.362689000
6	1396		1239.412798000
6	1396		1239.462939000
17		1131	1239.499338000
17		35	1239.500302000
6	1396		1239.513132000
17		183	1239.513691000
17		276	1239.513832000
6	1396		1239.563206000
6	1396		1239.613369000
6	1396		1239.663511000
6	1396		1239.713631000
6	1396		1239.763810000
6	1396		1239.813915000
6	1396		1239.864072000
6	0		1239.873633000
6	1396		1239.914228000
6	1396		1239.964323000
6	1396		1240.014463000
6	0		1240.060406000
6	1396		1240.064606000
6	1396		1240.114774000
6	1396		1240.164878000
6	1396		1240.215030000
6	0		1240.238713000
6	0		1240.238755000
17		41	1240.247519000
6	0		1240.247548000
6	1396		1240.265162000
6	1396		1240.315309000
6	1396		1240.365422000
6	1396		1240.415604000
6	0		1240.434606000
6	1396		1240.465722000
6	1396		1240.515869000
6	1396		1240.565993000
6	1396		1240.616116000
17		43	1240.621631000
17		41	1240.621654000
17		33	1240.647514000
6	1396		1240.666311000
6	0		1240.808531000
6	1396		1240.809025000
6	0		1241.181815000
6	1396		1241.182323000
6	1396		1241.207405000
6	0		1241.556340000
6	1396		1241.556837000
6	1396		1241.576850000
6	1396		1241.616968000
6	1396		1241.657090000
6	0		1241.743362000
17		41	1241.743394000
17		33	1241.743811000
6	1396		1241.743889000
6	1396		1241.763966000
6	0		1242.116799000
6	0		1242.491351000
6	1396		1242.491839000
6	1396		1242.525259000
6	0		1242.865122000
6	1396		1242.865604000
6	1396		1242.890694000
6	0		1243.239667000
6	1396		1243.240150000
6	1396		1243.265235000
6	0		1243.613115000
6	1396		1243.613609000
6	1396		1243.638687000
6	0		1243.987900000
6	1396		1243.988409000
6	1396		1244.013494000
6	0		1244.361092000
17		41	1244.361119000
6	1396		1244.361556000
17		35	1244.361931000
6	1396		1244.386632000
6	0		1244.735635000
6	1396		1244.736138000
6	1396		1244.761188000
6	0		1245.108996000
6	0		1245.131632000
6	0		1245.131688000
6	0		1245.170425000
6	12		1245.170691000
6	0		1245.209106000
6	12		1245.209141000
6	0		1245.209167000
6	1		1245.209318000
6	4		1245.209331000
6	32		1245.209340000
6	0		1245.209353000
6	0		1245.247726000
6	0		1245.247770000
6	0		1245.247776000
6	0		1245.247848000
6	0		1245.247902000
6	0		1245.483534000
6	0		1245.857221000
6	0		1246.231930000
6	0		1246.605464000
6	0		1246.978920000
6	0		1247.353711000
6	0		1247.540045000
6	0		1247.811845000
6	0		1247.811915000
6	0		1247.825214000
6	41		1247.831553000
6	0		1247.844271000
6	21		1247.844318000
6	0		1247.844331000
6	1080		1247.845535000
6	440		1247.858317000
6	0		1247.902238000
6	0		1247.914579000
6	48		1247.914950000
6	0		1247.914980000
6	1396		1247.915061000
6	280		1247.919537000
6	0		1247.969071000
6	16		1247.984723000
6	0		1248.024045000
6	0		1248.024116000
6	0		1248.026237000
6	52		1248.039014000
6	0		1248.039059000
6	52		1248.039168000
6	0		1248.051836000
6	100		1248.051876000
6	0		1248.094230000
6	0		1248.242845000
6	41		1248.249903000
6	22		1248.253436000
6	0		1248.253473000
6	0		1248.288395000
6	1396		1248.288892000
6	1396		1248.313931000
6	0		1248.468406000
6	1080		1248.468456000
6	976		1248.478479000
6	0		1248.478520000
6	0		1248.661833000
6	1396		1248.662354000
6	1396		1248.687438000
6	0		1248.726432000
6	0		1249.036299000
6	1396		1249.036734000
6	1396		1249.061822000
6	1396		1249.111952000
6	1396		1249.162142000
6	1396		1249.212243000
6	1396		1249.262380000
6	1396		1249.312523000
6	1396		1249.362641000
6	0		1249.410113000
6	1396		1249.412788000
6	48		1249.421368000
6	0		1249.421420000
6	388		1249.428361000
6	1396		1249.462986000
6	1396		1249.513067000
6	1396		1249.563205000
6	1396		1249.613350000
6	0		1249.646316000
6	1396		1249.663503000
6	1396		1249.713636000
6	1396		1249.763769000
6	0		1249.783952000
6	1396		1249.813900000
6	1396		1249.864036000
6	1396		1249.914174000
6	1396		1249.964314000
6	1396		1250.014454000
6	1396		1250.064596000
6	1396		1250.114753000
6	0		1250.158009000
6	1396		1250.164880000
6	1396		1250.215007000
6	1396		1250.265136000
6	1396		1250.315277000
6	16		1250.476279000
6	0		1250.518239000
6	0		1250.532657000
6	1396		1250.533227000
6	1396		1250.558265000
6	1396		1250.608409000
6	68		1250.640863000
6	52		1250.653978000
6	0		1250.654030000
6	0		1250.654060000
6	0		1250.655717000
6	1396		1250.658516000
6	0		1250.668771000
6	0		1250.906267000
6	1396		1250.906756000
6	1396		1250.926791000
6	1396		1250.966914000
6	1396		1251.007039000
6	0		1251.280791000
6	1396		1251.281269000
6	1396		1251.301319000
6	1396		1251.341447000
6	1396		1251.381561000
6	0		1251.654448000
6	1396		1251.654916000
6	1396		1251.674961000
6	1396		1251.715088000
6	1396		1251.755205000
6	0		1252.019316000
6	0		1252.019356000
6	0		1252.027964000
6	1396		1252.028409000
6	1396		1252.061871000
6	1396		1252.128680000
6	1396		1252.195554000
6	0		1252.402361000
6	1396		1252.402841000
6	1396		1252.436277000
6	1396		1252.503134000
6	1396		1252.569962000
6	0		1252.775932000
6	1396		1252.776416000
6	1396		1252.809846000
6	52		1252.835187000
6	0		1252.835225000
6	52		1252.835361000
6	1396		1252.876703000
6	1396		1252.943549000
6	0		1252.962925000
6	1396		1253.010409000
6	0		1253.053145000
6	1396		1253.077242000
6	1396		1253.144101000
6	1396		1253.210951000
6	0		1253.250170000
6	0		1253.250228000
6	0		1253.290001000
6	12		1253.290251000
6	0		1253.329910000
6	12		1253.330016000
6	0		1253.330044000
6	1		1253.330212000
6	4		1253.330225000
6	32		1253.330234000
6	0		1253.330245000
6	0		1253.336771000
6	1396		1253.337262000
6	1396		1253.362313000
6	0		1253.369806000
6	0		1253.369845000
6	0		1253.369852000
6	0		1253.369888000
6	0		1253.369901000
6	1396		1253.412450000
6	1396		1253.462601000
6	84		1253.612121000
6	0		1253.654242000
6	0		1253.711313000
6	1396		1253.711758000
6	1396		1253.736838000
6	1396		1253.786975000
6	1396		1253.837110000
6	0		1254.084890000
6	1396		1254.085378000
6	1396		1254.110438000
6	1396		1254.160573000
6	1396		1254.210712000
6	0		1254.459460000
6	0		1254.832984000
6	0		1255.207621000
6	0		1255.581238000
6	52		1255.891735000
6	0		1255.954874000
6	0		1256.109914000
6	52		1256.125928000
6	0		1256.125968000
6	0		1256.125988000
6	0		1256.127549000
6	0		1256.329612000
6	0		1256.345907000
6	0		1256.703012000
6	0		1257.077779000
6	0		1257.451492000
6	0		1257.825099000
6	0		1258.199667000
6	0		1258.573314000
6	0		1258.947024000
17		683	1259.134334000
17		39	1259.135676000
17		74	1259.144320000
17		33	1259.144369000
6	0		1259.321668000
6	0		1259.695556000
6	0		1260.069249000
6	1396		1260.069889000
6	1396		1260.094861000
6	0		1260.255611000
6	1396		1260.256108000
6	1396		1260.281212000
6	1396		1260.331344000
6	1396		1260.381483000
6	0		1260.441037000
6	1396		1260.441549000
6	1396		1260.481753000
6	1396		1260.531894000
6	1396		1260.582049000
17		33	1260.599469000
6	0		1260.626911000
6	1396		1260.632152000
6	1396		1260.682288000
6	1396		1260.732455000
6	1396		1260.782573000
6	0		1260.812859000
6	1396		1260.832710000
6	1396		1260.882884000
6	1396		1260.932988000
6	1396		1260.983123000
6	0		1260.999544000
6	1396		1261.033245000
6	1396		1261.083396000
6	1396		1261.133550000
6	1396		1261.183701000
6	0		1261.185014000
6	1396		1261.233821000
6	1396		1261.283951000
6	1396		1261.334085000
6	0		1261.370311000
6	0		1261.370379000
6	0		1261.370892000
17		43	1261.370915000
17		41	1261.370922000
6	1396		1261.384241000
17		33	1261.396886000
6	0		1261.409108000
6	12		1261.409408000
6	1396		1261.434378000
6	0		1261.448259000
6	12		1261.448305000
6	0		1261.448320000
6	1		1261.448516000
6	4		1261.448535000
6	32		1261.448545000
6	0		1261.448558000
6	1396		1261.484501000
6	0		1261.487170000
6	0		1261.487295000
6	0		1261.487353000
6	0		1261.487821000
6	0		1261.487851000
6	1396		1261.534647000
6	0		1261.556948000
6	1396		1261.584806000
6	1396		1261.634930000
6	1396		1261.685078000
6	1396		1261.735196000
6	0		1261.743556000
6	1396		1261.785347000
6	1396		1261.835506000
6	1396		1261.885613000
6	0		1261.928956000
6	1396		1261.935734000
6	1396		1261.985860000
6	1396		1262.036012000
6	1396		1262.086170000
6	0		1262.115492000
6	1396		1262.136283000
6	1396		1262.186447000
17		41	1262.207831000
6	1396		1262.236562000
6	1396		1262.286707000
6	0		1262.301060000
6	1396		1262.336835000
6	1396		1262.386991000
6	1396		1262.437127000
6	1396		1262.487268000
6	0		1262.487530000
6	1396		1262.537415000
6	1396		1262.587539000
6	1396		1262.637715000
6	0		1262.673072000
6	1396		1262.687838000
6	1396		1262.737980000
6	1396		1262.788115000
6	1396		1262.838261000
6	0		1262.859568000
6	1396		1262.888407000
6	1396		1262.938541000
6	1396		1262.988673000
6	1396		1263.038821000
6	0		1263.045130000
6	1396		1263.088957000
6	1396		1263.139072000
6	1396		1263.189236000
6	0		1263.231458000
6	0		1263.231484000
6	0		1263.232745000
6	1396		1263.239328000
6	822		1263.289486000
6	0		1263.417212000
6	0		1263.603498000
6	0		1263.788878000
6	0		1263.975255000
6	0		1264.161651000
6	0		1264.314966000
6	0		1264.347145000
6	0		1264.347575000
6	0		1264.533194000
6	0		1264.533608000
6	0		1264.719181000
6	0		1264.719641000
6	0		1264.905232000
6	0		1264.905667000
6	0		1265.090767000
17		584	1265.090792000
6	0		1265.091223000
17		35	1265.091589000
17		76	1265.101134000
17		33	1265.101344000
6	0		1265.276830000
6	0		1265.277327000
6	0		1265.462821000
6	0		1265.463304000
6	0		1265.648816000
6	0		1265.649249000
6	0		1265.834762000
6	0		1265.835214000
6	0		1266.020799000
6	0		1266.021279000
6	0		1266.206784000
6	0		1266.207237000
6	0		1266.392789000
6	0		1266.393245000
6	0		1266.578724000
6	0		1266.579204000
6	1396		1266.671962000
6	564		1266.671989000
6	0		1266.672926000
6	2792		1266.673165000
6	1396		1266.673187000
6	1396		1266.673198000
6	1396		1266.673232000
6	1396		1266.673247000
6	1396		1266.691163000
6	1396		1266.709052000
6	1396		1266.726928000
6	1396		1266.744805000
6	1396		1266.762714000
6	0		1266.764876000
6	0		1266.765315000
6	1396		1266.780575000
6	1396		1266.798457000
6	1396		1266.816331000
6	1396		1266.834204000
6	1396		1266.852119000
6	1396		1266.869979000
6	1396		1266.887852000
6	1396		1266.905754000
6	1396		1266.923623000
6	1396		1266.941508000
6	0		1266.950812000
6	0		1266.951331000
6	1396		1266.959359000
6	1396		1266.977260000
6	1396		1266.995147000
6	1396		1267.013024000
6	1396		1267.030918000
6	1396		1267.048780000
6	1396		1267.066697000
6	1396		1267.084547000
6	1396		1267.102447000
6	1396		1267.120342000
17		43	1267.136705000
17		41	1267.136731000
6	1396		1267.138183000
6	1396		1267.156064000
17		33	1267.162856000
6	1396		1267.173958000
6	1396		1267.191828000
6	1396		1267.209767000
6	1396		1267.227586000
6	0		1267.229839000
6	1396		1267.245491000
6	1396		1267.263359000
6	1396		1267.281265000
6	1396		1267.299139000
6	0		1267.323080000
6	1396		1267.323527000
6	1396		1267.334887000
6	0		1267.416301000
6	1396		1267.416798000
6	1396		1267.425692000
6	0		1267.509007000
6	1396		1267.509469000
6	1396		1267.518429000
6	0		1267.601801000
6	1396		1267.602265000
6	1396		1267.611188000
6	0		1267.695005000
6	1396		1267.695447000
6	1396		1267.704363000
6	0		1267.787677000
6	1396		1267.788116000
6	0		1267.881489000
6	1396		1267.881892000
6	0		1267.973709000
6	1396		1267.974125000
6	0		1268.067472000
6	1396		1268.067875000
6	0		1268.159664000
6	1396		1268.160090000
6	0		1268.253311000
6	0		1268.253336000
6	1396		1268.253724000
6	1396		1268.262677000
6	0		1268.346016000
6	1396		1268.346440000
6	0		1268.438778000
6	1396		1268.439201000
6	0		1268.532015000
6	1396		1268.532480000
6	0		1268.625404000
6	1396		1268.625823000
6	0		1268.718390000
6	1396		1268.718840000
6	0		1268.904373000
6	1396		1268.904805000
6	1396		1268.913744000
6	0		1269.090299000
6	1396		1269.090711000
6	1396		1269.099683000
6	0		1269.276303000
6	1396		1269.276743000
6	1396		1269.285844000
6	0		1269.462343000
6	1396		1269.462808000
6	1396		1269.471751000
6	0		1269.488525000
6	0		1269.488590000
6	0		1269.526954000
6	12		1269.527163000
6	0		1269.555100000
6	1396		1269.555528000
6	1396		1269.564465000
6	0		1269.565467000
6	12		1269.565492000
6	0		1269.565500000
6	1		1269.565643000
6	4		1269.565658000
6	32		1269.565665000
6	0		1269.565684000
6	1396		1269.582374000
6	1396		1269.600235000
6	0		1269.603941000
6	0		1269.603984000
6	0		1269.603989000
6	0		1269.604085000
6	0		1269.604098000
6	0		1269.648338000
6	1396		1269.648795000
6	1396		1269.657736000
6	1396		1269.675707000
6	0		1269.741094000
6	1396		1269.741549000
6	1396		1269.750496000
6	1396		1269.768379000
6	0		1269.834333000
6	1396		1269.834797000
6	1396		1269.843739000
6	1396		1269.861622000
6	0		1269.926826000
6	1396		1269.927258000
6	1396		1269.936216000
6	1396		1269.954736000
6	0		1270.020091000
6	1396		1270.020553000
6	1396		1270.029489000
6	1396		1270.047434000
6	0		1270.112770000
6	1396		1270.113206000
6	1396		1270.122173000
6	1396		1270.140042000
6	0		1270.205990000
6	1396		1270.206402000
6	1396		1270.215384000
6	1396		1270.233248000
6	0		1270.299542000
6	1396		1270.299970000
6	1396		1270.308892000
6	1396		1270.326790000
6	0		1270.391791000
6	1396		1270.392207000
6	1396		1270.401158000
6	1396		1270.419057000
6	0		1270.485238000
6	1396		1270.485684000
6	1396		1270.494628000
6	1396		1270.512502000
6	0		1270.577784000
6	1396		1270.578227000
6	1396		1270.587172000
6	1396		1270.605173000
6	0		1270.671018000
6	1396		1270.671436000
6	1396		1270.680382000
6	1396		1270.698280000
6	0		1270.763662000
6	1396		1270.764108000
6	1396		1270.773066000
6	1396		1270.790964000
6	1372		1270.808802000
6	0		1270.857096000
6	0		1270.950323000
6	0		1271.043538000
6	0		1271.043565000
6	0		1271.135749000
6	0		1271.228981000
6	0		1271.322206000
6	0		1271.415395000
6	0		1271.508590000
6	0		1271.600803000
6	0		1271.693994000
6	0		1271.787220000
6	0		1271.880434000
6	0		1271.973671000
6	0		1272.065939000
6	0		1272.159106000
6	0		1272.252344000
6	0		1272.345546000
6	0		1272.437767000
6	0		1272.530970000
6	0		1272.624184000
6	0		1272.717428000
6	0		1272.810610000
6	0		1272.902842000
6	0		1272.996046000
6	0		1273.089252000
6	0		1273.182575000
6	0		1273.274745000
6	0		1273.367981000
6	0		1273.461127000
6	0		1273.554370000
6	0		1273.647615000
6	0		1273.647636000
6	0		1273.739832000
6	0		1273.833101000
6	0		1273.926295000
6	0		1274.019550000
6	0		1274.111722000
6	0		1274.204938000
6	0		1274.298102000
6	0		1274.391466000
6	0		1274.483699000
6	0		1274.576845000
6	0		1274.670054000
6	73		1274.684746000
6	0		1274.763080000
6	0		1274.856286000
6	0		1274.949550000
6	0		1275.041734000
6	0		1275.134948000
6	0		1275.228135000
6	0		1275.321384000
6	0		1275.414573000
6	0		1275.506800000
6	0		1275.600043000
6	0		1275.693206000
6	0		1275.786402000
6	0		1275.879636000
6	0		1275.971892000
6	0		1276.065120000
6	0		1276.158303000
6	0		1276.251589000
6	0		1276.251612000
6	73		1276.340994000
6	0		1276.343812000
6	0		1276.437642000
6	0		1276.530161000
6	0		1276.530210000
6	0		1276.530737000
6	0		1276.623069000
6	0		1276.716282000
6	0		1276.809473000
6	0		1276.833257000
6	0		1276.901754000
6	0		1276.994935000
6	0		1277.088126000
6	0		1277.181393000
6	0		1277.274408000
6	0		1277.459963000
6	0		1277.459998000
6	0		1277.460009000
6	0		1277.460039000
6	517		1277.460050000
6	0		1277.460056000
6	0		1277.460784000
6	0		1277.461092000
6	2792		1277.462004000
6	2387		1277.462030000
6	1396		1277.553284000
6	0		1277.559548000
6	0		1277.605695000
6	0		1277.605761000
6	0		1277.644747000
6	12		1277.645001000
6	679		1277.645886000
6	0		1277.645909000
6	0		1277.646292000
6	1396		1277.647083000
6	1396		1277.664179000
6	1396		1277.682065000
6	0		1277.683912000
6	12		1277.683948000
6	0		1277.683961000
6	1		1277.684156000
6	4		1277.684176000
6	32		1277.684185000
6	0		1277.684197000
6	1396		1277.699965000
6	1396		1277.717832000
6	0		1277.723068000
6	0		1277.723105000
6	0		1277.723110000
6	0		1277.723123000
6	1396		1277.735718000
6	0		1277.739084000
6	1396		1277.753589000
6	1396		1277.771491000
6	1396		1277.789365000
6	1396		1277.807241000
6	1396		1277.825115000
6	0		1277.832322000
6	0		1277.832350000
6	1396		1277.842983000
6	1396		1277.860879000
6	1396		1277.878759000
6	1396		1277.896649000
6	1396		1277.914523000
6	0		1277.925231000
6	64		1277.925274000
6	0		1277.931245000
6	1396		1277.932387000
6	1396		1277.950281000
6	1396		1277.968159000
6	1396		1277.986030000
6	1396		1278.003933000
6	1396		1278.021822000
6	1396		1278.039670000
6	1396		1278.057548000
6	1396		1278.075487000
6	1396		1278.093321000
6	1396		1278.111198000
6	0		1278.111402000
6	1396		1278.129079000
6	1396		1278.146989000
6	1396		1278.164858000
6	1396		1278.182729000
6	1396		1278.200619000
6	1396		1278.218485000
6	1396		1278.236370000
6	1396		1278.254264000
6	1396		1278.272152000
6	1396		1278.290018000
6	0		1278.297114000
6	1396		1278.307900000
6	1396		1278.325757000
6	1396		1278.343653000
6	1396		1278.361523000
6	1396		1278.379445000
6	1396		1278.397302000
6	1396		1278.415195000
6	1396		1278.433073000
6	1396		1278.450946000
6	1396		1278.468823000
6	0		1278.482957000
6	1396		1278.486693000
6	1396		1278.504585000
6	1396		1278.522473000
6	1396		1278.540356000
6	1396		1278.558203000
6	1396		1278.576108000
6	1396		1278.593978000
6	1396		1278.611876000
6	1396		1278.629749000
6	1396		1278.647629000
6	1396		1278.665525000
6	0		1278.669514000
6	1396		1278.683401000
6	1396		1278.701288000
6	1396		1278.719156000
6	1396		1278.737036000
6	1396		1278.755044000
6	1396		1278.772821000
6	1396		1278.790676000
6	1396		1278.808560000
6	1396		1278.826464000
6	1396		1278.844305000
6	0		1278.854667000
6	1396		1278.862194000
6	1396		1278.880096000
6	1396		1278.897969000
6	1396		1278.915840000
6	1396		1278.933737000
6	1396		1278.951621000
6	1396		1278.969496000
6	1396		1278.987368000
6	1396		1279.005260000
6	1396		1279.023135000
6	1396		1279.040996000
6	0		1279.041752000
6	1396		1279.058883000
6	1396		1279.076777000
6	1396		1279.094653000
6	1396		1279.112541000
6	1396		1279.130431000
6	1396		1279.148309000
6	1396		1279.166185000
6	1396		1279.184097000
6	1396		1279.201948000
6	1396		1279.219828000
6	0		1279.226932000
6	1396		1279.237699000
6	1396		1279.255582000
6	1396		1279.273472000
6	0		1279.413005000
6	1396		1279.413486000
6	1396		1279.422415000
6	0		1279.599007000
6	1396		1279.599429000
6	1396		1279.608381000
6	0		1279.692003000
6	0		1279.693062000
6	0		1279.785265000
6	1396		1279.785835000
6	1396		1279.794664000
6	0		1279.971263000
6	1396		1279.971758000
6	1396		1279.980678000
6	0		1280.064440000
6	1396		1280.064881000
6	1396		1280.073825000
6	0		1280.250613000
6	1396		1280.251071000
6	1396		1280.260019000
6	0		1280.436545000
6	1396		1280.437000000
6	1396		1280.445938000
6	0		1280.622431000
6	1396		1280.622913000
6	1396		1280.631796000
6	0		1280.808326000
6	1396		1280.808741000
6	1396		1280.817693000
6	0		1280.994287000
6	1396		1280.994748000
6	1396		1281.003705000
6	0		1281.180194000
6	1396		1281.180647000
6	1396		1281.189595000
6	0		1281.366218000
6	1396		1281.366638000
6	1396		1281.375572000
6	0		1281.552120000
6	1396		1281.552568000
6	1396		1281.561494000
6	0		1281.738044000
6	1396		1281.738527000
6	1396		1281.747483000
6	0		1281.923926000
6	1396		1281.924360000
6	1396		1281.933319000
6	0		1282.109737000
6	1396		1282.110192000
6	1396		1282.119095000
6	0		1282.296055000
6	1396		1282.296505000
6	1396		1282.305428000
6	0		1282.482086000
6	1396		1282.482526000
6	1396		1282.491470000
6	0		1282.575283000
6	1396		1282.575737000
6	1396		1282.584675000
6	0		1282.761261000
6	1396		1282.761717000
6	1396		1282.770648000
6	0		1282.947194000
6	1396		1282.947617000
6	1396		1282.956573000
6	0		1283.133214000
6	0		1283.319575000
6	0		1283.505093000
6	0		1283.691647000
6	0		1283.877062000
6	0		1284.063497000
6	0		1284.248985000
6	0		1284.435522000
6	0		1284.620839000
6	0		1284.807314000
6	0		1284.992710000
17		768	1285.085883000
17		35	1285.087216000
17		76	1285.095437000
17		33	1285.095477000
6	0		1285.178740000
6	0		1285.271945000
6	0		1285.458513000
6	0		1285.644016000
6	0		1285.830326000
6	0		1285.966158000
6	0		1285.966211000
6	0		1286.015793000
6	0		1286.187907000
6	41		1286.193255000
6	0		1286.202192000
6	0		1286.388539000
6	0		1286.414685000
6	21		1286.414826000
6	0		1286.414842000
6	1080		1286.415956000
6	0		1286.573992000
6	440		1286.638863000
6	0		1286.682240000
6	0		1286.760401000
6	48		1286.903520000
6	0		1286.903561000
6	280		1286.908051000
6	0		1286.945805000
6	0		1287.132208000
6	16		1287.136598000
6	0		1287.178213000
6	0		1287.318626000
6	52		1287.399536000
6	0		1287.399586000
6	52		1287.399720000
6	0		1287.504021000
6	100		1287.623504000
6	0		1287.666224000
6	0		1287.690448000
6	0		1287.875851000
6	0		1287.875870000
17		33	1287.911337000
6	0		1287.969098000
6	0		1288.061858000
6	0		1288.155085000
6	0		1288.248322000
6	0		1288.341483000
6	0		1288.433715000
6	0		1288.526836000
6	0		1288.620104000
6	0		1288.677733000
6	0		1288.677806000
6	0		1288.713275000
6	0		1288.739125000
6	0		1288.739178000
6	0		1288.806457000
6	0		1288.823746000
6	41		1288.830575000
6	0		1288.854825000
6	0		1288.854879000
6	0		1288.898826000
6	1396		1288.899286000
6	0		1288.914912000
6	21		1288.914950000
6	0		1288.914962000
6	1080		1288.916007000
6	0		1288.973672000
6	41		1288.980556000
6	0		1288.992395000
17		768	1288.992432000
17		33	1288.992749000
6	1396		1288.992819000
6	0		1289.000184000
6	440		1289.000220000
6	1396		1289.001754000
6	0		1289.038719000
6	0		1289.042238000
6	41		1289.044421000
6	0		1289.084728000
6	1396		1289.085162000
6	1396		1289.094108000
6	48		1289.126435000
6	0		1289.126481000
6	280		1289.130515000
6	0		1289.178273000
6	1396		1289.178706000
6	1396		1289.187646000
6	0		1289.215047000
6	16		1289.216934000
6	0		1289.227372000
6	21		1289.227435000
6	0		1289.227448000
6	1080		1289.228383000
6	68		1289.230419000
6	0		1289.258212000
6	0		1289.271054000
6	1396		1289.271494000
6	0		1289.275311000
6	21		1289.276407000
6	0		1289.276427000
6	1080		1289.277576000
6	1396		1289.280430000
6	52		1289.342430000
6	0		1289.342479000
6	52		1289.342589000
6	0		1289.363808000
6	1396		1289.364242000
6	1396		1289.373200000
6	440		1289.412177000
6	100		1289.427487000
6	52		1289.453390000
6	0		1289.453441000
6	0		1289.453468000
6	0		1289.454201000
6	0		1289.455015000
6	0		1289.456975000
6	1396		1289.457385000
6	1396		1289.466322000
6	0		1289.470223000
6	0		1289.549706000
6	1396		1289.550171000
6	1396		1289.559093000
6	0		1289.572577000
6	440		1289.578093000
6	0		1289.618227000
6	48		1289.637168000
6	0		1289.637213000
6	280		1289.642196000
6	0		1289.643411000
6	1396		1289.643835000
6	1396		1289.652799000
6	0		1289.676294000
6	0		1289.736170000
6	1396		1289.736591000
6	1396		1289.745528000
6	0		1289.828873000
6	1396		1289.829333000
6	16		1289.829552000
6	1396		1289.838265000
6	0		1289.870238000
6	48		1289.913460000
6	0		1289.913499000
6	280		1289.917813000
6	0		1289.922103000
6	1396		1289.922548000
6	1396		1289.931491000
6	0		1290.014804000
17		43	1290.014825000
17		41	1290.014833000
17		1179	1290.014838000
6	1396		1290.015253000
17		33	1290.015557000
17		33	1290.015575000
6	1396		1290.024177000
17		107	1290.029500000
17		114	1290.029541000
6	52		1290.053286000
6	0		1290.053325000
6	52		1290.053429000
6	0		1290.107846000
6	1396		1290.108253000
6	1396		1290.117207000
6	1396		1290.135070000
6	1396		1290.152988000
6	1396		1290.170861000
6	1396		1290.188728000
6	0		1290.201008000
6	1396		1290.206609000
6	0		1290.212809000
6	1396		1290.224472000
6	16		1290.230103000
6	100		1290.237218000
6	1396		1290.242357000
6	1396		1290.260243000
6	0		1290.270243000
6	1396		1290.278139000
6	0		1290.278226000
6	0		1290.294290000
6	1396		1290.296014000
6	1396		1290.313932000
6	1396		1290.331782000
6	1396		1290.349671000
6	1396		1290.367541000
6	1396		1290.385433000
6	0		1290.386716000
6	1396		1290.403303000
6	1396		1290.421203000
6	1396		1290.439076000
6	1396		1290.456920000
6	1396		1290.474822000
6	0		1290.479925000
6	1396		1290.492707000
6	1396		1290.510586000
6	1396		1290.528582000
6	1396		1290.546339000
6	1396		1290.564226000
6	52		1290.564730000
6	0		1290.564759000
6	52		1290.564864000
6	0		1290.573431000
6	1396		1290.582120000
6	1396		1290.599988000
6	1396		1290.617886000
6	1396		1290.635744000
6	1396		1290.653647000
6	0		1290.665758000
6	1396		1290.671530000
6	1396		1290.689383000
6	1396		1290.707289000
6	1396		1290.725182000
6	1396		1290.743042000
6	0		1290.759318000
6	1396		1290.760904000
6	1396		1290.778797000
6	1396		1290.796676000
6	1396		1290.814568000
6	1396		1290.832447000
6	1396		1290.850325000
6	0		1290.852503000
6	84		1290.859981000
6	1396		1290.868197000
6	1396		1290.886087000
6	0		1290.902224000
6	1396		1290.903963000
6	1396		1290.921828000
6	1396		1290.939725000
6	0		1290.944751000
6	1396		1290.957599000
6	1396		1290.975491000
6	1396		1290.993363000
6	1396		1291.011247000
6	1396		1291.029127000
6	0		1291.038151000
6	0		1291.038208000
6	1396		1291.047020000
6	1396		1291.064888000
6	1396		1291.082789000
6	305		1291.100672000
6	0		1291.130975000
6	0		1291.224175000
6	68		1291.307624000
6	0		1291.317383000
6	52		1291.394091000
6	0		1291.394142000
6	0		1291.394169000
6	0		1291.395725000
6	0		1291.410562000
6	0		1291.479887000
6	0		1291.502784000
6	0		1291.596135000
6	0		1291.689188000
6	0		1291.782413000
6	0		1291.875619000
6	0		1291.967831000
6	0		1292.060937000
6	0		1292.154162000
17		41	1292.154209000
6	0		1292.203469000
6	0		1292.203524000
6	0		1292.246976000
17		43	1292.247008000
17		41	1292.247016000
17		33	1292.272935000
6	0		1292.340274000
6	0		1292.433471000
6	0		1292.526035000
6	0		1292.619124000
6	0		1292.712306000
6	0		1292.805529000
6	0		1292.897724000
6	68		1292.924804000
6	0		1292.990866000
6	0		1293.084086000
6	0		1293.107588000
6	0		1293.107635000
6	52		1293.107906000
6	0		1293.107921000
6	0		1293.109597000
6	0		1293.177264000
6	0		1293.270455000
6	0		1293.292903000
6	0		1293.363694000
6	0		1293.455848000
6	68		1293.548967000
6	0		1293.549152000
6	0		1293.642434000
6	0		1293.725328000
6	0		1293.725379000
6	0		1293.735620000
6	0		1293.764430000
6	12		1293.764668000
6	0		1293.803571000
6	12		1293.803695000
6	0		1293.803723000
6	1		1293.803902000
6	4		1293.803919000
6	32		1293.803928000
6	0		1293.803942000
6	0		1293.842753000
6	0		1293.842787000
6	0		1293.842823000
6	0		1293.842947000
6	0		1293.842960000
6	52		1293.844309000
6	0		1293.844338000
6	0		1293.844357000
6	0		1293.846239000
6	0		1293.877648000
6	0		1293.877718000
6	0		1293.920883000
6	0		1294.037043000
6	41		1294.042806000
6	0		1294.107234000
6	0		1294.143113000
6	21		1294.201911000
6	0		1294.201949000
6	0		1294.202025000
6	0		1294.202033000
6	1080		1294.202896000
6	0		1294.292729000
6	440		1294.362033000
6	0		1294.385979000
6	0		1294.402225000
6	48		1294.560669000
6	0		1294.560708000
6	280		1294.566061000
6	0		1294.572309000
6	16		1294.735804000
6	0		1294.757682000
6	0		1294.778206000
6	52		1294.937684000
6	0		1294.937720000
6	52		1294.937833000
6	0		1294.944449000
6	84		1295.095313000
6	0		1295.130488000
6	0		1295.138227000
6	0		1295.316063000
6	0		1295.502433000
6	0		1295.687835000
6	0		1295.874257000
6	0		1296.059732000
6	0		1296.246117000
6	0		1296.432651000
6	0		1296.617693000
17		41	1296.617723000
17		33	1296.618112000
6	0		1296.804744000
6	0		1296.897085000
6	0		1297.082790000
6	1396		1297.176038000
6	564		1297.176076000
6	0		1297.176553000
6	1396		1297.177499000
6	2792		1297.177523000
6	1396		1297.177532000
6	1396		1297.177541000
6	1396		1297.177577000
6	1396		1297.195145000
6	1396		1297.212709000
6	1396		1297.230284000
6	1396		1297.247836000
6	1396		1297.265401000
6	0		1297.268740000
6	1396		1297.282942000
6	1396		1297.300502000
6	1396		1297.318068000
6	1396		1297.335633000
6	1396		1297.353182000
6	0		1297.361943000
6	1396		1297.370753000
6	1396		1297.388325000
6	1396		1297.405887000
6	1396		1297.423415000
6	0		1297.454783000
6	1396		1297.455248000
6	1396		1297.464057000
6	68		1297.469749000
6	0		1297.548140000
6	1396		1297.548651000
6	1396		1297.557386000
6	52		1297.627992000
6	0		1297.628045000
6	0		1297.628299000
6	0		1297.629826000
6	0		1297.641762000
6	1396		1297.642324000
6	1396		1297.651009000
6	0		1297.734002000
6	1396		1297.734490000
6	1396		1297.743272000
6	0		1297.787361000
6	0		1297.827598000
6	1396		1297.828078000
6	1396		1297.836847000
6	0		1297.919820000
6	0		1297.919846000
6	1396		1297.920261000
6	1396		1297.929066000
6	1396		1297.946634000
6	1396		1297.964191000
6	0		1298.013273000
6	1396		1298.013724000
6	1396		1298.022513000
6	0		1298.105889000
6	1396		1298.106362000
6	1396		1298.115130000
6	0		1298.199110000
6	1396		1298.199530000
6	1396		1298.208328000
6	0		1298.292682000
6	1396		1298.293173000
6	1396		1298.301933000
6	0		1298.384931000
6	1396		1298.385398000
6	1396		1298.394187000
6	0		1298.478198000
6	1396		1298.478733000
6	1396		1298.487521000
6	0		1298.570750000
6	1396		1298.571241000
6	1095		1298.580035000
6	0		1298.664029000
6	0		1298.757543000
6	0		1298.850381000
6	0		1298.943410000
6	0		1299.129354000
17		707	1299.129385000
17		37	1299.130144000
17		74	1299.138590000
17		33	1299.138631000
6	0		1299.315225000
6	0		1299.501679000
6	0		1299.687331000
6	0		1299.872926000
6	0		1300.059257000
6	0		1300.152463000
6	0		1300.244657000
6	0		1300.337854000
6	0		1300.431071000
6	0		1300.431094000
6	0		1300.524249000
6	0		1300.526606000
6	0		1300.526639000
6	0		1300.617393000
6	0		1300.710717000
6	0		1300.803049000
6	1396		1300.896205000
6	564		1300.896229000
6	0		1300.896239000
6	0		1300.896665000
6	1396		1300.897524000
6	1396		1300.914543000
6	1396		1300.932407000
6	1396		1300.950316000
6	1396		1300.968200000
6	1396		1300.986058000
6	0		1300.989413000
6	1396		1301.003941000
6	1396		1301.021817000
6	1396		1301.039741000
6	1396		1301.057574000
6	1396		1301.075473000
6	0		1301.081805000
6	1396		1301.093359000
6	1396		1301.111231000
6	1396		1301.129093000
6	1396		1301.146966000
6	1396		1301.164868000
6	0		1301.174995000
6	1396		1301.182749000
6	1396		1301.200618000
6	1396		1301.218526000
6	1396		1301.236398000
6	1396		1301.254278000
6	0		1301.268334000
6	1396		1301.272145000
6	1396		1301.290019000
6	1396		1301.307911000
6	1396		1301.325788000
6	1396		1301.343678000
6	0		1301.360788000
6	1396		1301.361533000
6	1396		1301.379466000
6	1396		1301.397309000
6	1396		1301.415202000
6	1396		1301.433096000
6	1396		1301.450966000
6	0		1301.454073000
6	1396		1301.468854000
6	1396		1301.486739000
6	1396		1301.504623000
6	1396		1301.522512000
6	1396		1301.540345000
6	0		1301.547135000
6	1396		1301.558241000
6	1396		1301.576119000
6	1396		1301.594001000
6	1396		1301.611880000
6	1396		1301.629781000
6	0		1301.640181000
17		43	1301.640209000
17		41	1301.640217000
6	1396		1301.647654000
6	1396		1301.665540000
17		33	1301.666059000
6	1396		1301.683403000
6	1396		1301.701299000
6	1396		1301.719159000
6	0		1301.733452000
6	1095		1301.737046000
6	0		1301.826410000
6	0		1301.844131000
6	0		1301.844191000
6	0		1301.883729000
6	12		1301.883940000
6	0		1301.923458000
6	12		1301.923493000
6	0		1301.923509000
6	1		1301.923693000
6	4		1301.923710000
6	32		1301.923719000
6	0		1301.923730000
6	0		1301.963294000
6	0		1301.963328000
6	0		1301.963394000
6	0		1301.963410000
6	0		1302.011964000
6	0		1302.119528000
6	0		1302.119581000
6	0		1302.198392000
6	0		1302.265248000
6	12		1302.266146000
6	0		1302.266191000
6	41		1302.270764000
6	0		1302.383755000
6	0		1302.416346000
6	1080		1302.416388000
6	1488		1302.416528000
6	0		1302.416574000
6	0		1302.561956000
6	48		1302.562148000
6	280		1302.566369000
6	0		1302.570224000
6	0		1302.712054000
6	16		1302.712193000
6	64		1302.712235000
6	0		1302.712260000
6	64		1302.712331000
6	0		1302.756622000
6	80		1302.857910000
6	80		1302.858968000
6	0		1302.942051000
6	0		1303.035225000
6	0		1303.046725000
6	0		1303.221635000
6	0		1303.407152000
6	0		1303.593556000
6	0		1303.778902000
6	0		1303.965310000
6	0		1304.150924000
6	0		1304.337204000
6	0		1304.522910000
6	0		1304.709087000
6	0		1304.895875000
6	0		1305.080909000
6	0		1305.267393000
6	0		1305.452686000
6	0		1305.639161000
6	0		1305.732335000
6	1396		1305.825066000
6	0		1305.830233000
6	678		1305.918456000
6	0		1305.918489000
6	0		1305.918933000
6	1396		1305.919674000
6	1396		1305.936465000
6	1396		1305.954048000
6	1396		1305.971610000
6	1396		1305.989167000
6	1396		1306.006707000
6	1396		1306.024270000
6	1396		1306.041849000
6	1396		1306.059391000
6	1396		1306.076939000
6	1396		1306.094511000
6	1396		1306.112064000
6	1396		1306.129627000
6	1396		1306.147186000
6	1396		1306.164777000
6	1396		1306.182315000
6	0		1306.196724000
6	0		1306.196748000
6	1396		1306.199869000
6	1396		1306.217442000
6	1396		1306.235007000
6	1396		1306.252559000
6	1396		1306.270123000
6	1396		1306.287671000
6	0		1306.289910000
6	1396		1306.305239000
6	1396		1306.322791000
6	1396		1306.340371000
6	1396		1306.357920000
6	1396		1306.375492000
6	0		1306.382841000
6	1396		1306.393017000
6	1396		1306.410609000
6	1396		1306.428933000
6	1396		1306.445710000
6	1396		1306.463274000
6	0		1306.476041000
6	1396		1306.480852000
6	1396		1306.498403000
6	1396		1306.515950000
6	1396		1306.533513000
6	1396		1306.551097000
6	1396		1306.568701000
6	0		1306.569057000
6	1396		1306.586201000
6	1396		1306.603758000
6	1396		1306.621330000
6	1396		1306.638887000
6	1396		1306.656426000
6	0		1306.661985000
6	1396		1306.674011000
6	1396		1306.691546000
6	1396		1306.709104000
6	1396		1306.726690000
6	0		1306.755035000
6	1125		1306.755487000
6	0		1306.769931000
6	0		1306.769987000
6	0		1306.847847000
6	0		1306.929075000
6	0		1306.941030000
6	0		1307.034300000
6	0		1307.127488000
6	0		1307.219710000
6	0		1307.266384000
6	0		1307.268652000
6	0		1307.312885000
6	0		1307.406118000
6	0		1307.414240000
6	0		1307.499368000
6	0		1307.592571000
6	0		1307.684725000
6	0		1307.778060000
6	0		1307.871219000
6	0		1307.964437000
6	0		1308.057661000
6	0		1308.150017000
6	0		1308.243156000
6	0		1308.336326000
6	0		1308.429544000
6	0		1308.521710000
6	0		1308.614919000
6	0		1308.708178000
6	0		1308.708200000
6	0		1308.801368000
6	0		1308.894399000
6	0		1308.987441000
6	0		1309.173037000
6	0		1309.359452000
6	0		1309.544894000
6	1396		1309.638000000
6	678		1309.638021000
6	0		1309.638501000
6	1396		1309.639294000
6	1396		1309.656335000
6	1396		1309.674219000
6	1396		1309.692114000
6	1396		1309.709987000
6	1396		1309.727880000
6	0		1309.731208000
6	1396		1309.745757000
6	1396		1309.763649000
6	1396		1309.781522000
6	1396		1309.799508000
6	1396		1309.817292000
6	1396		1309.835164000
6	1396		1309.853036000
6	1396		1309.870932000
6	1396		1309.888823000
6	1396		1309.906672000
6	0		1309.916827000
6	1396		1309.924544000
6	1396		1309.942448000
6	1396		1309.960320000
6	1396		1309.978213000
6	1396		1309.996101000
6	1396		1310.013971000
6	1396		1310.031851000
6	1396		1310.049742000
6	1396		1310.067631000
6	1396		1310.085515000
6	1396		1310.103372000
6	0		1310.103528000
6	1396		1310.121270000
6	1396		1310.139147000
6	1396		1310.157005000
6	1396		1310.174889000
6	1396		1310.192756000
6	1396		1310.210661000
6	1396		1310.228544000
6	1396		1310.246411000
6	1396		1310.264304000
6	1396		1310.282191000
6	0		1310.289199000
6	1396		1310.300064000
6	1396		1310.317963000
6	1396		1310.335824000
6	1396		1310.353712000
6	1396		1310.371651000
6	0		1310.381666000
6	1396		1310.389470000
6	1396		1310.407357000
6	1396		1310.425229000
6	1396		1310.443103000
6	1396		1310.461004000
6	1125		1310.478892000
6	0		1310.568499000
6	0		1310.754621000
6	0		1310.940042000
6	0		1311.126459000
6	0		1311.311825000
6	0		1311.498303000
6	0		1311.683700000
6	0		1311.870004000
6	0		1312.056407000
6	0		1312.242325000
6	0		1312.307241000
6	0		1312.307278000
6	0		1312.428129000
6	0		1312.613850000
6	0		1312.799824000
6	0		1312.986292000
6	0		1313.171674000
6	0		1313.358055000
6	0		1313.515882000
6	0		1313.515932000
6	0		1313.544602000
6	0		1313.561450000
6	0		1313.729800000
6	0		1313.916247000
6	0		1314.102652000
6	0		1314.288008000
6	0		1314.474432000
6	0		1314.660495000
6	1396		1314.752718000
6	564		1314.752744000
6	0		1314.753189000
6	1396		1314.754223000
6	1396		1314.771081000
6	1396		1314.788949000
6	1396		1314.806806000
6	1396		1314.824701000
6	1396		1314.842568000
6	1396		1314.860453000
6	1396		1314.878339000
6	1396		1314.896229000
6	1396		1314.914101000
6	1396		1314.931992000
6	1396		1314.949876000
6	1396		1314.967747000
6	1396		1314.985626000
6	1396		1315.003507000
6	1396		1315.021401000
6	0		1315.032533000
6	1396		1315.039261000
6	1396		1315.057150000
6	1396		1315.075016000
6	1396		1315.092902000
6	1396		1315.110792000
17		594	1315.125030000
17		35	1315.126676000
6	1396		1315.128658000
17		76	1315.135280000
17		33	1315.135333000
6	1396		1315.146568000
6	1396		1315.164430000
6	1396		1315.182294000
6	1396		1315.200209000
6	1396		1315.218080000
6	0		1315.218418000
6	1396		1315.235953000
6	1396		1315.253853000
6	1396		1315.271728000
6	1396		1315.289604000
6	1396		1315.307483000
6	1396		1315.325354000
6	1396		1315.343249000
6	1396		1315.361128000
6	1396		1315.379009000
6	1396		1315.396888000
6	0		1315.404042000
6	1396		1315.414774000
6	1396		1315.432667000
6	1396		1315.450540000
6	1396		1315.468395000
6	1396		1315.486305000
6	1396		1315.504189000
6	1396		1315.522059000
6	1396		1315.539922000
6	1396		1315.557840000
6	1396		1315.575709000
6	0		1315.589950000
6	1095		1315.593563000
6	0		1315.776309000
6	0		1315.962833000
6	0		1316.147932000
6	0		1316.334353000
6	0		1316.519770000
6	0		1316.706233000
17		41	1316.799297000
6	0		1316.891688000
17		43	1316.891715000
17		41	1316.891722000
17		33	1316.917219000
6	0		1317.077809000
6	0		1317.264094000
6	0		1317.450412000
6	0		1317.636097000
6	0		1317.822410000
6	0		1318.007913000
6	0		1318.194486000
6	0		1318.379793000
6	0		1318.566146000
6	0		1318.752603000
6	0		1318.937855000
6	0		1319.124463000
6	1396		1319.217406000
6	0		1319.223537000
6	677		1319.310599000
6	0		1319.311043000
6	1396		1319.336848000
6	1396		1319.400224000
6	1396		1319.489431000
6	1396		1319.578614000
6	0		1319.588963000
6	1396		1319.667823000
6	1396		1319.757002000
6	0		1319.775491000
6	1396		1319.846198000
6	1396		1319.935453000
6	0		1319.960790000
6	1396		1320.024583000
6	1396		1320.113783000
6	0		1320.147237000
6	1396		1320.202973000
6	0		1320.271652000
6	1396		1320.275080000
6	1396		1320.347203000
6	0		1320.394694000
6	1396		1320.419340000
6	1396		1320.491047000
6	0		1320.518934000
6	1396		1320.562787000
6	1396		1320.622767000
6	0		1320.643343000
6	1396		1320.682774000
6	1396		1320.742743000
6	0		1320.767392000
6	1396		1320.802748000
6	1396		1320.862725000
6	0		1320.891310000
6	1396		1320.922709000
6	1396		1320.975869000
6	0		1321.015305000
6	1396		1321.029056000
6	1396		1321.079070000
6	1396		1321.129110000
6	0		1321.138784000
6	1396		1321.179127000
6	1396		1321.229173000
6	0		1321.262682000
6	1396		1321.279212000
6	1396		1321.329044000
6	0		1321.386751000
6	1396		1321.387187000
6	1396		1321.441183000
6	0		1321.510682000
6	1396		1321.511116000
6	1396		1321.565803000
6	0		1321.635601000
6	1396		1321.636025000
6	1396		1321.690388000
6	0		1321.758840000
6	1396		1321.759254000
6	1396		1321.815044000
6	0		1321.883852000
6	1396		1321.884263000
6	1396		1321.939614000
6	0		1322.007103000
6	1396		1322.007564000
6	1396		1322.064246000
6	0		1322.130742000
6	1396		1322.131198000
6	1396		1322.176398000
6	1396		1322.226233000
6	0		1322.254900000
6	1396		1322.276082000
6	0		1322.379128000
6	1396		1322.379570000
6	1396		1322.410702000
6	0		1322.503255000
6	1396		1322.503683000
6	1396		1322.535349000
6	0		1322.627075000
6	1396		1322.627489000
6	1396		1322.659935000
6	0		1322.751518000
6	1396		1322.751958000
6	1396		1322.784542000
6	0		1322.875004000
6	1396		1322.875477000
6	1396		1322.909148000
6	1396		1322.971480000
6	0		1322.999574000
6	1396		1323.033756000
6	1396		1323.096060000
6	0		1323.123234000
6	1396		1323.158352000
6	1396		1323.208211000
6	0		1323.246891000
6	1396		1323.258052000
6	1396		1323.307896000
6	0		1323.371027000
6	1396		1323.371454000
6	1396		1323.420065000
6	0		1323.495596000
6	1396		1323.496035000
6	1396		1323.544663000
6	0		1323.619110000
6	1396		1323.619531000
6	1396		1323.669266000
6	0		1323.742748000
6	1396		1323.743184000
6	1396		1323.793858000
6	0		1323.867351000
6	1396		1323.867807000
6	1396		1323.918496000
6	0		1323.991052000
6	1396		1323.991471000
6	1396		1324.043096000
6	0		1324.115572000
6	1396		1324.115988000
6	1396		1324.155252000
6	1396		1324.205104000
6	0		1324.238757000
6	1396		1324.254945000
6	0		1324.363121000
6	1396		1324.363532000
6	1396		1324.394698000
6	0		1324.487339000
6	1396		1324.487768000
6	1396		1324.519289000
6	0		1324.610809000
6	1396		1324.611242000
6	1396		1324.643918000
6	0		1324.672967000
6	1396		1324.706208000
6	1396		1324.768530000
6	0		1324.796784000
6	1396		1324.830823000
6	1396		1324.893140000
6	0		1324.921336000
6	1396		1324.955453000
6	1396		1325.017735000
6	0		1325.045074000
6	1396		1325.080045000
17		649	1325.106870000
17		35	1325.107600000
17		76	1325.120852000
17		33	1325.120892000
6	1396		1325.142340000
6	0		1325.169554000
6	1396		1325.204660000
17		44	1325.231136000
17		41	1325.231156000
6	1396		1325.254511000
17		33	1325.256936000
6	0		1325.293331000
6	1396		1325.304341000
6	1396		1325.354209000
6	0		1325.417140000
6	1396		1325.417548000
6	1396		1325.466341000
6	0		1325.540871000
6	1396		1325.541292000
6	1396		1325.590922000
6	0		1325.665510000
6	1396		1325.665913000
6	1396		1325.715595000
6	0		1325.789129000
6	1396		1325.789573000
6	1396		1325.840164000
6	0		1325.912604000
6	1396		1325.913037000
6	1396		1325.964768000
6	0		1325.966361000
6	0		1325.966408000
6	0		1326.005665000
6	12		1326.005894000
6	0		1326.037173000
6	1396		1326.037605000
6	0		1326.044904000
6	12		1326.044936000
6	0		1326.044946000
6	1		1326.045086000
6	4		1326.045099000
6	32		1326.045107000
6	0		1326.045121000
6	1396		1326.076919000
6	0		1326.083990000
6	0		1326.084027000
6	0		1326.084032000
6	0		1326.084112000
6	0		1326.084128000
6	1396		1326.126770000
6	0		1326.161568000
6	1396		1326.176607000
6	0		1326.285079000
6	1396		1326.285515000
6	1396		1326.316655000
6	0		1326.409827000
6	1396		1326.410247000
6	1396		1326.441397000
6	0		1326.532858000
6	1396		1326.533388000
6	1396		1326.566017000
6	0		1326.657506000
6	1396		1326.657936000
6	1396		1326.690610000
6	0		1326.781120000
6	1396		1326.781518000
6	1396		1326.815213000
6	1396		1326.877531000
6	0		1326.904758000
6	1396		1326.939826000
6	1396		1327.002147000
6	0		1327.029365000
6	1396		1327.064444000
6	1396		1327.114293000
6	0		1327.152968000
6	1396		1327.164119000
6	1396		1327.213985000
6	0		1327.277451000
6	1396		1327.277892000
6	1396		1327.326125000
6	0		1327.400715000
6	1396		1327.401154000
6	1396		1327.450737000
6	0		1327.525197000
6	1396		1327.525604000
6	1396		1327.575360000
6	0		1327.649041000
6	1396		1327.649459000
6	1396		1327.699966000
6	0		1327.773476000
6	1396		1327.773887000
6	1396		1327.824563000
6	0		1327.897166000
6	1396		1327.897628000
6	1396		1327.949182000
6	0		1328.020676000
6	1396		1328.021095000
6	1396		1328.061321000
6	1396		1328.111186000
6	0		1328.144853000
6	1396		1328.161019000
6	0		1328.268828000
6	1396		1328.269338000
6	1396		1328.300450000
6	0		1328.393082000
6	1396		1328.393486000
6	1396		1328.425045000
17		765	1328.455270000
17		35	1328.456703000
17		107	1328.468750000
17		239	1328.468786000
6	0		1328.517149000
6	1396		1328.517581000
6	1396		1328.549666000
6	0		1328.579265000
6	1396		1328.611954000
17		44	1328.641004000
17		41	1328.641031000
17		33	1328.666330000
6	1396		1328.674260000
6	0		1328.764894000
6	1396		1328.765344000
6	1396		1328.798898000
6	0		1328.889336000
6	1396		1328.889779000
6	1396		1328.923494000
6	0		1329.012961000
6	1396		1329.013404000
6	1396		1329.048125000
6	0		1329.137587000
6	1396		1329.138054000
6	1396		1329.162983000
6	0		1329.197497000
6	0		1329.197547000
6	0		1329.198822000
6	1396		1329.212836000
6	0		1329.238374000
6	1396		1329.262664000
6	1396		1329.312520000
6	0		1329.323309000
6	1396		1329.362374000
6	0		1329.447086000
6	1396		1329.447504000
6	1396		1329.474655000
6	1396		1329.528979000
6	0		1329.571215000
6	1396		1329.583312000
6	1396		1329.637607000
6	0		1329.694900000
6	1396		1329.695298000
6	1396		1329.746245000
6	0		1329.818758000
6	1396		1329.819192000
6	1396		1329.854890000
6	0		1329.943405000
6	1396		1329.943838000
6	1396		1329.971020000
6	0		1330.067552000
6	1396		1330.067968000
6	1396		1330.095141000
6	0		1330.190677000
6	1396		1330.191117000
6	1396		1330.212865000
6	1396		1330.256278000
6	1396		1330.299767000
6	0		1330.315296000
6	0		1330.438712000
6	1396		1330.439110000
6	1396		1330.466295000
6	0		1330.562833000
6	1396		1330.563263000
6	1396		1330.590436000
6	0		1330.686938000
6	1396		1330.687353000
6	1396		1330.714514000
6	1396		1330.768827000
6	0		1330.811095000
6	1396		1330.823136000
6	1396		1330.877463000
6	0		1330.935588000
6	1396		1330.936034000
6	0		1330.960914000
6	0		1330.960973000
6	1396		1330.981937000
6	0		1330.982020000
6	41		1330.987485000
6	0		1331.008041000
6	21		1331.008073000
6	0		1331.008084000
6	1080		1331.008990000
6	0		1331.029504000
6	440		1331.029658000
6	1396		1331.032054000
6	0		1331.059464000
6	0		1331.070217000
6	1396		1331.082201000
6	48		1331.091528000
6	0		1331.091567000
6	280		1331.095679000
6	0		1331.116222000
6	1396		1331.132322000
6	16		1331.165495000
6	1396		1331.182463000
6	0		1331.182807000
6	0		1331.206211000
6	0		1331.210217000
6	0		1331.210270000
6	52		1331.226782000
6	0		1331.226826000
6	52		1331.226906000
6	1396		1331.232607000
6	0		1331.247414000
6	84		1331.247466000
6	1396		1331.282764000
6	0		1331.290210000
6	0		1331.307170000
6	1396		1331.332890000
6	0		1331.372244000
6	1396		1331.372964000
6	41		1331.379131000
6	1396		1331.413193000
6	0		1331.431481000
6	1396		1331.453237000
6	0		1331.514670000
6	21		1331.515342000
6	0		1331.515365000
6	1080		1331.516367000
6	0		1331.554742000
6	1396		1331.555150000
6	1396		1331.588572000
6	0		1331.616967000
6	0		1331.617890000
6	440		1331.675066000
6	0		1331.679164000
6	1396		1331.679595000
6	1396		1331.705559000
6	0		1331.718228000
6	0		1331.803187000
6	48		1331.843069000
6	0		1331.843118000
6	280		1331.847548000
6	0		1331.927512000
6	1396		1331.927912000
6	0		1332.051535000
6	1396		1332.052016000
6	1396		1332.077078000
6	0		1332.175629000
6	1396		1332.176072000
6	1396		1332.196130000
6	1396		1332.236235000
6	1396		1332.276387000
6	0		1332.298783000
6	1396		1332.316463000
6	280		1332.322205000
6	1396		1332.356569000
6	1396		1332.396716000
6	52		1332.419867000
6	0		1332.419910000
6	0		1332.423092000
6	1083		1332.436805000
6	0		1332.547336000
6	16		1332.575810000
6	0		1332.575864000
6	52		1332.575950000
6	0		1332.670677000
6	0		1332.694540000
6	84		1332.696008000
6	0		1332.733079000
6	0		1332.738226000
6	1396		1332.795231000
6	564		1332.795258000
6	0		1332.795678000
6	1396		1332.796585000
6	1396		1332.845855000
6	1396		1332.895997000
6	1396		1332.946220000
6	0		1332.981538000
6	0		1332.985883000
6	0		1332.985930000
6	1396		1332.996242000
6	0		1333.043368000
6	1396		1333.046391000
6	1396		1333.096520000
6	0		1333.105411000
6	1396		1333.146692000
6	1396		1333.196805000
6	68		1333.229325000
6	0		1333.229398000
6	1396		1333.246964000
6	52		1333.250041000
6	0		1333.250080000
6	0		1333.250097000
6	0		1333.251295000
6	0		1333.271838000
6	1396		1333.297085000
6	1396		1333.347221000
6	0		1333.353462000
6	1396		1333.397352000
6	1396		1333.447509000
6	0		1333.476813000
6	1396		1333.497673000
6	1396		1333.547782000
6	1396		1333.597930000
6	0		1333.601167000
6	1396		1333.648049000
6	1396		1333.688160000
6	0		1333.725542000
6	1396		1333.728266000
6	1396		1333.768402000
6	0		1333.848904000
6	1396		1333.849348000
6	1396		1333.882772000
6	0		1333.973264000
6	1396		1333.973702000
6	1396		1333.999768000
6	0		1334.085931000
6	0		1334.085995000
6	0		1334.097337000
6	1396		1334.097756000
6	1396		1334.122828000
6	0		1334.125792000
6	12		1334.126009000
6	0		1334.165850000
6	12		1334.165923000
6	0		1334.165934000
6	1		1334.166070000
6	4		1334.166084000
6	32		1334.166095000
6	0		1334.166108000
6	0		1334.205912000
6	0		1334.205979000
6	0		1334.205984000
6	0		1334.205998000
6	0		1334.221356000
6	1396		1334.221770000
6	1396		1334.246860000
6	0		1334.345585000
6	1396		1334.346011000
6	1396		1334.371091000
6	0		1334.469610000
6	1396		1334.470086000
6	1396		1334.495197000
6	0		1334.592714000
6	1396		1334.593182000
6	1396		1334.618261000
6	0		1334.655511000
6	1396		1334.668392000
6	0		1334.778894000
6	1396		1334.779321000
6	1396		1334.810492000
6	68		1334.814292000
6	0		1334.903011000
6	1396		1334.903450000
6	1396		1334.928393000
6	0		1334.942502000
6	0		1334.942545000
6	1396		1334.978231000
6	0		1335.026937000
6	1396		1335.028038000
6	52		1335.084921000
6	0		1335.084975000
6	0		1335.086609000
17		630	1335.089249000
17		36	1335.089932000
17		76	1335.098729000
17		33	1335.098786000
6	0		1335.151601000
6	1396		1335.152068000
6	1396		1335.183227000
6	0		1335.220913000
6	0		1335.274707000
6	1396		1335.275131000
6	1396		1335.307813000
6	0		1335.398705000
17		44	1335.398742000
17		41	1335.398749000
6	1396		1335.399459000
17		33	1335.424092000
6	1396		1335.432432000
6	0		1335.522996000
6	1396		1335.523522000
6	1396		1335.557037000
6	0		1335.646866000
6	1396		1335.647296000
6	1396		1335.681665000
6	0		1335.771351000
6	1396		1335.771819000
6	1396		1335.806255000
6	0		1335.894839000
6	1396		1335.895282000
6	1396		1335.930873000
6	0		1336.019378000
6	1396		1336.019812000
6	1396		1336.055478000
6	0		1336.143023000
6	1396		1336.143472000
6	1396		1336.168390000
6	1396		1336.218232000
6	0		1336.266920000
6	1396		1336.268063000
6	0		1336.391536000
6	1396		1336.391958000
6	1396		1336.423104000
6	0		1336.514942000
6	1396		1336.515370000
6	1396		1336.547739000
6	0		1336.639262000
6	1396		1336.639674000
6	1396		1336.672352000
6	0		1336.762839000
6	1396		1336.763277000
6	1396		1336.796958000
6	1396		1336.859248000
6	0		1336.887497000
6	1396		1336.921582000
6	1396		1336.983868000
6	0		1337.011064000
6	1396		1337.046175000
6	1396		1337.108464000
6	0		1337.134677000
6	1396		1337.170797000
6	1396		1337.233075000
6	0		1337.259270000
6	1396		1337.295413000
6	1396		1337.357672000
6	0		1337.383049000
6	1396		1337.420022000
6	1396		1337.445381000
6	0		1337.451211000
6	0		1337.454673000
6	0		1337.454711000
6	1090		1337.482295000
6	679		1337.507554000
6	0		1337.507581000
6	0		1337.508057000
6	1396		1337.509266000
6	1396		1337.525579000
6	1396		1337.543153000
6	1396		1337.560705000
6	1396		1337.578257000
6	1396		1337.595831000
6	1396		1337.613380000
6	1396		1337.630971000
6	0		1337.631264000
6	1396		1337.648495000
6	1396		1337.666052000
6	1396		1337.683637000
6	1396		1337.701165000
6	1396		1337.718740000
6	1396		1337.736305000
6	1396		1337.753888000
6	0		1337.755220000
6	1396		1337.771440000
6	1396		1337.788975000
6	1396		1337.806550000
6	0		1337.816907000
6	1396		1337.824095000
6	1396		1337.841672000
6	1396		1337.859273000
6	1396		1337.876779000
6	0		1337.879060000
6	1396		1337.894333000
6	1396		1337.911899000
6	1396		1337.929481000
6	0		1337.940824000
6	1396		1337.947021000
6	1396		1337.964569000
6	1396		1337.982133000
6	1396		1337.999704000
6	0		1338.003032000
6	1396		1338.017266000
6	1396		1338.034824000
6	1396		1338.052381000
6	0		1338.064746000
6	1396		1338.069932000
6	1396		1338.087483000
6	1396		1338.105049000
6	1396		1338.122609000
6	0		1338.126915000
6	1396		1338.140170000
6	1396		1338.157745000
6	1396		1338.175296000
6	0		1338.189080000
6	1396		1338.192843000
6	1396		1338.210414000
6	1396		1338.227965000
6	1396		1338.245550000
6	0		1338.250791000
6	0		1338.250816000
6	1396		1338.263078000
6	1396		1338.280669000
6	1396		1338.298205000
6	0		1338.313140000
6	1396		1338.315777000
6	1396		1338.333342000
6	1396		1338.350913000
6	1396		1338.368445000
6	0		1338.374735000
6	1396		1338.386018000
6	0		1338.436922000
6	1396		1338.437338000
6	0		1338.498889000
6	1396		1338.499352000
6	0		1338.561435000
6	1396		1338.561878000
6	0		1338.622749000
6	1396		1338.623177000
6	0		1338.685266000
6	1396		1338.685702000
6	0		1338.747046000
6	1396		1338.747532000
6	0		1338.808794000
6	1396		1338.809244000
6	0		1338.870988000
6	1396		1338.871486000
6	0		1338.933008000
6	1396		1338.933477000
6	0		1338.994736000
6	1396		1338.995148000
6	0		1339.057256000
17		707	1339.057286000
6	1396		1339.057687000
17		36	1339.058033000
17		74	1339.066704000
17		33	1339.066886000
6	0		1339.119160000
6	1396		1339.119657000
6	0		1339.180968000
6	1396		1339.181435000
6	0		1339.242816000
6	1396		1339.243295000
6	0		1339.305069000
6	1396		1339.305528000
6	0		1339.366749000
6	1396		1339.367236000
6	0		1339.429062000
6	1396		1339.429538000
6	0		1339.490769000
6	1396		1339.491211000
6	0		1339.552963000
6	897		1339.553407000
6	0		1339.614807000
6	0		1339.676983000
6	0		1339.739093000
6	0		1339.801274000
6	0		1339.863521000
6	0		1339.924702000
6	0		1339.987457000
6	0		1339.987485000
6	0		1340.111091000
6	0		1340.235510000
6	0		1340.358917000
6	0		1340.483167000
6	0		1340.607507000
6	0		1340.730972000
6	0		1340.855144000
6	0		1340.979534000
6	0		1341.102860000
6	0		1341.165398000
6	0		1341.165452000
6	0		1341.227240000
6	0		1341.350682000
6	0		1341.351812000
6	41		1341.357574000
6	0		1341.475158000
17		44	1341.475192000
17		41	1341.475201000
17		33	1341.500804000
6	0		1341.544056000
6	21		1341.550126000
6	0		1341.550163000
6	1080		1341.551141000
6	0		1341.599510000
6	0		1341.722636000
6	440		1341.745513000
6	0		1341.786213000
6	0		1341.846986000
6	0		1341.908801000
6	1396		1341.971002000
6	679		1341.971028000
6	0		1341.971508000
6	48		1341.972540000
6	0		1341.972567000
6	280		1341.976919000
6	1396		1342.091595000
6	1396		1342.100369000
6	1396		1342.117930000
6	1396		1342.135504000
6	1396		1342.153062000
6	16		1342.169068000
6	1396		1342.170596000
6	1396		1342.188150000
6	1396		1342.205718000
6	0		1342.206457000
6	0		1342.206504000
6	0		1342.210222000
6	0		1342.219480000
6	1396		1342.223267000
6	1396		1342.240838000
6	0		1342.245261000
6	12		1342.245490000
6	1396		1342.258384000
6	1396		1342.275955000
6	0		1342.284313000
6	12		1342.284353000
6	0		1342.284366000
6	1		1342.284576000
6	4		1342.284601000
6	32		1342.284613000
6	0		1342.284629000
6	1396		1342.293510000
6	1396		1342.311069000
6	0		1342.323481000
6	0		1342.323518000
6	0		1342.323522000
6	0		1342.323662000
6	0		1342.323678000
6	1396		1342.328657000
6	0		1342.343379000
6	1396		1342.346232000
6	1396		1342.363794000
6	1396		1342.381327000
6	52		1342.396590000
6	0		1342.396627000
6	52		1342.396761000
6	1396		1342.398868000
6	1396		1342.416429000
6	1396		1342.433984000
6	1396		1342.451571000
6	0		1342.467339000
6	1396		1342.469104000
6	1396		1342.486668000
6	1396		1342.504242000
6	1396		1342.521781000
6	1396		1342.539357000
6	1396		1342.556899000
6	1396		1342.574484000
6	84		1342.587697000
6	0		1342.591221000
6	1396		1342.592008000
6	1396		1342.609599000
6	1396		1342.627153000
6	0		1342.630228000
6	1396		1342.644738000
6	1396		1342.662267000
6	1396		1342.679833000
6	1396		1342.697396000
6	1396		1342.714964000
6	0		1342.714973000
17		765	1342.715003000
17		36	1342.715760000
17		107	1342.728824000
17		203	1342.728887000
6	1396		1342.732525000
6	1396		1342.750092000
6	1396		1342.767640000
6	1396		1342.785200000
6	1396		1342.802753000
6	1396		1342.820310000
6	1396		1342.837864000
6	0		1342.839102000
6	1396		1342.855442000
6	1396		1342.872980000
6	1396		1342.890537000
6	1396		1342.908104000
6	1396		1342.925673000
6	1396		1342.943234000
6	1396		1342.960798000
6	0		1342.962933000
6	1396		1342.978333000
6	1396		1342.995924000
6	1396		1343.013480000
6	0		1343.087066000
6	1396		1343.087537000
6	1396		1343.096314000
6	0		1343.210870000
6	198		1343.211312000
6	0		1343.211810000
6	0		1343.211854000
6	0		1343.334771000
6	0		1343.373076000
6	41		1343.379368000
6	0		1343.459068000
6	0		1343.540254000
6	21		1343.541925000
6	0		1343.541954000
6	1080		1343.542948000
6	0		1343.583416000
6	0		1343.704082000
6	440		1343.704154000
6	0		1343.706871000
6	0		1343.746234000
6	0		1343.831190000
6	0		1343.893444000
6	48		1343.907158000
6	0		1343.907197000
6	280		1343.911258000
6	0		1344.016759000
6	0		1344.072208000
6	16		1344.088590000
6	0		1344.130216000
6	0		1344.141046000
6	0		1344.265370000
6	52		1344.291073000
6	0		1344.291116000
6	52		1344.291206000
17		44	1344.326759000
17		33	1344.352236000
6	0		1344.389269000
17		41	1344.389293000
6	0		1344.495606000
6	0		1344.512831000
6	100		1344.519604000
6	0		1344.562212000
6	0		1344.637103000
6	68		1344.745989000
6	0		1344.761500000
6	0		1344.884852000
6	52		1344.937752000
6	0		1344.937800000
6	0		1344.937826000
6	0		1344.939381000
6	0		1345.009221000
6	0		1345.125753000
6	0		1345.133605000
6	0		1345.256917000
6	0		1345.381273000
6	0		1345.505573000
6	1396		1345.566764000
6	565		1345.566791000
6	0		1345.567271000
6	1396		1345.702169000
6	1396		1345.731566000
6	1396		1345.790397000
6	1396		1345.849254000
6	0		1345.876816000
6	1396		1345.908072000
6	1396		1345.966919000
6	0		1346.001414000
6	1396		1346.025771000
6	1396		1346.084611000
6	0		1346.125158000
6	1396		1346.143477000
6	1396		1346.202305000
6	0		1346.248935000
6	1396		1346.261166000
6	1396		1346.308207000
6	1396		1346.355304000
6	0		1346.372839000
6	1396		1346.433757000
6	0		1346.497718000
6	1396		1346.512252000
6	1396		1346.571050000
6	0		1346.621584000
6	1396		1346.629900000
6	1396		1346.688741000
6	0		1346.745267000
6	1396		1346.747568000
6	1396		1346.806427000
6	1396		1346.865254000
6	0		1346.868730000
6	1396		1346.924108000
6	68		1346.953546000
6	1396		1346.982960000
6	0		1346.993596000
6	1396		1347.041792000
6	1396		1347.100645000
6	0		1347.114432000
6	52		1347.114985000
6	0		1347.115013000
6	0		1347.115095000
6	0		1347.116534000
6	0		1347.117209000
6	1396		1347.159486000
6	1396		1347.218353000
6	0		1347.240923000
6	1396		1347.265412000
6	0		1347.277405000
6	1396		1347.312476000
6	0		1347.364819000
6	1396		1347.365284000
6	0		1347.488671000
6	1396		1347.489188000
6	1396		1347.518584000
6	0		1347.550870000
6	1396		1347.577453000
6	1396		1347.636281000
6	0		1347.674902000
6	1396		1347.695111000
6	1396		1347.753971000
6	0		1347.799523000
6	1396		1347.812823000
6	1396		1347.871636000
6	0		1347.923409000
6	1396		1347.930505000
6	1396		1347.989316000
6	0		1348.047013000
6	1396		1348.048171000
6	1396		1348.107025000
6	1396		1348.165868000
6	0		1348.171421000
6	1396		1348.224703000
6	1396		1348.283564000
6	0		1348.295397000
6	1396		1348.330628000
6	1396		1348.377705000
6	0		1348.419057000
6	1117		1348.424771000
6	0		1348.543252000
6	0		1348.667288000
6	1396		1348.729467000
6	679		1348.729494000
6	0		1348.729918000
6	1396		1348.778284000
6	1396		1348.808235000
6	1396		1348.868100000
6	0		1348.914763000
6	1396		1348.927975000
6	1396		1348.987848000
6	0		1349.039481000
6	1396		1349.047745000
6	1396		1349.107632000
6	0		1349.163213000
6	1396		1349.167503000
6	1396		1349.227393000
6	0		1349.286920000
6	1396		1349.287263000
6	1396		1349.349567000
6	0		1349.410687000
6	1396		1349.411874000
6	1396		1349.461749000
6	1396		1349.511575000
6	0		1349.525586000
6	0		1349.525642000
6	0		1349.535332000
6	1396		1349.561425000
6	1396		1349.611249000
6	0		1349.658963000
6	1396		1349.661100000
6	1396		1349.710946000
6	1396		1349.760842000
6	0		1349.783378000
6	1396		1349.843888000
6	1396		1349.906169000
6	0		1349.907299000
6	1396		1349.968510000
6	1396		1350.030800000
6	0		1350.030941000
6	1396		1350.093078000
6	0		1350.155309000
6	1396		1350.155389000
6	1396		1350.217725000
6	0		1350.278832000
6	1396		1350.280027000
6	1396		1350.342327000
6	0		1350.403527000
6	1396		1350.404627000
6	1396		1350.466937000
6	0		1350.527072000
6	1396		1350.529229000
6	1396		1350.591522000
6	1396		1350.641385000
6	0		1350.650724000
6	1396		1350.691222000
6	1396		1350.741053000
6	0		1350.774668000
6	1396		1350.790899000
6	1396		1350.853237000
6	0		1350.898880000
6	1396		1350.915521000
6	1396		1350.977820000
6	0		1351.022926000
6	1396		1351.040122000
6	1396		1351.102449000
6	0		1351.146931000
6	1396		1351.164741000
6	0		1351.209106000
6	1396		1351.227041000
6	1396		1351.289345000
6	0		1351.333434000
6	1396		1351.351674000
6	1396		1351.413990000
6	0		1351.457102000
6	1396		1351.476252000
6	1396		1351.538545000
6	0		1351.580678000
6	1396		1351.600861000
6	1396		1351.663196000
6	0		1351.664282000
6	0		1351.664334000
6	0		1351.705266000
6	1396		1351.713028000
6	1396		1351.762945000
6	0		1351.829402000
6	1396		1351.845934000
6	1396		1351.929018000
6	0		1351.953361000
6	1396		1351.991357000
6	1396		1352.053641000
6	0		1352.076760000
6	1396		1352.115939000
6	1396		1352.178277000
6	0		1352.201369000
6	1396		1352.240539000
6	1396		1352.302845000
6	0		1352.325027000
6	1396		1352.365398000
6	1396		1352.428149000
6	0		1352.448872000
6	1396		1352.490460000
6	1396		1352.552969000
6	0		1352.572866000
6	1396		1352.615540000
6	1396		1352.678070000
6	0		1352.697039000
6	1396		1352.728112000
6	1396		1352.778119000
6	0		1352.821531000
6	1396		1352.828147000
6	1396		1352.878187000
6	1396		1352.928234000
6	0		1352.945616000
6	0		1353.006798000
6	819		1353.011585000
6	0		1353.131116000
6	1396		1353.193303000
6	679		1353.193332000
6	0		1353.193809000
6	1396		1353.360477000
6	1396		1353.386534000
6	1396		1353.438689000
6	0		1353.454672000
6	0		1353.454750000
6	1396		1353.490831000
6	0		1353.503093000
6	1396		1353.542981000
6	1396		1353.595124000
6	0		1353.627500000
6	0		1353.642496000
6	1396		1353.647242000
6	41		1353.647762000
6	1396		1353.699398000
6	0		1353.751104000
6	1396		1353.751560000
6	1396		1353.803706000
6	0		1353.835526000
6	21		1353.846792000
6	0		1353.846833000
6	1080		1353.847935000
6	1396		1353.855840000
6	0		1353.875153000
6	1396		1353.907979000
6	1396		1353.960126000
6	0		1353.999407000
6	1396		1354.012263000
6	440		1354.046544000
6	0		1354.090219000
6	0		1354.122710000
6	1396		1354.123160000
6	1396		1354.149240000
6	0		1354.246708000
6	1396		1354.247179000
6	1396		1354.273249000
6	48		1354.277970000
6	0		1354.278007000
6	280		1354.282079000
6	0		1354.370667000
6	1396		1354.371109000
6	1396		1354.397204000
6	1396		1354.449334000
6	16		1354.475147000
6	0		1354.494678000
6	1396		1354.501477000
6	0		1354.518224000
6	1396		1354.553621000
6	1396		1354.605744000
6	0		1354.618998000
6	1396		1354.657914000
6	52		1354.706015000
6	0		1354.706058000
6	52		1354.706161000
6	1396		1354.710067000
6	0		1354.742696000
6	1396		1354.762219000
6	1396		1354.803934000
6	1396		1354.845644000
6	0		1354.867440000
6	1396		1354.887356000
6	84		1354.897690000
6	0		1354.938227000
6	0		1354.991384000
6	1396		1354.991855000
6	1396		1355.017944000
6	0		1355.115518000
6	1396		1355.115947000
6	1396		1355.142034000
6	0		1355.176788000
6	1396		1355.194163000
6	1396		1355.246293000
6	0		1355.301569000
6	1396		1355.302007000
6	1396		1355.350626000
6	0		1355.425219000
6	1396		1355.425705000
6	1396		1355.454882000
6	0		1355.549311000
6	1396		1355.549750000
6	1396		1355.575822000
6	0		1355.673290000
6	1396		1355.673748000
6	1396		1355.699840000
6	0		1355.755109000
6	0		1355.755167000
6	0		1355.797319000
6	1396		1355.797809000
6	0		1355.800567000
6	1396		1355.818666000
6	1396		1355.860439000
6	1396		1355.902087000
6	0		1355.921130000
6	0		1356.044663000
6	1396		1356.045095000
6	1396		1356.071159000
6	0		1356.168676000
6	1396		1356.169109000
6	1396		1356.195187000
6	0		1356.293023000
6	1396		1356.293520000
6	1396		1356.319545000
6	0		1356.417216000
6	1396		1356.417650000
6	1396		1356.443752000
6	0		1356.541314000
6	1053		1356.541769000
6	0		1356.665242000
6	0		1356.788701000
6	1396		1356.850857000
6	564		1356.850883000
6	0		1356.851321000
6	1396		1356.939644000
6	1396		1356.965689000
6	1396		1357.017833000
6	68		1357.035779000
6	1396		1357.069992000
6	0		1357.099274000
6	1396		1357.122118000
6	1396		1357.174250000
6	0		1357.223564000
6	1396		1357.226412000
6	52		1357.233906000
6	0		1357.233943000
6	0		1357.233962000
6	0		1357.235237000
6	1396		1357.295922000
6	0		1357.346879000
6	1396		1357.365456000
6	1396		1357.417612000
6	0		1357.422946000
6	1396		1357.469774000
6	0		1357.470874000
6	0		1357.482743000
6	0		1357.482794000
6	1396		1357.521874000
6	0		1357.523667000
6	1396		1357.574019000
6	0		1357.595401000
6	1396		1357.628703000
6	1396		1357.683382000
6	0		1357.719174000
6	1396		1357.738050000
6	1396		1357.792704000
6	0		1357.843532000
6	1396		1357.847373000
6	1396		1357.902054000
6	0		1357.967467000
6	1396		1357.967958000
6	1396		1358.000450000
6	1396		1358.044186000
6	1396		1358.087906000
6	0		1358.090846000
6	0		1358.215460000
6	1396		1358.215917000
6	1396		1358.243415000
6	0		1358.326258000
6	0		1358.326344000
6	0		1358.338841000
6	1396		1358.339312000
6	0		1358.366021000
6	12		1358.366301000
6	1396		1358.366628000
6	0		1358.405790000
6	12		1358.405858000
6	0		1358.405870000
6	1		1358.406122000
6	4		1358.406141000
6	32		1358.406150000
6	0		1358.406162000
6	0		1358.445504000
6	0		1358.445545000
6	0		1358.445550000
6	0		1358.445764000
6	0		1358.445780000
6	0		1358.463131000
6	1396		1358.463635000
6	1396		1358.490993000
6	0		1358.587585000
6	1396		1358.592565000
6	1396		1358.615399000
6	0		1358.710926000
6	1396		1358.711402000
6	1396		1358.739562000
6	0		1358.773075000
6	1396		1358.795598000
6	1396		1358.851693000
6	0		1358.897066000
6	1396		1358.907792000
6	1396		1358.970131000
6	0		1359.021222000
6	1396		1359.032443000
6	1396		1359.082291000
6	1396		1359.132154000
6	0		1359.144743000
6	1396		1359.181980000
6	1396		1359.231838000
6	0		1359.269450000
6	1396		1359.281656000
6	1396		1359.331504000
6	0		1359.393075000
6	1396		1359.393559000
6	1396		1359.464446000
6	0		1359.517037000
6	1396		1359.547506000
6	1095		1359.609813000
6	0		1359.641054000
6	0		1359.765416000
6	0		1359.888653000
6	1396		1359.950892000
6	679		1359.950918000
6	0		1359.951457000
6	1396		1360.018641000
6	1396		1360.049790000
6	1396		1360.112110000
6	1396		1360.174421000
6	0		1360.199491000
6	1396		1360.236685000
6	1396		1360.299035000
6	0		1360.323111000
6	1396		1360.361303000
6	1396		1360.423594000
6	0		1360.446794000
6	1396		1360.485900000
6	1396		1360.548253000
6	0		1360.571314000
6	0		1360.589416000
6	0		1360.589483000
6	1396		1360.610555000
6	1396		1360.672834000
6	0		1360.695047000
6	0		1360.717557000
6	41		1360.723620000
6	1396		1360.735132000
6	1396		1360.797502000
6	0		1360.814868000
6	0		1360.814906000
6	0		1360.819574000
6	1396		1360.859733000
6	1396		1360.922031000
6	0		1360.932851000
6	0		1360.943133000
6	1396		1360.984359000
6	21		1361.034357000
6	0		1361.034403000
6	1080		1361.035613000
6	1396		1361.046659000
6	0		1361.066780000
6	1396		1361.108942000
6	1396		1361.171236000
6	0		1361.191311000
6	1396		1361.233571000
6	1396		1361.295881000
6	0		1361.308294000
6	0		1361.315036000
6	440		1361.319770000
6	1396		1361.358201000
6	0		1361.362226000
6	1396		1361.408028000
6	0		1361.438782000
6	1396		1361.457868000
6	1396		1361.507703000
6	1396		1361.557537000
6	0		1361.563335000
6	1396		1361.640642000
6	0		1361.687045000
6	1396		1361.723702000
6	1396		1361.786017000
6	48		1361.792821000
6	0		1361.792879000
6	280		1361.796966000
6	0		1361.811114000
6	1396		1361.848340000
6	0		1361.873370000
6	1396		1361.910862000
6	1396		1361.973446000
6	0		1361.997273000
6	1396		1362.035945000
6	0		1362.088793000
6	1396		1362.097320000
6	16		1362.103315000
6	0		1362.121358000
6	0		1362.146208000
6	1396		1362.158722000
6	1396		1362.220165000
6	0		1362.245163000
6	1396		1362.281570000
6	52		1362.312043000
6	0		1362.312089000
6	52		1362.312163000
6	1396		1362.342971000
6	0		1362.369053000
6	1396		1362.404353000
6	1396		1362.465757000
6	0		1362.492798000
6	1396		1362.527180000
6	1396		1362.588563000
6	0		1362.617567000
6	1396		1362.637706000
6	84		1362.659294000
6	0		1362.660025000
6	0		1362.660055000
6	1396		1362.686791000
6	1396		1362.735943000
6	0		1362.741172000
6	1396		1362.785038000
6	649		1362.834179000
6	0		1362.865505000
6	0		1362.989590000
6	1396		1363.050794000
6	679		1363.050822000
6	0		1363.051307000
6	1396		1363.094724000
6	1396		1363.125434000
6	1396		1363.186819000
6	0		1363.237192000
6	1396		1363.248260000
6	1396		1363.309640000
6	0		1363.360737000
6	1396		1363.371041000
6	1396		1363.432439000
6	0		1363.485434000
6	1396		1363.493852000
6	1396		1363.555229000
6	0		1363.609336000
6	1396		1363.616650000
6	1396		1363.678067000
6	0		1363.733249000
6	1396		1363.739484000
6	1396		1363.800873000
6	1396		1363.850003000
6	0		1363.856927000
6	1396		1363.899126000
6	1396		1363.948220000
6	0		1363.981539000
6	1396		1363.997360000
6	1396		1364.046462000
6	0		1364.104764000
6	1396		1364.105229000
6	1396		1364.156989000
6	0		1364.229568000
6	1396		1364.230056000
6	1396		1364.279796000
6	0		1364.353217000
6	1396		1364.353716000
6	1396		1364.402601000
6	0		1364.477059000
6	1396		1364.477540000
6	1396		1364.525428000
6	0		1364.600908000
6	1396		1364.601358000
6	1396		1364.648245000
6	0		1364.724742000
6	1396		1364.725208000
6	1396		1364.771055000
6	0		1364.849497000
6	1396		1364.849985000
6	1396		1364.882259000
6	68		1364.897392000
6	1396		1364.932121000
6	0		1364.972739000
6	1396		1364.981978000
6	0		1365.097636000
17		587	1365.097681000
6	1396		1365.098088000
17		36	1365.099568000
17		77	1365.106915000
17		33	1365.106953000
6	1396		1365.129268000
6	0		1365.220697000
6	1396		1365.221165000
6	1396		1365.253849000
17		44	1365.283223000
17		41	1365.283242000
17		33	1365.308814000
6	0		1365.345409000
6	1396		1365.345892000
6	1396		1365.378486000
6	0		1365.468983000
6	1396		1365.469461000
6	52		1365.478397000
6	0		1365.480401000
6	1396		1365.503100000
6	0		1365.509614000
6	0		1365.509667000
6	0		1365.593555000
6	1396		1365.594064000
6	0		1365.619580000
6	0		1365.624054000
6	0		1365.624096000
6	1396		1365.627688000
6	0		1365.717275000
6	1396		1365.717808000
6	1396		1365.752323000
6	0		1365.805513000
6	41		1365.810933000
6	0		1365.840847000
6	1396		1365.841372000
6	1396		1365.866294000
6	1396		1365.916121000
6	0		1365.964882000
6	1396		1365.965941000
6	0		1366.027536000
6	1396		1366.028055000
6	1396		1366.078110000
6	0		1366.105900000
6	21		1366.105934000
6	0		1366.105945000
6	1080		1366.106913000
6	0		1366.151586000
6	1396		1366.152092000
6	1396		1366.194579000
6	1396		1366.248721000
6	0		1366.275140000
6	1396		1366.302851000
6	1396		1366.356991000
6	0		1366.399345000
6	0		1366.401719000
6	440		1366.401760000
6	1396		1366.411136000
6	0		1366.442248000
6	0		1366.446070000
6	0		1366.446126000
6	1396		1366.465282000
6	0		1366.484847000
6	12		1366.485071000
6	0		1366.523626000
6	0		1366.523750000
6	12		1366.523778000
6	0		1366.523789000
6	1		1366.523966000
6	4		1366.523982000
6	32		1366.523993000
6	0		1366.524006000
6	1396		1366.524131000
6	0		1366.562566000
6	0		1366.562680000
6	0		1366.562750000
6	0		1366.562809000
6	0		1366.562821000
6	1396		1366.573564000
6	0		1366.647121000
6	1396		1366.647599000
6	578		1366.681876000
6	48		1366.737035000
6	0		1366.737078000
6	280		1366.741730000
6	0		1366.771898000
6	0		1366.894923000
6	1396		1366.957136000
6	564		1366.957176000
6	0		1366.957618000
6	1396		1366.958370000
6	1396		1367.011773000
6	0		1367.035718000
6	16		1367.052348000
6	1396		1367.065885000
6	0		1367.094222000
6	1396		1367.120048000
6	0		1367.142765000
6	1396		1367.174181000
6	1396		1367.228317000
6	0		1367.266769000
6	1396		1367.282462000
6	1396		1367.336621000
6	52		1367.389166000
6	0		1367.389203000
6	52		1367.389301000
6	1396		1367.390732000
6	0		1367.390890000
6	1396		1367.444905000
6	1396		1367.499062000
6	0		1367.515356000
6	1396		1367.553177000
6	1396		1367.607308000
6	0		1367.639616000
6	1396		1367.661504000
6	84		1367.684063000
6	1396		1367.715620000
6	0		1367.726239000
6	0		1367.762969000
6	1396		1367.769795000
6	1396		1367.813076000
6	1396		1367.856384000
6	0		1367.887533000
6	1396		1367.899702000
6	0		1368.011143000
6	1396		1368.011616000
6	1396		1368.038667000
6	0		1368.135150000
6	1396		1368.135628000
6	1396		1368.162724000
6	0		1368.259276000
6	1396		1368.259777000
6	1396		1368.286875000
6	0		1368.383296000
6	1396		1368.383755000
6	1396		1368.410838000
6	0		1368.507314000
6	1396		1368.507751000
6	1396		1368.534846000
6	0		1368.631306000
6	1396		1368.631870000
6	1396		1368.658917000
6	0		1368.755325000
6	1396		1368.755836000
6	1396		1368.777482000
6	0		1368.816724000
6	1396		1368.820889000
6	1396		1368.864109000
6	0		1368.879392000
6	1396		1368.907415000
6	0		1368.941385000
6	1396		1368.950737000
6	0		1369.065211000
6	1396		1369.065690000
6	1396		1369.091758000
6	0		1369.189228000
6	1396		1369.189683000
6	1396		1369.215766000
6	0		1369.277319000
6	0		1369.277375000
6	0		1369.313318000
6	1396		1369.313825000
6	0		1369.318857000
6	1396		1369.339877000
6	0		1369.437377000
6	1396		1369.437866000
6	1396		1369.463955000
6	0		1369.561483000
6	1396		1369.561958000
6	1396		1369.588024000
6	0		1369.684651000
6	1095		1369.685124000
6	0		1369.809595000
6	0		1369.933480000
6	68		1369.942403000
6	1396		1369.994661000
6	679		1369.994691000
6	0		1369.995113000
6	1396		1369.995970000
6	1396		1370.047291000
6	1396		1370.099418000
6	1396		1370.151576000
6	0		1370.181251000
6	1396		1370.203693000
6	52		1370.236525000
6	0		1370.236565000
6	0		1370.237570000
6	0		1370.237919000
6	1396		1370.255828000
6	0		1370.305124000
6	1396		1370.308008000
6	1396		1370.360121000
6	1396		1370.412280000
6	0		1370.428919000
6	1396		1370.464431000
6	1396		1370.516565000
6	0		1370.533384000
6	0		1370.552902000
6	1396		1370.568717000
6	1396		1370.620834000
6	0		1370.677169000
6	1396		1370.677637000
6	1396		1370.725145000
6	0		1370.801524000
6	1396		1370.801983000
6	1396		1370.829425000
6	0		1370.924868000
6	1396		1370.925300000
6	1396		1370.946167000
6	1396		1370.987855000
6	1396		1371.029610000
6	0		1371.049625000
6	0		1371.173301000
6	1396		1371.173767000
6	1396		1371.199839000
6	0		1371.297322000
6	1396		1371.297750000
6	1396		1371.323834000
6	0		1371.421275000
6	1396		1371.421736000
6	1396		1371.447829000
6	0		1371.545325000
6	1396		1371.545798000
6	1396		1371.571866000
6	0		1371.669496000
6	1396		1371.669938000
6	1396		1371.696029000
6	0		1371.793493000
6	1396		1371.793944000
6	1396		1371.820014000
6	0		1371.854743000
6	1396		1371.872127000
6	0		1371.979563000
6	1396		1371.980077000
6	1396		1372.005036000
6	1396		1372.055059000
6	0		1372.103475000
6	1396		1372.105093000
6	0		1372.134878000
6	0		1372.134943000
6	0		1372.151903000
6	41		1372.158775000
6	0		1372.175083000
6	21		1372.175115000
6	0		1372.175129000
6	1080		1372.176173000
6	0		1372.192444000
6	440		1372.195254000
6	0		1372.227502000
6	1396		1372.227953000
6	0		1372.238222000
6	48		1372.254552000
6	0		1372.254591000
6	1396		1372.259233000
6	280		1372.260544000
6	0		1372.276897000
6	16		1372.281375000
6	0		1372.322236000
6	52		1372.338611000
6	0		1372.338655000
6	52		1372.338793000
6	0		1372.350790000
6	1396		1372.351273000
6	84		1372.355103000
6	1396		1372.384089000
6	0		1372.398226000
6	0		1372.475581000
6	1396		1372.476060000
6	1396		1372.500982000
6	1396		1372.550812000
6	0		1372.595296000
6	0		1372.595344000
6	0		1372.599399000
6	1396		1372.600656000
6	1396		1372.650545000
6	1396		1372.700363000
6	0		1372.723101000
6	1396		1372.750198000
6	1396		1372.800033000
6	0		1372.846698000
6	1396		1372.849888000
6	1396		1372.899729000
6	0		1372.970666000
6	1396		1372.982805000
6	1396		1373.065872000
6	0		1373.095347000
6	1396		1373.148947000
6	1396		1373.211261000
6	0		1373.219452000
6	169		1373.273551000
6	1396		1373.280881000
6	565		1373.280908000
6	0		1373.281406000
6	1396		1373.282226000
6	0		1373.343088000
6	1396		1373.343673000
6	1396		1373.405982000
6	0		1373.467127000
6	1396		1373.468278000
6	0		1373.529452000
6	0		1373.529478000
6	1396		1373.530603000
6	0		1373.590746000
6	1396		1373.592880000
6	0		1373.653220000
6	1396		1373.655179000
6	0		1373.715425000
6	1396		1373.738277000
6	0		1373.776659000
6	1396		1373.800569000
6	0		1373.838667000
6	1396		1373.862898000
6	0		1373.901035000
6	1396		1373.925189000
6	0		1373.963452000
6	0		1373.963480000
6	1396		1373.987497000
6	0		1374.024766000
6	1396		1374.049818000
6	0		1374.086955000
6	1396		1374.112109000
6	0		1374.149306000
6	1396		1374.174406000
6	0		1374.210773000
6	1396		1374.236719000
6	0		1374.273013000
6	1396		1374.299028000
6	0		1374.335218000
6	1396		1374.361377000
6	0		1374.397518000
6	1396		1374.423613000
6	0		1374.459381000
6	1396		1374.485917000
6	1396		1374.548243000
6	0		1374.563878000
6	0		1374.563942000
6	0		1374.583522000
6	0		1374.602953000
6	12		1374.603188000
6	1396		1374.610545000
6	68		1374.631473000
6	0		1374.642214000
6	12		1374.642248000
6	0		1374.642259000
6	1		1374.642439000
6	4		1374.642458000
6	32		1374.642464000
6	0		1374.642472000
6	52		1374.651240000
6	0		1374.651284000
6	0		1374.651308000
6	0		1374.652622000
6	0		1374.669003000
6	1396		1374.672845000
6	0		1374.681466000
6	0		1374.681508000
6	0		1374.681512000
6	0		1374.687324000
6	0		1374.687365000
6	0		1374.707137000
6	1396		1374.735156000
6	1396		1374.797671000
6	0		1374.831597000
6	1396		1374.860209000
6	1396		1374.922758000
6	0		1374.954861000
6	1396		1374.985295000
6	1396		1375.035402000
6	0		1375.079190000
6	0		1375.079225000
6	0		1375.080172000
6	1396		1375.085345000
6	1396		1375.135214000
6	1396		1375.185066000
6	0		1375.202994000
6	0		1375.203021000
6	354		1375.203028000
6	0		1375.203295000
6	2840		1375.207011000
6	2840		1375.207055000
6	400		1375.207063000
6	1396		1375.268114000
6	0		1375.327521000
6	1396		1375.351184000
6	1396		1375.434276000
6	0		1375.451617000
6	1396		1375.496589000
6	0		1375.512928000
6	0		1375.512952000
6	1396		1375.558871000
6	0		1375.575116000
6	1396		1375.621178000
6	0		1375.637105000
6	0		1375.637126000
6	1396		1375.683520000
6	0		1375.761056000
6	1396		1375.761488000
6	1396		1375.808104000
6	0		1375.884680000
6	1396		1375.885137000
6	1396		1375.932710000
6	0		1376.008846000
17		1358	1376.008881000
6	0		1376.008890000
6	1396		1376.009295000
6	0		1376.010216000
17		1358	1376.010674000
17		1358	1376.017426000
17		1358	1376.017471000
17		1075	1376.017475000
6	1396		1376.057313000
6	0		1376.132797000
6	1396		1376.133227000
6	1396		1376.181942000
6	0		1376.257511000
6	0		1376.257543000
17		1358	1376.257553000
6	1095		1376.258062000
6	0		1376.258097000
17		1358	1376.258645000
6	0		1376.315518000
6	0		1376.381239000
6	0		1376.381267000
6	602		1376.381275000
6	0		1376.381786000
6	212		1376.389158000
17		1358	1376.442699000
17		49	1376.504947000
6	0		1376.559686000
17		173	1376.566797000
17		1224	1376.566825000
17		630	1376.568089000
17		102	1376.568120000
17		33	1376.568411000
17		33	1376.568420000
17		515	1376.579146000
17		229	1376.584069000
6	0		1376.691546000
6	0		1376.814933000
6	0		1376.814960000
6	602		1376.814968000
6	0		1376.815448000
6	212		1376.824092000
6	1396		1376.876687000
6	679		1376.876721000
6	0		1376.877219000
6	1396		1376.878190000
6	0		1376.939472000
6	1396		1376.939492000
6	0		1376.939507000
6	0		1376.939514000
17		168	1376.939524000
6	64		1376.939532000
6	0		1376.939535000
17		41	1376.939543000
17		41	1376.939549000
17		41	1376.939554000
17		45	1376.939559000
6	64		1376.939566000
17		42	1376.939572000
17		33	1376.940088000
6	608		1376.940292000
6	608		1376.940437000
6	1396		1377.001772000
6	0		1377.063046000
6	1396		1377.064088000
6	0		1377.125429000
6	0		1377.125455000
6	1396		1377.126400000
6	1396		1377.188701000
6	1396		1377.238536000
6	0		1377.248772000
6	1396		1377.288404000
6	1396		1377.338227000
6	0		1377.372867000
6	1396		1377.388076000
6	0		1377.435395000
6	0		1377.436385000
6	1396		1377.471141000
6	0		1377.497527000
6	1396		1377.533471000
6	1396		1377.595773000
6	0		1377.620928000
6	1396		1377.658069000
6	1396		1377.720409000
6	0		1377.745661000
6	1396		1377.782701000
6	1396		1377.844990000
6	0		1377.869151000
6	1396		1377.907300000
6	1396		1377.969611000
6	0		1377.992687000
6	1396		1378.031903000
6	1396		1378.094215000
6	0		1378.117315000
6	1396		1378.156528000
6	1396		1378.218826000
6	0		1378.240939000
6	1396		1378.281126000
6	1396		1378.343449000
6	0		1378.365550000
6	1396		1378.405729000
6	1396		1378.468036000
6	0		1378.489093000
6	1396		1378.530349000
6	1396		1378.592648000
6	0		1378.612837000
6	1396		1378.654930000
6	1396		1378.717260000
6	0		1378.737359000
6	1396		1378.767091000
6	0		1378.798745000
6	1396		1378.816970000
6	1396		1378.866776000
6	0		1378.923355000
6	1396		1378.949856000
6	1396		1379.012179000
6	0		1379.047377000
6	1396		1379.074448000
17		684	1379.108737000
17		36	1379.110511000
17		75	1379.119258000
17		33	1379.119293000
6	1396		1379.136760000
6	73		1379.137236000
6	0		1379.170904000
6	1396		1379.199091000
17		44	1379.232886000
17		41	1379.232912000
17		33	1379.258781000
6	1396		1379.261379000
6	0		1379.294935000
6	0		1379.294961000
6	0		1379.295253000
6	1396		1379.323711000
6	1396		1379.386227000
6	0		1379.419235000
6	0		1379.419270000
6	1396		1379.448782000
6	1396		1379.511309000
6	0		1379.543321000
6	1396		1379.573848000
6	1396		1379.636376000
6	0		1379.667248000
6	1396		1379.698906000
6	1125		1379.761439000
6	0		1379.791308000
6	0		1379.914836000
6	1396		1379.977032000
6	679		1379.977061000
6	0		1379.977482000
6	1396		1379.978624000
6	1396		1380.040041000
6	0		1380.081079000
6	0		1380.081143000
6	1396		1380.102554000
6	0		1380.162823000
6	1396		1380.165098000
6	1396		1380.227654000
6	0		1380.255581000
6	1396		1380.290188000
6	0		1380.344759000
6	41		1380.351464000
6	0		1380.351555000
6	1396		1380.373586000
6	1396		1380.456955000
6	1396		1380.519513000
6	0		1380.531348000
6	1396		1380.582036000
6	0		1380.614802000
6	21		1380.620384000
6	0		1380.620428000
6	1080		1380.621470000
6	1396		1380.644583000
6	0		1380.669434000
6	1396		1380.707099000
6	0		1380.761536000
6	1396		1380.769632000
6	1396		1380.832170000
6	440		1380.886236000
6	1396		1380.894718000
6	0		1380.899560000
6	0		1380.930234000
6	1396		1380.952739000
6	1396		1381.010788000
6	0		1381.037081000
6	1396		1381.068834000
6	1396		1381.126852000
6	0		1381.129255000
6	1396		1381.173290000
6	48		1381.193492000
6	0		1381.193539000
6	280		1381.197850000
6	1396		1381.219708000
6	0		1381.220626000
6	1396		1381.266152000
6	1396		1381.312575000
6	0		1381.313525000
6	1396		1381.359004000
6	1396		1381.405424000
6	0		1381.451388000
6	1396		1381.451854000
6	16		1381.468970000
6	1396		1381.498296000
6	0		1381.510224000
6	0		1381.543347000
6	1396		1381.544724000
6	1396		1381.591144000
6	0		1381.635157000
6	1396		1381.637581000
6	1396		1381.684014000
6	0		1381.727048000
6	1396		1381.730445000
6	1396		1381.767920000
6	52		1381.773550000
6	0		1381.773582000
6	52		1381.773677000
6	1396		1381.805361000
6	0		1381.819512000
6	1396		1381.842806000
6	1396		1381.880266000
6	0		1381.911227000
6	1396		1381.917698000
6	1396		1381.955139000
6	1396		1381.992604000
6	0		1382.003553000
6	100		1382.037011000
6	1396		1382.054500000
6	0		1382.078224000
6	0		1382.095236000
6	1396		1382.100957000
6	1396		1382.147383000
6	0		1382.187348000
6	1396		1382.193669000
6	1396		1382.239968000
6	0		1382.279140000
6	1396		1382.286277000
6	1396		1382.332588000
6	0		1382.370647000
6	1396		1382.378889000
6	1396		1382.425194000
6	0		1382.463298000
6	1396		1382.471501000
6	1396		1382.517799000
6	0		1382.554912000
6	1396		1382.564105000
6	1396		1382.610438000
6	1396		1382.647497000
6	0		1382.647507000
6	1396		1382.684494000
6	0		1382.688955000
6	0		1382.689020000
6	1396		1382.721531000
6	0		1382.728330000
6	12		1382.728564000
6	0		1382.738850000
6	1396		1382.758573000
6	0		1382.767949000
6	12		1382.767987000
6	0		1382.768001000
6	1		1382.768208000
6	4		1382.768225000
6	32		1382.768236000
6	0		1382.768249000
6	1396		1382.804870000
6	0		1382.807491000
6	0		1382.807595000
6	0		1382.807605000
6	0		1382.807768000
6	0		1382.807790000
6	0		1382.831053000
6	798		1382.851174000
6	0		1382.922672000
6	0		1382.968866000
6	1396		1383.015256000
6	680		1383.015282000
6	0		1383.015725000
6	1396		1383.056533000
6	1396		1383.079656000
6	1396		1383.125958000
6	0		1383.153427000
6	1396		1383.172248000
6	1396		1383.218555000
6	0		1383.244725000
6	1396		1383.264866000
6	1396		1383.311147000
6	0		1383.337345000
6	1396		1383.357469000
6	1396		1383.403806000
6	0		1383.428961000
6	1396		1383.450079000
6	1396		1383.496397000
6	0		1383.521472000
6	1396		1383.542678000
6	1396		1383.579734000
6	0		1383.613058000
6	1396		1383.616772000
6	1396		1383.653805000
6	1396		1383.690855000
6	0		1383.705198000
6	1396		1383.727897000
6	1396		1383.764947000
6	0		1383.797332000
6	1396		1383.801972000
6	1396		1383.839024000
6	1396		1383.876049000
6	68		1383.884634000
6	0		1383.889508000
6	1396		1383.937796000
6	0		1383.980742000
6	1396		1383.984114000
6	1396		1384.030412000
6	0		1384.073554000
6	1396		1384.076718000
6	1396		1384.123022000
6	52		1384.148339000
6	0		1384.148384000
6	0		1384.148406000
6	0		1384.149648000
6	0		1384.165141000
6	1396		1384.169299000
6	1396		1384.215618000
6	0		1384.257116000
6	1396		1384.261927000
6	1396		1384.308212000
6	0		1384.349298000
6	1396		1384.354518000
6	1396		1384.400840000
6	0		1384.412891000
6	0		1384.441069000
6	1396		1384.447145000
6	1396		1384.493444000
6	1396		1384.530471000
6	0		1384.533502000
6	1396		1384.567530000
6	1396		1384.604562000
6	0		1384.624957000
6	1396		1384.641594000
6	1396		1384.687919000
6	0		1384.717025000
6	1396		1384.734244000
6	1396		1384.780620000
6	0		1384.808715000
6	1396		1384.826801000
6	1396		1384.873115000
6	0		1384.901233000
6	1396		1384.919470000
6	0		1384.946651000
6	1396		1384.965723000
6	1396		1385.012029000
6	0		1385.039206000
6	1396		1385.058327000
6	1396		1385.104627000
6	0		1385.130851000
6	1396		1385.150960000
6	1396		1385.197234000
6	0		1385.222741000
6	1396		1385.243564000
6	1396		1385.289853000
6	0		1385.315246000
6	1396		1385.326909000
6	1396		1385.363930000
6	1396		1385.401005000
6	0		1385.407470000
6	1396		1385.462719000
6	0		1385.498705000
6	1396		1385.509043000
6	1396		1385.555342000
6	0		1385.591537000
6	1396		1385.601638000
6	1396		1385.647929000
6	0		1385.683139000
6	1396		1385.694240000
6	1396		1385.740538000
6	0		1385.775125000
6	1396		1385.786834000
6	1396		1385.833142000
6	0		1385.867337000
6	1396		1385.879462000
6	1396		1385.925757000
6	0		1385.958945000
6	1396		1385.972045000
6	1396		1386.018364000
6	0		1386.051548000
6	1396		1386.055379000
6	1396		1386.092446000
6	1396		1386.129497000
6	0		1386.142966000
6	784		1386.191207000
6	0		1386.235195000
6	1396		1386.281564000
6	0		1386.287527000
6	565		1386.326742000
6	0		1386.327219000
6	1396		1386.385007000
6	1396		1386.405553000
6	1396		1386.446711000
6	1396		1386.487812000
6	0		1386.511538000
6	1396		1386.528968000
6	1396		1386.570074000
6	0		1386.603462000
6	1396		1386.611223000
6	1396		1386.652357000
6	1396		1386.693501000
6	0		1386.694722000
6	1396		1386.734629000
6	1396		1386.767539000
6	0		1386.787121000
6	1396		1386.800438000
6	1396		1386.833461000
6	0		1386.878943000
6	1396		1386.879389000
6	1396		1386.907376000
6	0		1386.971234000
6	1396		1386.971665000
6	1396		1386.992221000
6	0		1387.062712000
6	1396		1387.063154000
6	1396		1387.083703000
6	0		1387.155165000
6	1396		1387.155610000
6	1396		1387.176177000
6	0		1387.246636000
6	1396		1387.247100000
6	1396		1387.267640000
6	0		1387.339125000
6	1396		1387.339553000
6	1396		1387.360098000
6	0		1387.431545000
6	1396		1387.432043000
6	1396		1387.448497000
6	1396		1387.481414000
6	1396		1387.514321000
6	0		1387.522936000
6	0		1387.614946000
6	1396		1387.615413000
6	1396		1387.635966000
6	0		1387.707454000
6	1396		1387.707925000
6	1396		1387.727817000
6	1396		1387.767604000
6	0		1387.799512000
6	1396		1387.807378000
6	1396		1387.844626000
6	0		1387.890984000
6	1396		1387.891467000
6	1396		1387.919123000
6	0		1387.983565000
6	1396		1387.984011000
6	1396		1388.002639000
6	0		1388.074783000
6	1396		1388.075227000
6	1396		1388.093860000
6	0		1388.167343000
6	1396		1388.167788000
6	1396		1388.182673000
6	1396		1388.212468000
6	1396		1388.242260000
6	0		1388.258807000
6	0		1388.350903000
6	1396		1388.351374000
6	1095		1388.369984000
6	0		1388.443535000
6	0		1388.448159000
6	0		1388.448219000
6	0		1388.535313000
6	1396		1388.581313000
6	0		1388.581834000
6	680		1388.628266000
6	0		1388.628687000
6	1396		1388.710769000
6	1396		1388.729426000
6	1396		1388.766614000
6	1396		1388.803845000
6	0		1388.810932000
6	1396		1388.841104000
6	1396		1388.878374000
6	0		1388.903580000
6	1396		1388.915609000
6	1396		1388.952843000
6	1396		1388.990082000
6	0		1388.995126000
6	1396		1389.027334000
6	1396		1389.064585000
6	0		1389.086881000
6	1396		1389.101841000
6	1396		1389.131633000
6	1396		1389.161427000
6	0		1389.179066000
6	1396		1389.191212000
6	0		1389.270656000
6	1396		1389.271087000
6	1396		1389.289704000
6	0		1389.363190000
6	1396		1389.363655000
6	1396		1389.382292000
6	0		1389.390846000
6	0		1389.390914000
6	0		1389.421714000
6	0		1389.421771000
6	0		1389.437567000
6	0		1389.454774000
6	1396		1389.455496000
6	1396		1389.474092000
6	0		1389.475638000
6	0		1389.547627000
6	1396		1389.548087000
6	1396		1389.566698000
6	0		1389.639232000
6	1396		1389.639668000
6	1396		1389.658278000
6	0		1389.730725000
6	1396		1389.731162000
6	1396		1389.749776000
6	0		1389.823465000
6	1396		1389.823897000
6	1396		1389.838802000
6	1396		1389.868593000
6	1396		1389.898410000
6	0		1389.914909000
6	0		1390.007036000
6	1396		1390.007493000
6	1396		1390.030601000
6	0		1390.099145000
6	1396		1390.099648000
6	1396		1390.119524000
6	1396		1390.159290000
6	0		1390.191027000
6	1396		1390.199084000
6	1396		1390.236238000
6	0		1390.282660000
6	1396		1390.283089000
6	1396		1390.310569000
6	0		1390.375569000
6	1396		1390.375999000
6	1396		1390.394582000
6	0		1390.467029000
6	1396		1390.467474000
6	1396		1390.486025000
6	0		1390.559568000
6	1396		1390.560015000
6	1396		1390.574865000
6	1396		1390.604606000
6	1396		1390.634325000
6	0		1390.651296000
6	0		1390.743072000
6	1396		1390.743541000
6	1396		1390.762107000
6	0		1390.835606000
6	1396		1390.836101000
6	1396		1390.854874000
6	0		1390.927424000
6	1396		1390.927910000
6	1396		1390.946476000
6	0		1391.018928000
6	1396		1391.019393000
6	1396		1391.037989000
6	0		1391.111482000
6	1396		1391.111901000
6	1396		1391.130488000
6	0		1391.202882000
6	1396		1391.203339000
6	1396		1391.221913000
6	0		1391.294630000
6	1396		1391.295056000
6	1396		1391.309921000
6	1396		1391.339655000
6	1396		1391.369388000
6	0		1391.387371000
6	1396		1391.399113000
6	1396		1391.448667000
6	0		1391.478628000
6	1396		1391.498238000
6	1396		1391.547783000
6	0		1391.570894000
6	1396		1391.584940000
6	1396		1391.622093000
6	1396		1391.659280000
6	0		1391.663400000
6	1396		1391.696445000
6	1396		1391.733600000
6	0		1391.754978000
6	1396		1391.770755000
6	1396		1391.807929000
6	0		1391.847224000
6	3		1391.847679000
6	0		1391.939523000
6	0		1392.031986000
6	0		1392.076661000
6	1396		1392.122834000
6	566		1392.122865000
6	0		1392.123273000
6	1396		1392.288251000
6	1396		1392.306813000
6	1396		1392.343995000
6	1396		1392.381161000
6	0		1392.399530000
6	1396		1392.418317000
6	1396		1392.455503000
6	0		1392.490849000
6	1396		1392.492649000
6	1396		1392.542208000
6	0		1392.583142000
6	1396		1392.591760000
6	1396		1392.628911000
6	1396		1392.666093000
6	0		1392.675382000
6	1396		1392.703239000
6	1396		1392.740407000
6	0		1392.766732000
6	1396		1392.777590000
6	1396		1392.814751000
6	1396		1392.851916000
6	0		1392.859131000
6	1396		1392.889076000
6	1396		1392.926223000
6	0		1392.951569000
6	1396		1392.963389000
6	1396		1393.000549000
6	1396		1393.037742000
6	0		1393.042909000
6	1396		1393.074886000
6	1396		1393.104611000
6	1396		1393.134349000
6	0		1393.135289000
6	1396		1393.164080000
6	0		1393.227626000
6	1396		1393.228053000
6	1396		1393.246615000
6	0		1393.319136000
6	1396		1393.319536000
6	1396		1393.338122000
6	0		1393.411818000
6	1396		1393.412212000
6	1396		1393.430800000
6	0		1393.503300000
6	1396		1393.503704000
6	1396		1393.522282000
6	0		1393.594800000
6	1396		1393.595259000
6	1396		1393.613827000
6	0		1393.640977000
6	1396		1393.650972000
6	1396		1393.688154000
6	0		1393.733433000
6	1396		1393.733837000
6	1396		1393.762476000
6	0		1393.824944000
6	0		1393.917198000
6	1396		1393.917619000
6	0		1394.009566000
6	1396		1394.009976000
6	1396		1394.028572000
6	0		1394.101260000
6	1396		1394.101693000
6	1396		1394.120258000
6	0		1394.192832000
6	1396		1394.193386000
6	1396		1394.211959000
6	1396		1394.249131000
6	0		1394.285448000
6	1095		1394.286285000
6	0		1394.376844000
6	0		1394.468647000
6	1396		1394.514848000
6	680		1394.514881000
6	0		1394.515293000
6	1396		1394.613397000
6	1396		1394.631962000
6	1396		1394.669120000
6	1396		1394.706277000
6	1396		1394.743447000
6	0		1394.744650000
6	1396		1394.780625000
6	1396		1394.817805000
6	0		1394.837089000
6	1396		1394.854932000
6	1396		1394.892099000
6	1396		1394.929255000
6	0		1394.929460000
6	1396		1394.958994000
6	1396		1394.988731000
6	1396		1395.018461000
6	0		1395.021511000
17		587	1395.066882000
6	1396		1395.068004000
17		36	1395.068214000
6	0		1395.074684000
6	0		1395.074734000
17		77	1395.075732000
17		33	1395.075762000
6	0		1395.113196000
6	1396		1395.114316000
6	1396		1395.160619000
6	0		1395.195462000
6	41		1395.200861000
6	0		1395.205428000
6	1396		1395.206898000
6	1396		1395.253202000
6	0		1395.297386000
17		44	1395.297411000
17		41	1395.297417000
6	1396		1395.299511000
6	0		1395.321212000
6	21		1395.321243000
6	0		1395.321254000
6	1080		1395.322134000
17		33	1395.322891000
6	1396		1395.345829000
6	0		1395.389392000
6	1396		1395.392123000
6	1396		1395.438421000
6	440		1395.442468000
6	0		1395.480744000
6	1396		1395.484754000
6	0		1395.486206000
6	1396		1395.531048000
6	0		1395.573277000
6	1396		1395.577362000
6	48		1395.606406000
6	0		1395.606446000
6	280		1395.611559000
6	1396		1395.614393000
6	1396		1395.651471000
6	0		1395.664910000
6	1396		1395.688475000
6	16		1395.737468000
6	0		1395.757209000
6	1396		1395.757652000
6	0		1395.778220000
6	1396		1395.780796000
6	0		1395.849431000
6	1396		1395.849864000
6	1396		1395.873413000
6	52		1395.899049000
6	0		1395.899092000
6	52		1395.899189000
6	0		1395.940989000
6	1396		1395.941451000
6	1396		1395.966030000
6	84		1396.019414000
6	0		1396.033511000
6	1396		1396.033952000
6	1396		1396.058627000
6	0		1396.062214000
6	0		1396.125099000
6	1396		1396.125575000
6	1396		1396.151249000
6	0		1396.216781000
6	1396		1396.217211000
6	1396		1396.243886000
6	1396		1396.290157000
6	0		1396.308804000
6	1396		1396.336452000
6	1396		1396.373488000
6	0		1396.401003000
6	1396		1396.410536000
6	1396		1396.447576000
6	0		1396.493011000
6	1396		1396.493450000
6	1396		1396.531065000
6	0		1396.585443000
6	1396		1396.585863000
6	1396		1396.623540000
6	0		1396.677060000
6	1396		1396.677510000
6	1396		1396.716127000
6	0		1396.769680000
6	1396		1396.770098000
6	1396		1396.808727000
6	0		1396.861418000
6	1396		1396.861838000
6	1396		1396.901351000
6	0		1396.952927000
6	1396		1396.953377000
6	1396		1396.993971000
6	0		1397.045540000
6	1396		1397.046052000
6	1396		1397.077321000
6	1396		1397.114341000
6	0		1397.136851000
6	1396		1397.151391000
6	0		1397.228993000
6	1396		1397.229436000
6	1396		1397.252605000
6	0		1397.321337000
6	1396		1397.321799000
6	1396		1397.345354000
6	0		1397.412953000
6	1396		1397.413422000
6	1396		1397.437788000
6	0		1397.505346000
6	1396		1397.505786000
6	1396		1397.530408000
6	1396		1397.576704000
6	0		1397.597013000
6	1396		1397.623007000
6	1396		1397.669313000
6	0		1397.688751000
6	1396		1397.715616000
6	1396		1397.761914000
6	0		1397.781188000
6	68		1397.785880000
6	1115		1397.808224000
6	0		1397.872894000
6	52		1397.906257000
6	0		1397.906300000
6	0		1397.906320000
6	0		1397.907729000
6	0		1397.965456000
6	1396		1398.011004000
6	0		1398.011528000
6	0		1398.027938000
6	680		1398.057161000
6	0		1398.057596000
6	1396		1398.193203000
6	1396		1398.216350000
6	1396		1398.262635000
6	0		1398.286849000
6	1396		1398.308940000
6	1396		1398.355265000
6	0		1398.379404000
6	1396		1398.401544000
6	1396		1398.447855000
6	0		1398.471036000
6	1396		1398.494168000
6	1396		1398.540470000
6	0		1398.562685000
6	1396		1398.586751000
6	1396		1398.633092000
6	0		1398.655209000
6	1396		1398.679377000
6	1396		1398.725686000
6	0		1398.746924000
6	1396		1398.771964000
6	0		1398.810599000
6	0		1398.810651000
6	1396		1398.818311000
6	0		1398.839458000
6	0		1398.850559000
6	12		1398.850816000
6	1396		1398.864609000
6	0		1398.890436000
6	12		1398.890474000
6	0		1398.890488000
6	1		1398.890682000
6	4		1398.890702000
6	32		1398.890711000
6	0		1398.890723000
6	1396		1398.901691000
6	0		1398.930257000
6	0		1398.930334000
6	0		1398.930366000
6	0		1398.930432000
6	0		1398.930445000
6	0		1398.931143000
6	1396		1398.938659000
6	1396		1398.975709000
6	1396		1399.012754000
6	0		1399.023155000
6	1396		1399.049841000
6	1396		1399.086819000
6	0		1399.115340000
6	1396		1399.123901000
6	1396		1399.160910000
6	1396		1399.197975000
6	0		1399.207323000
6	1396		1399.259705000
6	0		1399.298922000
6	1396		1399.305989000
6	1396		1399.352324000
6	0		1399.391472000
6	1396		1399.398626000
6	1396		1399.444925000
6	0		1399.483112000
6	1396		1399.491210000
6	1396		1399.537603000
6	0		1399.574652000
6	1396		1399.583838000
6	1396		1399.630130000
6	0		1399.667299000
6	1396		1399.676427000
6	1396		1399.722741000
6	0		1399.758918000
6	1396		1399.769035000
6	1396		1399.815337000
6	0		1399.851502000
6	1396		1399.852370000
6	1396		1399.889441000
6	1396		1399.926496000
6	0		1399.942991000
6	1396		1399.988192000
6	1396		1400.034551000
6	0		1400.034674000
6	1396		1400.080831000
6	1396		1400.127120000
6	0		1400.127140000
6	1396		1400.173427000
6	0		1400.218788000
6	1396		1400.219696000
6	0		1400.264940000
6	1396		1400.266041000
6	1396		1400.312311000
6	0		1400.356622000
6	1396		1400.358611000
6	1396		1400.404928000
6	0		1400.449135000
6	1396		1400.451243000
6	1396		1400.497545000
6	0		1400.540765000
6	1396		1400.543848000
6	1396		1400.590149000
6	0		1400.633292000
6	1396		1400.636442000
6	1396		1400.673491000
6	1396		1400.710544000
6	0		1400.724948000
6	1396		1400.747585000
6	1396		1400.784610000
6	0		1400.817054000
6	1396		1400.821671000
6	1396		1400.858710000
6	1396		1400.895731000
6	0		1400.909560000
6	1396		1400.957462000
6	0		1401.001283000
6	1396		1401.003770000
6	1396		1401.050089000
6	0		1401.093294000
6	1396		1401.096382000
6	1396		1401.142684000
6	0		1401.184861000
6	1396		1401.188994000
6	1396		1401.235296000
6	0		1401.277480000
6	1396		1401.281584000
6	1396		1401.327901000
6	0		1401.369011000
6	1396		1401.374239000
6	1396		1401.420499000
6	0		1401.461033000
6	1396		1401.466829000
6	1396		1401.513114000
6	1396		1401.550188000
6	0		1401.553271000
6	1396		1401.587202000
6	1396		1401.624256000
6	0		1401.644739000
6	1396		1401.661264000
6	1396		1401.707593000
6	0		1401.736752000
6	1396		1401.753883000
6	1396		1401.800201000
6	0		1401.829316000
6	1396		1401.846499000
6	1396		1401.892806000
6	0		1401.920977000
6	1396		1401.939117000
6	0		1401.967496000
6	1396		1401.985433000
6	1396		1402.031723000
6	0		1402.058891000
6	1396		1402.078015000
6	1396		1402.124323000
6	0		1402.151509000
6	1396		1402.170603000
6	1396		1402.216932000
6	0		1402.243027000
6	1396		1402.263234000
6	1396		1402.309536000
6	0		1402.334760000
6	1396		1402.346575000
6	1396		1402.383620000
6	1396		1402.420644000
6	0		1402.427230000
6	1396		1402.457699000
6	1396		1402.472897000
6	0		1402.477660000
6	1396		1402.503995000
6	565		1402.519162000
6	0		1402.519197000
6	0		1402.519570000
6	1396		1402.520332000
6	1396		1402.550325000
6	1396		1402.581939000
6	1396		1402.596617000
6	0		1402.610826000
6	1379		1402.642922000
6	1396		1402.644197000
6	0		1402.703678000
6	1396		1402.706516000
6	0		1402.748806000
6	1396		1402.768832000
6	0		1402.794983000
6	1396		1402.831128000
6	0		1402.887223000
6	1396		1402.893422000
6	0		1402.932712000
6	1396		1402.955730000
6	0		1402.978894000
6	1396		1403.018044000
6	0		1403.025181000
6	0		1403.071496000
6	1396		1403.080346000
6	0		1403.116677000
6	1396		1403.142649000
6	0		1403.162903000
6	1396		1403.204956000
6	0		1403.209046000
6	0		1403.255330000
6	1396		1403.267260000
6	0		1403.301505000
6	1396		1403.329581000
6	0		1403.346755000
6	0		1403.346782000
6	1396		1403.391873000
6	0		1403.393042000
6	0		1403.439292000
6	1396		1403.454193000
6	1396		1403.516482000
6	0		1403.531586000
6	1396		1403.566324000
6	0		1403.577411000
6	1396		1403.616204000
6	1396		1403.666048000
6	0		1403.668638000
6	1396		1403.715858000
6	0		1403.761335000
6	1396		1403.765699000
6	1396		1403.815553000
6	0		1403.853049000
6	1396		1403.861811000
6	1396		1403.908082000
6	0		1403.945230000
6	1396		1403.954358000
6	1396		1403.998814000
6	0		1404.036695000
6	1396		1404.043264000
6	1396		1404.082818000
6	1396		1404.122312000
6	0		1404.129162000
6	1396		1404.161844000
6	1396		1404.201396000
6	0		1404.221217000
6	1396		1404.240887000
6	1396		1404.278048000
6	0		1404.313267000
6	1396		1404.315170000
6	1396		1404.352332000
6	1396		1404.389463000
6	0		1404.404672000
6	1396		1404.451365000
6	0		1404.497033000
6	1396		1404.497659000
6	1396		1404.543969000
6	0		1404.588684000
6	1396		1404.590277000
6	1396		1404.636597000
6	0		1404.680729000
6	331		1404.682886000
6	0		1404.772926000
6	0		1404.772956000
6	1396		1404.819110000
6	680		1404.819136000
6	0		1404.819598000
6	1396		1404.844796000
6	1396		1404.867970000
6	1396		1404.914237000
6	0		1404.956874000
6	1396		1404.960570000
6	1396		1405.006856000
6	0		1405.048961000
6	1396		1405.053169000
6	1396		1405.099467000
6	0		1405.141537000
6	1396		1405.145749000
6	1396		1405.182814000
6	1396		1405.219819000
6	0		1405.233351000
6	1396		1405.256898000
6	1396		1405.293938000
6	0		1405.325271000
6	1396		1405.330961000
6	1396		1405.368016000
6	1396		1405.405057000
6	0		1405.417992000
6	1396		1405.466819000
6	0		1405.509561000
6	1396		1405.513096000
6	1396		1405.559391000
6	0		1405.601483000
6	1396		1405.605693000
6	1396		1405.652003000
6	0		1405.693159000
6	1396		1405.698304000
6	1396		1405.744610000
6	0		1405.784787000
6	1396		1405.790911000
6	1396		1405.837227000
6	0		1405.877337000
6	1396		1405.883518000
6	1396		1405.929828000
6	0		1405.968984000
6	1396		1405.976109000
6	1396		1406.022414000
6	1396		1406.059475000
6	0		1406.061451000
6	1396		1406.096520000
6	1396		1406.133567000
6	0		1406.152944000
6	1396		1406.170590000
6	1396		1406.216908000
6	0		1406.245026000
6	1396		1406.263204000
6	1396		1406.309505000
6	0		1406.337563000
6	1396		1406.355802000
6	1396		1406.402118000
6	0		1406.429171000
6	1396		1406.448421000
6	0		1406.475599000
6	1396		1406.494720000
6	1396		1406.541014000
6	0		1406.567078000
6	1396		1406.587326000
6	1396		1406.633632000
6	0		1406.658654000
6	1396		1406.679925000
6	1396		1406.726251000
6	0		1406.751300000
6	1396		1406.772547000
6	1396		1406.818843000
6	0		1406.842944000
6	1396		1406.855901000
6	1396		1406.892934000
6	1396		1406.929988000
6	0		1406.930833000
6	0		1406.930888000
6	0		1406.935236000
6	0		1406.969576000
6	12		1406.969853000
6	1396		1406.991703000
6	0		1407.008498000
6	12		1407.008568000
6	0		1407.008583000
6	1		1407.008805000
6	4		1407.008831000
6	32		1407.008843000
6	0		1407.008857000
6	0		1407.027618000
6	1396		1407.037999000
6	0		1407.047470000
6	0		1407.047514000
6	0		1407.047519000
6	0		1407.047718000
6	0		1407.047735000
6	1396		1407.084311000
6	0		1407.119309000
6	1396		1407.130618000
6	1396		1407.176911000
6	0		1407.211001000
6	1396		1407.223219000
6	1396		1407.269532000
6	0		1407.302895000
6	1396		1407.315817000
6	1396		1407.362128000
6	0		1407.395308000
6	1396		1407.408454000
6	1396		1407.454724000
6	0		1407.486858000
6	1396		1407.501074000
6	1396		1407.547366000
6	0		1407.579499000
6	1396		1407.584493000
6	1396		1407.621634000
6	1396		1407.658777000
6	0		1407.670671000
6	1396		1407.720673000
6	0		1407.762953000
6	1396		1407.767102000
6	0		1407.809131000
6	1396		1407.813542000
6	1396		1407.859981000
6	0		1407.900968000
6	1396		1407.906393000
6	1396		1407.950093000
6	0		1407.992763000
6	1396		1407.993737000
6	1396		1408.037433000
6	1396		1408.081126000
6	0		1408.084824000
6	1396		1408.124890000
6	1396		1408.168473000
6	0		1408.177251000
6	1396		1408.212140000
6	1396		1408.255814000
6	0		1408.269872000
6	1396		1408.299525000
6	1396		1408.343191000
6	0		1408.361005000
6	1396		1408.378128000
6	1396		1408.413090000
6	1396		1408.448021000
6	0		1408.452664000
6	1396		1408.482971000
6	1396		1408.517906000
6	0		1408.545464000
6	1396		1408.552824000
6	0		1408.636640000
6	1396		1408.637113000
6	1396		1408.658952000
6	0		1408.729517000
6	1396		1408.729963000
6	1396		1408.751807000
6	0		1408.821182000
6	1396		1408.821615000
6	1396		1408.843501000
6	1396		1408.887131000
6	0		1408.912988000
6	1396		1408.930827000
6	1396		1408.974498000
6	0		1409.005336000
6	1396		1409.018184000
6	1396		1409.053120000
6	1396		1409.088070000
6	0		1409.096649000
6	1396		1409.123008000
6	0		1409.189443000
6	1396		1409.189945000
6	1396		1409.211757000
6	0		1409.281226000
6	1396		1409.281743000
6	1396		1409.303579000
6	0		1409.327451000
6	1396		1409.347276000
6	1396		1409.390611000
6	0		1409.418736000
6	868		1409.433961000
6	0		1409.511475000
6	0		1409.603223000
6	1396		1409.649373000
6	565		1409.649401000
6	0		1409.649840000
6	1396		1409.678971000
6	1396		1409.700629000
6	1396		1409.744025000
6	1396		1409.787300000
6	0		1409.787377000
6	1396		1409.830675000
6	1396		1409.873993000
6	0		1409.879098000
6	1396		1409.917381000
6	1396		1409.960681000
6	0		1409.970800000
6	1396		1409.995366000
6	1396		1410.030038000
6	0		1410.062788000
6	1396		1410.064690000
6	1396		1410.099357000
6	1396		1410.134060000
6	0		1410.154725000
6	1396		1410.191823000
6	1396		1410.235201000
6	0		1410.247185000
6	1396		1410.278551000
6	0		1410.316519000
6	0		1410.316574000
6	1396		1410.321854000
6	0		1410.338940000
6	1396		1410.365195000
6	1396		1410.408553000
6	0		1410.430692000
6	1396		1410.451902000
6	1396		1410.495232000
6	0		1410.523485000
6	1396		1410.538553000
6	0		1410.547694000
6	41		1410.553141000
6	1396		1410.581921000
6	0		1410.614960000
6	1396		1410.625263000
6	1396		1410.668618000
6	0		1410.706682000
6	1396		1410.711937000
6	1396		1410.746625000
6	1396		1410.781296000
6	0		1410.785167000
6	21		1410.787213000
6	0		1410.787251000
6	1080		1410.788161000
6	0		1410.799302000
6	1396		1410.815944000
6	0		1410.891334000
6	1396		1410.891769000
6	1396		1410.913444000
6	0		1410.982913000
6	1396		1410.983363000
6	1396		1411.005047000
6	440		1411.022604000
6	0		1411.066210000
6	0		1411.075445000
6	1396		1411.075877000
6	1396		1411.097543000
6	0		1411.120698000
6	1396		1411.140891000
6	1396		1411.184226000
6	0		1411.213339000
6	1396		1411.227560000
6	1396		1411.270913000
6	48		1411.296975000
6	0		1411.297011000
6	280		1411.300978000
6	0		1411.305670000
6	1396		1411.314254000
6	1396		1411.357596000
6	0		1411.396633000
6	1396		1411.400939000
6	1396		1411.444407000
6	0		1411.489344000
6	1396		1411.489812000
6	1396		1411.522300000
6	16		1411.534964000
6	1396		1411.556976000
6	0		1411.578218000
6	0		1411.580735000
6	1396		1411.591635000
6	0		1411.673001000
6	1095		1411.673420000
6	0		1411.764703000
6	52		1411.809102000
6	0		1411.809145000
6	52		1411.809250000
6	0		1411.857044000
6	1396		1411.903172000
6	680		1411.903197000
6	0		1411.903693000
6	1396		1412.001539000
6	1396		1412.024581000
6	84		1412.041874000
6	1396		1412.070755000
6	0		1412.082230000
6	1396		1412.116954000
6	0		1412.133213000
6	1396		1412.163111000
6	1396		1412.209306000
6	0		1412.225575000
6	1396		1412.255481000
6	1396		1412.301668000
6	0		1412.316973000
6	1396		1412.347828000
6	1396		1412.394003000
6	0		1412.409269000
6	1396		1412.440199000
6	1396		1412.486385000
6	0		1412.500691000
6	1396		1412.523309000
6	1396		1412.560240000
6	0		1412.592782000
6	1396		1412.597191000
6	1396		1412.634144000
6	1396		1412.671086000
6	0		1412.684649000
6	1396		1412.732650000
6	0		1412.776759000
6	1396		1412.778811000
6	1396		1412.825000000
6	0		1412.869203000
6	1396		1412.871169000
6	1396		1412.917363000
6	0		1412.960700000
6	1396		1412.963532000
6	1396		1413.009718000
6	0		1413.053088000
6	1396		1413.055883000
6	1396		1413.102071000
6	0		1413.145290000
6	1396		1413.148257000
6	1396		1413.194419000
6	0		1413.236654000
6	1396		1413.240594000
6	1396		1413.286766000
6	1396		1413.323728000
6	0		1413.329044000
6	1396		1413.360673000
6	0		1413.375169000
6	1396		1413.397619000
6	1396		1413.434533000
6	0		1413.467021000
6	1396		1413.480735000
6	1396		1413.526901000
6	0		1413.559148000
6	1396		1413.565680000
6	1396		1413.604464000
6	1396		1413.643262000
6	0		1413.650771000
6	1396		1413.682032000
6	1396		1413.720799000
6	0		1413.743360000
6	1396		1413.759587000
6	1396		1413.798359000
6	0		1413.835032000
6	1396		1413.837138000
6	1396		1413.875911000
6	1396		1413.914711000
6	0		1413.927270000
6	1396		1413.953490000
6	1396		1413.992266000
6	0		1414.018931000
6	1396		1414.023271000
6	1396		1414.054320000
6	1396		1414.085494000
6	0		1414.110765000
6	1396		1414.116369000
6	1396		1414.155133000
6	0		1414.202809000
6	1396		1414.203397000
6	1396		1414.232709000
6	0		1414.295253000
6	1396		1414.295708000
6	1396		1414.315070000
6	68		1414.341001000
6	0		1414.387460000
6	1396		1414.387889000
6	1396		1414.407292000
6	0		1414.478778000
6	1396		1414.479212000
6	1396		1414.498620000
6	0		1414.571086000
6	1396		1414.571535000
6	52		1414.574484000
6	0		1414.574516000
6	0		1414.574532000
6	0		1414.575651000
6	1396		1414.590936000
6	0		1414.617215000
6	1396		1414.629713000
6	1396		1414.668488000
6	0		1414.709096000
6	1396		1414.709562000
6	1396		1414.738287000
6	1396		1414.769310000
6	812		1414.800371000
6	0		1414.800617000
6	0		1414.806960000
6	0		1414.892920000
6	1396		1414.985263000
6	0		1414.985794000
6	566		1415.031174000
6	0		1415.031201000
6	0		1415.031621000
6	1396		1415.032362000
6	0		1415.048574000
6	0		1415.048627000
6	0		1415.077343000
6	1396		1415.077912000
6	0		1415.087421000
6	12		1415.087889000
6	1396		1415.124217000
6	0		1415.126750000
6	12		1415.126791000
6	0		1415.126802000
6	1		1415.126984000
6	4		1415.127002000
6	32		1415.127011000
6	0		1415.127022000
6	0		1415.165883000
6	0		1415.165926000
6	0		1415.165970000
6	0		1415.165984000
6	0		1415.169402000
6	1396		1415.170521000
6	0		1415.214708000
6	1396		1415.216847000
6	1396		1415.263159000
6	0		1415.307329000
6	1396		1415.309445000
6	1396		1415.355740000
6	0		1415.399043000
6	1396		1415.402040000
6	1396		1415.448380000
6	0		1415.491568000
6	1396		1415.494663000
6	1396		1415.531710000
6	1396		1415.568762000
6	0		1415.583209000
6	1396		1415.605792000
6	1396		1415.642825000
6	0		1415.674787000
6	1396		1415.679866000
6	1396		1415.716920000
6	1396		1415.753934000
6	0		1415.767373000
6	1396		1415.815525000
6	0		1415.858703000
6	1396		1415.877125000
6	1396		1415.923305000
6	0		1415.950740000
6	1396		1415.969444000
6	1396		1416.015633000
6	0		1416.042991000
6	1396		1416.061811000
6	1396		1416.107973000
6	0		1416.135337000
6	1396		1416.154155000
6	1396		1416.200349000
6	0		1416.226963000
6	1396		1416.246516000
6	1396		1416.292694000
6	0		1416.318967000
6	1396		1416.338872000
6	1396		1416.385102000
6	0		1416.411401000
6	1396		1416.431238000
6	1396		1416.468182000
6	0		1416.502827000
6	1396		1416.505096000
6	1396		1416.542040000
6	1396		1416.578990000
6	0		1416.595491000
6	1396		1416.640579000
6	0		1416.641355000
6	0		1416.687421000
6	1396		1416.702115000
6	1396		1416.748304000
6	0		1416.779248000
6	1396		1416.794482000
6	0		1416.824939000
6	1396		1416.840655000
6	1396		1416.886820000
6	0		1416.917236000
6	1396		1416.933025000
6	1396		1416.978584000
6	0		1417.009511000
6	1396		1417.024140000
6	1396		1417.066602000
6	0		1417.100633000
6	1396		1417.109084000
6	1095		1417.151548000
6	0		1417.193304000
6	0		1417.239045000
6	1396		1417.285192000
6	680		1417.285225000
6	0		1417.285632000
6	1396		1417.356142000
6	1396		1417.377389000
6	1396		1417.419832000
6	1396		1417.462312000
6	0		1417.469288000
6	1396		1417.504792000
6	1396		1417.547262000
6	0		1417.561311000
6	1396		1417.603872000
6	0		1417.653403000
6	1396		1417.660503000
6	1396		1417.717158000
6	0		1417.745022000
6	1396		1417.759618000
6	1396		1417.802078000
6	0		1417.837151000
6	1396		1417.844572000
6	1396		1417.887051000
6	0		1417.929206000
6	1396		1417.929487000
6	1396		1417.971969000
6	1396		1418.014469000
6	0		1418.021470000
6	1396		1418.056944000
6	1396		1418.099417000
6	0		1418.113535000
6	1396		1418.141885000
6	1396		1418.184358000
6	0		1418.205412000
6	1396		1418.226836000
6	1396		1418.260805000
6	1396		1418.294772000
6	0		1418.297302000
6	1396		1418.328771000
6	1396		1418.362729000
6	0		1418.389215000
6	1396		1418.396847000
6	1396		1418.453330000
6	0		1418.481449000
6	1396		1418.495821000
6	1396		1418.538274000
6	0		1418.573428000
6	1396		1418.580766000
6	1396		1418.623232000
6	0		1418.665408000
6	1396		1418.665717000
6	1396		1418.708189000
6	1396		1418.750636000
6	0		1418.756724000
6	1396		1418.793140000
6	1396		1418.835608000
6	0		1418.848672000
6	1396		1418.878086000
6	1396		1418.920551000
6	0		1418.940636000
6	1396		1418.963027000
6	1396		1418.997020000
6	1396		1419.030982000
6	0		1419.033659000
6	1396		1419.064979000
17		1358	1419.078699000
17		1358	1419.080068000
17		33	1419.104968000
6	0		1419.125534000
6	1396		1419.125962000
6	1396		1419.147221000
6	0		1419.216740000
6	1396		1419.217179000
6	1396		1419.238431000
6	0		1419.263476000
6	1396		1419.280910000
17		688	1419.308698000
17		41	1419.308732000
17		36	1419.309403000
17		75	1419.317643000
17		33	1419.317691000
6	1396		1419.321648000
6	0		1419.401062000
6	1396		1419.401519000
6	1396		1419.421875000
6	0		1419.493353000
6	1396		1419.493758000
6	1396		1419.514146000
17		44	1419.539506000
17		41	1419.539531000
17		33	1419.565443000
6	0		1419.584720000
6	1396		1419.585176000
6	1396		1419.605541000
6	0		1419.676985000
6	1396		1419.677388000
6	1396		1419.697765000
6	0		1419.769257000
6	1396		1419.769677000
6	1396		1419.785958000
6	1396		1419.818562000
6	1396		1419.851182000
6	0		1419.861331000
6	0		1419.952856000
6	1396		1419.953264000
6	1396		1419.973635000
6	0		1420.045100000
6	1396		1420.045518000
6	1396		1420.065907000
6	0		1420.137393000
6	1396		1420.137838000
6	1396		1420.158205000
6	0		1420.228682000
6	1396		1420.229129000
6	1396		1420.249504000
6	0		1420.320923000
6	1396		1420.321355000
6	1396		1420.341719000
6	0		1420.413153000
6	1396		1420.413562000
6	1396		1420.433951000
6	0		1420.505376000
6	1396		1420.505819000
6	1396		1420.522122000
6	1160		1420.554694000
6	0		1420.597456000
6	0		1420.597484000
6	0		1420.598366000
6	0		1420.688745000
6	0		1420.780771000
6	1396		1420.826945000
6	566		1420.826973000
6	0		1420.827445000
6	1396		1420.933295000
6	1396		1420.953522000
6	1396		1420.994271000
6	1396		1421.034981000
6	0		1421.056754000
6	1396		1421.075712000
6	0		1421.102848000
6	0		1421.102883000
6	1396		1421.116458000
6	0		1421.149141000
6	1396		1421.157198000
6	1396		1421.197935000
6	1396		1421.238657000
6	0		1421.241536000
6	1396		1421.279398000
6	1396		1421.320161000
6	0		1421.332813000
6	1396		1421.360864000
6	1396		1421.401614000
6	0		1421.425215000
6	1396		1421.442366000
6	1396		1421.483099000
6	1396		1421.515679000
6	0		1421.516983000
6	1396		1421.548284000
6	1396		1421.580861000
6	0		1421.608692000
6	1396		1421.613498000
6	1396		1421.654197000
6	0		1421.701577000
6	1396		1421.701987000
6	1396		1421.735660000
6	0		1421.793245000
6	1396		1421.793670000
6	1396		1421.817144000
6	0		1421.885552000
6	1396		1421.885964000
6	1396		1421.906348000
6	0		1421.976736000
6	1396		1421.977167000
6	1396		1421.997528000
6	0		1422.069148000
6	0		1422.161486000
6	1396		1422.161911000
6	1396		1422.182291000
6	0		1422.252706000
6	1396		1422.253105000
6	574		1422.273472000
6	0		1422.298906000
6	0		1422.391163000
6	1396		1422.437307000
6	680		1422.437339000
6	0		1422.437745000
6	0		1422.483407000
6	0		1422.483450000
6	0		1422.484594000
6	0		1422.484620000
6	1396		1422.504202000
6	1396		1422.524552000
6	1396		1422.565303000
6	1396		1422.606023000
6	1396		1422.646779000
6	0		1422.666721000
6	1396		1422.687510000
6	1396		1422.728251000
6	0		1422.758991000
6	1396		1422.760889000
6	1396		1422.793422000
6	1396		1422.826019000
6	0		1422.850900000
6	1396		1422.880329000
6	1396		1422.934644000
6	0		1422.942815000
6	1396		1422.980955000
6	1396		1423.027262000
6	0		1423.035362000
6	1396		1423.073553000
6	1396		1423.119866000
6	0		1423.127357000
6	1396		1423.166182000
6	1396		1423.212462000
6	0		1423.218918000
6	1396		1423.258766000
6	1396		1423.305080000
6	0		1423.311358000
6	1396		1423.351393000
6	1396		1423.397689000
6	0		1423.402841000
6	1396		1423.444006000
6	1396		1423.490301000
6	0		1423.495549000
6	1396		1423.527344000
6	1396		1423.564420000
6	0		1423.586791000
6	1396		1423.601420000
6	1396		1423.663152000
6	0		1423.679112000
6	1396		1423.709444000
6	1396		1423.755745000
6	0		1423.771000000
6	1396		1423.802056000
6	1396		1423.848369000
6	0		1423.863585000
6	1396		1423.894683000
6	1396		1423.940983000
6	0		1423.955150000
6	1396		1423.987263000
6	1396		1424.033592000
6	0		1424.046677000
6	1396		1424.079888000
6	1396		1424.126191000
6	0		1424.139318000
6	1396		1424.172482000
6	1396		1424.218777000
6	0		1424.230980000
6	1396		1424.265093000
6	1396		1424.302126000
6	0		1424.323522000
6	1396		1424.339176000
6	1396		1424.376220000
6	1396		1424.413264000
6	0		1424.415690000
6	1396		1424.474987000
6	0		1424.506967000
6	1396		1424.536747000
6	1396		1424.583053000
6	0		1424.599283000
6	1396		1424.629357000
6	1396		1424.675665000
6	0		1424.691284000
6	1396		1424.721961000
6	1396		1424.768261000
6	0		1424.783525000
6	1396		1424.814581000
6	1396		1424.860848000
6	0		1424.875051000
6	1396		1424.907166000
6	1396		1424.953452000
6	0		1424.966637000
6	1396		1424.999789000
6	1396		1425.046077000
6	0		1425.058741000
17		589	1425.058770000
17		36	1425.059614000
17		77	1425.068788000
17		33	1425.068821000
6	1396		1425.092386000
6	1396		1425.129556000
6	0		1425.150716000
17		44	1425.150748000
17		41	1425.150755000
6	1396		1425.166459000
17		33	1425.176248000
6	1396		1425.203502000
6	1396		1425.240556000
6	0		1425.243102000
6	1396		1425.302272000
6	0		1425.335263000
6	1396		1425.364022000
6	0		1425.379235000
6	0		1425.379290000
6	0		1425.392047000
6	41		1425.397657000
6	0		1425.410346000
6	21		1425.410385000
6	0		1425.410398000
6	1396		1425.410415000
6	1080		1425.411637000
6	440		1425.424564000
6	0		1425.427383000
6	1396		1425.456629000
6	0		1425.466230000
6	0		1425.473523000
6	48		1425.479072000
6	0		1425.479126000
6	280		1425.483271000
6	1396		1425.502910000
6	0		1425.529133000
6	1396		1425.549244000
6	0		1425.565427000
6	1396		1425.595543000
6	16		1425.606525000
6	1396		1425.641239000
6	0		1425.650235000
6	0		1425.657104000
6	52		1425.662953000
6	0		1425.662989000
6	52		1425.663107000
6	0		1425.675815000
6	100		1425.676818000
6	1396		1425.686876000
6	0		1425.718225000
6	1396		1425.732574000
6	0		1425.749342000
6	1396		1425.778260000
6	1396		1425.823926000
6	0		1425.840820000
6	1396		1425.869599000
6	1396		1425.915302000
6	0		1425.933122000
6	1396		1425.960966000
6	1396		1425.978764000
6	0		1425.984234000
6	1381		1425.997500000
6	566		1426.025741000
6	0		1426.025769000
6	0		1426.026194000
6	1396		1426.027011000
6	1396		1426.065002000
6	1396		1426.103786000
6	0		1426.117658000
6	1396		1426.142555000
6	0		1426.162855000
6	0		1426.162877000
6	1396		1426.181343000
6	0		1426.209031000
6	1396		1426.220123000
6	0		1426.254849000
6	1396		1426.258899000
6	1396		1426.297676000
6	0		1426.301000000
6	1396		1426.336448000
6	0		1426.346788000
6	1396		1426.375242000
6	0		1426.392945000
6	1396		1426.414031000
6	0		1426.438760000
6	1396		1426.445055000
6	1396		1426.476095000
6	0		1426.485540000
6	1396		1426.507108000
6	0		1426.530722000
6	1396		1426.558829000
6	0		1426.577219000
6	1396		1426.610514000
6	0		1426.622830000
6	1396		1426.649295000
6	0		1426.669024000
6	1396		1426.688065000
6	0		1426.714687000
6	1396		1426.726848000
6	0		1426.761154000
6	1396		1426.765630000
6	1396		1426.804429000
6	0		1426.807309000
6	1396		1426.843210000
6	0		1426.853894000
6	1396		1426.881989000
6	1396		1426.920763000
6	0		1426.945368000
6	1396		1426.959526000
6	1396		1426.998288000
6	0		1427.036969000
6	1396		1427.037088000
6	1396		1427.075883000
6	1396		1427.114664000
6	0		1427.129386000
6	1396		1427.153417000
6	1396		1427.192780000
6	0		1427.220912000
6	1396		1427.230985000
6	1396		1427.269765000
6	0		1427.313377000
6	1396		1427.313889000
6	1396		1427.347335000
6	0		1427.404825000
6	1396		1427.405277000
6	0		1427.451097000
6	1396		1427.451561000
6	1396		1427.467789000
6	1396		1427.500241000
6	1396		1427.532664000
6	0		1427.543223000
6	1396		1427.565090000
6	1396		1427.597546000
6	0		1427.635509000
6	0		1427.727102000
6	1396		1427.727551000
6	1396		1427.754584000
6	0		1427.819146000
6	1396		1427.819657000
6	1396		1427.849224000
6	0		1427.910748000
6	1396		1427.911245000
6	1095		1427.931528000
6	0		1428.002948000
6	0		1428.095331000
6	0		1428.187496000
6	68		1428.230678000
6	0		1428.233427000
6	52		1428.245463000
6	0		1428.245506000
6	0		1428.245526000
6	0		1428.246884000
6	0		1428.259643000
6	1396		1428.279585000
6	680		1428.279611000
6	0		1428.280068000
6	1396		1428.352606000
6	1396		1428.372833000
6	1396		1428.413370000
6	1396		1428.453911000
6	0		1428.462966000
6	1396		1428.494484000
6	1396		1428.534995000
6	0		1428.554962000
6	1396		1428.575547000
6	1396		1428.616100000
6	0		1428.647020000
6	1396		1428.656628000
6	1396		1428.697174000
6	1396		1428.737728000
6	0		1428.739101000
6	1396		1428.778264000
6	1396		1428.818800000
6	0		1428.830674000
6	1396		1428.859325000
6	1396		1428.891792000
6	0		1428.922773000
6	1396		1428.924191000
6	1396		1428.978277000
6	0		1429.014745000
6	1396		1429.032348000
6	1396		1429.072870000
6	0		1429.106764000
6	1396		1429.113420000
6	1396		1429.153935000
6	1396		1429.194503000
6	0		1429.198984000
6	1396		1429.235068000
6	1396		1429.275598000
6	0		1429.290762000
6	1396		1429.316132000
6	1396		1429.356663000
6	0		1429.383602000
6	1396		1429.397229000
6	1396		1429.437752000
6	0		1429.474782000
6	1396		1429.478288000
6	1396		1429.518836000
6	1396		1429.551290000
6	0		1429.567309000
6	1396		1429.583721000
6	1396		1429.616143000
6	0		1429.659242000
6	1396		1429.659726000
6	1396		1429.689126000
6	0		1429.704816000
6	1396		1429.729672000
6	1396		1429.770225000
6	0		1429.797130000
6	1396		1429.810760000
6	1396		1429.851278000
6	0		1429.889223000
6	1396		1429.891822000
6	1396		1429.930532000
6	0		1429.980959000
6	1396		1429.981408000
6	1396		1430.007914000
6	0		1430.057842000
6	0		1430.057893000
6	0		1430.073339000
6	1396		1430.073795000
6	1396		1430.093146000
6	0		1430.165544000
6	1396		1430.165974000
6	1396		1430.185319000
6	0		1430.256719000
6	1396		1430.257216000
6	1396		1430.272681000
6	1396		1430.303634000
6	1396		1430.334607000
6	0		1430.349074000
6	0		1430.441344000
6	1396		1430.441813000
6	1396		1430.461159000
6	0		1430.533666000
6	1396		1430.534241000
6	1396		1430.553461000
6	0		1430.624913000
6	1396		1430.625348000
6	1396		1430.644697000
6	0		1430.717332000
6	1396		1430.717803000
6	1396		1430.737148000
6	0		1430.809625000
6	1396		1430.810072000
6	1396		1430.829426000
6	0		1430.900900000
6	1396		1430.901342000
6	1396		1430.920682000
6	0		1430.993222000
6	1396		1430.993654000
6	1396		1431.009144000
6	0		1431.039401000
6	1396		1431.040071000
6	1396		1431.071033000
6	1396		1431.102001000
6	0		1431.131463000
6	1396		1431.132942000
6	0		1431.223461000
6	1396		1431.223945000
6	1396		1431.243306000
6	0		1431.314732000
6	1396		1431.315167000
6	1396		1431.334510000
6	0		1431.406919000
6	1396		1431.407355000
6	1396		1431.426701000
6	0		1431.499260000
6	1396		1431.499765000
6	1396		1431.519094000
6	0		1431.591575000
6	374		1431.592095000
6	0		1431.682653000
6	0		1431.774911000
6	0		1431.821006000
6	1396		1431.867194000
6	680		1431.867222000
6	0		1431.867670000
6	1396		1431.933078000
6	1396		1431.952370000
6	1396		1431.991083000
6	1396		1432.029786000
6	0		1432.051524000
6	1396		1432.068462000
6	1396		1432.107142000
6	0		1432.143128000
6	1396		1432.158758000
6	1396		1432.210342000
6	0		1432.235163000
6	1396		1432.261931000
6	1396		1432.300629000
6	0		1432.327417000
6	1396		1432.339303000
6	1396		1432.378012000
6	1396		1432.416708000
6	0		1432.418713000
6	1396		1432.455385000
6	1396		1432.494086000
6	0		1432.510882000
6	1396		1432.532789000
6	1396		1432.571469000
6	0		1432.603248000
6	1396		1432.610330000
6	1396		1432.648861000
6	1396		1432.687532000
6	0		1432.695203000
6	1396		1432.726235000
6	1396		1432.764910000
6	0		1432.786605000
6	1396		1432.795867000
6	1396		1432.826836000
6	1396		1432.857783000
6	0		1432.879220000
6	0		1432.883451000
6	0		1432.883488000
6	1396		1432.912003000
6	1396		1432.952366000
6	0		1432.971513000
6	1396		1432.992931000
6	1396		1433.033461000
6	0		1433.063288000
6	1396		1433.073994000
6	1396		1433.114547000
6	0		1433.155496000
6	1396		1433.155974000
6	1396		1433.195630000
6	0		1433.247073000
6	1396		1433.247512000
6	1396		1433.276722000
6	0		1433.293192000
6	1396		1433.317262000
6	1396		1433.357817000
6	0		1433.384794000
6	1396		1433.398343000
6	1396		1433.438874000
6	0		1433.476892000
6	0		1433.569451000
6	1396		1433.569903000
6	0		1433.661338000
6	1396		1433.661779000
6	1396		1433.682055000
6	0		1433.753468000
6	1396		1433.753964000
6	1396		1433.774253000
6	0		1433.844804000
6	1396		1433.845283000
6	1396		1433.865552000
6	1396		1433.906084000
6	0		1433.936969000
6	1396		1433.946632000
6	1396		1433.987173000
6	1396		1434.027739000
6	0		1434.028991000
6	1396		1434.068264000
6	1396		1434.108890000
6	0		1434.120719000
6	1396		1434.149369000
6	1396		1434.189884000
6	0		1434.212937000
6	1396		1434.230434000
6	1396		1434.270963000
6	0		1434.304843000
6	1396		1434.311516000
6	1396		1434.352056000
6	1396		1434.384901000
6	0		1434.396973000
6	1396		1434.417729000
6	1396		1434.450535000
6	0		1434.488990000
6	1396		1434.489455000
6	1396		1434.524409000
6	0		1434.535159000
6	1396		1434.565439000
6	1396		1434.606371000
6	0		1434.626891000
6	1396		1434.647298000
6	1396		1434.687936000
6	0		1434.718699000
6	1396		1434.728581000
6	1396		1434.767187000
6	0		1434.811060000
6	1396		1434.811572000
6	1396		1434.844401000
6	0		1434.902989000
6	1396		1434.903424000
6	1396		1434.922744000
6	0		1434.995257000
6	1396		1434.995763000
6	1396		1435.015023000
6	0		1435.087529000
6	1396		1435.088005000
6	1396		1435.103464000
6	1396		1435.134327000
6	1396		1435.165232000
6	0		1435.178949000
6	0		1435.270837000
6	1396		1435.271332000
6	1396		1435.290635000
6	0		1435.363162000
6	1396		1435.363657000
6	1396		1435.382974000
6	0		1435.455472000
6	1396		1435.455938000
6	1396		1435.475219000
6	0		1435.547661000
6	1396		1435.548156000
6	1396		1435.567469000
6	0		1435.638949000
6	1396		1435.639420000
6	1396		1435.658711000
6	0		1435.731172000
6	1396		1435.731637000
6	1396		1435.750934000
6	0		1435.823409000
6	1396		1435.823876000
6	1396		1435.839311000
6	0		1435.869578000
6	1396		1435.870197000
6	1396		1435.901390000
6	1396		1435.931971000
6	0		1435.960871000
6	1396		1435.962836000
6	0		1436.053228000
6	1396		1436.053683000
6	1396		1436.072972000
6	0		1436.145379000
6	1396		1436.145870000
6	1396		1436.165177000
6	0		1436.237564000
6	1396		1436.238063000
6	1396		1436.257333000
6	0		1436.328710000
6	1396		1436.329238000
6	1396		1436.348555000
6	0		1436.420995000
6	1396		1436.421444000
6	1396		1436.440750000
6	0		1436.513166000
6	1396		1436.513658000
6	1396		1436.532973000
6	0		1436.605624000
6	1396		1436.606111000
6	1396		1436.621544000
6	1396		1436.652430000
6	1396		1436.683315000
6	0		1436.697048000
6	0		1436.788934000
6	1396		1436.789419000
6	1396		1436.808719000
6	0		1436.881165000
6	1396		1436.881674000
6	1396		1436.900970000
6	0		1436.973455000
6	1396		1436.973956000
6	1396		1436.993257000
6	0		1437.064689000
6	1396		1437.065171000
6	1215		1437.084469000
6	0		1437.110965000
6	0		1437.203064000
6	0		1437.295358000
6	1396		1437.340999000
6	0		1437.345683000
6	565		1437.387127000
6	0		1437.387595000
6	1396		1437.519373000
6	1396		1437.538670000
6	1396		1437.577270000
6	1396		1437.615881000
6	0		1437.617112000
6	1396		1437.654461000
6	1396		1437.693081000
6	0		1437.708914000
6	1396		1437.731674000
6	1396		1437.762553000
6	1396		1437.793461000
6	0		1437.801035000
6	1396		1437.844926000
6	0		1437.893443000
6	1396		1437.896380000
6	1396		1437.947847000
6	0		1437.984802000
6	1396		1437.986438000
6	1396		1438.027103000
6	1396		1438.067757000
6	0		1438.077597000
6	1396		1438.108398000
6	1396		1438.149031000
6	0		1438.168823000
6	1396		1438.189647000
6	1396		1438.230289000
6	0		1438.261039000
6	1396		1438.270926000
6	1396		1438.311567000
6	1396		1438.352200000
6	0		1438.353301000
6	1396		1438.392852000
6	1396		1438.425381000
6	0		1438.445297000
6	1396		1438.457889000
6	1396		1438.490405000
6	0		1438.536747000
6	1396		1438.537244000
6	1396		1438.563540000
6	0		1438.629050000
6	1396		1438.629508000
6	1396		1438.649832000
6	0		1438.721263000
6	1396		1438.721781000
6	1396		1438.742061000
6	0		1438.812762000
6	1396		1438.813192000
6	1396		1438.833513000
6	0		1438.904889000
6	1396		1438.905355000
6	1396		1438.925659000
6	0		1438.951053000
6	1396		1438.966282000
6	1396		1439.006932000
6	0		1439.042895000
6	1396		1439.047585000
6	1396		1439.088234000
6	0		1439.135590000
6	1396		1439.136053000
6	1396		1439.161398000
6	0		1439.168662000
6	0		1439.168743000
6	1396		1439.193895000
6	0		1439.208533000
6	12		1439.208791000
6	1396		1439.226408000
6	0		1439.227301000
17		1358	1439.227339000
17		1358	1439.231478000
17		1358	1439.231518000
17		1358	1439.231523000
17		1358	1439.231528000
17		206	1439.231532000
6	0		1439.248067000
6	12		1439.248103000
6	0		1439.248114000
6	1		1439.248272000
6	4		1439.248285000
6	32		1439.248290000
6	0		1439.248298000
6	1396		1439.272810000
6	0		1439.278505000
6	0		1439.287550000
6	0		1439.287585000
6	0		1439.287591000
6	0		1439.287680000
6	0		1439.287698000
6	566		1439.318968000
6	0		1439.318995000
6	0		1439.319452000
6	1396		1439.319481000
6	1396		1439.320173000
6	1396		1439.340698000
6	1396		1439.365120000
6	1396		1439.410846000
6	0		1439.411137000
6	1396		1439.411577000
6	1095		1439.432816000
6	1396		1439.456505000
6	1396		1439.502164000
6	0		1439.503165000
17		1358	1439.503191000
17		1358	1439.505313000
17		1358	1439.549150000
17		49	1439.594984000
17		49	1439.641398000
6	566		1439.641432000
6	0		1439.641839000
17		172	1439.686690000
17		538	1439.687330000
17		96	1439.687344000
17		33	1439.713064000
6	0		1439.779475000
6	0		1439.779503000
6	1396		1439.779951000
6	1396		1439.802781000
6	0		1439.825073000
6	0		1439.871218000
6	1396		1439.871696000
6	1396		1439.894559000
6	0		1439.917369000
6	1396		1439.940213000
6	1396		1439.985891000
6	0		1440.008662000
6	0		1440.008687000
6	1396		1440.031564000
6	0		1440.055059000
6	1396		1440.077255000
17		169	1440.101296000
17		33	1440.102223000
6	1396		1440.122944000
17		41	1440.146920000
17		41	1440.146954000
6	1396		1440.168609000
6	0		1440.192921000
6	1396		1440.214298000
6	0		1440.255091000
6	1396		1440.259970000
6	1396		1440.305656000
6	0		1440.316687000
6	1396		1440.351329000
6	0		1440.378914000
6	1396		1440.397010000
6	0		1440.441102000
6	1396		1440.442687000
6	1396		1440.488377000
6	0		1440.503383000
6	1396		1440.534047000
6	0		1440.565378000
6	1396		1440.579726000
6	1396		1440.625414000
6	0		1440.626769000
6	1396		1440.671073000
6	0		1440.688933000
6	1396		1440.716753000
6	0		1440.751167000
6	1396		1440.762440000
6	1396		1440.808139000
6	0		1440.813344000
6	1396		1440.853803000
6	0		1440.874664000
6	1396		1440.899488000
6	0		1440.937374000
6	1396		1440.945155000
6	1396		1440.990840000
6	1396		1441.036519000
6	0		1441.061337000
6	1396		1441.082205000
6	1396		1441.127885000
6	1396		1441.173562000
6	0		1441.184741000
6	1396		1441.219226000
6	1396		1441.264923000
6	0		1441.308788000
6	1396		1441.310579000
6	1396		1441.347126000
6	1396		1441.383684000
6	1396		1441.420223000
6	0		1441.433600000
6	1396		1441.456776000
6	1396		1441.493324000
6	1396		1441.529852000
6	0		1441.556790000
6	1396		1441.566400000
6	1396		1441.602945000
6	1396		1441.639509000
6	1396		1441.676038000
6	0		1441.681353000
6	1396		1441.712574000
6	1396		1441.749125000
6	0		1441.805147000
6	1396		1441.810015000
6	1396		1441.870927000
6	0		1441.929617000
6	1396		1441.931816000
6	1396		1441.992733000
6	0		1442.053260000
6	1396		1442.053704000
6	1396		1442.114561000
6	0		1442.176967000
6	1396		1442.177414000
6	1396		1442.221116000
6	0		1442.301555000
6	1396		1442.302004000
6	1396		1442.324874000
6	0		1442.425441000
6	1396		1442.425932000
6	1396		1442.448766000
6	0		1442.549388000
6	1396		1442.549813000
6	1396		1442.572675000
6	0		1442.611545000
6	221		1442.618337000
6	0		1442.734904000
6	0		1442.859280000
6	0		1442.982755000
6	0		1443.106886000
6	0		1443.231192000
6	0		1443.354661000
6	0		1443.478788000
6	0		1443.603081000
6	0		1443.727359000
6	0		1443.789339000
17		1354	1443.789366000
17		34	1443.790941000
17		229	1443.851521000
17		37	1443.852123000
17		685	1443.853152000
17		1354	1443.853268000
17		1358	1443.853275000
17		1358	1443.853281000
17		1358	1443.853286000
17		1358	1443.853291000
17		1358	1443.853296000
17		1358	1443.853301000
17		1358	1443.853307000
17		1358	1443.853313000
17		1358	1443.863020000
17		1358	1443.872639000
17		1358	1443.882694000
17		1358	1443.891430000
17		1358	1443.900361000
17		1358	1443.909467000
17		1358	1443.918126000
17		1358	1443.927718000
17		1358	1443.936878000
17		1358	1443.946397000
17		1358	1443.955513000
17		1358	1443.964912000
17		1358	1443.974066000
17		43	1443.974817000
6	0		1443.981181000
6	0		1443.981246000
17		1358	1443.983060000
17		1358	1443.992024000
17		1358	1444.001785000
17		1358	1444.010572000
17		1358	1444.019949000
17		1358	1444.028888000
17		41	1444.037391000
17		1358	1444.038166000
17		1358	1444.047871000
17		1358	1444.056934000
17		1358	1444.065660000
17		1358	1444.074795000
17		1358	1444.084269000
17		1358	1444.093902000
17		41	1444.099158000
17		1358	1444.101311000
17		1358	1444.112000000
17		1358	1444.122227000
17		1358	1444.131742000
17		1358	1444.138872000
17		1358	1444.148689000
17		1358	1444.158246000
17		41	1444.161325000
17		1358	1444.167024000
17		1358	1444.176135000
17		1358	1444.185498000
17		1358	1444.195287000
17		41	1444.222676000
17		1358	1444.223718000
17		1358	1444.233132000
6	0		1444.248410000
6	15		1444.248471000
6	0		1444.248482000
6	41		1444.254039000
17		41	1444.285960000
17		1358	1444.287703000
17		1358	1444.297355000
17		41	1444.347340000
17		1358	1444.349271000
17		1358	1444.358961000
17		1358	1444.368193000
17		1358	1444.377447000
17		41	1444.409647000
17		1358	1444.411934000
17		1358	1444.421401000
17		41	1444.471147000
17		1358	1444.472786000
17		1358	1444.483120000
6	0		1444.520055000
6	1080		1444.520109000
6	672		1444.520132000
17		41	1444.532674000
17		1358	1444.534026000
17		1358	1444.543782000
6	0		1444.562233000
17		41	1444.594615000
17		41	1444.594643000
17		1358	1444.596141000
17		1358	1444.606276000
17		41	1444.657003000
17		1358	1444.657925000
17		1358	1444.668174000
17		41	1444.718650000
17		1358	1444.720403000
17		1358	1444.729884000
17		41	1444.781384000
17		1358	1444.782306000
17		1358	1444.792240000
6	272		1444.804148000
6	0		1444.804194000
6	848		1444.806286000
17		41	1444.843225000
17		1358	1444.844463000
17		1358	1444.854683000
17		41	1444.905449000
17		1358	1444.906992000
17		1358	1444.917451000
17		41	1444.967067000
17		1358	1444.968660000
17		1358	1444.979401000
6	0		1445.022430000
6	0		1445.022484000
17		41	1445.029309000
17		1358	1445.030387000
17		1358	1445.040955000
17		1358	1445.049443000
17		1358	1445.059123000
17		41	1445.090814000
17		1358	1445.092446000
17		1358	1445.102550000
17		41	1445.153361000
17		1358	1445.155310000
17		1358	1445.165569000
17		41	1445.214758000
17		1358	1445.216355000
17		1358	1445.226568000
17		41	1445.277261000
17		1358	1445.277860000
17		1358	1445.288767000
6	0		1445.319706000
6	41		1445.326015000
17		41	1445.338781000
17		1358	1445.339921000
17		1358	1445.349982000
17		41	1445.401075000
17		1358	1445.401808000
17		1358	1445.411618000
17		41	1445.463462000
17		1358	1445.464772000
17		1358	1445.474447000
17		41	1445.525134000
17		1358	1445.526562000
17		1358	1445.536941000
6	848		1445.570210000
17		41	1445.586728000
17		1358	1445.587196000
17		1358	1445.596589000
6	0		1445.622749000
6	21		1445.622787000
6	0		1445.622801000
6	1080		1445.624056000
6	52		1445.625915000
6	0		1445.625959000
17		41	1445.649186000
17		1358	1445.650915000
17		1358	1445.661098000
17		41	1445.711337000
17		1358	1445.712935000
17		1358	1445.722469000
17		41	1445.773346000
17		1358	1445.774797000
17		41	1445.834796000
17		1358	1445.836535000
6	16		1445.891360000
6	0		1445.891412000
6	52		1445.891528000
17		41	1445.897161000
17		1358	1445.898819000
6	0		1445.921342000
6	440		1445.921378000
17		41	1445.958735000
17		1358	1445.960239000
6	0		1445.962213000
17		41	1446.020925000
17		1358	1446.022546000
17		41	1446.083530000
17		1358	1446.085061000
17		41	1446.145012000
17		1358	1446.146476000
6	0		1446.157695000
6	68		1446.157741000
6	68		1446.158280000
17		41	1446.207277000
17		1358	1446.208885000
6	48		1446.258953000
6	0		1446.258999000
6	280		1446.262928000
17		41	1446.268713000
17		1358	1446.270317000
17		41	1446.331091000
17		1358	1446.332609000
17		41	1446.392769000
17		1358	1446.394342000
6	84		1446.425240000
6	68		1446.425452000
17		41	1446.455217000
17		1358	1446.456751000
17		1358	1446.466699000
17		41	1446.517564000
17		918	1446.518791000
6	0		1446.559991000
6	16		1446.568856000
17		41	1446.579072000
6	0		1446.610227000
17		41	1446.640792000
6	84		1446.689357000
17		41	1446.703100000
6	0		1446.730210000
17		41	1446.765231000
17		41	1446.827368000
17		41	1446.889499000
6	52		1446.906723000
6	0		1446.906767000
6	52		1446.906857000
17		41	1446.950755000
17		41	1447.012881000
17		46	1447.074959000
17		38	1447.101268000
17		41	1447.136760000
17		41	1447.199511000
6	100		1447.203538000
6	0		1447.246225000
17		41	1447.261525000
6	0		1447.288718000
6	0		1447.288779000
17		41	1447.322935000
6	0		1447.328135000
6	12		1447.328372000
6	0		1447.367820000
6	12		1447.367854000
6	0		1447.367865000
6	1		1447.368056000
6	4		1447.368079000
6	32		1447.368096000
6	0		1447.368112000
17		41	1447.384909000
6	0		1447.407471000
6	0		1447.407508000
6	0		1447.407515000
6	0		1447.407527000
17		41	1447.447182000
17		41	1447.509315000
17		41	1447.571426000
17		41	1447.632631000
17		41	1447.694883000
17		41	1447.757344000
17		41	1447.819548000
17		41	1447.881364000
17		41	1447.942647000
17		41	1448.005071000
17		41	1448.066709000
17		41	1448.128840000
17		41	1448.190988000
17		42	1448.253633000
17		47	1448.315318000
17		38	1448.316983000
17		42	1448.377304000
17		42	1448.439799000
17		43	1448.501486000
17		42	1448.563064000
17		43	1448.624737000
6	0		1448.647423000
6	0		1448.647489000
17		43	1448.686856000
17		43	1448.749535000
6	68		1448.793348000
17		43	1448.811721000
17		43	1448.873388000
17		43	1448.935569000
17		43	1448.997315000
17		43	1449.059228000
6	0		1449.097952000
6	68		1449.110514000
17		43	1449.121305000
17		43	1449.183245000
17		1111	1449.245219000
17		41	1449.245875000
17		131	1449.246630000
17		1354	1449.247556000
17		1358	1449.257949000
17		1358	1449.266344000
17		1358	1449.276292000
17		1358	1449.284790000
17		1358	1449.294127000
17		1358	1449.304293000
17		43	1449.307299000
17		1358	1449.313184000
17		1358	1449.322095000
17		1358	1449.331733000
17		1358	1449.340022000
17		1358	1449.349272000
17		1358	1449.358789000
17		1358	1449.368632000
17		43	1449.369462000
17		1358	1449.377727000
17		1358	1449.386673000
17		1358	1449.395925000
17		1358	1449.405929000
6	52		1449.407724000
6	0		1449.407768000
6	0		1449.408760000
6	0		1449.409744000
17		1358	1449.414570000
17		1358	1449.423069000
17		43	1449.431286000
17		1358	1449.432587000
17		1358	1449.441726000
17		1358	1449.450865000
17		1358	1449.459974000
17		1358	1449.469728000
17		1358	1449.478770000
17		1358	1449.488195000
17		43	1449.492799000
17		1358	1449.497103000
17		1358	1449.506421000
17		1358	1449.515126000
17		1358	1449.524852000
17		1358	1449.534031000
17		1358	1449.543773000
17		1358	1449.552584000
17		43	1449.555491000
17		1358	1449.561806000
17		1358	1449.570512000
17		1358	1449.579772000
17		1358	1449.588586000
17		1358	1449.598227000
17		1358	1449.608240000
17		43	1449.616759000
17		1358	1449.617055000
17		1358	1449.626520000
17		1358	1449.635597000
17		1358	1449.644939000
17		1358	1449.653123000
17		1358	1449.662875000
17		1358	1449.671792000
17		43	1449.679391000
17		1358	1449.681039000
17		1358	1449.690369000
17		1358	1449.700490000
6	0		1449.707212000
17		1358	1449.709169000
17		1358	1449.718965000
17		1358	1449.727061000
17		1358	1449.736632000
17		43	1449.741263000
17		1358	1449.746249000
17		1358	1449.754630000
17		43	1449.803237000
17		1358	1449.804823000
17		43	1449.864874000
17		1358	1449.866446000
17		43	1449.926980000
17		1358	1449.928498000
17		1358	1449.938877000
17		43	1449.988855000
17		1358	1449.990503000
17		43	1450.051072000
17		1358	1450.052667000
6	84		1450.060339000
6	0		1450.060390000
17		43	1450.112825000
17		1358	1450.114429000
17		43	1450.175001000
17		1358	1450.176575000
17		43	1450.237565000
17		1358	1450.239136000
17		43	1450.298820000
17		1358	1450.300421000
17		43	1450.362282000
17		1358	1450.363830000
17		43	1450.422954000
17		1358	1450.424716000
17		1358	1450.434156000
6	0		1450.474241000
6	0		1450.474294000
17		45	1450.484702000
17		34	1450.511469000
17		41	1450.546795000
17		1358	1450.548360000
6	0		1450.558745000
6	41		1450.566121000
17		41	1450.608991000
17		1358	1450.610264000
17		1358	1450.620646000
6	0		1450.650286000
6	21		1450.650324000
6	0		1450.650338000
6	1080		1450.651424000
17		41	1450.671534000
17		1358	1450.672951000
17		41	1450.732824000
17		1358	1450.735185000
6	0		1450.735520000
6	440		1450.735572000
6	0		1450.778229000
17		41	1450.795291000
17		1358	1450.796934000
17		41	1450.857740000
17		1358	1450.859723000
6	48		1450.862427000
6	0		1450.862459000
6	280		1450.866714000
17		41	1450.919405000
17		1358	1450.921322000
6	0		1450.950806000
6	16		1450.954797000
17		41	1450.980971000
17		1358	1450.982280000
6	0		1450.998240000
17		41	1451.042690000
17		1358	1451.043720000
6	52		1451.082405000
6	0		1451.082446000
6	52		1451.082548000
17		41	1451.105516000
17		1358	1451.106067000
6	100		1451.166647000
17		41	1451.167202000
17		1358	1451.168628000
6	0		1451.210240000
17		41	1451.228661000
17		1358	1451.230104000
17		41	1451.291713000
17		1358	1451.292956000
17		1358	1451.303500000
17		41	1451.353400000
17		1358	1451.354407000
17		41	1451.414699000
17		1358	1451.416547000
17		41	1451.477288000
17		1358	1451.478739000
17		41	1451.538783000
17		1358	1451.539503000
17		41	1451.600973000
17		1358	1451.602857000
17		41	1451.663506000
17		1358	1451.664783000
17		46	1451.725171000
17		1358	1451.725989000
17		41	1451.786963000
17		1358	1451.788603000
17		41	1451.849194000
17		1358	1451.850873000
17		41	1451.910869000
17		1358	1451.912451000
17		41	1451.972992000
17		1358	1451.974591000
17		41	1452.034760000
17		1358	1452.036288000
17		1358	1452.046134000
17		41	1452.096664000
17		1358	1452.098298000
17		41	1452.159367000
17		1358	1452.161027000
17		41	1452.221627000
17		1358	1452.223192000
17		41	1452.283450000
17		1358	1452.284356000
17		41	1452.345461000
17		1358	1452.347035000
6	68		1452.379414000
17		41	1452.406691000
17		1358	1452.408243000
17		41	1452.469530000
17		1358	1452.471186000
17		41	1452.530952000
17		1358	1452.532524000
17		41	1452.593354000
17		1358	1452.594568000
6	0		1452.646262000
17		41	1452.654763000
17		1358	1452.656808000
17		42	1452.716762000
17		1358	1452.718466000
17		1358	1452.728217000
17		42	1452.779033000
17		1358	1452.780668000
17		42	1452.841460000
17		1358	1452.842490000
17		42	1452.903449000
17		1358	1452.905105000
17		47	1452.964876000
17		1358	1452.966516000
17		42	1453.026687000
17		1358	1453.028276000
17		42	1453.089007000
17		1358	1453.090622000
17		42	1453.150676000
17		1358	1453.152282000
17		42	1453.212860000
17		1358	1453.213427000
17		43	1453.275008000
17		1358	1453.276146000
6	68		1453.289093000
17		43	1453.336915000
17		1358	1453.338677000
6	52		1453.373262000
6	0		1453.373302000
6	0		1453.373325000
6	0		1453.374605000
17		43	1453.399495000
17		1358	1453.401110000
17		1358	1453.411290000
6	0		1453.458697000
17		43	1453.460956000
17		1358	1453.462492000
17		43	1453.522752000
17		1358	1453.524420000
17		43	1453.585223000
17		1358	1453.586780000
6	84		1453.646317000
6	0		1453.646365000
17		43	1453.648946000
17		1358	1453.650510000
17		43	1453.709251000
17		1358	1453.711038000
17		43	1453.771591000
17		1358	1453.773177000
17		43	1453.833829000
17		1358	1453.835384000
17		43	1453.894760000
17		1358	1453.896329000
17		43	1453.956810000
17		1358	1453.958339000
17		43	1454.019217000
17		43	1454.081294000
17		43	1454.143413000
6	84		1454.193926000
6	0		1454.193964000
17		48	1454.205082000
17		35	1454.231641000
17		43	1454.266865000
17		43	1454.329471000
17		43	1454.391200000
17		42	1454.453698000
17		43	1454.514954000
17		43	1454.576727000
17		43	1454.639383000
17		43	1454.700843000
17		43	1454.762627000
17		43	1454.825068000
6	0		1454.882905000
6	0		1454.882967000
17		43	1454.887173000
17		43	1454.949351000
17		43	1455.010628000
6	0		1455.068349000
17		43	1455.073180000
6	41		1455.073846000
17		43	1455.134723000
17		43	1455.197304000
6	0		1455.259055000
17		43	1455.259411000
6	21		1455.261363000
6	0		1455.261391000
6	1080		1455.262319000
17		43	1455.321360000
17		43	1455.382693000
6	0		1455.407813000
6	0		1455.407869000
17		48	1455.444913000
6	0		1455.446881000
6	12		1455.447084000
6	440		1455.447591000
17		35	1455.471389000
6	0		1455.486059000
6	12		1455.486096000
6	0		1455.486111000
6	1		1455.486336000
6	4		1455.486355000
6	32		1455.486366000
6	0		1455.486381000
6	0		1455.490222000
17		43	1455.506964000
6	0		1455.525309000
6	0		1455.525447000
6	0		1455.525455000
6	0		1455.525529000
6	0		1455.525542000
17		43	1455.569465000
17		43	1455.630678000
6	48		1455.675333000
6	0		1455.675370000
6	280		1455.679979000
17		42	1455.692802000
6	68		1455.709122000
17		43	1455.754846000
17		43	1455.817056000
6	16		1455.878142000
17		43	1455.879167000
6	0		1455.918216000
17		43	1455.941507000
6	0		1455.975857000
17		43	1456.003500000
17		43	1456.065189000
6	52		1456.103328000
6	0		1456.103362000
6	52		1456.103503000
17		43	1456.127200000
17		43	1456.188822000
17		43	1456.251327000
6	100		1456.288607000
17		43	1456.313552000
6	0		1456.330221000
17		43	1456.374853000
17		43	1456.436914000
17		43	1456.499017000
17		43	1456.561307000
17		43	1456.623300000
17		48	1456.685430000
17		34	1456.711755000
17		43	1456.747511000
17		43	1456.809226000
17		43	1456.871225000
17		43	1456.933430000
6	84		1456.976011000
6	0		1456.976058000
17		43	1456.995542000
17		43	1457.056757000
17		43	1457.119183000
17		43	1457.181118000
17		43	1457.243139000
17		43	1457.305212000
17		43	1457.367485000
17		43	1457.429354000
17		43	1457.490696000
17		43	1457.552847000
17		43	1457.615152000
17		43	1457.677206000
17		1358	1457.678801000
17		1358	1457.688301000
17		1029	1457.738901000
17		37	1457.739524000
17		1358	1457.739603000
6	68		1457.763952000
17		43	1457.801697000
17		1358	1457.803348000
17		1358	1457.862979000
17		85	1457.863007000
17		1358	1457.872249000
17		630	1457.872281000
17		34	1457.896517000
17		43	1457.925586000
17		41	1457.925608000
17		1358	1457.927178000
17		1358	1457.937199000
17		1358	1457.946685000
17		1358	1457.955353000
6	52		1457.960915000
6	0		1457.960957000
6	0		1457.960974000
6	0		1457.962069000
17		1358	1457.964907000
17		1358	1457.973465000
17		1358	1457.983361000
17		41	1457.986762000
17		1358	1457.992495000
17		1358	1458.001572000
17		1358	1458.011311000
17		1358	1458.020618000
17		1358	1458.030387000
17		1358	1458.038130000
17		1358	1458.047941000
17		41	1458.049619000
17		1358	1458.056543000
17		1358	1458.066366000
17		1358	1458.075509000
17		1358	1458.084469000
17		1358	1458.094215000
17		1358	1458.103549000
17		41	1458.111268000
17		1358	1458.111484000
17		1358	1458.121232000
17		1358	1458.130732000
17		1358	1458.140191000
6	0		1458.147137000
17		1358	1458.149177000
17		1358	1458.158049000
17		1358	1458.167324000
17		86	1458.172796000
17		1135	1458.172820000
17		101	1458.173273000
17		37	1458.173681000
17		1358	1458.177514000
17		350	1458.182112000
17		33	1458.182145000
17		1358	1458.185189000
17		1358	1458.194637000
17		1358	1458.204014000
17		1358	1458.213856000
17		1358	1458.222337000
17		1358	1458.231888000
17		42	1458.234961000
17		1358	1458.241164000
17		1358	1458.250533000
17		1358	1458.259768000
17		1358	1458.268306000
17		1358	1458.277829000
17		1358	1458.287572000
17		1358	1458.296576000
17		41	1458.297151000
17		1358	1458.305832000
17		1358	1458.315528000
17		1358	1458.324365000
17		1358	1458.334093000
17		1358	1458.342399000
17		1358	1458.351281000
17		41	1458.358699000
17		1358	1458.360297000
17		1358	1458.369725000
17		1358	1458.379458000
17		1358	1458.388975000
17		1358	1458.398104000
17		1358	1458.407301000
17		1358	1458.416338000
17		41	1458.421515000
17		1358	1458.425174000
17		1358	1458.434072000
17		1358	1458.443228000
6	68		1458.450920000
17		1358	1458.453015000
17		1358	1458.462962000
17		629	1458.471840000
17		41	1458.483616000
17		41	1458.545745000
17		41	1458.607361000
17		41	1458.669417000
17		101	1458.678242000
6	0		1458.717551000
17		1203	1458.730824000
17		41	1458.730851000
17		35	1458.731290000
17		41	1458.793317000
17		44	1458.855319000
17		34	1458.882277000
17		41	1458.916934000
17		41	1458.979508000
17		41	1459.041247000
17		742	1459.103349000
17		41	1459.103372000
17		39	1459.104091000
17		74	1459.112499000
17		33	1459.112538000
17		41	1459.165011000
17		41	1459.226888000
17		41	1459.289623000
17		41	1459.351139000
17		41	1459.413193000
17		41	1459.475347000
17		41	1459.537053000
17		41	1459.598705000
17		41	1459.660838000
6	84		1459.717715000
6	0		1459.717757000
17		41	1459.722913000
17		42	1459.785531000
17		350	1459.812701000
17		43	1459.847328000
17		41	1459.847351000
17		41	1459.847357000
17		33	1459.847629000
17		41	1459.909304000
17		41	1459.971070000
17		41	1460.033511000
17		41	1460.094803000
17		46	1460.157322000
17		34	1460.183623000
6	0		1460.207044000
17		41	1460.219736000
17		41	1460.281474000
17		41	1460.342640000
17		41	1460.404747000
17		41	1460.467336000
17		41	1460.528919000
17		741	1460.528947000
17		35	1460.529375000
17		41	1460.591245000
17		41	1460.653154000
17		41	1460.714993000
17		41	1460.777134000
17		41	1460.839180000
17		41	1460.901260000
17		33	1460.929899000
6	0		1460.943515000
17		41	1460.963299000
17		41	1461.024989000
17		41	1461.086971000
17		41	1461.149057000
17		41	1461.211533000
17		1104	1461.211556000
17		34	1461.212154000
17		34	1461.212355000
17		131	1461.212781000
17		1354	1461.212793000
17		1358	1461.223824000
17		1358	1461.233758000
17		1358	1461.242854000
17		1358	1461.251005000
17		1358	1461.260325000
17		1358	1461.269957000
17		41	1461.273424000
17		1358	1461.279317000
17		1358	1461.288969000
17		1358	1461.297991000
17		1358	1461.306686000
17		1358	1461.315971000
17		1358	1461.325219000
17		1358	1461.334072000
17		42	1461.335369000
17		1358	1461.343058000
17		1358	1461.353015000
17		1358	1461.362142000
17		1358	1461.371077000
17		1358	1461.380643000
17		1358	1461.390234000
17		42	1461.397411000
17		1358	1461.398943000
17		1358	1461.407343000
17		1358	1461.418312000
17		1358	1461.426029000
17		1358	1461.435731000
17		1358	1461.445043000
17		1358	1461.454592000
17		42	1461.459540000
17		1358	1461.463836000
17		1358	1461.472787000
17		1358	1461.480932000
17		1358	1461.490412000
17		1358	1461.499565000
17		1358	1461.509624000
17		1358	1461.519175000
17		42	1461.520950000
17		1358	1461.527518000
17		1358	1461.537150000
17		1358	1461.546593000
17		1358	1461.554770000
17		1358	1461.564080000
17		1358	1461.573865000
17		42	1461.583287000
17		1358	1461.583401000
17		1358	1461.592551000
17		1358	1461.601882000
6	84		1461.604732000
6	0		1461.606492000
17		1358	1461.610880000
17		1358	1461.620095000
17		1358	1461.629469000
17		1358	1461.638385000
6	0		1461.645410000
17		41	1461.645441000
17		41	1461.645448000
17		45	1461.645452000
17		43	1461.645457000
17		45	1461.645461000
17		41	1461.645466000
17		33	1461.645861000
17		1358	1461.647673000
17		1358	1461.656864000
17		1358	1461.666113000
17		1358	1461.675506000
17		1358	1461.684297000
17		1358	1461.693416000
17		1358	1461.703287000
17		44	1461.707061000
17		1358	1461.711395000
17		1358	1461.720597000
17		1358	1461.730526000
17		1358	1461.739707000
17		1358	1461.748674000
17		1358	1461.758662000
17		1358	1461.767414000
17		41	1461.769491000
17		1358	1461.776441000
17		1358	1461.785930000
17		1358	1461.794737000
17		1358	1461.803827000
17		1358	1461.813517000
17		1358	1461.822039000
17		1358	1461.831476000
17		41	1461.831646000
17		1358	1461.840674000
17		1358	1461.850155000
17		1358	1461.859345000
6	0		1461.868103000
17		1358	1461.868667000
17		41	1461.892794000
17		1358	1461.894533000
6	0		1461.906147000
17		41	1461.955034000
17		1358	1461.956628000
17		41	1462.016747000
17		1358	1462.017862000
17		41	1462.078773000
17		1358	1462.080356000
17		41	1462.141075000
17		1358	1462.142648000
17		41	1462.202646000
17		1358	1462.204093000
17		41	1462.264772000
17		1358	1462.266136000
17		41	1462.327219000
17		1358	1462.328723000
17		41	1462.389363000
17		1358	1462.391449000
17		41	1462.451218000
17		1358	1462.452800000
17		41	1462.512944000
17		1358	1462.514524000
17		1358	1462.523834000
17		41	1462.575148000
17		1358	1462.576606000
17		41	1462.637285000
17		1358	1462.638936000
17		41	1462.698995000
17		1358	1462.700727000
17		41	1462.761264000
17		1358	1462.762890000
17		41	1462.822964000
17		1358	1462.824490000
6	52		1462.868281000
6	0		1462.868326000
6	0		1462.868344000
17		41	1462.885326000
17		1358	1462.886460000
17		46	1462.947367000
17		1358	1462.948685000
17		41	1463.008791000
17		1358	1463.010350000
17		41	1463.070733000
17		1358	1463.072131000
17		41	1463.133770000
17		1358	1463.135493000
17		41	1463.195464000
17		1358	1463.197144000
17		1358	1463.207556000
17		41	1463.257208000
17		1358	1463.259309000
17		41	1463.318850000
17		1358	1463.319896000
17		41	1463.381515000
17		1358	1463.382422000
17		41	1463.443151000
17		1358	1463.443941000
17		41	1463.505554000
17		1358	1463.507193000
6	0		1463.527170000
6	0		1463.527223000
6	0		1463.566274000
6	12		1463.566569000
17		41	1463.567004000
17		1358	1463.568568000
6	0		1463.605551000
6	12		1463.605595000
6	0		1463.605606000
6	1		1463.605790000
6	4		1463.605813000
6	32		1463.605820000
6	0		1463.605829000
17		41	1463.629531000
17		1358	1463.631020000
6	0		1463.644823000
6	0		1463.644877000
6	0		1463.644926000
6	0		1463.645067000
6	0		1463.645081000
17		41	1463.690747000
17		1358	1463.692362000
17		41	1463.753139000
17		1358	1463.754846000
17		41	1463.815498000
17		1358	1463.817297000
6	0		1463.874860000
6	0		1463.874938000
17		41	1463.877141000
17		1358	1463.878351000
17		41	1463.939458000
17		1358	1463.941315000
17		1358	1463.951115000
17		41	1464.001586000
17		1358	1464.003341000
17		41	1464.062743000
17		1358	1464.064399000
17		41	1464.125522000
17		1358	1464.126267000
6	0		1464.144494000
6	15		1464.144547000
6	0		1464.144558000
6	41		1464.151589000
17		46	1464.187331000
17		1358	1464.188924000
17		41	1464.249334000
17		1358	1464.251096000
17		41	1464.310861000
17		41	1464.310882000
17		33	1464.311280000
17		1358	1464.312171000
17		41	1464.373325000
17		1358	1464.374202000
6	0		1464.423156000
6	1080		1464.423198000
6	672		1464.423272000
17		41	1464.435533000
17		1358	1464.437057000
6	0		1464.466242000
17		41	1464.497445000
17		1358	1464.499044000
17		41	1464.558976000
17		1358	1464.560545000
17		42	1464.621208000
17		1358	1464.622758000
17		1358	1464.632370000
17		42	1464.682674000
17		1358	1464.684220000
6	272		1464.700763000
6	0		1464.700807000
6	848		1464.703207000
17		42	1464.745496000
17		1358	1464.747106000
17		41	1464.806854000
17		1358	1464.808349000
17		41	1464.869222000
17		1358	1464.869954000
17		41	1464.930739000
17		1358	1464.932160000
6	16		1464.984570000
6	52		1464.984688000
6	0		1464.984725000
6	52		1464.984772000
17		41	1464.993213000
17		1358	1464.993889000
17		41	1465.054820000
17		1358	1465.055335000
17		41	1465.117245000
17		1358	1465.117879000
17		41	1465.178732000
17		1358	1465.179911000
17		41	1465.241360000
17		1358	1465.242857000
6	68		1465.254458000
6	68		1465.255050000
17		41	1465.302981000
17		1358	1465.304661000
17		42	1465.365322000
17		1358	1465.367024000
17		1358	1465.377723000
17		47	1465.427054000
17		1358	1465.428360000
17		42	1465.489104000
17		1358	1465.490413000
6	84		1465.526835000
17		42	1465.551361000
17		1358	1465.552532000
6	0		1465.570213000
17		42	1465.612627000
17		1358	1465.614679000
17		42	1465.675676000
17		1358	1465.677267000
17		43	1465.736934000
17		1358	1465.738568000
17		43	1465.798794000
17		1358	1465.800367000
17		43	1465.860728000
17		1358	1465.862170000
17		43	1465.923054000
17		1358	1465.924596000
17		43	1465.985344000
17		1358	1465.986998000
17		43	1466.047273000
17		1358	1466.048826000
17		1358	1466.058820000
17		43	1466.109139000
17		1358	1466.110588000
17		43	1466.170991000
17		1358	1466.172484000
17		43	1466.232899000
17		1358	1466.234295000
17		43	1466.295138000
17		1358	1466.296084000
17		43	1466.357468000
17		1358	1466.358917000
17		43	1466.419361000
17		1358	1466.421732000
17		43	1466.480739000
17		1358	1466.482444000
17		43	1466.543108000
17		1021	1466.544792000
17		43	1466.604801000
17		48	1466.667050000
17		35	1466.693358000
17		43	1466.729053000
17		43	1466.791208000
17		43	1466.852833000
17		42	1466.914914000
17		43	1466.977065000
17		43	1467.039079000
17		43	1467.101224000
17		43	1467.163286000
17		43	1467.224784000
17		43	1467.286648000
17		43	1467.348812000
17		43	1467.411006000
17		43	1467.473201000
17		43	1467.535462000
6	0		1467.535494000
6	0		1467.535501000
6	0		1467.536781000
6	0		1467.536805000
6	68		1467.571098000
17		43	1467.597373000
17		41	1467.659320000
17		43	1467.659362000
17		35	1467.659664000
17		43	1467.721229000
17		43	1467.782973000
17		43	1467.845134000
6	0		1467.879854000
17		48	1467.907196000
17		35	1467.934478000
17		43	1467.969230000
17		43	1468.030675000
17		43	1468.093018000
17		43	1468.155034000
17		43	1468.217266000
17		43	1468.279288000
17		43	1468.341335000
17		43	1468.402636000
17		43	1468.465588000
17		43	1468.526894000
17		43	1468.588956000
17		43	1468.651090000
17		43	1468.712734000
17		1021	1468.712759000
17		34	1468.713352000
17		43	1468.775464000
17		43	1468.837479000
6	84		1468.840780000
6	0		1468.840832000
17		43	1468.898693000
17		43	1468.960843000
17		43	1469.022795000
17		43	1469.085111000
17		43	1469.147363000
17		43	1469.209574000
17		43	1469.271237000
17		43	1469.332995000
17		43	1469.395238000
17		43	1469.457255000
17		43	1469.519272000
17		43	1469.581072000
17		43	1469.642881000
17		43	1469.704958000
17		43	1469.767087000
17		43	1469.829737000
17		43	1469.891552000
17		48	1469.953524000
17		34	1469.980129000
17		43	1470.015021000
17		43	1470.076674000
17		43	1470.139513000
17		43	1470.200622000
17		43	1470.262651000
17		1358	1470.263755000
6	68		1470.296452000
17		43	1470.325242000
17		1358	1470.328101000
17		1358	1470.337363000
17		43	1470.387010000
17		1358	1470.388832000
17		42	1470.449275000
17		1358	1470.450770000
17		1358	1470.507347000
17		44	1470.511536000
17		34	1470.538355000
17		1358	1470.563523000
6	0		1470.566168000
17		41	1470.573086000
17		1358	1470.619608000
17		41	1470.634948000
17		1358	1470.674867000
17		41	1470.696984000
17		1358	1470.730813000
17		41	1470.759073000
17		1358	1470.786635000
17		41	1470.820718000
17		1358	1470.842543000
17		41	1470.883263000
17		1358	1470.898054000
17		41	1470.944981000
17		1358	1470.953416000
17		41	1471.007310000
17		1358	1471.009351000
17		1358	1471.065541000
17		41	1471.069442000
17		1358	1471.121313000
17		41	1471.130813000
17		1358	1471.177946000
17		41	1471.193654000
17		1358	1471.233585000
17		41	1471.255397000
17		1358	1471.288501000
17		41	1471.317239000
17		1358	1471.344862000
17		41	1471.378701000
17		1358	1471.400295000
17		41	1471.441197000
17		1358	1471.456126000
17		41	1471.503644000
17		1358	1471.511345000
17		41	1471.564719000
17		1358	1471.566041000
6	84		1471.566256000
6	0		1471.566294000
17		1358	1471.622799000
17		41	1471.626665000
6	0		1471.645928000
6	0		1471.645989000
17		1358	1471.677911000
6	0		1471.684772000
6	12		1471.684978000
17		41	1471.688970000
6	0		1471.723833000
6	12		1471.723867000
6	0		1471.723878000
6	1		1471.724029000
6	4		1471.724042000
6	32		1471.724061000
6	0		1471.724073000
17		1358	1471.733842000
17		46	1471.750949000
6	0		1471.762865000
6	0		1471.762899000
6	0		1471.763040000
6	0		1471.763044000
6	0		1471.763056000
17		33	1471.776789000
17		1358	1471.789481000
17		41	1471.812748000
17		1358	1471.845502000
17		41	1471.874768000
17		1358	1471.900491000
17		41	1471.936802000
17		1358	1471.957360000
17		41	1471.998878000
17		1358	1472.000149000
17		1358	1472.044951000
17		41	1472.060800000
17		1358	1472.089186000
17		41	1472.123359000
17		1358	1472.134105000
17		1358	1472.178220000
17		41	1472.186022000
17		1358	1472.222482000
17		41	1472.247319000
17		1358	1472.296290000
17		41	1472.308806000
17		1358	1472.370150000
17		41	1472.370680000
17		41	1472.433468000
17		1358	1472.444699000
17		41	1472.494709000
17		1358	1472.499365000
17		1358	1472.552681000
17		41	1472.557380000
17		1358	1472.605792000
17		41	1472.619038000
17		1358	1472.658504000
17		41	1472.681120000
17		1358	1472.711792000
17		41	1472.742832000
17		1358	1472.764592000
17		41	1472.804962000
17		1358	1472.818069000
17		41	1472.867222000
17		1358	1472.870955000
17		671	1472.923350000
17		41	1472.929203000
17		46	1472.990635000
17		33	1473.018078000
17		41	1473.052813000
17		41	1473.115589000
17		41	1473.177550000
17		41	1473.238739000
17		1028	1473.300890000
17		36	1473.301528000
17		1358	1473.302428000
17		1358	1473.302440000
17		1358	1473.302443000
17		1358	1473.302447000
17		1358	1473.302451000
17		1358	1473.302454000
17		1358	1473.302457000
17		1358	1473.302461000
17		1358	1473.302464000
17		1358	1473.302467000
17		1358	1473.356959000
17		1358	1473.410006000
17		44	1473.424628000
6	68		1473.433785000
17		33	1473.451499000
17		41	1473.487352000
17		41	1473.548824000
17		41	1473.611374000
17		41	1473.673045000
6	0		1473.703476000
17		41	1473.735086000
17		1358	1473.736689000
17		41	1473.797325000
17		1358	1473.798927000
17		41	1473.858871000
17		1358	1473.870256000
17		41	1473.921188000
17		1358	1473.942101000
17		41	1473.983494000
17		1358	1473.996330000
17		41	1474.044689000
17		1358	1474.049916000
17		41	1474.107640000
17		1358	1474.109232000
17		41	1474.168694000
17		1358	1474.171021000
17		1358	1474.224555000
17		41	1474.231424000
17		1358	1474.277309000
17		41	1474.293059000
17		1358	1474.332151000
17		41	1474.355494000
17		1358	1474.385926000
17		41	1474.416837000
17		1358	1474.439500000
17		41	1474.479132000
17		1358	1474.494445000
17		41	1474.540775000
17		1358	1474.548430000
17		41	1474.602658000
17		1358	1474.604269000
17		46	1474.664664000
17		1358	1474.666255000
6	84		1474.703434000
6	0		1474.703490000
17		41	1474.727533000
17		1358	1474.729138000
17		41	1474.789529000
17		1358	1474.791129000
17		41	1474.851285000
17		1358	1474.862686000
17		41	1474.913375000
17		1358	1474.935362000
17		41	1474.974981000
17		1358	1474.986923000
17		41	1475.036761000
17		1358	1475.039888000
17		1358	1475.093601000
17		41	1475.099548000
17		1358	1475.146386000
17		41	1475.161078000
17		1358	1475.200506000
17		41	1475.222687000
17		1358	1475.254368000
17		41	1475.284811000
17		1358	1475.308119000
17		41	1475.347058000
17		1358	1475.362230000
17		41	1475.409511000
17		1358	1475.417005000
17		41	1475.470631000
17		1358	1475.472137000
17		41	1475.533677000
17		1358	1475.535284000
17		1358	1475.588801000
17		41	1475.595020000
17		1358	1475.641813000
17		41	1475.657419000
17		1358	1475.695335000
17		41	1475.719267000
17		1358	1475.737790000
17		41	1475.780742000
17		1358	1475.782082000
17		41	1475.843732000
17		672	1475.853911000
17		46	1475.905601000
17		33	1475.931837000
17		41	1475.967317000
17		41	1476.029639000
17		41	1476.090977000
17		41	1476.153519000
17		1110	1476.215269000
17		36	1476.215920000
17		129	1476.216517000
17		1354	1476.216572000
17		1358	1476.216579000
17		1358	1476.216582000
17		1358	1476.216586000
17		1358	1476.270030000
17		1358	1476.323140000
17		44	1476.339115000
17		33	1476.365137000
17		1358	1476.376745000
17		41	1476.401438000
17		1358	1476.429752000
17		41	1476.462910000
17		1358	1476.483686000
17		41	1476.525315000
17		1358	1476.536762000
17		41	1476.586842000
17		1358	1476.588401000
17		1358	1476.643102000
17		41	1476.648890000
6	68		1476.650393000
17		1358	1476.696804000
17		41	1476.711400000
17		1358	1476.750634000
17		41	1476.773202000
17		1358	1476.794553000
17		41	1476.835210000
17		1358	1476.836756000
17		41	1476.896981000
17		1358	1476.909343000
6	0		1476.919924000
17		41	1476.959092000
17		1358	1476.981757000
17		41	1477.021555000
17		1358	1477.035615000
17		41	1477.083543000
17		1358	1477.089491000
17		41	1477.145256000
17		1358	1477.146460000
17		1358	1477.200906000
17		41	1477.207048000
17		1358	1477.253691000
17		41	1477.269359000
17		1358	1477.308316000
17		41	1477.330952000
17		1358	1477.362536000
17		41	1477.392784000
17		1358	1477.416901000
17		41	1477.454870000
17		1358	1477.471497000
17		41	1477.517228000
17		1358	1477.524784000
17		46	1477.578718000
17		1358	1477.580320000
17		41	1477.641088000
17		1358	1477.642766000
17		41	1477.703908000
17		1358	1477.705541000
17		41	1477.765158000
17		1358	1477.766719000
17		41	1477.827049000
17		1358	1477.828475000
17		41	1477.889520000
17		1358	1477.900461000
6	84		1477.920028000
6	0		1477.920076000
17		41	1477.951084000
17		1358	1477.971028000
17		41	1478.012893000
17		1358	1478.024583000
17		41	1478.075604000
17		1358	1478.077157000
17		1358	1478.131010000
17		41	1478.136934000
17		1358	1478.184301000
17		41	1478.199291000
17		1358	1478.237893000
17		41	1478.261515000
17		1358	1478.292485000
17		41	1478.323218000
17		1358	1478.346091000
17		41	1478.384960000
17		1358	1478.400259000
17		41	1478.447485000
17		1358	1478.454114000
17		41	1478.509485000
17		1358	1478.510978000
17		41	1478.571295000
17		1358	1478.572926000
17		1358	1478.626625000
17		41	1478.633332000
17		1358	1478.679963000
17		41	1478.695573000
17		1103	1478.695597000
17		33	1478.696256000
17		1358	1478.733669000
17		41	1478.757293000
17		1358	1478.776423000
17		41	1478.819020000
17		1358	1478.820659000
17		41	1478.881590000
17		1358	1478.892703000
17		41	1478.943318000
17		1358	1478.964079000
17		41	1479.004957000
17		1358	1479.017904000
17		41	1479.067399000
17		1358	1479.072440000
17		41	1479.129162000
17		1358	1479.130767000
17		41	1479.190914000
17		1358	1479.192195000
17		44	1479.253594000
17		41	1479.253619000
17		1358	1479.255261000
6	68		1479.280306000
17		1358	1479.308568000
17		41	1479.314901000
17		1358	1479.361811000
17		41	1479.377238000
17		1358	1479.416677000
17		41	1479.439469000
17		1358	1479.470891000
17		41	1479.501514000
17		1358	1479.525572000
6	0		1479.549906000
17		41	1479.563287000
17		1358	1479.579701000
17		41	1479.624940000
17		1358	1479.633077000
17		41	1479.687240000
17		1358	1479.688343000
17		41	1479.749342000
17		1358	1479.751063000
17		41	1479.813177000
17		1358	1479.814795000
17		41	1479.873056000
17		1358	1479.886443000
17		41	1479.935134000
17		1358	1479.959143000
17		41	1479.996827000
17		1358	1480.031165000
17		41	1480.059542000
17		1358	1480.085180000
17		41	1480.121373000
17		1358	1480.138449000
17		41	1480.183363000
17		1358	1480.191760000
17		1358	1480.244350000
17		41	1480.245118000
17		1358	1480.298030000
17		41	1480.307558000
17		1358	1480.352137000
17		41	1480.368683000
17		1358	1480.405729000
17		46	1480.431353000
17		33	1480.458560000
17		1358	1480.459701000
17		41	1480.493233000
17		1358	1480.514066000
6	84		1480.550067000
6	0		1480.550115000
17		41	1480.555056000
17		1358	1480.567937000
17		41	1480.616970000
17		1358	1480.622093000
17		41	1480.679218000
17		1358	1480.680701000
17		1358	1480.735221000
17		41	1480.741509000
17		1358	1480.787699000
17		41	1480.803580000
17		1358	1480.831007000
17		41	1480.865382000
17		1358	1480.874556000
17		41	1480.927286000
17		1358	1480.946319000
17		41	1480.988853000
17		1358	1481.018059000
17		41	1481.051313000
17		1358	1481.071954000
17		41	1481.112786000
17		1358	1481.126908000
17		41	1481.175204000
17		1358	1481.180170000
17		41	1481.237248000
17		1358	1481.238839000
17		41	1481.298831000
17		1358	1481.299449000
17		41	1481.361443000
17		1358	1481.363060000
6	0		1481.390987000
6	0		1481.391027000
17		41	1481.422830000
17		1358	1481.423453000
6	0		1481.451361000
6	0		1481.451424000
17		1358	1481.478448000
17		41	1481.485283000
17		1358	1481.530800000
17		41	1481.546664000
17		1358	1481.585028000
17		41	1481.608722000
6	0		1481.616550000
6	41		1481.623699000
17		1358	1481.639473000
17		46	1481.671353000
17		1358	1481.694298000
17		41	1481.732660000
17		1358	1481.748952000
6	0		1481.788314000
6	21		1481.788882000
6	0		1481.788896000
6	1080		1481.789864000
17		41	1481.794599000
17		1358	1481.796203000
17		41	1481.856814000
17		1358	1481.858462000
17		41	1481.918643000
17		1358	1481.930962000
6	440		1481.955966000
17		41	1481.980791000
6	0		1481.998236000
17		1358	1482.003353000
17		41	1482.043565000
17		1358	1482.058051000
17		41	1482.105286000
17		1358	1482.112488000
6	48		1482.161931000
6	0		1482.161970000
6	280		1482.166241000
17		1358	1482.167156000
17		41	1482.167364000
17		333	1482.220763000
17		41	1482.229330000
17		41	1482.291035000
6	84		1482.321615000
6	0		1482.323025000
6	16		1482.335703000
17		41	1482.353641000
6	0		1482.378230000
17		41	1482.415787000
17		1028	1482.477106000
17		36	1482.477761000
17		1358	1482.478490000
17		1358	1482.532908000
17		41	1482.540088000
6	52		1482.542678000
6	0		1482.542712000
6	52		1482.542815000
17		1358	1482.586030000
6	0		1482.591320000
17		44	1482.601255000
17		33	1482.628426000
6	0		1482.631900000
17		1358	1482.638801000
17		41	1482.662780000
17		1358	1482.692919000
6	84		1482.706573000
17		41	1482.725171000
17		1358	1482.746960000
6	0		1482.750241000
17		41	1482.787505000
17		1358	1482.789625000
17		1358	1482.831677000
17		41	1482.849444000
17		1358	1482.873770000
17		41	1482.911565000
17		1358	1482.915736000
17		1358	1482.959264000
17		41	1482.973149000
17		1358	1483.002272000
17		41	1483.034695000
17		1358	1483.072539000
17		41	1483.097472000
17		1358	1483.126069000
17		41	1483.158906000
17		1358	1483.179201000
17		41	1483.221540000
17		1358	1483.231767000
17		41	1483.283533000
17		1358	1483.285101000
17		1358	1483.339635000
17		41	1483.345233000
17		1358	1483.392154000
17		41	1483.407117000
17		1358	1483.442525000
17		41	1483.469536000
17		1358	1483.492920000
17		41	1483.531022000
17		1358	1483.543484000
6	52		1483.591497000
6	0		1483.591545000
6	0		1483.591564000
17		41	1483.593133000
17		1358	1483.595144000
17		41	1483.654849000
17		1358	1483.656440000
17		41	1483.717479000
17		1358	1483.719120000
17		1358	1483.770640000
17		41	1483.778884000
17		1358	1483.821303000
17		46	1483.841079000
17		33	1483.866537000
17		1358	1483.871525000
17		41	1483.903314000
17		1358	1483.921683000
17		41	1483.964747000
17		1358	1483.972024000
17		1358	1484.022698000
17		41	1484.026881000
17		1358	1484.073802000
17		41	1484.089071000
17		1358	1484.124009000
17		41	1484.151082000
17		1358	1484.174266000
17		41	1484.213097000
17		1358	1484.224915000
17		41	1484.274607000
17		1358	1484.274807000
17		1358	1484.325769000
17		41	1484.336732000
17		1358	1484.376299000
17		41	1484.398808000
17		1358	1484.426383000
17		41	1484.460659000
17		1358	1484.477601000
17		41	1484.523375000
17		1358	1484.527562000
17		1358	1484.578040000
17		41	1484.584878000
6	0		1484.598416000
6	0		1484.598481000
17		1358	1484.628543000
17		41	1484.647128000
17		1358	1484.678683000
17		41	1484.708800000
17		1358	1484.729289000
17		1358	1484.770282000
17		41	1484.770833000
17		1358	1484.810157000
17		41	1484.833482000
17		1358	1484.849670000
6	0		1484.874004000
6	15		1484.874071000
6	0		1484.874084000
6	41		1484.879711000
17		1358	1484.890984000
17		41	1484.895655000
17		665	1484.931022000
17		41	1484.957037000
17		1103	1484.957061000
17		33	1484.957684000
17		33	1484.957828000
17		129	1484.958515000
17		1358	1484.965876000
17		41	1485.019196000
17		1358	1485.033298000
17		41	1485.081304000
17		585	1485.081327000
17		39	1485.082766000
6	68		1485.085829000
17		76	1485.090969000
17		33	1485.091003000
17		1358	1485.101959000
17		41	1485.143569000
17		1358	1485.168677000
6	672		1485.169564000
6	1080		1485.169603000
17		41	1485.205345000
17		1358	1485.235953000
6	52		1485.249731000
6	0		1485.249768000
6	0		1485.250327000
6	0		1485.251434000
17		41	1485.266981000
17		1358	1485.286524000
17		41	1485.329257000
17		1358	1485.336925000
17		1358	1485.386667000
17		44	1485.391391000
17		33	1485.416822000
6	0		1485.416861000
17		1358	1485.438366000
17		41	1485.453520000
6	272		1485.465556000
6	848		1485.467912000
17		1358	1485.488321000
17		43	1485.515150000
17		41	1485.515174000
17		41	1485.515180000
17		1358	1485.538673000
17		33	1485.540603000
17		41	1485.577527000
17		1358	1485.588926000
17		41	1485.639105000
17		1358	1485.640723000
17		1358	1485.689611000
17		41	1485.701163000
17		1358	1485.740057000
6	16		1485.754408000
6	52		1485.754457000
6	0		1485.754503000
6	52		1485.754556000
17		41	1485.762827000
17		1358	1485.791900000
17		41	1485.825563000
17		1358	1485.841580000
17		41	1485.887668000
17		1358	1485.892200000
17		1358	1485.942573000
17		41	1485.949397000
17		1358	1485.992462000
6	0		1486.011180000
17		41	1486.011209000
6	0		1486.012236000
17		1358	1486.043417000
6	68		1486.044185000
6	68		1486.044773000
17		41	1486.073142000
17		1358	1486.093330000
17		41	1486.135257000
17		1358	1486.144329000
17		1358	1486.194886000
17		41	1486.197533000
17		1358	1486.245586000
17		41	1486.259240000
17		1358	1486.296262000
6	84		1486.320259000
17		41	1486.320849000
17		1358	1486.346273000
6	0		1486.362227000
17		41	1486.382926000
17		1358	1486.396493000
17		41	1486.444704000
17		1358	1486.446007000
17		1358	1486.498133000
17		41	1486.506776000
17		1358	1486.548109000
17		41	1486.569377000
17		1358	1486.599659000
17		46	1486.630886000
17		1358	1486.651399000
17		41	1486.693016000
17		1358	1486.703386000
17		41	1486.754776000
17		1358	1486.756279000
17		41	1486.816675000
17		1358	1486.818261000
17		41	1486.879097000
17		1358	1486.880713000
17		1358	1486.922201000
17		41	1486.941489000
17		1358	1486.962218000
17		41	1487.003562000
17		1358	1487.029928000
17		41	1487.065558000
17		1358	1487.098539000
17		41	1487.127214000
17		1358	1487.165895000
17		41	1487.188926000
17		1358	1487.233911000
17		41	1487.250953000
17		1358	1487.285846000
17		41	1487.313173000
17		1358	1487.337098000
17		41	1487.374816000
17		1358	1487.388688000
17		41	1487.437315000
17		1358	1487.438683000
17		41	1487.499328000
17		1358	1487.501433000
17		41	1487.561162000
17		1358	1487.562714000
17		1358	1487.614079000
17		41	1487.622908000
17		1358	1487.665202000
17		41	1487.685816000
17		1358	1487.715821000
17		41	1487.747538000
6	0		1487.765162000
6	0		1487.765217000
17		1358	1487.767353000
6	0		1487.805043000
6	12		1487.805243000
17		41	1487.809407000
17		1358	1487.818546000
6	0		1487.844688000
6	12		1487.844732000
6	0		1487.844754000
6	1		1487.844967000
6	4		1487.844985000
6	32		1487.844994000
6	0		1487.845009000
17		46	1487.871180000
17		638	1487.872798000
6	0		1487.884356000
6	0		1487.884445000
6	0		1487.884468000
6	0		1487.884590000
6	0		1487.884606000
17		41	1487.932850000
17		41	1487.994833000
17		41	1488.057100000
17		41	1488.119249000
17		41	1488.181513000
17		41	1488.242695000
6	68		1488.247127000
17		41	1488.305576000
17		41	1488.366644000
17		41	1488.429094000
17		41	1488.491258000
17		1110	1488.553392000
17		36	1488.554014000
17		1358	1488.554749000
17		1358	1488.554774000
17		1358	1488.554777000
17		1358	1488.554780000
17		1358	1488.554784000
17		1358	1488.554788000
17		1358	1488.554791000
17		1358	1488.554794000
17		1358	1488.554797000
6	0		1488.570744000
17		1358	1488.609086000
17		1358	1488.662453000
17		44	1488.677156000
17		33	1488.703247000
17		41	1488.738867000
17		41	1488.801601000
17		41	1488.862888000
17		41	1488.925091000
17		1358	1488.926687000
17		41	1488.987367000
17		1358	1488.988941000
17		41	1489.049041000
17		1358	1489.050643000
17		41	1489.111327000
17		1358	1489.112900000
17		41	1489.172973000
17		1358	1489.174524000
17		41	1489.234633000
17		1358	1489.236139000
17		41	1489.296786000
17		1358	1489.298412000
17		41	1489.359373000
17		1358	1489.360570000
6	0		1489.420272000
6	0		1489.420323000
17		41	1489.420618000
17		1358	1489.422103000
6	0		1489.461501000
17		1358	1489.476485000
17		41	1489.482752000
17		1358	1489.529288000
6	52		1489.532591000
6	0		1489.532638000
6	0		1489.532653000
17		41	1489.545023000
17		1358	1489.582957000
17		41	1489.607647000
17		1358	1489.637753000
17		41	1489.669298000
17		1358	1489.691895000
17		41	1489.730981000
17		1358	1489.735272000
17		41	1489.793097000
17		1358	1489.795122000
17		41	1489.855576000
17		1358	1489.867084000
17		46	1489.917622000
17		1358	1489.939293000
17		41	1489.979286000
17		1358	1489.992880000
17		41	1490.041561000
17		1358	1490.047744000
6	0		1490.103493000
17		41	1490.103524000
6	0		1490.103979000
17		1358	1490.105272000
17		1358	1490.158934000
17		41	1490.165288000
17		1358	1490.212113000
17		41	1490.227391000
17		1358	1490.266342000
17		41	1490.289356000
17		1358	1490.320408000
17		41	1490.350938000
17		1358	1490.374205000
17		41	1490.412752000
17		1358	1490.428441000
17		41	1490.475523000
17		1358	1490.482448000
17		41	1490.537092000
17		1358	1490.538894000
17		41	1490.598742000
17		1358	1490.599841000
17		41	1490.661091000
17		1358	1490.662847000
17		41	1490.723108000
17		1358	1490.724762000
17		41	1490.785320000
17		1358	1490.787013000
17		41	1490.847120000
17		1358	1490.859136000
17		41	1490.909765000
17		1358	1490.931263000
17		41	1490.971431000
17		1358	1490.984509000
17		41	1491.033519000
17		553	1491.037349000
17		41	1491.094716000
17		46	1491.157040000
17		33	1491.182259000
17		41	1491.218604000
17		41	1491.281453000
17		1110	1491.342792000
17		36	1491.343463000
17		1358	1491.344329000
17		1358	1491.344347000
17		1358	1491.344351000
17		1358	1491.344354000
17		1358	1491.344376000
17		1358	1491.399289000
17		1358	1491.451767000
17		44	1491.467233000
17		33	1491.492900000
17		1358	1491.505434000
17		41	1491.528928000
17		1358	1491.559176000
17		41	1491.590672000
6	37		1491.608725000
17		1358	1491.612862000
17		41	1491.653533000
17		1358	1491.667391000
17		41	1491.714948000
17		1358	1491.720959000
6	0		1491.723989000
6	0		1491.724050000
17		41	1491.777617000
17		1358	1491.779171000
17		41	1491.839212000
17		1358	1491.840772000
17		41	1491.900701000
17		1358	1491.912097000
6	0		1491.916537000
6	41		1491.922149000
17		41	1491.962835000
17		1358	1491.983986000
17		41	1492.025614000
17		1358	1492.038530000
17		41	1492.087407000
17		1358	1492.092368000
6	0		1492.114574000
6	21		1492.114784000
6	0		1492.114810000
6	1080		1492.115767000
17		41	1492.149117000
17		1358	1492.150774000
17		41	1492.210694000
17		1358	1492.212348000
17		1358	1492.266356000
17		41	1492.272948000
6	440		1492.309277000
17		1358	1492.319377000
17		41	1492.335539000
6	0		1492.350210000
17		1358	1492.373596000
17		41	1492.397276000
17		1358	1492.427803000
17		41	1492.459048000
17		1358	1492.481496000
17		41	1492.521082000
17		1358	1492.536202000
6	48		1492.542467000
6	0		1492.542512000
6	280		1492.546739000
17		41	1492.583029000
17		1358	1492.590519000
17		41	1492.644685000
17		1358	1492.645595000
17		46	1492.706844000
17		1358	1492.708693000
6	16		1492.743358000
17		41	1492.768818000
17		1358	1492.770401000
6	0		1492.786221000
17		41	1492.830883000
17		1358	1492.832519000
17		41	1492.893088000
17		1358	1492.904560000
17		41	1492.955190000
17		1358	1492.976402000
6	52		1492.978206000
6	0		1492.978242000
6	52		1492.978338000
17		41	1493.017004000
17		1358	1493.029774000
17		41	1493.078863000
17		1358	1493.083202000
17		1358	1493.136390000
17		41	1493.140977000
6	84		1493.170674000
6	0		1493.171411000
6	0		1493.171459000
17		1358	1493.189566000
17		41	1493.203100000
6	0		1493.214215000
17		1358	1493.243357000
17		41	1493.265053000
17		1358	1493.297497000
17		41	1493.326713000
17		1358	1493.351675000
17		41	1493.388856000
17		1358	1493.405473000
17		41	1493.451232000
17		1358	1493.459757000
17		41	1493.512791000
17		1358	1493.514229000
17		41	1493.575022000
17		1358	1493.576639000
17		1358	1493.631046000
17		41	1493.637779000
17		1358	1493.684652000
17		41	1493.699408000
17		1358	1493.738996000
17		41	1493.760914000
17		1358	1493.782407000
17		41	1493.823049000
17		1358	1493.824590000
17		41	1493.885521000
17		1358	1493.896660000
17		46	1493.947052000
17		1358	1493.968238000
17		41	1494.009090000
17		1358	1494.022162000
17		41	1494.071727000
17		1358	1494.077187000
17		41	1494.133474000
17		1358	1494.135921000
17		41	1494.195565000
17		1358	1494.197163000
17		41	1494.257322000
17		1358	1494.259215000
17		41	1494.318847000
17		1358	1494.320150000
17		1358	1494.374482000
17		41	1494.381416000
17		1358	1494.427855000
17		41	1494.442881000
17		1358	1494.481965000
17		41	1494.505561000
17		1358	1494.536505000
17		41	1494.567542000
17		1358	1494.591312000
17		41	1494.629012000
17		1358	1494.646638000
17		41	1494.690687000
17		1358	1494.700710000
17		41	1494.752854000
17		425	1494.754190000
17		41	1494.814991000
17		41	1494.877584000
17		41	1494.938740000
17		41	1495.001084000
17		41	1495.063199000
17		1027	1495.125215000
17		36	1495.125844000
17		1358	1495.127496000
17		1358	1495.127531000
17		1358	1495.127537000
17		1358	1495.127542000
17		1358	1495.127547000
17		1358	1495.182056000
17		1358	1495.235951000
17		44	1495.248825000
17		33	1495.274215000
17		1358	1495.289125000
17		41	1495.311032000
17		1358	1495.343024000
17		41	1495.373256000
6	68		1495.393493000
17		1358	1495.397491000
17		41	1495.435391000
17		1358	1495.451968000
17		41	1495.497004000
17		1358	1495.506113000
17		41	1495.559141000
17		1358	1495.560497000
6	0		1495.585711000
6	0		1495.585756000
6	52		1495.586511000
6	0		1495.586552000
6	0		1495.588117000
17		41	1495.621370000
17		1358	1495.622935000
17		41	1495.682878000
17		1358	1495.684096000
17		41	1495.745657000
17		1358	1495.747210000
6	0		1495.780907000
17		41	1495.807859000
17		1358	1495.819301000
17		41	1495.868780000
6	0		1495.886485000
6	0		1495.886537000
17		1358	1495.891294000
6	0		1495.925726000
6	12		1495.925950000
17		41	1495.931410000
17		1358	1495.945599000
6	0		1495.965087000
6	12		1495.965163000
6	0		1495.965175000
6	1		1495.965322000
6	4		1495.965334000
6	32		1495.965342000
6	0		1495.965354000
17		41	1495.992664000
17		1358	1496.000381000
6	0		1496.004504000
6	0		1496.004556000
6	0		1496.004563000
6	0		1496.004641000
6	0		1496.004658000
17		1358	1496.054116000
17		41	1496.054858000
17		1358	1496.108933000
17		41	1496.117676000
17		1358	1496.163500000
17		41	1496.179380000
17		1358	1496.217632000
17		41	1496.240916000
17		1358	1496.272197000
17		41	1496.302884000
17		1358	1496.326673000
17		41	1496.365529000
17		1358	1496.380703000
17		41	1496.427594000
17		1358	1496.434519000
17		46	1496.489218000
17		1358	1496.490871000
17		41	1496.550714000
17		1358	1496.552271000
17		41	1496.613067000
17		1358	1496.614368000
17		41	1496.674907000
17		1358	1496.676481000
17		1358	1496.720375000
17		41	1496.737524000
17		1358	1496.763470000
17		41	1496.799567000
17		1358	1496.836085000
17		41	1496.861097000
17		1358	1496.908268000
17		41	1496.922754000
17		1358	1496.963245000
17		41	1496.985387000
17		1358	1497.018414000
17		41	1497.047470000
17		1358	1497.073245000
17		41	1497.108738000
17		1358	1497.128495000
17		41	1497.170774000
17		1358	1497.183528000
17		41	1497.232787000
17		1358	1497.238113000
17		41	1497.294760000
17		1358	1497.296410000
17		41	1497.357413000
17		1358	1497.358727000
17		1358	1497.413068000
17		41	1497.418900000
17		1358	1497.467049000
17		41	1497.481167000
17		1358	1497.521162000
17		41	1497.543283000
17		1358	1497.575420000
17		41	1497.605376000
17		1358	1497.629833000
17		41	1497.667007000
17		672	1497.673721000
17		46	1497.729016000
17		33	1497.754746000
17		41	1497.791075000
17		41	1497.852993000
17		41	1497.915717000
17		41	1497.977486000
17		1110	1498.039346000
17		36	1498.040005000
17		131	1498.040759000
17		1354	1498.040829000
17		1358	1498.040834000
17		1358	1498.040837000
17		1358	1498.040841000
17		1358	1498.095323000
17		1358	1498.151148000
17		44	1498.163484000
17		33	1498.188811000
17		1358	1498.204674000
17		41	1498.224822000
17		1358	1498.258916000
17		41	1498.287533000
17		1358	1498.313717000
17		41	1498.349338000
17		1358	1498.368583000
17		41	1498.411290000
17		1358	1498.422743000
17		41	1498.472978000
17		1358	1498.477192000
17		1358	1498.532058000
17		41	1498.535217000
17		1358	1498.585811000
17		41	1498.597393000
17		1358	1498.639705000
17		41	1498.659329000
17		1358	1498.694274000
17		41	1498.721067000
17		1358	1498.737563000
17		41	1498.782605000
17		1358	1498.784197000
17		41	1498.844834000
17		1358	1498.856054000
17		41	1498.907367000
17		1358	1498.928518000
17		41	1498.969127000
17		1358	1498.981809000
17		41	1499.031025000
17		1358	1499.035813000
17		1358	1499.089712000
17		686	1499.092655000
17		41	1499.092688000
17		35	1499.094000000
17		74	1499.103914000
17		33	1499.103951000
17		1358	1499.142287000
17		41	1499.154937000
17		1358	1499.196351000
17		41	1499.216678000
17		1358	1499.250108000
17		41	1499.279770000
17		1358	1499.304307000
17		41	1499.340657000
17		1358	1499.358628000
17		46	1499.403635000
17		1358	1499.413263000
17		43	1499.465579000
17		41	1499.465609000
17		41	1499.465618000
17		1358	1499.466490000
17		33	1499.491224000
17		41	1499.527127000
17		1358	1499.528435000
17		41	1499.589165000
17		1358	1499.590478000
17		41	1499.650776000
17		1358	1499.652412000
17		41	1499.713151000
17		1358	1499.714765000
17		41	1499.774956000
17		1358	1499.776597000
6	0		1499.831924000
6	0		1499.831976000
17		41	1499.837174000
17		1358	1499.848380000
17		41	1499.898804000
17		1358	1499.918507000
17		41	1499.961448000
17		1358	1499.971818000
17		41	1500.022642000
17		1358	1500.024097000
17		1358	1500.077995000
6	0		1500.083581000
17		41	1500.086302000
6	41		1500.089380000
17		1358	1500.130959000
17		41	1500.147289000
17		1358	1500.185347000
6	0		1500.300281000
6	0		1500.300330000
17		41	1500.334361000
17		1358	1500.336012000
6	0		1500.340731000
6	0		1500.344556000
6	21		1500.349635000
6	0		1500.349671000
6	1080		1500.350807000
17		1358	1500.391040000
17		41	1500.521613000
17		1358	1500.523152000
6	440		1500.615947000
6	0		1500.658224000
17		41	1500.708633000
17		1358	1500.710626000
17		41	1500.895626000
17		1358	1500.897495000
6	48		1500.909579000
6	0		1500.909621000
6	280		1500.913620000
17		41	1501.082224000
17		1358	1501.083706000
17		1358	1501.155530000
6	16		1501.172056000
6	0		1501.214226000
17		41	1501.269084000
17		1358	1501.270466000
17		41	1501.456281000
17		62	1501.457635000
6	52		1501.465541000
6	0		1501.465576000
6	52		1501.465652000
17		46	1501.643010000
17		33	1501.668354000
6	84		1501.729698000
6	0		1501.770220000
17		41	1501.830112000
17		41	1502.017242000
17		1103	1502.017279000
17		33	1502.017915000
17		33	1502.018596000
17		132	1502.018681000
17		1358	1502.025429000
17		1358	1502.079594000
17		1358	1502.132285000
17		1358	1502.185890000
17		41	1502.204094000
17		1358	1502.238794000
17		41	1502.391176000
17		1358	1502.392336000
6	0		1502.532597000
6	0		1502.532655000
17		44	1502.578066000
17		1358	1502.580405000
17		41	1502.764920000
17		1358	1502.766210000
17		41	1502.952261000
17		1358	1502.953290000
6	68		1503.048950000
17		41	1503.139609000
17		1358	1503.141213000
6	52		1503.313680000
6	0		1503.313721000
6	0		1503.313740000
6	0		1503.315033000
17		45	1503.326168000
17		1358	1503.327752000
17		41	1503.513645000
17		1358	1503.515511000
6	0		1503.566372000
17		41	1503.700387000
17		1358	1503.701922000
17		41	1503.887074000
17		1358	1503.888673000
17		1358	1503.931940000
6	0		1504.005562000
6	0		1504.005613000
6	0		1504.044909000
6	12		1504.045197000
17		41	1504.073787000
17		1358	1504.074608000
6	0		1504.084533000
6	12		1504.084564000
6	0		1504.084574000
6	1		1504.084740000
6	4		1504.084761000
6	32		1504.084769000
6	0		1504.084781000
6	0		1504.124035000
6	0		1504.124072000
6	0		1504.124079000
6	0		1504.124113000
6	0		1504.124126000
6	0		1504.124192000
17		41	1504.260818000
17		1358	1504.262408000
17		41	1504.448458000
17		1358	1504.450047000
17		41	1504.634831000
17		1358	1504.636117000
17		41	1504.821866000
17		1358	1504.822955000
17		41	1505.009607000
17		1358	1505.011206000
17		41	1505.196367000
17		1358	1505.197741000
17		41	1505.382713000
17		41	1505.570423000
17		41	1505.756759000
17		1358	1505.758282000
17		41	1505.944220000
17		1358	1505.946253000
17		1358	1506.000479000
17		41	1506.130869000
17		1358	1506.132480000
17		1358	1506.186357000
17		1358	1506.239409000
17		1358	1506.292497000
17		41	1506.318553000
17		1358	1506.345471000
17		681	1506.399127000
6	0		1506.404041000
6	0		1506.404088000
17		41	1506.505167000
6	0		1506.621300000
17		41	1506.692667000
17		41	1506.878960000
17		46	1507.066310000
17		33	1507.091678000
17		41	1507.253562000
17		41	1507.440211000
17		41	1507.627399000
17		1027	1507.813864000
17		36	1507.814446000
17		133	1507.815217000
17		1354	1507.815232000
17		1358	1507.815256000
17		1358	1507.815261000
17		1358	1507.815264000
17		1358	1507.815268000
17		1358	1507.815271000
17		1358	1507.815274000
17		1358	1507.815284000
17		1358	1507.815287000
17		1358	1507.858757000
17		1358	1507.901343000
17		1358	1507.943871000
17		1358	1507.985418000
17		1358	1508.028544000
17		1358	1508.070262000
17		1358	1508.113838000
17		1358	1508.155970000
17		44	1508.188562000
17		33	1508.214032000
17		41	1508.375193000
17		1358	1508.376692000
17		41	1508.562415000
6	0		1508.562443000
6	0		1508.563431000
17		1358	1508.563990000
17		41	1508.748710000
17		1358	1508.750293000
17		41	1508.936228000
17		1358	1508.937872000
17		41	1509.123126000
17		1358	1509.124720000
17		41	1509.309924000
17		41	1509.309948000
17		1358	1509.311036000
17		41	1509.497189000
17		1358	1509.498531000
17		41	1509.684573000
17		1358	1509.686241000
17		41	1509.870856000
17		1358	1509.872512000
17		41	1510.058604000
17		1358	1510.060147000
17		41	1510.245135000
17		1358	1510.246796000
17		41	1510.432679000
17		1358	1510.434441000
17		41	1510.619384000
17		1358	1510.621015000
17		1358	1510.674755000
17		41	1510.805996000
17		1358	1510.807180000
17		41	1510.993213000
17		1358	1510.994785000
17		41	1511.180574000
17		41	1511.367354000
17		1358	1511.369039000
17		41	1511.554471000
17		1358	1511.556045000
6	0		1511.705336000
6	0		1511.705404000
17		41	1511.740910000
17		41	1511.740940000
17		1358	1511.742571000
6	0		1511.801842000
6	22		1511.801918000
6	0		1511.801938000
6	41		1511.807955000
6	0		1511.896935000
6	1080		1511.896985000
6	976		1511.898080000
17		41	1511.928525000
17		1358	1511.930083000
6	0		1511.938224000
6	0		1511.983919000
6	48		1512.018440000
6	0		1512.018490000
6	388		1512.024866000
6	0		1512.100322000
6	16		1512.100420000
17		41	1512.115140000
17		171	1512.116766000
6	0		1512.124688000
6	0		1512.124742000
6	0		1512.142217000
6	0		1512.163603000
6	12		1512.163848000
6	0		1512.202854000
6	12		1512.204125000
6	0		1512.204138000
6	1		1512.204286000
6	4		1512.204298000
6	32		1512.204307000
6	0		1512.204318000
6	52		1512.222331000
6	0		1512.222368000
6	52		1512.222487000
6	0		1512.243120000
6	0		1512.243164000
6	0		1512.243170000
6	0		1512.243345000
6	0		1512.243367000
17		41	1512.302744000
6	0		1512.302776000
6	84		1512.302806000
6	52		1512.304989000
6	84		1512.384187000
6	0		1512.426245000
17		41	1512.489092000
17		41	1512.676720000
17		41	1512.863062000
17		41	1513.050118000
17		41	1513.237445000
17		41	1513.424564000
17		41	1513.611512000
17		41	1513.798631000
17		41	1513.985648000
17		41	1514.171900000
6	52		1514.211172000
6	52		1514.304877000
6	0		1514.304920000
6	0		1514.304941000
6	0		1514.306155000
17		41	1514.359326000
6	0		1514.409073000
17		1111	1514.546087000
17		36	1514.546771000
17		142	1514.547480000
17		1353	1514.547579000
17		1358	1514.547585000
17		1358	1514.547590000
17		1358	1514.547595000
17		1358	1514.547599000
17		1358	1514.709098000
17		1358	1514.868951000
17		44	1514.919937000
17		33	1514.945282000
17		41	1515.106869000
17		649	1515.106901000
17		35	1515.108642000
17		1358	1515.108898000
17		76	1515.117063000
17		33	1515.117094000
17		1358	1515.238365000
17		41	1515.294686000
17		1358	1515.365753000
17		41	1515.481487000
6	0		1515.481517000
6	0		1515.481525000
6	0		1515.482680000
6	0		1515.482708000
17		1358	1515.580188000
17		41	1515.668231000
17		1358	1515.795063000
17		41	1515.854918000
17		1358	1515.956649000
17		41	1516.042592000
17		41	1516.042620000
17		1358	1516.118641000
17		43	1516.228953000
17		41	1516.228986000
17		41	1516.228994000
17		33	1516.255228000
17		1358	1516.279974000
17		41	1516.416201000
17		1358	1516.441539000
17		41	1516.603382000
17		1358	1516.604958000
17		41	1516.790134000
17		1358	1516.791622000
17		41	1516.977471000
17		1358	1516.979062000
17		41	1517.164153000
17		1358	1517.165724000
17		41	1517.351623000
17		1358	1517.353217000
17		41	1517.538362000
17		1358	1517.539934000
17		41	1517.725627000
17		1358	1517.727259000
17		41	1517.912386000
17		1358	1517.913978000
17		1358	1518.042802000
17		41	1518.099692000
17		1358	1518.171731000
17		41	1518.286195000
17		1358	1518.300737000
17		41	1518.473054000
17		1358	1518.515031000
17		46	1518.660287000
17		33	1518.686072000
17		1358	1518.729943000
17		41	1518.847433000
17		1358	1518.890938000
17		41	1519.034627000
17		1358	1519.052166000
17		41	1519.221483000
17		1358	1519.222999000
17		41	1519.408710000
17		1358	1519.410289000
17		41	1519.594834000
17		1358	1519.596431000
17		41	1519.782241000
17		1358	1519.784242000
17		41	1519.969000000
17		1358	1519.970590000
17		41	1520.155897000
17		1358	1520.158315000
6	0		1520.245220000
6	0		1520.245276000
6	0		1520.284854000
6	12		1520.285082000
17		1358	1520.320147000
6	0		1520.324577000
6	12		1520.324615000
6	0		1520.324630000
6	1		1520.324838000
6	4		1520.324858000
6	32		1520.324867000
6	0		1520.324880000
17		41	1520.343187000
6	0		1520.364331000
6	0		1520.364366000
6	0		1520.364420000
6	0		1520.364601000
6	0		1520.364617000
17		1358	1520.480611000
17		41	1520.530592000
17		1358	1520.641304000
17		41	1520.717062000
17		1358	1520.803245000
17		41	1520.904606000
17		1358	1520.964581000
17		41	1521.091701000
17		1358	1521.095597000
17		41	1521.278062000
17		1131	1521.278089000
17		35	1521.279183000
17		1358	1521.279772000
17		183	1521.290541000
17		280	1521.290586000
17		41	1521.465288000
17		1358	1521.497105000
6	0		1521.644155000
6	0		1521.644213000
17		41	1521.652107000
17		1358	1521.715662000
17		41	1521.838987000
17		1358	1521.879727000
17		41	1522.026357000
17		1358	1522.043534000
17		41	1522.213230000
17		1358	1522.214819000
17		1358	1522.376656000
17		41	1522.400328000
17		46	1522.400348000
17		33	1522.426007000
17		1358	1522.537931000
17		43	1522.586915000
17		41	1522.586945000
17		33	1522.612861000
17		41	1522.774329000
17		1358	1522.775968000
17		41	1522.961245000
17		1358	1522.962919000
17		41	1523.147839000
17		1358	1523.149826000
17		1358	1523.311161000
17		41	1523.335304000
17		1358	1523.471288000
17		41	1523.522530000
17		1358	1523.632581000
17		41	1523.709623000
17		1358	1523.793916000
17		41	1523.896283000
17		1358	1523.954608000
17		41	1524.083598000
17		1358	1524.086058000
17		41	1524.270061000
17		1358	1524.271656000
17		41	1524.457474000
17		1358	1524.486871000
17		41	1524.644530000
17		1358	1524.701176000
17		41	1524.831524000
17		1358	1524.862474000
17		41	1525.018628000
17		41	1525.204963000
17		41	1525.392549000
17		1358	1525.394454000
17		1358	1525.555502000
17		41	1525.579314000
17		1358	1525.715518000
17		41	1525.766038000
17		1358	1525.877436000
17		41	1525.952742000
17		1358	1526.038781000
17		41	1526.139857000
17		1358	1526.199243000
17		46	1526.327177000
17		33	1526.352988000
17		1358	1526.359290000
17		41	1526.514636000
17		1358	1526.519714000
17		1358	1526.679959000
17		41	1526.701115000
17		1358	1526.840443000
17		41	1526.888309000
17		1358	1527.000869000
17		41	1527.074881000
17		1358	1527.161798000
17		41	1527.262267000
17		1358	1527.321244000
17		41	1527.449161000
17		1358	1527.482147000
17		41	1527.635802000
17		1358	1527.642533000
17		1358	1527.803601000
17		41	1527.823568000
17		1358	1527.963422000
17		41	1528.010484000
17		1358	1528.122909000
17		41	1528.196813000
17		1358	1528.283894000
17		41	1528.384165000
17		1358	1528.444335000
17		41	1528.571310000
17		1358	1528.604310000
17		41	1528.757941000
17		1358	1528.764514000
17		1358	1528.892763000
6	0		1528.915506000
6	0		1528.915569000
17		41	1528.944855000
17		1358	1529.021201000
17		41	1529.132082000
17		1358	1529.149202000
6	0		1529.208454000
6	41		1529.215381000
17		1358	1529.276769000
17		41	1529.319585000
17		1358	1529.405778000
17		41	1529.506134000
6	0		1529.507300000
6	21		1529.508374000
6	0		1529.508399000
6	1080		1529.509356000
17		1358	1529.533975000
17		41	1529.693417000
17		1358	1529.747411000
6	0		1529.800801000
6	440		1529.801929000
6	0		1529.842233000
17		41	1529.880385000
17		1358	1529.961819000
17		46	1530.066852000
17		33	1530.092287000
6	48		1530.133556000
6	0		1530.133590000
6	280		1530.137581000
17		1358	1530.174987000
17		41	1530.254132000
17		1358	1530.388252000
6	0		1530.429441000
17		41	1530.441285000
6	16		1530.492270000
6	0		1530.534225000
17		1358	1530.548073000
17		41	1530.627784000
17		1358	1530.709150000
17		41	1530.815425000
6	52		1530.825566000
6	0		1530.825622000
6	52		1530.825746000
17		1358	1530.868451000
17		41	1531.001726000
17		1358	1531.028904000
6	0		1531.117674000
6	100		1531.117717000
6	0		1531.158225000
17		1358	1531.188545000
17		41	1531.189138000
17		1358	1531.348968000
17		41	1531.376099000
17		1358	1531.509817000
17		41	1531.563423000
6	0		1531.563463000
6	0		1531.564567000
17		1358	1531.670116000
17		41	1531.750134000
17		1358	1531.829231000
17		41	1531.937410000
17		1358	1531.989330000
17		41	1532.124690000
17		1358	1532.150198000
17		1358	1532.310139000
17		41	1532.311707000
17		1358	1532.469979000
17		41	1532.498280000
17		1358	1532.630673000
17		41	1532.685538000
17		1358	1532.790296000
17		41	1532.872102000
6	68		1532.890331000
17		1358	1532.949998000
17		41	1533.059346000
17		1358	1533.110636000
6	52		1533.181840000
6	0		1533.181887000
6	0		1533.182863000
6	0		1533.183262000
17		41	1533.246344000
17		1358	1533.270542000
17		1358	1533.431376000
17		41	1533.433542000
6	0		1533.475527000
17		1358	1533.591246000
17		41	1533.620541000
17		1358	1533.751344000
17		46	1533.807598000
17		33	1533.832764000
17		1358	1533.911223000
17		41	1533.994695000
17		1358	1534.071777000
17		41	1534.181589000
17		1358	1534.231506000
17		41	1534.368296000
17		1358	1534.392354000
17		1358	1534.551957000
17		41	1534.555020000
17		1358	1534.711909000
17		41	1534.742323000
17		1358	1534.872798000
17		41	1534.928787000
17		1358	1535.001342000
17		41	1535.116082000
17		1358	1535.128464000
17		1358	1535.255940000
17		41	1535.302751000
17		1358	1535.384592000
17		41	1535.490523000
6	0		1535.490549000
6	0		1535.491007000
17		1358	1535.512448000
17		41	1535.677433000
17		1358	1535.726910000
17		41	1535.864040000
17		1358	1535.940424000
17		41	1536.051284000
17		1358	1536.153469000
17		41	1536.237919000
6	0		1536.366366000
6	0		1536.366442000
6	0		1536.405858000
6	12		1536.406139000
17		41	1536.424850000
6	0		1536.445485000
6	12		1536.445523000
6	0		1536.445536000
6	1		1536.445725000
6	4		1536.445744000
6	32		1536.445752000
6	0		1536.445763000
6	0		1536.484862000
6	0		1536.484896000
6	0		1536.484901000
6	0		1536.484974000
6	0		1536.485009000
6	0		1536.485025000
17		41	1536.612088000
17		41	1536.799399000
17		41	1536.986097000
17		1358	1536.987613000
17		41	1537.173034000
17		1358	1537.174617000
17		41	1537.360087000
17		1358	1537.361835000
17		46	1537.547122000
17		1358	1537.548681000
17		41	1537.734246000
17		1358	1537.735826000
6	0		1537.863605000
6	0		1537.863663000
6	0		1537.884792000
6	41		1537.890391000
6	0		1537.911307000
6	21		1537.911341000
6	0		1537.911352000
6	1080		1537.912414000
17		41	1537.921183000
17		1358	1537.922747000
6	0		1537.933180000
6	440		1537.933224000
6	0		1537.974226000
6	48		1537.994946000
6	0		1537.994986000
6	280		1538.000675000
6	0		1538.021421000
6	16		1538.024848000
6	0		1538.066222000
17		1358	1538.084292000
6	52		1538.087024000
6	0		1538.087059000
6	52		1538.087144000
6	100		1538.107930000
17		41	1538.108769000
6	0		1538.150219000
17		1358	1538.243295000
17		41	1538.294830000
17		1358	1538.404427000
17		41	1538.482636000
17		1358	1538.564324000
17		41	1538.668970000
17		1358	1538.724634000
17		41	1538.856741000
17		1358	1538.885009000
17		41	1539.043166000
17		1358	1539.043906000
17		1358	1539.204434000
17		687	1539.230274000
17		41	1539.230309000
17		35	1539.231802000
17		74	1539.245924000
17		33	1539.246222000
17		1358	1539.364876000
17		41	1539.417481000
17		1358	1539.525343000
17		41	1539.604463000
17		1358	1539.685304000
17		41	1539.791129000
6	68		1539.839262000
17		1358	1539.846126000
6	52		1539.860138000
6	0		1539.860186000
6	0		1539.860212000
6	0		1539.861646000
6	0		1539.882440000
17		41	1539.977888000
17		1358	1540.006492000
17		43	1540.164861000
17		41	1540.164890000
17		41	1540.164900000
17		1358	1540.166536000
17		33	1540.190746000
17		1358	1540.326119000
17		41	1540.352267000
17		1358	1540.486298000
17		41	1540.538775000
17		1358	1540.646895000
17		41	1540.725770000
17		1358	1540.806890000
6	0		1540.882901000
6	0		1540.882959000
17		41	1540.913734000
17		1358	1540.966109000
6	0		1541.032620000
17		41	1541.099910000
17		1358	1541.126270000
17		1358	1541.286994000
17		46	1541.287626000
17		33	1541.313514000
17		1358	1541.447673000
17		41	1541.474252000
17		1358	1541.607949000
17		41	1541.661127000
6	0		1541.678916000
6	0		1541.678965000
17		1358	1541.767579000
17		41	1541.848253000
17		1358	1541.895098000
17		1358	1542.023629000
17		41	1542.034969000
17		1358	1542.152330000
17		41	1542.222497000
17		1358	1542.279587000
17		1358	1542.407651000
17		41	1542.409669000
17		1358	1542.535425000
17		41	1542.596117000
17		1358	1542.749625000
17		41	1542.783133000
17		1358	1542.964037000
17		41	1542.970255000
6	0		1543.129380000
6	0		1543.129440000
17		41	1543.157456000
6	0		1543.163918000
17		1358	1543.177157000
17		1358	1543.337040000
17		41	1543.343850000
17		1358	1543.497320000
17		41	1543.531331000
17		1358	1543.656732000
17		41	1543.718000000
17		1358	1543.817885000
17		41	1543.905240000
17		1358	1543.977612000
17		41	1544.092565000
17		1358	1544.138038000
17		41	1544.279324000
17		1358	1544.298593000
17		1358	1544.458790000
17		41	1544.466067000
6	0		1544.487404000
6	0		1544.487487000
6	0		1544.526983000
6	12		1544.527265000
6	0		1544.566753000
6	12		1544.567726000
6	0		1544.567757000
6	1		1544.567998000
6	4		1544.568026000
6	32		1544.568039000
6	0		1544.568055000
6	0		1544.607432000
6	0		1544.607487000
6	0		1544.607569000
6	0		1544.607584000
6	0		1544.607598000
17		1358	1544.617571000
17		41	1544.653481000
17		1358	1544.778215000
17		41	1544.840143000
17		1358	1544.938479000
17		46	1545.026809000
17		33	1545.052359000
17		1358	1545.099088000
17		584	1545.214707000
17		41	1545.214751000
17		35	1545.215539000
17		76	1545.224141000
17		33	1545.224180000
17		1358	1545.258976000
17		41	1545.401688000
17		1358	1545.419221000
17		1358	1545.580038000
17		41	1545.588630000
17		1358	1545.739207000
17		41	1545.775521000
17		1358	1545.899806000
17		41	1545.962103000
17		1358	1546.059690000
17		41	1546.149373000
17		1358	1546.220214000
17		41	1546.336180000
17		1358	1546.380355000
17		43	1546.523206000
17		41	1546.523230000
17		41	1546.523235000
17		1358	1546.540929000
17		33	1546.549059000
17		1358	1546.700023000
17		41	1546.709761000
17		1358	1546.860562000
17		41	1546.897376000
17		1358	1547.020825000
17		41	1547.084059000
17		1358	1547.180935000
17		41	1547.271264000
17		1358	1547.341389000
6	0		1547.382917000
6	0		1547.382972000
17		41	1547.458397000
17		1358	1547.502451000
6	0		1547.532513000
6	41		1547.538234000
17		41	1547.644807000
17		1358	1547.661850000
6	0		1547.687493000
6	21		1547.687537000
6	0		1547.687551000
6	1080		1547.688765000
17		1358	1547.789598000
17		41	1547.831909000
6	0		1547.838027000
6	440		1547.838189000
6	0		1547.882233000
17		1358	1547.918419000
17		41	1548.019358000
6	48		1548.031391000
6	0		1548.031430000
6	280		1548.035347000
17		1358	1548.045805000
17		1358	1548.174607000
6	0		1548.184500000
17		41	1548.206266000
6	16		1548.212733000
6	0		1548.254240000
17		1358	1548.302508000
17		41	1548.393213000
6	52		1548.403407000
6	0		1548.403465000
6	52		1548.403614000
17		1358	1548.430832000
6	84		1548.553920000
17		41	1548.580016000
6	0		1548.594234000
17		1358	1548.645120000
17		46	1548.767330000
17		33	1548.792979000
17		41	1548.954758000
17		41	1549.141642000
17		41	1549.327935000
17		41	1549.515169000
17		41	1549.702462000
17		41	1549.888823000
17		1358	1549.890553000
17		41	1550.076336000
17		1358	1550.077947000
17		41	1550.263755000
17		41	1550.263776000
17		1358	1550.265307000
6	68		1550.325086000
17		1358	1550.426903000
17		41	1550.450166000
6	52		1550.474473000
6	0		1550.474525000
6	0		1550.475451000
6	0		1550.476866000
17		1358	1550.586805000
6	0		1550.626050000
17		41	1550.637646000
17		1358	1550.748435000
17		41	1550.824164000
17		1358	1550.909594000
17		41	1551.010894000
17		1358	1551.069502000
17		41	1551.198386000
17		1358	1551.230618000
17		41	1551.385009000
17		1358	1551.390540000
17		1358	1551.549804000
17		41	1551.572374000
17		1358	1551.709999000
17		41	1551.759202000
17		1358	1551.870549000
17		41	1551.946241000
17		1358	1552.031036000
17		41	1552.132983000
17		1358	1552.190974000
17		41	1552.320317000
17		1358	1552.351660000
17		41	1552.506984000
17		1358	1552.511747000
17		1358	1552.671013000
17		41	1552.694303000
17		1358	1552.831752000
17		41	1552.881412000
17		1358	1552.991497000
17		41	1553.067953000
17		1358	1553.152346000
17		41	1553.255375000
17		1358	1553.312531000
17		41	1553.441801000
6	0		1553.459546000
6	0		1553.459592000
17		1358	1553.471497000
17		41	1553.628990000
17		1358	1553.630610000
17		1358	1553.792003000
17		41	1553.816015000
17		1358	1553.952717000
17		46	1554.003594000
17		33	1554.029066000
17		1358	1554.112059000
17		41	1554.190273000
17		1358	1554.272437000
17		41	1554.377557000
17		1358	1554.432656000
17		1358	1554.560031000
17		41	1554.564111000
17		1358	1554.688340000
17		41	1554.750797000
17		1358	1554.816916000
17		41	1554.938767000
17		1358	1554.944300000
17		1358	1555.072694000
17		41	1555.125175000
17		1358	1555.200600000
17		41	1555.312086000
17		1358	1555.412906000
17		41	1555.499733000
17		1358	1555.627120000
17		41	1555.686437000
17		1336	1555.840232000
17		41	1555.873494000
17		41	1556.060560000
17		41	1556.247546000
6	0		1556.247572000
6	0		1556.248486000
17		41	1556.434262000
17		41	1556.621114000
17		41	1556.808244000
17		1032	1556.995016000
17		36	1556.995618000
17		1358	1556.996929000
17		1358	1556.996954000
17		1358	1556.996963000
17		1358	1556.996968000
17		1358	1556.996972000
17		1358	1556.996976000
17		1358	1556.996981000
17		1358	1556.996986000
17		1358	1556.996990000
17		1358	1556.996994000
17		1358	1557.157827000
17		1358	1557.317874000
17		44	1557.369645000
17		33	1557.395629000
17		41	1557.556435000
6	0		1557.581081000
6	0		1557.581139000
17		41	1557.743011000
6	0		1557.846300000
6	41		1557.852747000
17		41	1557.930264000
6	0		1557.985139000
6	0		1557.985189000
17		41	1558.117505000
6	0		1558.117531000
6	21		1558.120374000
6	0		1558.120414000
6	1080		1558.121420000
6	0		1558.174185000
6	41		1558.181097000
17		41	1558.303935000
17		1358	1558.305490000
6	0		1558.369785000
6	21		1558.378772000
6	0		1558.378812000
6	1080		1558.379831000
6	440		1558.395124000
6	0		1558.438222000
17		41	1558.491150000
17		1358	1558.492772000
6	440		1558.569678000
6	0		1558.610243000
17		41	1558.678003000
17		1358	1558.679729000
6	48		1558.702983000
6	0		1558.703019000
6	280		1558.706980000
6	48		1558.798920000
6	0		1558.798964000
6	280		1558.803991000
17		41	1558.865443000
17		1358	1558.867084000
6	16		1558.978571000
6	16		1559.003017000
6	0		1559.022232000
6	0		1559.046206000
17		41	1559.052238000
17		41	1559.052274000
17		1358	1559.053508000
6	52		1559.234888000
6	0		1559.234925000
6	52		1559.235027000
17		41	1559.239552000
17		1358	1559.241311000
6	52		1559.287022000
6	0		1559.287061000
6	52		1559.287201000
17		41	1559.426089000
6	100		1559.433487000
17		1358	1559.455434000
6	0		1559.474241000
6	84		1559.552047000
6	0		1559.594236000
17		41	1559.612750000
17		1358	1559.670164000
17		41	1559.800044000
17		1358	1559.884874000
6	0		1559.885089000
6	0		1559.885136000
17		41	1559.987573000
17		1358	1560.044721000
6	0		1560.093922000
6	0		1560.102006000
6	41		1560.108549000
6	22		1560.118029000
6	0		1560.118066000
17		41	1560.174260000
17		1358	1560.203628000
17		41	1560.267392000
6	0		1560.324864000
6	1080		1560.324909000
6	976		1560.334821000
6	0		1560.334867000
17		41	1560.360406000
17		1358	1560.364707000
17		41	1560.453406000
17		1358	1560.523630000
17		41	1560.546273000
6	0		1560.580974000
17		41	1560.639532000
6	0		1560.639568000
17		1358	1560.683859000
17		41	1560.732526000
17		41	1560.825322000
17		1358	1560.844237000
17		41	1560.918334000
17		1358	1561.003673000
17		41	1561.011528000
6	68		1561.049658000
17		41	1561.104215000
17		1358	1561.105841000
17		1358	1561.105877000
17		1358	1561.105883000
17		1358	1561.105888000
17		1358	1561.105892000
17		1358	1561.105897000
17		1358	1561.105902000
17		1358	1561.105906000
17		1358	1561.105911000
17		1358	1561.105916000
17		1358	1561.105923000
6	68		1561.167573000
6	48		1561.181958000
6	0		1561.182055000
6	388		1561.187328000
6	52		1561.248230000
6	0		1561.248272000
6	0		1561.248287000
6	0		1561.249416000
17		41	1561.290258000
17		1358	1561.291956000
17		41	1561.383737000
6	0		1561.404482000
6	0		1561.438042000
6	52		1561.442267000
6	0		1561.442307000
6	0		1561.442384000
6	0		1561.443920000
17		1358	1561.452940000
17		41	1561.476601000
17		46	1561.569342000
17		1358	1561.592625000
17		41	1561.662435000
6	0		1561.708638000
17		1358	1561.709394000
17		41	1561.755430000
6	0		1561.755474000
6	0		1561.755481000
6	0		1561.756698000
6	0		1561.756725000
17		1358	1561.798336000
17		41	1561.847637000
17		1358	1561.885271000
17		41	1561.940639000
17		1358	1562.026883000
17		41	1562.034690000
17		41	1562.127288000
17		1358	1562.165730000
17		41	1562.220435000
17		1358	1562.268268000
17		41	1562.313098000
17		1358	1562.369116000
17		41	1562.405850000
6	16		1562.418669000
17		1358	1562.453635000
6	0		1562.462225000
17		41	1562.499386000
17		1358	1562.537422000
17		41	1562.592050000
17		1358	1562.621487000
17		41	1562.685206000
17		1358	1562.704918000
17		41	1562.777816000
17		1358	1562.788490000
17		41	1562.871314000
17		1358	1562.872166000
17		1358	1562.955793000
17		41	1562.963846000
17		1358	1563.039351000
17		41	1563.057116000
17		1358	1563.123129000
17		41	1563.149859000
17		1358	1563.207339000
17		41	1563.243307000
17		1358	1563.273535000
17		41	1563.336349000
17		1358	1563.340042000
17		46	1563.429676000
17		1358	1563.451973000
17		41	1563.522208000
17		1358	1563.563415000
17		41	1563.615518000
17		1358	1563.646659000
6	0		1563.695784000
6	0		1563.695840000
17		41	1563.707891000
17		1358	1563.731000000
17		41	1563.801024000
6	0		1563.804610000
17		1358	1563.815288000
17		41	1563.894341000
17		1358	1563.897913000
6	0		1563.901276000
17		1358	1563.981286000
17		41	1563.986653000
17		1358	1564.065285000
17		41	1564.080499000
17		1358	1564.148536000
17		41	1564.173638000
17		1358	1564.230923000
17		41	1564.266104000
17		1358	1564.314008000
17		41	1564.358908000
17		1358	1564.395395000
17		41	1564.451707000
17		1358	1564.478178000
17		41	1564.545451000
6	0		1564.545476000
17		1358	1564.561853000
17		41	1564.637789000
17		1358	1564.643124000
17		1358	1564.709779000
17		41	1564.731485000
17		1358	1564.776415000
17		41	1564.824218000
17		1358	1564.841774000
17		41	1564.916963000
17		1358	1564.951883000
6	52		1564.952718000
6	0		1564.952745000
6	52		1564.952853000
17		41	1565.010237000
17		1358	1565.062381000
17		41	1565.103410000
17		768	1565.103462000
17		35	1565.104692000
17		76	1565.131837000
17		33	1565.131878000
17		1358	1565.145020000
6	0		1565.169199000
17		41	1565.196059000
17		1358	1565.227324000
17		46	1565.289545000
17		1358	1565.309475000
17		41	1565.382294000
17		1358	1565.392600000
6	84		1565.469934000
17		1358	1565.474368000
17		41	1565.475342000
6	0		1565.510216000
17		1358	1565.557529000
17		41	1565.568524000
17		1358	1565.639998000
17		41	1565.661157000
17		1358	1565.722756000
17		43	1565.754029000
17		41	1565.754054000
17		41	1565.754060000
17		33	1565.780036000
17		1358	1565.805334000
17		41	1565.847214000
17		1358	1565.887779000
17		41	1565.939918000
17		1358	1565.971266000
17		41	1566.033042000
17		1358	1566.053314000
17		41	1566.126350000
17		1358	1566.135905000
17		1358	1566.202085000
17		41	1566.219659000
17		1358	1566.268449000
17		41	1566.312276000
17		1358	1566.334191000
6	0		1566.339818000
6	0		1566.339865000
6	0		1566.368494000
17		41	1566.404786000
17		1358	1566.444059000
6	0		1566.473677000
6	0		1566.473731000
17		41	1566.498620000
17		1358	1566.554449000
17		41	1566.591325000
17		1358	1566.637285000
6	0		1566.661487000
6	41		1566.666864000
17		41	1566.683812000
17		1358	1566.718862000
17		41	1566.777638000
17		1358	1566.801689000
6	0		1566.802989000
6	0		1566.803028000
6	0		1566.819822000
6	41		1566.825501000
6	0		1566.841909000
6	21		1566.841941000
6	0		1566.841952000
6	1080		1566.842943000
6	0		1566.854612000
6	21		1566.856148000
6	0		1566.856172000
6	1080		1566.857194000
6	0		1566.859203000
6	440		1566.859494000
17		41	1566.870248000
17		1358	1566.884893000
6	0		1566.902230000
6	48		1566.918558000
6	0		1566.918596000
6	280		1566.922740000
6	0		1566.939040000
6	16		1566.961063000
17		41	1566.963484000
17		1358	1566.967617000
6	0		1567.002223000
6	52		1567.018608000
6	0		1567.018646000
6	52		1567.018761000
6	84		1567.035080000
17		1358	1567.050138000
6	440		1567.053440000
17		41	1567.056331000
6	0		1567.078228000
6	0		1567.094249000
17		1358	1567.131823000
17		46	1567.148988000
17		33	1567.175545000
17		1358	1567.215004000
17		41	1567.242115000
6	48		1567.281994000
6	0		1567.282037000
6	280		1567.286155000
17		1358	1567.297678000
17		41	1567.335328000
17		1358	1567.379813000
17		41	1567.427944000
17		1358	1567.462801000
6	16		1567.486934000
17		41	1567.521019000
6	0		1567.530222000
17		252	1567.544878000
17		41	1567.614103000
17		41	1567.706716000
6	52		1567.717969000
6	0		1567.718010000
6	52		1567.718115000
17		41	1567.800407000
17		41	1567.893633000
6	52		1567.911867000
6	100		1567.914377000
6	0		1567.958223000
17		41	1567.985977000
17		41	1568.078981000
6	0		1568.129514000
17		41	1568.172110000
6	52		1568.223715000
6	0		1568.223751000
6	0		1568.223769000
6	0		1568.225174000
17		1115	1568.264811000
17		36	1568.265480000
17		143	1568.266214000
17		1353	1568.266232000
17		1358	1568.266236000
17		1358	1568.266240000
17		1358	1568.266243000
17		1358	1568.266246000
17		1358	1568.266249000
17		1358	1568.266253000
17		1358	1568.266256000
17		1358	1568.266260000
17		1358	1568.349221000
17		1358	1568.432507000
6	0		1568.442501000
17		44	1568.450888000
17		33	1568.477264000
17		41	1568.543875000
17		1358	1568.545419000
6	0		1568.609456000
6	0		1568.609519000
17		1358	1568.628680000
17		41	1568.637497000
6	0		1568.649062000
6	12		1568.649299000
6	0		1568.688470000
6	12		1568.688516000
6	0		1568.688529000
6	1		1568.688691000
6	4		1568.688712000
6	32		1568.688719000
6	0		1568.688727000
17		1358	1568.712282000
6	0		1568.727887000
6	0		1568.727931000
6	0		1568.728210000
6	0		1568.728224000
17		41	1568.729838000
17		1358	1568.795467000
17		41	1568.823039000
17		1358	1568.879305000
17		41	1568.915694000
6	68		1568.946019000
17		1358	1568.962238000
6	52		1568.963526000
6	0		1568.963559000
6	0		1568.963575000
6	0		1568.964910000
6	0		1568.981217000
17		41	1569.009531000
17		1358	1569.045218000
17		41	1569.102394000
17		1358	1569.111488000
17		41	1569.195403000
17		1358	1569.196438000
17		41	1569.287779000
6	68		1569.294506000
17		1358	1569.307227000
17		41	1569.381576000
17		1358	1569.418989000
17		41	1569.474602000
6	52		1569.492237000
6	0		1569.492280000
6	0		1569.492301000
6	0		1569.493966000
17		1358	1569.502029000
17		41	1569.567219000
17		1358	1569.585412000
17		41	1569.660232000
17		1358	1569.668686000
6	0		1569.681664000
17		1358	1569.752220000
17		41	1569.752671000
17		41	1569.846252000
17		41	1569.939518000
17		41	1570.032366000
17		41	1570.125145000
17		1358	1570.126340000
17		41	1570.217655000
17		1358	1570.219171000
17		46	1570.310730000
17		1358	1570.312234000
17		41	1570.404547000
17		1358	1570.406094000
17		41	1570.497277000
17		1358	1570.498793000
17		41	1570.590500000
17		1358	1570.592000000
17		41	1570.683105000
17		1358	1570.684678000
17		41	1570.776371000
17		1358	1570.795844000
17		41	1570.868953000
17		1358	1570.906050000
17		41	1570.962701000
17		1358	1570.987976000
17		41	1571.055657000
17		1358	1571.070768000
17		41	1571.148369000
17		41	1571.241163000
17		1358	1571.242391000
17		41	1571.334153000
17		1358	1571.335732000
17		41	1571.427530000
17		1358	1571.429094000
17		1358	1571.512663000
17		41	1571.520364000
17		1358	1571.594538000
17		41	1571.612849000
17		1358	1571.677378000
17		41	1571.705970000
17		1358	1571.760710000
17		41	1571.799551000
17		1358	1571.843183000
17		41	1571.892203000
17		1358	1571.926238000
17		41	1571.985354000
17		1358	1572.007356000
17		41	1572.078447000
17		1358	1572.090876000
17		46	1572.170867000
17		1358	1572.172440000
17		1358	1572.239698000
17		41	1572.264428000
17		1358	1572.305520000
17		41	1572.357084000
17		1358	1572.370846000
17		1358	1572.437690000
17		41	1572.449704000
17		1358	1572.503730000
17		41	1572.542984000
17		1358	1572.570235000
17		41	1572.636200000
17		1358	1572.680068000
17		41	1572.728822000
17		1358	1572.790817000
17		41	1572.822286000
17		1358	1572.901225000
17		41	1572.915130000
17		1358	1573.003727000
17		41	1573.008432000
17		1358	1573.081480000
17		41	1573.100915000
17		1358	1573.158857000
17		41	1573.193679000
17		1358	1573.236062000
17		41	1573.287018000
17		1358	1573.314963000
17		41	1573.380284000
17		1358	1573.391816000
17		1358	1573.469273000
17		41	1573.474007000
17		1358	1573.546369000
17		41	1573.566554000
17		1358	1573.623702000
17		41	1573.658857000
17		1358	1573.702214000
17		41	1573.751937000
17		1358	1573.779568000
17		41	1573.845428000
17		1358	1573.856513000
17		1358	1573.934810000
17		41	1573.938096000
17		1358	1574.011959000
17		46	1574.031208000
17		33	1574.057298000
17		1358	1574.088879000
17		41	1574.124365000
17		1358	1574.167613000
17		41	1574.217213000
17		1358	1574.245312000
17		41	1574.309931000
17		1358	1574.321846000
17		1358	1574.399398000
17		41	1574.402621000
17		1358	1574.476735000
17		41	1574.496677000
17		1358	1574.555622000
17		41	1574.588984000
17		1358	1574.632720000
17		41	1574.681762000
17		1358	1574.709747000
17		41	1574.774918000
17		1358	1574.786772000
17		1358	1574.864399000
17		41	1574.867940000
17		1358	1574.942016000
17		41	1574.961572000
17		1358	1575.019834000
17		41	1575.053615000
17		685	1575.053638000
17		35	1575.054300000
17		76	1575.063454000
17		33	1575.063537000
17		1358	1575.097953000
17		41	1575.146986000
17		1358	1575.175113000
17		1358	1575.237029000
17		41	1575.240599000
17		1358	1575.298929000
17		41	1575.333179000
17		1358	1575.361673000
17		1358	1575.422627000
17		41	1575.426355000
17		1358	1575.485158000
17		41	1575.518689000
17		1358	1575.547272000
17		41	1575.612429000
17		1358	1575.650749000
17		43	1575.704694000
17		41	1575.704722000
17		41	1575.704731000
17		33	1575.730673000
17		1358	1575.754247000
17		41	1575.797931000
17		1358	1575.856865000
17		46	1575.891498000
17		33	1575.917260000
17		1358	1575.960624000
17		41	1575.984550000
17		1358	1576.038032000
17		41	1576.076764000
17		1358	1576.115254000
17		41	1576.170318000
17		1358	1576.193079000
17		41	1576.263621000
17		1358	1576.271155000
17		1358	1576.348312000
17		41	1576.356407000
17		1358	1576.425925000
17		41	1576.449609000
17		1358	1576.503479000
17		41	1576.542121000
17		1358	1576.581068000
17		41	1576.634850000
17		1358	1576.658942000
17		41	1576.727670000
17		1358	1576.736491000
17		1358	1576.814059000
17		41	1576.821085000
17		1358	1576.890914000
17		41	1576.914211000
17		1358	1576.967942000
17		41	1577.007228000
17		1358	1577.046871000
17		41	1577.100257000
17		1358	1577.124167000
17		41	1577.193168000
17		1358	1577.200941000
17		1358	1577.278845000
17		41	1577.286386000
17		1358	1577.356393000
17		41	1577.379141000
17		1358	1577.434911000
17		41	1577.471827000
17		1358	1577.513820000
17		41	1577.565112000
17		1358	1577.590490000
17		41	1577.658134000
17		1358	1577.667793000
17		1358	1577.745944000
17		46	1577.751155000
17		33	1577.777689000
17		1358	1577.824053000
17		41	1577.844187000
17		1358	1577.901867000
17		41	1577.937423000
17		1358	1577.980936000
17		41	1578.030000000
17		1358	1578.059261000
17		41	1578.123129000
17		1358	1578.138296000
17		41	1578.215935000
17		1354	1578.215957000
17		1358	1578.216757000
17		35	1578.216923000
17		267	1578.309563000
17		41	1578.309596000
17		1358	1578.311157000
17		113	1578.322828000
17		140	1578.322863000
17		41	1578.402292000
17		1358	1578.403873000
17		1358	1578.466799000
17		41	1578.495511000
17		1358	1578.528917000
17		41	1578.588113000
17		1358	1578.633043000
17		41	1578.681338000
17		1358	1578.737310000
17		41	1578.774309000
17		1358	1578.841340000
17		41	1578.867535000
17		1358	1578.946395000
17		41	1578.959663000
17		1358	1579.024876000
17		41	1579.052646000
17		726	1579.052671000
17		35	1579.053332000
17		74	1579.061269000
17		33	1579.061583000
17		1358	1579.103202000
17		41	1579.146043000
17		1358	1579.181464000
6	0		1579.215835000
6	0		1579.215891000
17		41	1579.238971000
17		41	1579.238995000
6	0		1579.252528000
17		1358	1579.260221000
17		43	1579.331694000
17		41	1579.331721000
17		41	1579.331727000
17		1358	1579.338990000
17		33	1579.357255000
17		41	1579.424686000
17		1358	1579.425712000
17		41	1579.518631000
17		1358	1579.519857000
17		46	1579.611522000
17		1358	1579.613113000
17		41	1579.704403000
17		1358	1579.705971000
17		41	1579.797514000
17		1358	1579.799140000
17		1358	1579.877681000
17		41	1579.890247000
17		1358	1579.955839000
17		43	1579.983181000
17		41	1579.983202000
17		41	1579.983208000
17		33	1580.008575000
17		1358	1580.035028000
17		41	1580.076038000
17		1358	1580.112808000
17		41	1580.169261000
17		1358	1580.190883000
17		41	1580.262350000
17		1358	1580.269324000
17		41	1580.355347000
17		1358	1580.356939000
17		41	1580.447761000
17		1358	1580.449338000
17		41	1580.541120000
17		1358	1580.542311000
17		41	1580.633847000
17		1358	1580.635548000
17		41	1580.727188000
17		1358	1580.728814000
17		41	1580.819908000
17		1358	1580.821469000
17		41	1580.913042000
17		1358	1580.914318000
17		41	1581.006275000
17		1358	1581.007856000
17		41	1581.098669000
17		1358	1581.100186000
17		1358	1581.163971000
17		41	1581.192088000
17		1358	1581.225326000
17		41	1581.285336000
17		1358	1581.286839000
17		41	1581.377679000
17		1358	1581.379267000
17		46	1581.471159000
17		33	1581.497555000
17		41	1581.563757000
17		1358	1581.565340000
17		41	1581.656878000
17		1358	1581.674644000
17		41	1581.750556000
17		1358	1581.784397000
17		41	1581.843105000
17		41	1581.935778000
17		41	1582.028956000
17		41	1582.122116000
17		41	1582.215394000
17		41	1582.308236000
17		1358	1582.309849000
17		41	1582.401496000
17		1358	1582.403202000
17		41	1582.494158000
17		1358	1582.495676000
17		1358	1582.578385000
17		41	1582.587548000
17		1358	1582.659627000
17		41	1582.679641000
17		1358	1582.740944000
17		41	1582.772941000
17		1358	1582.822098000
17		41	1582.866131000
17		1358	1582.902276000
17		41	1582.959268000
17		1358	1582.984312000
17		1358	1583.049016000
17		41	1583.052698000
17		1358	1583.114322000
17		41	1583.144906000
17		1358	1583.179639000
17		41	1583.237865000
17		1358	1583.245035000
17		1358	1583.309539000
17		46	1583.331514000
17		33	1583.357139000
17		1358	1583.374227000
17		41	1583.424532000
17		1358	1583.439617000
17		41	1583.517313000
17		1358	1583.547235000
17		41	1583.610129000
17		1358	1583.654096000
17		41	1583.703723000
17		1358	1583.760136000
17		41	1583.796794000
17		1358	1583.866490000
17		41	1583.888679000
17		1358	1583.972752000
17		41	1583.981709000
17		1358	1584.052785000
17		41	1584.075063000
17		1358	1584.132109000
17		41	1584.168239000
17		1358	1584.211464000
17		41	1584.260723000
17		1358	1584.291278000
17		41	1584.353754000
17		1358	1584.370567000
17		41	1584.447486000
17		1358	1584.449120000
17		1358	1584.530450000
17		41	1584.540124000
17		1358	1584.610034000
17		41	1584.632864000
17		1358	1584.689046000
17		41	1584.725751000
6	0		1584.730010000
6	0		1584.730086000
17		1358	1584.769246000
6	0		1584.769488000
6	12		1584.769727000
6	0		1584.808768000
6	12		1584.808818000
6	0		1584.808830000
6	1		1584.809026000
6	4		1584.809044000
6	32		1584.809053000
6	0		1584.809064000
17		41	1584.819531000
6	0		1584.848085000
6	0		1584.848120000
6	0		1584.848125000
6	0		1584.848269000
6	0		1584.848282000
17		1358	1584.848855000
17		41	1584.911813000
17		1358	1584.928157000
17		41	1585.005544000
17		1358	1585.007122000
17		1358	1585.087472000
17		41	1585.098418000
17		1358	1585.167316000
17		46	1585.191609000
6	0		1585.191638000
6	0		1585.191646000
6	0		1585.192921000
6	0		1585.193021000
17		33	1585.216973000
17		1358	1585.246817000
17		41	1585.284567000
17		1358	1585.327212000
17		41	1585.377151000
17		1358	1585.405946000
17		41	1585.470447000
17		1358	1585.485817000
17		41	1585.562919000
17		1358	1585.564442000
17		1358	1585.645120000
17		41	1585.656168000
17		1358	1585.724552000
6	0		1585.748876000
6	0		1585.748899000
6	0		1585.748907000
6	0		1585.748914000
6	0		1585.748922000
6	0		1585.748931000
17		41	1585.748939000
6	0		1585.749734000
6	0		1585.749761000
6	0		1585.749765000
6	0		1585.749836000
6	0		1585.749843000
6	0		1585.749864000
17		1358	1585.804426000
17		41	1585.841778000
17		1358	1585.884513000
17		41	1585.935605000
17		1358	1585.963388000
17		41	1586.028253000
17		1358	1586.042837000
6	0		1586.050225000
6	0		1586.054093000
6	0		1586.054875000
6	0		1586.055087000
6	0		1586.055320000
6	0		1586.056014000
17		41	1586.121688000
17		1358	1586.123251000
17		1358	1586.202081000
17		41	1586.214362000
17		1358	1586.282208000
17		41	1586.307256000
17		1358	1586.361209000
6	0		1586.400052000
6	0		1586.400076000
6	0		1586.400082000
6	0		1586.400089000
6	0		1586.400093000
6	0		1586.400099000
6	517		1586.400103000
6	517		1586.400108000
6	0		1586.400391000
6	0		1586.400415000
6	2836		1586.408113000
6	1914		1586.408156000
6	2836		1586.408393000
6	1418		1586.408403000
6	496		1586.408413000
17		1358	1586.441252000
6	517		1586.493497000
6	517		1586.493523000
6	0		1586.493777000
6	0		1586.493806000
6	2836		1586.501604000
6	2836		1586.501648000
6	1914		1586.501657000
6	1914		1586.501735000
17		1358	1586.520884000
6	517		1586.586545000
6	517		1586.586571000
17		41	1586.586580000
17		41	1586.586584000
17		41	1586.586589000
6	0		1586.586812000
6	0		1586.586830000
6	2836		1586.594600000
6	1914		1586.594637000
6	2836		1586.594642000
6	1914		1586.594701000
17		1358	1586.600218000
17		41	1586.679225000
17		1358	1586.680804000
17		1358	1586.744130000
6	0		1586.771911000
6	0		1586.771933000
6	0		1586.771939000
6	0		1586.771944000
6	0		1586.771949000
6	0		1586.771955000
17		41	1586.771961000
17		1358	1586.807950000
17		41	1586.865291000
17		1358	1586.871154000
17		1358	1586.934819000
17		41	1586.958119000
17		1358	1586.999159000
17		46	1587.051017000
17		1358	1587.062219000
17		1358	1587.125713000
17		41	1587.144064000
17		1358	1587.190530000
6	0		1587.236841000
17		444	1587.296634000
6	0		1587.329883000
6	0		1587.422959000
6	0		1587.422981000
6	64		1587.422986000
6	92		1587.422993000
6	0		1587.422998000
6	0		1587.423003000
6	0		1587.423010000
6	0		1587.423014000
6	549		1587.423020000
6	85		1587.423025000
6	85		1587.423038000
6	0		1587.423279000
6	0		1587.423309000
6	0		1587.423313000
6	0		1587.423316000
6	0		1587.423328000
6	608		1587.423536000
6	31		1587.424034000
6	515		1587.434066000
6	1418		1587.434100000
6	2836		1587.434106000
6	1418		1587.453506000
6	1418		1587.472950000
6	1418		1587.492359000
6	1418		1587.511801000
6	85		1587.516095000
6	85		1587.516115000
6	0		1587.516121000
6	1418		1587.531227000
6	1418		1587.550644000
6	0		1587.570086000
6	1418		1587.570123000
6	1418		1587.589515000
6	0		1587.608820000
6	1418		1587.608943000
6	1418		1587.628386000
6	1418		1587.647811000
6	1418		1587.667230000
6	1418		1587.686660000
6	0		1587.702003000
6	0		1587.702024000
6	1418		1587.706093000
17		41	1587.795416000
6	517		1587.795460000
6	0		1587.795740000
6	0		1587.888106000
6	496		1587.943656000
6	0		1587.981003000
6	0		1588.074226000
6	0		1588.167420000
6	0		1588.259930000
17		41	1588.259963000
17		35	1588.261057000
6	0		1588.353358000
6	0		1588.353383000
6	0		1588.353711000
6	0		1588.413766000
6	0		1588.446555000
6	0		1588.446581000
17		1358	1588.447087000
6	0		1588.466193000
6	0		1588.478664000
17		41	1588.538972000
6	0		1588.606957000
6	0		1588.632180000
6	0		1588.725428000
6	85		1588.725461000
6	0		1588.725720000
6	0		1588.817992000
6	0		1588.818011000
6	0		1588.911186000
6	0		1589.004401000
6	0		1589.097621000
6	0		1589.190197000
6	64		1589.190237000
6	0		1589.190496000
6	608		1589.190887000
17		41	1589.283405000
6	1418		1589.287011000
17		41	1589.376108000
17		41	1589.469287000
17		41	1589.562368000
17		41	1589.654693000
17		41	1589.747838000
17		41	1589.840976000
17		1025	1589.841009000
17		34	1589.841715000
17		33	1589.842324000
17		1358	1589.844683000
17		1358	1589.924942000
17		41	1589.934105000
17		1358	1590.005660000
6	0		1590.027564000
6	0		1590.027587000
6	0		1590.027595000
6	0		1590.027600000
17		41	1590.027607000
17		1358	1590.084645000
6	0		1590.120082000
6	31		1590.120107000
6	1418		1590.120473000
6	1418		1590.130157000
6	0		1590.149583000
6	1418		1590.149621000
17		1358	1590.164484000
6	1418		1590.169012000
6	1418		1590.188457000
6	0		1590.212787000
6	1418		1590.213058000
6	1418		1590.227320000
17		1358	1590.244188000
6	0		1590.306025000
6	1418		1590.306329000
6	1418		1590.316044000
17		1358	1590.323523000
6	0		1590.399372000
6	1418		1590.399665000
17		1358	1590.403541000
6	1418		1590.409381000
17		1358	1590.483351000
6	0		1590.492460000
6	1418		1590.492730000
6	1418		1590.502451000
17		1358	1590.562588000
17		1358	1590.641476000
6	0		1590.678103000
6	1418		1590.678378000
6	1418		1590.688099000
6	1418		1590.707533000
17		1358	1590.722137000
6	1418		1590.726980000
17		1358	1590.800944000
6	0		1590.864421000
6	1418		1590.864712000
6	1418		1590.874419000
6	1418		1590.893914000
6	1418		1590.913283000
6	0		1591.049719000
6	1418		1591.050032000
6	1418		1591.059747000
6	1418		1591.079184000
6	1418		1591.098607000
6	0		1591.236467000
6	39		1591.236487000
6	1418		1591.236752000
6	1418		1591.246465000
6	1418		1591.265896000
6	1418		1591.285322000
17		1025	1591.328741000
17		37	1591.330396000
6	0		1591.421766000
6	0		1591.597248000
6	0		1591.597295000
6	0		1591.608103000
6	0		1591.634175000
6	0		1591.701343000
6	0		1591.701367000
6	0		1591.701374000
6	0		1591.793749000
6	0		1591.793779000
6	0		1591.793785000
17		42	1591.793792000
17		1358	1591.795369000
6	0		1591.886798000
6	0		1591.886824000
17		42	1591.980227000
6	0		1591.980251000
17		46	1592.073581000
17		1358	1592.075016000
17		43	1592.166018000
17		1358	1592.167623000
17		43	1592.259465000
17		1358	1592.260181000
17		43	1592.351785000
17		1358	1592.352948000
6	0		1592.445386000
6	0		1592.631662000
17		43	1592.723681000
17		1358	1592.725223000
6	0		1592.850578000
6	0		1592.850648000
6	0		1592.889930000
6	12		1592.890203000
6	0		1592.909728000
6	0		1592.929435000
6	12		1592.929469000
6	0		1592.929480000
6	1		1592.929663000
6	4		1592.929688000
6	32		1592.929701000
6	0		1592.929716000
6	0		1592.968868000
6	0		1592.968910000
6	0		1592.968923000
6	0		1592.968998000
6	0		1592.969010000
6	0		1593.096325000
17		43	1593.096353000
17		1358	1593.097942000
6	0		1593.282479000
17		43	1593.375620000
6	0		1593.468307000
17		43	1593.561140000
6	0		1593.654365000
17		43	1593.747381000
6	0		1593.839702000
6	0		1593.932934000
17		43	1594.025958000
17		43	1594.119058000
6	0		1594.212405000
6	0		1594.305618000
6	0		1594.397764000
17		43	1594.490783000
6	0		1594.584412000
17		43	1594.677117000
6	0		1594.770459000
17		41	1594.770482000
17		37	1594.772049000
6	0		1594.862660000
6	0		1594.956615000
6	0		1595.049173000
6	0		1595.142252000
6	0		1595.235329000
6	0		1595.328433000
6	0		1595.420724000
17		651	1595.420752000
17		35	1595.422259000
17		76	1595.430397000
17		33	1595.430449000
6	0		1595.513690000
6	0		1595.513716000
6	1418		1595.514008000
6	1418		1595.523694000
6	0		1595.606998000
6	1418		1595.607274000
6	0		1595.700299000
6	1418		1595.700648000
17		43	1595.792667000
17		41	1595.886023000
17		41	1595.979173000
17		1358	1595.980660000
17		41	1596.072330000
17		1358	1596.073491000
17		41	1596.165069000
17		1358	1596.166655000
17		41	1596.258107000
17		1358	1596.259716000
17		44	1596.351156000
17		41	1596.351188000
17		41	1596.351195000
17		1358	1596.352844000
17		33	1596.376614000
6	0		1596.444018000
6	1418		1596.444315000
6	1418		1596.454030000
6	1418		1596.473485000
6	1418		1596.492903000
6	1418		1596.512291000
6	1418		1596.531729000
6	0		1596.537028000
6	1418		1596.551174000
6	1418		1596.570608000
6	1418		1596.590046000
6	1418		1596.609483000
6	1418		1596.628932000
6	0		1596.630189000
6	1418		1596.648336000
6	1418		1596.667761000
6	1418		1596.687199000
6	1418		1596.706646000
6	0		1596.723373000
6	1418		1596.726033000
6	1418		1596.745466000
6	1418		1596.764904000
6	833		1596.784329000
17		41	1596.816559000
17		1358	1596.818264000
17		1358	1596.899003000
17		41	1596.908667000
17		1358	1596.978321000
17		41	1597.002268000
17		1358	1597.057551000
17		41	1597.095460000
17		1358	1597.138679000
17		41	1597.187816000
17		1358	1597.217116000
6	0		1597.281105000
17		1358	1597.296608000
6	0		1597.373942000
17		1358	1597.376374000
17		1358	1597.455953000
6	0		1597.467196000
17		1358	1597.535892000
6	0		1597.560222000
17		1358	1597.615514000
6	0		1597.652855000
17		1358	1597.695705000
6	0		1597.746023000
17		1358	1597.775077000
6	0		1597.839284000
17		1358	1597.854211000
6	0		1597.932559000
6	0		1597.932578000
17		1358	1597.934214000
17		1358	1598.013820000
6	0		1598.024777000
17		1358	1598.093771000
6	0		1598.118123000
17		1358	1598.172548000
6	0		1598.210864000
17		1358	1598.253216000
6	0		1598.304085000
6	0		1598.396790000
6	0		1598.489926000
6	0		1598.583131000
6	0		1598.676336000
6	0		1598.769551000
6	0		1598.861702000
17		41	1598.954739000
17		1358	1598.956613000
17		1358	1599.036583000
17		41	1599.048272000
6	0		1599.064994000
6	0		1599.065047000
6	0		1599.110826000
17		1358	1599.116558000
17		41	1599.141205000
17		1358	1599.197048000
17		41	1599.234047000
17		1358	1599.276454000
17		41	1599.327062000
17		1358	1599.356804000
17		41	1599.419917000
17		1358	1599.436095000
17		41	1599.513010000
17		1358	1599.514642000
17		1358	1599.594921000
17		46	1599.606243000
17		33	1599.632266000
17		1358	1599.675497000
17		41	1599.699344000
17		1358	1599.754378000
17		41	1599.791710000
17		1358	1599.833495000
17		41	1599.885137000
17		1358	1599.914341000
17		41	1599.977955000
17		1358	1599.993515000
17		41	1600.071197000
17		1358	1600.072789000
17		1358	1600.152753000
17		41	1600.163955000
17		1358	1600.232713000
17		41	1600.257435000
17		1358	1600.311993000
17		41	1600.350187000
17		1358	1600.392060000
17		41	1600.443263000
17		1358	1600.471591000
17		41	1600.536442000
17		1358	1600.550796000
17		41	1600.629439000
17		1358	1600.631032000
17		1358	1600.709374000
17		41	1600.722252000
17		1358	1600.789634000
17		41	1600.815197000
17		1358	1600.868931000
17		41	1600.907876000
17		1358	1600.949863000
6	0		1600.969572000
6	0		1600.969639000
17		41	1601.001214000
6	0		1601.009191000
6	12		1601.009463000
17		1358	1601.028531000
6	0		1601.048973000
6	12		1601.049063000
6	0		1601.049075000
6	1		1601.049273000
6	4		1601.049291000
6	32		1601.049300000
6	0		1601.049310000
6	0		1601.088810000
6	0		1601.088848000
6	0		1601.088932000
6	0		1601.088948000
17		41	1601.094382000
17		1358	1601.108875000
17		41	1601.186922000
17		1358	1601.187600000
17		1358	1601.268381000
17		41	1601.280548000
17		1358	1601.346889000
17		41	1601.373597000
17		1358	1601.426620000
17		46	1601.466256000
17		33	1601.491487000
17		1358	1601.506587000
17		41	1601.559257000
17		1358	1601.570575000
17		1358	1601.634360000
17		41	1601.651977000
17		1358	1601.697492000
17		41	1601.745586000
17		1358	1601.760749000
17		1358	1601.825580000
17		41	1601.838247000
17		1358	1601.889409000
17		41	1601.931033000
17		1358	1601.953629000
6	0		1601.966959000
6	0		1601.967002000
17		1358	1602.016636000
17		41	1602.023689000
17		1358	1602.079709000
17		41	1602.116926000
17		1358	1602.143899000
17		41	1602.210076000
17		1358	1602.211718000
17		41	1602.303391000
17		1358	1602.304884000
17		41	1602.396064000
17		1358	1602.411709000
17		41	1602.489348000
17		1358	1602.518937000
17		41	1602.582583000
17		1358	1602.626662000
17		41	1602.675402000
17		1358	1602.732660000
17		41	1602.767996000
17		1358	1602.838941000
17		1354	1602.860706000
17		35	1602.861446000
6	0		1602.934368000
6	0		1602.934427000
17		1358	1602.945580000
6	0		1602.947533000
6	41		1602.952923000
17		471	1602.954247000
17		41	1602.954274000
17		41	1602.954283000
6	0		1602.965652000
6	21		1602.965701000
6	0		1602.965714000
17		113	1602.966543000
17		50	1602.966564000
6	1080		1602.966657000
6	440		1602.979816000
6	0		1603.022243000
6	48		1603.036460000
6	0		1603.036500000
6	280		1603.040649000
17		41	1603.046840000
17		1358	1603.050868000
6	0		1603.089154000
17		41	1603.139964000
17		1358	1603.158277000
17		41	1603.233258000
17		1358	1603.237734000
17		1358	1603.317464000
17		46	1603.325984000
17		33	1603.351345000
17		1358	1603.396649000
17		41	1603.418798000
17		1358	1603.476264000
17		41	1603.511805000
17		1358	1603.556945000
17		41	1603.605438000
17		1358	1603.635195000
17		41	1603.698277000
17		1358	1603.715779000
17		41	1603.791576000
17		1358	1603.795003000
17		1358	1603.875558000
17		41	1603.884278000
17		1358	1603.954008000
17		41	1603.977084000
6	16		1603.984544000
6	0		1604.026232000
17		1358	1604.034677000
6	52		1604.039127000
6	0		1604.039166000
6	52		1604.039305000
6	0		1604.052073000
17		41	1604.070510000
17		1358	1604.113506000
17		41	1604.163263000
17		1354	1604.163293000
6	100		1604.163598000
17		34	1604.163658000
17		1358	1604.193652000
6	0		1604.206238000
17		41	1604.255752000
17		1174	1604.272824000
17		33	1604.346483000
17		41	1604.348814000
17		41	1604.441887000
17		41	1604.535025000
17		41	1604.628447000
17		41	1604.721536000
17		41	1604.721563000
17		44	1604.813951000
17		41	1604.813983000
17		41	1604.813989000
17		34	1604.814630000
17		41	1604.906791000
17		41	1604.999813000
17		41	1605.093625000
17		46	1605.186724000
17		33	1605.212681000
17		41	1605.279398000
17		41	1605.372003000
17		41	1605.465155000
17		41	1605.558438000
6	68		1605.624676000
6	0		1605.637469000
6	52		1605.637579000
6	0		1605.637591000
6	0		1605.637611000
6	0		1605.638801000
17		41	1605.650670000
6	0		1605.652087000
17		41	1605.743773000
6	0		1605.744697000
6	0		1605.744741000
17		41	1605.837512000
17		41	1605.930162000
17		41	1606.023355000
6	0		1606.034267000
6	41		1606.039742000
17		41	1606.116507000
6	0		1606.201185000
6	0		1606.201245000
17		42	1606.209149000
17		1114	1606.209180000
17		36	1606.209811000
17		1358	1606.210646000
17		1358	1606.210671000
17		1358	1606.210675000
17		1358	1606.210678000
17		1358	1606.210682000
17		1358	1606.210685000
17		1358	1606.210688000
17		1358	1606.210691000
17		1358	1606.210694000
17		1358	1606.210697000
6	0		1606.285843000
6	41		1606.292876000
17		1358	1606.295963000
6	0		1606.327867000
6	21		1606.327902000
6	0		1606.327914000
6	1080		1606.329132000
6	0		1606.377113000
6	21		1606.378526000
6	0		1606.378556000
6	1080		1606.379534000
17		1358	1606.380021000
17		44	1606.394738000
17		33	1606.420219000
6	0		1606.427509000
6	0		1606.427573000
6	0		1606.463799000
6	440		1606.463843000
17		41	1606.488360000
6	0		1606.506233000
17		41	1606.580949000
6	48		1606.590427000
6	0		1606.590464000
6	280		1606.594661000
6	0		1606.618178000
6	440		1606.620332000
6	0		1606.662240000
17		41	1606.673804000
6	0		1606.679169000
6	16		1606.681061000
6	0		1606.722208000
17		41	1606.766957000
17		1358	1606.768361000
6	52		1606.806489000
6	0		1606.806527000
6	52		1606.806626000
17		41	1606.860103000
17		1358	1606.861650000
6	84		1606.890853000
6	0		1606.934233000
6	48		1606.950460000
6	0		1606.950498000
17		41	1606.952816000
17		1358	1606.954378000
6	280		1606.954653000
17		41	1607.046390000
17		1358	1607.067489000
17		41	1607.139318000
17		1358	1607.179827000
17		41	1607.231843000
6	0		1607.243511000
6	16		1607.256988000
17		1358	1607.265312000
6	0		1607.298215000
17		41	1607.325022000
17		1358	1607.350980000
17		41	1607.417661000
17		1358	1607.436839000
6	0		1607.511363000
6	0		1607.511397000
17		41	1607.511409000
6	0		1607.512266000
6	0		1607.512291000
17		1358	1607.521885000
6	52		1607.587187000
6	0		1607.587232000
6	52		1607.587350000
17		1358	1607.603930000
17		41	1607.603985000
17		41	1607.697241000
17		1358	1607.698787000
17		41	1607.790245000
17		1358	1607.791755000
6	84		1607.876294000
17		41	1607.883319000
17		1358	1607.884911000
6	0		1607.918231000
17		41	1607.976027000
17		1358	1607.977304000
17		41	1608.069194000
17		1358	1608.070724000
17		41	1608.162547000
17		1358	1608.164061000
17		46	1608.255061000
17		1358	1608.256593000
17		41	1608.347701000
17		1358	1608.349072000
17		41	1608.440833000
17		1358	1608.442415000
17		41	1608.534524000
17		1358	1608.552481000
17		41	1608.626806000
17		1358	1608.661967000
17		41	1608.719860000
17		1358	1608.744564000
17		41	1608.813153000
17		1358	1608.825742000
17		41	1608.905973000
17		1358	1608.907195000
6	68		1608.959320000
17		1358	1608.988424000
17		41	1608.999274000
6	52		1609.043564000
6	0		1609.043609000
6	0		1609.043631000
6	0		1609.044967000
17		1358	1609.070074000
6	0		1609.089602000
6	0		1609.089669000
17		41	1609.092171000
6	0		1609.129114000
6	0		1609.129630000
6	12		1609.129875000
17		1358	1609.153046000
6	0		1609.169788000
6	12		1609.169825000
6	0		1609.169838000
6	1		1609.170039000
6	4		1609.170056000
6	32		1609.170067000
6	0		1609.170080000
17		41	1609.185618000
6	0		1609.209795000
6	0		1609.209847000
6	0		1609.209887000
6	0		1609.209991000
6	0		1609.210004000
6	0		1609.210079000
17		1358	1609.235130000
17		41	1609.277691000
17		1358	1609.317987000
17		41	1609.371501000
17		1358	1609.400315000
17		41	1609.464573000
17		1358	1609.482141000
17		41	1609.556664000
17		1358	1609.564986000
17		41	1609.649757000
17		1358	1609.651355000
17		1358	1609.734498000
17		41	1609.743489000
6	68		1609.748713000
17		1358	1609.815074000
17		41	1609.836157000
17		1358	1609.881856000
17		41	1609.929504000
17		1358	1609.948048000
17		41	1610.022361000
6	52		1610.036893000
6	0		1610.036935000
6	0		1610.038025000
6	0		1610.038229000
17		1358	1610.057449000
17		46	1610.115035000
17		33	1610.140341000
17		1358	1610.166399000
17		41	1610.207740000
17		1358	1610.248262000
17		41	1610.300858000
6	0		1610.326951000
17		1358	1610.330965000
17		41	1610.394489000
17		1358	1610.413849000
17		41	1610.487591000
17		1358	1610.496121000
17		41	1610.580417000
17		1358	1610.582054000
17		41	1610.673035000
17		1358	1610.674598000
17		41	1610.766255000
17		1358	1610.767895000
17		1358	1610.849478000
17		41	1610.859481000
17		1358	1610.932189000
17		41	1610.951893000
17		1358	1611.014425000
17		41	1611.045571000
17		1358	1611.097024000
17		41	1611.138145000
17		1358	1611.179651000
17		41	1611.231353000
17		1358	1611.261408000
17		41	1611.324100000
17		1358	1611.325679000
17		41	1611.416813000
17		1358	1611.418424000
17		41	1611.510134000
17		1358	1611.528420000
17		41	1611.603198000
17		1358	1611.638063000
17		41	1611.695770000
17		1358	1611.720027000
17		41	1611.789369000
17		1358	1611.802160000
17		41	1611.882360000
17		1358	1611.883898000
17		1358	1611.964136000
17		46	1611.975536000
17		33	1612.000756000
17		1358	1612.043978000
17		41	1612.068355000
17		1358	1612.125275000
17		41	1612.161330000
17		1358	1612.205814000
17		41	1612.254351000
17		1358	1612.286163000
17		41	1612.347128000
17		1358	1612.367413000
17		41	1612.440516000
17		1358	1612.447848000
17		41	1612.533122000
17		1358	1612.534864000
17		41	1612.626199000
17		1358	1612.627913000
17		41	1612.719223000
17		1358	1612.720495000
17		41	1612.812441000
17		1358	1612.814262000
17		41	1612.904724000
17		1358	1612.905923000
17		41	1612.997629000
17		1358	1613.013528000
17		41	1613.091297000
17		1358	1613.119080000
17		41	1613.184284000
17		1358	1613.200005000
17		41	1613.276820000
17		1358	1613.277952000
17		1358	1613.359035000
17		41	1613.369715000
17		1358	1613.437741000
17		41	1613.463485000
17		1358	1613.518351000
17		41	1613.556602000
17		1358	1613.599908000
17		41	1613.648681000
17		1358	1613.680152000
17		41	1613.742256000
6	0		1613.747551000
6	0		1613.747589000
17		1358	1613.760662000
17		46	1613.835377000
17		1358	1613.841559000
17		41	1613.928021000
17		1358	1613.929634000
17		41	1614.021437000
17		1358	1614.023137000
17		1358	1614.103982000
17		41	1614.114352000
17		1358	1614.184268000
17		41	1614.207229000
17		1358	1614.264917000
17		41	1614.300428000
17		1358	1614.329386000
17		41	1614.393333000
17		1358	1614.394930000
17		41	1614.486093000
17		1358	1614.502337000
17		41	1614.579323000
17		1358	1614.609854000
17		41	1614.672653000
17		1358	1614.691458000
17		41	1614.765472000
17		1358	1614.772261000
17		41	1614.857892000
17		1358	1614.859366000
17		41	1614.951525000
17		1358	1614.953045000
17		41	1615.043946000
17		1358	1615.044986000
17		1358	1615.126619000
17		764	1615.137385000
17		41	1615.137410000
17		36	1615.138099000
17		76	1615.146680000
17		33	1615.146772000
17		1358	1615.205270000
17		41	1615.229720000
17		1358	1615.286296000
17		41	1615.322886000
17		1358	1615.367094000
17		41	1615.416534000
17		1358	1615.447367000
17		41	1615.509511000
17		1358	1615.527502000
17		41	1615.601794000
17		1358	1615.608570000
17		44	1615.695429000
17		46	1615.695469000
17		41	1615.695481000
17		1358	1615.697101000
17		33	1615.721017000
17		41	1615.787856000
17		1358	1615.789479000
17		41	1615.881551000
17		1358	1615.883067000
17		41	1615.973935000
17		1358	1615.990188000
17		41	1616.067400000
17		1358	1616.097047000
17		41	1616.160499000
17		1358	1616.177208000
17		41	1616.253439000
17		1358	1616.257463000
17		1358	1616.337700000
17		41	1616.346533000
17		1358	1616.417862000
17		41	1616.438975000
17		41	1616.532189000
17		41	1616.624800000
17		1358	1616.625510000
6	0		1616.642664000
6	0		1616.642726000
17		41	1616.717838000
17		1358	1616.719424000
17		41	1616.811161000
17		1358	1616.812760000
17		41	1616.904580000
17		1358	1616.906259000
6	73		1616.940822000
6	73		1616.944542000
17		41	1616.997193000
17		1358	1616.998831000
17		1358	1617.080174000
17		41	1617.089795000
17		1358	1617.159292000
17		41	1617.183552000
6	0		1617.210427000
6	0		1617.210474000
17		1358	1617.238876000
6	0		1617.250195000
6	12		1617.250453000
17		41	1617.275743000
6	0		1617.290233000
6	12		1617.290291000
6	0		1617.290302000
6	1		1617.290460000
6	4		1617.290474000
6	32		1617.290482000
6	0		1617.290493000
17		1358	1617.318424000
6	0		1617.330724000
6	0		1617.330766000
6	0		1617.330770000
6	0		1617.330893000
6	0		1617.330910000
6	0		1617.369606000
6	0		1617.369637000
17		41	1617.369647000
17		1358	1617.398153000
17		41	1617.461673000
17		1358	1617.478903000
17		46	1617.555073000
17		1358	1617.556651000
17		1358	1617.638432000
17		41	1617.648146000
17		1358	1617.717626000
17		41	1617.740926000
17		1358	1617.797654000
17		41	1617.834429000
17		1358	1617.876605000
17		41	1617.926897000
17		1358	1617.956951000
17		41	1618.019887000
17		1358	1618.020646000
17		1358	1618.084274000
17		41	1618.113433000
17		1358	1618.148620000
17		41	1618.206484000
17		1358	1618.213654000
17		1358	1618.276688000
17		41	1618.298970000
17		1358	1618.340729000
17		41	1618.392039000
17		1358	1618.405294000
17		41	1618.485023000
17		1358	1618.511006000
17		41	1618.578091000
6	0		1618.606536000
6	0		1618.606585000
17		1358	1618.618893000
17		41	1618.671486000
17		1358	1618.724693000
6	0		1618.734388000
6	41		1618.740465000
17		41	1618.763946000
17		1179	1618.763973000
17		36	1618.764837000
17		107	1618.777163000
17		233	1618.777225000
17		1358	1618.831503000
17		41	1618.857271000
17		1358	1618.936830000
17		41	1618.949814000
17		1358	1619.016103000
17		41	1619.043067000
17		1358	1619.095901000
17		730	1619.135706000
17		41	1619.135730000
17		36	1619.136421000
17		75	1619.145048000
17		33	1619.145078000
17		1358	1619.177708000
6	41		1619.202229000
17		41	1619.229507000
17		1358	1619.255115000
6	21		1619.316571000
6	0		1619.316615000
6	1080		1619.317625000
17		44	1619.322223000
17		41	1619.322246000
17		41	1619.322252000
17		1358	1619.335823000
6	0		1619.342934000
17		33	1619.348307000
17		1358	1619.415124000
17		46	1619.415523000
17		33	1619.441751000
17		1358	1619.494447000
17		41	1619.508521000
17		1358	1619.574302000
17		41	1619.600967000
17		1358	1619.653708000
17		44	1619.694661000
17		41	1619.694686000
17		41	1619.694693000
17		33	1619.721005000
17		1358	1619.733612000
17		41	1619.787433000
17		1358	1619.812517000
17		41	1619.880490000
17		1358	1619.892480000
6	1080		1619.906227000
6	48		1619.909854000
6	0		1619.909903000
17		1358	1619.971802000
17		41	1619.973409000
6	0		1620.040403000
6	440		1620.050788000
6	0		1620.050833000
17		1358	1620.051742000
6	280		1620.055377000
17		41	1620.066232000
17		1358	1620.131190000
17		41	1620.159839000
6	0		1620.207968000
17		1358	1620.211658000
6	16		1620.212863000
17		41	1620.251659000
6	0		1620.254222000
17		1358	1620.290363000
17		41	1620.314086000
17		1358	1620.369589000
17		41	1620.375670000
6	52		1620.404105000
6	0		1620.404150000
6	52		1620.404256000
17		41	1620.438037000
17		1358	1620.450676000
17		41	1620.499942000
17		1358	1620.529543000
17		41	1620.562242000
17		1358	1620.609204000
17		41	1620.623765000
17		41	1620.686485000
17		1358	1620.687347000
17		41	1620.748572000
17		1358	1620.768097000
17		41	1620.809662000
17		1358	1620.847623000
17		41	1620.872576000
17		1358	1620.927528000
17		46	1620.933856000
17		33	1620.959808000
17		41	1620.995944000
17		1358	1621.006416000
17		41	1621.058154000
6	52		1621.058199000
17		1358	1621.085722000
6	0		1621.117683000
6	0		1621.117731000
17		41	1621.120363000
17		1358	1621.165053000
17		41	1621.181967000
6	0		1621.214433000
17		41	1621.244198000
17		1358	1621.244276000
17		41	1621.306563000
17		1358	1621.323008000
17		41	1621.368052000
17		1358	1621.387306000
17		41	1621.430249000
17		1358	1621.451543000
17		41	1621.492466000
17		1358	1621.514661000
17		41	1621.553673000
17		1358	1621.576591000
17		41	1621.616360000
17		1358	1621.636221000
17		41	1621.677909000
17		1358	1621.691688000
17		41	1621.740521000
17		1358	1621.742183000
6	100		1621.747818000
6	0		1621.790237000
17		1358	1621.792087000
17		41	1621.801999000
17		1358	1621.841419000
17		41	1621.864238000
17		1358	1621.888482000
17		41	1621.925720000
17		1358	1621.935947000
6	56		1621.940575000
6	0		1621.940613000
6	56		1621.943808000
6	0		1621.943854000
17		1358	1621.983905000
17		41	1621.987920000
17		1358	1622.029809000
17		41	1622.050153000
17		1358	1622.077792000
6	0		1622.112407000
6	0		1622.112436000
17		41	1622.112446000
6	0		1622.112450000
6	0		1622.112455000
17		1358	1622.125028000
17		1358	1622.171290000
17		46	1622.174009000
17		33	1622.199093000
17		1358	1622.219536000
17		41	1622.236487000
17		1358	1622.296987000
17		41	1622.297889000
17		1358	1622.357051000
17		41	1622.360669000
17		1358	1622.415958000
17		41	1622.422685000
17		1358	1622.475181000
17		41	1622.484535000
17		1358	1622.533220000
17		41	1622.545647000
17		1358	1622.592562000
17		41	1622.607905000
17		1358	1622.651722000
17		41	1622.670068000
17		1358	1622.710085000
17		41	1622.732215000
17		1358	1622.770307000
17		41	1622.794340000
17		1358	1622.828671000
17		41	1622.855910000
17		1358	1622.887353000
17		41	1622.918007000
17		1358	1622.946196000
17		41	1622.979627000
17		1358	1623.006001000
17		41	1623.042407000
17		1358	1623.052745000
17		1358	1623.100042000
17		41	1623.104447000
17		1358	1623.146940000
17		41	1623.166302000
6	68		1623.207875000
17		1358	1623.225021000
17		41	1623.228336000
17		1358	1623.283143000
17		41	1623.290215000
17		1358	1623.342664000
17		41	1623.352399000
6	52		1623.360872000
6	0		1623.360922000
6	0		1623.361831000
6	0		1623.362075000
17		1358	1623.401578000
17		46	1623.413994000
17		33	1623.440482000
17		1358	1623.461031000
17		41	1623.475851000
6	0		1623.506947000
17		1358	1623.515760000
17		41	1623.537697000
17		1358	1623.571670000
17		41	1623.600054000
17		1358	1623.626175000
17		41	1623.661834000
17		1358	1623.682227000
17		41	1623.724294000
17		1358	1623.738027000
17		41	1623.785659000
17		1358	1623.793706000
17		1358	1623.847984000
17		41	1623.848398000
17		1358	1623.904700000
17		41	1623.910090000
17		1358	1623.959793000
17		41	1623.972026000
17		1358	1624.003551000
17		41	1624.034399000
17		1358	1624.048253000
17		41	1624.096385000
17		1358	1624.122167000
17		41	1624.157930000
17		1358	1624.177396000
17		41	1624.220577000
17		1358	1624.233782000
17		41	1624.282080000
17		1358	1624.286654000
17		1358	1624.336623000
17		41	1624.344361000
17		1358	1624.387804000
17		41	1624.406161000
17		1358	1624.438234000
17		41	1624.468175000
17		1358	1624.489497000
17		41	1624.529625000
17		1358	1624.541474000
17		1358	1624.591121000
17		41	1624.591774000
17		1358	1624.642961000
17		46	1624.653726000
17		33	1624.679825000
17		1358	1624.692676000
17		41	1624.716262000
17		1358	1624.743843000
17		41	1624.777867000
17		1358	1624.795672000
17		41	1624.840303000
17		1358	1624.845231000
17		1358	1624.886280000
17		41	1624.901965000
17		1358	1624.928123000
17		41	1624.964411000
17		1358	1624.967511000
17		41	1625.026356000
17		1358	1625.036239000
17		41	1625.087947000
17		1358	1625.103475000
17		41	1625.150247000
17		1358	1625.155133000
17		1358	1625.205403000
17		41	1625.212279000
17		1358	1625.256735000
17		41	1625.274517000
17		1358	1625.307790000
6	0		1625.332731000
6	0		1625.332785000
17		41	1625.336142000
17		1358	1625.358799000
6	0		1625.372536000
6	12		1625.372820000
17		41	1625.398043000
17		1358	1625.409368000
6	0		1625.412743000
6	12		1625.412782000
6	0		1625.412796000
6	1		1625.412966000
6	4		1625.412988000
6	32		1625.412995000
6	0		1625.413003000
6	0		1625.452771000
6	0		1625.452813000
6	0		1625.452840000
6	0		1625.452856000
17		1358	1625.459511000
17		41	1625.460244000
17		1358	1625.511537000
17		41	1625.521950000
17		1167	1625.563765000
17		41	1625.584087000
17		41	1625.646256000
17		41	1625.708316000
17		1032	1625.770058000
17		36	1625.770682000
17		135	1625.771495000
17		1358	1625.778165000
17		1358	1625.829502000
17		41	1625.832515000
17		1358	1625.881177000
17		41	1625.893782000
17		1358	1625.921370000
17		44	1625.956181000
17		1358	1625.962447000
17		41	1626.018108000
17		1358	1626.030649000
17		41	1626.079881000
17		1358	1626.082039000
17		1358	1626.131610000
17		41	1626.142249000
17		1358	1626.183275000
17		41	1626.204020000
17		1358	1626.233683000
17		41	1626.266450000
17		1358	1626.284378000
17		41	1626.327882000
17		1358	1626.336401000
17		1358	1626.386861000
17		41	1626.389986000
17		1358	1626.436686000
17		41	1626.452318000
17		1358	1626.487346000
17		41	1626.513989000
17		1358	1626.537157000
17		41	1626.575831000
17		1358	1626.588848000
17		41	1626.637889000
17		1358	1626.639483000
17		1358	1626.689040000
17		41	1626.700032000
17		1358	1626.739739000
17		41	1626.762245000
17		1358	1626.791366000
17		41	1626.824065000
17		1358	1626.832420000
17		41	1626.885964000
17		1358	1626.887583000
17		41	1626.947720000
17		1358	1626.955730000
17		41	1627.009722000
17		1358	1627.024426000
17		41	1627.072037000
17		1358	1627.076523000
17		1358	1627.126367000
17		41	1627.134146000
17		1358	1627.177016000
17		46	1627.195645000
17		33	1627.221381000
17		1358	1627.227612000
17		41	1627.258383000
17		1358	1627.279584000
17		41	1627.319844000
17		1358	1627.330572000
17		41	1627.382239000
17		1358	1627.383827000
17		41	1627.443847000
17		1358	1627.444878000
17		41	1627.506804000
17		1358	1627.508399000
17		41	1627.568514000
17		1358	1627.570521000
17		41	1627.630123000
17		1358	1627.631642000
17		41	1627.691882000
17		1358	1627.693451000
17		41	1627.753914000
17		1358	1627.755473000
17		1358	1627.796606000
17		41	1627.815740000
17		1358	1627.837620000
17		41	1627.878290000
17		1358	1627.879906000
17		41	1627.939822000
17		1358	1627.948738000
17		41	1628.002085000
17		1358	1628.016459000
17		41	1628.063842000
17		1358	1628.067510000
17		41	1628.126336000
17		1358	1628.127961000
17		41	1628.187843000
17		1358	1628.189421000
17		41	1628.250344000
17		1358	1628.251901000
17		41	1628.311746000
17		1358	1628.313498000
17		41	1628.374061000
17		1358	1628.375791000
17		46	1628.435801000
17		636	1628.437565000
17		41	1628.497902000
17		41	1628.559906000
17		41	1628.622164000
17		41	1628.684217000
17		41	1628.746272000
17		1032	1628.808136000
17		36	1628.808744000
17		1358	1628.809494000
17		1358	1628.809516000
17		1358	1628.809521000
17		1358	1628.809524000
17		1358	1628.809527000
17		1358	1628.850464000
17		1358	1628.890432000
17		44	1628.932146000
17		1358	1628.933642000
17		41	1628.993799000
17		1358	1629.001945000
17		41	1629.056328000
17		1358	1629.070213000
17		41	1629.118416000
17		1358	1629.120153000
17		41	1629.179672000
17		1358	1629.180573000
17		41	1629.241896000
17		1358	1629.242968000
17		41	1629.303839000
17		1358	1629.305564000
17		41	1629.366284000
17		1358	1629.367682000
17		41	1629.428175000
17		1358	1629.431285000
17		41	1629.490035000
17		1358	1629.491788000
17		41	1629.552610000
17		1358	1629.553268000
17		41	1629.614216000
17		1358	1629.616226000
17		1358	1629.666907000
17		41	1629.676638000
17		1358	1629.718619000
17		41	1629.738268000
17		1358	1629.769697000
17		41	1629.800032000
17		1358	1629.821046000
17		41	1629.861893000
17		1358	1629.863516000
17		41	1629.924234000
17		1358	1629.926624000
17		41	1629.985915000
17		1358	1629.995500000
17		41	1630.048453000
17		1358	1630.063582000
17		41	1630.109913000
17		1358	1630.114158000
17		46	1630.171686000
17		1358	1630.173223000
17		41	1630.234513000
17		1358	1630.235827000
17		41	1630.296205000
17		1358	1630.297106000
17		41	1630.358096000
17		1358	1630.359784000
17		1358	1630.411169000
17		41	1630.420278000
17		1358	1630.461190000
17		41	1630.482496000
17		1358	1630.512748000
17		41	1630.544444000
17		1358	1630.563553000
17		41	1630.606249000
17		1358	1630.618415000
17		41	1630.667798000
17		1358	1630.672558000
17		41	1630.730511000
17		1358	1630.732081000
17		41	1630.791746000
17		1358	1630.793303000
17		41	1630.854240000
17		1358	1630.855507000
17		41	1630.916518000
17		1358	1630.918099000
17		41	1630.977641000
17		1358	1630.989920000
17		41	1631.040275000
17		1358	1631.061978000
17		41	1631.102253000
17		1358	1631.115714000
17		41	1631.164293000
17		1358	1631.168599000
17		1358	1631.221888000
17		41	1631.225927000
17		1358	1631.275250000
17		41	1631.288210000
17		1358	1631.328964000
17		41	1631.350402000
17		741	1631.382857000
17		46	1631.412608000
17		33	1631.438123000
17		41	1631.474038000
17		1025	1631.474064000
17		33	1631.474619000
17		33	1631.475431000
17		135	1631.475464000
17		1358	1631.482014000
17		1358	1631.536086000
17		41	1631.536515000
17		1358	1631.589026000
17		41	1631.598215000
17		1358	1631.643731000
17		41	1631.659673000
17		1358	1631.697473000
17		44	1631.722310000
17		33	1631.748136000
17		1358	1631.750988000
17		41	1631.783883000
17		41	1631.846226000
17		1358	1631.847860000
17		41	1631.907785000
17		1358	1631.909454000
17		41	1631.970163000
17		1358	1631.971676000
17		41	1632.031834000
17		1358	1632.033210000
17		1358	1632.086717000
17		41	1632.093777000
17		1358	1632.139877000
17		41	1632.156661000
17		1358	1632.193025000
17		41	1632.218738000
17		1358	1632.246926000
17		41	1632.280570000
17		1358	1632.299638000
17		41	1632.342344000
17		1358	1632.353799000
17		41	1632.404559000
17		1358	1632.405573000
17		1358	1632.459111000
17		41	1632.466769000
17		1358	1632.511919000
17		41	1632.528541000
17		1358	1632.565576000
17		41	1632.590158000
17		1358	1632.617994000
17		41	1632.652267000
17		1358	1632.671138000
17		41	1632.714314000
17		1358	1632.724074000
17		41	1632.776359000
17		1358	1632.777876000
17		1358	1632.830881000
17		41	1632.837665000
17		1358	1632.884164000
17		41	1632.900448000
17		1358	1632.936589000
17		46	1632.962498000
17		33	1632.988072000
17		1358	1632.990227000
17		41	1633.023979000
17		1358	1633.044450000
17		41	1633.086608000
17		1358	1633.096823000
17		41	1633.148403000
17		1358	1633.149811000
17		1358	1633.202676000
17		41	1633.210268000
17		1358	1633.255514000
17		41	1633.272191000
17		1358	1633.308645000
17		41	1633.333964000
17		1358	1633.361983000
17		41	1633.396477000
17		1358	1633.415187000
6	0		1633.453427000
6	0		1633.453487000
17		41	1633.458276000
17		1358	1633.468551000
6	0		1633.492543000
6	12		1633.492817000
17		41	1633.520390000
17		1358	1633.521981000
6	0		1633.531872000
6	12		1633.531917000
6	0		1633.531931000
6	1		1633.532101000
6	4		1633.532120000
6	32		1633.532129000
6	0		1633.532149000
6	0		1633.571035000
6	0		1633.571183000
6	0		1633.571216000
6	0		1633.571283000
6	0		1633.571296000
17		1358	1633.574108000
17		41	1633.581807000
17		1358	1633.627437000
17		41	1633.644325000
17		1358	1633.680637000
17		41	1633.706011000
17		1358	1633.733617000
17		41	1633.767957000
17		1358	1633.786609000
17		41	1633.829818000
17		1358	1633.840244000
17		41	1633.891788000
17		1358	1633.893444000
17		1358	1633.935159000
17		41	1633.954425000
17		1358	1633.978032000
17		41	1634.016322000
17		1358	1634.020139000
17		1358	1634.063489000
17		41	1634.078291000
17		622	1634.105000000
17		41	1634.140036000
17		46	1634.202213000
17		33	1634.227545000
17		41	1634.264234000
17		41	1634.325922000
17		41	1634.388188000
17		41	1634.450269000
17		41	1634.512326000
17		1114	1634.574084000
17		36	1634.574731000
17		142	1634.575463000
17		1353	1634.575474000
17		1358	1634.575495000
17		1358	1634.575502000
17		1358	1634.575506000
17		1358	1634.575509000
17		1358	1634.575512000
17		1358	1634.575516000
17		1358	1634.575519000
17		1358	1634.575522000
17		1358	1634.629568000
17		1358	1634.683281000
17		44	1634.698356000
17		33	1634.723352000
17		41	1634.760425000
17		41	1634.822485000
17		41	1634.883942000
17		41	1634.946038000
17		1358	1634.947634000
17		41	1635.008301000
17		1358	1635.009852000
17		41	1635.070474000
17		1358	1635.072034000
17		41	1635.132144000
17		1358	1635.133760000
17		41	1635.194017000
17		1358	1635.195628000
17		41	1635.256292000
17		1358	1635.257859000
17		41	1635.318013000
17		1358	1635.319665000
17		41	1635.379980000
17		1358	1635.381580000
17		41	1635.442115000
17		1358	1635.443744000
17		41	1635.503806000
17		1358	1635.514809000
17		41	1635.565892000
17		1358	1635.586977000
17		41	1635.628082000
17		1358	1635.639660000
17		41	1635.690246000
17		1358	1635.691840000
6	0		1635.708499000
6	0		1635.708556000
17		1358	1635.745040000
17		41	1635.751939000
17		1358	1635.798003000
17		41	1635.814213000
17		1358	1635.851417000
17		41	1635.876270000
17		1358	1635.905435000
17		46	1635.937716000
17		1358	1635.959711000
6	0		1635.980337000
6	41		1635.986137000
17		41	1635.999833000
17		1358	1636.014231000
17		41	1636.061979000
17		1358	1636.068007000
17		41	1636.124040000
17		1358	1636.125272000
17		41	1636.186240000
17		1358	1636.187786000
17		1358	1636.241696000
17		41	1636.248354000
6	0		1636.255317000
6	21		1636.258318000
6	0		1636.258351000
6	1080		1636.259399000
17		1358	1636.295029000
17		41	1636.310012000
6	0		1636.343920000
6	0		1636.343973000
17		1358	1636.349394000
17		41	1636.372344000
6	0		1636.381403000
17		1358	1636.393048000
17		41	1636.433687000
17		1358	1636.434837000
17		41	1636.496572000
17		1358	1636.506644000
17		41	1636.558033000
17		1358	1636.578373000
17		41	1636.620106000
17		1358	1636.633075000
17		41	1636.682064000
17		1358	1636.686797000
17		41	1636.744292000
17		1358	1636.745828000
6	440		1636.763441000
17		41	1636.806096000
6	0		1636.806204000
17		1358	1636.808282000
17		41	1636.868145000
17		1358	1636.869304000
17		41	1636.930265000
17		1358	1636.931917000
17		1358	1636.985821000
17		41	1636.991640000
17		1358	1637.038802000
6	0		1637.054242000
17		41	1637.054266000
6	0		1637.055306000
17		1358	1637.093285000
17		41	1637.116369000
17		1358	1637.147100000
17		46	1637.178293000
17		1358	1637.200918000
17		41	1637.240706000
17		1358	1637.255521000
17		41	1637.302585000
17		1358	1637.309301000
6	48		1637.340356000
6	0		1637.340417000
6	280		1637.344733000
17		41	1637.363754000
17		1358	1637.365688000
17		41	1637.426248000
17		1358	1637.427841000
17		41	1637.488120000
17		1358	1637.499669000
17		41	1637.550388000
17		246	1637.571403000
17		41	1637.612222000
17		41	1637.674329000
6	0		1637.707397000
17		41	1637.736327000
17		1108	1637.736356000
17		33	1637.736920000
17		1358	1637.737644000
6	16		1637.787600000
17		1358	1637.792581000
17		41	1637.798357000
6	0		1637.830204000
17		1358	1637.845884000
17		41	1637.860725000
17		1358	1637.897665000
17		44	1637.921904000
17		33	1637.948108000
17		1358	1637.951190000
17		41	1637.984025000
17		1358	1638.004964000
17		41	1638.046290000
17		1358	1638.058269000
17		41	1638.108333000
17		1358	1638.109970000
17		1358	1638.163810000
17		41	1638.169647000
17		1358	1638.217029000
17		41	1638.232125000
17		1358	1638.269853000
17		41	1638.294657000
6	52		1638.308854000
6	0		1638.308911000
6	52		1638.309014000
17		1358	1638.324047000
17		41	1638.356298000
17		1358	1638.377127000
6	0		1638.388837000
17		41	1638.418435000
17		1358	1638.420047000
6	84		1638.427077000
17		1358	1638.461928000
6	0		1638.470208000
17		41	1638.480490000
17		1358	1638.505675000
17		41	1638.542030000
17		1358	1638.576487000
17		41	1638.604025000
17		1358	1638.629383000
17		41	1638.665790000
17		1358	1638.681909000
17		41	1638.728517000
17		1358	1638.733481000
17		1358	1638.784711000
17		41	1638.790248000
17		1358	1638.836350000
17		41	1638.851784000
17		1358	1638.887164000
17		41	1638.913708000
17		1358	1638.939037000
17		41	1638.976275000
17		1358	1638.989527000
17		41	1639.038420000
17		1358	1639.039991000
17		1358	1639.092147000
17		41	1639.100074000
17		1358	1639.143674000
17		46	1639.162473000
17		33	1639.188756000
17		1358	1639.195500000
17		41	1639.223920000
17		1358	1639.248141000
17		41	1639.286412000
17		1358	1639.300068000
17		1358	1639.341370000
17		41	1639.348387000
17		1358	1639.382623000
17		41	1639.410754000
17		1358	1639.424505000
17		41	1639.472232000
17		1358	1639.493683000
17		41	1639.534144000
17		1358	1639.563234000
17		41	1639.596229000
17		1358	1639.615224000
17		41	1639.658462000
17		1358	1639.667812000
17		41	1639.720529000
17		1358	1639.722199000
17		41	1639.782238000
17		1358	1639.783821000
17		41	1639.844393000
17		1358	1639.845925000
17		41	1639.906060000
17		1358	1639.907660000
17		41	1639.968462000
17		1358	1639.970444000
17		1358	1640.022379000
17		41	1640.029881000
17		1358	1640.073415000
17		41	1640.092535000
17		1358	1640.126529000
17		41	1640.153707000
17		1358	1640.178458000
17		41	1640.216054000
17		1358	1640.230688000
17		41	1640.277712000
17		1358	1640.282334000
17		41	1640.339873000
17		1358	1640.341436000
17		46	1640.402544000
17		1358	1640.404126000
17		41	1640.463740000
17		1358	1640.473425000
17		41	1640.526258000
17		1358	1640.542285000
6	68		1640.555286000
17		41	1640.587686000
17		1358	1640.594543000
17		41	1640.650576000
17		1358	1640.652190000
17		1358	1640.703777000
17		41	1640.711744000
6	52		1640.730343000
6	0		1640.730381000
6	0		1640.731971000
17		1358	1640.755790000
17		41	1640.774103000
17		1358	1640.807985000
17		41	1640.836705000
17		1358	1640.860285000
17		41	1640.898484000
6	0		1640.900108000
6	0		1640.900152000
17		1358	1640.913233000
17		41	1640.960541000
17		1358	1640.966319000
17		41	1641.022374000
17		1358	1641.023979000
17		41	1641.084568000
17		1358	1641.085635000
17		41	1641.146244000
17		1358	1641.147850000
17		41	1641.207788000
17		1358	1641.209366000
17		41	1641.270023000
17		1358	1641.271642000
17		41	1641.332492000
17		1358	1641.334074000
17		41	1641.393970000
17		1358	1641.395530000
17		1358	1641.437685000
17		41	1641.456224000
6	0		1641.474242000
17		1358	1641.478469000
17		41	1641.518049000
17		1358	1641.519916000
6	0		1641.572572000
6	0		1641.572626000
17		41	1641.579927000
17		1358	1641.589426000
6	0		1641.611507000
6	12		1641.611726000
17		46	1641.642245000
6	0		1641.650623000
6	12		1641.650655000
6	0		1641.650667000
6	1		1641.650820000
6	4		1641.650836000
6	32		1641.650842000
6	0		1641.650851000
17		1358	1641.658317000
6	0		1641.679579000
6	0		1641.689823000
6	0		1641.689863000
6	0		1641.689944000
6	0		1641.689958000
17		41	1641.703675000
17		1358	1641.710556000
17		41	1641.766128000
17		1358	1641.767395000
17		41	1641.827926000
17		272	1641.829886000
17		41	1641.890656000
17		41	1641.951781000
17		41	1642.014368000
17		41	1642.076432000
17		41	1642.137712000
17		1032	1642.200377000
17		36	1642.200945000
17		140	1642.201745000
17		1353	1642.201766000
17		1358	1642.201769000
17		1358	1642.201773000
17		1358	1642.201776000
17		1358	1642.201779000
17		1358	1642.254484000
17		1358	1642.305405000
17		44	1642.324162000
17		33	1642.349969000
17		41	1642.385626000
17		1358	1642.387166000
17		1358	1642.439136000
17		41	1642.447767000
17		1358	1642.490333000
17		41	1642.510361000
17		1358	1642.532130000
17		41	1642.572493000
17		1358	1642.573645000
17		41	1642.634424000
17		1358	1642.642323000
17		41	1642.696370000
17		1358	1642.711128000
17		41	1642.758612000
17		1358	1642.763227000
17		41	1642.820560000
17		1358	1642.821139000
17		41	1642.881658000
17		1358	1642.883248000
17		41	1642.944302000
17		1358	1642.945918000
17		41	1643.006598000
17		1358	1643.008205000
17		41	1643.068163000
17		1358	1643.069730000
17		41	1643.130458000
17		1358	1643.132027000
17		1358	1643.186342000
17		41	1643.192304000
17		1358	1643.238666000
17		41	1643.254508000
17		1358	1643.292185000
17		41	1643.315945000
17		1358	1643.346453000
17		41	1643.378350000
17		1358	1643.400277000
17		41	1643.439967000
17		1358	1643.454251000
17		41	1643.502546000
17		1358	1643.504290000
17		46	1643.563712000
17		1358	1643.565160000
17		41	1643.625829000
17		1358	1643.637092000
17		41	1643.687917000
17		1358	1643.709231000
17		41	1643.750197000
17		1358	1643.762616000
17		41	1643.812388000
17		1149	1643.816774000
17		41	1643.874051000
17		41	1643.936679000
6	0		1643.936706000
6	0		1643.937426000
17		41	1643.998146000
17		41	1644.060571000
17		41	1644.121797000
17		1115	1644.184584000
17		36	1644.185159000
17		1358	1644.186870000
17		1358	1644.186892000
17		1358	1644.186895000
17		1358	1644.186898000
17		1358	1644.186902000
17		1358	1644.241427000
17		1358	1644.294064000
17		44	1644.308278000
17		33	1644.333974000
17		1358	1644.347041000
17		41	1644.370793000
17		1358	1644.401261000
17		41	1644.432371000
17		1358	1644.455157000
17		41	1644.494417000
17		1358	1644.498237000
17		41	1644.556435000
17		1358	1644.558491000
17		41	1644.618358000
17		1358	1644.630187000
17		41	1644.679787000
17		1358	1644.701236000
17		41	1644.742306000
17		1358	1644.755616000
17		41	1644.804388000
17		1358	1644.809256000
17		41	1644.865833000
17		1358	1644.867162000
17		41	1644.928370000
17		1358	1644.929915000
17		41	1644.990366000
17		1358	1644.991066000
17		41	1645.051986000
17		1358	1645.052012000
17		1358	1645.053133000
17		1358	1645.053585000
17		33	1645.078721000
17		1358	1645.107490000
17		41	1645.114113000
17		1358	1645.160523000
17		41	1645.176074000
17		1358	1645.215208000
17		41	1645.237630000
17		1358	1645.269048000
17		41	1645.300323000
17		1358	1645.323164000
17		41	1645.362303000
17		1358	1645.377195000
17		588	1645.424129000
17		41	1645.424155000
17		36	1645.424828000
17		77	1645.433755000
17		33	1645.433791000
17		41	1645.486621000
17		1358	1645.488181000
17		41	1645.548323000
17		1358	1645.549805000
17		46	1645.610541000
17		1358	1645.612152000
17		41	1645.672010000
17		1358	1645.684459000
17		41	1645.734260000
17		1358	1645.756902000
17		41	1645.796025000
17		41	1645.796054000
17		1358	1645.811243000
17		44	1645.857821000
17		41	1645.857844000
17		41	1645.857850000
17		1358	1645.865413000
17		33	1645.884038000
17		1358	1645.919117000
17		41	1645.919866000
17		1358	1645.972453000
17		41	1645.982268000
17		1358	1646.026919000
17		41	1646.043679000
17		1358	1646.081607000
17		41	1646.106363000
17		1358	1646.135655000
17		41	1646.168036000
17		1358	1646.189573000
17		41	1646.229931000
17		1358	1646.243657000
17		41	1646.291870000
17		1358	1646.298398000
17		41	1646.353891000
17		1358	1646.355470000
17		41	1646.416559000
17		1358	1646.418722000
17		41	1646.477684000
17		1358	1646.478697000
17		41	1646.539964000
17		1358	1646.541590000
17		41	1646.601856000
17		1358	1646.602969000
17		41	1646.663937000
17		1358	1646.675135000
17		41	1646.726084000
17		1358	1646.745727000
17		41	1646.788488000
17		1358	1646.798808000
17		46	1646.849968000
17		1358	1646.851587000
17		1358	1646.905259000
17		41	1646.911986000
17		1358	1646.958214000
17		41	1646.974500000
17		1358	1647.011923000
17		41	1647.036532000
17		1358	1647.066764000
17		41	1647.098043000
17		1358	1647.121046000
17		41	1647.160014000
17		1358	1647.174972000
17		41	1647.222262000
17		1358	1647.229233000
17		41	1647.284322000
17		1358	1647.286041000
17		1358	1647.340528000
17		41	1647.346307000
17		1358	1647.393939000
17		41	1647.407848000
17		1358	1647.448617000
17		41	1647.469672000
17		1358	1647.502011000
17		41	1647.531952000
17		1358	1647.546374000
17		41	1647.594219000
17		1358	1647.595176000
17		41	1647.656744000
17		1358	1647.667407000
17		41	1647.718023000
17		1358	1647.739573000
17		41	1647.779808000
17		1358	1647.793887000
17		41	1647.841797000
17		1358	1647.848188000
17		41	1647.904256000
17		1358	1647.906454000
17		41	1647.966029000
17		1358	1647.967539000
17		41	1648.027773000
17		1358	1648.029383000
17		1358	1648.082891000
17		46	1648.089898000
17		33	1648.115554000
17		1233	1648.136818000
17		41	1648.152104000
17		41	1648.218114000
17		41	1648.276182000
17		41	1648.338257000
17		41	1648.400412000
17		41	1648.462252000
17		1032	1648.523987000
17		36	1648.524596000
17		1358	1648.525414000
17		1358	1648.525432000
17		1358	1648.525435000
17		1358	1648.525439000
17		1358	1648.525442000
17		1358	1648.569373000
6	0		1648.610386000
6	0		1648.610444000
17		1358	1648.612196000
17		44	1648.648223000
6	0		1648.650865000
17		1358	1648.654950000
17		41	1648.709871000
17		1358	1648.727375000
17		41	1648.772225000
17		1358	1648.800100000
17		41	1648.833670000
17		1358	1648.854557000
17		41	1648.896450000
17		1358	1648.909003000
17		41	1648.958267000
17		1358	1648.963700000
17		41	1649.020325000
17		1358	1649.021995000
17		41	1649.081982000
17		1358	1649.083231000
17		41	1649.144401000
17		1358	1649.145414000
17		41	1649.206562000
17		1358	1649.208496000
17		41	1649.267778000
17		1358	1649.269363000
17		41	1649.329983000
17		1358	1649.330889000
17		1358	1649.384868000
17		41	1649.392560000
17		1358	1649.439470000
17		41	1649.454105000
17		1358	1649.493945000
17		41	1649.515791000
17		1358	1649.547936000
17		41	1649.578073000
17		1358	1649.591838000
17		41	1649.640434000
17		1358	1649.642072000
6	0		1649.692528000
6	0		1649.692580000
17		41	1649.702349000
17		1358	1649.713834000
6	0		1649.732194000
6	12		1649.732466000
17		41	1649.764352000
6	0		1649.772077000
6	12		1649.772177000
6	0		1649.772188000
6	1		1649.772329000
6	4		1649.772343000
6	32		1649.772351000
6	0		1649.772361000
17		1358	1649.785455000
6	0		1649.811881000
6	0		1649.812003000
6	0		1649.812009000
6	0		1649.812043000
6	0		1649.812060000
17		41	1649.826242000
17		1358	1649.839559000
17		46	1649.888161000
17		1358	1649.893958000
17		41	1649.949864000
17		1358	1649.951549000
17		41	1650.012502000
17		1358	1650.014100000
17		41	1650.074718000
17		1358	1650.076342000
17		1358	1650.131972000
17		41	1650.136559000
17		1358	1650.184529000
17		41	1650.198152000
17		1358	1650.238755000
17		41	1650.259791000
17		1358	1650.292646000
17		41	1650.322447000
17		1358	1650.346759000
17		41	1650.383984000
17		1358	1650.401318000
17		41	1650.446250000
17		1358	1650.456356000
17		41	1650.507652000
17		1358	1650.510923000
17		41	1650.570568000
17		1358	1650.572134000
17		41	1650.632414000
17		1358	1650.633985000
17		41	1650.694419000
17		1358	1650.706495000
17		41	1650.756170000
17		1358	1650.778189000
17		41	1650.818745000
17		1358	1650.832563000
17		41	1650.880271000
17		1358	1650.886490000
17		1358	1650.940130000
17		41	1650.941695000
17		1358	1650.994162000
17		41	1651.004204000
17		1358	1651.048503000
17		41	1651.066250000
17		741	1651.103563000
17		46	1651.127765000
17		33	1651.152948000
17		41	1651.189631000
17		41	1651.252256000
17		41	1651.314313000
17		41	1651.376327000
17		1115	1651.437734000
17		36	1651.438415000
17		142	1651.439098000
17		1353	1651.461335000
17		1358	1651.461374000
17		1358	1651.461380000
17		1358	1651.461384000
17		1358	1651.515719000
17		44	1651.562540000
17		1358	1651.569718000
17		1358	1651.612668000
17		41	1651.623955000
17		1358	1651.656040000
17		41	1651.685909000
17		1358	1651.700097000
17		41	1651.748209000
17		1358	1651.770786000
17		41	1651.810285000
17		1358	1651.843354000
17		41	1651.872482000
17		1358	1651.896593000
17		41	1651.934470000
17		1358	1651.948286000
17		41	1651.995868000
17		1358	1651.999546000
17		1358	1652.052243000
17		41	1652.057777000
17		1358	1652.102836000
17		41	1652.120511000
6	0		1652.153124000
6	0		1652.153188000
17		1358	1652.155370000
17		41	1652.182137000
6	0		1652.191440000
17		1358	1652.208697000
17		41	1652.244487000
17		1358	1652.261110000
17		41	1652.305921000
17		1358	1652.313747000
17		41	1652.368407000
17		1358	1652.369994000
17		1358	1652.423758000
17		41	1652.429966000
17		1358	1652.473862000
17		41	1652.491907000
17		1358	1652.525957000
17		41	1652.554026000
17		1358	1652.578123000
17		41	1652.616101000
17		1358	1652.619992000
17		41	1652.678290000
17		1358	1652.679805000
17		41	1652.740592000
17		1358	1652.750118000
17		46	1652.801997000
17		1358	1652.819944000
17		41	1652.864219000
17		1358	1652.872618000
17		41	1652.926101000
17		1358	1652.927634000
17		41	1652.988171000
17		1358	1652.989098000
17		41	1653.049994000
17		1358	1653.052107000
17		1358	1653.105622000
17		41	1653.112212000
17		1358	1653.155959000
17		41	1653.173850000
17		1358	1653.208901000
17		41	1653.235641000
17		1358	1653.261605000
17		41	1653.298251000
17		1358	1653.313630000
17		41	1653.360268000
17		1358	1653.366109000
17		41	1653.421843000
17		1358	1653.423486000
17		41	1653.484487000
17		1358	1653.486264000
17		41	1653.545740000
17		1358	1653.547321000
17		41	1653.608349000
17		1358	1653.609925000
17		41	1653.670791000
17		1358	1653.671288000
17		41	1653.732601000
17		1358	1653.740406000
17		41	1653.794444000
17		1358	1653.810343000
17		41	1653.856525000
17		1358	1653.862002000
17		1358	1653.914519000
17		41	1653.918565000
17		1358	1653.965542000
17		41	1653.980194000
17		1358	1654.018923000
17		46	1654.041925000
17		33	1654.068025000
17		1358	1654.071294000
17		41	1654.104175000
17		1358	1654.123527000
17		41	1654.166572000
17		1358	1654.175577000
17		41	1654.228287000
17		1358	1654.229975000
17		41	1654.289928000
17		1358	1654.291614000
17		41	1654.352223000
17		41	1654.414112000
17		41	1654.476282000
17		1358	1654.477901000
17		1358	1654.530241000
17		41	1654.538554000
17		1358	1654.582454000
17		41	1654.599670000
17		1358	1654.634279000
17		41	1654.661764000
17		1358	1654.686518000
17		41	1654.724568000
17		1358	1654.738814000
17		41	1654.785986000
17		1358	1654.790658000
17		1358	1654.842487000
17		41	1654.848178000
17		1358	1654.894434000
17		41	1654.909750000
17		1358	1654.945488000
17		41	1654.971809000
17		1358	1654.986635000
17		305	1655.028544000
17		41	1655.034198000
17		41	1655.095887000
17		41	1655.157859000
17		41	1655.220104000
17		46	1655.282273000
17		33	1655.308803000
17		1115	1655.344061000
17		36	1655.344621000
17		1358	1655.345419000
17		1358	1655.345443000
17		1358	1655.345449000
17		1358	1655.345454000
17		1358	1655.345458000
17		1358	1655.345463000
17		1358	1655.345468000
17		1358	1655.345474000
17		1358	1655.345478000
17		1358	1655.345483000
17		1358	1655.387210000
17		1358	1655.428324000
17		44	1655.467949000
17		33	1655.494085000
17		41	1655.529847000
17		41	1655.592532000
17		41	1655.654236000
17		41	1655.715981000
17		41	1655.777945000
17		1358	1655.778894000
17		41	1655.839973000
17		1358	1655.841924000
17		41	1655.901936000
17		1358	1655.903501000
17		45	1655.964195000
17		1358	1655.965799000
17		41	1656.025819000
17		1358	1656.027482000
17		41	1656.088317000
17		1358	1656.089987000
17		41	1656.149770000
17		1358	1656.150845000
17		41	1656.212359000
17		1358	1656.213997000
17		1358	1656.266218000
17		41	1656.274039000
17		1358	1656.319036000
17		41	1656.336803000
17		1358	1656.371540000
17		41	1656.398231000
17		1358	1656.413899000
17		41	1656.459732000
17		1358	1656.461653000
17		41	1656.522007000
17		1358	1656.523585000
17		41	1656.584115000
17		1358	1656.593755000
17		41	1656.645974000
17		1358	1656.663736000
17		41	1656.708044000
17		1358	1656.717061000
17		41	1656.769973000
17		1358	1656.771593000
17		41	1656.832447000
17		1358	1656.834645000
17		41	1656.893900000
17		1358	1656.895650000
17		1358	1656.948292000
17		41	1656.955874000
17		1358	1657.000045000
17		41	1657.018483000
17		1358	1657.052464000
17		41	1657.080258000
17		1358	1657.105985000
17		41	1657.141813000
17		1358	1657.158358000
17		46	1657.204252000
17		1358	1657.211044000
17		41	1657.265776000
17		1358	1657.267341000
17		41	1657.328098000
17		1358	1657.329656000
17		41	1657.390475000
17		1358	1657.391354000
17		41	1657.451980000
17		1358	1657.453590000
17		41	1657.514571000
17		1358	1657.515172000
17		41	1657.575831000
17		1358	1657.585012000
17		41	1657.638375000
17		1358	1657.655560000
17		41	1657.700211000
17		1358	1657.706425000
17		1358	1657.758494000
17		41	1657.761729000
17		1358	1657.810528000
6	0		1657.812072000
6	0		1657.812123000
17		41	1657.823713000
6	0		1657.851200000
6	12		1657.851423000
17		1358	1657.863685000
17		41	1657.885709000
6	0		1657.890530000
6	12		1657.890568000
6	0		1657.890580000
6	1		1657.890727000
6	4		1657.890742000
6	32		1657.890748000
6	0		1657.890757000
17		1358	1657.916035000
6	0		1657.929846000
6	0		1657.929897000
6	0		1657.929903000
6	0		1657.929999000
6	0		1657.930031000
17		41	1657.947946000
17		1358	1657.968940000
17		41	1658.010767000
17		1358	1658.021296000
17		41	1658.072070000
17		1358	1658.074375000
17		41	1658.133683000
17		1358	1658.135313000
17		41	1658.196087000
17		1358	1658.197414000
17		41	1658.258125000
17		1358	1658.259771000
17		41	1658.319680000
17		1358	1658.320755000
17		1358	1658.372773000
17		41	1658.381997000
17		1358	1658.425763000
17		46	1658.444012000
17		33	1658.470426000
17		1358	1658.478527000
17		41	1658.506351000
17		1358	1658.521030000
17		41	1658.567894000
17		1358	1658.569480000
17		41	1658.630301000
17		1358	1658.639778000
17		41	1658.691771000
17		1358	1658.709596000
17		41	1658.754543000
17		1358	1658.761350000
17		41	1658.816012000
17		1358	1658.817411000
17		41	1658.878588000
17		1358	1658.879703000
17		41	1658.939822000
17		1358	1658.941865000
17		41	1659.002251000
17		1358	1659.003857000
17		41	1659.064303000
17		687	1659.064325000
17		36	1659.065685000
17		1358	1659.065900000
17		75	1659.073638000
17		33	1659.073678000
17		1358	1659.119063000
17		41	1659.126250000
17		1358	1659.169910000
17		41	1659.188227000
17		1358	1659.221977000
17		41	1659.250358000
17		1280	1659.274758000
17		41	1659.312763000
17		41	1659.375135000
17		41	1659.375165000
17		44	1659.436432000
17		41	1659.436474000
17		41	1659.436485000
17		33	1659.462131000
17		41	1659.497952000
17		41	1659.560539000
17		41	1659.621725000
17		1032	1659.684487000
17		36	1659.685113000
17		1358	1659.686967000
17		1358	1659.686989000
17		1358	1659.686993000
17		1358	1659.686997000
17		1358	1659.687001000
17		1358	1659.730032000
17		1358	1659.772649000
17		44	1659.807843000
17		1358	1659.815228000
17		41	1659.870036000
17		1358	1659.886404000
17		41	1659.932596000
17		1358	1659.958631000
17		41	1659.993693000
17		1358	1660.012241000
17		41	1660.055806000
17		1358	1660.066240000
17		41	1660.118539000
17		1358	1660.119934000
17		41	1660.179685000
17		1358	1660.181413000
17		41	1660.242249000
17		1358	1660.243826000
17		41	1660.304069000
17		1358	1660.305678000
17		41	1660.366251000
17		1358	1660.368136000
17		41	1660.428067000
17		1358	1660.429634000
17		41	1660.489686000
17		1358	1660.490468000
17		1358	1660.544345000
17		41	1660.551896000
17		1358	1660.597593000
17		41	1660.613806000
17		1358	1660.651416000
17		41	1660.675879000
17		1358	1660.705470000
17		41	1660.737840000
17		1358	1660.749209000
17		41	1660.799737000
17		1358	1660.801400000
17		41	1660.861637000
17		1358	1660.872645000
17		41	1660.924066000
17		1358	1660.944624000
17		41	1660.985986000
17		1358	1660.998481000
17		46	1661.047955000
17		1358	1661.052397000
17		41	1661.109800000
17		1358	1661.111423000
17		41	1661.171680000
17		1358	1661.173367000
17		41	1661.233971000
17		1358	1661.235677000
17		1358	1661.289289000
17		41	1661.296178000
17		1358	1661.342276000
17		41	1661.357745000
17		1358	1661.396849000
17		41	1661.420473000
17		1358	1661.450665000
17		41	1661.482250000
17		1358	1661.504543000
17		41	1661.544344000
17		1358	1661.558453000
17		41	1661.606164000
17		1358	1661.612459000
17		41	1661.667893000
17		1358	1661.669254000
17		41	1661.729860000
17		1358	1661.731600000
17		41	1661.792513000
17		1358	1661.794131000
17		41	1661.853887000
17		1358	1661.865390000
17		41	1661.916584000
17		1358	1661.937139000
17		41	1661.978682000
17		1358	1661.991459000
17		41	1662.040369000
17		1358	1662.044065000
17		1358	1662.096883000
17		41	1662.101858000
17		1358	1662.149876000
17		41	1662.164182000
17		1358	1662.203515000
17		41	1662.226241000
6	0		1662.254980000
6	0		1662.255018000
17		741	1662.256522000
17		46	1662.288074000
17		33	1662.313700000
17		41	1662.349791000
17		41	1662.411772000
17		41	1662.474163000
17		41	1662.536304000
17		1114	1662.597976000
17		37	1662.598619000
17		142	1662.599416000
17		1353	1662.599440000
17		1358	1662.599459000
17		1358	1662.599464000
17		1358	1662.599469000
17		1358	1662.653640000
17		1358	1662.708101000
17		45	1662.722821000
17		33	1662.748148000
17		1358	1662.761964000
17		41	1662.784337000
17		1358	1662.805106000
17		41	1662.846428000
17		1358	1662.848428000
17		41	1662.908376000
17		1358	1662.920958000
17		41	1662.969639000
17		1358	1662.992299000
17		41	1663.032221000
17		1358	1663.046845000
17		41	1663.094686000
17		1358	1663.100276000
17		1358	1663.153636000
17		41	1663.156104000
17		1358	1663.206358000
17		41	1663.218020000
17		1358	1663.260921000
17		41	1663.279969000
17		1358	1663.314743000
17		41	1663.342031000
17		1358	1663.368963000
17		41	1663.404155000
17		1358	1663.422774000
17		41	1663.466253000
17		1358	1663.476994000
17		41	1663.527661000
17		1358	1663.531363000
17		1358	1663.585651000
17		41	1663.590235000
17		1358	1663.637986000
17		41	1663.652103000
17		1358	1663.692817000
17		41	1663.714240000
17		1358	1663.747673000
17		41	1663.776357000
17		1358	1663.790916000
17		41	1663.838244000
17		1358	1663.839917000
17		41	1663.900601000
17		1358	1663.911318000
17		46	1663.962507000
17		1358	1663.983212000
17		41	1664.023900000
17		1358	1664.037583000
17		41	1664.086384000
17		1358	1664.090894000
17		41	1664.147822000
17		1358	1664.149402000
17		41	1664.209964000
17		1358	1664.211596000
17		1358	1664.266057000
17		41	1664.272007000
17		1358	1664.318403000
17		41	1664.334247000
17		1358	1664.372874000
17		41	1664.396539000
17		1358	1664.427292000
17		41	1664.458477000
17		1358	1664.481512000
17		41	1664.520222000
17		1358	1664.535921000
17		41	1664.581989000
17		1358	1664.590505000
17		41	1664.644163000
17		1358	1664.645721000
17		41	1664.705832000
17		1358	1664.707419000
17		41	1664.768460000
17		1358	1664.770117000
17		41	1664.829687000
17		1358	1664.831258000
17		41	1664.892313000
17		1358	1664.903663000
17		41	1664.954552000
17		1358	1664.976365000
17		41	1665.016458000
17		1358	1665.030649000
17		41	1665.077855000
17		1358	1665.083889000
17		1358	1665.136622000
17		41	1665.140187000
17		1358	1665.189899000
17		46	1665.201971000
17		33	1665.227515000
17		1358	1665.244214000
17		41	1665.264509000
17		1358	1665.298904000
17		41	1665.326534000
17		1358	1665.353166000
17		41	1665.388185000
17		1358	1665.407428000
17		41	1665.449740000
17		1358	1665.462000000
17		41	1665.511977000
17		1358	1665.514138000
17		41	1665.574278000
17		1358	1665.575870000
17		41	1665.635711000
17		1358	1665.636177000
17		41	1665.698433000
17		813	1665.699938000
17		41	1665.759926000
17		41	1665.822117000
17		41	1665.884824000
17		41	1665.946457000
17		41	1666.008603000
17		1115	1666.069916000
17		37	1666.070514000
17		142	1666.071402000
17		1353	1666.071430000
17		1358	1666.071435000
17		1358	1666.071440000
17		1358	1666.071461000
17		1358	1666.125201000
17		1358	1666.178256000
17		45	1666.193944000
17		33	1666.220202000
17		1358	1666.231762000
17		41	1666.256022000
17		1358	1666.284691000
17		41	1666.318343000
17		1358	1666.338291000
17		41	1666.380010000
17		1358	1666.392002000
17		41	1666.441650000
17		1358	1666.443305000
17		1358	1666.497694000
17		41	1666.503988000
17		1358	1666.551233000
17		41	1666.566133000
17		1358	1666.605478000
17		41	1666.627693000
17		1358	1666.658814000
17		41	1666.689754000
17		1358	1666.713292000
17		41	1666.752122000
17		1358	1666.757012000
17		41	1666.814566000
17		1358	1666.816234000
17		41	1666.876233000
17		1358	1666.887583000
17		41	1666.937742000
17		1358	1666.959230000
17		41	1667.000032000
17		1358	1667.013416000
17		41	1667.062533000
17		1358	1667.067802000
17		1358	1667.121122000
17		41	1667.123659000
17		1358	1667.173822000
17		41	1667.186243000
17		1358	1667.227374000
6	0		1667.248214000
6	0		1667.248240000
17		41	1667.248248000
6	0		1667.249314000
6	0		1667.249393000
17		1358	1667.281766000
17		41	1667.309735000
17		1358	1667.335614000
17		41	1667.371939000
17		1358	1667.390087000
17		46	1667.433940000
17		1358	1667.444272000
17		41	1667.496300000
17		1358	1667.497648000
17		41	1667.558733000
17		1358	1667.560139000
17		41	1667.620044000
17		1358	1667.621638000
17		41	1667.682249000
17		1358	1667.683624000
17		41	1667.743950000
17		1358	1667.745027000
17		1358	1667.788467000
17		41	1667.805899000
17		1358	1667.830945000
17		41	1667.868109000
17		1358	1667.902426000
17		41	1667.930254000
17		1358	1667.974370000
17		41	1667.991900000
17		1358	1668.028320000
17		41	1668.053801000
17		1358	1668.082650000
17		41	1668.116516000
17		1358	1668.137111000
17		41	1668.177987000
17		1358	1668.191410000
17		41	1668.240148000
17		1358	1668.245826000
17		41	1668.301730000
17		1358	1668.303696000
17		41	1668.364062000
17		1358	1668.365577000
17		41	1668.426023000
17		1358	1668.427586000
17		1358	1668.481328000
17		41	1668.487937000
17		1358	1668.534906000
17		41	1668.550539000
17		1358	1668.588539000
17		41	1668.612167000
17		1358	1668.642378000
17		46	1668.673858000
17		1358	1668.696700000
17		41	1668.736579000
17		1358	1668.738209000
17		41	1668.798328000
17		1358	1668.799904000
17		41	1668.860504000
17		1358	1668.872431000
17		41	1668.922240000
17		1358	1668.943252000
17		41	1668.983825000
17		1358	1668.996924000
17		41	1669.045949000
17		1358	1669.050476000
17		41	1669.108385000
17		1358	1669.109997000
17		41	1669.170086000
17		1358	1669.171184000
17		1358	1669.224804000
17		41	1669.232469000
17		1358	1669.278095000
17		41	1669.293788000
17		1358	1669.332693000
17		41	1669.356391000
17		688	1669.386067000
17		41	1669.418156000
17		41	1669.480468000
17		41	1669.542079000
17		41	1669.603693000
17		41	1669.665856000
17		1032	1669.728161000
17		37	1669.728803000
17		135	1669.729452000
17		1353	1669.729472000
17		1358	1669.729477000
17		1358	1669.729482000
17		1358	1669.729487000
17		1358	1669.772938000
17		1358	1669.814904000
17		45	1669.852104000
17		1358	1669.858372000
17		41	1669.913780000
17		1358	1669.929172000
17		41	1669.976680000
17		1358	1670.001100000
17		41	1670.037743000
17		1358	1670.054291000
17		41	1670.100253000
17		1358	1670.107158000
17		1358	1670.159827000
17		41	1670.162560000
17		1358	1670.213585000
17		41	1670.224362000
17		1358	1670.266787000
17		41	1670.286010000
17		1358	1670.319959000
17		41	1670.348510000
17		1358	1670.374112000
17		41	1670.410499000
17		1358	1670.428819000
17		41	1670.472038000
17		1358	1670.482125000
17		41	1670.534135000
17		1358	1670.535757000
17		41	1670.596579000
17		1358	1670.597727000
17		41	1670.658304000
17		1358	1670.659348000
17		1358	1670.713614000
17		41	1670.720475000
17		1358	1670.766584000
17		41	1670.781933000
17		1358	1670.809894000
17		41	1670.843800000
17		1358	1670.853269000
17		41	1670.906063000
17		1358	1670.924904000
17		41	1670.968493000
17		1358	1670.997388000
17		41	1671.030253000
17		1358	1671.050661000
17		46	1671.091850000
17		1358	1671.104738000
17		41	1671.153922000
17		1358	1671.159845000
17		41	1671.215978000
17		1358	1671.217529000
17		41	1671.278243000
17		1358	1671.279847000
17		41	1671.339891000
17		1358	1671.341547000
17		1358	1671.395565000
17		41	1671.402156000
17		1358	1671.448859000
17		41	1671.464476000
17		1358	1671.502811000
17		41	1671.526304000
17		1358	1671.557277000
17		41	1671.588304000
17		1358	1671.611098000
17		41	1671.649676000
17		1358	1671.665252000
17		41	1671.711680000
17		1358	1671.718882000
17		41	1671.773907000
17		1358	1671.775545000
17		41	1671.835776000
17		1358	1671.836716000
17		41	1671.897694000
17		1358	1671.908584000
17		41	1671.959979000
17		1358	1671.980833000
17		41	1672.021886000
17		1358	1672.035543000
17		41	1672.084169000
17		1358	1672.089113000
17		1358	1672.142212000
17		41	1672.145925000
17		1358	1672.195849000
17		41	1672.208526000
17		1358	1672.249480000
17		41	1672.270241000
17		641	1672.303535000
17		46	1672.332110000
17		33	1672.357493000
17		41	1672.393880000
17		41	1672.455757000
17		41	1672.517882000
17		41	1672.579997000
17		1114	1672.642065000
17		37	1672.642700000
17		1358	1672.644467000
17		1358	1672.644494000
17		1358	1672.644497000
17		1358	1672.644501000
17		1358	1672.644504000
17		1358	1672.699327000
17		1358	1672.752491000
17		45	1672.766128000
17		33	1672.792607000
17		1358	1672.805151000
17		41	1672.827882000
17		1358	1672.849024000
17		41	1672.890290000
6	0		1672.891049000
6	0		1672.891091000
17		1358	1672.891868000
17		41	1672.952192000
17		1358	1672.963810000
17		41	1673.014117000
17		1358	1673.035338000
17		41	1673.076070000
6	0		1673.079066000
6	41		1673.084691000
17		1358	1673.089536000
17		41	1673.137688000
17		1358	1673.143226000
17		41	1673.199809000
17		1358	1673.201238000
17		41	1673.262350000
17		1358	1673.263558000
6	0		1673.272389000
6	21		1673.283042000
6	0		1673.283078000
6	1080		1673.284085000
17		41	1673.323837000
17		1358	1673.325495000
17		41	1673.386398000
17		1358	1673.387965000
17		41	1673.448014000
17		1358	1673.449653000
6	440		1673.475741000
17		41	1673.510521000
17		1358	1673.512138000
6	0		1673.518241000
17		1358	1673.567238000
17		41	1673.572000000
17		1358	1673.620367000
17		41	1673.634499000
17		1358	1673.674559000
17		41	1673.696232000
6	48		1673.705964000
6	0		1673.706010000
6	280		1673.710212000
17		1358	1673.730448000
17		41	1673.757889000
17		1358	1673.785136000
17		41	1673.819873000
17		1358	1673.829370000
17		41	1673.882470000
17		1358	1673.884050000
6	16		1673.901505000
6	0		1673.931826000
6	0		1673.931893000
6	0		1673.942209000
17		41	1673.943634000
17		1358	1673.957730000
6	0		1673.971368000
6	12		1673.971683000
17		46	1674.006219000
6	0		1674.010701000
6	12		1674.010926000
6	0		1674.010940000
6	1		1674.011111000
6	4		1674.011130000
6	32		1674.011139000
6	0		1674.011150000
17		1358	1674.030446000
6	0		1674.050150000
6	0		1674.050290000
6	0		1674.050495000
6	0		1674.050557000
6	0		1674.050576000
17		41	1674.068360000
17		1358	1674.085326000
17		41	1674.129875000
6	52		1674.129911000
6	0		1674.129943000
6	52		1674.130053000
17		1358	1674.139964000
6	0		1674.163560000
6	0		1674.163602000
17		41	1674.191643000
17		1358	1674.193265000
17		1358	1674.249567000
17		41	1674.254303000
17		1358	1674.302734000
17		41	1674.316406000
6	84		1674.322985000
17		1358	1674.356783000
6	0		1674.366231000
17		41	1674.378022000
17		1358	1674.411307000
17		41	1674.440148000
17		1358	1674.465729000
17		41	1674.501707000
17		1358	1674.520344000
17		41	1674.564460000
17		1358	1674.574243000
17		41	1674.626533000
17		1358	1674.628115000
17		41	1674.688556000
17		1358	1674.689932000
17		41	1674.750239000
17		1358	1674.751045000
17		41	1674.811749000
17		1358	1674.813472000
17		41	1674.874288000
17		1358	1674.874909000
17		41	1674.935813000
17		1358	1674.947174000
17		41	1674.998093000
17		1358	1675.017649000
17		41	1675.059821000
17		588	1675.059846000
17		36	1675.061419000
17		77	1675.069595000
17		33	1675.069631000
17		1358	1675.071345000
17		41	1675.122339000
17		1358	1675.123778000
17		1358	1675.177038000
17		41	1675.184697000
17		736	1675.230682000
17		46	1675.246521000
17		33	1675.272825000
17		41	1675.308418000
17		44	1675.370670000
17		41	1675.370694000
17		41	1675.370699000
17		33	1675.397065000
17		41	1675.432354000
17		41	1675.494073000
17		1107	1675.494099000
17		33	1675.494713000
17		33	1675.494726000
17		142	1675.495601000
17		1358	1675.501318000
17		1358	1675.556308000
17		41	1675.556408000
17		1358	1675.608495000
17		45	1675.617963000
17		33	1675.642885000
17		1358	1675.661651000
17		41	1675.680444000
17		1358	1675.714994000
17		41	1675.742170000
17		1358	1675.768060000
17		41	1675.804331000
17		1358	1675.810185000
17		1358	1675.847596000
17		41	1675.866381000
17		1358	1675.884351000
17		1358	1675.921700000
17		41	1675.927951000
17		1358	1675.958932000
17		41	1675.990098000
17		1358	1676.021513000
17		41	1676.052490000
17		1358	1676.068105000
17		41	1676.113772000
17		1358	1676.114730000
17		1358	1676.161742000
17		41	1676.176517000
17		1358	1676.207947000
17		41	1676.237836000
17		1358	1676.254899000
17		41	1676.300069000
17		1358	1676.301663000
17		1358	1676.348021000
17		41	1676.362679000
6	68		1676.394135000
17		1358	1676.394430000
17		41	1676.424363000
17		1358	1676.441039000
17		41	1676.485883000
17		1358	1676.486527000
17		1358	1676.535059000
17		41	1676.548339000
17		1358	1676.581462000
6	52		1676.590959000
6	0		1676.591009000
6	0		1676.591037000
6	0		1676.592525000
17		41	1676.610243000
17		1358	1676.627275000
17		41	1676.672343000
17		1358	1676.674124000
17		1358	1676.720458000
17		41	1676.734555000
17		1358	1676.767421000
6	0		1676.780202000
17		41	1676.795835000
17		1358	1676.805966000
17		46	1676.858785000
17		1358	1676.860492000
17		41	1676.920223000
17		1358	1676.921791000
17		41	1676.981726000
17		1358	1676.985745000
17		41	1677.044059000
17		1358	1677.045637000
17		41	1677.106241000
17		1358	1677.107771000
17		41	1677.167970000
17		1358	1677.169334000
17		1358	1677.216965000
17		41	1677.230067000
17		1358	1677.263161000
17		41	1677.292424000
17		1358	1677.310676000
17		41	1677.354548000
17		1358	1677.358116000
17		41	1677.415903000
17		1358	1677.416873000
17		41	1677.477687000
17		1358	1677.479376000
17		41	1677.540198000
17		1358	1677.542196000
17		41	1677.602239000
17		1358	1677.603392000
17		41	1677.664343000
17		1358	1677.666276000
17		41	1677.726516000
17		1358	1677.728093000
17		41	1677.787847000
17		1358	1677.788481000
17		41	1677.850288000
17		1358	1677.851806000
17		41	1677.912025000
17		1358	1677.913531000
17		41	1677.973872000
17		1358	1677.975429000
17		1318	1678.023662000
17		41	1678.036402000
17		46	1678.098063000
17		33	1678.123572000
17		41	1678.160162000
17		41	1678.222065000
17		41	1678.284098000
17		41	1678.346274000
17		41	1678.408304000
17		1034	1678.469916000
17		37	1678.470547000
17		135	1678.471125000
17		1353	1678.471234000
17		1358	1678.471257000
17		1358	1678.471262000
17		1358	1678.471265000
17		1358	1678.471269000
17		1358	1678.518655000
17		1358	1678.565037000
17		45	1678.594818000
17		1358	1678.611839000
17		41	1678.656448000
17		1358	1678.658080000
17		1358	1678.706256000
17		41	1678.718104000
17		41	1678.780494000
17		1358	1678.782099000
17		41	1678.841726000
17		1358	1678.843318000
17		41	1678.904322000
17		1358	1678.905927000
17		41	1678.965701000
17		1358	1678.967223000
17		41	1679.028061000
17		1358	1679.029632000
17		41	1679.090467000
17		1358	1679.092032000
17		41	1679.151872000
17		1358	1679.153550000
17		41	1679.214307000
17		1358	1679.215881000
17		41	1679.275935000
17		1358	1679.277693000
17		41	1679.338032000
17		1358	1679.339215000
17		41	1679.399970000
17		1358	1679.401598000
17		1358	1679.448953000
17		41	1679.462310000
17		1358	1679.495366000
17		41	1679.524241000
17		1358	1679.543018000
17		41	1679.585971000
17		1358	1679.591144000
17		41	1679.648224000
17		1358	1679.649737000
17		41	1679.710477000
17		1358	1679.712063000
17		41	1679.771992000
17		1358	1679.773486000
17		46	1679.833671000
17		1358	1679.835278000
17		41	1679.895816000
17		1358	1679.904797000
17		41	1679.958529000
17		1358	1679.975174000
17		41	1680.020078000
17		1358	1680.027986000
17		41	1680.081865000
17		1358	1680.083459000
17		1358	1680.136205000
17		41	1680.144218000
17		1358	1680.187802000
17		41	1680.206624000
17		1358	1680.240219000
17		41	1680.268100000
17		1358	1680.292254000
17		41	1680.313840000
17		1358	1680.344765000
17		41	1680.360287000
17		1358	1680.397521000
17		41	1680.405872000
17		1358	1680.450513000
17		41	1680.452583000
17		41	1680.497751000
17		1358	1680.502748000
17		41	1680.543794000
17		1358	1680.555236000
17		41	1680.589811000
17		1358	1680.607533000
17		41	1680.636455000
17		1358	1680.658426000
17		41	1680.682024000
17		1358	1680.710596000
17		41	1680.727771000
17		1358	1680.762564000
17		41	1680.773765000
17		1358	1680.814805000
17		41	1680.820380000
17		1358	1680.856601000
17		46	1680.866336000
17		33	1680.892138000
17		1358	1680.898704000
17		41	1680.911948000
17		641	1680.940743000
17		41	1680.957814000
17		41	1681.003880000
17		41	1681.049927000
17		1138	1681.096274000
17		37	1681.096925000
17		137	1681.097656000
17		1353	1681.097772000
17		1358	1681.097777000
17		1358	1681.097780000
17		1358	1681.097784000
17		1358	1681.097786000
17		1358	1681.097790000
17		1358	1681.097793000
17		1358	1681.147574000
17		45	1681.187733000
17		1358	1681.195075000
17		41	1681.233798000
17		1358	1681.243188000
17		41	1681.280352000
17		1358	1681.291694000
17		41	1681.325697000
17		1358	1681.339959000
17		41	1681.372569000
17		1358	1681.387883000
17		41	1681.418562000
17		1358	1681.436004000
17		41	1681.464523000
17		1358	1681.483792000
17		41	1681.510271000
17		1358	1681.532437000
17		41	1681.556392000
17		1358	1681.580620000
17		41	1681.601918000
17		1358	1681.613043000
17		1358	1681.645978000
17		41	1681.647820000
17		1358	1681.678690000
17		41	1681.694370000
17		1358	1681.734971000
17		41	1681.740078000
17		41	1681.786293000
17		1358	1681.789995000
17		41	1681.832243000
17		1358	1681.832797000
17		1358	1681.873251000
17		41	1681.878148000
17		1358	1681.912946000
17		41	1681.924576000
17		1358	1681.954677000
17		41	1681.970336000
17		1358	1681.995401000
17		41	1682.015813000
17		1358	1682.035956000
6	0		1682.052272000
6	0		1682.052344000
17		41	1682.062472000
17		1358	1682.077030000
6	0		1682.092195000
6	12		1682.092517000
17		46	1682.108157000
17		1358	1682.118078000
6	0		1682.132388000
6	12		1682.132426000
6	0		1682.132439000
6	1		1682.132643000
6	4		1682.132667000
6	32		1682.132679000
6	0		1682.132692000
17		41	1682.154091000
17		1358	1682.159298000
6	0		1682.172499000
6	0		1682.172551000
6	0		1682.172618000
6	0		1682.172632000
17		1358	1682.200222000
17		41	1682.200297000
17		1358	1682.241494000
17		41	1682.246250000
17		1358	1682.283014000
17		41	1682.292566000
17		1358	1682.323955000
17		41	1682.337832000
17		1358	1682.357934000
17		41	1682.384294000
17		1358	1682.391179000
17		41	1682.430424000
17		1358	1682.444919000
17		41	1682.476311000
17		1358	1682.499230000
17		41	1682.522083000
17		1358	1682.540595000
17		41	1682.568511000
6	0		1682.568538000
6	0		1682.569467000
17		1358	1682.582244000
17		41	1682.614158000
17		1358	1682.622243000
17		41	1682.659633000
17		1358	1682.661168000
17		1358	1682.703550000
17		41	1682.706303000
17		1358	1682.745018000
17		41	1682.751783000
17		1358	1682.786807000
17		41	1682.798243000
17		1358	1682.829066000
17		41	1682.843919000
17		1358	1682.870382000
17		41	1682.890204000
17		1358	1682.912182000
17		41	1682.936500000
17		641	1682.953089000
17		41	1682.982221000
17		46	1683.028221000
17		33	1683.052284000
17		41	1683.073733000
17		41	1683.120303000
17		41	1683.166514000
17		41	1683.211737000
17		1122	1683.258439000
17		37	1683.259116000
17		1358	1683.259835000
17		1358	1683.259853000
17		1358	1683.259857000
17		1358	1683.259860000
17		1358	1683.259863000
17		1358	1683.259866000
17		1358	1683.259869000
17		1358	1683.259890000
17		1358	1683.301776000
17		45	1683.349939000
17		1358	1683.351615000
17		41	1683.396018000
17		1358	1683.397646000
17		41	1683.441652000
17		1358	1683.443201000
17		41	1683.487793000
17		1358	1683.490014000
17		41	1683.534400000
17		1358	1683.535978000
17		41	1683.579670000
17		1358	1683.581278000
17		41	1683.626117000
17		1358	1683.627231000
17		41	1683.672269000
17		1358	1683.674012000
17		41	1683.718322000
17		1358	1683.720287000
17		41	1683.764187000
17		1358	1683.765121000
17		41	1683.810389000
17		1358	1683.812603000
17		41	1683.856208000
17		1358	1683.867717000
6	0		1683.877085000
6	0		1683.877146000
17		41	1683.901843000
17		1358	1683.922807000
17		41	1683.947998000
17		1358	1683.964155000
17		41	1683.994006000
17		1358	1684.005263000
17		41	1684.040271000
17		1358	1684.045684000
17		41	1684.086000000
17		1358	1684.086132000
17		1358	1684.126847000
17		41	1684.132120000
17		1358	1684.168749000
6	0		1684.174938000
17		41	1684.178762000
6	41		1684.180596000
17		1358	1684.210897000
17		41	1684.224019000
17		1358	1684.253307000
17		46	1684.270251000
17		33	1684.293733000
17		1358	1684.294734000
17		41	1684.315699000
17		1358	1684.337190000
17		41	1684.361691000
17		1358	1684.378335000
17		41	1684.408425000
17		1358	1684.420139000
17		41	1684.453723000
17		1358	1684.461934000
6	0		1684.477637000
6	21		1684.477672000
6	0		1684.477683000
6	1080		1684.478711000
17		1358	1684.494099000
17		41	1684.499728000
17		41	1684.546249000
17		41	1684.592394000
17		1358	1684.594121000
17		41	1684.638390000
17		1358	1684.649805000
17		41	1684.684224000
17		1358	1684.692297000
17		41	1684.730100000
17		1358	1684.733505000
6	0		1684.775257000
6	440		1684.775293000
17		41	1684.776557000
17		1358	1684.777989000
6	0		1684.818230000
17		41	1684.822362000
17		1358	1684.824764000
17		41	1684.868569000
17		1358	1684.870157000
17		41	1684.914241000
17		1358	1684.916012000
17		1358	1684.957333000
17		41	1684.960419000
17		1358	1684.998699000
17		41	1685.005663000
17		1358	1685.040566000
17		41	1685.052156000
17		1358	1685.082494000
17		41	1685.097831000
6	48		1685.115245000
6	0		1685.115287000
6	280		1685.121533000
17		1358	1685.123863000
17		41	1685.143799000
17		1358	1685.165603000
17		46	1685.189740000
17		1358	1685.207682000
17		41	1685.236011000
17		1358	1685.240698000
17		41	1685.281946000
17		1358	1685.283588000
17		41	1685.328278000
17		1358	1685.338658000
17		41	1685.374583000
17		1358	1685.393993000
6	0		1685.417691000
17		41	1685.419793000
6	16		1685.426869000
17		1325	1685.435826000
17		41	1685.466231000
6	0		1685.470220000
17		41	1685.512573000
17		41	1685.558167000
17		41	1685.604286000
17		41	1685.650364000
17		1031	1685.695656000
17		37	1685.696301000
17		1358	1685.698133000
17		1358	1685.698149000
17		1358	1685.698153000
17		1358	1685.698156000
17		1358	1685.698159000
17		1358	1685.739310000
6	52		1685.767218000
6	0		1685.767255000
6	52		1685.767348000
17		1358	1685.780921000
17		45	1685.788204000
17		33	1685.812660000
17		1358	1685.820215000
17		41	1685.834381000
17		1358	1685.862070000
17		41	1685.880308000
17		1358	1685.903950000
17		41	1685.926669000
17		1358	1685.945102000
17		41	1685.972097000
17		1358	1685.986564000
17		41	1686.018283000
17		1358	1686.019860000
17		41	1686.063849000
6	84		1686.063899000
17		1358	1686.065320000
6	0		1686.106244000
17		41	1686.110115000
17		1358	1686.119840000
17		41	1686.156535000
17		1358	1686.175379000
17		41	1686.202056000
17		1358	1686.216977000
17		41	1686.247646000
17		1358	1686.258805000
17		41	1686.294228000
17		1358	1686.300903000
17		41	1686.340253000
17		1358	1686.341310000
17		1358	1686.382311000
17		41	1686.385872000
17		1358	1686.423918000
17		41	1686.432499000
17		1358	1686.465850000
17		41	1686.478101000
17		1358	1686.507534000
17		41	1686.524156000
17		1358	1686.548899000
17		41	1686.569799000
17		1358	1686.590740000
17		41	1686.616310000
17		1358	1686.632933000
17		41	1686.662004000
17		1358	1686.673957000
17		46	1686.708056000
17		1358	1686.715051000
17		41	1686.753989000
17		1358	1686.755781000
17		41	1686.800410000
17		1358	1686.801735000
17		41	1686.846464000
17		1358	1686.857300000
17		41	1686.891890000
17		1358	1686.911796000
17		41	1686.938578000
17		1358	1686.952646000
17		41	1686.984311000
17		1358	1686.993233000
17		41	1687.029819000
17		1358	1687.033572000
17		1358	1687.074762000
17		41	1687.076344000
17		1358	1687.114270000
17		41	1687.121897000
17		1358	1687.155716000
17		41	1687.168283000
17		1358	1687.197149000
17		41	1687.213997000
17		1358	1687.238622000
6	0		1687.244136000
6	0		1687.244188000
17		41	1687.260623000
17		151	1687.280628000
17		41	1687.305908000
17		41	1687.351948000
17		41	1687.397986000
6	0		1687.398911000
6	41		1687.404535000
17		41	1687.444030000
17		1114	1687.490157000
17		37	1687.490872000
17		143	1687.491473000
17		1353	1687.491505000
17		1358	1687.491510000
17		1358	1687.491513000
17		1358	1687.491516000
17		1358	1687.524768000
17		1358	1687.557238000
6	0		1687.559202000
6	21		1687.559437000
6	0		1687.559476000
6	1080		1687.560513000
17		45	1687.582392000
17		1358	1687.589818000
17		41	1687.627863000
17		1358	1687.643862000
17		41	1687.673964000
17		1358	1687.698471000
6	440		1687.715210000
17		41	1687.720033000
17		1358	1687.738721000
6	0		1687.758228000
17		41	1687.765704000
17		1358	1687.780094000
17		41	1687.811782000
17		1358	1687.820183000
17		41	1687.858161000
17		1358	1687.859696000
17		1358	1687.899776000
17		41	1687.904404000
6	48		1687.911314000
6	0		1687.911351000
6	280		1687.917281000
17		1358	1687.939667000
17		41	1687.949820000
17		1358	1687.980695000
17		41	1687.995918000
17		1358	1688.021010000
17		41	1688.041754000
17		1358	1688.060893000
6	16		1688.075567000
17		41	1688.088376000
17		1358	1688.101397000
6	0		1688.118225000
17		41	1688.133775000
17		1358	1688.141703000
17		41	1688.179661000
17		1358	1688.181259000
17		1358	1688.221197000
17		41	1688.225823000
17		1358	1688.260800000
6	52		1688.271497000
6	0		1688.271543000
6	52		1688.271715000
17		41	1688.272216000
17		1358	1688.293082000
17		41	1688.318760000
17		1358	1688.325635000
17		41	1688.364419000
17		1358	1688.379225000
17		41	1688.409863000
6	84		1688.425212000
17		1358	1688.433528000
6	68		1688.446440000
17		41	1688.456451000
6	0		1688.466220000
17		1358	1688.474661000
17		46	1688.501946000
17		1358	1688.514982000
17		41	1688.547878000
17		1358	1688.555485000
17		41	1688.594260000
17		1358	1688.595772000
17		41	1688.639628000
17		1358	1688.641228000
17		41	1688.685775000
17		1358	1688.687475000
17		1358	1688.728312000
17		41	1688.732309000
6	52		1688.743387000
6	0		1688.743428000
6	0		1688.743462000
6	0		1688.744738000
17		1358	1688.767216000
17		41	1688.778414000
17		1358	1688.807806000
17		41	1688.824257000
17		1358	1688.847772000
17		41	1688.869983000
17		1358	1688.888186000
17		41	1688.916067000
17		1358	1688.927733000
17		41	1688.962257000
17		1358	1688.967999000
17		41	1689.007879000
17		1358	1689.009400000
6	0		1689.042389000
17		41	1689.054539000
17		1358	1689.056131000
17		41	1689.099775000
17		1358	1689.109364000
17		41	1689.146162000
17		1358	1689.162602000
17		41	1689.191889000
17		1358	1689.203204000
17		41	1689.237683000
17		1358	1689.243600000
17		1358	1689.283657000
17		41	1689.284378000
17		1358	1689.322235000
17		41	1689.329775000
17		1358	1689.362830000
17		41	1689.376616000
17		1358	1689.402968000
17		46	1689.421970000
17		1358	1689.443479000
17		41	1689.468268000
17		1358	1689.483770000
17		41	1689.513610000
17		1358	1689.523785000
17		41	1689.559982000
17		1358	1689.563883000
17		41	1689.606276000
17		1358	1689.607181000
17		41	1689.652068000
17		1358	1689.653638000
17		41	1689.698245000
17		1358	1689.699777000
17		41	1689.743858000
17		1358	1689.745281000
17		1358	1689.778004000
17		41	1689.790115000
17		1358	1689.809440000
17		41	1689.836270000
17		1358	1689.862648000
17		41	1689.882486000
17		1358	1689.915865000
17		41	1689.927793000
17		1358	1689.955845000
17		41	1689.973852000
17		1358	1689.996577000
17		41	1690.020153000
17		1358	1690.037904000
17		41	1690.066049000
17		1358	1690.077987000
17		41	1690.112094000
17		1358	1690.118462000
17		41	1690.158201000
17		1358	1690.159733000
17		41	1690.204507000
17		1358	1690.206026000
17		41	1690.250305000
17		1358	1690.251868000
17		1358	1690.292514000
17		41	1690.296205000
17		1358	1690.331822000
17		46	1690.342027000
17		33	1690.365953000
17		1358	1690.371934000
17		41	1690.387903000
17		1358	1690.412007000
6	68		1690.417134000
17		41	1690.433988000
17		1358	1690.452059000
17		41	1690.479984000
17		1358	1690.484485000
17		41	1690.526232000
17		1358	1690.527743000
6	52		1690.571511000
6	0		1690.571552000
17		41	1690.571633000
6	0		1690.571689000
6	0		1690.572844000
17		1358	1690.582079000
17		41	1690.618379000
17		1080	1690.635635000
17		41	1690.663737000
17		41	1690.709643000
6	0		1690.725864000
17		41	1690.756383000
6	0		1690.756409000
6	0		1690.757045000
17		41	1690.802614000
17		41	1690.847899000
17		1032	1690.894324000
17		37	1690.894959000
17		135	1690.895563000
17		1353	1690.895607000
17		1358	1690.895611000
17		1358	1690.895614000
17		1358	1690.895618000
17		1358	1690.935915000
17		1358	1690.975616000
17		45	1690.985788000
17		33	1691.009465000
17		1358	1691.014761000
17		41	1691.032082000
17		1358	1691.053866000
17		41	1691.078114000
17		1358	1691.094137000
17		41	1691.124081000
17		1358	1691.133415000
17		41	1691.170258000
17		1358	1691.172049000
17		1358	1691.204374000
17		41	1691.216595000
17		41	1691.262473000
17		41	1691.308545000
17		1358	1691.309624000
17		41	1691.354427000
17		1358	1691.356015000
17		41	1691.399712000
17		1358	1691.401160000
17		41	1691.446007000
17		1358	1691.447517000
17		41	1691.492072000
17		1358	1691.493664000
17		41	1691.537837000
17		1358	1691.538606000
17		1358	1691.579060000
17		41	1691.583864000
17		1358	1691.618726000
17		41	1691.630484000
17		1358	1691.657751000
17		41	1691.675928000
17		1358	1691.696931000
17		41	1691.721694000
17		1358	1691.737820000
17		41	1691.768070000
17		1358	1691.776473000
17		41	1691.813827000
17		1358	1691.816022000
17		1358	1691.855612000
17		41	1691.859814000
17		1358	1691.894846000
17		46	1691.906081000
17		33	1691.930730000
17		1358	1691.933954000
17		41	1691.952428000
17		1358	1691.973943000
17		41	1691.998136000
17		1358	1692.013292000
17		41	1692.044058000
17		1358	1692.052846000
17		41	1692.090235000
17		1358	1692.091362000
17		1358	1692.131880000
17		41	1692.136382000
17		1358	1692.172003000
17		41	1692.181964000
17		1358	1692.210731000
17		41	1692.228442000
17		1358	1692.250540000
17		41	1692.274021000
17		1358	1692.289062000
17		41	1692.319718000
17		1358	1692.329652000
17		41	1692.366338000
17		1358	1692.367847000
17		1358	1692.407850000
17		41	1692.411941000
17		1358	1692.446325000
17		41	1692.457935000
17		1358	1692.485489000
17		41	1692.504343000
17		1358	1692.517659000
17		41	1692.549752000
17		1358	1692.549827000
17		1358	1692.580590000
17		41	1692.595837000
17		1358	1692.612647000
17		41	1692.641679000
17		1358	1692.643295000
17		41	1692.687855000
17		1358	1692.696565000
17		41	1692.734538000
17		1358	1692.748811000
17		41	1692.779803000
17		627	1692.800523000
17		46	1692.825773000
17		33	1692.849985000
17		41	1692.872575000
17		41	1692.918037000
17		41	1692.964136000
17		41	1693.010163000
17		1114	1693.056187000
17		37	1693.056820000
17		1358	1693.057844000
17		1358	1693.057861000
17		1358	1693.057865000
17		1358	1693.057868000
17		1358	1693.057871000
17		1358	1693.057874000
17		1358	1693.057877000
17		1358	1693.057881000
17		1358	1693.057884000
17		1358	1693.057888000
17		1358	1693.098096000
17		1358	1693.137825000
17		45	1693.147816000
17		33	1693.171720000
17		41	1693.193943000
17		41	1693.239921000
17		41	1693.285998000
17		41	1693.331978000
17		41	1693.377936000
17		1358	1693.379531000
17		41	1693.424035000
17		1358	1693.424894000
17		41	1693.469709000
17		1358	1693.471074000
17		41	1693.515931000
17		1358	1693.517556000
17		41	1693.562189000
17		1358	1693.563086000
17		41	1693.608230000
17		1358	1693.610031000
17		41	1693.654075000
17		1358	1693.662833000
17		41	1693.700130000
17		1358	1693.716429000
17		41	1693.746020000
17		1358	1693.756944000
17		41	1693.792572000
17		1358	1693.794213000
17		1358	1693.835299000
17		41	1693.837973000
17		1358	1693.874612000
17		41	1693.884360000
17		1358	1693.914685000
17		41	1693.929843000
17		1358	1693.954654000
17		41	1693.975791000
17		1358	1693.995292000
17		41	1694.021670000
17		1358	1694.035571000
17		46	1694.068309000
17		1358	1694.076023000
17		41	1694.113919000
17		1358	1694.115471000
17		41	1694.160007000
17		1358	1694.161254000
17		41	1694.206505000
17		1358	1694.208084000
17		1358	1694.248132000
17		41	1694.252341000
17		1358	1694.287552000
17		41	1694.298309000
17		1358	1694.319629000
17		41	1694.343640000
17		1358	1694.351515000
17		41	1694.390466000
17		1358	1694.405326000
17		41	1694.435647000
17		1358	1694.458801000
17		41	1694.482237000
17		1358	1694.498849000
17		41	1694.527946000
17		1358	1694.539306000
17		41	1694.574029000
17		1358	1694.579685000
17		41	1694.619875000
17		1358	1694.621404000
17		41	1694.665863000
17		1358	1694.667347000
17		41	1694.712535000
17		1358	1694.714130000
17		1358	1694.754970000
17		41	1694.757962000
17		1358	1694.793699000
17		41	1694.804325000
17		1358	1694.833671000
17		41	1694.849945000
17		1358	1694.874308000
17		41	1694.896052000
17		1358	1694.914684000
17		41	1694.942386000
17		1358	1694.955006000
17		46	1694.987904000
17		1358	1694.995598000
17		41	1695.033920000
17		1358	1695.035516000
17		41	1695.079793000
17		1358	1695.081382000
17		41	1695.125773000
17		1358	1695.135221000
17		41	1695.172380000
17		1358	1695.189278000
17		41	1695.218083000
17		1358	1695.229388000
17		41	1695.264448000
17		1358	1695.269554000
17		41	1695.310452000
17		1358	1695.310527000
17		1358	1695.349524000
17		41	1695.355772000
17		1358	1695.390112000
17		41	1695.401837000
17		1358	1695.431960000
17		41	1695.448222000
17		1358	1695.472624000
17		41	1695.494354000
17		1358	1695.513429000
17		41	1695.539830000
17		1358	1695.554144000
17		41	1695.585761000
17		1358	1695.594980000
17		41	1695.632212000
17		1358	1695.635152000
17		41	1695.678319000
17		1358	1695.679951000
17		41	1695.724222000
17		1358	1695.726127000
17		41	1695.769826000
17		1358	1695.771077000
17		1358	1695.804530000
17		41	1695.816549000
17		1358	1695.836310000
17		41	1695.862440000
17		1358	1695.890251000
17		46	1695.908516000
17		33	1695.933141000
17		1358	1695.944355000
17		41	1695.953774000
17		1358	1695.984948000
17		41	1695.999758000
17		1358	1696.025957000
17		41	1696.046598000
17		1358	1696.066809000
17		41	1696.092414000
17		1358	1696.108183000
17		41	1696.138548000
17		1358	1696.148337000
17		41	1696.183890000
17		1358	1696.188581000
17		41	1696.230423000
17		1358	1696.231974000
17		41	1696.275748000
17		1358	1696.277511000
17		41	1696.322312000
17		1358	1696.324319000
17		1358	1696.365646000
17		41	1696.368027000
17		1064	1696.404115000
17		41	1696.413692000
17		41	1696.460068000
17		41	1696.506258000
17		41	1696.552454000
17		41	1696.598503000
17		41	1696.643692000
17		1032	1696.690455000
17		37	1696.691132000
17		140	1696.691807000
17		1353	1696.709491000
17		1358	1696.709527000
17		1358	1696.709530000
17		1358	1696.709534000
17		1358	1696.742441000
17		1358	1696.774113000
17		45	1696.782126000
17		33	1696.806479000
17		1358	1696.806512000
17		41	1696.828495000
17		1358	1696.859531000
17		41	1696.874182000
17		1358	1696.913343000
17		41	1696.920012000
17		1358	1696.953780000
17		41	1696.965807000
17		1358	1696.992873000
17		41	1697.011682000
17		1358	1697.032935000
17		41	1697.057884000
17		1358	1697.073071000
17		41	1697.104034000
17		1358	1697.112988000
17		41	1697.150185000
17		1358	1697.151770000
17		1358	1697.191210000
17		41	1697.196204000
17		1358	1697.230025000
17		41	1697.242248000
17		1358	1697.269968000
17		41	1697.288101000
17		1358	1697.310612000
17		41	1697.334072000
17		1358	1697.351817000
17		41	1697.380115000
17		1358	1697.392459000
17		41	1697.426012000
17		1358	1697.433478000
17		1358	1697.463773000
17		41	1697.472546000
17		1358	1697.496145000
17		41	1697.517964000
17		1358	1697.528633000
17		41	1697.564124000
17		1358	1697.582804000
17		41	1697.609631000
17		1358	1697.636485000
17		41	1697.655793000
17		1358	1697.676834000
17		46	1697.701658000
17		1358	1697.717943000
17		41	1697.748106000
17		1358	1697.759096000
17		41	1697.794054000
17		1358	1697.799782000
17		41	1697.840065000
17		1358	1697.841616000
17		41	1697.886002000
17		1358	1697.887613000
17		1358	1697.928362000
17		41	1697.931827000
17		1358	1697.967431000
17		41	1697.978374000
17		1358	1698.007235000
17		41	1698.023640000
17		1358	1698.048033000
17		41	1698.069810000
17		1358	1698.089081000
17		41	1698.116207000
17		1358	1698.129521000
17		41	1698.162145000
17		1358	1698.169984000
6	0		1698.174834000
6	0		1698.174888000
17		41	1698.207728000
17		1358	1698.208287000
6	0		1698.214640000
6	12		1698.214918000
6	0		1698.254337000
17		41	1698.254450000
6	12		1698.254478000
6	0		1698.254491000
6	1		1698.254681000
6	4		1698.254704000
6	32		1698.254713000
6	0		1698.254726000
17		1358	1698.256631000
6	0		1698.294076000
6	0		1698.294112000
6	0		1698.294117000
6	0		1698.294259000
6	0		1698.294272000
17		41	1698.300327000
17		1358	1698.310825000
17		41	1698.345810000
17		1358	1698.364206000
17		41	1698.391797000
17		1358	1698.404089000
17		41	1698.438220000
17		1358	1698.444774000
17		41	1698.484050000
17		1358	1698.485612000
17		1358	1698.524418000
17		41	1698.529969000
17		1358	1698.564290000
17		41	1698.575647000
17		1358	1698.605285000
17		46	1698.621874000
17		1358	1698.646109000
17		41	1698.668751000
17		1358	1698.686880000
17		41	1698.714476000
17		638	1698.726627000
17		41	1698.760201000
17		41	1698.805764000
17		41	1698.851879000
17		41	1698.897988000
17		41	1698.944123000
17		1114	1698.990199000
17		37	1698.990775000
17		143	1698.991512000
17		1353	1698.991551000
17		1358	1698.991556000
17		1358	1698.991559000
17		1358	1698.991562000
17		1358	1699.024335000
17		1358	1699.056046000
17		45	1699.082445000
17		685	1699.082467000
17		36	1699.084133000
17		1358	1699.086726000
17		75	1699.092705000
17		33	1699.092857000
17		41	1699.128172000
17		1358	1699.139934000
17		41	1699.173953000
17		1358	1699.192898000
17		41	1699.220061000
17		1358	1699.232865000
17		41	1699.266103000
17		1358	1699.272505000
17		1358	1699.311135000
17		41	1699.312341000
17		41	1699.312362000
17		1358	1699.351747000
17		44	1699.358359000
17		41	1699.358390000
17		41	1699.358398000
17		33	1699.384156000
17		1358	1699.392839000
17		41	1699.403926000
17		1358	1699.433179000
17		41	1699.450394000
17		1358	1699.473431000
17		41	1699.496003000
17		1358	1699.513938000
17		41	1699.542649000
17		1358	1699.555020000
17		41	1699.588316000
17		1358	1699.596118000
17		41	1699.633613000
17		1358	1699.635168000
17		41	1699.680183000
17		1358	1699.681727000
17		41	1699.726073000
17		1358	1699.727647000
17		41	1699.771935000
17		1358	1699.773512000
17		1358	1699.805953000
17		41	1699.817775000
17		1358	1699.837424000
17		41	1699.864267000
17		1358	1699.890714000
17		41	1699.909802000
17		1358	1699.944779000
17		41	1699.956040000
17		1358	1699.985725000
17		46	1700.002246000
17		33	1700.026640000
17		1358	1700.026681000
17		41	1700.047942000
17		1358	1700.067491000
17		41	1700.093802000
17		1358	1700.108746000
17		41	1700.140349000
17		1358	1700.149860000
17		41	1700.186048000
17		1358	1700.190690000
17		41	1700.232422000
17		1358	1700.234165000
17		41	1700.278193000
17		1358	1700.279410000
17		41	1700.324162000
17		1358	1700.325350000
17		1358	1700.366525000
17		41	1700.370467000
17		1358	1700.406557000
17		41	1700.416213000
17		1358	1700.447781000
6	0		1700.459851000
6	0		1700.459908000
17		41	1700.461834000
17		1358	1700.488837000
17		41	1700.507958000
17		1358	1700.522642000
6	0		1700.538468000
17		41	1700.554004000
17		1358	1700.555609000
17		41	1700.600193000
17		1358	1700.609503000
17		41	1700.645836000
17		1358	1700.663357000
17		41	1700.691887000
17		1358	1700.703426000
17		41	1700.738335000
17		1358	1700.744105000
17		41	1700.784685000
17		1358	1700.786169000
17		41	1700.830339000
17		1358	1700.831900000
17		1358	1700.872295000
17		41	1700.876278000
17		1358	1700.912199000
17		46	1700.922362000
17		33	1700.946455000
17		1358	1700.953133000
17		41	1700.968182000
17		1358	1700.994174000
17		41	1701.014156000
17		1358	1701.034852000
17		41	1701.060379000
17		1358	1701.075095000
17		41	1701.106017000
17		1358	1701.115431000
17		41	1701.152137000
17		1358	1701.155694000
17		41	1701.197757000
17		1358	1701.199348000
17		41	1701.243778000
17		1358	1701.245530000
17		41	1701.290415000
17		1358	1701.291962000
17		41	1701.335876000
17		1358	1701.345674000
17		41	1701.382508000
17		1358	1701.399174000
17		41	1701.427731000
17		1358	1701.439591000
17		41	1701.474095000
17		1358	1701.479841000
17		1358	1701.518710000
17		41	1701.519728000
17		1358	1701.557953000
17		41	1701.565848000
17		1358	1701.598320000
17		41	1701.612056000
17		1358	1701.638890000
17		41	1701.658308000
17		1358	1701.679920000
17		41	1701.704259000
17		1358	1701.721099000
17		41	1701.750039000
17		1358	1701.761406000
17		41	1701.796239000
17		1358	1701.802058000
17		46	1701.841891000
17		1358	1701.843517000
17		41	1701.887686000
17		1358	1701.889272000
17		1358	1701.929378000
17		41	1701.934607000
17		1358	1701.969876000
17		41	1701.979792000
17		1358	1702.002248000
17		41	1702.025934000
17		1358	1702.035316000
17		41	1702.072285000
17		859	1702.089000000
6	0		1702.099742000
6	0		1702.099791000
17		41	1702.118438000
17		41	1702.164149000
17		41	1702.210149000
17		41	1702.256309000
17		41	1702.302391000
17		1115	1702.348248000
17		37	1702.348836000
17		143	1702.349677000
17		1353	1702.349722000
17		1358	1702.349727000
17		1358	1702.349730000
17		1358	1702.349733000
17		1358	1702.390581000
17		1358	1702.430330000
17		45	1702.440429000
17		33	1702.464185000
17		1358	1702.469164000
17		41	1702.486431000
17		1358	1702.508196000
17		41	1702.532278000
17		1358	1702.548449000
17		41	1702.578227000
17		1358	1702.588326000
17		41	1702.624565000
17		1358	1702.626120000
17		1358	1702.666390000
17		41	1702.670511000
17		1358	1702.706758000
17		41	1702.716381000
17		1358	1702.746887000
17		41	1702.761789000
6	0		1702.775370000
6	0		1702.775419000
17		1358	1702.779117000
17		41	1702.807941000
17		1358	1702.811576000
6	0		1702.813883000
17		41	1702.854097000
17		1358	1702.865686000
17		41	1702.899959000
17		1358	1702.919136000
17		41	1702.945764000
17		1358	1702.959596000
17		41	1702.992348000
17		1358	1702.999172000
17		41	1703.037826000
17		1358	1703.039845000
17		1358	1703.080924000
17		41	1703.084794000
17		1358	1703.119364000
17		41	1703.130254000
17		1358	1703.159642000
17		41	1703.176540000
17		41	1703.221700000
17		41	1703.267883000
17		1358	1703.269568000
17		41	1703.313966000
17		1358	1703.315223000
17		46	1703.359797000
17		1358	1703.361368000
17		41	1703.406362000
17		1358	1703.408191000
17		41	1703.452401000
17		1358	1703.453972000
17		1358	1703.493996000
17		41	1703.498316000
17		1358	1703.533341000
17		41	1703.544202000
17		1358	1703.573314000
17		41	1703.590401000
17		1358	1703.612488000
17		41	1703.636583000
17		1358	1703.651721000
17		41	1703.682478000
17		1358	1703.691478000
17		41	1703.728256000
17		1358	1703.729832000
17		1358	1703.770473000
17		41	1703.774440000
17		1358	1703.809345000
17		41	1703.820573000
17		1358	1703.849469000
17		41	1703.866427000
17		1358	1703.888462000
17		41	1703.912440000
17		1358	1703.928242000
17		41	1703.958423000
17		1358	1703.967791000
17		41	1704.004290000
17		1358	1704.005967000
17		1358	1704.046316000
17		41	1704.049945000
17		1358	1704.086663000
17		41	1704.095958000
17		1358	1704.125294000
17		41	1704.142354000
17		1358	1704.164220000
17		41	1704.188507000
17		1358	1704.204032000
17		41	1704.234369000
17		1358	1704.244037000
17		46	1704.280261000
17		1358	1704.282410000
17		1358	1704.321830000
17		41	1704.326623000
17		1358	1704.361114000
17		41	1704.371925000
17		1358	1704.400022000
17		41	1704.418252000
17		1358	1704.432034000
17		1358	1704.463512000
17		41	1704.464269000
17		1358	1704.494233000
17		41	1704.510491000
17		1358	1704.526815000
17		41	1704.556508000
17		1358	1704.557488000
17		41	1704.602367000
17		1358	1704.609729000
17		41	1704.648117000
17		1358	1704.662342000
17		41	1704.693949000
17		1358	1704.714293000
17		41	1704.740424000
17		1358	1704.766965000
17		41	1704.786567000
17		1358	1704.805891000
17		41	1704.832148000
17		1358	1704.844965000
17		41	1704.878071000
17		1358	1704.884067000
17		1358	1704.923335000
17		41	1704.924137000
17		1358	1704.963525000
17		41	1704.970355000
17		1358	1705.002321000
17		41	1705.015721000
17		1358	1705.041840000
17		41	1705.061717000
17		587	1705.061739000
17		36	1705.062567000
17		77	1705.070503000
17		33	1705.070622000
17		1358	1705.080883000
17		41	1705.108071000
17		1358	1705.119516000
17		41	1705.154395000
17		1358	1705.159161000
17		1358	1705.198576000
17		46	1705.199633000
17		33	1705.223888000
17		1358	1705.237748000
17		41	1705.246664000
17		1358	1705.276582000
17		41	1705.292554000
17		1358	1705.315627000
17		44	1705.338421000
17		41	1705.338444000
17		41	1705.338450000
17		1358	1705.356205000
17		33	1705.364219000
17		41	1705.383849000
17		1358	1705.395099000
17		41	1705.430305000
17		1358	1705.433690000
17		1358	1705.472848000
17		41	1705.476140000
17		1358	1705.512421000
17		41	1705.522080000
17		1358	1705.551186000
17		41	1705.567734000
17		1358	1705.591311000
17		41	1705.614333000
17		1358	1705.629886000
17		41	1705.659834000
17		1358	1705.668610000
17		41	1705.705698000
17		1358	1705.707217000
17		1358	1705.748534000
17		41	1705.751822000
17		1358	1705.787978000
17		41	1705.798695000
17		1358	1705.826266000
17		41	1705.844062000
17		1358	1705.865221000
17		41	1705.890908000
17		1358	1705.897095000
17		1358	1705.927928000
17		41	1705.936497000
17		1358	1705.960041000
17		41	1705.982136000
17		1358	1705.991109000
17		1358	1706.022224000
17		41	1706.028023000
17		1358	1706.053823000
17		41	1706.074255000
17		1358	1706.105988000
17		46	1706.120057000
17		33	1706.144268000
17		1358	1706.158362000
17		41	1706.166349000
17		1358	1706.210670000
17		41	1706.211593000
17		41	1706.258597000
17		1358	1706.263543000
6	0		1706.294770000
6	0		1706.294823000
17		1358	1706.302437000
17		41	1706.304067000
6	0		1706.333911000
6	12		1706.334134000
17		1358	1706.341935000
17		41	1706.349892000
6	0		1706.373141000
6	12		1706.373229000
6	0		1706.373240000
6	1		1706.373429000
6	4		1706.373447000
6	32		1706.373458000
6	0		1706.373469000
17		1358	1706.381638000
17		41	1706.396186000
6	0		1706.412358000
6	0		1706.412405000
6	0		1706.412515000
6	0		1706.412521000
6	0		1706.412537000
17		1358	1706.419825000
17		41	1706.441766000
17		1358	1706.459168000
17		46	1706.488189000
17		35	1706.489725000
17		1358	1706.499005000
17		41	1706.534362000
17		1358	1706.537882000
17		1358	1706.576975000
17		41	1706.580050000
17		1358	1706.615986000
17		41	1706.626057000
17		1358	1706.655592000
17		41	1706.671984000
17		1358	1706.695316000
17		41	1706.717843000
17		1358	1706.734261000
17		41	1706.764512000
17		1358	1706.773743000
17		41	1706.810534000
17		1358	1706.812055000
17		1358	1706.852380000
17		41	1706.855792000
17		1358	1706.891157000
17		41	1706.902073000
17		1358	1706.930645000
17		41	1706.948264000
17		1358	1706.969684000
17		41	1706.993831000
17		1358	1707.009955000
17		41	1707.039860000
17		1308	1707.049227000
17		41	1707.086032000
17		41	1707.132227000
17		41	1707.178495000
17		41	1707.224591000
17		41	1707.269865000
17		41	1707.315918000
17		41	1707.361927000
17		46	1707.408498000
17		33	1707.432744000
17		41	1707.454748000
17		1032	1707.499910000
17		37	1707.500489000
17		135	1707.501168000
17		1353	1707.501190000
17		1358	1707.501195000
17		1358	1707.501199000
17		1358	1707.501204000
17		1358	1707.501208000
17		1358	1707.501213000
17		1358	1707.501217000
17		1358	1707.501221000
17		1358	1707.501225000
17		1358	1707.532775000
17		1358	1707.564798000
17		45	1707.592476000
17		33	1707.610658000
17		41	1707.638114000
17		41	1707.683803000
17		41	1707.729965000
17		41	1707.776133000
17		1358	1707.777481000
17		41	1707.821987000
17		1358	1707.822634000
17		41	1707.867669000
17		1358	1707.869270000
17		41	1707.914097000
17		1358	1707.915664000
17		41	1707.960325000
17		1358	1707.961903000
17		41	1708.005682000
17		1358	1708.007070000
17		41	1708.052124000
17		1358	1708.053651000
17		41	1708.098409000
17		1358	1708.100012000
17		41	1708.143886000
17		1358	1708.145201000
17		41	1708.190148000
17		1358	1708.191763000
17		1358	1708.232750000
17		41	1708.236449000
17		1358	1708.273201000
17		41	1708.282000000
17		1358	1708.314276000
17		41	1708.328301000
17		1358	1708.355157000
17		41	1708.374536000
17		1358	1708.397511000
17		41	1708.420406000
17		1358	1708.430945000
17		41	1708.465619000
17		1358	1708.467472000
17		46	1708.511986000
17		1358	1708.513666000
17		41	1708.558540000
17		1358	1708.567992000
17		41	1708.603747000
17		1358	1708.622308000
17		41	1708.649981000
17		1358	1708.676676000
17		41	1708.696374000
17		1358	1708.718120000
17		41	1708.741795000
17		1358	1708.758732000
17		41	1708.788408000
17		1358	1708.799071000
17		41	1708.833809000
17		1358	1708.838558000
17		1358	1708.877492000
17		41	1708.880085000
17		1358	1708.916860000
17		41	1708.925914000
17		1358	1708.957499000
17		41	1708.972134000
17		1358	1708.997027000
17		41	1709.017650000
17		1358	1709.037842000
17		41	1709.064355000
17		1358	1709.078262000
17		41	1709.109923000
17		1358	1709.119084000
17		41	1709.156355000
17		1358	1709.157852000
17		41	1709.202469000
17		1358	1709.204070000
17		41	1709.248200000
17		1358	1709.250053000
17		1358	1709.289668000
17		41	1709.294276000
17		1358	1709.329773000
17		41	1709.339876000
17		1358	1709.370062000
17		41	1709.385866000
17		634	1709.409848000
17		46	1709.432131000
17		33	1709.450106000
17		41	1709.478089000
17		41	1709.524215000
17		41	1709.570189000
17		41	1709.616426000
17		1115	1709.662519000
17		38	1709.663162000
17		145	1709.663859000
17		1353	1709.663891000
17		1358	1709.663897000
17		1358	1709.663900000
17		1358	1709.663903000
17		1358	1709.663906000
17		1358	1709.704443000
17		1358	1709.744105000
17		46	1709.754139000
17		33	1709.772621000
17		41	1709.799647000
17		1358	1709.801225000
17		1358	1709.841650000
17		41	1709.845808000
17		1358	1709.880630000
17		41	1709.891752000
17		1358	1709.921389000
17		41	1709.938019000
17		1358	1709.961701000
17		41	1709.984590000
17		1358	1710.001975000
17		41	1710.029981000
17		1358	1710.042034000
17		41	1710.076205000
17		1358	1710.081927000
17		41	1710.122128000
17		1358	1710.123354000
17		41	1710.168507000
17		1358	1710.170045000
17		41	1710.213664000
17		1358	1710.215258000
17		41	1710.260025000
17		1358	1710.269112000
17		41	1710.306388000
17		1358	1710.323101000
17		41	1710.352305000
17		1358	1710.363559000
6	0		1710.382831000
6	0		1710.382879000
17		41	1710.398291000
17		1358	1710.403592000
17		1358	1710.443377000
17		41	1710.443727000
17		1358	1710.482884000
17		41	1710.489878000
17		1358	1710.523015000
17		41	1710.536183000
6	0		1710.537841000
17		1358	1710.563837000
17		41	1710.582266000
17		1358	1710.604725000
17		41	1710.628335000
17		1358	1710.645449000
17		46	1710.674253000
17		1358	1710.686306000
17		41	1710.719717000
17		1358	1710.726577000
17		41	1710.766518000
17		1358	1710.768121000
17		41	1710.811765000
17		1358	1710.813327000
17		41	1710.858229000
17		1358	1710.859491000
17		1358	1710.892829000
17		41	1710.904416000
17		1358	1710.924405000
17		41	1710.949996000
17		1358	1710.957035000
17		41	1710.996494000
17		1358	1711.010946000
17		41	1711.042089000
17		1358	1711.065113000
17		41	1711.088044000
17		1358	1711.105385000
17		41	1711.134187000
17		1358	1711.145511000
17		41	1711.180160000
17		1358	1711.186483000
17		41	1711.225711000
17		1358	1711.226753000
17		41	1711.272143000
17		1358	1711.273808000
6	0		1711.302014000
6	0		1711.302081000
17		41	1711.317897000
17		1358	1711.319517000
17		41	1711.364211000
17		1358	1711.365824000
6	0		1711.391925000
17		41	1711.409608000
17		1358	1711.411959000
17		1358	1711.452564000
17		41	1711.455822000
17		1358	1711.492121000
17		41	1711.501726000
17		1358	1711.532763000
17		41	1711.548325000
17		1358	1711.572541000
17		46	1711.594026000
17		33	1711.612489000
17		1358	1711.612516000
17		41	1711.640733000
17		1358	1711.645490000
17		41	1711.686020000
17		1358	1711.687870000
17		41	1711.731630000
17		1358	1711.741037000
17		41	1711.777905000
17		1358	1711.794811000
17		41	1711.824108000
17		1358	1711.835219000
17		41	1711.870043000
17		1358	1711.876257000
17		41	1711.916364000
17		1358	1711.917903000
17		41	1711.962439000
17		1358	1711.964398000
17		1358	1712.005856000
17		41	1712.008110000
17		1358	1712.044336000
17		41	1712.053979000
17		1358	1712.084483000
17		41	1712.100500000
17		1358	1712.125075000
17		41	1712.145707000
17		1358	1712.165222000
17		41	1712.192086000
17		1358	1712.205383000
17		41	1712.238554000
17		1358	1712.245642000
6	0		1712.272731000
6	0		1712.272782000
17		41	1712.283808000
17		1358	1712.285384000
17		41	1712.330013000
17		1358	1712.331630000
17		41	1712.376083000
17		1358	1712.376801000
17		41	1712.422144000
17		1358	1712.424175000
17		41	1712.468325000
17		1358	1712.477879000
17		46	1712.514468000
17		1358	1712.531696000
17		41	1712.560124000
17		1358	1712.571382000
17		41	1712.605789000
17		1358	1712.609928000
17		1358	1712.650670000
17		41	1712.651619000
17		1358	1712.689200000
17		41	1712.697889000
17		1358	1712.729549000
17		41	1712.744330000
17		1358	1712.770117000
17		41	1712.789701000
17		1358	1712.811073000
17		41	1712.836224000
17		1358	1712.851239000
17		41	1712.882277000
17		1358	1712.891582000
6	0		1712.923707000
6	0		1712.923757000
17		41	1712.927759000
17		1358	1712.931990000
17		41	1712.973789000
17		1358	1712.975657000
6	0		1713.013649000
17		1358	1713.016598000
17		41	1713.020101000
17		1358	1713.055590000
17		41	1713.066016000
17		1358	1713.095835000
17		41	1713.111972000
17		1358	1713.128450000
17		41	1713.157995000
17		1358	1713.159269000
17		41	1713.203866000
17		1358	1713.212910000
17		41	1713.250422000
17		1358	1713.265982000
17		41	1713.296333000
17		1358	1713.306614000
17		41	1713.342436000
17		1358	1713.346987000
17		41	1713.388083000
17		1358	1713.389404000
17		46	1713.433620000
17		1358	1713.435240000
17		41	1713.479667000
17		1358	1713.480898000
17		41	1713.526561000
17		1358	1713.528512000
17		1358	1713.569166000
17		41	1713.572257000
17		1358	1713.608385000
17		41	1713.618520000
17		1358	1713.648361000
17		41	1713.663662000
6	0		1713.669577000
6	0		1713.669636000
17		1358	1713.688252000
17		41	1713.710491000
17		1358	1713.728131000
17		41	1713.756358000
17		1358	1713.769038000
17		41	1713.802305000
17		1358	1713.809964000
17		41	1713.848189000
17		1358	1713.849321000
17		41	1713.894082000
17		1358	1713.895725000
17		41	1713.939964000
17		1358	1713.950115000
17		41	1713.985882000
17		1358	1714.002633000
17		41	1714.032295000
17		1358	1714.042729000
17		41	1714.078254000
17		1358	1714.083022000
17		1358	1714.122995000
17		41	1714.124063000
17		1358	1714.162573000
6	0		1714.163041000
17		41	1714.170270000
17		1358	1714.203616000
17		41	1714.215904000
17		1358	1714.243738000
17		41	1714.261684000
17		1358	1714.283671000
17		41	1714.307868000
17		1358	1714.324016000
17		46	1714.353758000
17		1358	1714.363881000
17		41	1714.400129000
17		1358	1714.403878000
6	0		1714.412489000
6	0		1714.412540000
17		41	1714.446282000
17		1358	1714.447825000
6	0		1714.451243000
6	12		1714.451480000
6	0		1714.490139000
6	12		1714.490189000
6	0		1714.490200000
6	1		1714.490352000
6	4		1714.490368000
6	32		1714.490376000
6	0		1714.490384000
17		41	1714.492501000
17		1358	1714.493632000
6	0		1714.529048000
6	0		1714.529171000
6	0		1714.529195000
6	0		1714.529319000
6	0		1714.529339000
17		41	1714.538164000
17		1358	1714.539868000
17		1358	1714.571687000
17		41	1714.583915000
17		1358	1714.603284000
17		41	1714.629820000
17		1358	1714.636135000
17		41	1714.676180000
17		1358	1714.689939000
17		41	1714.722161000
17		1358	1714.743807000
17		41	1714.768385000
17		1358	1714.784237000
17		41	1714.813985000
17		1358	1714.824554000
17		41	1714.860280000
17		1106	1714.864623000
17		41	1714.906428000
17		41	1714.951639000
17		41	1714.997740000
17		41	1715.043819000
17		41	1715.090048000
17		1032	1715.136308000
17		38	1715.136947000
17		142	1715.137818000
17		1353	1715.137842000
17		1358	1715.137856000
17		1358	1715.137859000
17		1358	1715.137863000
17		1358	1715.178689000
17		1358	1715.219003000
17		46	1715.228371000
17		33	1715.247341000
17		1358	1715.258000000
17		41	1715.274260000
17		1358	1715.297814000
17		41	1715.320103000
17		1358	1715.338640000
17		41	1715.366039000
17		1358	1715.371173000
17		1358	1715.403129000
17		41	1715.412007000
17		1358	1715.434352000
17		41	1715.458238000
17		1358	1715.488567000
17		41	1715.504445000
17		1358	1715.542503000
17		41	1715.549795000
17		1358	1715.582256000
17		41	1715.595643000
17		1358	1715.623005000
17		41	1715.642376000
17		1358	1715.663147000
17		41	1715.688495000
17		1358	1715.703416000
17		41	1715.734226000
17		1358	1715.743738000
17		41	1715.780578000
17		1358	1715.782301000
17		41	1715.825845000
17		1358	1715.828087000
17		1358	1715.868510000
17		41	1715.872298000
17		1358	1715.907523000
17		41	1715.918110000
17		1358	1715.947507000
17		41	1715.963714000
17		1358	1715.988174000
17		41	1716.009653000
17		1358	1716.028528000
17		41	1716.056488000
17		1358	1716.069771000
17		41	1716.101753000
17		1358	1716.103898000
17		46	1716.147982000
17		1358	1716.149022000
17		41	1716.194384000
17		1358	1716.202896000
17		41	1716.240174000
17		1358	1716.256493000
17		41	1716.286320000
17		1358	1716.297028000
17		41	1716.332648000
17		1358	1716.337462000
17		1358	1716.377190000
17		41	1716.378237000
17		1358	1716.417200000
17		41	1716.424347000
17		1358	1716.458131000
17		41	1716.470410000
17		1358	1716.498395000
17		41	1716.515701000
17		1358	1716.538957000
17		41	1716.561675000
17		1358	1716.579808000
17		41	1716.608081000
6	0		1716.617182000
6	0		1716.617237000
17		1358	1716.620076000
17		41	1716.654003000
17		1358	1716.660648000
6	0		1716.662281000
17		41	1716.699693000
17		1358	1716.701345000
17		41	1716.745730000
17		1358	1716.747394000
17		41	1716.792449000
17		1358	1716.793933000
17		41	1716.838724000
17		1358	1716.840356000
17		41	1716.884181000
17		1358	1716.885751000
17		41	1716.930510000
17		1358	1716.939836000
17		41	1716.975960000
17		1358	1716.991415000
17		41	1717.021899000
17		1358	1717.031346000
17		46	1717.067705000
17		1358	1717.069244000
17		1338	1717.110212000
17		41	1717.114451000
17		41	1717.160304000
17		41	1717.206516000
17		41	1717.252466000
17		41	1717.297936000
17		41	1717.343995000
17		1115	1717.389670000
17		38	1717.390219000
17		151	1717.391494000
17		1353	1717.391523000
17		1358	1717.391528000
17		1358	1717.391532000
17		1358	1717.391536000
17		1358	1717.431480000
17		1358	1717.470493000
17		46	1717.482234000
17		33	1717.500523000
17		1358	1717.511510000
17		41	1717.527769000
17		1358	1717.549794000
17		41	1717.573694000
17		1358	1717.590628000
17		41	1717.619943000
17		1358	1717.621508000
17		1358	1717.653249000
17		41	1717.665678000
17		1358	1717.685724000
17		41	1717.712374000
17		1358	1717.739549000
17		41	1717.757795000
17		1358	1717.793167000
17		41	1717.803845000
17		1358	1717.833675000
17		41	1717.850231000
17		1358	1717.874217000
17		41	1717.895896000
17		1358	1717.914685000
17		41	1717.942553000
17		1358	1717.954552000
17		41	1717.988189000
17		1358	1717.994330000
17		41	1718.033907000
17		1358	1718.035313000
17		41	1718.080445000
17		1358	1718.082061000
17		1358	1718.122775000
17		41	1718.126579000
17		1358	1718.161413000
17		41	1718.171960000
17		1358	1718.201102000
6	0		1718.206427000
6	0		1718.206490000
17		41	1718.217779000
17		1358	1718.241757000
6	0		1718.246642000
17		41	1718.264477000
17		1358	1718.281632000
17		41	1718.309868000
17		1358	1718.321383000
17		41	1718.355831000
17		1358	1718.357073000
17		46	1718.401649000
17		1358	1718.403228000
17		41	1718.448465000
17		1358	1718.456863000
17		41	1718.494514000
17		1358	1718.510295000
17		41	1718.540280000
17		1358	1718.550965000
17		41	1718.585826000
17		1358	1718.590792000
17		41	1718.632397000
17		1358	1718.633899000
17		1358	1718.674647000
17		41	1718.678248000
17		1358	1718.712946000
17		41	1718.724036000
17		1358	1718.753689000
17		41	1718.769724000
17		1358	1718.794887000
17		41	1718.815830000
17		1358	1718.835027000
17		41	1718.861910000
17		1358	1718.875948000
17		41	1718.908089000
17		1358	1718.916336000
17		41	1718.953841000
17		1358	1718.955176000
17		41	1718.999665000
17		1358	1719.000938000
17		41	1719.046218000
17		1358	1719.047801000
17		41	1719.092067000
17		1358	1719.093172000
17		41	1719.138062000
17		1358	1719.139565000
17		41	1719.184479000
17		1358	1719.193865000
17		41	1719.229681000
17		1358	1719.245105000
17		41	1719.275949000
17		1358	1719.284564000
17		46	1719.322304000
17		1358	1719.323944000
17		1358	1719.363979000
17		41	1719.367727000
17		1358	1719.402900000
17		41	1719.414633000
17		1358	1719.443315000
17		41	1719.460074000
17		1358	1719.483258000
17		41	1719.506584000
17		1358	1719.522958000
17		41	1719.552570000
17		1358	1719.563652000
17		41	1719.598199000
17		1358	1719.604069000
17		41	1719.643837000
17		1358	1719.645435000
17		1358	1719.685204000
17		41	1719.690276000
17		1358	1719.725561000
17		41	1719.736359000
17		1358	1719.765666000
17		41	1719.781779000
17		41	1719.827867000
17		41	1719.873812000
17		1358	1719.875390000
17		41	1719.920113000
17		1358	1719.921680000
17		41	1719.965697000
17		1358	1719.967246000
17		41	1720.011726000
17		1358	1720.013309000
17		41	1720.058469000
17		1358	1720.059849000
17		1358	1720.100407000
17		41	1720.104458000
17		1358	1720.139837000
17		41	1720.150594000
17		1358	1720.179061000
17		41	1720.196217000
17		1358	1720.218700000
17		46	1720.242222000
17		1358	1720.257672000
17		41	1720.288521000
17		1358	1720.297039000
17		41	1720.334039000
17		1358	1720.334603000
17		1358	1720.375603000
17		41	1720.380414000
17		1358	1720.415313000
17		41	1720.425915000
17		1358	1720.454448000
17		41	1720.472421000
17		1358	1720.494493000
17		41	1720.518622000
17		1358	1720.533734000
17		41	1720.564075000
17		1358	1720.572763000
17		41	1720.609944000
17		1358	1720.611396000
17		1358	1720.652213000
17		41	1720.655988000
17		1358	1720.691530000
17		41	1720.701706000
17		1358	1720.729826000
17		41	1720.747913000
17		1358	1720.769575000
17		41	1720.793863000
17		1358	1720.809227000
17		41	1720.840062000
17		1358	1720.841676000
17		1358	1720.872172000
17		41	1720.886189000
17		1358	1720.903256000
17		41	1720.932295000
17		1358	1720.933415000
17		1358	1720.966871000
17		41	1720.978240000
17		1358	1720.997421000
17		41	1721.024096000
17		1358	1721.050291000
17		41	1721.070576000
17		1358	1721.103168000
17		41	1721.116470000
17		1358	1721.155057000
17		46	1721.162436000
17		33	1721.180395000
17		1358	1721.207588000
17		41	1721.207720000
17		1358	1721.246269000
17		41	1721.254509000
17		1358	1721.286154000
17		41	1721.300353000
17		1358	1721.326219000
17		41	1721.346238000
17		1358	1721.364506000
17		41	1721.392320000
17		1358	1721.404238000
17		41	1721.437782000
17		1358	1721.443595000
17		1358	1721.482576000
17		41	1721.484353000
17		1358	1721.521578000
17		41	1721.529781000
17		1358	1721.560737000
17		41	1721.575671000
17		1358	1721.600810000
17		41	1721.621735000
17		1358	1721.640089000
17		41	1721.667835000
17		1358	1721.679349000
17		41	1721.714510000
17		1358	1721.718265000
17		1358	1721.757052000
17		41	1721.760677000
17		1358	1721.797117000
17		41	1721.806267000
17		1358	1721.836350000
17		41	1721.852311000
17		1358	1721.876109000
17		41	1721.898713000
17		1358	1721.914764000
17		41	1721.944340000
17		1358	1721.953920000
17		41	1721.989929000
17		1358	1721.993337000
17		1358	1722.032207000
17		41	1722.036075000
17		1358	1722.071613000
17		46	1722.082328000
17		33	1722.100878000
17		1358	1722.112183000
17		41	1722.127925000
17		1358	1722.150398000
17		41	1722.174246000
17		1358	1722.189529000
17		41	1722.220489000
17		1358	1722.229159000
17		41	1722.265846000
17		1358	1722.267402000
17		1358	1722.299395000
17		41	1722.312160000
17		1358	1722.331685000
17		41	1722.358477000
17		1358	1722.361864000
17		1358	1722.393626000
17		41	1722.404041000
17		1358	1722.425544000
17		41	1722.449841000
17		1358	1722.456971000
17		41	1722.495859000
17		1358	1722.509152000
17		41	1722.541967000
6	0		1722.543035000
6	0		1722.543067000
17		1358	1722.562244000
17		41	1722.588185000
17		1358	1722.614174000
17		41	1722.634396000
17		1358	1722.666188000
17		41	1722.680289000
17		1358	1722.704965000
17		41	1722.726406000
17		1358	1722.745819000
17		41	1722.772047000
17		1358	1722.784227000
17		41	1722.817976000
17		1358	1722.824114000
17		1358	1722.863016000
17		41	1722.864376000
17		1358	1722.901738000
17		41	1722.910043000
17		1358	1722.940895000
17		41	1722.955963000
17		1358	1722.981155000
17		46	1723.001987000
17		33	1723.020076000
17		1358	1723.020116000
17		41	1723.048261000
17		1358	1723.059281000
17		41	1723.094247000
17		1358	1723.098688000
17		1358	1723.137429000
17		41	1723.140351000
17		1358	1723.176666000
17		41	1723.185634000
17		1358	1723.215884000
17		41	1723.231786000
17		1358	1723.256602000
17		41	1723.277973000
17		1358	1723.295633000
17		41	1723.325141000
17		41	1723.325163000
17		35	1723.326682000
17		1358	1723.333961000
17		41	1723.370610000
17		1358	1723.373758000
17		1358	1723.413391000
17		41	1723.416145000
17		1358	1723.452127000
17		41	1723.462403000
17		1358	1723.492367000
17		41	1723.508273000
17		1358	1723.530689000
17		41	1723.554569000
17		1358	1723.570666000
17		41	1723.600314000
17		1358	1723.609418000
17		41	1723.645939000
17		1358	1723.647600000
17		1358	1723.687741000
17		41	1723.692476000
17		1358	1723.726624000
17		41	1723.737800000
17		1358	1723.766622000
17		41	1723.783825000
17		1358	1723.799148000
17		41	1723.829859000
17		1358	1723.831385000
6	0		1723.850693000
6	0		1723.850746000
6	0		1723.873137000
17		41	1723.876179000
17		1358	1723.877732000
6	41		1723.878563000
6	0		1723.900511000
6	21		1723.900544000
6	0		1723.900556000
6	1080		1723.901639000
17		41	1723.922695000
6	0		1723.923554000
6	440		1723.923611000
17		1358	1723.924208000
6	0		1723.966214000
17		41	1723.967887000
17		1358	1723.977273000
6	48		1723.988137000
6	0		1723.988171000
6	280		1723.992232000
6	0		1724.014152000
17		41	1724.014431000
6	16		1724.018217000
17		1358	1724.029401000
17		41	1724.059921000
6	0		1724.062209000
17		1358	1724.082545000
6	52		1724.084173000
6	0		1724.084206000
6	52		1724.084301000
17		41	1724.105787000
6	84		1724.117367000
17		1358	1724.134761000
17		41	1724.151909000
6	0		1724.158211000
17		1358	1724.174230000
17		41	1724.197881000
17		1358	1724.213259000
17		46	1724.244949000
17		1358	1724.252929000
17		41	1724.290436000
17		1358	1724.291370000
17		1358	1724.330898000
17		41	1724.335968000
17		1358	1724.369912000
17		41	1724.382082000
17		1358	1724.409635000
17		41	1724.428286000
17		1358	1724.450621000
17		41	1724.474368000
17		1358	1724.491659000
17		41	1724.519955000
17		1358	1724.530000000
17		41	1724.566102000
17		582	1724.567766000
17		41	1724.612259000
17		41	1724.658255000
17		41	1724.658276000
17		35	1724.659706000
17		41	1724.704432000
17		41	1724.750032000
17		41	1724.796177000
17		41	1724.842264000
17		41	1724.888265000
17		41	1724.934576000
17		41	1724.980556000
17		1032	1725.026283000
17		38	1725.026902000
17		1358	1725.027670000
17		1358	1725.027694000
17		1358	1725.027698000
17		1358	1725.027701000
17		1358	1725.027705000
17		1358	1725.027708000
17		1358	1725.027711000
17		1358	1725.027714000
17		1358	1725.027717000
17		1358	1725.027721000
17		1358	1725.069153000
17		46	1725.118056000
17		33	1725.136017000
17		41	1725.164549000
17		41	1725.210247000
17		41	1725.256247000
17		41	1725.302251000
17		1358	1725.303886000
17		41	1725.348588000
17		1358	1725.349184000
17		41	1725.394013000
17		1358	1725.395230000
17		41	1725.440125000
17		1358	1725.441725000
17		41	1725.486412000
17		1358	1725.487158000
17		41	1725.531990000
17		1358	1725.533593000
17		41	1725.578234000
17		1358	1725.579899000
17		41	1725.623756000
17		1358	1725.625808000
17		41	1725.669928000
17		1358	1725.671530000
17		1358	1725.713528000
17		41	1725.716030000
6	68		1725.716985000
6	52		1725.738986000
6	0		1725.739036000
6	0		1725.739057000
6	0		1725.740279000
17		1358	1725.753077000
6	0		1725.762179000
17		41	1725.762649000
17		1358	1725.794347000
17		41	1725.808555000
17		1358	1725.835561000
17		41	1725.854437000
17		1358	1725.875855000
17		41	1725.899769000
17		1358	1725.908787000
17		41	1725.946006000
17		1358	1725.947461000
17		41	1725.991899000
17		1358	1726.002434000
17		46	1726.037686000
17		33	1726.056444000
17		1358	1726.056772000
17		41	1726.083669000
17		1358	1726.097556000
17		41	1726.129765000
17		1358	1726.139222000
17		41	1726.175858000
17		1358	1726.179628000
17		1358	1726.221242000
17		41	1726.221693000
17		1358	1726.261323000
17		41	1726.268392000
17		1358	1726.300979000
17		41	1726.314567000
17		1358	1726.341376000
17		41	1726.360292000
17		1358	1726.381848000
17		41	1726.406609000
17		1358	1726.422486000
17		41	1726.452104000
17		1358	1726.462179000
17		41	1726.497868000
17		1358	1726.502315000
17		41	1726.544347000
17		1358	1726.545468000
17		41	1726.590333000
17		1358	1726.591908000
17		41	1726.635666000
17		1358	1726.637183000
17		41	1726.681991000
17		1358	1726.683630000
17		41	1726.727828000
17		1358	1726.737609000
17		41	1726.773806000
17		1358	1726.791825000
17		41	1726.819989000
17		1358	1726.830628000
17		41	1726.865934000
17		1358	1726.869668000
17		1358	1726.908803000
17		41	1726.911871000
17		735	1726.949029000
17		46	1726.957916000
17		33	1726.976343000
17		41	1727.004041000
17		41	1727.049762000
17		41	1727.095767000
17		41	1727.141797000
17		1032	1727.188576000
17		38	1727.189233000
17		41	1727.280083000
17		150	1727.322231000
17		1353	1727.322279000
17		1358	1727.322283000
17		1358	1727.322286000
17		1358	1727.322289000
17		1358	1727.322293000
17		1358	1727.362981000
17		46	1727.371891000
17		33	1727.386590000
17		1358	1727.402368000
17		41	1727.418215000
17		1358	1727.433367000
17		41	1727.463773000
17		1358	1727.465451000
17		41	1727.509759000
17		1358	1727.518873000
17		41	1727.556544000
17		1358	1727.570649000
17		41	1727.602168000
17		1358	1727.611156000
17		41	1727.647959000
17		1358	1727.648788000
17		1358	1727.689414000
17		41	1727.694214000
17		1358	1727.727944000
17		41	1727.739827000
17		1358	1727.768694000
17		41	1727.785956000
17		1358	1727.809600000
6	0		1727.831712000
17		41	1727.831742000
6	0		1727.832812000
17		1358	1727.850422000
17		41	1727.877761000
17		1358	1727.890394000
17		41	1727.924573000
17		1358	1727.930376000
17		41	1727.970429000
17		1358	1727.971158000
17		1358	1728.011451000
17		41	1728.015630000
17		1358	1728.051292000
17		41	1728.062543000
17		1358	1728.091611000
17		41	1728.108407000
17		1358	1728.131732000
17		41	1728.154239000
17		1358	1728.164963000
17		41	1728.200049000
17		1358	1728.201626000
17		41	1728.246105000
17		1358	1728.254828000
17		46	1728.292005000
17		33	1728.306509000
17		1358	1728.307529000
17		41	1728.337828000
17		1358	1728.348614000
17		41	1728.383659000
17		1358	1728.389564000
17		41	1728.429629000
17		1358	1728.431114000
17		41	1728.475829000
17		1358	1728.477393000
17		1358	1728.517409000
17		41	1728.522270000
17		1358	1728.556884000
17		41	1728.568503000
17		1358	1728.596851000
17		41	1728.614099000
17		1358	1728.637196000
17		41	1728.660015000
17		1358	1728.676813000
17		41	1728.706573000
17		1358	1728.716885000
17		41	1728.751728000
17		1358	1728.757203000
17		41	1728.798190000
17		1358	1728.798778000
17		41	1728.844396000
17		1358	1728.845971000
17		41	1728.889889000
17		1358	1728.891472000
17		41	1728.936004000
17		1358	1728.937568000
17		41	1728.982329000
17		1358	1728.991252000
17		41	1729.027921000
17		1358	1729.044344000
17		41	1729.074415000
17		1358	1729.084134000
17		41	1729.120334000
17		1358	1729.123952000
17		1358	1729.163511000
17		41	1729.166238000
17		1358	1729.203036000
17		46	1729.211821000
17		33	1729.225691000
17		1358	1729.243396000
17		41	1729.258111000
17		1358	1729.283527000
17		41	1729.303867000
17		1358	1729.323609000
17		41	1729.349799000
17		1358	1729.364078000
17		41	1729.395769000
17		1358	1729.404666000
17		41	1729.442194000
17		1358	1729.443803000
17		41	1729.488131000
17		1358	1729.489829000
17		41	1729.534081000
17		1358	1729.535697000
17		41	1729.580348000
17		1358	1729.581778000
17		1358	1729.613688000
17		41	1729.625926000
17		1358	1729.645886000
17		41	1729.671769000
17		1358	1729.678463000
17		41	1729.718232000
17		1358	1729.731895000
17		41	1729.763675000
17		1358	1729.784929000
17		41	1729.809977000
17		1358	1729.825888000
17		41	1729.856115000
17		1358	1729.866705000
17		41	1729.902003000
17		1358	1729.907692000
17		41	1729.947921000
17		1358	1729.949493000
17		41	1729.994222000
17		1358	1729.995849000
17		41	1730.040634000
17		1358	1730.042129000
17		41	1730.086385000
17		1358	1730.088062000
17		1358	1730.128193000
17		46	1730.132428000
17		33	1730.146415000
17		1358	1730.167402000
17		41	1730.178457000
17		1358	1730.207767000
17		41	1730.224577000
17		1358	1730.247335000
17		41	1730.269969000
17		1358	1730.287932000
17		41	1730.315635000
17		1358	1730.328842000
17		41	1730.362123000
17		1358	1730.363678000
17		41	1730.408389000
17		1358	1730.409896000
17		41	1730.453976000
17		1358	1730.462488000
17		41	1730.499999000
17		1358	1730.515878000
17		41	1730.545693000
17		1358	1730.556511000
17		41	1730.592368000
17		1358	1730.596932000
17		41	1730.637810000
17		1358	1730.639372000
17		1358	1730.680455000
17		41	1730.683989000
17		959	1730.719037000
17		41	1730.729869000
17		41	1730.776265000
17		41	1730.822228000
17		41	1730.868291000
17		41	1730.914457000
6	0		1730.914679000
6	0		1730.914722000
17		41	1730.959618000
17		1115	1731.005975000
17		38	1731.006589000
17		155	1731.007229000
17		1353	1731.007310000
17		1358	1731.007315000
17		1358	1731.007319000
17		1358	1731.007322000
17		1358	1731.047850000
17		1358	1731.087859000
17		46	1731.097783000
17		33	1731.112224000
17		1358	1731.126040000
17		41	1731.144298000
17		1358	1731.157950000
6	0		1731.179647000
6	41		1731.185326000
17		41	1731.190476000
17		1358	1731.190918000
17		1358	1731.221214000
17		41	1731.236013000
17		1358	1731.275103000
17		41	1731.282413000
17		41	1731.328347000
17		1358	1731.330080000
17		1358	1731.370844000
17		41	1731.374501000
17		1358	1731.410245000
17		41	1731.419922000
6	0		1731.450027000
6	21		1731.450061000
6	0		1731.450072000
6	1080		1731.451018000
17		1358	1731.451243000
17		41	1731.466501000
17		1358	1731.492325000
17		41	1731.512392000
17		1358	1731.532700000
17		41	1731.558394000
6	0		1731.572858000
6	0		1731.572922000
17		1358	1731.573146000
17		41	1731.603885000
6	0		1731.610288000
17		1358	1731.612758000
17		41	1731.650378000
17		1358	1731.651912000
17		41	1731.696021000
17		1358	1731.697625000
6	440		1731.716152000
17		1358	1731.738602000
17		41	1731.742519000
6	0		1731.758211000
17		1358	1731.776865000
17		41	1731.787828000
17		1358	1731.817385000
17		41	1731.834028000
17		1358	1731.857443000
17		41	1731.880021000
17		1358	1731.889944000
17		41	1731.925875000
17		1358	1731.926980000
17		41	1731.972536000
17		1358	1731.980395000
17		46	1732.018253000
6	48		1732.022879000
6	0		1732.022916000
6	280		1732.027017000
17		33	1732.032763000
17		1358	1732.033790000
17		41	1732.063909000
17		1358	1732.074094000
17		41	1732.110079000
17		1358	1732.115085000
17		41	1732.156339000
17		1358	1732.157174000
17		41	1732.202167000
17		1358	1732.203789000
17		41	1732.247679000
17		1358	1732.249300000
17		1358	1732.289498000
17		41	1732.293889000
6	16		1732.303986000
17		1358	1732.329322000
17		41	1732.340544000
6	0		1732.346220000
17		1358	1732.369634000
17		41	1732.386438000
17		1358	1732.410827000
17		41	1732.431779000
17		1358	1732.451037000
17		41	1732.478088000
17		1358	1732.490991000
17		41	1732.524149000
17		1358	1732.530785000
17		41	1732.570132000
17		1358	1732.571753000
6	52		1732.610812000
6	0		1732.610850000
6	52		1732.610970000
17		41	1732.615975000
17		1358	1732.617497000
17		41	1732.661779000
17		1358	1732.663784000
17		41	1732.707629000
17		1358	1732.717260000
17		41	1732.754390000
17		1358	1732.770735000
17		41	1732.799800000
17		1358	1732.810396000
17		41	1732.845978000
17		1358	1732.850780000
6	84		1732.878597000
17		1358	1732.890234000
17		41	1732.892910000
6	0		1732.922227000
17		1358	1732.928671000
17		46	1732.938519000
17		33	1732.952020000
17		1358	1732.968885000
17		41	1732.984047000
17		1358	1733.009801000
17		41	1733.030038000
17		1358	1733.050210000
17		41	1733.076170000
17		1358	1733.090268000
17		41	1733.122571000
17		1358	1733.130490000
17		41	1733.167653000
17		1358	1733.169213000
17		41	1733.213650000
17		1358	1733.215186000
17		41	1733.260580000
17		1358	1733.262244000
17		41	1733.306436000
17		1358	1733.308020000
17		1358	1733.340893000
17		41	1733.352294000
17		1358	1733.373255000
17		41	1733.398092000
17		1358	1733.406391000
17		41	1733.444357000
17		1358	1733.460849000
17		41	1733.489772000
17		1358	1733.514653000
17		41	1733.536370000
17		1358	1733.555086000
17		41	1733.581946000
17		1358	1733.595418000
17		41	1733.628353000
17		1358	1733.636155000
17		41	1733.673928000
17		1358	1733.675535000
17		41	1733.720254000
17		1358	1733.721858000
17		41	1733.765701000
17		1358	1733.767271000
17		41	1733.811940000
17		1358	1733.813858000
17		1358	1733.854440000
17		46	1733.858162000
17		33	1733.872029000
17		1358	1733.895088000
17		41	1733.904522000
17		1358	1733.936274000
17		41	1733.950298000
17		1358	1733.976780000
17		41	1733.996495000
17		1358	1734.018285000
17		41	1734.041925000
17		1358	1734.058591000
17		41	1734.088304000
17		1358	1734.089562000
17		41	1734.133887000
17		1358	1734.135465000
17		41	1734.179778000
17		1358	1734.189384000
17		41	1734.225695000
17		1358	1734.243066000
17		41	1734.272479000
17		1358	1734.283248000
17		41	1734.318292000
17		1358	1734.324721000
17		41	1734.364320000
17		1358	1734.365220000
17		1358	1734.405965000
17		41	1734.409950000
17		1358	1734.444402000
6	0		1734.451450000
6	0		1734.451493000
17		41	1734.456055000
6	0		1734.457559000
6	0		1734.457606000
17		1358	1734.484450000
6	0		1734.499530000
17		41	1734.502147000
17		1358	1734.525034000
17		41	1734.547794000
17		1358	1734.564568000
17		41	1734.594112000
17		1358	1734.605312000
17		41	1734.639793000
17		1358	1734.646034000
17		41	1734.686461000
17		1358	1734.688175000
17		41	1734.732107000
17		1358	1734.733307000
17		46	1734.778512000
17		1358	1734.781060000
17		41	1734.824452000
17		1358	1734.825462000
17		41	1734.870344000
17		1358	1734.871651000
6	68		1734.910446000
17		41	1734.915852000
17		1358	1734.924471000
17		41	1734.962129000
17		1358	1734.977821000
17		41	1735.008173000
17		1358	1735.017302000
17		41	1735.054486000
17		1358	1735.056071000
17		1358	1735.095911000
17		41	1735.100734000
17		1358	1735.135770000
17		41	1735.146104000
6	52		1735.175425000
6	0		1735.175495000
6	0		1735.175582000
6	0		1735.176670000
17		1358	1735.176749000
17		41	1735.192184000
17		1358	1735.217103000
17		41	1735.237982000
17		1358	1735.257227000
17		41	1735.284201000
17		1358	1735.298208000
17		1358	1735.330360000
17		85	1735.330387000
17		1358	1735.339432000
17		630	1735.339487000
17		34	1735.364025000
17		41	1735.376409000
17		41	1735.376438000
17		1358	1735.377910000
17		1358	1735.419305000
17		41	1735.422275000
6	0		1735.441323000
17		1358	1735.457672000
17		41	1735.467948000
17		1358	1735.497662000
17		41	1735.514283000
17		1358	1735.537860000
17		41	1735.560048000
17		1358	1735.577716000
17		86	1735.606497000
17		1135	1735.606521000
17		101	1735.607194000
17		37	1735.607418000
17		1358	1735.610328000
17		350	1735.616181000
17		33	1735.616216000
17		42	1735.651666000
17		41	1735.698438000
17		1358	1735.700145000
17		41	1735.744412000
17		1358	1735.752937000
17		46	1735.790449000
17		33	1735.804492000
17		1358	1735.806621000
17		41	1735.836248000
17		1358	1735.847073000
17		41	1735.881961000
6	0		1735.881986000
17		41	1735.881995000
6	0		1735.882677000
17		1358	1735.887524000
17		1358	1735.926737000
17		41	1735.928098000
17		1358	1735.965947000
17		43	1735.973789000
17		41	1735.973824000
17		33	1735.999743000
17		41	1736.020091000
17		1358	1736.021803000
17		41	1736.066261000
17		1358	1736.067511000
17		1358	1736.107963000
17		41	1736.111961000
17		1358	1736.147526000
17		41	1736.158346000
17		1358	1736.187951000
17		41	1736.203924000
17		1358	1736.228197000
17		41	1736.250236000
17		1358	1736.268526000
17		41	1736.296326000
17		1358	1736.309029000
17		41	1736.341784000
17		1358	1736.348716000
17		41	1736.387990000
17		1358	1736.388872000
17		41	1736.434124000
17		1358	1736.435336000
17		41	1736.480029000
17		1358	1736.481665000
17		41	1736.526498000
17		1358	1736.535023000
17		41	1736.571796000
17		1358	1736.588006000
17		41	1736.618159000
17		1358	1736.628245000
17		41	1736.664228000
17		1358	1736.668313000
17		1358	1736.708372000
17		41	1736.710305000
17		1358	1736.747796000
17		46	1736.756533000
17		33	1736.770351000
17		1358	1736.787978000
17		41	1736.802313000
17		1358	1736.827710000
17		41	1736.848378000
17		1358	1736.867670000
17		41	1736.894243000
17		1358	1736.908723000
17		41	1736.939879000
17		1358	1736.948988000
17		41	1736.985708000
17		1358	1736.989263000
17		41	1737.032418000
17		1358	1737.034145000
17		41	1737.078386000
17		1358	1737.079921000
17		41	1737.124380000
17		1358	1737.126066000
17		41	1737.170612000
17		1358	1737.172079000
17		376	1737.204528000
17		41	1737.216289000
17		41	1737.262239000
17		41	1737.307852000
17		41	1737.353889000
17		41	1737.400200000
17		1116	1737.445794000
17		38	1737.446419000
17		1358	1737.448359000
17		1358	1737.448372000
17		1358	1737.448376000
17		1358	1737.448379000
17		1358	1737.489854000
17		46	1737.538475000
17		1358	1737.540156000
17		41	1737.584140000
17		1358	1737.585670000
17		41	1737.630432000
17		1358	1737.631568000
17		1358	1737.672322000
17		41	1737.675784000
17		1358	1737.712354000
17		41	1737.722323000
17		1358	1737.752374000
17		41	1737.767892000
17		1358	1737.784044000
17		41	1737.814697000
17		1358	1737.816318000
17		41	1737.860250000
17		1358	1737.869654000
17		41	1737.906477000
17		1358	1737.923491000
17		41	1737.951988000
17		1358	1737.962819000
17		41	1737.998543000
17		1358	1738.002917000
17		1358	1738.042931000
17		41	1738.043991000
17		1358	1738.083904000
17		41	1738.089950000
17		1358	1738.123173000
17		41	1738.135967000
17		1358	1738.161674000
17		41	1738.182309000
17		1358	1738.199953000
17		41	1738.228015000
17		1358	1738.237838000
17		41	1738.274528000
17		1358	1738.276896000
17		1358	1738.315545000
17		41	1738.320105000
17		1358	1738.353352000
17		41	1738.365676000
17		1358	1738.391580000
17		41	1738.412524000
17		1358	1738.430889000
17		46	1738.458099000
17		1358	1738.469158000
17		1358	1738.499876000
17		41	1738.504457000
17		1358	1738.531053000
17		41	1738.550186000
17		1358	1738.562217000
17		41	1738.596324000
17		1358	1738.615009000
17		41	1738.642421000
17		1358	1738.667517000
17		41	1738.688037000
17		1358	1738.706302000
17		41	1738.733669000
17		1358	1738.746086000
17		41	1738.780068000
17		1358	1738.785247000
17		41	1738.826189000
17		1358	1738.826872000
17		41	1738.872281000
17		1358	1738.873834000
17		41	1738.917915000
17		1358	1738.919468000
17		41	1738.964024000
17		1358	1738.964847000
17		41	1739.010455000
17		1358	1739.011366000
17		41	1739.056070000
17		1358	1739.057620000
17		744	1739.102436000
17		41	1739.102467000
17		35	1739.103417000
17		1358	1739.104165000
17		74	1739.112359000
17		33	1739.112408000
17		1358	1739.143757000
17		41	1739.148000000
17		1358	1739.182631000
17		41	1739.193893000
17		1358	1739.221860000
17		41	1739.240529000
17		1358	1739.253444000
17		41	1739.285691000
17		1358	1739.287217000
17		41	1739.332047000
17		41	1739.332076000
17		1358	1739.339465000
17		43	1739.378573000
17		46	1739.378599000
17		41	1739.378605000
17		1358	1739.392598000
17		33	1739.404755000
17		41	1739.423686000
17		1358	1739.432739000
17		41	1739.469890000
17		1358	1739.470852000
17		41	1739.515896000
17		1358	1739.516665000
17		41	1739.562261000
17		1358	1739.563779000
17		41	1739.608086000
17		1358	1739.609666000
17		41	1739.653965000
17		1358	1739.655059000
17		41	1739.700205000
17		1358	1739.701730000
17		41	1739.746349000
17		1358	1739.748010000
17		1358	1739.787113000
17		41	1739.791952000
17		1358	1739.825519000
17		41	1739.838020000
17		1358	1739.864299000
17		41	1739.884050000
17		1358	1739.904308000
17		41	1739.930590000
17		1358	1739.944133000
17		41	1739.976410000
17		1358	1739.977962000
17		41	1740.021883000
17		1358	1740.023414000
17		41	1740.068089000
17		1358	1740.075033000
17		41	1740.114599000
17		1358	1740.127954000
17		41	1740.160579000
17		1358	1740.168085000
17		41	1740.206277000
17		1358	1740.207789000
17		41	1740.251800000
17		1358	1740.253316000
17		1358	1740.292283000
17		46	1740.297954000
17		33	1740.312532000
17		1358	1740.331740000
17		41	1740.360467000
17		1358	1740.370885000
17		41	1740.422086000
17		1358	1740.423645000
17		41	1740.484342000
17		1358	1740.485165000
17		41	1740.546801000
17		1358	1740.548376000
17		41	1740.608513000
17		1358	1740.610291000
17		41	1740.669810000
17		1358	1740.671376000
17		41	1740.732506000
17		1358	1740.734105000
17		41	1740.793878000
17		1358	1740.795460000
17		41	1740.856248000
17		1358	1740.856960000
17		41	1740.917704000
17		1358	1740.919311000
17		41	1740.980213000
17		1358	1740.981625000
17		1358	1741.034001000
17		41	1741.041675000
17		1358	1741.084829000
17		41	1741.104162000
17		1358	1741.123654000
17		41	1741.166236000
17		1358	1741.167866000
17		41	1741.227866000
17		1358	1741.228944000
17		41	1741.290108000
17		1358	1741.291562000
17		41	1741.352382000
17		1358	1741.353986000
17		41	1741.413985000
17		1358	1741.415761000
17		41	1741.476317000
17		1358	1741.478665000
17		46	1741.538244000
17		1358	1741.539948000
17		41	1741.599979000
17		1358	1741.601575000
17		41	1741.662164000
17		1358	1741.664069000
17		1358	1741.704977000
17		41	1741.723792000
17		1358	1741.743844000
17		41	1741.786115000
17		1358	1741.787708000
17		41	1741.848306000
17		1358	1741.849773000
17		41	1741.910445000
17		1358	1741.911203000
17		41	1741.971996000
17		1358	1741.973588000
17		41	1742.034420000
17		1358	1742.035470000
17		41	1742.096278000
17		1358	1742.097851000
17		41	1742.157790000
17		1358	1742.159410000
17		41	1742.220144000
17		1358	1742.222289000
17		41	1742.282217000
17		1358	1742.283038000
17		41	1742.344656000
17		1358	1742.345465000
17		1358	1742.385961000
17		41	1742.406233000
17		1358	1742.425001000
17		41	1742.468629000
17		1358	1742.469718000
17		41	1742.530249000
17		1358	1742.531246000
17		41	1742.592182000
17		1358	1742.593759000
17		41	1742.653688000
17		1358	1742.655271000
17		41	1742.715963000
17		1358	1742.717798000
17		46	1742.778568000
17		1358	1742.779978000
17		41	1742.840190000
17		1358	1742.842120000
17		41	1742.902119000
17		1358	1742.903250000
17		41	1742.964433000
17		1358	1742.965256000
17		41	1743.025643000
17		1358	1743.027230000
17		41	1743.088577000
17		1358	1743.089999000
17		1358	1743.130562000
17		41	1743.150556000
17		1358	1743.169840000
17		41	1743.212024000
17		1358	1743.213912000
17		41	1743.273957000
17		1358	1743.275653000
17		41	1743.336386000
17		1358	1743.337214000
17		41	1743.398152000
17		1358	1743.399737000
17		41	1743.460571000
17		1358	1743.462648000
17		41	1743.522149000
17		1358	1743.524095000
17		41	1743.583916000
17		1358	1743.585562000
17		41	1743.646418000
17		1358	1743.648123000
17		41	1743.707959000
17		1358	1743.709635000
17		41	1743.770306000
17		1358	1743.772010000
17		1358	1743.804748000
17		41	1743.832071000
17		1358	1743.835990000
17		41	1743.894216000
17		1358	1743.895981000
17		41	1743.956400000
17		1358	1743.957007000
17		46	1744.018219000
17		1358	1744.019865000
17		41	1744.080290000
17		1358	1744.081371000
17		41	1744.142801000
17		1358	1744.143410000
17		41	1744.203657000
17		1358	1744.206210000
17		41	1744.265766000
17		1358	1744.266492000
17		41	1744.328434000
17		1358	1744.330557000
17		41	1744.389715000
17		1358	1744.390498000
17		41	1744.451724000
17		1358	1744.452907000
17		41	1744.513699000
17		1358	1744.515010000
17		1358	1744.568431000
17		41	1744.576117000
17		1358	1744.621650000
17		41	1744.637817000
17		1358	1744.675704000
6	0		1744.684822000
6	0		1744.684877000
17		41	1744.699894000
17		1358	1744.729711000
17		41	1744.761987000
17		1358	1744.782959000
17		41	1744.823848000
17		1358	1744.825525000
6	0		1744.848487000
6	41		1744.853877000
17		41	1744.886160000
17		1358	1744.887412000
17		41	1744.948253000
17		1358	1744.959316000
17		41	1745.009762000
6	0		1745.017218000
6	21		1745.022654000
6	0		1745.022696000
6	1080		1745.023687000
17		1358	1745.030888000
17		41	1745.071856000
17		1358	1745.085586000
17		41	1745.133942000
17		1358	1745.138877000
6	0		1745.187081000
6	440		1745.187249000
17		41	1745.195996000
17		1358	1745.196622000
6	0		1745.230227000
17		1358	1745.250276000
17		46	1745.258062000
17		33	1745.271798000
17		1358	1745.303137000
17		41	1745.319800000
17		1358	1745.357428000
17		41	1745.382121000
6	48		1745.393477000
6	0		1745.393520000
6	280		1745.397851000
17		1358	1745.411540000
17		41	1745.444102000
6	0		1745.448284000
6	0		1745.448330000
17		1358	1745.465561000
17		41	1745.505818000
17		1358	1745.519488000
6	0		1745.561224000
17		41	1745.568280000
6	16		1745.571028000
17		1358	1745.573175000
6	0		1745.614213000
17		41	1745.629669000
17		1358	1745.631254000
17		41	1745.692370000
17		1358	1745.694382000
17		41	1745.754395000
17		1358	1745.756550000
6	52		1745.777528000
6	0		1745.777572000
6	52		1745.777666000
17		41	1745.816134000
17		1358	1745.817699000
17		41	1745.877880000
17		1358	1745.879323000
17		41	1745.939872000
6	84		1745.944021000
17		1358	1745.950687000
6	0		1745.986212000
17		41	1746.002491000
17		1358	1746.022326000
17		41	1746.064541000
17		1358	1746.075138000
6	0		1746.122588000
6	0		1746.122644000
17		41	1746.125723000
17		1358	1746.127297000
17		1358	1746.181023000
17		41	1746.188153000
17		1358	1746.233136000
17		41	1746.250386000
17		1358	1746.287301000
17		41	1746.311765000
17		1358	1746.341380000
17		41	1746.374417000
17		1358	1746.395536000
17		41	1746.436442000
17		1358	1746.449341000
17		46	1746.498628000
17		1358	1746.503074000
17		41	1746.559869000
17		1358	1746.561437000
17		41	1746.622251000
17		1358	1746.624363000
17		1358	1746.678618000
17		41	1746.683691000
17		1358	1746.731551000
17		41	1746.746348000
17		1358	1746.784978000
17		41	1746.807792000
6	0		1746.820860000
6	0		1746.820910000
17		1358	1746.828540000
17		41	1746.870290000
17		1358	1746.871881000
17		41	1746.931814000
17		1358	1746.944052000
17		41	1746.994107000
17		1358	1747.015044000
17		41	1747.056112000
17		1358	1747.068311000
17		41	1747.118248000
17		1358	1747.122984000
17		41	1747.180655000
17		1358	1747.182241000
17		41	1747.242335000
17		1358	1747.244063000
17		41	1747.304345000
17		1358	1747.304912000
17		1358	1747.358911000
17		41	1747.366543000
17		1358	1747.411625000
17		41	1747.428291000
17		1358	1747.465840000
17		41	1747.489843000
17		1358	1747.519848000
17		41	1747.552013000
17		1358	1747.574350000
17		41	1747.614257000
17		1358	1747.627406000
17		41	1747.676481000
17		46	1747.737685000
17		33	1747.751707000
17		41	1747.799788000
17		1358	1747.801343000
17		41	1747.861878000
17		1358	1747.863482000
17		41	1747.924115000
17		587	1747.925705000
17		41	1747.985757000
17		41	1748.048023000
17		41	1748.109665000
17		1032	1748.171736000
17		38	1748.172347000
17		147	1748.172903000
17		1353	1748.172917000
17		1358	1748.172920000
17		1358	1748.172923000
17		1358	1748.172953000
17		1358	1748.172958000
17		1358	1748.172962000
17		1358	1748.172965000
17		1358	1748.172969000
17		1358	1748.227156000
17		1358	1748.280839000
17		46	1748.296013000
17		33	1748.310110000
17		41	1748.358478000
17		41	1748.420508000
6	68		1748.426475000
17		41	1748.482570000
17		1358	1748.484198000
17		41	1748.543882000
17		1358	1748.544570000
6	52		1748.589891000
6	0		1748.589942000
6	0		1748.589967000
6	0		1748.591671000
17		41	1748.606497000
17		1358	1748.607033000
17		41	1748.668120000
17		1358	1748.669823000
17		41	1748.730388000
17		42	1748.730414000
17		1358	1748.731263000
6	0		1748.754995000
17		41	1748.792113000
17		1358	1748.793463000
17		41	1748.854499000
17		1358	1748.856089000
17		41	1748.915965000
17		1358	1748.917606000
17		41	1748.978254000
17		1358	1748.979513000
17		41	1749.040026000
17		1358	1749.051381000
17		41	1749.101984000
17		1358	1749.123793000
17		41	1749.163812000
17		1358	1749.178098000
17		41	1749.226207000
17		1358	1749.230817000
17		1358	1749.285673000
17		41	1749.288353000
17		1358	1749.338212000
17		41	1749.350374000
17		1358	1749.392755000
17		41	1749.411657000
17		1358	1749.447065000
17		41	1749.473983000
17		1358	1749.500838000
17		41	1749.536390000
17		1358	1749.554908000
17		41	1749.598081000
17		1358	1749.609320000
17		41	1749.660371000
17		1358	1749.661956000
17		41	1749.722773000
17		1358	1749.724340000
17		41	1749.784568000
17		1358	1749.785642000
17		1358	1749.840227000
17		41	1749.846819000
17		1358	1749.893037000
17		41	1749.908581000
17		1358	1749.936494000
17		46	1749.970263000
17		1358	1749.979880000
17		41	1750.031694000
17		1358	1750.033221000
17		41	1750.093889000
17		1358	1750.105200000
17		41	1750.156350000
17		1358	1750.176869000
17		41	1750.218551000
17		1358	1750.231072000
17		41	1750.280317000
17		1358	1750.285657000
17		41	1750.341740000
17		1358	1750.343362000
17		41	1750.404036000
17		1358	1750.406031000
17		41	1750.465615000
17		1358	1750.467663000
17		41	1750.528353000
17		1358	1750.529958000
17		1358	1750.584283000
17		41	1750.590432000
17		1358	1750.637159000
17		41	1750.652469000
17		1358	1750.691258000
17		41	1750.714482000
17		642	1750.745933000
17		41	1750.776554000
17		41	1750.837686000
17		41	1750.900193000
17		41	1750.962464000
17		41	1751.023792000
17		1032	1751.086121000
17		38	1751.086799000
17		151	1751.087518000
17		1353	1751.087556000
17		1358	1751.087561000
17		1358	1751.087565000
17		1358	1751.087568000
17		1358	1751.131309000
17		1358	1751.174591000
17		46	1751.209893000
17		1358	1751.217016000
17		41	1751.271982000
17		1358	1751.289165000
17		41	1751.333718000
17		1358	1751.362153000
17		41	1751.397001000
17		1358	1751.416226000
17		41	1751.458090000
17		1358	1751.469144000
17		41	1751.520285000
17		1358	1751.521655000
17		1358	1751.576605000
17		41	1751.581837000
17		1358	1751.630774000
17		41	1751.643923000
17		1358	1751.684863000
6	0		1751.696313000
6	0		1751.696362000
17		41	1751.705958000
17		1358	1751.738853000
17		41	1751.768016000
17		1358	1751.793091000
17		41	1751.830263000
17		1358	1751.847166000
17		41	1751.892293000
17		1358	1751.901185000
17		41	1751.954300000
17		1358	1751.956087000
17		41	1752.016751000
17		1358	1752.018318000
17		1358	1752.071798000
17		41	1752.078527000
17		1358	1752.126105000
17		41	1752.140060000
17		1358	1752.170330000
17		41	1752.202217000
17		1358	1752.214005000
17		41	1752.264689000
17		1358	1752.285647000
17		41	1752.326302000
17		1358	1752.357159000
17		41	1752.387759000
17		1358	1752.411429000
17		46	1752.450064000
17		33	1752.464742000
17		1358	1752.465325000
17		41	1752.511712000
17		1358	1752.519175000
17		41	1752.574407000
17		1358	1752.576248000
17		41	1752.636260000
17		1358	1752.638133000
17		41	1752.698512000
17		1358	1752.699732000
17		1358	1752.754213000
17		41	1752.759701000
17		1358	1752.807868000
17		41	1752.822232000
17		1358	1752.862802000
17		41	1752.884407000
17		1358	1752.917028000
17		41	1752.946114000
17		1358	1752.971520000
17		41	1753.008161000
17		1358	1753.025189000
17		41	1753.069710000
17		1358	1753.079618000
17		41	1753.132418000
17		1358	1753.133431000
17		41	1753.193910000
17		1358	1753.194828000
17		41	1753.256520000
17		1358	1753.267144000
17		41	1753.317886000
17		1358	1753.338582000
17		41	1753.380441000
17		1358	1753.392474000
17		41	1753.442032000
17		1358	1753.447266000
17		1358	1753.501696000
17		41	1753.503895000
17		1358	1753.554949000
17		41	1753.566617000
17		1358	1753.608637000
17		41	1753.628360000
17		1358	1753.662803000
17		46	1753.689795000
17		33	1753.703771000
17		1358	1753.717367000
17		41	1753.752086000
17		1358	1753.771972000
17		41	1753.814483000
17		1358	1753.825883000
17		41	1753.876145000
17		1358	1753.879862000
17		41	1753.938095000
17		1358	1753.939584000
17		41	1754.000112000
17		1358	1754.001417000
17		41	1754.061935000
17		1358	1754.063647000
17		41	1754.124487000
17		1358	1754.125794000
17		41	1754.185890000
17		1358	1754.187580000
17		41	1754.248149000
17		1358	1754.259747000
17		41	1754.309897000
17		1358	1754.330387000
17		41	1754.372024000
17		1358	1754.383304000
17		41	1754.433882000
17		778	1754.435642000
17		41	1754.496629000
17		41	1754.558105000
17		41	1754.620581000
17		41	1754.682327000
17		1115	1754.743956000
17		38	1754.744655000
17		154	1754.745412000
17		1353	1754.745444000
17		1358	1754.745448000
17		1358	1754.745451000
17		1358	1754.745454000
17		1358	1754.798712000
17		1358	1754.852078000
17		46	1754.867772000
17		33	1754.882524000
17		1358	1754.906194000
17		41	1754.929742000
17		1358	1754.959534000
17		41	1754.992518000
17		1358	1755.013261000
17		41	1755.054045000
17		1358	1755.066680000
17		41	1755.116509000
17		1358	1755.117967000
17		1358	1755.162528000
17		41	1755.178239000
17		1358	1755.204652000
17		41	1755.239789000
17		1358	1755.248318000
17		41	1755.301796000
17		1358	1755.319792000
17		41	1755.363679000
17		1358	1755.392051000
17		41	1755.425885000
17		1358	1755.446347000
17		41	1755.488143000
17		1358	1755.499813000
17		41	1755.549788000
17		1358	1755.554516000
17		41	1755.612484000
17		1358	1755.614236000
17		41	1755.673810000
17		1358	1755.675709000
17		1358	1755.729866000
17		41	1755.736565000
17		1358	1755.782108000
17		41	1755.798093000
17		1358	1755.836789000
17		41	1755.860427000
17		1358	1755.890703000
17		41	1755.922252000
17		1358	1755.944924000
17		41	1755.984010000
17		1358	1755.998519000
17		41	1756.046195000
17		1358	1756.052783000
17		46	1756.108356000
17		1358	1756.110071000
17		41	1756.170084000
17		1358	1756.171618000
17		41	1756.232405000
17		1358	1756.233961000
17		41	1756.296126000
17		1358	1756.305168000
17		41	1756.355649000
17		1358	1756.377642000
17		41	1756.418527000
17		1358	1756.432035000
17		41	1756.480252000
17		1358	1756.485790000
17		1358	1756.539840000
17		41	1756.542232000
17		1358	1756.592958000
17		41	1756.604493000
17		1358	1756.647403000
17		41	1756.666239000
17		1358	1756.701415000
17		41	1756.727975000
17		1358	1756.755289000
17		41	1756.789718000
17		1358	1756.809595000
17		41	1756.852313000
17		1358	1756.863552000
17		41	1756.914246000
17		1358	1756.917781000
17		41	1756.975991000
17		1358	1756.977595000
17		41	1757.038306000
17		1358	1757.039923000
17		41	1757.100187000
17		1358	1757.101459000
17		1358	1757.145578000
17		41	1757.162306000
17		1358	1757.187143000
17		41	1757.223784000
17		1358	1757.230750000
17		41	1757.286426000
17		1358	1757.302437000
17		46	1757.348409000
17		33	1757.362426000
17		1358	1757.374263000
17		41	1757.409876000
17		1358	1757.428668000
17		41	1757.472372000
17		1358	1757.482519000
17		41	1757.533835000
17		1358	1757.535477000
17		41	1757.596076000
17		1358	1757.597596000
17		41	1757.657727000
17		1358	1757.658978000
17		41	1757.719865000
17		1358	1757.721351000
17		41	1757.782364000
17		1358	1757.783943000
17		41	1757.843881000
17		1358	1757.845290000
17		1358	1757.899034000
17		41	1757.906294000
17		1358	1757.952008000
17		41	1757.968587000
17		1358	1758.006364000
17		41	1758.030535000
17		1358	1758.060874000
17		41	1758.092050000
17		1358	1758.114593000
17		41	1758.154354000
17		1358	1758.157954000
17		41	1758.216280000
17		1358	1758.217979000
17		41	1758.278263000
17		1358	1758.289548000
17		41	1758.340216000
17		1358	1758.361884000
17		41	1758.401850000
17		1358	1758.415283000
17		41	1758.464109000
17		1358	1758.469922000
17		41	1758.526454000
17		1358	1758.527418000
17		1358	1758.582655000
17		46	1758.588370000
17		33	1758.601628000
17		1358	1758.634727000
17		41	1758.650069000
17		1358	1758.688357000
17		41	1758.712025000
17		1358	1758.742717000
17		41	1758.774532000
17		1358	1758.796517000
17		41	1758.835795000
17		1358	1758.851153000
17		41	1758.897640000
17		1358	1758.905105000
17		41	1758.960505000
17		1358	1758.961738000
17		41	1759.022281000
17		1358	1759.023716000
17		41	1759.084260000
17		1358	1759.085637000
17		41	1759.146028000
17		1358	1759.148554000
17		41	1759.207965000
17		1358	1759.210684000
17		41	1759.269908000
17		1358	1759.282882000
17		41	1759.331968000
17		1358	1759.355053000
17		41	1759.394247000
17		1358	1759.408684000
17		41	1759.456401000
17		1358	1759.461437000
17		1358	1759.514997000
17		41	1759.517902000
17		1358	1759.567274000
17		41	1759.580346000
17		1358	1759.621274000
17		41	1759.642513000
17		1358	1759.675740000
17		41	1759.704455000
17		1358	1759.729412000
17		41	1759.766380000
17		1358	1759.784168000
17		46	1759.827708000
17		1358	1759.838325000
17		41	1759.890342000
17		1358	1759.891888000
17		41	1759.952635000
17		1358	1759.954740000
17		1358	1760.008913000
17		41	1760.014119000
17		1358	1760.062711000
17		41	1760.076029000
17		1358	1760.116532000
17		41	1760.137930000
17		1358	1760.160266000
17		41	1760.199832000
17		1358	1760.204305000
17		41	1760.262416000
17		1358	1760.276371000
17		41	1760.324514000
17		1358	1760.348459000
17		41	1760.386531000
17		1358	1760.402602000
17		41	1760.447762000
17		1358	1760.457248000
17		41	1760.509926000
17		1358	1760.511525000
17		41	1760.572418000
17		1358	1760.573983000
17		41	1760.633931000
17		1358	1760.635565000
17		1358	1760.690144000
17		41	1760.696268000
17		1358	1760.743603000
17		41	1760.758475000
17		1358	1760.797884000
17		41	1760.819914000
17		1358	1760.852398000
17		41	1760.882419000
17		1358	1760.906381000
17		41	1760.943777000
17		1358	1760.960136000
17		41	1761.005796000
17		1358	1761.014430000
17		46	1761.068196000
17		1358	1761.069824000
17		41	1761.130101000
17		1358	1761.131373000
17		41	1761.192264000
17		1358	1761.193871000
6	0		1761.209845000
6	0		1761.209901000
17		41	1761.254466000
17		41	1761.316220000
17		41	1761.377811000
17		1358	1761.379354000
6	0		1761.397870000
6	41		1761.403488000
17		1358	1761.434169000
17		41	1761.440373000
17		1358	1761.486960000
17		41	1761.502577000
17		1358	1761.540535000
17		41	1761.564301000
6	0		1761.591227000
17		1358	1761.594913000
6	21		1761.599603000
6	0		1761.599637000
6	1080		1761.600752000
17		41	1761.626025000
17		1358	1761.649510000
6	0		1761.678889000
6	0		1761.678941000
17		41	1761.688146000
17		1358	1761.702544000
6	0		1761.711178000
6	0		1761.711228000
6	0		1761.728271000
6	41		1761.735176000
17		41	1761.749642000
6	0		1761.751643000
6	21		1761.751675000
6	0		1761.751684000
6	1080		1761.752674000
17		1358	1761.754955000
6	0		1761.763154000
6	41		1761.768838000
6	0		1761.768923000
6	440		1761.771775000
6	440		1761.794928000
17		1358	1761.809396000
17		41	1761.811989000
6	0		1761.814225000
6	48		1761.830648000
6	0		1761.830682000
6	280		1761.834630000
6	0		1761.838210000
6	0		1761.851095000
6	0		1761.853105000
6	21		1761.853131000
6	0		1761.853143000
6	1080		1761.854112000
6	16		1761.859455000
17		1358	1761.861986000
17		41	1761.874046000
6	0		1761.902233000
17		1358	1761.915374000
6	52		1761.918663000
6	0		1761.918705000
6	52		1761.918833000
6	100		1761.935253000
17		41	1761.936996000
6	0		1761.938286000
6	440		1761.939782000
17		418	1761.968898000
6	0		1761.978232000
6	0		1761.982228000
17		41	1761.997799000
6	48		1762.025914000
6	0		1762.025952000
6	280		1762.029902000
17		41	1762.060249000
6	48		1762.066536000
6	0		1762.066574000
6	280		1762.070586000
17		41	1762.122827000
6	0		1762.152144000
6	0		1762.152201000
6	0		1762.154805000
6	16		1762.157618000
17		41	1762.183851000
6	0		1762.198227000
6	16		1762.227969000
17		1032	1762.245788000
17		38	1762.246409000
17		151	1762.247114000
17		1353	1762.247132000
17		1358	1762.247153000
17		1358	1762.247162000
17		1358	1762.247167000
17		1358	1762.247172000
17		1358	1762.247176000
17		1358	1762.247180000
17		1358	1762.247184000
17		1358	1762.247188000
6	0		1762.270223000
6	52		1762.282441000
6	0		1762.282478000
6	52		1762.282570000
17		1358	1762.301148000
17		1358	1762.354455000
6	84		1762.366781000
17		46	1762.370399000
17		33	1762.384011000
6	0		1762.410231000
6	0		1762.431018000
17		41	1762.432510000
6	41		1762.436867000
6	52		1762.457937000
6	0		1762.457975000
6	52		1762.458090000
17		41	1762.493781000
17		41	1762.555859000
17		41	1762.618007000
17		1358	1762.619611000
6	84		1762.658071000
17		41	1762.680342000
17		1358	1762.681907000
6	0		1762.698200000
6	0		1762.713744000
6	21		1762.713779000
6	0		1762.713790000
6	1080		1762.714758000
17		41	1762.742066000
17		1358	1762.743732000
17		41	1762.804326000
17		42	1762.804353000
17		1358	1762.806218000
17		41	1762.865923000
17		1358	1762.878132000
17		41	1762.928495000
17		1358	1762.950022000
17		41	1762.989670000
6	0		1762.991971000
6	440		1762.992000000
17		1358	1763.003802000
6	0		1763.034229000
17		41	1763.052176000
17		1358	1763.058816000
17		41	1763.114094000
17		1358	1763.114785000
17		41	1763.176330000
17		1358	1763.178749000
17		1358	1763.233919000
17		41	1763.237970000
17		1358	1763.286682000
17		41	1763.300276000
6	48		1763.311118000
6	0		1763.311156000
6	280		1763.318050000
17		1358	1763.340195000
17		41	1763.361941000
17		1358	1763.394774000
17		41	1763.424622000
17		1358	1763.448644000
17		41	1763.486497000
17		1358	1763.502723000
17		41	1763.547989000
17		1358	1763.556931000
6	0		1763.594845000
17		41	1763.610099000
17		1358	1763.612311000
6	16		1763.612804000
6	0		1763.654236000
17		41	1763.672178000
17		1358	1763.673872000
17		41	1763.734648000
17		1358	1763.735973000
17		41	1763.796236000
17		1358	1763.797404000
17		41	1763.858164000
17		1358	1763.859747000
17		41	1763.920427000
17		1358	1763.922253000
6	52		1763.931290000
6	0		1763.931323000
6	52		1763.931424000
6	68		1763.948372000
6	52		1763.964911000
6	0		1763.964954000
6	0		1763.964974000
6	0		1763.966271000
17		41	1763.981884000
6	0		1763.982649000
17		1358	1763.993679000
17		46	1764.044442000
17		33	1764.057924000
17		1358	1764.065396000
17		41	1764.105995000
17		1358	1764.118914000
17		41	1764.168757000
17		1358	1764.171877000
6	68		1764.182814000
6	84		1764.218077000
17		1358	1764.225706000
17		41	1764.230192000
6	0		1764.258228000
6	52		1764.267108000
6	0		1764.267157000
6	0		1764.267180000
6	0		1764.268990000
17		1358	1764.278884000
17		41	1764.291857000
17		1358	1764.333203000
6	0		1764.353195000
17		41	1764.354008000
17		1358	1764.387469000
17		41	1764.416543000
17		1358	1764.441320000
6	68		1764.474855000
17		41	1764.477991000
17		1358	1764.496012000
17		41	1764.540605000
17		1358	1764.550019000
17		41	1764.602203000
17		1358	1764.603556000
17		1358	1764.657205000
17		41	1764.664289000
6	52		1764.668892000
6	0		1764.668935000
6	0		1764.668953000
6	0		1764.670426000
17		1358	1764.711327000
17		41	1764.726338000
17		1358	1764.765955000
17		41	1764.788753000
17		1358	1764.820956000
17		41	1764.850572000
6	0		1764.858109000
17		1358	1764.875237000
17		41	1764.912159000
17		1358	1764.919159000
17		41	1764.974310000
17		1358	1764.975842000
17		41	1765.035862000
17		1358	1765.048046000
17		585	1765.097644000
17		41	1765.097672000
17		35	1765.099301000
17		76	1765.107748000
17		33	1765.107782000
17		615	1765.119856000
17		41	1765.160457000
6	0		1765.189507000
6	0		1765.189569000
17		41	1765.222403000
17		46	1765.284231000
17		33	1765.297794000
6	0		1765.311420000
6	41		1765.317066000
17		41	1765.346419000
17		43	1765.408581000
17		41	1765.408641000
17		41	1765.408650000
17		33	1765.434936000
6	0		1765.438038000
6	21		1765.438083000
6	0		1765.438093000
6	1080		1765.439147000
17		1116	1765.470542000
17		38	1765.471164000
17		1358	1765.471838000
17		1358	1765.471857000
17		1358	1765.471862000
17		1358	1765.471866000
17		1358	1765.471871000
17		1358	1765.471876000
17		1358	1765.526544000
6	440		1765.559722000
17		46	1765.593788000
17		1358	1765.595497000
6	0		1765.602217000
17		41	1765.655896000
17		1358	1765.657346000
17		41	1765.718599000
17		1358	1765.720002000
6	48		1765.722639000
6	0		1765.722669000
6	280		1765.726861000
17		41	1765.780500000
17		1358	1765.781461000
17		41	1765.842261000
17		1358	1765.843586000
6	16		1765.849601000
6	0		1765.890212000
17		41	1765.903644000
17		1358	1765.905337000
17		41	1765.965894000
17		1358	1765.967487000
6	52		1766.010682000
6	0		1766.010720000
6	52		1766.010854000
17		41	1766.028473000
17		1358	1766.030268000
17		41	1766.089654000
17		1358	1766.091277000
6	84		1766.131523000
17		41	1766.151841000
17		1358	1766.162766000
6	0		1766.174219000
17		41	1766.214445000
17		1358	1766.234885000
17		41	1766.276068000
17		1358	1766.289176000
17		41	1766.337978000
17		1358	1766.343970000
17		1358	1766.396842000
17		41	1766.399988000
17		1358	1766.449978000
17		41	1766.462093000
17		1358	1766.504283000
17		41	1766.524164000
17		1358	1766.557689000
17		41	1766.586484000
17		1358	1766.612414000
17		41	1766.648299000
17		1358	1766.666536000
17		41	1766.710469000
17		1358	1766.720777000
17		41	1766.771687000
17		1358	1766.773210000
17		46	1766.833992000
17		1358	1766.835494000
17		41	1766.895873000
17		1358	1766.897404000
17		41	1766.957797000
17		1358	1766.959108000
6	68		1766.978085000
17		41	1767.020536000
17		1358	1767.022656000
17		1358	1767.065644000
17		41	1767.082579000
17		1358	1767.109254000
17		41	1767.144483000
17		1358	1767.180405000
17		41	1767.206443000
17		1358	1767.252949000
6	52		1767.255327000
6	0		1767.255365000
6	0		1767.256494000
6	0		1767.256978000
17		41	1767.267687000
17		1358	1767.307259000
17		41	1767.330152000
17		1358	1767.361953000
17		41	1767.391845000
17		1358	1767.417018000
17		41	1767.454113000
17		1358	1767.471113000
17		41	1767.516223000
17		1358	1767.525274000
6	0		1767.534652000
17		41	1767.578203000
17		1358	1767.579221000
17		41	1767.640386000
17		1358	1767.641899000
17		41	1767.701803000
17		1358	1767.703311000
17		1358	1767.757426000
17		41	1767.764105000
17		1358	1767.810693000
17		41	1767.825662000
17		1358	1767.865456000
17		41	1767.888171000
17		1358	1767.919495000
17		41	1767.950168000
17		1358	1767.973453000
17		41	1768.011718000
17		1358	1768.016336000
17		46	1768.073757000
17		1358	1768.075419000
17		41	1768.136481000
17		1358	1768.147695000
6	68		1768.163841000
17		41	1768.197720000
17		1358	1768.219951000
17		41	1768.259921000
17		1358	1768.273750000
6	52		1768.284669000
6	0		1768.284711000
6	0		1768.284733000
6	0		1768.286083000
17		41	1768.322153000
17		1358	1768.328223000
17		41	1768.383841000
17		1358	1768.385220000
6	0		1768.406960000
17		1358	1768.439147000
17		41	1768.446425000
17		1358	1768.491769000
17		41	1768.508301000
17		1358	1768.546339000
17		41	1768.569987000
17		1358	1768.600134000
17		41	1768.632400000
17		1358	1768.654441000
17		41	1768.694256000
17		1358	1768.708138000
17		41	1768.755641000
17		1358	1768.762862000
17		41	1768.818254000
17		1358	1768.819739000
17		41	1768.880276000
17		1358	1768.881863000
17		41	1768.942512000
17		1358	1768.944059000
17		41	1769.004019000
17		1358	1769.005618000
17		41	1769.066243000
17		1358	1769.067466000
17		41	1769.127991000
17		1358	1769.139102000
17		41	1769.189659000
17		1358	1769.211223000
17		41	1769.252210000
17		1358	1769.263507000
17		46	1769.314510000
17		1358	1769.316392000
17		1358	1769.370010000
17		41	1769.376008000
17		1358	1769.423256000
17		41	1769.438242000
17		1358	1769.477633000
17		41	1769.500363000
17		1358	1769.531300000
17		41	1769.561983000
17		1358	1769.585638000
17		41	1769.624502000
17		1358	1769.639580000
17		41	1769.686257000
17		1358	1769.693266000
17		41	1769.747968000
17		1358	1769.749578000
17		41	1769.810945000
17		1358	1769.812550000
17		1358	1769.866750000
17		41	1769.871686000
17		1358	1769.920623000
17		41	1769.933863000
17		1358	1769.975443000
17		41	1769.996204000
17		1358	1770.019315000
17		41	1770.057594000
17		1358	1770.062304000
17		41	1770.120337000
17		1358	1770.134301000
17		41	1770.182431000
17		1358	1770.206367000
17		41	1770.244469000
17		1358	1770.260968000
17		41	1770.306502000
17		1358	1770.314994000
17		41	1770.368268000
17		1358	1770.369305000
17		41	1770.430386000
17		1358	1770.431920000
17		41	1770.492603000
17		1358	1770.494513000
17		1358	1770.547974000
17		46	1770.554213000
17		33	1770.567570000
17		1358	1770.601803000
17		41	1770.616179000
17		1358	1770.656794000
17		41	1770.678102000
17		1358	1770.710734000
17		41	1770.740060000
17		1358	1770.764666000
17		41	1770.801971000
17		1358	1770.818382000
17		41	1770.863756000
17		1358	1770.872356000
17		41	1770.925644000
17		1358	1770.927144000
17		41	1770.988465000
17		1358	1770.990129000
17		41	1771.049744000
17		1358	1771.051323000
17		41	1771.112318000
17		1358	1771.123623000
17		41	1771.174333000
17		1358	1771.195575000
17		41	1771.235944000
17		1358	1771.248902000
17		41	1771.297714000
17		1358	1771.303139000
17		1358	1771.356496000
17		41	1771.360021000
17		1358	1771.409289000
17		41	1771.422248000
17		1358	1771.463578000
17		41	1771.484407000
17		1358	1771.517656000
17		41	1771.545925000
17		1358	1771.571522000
17		41	1771.608284000
17		1358	1771.625572000
17		41	1771.669953000
17		1358	1771.680104000
17		41	1771.731759000
17		1358	1771.733264000
17		46	1771.794236000
17		1358	1771.795807000
17		41	1771.856281000
17		1358	1771.858527000
17		41	1771.918402000
17		1358	1771.919027000
17		1358	1771.962466000
17		41	1771.979688000
17		1358	1772.004794000
17		41	1772.041634000
17		1358	1772.047870000
17		41	1772.103814000
17		1358	1772.120130000
17		41	1772.166356000
17		1358	1772.192109000
17		41	1772.228624000
17		1358	1772.246335000
17		41	1772.290413000
17		1358	1772.300569000
17		41	1772.352510000
17		1358	1772.354080000
17		41	1772.414113000
17		1358	1772.415686000
17		41	1772.476360000
17		1358	1772.477277000
17		41	1772.538037000
17		1358	1772.539557000
17		41	1772.600461000
17		1358	1772.601584000
17		41	1772.662204000
17		1358	1772.662686000
17		1358	1772.716793000
17		41	1772.723806000
17		1358	1772.770819000
17		41	1772.785892000
17		1358	1772.825447000
17		41	1772.847874000
17		1358	1772.879886000
17		41	1772.909650000
17		1358	1772.934583000
17		41	1772.972025000
17		1358	1772.978087000
17		46	1773.033756000
17		1358	1773.035318000
17		41	1773.096274000
17		1107	1773.107330000
17		41	1773.158463000
17		41	1773.220339000
17		41	1773.282577000
17		41	1773.343861000
17		41	1773.405839000
17		1032	1773.468082000
17		38	1773.468685000
17		151	1773.469554000
17		1353	1773.469577000
17		1358	1773.469583000
17		1358	1773.469588000
17		1358	1773.469593000
17		1358	1773.523313000
17		1358	1773.576866000
17		46	1773.591621000
17		33	1773.605123000
17		1358	1773.630538000
17		41	1773.654240000
17		1358	1773.684212000
17		41	1773.716210000
17		1358	1773.737790000
17		41	1773.778518000
17		1358	1773.791620000
17		41	1773.840306000
17		1358	1773.845179000
17		1358	1773.897982000
17		41	1773.901761000
17		1358	1773.950943000
17		41	1773.964225000
17		1358	1774.004940000
17		41	1774.026142000
17		1358	1774.048070000
17		41	1774.088124000
17		1358	1774.090851000
17		41	1774.150314000
17		1358	1774.162618000
17		41	1774.212195000
17		1358	1774.234506000
17		41	1774.274050000
17		1358	1774.288287000
17		41	1774.335739000
17		1358	1774.342732000
17		41	1774.397725000
17		1358	1774.399609000
17		1358	1774.453819000
17		41	1774.459932000
17		1358	1774.506446000
17		41	1774.522009000
17		1358	1774.560816000
17		41	1774.584059000
17		1358	1774.614866000
17		41	1774.646152000
17		1358	1774.669094000
17		41	1774.708360000
17		1358	1774.723327000
6	0		1774.747925000
6	0		1774.747966000
6	0		1774.770606000
17		41	1774.770632000
6	0		1774.771503000
17		1358	1774.777181000
17		46	1774.832234000
17		1358	1774.834299000
17		41	1774.894514000
17		1358	1774.896114000
17		41	1774.956525000
17		1358	1774.957706000
17		41	1775.018525000
17		1358	1775.020030000
17		41	1775.080069000
17		1358	1775.082395000
17		41	1775.142347000
17		1358	1775.153344000
17		41	1775.204575000
17		1358	1775.225178000
17		41	1775.265648000
17		1358	1775.277305000
17		41	1775.328523000
17		1358	1775.329409000
17		1358	1775.384192000
17		41	1775.390508000
17		1358	1775.437064000
17		41	1775.452459000
17		1358	1775.491163000
17		41	1775.514464000
17		1358	1775.545428000
17		41	1775.576483000
17		1358	1775.598931000
17		41	1775.637871000
17		41	1775.700804000
17		41	1775.761640000
17		1358	1775.763297000
17		41	1775.823716000
17		1358	1775.824751000
17		1358	1775.878584000
17		41	1775.886127000
6	0		1775.909487000
6	0		1775.909541000
17		1358	1775.932971000
17		41	1775.948035000
17		1358	1775.986326000
17		41	1776.009832000
17		1358	1776.040267000
17		46	1776.071799000
17		33	1776.086365000
17		1358	1776.092800000
17		41	1776.133691000
17		1358	1776.146242000
17		41	1776.196301000
17		387	1776.197914000
17		41	1776.257642000
17		41	1776.320165000
17		41	1776.382451000
17		1116	1776.444383000
17		38	1776.445032000
17		155	1776.445773000
17		1353	1776.445800000
17		1358	1776.445803000
17		1358	1776.445806000
17		1358	1776.445810000
17		1358	1776.445813000
17		1358	1776.445816000
17		1358	1776.445819000
17		1358	1776.445822000
17		1358	1776.445826000
17		1358	1776.499380000
17		1358	1776.552572000
17		46	1776.568424000
17		33	1776.582129000
17		41	1776.630189000
17		41	1776.692054000
17		41	1776.753678000
17		41	1776.815846000
17		1358	1776.817071000
17		41	1776.878893000
17		1358	1776.879513000
17		41	1776.940138000
17		1358	1776.941501000
17		41	1777.002036000
17		42	1777.002065000
17		35	1777.003645000
17		1358	1777.013194000
17		41	1777.064075000
17		1358	1777.084721000
17		41	1777.125755000
17		1358	1777.139229000
17		41	1777.188552000
17		1358	1777.193414000
17		41	1777.249708000
17		1358	1777.251224000
17		41	1777.311726000
17		1358	1777.313650000
17		41	1777.373883000
17		1358	1777.375498000
17		41	1777.436581000
17		1358	1777.438129000
17		1358	1777.492894000
17		41	1777.497646000
17		1358	1777.545713000
17		41	1777.560171000
17		1358	1777.599287000
17		41	1777.622085000
17		1358	1777.654026000
17		41	1777.683919000
17		1358	1777.708619000
17		41	1777.746300000
17		1358	1777.762948000
17		41	1777.808106000
17		1358	1777.816202000
17		41	1777.870253000
17		1358	1777.871836000
17		41	1777.931793000
17		1358	1777.933442000
17		41	1777.994045000
17		1358	1778.004675000
17		41	1778.055681000
17		1358	1778.077214000
17		41	1778.117707000
17		1358	1778.131566000
17		41	1778.179810000
17		1358	1778.185861000
17		1358	1778.238537000
17		46	1778.241823000
17		33	1778.255336000
17		1358	1778.292151000
17		41	1778.303840000
17		1358	1778.346032000
17		41	1778.366293000
17		1358	1778.399821000
17		41	1778.428235000
17		1358	1778.453701000
17		41	1778.490077000
17		1358	1778.508466000
17		41	1778.552130000
17		1358	1778.562946000
17		41	1778.614294000
17		1358	1778.616762000
17		41	1778.676491000
17		1358	1778.677912000
17		41	1778.737934000
17		1358	1778.739061000
17		41	1778.800026000
17		1358	1778.801643000
17		41	1778.862459000
17		1358	1778.864076000
17		1358	1778.908528000
17		41	1778.924224000
17		1358	1778.950217000
17		41	1778.985653000
17		1358	1779.022357000
17		41	1779.048440000
17		1358	1779.094861000
17		684	1779.110094000
17		41	1779.110115000
17		35	1779.111979000
17		74	1779.121565000
17		33	1779.121599000
17		1358	1779.149397000
17		41	1779.172299000
17		1358	1779.203411000
17		41	1779.234248000
17		1358	1779.257182000
17		41	1779.295960000
17		1358	1779.311798000
17		41	1779.358493000
17		1358	1779.365791000
17		41	1779.420681000
17		1358	1779.422280000
17		43	1779.482210000
17		46	1779.482249000
17		41	1779.482257000
17		1358	1779.484205000
17		33	1779.508248000
17		41	1779.543849000
17		1358	1779.545437000
17		41	1779.606510000
17		1358	1779.608165000
17		41	1779.667663000
17		1358	1779.669208000
17		1358	1779.723892000
17		41	1779.730387000
17		1358	1779.777226000
17		41	1779.792194000
17		1358	1779.831871000
17		41	1779.853661000
17		1358	1779.875471000
17		41	1779.916366000
17		1358	1779.917948000
17		41	1779.977924000
17		1358	1779.990518000
17		41	1780.040272000
17		1358	1780.062468000
17		41	1780.101801000
17		1358	1780.117069000
17		41	1780.163884000
17		1358	1780.171732000
17		41	1780.225665000
17		1358	1780.227262000
17		41	1780.288187000
17		1358	1780.289958000
17		41	1780.349803000
17		1358	1780.350473000
17		41	1780.412319000
17		1358	1780.413425000
17		1358	1780.467858000
17		41	1780.474083000
17		1358	1780.522179000
17		41	1780.536046000
17		1358	1780.576986000
17		41	1780.598361000
17		1358	1780.631939000
17		41	1780.660271000
17		1358	1780.686056000
17		46	1780.722084000
17		33	1780.735358000
17		1358	1780.740131000
17		41	1780.784262000
17		1358	1780.794103000
17		41	1780.846405000
17		1358	1780.847368000
17		41	1780.908432000
17		1358	1780.909725000
17		41	1780.970468000
17		1358	1780.982563000
17		41	1781.032179000
17		1358	1781.055109000
17		41	1781.094400000
6	0		1781.094431000
6	0		1781.095020000
17		1358	1781.109963000
17		41	1781.156534000
17		1358	1781.164421000
17		41	1781.218256000
17		1358	1781.219876000
17		1358	1781.272701000
17		41	1781.279742000
17		1358	1781.326385000
17		41	1781.341961000
17		1358	1781.380425000
17		41	1781.403718000
17		1358	1781.434511000
17		41	1781.466035000
17		1358	1781.488567000
17		41	1781.527863000
17		1358	1781.542614000
17		41	1781.589835000
17		1358	1781.597704000
17		41	1781.651777000
17		1358	1781.653394000
17		41	1781.713884000
17		1358	1781.715467000
17		41	1781.776393000
17		1358	1781.777970000
17		41	1781.837611000
17		1358	1781.839417000
17		1358	1781.883096000
17		41	1781.900073000
17		1358	1781.926104000
17		46	1781.962711000
17		33	1781.976763000
17		1358	1781.998786000
17		41	1782.023875000
17		1358	1782.071861000
17		41	1782.086059000
17		1358	1782.126188000
17		41	1782.148099000
17		1358	1782.180590000
17		41	1782.209855000
17		1358	1782.235394000
17		41	1782.272067000
17		1358	1782.290237000
17		41	1782.333789000
17		1358	1782.345076000
17		41	1782.395699000
17		1358	1782.399819000
17		41	1782.457854000
17		1358	1782.459376000
17		41	1782.520200000
17		1358	1782.522029000
17		41	1782.582022000
17		1358	1782.583629000
17		1358	1782.637941000
17		41	1782.644284000
17		1358	1782.692737000
17		41	1782.706359000
17		1358	1782.747272000
17		41	1782.768333000
17		1358	1782.802616000
17		41	1782.829821000
6	0		1782.831076000
6	0		1782.831118000
17		1358	1782.847089000
17		41	1782.892147000
17		1358	1782.893223000
17		41	1782.954076000
17		1358	1782.965867000
17		41	1783.015713000
17		1358	1783.038522000
17		41	1783.078117000
17		1358	1783.093017000
17		41	1783.139922000
17		1358	1783.148432000
17		46	1783.202498000
17		1358	1783.203512000
17		41	1783.263826000
17		1358	1783.265420000
17		1358	1783.319249000
17		41	1783.325844000
17		1358	1783.373271000
17		41	1783.388541000
17		1358	1783.427343000
17		41	1783.450561000
17		1358	1783.481490000
17		41	1783.511679000
17		1358	1783.536359000
17		41	1783.573811000
17		1358	1783.591264000
17		41	1783.636571000
17		1358	1783.645482000
17		41	1783.697654000
17		477	1783.699290000
17		41	1783.759736000
6	0		1783.784619000
6	0		1783.784672000
17		41	1783.822453000
17		41	1783.883759000
17		41	1783.945963000
6	0		1783.973801000
6	41		1783.979656000
17		41	1784.008240000
17		1025	1784.008270000
17		33	1784.008921000
17		1358	1784.010667000
17		1358	1784.064997000
17		41	1784.070162000
17		1358	1784.118455000
17		46	1784.132311000
17		33	1784.146264000
6	0		1784.168652000
17		1358	1784.171936000
6	21		1784.174073000
6	0		1784.174106000
6	1080		1784.175183000
17		41	1784.193790000
17		1358	1784.223703000
17		41	1784.256108000
17		1358	1784.276916000
17		41	1784.317972000
17		1358	1784.330476000
6	440		1784.368898000
17		41	1784.380149000
17		1358	1784.383361000
6	0		1784.410217000
17		1358	1784.436331000
17		41	1784.441859000
17		1358	1784.489249000
17		41	1784.504525000
17		1358	1784.541983000
17		41	1784.566477000
17		1358	1784.595679000
6	48		1784.599159000
6	0		1784.599194000
6	280		1784.605313000
17		41	1784.628251000
17		1358	1784.649121000
17		41	1784.689870000
17		1358	1784.701752000
17		1358	1784.744318000
17		41	1784.752340000
17		1358	1784.786869000
6	16		1784.805629000
17		41	1784.814602000
17		1358	1784.829597000
6	0		1784.846238000
17		41	1784.876209000
17		1358	1784.899974000
17		41	1784.937781000
17		1358	1784.953335000
17		41	1785.000163000
17		1358	1785.004341000
6	52		1785.035209000
6	0		1785.035255000
6	52		1785.035392000
17		1358	1785.053794000
17		41	1785.062508000
17		1358	1785.104066000
17		41	1785.123932000
17		1358	1785.153199000
17		41	1785.186248000
17		1358	1785.202179000
6	100		1785.234087000
17		41	1785.248754000
17		1358	1785.250357000
6	0		1785.274226000
17		1358	1785.301967000
17		41	1785.310610000
6	0		1785.329987000
6	0		1785.330040000
6	0		1785.343088000
6	41		1785.348601000
17		1358	1785.351216000
6	0		1785.361335000
6	21		1785.366791000
6	0		1785.366827000
6	1080		1785.367784000
17		46	1785.372241000
6	440		1785.380614000
17		33	1785.386078000
17		1358	1785.400948000
6	0		1785.422212000
17		41	1785.434281000
6	48		1785.435025000
6	0		1785.435056000
6	280		1785.441708000
17		1358	1785.450730000
6	0		1785.489068000
17		41	1785.496498000
17		1358	1785.498227000
17		1358	1785.549172000
17		41	1785.558237000
17		1358	1785.599465000
17		41	1785.620514000
17		1358	1785.650022000
17		41	1785.681645000
17		1358	1785.689826000
17		1358	1785.729016000
6	16		1785.741348000
17		41	1785.744181000
17		1358	1785.768709000
6	0		1785.782239000
6	52		1785.795018000
6	0		1785.795064000
6	52		1785.795157000
17		41	1785.806278000
6	0		1785.807826000
17		1358	1785.836319000
17		41	1785.868060000
17		1358	1785.902964000
6	100		1785.924606000
17		41	1785.930408000
17		1358	1785.953921000
6	0		1785.966226000
17		41	1785.992453000
17		1358	1786.004670000
17		41	1786.054256000
17		1358	1786.055844000
17		41	1786.115855000
17		1358	1786.118035000
17		41	1786.178102000
17		1358	1786.179556000
17		41	1786.240242000
17		1358	1786.241855000
17		41	1786.301726000
17		1358	1786.303300000
17		1358	1786.353333000
17		41	1786.364096000
17		1358	1786.403732000
17		41	1786.426397000
17		1358	1786.454422000
17		41	1786.488388000
17		1358	1786.505601000
6	0		1786.536351000
6	0		1786.536411000
17		41	1786.550168000
17		1358	1786.555315000
6	0		1786.575771000
6	12		1786.576020000
17		46	1786.612026000
17		1358	1786.613589000
6	0		1786.615151000
6	12		1786.615224000
6	0		1786.615237000
6	1		1786.615416000
6	4		1786.615446000
6	32		1786.615456000
6	0		1786.615468000
6	0		1786.654511000
6	0		1786.654546000
6	0		1786.654551000
6	0		1786.654616000
6	0		1786.654630000
17		41	1786.674538000
17		607	1786.676171000
17		41	1786.735859000
17		41	1786.798371000
17		41	1786.860488000
17		41	1786.922529000
17		41	1786.984649000
17		1116	1787.046050000
17		38	1787.046730000
17		1358	1787.047481000
17		1358	1787.047509000
17		1358	1787.047513000
17		1358	1787.047516000
17		1358	1787.047519000
17		1358	1787.047522000
17		1358	1787.097868000
17		46	1787.170580000
17		1358	1787.172167000
6	68		1787.206783000
17		41	1787.231849000
17		1358	1787.233392000
17		41	1787.293794000
17		1358	1787.295291000
17		41	1787.356444000
17		1358	1787.358245000
6	52		1787.400555000
6	0		1787.400598000
6	0		1787.400621000
6	0		1787.401814000
17		41	1787.418480000
17		1358	1787.419544000
17		41	1787.480045000
17		1358	1787.481004000
17		41	1787.542202000
17		1358	1787.543401000
6	0		1787.590712000
17		41	1787.604311000
17		1358	1787.606137000
17		41	1787.666492000
17		1358	1787.668050000
17		41	1787.727853000
17		1358	1787.729428000
17		41	1787.790209000
17		1358	1787.791996000
17		41	1787.851946000
17		1358	1787.858467000
6	68		1787.897557000
6	0		1787.912129000
6	52		1787.912358000
6	0		1787.912370000
6	0		1787.912464000
6	0		1787.913619000
17		41	1787.914119000
17		1358	1787.925489000
6	0		1787.926366000
17		1358	1787.974798000
17		41	1787.976089000
17		1358	1788.024623000
17		41	1788.037991000
17		1358	1788.074814000
17		41	1788.099781000
17		1358	1788.125815000
17		41	1788.161984000
17		1358	1788.176599000
17		41	1788.224424000
17		1358	1788.226116000
17		41	1788.285916000
17		1358	1788.287190000
17		41	1788.348999000
17		1358	1788.350591000
17		46	1788.410493000
17		1358	1788.412090000
17		41	1788.471909000
17		1358	1788.473498000
17		41	1788.534289000
17		1358	1788.535904000
17		41	1788.596055000
17		1358	1788.597634000
17		1358	1788.648487000
17		41	1788.658099000
17		1358	1788.697359000
17		41	1788.720004000
17		1358	1788.737722000
17		41	1788.782699000
17		1358	1788.784421000
17		41	1788.844312000
17		1358	1788.854401000
17		41	1788.905789000
17		1358	1788.924549000
17		41	1788.968335000
17		1358	1788.977154000
17		41	1789.029927000
17		1358	1789.031201000
17		41	1789.092284000
17		1358	1789.093925000
17		41	1789.154488000
17		1358	1789.156158000
17		41	1789.216286000
17		1358	1789.217928000
17		41	1789.278687000
17		1358	1789.280402000
17		1358	1789.333416000
17		41	1789.340346000
17		1358	1789.384166000
17		41	1789.402803000
17		1358	1789.436886000
17		41	1789.463632000
17		1358	1789.490220000
17		41	1789.526119000
17		1358	1789.543027000
17		41	1789.588591000
17		1358	1789.595744000
17		46	1789.650254000
17		1358	1789.651888000
17		41	1789.712428000
17		1358	1789.713529000
17		41	1789.774269000
17		1358	1789.776250000
17		41	1789.835887000
17		1358	1789.845422000
17		41	1789.898391000
17		1358	1789.914632000
17		41	1789.959832000
17		1358	1789.966898000
17		1358	1790.020696000
17		41	1790.021903000
17		1358	1790.074314000
17		41	1790.084136000
17		1358	1790.127862000
17		41	1790.145786000
17		1358	1790.181257000
17		41	1790.208269000
17		1358	1790.235412000
17		41	1790.270462000
17		1358	1790.289177000
17		41	1790.331768000
17		1358	1790.343128000
17		41	1790.394366000
17		1358	1790.396396000
17		41	1790.457173000
17		1358	1790.457880000
17		41	1790.517837000
17		1358	1790.519607000
17		41	1790.580352000
17		1358	1790.582273000
17		41	1790.641940000
17		1358	1790.643549000
17		41	1790.703646000
17		1358	1790.705234000
17		1358	1790.748923000
17		41	1790.766285000
17		1358	1790.790933000
17		41	1790.828327000
17		1358	1790.862401000
17		46	1790.890238000
17		33	1790.903516000
17		1358	1790.934387000
17		41	1790.952581000
17		1358	1790.988804000
17		41	1791.013960000
17		1358	1791.042923000
17		41	1791.076276000
17		1358	1791.096993000
17		41	1791.138246000
17		1358	1791.150784000
17		41	1791.200279000
17		1358	1791.205333000
17		41	1791.262085000
17		1358	1791.263834000
17		41	1791.324612000
17		1358	1791.326054000
17		41	1791.386236000
17		1358	1791.387858000
17		1358	1791.442111000
17		41	1791.448319000
17		1358	1791.495212000
17		41	1791.510338000
17		1358	1791.548536000
17		41	1791.572550000
17		1358	1791.602820000
17		41	1791.634678000
17		1358	1791.656595000
17		41	1791.696030000
17		1358	1791.698136000
17		41	1791.757990000
17		1358	1791.759810000
17		41	1791.820543000
17		1358	1791.831455000
17		41	1791.882245000
17		1358	1791.903228000
17		41	1791.944176000
17		1358	1791.956698000
17		41	1792.005687000
17		1358	1792.010724000
17		41	1792.068063000
17		1358	1792.069847000
17		46	1792.130478000
17		1358	1792.131765000
17		1358	1792.186710000
17		41	1792.192626000
17		1358	1792.238480000
17		41	1792.254526000
17		1358	1792.292626000
17		41	1792.316179000
17		1358	1792.346904000
17		41	1792.378203000
17		1358	1792.400506000
17		41	1792.440430000
17		1358	1792.454446000
17		41	1792.502386000
17		1358	1792.509354000
17		41	1792.563907000
17		1358	1792.565334000
17		41	1792.625832000
17		1358	1792.627623000
17		41	1792.687698000
17		1358	1792.688392000
17		41	1792.750247000
17		1358	1792.751866000
17		41	1792.812093000
17		1358	1792.823573000
17		41	1792.874269000
17		1358	1792.895604000
17		41	1792.935924000
17		1358	1792.948893000
17		41	1792.998610000
17		1358	1793.000206000
17		1358	1793.054782000
17		41	1793.060170000
17		1358	1793.108484000
17		41	1793.121951000
17		1358	1793.162526000
17		41	1793.183798000
17		1358	1793.215896000
17		41	1793.246206000
17		1358	1793.270690000
17		41	1793.308306000
17		1358	1793.324309000
17		46	1793.369891000
17		1358	1793.378495000
17		41	1793.431926000
17		1358	1793.434306000
17		41	1793.493809000
17		1358	1793.495386000
17		1358	1793.549353000
17		41	1793.555653000
17		1358	1793.602455000
17		41	1793.617686000
17		1358	1793.656231000
17		41	1793.679812000
17		1358	1793.699551000
17		41	1793.742427000
17		1358	1793.744057000
17		41	1793.803802000
17		1358	1793.815336000
17		41	1793.865845000
17		1358	1793.887490000
17		41	1793.928558000
17		605	1793.941276000
17		41	1793.989821000
17		41	1794.051764000
17		41	1794.113713000
17		41	1794.175768000
17		41	1794.237930000
17		1033	1794.300091000
17		39	1794.300747000
17		1358	1794.302446000
17		1358	1794.302472000
17		1358	1794.302476000
17		1358	1794.302479000
17		1358	1794.356966000
17		47	1794.424217000
17		1358	1794.425776000
17		1358	1794.480200000
17		41	1794.486317000
17		1358	1794.533706000
17		41	1794.548455000
17		1358	1794.585908000
17		41	1794.609909000
17		1358	1794.639454000
17		41	1794.672241000
17		1358	1794.692289000
17		41	1794.733763000
17		1358	1794.735348000
6	0		1794.739636000
6	0		1794.739669000
17		1358	1794.778573000
17		41	1794.796566000
17		1358	1794.820282000
17		41	1794.857928000
17		1358	1794.891839000
17		41	1794.920566000
17		1358	1794.963677000
17		41	1794.982227000
17		1358	1795.017984000
17		41	1795.043902000
17		1358	1795.072276000
17		585	1795.105852000
17		41	1795.105877000
17		35	1795.107566000
17		76	1795.117613000
17		33	1795.118020000
17		1358	1795.126219000
17		41	1795.168513000
17		1358	1795.179979000
17		41	1795.230307000
17		1358	1795.231680000
17		1358	1795.286496000
17		41	1795.292278000
17		1358	1795.339256000
17		41	1795.353841000
17		1358	1795.394044000
17		43	1795.416368000
17		41	1795.416395000
17		41	1795.416403000
17		33	1795.442559000
17		1358	1795.448579000
17		41	1795.478337000
17		1358	1795.502357000
17		41	1795.539970000
17		1358	1795.557085000
17		41	1795.602470000
17		1358	1795.611148000
17		46	1795.664287000
17		1358	1795.665864000
17		41	1795.726265000
17		1358	1795.727766000
17		41	1795.788108000
17		1358	1795.789742000
17		41	1795.850016000
17		1358	1795.861435000
17		41	1795.912097000
17		1358	1795.933483000
17		41	1795.973753000
17		1358	1795.987540000
17		41	1796.035678000
17		1358	1796.041826000
17		1358	1796.095029000
17		41	1796.098662000
17		1358	1796.147887000
17		41	1796.160348000
17		1358	1796.201355000
17		41	1796.222076000
17		1358	1796.255589000
17		41	1796.284319000
17		1358	1796.310118000
17		41	1796.345926000
17		1358	1796.363622000
17		41	1796.408495000
17		1358	1796.417994000
17		41	1796.469832000
17		1358	1796.471434000
17		41	1796.532229000
17		1358	1796.533790000
17		41	1796.593816000
17		1358	1796.594559000
17		41	1796.656086000
17		1358	1796.657128000
17		1358	1796.699977000
17		41	1796.717837000
17		1358	1796.742806000
17		41	1796.780233000
17		1358	1796.786231000
17		41	1796.842091000
17		754	1796.857817000
17		46	1796.904546000
17		33	1796.918362000
17		41	1796.965930000
17		41	1797.028557000
17		41	1797.089758000
17		41	1797.151771000
17		1116	1797.214288000
17		39	1797.214949000
17		156	1797.216056000
17		1353	1797.216080000
17		1358	1797.216085000
17		1358	1797.216089000
17		1358	1797.216093000
17		1358	1797.269401000
17		1358	1797.322468000
17		47	1797.338146000
17		33	1797.351516000
17		1358	1797.375881000
17		41	1797.399819000
17		1358	1797.429417000
17		41	1797.462128000
17		1358	1797.483062000
17		41	1797.524168000
17		1358	1797.536595000
17		41	1797.586252000
17		1358	1797.587829000
17		1358	1797.642530000
17		41	1797.648118000
17		1358	1797.695834000
17		41	1797.709751000
17		1358	1797.749613000
17		41	1797.772290000
17		1358	1797.792983000
17		41	1797.833870000
17		1358	1797.836040000
17		41	1797.896639000
17		1358	1797.908840000
17		41	1797.958603000
17		1358	1797.980676000
17		41	1798.020488000
17		1358	1798.035506000
17		41	1798.082245000
17		1358	1798.090075000
17		41	1798.143899000
17		1358	1798.145469000
17		1358	1798.198824000
17		41	1798.206415000
17		1358	1798.252177000
17		41	1798.268461000
17		1358	1798.306096000
17		41	1798.330349000
17		1358	1798.360009000
17		41	1798.392654000
17		1358	1798.413948000
17		41	1798.454647000
17		1358	1798.468099000
17		41	1798.515637000
17		1358	1798.522239000
17		46	1798.578354000
17		1358	1798.580030000
17		41	1798.639772000
17		1358	1798.641419000
17		41	1798.702090000
17		1358	1798.703689000
17		41	1798.763913000
17		1358	1798.765534000
17		41	1798.826163000
17		1358	1798.827804000
17		41	1798.887843000
17		1358	1798.899932000
17		41	1798.950210000
17		1358	1798.972030000
17		41	1799.012307000
17		1358	1799.024513000
17		41	1799.073720000
17		1358	1799.077564000
17		1358	1799.130824000
17		41	1799.135894000
17		1358	1799.184715000
17		41	1799.198248000
17		1358	1799.239078000
17		41	1799.260109000
17		1358	1799.293253000
17		41	1799.322249000
17		1358	1799.347686000
17		41	1799.384532000
17		1358	1799.401845000
17		41	1799.446011000
17		1358	1799.455051000
17		41	1799.508198000
17		1358	1799.509788000
17		41	1799.570230000
17		1358	1799.571633000
17		1358	1799.625685000
17		41	1799.632245000
17		1358	1799.679520000
17		41	1799.694098000
17		1358	1799.732997000
17		41	1799.755745000
17		1358	1799.775808000
17		46	1799.818567000
17		1358	1799.820300000
17		41	1799.880131000
17		1358	1799.892071000
17		41	1799.942590000
17		1358	1799.963237000
17		41	1800.005398000
17		1358	1800.017220000
17		41	1800.066867000
17		1358	1800.071922000
17		41	1800.128495000
17		1358	1800.130107000
17		41	1800.189650000
17		1358	1800.191283000
17		41	1800.252425000
17		1358	1800.254662000
17		1358	1800.308742000
17		41	1800.438698000
17		1358	1800.440134000
17		1358	1800.493722000
17		41	1800.626689000
17		1358	1800.627672000
17		41	1800.813045000
17		1358	1800.814643000
17		41	1801.000048000
17		1358	1801.001413000
17		41	1801.187230000
17		1358	1801.188858000
17		41	1801.373974000
17		1358	1801.375183000
6	0		1801.561516000
17		41	1801.561547000
6	0		1801.562642000
17		1358	1801.563187000
17		41	1801.748167000
6	0		1801.748205000
6	0		1801.749044000
17		1358	1801.749670000
6	0		1801.864872000
17		41	1801.935656000
17		1358	1801.936269000
6	0		1802.052227000
17		41	1802.122504000
17		1358	1802.123910000
17		41	1802.309734000
17		1358	1802.311628000
17		1358	1802.365853000
6	0		1802.495838000
6	517		1802.495865000
17		41	1802.495874000
6	0		1802.496315000
17		1358	1802.497373000
6	2836		1802.503499000
6	1845		1802.503533000
6	0		1802.682949000
6	517		1802.682972000
17		46	1802.682979000
6	0		1802.683493000
17		1358	1802.684527000
6	2836		1802.690942000
6	1845		1802.690980000
6	0		1802.869962000
17		41	1802.869989000
17		1358	1802.871562000
6	0		1803.056863000
17		41	1803.056895000
17		41	1803.056902000
17		1358	1803.058523000
17		41	1803.243885000
17		1358	1803.245366000
17		41	1803.430741000
17		1358	1803.432904000
17		41	1803.618763000
17		1358	1803.619679000
17		41	1803.805107000
17		1358	1803.806731000
6	0		1803.992124000
6	0		1804.179491000
17		41	1804.179514000
17		37	1804.181057000
6	0		1804.366142000
6	0		1804.366164000
6	64		1804.366169000
6	92		1804.366188000
6	266		1804.366196000
6	608		1804.366987000
6	31		1804.367335000
6	388		1804.375191000
6	1418		1804.375230000
6	2295		1804.375235000
6	1418		1804.394877000
6	1418		1804.426607000
6	1418		1804.458323000
6	1418		1804.490059000
6	1418		1804.521791000
17		41	1804.553151000
6	1418		1804.553527000
6	1418		1804.585271000
6	427		1804.604445000
6	1418		1804.617004000
6	1418		1804.648724000
6	1418		1804.680449000
6	1418		1804.712190000
6	0		1804.740436000
6	1418		1804.743913000
6	1418		1804.775664000
6	1418		1804.807387000
6	0		1804.926804000
17		41	1804.926827000
17		39	1804.928478000
6	0		1805.113890000
6	0		1805.301424000
6	64		1805.301457000
17		41	1805.301467000
6	608		1805.302236000
17		41	1805.488004000
17		1358	1805.489547000
17		41	1805.675228000
17		1358	1805.676687000
17		1358	1805.730742000
17		1358	1805.784294000
17		1358	1805.837101000
17		41	1805.862211000
17		1358	1805.889421000
17		1358	1805.943655000
17		41	1806.049416000
17		1358	1806.050990000
17		1358	1806.105335000
17		41	1806.235932000
6	266		1806.235960000
6	0		1806.236477000
17		1358	1806.237971000
17		1358	1806.291824000
6	0		1806.422869000
6	31		1806.422893000
6	1418		1806.423436000
6	1418		1806.439215000
6	0		1806.470953000
6	1418		1806.470996000
6	1418		1806.502703000
6	1418		1806.534407000
6	1418		1806.566160000
6	0		1806.610509000
6	1418		1806.610994000
6	1418		1806.629613000
6	0		1806.796817000
6	0		1806.796841000
6	1418		1806.797289000
6	1418		1806.813147000
6	1418		1806.844911000
6	1418		1806.876633000
6	0		1806.984037000
6	318		1806.984512000
6	0		1807.171487000
6	0		1807.357814000
6	0		1807.545036000
6	64		1807.545064000
17		41	1807.545075000
6	0		1807.545540000
17		37	1807.546635000
6	0		1807.732433000
6	0		1807.919394000
6	0		1808.293397000
6	0		1808.293429000
6	608		1808.572178000
6	0		1808.667472000
17		1358	1808.999879000
6	0		1809.041388000
6	0		1809.414865000
6	0		1809.602305000
17		41	1809.789557000
6	31		1809.789583000
6	0		1809.790035000
17		1358	1809.791031000
17		41	1809.976424000
17		1358	1809.978102000
17		1358	1810.032272000
17		41	1810.163372000
17		1358	1810.164925000
17		1358	1810.218894000
17		41	1810.350012000
17		1358	1810.351746000
17		1358	1810.405390000
17		41	1810.537209000
17		1358	1810.538977000
17		1358	1810.593165000
17		1358	1810.645891000
17		1358	1810.698599000
17		41	1810.723806000
17		1358	1810.751873000
17		1358	1810.806603000
17		41	1810.910924000
17		1358	1810.912525000
17		1358	1810.966908000
17		41	1811.098025000
17		1358	1811.099445000
17		1358	1811.154374000
17		41	1811.285377000
17		1358	1811.287557000
17		1358	1811.340988000
17		41	1811.471836000
17		1358	1811.473484000
17		1358	1811.527392000
6	0		1811.846125000
6	0		1812.033425000
6	0		1812.220400000
17		41	1812.220426000
17		37	1812.222027000
6	0		1812.407058000
6	0		1812.594042000
6	0		1812.781367000
6	0		1812.968649000
6	0		1813.154939000
6	0		1813.342236000
6	0		1813.529556000
6	0		1813.715883000
6	0		1813.715915000
6	39		1813.715924000
6	0		1813.716393000
6	0		1813.903334000
17		42	1814.090277000
17		1358	1814.091909000
17		1358	1814.145440000
17		42	1814.277006000
17		1358	1814.278603000
17		1358	1814.332669000
17		42	1814.464414000
17		42	1814.464435000
17		1358	1814.465175000
17		1358	1814.519717000
17		272	1814.573317000
17		43	1814.651101000
17		43	1814.838605000
17		43	1815.025021000
17		43	1815.212422000
17		43	1815.399413000
6	0		1815.538349000
6	0		1815.538398000
17		43	1815.586447000
17		43	1815.772999000
17		43	1815.960391000
17		43	1816.147456000
17		43	1816.333821000
17		43	1816.521088000
17		43	1816.708281000
17		43	1816.895573000
17		43	1817.081886000
17		43	1817.269399000
6	39		1817.269431000
6	0		1817.269868000
17		48	1817.456645000
17		35	1817.470409000
17		43	1817.643350000
17		43	1817.830000000
17		43	1818.017343000
17		43	1818.204558000
17		1033	1818.390989000
17		45	1818.391553000
17		1358	1818.394325000
17		1358	1818.449502000
17		1358	1818.501966000
17		1358	1818.556817000
17		43	1818.578112000
17		1358	1818.610566000
6	0		1818.657893000
6	0		1818.657953000
17		1358	1818.663771000
6	0		1818.698019000
6	12		1818.698316000
17		1358	1818.717841000
6	0		1818.738250000
6	12		1818.738281000
6	0		1818.738291000
6	1		1818.738779000
6	4		1818.738796000
6	32		1818.738803000
6	0		1818.738811000
17		41	1818.765659000
17		1358	1818.770970000
6	0		1818.778459000
6	0		1818.778502000
6	0		1818.778519000
6	0		1818.778871000
6	0		1818.778883000
17		1358	1818.814057000
17		1358	1818.856722000
17		1358	1818.899248000
17		1358	1818.941884000
17		47	1818.951978000
17		33	1818.966785000
17		1358	1818.985192000
17		1358	1819.028791000
17		1358	1819.071348000
17		1358	1819.114863000
17		41	1819.139386000
17		687	1819.139426000
17		35	1819.141024000
17		74	1819.149466000
17		33	1819.149504000
17		1358	1819.157390000
17		1358	1819.200257000
17		41	1819.326206000
17		1358	1819.327814000
17		41	1819.513019000
17		687	1819.513047000
17		33	1819.513567000
17		1358	1819.514095000
17		1358	1819.586061000
17		33	1819.588783000
17		41	1819.700296000
17		1358	1819.702139000
17		41	1819.887197000
17		1358	1819.888433000
17		41	1820.074552000
17		1358	1820.075867000
17		41	1820.261555000
6	0		1820.261581000
6	0		1820.261854000
17		1358	1820.263154000
17		74	1820.351169000
17		41	1820.447917000
17		687	1820.447944000
17		35	1820.448451000
17		1358	1820.449510000
17		41	1820.635553000
17		1358	1820.637159000
17		41	1820.822104000
17		1358	1820.823672000
17		41	1821.009453000
17		1358	1821.010816000
17		41	1821.196152000
17		1358	1821.197784000
17		41	1821.383879000
17		1358	1821.385561000
17		43	1821.569601000
17		41	1821.569625000
17		41	1821.569632000
17		35	1821.570398000
17		1358	1821.570538000
17		41	1821.757254000
17		1358	1821.758861000
17		41	1821.944180000
17		1358	1821.945822000
17		41	1822.131307000
17		1358	1822.132874000
17		33	1822.155106000
17		1358	1822.187835000
17		41	1822.318311000
17		41	1822.318352000
17		1358	1822.319957000
17		41	1822.505668000
17		1358	1822.507285000
17		46	1822.692259000
17		1358	1822.693529000
17		41	1822.879279000
17		43	1823.066063000
17		41	1823.066096000
17		41	1823.253732000
17		41	1823.439804000
17		41	1823.626740000
17		41	1823.814047000
17		41	1824.001802000
17		41	1824.188608000
17		41	1824.375819000
17		41	1824.562266000
17		1358	1824.563850000
17		41	1824.749433000
17		1358	1824.751033000
17		1358	1824.923563000
17		45	1824.936312000
17		41	1824.936337000
17		1358	1825.095085000
17		41	1825.123292000
17		664	1825.123321000
17		35	1825.124311000
17		76	1825.132673000
17		33	1825.132719000
17		1358	1825.267749000
17		41	1825.310475000
17		1358	1825.440672000
17		41	1825.497398000
17		1358	1825.613340000
17		41	1825.684116000
17		1358	1825.786003000
17		41	1825.871670000
17		1358	1825.958929000
17		41	1826.058354000
17		1358	1826.130916000
17		43	1826.245098000
17		41	1826.245125000
17		41	1826.245131000
17		33	1826.271584000
17		747	1826.303461000
17		46	1826.432499000
17		33	1826.446477000
17		41	1826.619276000
6	0		1826.780267000
6	0		1826.780321000
17		41	1826.806055000
6	0		1826.819939000
6	12		1826.820174000
6	0		1826.859722000
6	12		1826.859755000
6	0		1826.859765000
6	1		1826.859928000
6	4		1826.859943000
6	32		1826.859954000
6	0		1826.859966000
6	0		1826.899559000
6	0		1826.899614000
6	0		1826.899643000
6	0		1826.899659000
6	0		1826.899674000
17		41	1826.992815000
17		41	1827.180314000
17		1115	1827.366894000
17		39	1827.367538000
17		156	1827.368203000
17		1353	1827.368229000
17		1358	1827.368233000
17		1358	1827.368236000
17		1358	1827.368239000
17		1358	1827.505759000
6	73		1827.538060000
17		1358	1827.643887000
17		47	1827.741154000
17		33	1827.755139000
17		1358	1827.780726000
17		41	1827.928411000
17		1358	1828.009222000
17		41	1828.115554000
6	0		1828.115579000
6	0		1828.115864000
17		1358	1828.239055000
17		41	1828.302332000
17		1358	1828.410722000
6	0		1828.489350000
6	0		1828.489373000
17		41	1828.489381000
6	0		1828.489696000
17		1358	1828.581359000
17		41	1828.676190000
17		1358	1828.753230000
17		41	1828.862935000
17		1358	1828.924383000
17		41	1829.050704000
17		1358	1829.085120000
6	73		1829.198660000
17		41	1829.237083000
17		1358	1829.245898000
17		1358	1829.405141000
6	0		1829.424058000
17		41	1829.424085000
17		1358	1829.565930000
17		41	1829.610788000
17		1358	1829.727552000
17		41	1829.798239000
17		1358	1829.888162000
17		41	1829.985082000
17		1358	1830.049984000
6	0		1830.136619000
6	0		1830.136666000
6	0		1830.172591000
17		41	1830.172616000
17		1358	1830.211093000
17		41	1830.359306000
17		1358	1830.372300000
17		41	1830.546734000
17		1358	1830.548364000
17		41	1830.732814000
17		1358	1830.734726000
17		41	1830.919822000
17		1358	1830.949424000
17		41	1831.107218000
17		1358	1831.163980000
17		41	1831.294224000
17		1358	1831.323914000
17		46	1831.481720000
17		1358	1831.482930000
17		1358	1831.644990000
17		41	1831.668456000
17		1358	1831.804801000
17		41	1831.855296000
17		1358	1831.965833000
17		41	1832.042535000
17		1358	1832.127246000
17		41	1832.229346000
17		1358	1832.288854000
6	0		1832.301881000
6	0		1832.301930000
6	0		1832.338456000
17		41	1832.416750000
17		1358	1832.450274000
17		41	1832.603929000
17		1358	1832.612176000
17		41	1832.789930000
17		1358	1832.791551000
17		41	1832.977647000
17		1358	1832.979004000
17		1358	1833.140775000
17		41	1833.163994000
17		1358	1833.300501000
17		41	1833.351545000
17		1358	1833.462573000
17		41	1833.538628000
17		1358	1833.591157000
17		41	1833.725184000
17		1358	1833.726312000
17		41	1833.912422000
17		1358	1833.940662000
17		41	1834.099665000
17		1358	1834.155837000
6	56		1834.198774000
6	0		1834.198812000
17		41	1834.286595000
17		1358	1834.316963000
17		41	1834.473207000
17		1358	1834.477491000
17		41	1834.660437000
17		1358	1834.661021000
17		41	1834.846865000
17		1358	1834.848427000
6	0		1834.900027000
6	0		1834.900089000
6	0		1834.939353000
6	12		1834.939579000
6	0		1834.978629000
6	12		1834.978664000
6	0		1834.978676000
6	1		1834.978833000
6	4		1834.978847000
6	32		1834.978854000
6	0		1834.978861000
6	0		1835.017964000
6	0		1835.018003000
6	0		1835.018006000
6	0		1835.018152000
6	0		1835.018165000
17		41	1835.034141000
17		1358	1835.035735000
17		1358	1835.197206000
6	0		1835.221501000
17		619	1835.221526000
17		46	1835.221534000
6	0		1835.221541000
17		35	1835.222471000
17		76	1835.230754000
17		33	1835.231052000
17		33	1835.235850000
17		1358	1835.357878000
17		41	1835.408681000
17		1358	1835.518761000
17		41	1835.595582000
17		1358	1835.680318000
17		41	1835.782337000
17		1358	1835.841754000
17		41	1835.968863000
17		1358	1836.002638000
17		41	1836.156739000
17		1358	1836.163958000
17		43	1836.343559000
17		41	1836.343587000
17		41	1836.343597000
17		1358	1836.345189000
17		33	1836.369687000
17		41	1836.530722000
17		1358	1836.532303000
17		41	1836.717345000
17		1358	1836.718369000
17		41	1836.903871000
17		1358	1836.905226000
17		41	1837.090810000
17		1358	1837.092198000
17		41	1837.278644000
17		1358	1837.306506000
17		41	1837.464867000
17		1358	1837.520907000
17		41	1837.652016000
17		1358	1837.682349000
17		41	1837.839169000
17		41	1838.026668000
17		1358	1838.028243000
17		41	1838.212922000
17		1358	1838.214640000
17		1358	1838.375521000
17		41	1838.400589000
17		1358	1838.536199000
17		41	1838.586859000
17		1358	1838.696691000
17		41	1838.774414000
17		1358	1838.857393000
17		46	1838.961486000
17		33	1838.975551000
17		1358	1839.017700000
17		41	1839.148685000
17		1358	1839.176980000
17		41	1839.335334000
17		1358	1839.336937000
17		1358	1839.497869000
17		41	1839.522685000
17		1358	1839.658312000
17		41	1839.709221000
17		1358	1839.818536000
17		41	1839.895779000
17		1358	1839.979363000
17		41	1840.083292000
17		1358	1840.139332000
17		1358	1840.267915000
17		41	1840.269868000
17		1358	1840.396583000
6	0		1840.447217000
6	0		1840.447278000
17		41	1840.457296000
17		1358	1840.524541000
17		41	1840.644072000
17		1358	1840.652752000
6	0		1840.729390000
6	41		1840.735523000
17		1358	1840.780365000
17		41	1840.831141000
17		1358	1840.909104000
6	0		1841.016308000
6	21		1841.017809000
6	0		1841.017928000
17		41	1841.018890000
6	1080		1841.019005000
17		1358	1841.036813000
17		41	1841.204845000
17		1358	1841.251791000
6	0		1841.300088000
6	440		1841.300126000
6	0		1841.342200000
17		41	1841.392068000
17		1358	1841.464651000
17		41	1841.579674000
6	48		1841.622943000
6	0		1841.622977000
6	280		1841.627268000
17		1358	1841.678094000
17		41	1841.766249000
17		1358	1841.891232000
6	0		1841.907942000
6	16		1841.934218000
17		41	1841.953504000
6	0		1841.978242000
17		1358	1842.105467000
17		41	1842.140002000
6	52		1842.259771000
6	0		1842.259808000
6	52		1842.259903000
17		1358	1842.265140000
17		41	1842.327359000
17		1358	1842.426120000
17		41	1842.513770000
6	100		1842.540782000
6	0		1842.582222000
17		1358	1842.585733000
17		46	1842.700924000
17		33	1842.714321000
17		1358	1842.746006000
17		41	1842.888235000
17		1358	1842.906169000
6	0		1843.018770000
6	0		1843.018829000
6	0		1843.058005000
6	12		1843.058239000
17		1358	1843.067078000
17		41	1843.074794000
6	0		1843.097561000
6	12		1843.097642000
6	0		1843.097654000
6	1		1843.097810000
6	4		1843.097824000
6	32		1843.097832000
6	0		1843.097841000
6	0		1843.119077000
6	0		1843.119113000
6	0		1843.136997000
6	0		1843.137074000
6	0		1843.137081000
6	0		1843.137085000
6	0		1843.137100000
17		1358	1843.227283000
17		41	1843.262501000
17		1358	1843.387634000
17		41	1843.449514000
17		1358	1843.547731000
17		41	1843.636020000
17		1358	1843.708647000
17		41	1843.823445000
17		1358	1843.867614000
17		41	1844.010489000
17		1358	1844.027837000
17		1358	1844.187892000
17		41	1844.196963000
17		1358	1844.348952000
17		41	1844.384346000
17		1358	1844.509375000
17		41	1844.571234000
17		1358	1844.669307000
6	68		1844.676227000
17		41	1844.758637000
17		1358	1844.829269000
17		41	1844.945553000
6	52		1844.958037000
6	0		1844.958086000
6	0		1844.958116000
6	0		1844.960024000
17		1358	1844.989699000
17		41	1845.132008000
17		650	1845.132040000
17		35	1845.133122000
17		76	1845.141947000
17		33	1845.141987000
17		1358	1845.149847000
6	0		1845.241607000
17		1358	1845.310445000
17		41	1845.319167000
17		1358	1845.469382000
17		41	1845.506345000
17		1354	1845.506373000
17		35	1845.507587000
17		1358	1845.630167000
17		219	1845.693815000
17		41	1845.693838000
17		165	1845.707212000
17		52	1845.707288000
17		1358	1845.789981000
17		41	1845.880780000
17		1358	1845.950961000
17		41	1846.067798000
17		1358	1846.110752000
17		41	1846.254998000
17		1358	1846.271030000
17		1358	1846.431290000
17		43	1846.441520000
17		46	1846.441546000
17		41	1846.441552000
17		33	1846.455884000
17		33	1846.467971000
17		1358	1846.591783000
17		41	1846.627859000
17		1358	1846.752519000
17		41	1846.815099000
17		1358	1846.912717000
17		41	1847.002235000
17		41	1847.002258000
17		1358	1847.072762000
17		43	1847.189511000
17		41	1847.189544000
17		33	1847.215511000
17		1358	1847.232682000
17		41	1847.376257000
17		1358	1847.392674000
17		1358	1847.553265000
17		41	1847.563353000
17		1358	1847.713233000
17		41	1847.750553000
17		1358	1847.841957000
17		41	1847.937595000
17		1358	1847.970016000
17		1358	1848.097914000
17		41	1848.124219000
17		1358	1848.225472000
17		41	1848.311299000
17		1358	1848.355122000
17		1358	1848.481782000
17		41	1848.497942000
17		1358	1848.610555000
17		41	1848.685512000
17		1358	1848.824130000
17		41	1848.872140000
17		1358	1849.037392000
17		41	1849.059547000
17		41	1849.245774000
17		1358	1849.252521000
17		41	1849.432924000
17		1358	1849.465222000
17		41	1849.619992000
17		1358	1849.626320000
17		1358	1849.785954000
17		41	1849.806829000
17		1358	1849.945977000
17		41	1849.994440000
17		1358	1850.105474000
17		41	1850.181409000
17		46	1850.367948000
17		33	1850.381759000
17		41	1850.555526000
17		41	1850.742384000
17		41	1850.929524000
17		41	1851.116183000
17		41	1851.303340000
17		1358	1851.304271000
17		41	1851.490671000
17		1358	1851.492262000
17		41	1851.676891000
17		1358	1851.678489000
17		41	1851.864302000
17		1358	1851.865877000
17		1358	1852.026459000
17		41	1852.050927000
17		1358	1852.187700000
17		41	1852.237891000
17		1358	1852.347260000
17		41	1852.425143000
17		1358	1852.508068000
17		41	1852.612100000
17		1358	1852.667808000
17		41	1852.799431000
17		1358	1852.828992000
17		41	1852.986262000
17		1358	1852.987918000
17		1358	1853.149218000
17		41	1853.173387000
17		1358	1853.308366000
17		41	1853.359858000
17		1358	1853.469147000
17		41	1853.546759000
17		1358	1853.597172000
17		1358	1853.724701000
17		41	1853.734607000
17		1358	1853.854127000
17		41	1853.921033000
17		1358	1853.981120000
17		46	1854.108485000
17		1358	1854.110094000
17		41	1854.295125000
17		1358	1854.323210000
17		41	1854.482601000
17		1358	1854.537176000
17		41	1854.668747000
17		1358	1854.744798000
17		41	1854.856729000
17		1358	1854.953569000
6	0		1855.027669000
6	0		1855.027719000
17		41	1855.043277000
17		1358	1855.109306000
17		41	1855.230085000
17		1358	1855.265233000
17		41	1855.417747000
17		1358	1855.419450000
17		1358	1855.576875000
17		41	1855.603837000
17		1358	1855.732729000
17		41	1855.791217000
17		1358	1855.889738000
17		41	1855.978113000
17		1358	1856.044675000
17		41	1856.165205000
17		1358	1856.200609000
17		41	1856.352116000
17		1358	1856.357573000
17		1358	1856.512499000
17		41	1856.538953000
17		1358	1856.668948000
17		41	1856.725777000
17		1358	1856.824828000
17		41	1856.913368000
17		1358	1856.981405000
17		41	1857.100339000
17		1358	1857.136164000
17		41	1857.286776000
17		1358	1857.292739000
17		1358	1857.448592000
17		41	1857.474590000
17		1358	1857.603949000
17		41	1857.661192000
17		1358	1857.761237000
17		46	1857.848524000
17		33	1857.862053000
17		1358	1857.916931000
17		41	1858.035598000
17		1358	1858.072769000
17		41	1858.222395000
17		1358	1858.228776000
17		1358	1858.384245000
17		41	1858.409277000
17		1358	1858.541194000
17		41	1858.596605000
17		1358	1858.696943000
17		41	1858.783610000
17		1358	1858.852001000
17		41	1858.970471000
6	0		1858.970513000
6	0		1858.971808000
17		1358	1859.008613000
17		41	1859.157313000
17		705	1859.157353000
17		35	1859.158964000
17		1358	1859.165102000
17		74	1859.167630000
17		33	1859.167657000
17		1358	1859.320294000
17		41	1859.344591000
17		1358	1859.476834000
17		41	1859.530956000
17		1358	1859.600930000
17		41	1859.718151000
17		1358	1859.725993000
17		1358	1859.850320000
17		41	1859.905207000
17		1358	1859.975869000
17		41	1860.092710000
17		1358	1860.100316000
17		41	1860.279190000
17		1358	1860.307868000
17		41	1860.371968000
17		41	1860.371993000
17		43	1860.465284000
17		41	1860.465312000
17		41	1860.465319000
17		33	1860.491549000
17		1358	1860.515833000
17		41	1860.558198000
17		41	1860.651483000
17		1358	1860.723873000
17		41	1860.744230000
17		41	1860.837319000
17		1358	1860.926881000
17		46	1860.930198000
17		33	1860.943563000
17		41	1861.023254000
17		1358	1861.074077000
17		41	1861.115920000
17		41	1861.209205000
17		1358	1861.214865000
17		41	1861.301762000
17		1358	1861.354793000
17		41	1861.395064000
17		41	1861.488043000
17		1358	1861.494740000
17		41	1861.581420000
17		1358	1861.635919000
17		41	1861.674238000
17		41	1861.767366000
17		1358	1861.769283000
17		1358	1861.769307000
17		1358	1861.769310000
17		1358	1861.769314000
17		1358	1861.769317000
17		1358	1861.769320000
17		1358	1861.769323000
17		1358	1861.769326000
17		1358	1861.769329000
17		1358	1861.769332000
17		1358	1861.769335000
17		1358	1861.910491000
17		41	1861.953586000
17		41	1862.045938000
17		1358	1862.050599000
17		41	1862.138894000
17		1358	1862.189142000
17		41	1862.231791000
17		1358	1862.311937000
17		41	1862.325545000
17		41	1862.418139000
17		1358	1862.428731000
17		41	1862.511542000
17		1358	1862.537301000
17		41	1862.604054000
17		1358	1862.621174000
17		41	1862.697467000
17		1358	1862.704582000
17		41	1862.790459000
17		1358	1862.842790000
17		46	1862.883014000
17		33	1862.896134000
17		41	1862.976007000
17		1358	1862.977556000
17		1358	1863.063301000
17		41	1863.069389000
17		1358	1863.148309000
17		41	1863.162347000
17		1358	1863.231700000
17		41	1863.255493000
17		1358	1863.316630000
17		41	1863.347914000
17		1358	1863.401368000
17		41	1863.441021000
17		1358	1863.484587000
17		41	1863.533711000
17		1358	1863.567533000
17		41	1863.626840000
17		1358	1863.651444000
17		41	1863.720000000
17		1358	1863.735510000
17		41	1863.813393000
6	0		1863.813423000
6	0		1863.814304000
17		1358	1863.819790000
17		1358	1863.901903000
17		41	1863.905785000
17		1358	1863.985778000
17		41	1863.999028000
17		1358	1864.070188000
17		41	1864.092141000
17		1358	1864.137180000
17		41	1864.185435000
17		1358	1864.203422000
17		41	1864.278430000
17		1358	1864.314958000
17		41	1864.370766000
17		1358	1864.427607000
17		41	1864.464224000
17		1358	1864.510502000
17		41	1864.557383000
17		1358	1864.594120000
17		41	1864.649692000
17		1358	1864.677672000
17		46	1864.743339000
17		33	1864.756795000
17		1358	1864.761482000
17		41	1864.835991000
17		1358	1864.844285000
17		1358	1864.928444000
17		41	1864.929574000
17		1358	1865.012791000
17		41	1865.021654000
17		202	1865.095104000
17		41	1865.114967000
17		41	1865.208399000
17		41	1865.301516000
17		41	1865.394130000
17		41	1865.486854000
17		41	1865.579839000
17		41	1865.673077000
17		1030	1865.766462000
17		39	1865.767103000
17		1358	1865.768957000
17		1358	1865.768999000
17		1358	1865.769005000
17		1358	1865.769010000
17		1358	1865.769014000
17		1358	1865.769019000
17		1358	1865.769024000
17		1358	1865.769029000
17		1358	1865.769035000
17		1358	1865.769040000
17		1358	1865.835980000
17		1358	1865.904084000
17		47	1865.951752000
17		33	1865.965916000
17		1358	1865.971071000
17		41	1866.045340000
17		1358	1866.082621000
17		41	1866.138453000
17		1358	1866.192945000
17		41	1866.231075000
17		1358	1866.277833000
17		41	1866.323694000
17		1358	1866.361346000
17		41	1866.417124000
17		1358	1866.444920000
17		41	1866.509764000
17		1358	1866.528388000
17		41	1866.603253000
17		1358	1866.612331000
17		1358	1866.695551000
17		41	1866.695712000
17		1358	1866.778997000
17		41	1866.788758000
17		1358	1866.863196000
17		41	1866.882154000
17		1358	1866.947758000
17		41	1866.975578000
17		1358	1867.032302000
17		41	1867.068475000
17		1358	1867.117613000
6	0		1867.139808000
6	0		1867.139867000
17		41	1867.161404000
6	0		1867.179156000
6	12		1867.179450000
17		1358	1867.201662000
6	0		1867.218510000
6	12		1867.218556000
6	0		1867.218569000
6	1		1867.218698000
6	4		1867.218718000
6	32		1867.218728000
6	0		1867.218742000
17		41	1867.253807000
6	0		1867.257691000
6	0		1867.257728000
6	0		1867.257741000
6	0		1867.257851000
6	0		1867.257862000
6	0		1867.257874000
17		1358	1867.286307000
17		41	1867.346862000
17		1358	1867.352760000
17		1358	1867.419580000
17		41	1867.440586000
17		1358	1867.486393000
17		41	1867.533090000
17		1358	1867.599323000
17		41	1867.625841000
17		1358	1867.711920000
17		41	1867.719704000
17		1358	1867.796238000
17		46	1867.812156000
17		33	1867.826682000
17		1358	1867.880261000
17		41	1867.905493000
17		1358	1867.964405000
17		41	1867.997880000
17		1358	1868.049112000
17		41	1868.090905000
17		1358	1868.133935000
6	0		1868.164502000
6	0		1868.164561000
17		41	1868.184505000
17		1358	1868.218653000
17		41	1868.277292000
17		1358	1868.301410000
17		41	1868.370045000
17		1358	1868.385228000
17		41	1868.462713000
17		1358	1868.469000000
6	0		1868.495951000
6	41		1868.501807000
6	22		1868.505843000
6	0		1868.505875000
17		1358	1868.553727000
17		41	1868.556547000
17		1358	1868.636720000
17		41	1868.648952000
17		1358	1868.721030000
17		41	1868.741994000
17		1358	1868.805737000
17		41	1868.835572000
6	0		1868.838592000
6	1080		1868.838639000
6	976		1868.848004000
6	0		1868.848042000
17		1358	1868.873945000
17		41	1868.928105000
17		1358	1868.942109000
17		41	1869.021216000
17		1358	1869.054463000
17		41	1869.114370000
17		1358	1869.166235000
17		41	1869.206957000
6	0		1869.207850000
17		1358	1869.250812000
17		41	1869.300512000
17		1358	1869.335619000
17		41	1869.393357000
17		1358	1869.419317000
6	48		1869.472381000
6	0		1869.472422000
6	388		1869.478146000
17		41	1869.486056000
17		1358	1869.502638000
17		41	1869.579235000
17		1358	1869.585726000
17		1358	1869.669760000
17		46	1869.672232000
17		33	1869.685807000
17		1358	1869.753451000
17		41	1869.765023000
6	0		1869.816902000
17		1358	1869.838221000
17		41	1869.857819000
17		1358	1869.923024000
17		41	1869.951549000
17		1358	1870.007838000
17		41	1870.044464000
17		1358	1870.091761000
6	16		1870.098649000
17		41	1870.137364000
6	0		1870.142214000
17		1358	1870.177175000
17		41	1870.230011000
17		1358	1870.262330000
17		41	1870.323358000
17		1358	1870.329502000
17		1358	1870.397046000
17		41	1870.416671000
17		1358	1870.464683000
17		41	1870.509379000
17		1358	1870.576964000
17		41	1870.602094000
17		1358	1870.689873000
17		41	1870.695401000
17		1358	1870.775070000
17		41	1870.788222000
17		1358	1870.858940000
17		41	1870.881517000
17		1358	1870.943587000
17		41	1870.974570000
17		1358	1871.028035000
17		41	1871.067147000
17		611	1871.113404000
17		41	1871.160367000
17		41	1871.253608000
17		41	1871.345772000
17		41	1871.438915000
17		46	1871.532302000
17		33	1871.546398000
17		41	1871.625250000
17		41	1871.718533000
17		41	1871.810662000
17		41	1871.903824000
17		41	1871.997080000
17		1032	1872.089909000
17		39	1872.090776000
17		153	1872.091606000
17		1353	1872.091625000
17		1358	1872.091628000
17		1358	1872.091632000
17		1358	1872.091635000
17		1358	1872.091638000
17		1358	1872.091641000
17		1358	1872.175972000
17		1358	1872.260024000
17		47	1872.275851000
17		33	1872.289916000
17		41	1872.369520000
17		1358	1872.371078000
17		41	1872.462210000
17		1358	1872.463507000
17		41	1872.555387000
17		1358	1872.556408000
17		41	1872.647777000
17		1358	1872.648420000
6	52		1872.697781000
6	0		1872.697827000
6	52		1872.697905000
17		41	1872.741400000
17		1358	1872.760619000
17		41	1872.833817000
17		1358	1872.873425000
17		41	1872.927160000
17		1358	1872.957885000
17		41	1873.020617000
6	0		1873.037569000
17		1358	1873.041879000
6	84		1873.046646000
6	0		1873.090212000
17		41	1873.113032000
17		1358	1873.127692000
17		41	1873.206200000
17		1358	1873.213886000
17		41	1873.299217000
17		1358	1873.300746000
17		41	1873.392460000
17		1358	1873.394056000
17		41	1873.485180000
17		1358	1873.486780000
17		1358	1873.572263000
17		41	1873.578308000
17		1358	1873.658331000
17		41	1873.671636000
17		1358	1873.743689000
17		41	1873.764581000
17		1358	1873.830002000
17		41	1873.856887000
17		1358	1873.916128000
17		41	1873.950184000
6	0		1873.982113000
6	0		1873.982159000
17		1358	1874.002186000
17		41	1874.043300000
17		1358	1874.071016000
17		46	1874.136397000
17		1358	1874.138478000
17		41	1874.229183000
17		1358	1874.254117000
17		41	1874.322426000
17		1358	1874.368185000
17		41	1874.415493000
17		1358	1874.454514000
17		41	1874.508580000
17		1358	1874.540822000
17		41	1874.601478000
17		1358	1874.626687000
17		41	1874.694252000
17		1358	1874.711174000
17		41	1874.787185000
17		1358	1874.791557000
17		1358	1874.873181000
17		41	1874.880423000
17		1358	1874.954102000
17		41	1874.973690000
17		1358	1875.035857000
17		41	1875.065826000
17		723	1875.065858000
17		35	1875.067449000
17		76	1875.075965000
17		33	1875.075995000
17		1358	1875.117703000
17		41	1875.159395000
17		1358	1875.200412000
17		41	1875.252169000
6	0		1875.259318000
6	0		1875.259372000
17		1358	1875.282441000
6	0		1875.298092000
6	12		1875.298385000
6	0		1875.337045000
6	12		1875.337111000
6	0		1875.337122000
6	1		1875.337305000
6	4		1875.337329000
6	32		1875.337341000
6	0		1875.337356000
17		41	1875.345254000
17		1358	1875.363994000
6	0		1875.375908000
6	0		1875.375955000
6	0		1875.375960000
6	0		1875.376066000
6	0		1875.376079000
17		41	1875.437934000
17		1358	1875.446274000
17		41	1875.531424000
17		1358	1875.532737000
17		43	1875.624563000
17		41	1875.624585000
17		41	1875.624590000
17		1358	1875.626086000
6	52		1875.633761000
17		33	1875.650224000
17		41	1875.717331000
17		1358	1875.734497000
17		41	1875.810361000
17		1358	1875.843380000
17		41	1875.902831000
17		1358	1875.925036000
6	52		1875.993670000
6	0		1875.993712000
6	0		1875.993730000
6	0		1875.994969000
17		46	1875.995671000
17		1358	1876.005743000
17		1358	1876.087258000
17		41	1876.089196000
17		1358	1876.167388000
17		41	1876.182523000
17		1358	1876.249080000
17		41	1876.274714000
17		1358	1876.330583000
6	0		1876.333043000
17		41	1876.368297000
17		1358	1876.412802000
17		41	1876.460820000
17		1358	1876.494497000
17		41	1876.554016000
17		1358	1876.576613000
17		41	1876.646879000
17		1358	1876.659026000
17		41	1876.740022000
17		1358	1876.741333000
17		41	1876.833236000
17		1358	1876.834340000
17		1358	1876.915593000
17		41	1876.925701000
17		1358	1876.996560000
17		41	1877.018833000
17		1358	1877.062358000
17		41	1877.112117000
17		1358	1877.127975000
17		41	1877.205472000
17		1358	1877.236078000
17		41	1877.298273000
17		1358	1877.344641000
17		41	1877.391291000
17		1358	1877.427153000
17		41	1877.483871000
17		1358	1877.509185000
17		41	1877.577490000
17		1358	1877.590259000
17		41	1877.669677000
17		1358	1877.670495000
17		41	1877.763586000
17		1358	1877.764829000
17		46	1877.856108000
17		1358	1877.857239000
17		41	1877.949041000
17		1358	1877.950341000
17		1358	1878.032550000
17		41	1878.042496000
17		1358	1878.112272000
17		41	1878.134793000
17		1358	1878.193524000
17		41	1878.228494000
17		1358	1878.275565000
17		41	1878.321001000
17		1358	1878.357843000
17		41	1878.413876000
17		1358	1878.439432000
17		41	1878.507178000
17		1358	1878.508865000
17		41	1878.599782000
17		1358	1878.601459000
17		41	1878.693336000
17		1358	1878.709801000
17		41	1878.785671000
17		1358	1878.817826000
17		41	1878.879169000
17		1358	1878.899696000
17		41	1878.972049000
17		1358	1878.981686000
17		1358	1879.063523000
17		41	1879.064823000
17		1358	1879.144899000
17		41	1879.157803000
17		1358	1879.225310000
17		41	1879.251212000
17		1358	1879.305847000
17		41	1879.344551000
17		1358	1879.386513000
17		41	1879.437206000
17		1358	1879.467551000
17		41	1879.529689000
17		1358	1879.548583000
17		41	1879.623274000
17		1358	1879.629028000
17		46	1879.715997000
17		1358	1879.717588000
17		41	1879.809223000
17		1358	1879.810400000
17		41	1879.901853000
17		1358	1879.903598000
17		41	1879.994732000
17		1358	1879.995985000
17		1358	1880.060649000
17		41	1880.087898000
17		1358	1880.125213000
17		41	1880.180968000
17		1358	1880.231900000
6	0		1880.274507000
17		41	1880.274533000
6	0		1880.275424000
17		1358	1880.338940000
17		41	1880.367547000
17		1358	1880.419811000
17		41	1880.460387000
17		1358	1880.501021000
17		41	1880.553046000
17		1358	1880.581991000
17		41	1880.646252000
17		1358	1880.662450000
17		41	1880.739339000
17		1358	1880.742491000
17		41	1880.831775000
17		1358	1880.833413000
17		41	1880.924805000
17		1358	1880.926136000
17		41	1881.017763000
17		1358	1881.019399000
17		41	1881.111324000
17		1358	1881.112874000
17		1358	1881.194424000
17		41	1881.204594000
17		1358	1881.273004000
17		41	1881.297539000
17		1358	1881.353456000
17		41	1881.390202000
17		814	1881.434242000
17		41	1881.482750000
17		46	1881.576249000
17		33	1881.590151000
17		41	1881.668886000
17		41	1881.762354000
17		41	1881.855485000
17		1115	1881.948268000
17		39	1881.948943000
17		151	1881.949602000
17		1353	1881.949644000
17		1358	1881.949649000
17		1358	1881.949654000
17		1358	1881.949658000
17		1358	1882.030298000
17		1358	1882.110056000
17		47	1882.134893000
17		33	1882.148622000
17		1358	1882.190600000
17		41	1882.227537000
17		1358	1882.269650000
17		41	1882.320004000
17		41	1882.412970000
17		1358	1882.413865000
17		41	1882.506349000
17		1358	1882.507977000
17		41	1882.599528000
17		1358	1882.601095000
17		1358	1882.681494000
17		41	1882.692311000
17		1358	1882.762177000
17		41	1882.784804000
17		1358	1882.840656000
17		41	1882.878066000
17		1358	1882.920798000
17		41	1882.971001000
17		1358	1883.000309000
17		41	1883.064347000
17		1358	1883.080991000
17		41	1883.157099000
17		1358	1883.159359000
17		1358	1883.239894000
17		41	1883.250810000
17		1358	1883.319310000
17		41	1883.343193000
6	0		1883.377043000
6	0		1883.377117000
17		1358	1883.399769000
6	0		1883.416180000
6	12		1883.416458000
17		41	1883.436616000
6	0		1883.455567000
6	12		1883.455615000
6	0		1883.455626000
6	1		1883.455803000
6	4		1883.455828000
6	32		1883.455839000
6	0		1883.455852000
17		1358	1883.478621000
6	0		1883.494879000
6	0		1883.494982000
6	0		1883.494997000
6	0		1883.495092000
6	0		1883.495104000
17		41	1883.528904000
17		1358	1883.559122000
17		41	1883.621853000
17		1358	1883.638298000
17		41	1883.715578000
17		1358	1883.717145000
17		1358	1883.797603000
17		41	1883.807766000
6	0		1883.845254000
6	0		1883.845315000
17		1358	1883.877583000
17		41	1883.901274000
17		1358	1883.956488000
17		46	1883.994344000
17		33	1884.008024000
6	0		1884.013272000
6	41		1884.018974000
17		1358	1884.035872000
17		41	1884.087184000
17		1358	1884.115768000
17		41	1884.180069000
6	21		1884.186016000
6	0		1884.186059000
6	0		1884.186126000
6	0		1884.186131000
6	1080		1884.187003000
17		1358	1884.194868000
17		41	1884.272994000
17		1358	1884.274674000
17		1358	1884.354363000
6	440		1884.354880000
17		41	1884.365724000
17		1169	1884.365756000
17		35	1884.366699000
17		107	1884.379025000
17		140	1884.379065000
6	0		1884.398229000
17		1358	1884.434264000
17		41	1884.459611000
17		1358	1884.514727000
17		45	1884.551874000
6	48		1884.565788000
6	0		1884.565829000
17		33	1884.566830000
6	280		1884.569773000
17		1358	1884.593495000
17		41	1884.644819000
17		1358	1884.673034000
17		41	1884.737809000
6	16		1884.743144000
17		1358	1884.752399000
6	0		1884.786220000
17		41	1884.831309000
17		1358	1884.832883000
17		1358	1884.896406000
17		44	1884.924360000
17		41	1884.924392000
17		41	1884.924400000
17		33	1884.950251000
6	52		1884.953894000
6	0		1884.953964000
6	52		1884.954051000
17		1358	1884.959752000
17		41	1885.017603000
17		1358	1885.023020000
17		1358	1885.086800000
17		41	1885.110058000
17		598	1885.110079000
17		35	1885.110981000
17		76	1885.119537000
17		33	1885.119568000
6	100		1885.120653000
17		1358	1885.150509000
6	0		1885.162214000
17		41	1885.203047000
17		1358	1885.214190000
17		41	1885.296579000
17		1358	1885.320828000
17		41	1885.388856000
17		1358	1885.426261000
17		41	1885.481960000
17		1358	1885.532750000
17		41	1885.575495000
17		1358	1885.638762000
17		41	1885.668349000
17		627	1885.718064000
17		41	1885.760959000
17		44	1885.854515000
17		41	1885.854537000
17		41	1885.854544000
17		33	1885.880384000
17		41	1885.947357000
17		41	1886.039686000
17		41	1886.133066000
17		41	1886.226243000
17		41	1886.319267000
17		1116	1886.412649000
17		39	1886.413336000
17		1358	1886.414857000
17		1358	1886.414882000
17		1358	1886.414887000
17		1358	1886.414891000
17		1358	1886.414896000
17		1358	1886.414900000
17		1358	1886.414904000
17		1358	1886.414908000
17		1358	1886.414913000
17		1358	1886.414917000
6	68		1886.490376000
17		1358	1886.494368000
17		1358	1886.574528000
17		47	1886.598168000
17		33	1886.611691000
6	52		1886.657573000
6	0		1886.657613000
6	0		1886.658312000
6	0		1886.658866000
17		41	1886.690817000
17		41	1886.783978000
6	0		1886.825571000
17		41	1886.876978000
17		41	1886.970267000
17		41	1887.063295000
17		1358	1887.065216000
17		41	1887.156514000
17		1358	1887.158093000
17		41	1887.249458000
17		1358	1887.251028000
17		41	1887.342455000
17		1358	1887.344047000
17		41	1887.435323000
17		1358	1887.450800000
17		41	1887.528416000
17		41	1887.528443000
17		35	1887.529989000
17		1358	1887.558063000
17		41	1887.621356000
17		1358	1887.638886000
17		41	1887.714235000
17		1358	1887.718998000
17		1358	1887.799295000
17		41	1887.807193000
17		1358	1887.878731000
17		41	1887.899821000
17		1358	1887.959467000
17		41	1887.993008000
17		1358	1888.039835000
17		41	1888.086609000
17		1358	1888.120352000
17		41	1888.179258000
17		1358	1888.201003000
17		41	1888.272626000
17		1358	1888.281086000
17		41	1888.365136000
17		1358	1888.366705000
17		41	1888.458257000
17		1358	1888.459835000
17		41	1888.551112000
17		1358	1888.552500000
17		41	1888.644581000
17		1358	1888.646145000
17		41	1888.736699000
17		1358	1888.738320000
17		41	1888.830353000
17		1358	1888.831850000
17		41	1888.923518000
17		1358	1888.938419000
17		41	1889.016196000
17		1358	1889.045855000
17		41	1889.109631000
17		1358	1889.124922000
17		41	1889.202056000
17		1358	1889.203643000
17		1358	1889.283792000
17		41	1889.295051000
17		1358	1889.363281000
17		46	1889.388827000
17		33	1889.402512000
17		1358	1889.443726000
17		41	1889.481534000
17		1358	1889.524181000
17		41	1889.574251000
17		1358	1889.605213000
17		41	1889.667228000
17		1358	1889.686102000
17		41	1889.760461000
17		1358	1889.766314000
17		41	1889.853517000
17		1358	1889.855051000
17		1358	1889.936166000
17		41	1889.946401000
17		1358	1890.015384000
17		41	1890.039374000
17		1358	1890.096232000
17		41	1890.131669000
17		1358	1890.175872000
17		41	1890.225469000
17		743	1890.240642000
17		41	1890.318169000
17		41	1890.411094000
17		41	1890.504115000
17		41	1890.597173000
17		41	1890.690399000
17		1116	1890.783191000
17		39	1890.783764000
17		1358	1890.785525000
17		1358	1890.785553000
17		1358	1890.785558000
17		1358	1890.785561000
17		1358	1890.785565000
17		1358	1890.866345000
17		1358	1890.945998000
17		47	1890.969064000
17		33	1890.982412000
17		1358	1891.026409000
17		41	1891.062287000
17		1358	1891.107329000
17		41	1891.155167000
17		1358	1891.188266000
17		41	1891.248541000
17		1358	1891.269045000
17		41	1891.341594000
17		1358	1891.349496000
17		41	1891.434441000
17		1358	1891.435986000
17		41	1891.527583000
17		1358	1891.529090000
17		41	1891.620275000
17		1358	1891.622404000
17		41	1891.713320000
17		1358	1891.713830000
17		41	1891.805907000
17		1358	1891.807734000
17		41	1891.898959000
17		1358	1891.901011000
17		41	1891.992130000
17		1358	1892.008706000
17		41	1892.085125000
17		1358	1892.115727000
17		41	1892.177990000
17		1358	1892.195912000
17		41	1892.270951000
17		1358	1892.276046000
17		1358	1892.356191000
17		41	1892.364050000
17		1358	1892.436868000
17		41	1892.457556000
17		1358	1892.518193000
17		41	1892.550215000
17		1358	1892.598582000
17		41	1892.642812000
17		1358	1892.679476000
17		41	1892.735709000
17		1358	1892.760049000
17		46	1892.828720000
17		1358	1892.840706000
6	0		1892.862489000
6	0		1892.862554000
17		41	1892.921655000
17		1358	1892.923291000
17		41	1893.015035000
17		1358	1893.016770000
6	0		1893.051549000
6	41		1893.056893000
17		41	1893.108789000
17		1358	1893.110346000
17		1358	1893.191449000
17		41	1893.201439000
6	0		1893.245637000
6	21		1893.254387000
6	0		1893.254428000
6	1080		1893.255513000
17		1358	1893.271494000
17		41	1893.294134000
17		1358	1893.335938000
17		41	1893.387007000
17		1358	1893.400709000
6	440		1893.448959000
17		41	1893.480390000
6	0		1893.490225000
17		1358	1893.508291000
17		41	1893.573141000
17		1358	1893.615464000
17		41	1893.666133000
6	48		1893.678980000
6	0		1893.679021000
6	280		1893.682956000
17		1358	1893.696471000
17		41	1893.758730000
17		1358	1893.777237000
17		41	1893.851657000
17		1358	1893.857627000
6	16		1893.876053000
6	0		1893.918211000
17		41	1893.945640000
17		1358	1893.947263000
17		41	1894.038472000
17		1358	1894.040063000
6	52		1894.106950000
6	0		1894.106993000
6	52		1894.107088000
17		41	1894.131747000
17		1358	1894.133321000
17		1358	1894.214218000
17		41	1894.224833000
17		1358	1894.294193000
6	84		1894.303499000
17		41	1894.317724000
6	0		1894.346229000
17		1358	1894.375631000
17		41	1894.410437000
17		1358	1894.456079000
17		41	1894.502955000
17		1358	1894.536577000
17		41	1894.596382000
17		750	1894.617545000
17		46	1894.688960000
17		33	1894.702076000
17		41	1894.781775000
17		41	1894.875364000
17		41	1894.968468000
17		41	1895.061142000
17		1118	1895.153838000
17		39	1895.154534000
17		155	1895.155185000
17		1353	1895.155206000
17		1358	1895.155210000
17		1358	1895.155213000
17		1358	1895.155216000
17		1358	1895.235837000
17		1358	1895.315812000
17		47	1895.340575000
17		33	1895.354925000
17		1358	1895.396105000
17		41	1895.433443000
17		1358	1895.476652000
17		41	1895.526354000
17		1358	1895.556797000
17		41	1895.619119000
17		1358	1895.637258000
17		41	1895.712045000
17		1358	1895.717773000
17		1358	1895.796727000
17		41	1895.805464000
17		1358	1895.876621000
17		41	1895.897989000
17		1358	1895.957243000
17		41	1895.991043000
17		1358	1896.038216000
17		41	1896.083633000
17		1358	1896.119041000
17		41	1896.177076000
17		1358	1896.183327000
6	68		1896.239543000
17		41	1896.270523000
17		1358	1896.272044000
17		41	1896.362830000
17		1358	1896.379356000
6	52		1896.437129000
6	0		1896.437174000
6	0		1896.437192000
6	0		1896.438336000
17		41	1896.456394000
17		1358	1896.486090000
17		41	1896.549865000
17		1358	1896.566397000
6	0		1896.627055000
17		41	1896.642427000
17		1358	1896.646372000
17		1358	1896.727308000
17		41	1896.734689000
17		1358	1896.806110000
17		41	1896.828722000
17		1358	1896.886138000
17		41	1896.921684000
17		1358	1896.966154000
17		41	1897.014439000
17		1358	1897.046669000
17		41	1897.107611000
17		1358	1897.128150000
17		46	1897.200365000
17		1358	1897.208856000
17		41	1897.293558000
17		1358	1897.295117000
17		41	1897.386163000
17		1358	1897.387674000
17		41	1897.479460000
17		1358	1897.480990000
17		41	1897.572111000
17		631	1897.573746000
17		41	1897.665210000
17		41	1897.757758000
17		41	1897.851580000
17		41	1897.944636000
17		41	1898.036714000
17		1036	1898.129900000
17		39	1898.130556000
17		148	1898.131217000
17		1353	1898.131224000
17		1358	1898.131251000
17		1358	1898.131256000
17		1358	1898.131259000
17		1358	1898.211714000
17		1358	1898.291694000
17		47	1898.316615000
17		33	1898.330863000
17		1358	1898.371167000
17		41	1898.409592000
17		1358	1898.450953000
17		41	1898.502437000
17		1358	1898.531703000
17		41	1898.595358000
17		1358	1898.611575000
17		41	1898.688422000
17		1358	1898.690360000
17		1358	1898.769866000
17		41	1898.780800000
17		1358	1898.850239000
17		41	1898.874147000
17		1358	1898.930380000
17		41	1898.967425000
17		1358	1899.010462000
17		41	1899.060195000
17		704	1899.060220000
17		35	1899.061635000
17		74	1899.069906000
17		33	1899.069942000
17		1358	1899.090735000
17		41	1899.152775000
17		1358	1899.154397000
17		41	1899.246063000
17		1358	1899.247008000
17		41	1899.338825000
17		1358	1899.354358000
17		41	1899.432456000
17		1358	1899.461836000
17		41	1899.524699000
17		1358	1899.542445000
17		44	1899.618083000
17		41	1899.618108000
17		1358	1899.623116000
17		33	1899.644249000
17		41	1899.710885000
17		1358	1899.712478000
17		1358	1899.794776000
17		41	1899.804524000
17		1358	1899.872401000
17		41	1899.897155000
17		1358	1899.952487000
17		41	1899.990129000
17		1358	1900.033516000
17		41	1900.083137000
17		1358	1900.113930000
17		41	1900.176122000
17		1358	1900.194107000
17		46	1900.269128000
17		1358	1900.274888000
17		41	1900.362589000
17		1358	1900.363769000
17		41	1900.455520000
17		1358	1900.457182000
17		41	1900.548265000
17		1358	1900.549868000
17		41	1900.640893000
17		1358	1900.642511000
17		41	1900.734383000
17		1358	1900.736009000
17		41	1900.827002000
17		1358	1900.828614000
17		41	1900.920574000
17		1358	1900.935802000
17		41	1901.012953000
17		41	1901.106231000
17		1358	1901.107694000
17		41	1901.198881000
17		1358	1901.199969000
17		41	1901.292297000
17		1358	1901.293967000
17		1358	1901.374737000
17		41	1901.385231000
17		1358	1901.455010000
17		41	1901.478023000
17		1358	1901.534014000
17		41	1901.571238000
17		1358	1901.614137000
17		41	1901.664207000
17		1358	1901.693403000
17		41	1901.757480000
17		1358	1901.773374000
17		41	1901.849795000
17		1358	1901.851624000
17		1358	1901.932501000
17		41	1901.943249000
17		1358	1902.011812000
17		41	1902.035746000
17		634	1902.090879000
17		46	1902.128959000
17		33	1902.142790000
17		41	1902.222245000
17		41	1902.315282000
17		41	1902.407713000
17		1118	1902.501405000
17		39	1902.502137000
17		151	1902.503125000
17		1353	1902.503268000
17		1358	1902.503277000
17		1358	1902.503282000
17		1358	1902.503287000
17		1358	1902.503293000
17		1358	1902.503298000
17		1358	1902.503303000
17		1358	1902.503308000
17		1358	1902.503313000
17		1358	1902.583846000
17		1358	1902.663049000
17		47	1902.687004000
17		33	1902.700768000
17		41	1902.780612000
17		41	1902.873078000
17		41	1902.966124000
17		41	1903.059485000
17		1358	1903.061388000
17		41	1903.152606000
17		1358	1903.154229000
17		41	1903.245607000
17		1358	1903.261946000
17		41	1903.338561000
17		41	1903.338585000
17		35	1903.340337000
17		1358	1903.342861000
6	0		1903.407240000
6	0		1903.407277000
17		41	1903.431223000
17		1358	1903.432636000
17		41	1903.524137000
17		1358	1903.525500000
17		41	1903.616859000
17		1358	1903.618439000
17		41	1903.710114000
17		1358	1903.711804000
17		41	1903.802896000
17		1358	1903.804543000
17		41	1903.896280000
17		1358	1903.897064000
17		41	1903.989074000
17		1358	1903.990735000
17		1358	1904.071699000
17		41	1904.082246000
17		1358	1904.151419000
17		41	1904.175287000
17		1358	1904.231731000
17		41	1904.268656000
17		1358	1904.311790000
17		41	1904.360894000
17		1358	1904.391996000
17		41	1904.454332000
17		1358	1904.455942000
17		41	1904.547658000
17		1358	1904.548539000
17		41	1904.640338000
17		1358	1904.655650000
17		41	1904.733017000
17		1358	1904.763212000
17		41	1904.826023000
17		1358	1904.843839000
17		41	1904.919541000
17		1358	1904.924895000
6	0		1905.001639000
6	0		1905.001696000
17		41	1905.012314000
17		1358	1905.013941000
17		1358	1905.094283000
17		41	1905.105250000
17		1358	1905.174163000
17		46	1905.198564000
17		33	1905.212312000
17		1358	1905.254120000
17		41	1905.291429000
17		1358	1905.334263000
17		41	1905.384628000
17		1358	1905.414995000
17		41	1905.477484000
17		1358	1905.496083000
17		41	1905.570398000
17		1358	1905.576557000
17		41	1905.663353000
17		1358	1905.665049000
17		41	1905.756143000
17		1358	1905.757668000
17		41	1905.849517000
6	0		1905.849546000
17		1358	1905.850577000
6	0		1905.850923000
17		41	1905.942256000
17		1358	1905.943858000
6	0		1906.018232000
17		41	1906.035302000
17		1358	1906.036966000
17		41	1906.128197000
6	0		1906.135586000
6	41		1906.141636000
17		1358	1906.144257000
17		41	1906.220696000
17		1358	1906.251344000
6	0		1906.282203000
6	21		1906.284173000
6	0		1906.284205000
6	1080		1906.285145000
17		41	1906.313719000
17		1358	1906.331381000
17		41	1906.407551000
17		627	1906.409165000
17		41	1906.499731000
17		41	1906.593462000
17		41	1906.685824000
17		41	1906.778973000
6	48		1906.835825000
6	0		1906.835867000
17		1140	1906.871935000
17		39	1906.872638000
17		151	1906.873366000
17		1353	1906.873453000
17		1358	1906.873462000
17		1358	1906.873467000
17		1358	1906.873470000
17		1358	1906.954563000
6	440		1907.010973000
6	0		1907.011024000
6	280		1907.015386000
17		1358	1907.033569000
17		47	1907.058476000
17		33	1907.073496000
17		1358	1907.113674000
17		41	1907.151355000
6	16		1907.183936000
17		1358	1907.192828000
6	0		1907.226241000
17		41	1907.244096000
17		1358	1907.273871000
17		41	1907.337154000
17		1358	1907.353216000
6	0		1907.414126000
6	0		1907.414193000
17		41	1907.430299000
17		1358	1907.431659000
17		1358	1907.496143000
6	0		1907.497158000
6	0		1907.497209000
17		41	1907.523817000
6	0		1907.536555000
6	12		1907.536804000
17		1358	1907.561256000
6	0		1907.575876000
6	12		1907.575915000
6	0		1907.575929000
6	1		1907.576125000
6	4		1907.576146000
6	32		1907.576158000
6	0		1907.576173000
6	0		1907.615117000
6	0		1907.615160000
6	0		1907.615165000
6	0		1907.615229000
6	0		1907.615245000
17		41	1907.616792000
17		1358	1907.625494000
6	0		1907.675339000
6	41		1907.681384000
17		41	1907.709401000
17		1358	1907.732383000
17		41	1907.801858000
17		1358	1907.840040000
17		41	1907.895646000
17		1358	1907.921225000
6	0		1907.942085000
6	21		1907.942128000
6	0		1907.942143000
6	1080		1907.943188000
17		41	1907.988331000
17		1358	1908.001700000
17		41	1908.081493000
17		1358	1908.083106000
6	52		1908.139440000
6	0		1908.139484000
6	52		1908.139593000
17		41	1908.174324000
17		1358	1908.175905000
6	440		1908.207887000
6	0		1908.250232000
17		41	1908.267638000
17		1358	1908.269257000
6	84		1908.284053000
6	0		1908.326236000
17		1358	1908.349903000
17		41	1908.359825000
17		1358	1908.430408000
17		41	1908.453185000
6	48		1908.510926000
6	0		1908.510964000
17		1358	1908.511347000
6	280		1908.517839000
17		41	1908.545822000
17		1358	1908.592088000
17		41	1908.639694000
17		1358	1908.672805000
17		41	1908.731862000
17		1358	1908.753200000
6	16		1908.781981000
6	0		1908.822223000
17		41	1908.825079000
17		1358	1908.833248000
17		46	1908.917681000
17		1358	1908.919240000
17		41	1909.011550000
17		1358	1909.013136000
6	52		1909.082879000
6	0		1909.082927000
6	52		1909.083030000
17		41	1909.104784000
17		1358	1909.106702000
17		41	1909.197459000
17		1358	1909.214278000
17		41	1909.290069000
17		1358	1909.321577000
6	84		1909.348645000
17		41	1909.383642000
6	0		1909.390235000
17		1358	1909.401769000
17		41	1909.476583000
17		1358	1909.482441000
17		1358	1909.562231000
17		41	1909.569017000
17		1358	1909.641917000
17		41	1909.662584000
17		1358	1909.722620000
17		41	1909.755297000
17		1358	1909.803309000
17		41	1909.848012000
17		1358	1909.884505000
17		41	1909.941385000
6	0		1909.941451000
6	0		1909.942221000
17		1358	1909.964784000
17		41	1910.033913000
17		1358	1910.044940000
17		41	1910.127017000
17		1358	1910.127849000
6	68		1910.146092000
17		41	1910.220494000
17		1358	1910.222126000
6	52		1910.297177000
6	0		1910.297227000
6	0		1910.298146000
6	0		1910.298387000
17		41	1910.313105000
17		1358	1910.314878000
17		41	1910.406527000
17		1358	1910.408252000
6	0		1910.443515000
17		1358	1910.473649000
17		41	1910.499324000
17		1358	1910.536785000
17		41	1910.592378000
17		1358	1910.601759000
17		41	1910.685165000
17		634	1910.709132000
17		46	1910.778611000
17		33	1910.793371000
17		41	1910.871550000
17		41	1910.963778000
17		41	1911.056902000
17		41	1911.150201000
17		1044	1911.243210000
17		39	1911.243887000
17		148	1911.244684000
17		1353	1911.244792000
17		1358	1911.244817000
17		1358	1911.244829000
17		1358	1911.244834000
6	0		1911.315431000
6	0		1911.315508000
17		1358	1911.326221000
6	0		1911.339738000
6	68		1911.346422000
6	41		1911.347137000
6	0		1911.370850000
6	21		1911.370887000
6	0		1911.370900000
6	1080		1911.372047000
6	0		1911.395706000
6	440		1911.395743000
17		1358	1911.405165000
17		47	1911.429166000
6	0		1911.438206000
17		33	1911.443573000
6	48		1911.461943000
6	0		1911.461981000
6	280		1911.466302000
17		1358	1911.485169000
6	0		1911.490046000
6	16		1911.505302000
17		41	1911.522734000
6	0		1911.546239000
17		1358	1911.564100000
6	52		1911.569931000
6	0		1911.569969000
6	52		1911.570047000
6	100		1911.594772000
17		41	1911.615386000
6	52		1911.616442000
6	0		1911.616475000
6	0		1911.616544000
6	0		1911.617881000
6	0		1911.638223000
17		1358	1911.644324000
17		41	1911.707929000
17		1358	1911.725532000
17		41	1911.801195000
17		1358	1911.802811000
6	0		1911.878573000
17		1358	1911.883909000
17		41	1911.893796000
17		1358	1911.963166000
17		41	1911.986698000
17		1358	1912.043833000
17		41	1912.080712000
17		1358	1912.108641000
17		41	1912.173557000
17		1358	1912.175084000
17		41	1912.265975000
17		1358	1912.282537000
17		41	1912.359244000
17		1358	1912.389239000
17		41	1912.451958000
17		1358	1912.470160000
17		41	1912.545468000
17		1358	1912.550239000
17		41	1912.638616000
17		1358	1912.639964000
17		1358	1912.720708000
17		41	1912.731419000
17		41	1912.824012000
17		41	1912.917320000
17		1358	1912.918961000
17		41	1913.009704000
17		1358	1913.011286000
17		41	1913.103273000
17		1358	1913.103998000
17		1358	1913.184098000
17		41	1913.196592000
6	68		1913.200538000
6	52		1913.224317000
6	0		1913.224358000
6	0		1913.224375000
6	0		1913.225926000
6	0		1913.249627000
17		1358	1913.264991000
17		46	1913.288735000
17		33	1913.302829000
17		1358	1913.343674000
17		41	1913.382360000
17		1358	1913.424119000
17		41	1913.475137000
17		1358	1913.503323000
17		41	1913.568730000
17		1358	1913.583715000
17		41	1913.660841000
17		1358	1913.662357000
17		1358	1913.742928000
17		41	1913.754561000
17		1358	1913.821702000
17		41	1913.847310000
17		1358	1913.902179000
17		41	1913.940136000
17		1358	1913.981306000
17		41	1914.033389000
17		1358	1914.062162000
17		41	1914.126400000
17		1358	1914.141190000
17		41	1914.219504000
17		1358	1914.221421000
17		1358	1914.299685000
17		41	1914.312534000
17		1358	1914.379887000
17		41	1914.404859000
17		1358	1914.459543000
17		41	1914.498497000
17		1358	1914.539500000
17		41	1914.591112000
17		1358	1914.618530000
17		41	1914.684106000
17		1358	1914.699241000
17		41	1914.776951000
17		1358	1914.777885000
17		1358	1914.858430000
17		41	1914.869675000
17		1358	1914.938007000
17		41	1914.962725000
17		1358	1915.016869000
17		41	1915.056438000
17		585	1915.056463000
17		35	1915.058063000
17		76	1915.066314000
17		33	1915.066347000
17		627	1915.080859000
17		46	1915.149300000
17		33	1915.163325000
17		41	1915.241613000
6	0		1915.315684000
6	0		1915.315736000
17		41	1915.335540000
17		41	1915.427864000
17		41	1915.521989000
17		1110	1915.522009000
17		33	1915.522685000
17		1358	1915.524341000
17		1358	1915.589096000
17		44	1915.614059000
17		41	1915.614089000
17		41	1915.614094000
6	0		1915.616850000
6	0		1915.616906000
17		33	1915.640583000
17		1358	1915.652249000
6	0		1915.656579000
6	12		1915.656816000
6	0		1915.696420000
6	12		1915.696460000
6	0		1915.696475000
6	1		1915.696674000
6	4		1915.696692000
6	32		1915.696703000
6	0		1915.696716000
17		47	1915.707364000
17		1358	1915.717638000
6	0		1915.736237000
6	0		1915.736290000
6	0		1915.736319000
6	0		1915.736635000
6	0		1915.736649000
17		1358	1915.780275000
17		41	1915.800899000
17		1358	1915.843319000
17		41	1915.892778000
17		1358	1915.907684000
17		1358	1915.971744000
17		41	1915.985750000
17		1358	1916.034355000
17		41	1916.078979000
17		1358	1916.141224000
17		41	1916.171699000
17		1358	1916.221154000
17		41	1916.264959000
17		1358	1916.300583000
17		41	1916.358403000
17		1358	1916.380845000
17		41	1916.451070000
17		1358	1916.459811000
6	0		1916.517896000
6	0		1916.517948000
17		1358	1916.538746000
17		41	1916.544333000
17		1358	1916.618962000
6	0		1916.637075000
6	0		1916.637143000
17		41	1916.637222000
6	0		1916.638571000
6	41		1916.644432000
6	0		1916.676718000
17		1358	1916.698096000
17		41	1916.730434000
6	0		1916.764634000
6	21		1916.764668000
6	0		1916.764679000
6	1080		1916.765746000
17		1358	1916.778631000
17		41	1916.823438000
17		1358	1916.857999000
6	440		1916.886210000
17		41	1916.916109000
6	0		1916.930222000
17		1358	1916.937754000
17		41	1917.008864000
17		1358	1917.017022000
6	48		1917.050665000
6	0		1917.050711000
6	280		1917.057532000
17		1358	1917.096044000
17		41	1917.101998000
17		1358	1917.176293000
6	16		1917.180467000
17		41	1917.195285000
6	0		1917.222222000
17		1358	1917.255333000
17		41	1917.288578000
17		1358	1917.319099000
6	52		1917.342719000
6	0		1917.342761000
6	52		1917.342883000
17		41	1917.380713000
17		1358	1917.382445000
6	100		1917.463273000
17		41	1917.474121000
17		1358	1917.488414000
6	0		1917.506236000
17		46	1917.567011000
17		33	1917.580857000
17		1358	1917.595135000
17		41	1917.659848000
17		1358	1917.674588000
17		41	1917.753529000
17		1358	1917.755098000
17		1358	1917.833687000
17		41	1917.845962000
17		1358	1917.913465000
17		41	1917.939521000
17		1358	1917.992609000
17		41	1918.031990000
17		1358	1918.069849000
6	0		1918.112567000
6	0		1918.112625000
17		41	1918.125138000
17		1358	1918.146404000
17		41	1918.218395000
17		1358	1918.224372000
17		1358	1918.302035000
17		41	1918.310737000
17		1358	1918.379606000
17		41	1918.404291000
6	0		1918.414395000
6	41		1918.420274000
17		1358	1918.458299000
17		41	1918.496981000
6	0		1918.524829000
6	0		1918.524886000
17		1358	1918.536399000
6	0		1918.590209000
17		41	1918.590823000
6	41		1918.595858000
17		1358	1918.615226000
17		41	1918.682930000
17		1358	1918.693549000
6	0		1918.721785000
6	21		1918.721821000
6	0		1918.721833000
6	1080		1918.722897000
17		41	1918.776532000
17		1358	1918.777987000
6	0		1918.798182000
6	21		1918.798217000
6	0		1918.798228000
6	1080		1918.799377000
6	0		1918.855166000
6	0		1918.855226000
17		41	1918.869706000
17		1358	1918.871311000
6	0		1918.939764000
6	41		1918.946876000
17		41	1918.961731000
17		1358	1918.975806000
6	0		1919.023531000
6	440		1919.024005000
6	0		1919.031109000
6	21		1919.031149000
6	0		1919.031160000
6	1080		1919.032282000
6	440		1919.051446000
17		41	1919.054787000
6	0		1919.066223000
17		1358	1919.079638000
6	0		1919.094225000
6	0		1919.116480000
6	440		1919.116517000
17		41	1919.148421000
17		1358	1919.157951000
6	0		1919.158206000
17		1358	1919.235118000
17		41	1919.241064000
6	48		1919.242483000
6	0		1919.242513000
6	280		1919.247127000
17		1358	1919.312996000
6	0		1919.331352000
6	16		1919.333381000
17		41	1919.334640000
6	48		1919.367517000
6	0		1919.367561000
6	280		1919.371563000
6	0		1919.374218000
17		758	1919.391062000
17		46	1919.427312000
17		33	1919.441037000
6	52		1919.458429000
6	0		1919.458471000
6	52		1919.458592000
17		41	1919.519767000
6	100		1919.542801000
6	0		1919.586208000
17		41	1919.613324000
6	48		1919.627640000
6	0		1919.627687000
6	280		1919.631697000
6	0		1919.674113000
17		41	1919.706456000
17		41	1919.799548000
6	16		1919.814609000
6	0		1919.858228000
17		1117	1919.892375000
6	68		1919.892675000
17		39	1919.893045000
17		1358	1919.894998000
17		1358	1919.895028000
17		1358	1919.895033000
17		1358	1919.895038000
17		1358	1919.895043000
17		1358	1919.895049000
6	0		1919.937909000
6	16		1919.959197000
17		1358	1919.973669000
6	0		1920.002238000
6	52		1920.013148000
6	0		1920.013191000
6	0		1920.013209000
6	0		1920.014502000
6	52		1920.078411000
6	0		1920.078452000
6	52		1920.078553000
17		47	1920.078628000
17		1358	1920.080244000
6	0		1920.134803000
6	52		1920.159805000
6	0		1920.159853000
6	52		1920.159931000
17		41	1920.171362000
17		1358	1920.173325000
6	0		1920.189205000
6	84		1920.206936000
6	0		1920.250211000
17		41	1920.264662000
17		1358	1920.266665000
17		41	1920.356779000
17		1358	1920.358764000
17		41	1920.418846000
17		1358	1920.420428000
6	0		1920.461970000
6	84		1920.463455000
17		41	1920.481176000
17		1358	1920.482396000
6	0		1920.506232000
17		41	1920.542909000
17		1358	1920.586548000
17		41	1920.604631000
17		41	1920.666694000
17		1358	1920.690832000
17		41	1920.728894000
17		1358	1920.761853000
17		41	1920.791178000
17		1358	1920.829017000
17		41	1920.853339000
17		1358	1920.895153000
17		41	1920.915436000
17		1358	1920.961916000
17		41	1920.976669000
17		1358	1921.027640000
17		41	1921.039333000
17		1358	1921.093609000
17		41	1921.101123000
17		1358	1921.160388000
17		41	1921.162987000
17		41	1921.224665000
17		1358	1921.226397000
17		41	1921.286770000
17		1358	1921.293048000
17		41	1921.349621000
17		1358	1921.359128000
17		46	1921.411300000
17		1358	1921.425389000
17		41	1921.473385000
17		1358	1921.490920000
17		41	1921.534762000
17		1358	1921.557835000
6	68		1921.579667000
17		41	1921.597558000
17		1358	1921.623716000
17		41	1921.658775000
6	52		1921.666393000
6	0		1921.666434000
6	0		1921.666450000
6	0		1921.668064000
17		1358	1921.690166000
17		41	1921.720905000
6	0		1921.752309000
17		1358	1921.756264000
17		41	1921.783449000
17		1358	1921.822516000
17		41	1921.845344000
17		1358	1921.874642000
17		41	1921.906949000
17		1358	1921.927745000
17		41	1921.969010000
17		1358	1921.980062000
17		41	1922.030979000
17		1358	1922.032919000
6	68		1922.047146000
17		1358	1922.082504000
17		41	1922.092799000
17		1358	1922.132050000
17		41	1922.154840000
17		1358	1922.181886000
17		41	1922.217252000
17		1358	1922.230780000
17		41	1922.279016000
17		1358	1922.280038000
6	68		1922.304841000
17		1358	1922.321272000
17		41	1922.341521000
17		1358	1922.362125000
17		1358	1922.402573000
17		41	1922.403432000
17		1358	1922.443217000
17		41	1922.464774000
17		1358	1922.509049000
17		41	1922.527466000
6	68		1922.530216000
17		1358	1922.558978000
17		41	1922.589246000
6	52		1922.606916000
6	0		1922.606954000
6	0		1922.606970000
17		1358	1922.608081000
6	0		1922.608832000
6	52		1922.650966000
6	0		1922.651007000
17		46	1922.651160000
6	0		1922.652533000
17		1358	1922.658226000
17		1358	1922.707236000
17		41	1922.713453000
17		1358	1922.757458000
17		41	1922.775608000
17		1358	1922.805974000
17		41	1922.837048000
17		1358	1922.855568000
6	0		1922.898195000
17		41	1922.899432000
6	0		1922.899922000
6	0		1922.899946000
17		1358	1922.904991000
6	0		1922.905630000
6	0		1922.910572000
17		1358	1922.954522000
17		41	1922.961135000
17		1358	1923.003749000
17		41	1923.022893000
17		1358	1923.052852000
17		41	1923.084909000
17		1358	1923.102937000
17		41	1923.147037000
17		1358	1923.152060000
17		1358	1923.201858000
17		41	1923.209291000
17		1358	1923.250707000
17		41	1923.271119000
17		1358	1923.300058000
17		41	1923.332966000
17		1358	1923.349084000
17		41	1923.395189000
17		1358	1923.399871000
17		1358	1923.449086000
17		41	1923.457430000
17		1358	1923.498693000
17		41	1923.519504000
17		1358	1923.548543000
17		41	1923.581166000
17		1358	1923.597324000
17		1358	1923.636534000
17		41	1923.642777000
6	0		1923.643624000
6	0		1923.643668000
17		1358	1923.676440000
17		41	1923.704997000
17		1358	1923.715623000
6	0		1923.737465000
6	0		1923.737518000
17		1358	1923.756205000
17		41	1923.766601000
6	0		1923.776519000
6	12		1923.776742000
17		1358	1923.794686000
6	0		1923.815713000
6	12		1923.815747000
6	0		1923.815761000
6	1		1923.815916000
6	4		1923.815935000
6	32		1923.815942000
6	0		1923.815955000
17		41	1923.829382000
6	0		1923.854997000
6	0		1923.855032000
6	0		1923.855038000
6	0		1923.855109000
6	0		1923.855127000
17		1358	1923.860872000
17		46	1923.890953000
17		33	1923.905301000
17		1358	1923.926350000
17		41	1923.953075000
17		1358	1923.993261000
17		41	1924.015418000
17		1358	1924.042226000
17		41	1924.077534000
17		1358	1924.091619000
17		41	1924.139549000
17		1358	1924.140630000
17		1358	1924.190054000
17		41	1924.201095000
17		1358	1924.240968000
17		41	1924.263602000
17		1358	1924.290438000
17		41	1924.325295000
17		1358	1924.339891000
17		41	1924.386870000
17		1358	1924.387507000
17		1358	1924.438530000
17		41	1924.449099000
17		1358	1924.487447000
17		41	1924.511062000
17		1358	1924.537581000
17		41	1924.572903000
17		1358	1924.586940000
17		41	1924.634754000
17		1358	1924.635515000
17		1358	1924.685569000
17		41	1924.697254000
17		1358	1924.735170000
17		41	1924.759447000
17		1358	1924.786005000
17		41	1924.821343000
17		1358	1924.835835000
17		41	1924.883216000
17		1358	1924.884478000
17		41	1924.944944000
17		1358	1924.945789000
17		41	1925.007205000
17		1358	1925.009188000
17		41	1925.069697000
17		652	1925.069735000
17		36	1925.070659000
17		1358	1925.071233000
17		77	1925.078991000
17		33	1925.079369000
17		46	1925.130761000
17		1358	1925.132330000
17		1358	1925.173298000
17		41	1925.193455000
17		1358	1925.212455000
17		41	1925.254969000
17		1358	1925.256580000
17		41	1925.317550000
17		1358	1925.323669000
17		41	1925.379446000
17		1358	1925.390323000
17		41	1925.441142000
17		1358	1925.457358000
17		41	1925.503283000
17		1358	1925.507324000
17		41	1925.565574000
17		1358	1925.567125000
17		41	1925.626966000
17		41	1925.626991000
17		1358	1925.628593000
17		44	1925.689167000
17		1358	1925.689201000
17		1358	1925.690516000
17		1358	1925.697256000
17		1358	1925.697289000
17		1358	1925.697293000
17		390	1925.697296000
17		33	1925.714842000
6	0		1925.750956000
17		41	1925.750981000
17		41	1925.750988000
17		41	1925.751002000
6	0		1925.752139000
17		1358	1925.752717000
17		1358	1925.802381000
17		41	1925.812916000
17		1358	1925.852256000
17		41	1925.875535000
17		1358	1925.902992000
6	0		1925.937071000
17		41	1925.937099000
6	0		1925.938005000
17		1358	1925.953477000
17		1358	1925.990751000
17		1358	1925.999289000
17		41	1925.999314000
17		1358	1925.999906000
17		1358	1926.004111000
6	0		1926.052903000
17		1358	1926.054591000
17		41	1926.060793000
17		1358	1926.104156000
17		41	1926.122744000
17		1358	1926.154079000
17		41	1926.185654000
6	0		1926.239232000
17		41	1926.247405000
17		1358	1926.309204000
17		49	1926.371204000
17		49	1926.434275000
6	0		1926.495625000
17		174	1926.495652000
6	596		1926.495663000
6	0		1926.496156000
17		630	1926.496596000
6	212		1926.503582000
17		108	1926.505189000
17		1025	1926.557295000
17		41	1926.557343000
17		35	1926.558173000
17		627	1926.567245000
17		75	1926.575693000
17		46	1926.619384000
17		1358	1926.621023000
17		41	1926.680897000
17		1358	1926.682929000
6	0		1926.743514000
6	596		1926.743536000
17		41	1926.743546000
6	0		1926.744010000
17		1358	1926.745145000
6	212		1926.751539000
17		41	1926.805102000
17		1358	1926.807114000
17		170	1926.867261000
17		33	1926.867941000
17		1117	1926.928730000
17		35	1926.929259000
6	0		1926.991270000
17		41	1926.991297000
17		1358	1926.992863000
17		41	1927.052872000
17		1358	1927.059815000
6	0		1927.115133000
17		41	1927.115158000
17		1358	1927.124978000
6	0		1927.177215000
17		42	1927.177243000
17		41	1927.177249000
17		41	1927.177253000
6	64		1927.177258000
6	608		1927.178101000
17		1358	1927.191871000
17		45	1927.238722000
17		42	1927.238755000
17		36	1927.264940000
17		41	1927.301236000
17		1358	1927.302830000
17		1358	1927.352455000
17		41	1927.362752000
17		1358	1927.401991000
6	0		1927.425332000
6	64		1927.425356000
6	608		1927.426322000
17		41	1927.487431000
17		1358	1927.489056000
17		41	1927.549637000
17		1358	1927.551214000
17		1358	1927.602082000
17		41	1927.611218000
17		1358	1927.650785000
6	0		1927.673578000
17		41	1927.735197000
17		1358	1927.737265000
17		41	1927.797283000
17		1358	1927.798874000
17		41	1927.859500000
17		1358	1927.860457000
17		41	1927.921355000
6	0		1927.921382000
17		1358	1927.923010000
17		41	1927.982631000
17		1358	1927.983667000
17		41	1928.045111000
17		1358	1928.046371000
17		41	1928.106942000
17		1358	1928.109119000
17		41	1928.169405000
17		1358	1928.170980000
17		46	1928.231287000
17		1358	1928.232872000
17		1358	1928.284772000
17		41	1928.292661000
17		1358	1928.336969000
17		41	1928.354947000
17		1358	1928.389682000
17		41	1928.417054000
17		1358	1928.442179000
17		41	1928.478854000
17		1358	1928.494302000
17		41	1928.541483000
17		1358	1928.543044000
17		41	1928.603613000
17		1358	1928.604807000
17		41	1928.665425000
17		1358	1928.666882000
17		41	1928.727015000
17		1358	1928.737130000
17		41	1928.789098000
17		1358	1928.807298000
17		41	1928.851249000
17		1358	1928.876844000
6	0		1928.889633000
6	0		1928.889687000
17		41	1928.913542000
6	0		1928.927620000
17		1358	1928.929567000
17		41	1928.975206000
17		1358	1928.982502000
17		1358	1929.035645000
17		41	1929.036739000
17		1358	1929.086606000
17		41	1929.098803000
17		1358	1929.138377000
17		777	1929.161045000
17		41	1929.161069000
17		36	1929.161992000
17		108	1929.173643000
17		137	1929.173717000
17		1358	1929.193440000
17		41	1929.222798000
17		1358	1929.248319000
17		41	1929.284841000
17		1358	1929.304171000
17		41	1929.346771000
17		1358	1929.359130000
17		41	1929.409449000
17		1358	1929.415033000
17		46	1929.471628000
17		1358	1929.473209000
17		41	1929.533151000
17		1358	1929.534714000
17		44	1929.595348000
17		41	1929.595376000
17		41	1929.595384000
17		1358	1929.596964000
17		33	1929.621285000
17		41	1929.657186000
17		1358	1929.658454000
17		41	1929.719480000
17		1358	1929.721039000
17		41	1929.781134000
17		1358	1929.782924000
17		41	1929.843642000
17		1358	1929.845209000
17		1358	1929.900145000
17		41	1929.905384000
17		1358	1929.954682000
17		41	1929.967524000
17		1358	1930.009803000
17		41	1930.029360000
17		1358	1930.053743000
17		41	1930.091346000
17		1358	1930.097385000
17		41	1930.153130000
17		1358	1930.154684000
17		41	1930.214767000
17		1358	1930.228611000
17		41	1930.277332000
17		1358	1930.301783000
17		41	1930.338884000
17		1358	1930.375916000
17		41	1930.401069000
17		1358	1930.431657000
17		41	1930.463263000
17		1358	1930.486279000
17		41	1930.525468000
17		1358	1930.541846000
17		41	1930.586864000
17		1358	1930.597427000
17		41	1930.649262000
17		1358	1930.650821000
17		1358	1930.706907000
17		46	1930.710902000
17		33	1930.725246000
17		1358	1930.761441000
17		41	1930.773363000
17		1358	1930.816599000
17		41	1930.834824000
17		1358	1930.871238000
17		41	1930.896932000
17		1358	1930.925924000
17		41	1930.959492000
17		1358	1930.981614000
17		41	1931.021344000
17		1358	1931.035944000
17		41	1931.083043000
17		1358	1931.090996000
17		41	1931.145304000
17		1358	1931.146084000
17		41	1931.207352000
17		1358	1931.208960000
17		41	1931.269632000
17		1358	1931.271169000
17		1358	1931.325804000
17		41	1931.331483000
17		1358	1931.380115000
17		41	1931.393241000
17		1358	1931.435751000
17		41	1931.454685000
17		1358	1931.491302000
17		41	1931.517156000
17		1358	1931.535647000
17		41	1931.579592000
17		1358	1931.580311000
17		41	1931.641220000
17		1358	1931.642860000
17		41	1931.703536000
17		1358	1931.715612000
17		41	1931.765281000
17		1358	1931.788460000
17		41	1931.827196000
17		1358	1931.861683000
17		41	1931.888721000
17		1358	1931.917429000
17		46	1931.950978000
17		33	1931.964343000
17		1358	1931.971979000
17		41	1932.012710000
17		41	1932.075197000
17		41	1932.137499000
17		1358	1932.139109000
17		41	1932.199830000
17		1358	1932.201507000
17		41	1932.260686000
17		1358	1932.262323000
17		41	1932.322941000
17		1358	1932.324507000
17		1358	1932.379558000
17		41	1932.384670000
17		1358	1932.433594000
17		41	1932.446775000
17		1358	1932.488855000
17		41	1932.508930000
17		1358	1932.542438000
17		41	1932.571228000
17		1358	1932.596473000
17		41	1932.632795000
17		1358	1932.650793000
17		41	1932.694703000
17		1358	1932.705257000
17		41	1932.757172000
17		1358	1932.759022000
17		1358	1932.813779000
17		41	1932.818715000
17		1358	1932.867862000
17		41	1932.881064000
17		1358	1932.922290000
17		41	1932.943038000
17		1358	1932.975924000
17		41	1933.005491000
17		1358	1933.030187000
17		41	1933.067207000
17		1358	1933.083697000
17		41	1933.129436000
17		1358	1933.138963000
17		46	1933.191090000
17		1358	1933.191977000
17		1358	1933.247105000
17		41	1933.253347000
17		1358	1933.301474000
17		41	1933.315331000
17		1358	1933.355126000
17		41	1933.376736000
17		1358	1933.409205000
17		41	1933.439507000
17		1358	1933.464162000
17		41	1933.500683000
17		1358	1933.518092000
17		41	1933.563445000
17		1358	1933.573018000
17		41	1933.625317000
17		1358	1933.626986000
17		1358	1933.680557000
17		41	1933.687431000
17		1358	1933.733695000
17		41	1933.748987000
17		1358	1933.788038000
17		41	1933.810994000
17		1358	1933.842176000
17		41	1933.873257000
17		1358	1933.895752000
17		41	1933.935413000
17		1176	1933.939378000
17		41	1933.996976000
17		41	1934.059577000
17		41	1934.121238000
17		41	1934.182966000
17		41	1934.244940000
17		1034	1934.307167000
17		39	1934.307773000
17		153	1934.308383000
17		1353	1934.308424000
17		1358	1934.308431000
17		1358	1934.308436000
17		1358	1934.308441000
17		1358	1934.308447000
17		1358	1934.308452000
17		1358	1934.308457000
17		1358	1934.308462000
17		1358	1934.308468000
17		1358	1934.352338000
17		1358	1934.395792000
17		47	1934.431128000
17		33	1934.444926000
17		41	1934.493617000
17		41	1934.554778000
17		41	1934.617384000
17		41	1934.679326000
17		1358	1934.680929000
17		41	1934.741721000
17		1358	1934.743309000
17		41	1934.802622000
17		1358	1934.803690000
17		41	1934.865644000
17		1358	1934.867085000
17		41	1934.927246000
17		1358	1934.929076000
17		41	1934.989274000
17		1358	1934.991626000
17		41	1935.050623000
17		1358	1935.052201000
17		620	1935.113054000
17		41	1935.113081000
17		1358	1935.113935000
17		36	1935.114107000
17		77	1935.122233000
17		33	1935.122426000
17		41	1935.175462000
17		1358	1935.176175000
17		41	1935.236631000
17		1358	1935.238226000
17		1358	1935.292954000
17		41	1935.298760000
17		1358	1935.346908000
17		41	1935.361020000
17		1358	1935.391076000
17		41	1935.423429000
17		1358	1935.434492000
17		44	1935.485458000
17		41	1935.485485000
17		41	1935.485492000
17		1358	1935.507530000
17		33	1935.511183000
17		41	1935.547476000
17		1358	1935.579797000
17		41	1935.608644000
17		1358	1935.634115000
17		46	1935.671250000
17		33	1935.685180000
17		1358	1935.689616000
17		41	1935.733389000
17		1358	1935.744635000
17		41	1935.795371000
17		1358	1935.799078000
17		41	1935.857210000
17		1358	1935.859400000
17		41	1935.919492000
17		1358	1935.921084000
17		41	1935.981749000
17		1358	1935.983335000
17		41	1936.043278000
17		1358	1936.044858000
17		41	1936.104715000
17		1358	1936.106279000
17		1358	1936.160639000
17		41	1936.166997000
17		1358	1936.214671000
17		41	1936.228766000
17		1358	1936.269528000
17		41	1936.290858000
17		1358	1936.324501000
17		41	1936.352994000
17		1358	1936.368649000
17		41	1936.414879000
17		1358	1936.416458000
17		41	1936.477252000
17		1358	1936.489416000
17		41	1936.539109000
17		1358	1936.562145000
17		41	1936.601077000
17		1358	1936.616524000
17		41	1936.662698000
17		1358	1936.671237000
17		41	1936.724861000
17		1358	1936.726397000
17		41	1936.787619000
17		1358	1936.789169000
17		41	1936.848619000
17		1358	1936.850187000
17		1358	1936.904901000
17		46	1936.910745000
17		33	1936.924720000
17		1358	1936.958222000
17		41	1936.973028000
17		1358	1937.012537000
17		41	1937.035410000
17		1358	1937.067622000
17		41	1937.096901000
17		1358	1937.122399000
17		41	1937.158999000
17		1358	1937.177902000
17		41	1937.220756000
17		1358	1937.232711000
17		41	1937.283286000
17		1358	1937.287951000
17		41	1937.344995000
17		1358	1937.346561000
17		41	1937.407151000
17		1358	1937.408792000
17		41	1937.468933000
17		1358	1937.470140000
17		41	1937.530970000
17		1358	1937.543664000
17		41	1937.593445000
17		1358	1937.617113000
17		41	1937.654986000
17		1358	1937.670938000
17		41	1937.717462000
17		1358	1937.724579000
17		1358	1937.778017000
17		41	1937.779101000
17		1358	1937.831808000
17		41	1937.841083000
17		1358	1937.887188000
17		41	1937.903015000
17		1358	1937.942091000
17		41	1937.965647000
17		1358	1937.997225000
17		41	1938.027326000
17		1358	1938.051971000
17		41	1938.089575000
17		1358	1938.107407000
17		46	1938.151141000
17		1358	1938.162473000
17		41	1938.212674000
17		1358	1938.216702000
17		41	1938.274686000
17		1358	1938.275433000
17		1358	1938.330903000
17		41	1938.336801000
17		1358	1938.383906000
17		41	1938.398962000
17		1358	1938.439429000
17		41	1938.461205000
17		1358	1938.483712000
17		41	1938.522876000
17		1358	1938.528473000
17		41	1938.585016000
17		1358	1938.600869000
17		41	1938.646723000
17		1358	1938.673396000
17		41	1938.709085000
17		1358	1938.728871000
17		41	1938.771556000
17		1358	1938.784457000
17		41	1938.833139000
17		1358	1938.840005000
17		41	1938.894825000
17		1358	1938.896432000
17		41	1938.957225000
17		1358	1938.958798000
17		1358	1939.013922000
17		41	1939.018700000
17		1358	1939.067606000
17		41	1939.081354000
17		730	1939.081386000
17		36	1939.082908000
17		75	1939.091582000
17		33	1939.091621000
17		1358	1939.122521000
17		41	1939.143211000
17		1358	1939.177910000
17		41	1939.204835000
17		1358	1939.233285000
17		41	1939.267086000
17		1358	1939.289626000
17		41	1939.329246000
17		1358	1939.346055000
17		46	1939.390971000
17		1358	1939.400939000
17		44	1939.452891000
17		41	1939.452917000
17		41	1939.452923000
17		1358	1939.454485000
17		33	1939.479452000
17		41	1939.515183000
17		1358	1939.516725000
17		41	1939.577330000
17		1358	1939.589688000
17		41	1939.639520000
17		1358	1939.662619000
17		41	1939.700953000
17		1358	1939.717141000
17		41	1939.763057000
17		1358	1939.772333000
17		41	1939.824660000
17		1358	1939.826145000
6	0		1939.857331000
6	0		1939.857392000
17		1358	1939.882217000
17		41	1939.887856000
6	0		1939.896642000
6	12		1939.896896000
6	0		1939.935862000
6	12		1939.935897000
6	0		1939.935913000
6	1		1939.936132000
6	4		1939.936152000
6	32		1939.936179000
6	0		1939.936192000
17		1358	1939.937081000
17		41	1939.949538000
6	0		1939.975035000
6	0		1939.975075000
6	0		1939.975081000
6	0		1939.975223000
6	0		1939.975239000
17		1358	1939.992236000
17		41	1940.011199000
17		1358	1940.047668000
17		41	1940.072904000
17		1358	1940.102633000
6	0		1940.120749000
6	0		1940.120810000
17		41	1940.135424000
17		1358	1940.157822000
6	0		1940.162251000
17		41	1940.196873000
17		1358	1940.214013000
17		41	1940.258966000
17		1358	1940.269924000
17		41	1940.321589000
17		901	1940.325217000
17		41	1940.383173000
17		41	1940.445531000
17		41	1940.506688000
17		41	1940.569284000
17		46	1940.630701000
17		1111	1940.630734000
17		33	1940.631342000
17		33	1940.631520000
17		155	1940.632014000
17		1358	1940.639258000
17		41	1940.692822000
17		1358	1940.694445000
17		1358	1940.748070000
17		47	1940.755244000
17		33	1940.769024000
17		1358	1940.803065000
17		41	1940.816810000
17		1358	1940.858025000
17		41	1940.879295000
17		1358	1940.912061000
17		41	1940.941418000
17		1358	1940.965672000
17		41	1941.003294000
17		1358	1941.012356000
17		1358	1941.058555000
17		41	1941.065389000
17		1358	1941.105674000
17		41	1941.126890000
17		1358	1941.152568000
17		41	1941.189225000
17		1358	1941.198213000
17		1358	1941.244911000
17		41	1941.250809000
17		1358	1941.292233000
17		41	1941.313459000
17		1358	1941.339019000
17		41	1941.375500000
17		1358	1941.377265000
17		1358	1941.413523000
17		41	1941.437406000
17		1358	1941.450589000
17		41	1941.498846000
17		1358	1941.512397000
17		41	1941.560836000
17		1358	1941.574537000
17		1358	1941.620593000
17		41	1941.622808000
17		1358	1941.667124000
17		41	1941.685105000
17		1358	1941.714839000
17		41	1941.747423000
17		1358	1941.760009000
17		1358	1941.806725000
17		41	1941.808978000
17		1358	1941.852558000
17		41	1941.870843000
17		1358	1941.899585000
17		41	1941.932966000
17		1358	1941.945817000
17		1358	1941.993178000
17		46	1941.994788000
17		33	1942.008302000
17		1358	1942.039940000
17		41	1942.057311000
17		1358	1942.086904000
17		41	1942.119292000
17		1358	1942.134324000
17		41	1942.181148000
17		1358	1942.182488000
17		41	1942.243311000
17		1358	1942.244865000
17		41	1942.305016000
17		1358	1942.307476000
17		1358	1942.346158000
17		41	1942.366966000
17		1358	1942.382617000
17		41	1942.429422000
17		1358	1942.430878000
17		41	1942.490938000
17		1358	1942.492531000
17		41	1942.552917000
17		1358	1942.554494000
17		41	1942.614794000
17		1358	1942.616586000
17		41	1942.676713000
17		1358	1942.677664000
17		41	1942.738733000
17		1358	1942.740682000
17		41	1942.800809000
17		1358	1942.802385000
17		41	1942.862755000
17		1358	1942.864400000
17		41	1942.925546000
17		1358	1942.927131000
17		41	1942.987504000
17		1358	1942.989110000
17		41	1943.049432000
17		1358	1943.050911000
17		1358	1943.098134000
17		41	1943.111276000
17		1358	1943.145065000
17		41	1943.173332000
17		1358	1943.192754000
17		46	1943.235352000
17		1358	1943.239557000
17		41	1943.296849000
17		1358	1943.298774000
17		41	1943.358769000
17		1358	1943.359837000
17		41	1943.420801000
17		1358	1943.423164000
17		41	1943.482970000
17		1358	1943.484771000
17		41	1943.545327000
17		1358	1943.546588000
17		41	1943.606903000
17		1358	1943.607884000
17		41	1943.668778000
17		1358	1943.670179000
17		41	1943.731002000
17		1358	1943.731840000
17		1358	1943.779905000
17		41	1943.793237000
17		1358	1943.826103000
17		41	1943.855321000
17		1358	1943.873323000
17		41	1943.917405000
17		1358	1943.919864000
17		41	1943.979342000
17		1358	1943.980950000
17		41	1944.041293000
17		1358	1944.042494000
6	0		1944.097051000
6	0		1944.097104000
17		41	1944.103255000
17		1358	1944.104836000
6	0		1944.146200000
17		41	1944.165585000
17		1358	1944.167845000
17		41	1944.227019000
17		1358	1944.228652000
17		41	1944.289040000
17		1358	1944.290019000
17		41	1944.350804000
17		1358	1944.351369000
17		41	1944.413221000
17		1358	1944.414035000
17		46	1944.475513000
17		33	1944.489738000
17		41	1944.537516000
17		41	1944.598791000
17		453	1944.599866000
17		41	1944.660995000
17		41	1944.722986000
17		41	1944.785160000
17		1118	1944.846819000
17		39	1944.847503000
17		1358	1944.848234000
17		1358	1944.848255000
17		1358	1944.848259000
17		1358	1944.848263000
17		1358	1944.848266000
17		1358	1944.848269000
17		1358	1944.848273000
17		1358	1944.848276000
17		1358	1944.888332000
17		1358	1944.928544000
17		47	1944.971028000
17		33	1944.984258000
17		41	1945.032809000
17		702	1945.094778000
17		41	1945.094810000
17		36	1945.095760000
17		77	1945.104116000
17		33	1945.104184000
17		41	1945.157593000
17		1358	1945.159183000
17		41	1945.219375000
17		1358	1945.220987000
17		41	1945.280708000
17		1358	1945.282225000
17		41	1945.343538000
17		1358	1945.344223000
17		41	1945.404677000
17		1358	1945.406256000
17		41	1945.468145000
17		1358	1945.469642000
17		44	1945.529482000
17		41	1945.529513000
17		41	1945.529521000
17		1358	1945.531123000
17		33	1945.555540000
17		41	1945.591508000
17		1358	1945.593210000
17		41	1945.653169000
17		1358	1945.655007000
17		41	1945.715593000
17		1358	1945.717706000
17		41	1945.777465000
17		1358	1945.778665000
17		41	1945.839698000
17		1358	1945.841268000
17		1358	1945.880898000
17		41	1945.901134000
17		1358	1945.921967000
17		41	1945.963258000
17		1358	1945.966150000
17		41	1946.025334000
17		1358	1946.039763000
17		41	1946.086895000
17		1358	1946.113427000
17		41	1946.149036000
17		1358	1946.168506000
17		46	1946.211578000
17		1358	1946.223264000
17		41	1946.272757000
17		1358	1946.278447000
17		41	1946.334842000
17		1358	1946.336415000
17		41	1946.396990000
17		1358	1946.398588000
17		41	1946.458796000
17		1358	1946.460465000
17		41	1946.520996000
17		1358	1946.522994000
17		1358	1946.579123000
17		41	1946.583377000
17		1358	1946.633078000
17		41	1946.645444000
17		1358	1946.689034000
17		41	1946.707374000
17		1358	1946.744501000
17		41	1946.769348000
17		1358	1946.799410000
17		41	1946.830892000
17		1358	1946.854355000
17		41	1946.892878000
17		1171	1946.892905000
17		36	1946.893947000
17		1358	1946.899040000
17		108	1946.905263000
17		129	1946.905300000
17		41	1946.955604000
17		1358	1946.957268000
17		41	1947.017519000
17		1358	1947.030722000
17		41	1947.079493000
17		1358	1947.104530000
17		41	1947.141091000
17		1358	1947.160518000
17		41	1947.203100000
17		1358	1947.215607000
17		41	1947.265104000
17		41	1947.265128000
17		1358	1947.270738000
17		1358	1947.325777000
17		44	1947.327446000
17		41	1947.327470000
17		33	1947.353523000
17		41	1947.389282000
17		1358	1947.390854000
17		41	1947.451082000
17		1358	1947.453187000
17		1358	1947.507645000
17		46	1947.513148000
17		33	1947.527031000
17		1358	1947.561671000
17		41	1947.574930000
17		1358	1947.615960000
17		41	1947.636929000
17		1358	1947.671486000
17		41	1947.699148000
17		1358	1947.726051000
17		41	1947.760871000
17		1358	1947.781539000
17		41	1947.823180000
17		1358	1947.835698000
17		41	1947.884755000
17		1358	1947.890608000
17		41	1947.947162000
17		1358	1947.948779000
17		41	1948.009084000
17		1358	1948.009906000
17		41	1948.071086000
17		1358	1948.082528000
17		41	1948.133079000
17		1358	1948.154696000
17		41	1948.194731000
17		1358	1948.209733000
6	0		1948.229267000
6	0		1948.229322000
17		41	1948.256951000
17		1358	1948.264936000
17		1358	1948.318411000
17		41	1948.319019000
17		1358	1948.372398000
17		41	1948.381482000
6	0		1948.392653000
6	41		1948.399489000
17		1358	1948.427323000
6	0		1948.440987000
6	0		1948.441059000
17		41	1948.442667000
6	0		1948.457255000
17		1358	1948.481732000
17		41	1948.504682000
17		1358	1948.535954000
6	0		1948.562476000
17		41	1948.566862000
6	21		1948.569623000
6	0		1948.569661000
6	1080		1948.570586000
17		1358	1948.591198000
17		41	1948.629407000
17		1358	1948.645847000
17		41	1948.691694000
17		1358	1948.700535000
6	0		1948.733538000
6	440		1948.741635000
17		46	1948.753383000
17		1358	1948.754967000
6	0		1948.782218000
17		41	1948.814651000
17		1358	1948.816101000
17		41	1948.877156000
17		1358	1948.878718000
17		1358	1948.933133000
17		41	1948.939265000
6	48		1948.945135000
6	0		1948.945173000
6	280		1948.949069000
17		1358	1948.987232000
17		41	1949.001473000
17		1358	1949.041938000
17		41	1949.062628000
17		1358	1949.085968000
6	0		1949.111967000
17		41	1949.125253000
17		1358	1949.129414000
6	16		1949.162864000
17		41	1949.187424000
17		1358	1949.202078000
6	0		1949.206222000
17		41	1949.249555000
17		1358	1949.275370000
17		41	1949.311334000
17		1358	1949.329712000
6	52		1949.369127000
6	0		1949.369164000
6	52		1949.369295000
17		41	1949.372660000
17		1358	1949.383955000
17		41	1949.434924000
17		1358	1949.436764000
17		41	1949.497841000
17		1358	1949.499456000
6	0		1949.532087000
6	84		1949.532249000
17		41	1949.559181000
17		1358	1949.560349000
6	0		1949.574227000
17		1358	1949.615704000
17		41	1949.621610000
17		1358	1949.668136000
17		41	1949.682991000
17		1358	1949.722240000
17		41	1949.745393000
17		1358	1949.776555000
17		41	1949.807535000
17		1358	1949.832045000
17		41	1949.868868000
17		1358	1949.886896000
17		41	1949.931318000
17		1358	1949.941729000
17		46	1949.993036000
17		1358	1949.995039000
17		41	1950.054870000
17		1358	1950.055896000
17		41	1950.117172000
17		1358	1950.118972000
17		41	1950.179626000
17		1358	1950.180782000
17		41	1950.241507000
17		1358	1950.253905000
17		41	1950.303014000
17		1358	1950.326959000
17		41	1950.365343000
17		1358	1950.381847000
17		41	1950.427121000
17		1358	1950.435034000
17		41	1950.489133000
17		1358	1950.490764000
17		1358	1950.542524000
17		41	1950.551261000
17		1358	1950.597306000
17		41	1950.612802000
17		1358	1950.651299000
17		41	1950.675493000
17		1358	1950.705734000
17		41	1950.737577000
17		1358	1950.760923000
17		41	1950.799019000
17		1358	1950.815593000
17		41	1950.860693000
17		1358	1950.869519000
17		41	1950.922793000
17		1358	1950.923494000
17		41	1950.985145000
17		1358	1950.986779000
17		1358	1951.041120000
17		41	1951.046658000
17		1358	1951.094962000
17		41	1951.108816000
17		1358	1951.138996000
17		41	1951.171195000
17		1358	1951.183286000
17		46	1951.233318000
17		33	1951.247262000
17		1358	1951.255814000
17		41	1951.295464000
17		1358	1951.327931000
6	68		1951.354801000
17		41	1951.357375000
6	0		1951.357402000
6	0		1951.358536000
17		1358	1951.382047000
17		41	1951.419266000
17		1358	1951.437700000
17		41	1951.481393000
17		901	1951.492295000
6	52		1951.517939000
6	0		1951.517982000
6	0		1951.518001000
6	0		1951.519195000
17		41	1951.542918000
17		41	1951.604744000
17		41	1951.666811000
6	0		1951.682150000
17		41	1951.729290000
17		41	1951.791279000
17		1035	1951.852845000
17		39	1951.853460000
17		148	1951.853989000
17		1353	1951.854002000
17		1358	1951.854008000
17		1358	1951.854012000
17		1358	1951.854017000
17		1358	1951.908885000
17		1358	1951.962686000
17		47	1951.976683000
17		33	1951.991027000
17		1358	1952.016938000
17		41	1952.039367000
17		1358	1952.071351000
17		41	1952.101558000
17		1358	1952.126734000
17		41	1952.163379000
17		1358	1952.170421000
17		1358	1952.213408000
17		41	1952.225088000
17		1358	1952.255918000
17		41	1952.286760000
17		1358	1952.329080000
17		41	1952.349213000
17		1358	1952.402178000
17		41	1952.411239000
17		1358	1952.455870000
17		41	1952.473298000
17		1358	1952.509802000
17		41	1952.535445000
17		1358	1952.564524000
17		41	1952.597002000
17		1358	1952.618121000
17		41	1952.658679000
17		1358	1952.672321000
17		41	1952.721288000
17		1358	1952.726673000
17		41	1952.783715000
17		1358	1952.785301000
17		1358	1952.839062000
17		41	1952.845115000
17		1358	1952.892741000
17		41	1952.907329000
17		1358	1952.946718000
17		41	1952.969014000
17		1358	1953.000142000
17		41	1953.031008000
17		1358	1953.054954000
17		41	1953.093252000
17		1358	1953.109948000
17		41	1953.155513000
17		1358	1953.157132000
17		46	1953.217379000
17		1358	1953.219075000
17		41	1953.279146000
17		1358	1953.291155000
17		41	1953.341253000
17		1358	1953.363372000
17		41	1953.402819000
17		1358	1953.417399000
17		41	1953.465512000
17		1358	1953.471304000
17		41	1953.526651000
17		1358	1953.527989000
17		1358	1953.582320000
17		41	1953.589531000
17		1358	1953.635000000
17		41	1953.651585000
17		1358	1953.689412000
17		41	1953.713263000
17		1358	1953.743626000
17		41	1953.775456000
17		1358	1953.797743000
17		41	1953.836837000
17		1358	1953.851249000
17		41	1953.898875000
17		1358	1953.905548000
17		41	1953.961418000
17		1358	1953.962623000
17		41	1954.022793000
17		1358	1954.024023000
17		41	1954.084839000
17		1358	1954.086042000
17		41	1954.147212000
17		1358	1954.148986000
17		41	1954.208719000
17		1358	1954.210374000
17		41	1954.271238000
17		1358	1954.281856000
17		41	1954.333571000
17		1358	1954.352805000
17		41	1954.394995000
17		1358	1954.405792000
17		46	1954.457004000
17		641	1954.458899000
17		41	1954.519012000
17		41	1954.581252000
17		41	1954.643220000
17		41	1954.705391000
17		1118	1954.767107000
17		39	1954.767741000
17		155	1954.768535000
17		1353	1954.789169000
17		1358	1954.789202000
17		1358	1954.789206000
17		1358	1954.789209000
17		1358	1954.842961000
17		47	1954.890846000
17		1358	1954.896202000
17		1358	1954.949100000
17		41	1954.953326000
17		1358	1955.002986000
17		41	1955.015237000
17		1358	1955.057020000
17		41	1955.077203000
17		1358	1955.110274000
17		41	1955.139335000
17		1358	1955.163130000
17		41	1955.200709000
17		1358	1955.205492000
17		1358	1955.246854000
17		41	1955.263297000
17		1358	1955.289004000
17		41	1955.325580000
17		1358	1955.359041000
6	0		1955.387326000
17		41	1955.387359000
6	0		1955.388189000
17		1358	1955.428508000
17		41	1955.449358000
17		1358	1955.480512000
17		41	1955.510924000
17		1358	1955.533068000
17		41	1955.572855000
17		1358	1955.585650000
17		41	1955.635236000
17		1358	1955.636818000
17		41	1955.697662000
17		1358	1955.699207000
17		1358	1955.751465000
17		41	1955.759116000
17		1358	1955.803342000
17		41	1955.820764000
17		1358	1955.856181000
17		41	1955.883514000
17		1358	1955.908966000
17		41	1955.945677000
17		1358	1955.962165000
6	0		1955.976934000
6	0		1955.976989000
17		41	1956.007290000
17		1358	1956.014474000
6	0		1956.016426000
6	12		1956.016635000
6	0		1956.055799000
6	12		1956.055842000
6	0		1956.055858000
6	1		1956.056024000
6	4		1956.056046000
6	32		1956.056055000
6	0		1956.056069000
17		41	1956.069397000
17		1358	1956.070929000
6	0		1956.095196000
6	0		1956.095237000
6	0		1956.095341000
6	0		1956.095355000
6	0		1956.095449000
17		46	1956.132236000
17		1358	1956.133818000
17		41	1956.193502000
17		1358	1956.194511000
17		41	1956.255337000
17		1358	1956.256914000
17		41	1956.316817000
17		1358	1956.327121000
17		41	1956.379482000
17		1358	1956.396791000
17		41	1956.440759000
17		1358	1956.448920000
17		1358	1956.501162000
17		41	1956.503240000
17		1358	1956.553663000
17		41	1956.565498000
17		1358	1956.607237000
17		41	1956.627482000
17		1358	1956.659423000
17		41	1956.688632000
17		1358	1956.712548000
17		41	1956.750700000
17		1358	1956.764683000
17		41	1956.812867000
17		1358	1956.817474000
17		41	1956.875550000
17		1358	1956.877009000
17		41	1956.936921000
17		1358	1956.938293000
17		41	1956.999576000
17		1358	1957.001141000
17		41	1957.060855000
17		1358	1957.062202000
17		41	1957.123004000
17		1358	1957.123908000
17		1358	1957.166022000
17		41	1957.185673000
17		1358	1957.207695000
17		41	1957.247264000
17		1358	1957.248784000
17		41	1957.308966000
17		1358	1957.318354000
17		46	1957.371471000
17		33	1957.385751000
17		1358	1957.387684000
17		41	1957.433459000
17		1358	1957.439888000
17		41	1957.495001000
17		1358	1957.496917000
17		41	1957.557196000
17		1358	1957.557915000
17		41	1957.619327000
17		1358	1957.620320000
17		41	1957.680938000
17		1358	1957.681899000
17		41	1957.742708000
17		1358	1957.743988000
17		41	1957.805252000
17		1358	1957.805902000
17		41	1957.867190000
17		1358	1957.868385000
17		1358	1957.921312000
17		41	1957.929380000
17		1358	1957.972778000
17		41	1957.991441000
17		1358	1958.025465000
17		41	1958.052976000
17		1358	1958.078203000
17		41	1958.114632000
17		1358	1958.130335000
17		41	1958.177277000
17		1358	1958.178574000
17		41	1958.239509000
17		1358	1958.241092000
17		41	1958.300763000
17		1358	1958.310915000
17		41	1958.363559000
17		1358	1958.380610000
17		41	1958.425276000
17		1358	1958.433178000
17		41	1958.486904000
17		1358	1958.488961000
17		41	1958.549622000
17		1358	1958.550854000
17		1358	1958.602801000
17		46	1958.611361000
17		33	1958.625296000
17		1358	1958.655503000
17		41	1958.673369000
17		1358	1958.708542000
17		41	1958.735171000
17		1358	1958.761047000
17		41	1958.796883000
17		1358	1958.813413000
17		41	1958.858952000
17		1358	1958.866461000
17		41	1958.920701000
17		1358	1958.922212000
17		41	1958.982991000
17		1358	1958.984254000
17		41	1959.045705000
17		1358	1959.046379000
17		41	1959.107283000
17		1358	1959.108221000
17		41	1959.169198000
17		1358	1959.170859000
17		41	1959.230706000
17		1358	1959.232303000
17		41	1959.293383000
17		1358	1959.302533000
17		41	1959.354859000
17		1358	1959.372108000
17		41	1959.417021000
17		1358	1959.424968000
17		1358	1959.478920000
17		41	1959.479489000
17		1358	1959.531049000
17		41	1959.541157000
17		1358	1959.585029000
17		41	1959.603318000
17		1358	1959.639175000
17		41	1959.665119000
17		1358	1959.693993000
17		41	1959.727448000
17		1358	1959.748195000
17		41	1959.789282000
17		1044	1959.803330000
17		46	1959.851452000
17		33	1959.865252000
17		41	1959.913403000
17		41	1959.975405000
17		41	1960.037591000
17		41	1960.098859000
17		1035	1960.161562000
17		39	1960.162172000
17		1358	1960.163975000
17		1358	1960.164005000
17		1358	1960.164010000
17		1358	1960.164014000
17		1358	1960.164018000
17		1358	1960.206909000
17		1358	1960.250017000
17		47	1960.285071000
17		1358	1960.291814000
17		41	1960.347427000
17		1358	1960.363962000
17		41	1960.409421000
17		1358	1960.435601000
17		41	1960.471465000
17		1358	1960.489379000
17		41	1960.532905000
17		1358	1960.544040000
17		41	1960.594658000
17		1358	1960.597988000
17		41	1960.657592000
17		1358	1960.659827000
17		41	1960.719576000
17		1358	1960.721226000
17		41	1960.781363000
17		1358	1960.781947000
17		41	1960.843366000
17		1358	1960.844987000
17		41	1960.905106000
17		1358	1960.905945000
17		41	1960.967150000
17		1358	1960.968781000
17		1358	1961.022430000
17		41	1961.029125000
17		1358	1961.076153000
17		41	1961.090743000
17		1358	1961.130214000
17		41	1961.153395000
17		1358	1961.183947000
17		41	1961.215488000
17		1358	1961.227544000
17		41	1961.277113000
17		1358	1961.278656000
17		41	1961.338840000
17		1358	1961.350949000
17		41	1961.400844000
17		1358	1961.423237000
17		41	1961.463067000
17		1358	1961.477788000
17		46	1961.525571000
17		1358	1961.531459000
17		41	1961.587302000
17		1358	1961.589188000
17		41	1961.649215000
17		1358	1961.650786000
17		41	1961.711372000
17		1358	1961.712115000
17		1358	1961.766538000
17		41	1961.772926000
17		1358	1961.819435000
17		41	1961.834823000
17		1358	1961.873494000
17		41	1961.897171000
17		1358	1961.928025000
17		41	1961.958747000
17		1358	1961.981512000
17		41	1962.021284000
17		1358	1962.036182000
17		41	1962.082744000
17		1358	1962.089776000
17		41	1962.144700000
17		1358	1962.146065000
17		41	1962.206883000
17		1358	1962.208585000
17		41	1962.269180000
17		1358	1962.270927000
17		41	1962.330752000
17		1358	1962.343213000
17		41	1962.393504000
17		1358	1962.414962000
17		41	1962.455559000
17		1358	1962.469392000
17		41	1962.517344000
17		1358	1962.522602000
17		1358	1962.575833000
17		41	1962.578831000
17		1358	1962.628401000
17		41	1962.641371000
17		1358	1962.683417000
17		41	1962.702735000
17		754	1962.738363000
17		46	1962.764631000
17		33	1962.779403000
17		41	1962.826703000
17		41	1962.889056000
17		41	1962.951117000
17		41	1963.012872000
17		1118	1963.075369000
17		39	1963.076043000
17		155	1963.076734000
17		1353	1963.076752000
17		1358	1963.076757000
17		1358	1963.076762000
17		1358	1963.076766000
17		1358	1963.131197000
17		1358	1963.185386000
17		47	1963.199097000
17		33	1963.213410000
17		1358	1963.239706000
17		41	1963.260819000
17		1358	1963.282172000
17		41	1963.323041000
17		1358	1963.324221000
17		41	1963.385489000
17		1358	1963.397671000
17		41	1963.447736000
17		1358	1963.469484000
17		41	1963.509452000
17		1358	1963.522321000
17		41	1963.570785000
17		1358	1963.576490000
17		1358	1963.629748000
17		41	1963.633578000
17		1358	1963.682713000
17		41	1963.695039000
6	0		1963.695221000
6	0		1963.695247000
17		1358	1963.736937000
17		41	1963.756929000
17		1358	1963.790890000
17		41	1963.819199000
17		1358	1963.844979000
17		41	1963.881037000
17		1358	1963.898752000
17		41	1963.943209000
17		1358	1963.952857000
17		41	1964.005196000
17		1358	1964.006793000
17		1358	1964.060351000
17		41	1964.067109000
6	0		1964.096302000
6	0		1964.096367000
17		1358	1964.113177000
17		41	1964.129531000
6	0		1964.135282000
6	12		1964.135596000
17		1358	1964.168150000
6	0		1964.174569000
6	12		1964.174605000
6	0		1964.174617000
6	1		1964.174857000
6	4		1964.174882000
6	32		1964.174894000
6	0		1964.174908000
17		41	1964.191375000
6	0		1964.213689000
6	0		1964.213793000
6	0		1964.213815000
6	0		1964.213912000
6	0		1964.213924000
17		1358	1964.222560000
17		41	1964.253288000
17		1358	1964.266563000
17		41	1964.314716000
17		1358	1964.315567000
17		41	1964.377566000
17		1358	1964.387306000
17		46	1964.438799000
17		33	1964.452583000
17		1358	1964.458842000
17		41	1964.501553000
17		1358	1964.513151000
17		41	1964.563010000
17		1358	1964.567243000
17		41	1964.624804000
17		1358	1964.626394000
17		41	1964.687182000
17		1358	1964.688625000
17		41	1964.749574000
17		1358	1964.751085000
17		1358	1964.805316000
17		41	1964.810830000
17		1358	1964.858207000
17		41	1964.872963000
17		1358	1964.912041000
17		41	1964.935667000
17		1358	1964.966504000
17		41	1964.997454000
17		1358	1965.021189000
17		41	1965.058683000
17		1358	1965.075232000
17		41	1965.121550000
17		1358	1965.130054000
17		41	1965.183433000
17		1358	1965.185028000
17		41	1965.245340000
17		1358	1965.246903000
17		41	1965.307235000
17		1358	1965.308939000
17		41	1965.369358000
17		1358	1965.380325000
17		41	1965.431115000
17		1358	1965.451649000
17		41	1965.493516000
17		1358	1965.506004000
17		41	1965.554927000
17		1358	1965.558824000
17		1358	1965.612747000
17		41	1965.617350000
17		1358	1965.665540000
17		46	1965.679456000
6	0		1965.687129000
6	0		1965.687184000
17		33	1965.692941000
6	0		1965.703840000
6	41		1965.709581000
17		1358	1965.719597000
6	0		1965.725707000
6	21		1965.728247000
6	0		1965.728284000
6	1080		1965.729443000
17		41	1965.740850000
6	0		1965.745578000
6	440		1965.748031000
17		1358	1965.773844000
6	0		1965.790238000
17		41	1965.802794000
6	48		1965.806471000
6	0		1965.806511000
6	280		1965.812190000
17		1358	1965.827525000
6	0		1965.828322000
6	16		1965.832794000
17		41	1965.865198000
6	0		1965.874228000
17		1358	1965.881602000
6	52		1965.890450000
6	0		1965.890489000
6	52		1965.890605000
6	100		1965.906733000
17		41	1965.926674000
17		1358	1965.935871000
6	0		1965.950214000
17		41	1965.988809000
17		1358	1965.990353000
17		41	1966.051299000
17		1358	1966.053033000
17		41	1966.112635000
17		1358	1966.114239000
17		41	1966.175034000
17		1358	1966.176576000
17		1358	1966.219903000
17		41	1966.237476000
17		1358	1966.263024000
17		41	1966.299186000
17		1358	1966.306659000
17		41	1966.360657000
17		1358	1966.378190000
17		41	1966.422836000
17		1358	1966.450329000
17		41	1966.485436000
17		1358	1966.503846000
17		41	1966.546699000
17		1358	1966.558839000
17		41	1966.609279000
17		1358	1966.613129000
17		41	1966.671121000
17		1358	1966.673006000
17		41	1966.733714000
17		1358	1966.735377000
17		41	1966.795328000
17		1358	1966.796539000
6	0		1966.848388000
6	0		1966.848447000
17		41	1966.857715000
17		1358	1966.859244000
17		1358	1966.913509000
17		46	1966.919309000
17		33	1966.933184000
17		1358	1966.966910000
17		41	1966.980724000
17		1358	1967.020606000
6	0		1967.038612000
17		41	1967.043217000
6	41		1967.045739000
17		803	1967.074288000
17		41	1967.105240000
17		41	1967.167204000
17		41	1967.228893000
6	0		1967.235608000
6	21		1967.243734000
6	0		1967.243774000
6	1080		1967.244751000
17		41	1967.291096000
17		41	1967.353491000
17		1035	1967.415606000
17		39	1967.416233000
17		148	1967.416829000
17		1353	1967.416847000
17		1358	1967.416852000
17		1358	1967.416857000
17		1358	1967.416862000
6	440		1967.444711000
17		1358	1967.460830000
6	0		1967.490230000
17		1358	1967.502917000
17		47	1967.539612000
17		1358	1967.544961000
6	68		1967.592287000
17		41	1967.601381000
6	52		1967.608555000
6	0		1967.608606000
6	0		1967.608629000
6	0		1967.609820000
17		1358	1967.616114000
6	0		1967.625847000
17		41	1967.663552000
6	48		1967.680064000
6	0		1967.680101000
6	280		1967.684229000
17		1358	1967.687879000
17		41	1967.725510000
17		1358	1967.741786000
17		41	1967.787136000
17		1358	1967.793993000
17		1358	1967.847817000
17		41	1967.849138000
6	16		1967.883736000
17		1358	1967.900831000
17		41	1967.911237000
6	0		1967.926219000
17		1358	1967.954994000
17		41	1967.973012000
17		1358	1968.008922000
17		41	1968.035229000
17		1358	1968.063133000
17		41	1968.097384000
6	52		1968.115987000
6	0		1968.116026000
6	52		1968.116124000
17		1358	1968.117039000
17		41	1968.158616000
17		1358	1968.170547000
17		41	1968.221382000
17		1358	1968.222966000
6	0		1968.231319000
6	0		1968.231364000
17		41	1968.282859000
17		1358	1968.284470000
6	84		1968.314195000
17		41	1968.345133000
17		1358	1968.346694000
6	0		1968.358228000
17		1358	1968.401583000
17		41	1968.407304000
17		1358	1968.454394000
17		41	1968.469010000
17		1358	1968.498571000
17		41	1968.531339000
17		1358	1968.542250000
17		41	1968.592810000
17		1358	1968.613740000
17		41	1968.655520000
17		1358	1968.685353000
17		41	1968.717164000
17		1358	1968.739578000
17		46	1968.779542000
17		1358	1968.793445000
17		41	1968.841005000
17		1358	1968.847095000
17		41	1968.902741000
17		1358	1968.904242000
17		41	1968.965487000
17		1358	1968.967062000
17		41	1969.027508000
17		1358	1969.029179000
17		1358	1969.082925000
17		41	1969.089424000
17		1358	1969.136616000
17		41	1969.151536000
17		1358	1969.190260000
17		41	1969.212792000
17		1358	1969.244346000
17		41	1969.274731000
17		1358	1969.298719000
17		41	1969.336701000
17		1358	1969.352797000
17		41	1969.399025000
17		1358	1969.406393000
17		41	1969.461177000
17		1358	1969.462777000
17		41	1969.522839000
17		1358	1969.524496000
17		41	1969.585138000
17		1358	1969.595568000
17		41	1969.646851000
17		1358	1969.668251000
17		41	1969.709573000
17		1358	1969.723016000
17		41	1969.771515000
17		1358	1969.776794000
17		1358	1969.830255000
17		41	1969.833386000
17		1358	1969.882743000
17		41	1969.895452000
17		1358	1969.936670000
17		41	1969.957146000
17		641	1969.991751000
17		46	1970.018939000
17		33	1970.033528000
17		41	1970.080803000
17		41	1970.142916000
17		41	1970.205132000
17		41	1970.267274000
17		1118	1970.329070000
17		39	1970.329684000
17		155	1970.330468000
17		1353	1970.330488000
17		1358	1970.330492000
17		1358	1970.330495000
17		1358	1970.384499000
6	68		1970.411677000
17		1358	1970.438065000
17		47	1970.453392000
17		33	1970.467723000
17		41	1970.514851000
17		1358	1970.516464000
17		1358	1970.570820000
17		41	1970.577046000
6	52		1970.614467000
6	0		1970.614508000
6	0		1970.614524000
6	0		1970.616117000
17		1358	1970.623246000
17		41	1970.638993000
17		1358	1970.677461000
17		41	1970.701544000
17		1358	1970.730826000
17		41	1970.763632000
17		1358	1970.783218000
6	0		1970.805862000
17		41	1970.825023000
17		1358	1970.836375000
17		41	1970.886663000
17		1358	1970.888253000
17		1358	1970.943102000
17		41	1970.949554000
17		1358	1970.995938000
17		41	1971.010701000
17		1358	1971.048930000
17		41	1971.073537000
17		1358	1971.102118000
17		41	1971.135310000
17		1358	1971.154919000
17		41	1971.197594000
17		1358	1971.208143000
17		1358	1971.250963000
17		41	1971.259189000
17		1358	1971.293779000
17		41	1971.321415000
17		1358	1971.337363000
17		41	1971.383209000
17		1358	1971.408095000
17		41	1971.444971000
17		1358	1971.478536000
17		41	1971.507464000
6	0		1971.525013000
6	0		1971.525071000
17		1358	1971.531553000
6	0		1971.538139000
6	41		1971.543931000
6	0		1971.556503000
6	21		1971.559043000
6	0		1971.559081000
6	1080		1971.560136000
17		41	1971.569094000
6	440		1971.577669000
17		1358	1971.584678000
6	0		1971.618211000
6	48		1971.630764000
6	0		1971.630819000
17		41	1971.631263000
6	280		1971.634863000
17		1358	1971.637136000
6	0		1971.679050000
6	16		1971.680991000
17		1358	1971.690755000
17		46	1971.693497000
17		33	1971.707416000
6	0		1971.722237000
6	52		1971.734779000
6	0		1971.734822000
6	52		1971.734968000
17		1358	1971.743828000
6	0		1971.747460000
17		41	1971.755457000
6	84		1971.768675000
17		1358	1971.797860000
6	0		1971.810242000
17		41	1971.816657000
17		1358	1971.851243000
17		41	1971.879335000
17		1358	1971.906251000
17		41	1971.941616000
17		1358	1971.959528000
17		41	1972.002958000
17		1358	1972.013484000
17		41	1972.065436000
17		1358	1972.066966000
17		1358	1972.121199000
17		41	1972.126886000
17		1358	1972.173071000
17		41	1972.189581000
17		1358	1972.227486000
17		41	1972.251530000
17		1358	1972.281737000
17		41	1972.313387000
17		1358	1972.324728000
17		41	1972.375363000
17		1358	1972.377178000
17		41	1972.437216000
17		1358	1972.448825000
17		41	1972.499495000
17		1358	1972.520839000
17		41	1972.561020000
17		1358	1972.574386000
17		41	1972.623238000
17		1358	1972.627927000
17		41	1972.685198000
17		1358	1972.686777000
17		1358	1972.741037000
17		41	1972.747207000
17		1358	1972.794149000
17		41	1972.809380000
17		1358	1972.847514000
17		41	1972.871474000
17		1358	1972.900888000
17		46	1972.933226000
17		33	1972.946330000
17		1358	1972.955794000
17		41	1972.995117000
17		1358	1973.010002000
17		41	1973.057175000
17		1358	1973.064499000
17		41	1973.119274000
17		1358	1973.121436000
17		41	1973.181244000
17		1358	1973.182330000
17		41	1973.243515000
17		1358	1973.245088000
17		41	1973.305645000
17		1358	1973.307221000
17		41	1973.367305000
17		393	1973.368843000
6	0		1973.429150000
6	0		1973.429183000
17		41	1973.429193000
6	0		1973.430220000
6	0		1973.430313000
17		41	1973.491113000
17		41	1973.553502000
6	68		1973.610496000
17		41	1973.615195000
17		1111	1973.615227000
17		33	1973.615816000
17		33	1973.616444000
17		155	1973.616475000
6	52		1973.623463000
6	0		1973.623515000
6	0		1973.623535000
17		1358	1973.624903000
6	0		1973.624939000
6	0		1973.637417000
17		41	1973.676998000
17		1358	1973.678757000
17		1358	1973.732052000
17		47	1973.738874000
17		33	1973.752649000
17		1358	1973.784743000
17		41	1973.800608000
17		1358	1973.837820000
17		41	1973.862961000
17		1358	1973.890901000
17		41	1973.925534000
17		1358	1973.944355000
17		41	1973.987302000
17		1358	1973.989058000
17		1358	1974.037379000
17		41	1974.049543000
17		1358	1974.083883000
17		41	1974.110837000
17		1358	1974.130537000
17		41	1974.173105000
17		1358	1974.176966000
17		1358	1974.214625000
17		41	1974.235214000
17		1358	1974.251450000
17		1358	1974.289357000
17		41	1974.296999000
17		1358	1974.326694000
17		41	1974.358637000
17		1358	1974.389042000
17		41	1974.421038000
17		1358	1974.451507000
17		41	1974.483415000
17		1358	1974.498260000
17		1358	1974.544288000
17		41	1974.544967000
17		1358	1974.591259000
17		41	1974.606746000
17		1358	1974.637639000
17		41	1974.669591000
17		1358	1974.684454000
17		1358	1974.731252000
17		41	1974.731359000
17		1358	1974.777615000
17		41	1974.793455000
17		1358	1974.823589000
17		41	1974.855231000
17		1358	1974.871363000
17		41	1974.917096000
17		1358	1974.918660000
17		1358	1974.965265000
17		46	1974.978847000
17		33	1974.992830000
17		1358	1975.011202000
17		41	1975.040649000
17		1358	1975.058872000
17		1358	1975.103506000
17		41	1975.103541000
17		1358	1975.104711000
17		1358	1975.105293000
17		33	1975.130055000
17		41	1975.165246000
17		1358	1975.166935000
17		41	1975.227260000
17		1358	1975.228355000
17		41	1975.289461000
17		1358	1975.290978000
17		41	1975.351478000
17		1358	1975.353050000
17		41	1975.413222000
17		1358	1975.414828000
17		1358	1975.463851000
17		41	1975.475710000
17		1358	1975.509724000
17		588	1975.537016000
17		41	1975.537049000
17		36	1975.537998000
17		77	1975.546080000
17		33	1975.546121000
17		41	1975.599141000
17		1358	1975.600674000
6	0		1975.603827000
6	0		1975.603857000
17		41	1975.661314000
17		1358	1975.662903000
17		41	1975.722952000
17		1358	1975.724523000
17		41	1975.785055000
17		1358	1975.786800000
17		41	1975.846915000
17		1358	1975.848481000
17		41	1975.909598000
17		1358	1975.911201000
17		41	1975.970909000
17		1358	1975.972508000
17		44	1976.033126000
17		41	1976.033149000
17		41	1976.033155000
17		1358	1976.034480000
17		33	1976.059259000
17		41	1976.094866000
17		1358	1976.096428000
17		41	1976.157555000
17		1358	1976.159237000
17		1358	1976.206653000
17		41	1976.219212000
17		1358	1976.253374000
17		46	1976.281026000
17		1358	1976.291768000
17		41	1976.342689000
17		1358	1976.344717000
17		41	1976.405329000
17		1358	1976.406222000
17		41	1976.467450000
17		1358	1976.468719000
17		41	1976.528653000
17		1358	1976.530221000
17		41	1976.590919000
17		1358	1976.592518000
17		41	1976.653424000
17		1358	1976.654098000
17		41	1976.714962000
17		1358	1976.716503000
17		41	1976.777415000
17		1358	1976.779065000
17		41	1976.838924000
17		1358	1976.839817000
17		41	1976.901411000
17		1358	1976.902157000
17		1358	1976.949784000
17		41	1976.963005000
17		41	1977.025055000
17		1358	1977.026183000
17		41	1977.087275000
17		1358	1977.089062000
17		41	1977.149561000
17		1358	1977.151152000
17		41	1977.211230000
17		1358	1977.212462000
17		41	1977.273349000
17		1311	1977.274271000
17		41	1977.334727000
17		41	1977.397416000
17		41	1977.459371000
17		46	1977.520711000
17		33	1977.534616000
17		41	1977.582863000
17		1035	1977.645007000
17		39	1977.645610000
17		148	1977.646231000
17		1353	1977.646306000
17		1358	1977.646312000
17		1358	1977.646315000
17		1358	1977.646318000
17		1358	1977.646321000
17		1358	1977.694092000
17		1358	1977.740339000
17		47	1977.768829000
17		33	1977.782961000
17		41	1977.830846000
17		1358	1977.833103000
17		1358	1977.881080000
17		41	1977.893022000
17		1358	1977.927565000
6	0		1977.942262000
6	0		1977.942317000
17		41	1977.954627000
17		1358	1977.974947000
6	0		1977.982686000
17		41	1978.016715000
17		1358	1978.022486000
17		41	1978.079109000
17		1358	1978.080689000
17		41	1978.140796000
17		1358	1978.142410000
17		41	1978.203610000
17		1358	1978.205229000
17		41	1978.264843000
17		1358	1978.266401000
17		41	1978.327370000
17		1358	1978.328063000
17		41	1978.389715000
17		1358	1978.391305000
17		41	1978.450852000
17		1358	1978.460644000
17		41	1978.513510000
17		1358	1978.530501000
17		41	1978.574948000
17		1358	1978.583489000
17		1358	1978.636212000
17		41	1978.636893000
17		1358	1978.687025000
17		41	1978.698737000
17		1358	1978.739205000
17		41	1978.761420000
17		1358	1978.792231000
17		41	1978.823349000
17		1358	1978.844530000
17		41	1978.885362000
17		1358	1978.897194000
17		41	1978.947240000
17		1358	1978.948832000
17		46	1979.009312000
17		1358	1979.010897000
17		41	1979.071476000
17		688	1979.071501000
17		36	1979.072469000
17		1358	1979.073015000
17		75	1979.081124000
17		33	1979.081167000
17		41	1979.133008000
17		1358	1979.135357000
17		41	1979.194768000
17		1358	1979.196372000
17		41	1979.257585000
17		1358	1979.259197000
17		41	1979.319188000
17		1358	1979.320172000
17		1358	1979.363702000
17		41	1979.380789000
17		41	1979.380821000
17		1358	1979.405908000
17		44	1979.442957000
17		41	1979.442982000
17		41	1979.442988000
17		33	1979.469230000
17		1358	1979.477570000
17		41	1979.505211000
17		1358	1979.549503000
17		41	1979.566993000
17		1358	1979.603922000
17		41	1979.628886000
17		1358	1979.657861000
17		41	1979.691164000
17		1358	1979.711856000
17		41	1979.753595000
17		1358	1979.765655000
17		41	1979.815425000
17		1358	1979.820020000
17		41	1979.877671000
17		1358	1979.879287000
17		41	1979.939257000
17		1358	1979.940683000
17		41	1980.001511000
17		1358	1980.003018000
17		41	1980.062965000
17		1358	1980.064660000
17		41	1980.125271000
17		1358	1980.126862000
17		1358	1980.180581000
17		41	1980.187454000
6	0		1980.216226000
6	0		1980.216285000
17		634	1980.233960000
17		46	1980.248944000
6	0		1980.255495000
6	12		1980.255709000
17		33	1980.262199000
6	0		1980.294456000
6	12		1980.294496000
6	0		1980.294506000
6	1		1980.294668000
6	4		1980.294682000
6	32		1980.294688000
6	0		1980.294699000
17		41	1980.311016000
6	0		1980.333591000
6	0		1980.333625000
6	0		1980.333671000
6	0		1980.333684000
17		41	1980.373302000
17		41	1980.419429000
17		41	1980.464633000
17		1118	1980.511589000
17		39	1980.512297000
17		155	1980.512966000
17		1353	1980.513069000
17		1358	1980.513080000
17		1358	1980.513085000
17		1358	1980.513089000
17		1358	1980.513094000
17		1358	1980.567209000
17		47	1980.602701000
17		33	1980.616434000
17		1358	1980.620626000
17		41	1980.649417000
17		1358	1980.673307000
17		41	1980.695004000
17		1358	1980.727586000
17		41	1980.741507000
17		1358	1980.780489000
17		41	1980.786846000
17		41	1980.832698000
17		1358	1980.834295000
17		41	1980.878854000
17		1358	1980.885857000
17		41	1980.924667000
17		1358	1980.926167000
17		1358	1980.964900000
17		41	1980.971059000
17		1358	1981.004331000
17		41	1981.017146000
17		1358	1981.043559000
17		41	1981.063510000
17		1358	1981.083378000
17		41	1981.109176000
17		1358	1981.115031000
17		1358	1981.145948000
17		41	1981.154791000
17		1358	1981.177757000
17		41	1981.201486000
17		1358	1981.230521000
17		41	1981.247039000
17		1358	1981.283535000
17		41	1981.293463000
17		1358	1981.323532000
17		41	1981.338906000
17		1358	1981.362586000
17		41	1981.385046000
17		1358	1981.400986000
17		41	1981.430936000
17		1358	1981.439402000
17		1358	1981.477445000
17		41	1981.477643000
17		1358	1981.514976000
17		46	1981.523296000
17		33	1981.537318000
17		1358	1981.553013000
17		41	1981.569329000
17		1358	1981.591754000
17		41	1981.615364000
17		1358	1981.629546000
17		41	1981.661261000
17		1358	1981.667934000
17		41	1981.706891000
17		1358	1981.707911000
17		1358	1981.745116000
17		41	1981.753371000
17		1358	1981.784173000
17		41	1981.799259000
17		1358	1981.823632000
17		41	1981.845306000
17		1358	1981.853113000
17		1358	1981.884057000
17		41	1981.890996000
17		1358	1981.914758000
17		41	1981.937413000
17		1358	1981.966084000
17		41	1981.983110000
17		1358	1982.018228000
17		41	1982.029482000
17		1358	1982.057361000
17		41	1982.074776000
17		1358	1982.097310000
17		41	1982.121558000
17		1358	1982.136960000
17		41	1982.167576000
17		1358	1982.175615000
17		41	1982.213175000
17		1358	1982.214697000
17		41	1982.258770000
17		1358	1982.260306000
17		1358	1982.299120000
17		41	1982.304958000
17		1358	1982.338604000
17		41	1982.351290000
17		1358	1982.377564000
17		41	1982.396747000
17		1358	1982.416344000
17		46	1982.443025000
17		1358	1982.455553000
17		41	1982.489547000
17		1358	1982.494712000
17		41	1982.534892000
17		1358	1982.536449000
17		41	1982.581153000
17		1358	1982.582250000
17		41	1982.626708000
17		1358	1982.628256000
17		41	1982.672698000
17		1358	1982.680193000
17		41	1982.719439000
17		1358	1982.732095000
17		41	1982.765233000
17		1358	1982.771721000
17		41	1982.811451000
17		1358	1982.812580000
17		1358	1982.851880000
17		41	1982.856887000
17		1358	1982.890012000
17		41	1982.903080000
17		1358	1982.929017000
17		41	1982.949377000
17		1358	1982.968452000
17		41	1982.995206000
17		1358	1983.007517000
17		41	1983.040681000
17		1358	1983.046686000
17		41	1983.086645000
17		1358	1983.087640000
17		41	1983.132725000
17		1358	1983.133830000
17		41	1983.178691000
17		1358	1983.179778000
17		41	1983.224780000
17		1358	1983.227025000
17		41	1983.270879000
17		1358	1983.272527000
17		41	1983.317355000
17		1358	1983.318977000
17		1358	1983.351079000
17		46	1983.362867000
17		33	1983.377068000
17		1358	1983.380814000
17		41	1983.409075000
17		1358	1983.432282000
17		41	1983.455447000
17		1358	1983.484592000
17		41	1983.501444000
17		185	1983.523425000
17		41	1983.546659000
17		41	1983.593487000
17		41	1983.638678000
17		41	1983.684961000
17		41	1983.730961000
17		41	1983.777059000
17		1035	1983.822916000
17		39	1983.823587000
17		1358	1983.825324000
17		1358	1983.825349000
17		1358	1983.825354000
17		1358	1983.825358000
17		1358	1983.825363000
17		1358	1983.825367000
17		1358	1983.864583000
17		1358	1983.903114000
17		47	1983.915198000
17		33	1983.929749000
17		1358	1983.941596000
17		41	1983.961552000
17		1358	1983.980515000
17		41	1984.006730000
17		1358	1984.019345000
17		41	1984.052686000
17		1358	1984.054288000
17		41	1984.099461000
17		1358	1984.101065000
17		41	1984.145287000
17		1358	1984.153499000
17		41	1984.191220000
17		1358	1984.205710000
17		41	1984.236774000
17		1358	1984.245788000
17		41	1984.282860000
17		1358	1984.283979000
17		41	1984.329067000
17		1358	1984.330199000
17		41	1984.375055000
17		1358	1984.376554000
17		41	1984.420675000
17		1358	1984.422351000
17		41	1984.467116000
17		1358	1984.468540000
17		1358	1984.507794000
17		41	1984.513721000
17		41	1984.559027000
17		1358	1984.560535000
17		41	1984.605271000
17		1358	1984.607038000
17		41	1984.651714000
17		1358	1984.654107000
17		41	1984.697405000
17		1358	1984.699252000
17		41	1984.743237000
17		1358	1984.744808000
17		41	1984.789342000
17		1358	1984.790863000
17		46	1984.834912000
17		1358	1984.835772000
17		41	1984.880790000
17		1358	1984.890366000
17		41	1984.926648000
17		1358	1984.944907000
17		41	1984.973312000
17		1358	1984.985836000
17		41	1985.018970000
17		1358	1985.027794000
17		41	1985.065022000
17		1358	1985.065976000
17		1358	1985.107727000
17		41	1985.110790000
17		1358	1985.147167000
17		41	1985.156793000
17		1358	1985.188486000
17		41	1985.203225000
17		1358	1985.229530000
17		41	1985.248611000
17		1358	1985.271015000
17		41	1985.294745000
17		1358	1985.312629000
17		41	1985.341253000
17		1358	1985.353079000
17		41	1985.386818000
17		1358	1985.394527000
17		41	1985.433175000
17		1358	1985.435052000
17		41	1985.478755000
17		1358	1985.480727000
17		1358	1985.513325000
17		41	1985.525101000
17		1358	1985.546734000
17		41	1985.571420000
17		1358	1985.580265000
17		41	1985.616939000
17		1358	1985.635765000
17		41	1985.663373000
17		1059	1985.690538000
17		41	1985.709350000
17		46	1985.754909000
17		33	1985.769081000
17		41	1985.801060000
17		41	1985.847469000
17		41	1985.893297000
17		1117	1985.939337000
17		39	1985.940004000
17		155	1985.940622000
17		1353	1985.940725000
17		1358	1985.940734000
17		1358	1985.940739000
17		1358	1985.940743000
17		1358	1985.983158000
17		1358	1986.022697000
17		47	1986.030821000
17		33	1986.044594000
17		1358	1986.063789000
17		41	1986.077438000
17		1358	1986.105246000
17		41	1986.123102000
17		1358	1986.146196000
17		41	1986.169481000
17		1358	1986.187756000
17		41	1986.214780000
17		1358	1986.227827000
17		1358	1986.260196000
17		41	1986.260768000
17		1358	1986.293371000
17		41	1986.307331000
17		1358	1986.326563000
17		41	1986.353491000
17		1358	1986.380894000
17		41	1986.398641000
17		1358	1986.434351000
17		41	1986.445108000
17		1358	1986.475009000
17		41	1986.491476000
17		1358	1986.515431000
17		41	1986.537305000
17		1358	1986.555652000
17		41	1986.583486000
17		1358	1986.595509000
17		41	1986.628672000
17		1358	1986.635602000
17		41	1986.674716000
17		1358	1986.676189000
17		1358	1986.714986000
17		41	1986.721247000
17		1358	1986.754605000
17		41	1986.767173000
17		1358	1986.795252000
17		41	1986.812946000
17		1358	1986.835890000
17		41	1986.859519000
17		1358	1986.876366000
17		41	1986.905210000
17		1358	1986.917048000
17		46	1986.951604000
17		1358	1986.957238000
17		41	1986.997289000
17		1358	1986.998804000
17		41	1987.042762000
17		1358	1987.044287000
17		41	1987.088924000
17		1358	1987.097655000
17		41	1987.135424000
17		1358	1987.151309000
17		41	1987.180699000
17		1358	1987.192126000
17		41	1987.227009000
17		1358	1987.232773000
17		1358	1987.271314000
17		41	1987.273223000
17		1358	1987.310909000
17		41	1987.319530000
17		1358	1987.351153000
17		41	1987.365095000
17		1358	1987.391056000
17		41	1987.411222000
17		1358	1987.431556000
17		41	1987.457275000
17		1358	1987.471996000
17		41	1987.502736000
17		1358	1987.512289000
17		41	1987.549338000
17		1358	1987.550919000
17		41	1987.595555000
17		1358	1987.597193000
17		41	1987.641210000
17		1358	1987.642750000
17		41	1987.687403000
17		1358	1987.689313000
17		1358	1987.722235000
17		41	1987.732913000
17		1358	1987.753762000
17		41	1987.779424000
17		1358	1987.785905000
17		41	1987.825007000
6	0		1987.831897000
6	0		1987.831951000
17		1358	1987.839142000
17		46	1987.870945000
17		33	1987.884920000
17		1358	1987.892421000
17		41	1987.917195000
17		1358	1987.932200000
17		41	1987.963411000
17		1358	1987.972380000
17		41	1988.009389000
17		1358	1988.010910000
17		41	1988.055482000
17		1358	1988.057068000
6	0		1988.093220000
6	41		1988.098750000
17		41	1988.101023000
17		1358	1988.102571000
17		41	1988.147080000
17		1358	1988.148390000
17		41	1988.192743000
17		1358	1988.194248000
17		41	1988.239468000
17		1358	1988.241054000
17		1358	1988.280730000
17		41	1988.285498000
17		1358	1988.319819000
17		41	1988.330794000
6	0		1988.334703000
6	0		1988.334763000
6	0		1988.359763000
17		1358	1988.359877000
6	21		1988.365152000
6	0		1988.365188000
6	1080		1988.366148000
6	0		1988.374403000
6	12		1988.374657000
17		41	1988.376850000
17		1358	1988.400551000
6	0		1988.414203000
6	12		1988.414246000
6	0		1988.414256000
6	1		1988.414391000
6	4		1988.414405000
6	32		1988.414415000
6	0		1988.414427000
17		41	1988.422895000
17		1358	1988.440689000
6	0		1988.453943000
6	0		1988.453988000
6	0		1988.454084000
6	0		1988.454099000
17		41	1988.469014000
17		1358	1988.472787000
17		41	1988.514973000
17		1358	1988.516559000
17		41	1988.560934000
17		1358	1988.570557000
17		41	1988.606703000
17		1358	1988.624242000
6	440		1988.630191000
17		41	1988.653561000
17		1358	1988.664823000
6	0		1988.674214000
17		41	1988.699227000
17		1348	1988.705703000
17		41	1988.745326000
17		46	1988.790862000
17		33	1988.804843000
17		41	1988.837023000
17		41	1988.883150000
17		41	1988.929141000
6	48		1988.935182000
6	0		1988.935216000
6	280		1988.939344000
17		1118	1988.975021000
17		39	1988.975666000
17		156	1988.976429000
17		1353	1988.976483000
17		1358	1988.976488000
17		1358	1988.976492000
17		1358	1988.976495000
17		1358	1989.017057000
17		1358	1989.057093000
17		47	1989.066739000
17		33	1989.080621000
17		1358	1989.095606000
17		41	1989.113526000
17		1358	1989.135072000
17		41	1989.158797000
17		1358	1989.175196000
6	16		1989.204581000
17		41	1989.205231000
17		1358	1989.206739000
17		1358	1989.238191000
6	0		1989.246217000
17		41	1989.251304000
17		1358	1989.269647000
17		41	1989.297335000
17		1358	1989.323245000
17		41	1989.342704000
17		1358	1989.375961000
17		41	1989.389346000
17		1358	1989.415930000
17		41	1989.435159000
17		1358	1989.456094000
17		41	1989.481430000
17		1358	1989.496882000
6	52		1989.507731000
6	0		1989.507775000
6	52		1989.507934000
17		41	1989.527186000
17		1358	1989.537814000
17		41	1989.573108000
17		1358	1989.579038000
17		41	1989.618903000
17		1358	1989.620415000
17		41	1989.665200000
17		1358	1989.666700000
17		1358	1989.707604000
17		41	1989.710671000
17		1358	1989.746534000
17		41	1989.756976000
6	84		1989.770242000
17		1358	1989.787046000
17		41	1989.802678000
6	0		1989.814214000
17		1358	1989.827564000
17		41	1989.849224000
17		1358	1989.867016000
17		41	1989.894688000
17		1358	1989.907346000
17		41	1989.941097000
17		1358	1989.943427000
17		46	1989.987444000
17		1358	1989.988933000
17		41	1990.033543000
17		1358	1990.042976000
17		41	1990.079109000
17		1358	1990.097115000
17		41	1990.125124000
17		1358	1990.138004000
17		41	1990.171360000
17		1358	1990.178824000
17		41	1990.217025000
17		1358	1990.218575000
17		1358	1990.259008000
17		41	1990.263114000
17		1358	1990.297721000
17		41	1990.308947000
17		1358	1990.337931000
17		41	1990.354800000
17		1358	1990.378342000
17		41	1990.400965000
17		1358	1990.418500000
17		41	1990.447350000
17		1358	1990.458421000
17		41	1990.493005000
17		1358	1990.498886000
17		41	1990.539555000
17		1358	1990.541053000
17		41	1990.585125000
17		1358	1990.586655000
17		41	1990.631075000
17		41	1990.677148000
17		41	1990.723173000
17		1358	1990.724680000
17		1358	1990.765357000
17		41	1990.769130000
17		1358	1990.804355000
17		41	1990.815440000
17		1358	1990.844650000
17		41	1990.861338000
17		1358	1990.884994000
17		46	1990.906853000
17		33	1990.920480000
17		1358	1990.925430000
17		41	1990.953152000
17		1358	1990.965874000
17		41	1990.998650000
17		1358	1991.005594000
17		1358	1991.044832000
17		41	1991.045032000
17		1358	1991.083464000
17		41	1991.090906000
17		1358	1991.122774000
17		41	1991.136658000
17		1358	1991.162798000
17		41	1991.182947000
17		1358	1991.202618000
17		41	1991.229373000
17		1358	1991.241291000
17		41	1991.275227000
17		1358	1991.281052000
17		41	1991.320730000
17		1358	1991.320819000
17		1358	1991.359773000
17		41	1991.367015000
17		1358	1991.398925000
6	0		1991.402133000
6	0		1991.402182000
17		41	1991.412940000
6	68		1991.414962000
17		1358	1991.439582000
17		41	1991.459052000
17		1358	1991.478024000
17		41	1991.504760000
17		1358	1991.517066000
17		41	1991.551066000
17		1358	1991.556010000
17		1358	1991.595784000
17		41	1991.597111000
17		1358	1991.635471000
17		41	1991.642784000
17		1358	1991.674394000
6	52		1991.676283000
6	0		1991.676318000
6	0		1991.676337000
6	0		1991.677708000
17		41	1991.689541000
17		1358	1991.714152000
17		41	1991.734845000
17		1358	1991.753352000
17		41	1991.781249000
17		1358	1991.792338000
17		46	1991.827457000
17		1358	1991.831027000
17		1358	1991.870281000
17		41	1991.873568000
17		1358	1991.909485000
17		41	1991.919374000
6	0		1991.938673000
17		1358	1991.948638000
17		41	1991.965556000
17		1358	1991.988431000
17		41	1992.010687000
17		1358	1992.028474000
17		41	1992.057551000
17		1358	1992.059051000
17		1358	1992.090243000
17		41	1992.102614000
17		1358	1992.121845000
17		41	1992.149341000
17		1358	1992.153099000
17		1358	1992.184563000
17		41	1992.195166000
17		1358	1992.215917000
17		41	1992.241116000
17		1358	1992.268861000
17		41	1992.286992000
17		1358	1992.320210000
17		41	1992.332882000
17		1358	1992.372506000
17		41	1992.379283000
17		41	1992.424639000
17		1358	1992.424834000
17		1358	1992.464025000
17		41	1992.470790000
17		1358	1992.503679000
17		41	1992.517288000
17		1358	1992.542805000
17		41	1992.562907000
17		1358	1992.582217000
17		41	1992.609128000
17		1358	1992.621024000
17		41	1992.655300000
17		1358	1992.659665000
17		1358	1992.698900000
17		41	1992.701218000
17		1358	1992.738169000
17		46	1992.747213000
17		33	1992.761780000
17		1358	1992.776993000
17		41	1992.793290000
17		1358	1992.816150000
17		41	1992.839143000
17		1358	1992.855323000
17		41	1992.885263000
17		1358	1992.895638000
17		41	1992.931434000
17		1358	1992.933086000
17		1358	1992.974547000
17		41	1992.976693000
17		1358	1993.013460000
17		41	1993.022792000
17		1358	1993.052566000
17		41	1993.068728000
17		1358	1993.091380000
17		41	1993.115015000
17		1358	1993.130774000
17		41	1993.160972000
17		1358	1993.169448000
17		41	1993.207161000
17		1358	1993.208658000
17		1358	1993.247944000
17		41	1993.252650000
17		1358	1993.287323000
17		41	1993.299146000
17		1358	1993.326877000
17		41	1993.345553000
17		1358	1993.365176000
6	0		1993.378300000
6	0		1993.378359000
17		41	1993.391180000
17		1358	1993.404900000
17		41	1993.437511000
17		1358	1993.444300000
17		41	1993.483073000
17		1358	1993.483652000
17		1358	1993.522929000
17		41	1993.529567000
17		1358	1993.553421000
17		41	1993.575527000
17		1358	1993.585948000
17		1358	1993.616064000
17		41	1993.621588000
17		1358	1993.647993000
6	0		1993.662171000
17		46	1993.667255000
6	41		1993.667638000
17		1358	1993.679492000
17		41	1993.713214000
17		1358	1993.731438000
17		41	1993.758718000
17		1358	1993.784477000
17		41	1993.805580000
17		1358	1993.835822000
17		41	1993.850677000
17		1358	1993.888576000
17		41	1993.896987000
17		1358	1993.927938000
17		41	1993.943209000
6	0		1993.949983000
6	21		1993.950016000
6	0		1993.950026000
6	1080		1993.951043000
17		1358	1993.966350000
17		41	1993.989293000
17		1358	1994.005598000
17		41	1994.035569000
17		41	1994.035596000
17		34	1994.036454000
17		1358	1994.045001000
17		41	1994.081669000
17		1358	1994.083266000
17		1358	1994.124704000
17		41	1994.126912000
17		1358	1994.163062000
17		41	1994.172973000
17		501	1994.202342000
17		41	1994.219132000
6	0		1994.234100000
6	440		1994.234133000
17		41	1994.265276000
6	0		1994.274231000
17		41	1994.311393000
17		41	1994.356669000
17		41	1994.402708000
17		41	1994.448786000
17		41	1994.495635000
17		41	1994.541291000
6	48		1994.557070000
6	0		1994.557105000
6	280		1994.563584000
17		41	1994.587210000
17		1035	1994.632859000
17		44	1994.633510000
17		148	1994.634599000
17		1353	1994.634618000
17		1358	1994.634621000
17		1358	1994.634625000
17		1358	1994.634628000
17		1358	1994.634656000
17		1358	1994.634662000
17		1358	1994.634665000
17		1358	1994.634669000
17		1358	1994.634673000
17		1358	1994.674740000
17		1358	1994.713997000
17		47	1994.724980000
17		33	1994.739708000
17		41	1994.771518000
17		41	1994.817051000
6	0		1994.845939000
6	16		1994.858008000
17		41	1994.862885000
6	0		1994.898236000
17		41	1994.908932000
17		1358	1994.910489000
17		41	1994.955307000
17		1358	1994.956925000
17		41	1995.001248000
17		1358	1995.009570000
17		41	1995.047232000
17		1358	1995.048995000
17		41	1995.092786000
17		1358	1995.094809000
17		41	1995.139103000
17		1358	1995.140671000
6	52		1995.180776000
6	0		1995.180819000
6	52		1995.180960000
17		41	1995.184931000
17		1358	1995.186475000
17		41	1995.230997000
17		1358	1995.232618000
17		41	1995.277578000
17		1358	1995.279115000
17		41	1995.322760000
17		1358	1995.324654000
17		1358	1995.364779000
17		41	1995.369414000
17		1358	1995.404452000
17		41	1995.415068000
17		1358	1995.445134000
17		41	1995.461567000
6	84		1995.463267000
17		1358	1995.485396000
6	0		1995.506246000
17		41	1995.507483000
17		1358	1995.525493000
17		41	1995.553449000
17		1358	1995.565359000
17		41	1995.599552000
17		1358	1995.600972000
17		46	1995.644729000
17		1358	1995.646378000
17		41	1995.690690000
17		1358	1995.699823000
17		41	1995.737598000
17		1358	1995.752775000
17		41	1995.783091000
17		1358	1995.792616000
17		41	1995.828913000
17		1358	1995.834278000
17		41	1995.875095000
17		1358	1995.876436000
17		1358	1995.917210000
17		41	1995.921415000
17		1358	1995.956995000
17		41	1995.967375000
17		1358	1995.997908000
17		41	1996.013205000
17		1358	1996.039153000
17		41	1996.059015000
17		1358	1996.080142000
17		41	1996.105297000
17		1358	1996.120931000
17		41	1996.151218000
17		1358	1996.161325000
17		41	1996.197040000
17		1358	1996.201745000
17		41	1996.243435000
17		1358	1996.245008000
17		41	1996.289647000
17		1358	1996.291521000
17		41	1996.334772000
17		1358	1996.335761000
17		41	1996.380708000
17		1358	1996.382202000
17		41	1996.426929000
17		1358	1996.435826000
6	0		1996.455130000
6	0		1996.455196000
17		41	1996.473396000
17		1358	1996.487908000
6	0		1996.494901000
6	12		1996.495117000
17		41	1996.519083000
17		1358	1996.528548000
6	0		1996.534811000
6	12		1996.534852000
6	0		1996.534868000
6	1		1996.535068000
6	4		1996.535087000
6	32		1996.535095000
6	0		1996.535105000
17		46	1996.565381000
17		641	1996.566920000
6	0		1996.574876000
6	0		1996.574917000
6	0		1996.574922000
6	0		1996.574935000
6	0		1996.574950000
17		41	1996.610784000
17		41	1996.657061000
17		41	1996.703356000
17		41	1996.748802000
17		1035	1996.795073000
17		39	1996.795708000
17		152	1996.796296000
17		1353	1996.796314000
17		1358	1996.796319000
17		1358	1996.796324000
17		1358	1996.796329000
17		1358	1996.836461000
17		1358	1996.876677000
17		47	1996.887774000
17		33	1996.902020000
17		1358	1996.915560000
17		41	1996.932635000
17		1358	1996.955221000
17		41	1996.978683000
17		1358	1996.995595000
17		41	1997.025423000
17		1358	1997.035369000
17		41	1997.071128000
17		1358	1997.072695000
17		1358	1997.105537000
17		41	1997.116656000
17		1358	1997.137505000
17		41	1997.163579000
17		1358	1997.170532000
17		41	1997.209490000
17		1358	1997.224078000
17		41	1997.255159000
6	68		1997.265357000
17		1358	1997.277546000
17		41	1997.301212000
17		1358	1997.317297000
17		41	1997.346695000
17		1358	1997.357596000
17		41	1997.393348000
17		1358	1997.397329000
17		41	1997.438799000
17		1358	1997.440372000
17		41	1997.485521000
17		1358	1997.487007000
17		1358	1997.526832000
17		41	1997.531616000
6	52		1997.548024000
6	0		1997.548064000
6	0		1997.549098000
6	0		1997.549434000
17		1358	1997.566304000
17		41	1997.577076000
17		1358	1997.606242000
17		41	1997.623396000
17		1358	1997.646642000
17		41	1997.669422000
17		1358	1997.686567000
17		41	1997.714694000
17		1358	1997.726762000
17		41	1997.761061000
17		1358	1997.767134000
17		46	1997.807094000
17		1358	1997.808706000
6	0		1997.832868000
17		41	1997.853428000
17		1358	1997.854960000
17		41	1997.898953000
17		1358	1997.900559000
17		41	1997.945368000
17		1358	1997.954309000
6	0		1997.990902000
17		41	1997.990929000
6	0		1997.992149000
17		1358	1998.007912000
17		41	1998.036759000
17		1358	1998.048280000
17		41	1998.083111000
17		1358	1998.088868000
17		1358	1998.128887000
17		41	1998.129374000
17		1358	1998.167287000
17		41	1998.174876000
17		1358	1998.208057000
17		41	1998.221652000
17		1358	1998.248507000
17		41	1998.267052000
17		1358	1998.288381000
17		41	1998.312973000
17		1358	1998.328797000
17		41	1998.359445000
17		1358	1998.369410000
17		41	1998.405170000
17		1358	1998.409775000
17		41	1998.450759000
17		1358	1998.452324000
17		41	1998.497036000
17		1358	1998.498250000
17		41	1998.542644000
17		1358	1998.544215000
17		1358	1998.577304000
17		41	1998.589490000
17		1358	1998.608669000
17		41	1998.635509000
17		1358	1998.640772000
17		41	1998.681376000
17		1358	1998.694549000
17		46	1998.726856000
17		33	1998.740780000
17		1358	1998.747834000
17		41	1998.772840000
17		1358	1998.787900000
17		41	1998.818881000
17		1358	1998.828351000
17		41	1998.864948000
17		1358	1998.868882000
17		41	1998.911485000
17		1358	1998.913053000
17		41	1998.957043000
17		1358	1998.958567000
17		41	1999.003156000
17		1358	1999.004723000
17		41	1999.048751000
17		1358	1999.050246000
17		41	1999.094834000
17		1358	1999.096205000
17		1358	1999.136535000
17		41	1999.141454000
17		1358	1999.176259000
17		41	1999.186717000
17		1358	1999.216283000
17		41	1999.233505000
17		1358	1999.256145000
17		41	1999.279755000
17		1358	1999.296871000
17		41	1999.325603000
17		1358	1999.329282000
17		41	1999.371127000
17		1358	1999.372230000
17		41	1999.417373000
17		1358	1999.425644000
17		41	1999.463342000
17		1358	1999.478994000
17		41	1999.509199000
17		129	1999.518718000
17		41	1999.555339000
17		41	1999.601102000
17		46	1999.646936000
17		33	1999.661082000
17		41	1999.693120000
17		1118	1999.739062000
17		39	1999.739640000
17		1358	1999.741368000
17		1358	1999.741391000
17		1358	1999.741394000
17		1358	1999.741398000
17		1358	1999.741401000
17		1358	1999.781587000
17		1358	1999.821615000
17		47	1999.831264000
17		33	1999.845562000
17		1358	1999.860645000
17		41	1999.876929000
17		1358	1999.901609000
17		41	1999.922936000
17		1358	1999.942060000
17		41	1999.968787000
17		1358	1999.982473000
17		41	2000.015461000
17		1358	2000.022321000
17		41	2000.060857000
17		1358	2000.062407000
17		41	2000.107541000
17		1358	2000.109111000
17		41	2000.153631000
17		1358	2000.162428000
17		41	2000.199284000
17		1358	2000.216739000
17		41	2000.244785000
17		1358	2000.257278000
17		41	2000.290883000
17		1358	2000.297192000
17		41	2000.337418000
17		1358	2000.338990000
17		41	2000.383329000
17		1358	2000.384926000
17		1358	2000.425022000
17		41	2000.429180000
17		1358	2000.465212000
17		41	2000.475337000
17		1358	2000.505038000
17		41	2000.520850000
17		1358	2000.545145000
17		41	2000.566787000
17		1358	2000.585098000
17		41	2000.613343000
17		1358	2000.625282000
17		41	2000.658986000
17		1358	2000.665490000
17		41	2000.705508000
17		1358	2000.706214000
17		46	2000.750771000
17		1358	2000.752517000
17		41	2000.797753000
17		1358	2000.799110000
17		41	2000.843286000
17		1358	2000.844473000
6	0		2000.888632000
6	0		2000.888688000
17		41	2000.889366000
17		1358	2000.898066000
17		41	2000.934760000
17		1358	2000.951774000
17		41	2000.981473000
17		1358	2000.990918000
17		41	2001.026909000
17		1358	2001.030505000
17		1358	2001.070470000
17		41	2001.073258000
6	0		2001.075225000
6	41		2001.082118000
17		1358	2001.108792000
17		41	2001.118875000
17		1358	2001.149117000
17		41	2001.165201000
17		1358	2001.188960000
17		41	2001.211217000
17		1358	2001.229009000
17		41	2001.257353000
6	0		2001.268673000
17		1358	2001.269693000
6	21		2001.275266000
6	0		2001.275297000
6	1080		2001.276248000
17		41	2001.303522000
17		1358	2001.310004000
17		41	2001.348831000
17		1358	2001.350397000
17		41	2001.395138000
17		1358	2001.396124000
17		1358	2001.436503000
17		41	2001.440860000
6	440		2001.468845000
17		1358	2001.475923000
17		41	2001.486861000
6	0		2001.510217000
17		1358	2001.516176000
17		41	2001.533495000
17		1358	2001.549169000
17		41	2001.579333000
17		1358	2001.580562000
17		41	2001.625259000
17		1358	2001.633983000
17		46	2001.670991000
17		33	2001.684711000
17		1358	2001.687546000
6	48		2001.696746000
6	0		2001.696791000
6	280		2001.703369000
17		41	2001.716967000
17		1358	2001.727963000
17		41	2001.763291000
17		1358	2001.767638000
17		41	2001.809484000
17		1358	2001.811194000
17		41	2001.854818000
17		1358	2001.856698000
17		41	2001.901412000
17		1358	2001.902971000
6	16		2001.905785000
6	0		2001.946209000
17		41	2001.947053000
17		1358	2001.948578000
17		1358	2001.989426000
17		41	2001.993233000
17		1358	2002.028057000
17		41	2002.039765000
17		1358	2002.068181000
6	0		2002.085310000
17		41	2002.085343000
6	0		2002.086157000
17		1358	2002.107960000
17		41	2002.131497000
6	52		2002.132784000
6	0		2002.132813000
6	52		2002.132885000
17		1358	2002.148185000
17		41	2002.177184000
17		1358	2002.188497000
17		41	2002.223340000
17		1358	2002.228181000
17		41	2002.268868000
17		1358	2002.270597000
17		41	2002.315267000
17		1358	2002.317054000
6	100		2002.320913000
17		41	2002.360983000
6	0		2002.362198000
17		1358	2002.370367000
17		41	2002.407213000
17		1358	2002.423990000
17		41	2002.453546000
17		1358	2002.464268000
17		41	2002.499212000
17		1358	2002.504293000
17		1358	2002.544351000
17		41	2002.544889000
17		1358	2002.584491000
17		46	2002.591597000
17		33	2002.604932000
17		1358	2002.624778000
17		41	2002.637511000
17		1358	2002.665931000
17		41	2002.682854000
17		1358	2002.706549000
17		41	2002.728973000
17		1358	2002.746822000
17		41	2002.774978000
17		1358	2002.788354000
17		41	2002.820835000
17		1358	2002.828995000
17		41	2002.867406000
17		1358	2002.868905000
17		41	2002.913346000
17		1358	2002.914895000
17		41	2002.959057000
17		1358	2002.960821000
17		41	2003.005091000
17		1358	2003.006872000
17		41	2003.051095000
17		1358	2003.052917000
17		41	2003.097005000
17		1358	2003.106321000
17		41	2003.142906000
17		1358	2003.159712000
17		41	2003.189440000
17		1358	2003.198461000
17		41	2003.235219000
17		1358	2003.236764000
17		1358	2003.278322000
17		41	2003.281027000
17		1358	2003.318656000
17		41	2003.327318000
17		1358	2003.358816000
17		41	2003.372900000
17		1358	2003.398909000
17		41	2003.418973000
17		1358	2003.439176000
17		41	2003.465736000
17		1358	2003.479455000
17		46	2003.510983000
17		1358	2003.520460000
17		41	2003.556869000
17		1358	2003.561332000
17		1358	2003.601947000
17		41	2003.602671000
17		1358	2003.641751000
17		41	2003.648934000
17		1358	2003.683049000
17		41	2003.694738000
17		1358	2003.724104000
17		41	2003.741158000
17		1358	2003.756760000
17		41	2003.787204000
17		1353	2003.787230000
17		1358	2003.788725000
17		36	2003.789119000
17		273	2003.832692000
17		41	2003.832721000
17		1358	2003.842881000
17		115	2003.844700000
17		216	2003.844734000
17		41	2003.879185000
17		1358	2003.897259000
17		41	2003.925277000
17		1358	2003.937521000
17		41	2003.970711000
17		1358	2003.978511000
17		41	2004.017071000
17		1358	2004.018648000
17		41	2004.062940000
17		1358	2004.064528000
17		1358	2004.104534000
17		41	2004.109014000
17		41	2004.109037000
17		1358	2004.143664000
17		44	2004.155545000
17		41	2004.155568000
17		33	2004.181732000
17		41	2004.200761000
17		1358	2004.202410000
17		41	2004.246846000
17		1358	2004.248896000
17		1358	2004.289642000
17		41	2004.292869000
17		1358	2004.328704000
17		41	2004.338762000
17		1358	2004.368801000
17		41	2004.384902000
17		1358	2004.408423000
6	68		2004.417422000
17		41	2004.431115000
17		1358	2004.448829000
17		46	2004.476863000
17		1358	2004.489131000
17		41	2004.523136000
17		1358	2004.524643000
17		41	2004.569464000
17		1358	2004.571471000
6	0		2004.576385000
6	0		2004.576439000
6	52		2004.608112000
6	0		2004.608165000
6	0		2004.608194000
6	0		2004.609750000
17		41	2004.615071000
6	0		2004.616021000
6	12		2004.616194000
17		1358	2004.624658000
6	0		2004.655796000
6	12		2004.655827000
6	0		2004.655839000
6	1		2004.656087000
6	4		2004.656103000
6	32		2004.656112000
6	0		2004.656126000
17		41	2004.660878000
17		1358	2004.677747000
6	0		2004.695643000
6	0		2004.695675000
6	0		2004.695679000
6	0		2004.695829000
6	0		2004.695841000
17		41	2004.706815000
17		1358	2004.718570000
17		41	2004.753335000
17		1358	2004.759520000
6	0		2004.796249000
17		41	2004.799248000
17		1358	2004.801361000
17		1358	2004.841982000
17		41	2004.844842000
17		1358	2004.881776000
17		41	2004.890999000
17		1358	2004.922848000
17		41	2004.936950000
17		1358	2004.963020000
17		41	2004.982960000
17		1358	2005.003649000
17		41	2005.029052000
17		1358	2005.044503000
17		41	2005.075516000
17		588	2005.075540000
17		36	2005.076506000
17		77	2005.084737000
17		33	2005.084769000
17		1358	2005.084773000
17		41	2005.120685000
17		1358	2005.125844000
17		41	2005.166862000
17		1358	2005.168515000
17		41	2005.213116000
17		1358	2005.214709000
17		41	2005.259452000
17		1358	2005.260539000
17		41	2005.305115000
17		1358	2005.306724000
17		44	2005.351442000
17		41	2005.351468000
17		1358	2005.360875000
17		33	2005.377859000
17		41	2005.397107000
17		1358	2005.412210000
17		46	2005.443065000
17		1358	2005.452328000
17		41	2005.489586000
17		1358	2005.490707000
17		1358	2005.530629000
17		41	2005.535376000
17		1358	2005.571034000
17		41	2005.580830000
17		1358	2005.610781000
17		41	2005.627078000
17		1358	2005.651068000
17		41	2005.673160000
17		974	2005.691408000
17		41	2005.719164000
17		41	2005.765571000
17		41	2005.810768000
17		41	2005.856643000
17		41	2005.902856000
17		1034	2005.949579000
17		39	2005.950228000
17		1358	2005.950865000
17		1358	2005.950888000
17		1358	2005.950893000
17		1358	2005.950898000
17		1358	2005.950903000
17		1358	2005.983312000
17		1358	2006.015079000
17		47	2006.041011000
17		1358	2006.046915000
17		41	2006.087222000
17		1358	2006.101013000
17		41	2006.133062000
17		1358	2006.154422000
17		41	2006.179182000
17		1358	2006.194338000
17		41	2006.225669000
17		1358	2006.234499000
17		41	2006.270747000
17		1358	2006.275270000
17		41	2006.316716000
17		1358	2006.318378000
17		41	2006.364586000
17		1358	2006.366034000
17		41	2006.409552000
17		1358	2006.411231000
17		41	2006.455159000
17		1358	2006.456794000
17		41	2006.501335000
17		1358	2006.503338000
17		41	2006.547294000
17		1358	2006.548877000
17		1358	2006.588380000
17		41	2006.593362000
17		1358	2006.628647000
17		41	2006.639482000
17		1358	2006.668941000
17		41	2006.684752000
17		1358	2006.708900000
17		41	2006.730958000
17		1358	2006.741623000
17		41	2006.776898000
17		1358	2006.778218000
17		41	2006.822909000
17		1358	2006.832529000
17		41	2006.869261000
17		1358	2006.886416000
17		41	2006.914930000
17		1358	2006.927284000
17		46	2006.961549000
17		1358	2006.967610000
17		41	2007.007373000
17		1358	2007.008973000
17		41	2007.053104000
17		1358	2007.054692000
17		41	2007.099223000
17		1358	2007.100332000
17		1358	2007.140252000
17		41	2007.144695000
17		1358	2007.179593000
17		41	2007.191196000
17		1358	2007.220135000
17		41	2007.236838000
17		1358	2007.260477000
17		41	2007.283258000
17		1358	2007.300786000
17		41	2007.329457000
17		1358	2007.341072000
17		41	2007.374851000
17		1358	2007.381464000
17		41	2007.421413000
17		1358	2007.422940000
17		41	2007.466876000
17		1358	2007.468428000
17		41	2007.513065000
17		1358	2007.514264000
17		41	2007.558769000
17		1358	2007.567132000
17		41	2007.605347000
17		1358	2007.620574000
17		41	2007.651296000
17		1358	2007.660370000
17		41	2007.697051000
17		1358	2007.698579000
17		1358	2007.740156000
17		41	2007.743420000
17		1358	2007.778932000
17		41	2007.789636000
17		1358	2007.819480000
17		41	2007.835106000
17		1358	2007.859707000
17		46	2007.880840000
17		33	2007.895017000
17		1358	2007.901136000
17		41	2007.926904000
17		1358	2007.942247000
17		41	2007.972671000
17		1358	2007.982964000
17		41	2008.019438000
17		1358	2008.024221000
17		41	2008.065209000
17		1358	2008.066705000
17		41	2008.111438000
17		1358	2008.112929000
17		1358	2008.154101000
17		41	2008.156751000
17		1358	2008.194243000
17		41	2008.203098000
17		1358	2008.227347000
17		41	2008.249396000
17		1358	2008.260040000
17		41	2008.294761000
17		1358	2008.314147000
17		41	2008.341164000
17		171	2008.368893000
17		41	2008.387471000
17		41	2008.433034000
17		41	2008.479073000
17		41	2008.525387000
17		41	2008.571643000
17		1118	2008.617124000
17		39	2008.617776000
17		1358	2008.618579000
17		1358	2008.618598000
17		1358	2008.618602000
17		1358	2008.618605000
17		1358	2008.618608000
17		1358	2008.660208000
17		1358	2008.699553000
17		47	2008.709041000
17		33	2008.723091000
17		1358	2008.740169000
17		41	2008.754817000
17		1358	2008.781356000
17		41	2008.801599000
17		1358	2008.821644000
17		41	2008.847416000
17		1358	2008.863294000
17		41	2008.893608000
17		1358	2008.903858000
17		41	2008.939521000
17		1358	2008.940891000
17		41	2008.985107000
17		1358	2008.986720000
17		41	2009.031003000
17		1358	2009.040844000
17		41	2009.076884000
17		1358	2009.095551000
17		41	2009.123048000
17		1358	2009.135702000
17		41	2009.169036000
17		1358	2009.176777000
17		41	2009.215214000
17		1358	2009.216417000
17		41	2009.261161000
17		1358	2009.262801000
17		1358	2009.303601000
17		41	2009.306922000
17		1358	2009.344227000
17		41	2009.352972000
17		1358	2009.385648000
17		41	2009.399360000
17		1358	2009.427053000
17		41	2009.444825000
17		1358	2009.467535000
17		41	2009.491379000
17		1358	2009.508873000
17		41	2009.537556000
17		1358	2009.550455000
17		41	2009.583047000
17		1358	2009.591536000
17		46	2009.628621000
17		1358	2009.633509000
17		41	2009.674653000
17		1358	2009.676228000
17		41	2009.720646000
17		1358	2009.722302000
17		41	2009.767322000
17		1358	2009.776001000
17		41	2009.812609000
17		1358	2009.830660000
17		41	2009.859301000
17		41	2009.904922000
17		1358	2009.906505000
17		41	2009.951066000
17		1358	2009.952625000
17		41	2009.996918000
17		1358	2009.998554000
17		41	2010.042825000
17		1358	2010.044350000
17		41	2010.088974000
17		1358	2010.090538000
17		1358	2010.123425000
17		41	2010.135558000
17		1358	2010.155544000
17		41	2010.180947000
17		1358	2010.187282000
17		1358	2010.220022000
17		41	2010.227570000
17		1358	2010.252068000
17		41	2010.273658000
17		1358	2010.283623000
17		41	2010.319281000
17		1358	2010.337331000
17		41	2010.364786000
17		1358	2010.390774000
17		41	2010.411354000
17		1358	2010.444044000
17		41	2010.456949000
17		1358	2010.496084000
17		41	2010.503200000
17		1358	2010.548000000
17		46	2010.549228000
17		33	2010.563251000
17		1358	2010.587574000
17		41	2010.595203000
17		1358	2010.626250000
17		41	2010.641408000
17		1358	2010.665150000
17		41	2010.687440000
17		1358	2010.704548000
17		41	2010.733359000
17		1358	2010.744225000
17		41	2010.778788000
17		1358	2010.783291000
17		1358	2010.822757000
17		41	2010.825187000
17		1358	2010.861028000
17		41	2010.870981000
17		1358	2010.900466000
17		41	2010.917246000
17		1358	2010.939917000
17		41	2010.962684000
17		1358	2010.978408000
17		41	2011.009046000
17		1358	2011.017620000
17		41	2011.054896000
17		1358	2011.056593000
17		1358	2011.096134000
17		41	2011.100860000
17		1358	2011.135718000
17		41	2011.147243000
17		1358	2011.174155000
17		41	2011.192867000
17		1358	2011.214253000
17		41	2011.239288000
17		1358	2011.252394000
17		41	2011.285268000
17		1358	2011.290998000
17		1358	2011.330107000
17		41	2011.330592000
17		1358	2011.369179000
17		41	2011.377235000
17		1358	2011.408378000
17		41	2011.423452000
17		1358	2011.448184000
17		46	2011.469769000
17		33	2011.483762000
17		1358	2011.486562000
17		41	2011.515418000
17		1358	2011.525692000
17		41	2011.561379000
17		1358	2011.563373000
17		1358	2011.604720000
17		41	2011.606705000
17		1358	2011.643418000
17		41	2011.653020000
17		1358	2011.682482000
17		41	2011.699534000
17		1358	2011.721338000
17		41	2011.745517000
17		1358	2011.753093000
17		1358	2011.783696000
17		41	2011.791501000
17		1358	2011.816371000
17		41	2011.836888000
17		1358	2011.846935000
17		1358	2011.878505000
17		41	2011.883546000
17		1358	2011.909041000
17		41	2011.929446000
17		1358	2011.961069000
17		41	2011.975689000
17		1358	2012.013276000
17		41	2012.021248000
17		1358	2012.065234000
17		41	2012.066803000
17		41	2012.113271000
17		1358	2012.118148000
17		1358	2012.157569000
6	0		2012.157935000
6	0		2012.157980000
17		41	2012.159437000
17		1358	2012.195706000
17		41	2012.204864000
17		1358	2012.235918000
17		41	2012.250818000
17		1358	2012.274175000
17		41	2012.297102000
17		1358	2012.313169000
17		41	2012.343414000
17		1358	2012.352843000
17		46	2012.389194000
17		1358	2012.391566000
6	0		2012.406878000
6	41		2012.412659000
17		1358	2012.431002000
17		41	2012.435101000
17		1358	2012.470407000
17		41	2012.481136000
17		1358	2012.509001000
17		41	2012.527436000
17		1358	2012.548133000
17		41	2012.572653000
17		1358	2012.587425000
17		41	2012.619252000
17		1358	2012.627148000
6	0		2012.661628000
6	21		2012.662086000
6	0		2012.662112000
6	1080		2012.663047000
17		41	2012.665494000
17		1358	2012.666990000
6	0		2012.697013000
6	0		2012.697074000
17		1358	2012.704228000
17		41	2012.711280000
17		41	2012.711306000
17		35	2012.712779000
6	0		2012.736514000
6	12		2012.736755000
17		1358	2012.743262000
17		41	2012.757319000
6	0		2012.776083000
6	12		2012.776116000
6	0		2012.776128000
6	1		2012.776350000
6	4		2012.776373000
6	32		2012.776384000
6	0		2012.776397000
17		1358	2012.782839000
17		41	2012.803467000
6	0		2012.815717000
6	0		2012.815816000
6	0		2012.815821000
6	0		2012.815875000
6	0		2012.815887000
17		1358	2012.821518000
17		41	2012.849122000
17		1358	2012.860603000
17		41	2012.894709000
17		1358	2012.900096000
6	0		2012.911055000
6	440		2012.912521000
17		1358	2012.939139000
17		41	2012.940728000
6	0		2012.954212000
17		1358	2012.978089000
17		41	2012.987200000
17		1358	2013.016852000
17		41	2013.033564000
17		1358	2013.056574000
17		41	2013.079258000
17		1358	2013.095637000
17		41	2013.124841000
17		1358	2013.134658000
17		41	2013.170785000
17		1358	2013.174000000
6	48		2013.202640000
6	0		2013.202676000
6	280		2013.206527000
17		1358	2013.213477000
17		41	2013.216635000
17		1358	2013.252503000
17		41	2013.262628000
17		1358	2013.290883000
17		41	2013.309577000
17		1358	2013.322397000
17		1358	2013.354101000
17		41	2013.355032000
17		1358	2013.385960000
17		41	2013.401202000
17		1358	2013.417695000
17		41	2013.447244000
17		1358	2013.448696000
6	0		2013.453989000
6	16		2013.457692000
17		41	2013.492860000
6	0		2013.498215000
6	0		2013.501588000
6	0		2013.501634000
17		1358	2013.502222000
17		41	2013.538749000
17		1358	2013.554699000
17		41	2013.585307000
17		1358	2013.606920000
17		46	2013.630864000
17		33	2013.644397000
17		1358	2013.659151000
17		41	2013.676906000
17		1358	2013.698445000
17		41	2013.723148000
17		1358	2013.737410000
6	52		2013.746135000
6	0		2013.746168000
6	52		2013.746249000
17		41	2013.769522000
17		1358	2013.776553000
17		41	2013.814796000
17		1358	2013.816567000
17		1358	2013.855241000
17		41	2013.861518000
17		1358	2013.894241000
17		41	2013.907417000
17		1358	2013.934632000
17		41	2013.953318000
17		1358	2013.975076000
6	100		2013.994708000
17		41	2013.998948000
17		1358	2014.015239000
6	0		2014.038213000
17		41	2014.045037000
17		1358	2014.055457000
17		41	2014.091519000
17		1358	2014.093212000
17		1358	2014.134186000
17		41	2014.137258000
17		1358	2014.173096000
17		41	2014.183261000
17		1358	2014.213125000
17		41	2014.229225000
17		1340	2014.252903000
17		41	2014.275184000
17		41	2014.320641000
17		41	2014.367199000
17		41	2014.413148000
17		41	2014.459219000
17		41	2014.505283000
17		46	2014.550625000
17		33	2014.564484000
17		41	2014.596635000
17		41	2014.643407000
17		41	2014.688694000
17		1118	2014.735378000
17		39	2014.736023000
17		157	2014.736927000
17		1353	2014.736949000
17		1358	2014.736954000
17		1358	2014.736974000
17		1358	2014.736979000
17		1358	2014.736982000
17		1358	2014.736985000
17		1358	2014.736989000
17		1358	2014.736992000
17		1358	2014.736995000
17		1358	2014.776829000
17		1358	2014.816248000
17		47	2014.826811000
17		33	2014.840202000
17		41	2014.873797000
17		41	2014.919430000
17		41	2014.965482000
17		41	2015.010711000
17		1358	2015.011975000
17		41	2015.057012000
17		1358	2015.058316000
17		41	2015.103252000
17		1358	2015.105137000
17		41	2015.148661000
17		1358	2015.149567000
17		41	2015.195452000
17		1358	2015.197043000
17		41	2015.241119000
17		1358	2015.242258000
17		41	2015.287161000
17		1358	2015.288667000
17		41	2015.332700000
17		1358	2015.334469000
17		41	2015.378655000
17		1358	2015.380185000
17		41	2015.424655000
17		1358	2015.426268000
17		1358	2015.467364000
17		41	2015.471352000
17		1358	2015.509087000
17		41	2015.517714000
17		1358	2015.551132000
17		41	2015.563352000
17		1358	2015.592878000
17		41	2015.609456000
17		1358	2015.626161000
17		41	2015.655108000
17		1358	2015.660172000
17		41	2015.701380000
17		1358	2015.715960000
17		46	2015.747622000
17		33	2015.761027000
17		1358	2015.772002000
17		41	2015.793283000
17		1358	2015.813471000
17		41	2015.839311000
17		1358	2015.854975000
17		41	2015.884653000
17		1358	2015.896325000
17		41	2015.931104000
6	68		2015.937400000
17		1358	2015.938778000
17		41	2015.977494000
17		1358	2015.979041000
17		1358	2016.021646000
17		41	2016.023244000
17		1358	2016.062051000
17		41	2016.068878000
17		1358	2016.104037000
17		41	2016.115254000
17		1358	2016.145992000
17		41	2016.161512000
6	52		2016.185923000
6	0		2016.185964000
6	0		2016.186389000
6	0		2016.187609000
17		1358	2016.187872000
17		41	2016.207612000
17		1358	2016.230494000
17		41	2016.253250000
17		1358	2016.272676000
17		41	2016.298852000
17		1358	2016.314503000
17		41	2016.344850000
17		1358	2016.346526000
17		41	2016.390754000
17		1358	2016.392348000
6	0		2016.435965000
17		41	2016.436723000
17		1358	2016.448634000
17		41	2016.483488000
17		1358	2016.503832000
17		41	2016.528668000
17		1358	2016.545775000
17		41	2016.575345000
17		1358	2016.586666000
17		41	2016.621067000
17		1358	2016.626974000
17		46	2016.666713000
17		1358	2016.668385000
17		1358	2016.708804000
17		41	2016.713244000
17		1358	2016.749218000
17		41	2016.758875000
17		1358	2016.791574000
17		41	2016.805278000
17		1358	2016.833373000
17		41	2016.850774000
17		1358	2016.875109000
17		41	2016.897217000
17		1358	2016.916629000
17		41	2016.943265000
17		1358	2016.958293000
17		41	2016.988892000
17		1358	2016.999918000
17		41	2017.034631000
17		1358	2017.042265000
17		1358	2017.075684000
17		41	2017.080648000
17		1358	2017.108581000
17		41	2017.126829000
17		1358	2017.141440000
17		41	2017.172783000
17		1358	2017.197072000
17		41	2017.219534000
17		1358	2017.252179000
17		41	2017.265256000
17		1358	2017.293513000
17		41	2017.311271000
17		1358	2017.336084000
17		41	2017.357507000
17		1358	2017.377143000
17		41	2017.403282000
17		1358	2017.418933000
17		41	2017.449169000
17		1358	2017.460500000
17		41	2017.495203000
17		1358	2017.502601000
17		41	2017.540889000
17		1358	2017.542556000
17		1358	2017.585043000
17		46	2017.587206000
17		33	2017.600802000
17		1358	2017.625488000
17		41	2017.632972000
17		1358	2017.667318000
17		41	2017.679547000
17		1358	2017.709454000
17		41	2017.725404000
17		1358	2017.751800000
17		41	2017.771501000
17		1358	2017.793039000
17		41	2017.816948000
17		1358	2017.826416000
17		41	2017.863012000
17		1358	2017.864634000
17		41	2017.909443000
17		1358	2017.920365000
17		41	2017.955300000
17		1358	2017.975789000
17		41	2018.001553000
17		1358	2018.016998000
17		41	2018.047157000
17		1358	2018.059306000
17		41	2018.092898000
17		1358	2018.100309000
17		41	2018.139484000
17		1358	2018.141027000
17		1358	2018.181491000
17		41	2018.185518000
17		1358	2018.222267000
17		41	2018.230920000
6	0		2018.230949000
6	0		2018.230965000
6	0		2018.232250000
6	0		2018.232334000
17		1358	2018.262542000
17		41	2018.277512000
17		1358	2018.303175000
17		41	2018.322839000
17		1358	2018.344363000
17		41	2018.369389000
17		1358	2018.385377000
17		41	2018.415562000
17		1358	2018.425791000
17		41	2018.461172000
17		1358	2018.467153000
6	0		2018.507439000
6	0		2018.507465000
6	384		2018.507473000
17		46	2018.507483000
6	0		2018.507969000
17		1358	2018.509107000
6	2840		2018.513009000
6	2840		2018.513045000
6	2840		2018.513052000
6	1420		2018.513092000
6	714		2018.513105000
17		41	2018.553490000
17		1358	2018.554996000
17		41	2018.599165000
17		1358	2018.600795000
17		41	2018.645594000
6	0		2018.645623000
6	0		2018.645629000
6	0		2018.646115000
6	0		2018.646400000
17		1358	2018.655204000
17		41	2018.690929000
17		1358	2018.709349000
17		41	2018.737328000
17		1358	2018.749893000
17		41	2018.783219000
17		1358	2018.789160000
6	0		2018.829409000
17		1358	2018.829698000
6	0		2018.875007000
6	0		2018.921198000
6	0		2018.967438000
6	0		2019.012630000
6	0		2019.058943000
17		685	2019.058987000
17		36	2019.060740000
17		75	2019.068808000
17		33	2019.068913000
6	0		2019.104790000
6	0		2019.151712000
17		41	2019.197442000
17		1358	2019.199033000
17		1358	2019.239757000
17		41	2019.243524000
17		1358	2019.279554000
17		41	2019.289579000
17		1358	2019.319854000
17		41	2019.334719000
17		1358	2019.361517000
17		41	2019.380927000
17		1358	2019.401747000
17		44	2019.426671000
17		1358	2019.426714000
17		1358	2019.435571000
17		630	2019.435613000
17		33	2019.452503000
17		84	2019.473455000
17		41	2019.473482000
17		41	2019.473491000
17		41	2019.473497000
17		1358	2019.475201000
17		34	2019.499489000
17		1358	2019.517061000
17		41	2019.518933000
17		1358	2019.556212000
17		41	2019.565472000
17		1358	2019.596396000
17		41	2019.611406000
17		1358	2019.629042000
17		41	2019.657522000
17		1358	2019.662015000
17		41	2019.703501000
17		1358	2019.716046000
17		86	2019.749377000
17		41	2019.749400000
17		1302	2019.749407000
17		101	2019.750030000
17		33	2019.750225000
17		33	2019.750235000
17		516	2019.759893000
17		203	2019.759935000
17		48	2019.759939000
17		41	2019.795344000
17		1358	2019.797566000
17		46	2019.841574000
17		1358	2019.843340000
17		41	2019.887136000
17		1358	2019.888731000
17		41	2019.933630000
17		1358	2019.935670000
17		41	2019.979487000
17		1358	2019.980774000
17		41	2020.025071000
17		1358	2020.026392000
17		42	2020.071054000
17		43	2020.071084000
17		41	2020.071091000
17		41	2020.071096000
17		1358	2020.071757000
17		33	2020.096679000
17		41	2020.117098000
17		1358	2020.118844000
17		41	2020.162877000
17		1358	2020.164439000
17		41	2020.208904000
17		1358	2020.209862000
17		41	2020.254686000
17		1358	2020.255264000
17		41	2020.301303000
17		1358	2020.302922000
17		41	2020.347102000
17		1358	2020.348679000
17		41	2020.393598000
17		1358	2020.394223000
17		41	2020.439350000
17		1358	2020.440875000
17		41	2020.484811000
17		1358	2020.495576000
17		41	2020.531400000
17		1358	2020.550068000
17		41	2020.577023000
17		1358	2020.590840000
17		41	2020.623587000
17		1358	2020.630869000
17		41	2020.669204000
17		1358	2020.670635000
17		1358	2020.711135000
17		41	2020.715472000
17		1358	2020.751255000
17		46	2020.761653000
17		33	2020.775768000
17		1358	2020.792403000
17		41	2020.807531000
6	0		2020.816760000
6	0		2020.816814000
17		1358	2020.833356000
17		41	2020.853130000
6	0		2020.856199000
6	12		2020.856457000
17		1358	2020.874600000
6	0		2020.895839000
6	12		2020.895897000
6	0		2020.895906000
6	1		2020.896096000
6	4		2020.896116000
6	32		2020.896124000
6	0		2020.896136000
17		41	2020.898778000
17		1358	2020.915100000
6	0		2020.935456000
6	0		2020.935494000
6	0		2020.935498000
6	0		2020.935562000
6	0		2020.935574000
17		41	2020.944863000
17		1358	2020.955191000
17		41	2020.990740000
17		1358	2020.995665000
17		41	2021.037622000
17		1358	2021.039164000
17		41	2021.083022000
17		1358	2021.084615000
17		41	2021.128801000
17		1358	2021.130299000
17		41	2021.174699000
17		1358	2021.176252000
17		41	2021.221558000
17		1358	2021.231131000
17		41	2021.267507000
17		1358	2021.283537000
17		41	2021.313318000
17		1358	2021.323988000
17		41	2021.359546000
17		1358	2021.364000000
17		1358	2021.404168000
17		41	2021.405217000
17		1358	2021.442824000
17		41	2021.451606000
17		1358	2021.482755000
17		41	2021.497063000
17		1358	2021.523336000
17		41	2021.542906000
17		1358	2021.564353000
17		41	2021.589538000
17		1358	2021.605157000
17		41	2021.635543000
17		1358	2021.646122000
17		46	2021.681521000
17		1358	2021.687232000
17		41	2021.727342000
17		1358	2021.728486000
17		1358	2021.768820000
17		41	2021.773482000
17		1358	2021.808985000
17		41	2021.819209000
17		1358	2021.850213000
17		41	2021.865548000
17		1358	2021.883139000
17		41	2021.910879000
17		1358	2021.916539000
17		41	2021.957418000
17		1358	2021.970944000
17		41	2022.002834000
17		1358	2022.025262000
17		41	2022.049205000
17		1358	2022.066726000
17		41	2022.094974000
17		1358	2022.107973000
17		41	2022.140834000
17		1358	2022.149023000
17		41	2022.187300000
17		1358	2022.188886000
17		1358	2022.230143000
17		41	2022.233285000
17		1358	2022.269340000
17		41	2022.279332000
17		1358	2022.309531000
17		41	2022.325477000
17		1358	2022.349930000
17		41	2022.371201000
17		1358	2022.389977000
17		41	2022.417609000
17		1358	2022.429881000
17		41	2022.463143000
17		1358	2022.470653000
17		41	2022.509324000
17		1358	2022.510156000
17		41	2022.554930000
17		792	2022.556554000
17		46	2022.600786000
17		33	2022.614652000
17		41	2022.646612000
17		41	2022.693543000
17		41	2022.739092000
17		41	2022.785112000
17		1034	2022.830874000
17		39	2022.831525000
17		1358	2022.832387000
17		1358	2022.832397000
17		1358	2022.832400000
17		1358	2022.832403000
17		1358	2022.832406000
17		1358	2022.873520000
17		1358	2022.912537000
17		47	2022.923206000
17		33	2022.937314000
17		1358	2022.952481000
17		41	2022.968967000
17		1358	2022.993292000
17		41	2023.014867000
17		1358	2023.033720000
17		41	2023.061554000
17		1358	2023.074557000
17		41	2023.107437000
17		1358	2023.115286000
17		41	2023.152935000
17		1358	2023.154443000
17		41	2023.198658000
17		1358	2023.201374000
17		41	2023.244660000
17		1358	2023.246246000
17		41	2023.291531000
17		1358	2023.293134000
17		41	2023.337421000
17		1358	2023.339218000
17		41	2023.383223000
17		1358	2023.384390000
17		41	2023.429417000
17		1358	2023.438244000
17		41	2023.475522000
17		1358	2023.491520000
17		41	2023.521461000
17		1358	2023.531826000
17		41	2023.566685000
17		1358	2023.571602000
17		1358	2023.610991000
17		41	2023.613563000
17		1358	2023.650024000
17		41	2023.659261000
17		1358	2023.690257000
17		41	2023.705312000
17		1358	2023.730646000
17		41	2023.751547000
17		1358	2023.771241000
17		41	2023.797054000
17		1358	2023.811718000
17		46	2023.843558000
17		1358	2023.852282000
17		41	2023.889044000
17		1358	2023.891318000
17		41	2023.935514000
17		1358	2023.937120000
17		41	2023.980654000
17		1358	2023.982253000
6	0		2023.983210000
6	0		2023.983237000
17		1358	2024.023714000
17		41	2024.027211000
17		1358	2024.062596000
17		41	2024.072867000
17		1358	2024.095061000
17		41	2024.118990000
17		1358	2024.127587000
17		41	2024.165216000
17		1358	2024.181552000
17		41	2024.210716000
17		1358	2024.235220000
17		41	2024.256848000
17		1358	2024.276205000
17		41	2024.303454000
17		1358	2024.316508000
17		41	2024.349330000
17		1358	2024.356571000
17		41	2024.394653000
17		1358	2024.396613000
17		41	2024.441395000
17		1358	2024.442948000
17		41	2024.486827000
17		1358	2024.488509000
17		1358	2024.529383000
17		41	2024.532992000
17		1358	2024.568068000
17		41	2024.579598000
17		1358	2024.608373000
17		41	2024.625264000
17		1358	2024.648170000
17		41	2024.670768000
17		1358	2024.688956000
17		41	2024.717498000
17		1358	2024.729364000
17		46	2024.763534000
17		1319	2024.769892000
17		41	2024.808672000
17		41	2024.855352000
17		41	2024.901475000
17		41	2024.947591000
17		41	2024.994003000
17		1035	2025.039441000
17		39	2025.040140000
17		153	2025.041214000
17		1353	2025.041246000
17		1358	2025.041251000
17		1358	2025.041256000
17		1358	2025.082181000
17		1358	2025.122047000
17		47	2025.131412000
17		33	2025.145683000
17		1358	2025.162527000
17		41	2025.177477000
17		1358	2025.203581000
17		41	2025.222786000
17		1358	2025.243615000
17		41	2025.268768000
17		1358	2025.283416000
17		41	2025.315099000
17		1358	2025.323064000
17		1358	2025.355340000
17		41	2025.361146000
17		1358	2025.387671000
17		41	2025.407568000
17		1358	2025.417436000
17		41	2025.452956000
17		1358	2025.469217000
17		41	2025.498776000
17		1358	2025.519660000
17		41	2025.545465000
17		1358	2025.558403000
17		41	2025.590757000
17		1358	2025.596539000
17		1358	2025.635221000
17		41	2025.636737000
17		1358	2025.672722000
17		41	2025.683439000
17		1358	2025.712352000
17		41	2025.728911000
17		1358	2025.750794000
17		41	2025.775523000
17		1358	2025.789892000
17		41	2025.821069000
17		1358	2025.828746000
17		1358	2025.866376000
17		41	2025.867446000
17		1358	2025.905549000
17		41	2025.913407000
17		1358	2025.944947000
17		41	2025.958768000
17		1358	2025.984655000
17		41	2026.005500000
17		1358	2026.024189000
17		46	2026.051047000
17		1358	2026.063446000
17		41	2026.097358000
17		1358	2026.098942000
17		41	2026.143571000
17		1358	2026.145248000
17		41	2026.189510000
17		1358	2026.197329000
17		41	2026.235472000
17		1358	2026.249975000
17		41	2026.281743000
17		1358	2026.289437000
17		41	2026.327227000
17		1358	2026.328776000
17		1358	2026.367377000
17		41	2026.373267000
17		1358	2026.405071000
17		41	2026.418867000
17		1358	2026.444329000
17		41	2026.465335000
17		1358	2026.484153000
17		41	2026.511370000
17		1358	2026.523408000
17		41	2026.557521000
17		1358	2026.563537000
17		41	2026.602676000
17		1358	2026.603855000
17		41	2026.648940000
17		1358	2026.650218000
17		41	2026.695001000
17		1358	2026.696631000
17		41	2026.741420000
17		1358	2026.743174000
17		41	2026.786807000
17		1358	2026.788347000
17		1358	2026.820039000
17		41	2026.833337000
17		1358	2026.851312000
17		41	2026.879470000
17		1358	2026.881378000
17		41	2026.925353000
17		1358	2026.932776000
17		46	2026.971585000
17		33	2026.984972000
17		1358	2026.985009000
17		41	2027.017183000
17		1358	2027.024250000
17		41	2027.063193000
17		1358	2027.064295000
17		41	2027.109524000
17		1358	2027.111041000
17		41	2027.155308000
17		1358	2027.156869000
17		41	2027.201590000
17		1358	2027.203148000
17		41	2027.247306000
17		1358	2027.248856000
17		41	2027.293654000
17		1358	2027.295238000
17		41	2027.339433000
17		1358	2027.341098000
17		1358	2027.379940000
17		41	2027.385424000
17		1358	2027.419035000
17		41	2027.431284000
17		1358	2027.458470000
17		41	2027.477260000
17		1358	2027.497960000
17		41	2027.523623000
17		1358	2027.536702000
17		41	2027.569279000
17		1358	2027.570369000
17		41	2027.615528000
17		1358	2027.617263000
17		41	2027.661501000
17		1358	2027.669756000
17		41	2027.707493000
17		1358	2027.721665000
17		41	2027.753162000
17		1358	2027.760373000
17		41	2027.798927000
17		1358	2027.800436000
17		41	2027.845503000
17		1358	2027.847111000
17		1358	2027.886404000
17		46	2027.891526000
17		33	2027.905267000
17		1358	2027.925109000
17		41	2027.936710000
17		1358	2027.964963000
17		41	2027.983207000
17		1358	2028.004325000
17		41	2028.029186000
17		1358	2028.043178000
17		41	2028.075506000
17		858	2028.082413000
17		41	2028.120816000
17		41	2028.166648000
17		41	2028.212649000
17		41	2028.258826000
17		41	2028.305083000
17		1118	2028.351172000
17		39	2028.351861000
17		157	2028.352513000
17		1353	2028.352524000
17		1358	2028.352527000
17		1358	2028.352530000
17		1358	2028.352534000
17		1358	2028.385647000
17		1358	2028.417191000
17		47	2028.443471000
17		1358	2028.448210000
17		41	2028.489374000
17		1358	2028.500492000
17		41	2028.535307000
17		1358	2028.554114000
17		41	2028.580811000
17		1358	2028.592955000
17		41	2028.626825000
17		1358	2028.631864000
17		1358	2028.672538000
17		41	2028.673132000
17		1358	2028.711465000
17		41	2028.718788000
17		1358	2028.751786000
17		41	2028.764803000
17		1358	2028.792466000
17		41	2028.811016000
17		1358	2028.832580000
17		41	2028.856739000
17		1358	2028.872992000
17		41	2028.902706000
17		1358	2028.913502000
6	0		2028.936900000
6	0		2028.936954000
17		41	2028.949224000
17		1358	2028.954103000
6	0		2028.976048000
6	12		2028.976420000
17		41	2028.995489000
17		1358	2028.997228000
6	0		2029.015467000
6	12		2029.015536000
6	0		2029.015546000
6	1		2029.015726000
6	4		2029.015751000
6	32		2029.015761000
6	0		2029.015770000
17		41	2029.041133000
17		1358	2029.042683000
6	0		2029.054911000
6	0		2029.054954000
6	0		2029.054959000
6	0		2029.055235000
6	0		2029.055276000
17		1358	2029.083283000
17		41	2029.087458000
17		1358	2029.122259000
17		41	2029.132959000
17		1358	2029.155011000
17		41	2029.179368000
17		1358	2029.187474000
17		41	2029.225177000
17		1358	2029.241234000
17		41	2029.270690000
17		1358	2029.295086000
17		41	2029.317523000
17		1358	2029.335174000
17		46	2029.363750000
17		1358	2029.375170000
17		41	2029.409344000
17		1358	2029.415324000
17		41	2029.455599000
17		1358	2029.457461000
17		41	2029.501503000
17		1358	2029.503213000
17		41	2029.547724000
17		1358	2029.549237000
17		1358	2029.589214000
17		41	2029.593385000
17		1358	2029.628407000
17		41	2029.639512000
17		1358	2029.669957000
17		41	2029.684710000
17		1358	2029.710807000
17		41	2029.731398000
17		1358	2029.751899000
17		41	2029.776962000
17		1358	2029.792653000
17		41	2029.822968000
17		1358	2029.833233000
17		41	2029.869016000
17		1358	2029.870529000
17		41	2029.915364000
17		1358	2029.917223000
17		41	2029.960732000
17		1358	2029.971617000
17		41	2030.007472000
17		1358	2030.025284000
17		41	2030.053203000
17		1358	2030.065957000
17		41	2030.098762000
17		1358	2030.106709000
17		41	2030.145392000
17		1358	2030.146936000
17		1358	2030.185705000
17		41	2030.191245000
17		1358	2030.225710000
17		41	2030.237143000
17		1358	2030.266393000
17		46	2030.283375000
17		33	2030.297840000
17		1358	2030.307511000
17		41	2030.329262000
17		1358	2030.347890000
17		41	2030.375182000
17		1358	2030.387863000
17		41	2030.421523000
17		1358	2030.427870000
17		41	2030.466986000
17		1358	2030.468652000
17		41	2030.512938000
17		1358	2030.514584000
17		41	2030.558853000
17		1358	2030.560796000
17		41	2030.604935000
17		1358	2030.605950000
17		1358	2030.639518000
17		41	2030.651166000
17		1358	2030.670691000
17		41	2030.696743000
17		1358	2030.724877000
17		41	2030.742743000
17		1358	2030.779262000
17		41	2030.789259000
17		1358	2030.819315000
17		41	2030.835467000
17		1358	2030.860370000
17		41	2030.881263000
17		1358	2030.900604000
17		41	2030.927529000
17		1358	2030.940886000
17		41	2030.972772000
17		1358	2030.981635000
17		41	2031.019284000
17		1358	2031.020609000
17		41	2031.065205000
17		1358	2031.066953000
17		41	2031.110954000
17		1358	2031.112855000
17		41	2031.157072000
17		1358	2031.158765000
17		1358	2031.198977000
17		46	2031.203038000
17		33	2031.216450000
17		1358	2031.239118000
17		41	2031.249075000
17		1358	2031.279964000
17		41	2031.295600000
17		1358	2031.320873000
17		41	2031.341528000
17		1358	2031.353436000
17		41	2031.387554000
17		1358	2031.389121000
17		41	2031.432681000
17		1358	2031.443428000
6	0		2031.461813000
6	0		2031.461860000
17		41	2031.479309000
17		1358	2031.497550000
6	0		2031.505882000
17		41	2031.524854000
17		1358	2031.538262000
17		41	2031.571104000
17		1358	2031.579552000
17		41	2031.617093000
17		1358	2031.620683000
17		41	2031.662817000
17		1358	2031.664167000
17		1358	2031.703927000
17		41	2031.708735000
17		1358	2031.744630000
17		41	2031.755102000
17		1358	2031.785122000
17		41	2031.800986000
17		1358	2031.825122000
17		41	2031.847399000
17		1358	2031.866030000
17		41	2031.892728000
17		1358	2031.906795000
17		41	2031.939442000
17		1358	2031.947839000
17		41	2031.985049000
17		1358	2031.988434000
17		41	2032.031031000
17		1358	2032.032036000
17		41	2032.076918000
17		1358	2032.077790000
17		46	2032.123456000
17		1358	2032.124910000
17		41	2032.169324000
17		1358	2032.178704000
17		41	2032.215492000
17		1358	2032.232272000
17		41	2032.260786000
17		1358	2032.272820000
17		41	2032.307287000
17		1358	2032.311613000
17		1358	2032.351924000
17		41	2032.353168000
17		1358	2032.391524000
17		41	2032.399425000
17		1358	2032.432473000
17		41	2032.445173000
17		1358	2032.473767000
17		41	2032.490973000
17		1358	2032.514785000
17		41	2032.537057000
17		1358	2032.554908000
17		41	2032.582898000
17		1358	2032.595290000
17		41	2032.629208000
17		1358	2032.634963000
17		41	2032.674998000
17		1358	2032.676555000
17		41	2032.721367000
17		1358	2032.722648000
17		1358	2032.763460000
17		41	2032.766689000
17		1358	2032.802148000
17		41	2032.812652000
17		1358	2032.835005000
17		41	2032.859303000
17		1358	2032.867311000
17		41	2032.905413000
17		1358	2032.920786000
17		41	2032.951450000
17		1358	2032.975116000
17		41	2032.997069000
17		1358	2033.015440000
17		46	2033.043483000
17		1358	2033.056329000
17		41	2033.088837000
17		1358	2033.096337000
17		41	2033.135608000
17		1358	2033.136536000
17		41	2033.180767000
17		1358	2033.182578000
17		41	2033.226828000
17		1358	2033.228376000
17		1358	2033.268918000
17		41	2033.273289000
17		1358	2033.307948000
17		41	2033.319253000
17		1358	2033.348583000
17		41	2033.365245000
17		1358	2033.388973000
17		41	2033.410908000
17		1358	2033.429287000
17		41	2033.457064000
17		1358	2033.469599000
17		41	2033.503516000
17		1358	2033.509399000
17		41	2033.548850000
17		1358	2033.551051000
17		41	2033.594682000
17		1358	2033.596251000
17		41	2033.640709000
17		1358	2033.649267000
17		41	2033.686887000
17		1358	2033.703166000
17		41	2033.733535000
17		1358	2033.743727000
17		41	2033.779557000
17		1358	2033.783357000
17		1358	2033.823731000
17		41	2033.825035000
17		1358	2033.863095000
17		41	2033.870987000
17		1358	2033.903571000
17		41	2033.917301000
17		1358	2033.944223000
17		46	2033.962914000
17		33	2033.976700000
17		1358	2033.984760000
17		41	2034.009521000
17		1358	2034.025220000
17		41	2034.055210000
17		1358	2034.065422000
17		41	2034.101492000
17		1358	2034.106242000
17		41	2034.147106000
17		1358	2034.148130000
17		41	2034.192811000
17		1358	2034.194132000
17		41	2034.239316000
17		1358	2034.240925000
17		41	2034.285698000
17		1358	2034.287000000
17		1358	2034.319643000
17		41	2034.331177000
17		1358	2034.351639000
17		41	2034.376964000
17		1358	2034.405046000
17		41	2034.422917000
17		1358	2034.458406000
17		41	2034.469379000
17		1358	2034.498246000
17		41	2034.515105000
17		1358	2034.538362000
17		41	2034.561477000
17		1358	2034.578502000
17		41	2034.607020000
17		1358	2034.618912000
17		41	2034.653250000
17		1358	2034.659232000
17		41	2034.699286000
17		1358	2034.700970000
17		41	2034.745458000
17		1358	2034.747022000
17		41	2034.791133000
17		1358	2034.792637000
17		41	2034.837152000
17		1358	2034.838762000
17		1358	2034.880249000
17		46	2034.882947000
17		33	2034.896451000
17		1358	2034.920508000
17		41	2034.929435000
17		1358	2034.962178000
17		41	2034.974727000
17		1358	2035.003010000
17		41	2035.021023000
17		1358	2035.036851000
17		41	2035.066924000
17		588	2035.066952000
17		36	2035.068320000
17		1358	2035.068663000
17		77	2035.076336000
17		33	2035.076373000
17		41	2035.113159000
17		1358	2035.123337000
17		41	2035.159476000
17		41	2035.205539000
17		41	2035.250907000
17		1358	2035.253188000
17		41	2035.296940000
17		1358	2035.298459000
17		41	2035.342765000
17		41	2035.342788000
17		1358	2035.344372000
17		44	2035.388807000
17		41	2035.388839000
17		41	2035.388848000
17		1358	2035.390437000
17		33	2035.415265000
17		41	2035.434912000
17		1358	2035.436475000
17		1358	2035.470315000
17		41	2035.481575000
17		1358	2035.501049000
17		41	2035.527512000
17		1358	2035.534200000
17		1358	2035.565663000
17		41	2035.573213000
17		1358	2035.597306000
17		41	2035.618934000
17		1358	2035.630019000
17		41	2035.665470000
17		1358	2035.683443000
17		41	2035.711223000
17		1358	2035.736941000
17		41	2035.756747000
17		1358	2035.790285000
17		46	2035.803047000
17		33	2035.817317000
17		1358	2035.844630000
17		41	2035.849591000
17		1358	2035.884761000
6	0		2035.891779000
6	0		2035.891820000
17		41	2035.895553000
17		1358	2035.925102000
17		41	2035.941302000
17		1358	2035.964409000
17		41	2035.986618000
17		1358	2036.004558000
17		41	2036.032845000
17		1358	2036.045392000
17		41	2036.078946000
17		1358	2036.084818000
17		1358	2036.124699000
17		41	2036.125338000
17		1358	2036.164732000
17		41	2036.171028000
17		1358	2036.205276000
17		41	2036.217242000
17		1358	2036.245594000
17		41	2036.262780000
17		1358	2036.285871000
17		41	2036.309166000
17		1358	2036.325566000
17		41	2036.355501000
17		1358	2036.365383000
17		41	2036.401484000
17		1358	2036.406331000
17		1358	2036.446414000
17		41	2036.446877000
17		1358	2036.486477000
17		41	2036.492728000
17		1358	2036.527138000
17		41	2036.539115000
17		1358	2036.567405000
17		41	2036.585510000
17		1358	2036.606790000
17		41	2036.630639000
17		1358	2036.647104000
17		41	2036.677125000
17		1358	2036.687337000
17		46	2036.723339000
17		144	2036.726817000
17		41	2036.769595000
17		41	2036.815095000
17		41	2036.861143000
17		41	2036.906710000
17		1035	2036.953266000
17		39	2036.953818000
17		154	2036.954628000
17		1353	2036.954652000
17		1358	2036.954675000
17		1358	2036.954682000
17		1358	2036.954685000
17		1358	2036.954688000
17		1358	2036.954692000
17		1358	2036.954695000
17		1358	2036.954698000
17		1358	2036.954702000
17		1358	2036.987862000
17		1358	2037.020156000
17		47	2037.044782000
6	0		2037.056762000
6	0		2037.056826000
17		33	2037.059106000
17		41	2037.090745000
6	0		2037.095829000
6	12		2037.096600000
6	0		2037.135664000
6	12		2037.135758000
6	0		2037.135773000
6	1		2037.136056000
6	4		2037.136073000
6	32		2037.136080000
6	0		2037.136087000
17		41	2037.137524000
6	0		2037.174985000
6	0		2037.175021000
6	0		2037.175149000
6	0		2037.175189000
17		41	2037.182799000
17		41	2037.228610000
17		1358	2037.230161000
17		41	2037.274803000
17		1358	2037.276352000
17		41	2037.320878000
17		1358	2037.322478000
17		41	2037.367259000
17		41	2037.367281000
17		1358	2037.368789000
17		41	2037.413102000
17		1358	2037.414659000
17		41	2037.459044000
17		1358	2037.460569000
17		41	2037.505358000
17		1358	2037.506939000
17		41	2037.550733000
17		1358	2037.552327000
17		41	2037.597035000
17		1358	2037.598628000
17		41	2037.643554000
17		1358	2037.645122000
17		1358	2037.686631000
17		41	2037.688894000
17		1358	2037.726255000
17		41	2037.734905000
17		1358	2037.759015000
17		41	2037.780618000
17		1358	2037.792318000
17		41	2037.827092000
17		1358	2037.846752000
17		41	2037.873523000
17		1358	2037.902013000
17		41	2037.918938000
17		1358	2037.943245000
17		41	2037.965345000
17		1358	2037.984295000
17		41	2038.011541000
17		1358	2038.025697000
17		41	2038.057460000
17		1358	2038.066621000
17		41	2038.103198000
17		1358	2038.107431000
17		41	2038.148991000
17		1358	2038.150242000
17		41	2038.195769000
17		1358	2038.197354000
17		1358	2038.237995000
17		41	2038.241727000
17		1358	2038.277824000
17		46	2038.287515000
17		33	2038.301054000
17		1358	2038.319143000
17		41	2038.333107000
17		1358	2038.359976000
17		41	2038.379524000
17		1358	2038.401412000
17		41	2038.425183000
17		1358	2038.442140000
17		41	2038.470801000
17		1358	2038.474431000
17		41	2038.517277000
17		1358	2038.519154000
17		41	2038.563546000
17		1358	2038.573231000
17		41	2038.609189000
17		1358	2038.627937000
17		41	2038.654817000
17		1358	2038.668268000
17		41	2038.701071000
17		1358	2038.709364000
17		41	2038.747313000
17		1358	2038.748881000
17		1358	2038.790349000
17		41	2038.793380000
17		1358	2038.829593000
17		41	2038.839402000
17		1358	2038.869896000
17		41	2038.884799000
17		1358	2038.909807000
17		41	2038.931147000
17		1358	2038.950373000
17		41	2038.977128000
17		1358	2038.990794000
17		41	2039.023630000
17		1358	2039.030819000
17		41	2039.069661000
17		1358	2039.071189000
17		41	2039.115377000
17		1358	2039.116890000
17		41	2039.160988000
17		1358	2039.162526000
17		46	2039.207140000
17		1358	2039.208728000
17		41	2039.252931000
17		1358	2039.254394000
17		41	2039.298886000
17		1358	2039.308429000
17		41	2039.345551000
17		1358	2039.361144000
17		41	2039.390706000
17		1358	2039.400800000
17		41	2039.436887000
17		1358	2039.438212000
17		1358	2039.479243000
17		41	2039.483010000
17		1358	2039.519237000
17		41	2039.529562000
17		1358	2039.560155000
17		41	2039.575047000
17		1358	2039.600741000
17		41	2039.621397000
17		1358	2039.642272000
17		41	2039.667604000
17		1358	2039.682918000
17		41	2039.713626000
17		1358	2039.723465000
17		41	2039.759213000
17		1358	2039.764339000
17		41	2039.804791000
17		1358	2039.805029000
17		1358	2039.844208000
17		41	2039.851158000
17		1358	2039.885117000
17		41	2039.896769000
17		1358	2039.926472000
17		41	2039.942953000
17		1358	2039.958951000
17		41	2039.989033000
17		1358	2039.990649000
17		41	2040.035038000
17		1358	2040.044212000
17		41	2040.081030000
17		1358	2040.097468000
17		46	2040.127651000
17		1358	2040.137144000
17		41	2040.173142000
17		1358	2040.177265000
17		41	2040.219524000
17		1358	2040.220947000
17		41	2040.264778000
17		1358	2040.265984000
17		1358	2040.306480000
17		41	2040.311256000
17		1358	2040.345699000
17		41	2040.356846000
17		1358	2040.386101000
17		41	2040.403130000
17		423	2040.426983000
17		41	2040.465441000
17		41	2040.527153000
17		41	2040.589597000
17		41	2040.650651000
17		41	2040.712654000
17		1118	2040.775467000
17		39	2040.776143000
17		157	2040.776801000
17		1353	2040.776873000
17		1358	2040.776888000
17		1358	2040.776894000
17		1358	2040.776898000
17		1358	2040.810127000
17		1358	2040.840237000
17		1358	2040.872348000
17		47	2040.899145000
17		33	2040.912920000
17		41	2040.961146000
17		1358	2040.962776000
17		1358	2041.016423000
17		41	2041.022764000
17		1358	2041.068539000
17		41	2041.084895000
17		1358	2041.108712000
17		41	2041.147282000
17		1358	2041.148876000
17		41	2041.209053000
17		1358	2041.210560000
17		41	2041.271123000
17		1358	2041.272739000
17		41	2041.332934000
17		1358	2041.334511000
17		41	2041.395447000
17		1358	2041.396995000
17		41	2041.456834000
17		1358	2041.458424000
17		41	2041.518716000
17		1358	2041.519837000
17		41	2041.580781000
17		1358	2041.582006000
17		41	2041.643070000
17		1358	2041.645137000
17		41	2041.705475000
17		1358	2041.707796000
17		1358	2041.748023000
17		41	2041.766815000
17		1358	2041.787250000
17		41	2041.829416000
17		1358	2041.830977000
17		41	2041.890963000
17		1358	2041.893022000
17		41	2041.953530000
17		1358	2041.955101000
17		41	2042.014878000
17		1358	2042.016480000
17		41	2042.077559000
17		1358	2042.079228000
17		46	2042.139401000
17		1358	2042.140961000
17		41	2042.201523000
17		1358	2042.203177000
17		41	2042.263476000
17		1358	2042.265092000
17		41	2042.325476000
17		1358	2042.327068000
17		41	2042.387021000
17		1358	2042.388727000
17		41	2042.448701000
17		1358	2042.449662000
17		1358	2042.490378000
17		41	2042.511155000
17		1358	2042.529067000
17		41	2042.572715000
17		1358	2042.573949000
17		41	2042.635710000
17		1358	2042.637300000
17		41	2042.697120000
17		1358	2042.698739000
17		41	2042.759622000
17		1358	2042.761181000
17		41	2042.821052000
17		1358	2042.823096000
17		41	2042.883396000
17		1358	2042.885011000
17		41	2042.945003000
17		1358	2042.946582000
17		41	2043.007246000
17		1358	2043.008849000
17		41	2043.068902000
17		1358	2043.069491000
17		41	2043.131301000
17		1358	2043.131911000
17		1358	2043.172046000
17		41	2043.193472000
17		1358	2043.211454000
17		41	2043.255511000
17		1358	2043.257065000
17		41	2043.317002000
17		1358	2043.318651000
17		46	2043.379732000
17		1358	2043.381350000
17		41	2043.440846000
17		1358	2043.443226000
17		41	2043.502984000
17		1358	2043.504643000
17		41	2043.564971000
17		1358	2043.566573000
17		41	2043.627215000
17		1358	2043.628870000
17		41	2043.688688000
17		1358	2043.690165000
17		41	2043.751234000
17		1358	2043.753485000
17		41	2043.813574000
17		1358	2043.815067000
17		1358	2043.847786000
17		41	2043.874874000
17		1358	2043.878657000
17		41	2043.937516000
17		1358	2043.939098000
17		41	2043.998997000
17		41	2044.061517000
17		1358	2044.063035000
17		41	2044.122847000
17		1358	2044.124080000
17		41	2044.184646000
17		1358	2044.186582000
17		41	2044.246778000
17		1358	2044.248316000
17		41	2044.309052000
17		1358	2044.310628000
17		41	2044.371488000
17		1358	2044.373069000
6	73		2044.386520000
17		41	2044.433391000
17		1358	2044.434685000
17		41	2044.495304000
17		1358	2044.496823000
17		41	2044.557159000
17		1358	2044.558714000
17		1358	2044.613011000
17		46	2044.620020000
17		33	2044.633596000
17		1358	2044.665574000
6	0		2044.681033000
17		41	2044.681071000
6	0		2044.682049000
17		1358	2044.719311000
17		41	2044.742975000
17		1358	2044.772610000
17		41	2044.804916000
17		1358	2044.814412000
17		1358	2044.857802000
17		41	2044.867109000
17		1358	2044.900817000
17		41	2044.929159000
17		1358	2044.971926000
6	0		2044.991194000
17		41	2044.991231000
17		1358	2045.044480000
17		41	2045.053039000
17		1358	2045.098232000
17		41	2045.114743000
17		1358	2045.152418000
17		41	2045.177551000
17		1358	2045.206718000
17		41	2045.239444000
17		1358	2045.260814000
17		41	2045.301598000
17		1358	2045.315416000
17		41	2045.363229000
17		1358	2045.369486000
17		1358	2045.423763000
17		41	2045.424684000
17		1358	2045.476660000
17		41	2045.487396000
17		1358	2045.530227000
17		41	2045.549272000
17		1358	2045.584282000
17		41	2045.611687000
17		1358	2045.638330000
17		41	2045.672867000
17		1358	2045.692391000
17		41	2045.735635000
17		1358	2045.747066000
17		41	2045.796849000
17		1358	2045.798362000
17		46	2045.859353000
17		1358	2045.860890000
17		41	2045.921627000
17		1358	2045.931943000
17		41	2045.983630000
17		1358	2046.003688000
17		41	2046.045629000
17		1358	2046.058013000
17		41	2046.106841000
17		1358	2046.112635000
17		1358	2046.165551000
17		41	2046.169476000
17		1358	2046.218038000
17		41	2046.231145000
17		1358	2046.272955000
17		41	2046.293696000
17		1358	2046.326877000
17		41	2046.354963000
17		1358	2046.380260000
17		41	2046.417291000
17		1358	2046.434223000
17		41	2046.479931000
17		1358	2046.487973000
17		41	2046.540800000
17		1358	2046.541650000
17		41	2046.603627000
17		1358	2046.605373000
17		41	2046.665198000
17		1358	2046.666749000
17		41	2046.726707000
17		1358	2046.728406000
17		41	2046.789147000
17		1358	2046.790918000
17		1358	2046.834434000
17		41	2046.850843000
17		1358	2046.877264000
17		41	2046.913064000
17		1358	2046.949601000
17		41	2046.975005000
17		1358	2047.022194000
17		41	2047.037167000
17		1358	2047.076851000
17		46	2047.099763000
17		33	2047.114105000
17		41	2047.161284000
17		41	2047.222900000
17		1358	2047.230816000
17		41	2047.285580000
17		1358	2047.286933000
17		41	2047.347449000
17		1358	2047.348700000
17		41	2047.409538000
17		1358	2047.411203000
17		41	2047.471071000
17		1358	2047.472456000
17		1358	2047.526908000
17		41	2047.532886000
17		1358	2047.580106000
17		41	2047.595495000
17		1358	2047.633966000
17		41	2047.657314000
17		1358	2047.687858000
17		41	2047.719027000
17		1358	2047.740579000
17		41	2047.781291000
17		1358	2047.794425000
17		41	2047.842754000
17		1358	2047.847967000
17		1358	2047.902298000
17		41	2047.905019000
17		1358	2047.954717000
17		41	2047.967000000
17		1358	2048.008797000
17		41	2048.029039000
17		1358	2048.051481000
17		41	2048.091440000
17		1358	2048.092419000
17		1358	2048.136860000
17		41	2048.152890000
17		1358	2048.179492000
17		41	2048.215586000
17		1358	2048.222124000
17		41	2048.277536000
17		1358	2048.293814000
17		46	2048.338989000
17		33	2048.352427000
17		1358	2048.364690000
17		41	2048.401024000
17		1358	2048.434089000
17		41	2048.463463000
17		1358	2048.503437000
17		41	2048.525422000
17		1358	2048.554120000
17		41	2048.587202000
17		1358	2048.605981000
17		41	2048.648680000
17		1358	2048.657448000
17		1358	2048.710388000
17		41	2048.710788000
17		1358	2048.761233000
17		41	2048.773079000
17		1358	2048.811997000
17		41	2048.834773000
17		1358	2048.864926000
17		41	2048.897362000
17		1358	2048.915574000
17		41	2048.958983000
17		1358	2048.968189000
17		1358	2049.019105000
17		41	2049.020974000
17		1358	2049.070352000
17		41	2049.083671000
17		1358	2049.121797000
17		41	2049.144893000
17		1358	2049.174394000
17		41	2049.207374000
17		1358	2049.224890000
17		41	2049.269253000
17		1358	2049.276682000
17		1358	2049.328791000
17		41	2049.331955000
17		1358	2049.380384000
17		41	2049.392764000
17		1358	2049.432735000
17		41	2049.454795000
17		1358	2049.483132000
17		41	2049.517009000
17		1358	2049.534831000
17		46	2049.578758000
17		1358	2049.586692000
17		1358	2049.638198000
17		41	2049.641253000
17		1358	2049.689366000
17		41	2049.702689000
17		1358	2049.742106000
17		41	2049.764947000
17		1358	2049.792843000
17		41	2049.827711000
17		1358	2049.843927000
17		41	2049.889047000
17		1358	2049.895883000
17		1358	2049.947637000
17		41	2049.951289000
17		1358	2049.999693000
17		41	2050.012945000
17		1358	2050.041186000
17		41	2050.075007000
17		1358	2050.081686000
17		1358	2050.122804000
17		41	2050.137742000
17		1358	2050.164593000
17		41	2050.199515000
17		1358	2050.205880000
17		41	2050.260924000
17		1358	2050.274395000
17		41	2050.323128000
17		1358	2050.343818000
17		41	2050.385057000
17		1358	2050.411445000
17		41	2050.446734000
17		1358	2050.481260000
17		41	2050.509296000
17		1358	2050.532922000
17		41	2050.570801000
17		1358	2050.584788000
17		41	2050.633522000
17		1358	2050.635045000
17		1358	2050.687803000
17		41	2050.695500000
17		1358	2050.738600000
17		41	2050.757343000
17		1358	2050.790356000
17		46	2050.819106000
17		33	2050.833502000
17		1358	2050.842083000
17		41	2050.880906000
17		1358	2050.893356000
17		41	2050.943478000
17		1358	2050.945014000
17		1358	2050.997305000
17		41	2051.004895000
17		1358	2051.048616000
17		41	2051.066771000
17		1358	2051.099505000
17		41	2051.129477000
17		1358	2051.151753000
17		41	2051.191030000
17		1358	2051.203066000
17		41	2051.253577000
17		41	2051.253601000
17		1358	2051.254852000
17		1358	2051.306224000
17		41	2051.315404000
17		1358	2051.357803000
17		41	2051.377496000
17		1358	2051.410440000
17		41	2051.439132000
17		1358	2051.460983000
17		41	2051.500817000
17		1358	2051.512956000
17		41	2051.563365000
17		1358	2051.564997000
17		1358	2051.615751000
17		41	2051.625331000
17		1358	2051.667123000
17		41	2051.687139000
17		1358	2051.719576000
17		41	2051.749415000
17		1358	2051.771199000
17		41	2051.810887000
17		1358	2051.823748000
17		41	2051.873341000
17		1358	2051.875050000
17		1358	2051.927837000
17		41	2051.935032000
17		1358	2051.978507000
17		41	2051.997315000
17		1358	2052.020756000
17		41	2052.058848000
17		1358	2052.063536000
17		41	2052.121159000
17		1358	2052.122697000
17		41	2052.182900000
17		1358	2052.184439000
17		41	2052.244951000
17		1358	2052.254479000
17		41	2052.306675000
17		1358	2052.324568000
17		41	2052.369208000
17		1358	2052.394166000
17		41	2052.431007000
17		1358	2052.464636000
17		46	2052.493592000
17		33	2052.507927000
17		1358	2052.516904000
17		41	2052.554925000
17		1358	2052.569363000
17		41	2052.617204000
17		1358	2052.620998000
17		1358	2052.672904000
17		41	2052.679555000
17		1358	2052.724743000
17		41	2052.741367000
17		1358	2052.777064000
17		41	2052.803061000
17		1358	2052.829264000
17		41	2052.865218000
17		1358	2052.881461000
17		41	2052.926761000
17		1358	2052.933872000
17		41	2052.989099000
17		1358	2052.990694000
17		41	2053.051370000
17		41	2053.051408000
17		1358	2053.053276000
17		41	2053.113123000
17		1358	2053.114856000
17		41	2053.174762000
17		1358	2053.176396000
6	0		2053.177569000
6	0		2053.177622000
6	0		2053.216799000
6	12		2053.217111000
17		1358	2053.229047000
17		41	2053.237390000
6	0		2053.255878000
6	12		2053.255922000
6	0		2053.255936000
6	1		2053.256098000
6	4		2053.256122000
6	32		2053.256133000
6	0		2053.256147000
17		1358	2053.280836000
6	0		2053.294802000
6	0		2053.294837000
6	0		2053.294906000
6	0		2053.294921000
17		41	2053.299311000
17		1358	2053.333352000
17		41	2053.361255000
17		1358	2053.385812000
17		41	2053.423469000
17		1358	2053.438023000
17		41	2053.485662000
17		1358	2053.490423000
17		41	2053.546776000
17		1358	2053.548419000
17		41	2053.608702000
17		1358	2053.610282000
17		41	2053.670743000
17		1358	2053.672347000
17		41	2053.733404000
17		1358	2053.734962000
17		41	2053.794744000
17		1358	2053.796318000
17		41	2053.857096000
17		1358	2053.858667000
17		41	2053.919597000
17		1358	2053.921241000
17		1358	2053.965394000
17		41	2053.981452000
17		1358	2054.007255000
17		41	2054.043578000
17		1358	2054.050403000
17		41	2054.104685000
17		1358	2054.106334000
17		41	2054.167299000
17		1358	2054.168899000
17		41	2054.228749000
17		181	2054.240545000
17		46	2054.290981000
17		33	2054.305195000
17		41	2054.352826000
17		41	2054.415262000
17		41	2054.477438000
17		41	2054.538790000
17		41	2054.601078000
17		41	2054.663571000
17		41	2054.725079000
17		41	2054.787536000
17		1035	2054.849489000
17		39	2054.850146000
17		1358	2054.850876000
17		1358	2054.850895000
17		1358	2054.850899000
17		1358	2054.850902000
17		1358	2054.850906000
17		1358	2054.850909000
17		1358	2054.850912000
17		1358	2054.850916000
17		1358	2054.850919000
17		1358	2054.850922000
17		1358	2054.905538000
17		1358	2054.958845000
17		47	2054.973166000
17		33	2054.987170000
17		41	2055.035069000
17		41	2055.096830000
17		41	2055.159500000
17		41	2055.220760000
17		41	2055.282813000
17		1358	2055.284389000
17		41	2055.345063000
17		1358	2055.346637000
17		41	2055.406746000
17		1358	2055.408330000
17		41	2055.469036000
17		1358	2055.470610000
17		41	2055.531554000
17		1358	2055.533139000
17		41	2055.592750000
17		1358	2055.594324000
17		41	2055.655372000
17		1358	2055.665446000
17		41	2055.716668000
17		1358	2055.738075000
17		41	2055.779742000
17		1358	2055.795695000
17		41	2055.841549000
17		1358	2055.852576000
17		41	2055.903303000
17		1358	2055.909123000
17		41	2055.964993000
17		1358	2055.966526000
17		1358	2056.022937000
17		41	2056.027529000
17		1358	2056.079946000
17		41	2056.089229000
17		1358	2056.138062000
17		41	2056.151271000
17		1358	2056.195105000
17		46	2056.213459000
17		33	2056.226609000
17		1358	2056.253203000
17		41	2056.275243000
17		1358	2056.311472000
17		41	2056.337536000
17		1358	2056.370141000
17		41	2056.398842000
17		1358	2056.427402000
17		41	2056.461451000
17		1358	2056.485455000
17		41	2056.522758000
17		1358	2056.530578000
17		1358	2056.575898000
17		41	2056.584835000
17		1358	2056.621341000
17		41	2056.647130000
17		1358	2056.697304000
17		41	2056.709479000
17		41	2056.771566000
17		1358	2056.773021000
17		1358	2056.831505000
17		41	2056.832650000
17		1358	2056.887701000
17		41	2056.894670000
17		1358	2056.945233000
17		41	2056.956926000
17		1358	2057.002265000
17		41	2057.019562000
17		1358	2057.060165000
17		41	2057.081825000
17		1358	2057.118446000
17		41	2057.143405000
17		1358	2057.175748000
17		41	2057.204758000
17		1358	2057.233213000
17		41	2057.267216000
17		1358	2057.290811000
17		41	2057.329441000
17		1358	2057.347682000
17		41	2057.390994000
17		1358	2057.402992000
17		46	2057.453168000
17		1358	2057.460212000
17		1358	2057.506273000
17		41	2057.515475000
17		1358	2057.551182000
17		41	2057.576687000
17		1358	2057.596877000
17		41	2057.639336000
17		1358	2057.673448000
17		41	2057.701175000
17		1358	2057.750007000
17		41	2057.762880000
17		880	2057.807542000
17		41	2057.825430000
17		41	2057.886884000
17		41	2057.949107000
17		41	2058.011086000
17		41	2058.074003000
17		1035	2058.135542000
17		39	2058.136163000
17		153	2058.137045000
17		1353	2058.137079000
17		1358	2058.137096000
17		1358	2058.137101000
17		1358	2058.137106000
17		1358	2058.137111000
17		1358	2058.190660000
17		1358	2058.244733000
17		47	2058.259702000
17		33	2058.273849000
17		41	2058.321529000
17		1358	2058.323782000
17		1358	2058.378748000
17		41	2058.383344000
17		1358	2058.431151000
17		41	2058.445221000
17		1358	2058.485877000
17		41	2058.507002000
17		1358	2058.540105000
17		41	2058.569400000
17		1358	2058.582843000
17		41	2058.631021000
17		1358	2058.632222000
17		41	2058.693264000
17		1358	2058.704114000
17		41	2058.754985000
17		1358	2058.776053000
17		41	2058.817578000
17		1358	2058.830242000
17		41	2058.879358000
17		1358	2058.884901000
17		41	2058.940680000
17		1358	2058.942559000
17		41	2059.003052000
17		1358	2059.004634000
17		41	2059.065075000
17		686	2059.065111000
17		1358	2059.066709000
17		36	2059.067062000
17		75	2059.076782000
17		33	2059.076826000
17		1358	2059.120640000
17		41	2059.127087000
17		1358	2059.174750000
17		41	2059.189314000
17		1358	2059.229494000
17		41	2059.250829000
17		1358	2059.283521000
17		41	2059.313021000
17		1358	2059.337055000
17		41	2059.375216000
17		1358	2059.391037000
17		44	2059.436676000
17		41	2059.436709000
17		41	2059.436717000
17		1358	2059.445634000
17		33	2059.462270000
17		46	2059.499004000
17		1358	2059.500652000
17		41	2059.560858000
17		1358	2059.561678000
17		41	2059.623342000
17		1358	2059.625055000
17		41	2059.685124000
17		1358	2059.697280000
17		41	2059.747361000
17		1358	2059.768830000
17		41	2059.809568000
17		1358	2059.823154000
17		41	2059.871325000
17		1358	2059.877203000
17		41	2059.932655000
17		1358	2059.934209000
17		1358	2059.988567000
17		41	2059.995425000
17		1358	2060.042237000
17		41	2060.057399000
17		1358	2060.095608000
17		41	2060.119518000
17		1358	2060.150156000
17		41	2060.181129000
17		1358	2060.203721000
17		41	2060.243441000
17		1358	2060.257892000
17		41	2060.305006000
17		1358	2060.312732000
17		41	2060.367263000
17		1358	2060.368712000
17		41	2060.429085000
17		1358	2060.431251000
17		41	2060.490959000
17		1358	2060.492547000
17		41	2060.553463000
17		1358	2060.554434000
17		41	2060.614940000
17		1358	2060.616748000
17		41	2060.677684000
17		1358	2060.688629000
17		46	2060.739019000
17		33	2060.753684000
17		1358	2060.759155000
17		41	2060.801941000
17		1358	2060.813217000
17		41	2060.863516000
17		1358	2060.865117000
17		1358	2060.918835000
17		41	2060.925561000
17		1358	2060.972253000
17		41	2060.987217000
17		1358	2061.025941000
17		41	2061.049597000
17		1358	2061.080283000
17		41	2061.111296000
17		1358	2061.134473000
17		41	2061.173381000
17		1358	2061.188305000
17		41	2061.234782000
17		1358	2061.242024000
6	0		2061.296130000
6	0		2061.296182000
17		41	2061.297689000
17		1358	2061.299278000
6	0		2061.335015000
6	12		2061.335286000
17		41	2061.359323000
17		1358	2061.361445000
6	0		2061.374142000
6	12		2061.374195000
6	0		2061.374208000
6	1		2061.374408000
6	4		2061.374424000
6	32		2061.374433000
6	0		2061.374447000
6	0		2061.413170000
6	0		2061.413211000
6	0		2061.413240000
6	0		2061.413381000
6	0		2061.413407000
17		1358	2061.415638000
17		41	2061.421529000
17		1358	2061.469470000
17		41	2061.482841000
17		1358	2061.523693000
17		41	2061.544981000
17		669	2061.566820000
17		41	2061.607063000
17		41	2061.669130000
17		41	2061.731203000
17		41	2061.793542000
17		41	2061.855367000
17		1118	2061.917469000
17		39	2061.918127000
17		157	2061.918791000
17		1353	2061.918843000
17		1358	2061.918849000
17		1358	2061.918852000
17		1358	2061.918855000
17		1358	2061.973597000
17		1358	2062.026010000
17		47	2062.041306000
17		33	2062.054743000
17		1358	2062.079287000
17		41	2062.103150000
17		1358	2062.132448000
17		41	2062.165501000
17		1358	2062.186589000
17		41	2062.226684000
17		1358	2062.239294000
17		41	2062.288639000
17		1358	2062.292654000
17		1358	2062.345681000
17		41	2062.351478000
17		1358	2062.398919000
17		41	2062.412902000
17		1358	2062.452795000
17		41	2062.475114000
17		1358	2062.507423000
17		41	2062.537281000
17		1358	2062.561786000
17		41	2062.598819000
17		1358	2062.604831000
17		41	2062.661018000
17		1358	2062.662645000
17		41	2062.723080000
17		1358	2062.734585000
17		41	2062.785227000
17		1358	2062.806829000
17		41	2062.847028000
17		1358	2062.860243000
17		41	2062.909308000
17		1358	2062.914899000
17		1358	2062.968248000
17		41	2062.971500000
17		1358	2063.020624000
17		41	2063.032843000
17		1358	2063.074663000
17		41	2063.095325000
17		1358	2063.128606000
17		41	2063.157454000
17		1358	2063.182770000
17		41	2063.219417000
17		1358	2063.237258000
17		46	2063.281413000
17		1358	2063.291807000
17		41	2063.342872000
17		1358	2063.344489000
17		41	2063.405463000
17		1358	2063.407107000
17		41	2063.467104000
17		1358	2063.468711000
17		41	2063.528911000
17		1358	2063.530259000
17		41	2063.591254000
17		1358	2063.592851000
17		1358	2063.636249000
17		41	2063.653554000
17		1358	2063.678903000
17		41	2063.714739000
17		1358	2063.750769000
17		41	2063.776898000
17		1358	2063.822810000
17		41	2063.839388000
17		1358	2063.876755000
17		41	2063.901182000
17		1358	2063.930583000
17		41	2063.963205000
17		1358	2063.985014000
17		41	2064.025436000
17		1358	2064.038458000
17		41	2064.086869000
17		1358	2064.092856000
17		41	2064.149486000
6	0		2064.149512000
6	0		2064.150823000
17		1358	2064.151055000
17		41	2064.211102000
17		1358	2064.213339000
17		41	2064.273582000
17		1358	2064.275224000
17		1358	2064.329856000
17		41	2064.334938000
17		1358	2064.383095000
17		41	2064.397168000
17		1358	2064.437632000
17		41	2064.458742000
17		1358	2064.491855000
17		46	2064.521335000
17		33	2064.535075000
17		1358	2064.545828000
17		41	2064.583272000
17		1358	2064.589762000
17		41	2064.645093000
17		1358	2064.646666000
17		41	2064.706904000
17		1358	2064.717839000
17		41	2064.769143000
17		1358	2064.789929000
17		41	2064.831288000
17		1358	2064.843688000
17		41	2064.892843000
17		1358	2064.898430000
17		41	2064.954818000
17		1358	2064.956438000
17		41	2065.016666000
17		41	2065.079198000
17		588	2065.079223000
17		36	2065.080105000
17		1358	2065.081222000
17		77	2065.088986000
17		33	2065.089172000
17		41	2065.140713000
17		1358	2065.142346000
17		41	2065.203033000
17		1358	2065.204603000
17		41	2065.264666000
17		1358	2065.266270000
17		1358	2065.319808000
17		41	2065.326917000
17		41	2065.326941000
17		1358	2065.373328000
17		44	2065.389524000
17		41	2065.389552000
17		41	2065.389559000
17		33	2065.415168000
17		1358	2065.426595000
17		41	2065.450871000
17		1358	2065.479290000
17		41	2065.512924000
17		1358	2065.532715000
17		41	2065.575475000
6	0		2065.575505000
6	0		2065.575512000
6	0		2065.576619000
6	0		2065.576699000
17		1358	2065.585908000
17		1358	2065.627734000
17		41	2065.637097000
17		1358	2065.670749000
17		41	2065.698946000
17		1358	2065.713010000
17		1358	2065.755455000
17		46	2065.761080000
17		33	2065.775423000
17		1358	2065.798204000
17		41	2065.823484000
17		1358	2065.840268000
17		1358	2065.882795000
17		41	2065.885602000
17		1358	2065.925088000
17		41	2065.946929000
17		1358	2065.995992000
17		41	2066.009284000
17		1358	2066.067176000
17		41	2066.071617000
17		41	2066.133575000
17		1358	2066.137340000
17		41	2066.194615000
17		1358	2066.208798000
17		41	2066.257526000
17		1358	2066.261240000
17		1358	2066.315114000
17		41	2066.319331000
17		1358	2066.367754000
17		41	2066.380624000
17		1358	2066.420794000
17		41	2066.442836000
17		1358	2066.473842000
17		41	2066.505001000
17		1358	2066.527183000
17		41	2066.567106000
17		1358	2066.579363000
17		41	2066.629483000
17		1358	2066.631019000
17		1358	2066.685372000
17		41	2066.691530000
17		1358	2066.739263000
17		41	2066.753568000
17		1358	2066.791774000
17		41	2066.814692000
17		1358	2066.845153000
17		41	2066.876944000
17		1358	2066.898441000
17		41	2066.939299000
17		1358	2066.950839000
17		46	2067.000791000
17		1358	2067.002659000
17		1358	2067.057466000
17		41	2067.063075000
17		1358	2067.110934000
17		41	2067.124748000
17		1358	2067.164074000
17		41	2067.187171000
17		1358	2067.216625000
17		41	2067.249272000
17		1358	2067.270237000
17		41	2067.310852000
17		1358	2067.322786000
17		41	2067.372655000
17		1358	2067.374193000
17		1358	2067.428591000
17		41	2067.435236000
17		1358	2067.482121000
17		41	2067.497101000
17		1358	2067.534686000
17		41	2067.559286000
17		1358	2067.588071000
17		41	2067.620904000
17		1358	2067.640707000
17		41	2067.683257000
17		1358	2067.693856000
17		41	2067.745454000
17		1358	2067.747443000
17		1358	2067.800211000
17		41	2067.807107000
17		1358	2067.853663000
17		41	2067.869378000
17		1358	2067.906758000
17		41	2067.931075000
17		1358	2067.959465000
17		41	2067.993293000
17		1358	2068.012631000
17		41	2068.054964000
17		1358	2068.066600000
17		1358	2068.108117000
17		41	2068.117223000
17		1358	2068.150614000
17		41	2068.178980000
17		1358	2068.192448000
17		1358	2068.235240000
17		46	2068.241249000
17		33	2068.255184000
17		1358	2068.277432000
17		41	2068.303439000
17		1358	2068.320532000
17		1358	2068.362385000
17		41	2068.365042000
17		1358	2068.405780000
17		41	2068.426899000
17		1358	2068.476185000
17		41	2068.489068000
17		847	2068.547228000
17		41	2068.550981000
17		41	2068.612688000
17		41	2068.674702000
17		41	2068.737380000
17		41	2068.737408000
17		35	2068.738916000
6	0		2068.744592000
6	0		2068.744647000
17		41	2068.799611000
6	0		2068.860217000
17		41	2068.861333000
17		41	2068.923449000
17		41	2068.984809000
17		41	2069.047556000
17		41	2069.108965000
17		1111	2069.108998000
17		34	2069.109555000
17		165	2069.111313000
17		1353	2069.133600000
17		41	2069.171551000
17		1358	2069.187596000
17		47	2069.232760000
17		1358	2069.240937000
17		1358	2069.293514000
17		41	2069.295253000
17		1358	2069.346808000
17		41	2069.356921000
17		1358	2069.400096000
17		41	2069.419202000
6	0		2069.439407000
6	0		2069.439461000
17		1358	2069.442975000
17		41	2069.481270000
17		1358	2069.486483000
17		1358	2069.529975000
17		41	2069.542598000
17		1358	2069.571897000
17		41	2069.605110000
17		1358	2069.615774000
17		1358	2069.658717000
17		41	2069.667348000
17		1358	2069.703039000
6	0		2069.726552000
17		41	2069.729103000
6	41		2069.732750000
17		1358	2069.745364000
17		1358	2069.780128000
17		41	2069.791451000
17		1358	2069.814938000
17		1358	2069.848890000
17		41	2069.853541000
17		1358	2069.883261000
17		41	2069.915192000
17		1358	2069.941943000
17		41	2069.977553000
17		1358	2070.000479000
6	0		2070.019463000
6	21		2070.019499000
6	0		2070.019510000
6	1080		2070.020441000
17		41	2070.039161000
17		1358	2070.044966000
17		1358	2070.090019000
17		41	2070.100750000
17		1358	2070.133017000
17		41	2070.163230000
17		1358	2070.177041000
17		41	2070.225367000
17		1358	2070.226451000
17		41	2070.286738000
17		1358	2070.288672000
6	0		2070.307069000
6	440		2070.310403000
17		41	2070.348803000
17		1358	2070.350333000
6	0		2070.354228000
17		41	2070.411001000
17		1358	2070.412512000
17		46	2070.472842000
17		1358	2070.474393000
17		41	2070.535017000
17		1358	2070.536548000
17		41	2070.596670000
17		1358	2070.598233000
6	48		2070.640605000
6	0		2070.640644000
6	280		2070.644804000
17		41	2070.658685000
17		1358	2070.660304000
17		41	2070.720822000
17		1358	2070.722356000
17		1358	2070.757468000
17		41	2070.782623000
17		1358	2070.792989000
17		41	2070.845075000
17		1358	2070.846688000
17		41	2070.907291000
17		1358	2070.908613000
6	0		2070.930971000
6	16		2070.941773000
17		41	2070.969309000
17		1358	2070.970001000
6	0		2070.982218000
17		41	2071.031156000
17		1358	2071.032525000
17		41	2071.093383000
17		1358	2071.094470000
17		41	2071.155058000
17		1358	2071.156556000
17		41	2071.217119000
17		1358	2071.218366000
6	52		2071.269857000
6	0		2071.269895000
6	52		2071.269994000
17		41	2071.278783000
17		1358	2071.280541000
17		41	2071.341463000
17		1358	2071.343084000
17		41	2071.403107000
17		1358	2071.404957000
17		1358	2071.449260000
17		41	2071.465422000
17		1358	2071.492623000
17		41	2071.526619000
17		1358	2071.537661000
6	100		2071.556792000
17		41	2071.588979000
17		1358	2071.589960000
6	0		2071.598229000
17		41	2071.651118000
17		1358	2071.652771000
17		46	2071.713526000
17		1358	2071.714701000
6	0		2071.724761000
6	0		2071.724822000
17		41	2071.775001000
17		1358	2071.776561000
6	0		2071.809440000
6	41		2071.815332000
17		41	2071.837393000
17		1358	2071.838963000
17		41	2071.898962000
6	0		2071.899502000
6	21		2071.899526000
6	0		2071.899535000
17		1358	2071.900496000
6	1080		2071.900611000
17		41	2071.961334000
17		1358	2071.962662000
6	0		2071.977009000
6	0		2071.977068000
6	0		2071.984788000
6	440		2071.985260000
17		41	2072.023263000
17		1358	2072.024857000
6	0		2072.026208000
17		41	2072.085040000
17		1358	2072.086631000
6	48		2072.110405000
6	0		2072.110442000
6	280		2072.114861000
6	0		2072.140732000
6	41		2072.146414000
17		41	2072.147276000
17		1358	2072.148815000
17		1358	2072.193392000
6	0		2072.199028000
6	16		2072.203267000
17		41	2072.209146000
17		1358	2072.235689000
6	0		2072.246211000
17		41	2072.270813000
17		1358	2072.280086000
6	21		2072.310333000
6	0		2072.310381000
6	0		2072.310518000
6	0		2072.310529000
6	1080		2072.311366000
6	52		2072.330409000
6	0		2072.330454000
6	52		2072.330553000
17		41	2072.332953000
17		1358	2072.334489000
17		41	2072.395386000
17		1358	2072.396513000
6	84		2072.415774000
17		41	2072.456814000
17		1358	2072.457802000
6	0		2072.458198000
6	440		2072.477236000
6	0		2072.518232000
17		41	2072.518871000
17		1358	2072.520399000
17		41	2072.581128000
17		1358	2072.583199000
17		41	2072.643605000
17		1358	2072.645139000
6	48		2072.681986000
6	0		2072.682024000
6	280		2072.686636000
17		41	2072.705525000
17		1358	2072.706376000
17		41	2072.767442000
17		1358	2072.769674000
17		41	2072.828629000
17		1358	2072.830145000
6	16		2072.856118000
17		1358	2072.888750000
17		41	2072.890882000
6	0		2072.898222000
17		1358	2072.946363000
17		46	2072.953037000
17		33	2072.966661000
17		1358	2073.004906000
17		41	2073.014617000
17		1358	2073.049531000
6	52		2073.062010000
6	0		2073.062048000
6	52		2073.062155000
17		41	2073.077184000
17		41	2073.138736000
17		1358	2073.140307000
6	0		2073.170956000
6	0		2073.171014000
17		41	2073.200877000
17		1358	2073.202433000
6	84		2073.225106000
17		41	2073.263478000
17		1358	2073.265069000
6	0		2073.266207000
6	0		2073.292383000
6	41		2073.299507000
17		41	2073.325705000
17		1358	2073.328173000
17		41	2073.387424000
17		1358	2073.389059000
6	0		2073.420796000
6	21		2073.421191000
6	0		2073.421221000
6	1080		2073.422340000
17		41	2073.449362000
17		1358	2073.450958000
6	68		2073.458486000
17		41	2073.511271000
17		1358	2073.512841000
6	440		2073.544049000
17		41	2073.573312000
17		1358	2073.574176000
6	0		2073.587615000
17		1358	2073.627208000
17		41	2073.635115000
17		1358	2073.678898000
17		41	2073.697586000
6	48		2073.708693000
6	0		2073.708730000
6	280		2073.713314000
17		1358	2073.731551000
6	52		2073.745704000
6	0		2073.745750000
6	0		2073.745769000
6	0		2073.747520000
17		41	2073.759219000
17		1358	2073.771910000
17		1358	2073.814418000
17		41	2073.821314000
6	16		2073.837278000
17		1358	2073.854891000
6	0		2073.878213000
17		41	2073.882771000
17		1358	2073.923989000
17		41	2073.945139000
17		1358	2073.994130000
6	52		2073.999268000
6	0		2073.999310000
6	52		2073.999428000
17		41	2074.007281000
6	0		2074.034648000
17		1358	2074.046562000
17		41	2074.068829000
17		1358	2074.099043000
6	100		2074.121330000
6	68		2074.121504000
17		41	2074.130773000
17		1358	2074.151437000
6	0		2074.162220000
17		46	2074.193177000
17		1358	2074.203614000
6	52		2074.205957000
6	0		2074.205997000
6	0		2074.206016000
6	0		2074.207323000
17		41	2074.254760000
17		1358	2074.256276000
6	0		2074.291500000
17		1358	2074.310127000
17		41	2074.316752000
17		1358	2074.363090000
17		41	2074.379276000
17		1358	2074.417705000
17		41	2074.441359000
17		1358	2074.471097000
17		41	2074.503101000
17		1358	2074.525612000
6	0		2074.561691000
6	0		2074.561743000
17		41	2074.564908000
17		1358	2074.579615000
17		41	2074.626902000
17		1358	2074.633202000
17		41	2074.688968000
17		1358	2074.690858000
17		41	2074.750825000
17		1358	2074.752196000
17		41	2074.813481000
17		1358	2074.815495000
17		41	2074.875465000
17		1358	2074.886804000
17		41	2074.936668000
17		1358	2074.959086000
17		41	2074.999006000
17		1358	2075.012869000
17		41	2075.061144000
17		1358	2075.067210000
6	68		2075.070698000
17		1358	2075.120226000
17		41	2075.123292000
17		1358	2075.173212000
17		41	2075.185506000
17		1358	2075.226697000
6	52		2075.235529000
6	0		2075.235578000
6	0		2075.235601000
6	0		2075.236983000
17		41	2075.246666000
17		1358	2075.280016000
17		41	2075.308975000
17		1358	2075.334160000
17		41	2075.371496000
17		1358	2075.388780000
6	0		2075.399790000
17		46	2075.432799000
17		1358	2075.442784000
17		41	2075.494973000
17		1358	2075.496559000
17		41	2075.557206000
17		1358	2075.558807000
17		41	2075.619015000
17		1358	2075.620620000
17		41	2075.681397000
17		1358	2075.683000000
17		1358	2075.727268000
17		41	2075.743150000
17		1358	2075.768489000
17		41	2075.804668000
17		1358	2075.811452000
17		41	2075.866785000
17		1358	2075.883320000
17		41	2075.928956000
17		1358	2075.955458000
17		41	2075.991578000
17		1358	2076.009207000
17		41	2076.052947000
17		1358	2076.062804000
6	68		2076.102756000
17		41	2076.115298000
17		1358	2076.116342000
17		41	2076.177239000
17		1358	2076.178772000
6	52		2076.223946000
6	0		2076.223997000
6	0		2076.224021000
6	0		2076.225448000
17		41	2076.239067000
17		1358	2076.240601000
17		41	2076.301036000
17		1358	2076.302592000
6	0		2076.346534000
17		41	2076.363436000
17		1358	2076.365026000
17		1358	2076.419092000
17		41	2076.425503000
17		1358	2076.472007000
17		41	2076.487153000
17		1358	2076.526063000
17		41	2076.549709000
17		1154	2076.580918000
17		41	2076.611539000
17		46	2076.672873000
17		33	2076.686997000
17		41	2076.734737000
17		41	2076.797625000
17		41	2076.858621000
17		41	2076.920975000
17		1035	2076.983198000
17		39	2076.983805000
17		1358	2076.985522000
17		1358	2076.985547000
17		1358	2076.985550000
17		1358	2076.985553000
17		1358	2076.985556000
17		1358	2077.029051000
17		1358	2077.071436000
17		47	2077.107147000
17		1358	2077.114104000
17		41	2077.168974000
17		1358	2077.185019000
17		41	2077.231718000
17		1358	2077.255945000
17		41	2077.293591000
17		1358	2077.310545000
17		41	2077.355272000
17		1358	2077.364624000
6	0		2077.415589000
6	0		2077.415658000
17		41	2077.416961000
17		1358	2077.418633000
6	0		2077.455814000
6	12		2077.456134000
17		41	2077.479075000
17		1358	2077.481408000
6	0		2077.495994000
6	12		2077.496026000
6	0		2077.496037000
6	1		2077.496310000
6	4		2077.496335000
6	32		2077.496346000
6	0		2077.496361000
6	0		2077.536156000
6	0		2077.536193000
6	0		2077.536257000
6	0		2077.536273000
17		41	2077.540925000
17		1358	2077.542620000
17		41	2077.602819000
17		1358	2077.604411000
17		41	2077.665186000
17		1358	2077.666622000
17		41	2077.726778000
17		1358	2077.728496000
17		41	2077.789112000
17		1358	2077.790712000
17		1358	2077.844403000
17		41	2077.850963000
17		1358	2077.897361000
17		41	2077.913013000
17		1358	2077.951441000
17		41	2077.974668000
17		1358	2078.005881000
17		41	2078.036669000
17		1358	2078.049590000
17		41	2078.099349000
17		1358	2078.101060000
17		41	2078.161127000
17		1358	2078.172358000
17		41	2078.223314000
17		1358	2078.244685000
17		41	2078.284666000
17		1358	2078.297873000
17		46	2078.346960000
17		1358	2078.351096000
17		41	2078.409058000
17		1358	2078.410309000
17		41	2078.471227000
17		1358	2078.472657000
17		41	2078.532814000
17		1358	2078.534254000
17		1358	2078.588909000
17		41	2078.594998000
17		1358	2078.642207000
17		41	2078.657120000
17		1358	2078.696424000
17		41	2078.719475000
17		1358	2078.750974000
17		41	2078.780948000
17		1358	2078.805156000
17		41	2078.843256000
17		1358	2078.859591000
17		41	2078.904700000
17		1358	2078.914573000
17		41	2078.966950000
17		1358	2078.968492000
17		41	2079.029252000
17		1358	2079.031303000
17		41	2079.090970000
17		1358	2079.092952000
17		41	2079.152702000
17		1358	2079.165126000
17		41	2079.215507000
17		1358	2079.237456000
17		41	2079.277581000
17		1358	2079.291508000
17		41	2079.339507000
17		41	2079.401518000
17		1358	2079.403337000
17		41	2079.463573000
17		1358	2079.465799000
17		41	2079.524916000
17		1358	2079.527195000
17		46	2079.586754000
17		1358	2079.588115000
17		1358	2079.643267000
17		41	2079.649575000
17		1358	2079.697808000
17		41	2079.710918000
17		1358	2079.751419000
17		41	2079.773491000
17		1358	2079.806002000
17		41	2079.835756000
17		1358	2079.860773000
17		41	2079.896676000
17		1358	2079.914399000
17		1358	2079.957235000
17		41	2079.959181000
17		1022	2080.001126000
17		41	2080.020701000
17		41	2080.083103000
17		41	2080.144782000
17		41	2080.206790000
17		41	2080.269187000
17		1120	2080.331618000
17		39	2080.332299000
17		157	2080.332934000
17		1353	2080.332951000
17		1358	2080.332954000
17		1358	2080.332958000
17		1358	2080.332961000
17		1358	2080.332964000
17		1358	2080.332967000
17		1358	2080.332975000
17		1358	2080.332979000
17		1358	2080.332984000
17		1358	2080.378158000
17		1358	2080.421094000
17		47	2080.455435000
17		33	2080.468707000
17		41	2080.517525000
17		41	2080.578857000
17		41	2080.641714000
17		41	2080.702857000
17		1358	2080.703780000
17		41	2080.765731000
17		1358	2080.767002000
17		41	2080.826674000
17		1358	2080.828205000
17		41	2080.889301000
17		1358	2080.890987000
17		41	2080.950796000
17		41	2080.950820000
17		1358	2080.952300000
17		41	2081.013277000
17		1358	2081.014881000
17		41	2081.074828000
17		1358	2081.076443000
17		41	2081.136670000
17		1358	2081.138240000
17		41	2081.198664000
17		1358	2081.199472000
17		41	2081.261634000
17		1358	2081.263420000
17		1358	2081.318218000
17		41	2081.323149000
17		1358	2081.373180000
17		41	2081.385527000
17		1358	2081.417269000
17		41	2081.446716000
17		1358	2081.461960000
17		41	2081.509579000
17		1358	2081.535249000
17		41	2081.571175000
17		1358	2081.608385000
17		41	2081.633067000
17		1358	2081.662844000
17		41	2081.694709000
17		1358	2081.718736000
17		41	2081.757074000
17		1358	2081.773962000
17		41	2081.819168000
17		1358	2081.829230000
17		41	2081.881250000
17		1358	2081.882717000
17		41	2081.943494000
17		1358	2081.944992000
17		41	2082.004984000
17		1358	2082.005972000
17		1358	2082.060694000
17		41	2082.067375000
17		1358	2082.115557000
17		41	2082.129181000
17		1358	2082.170869000
17		46	2082.190881000
17		33	2082.204370000
17		1358	2082.225930000
17		41	2082.253132000
17		1358	2082.281303000
17		41	2082.315274000
17		1358	2082.335619000
17		41	2082.376765000
17		1358	2082.378847000
17		41	2082.438872000
17		1358	2082.440018000
17		41	2082.501394000
17		1358	2082.513634000
17		41	2082.562692000
17		1358	2082.587228000
17		41	2082.624925000
17		1358	2082.642397000
17		41	2082.686749000
17		1358	2082.697843000
17		41	2082.748743000
17		1358	2082.752960000
17		1358	2082.805882000
17		41	2082.811532000
17		1358	2082.859504000
17		41	2082.873355000
17		1358	2082.913675000
17		41	2082.935464000
17		1358	2082.968428000
17		41	2082.997378000
17		1358	2083.023309000
6	0		2083.051641000
6	0		2083.051697000
17		41	2083.058863000
17		1358	2083.076933000
17		41	2083.121680000
17		1358	2083.130942000
17		41	2083.183649000
17		1358	2083.185274000
17		41	2083.245433000
17		1358	2083.247018000
6	0		2083.295274000
6	41		2083.300710000
17		41	2083.307711000
17		1358	2083.308895000
17		41	2083.369545000
17		1358	2083.371128000
17		46	2083.431128000
17		1358	2083.432714000
17		41	2083.493410000
17		1358	2083.504861000
6	0		2083.544244000
6	21		2083.546651000
6	0		2083.546694000
6	1080		2083.547651000
17		41	2083.555165000
17		1358	2083.575322000
17		41	2083.617240000
17		1358	2083.629209000
17		41	2083.679856000
17		1358	2083.680784000
17		1358	2083.734793000
17		41	2083.741598000
17		1358	2083.789629000
6	440		2083.791769000
17		41	2083.802930000
6	0		2083.834219000
17		1358	2083.844444000
17		41	2083.865088000
17		1358	2083.898767000
17		41	2083.927613000
17		1358	2083.953504000
17		41	2083.989244000
17		1358	2084.007240000
17		41	2084.050753000
17		1358	2084.061387000
6	48		2084.077834000
6	0		2084.077875000
6	280		2084.081963000
17		41	2084.112945000
17		1358	2084.114529000
17		1358	2084.168417000
17		41	2084.174680000
17		1358	2084.222457000
17		41	2084.237117000
6	0		2084.271327000
6	0		2084.271375000
17		1358	2084.276743000
17		41	2084.298836000
17		1358	2084.330477000
6	16		2084.332321000
17		41	2084.361405000
17		1358	2084.374008000
6	0		2084.374205000
17		41	2084.422751000
17		1358	2084.424420000
17		41	2084.485408000
17		1358	2084.496257000
17		41	2084.546972000
17		1358	2084.568860000
17		41	2084.608882000
6	52		2084.617998000
6	0		2084.618044000
6	52		2084.618158000
17		1358	2084.623063000
17		46	2084.671246000
17		1358	2084.677315000
17		41	2084.732666000
17		1358	2084.734240000
17		41	2084.795000000
17		1358	2084.796323000
17		1358	2084.851339000
17		41	2084.857125000
6	84		2084.867890000
17		1358	2084.903717000
6	0		2084.910227000
17		41	2084.919229000
17		1358	2084.957954000
17		41	2084.981002000
17		1358	2085.011729000
17		41	2085.043369000
17		1358	2085.066633000
17		41	2085.104749000
17		1358	2085.120712000
17		41	2085.166762000
17		1358	2085.174691000
17		41	2085.229251000
17		1358	2085.230839000
17		41	2085.291144000
17		1358	2085.292716000
17		41	2085.352984000
17		1358	2085.354587000
17		41	2085.415213000
17		1358	2085.416805000
17		41	2085.476833000
17		1358	2085.488877000
6	0		2085.537263000
6	0		2085.537328000
17		41	2085.538960000
17		1358	2085.561102000
6	0		2085.576596000
6	12		2085.576845000
17		41	2085.601178000
17		1358	2085.614895000
6	0		2085.615675000
6	12		2085.615707000
6	0		2085.615718000
6	1		2085.615855000
6	4		2085.615868000
6	32		2085.615877000
6	0		2085.615888000
6	0		2085.654597000
6	0		2085.654642000
6	0		2085.654670000
6	0		2085.654685000
17		41	2085.663491000
17		1358	2085.668264000
17		1358	2085.721151000
17		41	2085.725185000
17		1358	2085.774291000
17		41	2085.787462000
17		1358	2085.828602000
17		41	2085.848893000
17		1358	2085.882871000
17		46	2085.911148000
17		33	2085.925888000
17		1358	2085.936940000
17		41	2085.973705000
17		1358	2085.990672000
17		41	2086.035622000
17		1358	2086.044711000
17		41	2086.097443000
17		1358	2086.098711000
17		41	2086.159478000
17		1358	2086.160967000
17		41	2086.221729000
17		1358	2086.223424000
17		1358	2086.278283000
17		41	2086.283378000
17		1358	2086.330689000
17		41	2086.345425000
17		1358	2086.374350000
17		41	2086.407116000
17		1358	2086.417428000
17		41	2086.469590000
17		1358	2086.488924000
17		41	2086.530716000
17		1358	2086.561666000
17		41	2086.593067000
17		1358	2086.616440000
17		41	2086.654850000
17		1358	2086.669778000
17		41	2086.716758000
17		1358	2086.724733000
17		41	2086.779287000
17		1358	2086.781339000
17		41	2086.841157000
17		1358	2086.843030000
6	68		2086.891641000
17		41	2086.902826000
17		1358	2086.904405000
17		41	2086.965375000
17		1358	2086.966992000
17		1358	2087.020918000
17		41	2087.026723000
17		1358	2087.074545000
17		41	2087.089247000
17		1358	2087.128714000
6	52		2087.135425000
6	0		2087.135471000
6	0		2087.135551000
6	0		2087.136922000
17		46	2087.151421000
17		33	2087.164717000
17		1358	2087.182753000
17		41	2087.213341000
17		1358	2087.237322000
17		41	2087.274949000
17		1358	2087.292157000
17		41	2087.336790000
17		1358	2087.338081000
6	0		2087.380385000
17		41	2087.399444000
17		1358	2087.400602000
17		41	2087.461402000
17		1358	2087.473152000
17		41	2087.522859000
17		1358	2087.545413000
17		41	2087.585485000
17		1358	2087.599817000
17		41	2087.646699000
17		1358	2087.653132000
17		41	2087.709053000
17		1139	2087.710742000
17		41	2087.771589000
17		41	2087.833003000
17		41	2087.895011000
17		41	2087.956703000
17		41	2088.018731000
17		1035	2088.081053000
17		39	2088.081631000
17		153	2088.082481000
17		1353	2088.082508000
17		1358	2088.082513000
17		1358	2088.082520000
17		1358	2088.082525000
17		1358	2088.135832000
17		1358	2088.189701000
17		47	2088.204951000
17		33	2088.219198000
17		1358	2088.242147000
17		41	2088.267045000
17		1358	2088.296840000
17		41	2088.329645000
17		1358	2088.350436000
17		41	2088.391334000
17		1358	2088.392970000
17		1358	2088.436420000
17		41	2088.452750000
17		1358	2088.478084000
17		41	2088.515281000
17		1358	2088.550394000
17		41	2088.576651000
17		1358	2088.622459000
17		41	2088.639398000
17		1358	2088.677360000
17		41	2088.700731000
17		1358	2088.731020000
17		41	2088.762660000
17		1358	2088.785721000
17		41	2088.825365000
17		1358	2088.839647000
17		41	2088.887309000
17		1358	2088.895257000
17		41	2088.949122000
17		1358	2088.950615000
17		41	2089.011434000
17		1358	2089.012399000
17		1358	2089.066102000
17		41	2089.072716000
17		1358	2089.120256000
17		41	2089.135347000
17		1358	2089.175042000
17		41	2089.196891000
17		1358	2089.228844000
17		41	2089.259367000
17		1358	2089.282357000
17		41	2089.321199000
17		1358	2089.336631000
17		41	2089.383265000
17		1358	2089.384296000
17		46	2089.445166000
17		1358	2089.446518000
17		41	2089.506798000
17		1358	2089.518908000
17		41	2089.568797000
17		1358	2089.590514000
17		41	2089.631479000
17		1358	2089.644127000
17		41	2089.692721000
17		1358	2089.698347000
17		41	2089.754651000
17		1358	2089.756092000
17		1358	2089.810787000
17		41	2089.817618000
17		1358	2089.863553000
17		41	2089.878674000
17		1358	2089.917805000
17		41	2089.941486000
17		1358	2089.971430000
17		41	2090.003055000
17		1358	2090.026111000
17		41	2090.064699000
17		1358	2090.080243000
17		41	2090.126736000
17		1358	2090.135130000
17		41	2090.189455000
17		1358	2090.191164000
17		41	2090.251493000
17		1358	2090.253432000
17		41	2090.312661000
17		1358	2090.314270000
17		41	2090.375027000
17		1358	2090.375939000
17		41	2090.437483000
17		1358	2090.439086000
17		41	2090.499187000
17		1358	2090.511541000
17		41	2090.561216000
17		1358	2090.581657000
17		41	2090.622761000
17		1358	2090.635453000
17		46	2090.685100000
17		1358	2090.686786000
17		511	2090.742166000
17		41	2090.746801000
17		41	2090.809515000
17		41	2090.871454000
17		41	2090.932767000
17		41	2090.994742000
17		1118	2091.056922000
17		39	2091.057558000
17		157	2091.058226000
17		1353	2091.058246000
17		1358	2091.058264000
17		1358	2091.058268000
17		1358	2091.058272000
17		1358	2091.112689000
17		1358	2091.165642000
17		47	2091.180716000
17		33	2091.194137000
17		1358	2091.218899000
17		41	2091.243059000
17		1358	2091.271690000
17		41	2091.304811000
17		1358	2091.325473000
17		41	2091.367152000
17		1358	2091.367487000
17		1358	2091.410991000
17		41	2091.428734000
17		1358	2091.454165000
17		41	2091.491427000
17		1358	2091.526123000
17		41	2091.553462000
17		1358	2091.598512000
17		41	2091.615461000
17		1358	2091.652238000
17		41	2091.676800000
17		1358	2091.706435000
17		41	2091.739481000
17		1358	2091.759832000
17		41	2091.801165000
17		1358	2091.813953000
17		41	2091.863142000
17		1358	2091.867923000
17		41	2091.925224000
17		1358	2091.926847000
17		41	2091.987562000
17		1358	2091.988407000
17		1358	2092.042455000
17		41	2092.049417000
17		1358	2092.095762000
17		41	2092.110869000
6	0		2092.118793000
6	0		2092.118852000
17		1358	2092.149468000
17		41	2092.173264000
17		1358	2092.204020000
17		41	2092.235340000
17		1358	2092.258351000
17		41	2092.296708000
17		1358	2092.312597000
17		41	2092.358757000
17		1358	2092.360202000
17		46	2092.421383000
17		1358	2092.422745000
17		41	2092.483627000
17		1358	2092.494743000
17		41	2092.545465000
17		1358	2092.566282000
17		41	2092.606916000
17		1358	2092.620282000
17		41	2092.668704000
17		1358	2092.674946000
17		41	2092.730648000
17		1358	2092.732219000
17		1358	2092.785973000
17		41	2092.793178000
17		1358	2092.839271000
17		41	2092.855221000
17		1358	2092.893583000
17		41	2092.916672000
17		1358	2092.948118000
17		41	2092.978899000
17		1358	2093.003198000
17		41	2093.041439000
17		1358	2093.057886000
17		41	2093.102731000
17		1358	2093.111827000
17		41	2093.165061000
17		1358	2093.166626000
17		41	2093.227168000
17		1358	2093.228759000
17		41	2093.288887000
17		1358	2093.291088000
17		41	2093.350940000
17		1358	2093.352551000
17		41	2093.413288000
17		1358	2093.414865000
17		41	2093.474741000
17		1358	2093.486534000
17		41	2093.537058000
17		1358	2093.556773000
17		41	2093.599037000
17		1358	2093.610145000
6	0		2093.655935000
6	0		2093.656000000
17		46	2093.660927000
17		1358	2093.662523000
6	0		2093.695318000
6	12		2093.695730000
17		1358	2093.717029000
17		41	2093.723224000
6	0		2093.735030000
6	12		2093.735074000
6	0		2093.735089000
6	1		2093.735307000
6	4		2093.735330000
6	32		2093.735341000
6	0		2093.735366000
17		1358	2093.770040000
6	0		2093.774505000
6	0		2093.774549000
6	0		2093.774555000
6	0		2093.774560000
6	0		2093.774571000
6	0		2093.774583000
17		41	2093.785269000
17		1358	2093.823315000
17		41	2093.847491000
17		1358	2093.877503000
17		41	2093.909429000
17		1358	2093.931943000
17		41	2093.971720000
17		1358	2093.986416000
17		41	2094.033590000
17		1358	2094.040555000
17		41	2094.094860000
17		1358	2094.096415000
17		1358	2094.150002000
17		41	2094.157282000
17		1358	2094.203101000
17		41	2094.219483000
17		1358	2094.257732000
17		41	2094.281522000
17		1358	2094.311875000
17		41	2094.343394000
17		1358	2094.355372000
17		41	2094.405055000
17		1358	2094.406542000
17		41	2094.466700000
17		1358	2094.478748000
17		41	2094.529050000
17		1358	2094.551392000
17		41	2094.591286000
17		1358	2094.606234000
17		41	2094.653389000
17		1358	2094.661226000
17		41	2094.715215000
17		1358	2094.716766000
17		41	2094.776633000
17		1358	2094.778158000
17		41	2094.839081000
17		1358	2094.840639000
17		1358	2094.894329000
17		46	2094.900920000
17		33	2094.915023000
17		1358	2094.947592000
17		41	2094.963454000
17		1358	2095.001500000
17		41	2095.024929000
17		1358	2095.056067000
17		41	2095.087083000
6	0		2095.092794000
6	0		2095.092866000
17		1358	2095.110286000
6	0		2095.117921000
6	41		2095.125007000
17		41	2095.149604000
6	0		2095.149676000
6	21		2095.152309000
6	0		2095.152348000
6	1080		2095.153364000
17		1358	2095.164030000
6	0		2095.177980000
6	440		2095.178024000
17		41	2095.210734000
17		1358	2095.217911000
6	0		2095.218210000
6	48		2095.242883000
6	0		2095.242921000
6	280		2095.247254000
6	0		2095.271898000
17		41	2095.273415000
17		1358	2095.274947000
6	16		2095.276840000
6	0		2095.318245000
17		41	2095.335457000
17		1358	2095.336389000
6	52		2095.342910000
6	0		2095.342947000
6	52		2095.343025000
6	84		2095.367726000
17		41	2095.396789000
17		1358	2095.398522000
6	0		2095.410227000
17		1358	2095.458947000
17		88	2095.458974000
17		1358	2095.467734000
17		630	2095.467770000
17		34	2095.492116000
17		41	2095.521114000
17		41	2095.521146000
17		1358	2095.522742000
17		1358	2095.577108000
17		41	2095.583445000
17		1358	2095.630276000
17		41	2095.644977000
17		1358	2095.684729000
17		41	2095.706798000
17		1358	2095.739057000
17		41	2095.769084000
17		1358	2095.792916000
17		86	2095.831168000
17		1134	2095.831199000
17		101	2095.831537000
17		37	2095.832152000
17		350	2095.840724000
17		33	2095.840766000
17		1358	2095.846279000
17		42	2095.893159000
17		1358	2095.899697000
17		41	2095.955387000
17		1358	2095.956942000
17		41	2096.017156000
17		1358	2096.018658000
17		41	2096.079337000
17		1358	2096.081603000
17		1358	2096.135007000
17		41	2096.141046000
6	0		2096.179893000
6	0		2096.179944000
17		1358	2096.188130000
17		41	2096.203634000
17		41	2096.203662000
17		1358	2096.242325000
17		43	2096.265173000
17		41	2096.265198000
17		33	2096.290847000
17		46	2096.327008000
17		1358	2096.328648000
17		41	2096.389239000
17		1358	2096.390836000
17		1358	2096.434633000
17		41	2096.450898000
17		1358	2096.476264000
17		41	2096.512952000
17		1358	2096.548307000
17		41	2096.574684000
17		1358	2096.619676000
17		41	2096.636928000
17		1358	2096.673837000
17		41	2096.699203000
17		1358	2096.727964000
17		41	2096.761194000
17		1358	2096.782526000
17		41	2096.823184000
17		1358	2096.836347000
17		41	2096.884944000
17		1358	2096.890053000
17		41	2096.946948000
17		1358	2096.948603000
17		41	2097.009554000
17		1358	2097.011127000
6	0		2097.069878000
6	0		2097.069929000
17		41	2097.071156000
17		1358	2097.072721000
17		41	2097.133525000
17		1358	2097.134033000
17		1358	2097.188132000
17		41	2097.195152000
17		1358	2097.242041000
17		41	2097.257598000
17		1358	2097.295503000
17		41	2097.319449000
17		1358	2097.349316000
17		41	2097.380744000
17		1358	2097.393211000
17		41	2097.442680000
17		1358	2097.444196000
17		41	2097.505457000
17		1358	2097.516284000
17		46	2097.566768000
17		33	2097.580825000
17		1358	2097.587928000
17		41	2097.629525000
17		1358	2097.642645000
17		41	2097.691292000
17		1358	2097.696984000
17		41	2097.753001000
17		1358	2097.753929000
17		41	2097.815195000
17		1358	2097.816765000
17		1358	2097.871736000
17		41	2097.877560000
6	68		2097.903539000
17		1358	2097.925083000
6	52		2097.928236000
6	0		2097.928277000
6	0		2097.928295000
6	0		2097.929899000
17		41	2097.939801000
6	0		2097.954563000
17		1358	2097.979849000
17		41	2098.001498000
17		1358	2098.034697000
17		41	2098.063171000
17		1358	2098.088564000
17		41	2098.125388000
17		1358	2098.142689000
17		41	2098.187525000
17		1358	2098.196817000
17		41	2098.248994000
17		1358	2098.250139000
17		41	2098.311458000
17		1358	2098.312183000
17		41	2098.373523000
17		1358	2098.375186000
17		41	2098.434739000
17		1358	2098.436904000
17		41	2098.497517000
17		1358	2098.509489000
17		41	2098.559215000
17		1358	2098.582213000
17		41	2098.620920000
17		1358	2098.637365000
17		41	2098.683554000
17		1358	2098.690246000
17		1358	2098.744349000
17		41	2098.744878000
17		863	2098.797706000
17		46	2098.807648000
17		33	2098.821082000
17		41	2098.869241000
17		41	2098.931572000
17		41	2098.993001000
17		41	2099.055471000
17		739	2099.055503000
17		35	2099.056186000
17		74	2099.064654000
17		33	2099.064687000
17		41	2099.117765000
17		43	2099.178699000
17		1057	2099.178753000
17		41	2099.178763000
17		39	2099.179366000
17		149	2099.180185000
17		1353	2099.180213000
17		1358	2099.180218000
17		1358	2099.180223000
17		1358	2099.180227000
17		1358	2099.180231000
17		33	2099.204594000
17		1358	2099.235105000
17		1358	2099.290006000
17		47	2099.303093000
17		33	2099.316959000
17		1358	2099.344482000
17		41	2099.365249000
17		1358	2099.389330000
17		41	2099.426730000
17		1358	2099.433975000
17		41	2099.488898000
17		1358	2099.507175000
17		41	2099.551302000
17		1358	2099.578768000
17		41	2099.612978000
17		1358	2099.632955000
17		41	2099.675050000
17		1358	2099.687447000
17		41	2099.737255000
17		1358	2099.741003000
17		1358	2099.795126000
17		41	2099.799269000
17		1358	2099.851025000
17		41	2099.861463000
17		1358	2099.906673000
17		41	2099.922778000
17		1358	2099.961793000
17		41	2099.984870000
17		1358	2100.017746000
17		41	2100.047381000
17		1358	2100.073275000
17		41	2100.109123000
17		1358	2100.127932000
17		41	2100.170775000
17		1358	2100.183790000
17		41	2100.233104000
17		1358	2100.238977000
17		41	2100.295069000
17		1358	2100.296186000
17		41	2100.357184000
17		1358	2100.358716000
17		41	2100.543892000
17		1358	2100.545425000
17		1358	2100.618588000
17		41	2100.731250000
17		1358	2100.732781000
17		46	2100.918198000
17		1358	2100.919624000
17		41	2101.105345000
17		1358	2101.106970000
17		41	2101.291701000
17		41	2101.291730000
17		35	2101.293883000
17		41	2101.479688000
17		41	2101.666480000
17		1358	2101.667659000
17		1358	2101.722974000
6	0		2101.775307000
6	0		2101.775368000
6	0		2101.814722000
6	12		2101.814973000
17		41	2101.853511000
6	0		2101.854221000
6	12		2101.854265000
6	0		2101.854277000
6	1		2101.854461000
6	4		2101.854494000
6	32		2101.854509000
6	0		2101.854524000
17		1358	2101.854567000
6	0		2101.893813000
6	0		2101.893852000
6	0		2101.893859000
6	0		2101.893897000
6	0		2101.893921000
17		1358	2101.909630000
17		1358	2101.964786000
17		1358	2102.018704000
17		41	2102.040041000
17		1358	2102.072749000
17		1358	2102.127933000
17		41	2102.227142000
17		1358	2102.228651000
17		1358	2102.284002000
17		41	2102.413760000
17		1358	2102.415109000
17		1358	2102.470601000
17		41	2102.601540000
17		1358	2102.603095000
17		1358	2102.658219000
17		41	2102.788027000
17		1358	2102.789588000
17		1358	2102.845285000
17		41	2102.975609000
17		1358	2102.977137000
17		1358	2103.032580000
17		41	2103.162451000
17		634	2103.164352000
17		41	2103.349211000
6	0		2103.516858000
17		41	2103.536321000
17		41	2103.723251000
17		41	2103.910523000
17		41	2104.097604000
17		41	2104.283923000
17		41	2104.471304000
6	0		2104.594137000
17		41	2104.658415000
17		41	2104.845004000
17		46	2105.031818000
17		33	2105.046518000
17		41	2105.219060000
17		1038	2105.219085000
17		33	2105.219669000
17		33	2105.219739000
17		153	2105.220252000
17		1358	2105.225897000
17		1358	2105.270510000
17		1358	2105.313475000
17		1358	2105.357240000
17		1358	2105.399618000
6	0		2105.406383000
17		41	2105.406412000
17		1358	2105.443592000
17		1358	2105.487399000
17		1358	2105.530662000
17		1358	2105.574838000
17		47	2105.593724000
17		33	2105.607664000
17		1358	2105.616848000
17		1358	2105.690375000
17		1358	2105.763034000
17		41	2105.780609000
17		1358	2105.834572000
17		1358	2105.906931000
17		41	2105.967304000
17		1358	2105.979961000
17		1358	2106.052155000
17		1358	2106.124107000
17		41	2106.154375000
17		1358	2106.196799000
17		1358	2106.250931000
17		1358	2106.305144000
17		41	2106.341747000
17		41	2106.341777000
17		35	2106.343455000
17		1358	2106.359391000
17		41	2106.528625000
17		1358	2106.530236000
17		41	2106.714964000
17		1358	2106.716651000
17		41	2106.902717000
17		1358	2106.904387000
17		41	2107.089360000
17		1358	2107.090962000
17		41	2107.275994000
17		1358	2107.277198000
17		41	2107.463527000
17		1358	2107.465184000
17		41	2107.649939000
17		1358	2107.651016000
17		41	2107.837130000
17		41	2107.837164000
17		1358	2107.838877000
17		41	2108.023807000
17		1358	2108.026234000
17		41	2108.211217000
17		1358	2108.213188000
17		1358	2108.268191000
17		41	2108.398644000
17		1358	2108.400951000
17		41	2108.585407000
17		1358	2108.587060000
6	0		2108.740274000
6	0		2108.740361000
17		41	2108.772873000
17		1358	2108.773827000
6	0		2108.926427000
6	41		2108.932058000
17		41	2108.958746000
17		1358	2108.960160000
6	0		2109.117772000
6	21		2109.120945000
6	0		2109.120985000
6	1080		2109.121987000
17		41	2109.146269000
17		1358	2109.148369000
6	440		2109.311290000
17		41	2109.333487000
17		1358	2109.335195000
6	0		2109.354229000
17		41	2109.519896000
17		1358	2109.522020000
6	48		2109.539980000
6	0		2109.540017000
6	280		2109.544109000
17		41	2109.707795000
17		1358	2109.709416000
6	16		2109.744780000
6	0		2109.786221000
17		41	2109.894503000
6	0		2109.894996000
6	0		2109.895046000
17		1358	2109.895981000
6	0		2109.934347000
6	12		2109.934613000
6	52		2109.971945000
6	0		2109.971992000
6	52		2109.972102000
6	0		2109.973900000
6	12		2109.973928000
6	0		2109.973937000
6	1		2109.974142000
6	4		2109.974161000
6	32		2109.974186000
6	0		2109.974205000
6	0		2110.013406000
6	0		2110.013444000
6	0		2110.013459000
6	0		2110.013473000
17		41	2110.081388000
17		1358	2110.082970000
6	84		2110.164376000
6	0		2110.206241000
17		41	2110.268018000
17		41	2110.268047000
17		1358	2110.269633000
17		1358	2110.324824000
17		41	2110.455501000
17		1358	2110.457203000
17		41	2110.642302000
17		1358	2110.644104000
17		41	2110.829435000
6	0		2110.829473000
6	0		2110.829483000
6	0		2110.830779000
6	0		2110.830878000
17		1358	2110.831267000
17		41	2111.016639000
17		1358	2111.018265000
17		41	2111.202848000
17		1358	2111.204530000
17		41	2111.389825000
17		1358	2111.391398000
17		41	2111.577266000
17		1358	2111.578877000
17		41	2111.764161000
17		1358	2111.765781000
17		41	2111.951696000
17		431	2111.954585000
17		41	2112.138335000
17		41	2112.325221000
6	68		2112.423333000
17		41	2112.512637000
6	52		2112.617608000
6	0		2112.617649000
6	0		2112.617669000
6	0		2112.619217000
17		41	2112.699556000
6	0		2112.804904000
17		41	2112.886139000
17		41	2113.073345000
17		41	2113.260516000
6	0		2113.405315000
6	0		2113.406615000
6	0		2113.406652000
6	332		2113.406942000
6	0		2113.407855000
6	2514		2113.409372000
6	0		2113.409403000
6	85		2113.411862000
6	0		2113.412553000
6	250		2113.413271000
6	178		2113.413838000
6	0		2113.414916000
17		41	2113.446994000
6	954		2113.462524000
6	1390		2113.462643000
6	0		2113.462654000
6	1390		2113.462912000
6	2769		2113.462918000
6	1390		2113.462924000
6	1390		2113.462928000
6	2780		2113.462930000
6	2780		2113.462934000
6	1390		2113.462938000
6	1357		2113.462941000
6	0		2113.462959000
6	1390		2113.470657000
6	1390		2113.470835000
6	0		2113.470847000
6	2780		2113.470860000
6	1390		2113.470864000
6	2780		2113.470867000
6	2780		2113.470871000
6	2780		2113.470874000
6	1346		2113.470878000
6	0		2113.470926000
6	1390		2113.476279000
6	2780		2113.476358000
6	0		2113.476380000
6	5560		2113.476394000
6	4380		2113.476400000
6	2526		2113.476452000
6	0		2113.476945000
6	1390		2113.477965000
6	1390		2113.477987000
6	0		2113.477995000
6	2780		2113.478005000
6	8500		2113.478009000
6	2471		2113.478016000
6	0		2113.478146000
6	4117		2113.478539000
6	0		2113.478556000
6	4250		2113.478678000
6	0		2113.478687000
6	4250		2113.478696000
6	0		2113.478701000
6	3851		2113.478711000
6	0		2113.478717000
6	4250		2113.480543000
6	0		2113.480562000
6	4250		2113.480668000
6	0		2113.480678000
6	7968		2113.480687000
6	0		2113.480695000
6	2920		2113.481037000
6	0		2113.481059000
6	1197		2113.481144000
6	4004		2113.481152000
6	0		2113.481158000
6	0		2113.481998000
6	0		2113.482887000
6	0		2113.482908000
17		41	2113.634274000
17		41	2113.821556000
17		46	2114.007957000
17		33	2114.021896000
17		41	2114.195391000
17		41	2114.382621000
17		1118	2114.569414000
17		39	2114.570112000
17		152	2114.570705000
17		1353	2114.570715000
17		1358	2114.570822000
17		1358	2114.570827000
17		1358	2114.570830000
17		1358	2114.570833000
17		1358	2114.570836000
17		1358	2114.570840000
17		1358	2114.570843000
17		1358	2114.570846000
17		1358	2114.625480000
17		1358	2114.681253000
17		1358	2114.734405000
17		1358	2114.788581000
17		1358	2114.842741000
17		1358	2114.898400000
17		47	2114.943509000
17		1358	2114.952025000
17		41	2115.130825000
17		1358	2115.132433000
17		1358	2115.188026000
17		41	2115.317532000
17		1358	2115.319155000
17		41	2115.504555000
17		1358	2115.505927000
17		41	2115.690752000
17		1358	2115.692442000
17		41	2115.878496000
17		1358	2115.880165000
17		41	2116.064924000
17		1358	2116.066504000
17		41	2116.251759000
17		1358	2116.253384000
17		41	2116.439035000
17		1358	2116.440577000
17		41	2116.626258000
17		1358	2116.627868000
17		41	2116.813522000
17		1358	2116.815143000
17		41	2117.000488000
17		1358	2117.001072000
17		41	2117.187211000
17		1358	2117.189249000
17		41	2117.373833000
17		1358	2117.375853000
17		1358	2117.431607000
17		41	2117.561259000
17		1358	2117.562870000
17		41	2117.747948000
17		41	2117.935515000
6	0		2118.014626000
6	0		2118.014684000
6	0		2118.054642000
6	12		2118.054937000
6	0		2118.094711000
6	12		2118.094743000
6	0		2118.094753000
6	1		2118.094933000
6	4		2118.094967000
6	32		2118.094979000
6	0		2118.094994000
17		41	2118.122080000
6	0		2118.134719000
6	0		2118.134764000
6	0		2118.134771000
6	0		2118.134776000
6	0		2118.134793000
17		41	2118.309061000
17		41	2118.496354000
17		46	2118.683610000
17		33	2118.697652000
17		41	2118.870650000
17		41	2119.057135000
17		41	2119.244410000
17		41	2119.430785000
17		1358	2119.432384000
17		1358	2119.561591000
17		41	2119.618492000
17		1358	2119.689384000
17		41	2119.805093000
17		1358	2119.818660000
17		41	2119.991915000
17		1358	2120.033109000
17		41	2120.179027000
17		1358	2120.248136000
17		41	2120.366015000
17		1358	2120.408755000
17		41	2120.553754000
17		1358	2120.569475000
17		41	2120.740264000
17		1358	2120.741901000
17		41	2120.927031000
17		1358	2120.928651000
17		41	2121.114282000
17		1358	2121.115892000
17		41	2121.301686000
17		1358	2121.303269000
17		41	2121.488604000
17		1358	2121.490329000
17		41	2121.675720000
17		1358	2121.677298000
17		1358	2121.840428000
17		41	2121.862074000
17		1358	2122.002705000
17		41	2122.048904000
17		1358	2122.166489000
17		41	2122.236233000
17		634	2122.330435000
17		46	2122.423011000
17		33	2122.437201000
17		41	2122.610028000
17		41	2122.797705000
17		41	2122.984043000
17		41	2123.171341000
17		1118	2123.357769000
17		39	2123.358410000
17		152	2123.359067000
17		1353	2123.359089000
17		1358	2123.359094000
17		1358	2123.359098000
17		1358	2123.359103000
17		1358	2123.489493000
17		1358	2123.620314000
17		47	2123.732713000
17		33	2123.746495000
17		1358	2123.749216000
17		41	2123.919634000
17		1358	2123.967112000
17		41	2124.105929000
17		1358	2124.184630000
17		41	2124.293641000
17		1358	2124.347108000
17		41	2124.479954000
17		1358	2124.509412000
17		41	2124.667538000
17		1358	2124.672031000
17		1358	2124.834745000
17		41	2124.853916000
17		1358	2124.996963000
17		41	2125.041063000
17		593	2125.227840000
17		41	2125.227867000
17		35	2125.229242000
17		76	2125.240301000
17		33	2125.240340000
17		41	2125.415545000
17		1358	2125.417225000
17		41	2125.601729000
17		1358	2125.603572000
17		41	2125.788886000
17		593	2125.788919000
17		33	2125.789218000
17		1358	2125.789566000
17		33	2125.854304000
17		1358	2125.950517000
17		41	2125.976392000
17		1358	2126.111136000
6	0		2126.135758000
6	0		2126.135831000
17		43	2126.163414000
17		41	2126.163459000
17		41	2126.163468000
17		33	2126.163783000
6	0		2126.174621000
6	12		2126.174873000
6	0		2126.213745000
6	12		2126.213785000
6	0		2126.213799000
6	1		2126.214002000
6	4		2126.214020000
6	32		2126.214031000
6	0		2126.214046000
6	0		2126.252780000
6	0		2126.252824000
6	0		2126.252829000
6	0		2126.253113000
6	0		2126.253139000
17		1358	2126.270640000
17		41	2126.350593000
17		1358	2126.430995000
17		41	2126.537183000
17		1358	2126.591593000
17		1358	2126.720594000
17		41	2126.724363000
17		41	2126.724383000
17		1358	2126.847594000
17		41	2126.911172000
17		1358	2126.976486000
17		41	2127.098291000
17		1358	2127.103998000
17		1358	2127.232692000
17		41	2127.285414000
17		1358	2127.361082000
17		46	2127.472339000
17		33	2127.486363000
17		1358	2127.574653000
17		41	2127.658947000
17		1358	2127.787915000
17		41	2127.845881000
17		1358	2128.001567000
17		41	2128.033157000
17		1358	2128.216610000
17		41	2128.219888000
17		41	2128.407670000
17		1358	2128.429379000
17		1358	2128.589556000
17		41	2128.594698000
17		1358	2128.750580000
17		41	2128.780989000
17		1358	2128.911000000
17		41	2128.967991000
17		1358	2129.069954000
17		41	2129.155021000
17		1358	2129.230865000
17		41	2129.342599000
17		1358	2129.390614000
17		41	2129.529382000
17		1358	2129.551198000
17		1358	2129.711104000
17		41	2129.716301000
17		1358	2129.871118000
17		41	2129.903617000
17		1358	2130.031595000
17		41	2130.090534000
17		1358	2130.192028000
17		41	2130.277072000
17		1358	2130.352235000
17		41	2130.464285000
17		1358	2130.512392000
17		41	2130.651640000
17		1358	2130.672658000
17		1358	2130.833875000
17		41	2130.837819000
17		1358	2130.993708000
17		41	2131.025348000
17		627	2131.153639000
17		46	2131.212222000
17		33	2131.225476000
17		41	2131.399233000
17		41	2131.586139000
17		41	2131.773260000
17		41	2131.960604000
17		1034	2132.147126000
17		39	2132.147770000
17		153	2132.148710000
17		1353	2132.148826000
17		1358	2132.148832000
17		1358	2132.148835000
17		1358	2132.148838000
17		1358	2132.148841000
17		1358	2132.148844000
17		1358	2132.148847000
17		1358	2132.148850000
17		1358	2132.148857000
17		1358	2132.309696000
17		1358	2132.470203000
17		47	2132.521779000
17		33	2132.535367000
17		41	2132.708191000
17		41	2132.894731000
17		41	2133.082109000
17		41	2133.269348000
17		1358	2133.270990000
17		41	2133.456569000
17		1358	2133.458073000
17		41	2133.643836000
17		1358	2133.672352000
17		41	2133.830615000
17		1358	2133.886895000
17		41	2134.017752000
17		1358	2134.047733000
17		41	2134.204532000
17		1358	2134.208089000
6	0		2134.254114000
6	0		2134.254190000
6	0		2134.293131000
6	12		2134.293335000
6	0		2134.332259000
6	12		2134.332310000
6	0		2134.332324000
6	1		2134.332523000
6	4		2134.332545000
6	32		2134.332558000
6	0		2134.332571000
6	0		2134.371452000
6	0		2134.371496000
6	0		2134.371500000
6	0		2134.371569000
6	0		2134.371581000
17		41	2134.391274000
17		1358	2134.392842000
17		41	2134.578695000
17		1358	2134.580579000
17		41	2134.765454000
17		1358	2134.766632000
17		41	2134.952209000
17		1358	2134.953849000
17		1358	2135.115053000
17		41	2135.139023000
17		647	2135.139056000
17		35	2135.140026000
17		76	2135.148295000
17		33	2135.148330000
17		1358	2135.275571000
17		41	2135.326521000
17		1358	2135.436443000
17		41	2135.513481000
17		1358	2135.597712000
17		41	2135.699817000
17		1358	2135.758519000
17		41	2135.887269000
17		1358	2135.919579000
17		41	2136.073856000
17		647	2136.073892000
17		33	2136.074217000
17		1358	2136.081203000
17		43	2136.260887000
17		46	2136.260920000
17		41	2136.260930000
17		33	2136.261263000
17		1358	2136.262565000
17		41	2136.448360000
17		1358	2136.449550000
17		41	2136.635091000
17		1358	2136.636370000
17		41	2136.822202000
17		1358	2136.850857000
17		41	2137.009108000
17		1358	2137.065143000
17		41	2137.196535000
17		1358	2137.226282000
17		41	2137.383694000
17		1358	2137.387510000
17		41	2137.569956000
17		1358	2137.571195000
17		1358	2137.732228000
17		41	2137.757112000
17		1358	2137.892947000
17		41	2137.944018000
17		1358	2138.053834000
17		41	2138.131188000
17		1358	2138.215368000
17		41	2138.318341000
17		1358	2138.376422000
17		41	2138.505299000
17		1358	2138.537981000
17		41	2138.692772000
17		1358	2138.699348000
17		41	2138.879599000
17		1358	2138.880569000
17		41	2139.066398000
17		685	2139.066426000
17		37	2139.067587000
17		1358	2139.067904000
17		74	2139.075445000
17		33	2139.075486000
17		41	2139.253414000
17		1358	2139.254362000
17		41	2139.440358000
17		1358	2139.441988000
17		41	2139.627103000
17		1358	2139.628447000
17		41	2139.814690000
17		1358	2139.816267000
17		46	2140.001284000
17		41	2140.001310000
17		33	2140.014924000
17		1358	2140.030597000
17		43	2140.188523000
17		41	2140.188547000
17		41	2140.188553000
17		33	2140.213974000
17		1358	2140.244469000
17		41	2140.375205000
17		1131	2140.375238000
17		35	2140.376158000
17		183	2140.390676000
17		196	2140.390714000
17		1358	2140.404446000
17		41	2140.561864000
17		1358	2140.564848000
17		1358	2140.725170000
17		41	2140.748938000
17		1358	2140.885417000
17		41	2140.935827000
17		1358	2141.046736000
17		41	2141.122977000
17		1358	2141.208157000
17		43	2141.310929000
17		41	2141.310954000
17		41	2141.310958000
17		33	2141.336698000
17		1358	2141.369280000
17		41	2141.497735000
17		1358	2141.530945000
17		41	2141.683950000
17		1358	2141.691868000
17		41	2141.871505000
17		1358	2141.873130000
17		41	2142.058384000
17		1358	2142.059973000
17		41	2142.245447000
17		1358	2142.246587000
17		41	2142.432564000
17		1358	2142.434133000
17		41	2142.619266000
17		41	2142.806575000
17		41	2142.992838000
17		1358	2142.993689000
17		41	2143.180375000
17		1358	2143.181979000
17		1358	2143.343180000
17		41	2143.367299000
17		1358	2143.503055000
17		41	2143.554697000
17		1358	2143.664480000
17		46	2143.741462000
17		33	2143.756123000
17		1358	2143.825962000
17		41	2143.927753000
17		1358	2143.986443000
17		41	2144.115322000
17		1358	2144.146668000
17		41	2144.302068000
17		1358	2144.307422000
17		1358	2144.467345000
17		41	2144.489302000
6	0		2144.559372000
6	0		2144.559414000
17		1358	2144.627703000
17		41	2144.675969000
17		1358	2144.756423000
17		41	2144.863140000
17		1358	2144.884108000
17		1358	2145.013174000
17		41	2145.049934000
17		683	2145.140472000
17		41	2145.237543000
17		41	2145.423910000
17		41	2145.611667000
17		41	2145.798541000
17		41	2145.984836000
17		1118	2146.172456000
17		39	2146.173067000
17		1358	2146.174869000
17		1358	2146.174898000
17		1358	2146.174902000
17		1358	2146.174906000
17		1358	2146.174909000
17		1358	2146.174912000
17		1358	2146.174916000
17		1358	2146.174920000
17		1358	2146.174923000
17		1358	2146.174927000
17		1358	2146.331542000
17		1358	2146.487818000
17		47	2146.546617000
17		33	2146.560274000
17		41	2146.732788000
17		41	2146.919902000
17		41	2147.106862000
17		41	2147.294379000
6	0		2147.390920000
6	0		2147.390972000
17		41	2147.481214000
17		1358	2147.482834000
6	0		2147.549780000
6	41		2147.555155000
17		41	2147.668068000
17		1358	2147.669622000
6	0		2147.713646000
6	21		2147.717176000
6	0		2147.717215000
6	1080		2147.718242000
17		41	2147.855550000
17		1358	2147.857276000
6	0		2147.876882000
6	440		2147.877084000
6	0		2147.918243000
17		41	2148.042465000
17		1358	2148.044161000
6	48		2148.078676000
6	0		2148.078717000
6	280		2148.082780000
17		41	2148.229329000
17		1358	2148.230956000
6	0		2148.241281000
6	16		2148.245206000
6	0		2148.286230000
17		41	2148.416106000
17		41	2148.416133000
17		1358	2148.417695000
6	52		2148.444777000
6	0		2148.444814000
6	52		2148.444900000
17		41	2148.602835000
6	84		2148.604688000
17		1358	2148.626531000
6	0		2148.650226000
17		41	2148.790264000
17		1358	2148.835786000
6	0		2148.896825000
6	0		2148.896883000
17		41	2148.977688000
17		1358	2148.992982000
17		1358	2149.148966000
17		41	2149.164276000
6	0		2149.188555000
6	41		2149.194149000
17		1358	2149.303780000
17		41	2149.351324000
17		1358	2149.460657000
6	0		2149.484681000
6	21		2149.484724000
6	0		2149.484738000
6	1080		2149.485980000
17		41	2149.538322000
17		1358	2149.617904000
17		41	2149.725171000
17		1358	2149.775456000
6	0		2149.776677000
6	440		2149.776714000
6	0		2149.818252000
17		41	2149.912373000
17		1358	2149.932258000
17		41	2150.099075000
17		1358	2150.100720000
6	48		2150.109223000
6	0		2150.109260000
6	280		2150.113467000
17		41	2150.286713000
17		1358	2150.288368000
6	0		2150.372935000
6	0		2150.372996000
6	0		2150.405155000
6	0		2150.412195000
6	12		2150.412471000
6	16		2150.443770000
6	0		2150.451407000
6	12		2150.451460000
6	0		2150.451475000
6	1		2150.452674000
6	4		2150.452695000
6	32		2150.452702000
6	0		2150.452710000
17		41	2150.473416000
17		1358	2150.475135000
6	0		2150.486232000
6	0		2150.491635000
6	0		2150.491667000
6	0		2150.491671000
6	0		2150.491810000
6	0		2150.491840000
17		41	2150.659920000
17		1358	2150.661498000
6	52		2150.776897000
6	0		2150.776983000
6	52		2150.777109000
17		41	2150.846791000
17		1358	2150.848965000
17		1358	2151.006237000
17		41	2151.033975000
6	84		2151.069358000
6	68		2151.078491000
6	0		2151.110249000
17		1358	2151.162052000
17		41	2151.221751000
6	52		2151.237079000
6	0		2151.237129000
6	0		2151.237158000
6	0		2151.238343000
17		1358	2151.287579000
6	0		2151.396880000
17		41	2151.408527000
17		1358	2151.413782000
17		41	2151.595465000
6	0		2151.595500000
6	0		2151.596791000
17		1358	2151.622307000
17		41	2151.782504000
17		1358	2151.831173000
17		41	2151.969853000
17		1358	2151.987700000
17		46	2152.156554000
17		1358	2152.157806000
17		41	2152.343178000
17		1358	2152.344756000
17		41	2152.530558000
6	0		2152.531154000
6	0		2152.531202000
17		1358	2152.531797000
6	0		2152.544132000
6	41		2152.549835000
6	0		2152.562480000
6	21		2152.562514000
6	0		2152.562528000
6	1080		2152.563710000
6	440		2152.576513000
6	0		2152.618232000
6	48		2152.630985000
6	0		2152.631026000
6	280		2152.636000000
6	0		2152.679049000
17		41	2152.717198000
17		1358	2152.718318000
6	16		2152.873675000
17		41	2152.904322000
17		1358	2152.906089000
6	0		2152.914232000
6	52		2152.927026000
6	0		2152.927065000
6	52		2152.927194000
6	0		2152.939799000
6	68		2152.957251000
6	84		2152.981329000
6	0		2153.022230000
17		41	2153.091890000
17		1358	2153.092709000
6	52		2153.248239000
6	0		2153.248293000
6	0		2153.248322000
6	0		2153.249450000
17		1358	2153.249463000
17		41	2153.278622000
17		1358	2153.405122000
17		41	2153.465015000
6	0		2153.540438000
17		1358	2153.561530000
17		41	2153.652357000
17		1358	2153.718908000
17		41	2153.838938000
17		1358	2153.874988000
17		41	2154.026161000
17		1358	2154.032163000
17		41	2154.213339000
17		1358	2154.215106000
17		41	2154.400561000
17		1358	2154.402099000
17		41	2154.587738000
17		1358	2154.610979000
17		41	2154.774671000
17		1358	2154.820668000
17		41	2154.961479000
17		1358	2154.977627000
17		41	2155.148056000
17		1358	2155.149839000
17		1358	2155.306271000
17		41	2155.335266000
6	68		2155.338958000
6	0		2155.356457000
6	52		2155.356908000
6	0		2155.356931000
6	0		2155.356953000
6	0		2155.358389000
6	0		2155.371151000
17		1358	2155.462258000
17		41	2155.521787000
17		1358	2155.618796000
17		41	2155.709628000
17		1358	2155.775293000
17		46	2155.896180000
17		33	2155.909602000
17		1358	2155.932425000
17		41	2156.083577000
17		1358	2156.089518000
17		41	2156.269868000
17		1358	2156.271552000
17		41	2156.456905000
17		1358	2156.458330000
6	0		2156.468348000
6	0		2156.468387000
17		41	2156.643873000
17		41	2156.831671000
17		41	2157.017884000
17		1358	2157.019497000
17		41	2157.205608000
17		1358	2157.207473000
17		41	2157.391981000
17		1358	2157.393573000
17		1358	2157.550341000
17		41	2157.578830000
17		1358	2157.706053000
17		41	2157.766290000
17		1358	2157.862112000
17		41	2157.953453000
17		1358	2158.018931000
17		41	2158.140466000
17		1358	2158.174897000
17		41	2158.327402000
6	0		2158.327455000
6	0		2158.327464000
6	0		2158.328588000
6	0		2158.328735000
17		1358	2158.328953000
17		1358	2158.487546000
6	0		2158.492807000
6	0		2158.492868000
17		41	2158.514629000
6	0		2158.532075000
6	12		2158.532311000
6	0		2158.571332000
6	12		2158.571369000
6	0		2158.571381000
6	1		2158.571559000
6	4		2158.571583000
6	32		2158.571590000
6	0		2158.571598000
6	0		2158.610674000
6	0		2158.610712000
6	0		2158.610717000
6	0		2158.610901000
6	0		2158.610934000
17		1358	2158.643097000
17		41	2158.700929000
17		1358	2158.768038000
17		41	2158.888436000
17		1358	2158.892252000
17		1358	2159.016614000
17		41	2159.075516000
17		1358	2159.140965000
17		41	2159.261932000
17		1358	2159.265832000
17		41	2159.449395000
17		1358	2159.473713000
6	0		2159.563893000
6	0		2159.563945000
6	0		2159.604727000
17		46	2159.636410000
17		33	2159.649712000
17		1358	2159.681411000
17		41	2159.823222000
17		1358	2159.889281000
17		41	2160.010737000
17		1358	2160.097308000
17		41	2160.196801000
17		1358	2160.252866000
17		41	2160.383841000
17		1358	2160.408851000
17		41	2160.477195000
17		1358	2160.565062000
17		41	2160.570281000
17		41	2160.663093000
17		1358	2160.711961000
17		41	2160.756591000
17		41	2160.849098000
17		1358	2160.858970000
17		41	2160.941631000
17		1358	2161.005492000
17		41	2161.035213000
17		41	2161.127902000
17		1358	2161.152581000
17		41	2161.221173000
17		1358	2161.299495000
17		41	2161.313773000
17		41	2161.406768000
17		1358	2161.407647000
17		1358	2161.407667000
17		1358	2161.407671000
17		1358	2161.407675000
17		1358	2161.407678000
17		1358	2161.407682000
17		1358	2161.407685000
17		1358	2161.407689000
17		1358	2161.407693000
17		1358	2161.407696000
17		1358	2161.555020000
17		41	2161.592998000
17		41	2161.686093000
17		1358	2161.702158000
17		41	2161.779317000
17		1358	2161.842610000
17		41	2161.872571000
17		46	2161.965096000
17		1358	2161.966716000
17		1358	2162.055899000
17		41	2162.058075000
17		1358	2162.145714000
17		41	2162.151278000
17		1358	2162.232203000
17		41	2162.244036000
17		41	2162.337512000
17		1358	2162.373931000
17		41	2162.430658000
17		1358	2162.477541000
17		41	2162.522708000
17		1358	2162.579900000
17		41	2162.615726000
17		1358	2162.681075000
17		41	2162.709071000
17		1358	2162.764770000
17		41	2162.802260000
17		1358	2162.846829000
17		41	2162.895493000
17		1358	2162.929796000
17		41	2162.988628000
17		1358	2163.011962000
17		41	2163.081280000
17		1358	2163.095130000
17		41	2163.174304000
17		1358	2163.176174000
17		1358	2163.260418000
17		41	2163.267306000
17		1358	2163.342827000
17		41	2163.360550000
17		1358	2163.426282000
17		41	2163.453055000
17		1358	2163.507883000
17		41	2163.546684000
17		1358	2163.574097000
17		41	2163.639338000
17		1358	2163.640171000
17		41	2163.732457000
17		1358	2163.750809000
17		46	2163.825595000
17		33	2163.839428000
17		1358	2163.861459000
17		41	2163.918523000
17		1358	2163.944769000
17		41	2164.011076000
17		1358	2164.026477000
17		41	2164.104297000
17		1358	2164.109287000
17		1358	2164.192117000
17		41	2164.196873000
17		1358	2164.274185000
17		41	2164.290733000
17		1358	2164.357027000
17		41	2164.383345000
17		1358	2164.439867000
17		41	2164.475789000
17		1358	2164.522496000
17		41	2164.569400000
17		1358	2164.604821000
17		41	2164.662039000
17		1358	2164.687686000
17		41	2164.755285000
17		1358	2164.769720000
17		41	2164.848138000
17		1358	2164.852881000
17		1358	2164.936526000
17		41	2164.941364000
17		1358	2165.017900000
17		41	2165.034642000
6	0		2165.059977000
6	0		2165.060029000
17		1358	2165.083670000
17		583	2165.127314000
17		41	2165.127349000
17		35	2165.128829000
17		76	2165.136920000
17		33	2165.136960000
17		1358	2165.150867000
17		41	2165.220522000
6	0		2165.247347000
6	41		2165.252635000
17		1358	2165.260642000
17		41	2165.313308000
17		1358	2165.370996000
17		41	2165.406638000
6	0		2165.439688000
6	21		2165.444943000
6	0		2165.444991000
6	1080		2165.446031000
17		1358	2165.453479000
17		41	2165.499278000
17		1358	2165.536207000
17		41	2165.592003000
17		1358	2165.619630000
6	440		2165.638977000
6	0		2165.682226000
17		46	2165.685415000
17		33	2165.699378000
17		1358	2165.701436000
17		41	2165.778011000
17		1358	2165.784401000
17		1358	2165.867528000
6	48		2165.869307000
6	0		2165.869338000
17		43	2165.871564000
17		41	2165.871588000
6	280		2165.873544000
17		33	2165.897595000
17		1358	2165.948865000
17		41	2165.963930000
17		1358	2166.032539000
17		41	2166.057450000
6	16		2166.068043000
6	0		2166.110231000
17		1358	2166.114066000
17		41	2166.150116000
17		1358	2166.196723000
17		41	2166.243538000
17		1358	2166.279584000
6	52		2166.297296000
6	0		2166.297339000
6	52		2166.297467000
17		41	2166.336346000
17		1358	2166.361999000
17		41	2166.429231000
17		1358	2166.444609000
6	84		2166.484957000
17		41	2166.522499000
17		1358	2166.527925000
6	0		2166.530232000
17		1358	2166.593327000
6	0		2166.611839000
6	0		2166.611901000
17		41	2166.615189000
6	0		2166.650966000
6	12		2166.651235000
17		1358	2166.659247000
6	0		2166.690298000
6	12		2166.690330000
6	0		2166.690341000
6	1		2166.690464000
6	4		2166.690476000
6	32		2166.690496000
6	0		2166.690517000
17		41	2166.708007000
17		1358	2166.725174000
6	0		2166.729488000
6	0		2166.729530000
6	0		2166.729539000
6	0		2166.729652000
6	0		2166.729682000
17		41	2166.801329000
17		1358	2166.835056000
17		41	2166.894577000
17		1358	2166.945584000
17		41	2166.987236000
17		1358	2167.028135000
17		41	2167.079908000
17		1358	2167.110987000
17		41	2167.173554000
6	73		2167.181037000
17		1358	2167.193374000
17		41	2167.266240000
17		1358	2167.275969000
17		1358	2167.359020000
17		41	2167.359566000
6	73		2167.426882000
17		1358	2167.441271000
17		41	2167.452418000
17		1358	2167.524194000
17		41	2167.545749000
17		1358	2167.606299000
17		46	2167.638425000
17		33	2167.652271000
17		1358	2167.688789000
17		41	2167.731544000
17		1358	2167.772093000
17		41	2167.824062000
17		1358	2167.854177000
6	0		2167.917207000
17		41	2167.917233000
17		1358	2167.937428000
17		41	2168.010378000
17		1358	2168.019636000
17		1358	2168.085071000
17		41	2168.102829000
17		1358	2168.151491000
6	0		2168.196275000
17		41	2168.196300000
17		1358	2168.219020000
17		41	2168.288731000
17		1358	2168.330689000
17		41	2168.382128000
17		1358	2168.441144000
17		41	2168.474940000
17		1358	2168.524870000
17		41	2168.568491000
17		1358	2168.607633000
17		41	2168.661204000
17		1358	2168.690149000
17		41	2168.753766000
6	68		2168.763677000
17		1358	2168.772356000
17		41	2168.847436000
17		1358	2168.855177000
17		1358	2168.937071000
17		41	2168.939732000
6	52		2168.962733000
6	0		2168.962788000
6	0		2168.962814000
6	0		2168.964373000
17		1358	2169.020394000
17		41	2169.033282000
17		1358	2169.104074000
17		41	2169.125722000
6	0		2169.151457000
17		1358	2169.188664000
17		41	2169.219401000
17		1358	2169.272365000
17		41	2169.312007000
17		1358	2169.356023000
17		41	2169.405628000
17		1358	2169.439604000
17		46	2169.498184000
17		33	2169.512291000
17		1358	2169.523764000
17		1358	2169.590561000
17		41	2169.590941000
17		41	2169.684516000
17		41	2169.777506000
17		41	2169.870016000
17		41	2169.962693000
17		1358	2169.964244000
6	0		2170.016942000
6	0		2170.017012000
17		41	2170.056411000
17		1358	2170.057222000
17		41	2170.149438000
17		1358	2170.151016000
17		41	2170.242738000
17		1358	2170.244315000
6	0		2170.284007000
6	41		2170.289475000
17		41	2170.335438000
17		1358	2170.337051000
17		41	2170.427768000
17		1358	2170.429329000
17		41	2170.521469000
17		1358	2170.523083000
6	0		2170.556443000
6	21		2170.565191000
6	0		2170.565229000
6	1080		2170.566164000
17		1358	2170.606701000
17		41	2170.614555000
17		1358	2170.689366000
17		41	2170.706993000
17		1358	2170.772396000
17		41	2170.800502000
6	440		2170.842177000
17		1358	2170.855905000
6	0		2170.882243000
17		41	2170.892636000
17		1358	2170.939157000
17		41	2170.986135000
17		1358	2171.022075000
17		41	2171.079373000
17		1358	2171.089489000
6	48		2171.149220000
6	0		2171.149267000
6	280		2171.153512000
17		41	2171.172384000
17		1358	2171.173970000
17		41	2171.265543000
17		1358	2171.285083000
17		46	2171.358267000
17		33	2171.371999000
17		1358	2171.395965000
6	16		2171.436238000
17		41	2171.451253000
6	0		2171.478222000
17		41	2171.544464000
17		41	2171.637536000
17		1358	2171.639095000
17		1358	2171.721652000
17		41	2171.729927000
6	52		2171.745170000
6	0		2171.745210000
6	52		2171.745332000
17		1358	2171.801440000
17		41	2171.822998000
17		1358	2171.883474000
17		41	2171.916549000
17		1358	2171.966183000
17		41	2172.008679000
6	84		2172.020355000
17		1358	2172.046310000
6	0		2172.062209000
17		41	2172.101723000
17		1358	2172.126500000
6	56		2172.181163000
6	0		2172.181207000
17		41	2172.195827000
17		1358	2172.208392000
17		41	2172.288524000
17		1358	2172.290465000
6	0		2172.321044000
6	0		2172.321107000
6	0		2172.338015000
6	41		2172.343517000
6	0		2172.359840000
6	21		2172.359877000
6	0		2172.359888000
6	1080		2172.360845000
17		1358	2172.370158000
6	0		2172.377099000
6	440		2172.377142000
17		41	2172.381833000
6	0		2172.418242000
6	56		2172.426480000
6	0		2172.426515000
6	48		2172.434671000
6	0		2172.434711000
6	280		2172.439308000
17		1358	2172.451409000
6	0		2172.455663000
6	16		2172.460645000
17		41	2172.473758000
6	0		2172.502234000
6	52		2172.518606000
6	0		2172.518649000
6	52		2172.518794000
17		1358	2172.531545000
6	100		2172.535089000
6	0		2172.567504000
17		41	2172.567533000
6	0		2172.567540000
6	0		2172.578220000
17		1358	2172.612152000
17		41	2172.659962000
17		1358	2172.693842000
17		41	2172.753159000
17		1358	2172.774450000
6	0		2172.846487000
17		41	2172.846513000
6	0		2172.846520000
17		1358	2172.855320000
17		1358	2172.937088000
17		41	2172.938672000
17		1358	2173.016546000
17		41	2173.032344000
17		1358	2173.082538000
17		41	2173.125052000
17		1358	2173.147001000
17		1358	2173.211768000
17		46	2173.217711000
17		33	2173.230904000
17		1358	2173.275607000
17		41	2173.310994000
17		1358	2173.340039000
17		41	2173.403746000
17		1358	2173.448475000
17		41	2173.497352000
17		1358	2173.555804000
17		41	2173.589673000
17		1358	2173.662820000
17		41	2173.682884000
17		1358	2173.770601000
17		41	2173.776244000
17		1358	2173.851112000
17		41	2173.868913000
17		1358	2173.932387000
17		41	2173.962257000
17		1358	2174.013429000
17		41	2174.054762000
17		1358	2174.093292000
17		41	2174.147826000
17		1358	2174.172640000
17		41	2174.240763000
17		1358	2174.252760000
6	68		2174.319159000
17		1358	2174.331716000
17		41	2174.333662000
17		1358	2174.412209000
17		41	2174.427037000
17		1358	2174.491483000
17		41	2174.520329000
17		1358	2174.572157000
6	52		2174.602715000
6	0		2174.602759000
6	0		2174.602779000
6	0		2174.603994000
17		41	2174.612780000
17		1358	2174.651282000
17		41	2174.706292000
17		1358	2174.730704000
6	0		2174.731225000
6	0		2174.731270000
6	0		2174.771095000
6	12		2174.771349000
17		41	2174.799235000
17		1358	2174.809803000
6	0		2174.811098000
6	12		2174.811129000
6	0		2174.811142000
6	1		2174.811323000
6	4		2174.811350000
6	32		2174.811362000
6	0		2174.811379000
6	0		2174.851041000
6	0		2174.851082000
6	0		2174.851097000
6	0		2174.851248000
6	0		2174.851264000
6	0		2174.870952000
17		1358	2174.889023000
17		41	2174.892065000
17		1358	2174.969724000
17		41	2174.984831000
17		1358	2175.048814000
17		46	2175.077938000
17		33	2175.091961000
17		1358	2175.128677000
17		41	2175.171028000
17		1358	2175.207867000
17		41	2175.264024000
17		780	2175.288060000
6	68		2175.305505000
6	52		2175.321969000
6	0		2175.322020000
6	0		2175.322045000
6	0		2175.323646000
6	0		2175.339963000
17		41	2175.357120000
17		41	2175.450147000
17		41	2175.543519000
17		41	2175.635730000
17		41	2175.728860000
17		1035	2175.822344000
17		39	2175.822967000
17		1358	2175.823982000
17		1358	2175.823996000
17		1358	2175.824000000
17		1358	2175.824003000
17		1358	2175.824006000
17		1358	2175.824009000
17		1358	2175.824013000
17		1358	2175.824016000
17		1358	2175.824020000
17		1358	2175.824024000
17		1358	2175.904602000
17		1358	2175.984589000
17		47	2176.008329000
17		33	2176.021867000
17		41	2176.100817000
17		41	2176.194257000
17		41	2176.287461000
17		41	2176.379809000
17		41	2176.473063000
17		1358	2176.474631000
17		41	2176.566218000
17		1358	2176.567767000
17		41	2176.659187000
17		1358	2176.660741000
17		41	2176.752184000
17		1358	2176.753773000
17		41	2176.844989000
17		1358	2176.846573000
17		41	2176.937939000
17		1358	2176.939416000
17		41	2177.030875000
17		1358	2177.032465000
17		41	2177.124033000
17		1358	2177.125301000
17		1358	2177.205693000
17		41	2177.216664000
17		1358	2177.286168000
17		41	2177.309942000
17		1358	2177.366592000
17		41	2177.403307000
17		1358	2177.447232000
17		41	2177.496399000
17		1358	2177.527904000
17		41	2177.588867000
17		1358	2177.592405000
17		41	2177.682114000
17		1358	2177.683493000
17		41	2177.774751000
17		1358	2177.790820000
17		46	2177.867797000
17		33	2177.881277000
17		1358	2177.897927000
17		41	2177.961200000
17		1358	2177.978244000
17		41	2178.053782000
17		1358	2178.058187000
17		41	2178.146783000
17		1358	2178.147519000
17		1358	2178.227698000
17		41	2178.240549000
17		1358	2178.307080000
17		41	2178.333222000
17		1358	2178.387463000
17		1358	2178.426253000
17		41	2178.426280000
17		1358	2178.427731000
17		1358	2178.434414000
17		1358	2178.434445000
17		1077	2178.434448000
17		1358	2178.467615000
17		41	2178.518867000
17		1358	2178.547622000
17		41	2178.612187000
17		1358	2178.628325000
17		41	2178.705411000
17		1358	2178.705435000
6	0		2178.705447000
17		1358	2178.705845000
6	0		2178.706633000
17		1358	2178.706955000
6	0		2178.797736000
17		41	2178.797762000
6	0		2178.798052000
17		1358	2178.799278000
17		41	2178.891532000
6	0		2178.891568000
6	0		2178.891857000
17		1358	2178.893091000
17		41	2178.983721000
17		1358	2178.985385000
17		1358	2179.006451000
17		1358	2179.077026000
6	0		2179.104781000
17		704	2179.170817000
17		49	2179.170847000
17		35	2179.172364000
17		74	2179.180913000
17		33	2179.180957000
6	0		2179.192474000
17		49	2179.263073000
17		91	2179.263096000
17		78	2179.263104000
17		587	2179.263113000
17		35	2179.264081000
17		1358	2179.264105000
17		101	2179.264111000
17		41	2179.355794000
17		1358	2179.357359000
6	0		2179.434776000
6	0		2179.434829000
6	0		2179.449339000
17		41	2179.449426000
6	0		2179.449990000
17		1358	2179.464648000
6	0		2179.472942000
17		1354	2179.532425000
17		1358	2179.532465000
17		1358	2179.532470000
17		1358	2179.532474000
17		1358	2179.532478000
17		1358	2179.532481000
17		1358	2179.532484000
17		1358	2179.532488000
17		41	2179.542010000
17		1358	2179.551235000
17		1358	2179.570143000
17		1358	2179.572166000
17		1358	2179.589439000
17		1358	2179.607591000
17		1358	2179.626784000
17		168	2179.635116000
17		33	2179.635496000
17		1358	2179.645394000
17		1358	2179.664484000
17		1358	2179.682704000
17		1358	2179.702048000
17		1358	2179.720335000
6	0		2179.728305000
6	608		2179.728341000
17		41	2179.728350000
6	0		2179.728656000
17		1358	2179.729950000
6	212		2179.736348000
17		1358	2179.739257000
17		1358	2179.758115000
17		1358	2179.776716000
17		1358	2179.795996000
17		1358	2179.814420000
6	0		2179.821475000
6	608		2179.821501000
17		41	2179.821516000
6	0		2179.821784000
17		1358	2179.823089000
6	212		2179.829205000
17		1358	2179.833876000
17		1358	2179.852288000
17		1358	2179.871866000
17		1358	2179.889826000
17		1358	2179.908329000
17		41	2179.914627000
17		1358	2179.916200000
17		1358	2179.927480000
17		1358	2179.945900000
17		1358	2179.964736000
17		1358	2179.983639000
17		1358	2180.002283000
17		41	2180.006903000
17		1358	2180.008503000
17		1358	2180.021023000
17		1358	2180.039882000
17		1358	2180.059309000
17		1358	2180.077901000
6	0		2180.100458000
6	0		2180.100479000
17		673	2180.100486000
17		42	2180.100492000
17		43	2180.100496000
17		41	2180.100501000
17		35	2180.100882000
17		33	2180.126234000
17		41	2180.192707000
17		41	2180.192735000
17		1358	2180.193008000
17		1358	2180.212047000
17		46	2180.286202000
17		1358	2180.287826000
17		41	2180.379408000
17		1358	2180.380968000
17		45	2180.472079000
17		1358	2180.472507000
17		1358	2180.492028000
17		42	2180.564978000
17		1358	2180.565337000
17		1358	2180.584649000
17		42	2180.657986000
17		1358	2180.658771000
17		1358	2180.677879000
17		41	2180.751300000
17		1358	2180.751642000
17		1358	2180.771053000
17		1358	2180.789525000
17		1358	2180.808591000
17		42	2180.843967000
17		1358	2180.844324000
17		1358	2180.863503000
17		42	2180.937593000
17		1358	2180.937992000
17		1358	2180.957239000
17		42	2181.030567000
17		1358	2181.031231000
17		1358	2181.050922000
17		42	2181.123269000
17		1358	2181.123688000
17		1358	2181.142637000
17		42	2181.216588000
17		41	2181.216612000
17		1358	2181.216952000
17		33	2181.217065000
17		1358	2181.236434000
17		41	2181.308977000
17		1358	2181.310123000
17		42	2181.402194000
17		41	2181.402224000
17		1358	2181.402593000
17		1358	2181.421497000
17		42	2181.495277000
17		1358	2181.495695000
17		1358	2181.514664000
17		42	2181.587744000
17		1358	2181.588174000
17		1358	2181.607121000
17		41	2181.681460000
17		42	2181.681483000
6	608		2181.681492000
17		1358	2181.681800000
6	0		2181.681870000
17		35	2181.682854000
17		1358	2181.700865000
17		42	2181.774579000
17		1358	2181.774899000
17		1358	2181.793952000
6	212		2181.848447000
17		41	2181.866756000
17		1358	2181.867113000
17		1358	2181.886238000
17		1358	2181.905063000
17		1358	2181.923759000
6	212		2181.928350000
17		42	2181.960511000
6	0		2181.960748000
6	0		2181.960818000
17		1358	2181.960833000
17		1358	2181.979770000
6	0		2182.053570000
6	64		2182.053599000
17		41	2182.053608000
6	608		2182.054135000
17		1358	2182.055648000
17		42	2182.145788000
17		1358	2182.146224000
17		1358	2182.165287000
6	0		2182.168332000
6	22		2182.169829000
6	0		2182.169866000
6	41		2182.174640000
17		42	2182.238854000
17		1358	2182.239272000
17		1358	2182.258367000
17		42	2182.332069000
17		1358	2182.332417000
17		1358	2182.351716000
6	0		2182.382312000
6	1080		2182.382364000
6	976		2182.386403000
17		42	2182.425406000
17		1358	2182.425978000
6	0		2182.430252000
17		1358	2182.445333000
17		42	2182.518254000
17		1358	2182.518649000
17		1358	2182.537907000
6	0		2182.610689000
6	64		2182.610715000
17		41	2182.610725000
6	0		2182.611021000
6	608		2182.611568000
17		1358	2182.612230000
6	0		2182.628975000
17		42	2182.704066000
17		41	2182.704101000
17		1358	2182.704463000
17		37	2182.704491000
17		1358	2182.723913000
17		42	2182.797243000
17		1358	2182.797772000
17		1358	2182.816766000
6	0		2182.852177000
6	0		2182.852235000
17		42	2182.889991000
17		1358	2182.890315000
6	0		2182.891202000
6	12		2182.891350000
17		1358	2182.909175000
6	0		2182.930257000
6	12		2182.930294000
6	0		2182.930307000
6	1		2182.930476000
6	4		2182.930489000
6	32		2182.930501000
6	0		2182.930524000
6	0		2182.969453000
6	0		2182.969497000
6	0		2182.969504000
6	0		2182.969521000
6	0		2182.969536000
17		42	2182.982919000
17		1358	2182.983269000
17		1358	2183.002455000
17		42	2183.076171000
17		1358	2183.076633000
17		1358	2183.095470000
17		41	2183.169347000
17		1358	2183.170983000
6	48		2183.248164000
6	0		2183.248223000
6	388		2183.255300000
17		42	2183.262343000
17		1358	2183.262745000
17		1358	2183.282206000
17		41	2183.354764000
17		1358	2183.355144000
17		1358	2183.373925000
17		42	2183.448072000
17		1358	2183.448362000
6	0		2183.463725000
17		42	2183.541331000
17		1358	2183.541728000
17		41	2183.633903000
17		41	2183.633930000
17		35	2183.634290000
17		1358	2183.634790000
17		42	2183.727095000
17		1358	2183.727471000
17		42	2183.820004000
17		1358	2183.820348000
17		42	2183.913429000
17		1358	2183.913965000
17		41	2184.006244000
17		1358	2184.006623000
17		41	2184.099180000
17		1358	2184.099733000
17		41	2184.192603000
17		1358	2184.192924000
17		41	2184.285391000
17		1358	2184.287001000
17		41	2184.378268000
17		1358	2184.379856000
17		41	2184.470696000
17		1358	2184.470992000
17		41	2184.563768000
17		1358	2184.564067000
17		1358	2184.583201000
6	64		2184.656888000
17		41	2184.656915000
6	0		2184.657259000
17		1358	2184.657768000
17		41	2184.750043000
17		1358	2184.750565000
6	16		2184.800368000
6	0		2184.842206000
17		41	2184.842794000
17		1358	2184.843063000
17		45	2184.935750000
17		41	2184.935774000
17		1358	2184.936114000
17		37	2184.936998000
17		41	2185.029262000
17		1358	2185.029561000
17		766	2185.122145000
17		41	2185.122188000
17		1358	2185.122471000
17		39	2185.122827000
17		76	2185.131901000
17		33	2185.131970000
17		41	2185.214655000
17		1358	2185.214994000
17		41	2185.307841000
17		1358	2185.308174000
17		41	2185.401138000
17		1358	2185.401524000
17		41	2185.494164000
17		1358	2185.494488000
17		41	2185.587346000
17		1358	2185.587702000
17		1358	2185.606964000
17		41	2185.680529000
17		1358	2185.680858000
17		41	2185.773365000
17		1358	2185.773733000
17		41	2185.865839000
17		1358	2185.866272000
6	608		2185.944416000
17		41	2185.958946000
17		1358	2185.959304000
17		41	2186.052515000
17		1358	2186.052845000
17		41	2186.145611000
17		41	2186.237932000
17		1358	2186.238310000
17		41	2186.331064000
17		1358	2186.331397000
17		33	2186.355473000
17		41	2186.424504000
17		1358	2186.424810000
17		41	2186.517588000
17		1358	2186.517919000
17		41	2186.609776000
17		1358	2186.610138000
17		41	2186.702691000
17		1358	2186.703341000
17		1358	2186.722830000
6	64		2186.796128000
17		41	2186.796152000
17		1358	2186.796422000
6	0		2186.796479000
17		46	2186.888963000
17		1358	2186.889307000
6	0		2186.982480000
17		41	2186.982508000
17		1358	2186.982810000
6	608		2187.048719000
17		41	2187.075375000
17		1358	2187.075792000
17		41	2187.167852000
17		1358	2187.168155000
17		41	2187.260765000
17		1358	2187.261081000
6	52		2187.327758000
6	0		2187.327797000
6	52		2187.327877000
6	0		2187.353958000
17		42	2187.353981000
17		1358	2187.354314000
17		42	2187.447243000
17		1358	2187.447525000
6	0		2187.535288000
17		42	2187.539748000
17		1358	2187.540113000
6	84		2187.542199000
6	0		2187.586231000
6	0		2187.633238000
17		41	2187.725793000
17		42	2187.725818000
17		1358	2187.726325000
17		42	2187.819113000
17		1358	2187.819489000
6	0		2187.826246000
6	0		2187.826292000
17		42	2187.912247000
17		1358	2187.912562000
17		43	2188.005421000
17		1358	2188.005832000
17		43	2188.097743000
17		1358	2188.098149000
17		43	2188.190811000
17		1358	2188.191158000
17		1179	2188.284010000
17		43	2188.284042000
17		1358	2188.284413000
17		39	2188.285056000
17		107	2188.297121000
17		55	2188.297166000
17		43	2188.377178000
17		1358	2188.377522000
17		43	2188.469920000
17		1358	2188.470204000
6	0		2188.562847000
17		43	2188.562872000
17		1358	2188.563174000
17		41	2188.656306000
17		1358	2188.657704000
17		43	2188.749305000
17		1358	2188.749689000
17		42	2188.841899000
17		1358	2188.842303000
17		47	2188.934758000
17		1358	2188.935175000
17		42	2189.028407000
17		1358	2189.028767000
17		42	2189.121386000
17		42	2189.214083000
17		42	2189.306993000
17		43	2189.400142000
17		43	2189.493297000
17		41	2189.585677000
17		1358	2189.587312000
17		43	2189.679626000
6	52		2189.707090000
17		43	2189.772395000
17		43	2189.865483000
6	52		2189.917216000
6	0		2189.917260000
6	0		2189.917283000
6	0		2189.918828000
17		43	2189.957706000
17		43	2190.051300000
6	0		2190.126359000
17		43	2190.144394000
17		41	2190.144420000
17		37	2190.145842000
17		41	2190.237518000
17		1358	2190.238508000
17		43	2190.330086000
17		43	2190.423500000
17		43	2190.516042000
17		76	2190.594315000
17		43	2190.608937000
17		43	2190.702237000
17		41	2190.795357000
17		1358	2190.796956000
17		41	2190.888011000
17		1358	2190.889604000
6	0		2190.971754000
6	0		2190.971807000
17		43	2190.980954000
6	0		2191.011389000
6	12		2191.011620000
6	0		2191.051301000
6	12		2191.051334000
6	0		2191.051345000
6	1		2191.051564000
6	4		2191.051584000
6	32		2191.051594000
6	0		2191.051605000
17		43	2191.073750000
6	0		2191.091101000
6	0		2191.091192000
6	0		2191.091204000
6	0		2191.091338000
6	0		2191.091351000
17		48	2191.166870000
17		35	2191.193141000
6	0		2191.199603000
6	0		2191.199659000
17		43	2191.260000000
6	0		2191.335016000
6	41		2191.340510000
17		43	2191.353088000
17		43	2191.446242000
6	0		2191.475433000
6	21		2191.476148000
6	0		2191.476180000
6	1080		2191.477169000
17		43	2191.539183000
6	440		2191.625001000
17		43	2191.631812000
17		41	2191.631844000
6	0		2191.666228000
17		43	2191.725408000
17		41	2191.725432000
17		43	2191.725437000
17		33	2191.750885000
6	48		2191.792529000
6	0		2191.792569000
6	280		2191.796594000
17		43	2191.818027000
17		43	2191.910898000
6	16		2191.954153000
6	0		2191.998234000
17		43	2192.004015000
17		43	2192.097148000
6	52		2192.134526000
6	0		2192.134566000
6	52		2192.134705000
17		43	2192.190236000
6	84		2192.282828000
17		43	2192.284396000
6	0		2192.326224000
17		43	2192.375897000
6	0		2192.469454000
17		43	2192.469477000
17		43	2192.562060000
17		43	2192.655255000
17		43	2192.748005000
17		41	2192.841127000
17		43	2192.841150000
17		43	2192.934205000
17		48	2193.027450000
17		34	2193.052796000
17		43	2193.119671000
17		43	2193.212680000
17		43	2193.306169000
17		43	2193.399194000
17		43	2193.492152000
6	0		2193.584820000
17		43	2193.678558000
17		43	2193.771167000
17		1026	2193.771192000
17		41	2193.771200000
17		45	2193.771204000
17		36	2193.771797000
17		45	2193.771819000
17		43	2193.863930000
17		43	2193.956692000
17		43	2194.050387000
6	68		2194.129350000
17		43	2194.143137000
17		43	2194.236317000
6	0		2194.267165000
6	0		2194.267205000
17		43	2194.329506000
17		43	2194.421701000
6	52		2194.428515000
6	0		2194.428565000
6	0		2194.429983000
17		43	2194.514838000
6	0		2194.560824000
17		43	2194.608079000
17		41	2194.701524000
17		45	2194.701551000
17		41	2194.701559000
17		43	2194.701565000
17		33	2194.727259000
17		43	2194.794496000
6	0		2194.860013000
6	0		2194.860069000
17		43	2194.887213000
6	0		2194.895798000
6	41		2194.901631000
17		48	2194.980415000
17		1358	2194.980756000
6	0		2195.070556000
6	21		2195.070755000
6	0		2195.070766000
6	1080		2195.071679000
17		41	2195.072833000
17		874	2195.072856000
17		35	2195.073795000
17		1358	2195.074446000
17		76	2195.083922000
17		33	2195.083957000
17		1358	2195.155712000
17		43	2195.165710000
17		1358	2195.166065000
17		1358	2195.185378000
17		1358	2195.234433000
17		43	2195.258669000
17		1358	2195.259101000
17		1358	2195.315188000
6	440		2195.330036000
17		42	2195.352335000
17		1358	2195.352684000
6	0		2195.370202000
17		41	2195.445041000
17		1358	2195.446623000
17		1358	2195.527210000
17		43	2195.538530000
17		41	2195.538551000
17		1358	2195.607513000
17		41	2195.630843000
17		1358	2195.688049000
17		41	2195.724450000
6	48		2195.763286000
6	0		2195.763337000
6	280		2195.767322000
17		1358	2195.767405000
17		41	2195.817099000
17		41	2195.817126000
17		1358	2195.817510000
17		1358	2195.836278000
17		1358	2195.848212000
17		1358	2195.855283000
17		1358	2195.873963000
17		1358	2195.892763000
17		47	2195.910441000
17		45	2195.910463000
17		42	2195.910468000
17		1358	2195.911637000
17		33	2195.924647000
17		1358	2195.926711000
17		1358	2195.930380000
17		33	2195.936797000
17		1358	2195.949029000
17		1358	2195.968460000
17		1358	2195.987048000
17		1358	2195.991686000
17		41	2196.003247000
17		1358	2196.005788000
17		1358	2196.024260000
17		1358	2196.042955000
17		1358	2196.055335000
17		1358	2196.061982000
17		1358	2196.081305000
17		41	2196.095857000
17		1358	2196.099717000
17		1358	2196.118485000
17		1358	2196.119105000
6	280		2196.130227000
17		1358	2196.136897000
17		1358	2196.155699000
17		1358	2196.174653000
17		1358	2196.183163000
17		41	2196.189192000
17		1358	2196.193531000
17		1358	2196.212047000
17		1358	2196.231134000
17		1358	2196.247490000
17		1358	2196.249701000
17		1358	2196.268879000
17		41	2196.282571000
17		1358	2196.287400000
17		1358	2196.305991000
17		1358	2196.310600000
17		1358	2196.324944000
17		1358	2196.343578000
17		1358	2196.362489000
6	0		2196.363998000
17		41	2196.375123000
17		1358	2196.375443000
17		1358	2196.381256000
17		1358	2196.400145000
17		1358	2196.418961000
17		1358	2196.437662000
17		1358	2196.456312000
17		41	2196.467813000
17		1358	2196.469474000
17		1358	2196.475404000
17		1358	2196.493915000
17		1358	2196.512682000
17		1358	2196.531774000
17		1358	2196.534331000
17		1358	2196.550229000
17		41	2196.560633000
17		1358	2196.569210000
17		1358	2196.588399000
17		1358	2196.606739000
17		1358	2196.625619000
17		1358	2196.644255000
17		41	2196.654367000
17		1358	2196.655947000
6	16		2196.662009000
17		1358	2196.663003000
17		1358	2196.681961000
6	0		2196.687786000
17		1358	2196.700538000
6	0		2196.702227000
17		1358	2196.719532000
17		1358	2196.720201000
17		1358	2196.738460000
17		41	2196.747596000
17		1358	2196.757126000
17		1358	2196.775690000
17		1358	2196.785141000
17		1358	2196.794466000
17		1358	2196.813796000
17		1358	2196.832307000
17		41	2196.839839000
17		1358	2196.850971000
6	52		2196.865283000
6	0		2196.865326000
6	52		2196.865446000
17		1358	2196.869719000
17		1358	2196.888558000
17		1358	2196.893297000
17		1358	2196.907194000
17		1358	2196.925985000
17		41	2196.932727000
17		1358	2196.944955000
6	0		2196.960025000
17		1358	2196.963625000
17		1358	2196.982725000
17		1358	2196.999332000
17		1358	2197.001588000
6	100		2197.006522000
17		1358	2197.019961000
17		41	2197.025896000
17		1358	2197.039050000
6	0		2197.050223000
17		1358	2197.057807000
17		1358	2197.076508000
17		1358	2197.095240000
17		1358	2197.104830000
17		41	2197.118977000
17		1358	2197.119501000
17		1358	2197.211861000
17		41	2197.212196000
17		41	2197.304716000
17		1358	2197.305132000
17		1358	2197.317964000
17		41	2197.398031000
17		1358	2197.398484000
17		1358	2197.423685000
17		41	2197.490934000
17		1358	2197.491536000
17		1358	2197.530210000
17		41	2197.584120000
17		1358	2197.584478000
17		1358	2197.637900000
17		41	2197.677521000
17		1358	2197.743736000
17		41	2197.769966000
17		1358	2197.770349000
17		1358	2197.823068000
17		41	2197.862811000
17		1358	2197.863182000
17		1358	2197.903120000
17		41	2197.956058000
17		1358	2197.956460000
17		1358	2197.975281000
17		41	2198.049412000
17		1358	2198.051071000
17		41	2198.142258000
17		1358	2198.143147000
17		41	2198.235094000
17		1358	2198.235527000
17		46	2198.327698000
17		1358	2198.328098000
17		41	2198.421127000
17		1358	2198.422697000
17		41	2198.514499000
17		1358	2198.514907000
17		41	2198.606845000
17		1358	2198.607375000
17		41	2198.700079000
17		1358	2198.700426000
17		41	2198.793544000
17		1358	2198.793940000
17		41	2198.885711000
17		1358	2198.887287000
17		41	2198.979292000
17		1358	2198.979687000
17		1358	2198.998593000
17		41	2199.071771000
17		1358	2199.072168000
6	0		2199.092446000
6	0		2199.092502000
6	0		2199.131972000
6	12		2199.132235000
17		41	2199.165414000
17		1358	2199.167108000
6	0		2199.171703000
6	12		2199.171802000
6	0		2199.171815000
6	1		2199.171975000
6	4		2199.171993000
6	32		2199.172003000
6	0		2199.172012000
6	0		2199.211342000
6	0		2199.211378000
6	0		2199.211485000
6	0		2199.211508000
17		41	2199.257878000
17		1358	2199.258299000
17		41	2199.351144000
17		1358	2199.351549000
6	68		2199.403974000
17		41	2199.444332000
17		1358	2199.444707000
17		41	2199.536920000
17		1358	2199.538562000
17		41	2199.629677000
17		1358	2199.629997000
17		41	2199.723545000
17		1358	2199.723966000
6	52		2199.766316000
6	0		2199.766379000
6	0		2199.767563000
17		41	2199.816105000
17		1358	2199.816420000
17		41	2199.909127000
17		1358	2199.909507000
17		41	2200.002142000
17		41	2200.002165000
17		1358	2200.002490000
17		1358	2200.004437000
17		41	2200.095593000
17		1358	2200.095933000
6	0		2200.104285000
6	0		2200.105014000
6	0		2200.105046000
17		41	2200.188407000
17		1358	2200.188726000
17		41	2200.281400000
17		1358	2200.282992000
17		41	2200.373841000
17		1358	2200.374391000
17		41	2200.467542000
17		1358	2200.467859000
17		41	2200.560471000
17		1358	2200.560820000
17		46	2200.652951000
17		1358	2200.653301000
17		41	2200.746092000
17		1358	2200.746426000
17		41	2200.839352000
17		1358	2200.840872000
17		41	2200.932482000
17		1358	2200.932817000
17		41	2201.024938000
17		1358	2201.025658000
17		41	2201.117876000
17		1358	2201.118167000
17		1358	2201.137578000
17		41	2201.211066000
17		1358	2201.212628000
17		41	2201.304536000
17		1358	2201.304877000
17		41	2201.397593000
17		1358	2201.398637000
17		41	2201.489860000
17		1358	2201.490218000
17		41	2201.583133000
17		1358	2201.583533000
17		41	2201.676389000
17		1358	2201.676756000
17		41	2201.768907000
17		1358	2201.769195000
17		41	2201.862107000
17		1358	2201.863660000
17		41	2201.955216000
17		1358	2201.955935000
17		41	2202.047798000
17		1358	2202.048171000
17		41	2202.140975000
17		1358	2202.141294000
17		1358	2202.160198000
17		46	2202.234364000
17		1358	2202.235923000
17		765	2202.326717000
17		41	2202.326746000
17		1358	2202.327203000
17		35	2202.327826000
17		107	2202.340113000
17		76	2202.340351000
17		41	2202.419951000
17		1358	2202.420234000
17		41	2202.513161000
17		1358	2202.513468000
17		41	2202.606494000
17		1358	2202.608044000
17		42	2202.699450000
17		1358	2202.699767000
17		42	2202.792046000
17		1358	2202.792343000
17		42	2202.884883000
17		1358	2202.885182000
17		47	2202.978101000
17		1358	2202.978418000
17		42	2203.071312000
17		1358	2203.071639000
17		41	2203.164166000
17		42	2203.164192000
17		1358	2203.164478000
17		1358	2203.165732000
17		42	2203.257573000
17		1358	2203.257907000
17		42	2203.350205000
17		1358	2203.350498000
17		43	2203.443163000
17		1358	2203.443562000
17		43	2203.535653000
17		1358	2203.536123000
17		43	2203.629409000
17		1358	2203.629731000
17		41	2203.722393000
17		1358	2203.723941000
17		43	2203.814726000
17		1358	2203.815268000
17		43	2203.907966000
17		1358	2203.908284000
17		43	2204.001536000
17		1358	2204.001933000
17		43	2204.093728000
17		1358	2204.094141000
17		43	2204.187033000
17		1358	2204.187369000
17		41	2204.279915000
17		43	2204.279940000
17		1358	2204.280501000
17		1358	2204.281481000
17		43	2204.373439000
17		1358	2204.373735000
17		41	2204.466581000
17		1358	2204.467624000
17		43	2204.558963000
17		1358	2204.559291000
17		41	2204.651823000
17		1358	2204.653450000
17		43	2204.745383000
17		1358	2204.745678000
17		41	2204.837760000
17		1358	2204.839615000
6	0		2204.847406000
6	0		2204.847447000
17		43	2204.930715000
17		1358	2204.931070000
17		41	2205.024051000
17		1358	2205.025649000
17		43	2205.117614000
17		1358	2205.118232000
17		41	2205.210050000
17		1358	2205.211705000
17		41	2205.303074000
17		43	2205.303101000
17		1358	2205.303408000
17		1358	2205.318548000
17		41	2205.396097000
17		1358	2205.425572000
17		48	2205.488632000
17		1358	2205.488963000
17		41	2205.581855000
17		1358	2205.583425000
17		43	2205.675141000
17		1358	2205.675645000
17		43	2205.768379000
17		1358	2205.768691000
17		41	2205.861327000
17		1358	2205.863121000
17		43	2205.954601000
17		43	2206.047338000
17		43	2206.140245000
17		41	2206.233419000
17		43	2206.326294000
17		43	2206.419548000
17		43	2206.512146000
17		41	2206.604871000
17		43	2206.698317000
17		43	2206.791335000
17		43	2206.884558000
17		41	2206.977213000
17		43	2207.070189000
17		43	2207.163166000
6	0		2207.212336000
6	0		2207.212394000
6	0		2207.251300000
6	12		2207.251611000
17		43	2207.256321000
6	0		2207.290539000
6	12		2207.290579000
6	0		2207.290595000
6	1		2207.290779000
6	4		2207.290800000
6	32		2207.290809000
6	0		2207.290821000
6	0		2207.305998000
6	0		2207.306036000
6	0		2207.329757000
6	0		2207.329796000
6	0		2207.329811000
6	0		2207.329924000
6	0		2207.329941000
17		41	2207.348815000
17		43	2207.441801000
6	0		2207.533275000
6	0		2207.533327000
17		43	2207.534912000
6	0		2207.604211000
17		43	2207.628294000
17		41	2207.628326000
17		35	2207.629920000
17		43	2207.721547000
17		41	2207.814239000
17		43	2207.907065000
17		48	2208.000366000
17		35	2208.026576000
17		41	2208.093217000
17		43	2208.185778000
17		43	2208.278800000
17		43	2208.372247000
17		43	2208.465256000
17		41	2208.557654000
17		43	2208.651505000
17		43	2208.743782000
17		43	2208.836931000
17		43	2208.930072000
17		41	2209.022992000
17		765	2209.023023000
17		33	2209.023501000
17		43	2209.116116000
17		43	2209.209567000
17		43	2209.301925000
17		43	2209.395071000
17		43	2209.488186000
17		41	2209.581525000
17		43	2209.674558000
17		43	2209.766781000
17		43	2209.860315000
17		43	2209.953096000
17		41	2210.045697000
17		43	2210.139208000
17		43	2210.139243000
17		41	2210.139252000
17		33	2210.139570000
17		43	2210.232583000
17		48	2210.324639000
17		34	2210.350439000
17		41	2210.418099000
17		43	2210.510668000
17		43	2210.603711000
17		43	2210.696919000
17		43	2210.790114000
17		43	2210.883138000
17		41	2210.975705000
17		43	2211.069515000
17		43	2211.161791000
17		43	2211.254914000
17		43	2211.348198000
17		43	2211.441231000
17		41	2211.533720000
17		43	2211.627151000
17		43	2211.719910000
17		43	2211.813147000
17		43	2211.906201000
17		43	2211.999418000
17		41	2212.091847000
17		43	2212.184827000
17		41	2212.278311000
17		43	2212.371508000
17		41	2212.463681000
17		43	2212.557461000
17		41	2212.650047000
17		43	2212.742985000
17		41	2212.836406000
17		41	2212.928988000
17		48	2212.929013000
17		1358	2212.929400000
17		1358	2212.931339000
17		43	2213.022464000
17		1358	2213.022781000
17		41	2213.115609000
17		1358	2213.117206000
17		1358	2213.181909000
17		41	2213.208391000
17		1358	2213.245747000
17		43	2213.300978000
17		1358	2213.301372000
17		1358	2213.309124000
17		1358	2213.373218000
17		41	2213.394199000
17		1358	2213.437531000
17		42	2213.487237000
17		1358	2213.488584000
17		1358	2213.501810000
17		1358	2213.564983000
17		42	2213.580560000
17		1358	2213.580943000
17		1358	2213.629334000
17		41	2213.673391000
17		1358	2213.692848000
17		1358	2213.756657000
17		42	2213.766354000
17		1358	2213.766767000
17		1358	2213.785590000
17		1358	2213.804318000
17		1358	2213.819750000
17		1358	2213.823375000
17		1358	2213.842410000
17		46	2213.859003000
17		1358	2213.860901000
17		33	2213.872903000
17		1358	2213.879919000
17		1358	2213.884315000
17		1358	2213.898538000
17		1358	2213.917093000
17		1358	2213.936067000
17		1358	2213.947726000
17		41	2213.952556000
17		1358	2213.953783000
17		1358	2213.973635000
17		1358	2213.992323000
17		1358	2214.011950000
17		1358	2214.012004000
17		1358	2214.030040000
17		41	2214.044972000
17		1358	2214.049596000
17		1358	2214.067415000
17		1358	2214.075927000
17		1358	2214.087041000
17		1358	2214.105568000
17		1358	2214.124166000
17		41	2214.137885000
17		1358	2214.143084000
17		1358	2214.161291000
17		1358	2214.180638000
17		1358	2214.181387000
17		1358	2214.198972000
17		1358	2214.218139000
17		41	2214.231274000
17		1358	2214.236564000
17		1358	2214.255422000
17		1358	2214.274242000
17		1358	2214.288179000
17		1358	2214.293471000
17		1358	2214.312052000
17		41	2214.323657000
17		1358	2214.330795000
17		1358	2214.349982000
17		1358	2214.368024000
17		1358	2214.386766000
17		1358	2214.393824000
17		1358	2214.406486000
17		41	2214.417527000
17		1358	2214.424417000
17		1358	2214.443323000
17		1358	2214.461981000
17		1358	2214.481000000
17		1358	2214.500252000
17		1358	2214.501775000
17		41	2214.509993000
17		1358	2214.518325000
17		1358	2214.537517000
17		1358	2214.556045000
17		1358	2214.574749000
17		1358	2214.593689000
17		41	2214.602908000
17		1358	2214.607262000
17		1358	2214.612758000
17		1358	2214.631951000
17		1358	2214.650173000
17		1358	2214.668715000
17		1358	2214.688013000
17		41	2214.696247000
17		1358	2214.706204000
17		1358	2214.714396000
17		1358	2214.725832000
17		1358	2214.743912000
17		1358	2214.762801000
17		1358	2214.781456000
17		41	2214.789417000
17		1358	2214.800288000
17		1358	2214.819494000
17		1358	2214.819866000
17		1358	2214.838168000
17		1358	2214.856552000
17		1358	2214.876143000
17		41	2214.881860000
17		1358	2214.894394000
6	0		2214.897299000
6	0		2214.897359000
17		1358	2214.913175000
17		1358	2214.927039000
17		1358	2214.931749000
17		1358	2214.950706000
17		1358	2214.969352000
17		41	2214.975438000
17		1358	2214.988965000
17		1358	2215.006872000
17		1358	2215.025606000
17		1358	2215.032953000
6	0		2215.038521000
17		41	2215.068652000
17		1358	2215.113424000
17		41	2215.161141000
17		1358	2215.192305000
17		41	2215.254451000
17		1358	2215.254824000
17		1358	2215.271850000
17		1358	2215.274555000
6	0		2215.330947000
6	0		2215.331004000
17		41	2215.347362000
17		1358	2215.347711000
17		1358	2215.352794000
6	0		2215.370381000
6	12		2215.370626000
6	0		2215.410028000
6	12		2215.410068000
6	0		2215.410085000
6	1		2215.410293000
6	4		2215.410308000
6	32		2215.410315000
6	0		2215.410322000
17		1358	2215.431334000
17		41	2215.439707000
6	0		2215.449692000
6	0		2215.449788000
6	0		2215.449804000
6	0		2215.449896000
6	0		2215.449912000
17		1358	2215.511918000
17		41	2215.533494000
17		1358	2215.533817000
17		1358	2215.591056000
17		41	2215.626060000
17		1358	2215.626434000
17		1358	2215.670666000
17		41	2215.719208000
17		1358	2215.719521000
17		1358	2215.751419000
17		41	2215.811663000
17		1358	2215.811993000
17		1358	2215.830352000
17		41	2215.904688000
17		1358	2215.910567000
17		1358	2215.990509000
17		41	2215.998400000
17		1358	2215.998756000
17		1358	2216.070370000
17		41	2216.091578000
17		1358	2216.091921000
17		41	2216.184606000
17		1358	2216.184930000
17		41	2216.277494000
17		1358	2216.278779000
17		41	2216.369970000
17		1358	2216.370327000
17		1358	2216.389244000
17		46	2216.462891000
17		1358	2216.463287000
17		41	2216.556130000
17		1358	2216.556510000
17		41	2216.649095000
17		1358	2216.650686000
17		41	2216.742542000
17		1358	2216.742891000
6	0		2216.756059000
6	0		2216.756095000
17		41	2216.834787000
17		1358	2216.835188000
17		41	2216.927936000
17		1358	2216.928209000
17		41	2217.021725000
17		41	2217.114260000
17		1358	2217.114580000
17		41	2217.207487000
17		1358	2217.207800000
17		41	2217.300546000
17		1358	2217.300909000
17		41	2217.393526000
17		1358	2217.393897000
17		1358	2217.413054000
17		41	2217.486000000
17		1358	2217.486686000
17		41	2217.579341000
6	0		2217.671749000
17		41	2217.671774000
17		1358	2217.672479000
6	0		2217.672954000
17		41	2217.765060000
17		1358	2217.765452000
17		41	2217.858016000
17		1358	2217.858353000
6	0		2217.951644000
17		41	2217.951667000
17		1358	2217.952055000
6	0		2217.952494000
17		41	2218.043761000
17		1358	2218.044155000
17		41	2218.136906000
17		41	2218.230163000
17		1358	2218.230548000
17		41	2218.323371000
17		1358	2218.323788000
17		41	2218.416473000
17		1358	2218.416799000
17		1358	2218.435746000
17		41	2218.508817000
17		1358	2218.509230000
17		41	2218.601984000
17		1358	2218.602367000
17		41	2218.695582000
17		46	2218.788426000
17		1358	2218.788845000
17		41	2218.881485000
17		1358	2218.881886000
17		41	2218.973922000
17		1358	2218.974263000
17		41	2219.067054000
17		686	2219.067082000
17		1358	2219.067408000
17		37	2219.067761000
17		74	2219.076050000
17		33	2219.076094000
17		41	2219.159868000
17		1358	2219.160228000
17		41	2219.253182000
17		1358	2219.253597000
17		41	2219.345865000
17		41	2219.439108000
17		1358	2219.439490000
17		41	2219.532315000
17		1358	2219.532867000
17		1358	2219.552237000
17		41	2219.625557000
17		1358	2219.625981000
17		41	2219.718294000
17		1358	2219.718772000
17		46	2219.811353000
17		33	2219.825241000
17		41	2219.904358000
17		1358	2219.904763000
17		41	2219.997222000
17		1358	2219.997649000
17		41	2220.089743000
17		1358	2220.090202000
17		41	2220.182866000
17		1358	2220.183297000
17		41	2220.276402000
17		1358	2220.276940000
17		41	2220.369521000
17		1358	2220.369902000
17		41	2220.462325000
17		42	2220.523949000
17		1358	2220.524490000
17		1358	2220.544337000
17		42	2220.586374000
17		1358	2220.587569000
17		42	2220.648346000
17		1358	2220.648728000
17		42	2220.710536000
17		1358	2220.711151000
17		47	2220.771754000
17		1358	2220.772296000
17		41	2220.834084000
17		42	2220.896324000
17		1358	2220.896677000
17		42	2220.958440000
17		1358	2220.958798000
17		42	2221.019769000
17		1358	2221.020187000
17		42	2221.081965000
17		1358	2221.082400000
6	0		2221.118492000
6	0		2221.118557000
17		43	2221.144186000
17		1358	2221.144604000
17		41	2221.206121000
17		43	2221.206144000
17		1358	2221.206469000
17		43	2221.268561000
17		1358	2221.268954000
6	0		2221.308912000
6	41		2221.316482000
17		43	2221.330483000
17		1358	2221.330834000
17		43	2221.391894000
17		1358	2221.392295000
17		43	2221.453818000
17		1358	2221.454241000
6	0		2221.506504000
6	21		2221.510914000
6	0		2221.510957000
6	1080		2221.511983000
17		43	2221.516197000
17		1358	2221.516530000
17		41	2221.578509000
17		41	2221.639830000
17		41	2221.701792000
6	440		2221.707387000
6	0		2221.750243000
17		43	2221.763821000
17		41	2221.826249000
17		1358	2221.827841000
17		43	2221.887669000
6	48		2221.940282000
6	0		2221.940326000
6	280		2221.947241000
17		41	2221.949976000
17		1358	2221.969760000
17		41	2222.012185000
17		41	2222.073983000
17		1358	2222.111515000
17		43	2222.136309000
6	16		2222.142279000
6	0		2222.186225000
17		41	2222.197698000
17		1358	2222.253838000
17		43	2222.259685000
17		41	2222.321978000
6	52		2222.376229000
6	0		2222.376268000
6	52		2222.376364000
17		43	2222.384318000
17		1358	2222.395531000
17		41	2222.446290000
17		43	2222.507652000
17		1358	2222.535900000
17		41	2222.569849000
6	100		2222.572372000
6	0		2222.614231000
17		41	2222.632547000
17		1358	2222.677972000
17		43	2222.694135000
17		41	2222.756150000
17		43	2222.818476000
17		48	2222.880406000
17		35	2222.906227000
17		1358	2222.913574000
17		41	2222.942131000
17		43	2223.003642000
17		43	2223.065722000
17		43	2223.128541000
17		1358	2223.148998000
17		42	2223.189962000
17		41	2223.252146000
17		43	2223.314139000
17		43	2223.376646000
17		1358	2223.384494000
17		43	2223.438487000
17		43	2223.500465000
17		43	2223.561717000
17		1358	2223.619894000
17		43	2223.624483000
17		43	2223.686022000
17		43	2223.748075000
17		43	2223.810162000
17		1358	2223.855351000
17		43	2223.872253000
17		43	2223.934308000
17		43	2223.996408000
17		43	2224.057851000
17		1358	2224.091940000
17		43	2224.119936000
17		43	2224.181950000
17		48	2224.244192000
17		34	2224.269639000
17		43	2224.306188000
17		1358	2224.326574000
17		43	2224.367709000
17		43	2224.430548000
17		42	2224.491998000
6	68		2224.539246000
17		43	2224.553918000
17		1358	2224.562205000
17		44	2224.616516000
17		43	2224.616541000
17		41	2224.616549000
17		33	2224.642218000
17		43	2224.678450000
6	52		2224.737875000
6	0		2224.737916000
6	0		2224.737932000
6	0		2224.739073000
17		43	2224.740157000
17		1358	2224.797695000
17		43	2224.802334000
17		43	2224.863947000
17		43	2224.925827000
6	0		2224.929069000
17		43	2224.988018000
17		1358	2225.033643000
17		43	2225.050147000
17		583	2225.111710000
17		43	2225.111736000
17		35	2225.112299000
17		76	2225.120921000
17		33	2225.120960000
17		43	2225.173978000
17		43	2225.235892000
17		1358	2225.269171000
17		43	2225.298063000
17		43	2225.360204000
17		43	2225.422346000
17		48	2225.484493000
17		34	2225.510226000
17		43	2225.545811000
17		43	2225.608198000
17		43	2225.670385000
17		42	2225.732398000
17		43	2225.793662000
17		43	2225.855875000
17		43	2225.917807000
17		43	2225.980033000
17		43	2226.042148000
17		43	2226.104208000
17		1358	2226.105264000
17		43	2226.166369000
17		1358	2226.182783000
17		43	2226.228273000
17		1358	2226.261152000
17		43	2226.290046000
17		1358	2226.338927000
17		41	2226.352596000
17		46	2226.414437000
17		1358	2226.416915000
17		33	2226.428464000
17		41	2226.476628000
17		41	2226.538104000
17		41	2226.599901000
17		41	2226.662106000
17		41	2226.724213000
17		41	2226.786305000
17		41	2226.848452000
17		41	2226.909808000
17		41	2226.971903000
17		41	2227.033903000
17		41	2227.096241000
17		1176	2227.097818000
17		41	2227.158515000
17		41	2227.219998000
17		44	2227.282153000
17		41	2227.282197000
17		41	2227.282205000
17		33	2227.308123000
17		41	2227.344416000
17		42	2227.406483000
17		1358	2227.407106000
17		41	2227.468318000
17		1358	2227.468636000
17		41	2227.530153000
17		1358	2227.530495000
17		41	2227.591756000
17		1358	2227.592213000
17		41	2227.654271000
17		1358	2227.654648000
17		1118	2227.715674000
17		39	2227.716303000
17		1358	2227.717106000
17		157	2227.717336000
17		1353	2227.717435000
17		1358	2227.717441000
17		1358	2227.717445000
17		1358	2227.717448000
17		1358	2227.717451000
17		1358	2227.717454000
17		1358	2227.717457000
17		1358	2227.717460000
17		1358	2227.717463000
17		41	2227.777700000
17		1358	2227.778138000
17		46	2227.840474000
17		33	2227.866658000
17		1358	2227.883253000
17		1358	2227.895331000
17		41	2227.901750000
17		41	2227.964365000
17		41	2227.964389000
17		1358	2227.985841000
17		47	2228.026277000
17		41	2228.026301000
17		33	2228.040321000
17		1358	2228.063727000
17		1358	2228.071266000
17		41	2228.088193000
17		1358	2228.141360000
17		41	2228.149910000
17		41	2228.211776000
17		1358	2228.218349000
17		1358	2228.248577000
17		41	2228.274265000
17		1358	2228.296356000
17		41	2228.336214000
17		1358	2228.373650000
17		41	2228.398260000
17		1358	2228.406577000
17		1358	2228.450951000
17		41	2228.460594000
17		1358	2228.518619000
17		41	2228.522550000
17		1358	2228.528858000
17		41	2228.584166000
17		1358	2228.606015000
17		1358	2228.623719000
17		41	2228.646509000
17		1358	2228.683242000
17		1358	2228.699043000
17		41	2228.708330000
17		1358	2228.761109000
17		41	2228.769715000
17		41	2228.769739000
17		1358	2228.775587000
17		41	2228.832175000
17		1358	2228.838495000
17		1358	2228.851331000
17		41	2228.893946000
17		1358	2228.916621000
17		1358	2228.926830000
17		41	2228.956363000
17		1358	2228.993882000
17		41	2229.017847000
17		1358	2229.031964000
17		1358	2229.070975000
17		41	2229.080177000
17		1358	2229.137622000
17		41	2229.142354000
17		1358	2229.148858000
17		41	2229.203838000
17		1358	2229.226165000
17		1358	2229.242797000
17		41	2229.266143000
17		1358	2229.303808000
17		41	2229.327933000
17		1358	2229.348961000
17		1358	2229.381303000
17		41	2229.390011000
17		1358	2229.426648000
17		41	2229.452437000
17		1358	2229.458830000
17		1358	2229.506125000
17		41	2229.514372000
17		41	2229.514398000
17		1358	2229.536640000
17		41	2229.576303000
17		1358	2229.585263000
17		1358	2229.613814000
17		41	2229.638662000
17		1358	2229.663687000
17		1358	2229.690669000
17		41	2229.700492000
17		1358	2229.742381000
17		41	2229.762036000
17		1358	2229.768988000
17		1358	2229.822103000
17		41	2229.823749000
17		1358	2229.845830000
17		41	2229.886339000
17		1358	2229.899923000
17		1358	2229.923414000
17		41	2229.947815000
17		1358	2229.979607000
17		1358	2230.001080000
17		41	2230.009651000
17		1358	2230.058301000
17		41	2230.072036000
17		1358	2230.078653000
17		46	2230.134364000
17		1358	2230.135964000
17		1358	2230.155687000
17		41	2230.196185000
17		46	2230.196209000
17		1358	2230.216634000
17		33	2230.221803000
17		1358	2230.233181000
17		41	2230.257677000
17		1358	2230.295737000
17		1358	2230.310828000
17		41	2230.320130000
17		1358	2230.373195000
17		41	2230.381896000
17		1358	2230.388188000
6	0		2230.399174000
6	0		2230.399228000
17		41	2230.444236000
17		1358	2230.452554000
17		1358	2230.465685000
17		41	2230.506373000
17		1358	2230.527642000
17		1358	2230.530960000
17		41	2230.567671000
17		1358	2230.592464000
17		1358	2230.610413000
17		41	2230.630205000
17		1358	2230.652204000
17		1358	2230.689433000
6	0		2230.689552000
17		41	2230.693046000
6	41		2230.694962000
17		1358	2230.713808000
17		41	2230.754296000
17		1358	2230.767582000
17		1358	2230.776136000
17		41	2230.815943000
17		1358	2230.838064000
17		1358	2230.847626000
17		41	2230.877715000
17		41	2230.877739000
17		1358	2230.926013000
17		41	2230.940285000
17		1358	2230.940995000
6	0		2230.984653000
6	21		2230.984689000
6	0		2230.984701000
6	1080		2230.985691000
17		41	2231.002072000
17		1358	2231.005124000
17		1358	2231.044410000
17		41	2231.064145000
17		1358	2231.083870000
17		41	2231.125977000
17		1358	2231.147624000
17		1358	2231.162636000
17		41	2231.188147000
17		1358	2231.225111000
17		1358	2231.240989000
17		41	2231.249734000
6	0		2231.275240000
6	440		2231.275280000
17		1358	2231.302807000
17		41	2231.312377000
6	0		2231.318229000
17		1358	2231.320992000
17		41	2231.373868000
17		1358	2231.381158000
17		1358	2231.399660000
17		41	2231.436329000
6	0		2231.452098000
6	0		2231.452152000
17		1358	2231.477697000
6	0		2231.491176000
6	12		2231.491404000
17		41	2231.497848000
17		1358	2231.498243000
6	0		2231.530154000
6	12		2231.530236000
6	0		2231.530248000
6	1		2231.530403000
6	4		2231.530421000
6	32		2231.530428000
6	0		2231.530436000
17		41	2231.560129000
17		1358	2231.561822000
6	0		2231.569142000
6	0		2231.569243000
6	0		2231.569266000
6	0		2231.569280000
6	48		2231.607791000
6	0		2231.607830000
6	280		2231.614296000
17		41	2231.622238000
17		41	2231.622263000
17		1358	2231.622762000
17		1358	2231.626394000
17		41	2231.683811000
17		1358	2231.700433000
17		41	2231.746534000
17		1358	2231.748126000
17		41	2231.808353000
17		1358	2231.809334000
17		41	2231.870165000
17		1358	2231.871695000
6	0		2231.903691000
6	16		2231.922382000
17		41	2231.932172000
17		1358	2231.932525000
6	0		2231.966231000
17		41	2231.993842000
17		1358	2231.995669000
17		41	2232.056550000
17		1358	2232.056937000
17		41	2232.118064000
17		1358	2232.119515000
17		41	2232.180089000
17		1358	2232.180463000
17		41	2232.242495000
6	52		2232.256210000
6	0		2232.256253000
6	52		2232.256384000
17		1358	2232.258229000
17		41	2232.303957000
17		1358	2232.305422000
17		41	2232.365640000
17		46	2232.365669000
17		1358	2232.366045000
17		1358	2232.384672000
17		41	2232.427843000
17		1358	2232.443629000
17		46	2232.489892000
17		1358	2232.491447000
6	84		2232.545725000
17		41	2232.551731000
17		1358	2232.552114000
6	0		2232.586201000
17		41	2232.613687000
17		1358	2232.615251000
17		41	2232.675779000
17		1358	2232.676212000
17		41	2232.738188000
17		1358	2232.754588000
17		41	2232.799748000
17		1358	2232.801177000
17		41	2232.862198000
17		1358	2232.881078000
17		41	2232.924380000
17		1358	2232.924778000
17		41	2232.985782000
17		1358	2232.987289000
17		41	2233.047705000
17		41	2233.047729000
17		1358	2233.048106000
17		1358	2233.067502000
17		41	2233.110009000
17		1358	2233.126254000
17		41	2233.172186000
17		1358	2233.173728000
17		41	2233.234236000
17		1358	2233.234622000
17		41	2233.296496000
17		1358	2233.298040000
17		41	2233.357735000
17		1358	2233.358076000
17		41	2233.419632000
17		1358	2233.421132000
17		41	2233.482099000
17		1358	2233.482529000
6	0		2233.486499000
6	0		2233.486551000
17		41	2233.544449000
17		1358	2233.545940000
6	0		2233.571074000
6	41		2233.576667000
17		41	2233.605970000
17		1358	2233.625552000
6	0		2233.660848000
6	21		2233.660929000
6	0		2233.660949000
6	1080		2233.662158000
17		41	2233.668275000
17		1358	2233.668607000
17		41	2233.730152000
17		41	2233.730196000
17		1358	2233.731661000
6	0		2233.746315000
6	440		2233.746379000
17		1358	2233.772095000
6	0		2233.790208000
17		41	2233.791852000
17		1358	2233.812384000
17		41	2233.854021000
6	48		2233.874677000
6	0		2233.874712000
17		1358	2233.875453000
6	280		2233.878864000
17		41	2233.915933000
17		1358	2233.917542000
6	0		2233.963040000
6	16		2233.965084000
17		41	2233.978408000
17		1358	2233.978809000
6	0		2234.006211000
17		41	2234.039771000
17		1358	2234.041353000
6	52		2234.090393000
6	0		2234.090434000
6	52		2234.090525000
17		41	2234.101974000
17		1358	2234.102366000
17		41	2234.164333000
17		1358	2234.165937000
6	100		2234.177972000
6	0		2234.218231000
17		41	2234.226377000
17		1358	2234.226740000
17		41	2234.288338000
17		1358	2234.289724000
17		41	2234.349833000
17		1358	2234.350237000
17		41	2234.411721000
17		1358	2234.427822000
17		41	2234.474583000
17		41	2234.474615000
17		1358	2234.476178000
17		1358	2234.505435000
17		41	2234.536113000
17		1358	2234.539878000
17		46	2234.598539000
17		1358	2234.598911000
17		41	2234.660368000
17		1358	2234.661660000
17		41	2234.721900000
17		1358	2234.722256000
17		46	2234.783909000
17		1358	2234.785596000
17		41	2234.846243000
17		1358	2234.846717000
17		41	2234.907798000
17		1358	2234.924303000
17		41	2234.970000000
17		1358	2234.971599000
17		41	2235.031822000
17		1358	2235.051817000
17		762	2235.094588000
17		41	2235.094610000
17		1358	2235.095120000
17		36	2235.095328000
17		76	2235.104235000
17		33	2235.104304000
17		41	2235.156310000
17		41	2235.156338000
17		1358	2235.158080000
17		1358	2235.173336000
17		41	2235.218529000
6	68		2235.219826000
17		1358	2235.238651000
17		41	2235.280295000
17		1358	2235.298892000
17		41	2235.342021000
17		1358	2235.343625000
17		41	2235.403918000
17		1358	2235.404240000
17		41	2235.465880000
17		1358	2235.467513000
6	52		2235.510068000
6	0		2235.510112000
6	0		2235.510132000
6	0		2235.512073000
17		41	2235.528281000
17		1358	2235.528653000
17		41	2235.590256000
17		1358	2235.591833000
17		41	2235.652007000
17		1358	2235.652351000
17		41	2235.714000000
17		1358	2235.715580000
17		41	2235.775635000
17		1358	2235.795021000
6	0		2235.802324000
17		41	2235.837891000
17		41	2235.837916000
17		1358	2235.838411000
17		1358	2235.874248000
17		41	2235.900067000
17		1358	2235.916790000
17		41	2235.962437000
17		1358	2235.964028000
17		41	2236.023871000
17		1358	2236.024229000
17		41	2236.086605000
17		1358	2236.088112000
6	68		2236.125900000
17		41	2236.148497000
17		1358	2236.148947000
6	52		2236.210211000
6	0		2236.210246000
6	0		2236.210260000
17		41	2236.210353000
6	0		2236.211568000
17		1358	2236.211913000
17		41	2236.272578000
17		1358	2236.273024000
6	0		2236.295746000
17		41	2236.334525000
17		1358	2236.336136000
17		41	2236.396815000
17		1358	2236.397124000
17		41	2236.457680000
17		1358	2236.459185000
17		41	2236.520102000
17		1358	2236.520520000
17		41	2236.581678000
17		1358	2236.583146000
17		1358	2236.624155000
17		41	2236.643734000
17		41	2236.706389000
17		1358	2236.707917000
17		1358	2236.727779000
17		41	2236.768676000
17		41	2236.830154000
17		1358	2236.831549000
17		1358	2236.831743000
17		41	2236.891962000
17		1358	2236.935509000
17		41	2236.954386000
17		1358	2236.955901000
17		46	2237.016513000
17		1358	2237.016893000
17		41	2237.077982000
17		1358	2237.094545000
17		46	2237.140132000
17		1358	2237.141754000
17		41	2237.201733000
17		1358	2237.205414000
17		44	2237.263800000
17		41	2237.263843000
17		41	2237.263853000
17		1358	2237.264149000
17		33	2237.289783000
17		41	2237.325903000
17		1358	2237.328020000
17		41	2237.387966000
17		41	2237.387996000
17		1358	2237.388319000
17		1358	2237.391550000
17		41	2237.450142000
17		1358	2237.466804000
17		41	2237.511853000
17		1358	2237.513373000
17		41	2237.574371000
6	0		2237.574399000
17		1358	2237.574683000
6	0		2237.575319000
17		41	2237.636492000
17		1358	2237.638029000
17		41	2237.698128000
17		1358	2237.698830000
17		41	2237.760516000
17		1358	2237.762048000
17		41	2237.821849000
17		1358	2237.822187000
17		41	2237.884205000
17		1358	2237.885711000
17		41	2237.946535000
17		1358	2237.964820000
17		41	2238.007819000
17		1358	2238.008125000
17		41	2238.070241000
17		41	2238.070267000
17		41	2238.132323000
17		41	2238.194598000
17		41	2238.256506000
17		41	2238.318430000
17		41	2238.379885000
17		41	2238.442187000
17		41	2238.504317000
17		41	2238.566059000
17		41	2238.628549000
6	0		2238.628582000
6	0		2238.629234000
17		41	2238.689937000
17		41	2238.751711000
17		41	2238.751738000
17		41	2238.814438000
17		41	2238.875897000
17		41	2238.938230000
17		41	2238.999832000
17		41	2239.061941000
17		41	2239.124208000
17		41	2239.185699000
17		46	2239.248414000
17		33	2239.274118000
17		41	2239.309745000
17		46	2239.372426000
17		33	2239.386493000
17		41	2239.434314000
17		41	2239.496218000
17		41	2239.496243000
17		41	2239.558510000
6	0		2239.570972000
6	0		2239.571041000
6	0		2239.610403000
6	12		2239.610675000
17		41	2239.620583000
17		1358	2239.620874000
6	0		2239.650076000
6	12		2239.651115000
6	0		2239.651142000
6	1		2239.651380000
6	4		2239.651403000
6	32		2239.651414000
6	0		2239.651429000
17		41	2239.682249000
17		1358	2239.683798000
6	0		2239.690667000
6	0		2239.690698000
6	0		2239.690703000
6	0		2239.690769000
6	0		2239.690782000
17		41	2239.743928000
17		1358	2239.744317000
17		41	2239.806138000
17		1358	2239.807744000
17		41	2239.868567000
17		1358	2239.868927000
17		1358	2239.887262000
17		41	2239.930067000
17		1358	2239.966018000
17		41	2239.992209000
17		1358	2239.992610000
17		1358	2240.046056000
17		1169	2240.053685000
17		41	2240.053718000
17		36	2240.054579000
17		107	2240.067324000
17		241	2240.067426000
17		41	2240.116367000
17		1358	2240.123561000
17		41	2240.177678000
17		1358	2240.178029000
17		1358	2240.202760000
17		41	2240.240483000
17		1358	2240.255933000
17		1358	2240.282122000
17		41	2240.302381000
17		41	2240.302413000
17		1358	2240.333706000
17		1358	2240.360926000
17		41	2240.363840000
17		1358	2240.411018000
17		41	2240.425935000
17		1358	2240.440431000
17		41	2240.488278000
17		1358	2240.488923000
17		1358	2240.519261000
17		41	2240.549850000
17		1358	2240.566567000
17		1358	2240.597091000
17		41	2240.612179000
17		1358	2240.643430000
17		44	2240.674067000
17		41	2240.674092000
17		41	2240.674098000
17		1358	2240.675700000
17		33	2240.699693000
17		1358	2240.720959000
17		41	2240.735873000
17		1358	2240.756342000
17		41	2240.798038000
17		1358	2240.798451000
17		1358	2240.834074000
17		41	2240.860844000
17		1358	2240.876469000
17		1358	2240.913931000
17		41	2240.922242000
17		1358	2240.954357000
17		41	2240.984317000
17		1358	2240.992837000
17		1358	2241.030907000
17		41	2241.046346000
17		1358	2241.071056000
17		41	2241.108342000
17		1358	2241.108705000
17		1358	2241.150060000
17		41	2241.170030000
17		1358	2241.185973000
17		1358	2241.230003000
17		41	2241.232567000
17		41	2241.232598000
17		1358	2241.263780000
17		41	2241.294382000
17		1358	2241.308123000
17		1358	2241.340922000
17		41	2241.355822000
17		1358	2241.386637000
17		41	2241.418213000
17		1358	2241.419066000
17		1358	2241.466332000
17		41	2241.479688000
17		1358	2241.495991000
17		46	2241.541672000
17		1358	2241.543284000
17		1358	2241.574389000
17		41	2241.604029000
17		1358	2241.623638000
17		1358	2241.651037000
17		41	2241.666607000
17		1358	2241.702727000
17		46	2241.728010000
17		1358	2241.728413000
17		1358	2241.781075000
17		41	2241.790165000
17		1358	2241.805983000
17		41	2241.851952000
17		1358	2241.860760000
17		1358	2241.883891000
17		41	2241.914141000
17		1358	2241.939338000
17		1358	2241.960898000
17		41	2241.976414000
17		41	2241.976435000
17		1358	2242.018578000
17		41	2242.037848000
17		1358	2242.038166000
17		1358	2242.097589000
17		41	2242.100227000
17		1358	2242.122865000
17		41	2242.161674000
17		1358	2242.176461000
17		1358	2242.207507000
17		41	2242.224068000
17		1358	2242.254733000
17		41	2242.286481000
17		1358	2242.292305000
17		1358	2242.334194000
17		41	2242.348119000
17		1358	2242.376520000
17		41	2242.410200000
17		1358	2242.412084000
17		1358	2242.461013000
17		41	2242.471883000
17		1358	2242.491277000
17		41	2242.533988000
17		1358	2242.545540000
17		1358	2242.570876000
17		41	2242.596579000
17		1358	2242.648559000
17		41	2242.658519000
17		41	2242.658546000
17		1358	2242.658852000
17		41	2242.720584000
17		1358	2242.727994000
17		1358	2242.744288000
17		41	2242.782446000
17		1358	2242.791074000
17		41	2242.844284000
17		1358	2242.844626000
17		1358	2242.855184000
17		41	2242.906435000
17		1358	2242.917335000
17		41	2242.968205000
17		1358	2242.968606000
17		1358	2242.980741000
17		41	2243.030510000
17		1358	2243.044016000
17		41	2243.091842000
17		1358	2243.092265000
17		41	2243.154463000
17		1358	2243.156146000
17		41	2243.216268000
17		1358	2243.216657000
17		41	2243.278355000
17		1358	2243.279931000
17		41	2243.340614000
17		1358	2243.341025000
17		41	2243.402468000
17		41	2243.402494000
17		1358	2243.404028000
17		1358	2243.409081000
17		41	2243.464381000
17		1358	2243.510513000
17		41	2243.526138000
17		1358	2243.526806000
17		41	2243.587800000
17		1358	2243.616845000
17		41	2243.649742000
17		1358	2243.650092000
17		41	2243.712397000
17		1358	2243.723152000
17		41	2243.774142000
17		1358	2243.774588000
17		46	2243.836268000
17		1358	2243.836878000
17		41	2243.898070000
17		1358	2243.898437000
17		41	2243.960473000
17		1358	2243.962453000
17		46	2244.022493000
17		1358	2244.022952000
17		41	2244.083867000
17		41	2244.083891000
17		1358	2244.085631000
17		1358	2244.135724000
17		41	2244.146134000
17		1358	2244.165525000
17		41	2244.208213000
17		1358	2244.248803000
17		41	2244.269838000
17		1358	2244.271684000
17		41	2244.332128000
17		1358	2244.351959000
17		41	2244.393648000
17		1358	2244.394677000
17		41	2244.455869000
17		1358	2244.457081000
17		41	2244.517771000
17		1358	2244.518250000
17		41	2244.580316000
17		1358	2244.581950000
17		41	2244.642211000
17		1358	2244.642610000
17		41	2244.704592000
17		1358	2244.706255000
17		41	2244.766236000
17		41	2244.766261000
17		1358	2244.766671000
17		1358	2244.786327000
17		41	2244.828476000
17		1358	2244.866270000
17		41	2244.890492000
17		1358	2244.946696000
17		41	2244.951934000
17		1358	2244.952361000
17		41	2245.014010000
17		1358	2245.026611000
17		41	2245.075687000
17		651	2245.075713000
17		1358	2245.076108000
17		36	2245.076394000
17		77	2245.084688000
17		33	2245.085214000
17		41	2245.137845000
17		1358	2245.139263000
17		41	2245.200401000
17		1358	2245.201158000
17		41	2245.262443000
17		1358	2245.264082000
17		41	2245.323981000
17		1358	2245.324336000
17		41	2245.386217000
17		1358	2245.387855000
17		41	2245.448511000
17		1358	2245.448916000
17		41	2245.510236000
17		41	2245.510257000
17		1358	2245.511074000
17		1358	2245.533507000
17		41	2245.572176000
17		1358	2245.590260000
17		41	2245.634356000
17		1358	2245.634670000
6	0		2245.684106000
6	0		2245.684170000
17		41	2245.696569000
17		1358	2245.697825000
17		41	2245.757784000
17		1358	2245.758098000
6	0		2245.804601000
6	41		2245.809922000
17		41	2245.820011000
17		1358	2245.821345000
17		41	2245.882015000
17		1358	2245.882699000
6	0		2245.929488000
6	21		2245.929528000
6	0		2245.929542000
6	1080		2245.930530000
17		46	2245.943733000
17		1358	2245.944292000
17		41	2246.005975000
17		1358	2246.006344000
6	440		2246.050316000
17		41	2246.068605000
6	0		2246.094224000
17		41	2246.130360000
17		1358	2246.130710000
17		41	2246.192190000
6	48		2246.213864000
6	0		2246.213901000
6	280		2246.220711000
17		41	2246.254647000
17		1358	2246.255012000
17		41	2246.316113000
6	16		2246.343584000
17		41	2246.377991000
17		1358	2246.378385000
6	0		2246.386249000
17		41	2246.440349000
17		46	2246.502434000
17		1358	2246.502825000
6	52		2246.506073000
6	0		2246.506110000
6	52		2246.506260000
17		41	2246.563994000
17		1358	2246.565615000
6	84		2246.625849000
17		41	2246.627184000
17		1358	2246.627582000
6	0		2246.666211000
17		41	2246.688571000
17		1358	2246.690088000
17		41	2246.749788000
17		1358	2246.791579000
17		41	2246.812312000
17		41	2246.874445000
17		41	2246.874469000
17		1358	2246.874911000
17		1358	2246.893139000
17		41	2246.936011000
17		41	2246.936035000
17		1358	2246.959591000
17		1358	2246.995463000
17		44	2246.998396000
17		41	2246.998429000
17		41	2246.998436000
17		33	2247.024471000
17		41	2247.060471000
17		1358	2247.060860000
17		1358	2247.095743000
17		41	2247.121676000
17		41	2247.183772000
17		1358	2247.184105000
17		1358	2247.197003000
17		41	2247.246072000
17		1358	2247.296744000
17		41	2247.307948000
17		41	2247.370023000
17		1358	2247.397977000
17		41	2247.431957000
17		1358	2247.478771000
17		41	2247.494144000
17		41	2247.555867000
17		1358	2247.559407000
17		41	2247.618122000
17		1358	2247.641506000
17		41	2247.680153000
17		41	2247.680178000
17		1358	2247.680529000
17		1358	2247.723645000
17		41	2247.742513000
17		1358	2247.769082000
17		41	2247.803817000
17		1358	2247.805372000
17		41	2247.866095000
17		1358	2247.866434000
17		41	2247.928289000
17		1358	2247.955586000
17		41	2247.989607000
17		1358	2248.044141000
17		41	2248.052494000
17		41	2248.114142000
17		1358	2248.132792000
17		41	2248.176350000
17		1358	2248.178015000
17		1358	2248.221610000
17		41	2248.237777000
17		41	2248.299745000
17		1358	2248.309870000
17		1358	2248.313391000
17		46	2248.361868000
17		33	2248.375819000
17		41	2248.423773000
17		41	2248.423797000
17		1358	2248.449435000
17		1358	2248.457571000
17		41	2248.485805000
17		41	2248.548459000
6	68		2248.552773000
17		1358	2248.584068000
17		1358	2248.605847000
17		41	2248.610081000
17		41	2248.672028000
6	52		2248.672309000
6	0		2248.672342000
6	0		2248.672359000
6	0		2248.673589000
17		1358	2248.719169000
17		46	2248.733686000
17		1358	2248.753070000
6	0		2248.793116000
17		41	2248.796290000
17		1358	2248.853960000
17		41	2248.858558000
17		1358	2248.900582000
17		41	2248.920180000
17		1358	2248.954097000
17		41	2248.982168000
17		41	2249.044352000
17		1358	2249.047620000
17		1358	2249.054630000
17		41	2249.106435000
17		1358	2249.155753000
17		41	2249.168250000
17		41	2249.168276000
17		1358	2249.195230000
17		41	2249.230573000
17		1358	2249.256809000
17		41	2249.291925000
17		1358	2249.306616000
17		41	2249.353750000
17		1358	2249.356643000
17		41	2249.415702000
17		1358	2249.416109000
17		1358	2249.457259000
17		41	2249.478213000
17		1358	2249.527427000
17		41	2249.540182000
17		1358	2249.558595000
17		41	2249.601657000
17		1358	2249.637888000
17		1358	2249.660198000
17		41	2249.664734000
17		41	2249.725667000
17		1358	2249.749196000
17		1358	2249.760205000
17		41	2249.788486000
17		41	2249.849677000
17		41	2249.849699000
17		1358	2249.859311000
17		1358	2249.861761000
17		41	2249.912514000
17		1358	2249.961709000
17		1358	2249.970604000
17		41	2249.974045000
17		41	2250.035900000
17		1358	2250.063147000
17		1358	2250.080569000
17		41	2250.097750000
17		41	2250.159822000
17		1358	2250.163687000
17		1358	2250.192122000
17		41	2250.221997000
17		1358	2250.263913000
17		41	2250.284254000
17		1358	2250.302383000
17		41	2250.346050000
17		1358	2250.364769000
17		41	2250.407776000
17		1358	2250.412867000
17		46	2250.469965000
17		33	2250.483723000
17		1358	2250.523451000
17		41	2250.531922000
17		41	2250.594036000
17		41	2250.594062000
17		41	2250.655786000
17		41	2250.718203000
17		41	2250.780160000
17		41	2250.842046000
17		41	2250.904428000
17		41	2250.966376000
17		41	2251.027852000
17		41	2251.090567000
17		41	2251.151893000
17		46	2251.213861000
17		33	2251.239722000
17		41	2251.275935000
17		1358	2251.277382000
17		41	2251.337761000
17		41	2251.400382000
17		1358	2251.401573000
17		41	2251.462555000
17		1358	2251.462883000
17		41	2251.523822000
17		1358	2251.525392000
17		41	2251.585790000
17		1358	2251.586240000
17		41	2251.648415000
17		1358	2251.649564000
17		41	2251.710401000
17		1358	2251.710945000
17		41	2251.771881000
17		1358	2251.772958000
17		41	2251.833915000
17		1358	2251.834690000
17		41	2251.895952000
17		1358	2251.945813000
17		41	2251.958069000
17		1358	2251.959745000
17		41	2252.020515000
17		41	2252.020541000
17		1358	2252.056728000
17		1358	2252.062062000
17		41	2252.081863000
17		41	2252.144006000
17		1358	2252.162423000
17		1358	2252.167331000
17		41	2252.206620000
17		1358	2252.263506000
17		41	2252.268304000
17		1358	2252.278643000
17		41	2252.330322000
17		1358	2252.363635000
17		1358	2252.388614000
17		41	2252.391707000
17		41	2252.454485000
17		1358	2252.465057000
17		1358	2252.499373000
17		41	2252.515848000
17		1358	2252.564810000
17		41	2252.578476000
17		1358	2252.610304000
17		41	2252.640118000
17		1358	2252.666061000
17		41	2252.702642000
17		1358	2252.721218000
17		46	2252.764328000
17		41	2252.764351000
17		767	2252.764359000
17		36	2252.765071000
17		1358	2252.766229000
17		108	2252.777966000
17		160	2252.778076000
17		41	2252.826119000
17		1358	2252.831655000
17		1358	2252.867114000
17		41	2252.888289000
17		1358	2252.941970000
17		41	2252.949990000
17		1358	2252.967788000
17		41	2253.012374000
17		1358	2253.052780000
17		1358	2253.069403000
17		41	2253.074026000
17		41	2253.135833000
17		1358	2253.163813000
17		1358	2253.169912000
17		41	2253.197672000
17		1358	2253.250105000
17		41	2253.260175000
17		1358	2253.274334000
17		41	2253.322280000
17		41	2253.322301000
17		1358	2253.331255000
17		44	2253.383813000
17		41	2253.383835000
17		41	2253.383843000
17		1358	2253.385113000
17		33	2253.409131000
17		1358	2253.411938000
17		41	2253.446224000
17		1358	2253.492738000
17		1358	2253.495576000
17		41	2253.508182000
17		46	2253.569701000
17		1358	2253.572607000
17		33	2253.595331000
17		1358	2253.606087000
17		41	2253.632272000
17		41	2253.632302000
17		1358	2253.653715000
17		41	2253.694452000
17		1358	2253.717047000
17		1358	2253.733909000
17		41	2253.755641000
17		41	2253.818017000
17		1358	2253.828119000
17		1358	2253.867846000
17		41	2253.880233000
17		1358	2253.938526000
17		41	2253.942022000
17		1358	2254.002443000
17		41	2254.003987000
17		1358	2254.049205000
17		41	2254.066459000
17		41	2254.128438000
17		38	2254.137807000
17		1358	2254.159733000
17		41	2254.190569000
17		41	2254.251976000
17		1358	2254.270340000
17		41	2254.314116000
17		1358	2254.358750000
17		41	2254.375763000
17		41	2254.375788000
17		41	2254.437753000
17		1358	2254.447653000
17		41	2254.499674000
17		1358	2254.536142000
17		41	2254.561743000
17		41	2254.624359000
17		1358	2254.624775000
17		41	2254.686428000
17		1358	2254.713620000
17		41	2254.748592000
17		1358	2254.802016000
17		1034	2254.810309000
17		41	2254.810335000
17		39	2254.810886000
17		154	2254.811655000
17		1353	2254.811748000
17		1358	2254.811756000
17		1358	2254.811759000
17		1358	2254.811763000
17		1358	2254.811767000
17		1358	2254.811770000
17		1358	2254.811773000
17		1358	2254.811777000
17		1358	2254.811780000
17		41	2254.872002000
17		1358	2254.889783000
17		1358	2254.906093000
17		41	2254.933750000
17		41	2254.996549000
17		1358	2254.998488000
17		1358	2255.037711000
17		41	2255.057853000
17		619	2255.057877000
17		36	2255.058806000
17		77	2255.068381000
17		33	2255.068974000
17		1358	2255.090741000
17		41	2255.119658000
17		1358	2255.181336000
17		41	2255.181794000
17		1358	2255.184331000
17		47	2255.244378000
17		41	2255.244404000
17		33	2255.258133000
17		1358	2255.281358000
17		41	2255.306496000
17		1358	2255.308070000
17		41	2255.368496000
17		1358	2255.369526000
17		1358	2255.377329000
17		41	2255.430501000
17		1358	2255.462529000
17		1358	2255.472807000
17		41	2255.491992000
17		41	2255.554220000
17		1358	2255.555801000
17		1358	2255.568992000
17		41	2255.616243000
17		1358	2255.649509000
17		1358	2255.665245000
17		41	2255.678288000
6	0		2255.693656000
6	0		2255.693712000
6	0		2255.733580000
6	12		2255.733845000
17		41	2255.739850000
17		1358	2255.741390000
17		1358	2255.761154000
6	0		2255.773380000
6	12		2255.773416000
6	0		2255.773430000
6	1		2255.773581000
6	4		2255.773596000
6	32		2255.773607000
6	0		2255.773620000
17		41	2255.802659000
6	0		2255.813114000
6	0		2255.813155000
6	0		2255.813161000
6	0		2255.813264000
6	0		2255.813286000
17		1358	2255.836084000
17		1358	2255.856665000
17		41	2255.864132000
17		41	2255.926231000
17		1358	2255.928286000
17		1358	2255.952686000
17		41	2255.988226000
17		41	2255.988253000
17		1358	2256.021316000
17		1358	2256.048610000
17		44	2256.050384000
17		41	2256.050412000
17		41	2256.050418000
17		33	2256.075931000
17		46	2256.111795000
17		1358	2256.114478000
17		33	2256.137279000
17		1358	2256.144407000
17		41	2256.174302000
17		1358	2256.207405000
17		41	2256.235738000
17		1358	2256.240588000
17		41	2256.297689000
17		1358	2256.299285000
17		1358	2256.336576000
17		41	2256.359818000
17		1358	2256.376741000
17		41	2256.422612000
17		1358	2256.432641000
17		1358	2256.452708000
17		41	2256.483981000
17		1358	2256.528075000
17		1358	2256.528878000
17		41	2256.545775000
17		1358	2256.605584000
17		41	2256.608155000
17		1358	2256.624807000
17		41	2256.669753000
17		1358	2256.681656000
17		1358	2256.720140000
17		41	2256.732041000
17		1358	2256.757820000
17		41	2256.793827000
17		41	2256.793858000
17		1358	2256.816732000
17		1358	2256.833840000
17		41	2256.856021000
17		1358	2256.910128000
17		1358	2256.911938000
17		41	2256.918077000
17		41	2256.980047000
17		1358	2256.986780000
17		1358	2257.008164000
17		46	2257.042384000
17		33	2257.056611000
17		1358	2257.062695000
17		1358	2257.103879000
17		41	2257.104403000
17		1358	2257.139138000
17		41	2257.165859000
17		1358	2257.199876000
17		1358	2257.215329000
17		41	2257.228243000
17		41	2257.290554000
17		1358	2257.292259000
17		1358	2257.295843000
17		41	2257.352678000
17		1358	2257.368002000
17		1358	2257.391667000
17		41	2257.414316000
17		1358	2257.443948000
17		41	2257.475785000
17		1358	2257.488093000
17		41	2257.537687000
17		41	2257.537717000
17		1358	2257.538574000
17		1358	2257.583800000
17		41	2257.600608000
17		1358	2257.601651000
17		41	2257.662193000
17		1358	2257.679792000
17		41	2257.724122000
17		1358	2257.724767000
17		1358	2257.775992000
17		41	2257.785990000
17		41	2257.848329000
17		1358	2257.849879000
17		1358	2257.871357000
17		41	2257.910532000
17		1358	2257.911318000
17		41	2257.972324000
17		1358	2257.972745000
17		41	2258.034508000
17		1358	2258.035564000
17		41	2258.096180000
17		1358	2258.096607000
17		41	2258.158111000
17		1358	2258.159688000
17		41	2258.220533000
17		1358	2258.220823000
17		41	2258.281826000
17		1358	2258.283428000
17		41	2258.344111000
17		1358	2258.344479000
17		1358	2258.386191000
17		41	2258.405799000
17		41	2258.468568000
17		1358	2258.469025000
17		1358	2258.487303000
17		41	2258.530494000
17		1358	2258.590546000
17		46	2258.592396000
17		1358	2258.592729000
17		41	2258.653654000
17		1358	2258.667018000
17		41	2258.715705000
17		1358	2258.716125000
17		41	2258.778328000
17		1358	2258.779911000
17		41	2258.840483000
17		1358	2258.856404000
17		41	2258.902253000
17		1358	2258.902682000
17		41	2258.963733000
17		41	2258.963762000
17		1358	2258.965370000
17		1358	2258.979548000
17		41	2259.026126000
17		1358	2259.042630000
17		730	2259.087912000
17		41	2259.087938000
17		36	2259.088818000
17		75	2259.097629000
17		33	2259.097908000
17		1358	2259.108331000
17		41	2259.149942000
17		1358	2259.151565000
17		41	2259.212478000
17		1358	2259.236329000
17		46	2259.273907000
17		1358	2259.275529000
17		41	2259.336347000
17		1358	2259.364678000
17		41	2259.397776000
17		1358	2259.399367000
17		41	2259.459724000
17		1358	2259.497543000
17		41	2259.522026000
17		1358	2259.523670000
17		41	2259.584014000
17		1358	2259.593466000
17		41	2259.646342000
17		1358	2259.647856000
17		41	2259.707993000
17		41	2259.708017000
17		1358	2259.708356000
17		1358	2259.725885000
17		41	2259.770619000
17		1358	2259.804336000
17		41	2259.832621000
17		1358	2259.834232000
17		41	2259.894466000
17		1358	2259.900521000
17		41	2259.956526000
17		1358	2259.958128000
17		41	2260.018187000
17		1358	2260.018501000
17		41	2260.080267000
17		1358	2260.081866000
17		41	2260.142602000
17		1358	2260.142967000
17		41	2260.204399000
17		1358	2260.206001000
17		41	2260.266458000
17		1358	2260.283568000
17		41	2260.328116000
17		1358	2260.328424000
17		41	2260.389899000
17		41	2260.389932000
17		1358	2260.391515000
17		1358	2260.424674000
17		41	2260.452057000
17		1358	2260.469046000
17		41	2260.514475000
17		1358	2260.546829000
17		41	2260.576053000
17		1358	2260.576423000
17		41	2260.638238000
17		1358	2260.639850000
17		41	2260.699824000
17		1358	2260.700178000
17		44	2260.761909000
17		41	2260.761937000
17		41	2260.761944000
17		1358	2260.764090000
17		33	2260.787876000
17		41	2260.824185000
17		1358	2260.824785000
17		41	2260.886487000
17		1358	2260.888173000
17		41	2260.947863000
17		1358	2260.948215000
17		41	2261.009671000
17		1358	2261.011337000
17		46	2261.072205000
17		1358	2261.072515000
17		41	2261.133766000
17		1358	2261.135358000
17		41	2261.196308000
17		41	2261.196332000
17		1358	2261.196650000
17		1358	2261.212567000
17		41	2261.258084000
17		1358	2261.293256000
17		41	2261.319853000
17		1358	2261.321520000
17		41	2261.382335000
17		1358	2261.389287000
17		46	2261.443981000
17		1358	2261.445927000
17		41	2261.505682000
17		1358	2261.506218000
17		41	2261.568354000
17		1358	2261.570390000
17		41	2261.630266000
17		1358	2261.630655000
17		41	2261.691700000
17		1358	2261.693203000
17		41	2261.754201000
17		1358	2261.754673000
17		41	2261.816719000
17		1358	2261.818350000
17		41	2261.877746000
17		41	2261.877770000
17		1358	2261.878225000
17		1358	2261.921146000
17		41	2261.940086000
17		41	2262.002244000
17		1358	2262.002671000
17		1358	2262.023873000
17		41	2262.064567000
17		41	2262.125934000
17		1358	2262.126509000
17		1358	2262.126666000
17		41	2262.188318000
17		1358	2262.228498000
17		41	2262.250108000
17		1358	2262.305872000
17		41	2262.311640000
17		1358	2262.312041000
17		41	2262.374040000
17		1358	2262.382644000
17		41	2262.436294000
17		1358	2262.436668000
17		41	2262.498264000
17		1358	2262.500233000
17		41	2262.559803000
17		1358	2262.560252000
17		41	2262.622510000
17		41	2262.622534000
17		1358	2262.624652000
17		1358	2262.657142000
17		41	2262.684837000
17		1358	2262.701920000
17		41	2262.746636000
17		1358	2262.747019000
17		41	2262.808249000
17		1358	2262.809842000
17		41	2262.870086000
17		1358	2262.870511000
17		41	2262.932124000
17		1358	2262.933737000
17		41	2262.994584000
17		1358	2262.994929000
17		41	2263.056156000
17		1358	2263.056999000
17		41	2263.117926000
17		1358	2263.118393000
17		41	2263.179789000
17		1358	2263.181372000
17		41	2263.242211000
17		1358	2263.246441000
17		41	2263.303713000
17		1358	2263.305667000
17		41	2263.365964000
17		41	2263.365997000
17		1358	2263.374731000
17		1358	2263.382808000
17		46	2263.427895000
17		33	2263.453310000
17		41	2263.490040000
17		1358	2263.491959000
17		1358	2263.502743000
17		41	2263.552321000
17		46	2263.613892000
17		1358	2263.615902000
17		1358	2263.630897000
17		41	2263.675854000
17		41	2263.738127000
17		1358	2263.739751000
17		1358	2263.758848000
17		41	2263.800092000
6	0		2263.813179000
6	0		2263.813232000
6	0		2263.852271000
6	12		2263.852512000
17		1358	2263.855107000
17		41	2263.862149000
17		1358	2263.863764000
6	0		2263.891552000
6	12		2263.891589000
6	0		2263.891600000
6	1		2263.891788000
6	4		2263.891807000
6	32		2263.891816000
6	0		2263.891827000
17		41	2263.924606000
6	0		2263.930762000
6	0		2263.930803000
6	0		2263.930809000
6	0		2263.930907000
6	0		2263.930925000
17		1358	2263.941415000
17		41	2263.986036000
17		1358	2264.018945000
17		41	2264.047996000
17		41	2264.048019000
17		1358	2264.048473000
17		1358	2264.096398000
17		41	2264.110104000
17		1358	2264.144689000
17		41	2264.171760000
17		1358	2264.173462000
17		41	2264.233709000
17		1358	2264.241226000
17		41	2264.295788000
17		1358	2264.297187000
17		41	2264.358298000
17		1358	2264.358687000
17		41	2264.420379000
17		1358	2264.422037000
17		41	2264.481939000
17		1358	2264.482288000
17		41	2264.544245000
17		1358	2264.545896000
17		41	2264.605798000
17		1358	2264.606211000
17		41	2264.668122000
17		1358	2264.669868000
17		41	2264.730147000
17		41	2264.730210000
17		1358	2264.730535000
17		1358	2264.747103000
17		41	2264.792465000
17		1358	2264.827123000
17		41	2264.854611000
17		1358	2264.856285000
17		41	2264.916192000
17		1358	2264.923653000
17		41	2264.978422000
17		1358	2264.980048000
17		41	2265.039937000
17		1358	2265.040313000
17		665	2265.102522000
17		41	2265.102551000
17		36	2265.103201000
17		1358	2265.104118000
17		77	2265.113255000
17		33	2265.114625000
6	0		2265.135648000
6	0		2265.135689000
17		41	2265.163647000
17		1358	2265.164867000
17		41	2265.226594000
17		1358	2265.227069000
17		41	2265.288552000
17		41	2265.349964000
17		41	2265.412260000
17		41	2265.474251000
17		41	2265.536333000
17		41	2265.597736000
17		46	2265.660037000
17		33	2265.673964000
17		41	2265.721753000
17		41	2265.783689000
17		41	2265.846423000
17		41	2265.908440000
17		41	2265.970658000
17		41	2266.032606000
17		46	2266.094138000
17		33	2266.119881000
17		41	2266.155652000
17		41	2266.155678000
17		41	2266.218210000
17		41	2266.279689000
17		41	2266.342571000
17		41	2266.404225000
17		1358	2266.404617000
17		41	2266.465805000
17		1358	2266.466638000
17		41	2266.528126000
17		1358	2266.528604000
17		41	2266.592867000
17		1358	2266.594489000
17		41	2266.652516000
17		1358	2266.652982000
17		1118	2266.714387000
17		39	2266.715033000
17		1358	2266.717829000
17		41	2266.776470000
17		41	2266.776509000
17		1358	2266.776883000
17		44	2266.838223000
17		41	2266.838247000
17		41	2266.838254000
17		1358	2266.840073000
17		33	2266.864113000
17		41	2266.900265000
17		1358	2266.917092000
17		41	2266.962152000
17		1358	2266.962559000
17		41	2267.023815000
17		41	2267.023842000
17		1358	2267.026312000
17		1358	2267.039369000
17		41	2267.085834000
17		1358	2267.103567000
17		1358	2267.116420000
17		41	2267.148579000
17		1358	2267.180056000
17		1358	2267.193132000
17		41	2267.209847000
17		41	2267.209879000
17		1358	2267.255186000
17		1358	2267.269653000
17		47	2267.272415000
17		33	2267.285840000
17		1358	2267.331652000
17		41	2267.334447000
17		1358	2267.346646000
17		41	2267.396155000
17		1358	2267.408159000
17		1358	2267.423321000
17		41	2267.457990000
17		1358	2267.484964000
17		1358	2267.499863000
17		41	2267.520440000
17		1358	2267.560806000
17		1358	2267.577909000
17		41	2267.582128000
17		1358	2267.636724000
17		41	2267.643978000
17		1358	2267.704551000
17		41	2267.705781000
17		1358	2267.712856000
17		41	2267.768592000
17		1358	2267.789202000
17		41	2267.829837000
17		41	2267.829861000
17		1358	2267.832627000
17		1358	2267.866156000
17		41	2267.892429000
17		1358	2267.942269000
17		41	2267.954627000
17		1358	2267.960666000
17		41	2268.015726000
17		1358	2268.017073000
17		41	2268.077776000
17		1358	2268.088511000
17		1358	2268.093970000
17		41	2268.140335000
17		1358	2268.170545000
17		41	2268.202028000
17		1358	2268.216700000
17		1358	2268.246826000
17		41	2268.263859000
17		1358	2268.312474000
17		1358	2268.323318000
17		41	2268.325797000
17		41	2268.388497000
17		1358	2268.400578000
17		1358	2268.408713000
17		46	2268.450526000
17		1358	2268.475662000
17		33	2268.476277000
17		1358	2268.504423000
17		41	2268.512263000
17		1358	2268.552483000
17		41	2268.574140000
17		41	2268.574188000
17		1358	2268.600255000
17		1358	2268.628423000
17		41	2268.636032000
17		1358	2268.696589000
17		41	2268.698363000
17		1358	2268.705156000
17		41	2268.759897000
17		1358	2268.781380000
17		1358	2268.791953000
17		41	2268.822490000
17		1358	2268.856960000
17		41	2268.884072000
17		1358	2268.887884000
17		1358	2268.932745000
17		41	2268.945988000
17		1358	2268.984597000
17		41	2269.007849000
17		1358	2269.009431000
17		41	2269.069887000
17		1358	2269.080053000
17		1358	2269.085708000
17		41	2269.132297000
17		1358	2269.162340000
17		1358	2269.176325000
17		41	2269.193914000
17		1358	2269.237629000
17		41	2269.256230000
17		41	2269.256261000
17		1358	2269.272371000
17		1358	2269.314204000
17		46	2269.318291000
17		33	2269.332168000
17		1358	2269.367803000
17		41	2269.380396000
17		1358	2269.391050000
17		41	2269.441878000
17		1358	2269.463806000
17		1358	2269.467553000
17		41	2269.504202000
17		1358	2269.544345000
17		1358	2269.559547000
17		41	2269.566559000
17		1358	2269.618862000
17		41	2269.627833000
17		1358	2269.656237000
17		41	2269.689849000
17		1358	2269.696082000
17		41	2269.752575000
17		1358	2269.757187000
17		1358	2269.771854000
17		41	2269.814530000
17		1358	2269.817452000
17		41	2269.876201000
17		1358	2269.877378000
17		1358	2269.888771000
17		41	2269.937779000
17		41	2270.000458000
17		41	2270.000486000
17		1358	2270.001942000
17		1358	2270.004441000
17		41	2270.061802000
6	0		2270.092247000
6	0		2270.092311000
17		1358	2270.120419000
17		41	2270.124588000
17		1358	2270.126420000
17		41	2270.186354000
17		1358	2270.236807000
17		41	2270.247658000
17		1358	2270.248955000
17		41	2270.310041000
17		1358	2270.353934000
6	0		2270.358740000
6	41		2270.364244000
17		41	2270.372128000
17		1358	2270.373019000
17		41	2270.433835000
17		1358	2270.475612000
17		41	2270.496028000
17		1358	2270.496409000
17		41	2270.558455000
17		1358	2270.578582000
17		41	2270.620425000
17		1358	2270.620803000
6	0		2270.624952000
6	21		2270.624988000
6	0		2270.625000000
6	1080		2270.625938000
17		41	2270.682074000
17		41	2270.682100000
17		1358	2270.683733000
17		1358	2270.737791000
17		41	2270.744485000
17		1358	2270.761575000
17		41	2270.806262000
17		1358	2270.854497000
17		41	2270.867682000
17		1358	2270.869257000
6	440		2270.887099000
17		41	2270.929734000
6	0		2270.930192000
17		1358	2270.946341000
17		41	2270.992154000
17		1358	2270.992499000
17		41	2271.054004000
17		1358	2271.055450000
17		46	2271.116567000
17		1358	2271.116920000
17		41	2271.178050000
6	48		2271.190928000
6	0		2271.190969000
6	280		2271.196734000
17		41	2271.240069000
17		41	2271.302368000
17		1358	2271.302712000
17		46	2271.364556000
17		1358	2271.365654000
17		41	2271.426418000
17		41	2271.426448000
17		1358	2271.426766000
17		1358	2271.456654000
6	16		2271.467577000
17		41	2271.487909000
6	0		2271.510233000
17		1358	2271.547605000
17		41	2271.550127000
17		1358	2271.550605000
17		41	2271.611677000
17		1358	2271.667288000
17		41	2271.673748000
17		1358	2271.675649000
17		41	2271.736346000
6	52		2271.771525000
6	0		2271.771573000
6	52		2271.771687000
17		1358	2271.784094000
17		41	2271.798163000
17		1358	2271.799339000
17		41	2271.860469000
17		1358	2271.900577000
17		41	2271.921755000
17		1358	2271.923534000
6	0		2271.931816000
6	0		2271.931869000
6	0		2271.970963000
6	12		2271.971236000
17		41	2271.983783000
6	0		2272.010276000
6	12		2272.010391000
6	0		2272.010404000
6	1		2272.010614000
6	4		2272.010639000
6	32		2272.010650000
6	0		2272.010662000
17		1358	2272.014789000
6	84		2272.032465000
17		41	2272.045984000
17		1358	2272.046517000
6	0		2272.049767000
6	0		2272.049804000
6	0		2272.049925000
6	0		2272.049947000
6	0		2272.078224000
17		41	2272.108429000
17		41	2272.108454000
17		1358	2272.109583000
17		1358	2272.139700000
17		41	2272.169868000
17		1358	2272.200686000
17		41	2272.231777000
17		1358	2272.232082000
17		41	2272.293983000
17		1358	2272.295834000
17		41	2272.356096000
17		1358	2272.356423000
17		41	2272.418252000
17		1358	2272.419683000
17		41	2272.480504000
17		1358	2272.510252000
17		41	2272.541935000
17		1358	2272.542374000
17		41	2272.604333000
17		1358	2272.605326000
17		41	2272.666366000
17		1358	2272.697863000
17		41	2272.728513000
17		41	2272.789918000
17		41	2272.789943000
17		1358	2272.791026000
17		41	2272.852469000
17		1358	2272.853581000
17		1358	2272.882730000
17		41	2272.914415000
17		1358	2272.973766000
17		41	2272.975847000
17		1358	2273.009051000
17		41	2273.037877000
17		41	2273.099956000
17		1358	2273.101668000
17		41	2273.161952000
17		1358	2273.164079000
17		41	2273.223931000
17		1358	2273.224985000
17		1358	2273.280272000
17		41	2273.285967000
17		41	2273.348533000
17		1358	2273.350229000
6	68		2273.393264000
17		1358	2273.396931000
17		41	2273.410590000
17		1358	2273.441203000
17		41	2273.472177000
17		1358	2273.513467000
17		46	2273.533753000
17		46	2273.533776000
17		1358	2273.534406000
17		33	2273.559251000
17		41	2273.595878000
17		1358	2273.625310000
17		1358	2273.628745000
6	52		2273.654231000
6	0		2273.654272000
6	0		2273.654353000
6	0		2273.655589000
17		41	2273.658184000
17		41	2273.719831000
17		1358	2273.721072000
17		1358	2273.745933000
17		41	2273.781983000
17		41	2273.844056000
17		1358	2273.845159000
17		1358	2273.862120000
17		41	2273.906185000
6	0		2273.916352000
17		1358	2273.917690000
17		41	2273.968133000
17		1358	2273.977738000
17		41	2274.030427000
17		1358	2274.032079000
17		41	2274.091798000
17		1358	2274.094389000
17		41	2274.154185000
17		1358	2274.155514000
17		1358	2274.210159000
17		41	2274.215795000
17		41	2274.215832000
17		1358	2274.228226000
17		41	2274.278414000
17		1358	2274.301081000
17		1358	2274.326681000
17		41	2274.340222000
17		41	2274.401814000
17		1358	2274.403774000
17		1358	2274.443315000
17		41	2274.463840000
17		41	2274.525678000
17		1358	2274.527396000
17		1358	2274.559706000
17		41	2274.588399000
17		41	2274.650132000
17		1358	2274.651798000
17		1358	2274.676668000
17		41	2274.711923000
17		41	2274.773897000
17		1358	2274.775545000
17		1358	2274.793529000
17		41	2274.835845000
17		41	2274.898246000
17		1358	2274.899261000
17		1358	2274.909873000
17		41	2274.960382000
17		41	2274.960410000
17		1358	2274.990295000
17		41	2275.022035000
17		1358	2275.026486000
17		1358	2275.081445000
17		41	2275.084130000
17		621	2275.084154000
17		36	2275.084861000
17		77	2275.093041000
17		33	2275.093120000
17		1358	2275.143659000
17		41	2275.146162000
17		1358	2275.172721000
17		41	2275.207669000
17		1358	2275.260402000
17		41	2275.269958000
17		1358	2275.271617000
17		41	2275.332349000
17		1358	2275.377322000
17		41	2275.394034000
17		1358	2275.395104000
17		41	2275.456334000
17		1358	2275.493709000
17		41	2275.518274000
17		1358	2275.519831000
17		41	2275.580552000
17		1358	2275.610107000
17		46	2275.642102000
17		1358	2275.643398000
17		41	2275.704057000
17		1358	2275.726455000
17		1358	2275.734401000
17		41	2275.765685000
17		1358	2275.824650000
17		41	2275.827836000
17		1358	2275.842852000
17		41	2275.889918000
17		1358	2275.915233000
17		41	2275.951704000
17		1358	2275.959199000
17		41	2276.014498000
17		1358	2276.016066000
17		46	2276.076695000
17		1358	2276.077037000
17		41	2276.138576000
17		1358	2276.140168000
17		41	2276.200150000
17		1358	2276.200703000
17		41	2276.262088000
17		1358	2276.263683000
17		41	2276.323940000
17		1358	2276.324345000
17		41	2276.386136000
17		41	2276.386161000
17		1358	2276.387770000
17		1358	2276.440930000
17		44	2276.448617000
17		41	2276.448646000
17		41	2276.448655000
17		33	2276.474956000
17		1358	2276.479572000
17		41	2276.510192000
17		1358	2276.557749000
17		41	2276.572355000
17		1358	2276.573203000
17		41	2276.633790000
17		1358	2276.674104000
17		41	2276.696232000
17		1358	2276.697790000
17		41	2276.758049000
17		1358	2276.790634000
17		41	2276.820515000
17		1358	2276.822635000
17		41	2276.882563000
17		1358	2276.882924000
17		41	2276.944237000
17		1358	2276.944856000
17		41	2277.006087000
17		1358	2277.006460000
6	0		2277.044058000
6	0		2277.044098000
17		41	2277.068351000
17		1358	2277.070028000
17		41	2277.130357000
17		1358	2277.130766000
17		41	2277.192345000
17		1358	2277.193864000
17		41	2277.253761000
17		1171	2277.253786000
17		36	2277.254455000
17		108	2277.270319000
17		33	2277.270489000
17		1358	2277.284469000
17		41	2277.316070000
17		41	2277.378465000
17		41	2277.439992000
17		41	2277.501855000
17		41	2277.564191000
17		41	2277.626004000
17		41	2277.688464000
17		41	2277.750252000
17		41	2277.812389000
17		41	2277.874476000
17		41	2277.874503000
17		41	2277.935903000
17		46	2277.998138000
17		33	2278.012692000
17		41	2278.059964000
17		1358	2278.060538000
17		41	2278.121921000
17		41	2278.184504000
17		1358	2278.185021000
17		41	2278.246299000
17		1358	2278.247281000
17		41	2278.308059000
17		1358	2278.308438000
17		41	2278.370493000
17		1358	2278.372702000
17		1358	2278.424809000
17		46	2278.432260000
17		1358	2278.446055000
17		33	2278.457740000
17		41	2278.494425000
17		1358	2278.518238000
17		1358	2278.541723000
17		41	2278.555661000
17		1358	2278.590357000
17		44	2278.617734000
17		41	2278.617757000
17		41	2278.617764000
17		33	2278.643750000
17		1358	2278.657796000
17		1358	2278.662615000
17		41	2278.679701000
17		1358	2278.733703000
17		41	2278.742566000
17		1358	2278.773968000
17		41	2278.804014000
17		1358	2278.805432000
17		41	2278.865853000
17		1358	2278.878450000
17		1358	2278.890051000
17		41	2278.927887000
17		1358	2278.950839000
17		41	2278.989998000
17		1358	2279.006870000
17		41	2279.052154000
17		1358	2279.071317000
17		41	2279.114278000
17		1358	2279.122813000
17		41	2279.176246000
17		1358	2279.191224000
17		41	2279.238388000
17		1358	2279.238950000
17		41	2279.300199000
17		1358	2279.311771000
17		1358	2279.355520000
17		41	2279.362461000
17		41	2279.423945000
17		1358	2279.431904000
17		1358	2279.471110000
17		41	2279.485750000
17		1358	2279.521449000
17		41	2279.548499000
17		1358	2279.587362000
17		41	2279.610439000
17		1358	2279.611839000
17		41	2279.672456000
17		1358	2279.702725000
17		1358	2279.703716000
17		41	2279.733893000
17		1358	2279.792661000
17		41	2279.796031000
17		1358	2279.820122000
17		41	2279.857674000
17		1358	2279.881987000
17		41	2279.919636000
17		1358	2279.936700000
17		1358	2279.972723000
17		41	2279.981974000
17		41	2280.044098000
6	0		2280.050262000
6	0		2280.050328000
17		1358	2280.053245000
17		1358	2280.063516000
6	0		2280.068832000
6	0		2280.068883000
6	0		2280.088941000
6	12		2280.089223000
17		41	2280.105893000
6	0		2280.127749000
6	12		2280.127795000
6	0		2280.127812000
6	1		2280.128053000
6	4		2280.128077000
6	32		2280.128088000
6	0		2280.128103000
17		1358	2280.153791000
6	0		2280.166509000
6	0		2280.166631000
6	0		2280.166684000
6	0		2280.166777000
6	0		2280.166793000
17		41	2280.167784000
17		1358	2280.168792000
17		46	2280.230482000
17		41	2280.230509000
6	0		2280.233450000
6	41		2280.240588000
17		1358	2280.243272000
17		1358	2280.262363000
17		41	2280.291756000
17		1358	2280.333838000
17		41	2280.354465000
17		1358	2280.355506000
6	21		2280.404453000
6	0		2280.404495000
6	0		2280.404857000
6	0		2280.404869000
6	1080		2280.405396000
17		41	2280.416034000
17		1358	2280.423358000
17		1358	2280.448478000
17		41	2280.478492000
17		1358	2280.513920000
17		41	2280.523728000
17		1358	2280.540979000
17		41	2280.570270000
6	440		2280.571981000
17		1358	2280.604189000
6	0		2280.614233000
17		41	2280.616184000
17		1358	2280.634476000
17		41	2280.662055000
17		1358	2280.694176000
17		41	2280.707806000
17		1358	2280.727097000
17		41	2280.754098000
6	48		2280.778228000
6	0		2280.778270000
6	280		2280.784446000
17		1358	2280.784684000
17		41	2280.800334000
17		1358	2280.819883000
17		41	2280.845924000
17		1358	2280.875215000
17		41	2280.892187000
17		46	2280.938146000
6	16		2280.953486000
17		33	2280.963762000
17		1358	2280.964584000
17		1358	2280.974488000
17		41	2280.984504000
6	0		2280.994227000
17		41	2281.030454000
17		1358	2281.054819000
17		41	2281.076470000
17		41	2281.121876000
17		1358	2281.125516000
17		1358	2281.145333000
6	52		2281.157742000
6	0		2281.157778000
6	52		2281.157862000
17		41	2281.168094000
17		41	2281.214289000
17		1358	2281.233202000
17		1358	2281.234863000
17		41	2281.259769000
17		41	2281.305784000
6	84		2281.322991000
17		1358	2281.325037000
17		1358	2281.338577000
17		41	2281.352362000
17		41	2281.352391000
6	0		2281.366226000
17		41	2281.398566000
17		1358	2281.415241000
17		1358	2281.439456000
17		41	2281.444146000
17		41	2281.489771000
17		1358	2281.505348000
17		41	2281.535914000
17		1358	2281.538238000
17		41	2281.581702000
17		1358	2281.595241000
17		41	2281.628505000
17		1358	2281.634053000
17		41	2281.674277000
17		1358	2281.686318000
17		41	2281.720292000
17		1358	2281.729899000
17		41	2281.766268000
17		1358	2281.774927000
17		41	2281.812524000
17		1358	2281.826098000
17		41	2281.858425000
17		41	2281.858451000
17		1358	2281.866103000
17		46	2281.904229000
17		33	2281.918312000
17		1358	2281.922206000
17		41	2281.950148000
17		1358	2281.955987000
17		41	2281.995892000
17		1358	2282.018109000
17		41	2282.041961000
17		1358	2282.045886000
17		41	2282.088579000
17		1358	2282.114082000
17		41	2282.133817000
17		1358	2282.136019000
17		41	2282.180251000
17		1358	2282.209066000
17		1358	2282.225671000
17		41	2282.225858000
17		41	2282.271842000
17		1358	2282.305254000
17		1358	2282.315755000
17		41	2282.318435000
17		41	2282.364139000
17		1358	2282.401546000
17		1358	2282.405497000
17		41	2282.410321000
17		41	2282.410344000
17		41	2282.456532000
17		1358	2282.495311000
17		1358	2282.496445000
17		41	2282.501730000
17		41	2282.548399000
17		1358	2282.585226000
17		1358	2282.593218000
17		41	2282.593733000
17		41	2282.640038000
17		1358	2282.675217000
17		41	2282.685684000
17		1358	2282.688486000
17		46	2282.732164000
17		33	2282.757774000
17		1358	2282.765243000
17		41	2282.777644000
17		1358	2282.784724000
17		41	2282.823838000
17		1358	2282.855847000
17		41	2282.870036000
17		1358	2282.879834000
17		41	2282.916214000
17		41	2282.916244000
17		1358	2282.945051000
17		41	2282.961908000
17		1358	2282.975598000
17		41	2283.008270000
17		1358	2283.016977000
17		41	2283.053697000
17		1358	2283.071561000
17		1358	2283.089837000
17		41	2283.099981000
17		41	2283.146560000
17		1358	2283.161667000
17		1358	2283.167277000
17		41	2283.192002000
17		1358	2283.232774000
17		41	2283.238099000
17		1358	2283.263091000
17		41	2283.283860000
17		1358	2283.305187000
17		41	2283.329907000
17		1358	2283.358345000
17		41	2283.376178000
17		1358	2283.376796000
17		41	2283.422582000
17		1358	2283.454432000
17		41	2283.468322000
17		41	2283.468355000
17		1358	2283.496858000
17		46	2283.513843000
17		33	2283.527802000
17		1358	2283.549782000
17		41	2283.559847000
17		1358	2283.580123000
17		41	2283.605980000
17		1358	2283.645600000
17		41	2283.652146000
17		1358	2283.659375000
17		41	2283.697879000
6	68		2283.720793000
17		1358	2283.736301000
17		1358	2283.741723000
17		41	2283.744364000
17		41	2283.790057000
17		1358	2283.813343000
17		41	2283.836344000
17		1358	2283.836731000
17		41	2283.882455000
6	52		2283.884787000
6	0		2283.884825000
6	0		2283.884978000
6	0		2283.886119000
17		1358	2283.890005000
17		41	2283.927897000
17		1358	2283.932751000
17		1358	2283.966610000
17		41	2283.974243000
17		41	2284.020370000
17		41	2284.020398000
17		1358	2284.028081000
17		1358	2284.043243000
6	0		2284.051743000
17		41	2284.066016000
17		41	2284.112195000
17		1358	2284.119586000
17		1358	2284.123812000
17		41	2284.158632000
17		1358	2284.196402000
17		1358	2284.200760000
17		41	2284.204086000
17		41	2284.250058000
17		1358	2284.273157000
17		1358	2284.276761000
17		41	2284.295917000
17		41	2284.342227000
17		1358	2284.349683000
17		1358	2284.353883000
17		41	2284.387800000
17		1358	2284.425692000
17		1358	2284.430135000
17		41	2284.433902000
17		41	2284.480163000
17		1358	2284.502065000
17		1358	2284.506736000
17		41	2284.525845000
17		41	2284.525869000
17		46	2284.571710000
17		1358	2284.579988000
17		1358	2284.583388000
17		41	2284.618014000
17		1358	2284.656428000
17		41	2284.664371000
17		1358	2284.674496000
17		41	2284.709753000
17		1358	2284.732313000
17		41	2284.756432000
17		1358	2284.766574000
17		41	2284.802535000
17		1358	2284.809221000
17		41	2284.847857000
17		1358	2284.858547000
17		1358	2284.885277000
17		41	2284.894530000
17		41	2284.940451000
6	0		2284.940489000
6	0		2284.941562000
17		1358	2284.950413000
17		1358	2284.963379000
17		41	2284.986160000
17		41	2285.031740000
17		1358	2285.039629000
17		1358	2285.042018000
17		41	2285.078074000
17		651	2285.078103000
17		41	2285.078111000
17		36	2285.079023000
17		77	2285.087334000
17		33	2285.087532000
17		1358	2285.116163000
17		46	2285.124400000
6	0		2285.124434000
6	0		2285.125089000
17		1358	2285.134008000
17		33	2285.137935000
17		41	2285.170027000
17		1358	2285.192638000
17		41	2285.216287000
17		1358	2285.217407000
17		41	2285.261643000
17		1358	2285.268937000
17		1358	2285.299669000
17		41	2285.308581000
17		1358	2285.345748000
17		41	2285.354579000
17		1358	2285.382605000
17		41	2285.400203000
17		1358	2285.422359000
17		41	2285.445873000
17		1358	2285.466246000
17		44	2285.491973000
17		41	2285.491998000
17		41	2285.492005000
17		1358	2285.499255000
17		33	2285.517709000
17		41	2285.538459000
17		1358	2285.547705000
17		1358	2285.574954000
17		41	2285.584209000
17		41	2285.630034000
17		1358	2285.630540000
17		1358	2285.652100000
17		41	2285.676037000
17		1358	2285.713806000
17		41	2285.721620000
17		41	2285.721644000
17		1358	2285.728622000
17		41	2285.767924000
17		1358	2285.797046000
17		1358	2285.805522000
17		41	2285.814511000
17		41	2285.859901000
17		1358	2285.865821000
17		1358	2285.878830000
17		41	2285.906549000
17		1358	2285.927823000
17		41	2285.952063000
17		1358	2285.961958000
17		1358	2285.989416000
17		41	2285.997731000
17		41	2286.043739000
17		1358	2286.044829000
17		1358	2286.050516000
17		41	2286.090117000
17		1358	2286.111137000
17		1358	2286.127810000
17		41	2286.135804000
17		1358	2286.173208000
17		41	2286.181772000
17		1358	2286.210062000
17		41	2286.228430000
17		41	2286.274464000
17		41	2286.274494000
17		1358	2286.276025000
17		1358	2286.292785000
17		41	2286.320377000
17		46	2286.365693000
17		1358	2286.375902000
17		1358	2286.377079000
17		41	2286.412063000
17		41	2286.457977000
17		1358	2286.458624000
17		1358	2286.479014000
17		41	2286.504321000
17		1358	2286.541587000
17		41	2286.550025000
17		1358	2286.582114000
17		41	2286.596314000
17		1358	2286.624000000
17		41	2286.642240000
17		1358	2286.657918000
17		41	2286.688034000
17		1358	2286.706215000
17		1358	2286.732653000
17		46	2286.733971000
17		33	2286.747410000
17		41	2286.779932000
17		41	2286.779955000
17		1358	2286.788978000
17		1358	2286.807154000
17		41	2286.826405000
17		41	2286.872147000
17		1358	2286.872381000
17		1358	2286.879721000
17		41	2286.918465000
17		1358	2286.938169000
17		1358	2286.952143000
17		41	2286.963704000
17		1358	2287.004327000
17		41	2287.010400000
17		1358	2287.025195000
17		41	2287.056265000
17		1358	2287.070357000
17		1358	2287.096861000
17		41	2287.101727000
17		1358	2287.136901000
17		41	2287.147812000
17		1358	2287.168727000
17		41	2287.194335000
17		1358	2287.202901000
17		41	2287.239871000
17		1358	2287.240994000
17		1358	2287.269871000
17		41	2287.286116000
17		1358	2287.313741000
17		41	2287.332256000
17		41	2287.332280000
17		41	2287.377872000
17		1358	2287.378201000
17		1358	2287.384918000
17		41	2287.424225000
17		1358	2287.458535000
17		41	2287.470064000
17		1358	2287.489825000
17		41	2287.515830000
17		1358	2287.529557000
17		41	2287.561734000
17		1358	2287.600066000
17		1358	2287.601950000
17		41	2287.608043000
17		41	2287.653809000
17		1358	2287.674266000
17		41	2287.700092000
17		1358	2287.710127000
17		1358	2287.745862000
17		41	2287.746143000
17		41	2287.792064000
17		1358	2287.793213000
17		1358	2287.818783000
17		41	2287.837768000
17		41	2287.837792000
17		1358	2287.875622000
17		41	2287.883734000
17		1358	2287.890971000
17		41	2287.929806000
17		1358	2287.957693000
17		1358	2287.963018000
17		41	2287.976589000
17		41	2288.021663000
17		1358	2288.035298000
17		1358	2288.038888000
17		41	2288.067712000
17		1358	2288.107430000
17		46	2288.113770000
17		1358	2288.118721000
17		41	2288.159894000
17		1358	2288.179988000
17		1358	2288.199682000
17		41	2288.205673000
17		41	2288.251897000
17		1358	2288.251981000
17		1358	2288.280379000
17		41	2288.297730000
17		1358	2288.323638000
17		41	2288.343746000
17		1358	2288.360629000
17		46	2288.390078000
17		41	2288.390102000
17		1358	2288.396967000
17		41	2288.435862000
17		1358	2288.440579000
17		1358	2288.468516000
17		41	2288.481881000
17		1358	2288.521470000
17		41	2288.527812000
17		1358	2288.540916000
17		41	2288.574545000
17		1358	2288.601657000
17		1358	2288.613402000
17		41	2288.620139000
17		41	2288.666429000
17		1358	2288.682123000
17		1358	2288.686052000
17		41	2288.712711000
17		1358	2288.757077000
17		41	2288.758444000
17		1358	2288.762650000
17		41	2288.804076000
17		1358	2288.830269000
17		1358	2288.843428000
17		41	2288.850204000
17		41	2288.896124000
17		41	2288.896146000
17		1358	2288.901839000
17		1358	2288.923916000
17		41	2288.942604000
17		1358	2288.959676000
17		41	2288.988227000
17		1358	2289.004200000
17		1358	2289.017743000
17		41	2289.033714000
17		1358	2289.075112000
17		41	2289.079982000
17		1358	2289.085242000
17		41	2289.126188000
17		1358	2289.133149000
17		1358	2289.165353000
17		41	2289.171661000
17		1358	2289.192026000
17		41	2289.218603000
17		1358	2289.246299000
17		41	2289.264354000
17		1358	2289.265951000
17		41	2289.310245000
17		1358	2289.326087000
17		41	2289.356129000
17		767	2289.356151000
17		36	2289.356942000
17		1358	2289.362948000
17		108	2289.369082000
17		117	2289.369360000
17		41	2289.402445000
17		41	2289.402470000
17		1358	2289.407474000
17		41	2289.448250000
17		1358	2289.460097000
17		1358	2289.487703000
17		41	2289.494542000
17		41	2289.539975000
17		1220	2289.557164000
17		1358	2289.567453000
17		41	2289.585931000
17		41	2289.632412000
17		1358	2289.647961000
17		41	2289.678603000
17		41	2289.724280000
17		1358	2289.729371000
17		41	2289.770044000
17		1358	2289.809133000
17		41	2289.816717000
17		41	2289.861758000
17		1358	2289.889623000
17		41	2289.908340000
17		46	2289.954379000
17		46	2289.954404000
17		33	2289.967776000
17		1358	2289.970302000
17		41	2290.000001000
17		41	2290.046320000
17		1358	2290.050849000
17		41	2290.091838000
17		1358	2290.114957000
17		41	2290.138064000
17		41	2290.138106000
17		1358	2290.179540000
17		44	2290.183949000
17		41	2290.183973000
17		41	2290.183980000
17		33	2290.209806000
17		41	2290.230492000
17		1358	2290.243892000
17		41	2290.276183000
17		1358	2290.308181000
17		41	2290.321941000
17		1034	2290.367866000
17		39	2290.368439000
17		1358	2290.370392000
17		1358	2290.370412000
17		1358	2290.370416000
17		1358	2290.370420000
17		1358	2290.370425000
17		1358	2290.370429000
17		1358	2290.370433000
17		1358	2290.370437000
17		1358	2290.370442000
17		1358	2290.370447000
17		1358	2290.372483000
17		41	2290.414137000
17		1358	2290.437623000
17		1358	2290.443345000
17		41	2290.460606000
17		41	2290.506368000
17		1358	2290.544257000
17		41	2290.552440000
17		41	2290.598985000
17		41	2290.643899000
17		1358	2290.651483000
17		41	2290.689696000
17		41	2290.736494000
17		1358	2290.759348000
17		41	2290.781745000
17		41	2290.828228000
17		41	2290.828250000
17		1358	2290.862482000
17		47	2290.874375000
17		1358	2290.875624000
17		41	2290.920519000
17		1358	2290.937871000
17		1358	2290.948980000
17		41	2290.966634000
17		1358	2291.012605000
17		41	2291.012806000
17		1358	2291.022455000
17		41	2291.058594000
17		1358	2291.087745000
17		1358	2291.095968000
17		41	2291.104030000
17		41	2291.150113000
17		1358	2291.162635000
17		1358	2291.167281000
17		41	2291.196317000
17		1358	2291.237627000
17		1358	2291.240716000
17		41	2291.242405000
17		41	2291.287623000
17		1358	2291.311873000
17		1358	2291.313075000
17		41	2291.333685000
17		41	2291.380547000
17		1358	2291.384801000
17		1358	2291.387847000
17		41	2291.426105000
17		1358	2291.456239000
17		1358	2291.463030000
17		41	2291.471830000
17		41	2291.518123000
17		1358	2291.528258000
17		1358	2291.538351000
17		46	2291.564104000
17		33	2291.589569000
17		1358	2291.600887000
17		41	2291.609745000
17		1358	2291.612939000
17		41	2291.655936000
17		41	2291.655960000
17		1358	2291.672540000
17		1358	2291.687970000
17		41	2291.701876000
17		1358	2291.739782000
17		41	2291.748061000
17		1358	2291.762870000
17		41	2291.793954000
17		1358	2291.807012000
17		1358	2291.838175000
17		41	2291.840010000
17		1358	2291.874091000
17		41	2291.886053000
17		1358	2291.913461000
17		41	2291.932399000
17		1358	2291.940102000
17		41	2291.978527000
17		1358	2291.988983000
17		1358	2292.007523000
17		41	2292.024297000
17		1358	2292.063237000
17		41	2292.070536000
17		1358	2292.074754000
17		41	2292.115730000
17		1358	2292.127935000
17		1358	2292.138170000
17		41	2292.162067000
17		41	2292.162098000
17		1358	2292.182247000
17		41	2292.208120000
17		1358	2292.213360000
17		1358	2292.235056000
17		41	2292.254273000
17		1358	2292.288252000
17		1358	2292.288286000
17		41	2292.300356000
17		1358	2292.341700000
17		41	2292.346580000
17		1358	2292.363483000
17		46	2292.392085000
17		1358	2292.393741000
17		41	2292.438514000
17		1358	2292.438542000
17		41	2292.484211000
17		1358	2292.484257000
17		1358	2292.513410000
17		41	2292.529717000
17		1358	2292.573006000
17		41	2292.575699000
17		1358	2292.589054000
17		41	2292.622388000
17		1358	2292.662509000
17		1358	2292.663780000
17		41	2292.668725000
17		41	2292.714498000
17		41	2292.714524000
17		1358	2292.739219000
17		1358	2292.751985000
17		41	2292.759843000
17		41	2292.806364000
17		1358	2292.814927000
17		1358	2292.841176000
17		41	2292.852023000
17		1358	2292.888785000
17		41	2292.898488000
17		1358	2292.907924000
17		41	2292.943785000
17		1358	2292.964478000
17		1358	2292.975321000
17		41	2292.990253000
17		41	2293.036525000
17		1358	2293.038858000
17		1358	2293.041535000
17		41	2293.082504000
17		1358	2293.108288000
17		1358	2293.114035000
17		41	2293.128064000
17		41	2293.173904000
17		1358	2293.175071000
17		1358	2293.189243000
17		41	2293.220266000
17		1358	2293.243025000
17		1358	2293.264400000
17		41	2293.266328000
17		1358	2293.308840000
17		41	2293.311782000
17		1358	2293.339447000
17		46	2293.357713000
17		1358	2293.375535000
17		33	2293.383614000
17		41	2293.403830000
17		1358	2293.414603000
17		1358	2293.442588000
17		41	2293.450418000
17		1358	2293.474177000
17		41	2293.496369000
17		1358	2293.509571000
17		1358	2293.534407000
17		41	2293.542275000
17		1358	2293.576099000
17		41	2293.588554000
17		1358	2293.594190000
17		41	2293.633883000
17		1358	2293.643769000
17		1358	2293.654547000
17		41	2293.680325000
17		1358	2293.710962000
17		1358	2293.714586000
17		41	2293.725651000
17		41	2293.772261000
17		41	2293.772286000
17		1358	2293.774815000
17		1358	2293.777957000
17		41	2293.817796000
17		41	2293.864160000
17		1358	2293.865801000
17		1358	2293.874919000
17		41	2293.909967000
17		41	2293.956132000
17		1358	2293.957753000
17		1358	2293.975588000
17		41	2294.002102000
17		41	2294.047902000
17		1358	2294.049875000
17		1358	2294.075607000
17		41	2294.093729000
17		46	2294.139671000
17		1358	2294.141290000
17		1358	2294.175235000
17		41	2294.185838000
17		1358	2294.208743000
17		41	2294.232365000
17		1358	2294.251054000
17		41	2294.278674000
17		41	2294.278696000
17		1358	2294.280215000
17		41	2294.324339000
17		1358	2294.325418000
17		1358	2294.347906000
17		41	2294.370529000
17		1358	2294.400508000
17		41	2294.416198000
17		1358	2294.417790000
17		41	2294.462574000
17		41	2294.508200000
17		1358	2294.510081000
17		41	2294.554025000
17		41	2294.600366000
17		41	2294.646341000
17		41	2294.691697000
17		41	2294.738442000
17		41	2294.783692000
17		41	2294.830238000
17		41	2294.830260000
17		41	2294.876535000
17		41	2294.922591000
17		41	2294.968087000
17		46	2295.014152000
17		33	2295.040101000
17		41	2295.060732000
17		631	2295.060757000
17		36	2295.061327000
17		77	2295.069389000
17		33	2295.069438000
17		41	2295.106535000
17		41	2295.152398000
17		41	2295.197903000
17		41	2295.243718000
17		41	2295.290021000
17		41	2295.336630000
17		41	2295.336653000
17		1358	2295.337054000
17		41	2295.382357000
17		1358	2295.382716000
17		41	2295.428536000
17		1358	2295.430584000
17		41	2295.473805000
17		1358	2295.474223000
17		41	2295.520338000
17		1358	2295.521425000
17		41	2295.566112000
17		1358	2295.566478000
17		41	2295.612072000
17		1358	2295.613686000
17		41	2295.658544000
17		1358	2295.658855000
17		41	2295.704129000
17		1358	2295.705624000
17		44	2295.749951000
17		41	2295.749976000
17		46	2295.749983000
17		33	2295.763577000
17		1358	2295.773006000
17		33	2295.775817000
17		41	2295.795821000
17		1358	2295.796200000
17		41	2295.841709000
17		1358	2295.872091000
17		41	2295.887642000
17		1358	2295.888173000
17		41	2295.934166000
17		1358	2295.947402000
17		1358	2295.955860000
17		41	2295.979822000
17		41	2295.979850000
17		1358	2296.022188000
17		1358	2296.022902000
17		41	2296.025895000
17		41	2296.071826000
17		1358	2296.089646000
17		1358	2296.096886000
17		41	2296.118074000
17		1358	2296.155871000
17		41	2296.163938000
6	0		2296.169664000
6	0		2296.169716000
17		1358	2296.171590000
6	0		2296.208919000
6	12		2296.209200000
17		41	2296.209810000
17		1358	2296.223314000
17		1358	2296.246651000
6	0		2296.248091000
6	12		2296.248162000
6	0		2296.248171000
6	1		2296.248392000
6	4		2296.248418000
6	32		2296.248436000
6	0		2296.248454000
17		41	2296.256438000
6	0		2296.287300000
6	0		2296.287337000
6	0		2296.287376000
6	0		2296.287854000
6	0		2296.287876000
17		1358	2296.290652000
17		41	2296.301915000
17		1358	2296.321740000
17		41	2296.347732000
17		1358	2296.357638000
17		41	2296.394328000
17		1358	2296.397331000
17		1358	2296.423468000
17		41	2296.440564000
17		1358	2296.472085000
17		41	2296.485782000
17		1358	2296.490668000
17		41	2296.531887000
17		41	2296.531912000
17		1358	2296.546996000
17		1358	2296.557567000
17		41	2296.577865000
17		1358	2296.622730000
17		41	2296.623785000
17		1358	2296.624515000
17		41	2296.670126000
17		1358	2296.691180000
17		1358	2296.697327000
17		41	2296.716609000
17		1358	2296.758371000
17		41	2296.761685000
17		1358	2296.772245000
17		46	2296.808302000
17		1358	2296.824987000
17		33	2296.833800000
17		1358	2296.847557000
17		41	2296.854487000
17		1358	2296.891191000
17		41	2296.900609000
17		1358	2296.922209000
17		41	2296.946790000
17		1358	2296.958179000
17		41	2296.992335000
17		1358	2296.997371000
17		1358	2297.025707000
17		41	2297.038543000
17		41	2297.038566000
17		1358	2297.072344000
17		41	2297.083749000
17		1358	2297.093168000
17		41	2297.130773000
17		1358	2297.147840000
17		1358	2297.159114000
17		41	2297.176360000
17		41	2297.222291000
17		1358	2297.222473000
17		1358	2297.225963000
17		41	2297.268668000
17		1358	2297.292859000
17		1358	2297.297544000
17		41	2297.314140000
17		41	2297.360429000
17		1358	2297.360736000
17		1358	2297.373126000
17		46	2297.405907000
17		33	2297.420619000
17		1358	2297.426540000
17		1358	2297.447637000
17		41	2297.452209000
17		1358	2297.493369000
17		41	2297.497899000
17		1358	2297.522630000
17		41	2297.544351000
17		1358	2297.560443000
17		41	2297.590239000
17		41	2297.590263000
17		1358	2297.598091000
17		1358	2297.627185000
17		41	2297.636164000
17		1358	2297.672926000
17		1358	2297.680920000
17		41	2297.682089000
17		41	2297.728326000
17		1358	2297.733712000
17		1358	2297.748152000
17		41	2297.774062000
17		1358	2297.788113000
17		41	2297.820264000
17		1358	2297.823582000
17		1358	2297.841697000
17		41	2297.866167000
17		1358	2297.893994000
17		1358	2297.898385000
17		41	2297.912088000
17		1358	2297.949075000
17		41	2297.957646000
17		1358	2297.958765000
17		1358	2298.001168000
17		41	2298.004195000
17		1358	2298.018517000
17		41	2298.050392000
17		1358	2298.055876000
17		1358	2298.078664000
17		41	2298.095763000
17		1358	2298.138107000
17		41	2298.142531000
17		41	2298.142567000
17		1358	2298.144476000
17		41	2298.188367000
17		1358	2298.198582000
17		1358	2298.233886000
17		41	2298.234546000
17		1358	2298.258350000
17		41	2298.279692000
17		1358	2298.318203000
17		1358	2298.322322000
17		41	2298.326300000
17		41	2298.372485000
17		1358	2298.378920000
17		1358	2298.411754000
17		41	2298.418592000
6	0		2298.453495000
6	0		2298.453551000
17		41	2298.464154000
6	0		2298.478365000
17		1358	2298.478767000
6	41		2298.484328000
17		1358	2298.501238000
6	0		2298.508756000
17		41	2298.509686000
6	21		2298.511476000
6	0		2298.511522000
6	1080		2298.512577000
6	0		2298.536928000
6	440		2298.548794000
17		41	2298.556161000
17		1358	2298.567103000
17		1358	2298.578550000
6	0		2298.590223000
17		41	2298.601766000
6	48		2298.614618000
6	0		2298.614654000
6	280		2298.618650000
17		1358	2298.634768000
6	0		2298.643029000
17		41	2298.647887000
17		46	2298.647913000
6	16		2298.657823000
17		33	2298.674029000
17		1358	2298.678762000
17		41	2298.694087000
6	0		2298.698227000
17		863	2298.701276000
6	52		2298.722609000
6	0		2298.722646000
6	52		2298.722743000
17		41	2298.739791000
6	84		2298.747151000
17		1358	2298.778832000
17		41	2298.786448000
6	0		2298.790219000
17		41	2298.831789000
17		1358	2298.854027000
17		41	2298.877764000
17		41	2298.924016000
17		1358	2298.928766000
17		46	2298.970332000
17		33	2298.983734000
17		1358	2299.003825000
17		41	2299.015796000
17		41	2299.062211000
17		730	2299.062318000
17		36	2299.063185000
17		75	2299.072761000
17		33	2299.072802000
17		1358	2299.079432000
17		41	2299.108450000
17		1358	2299.153797000
17		41	2299.154562000
17		41	2299.154589000
17		41	2299.199732000
17		1358	2299.229762000
17		41	2299.245761000
17		41	2299.292174000
17		1358	2299.304432000
17		41	2299.337707000
17		1111	2299.337730000
17		39	2299.338321000
17		1358	2299.340845000
17		1358	2299.379331000
17		41	2299.384585000
17		1358	2299.408891000
17		41	2299.430218000
17		1358	2299.454125000
17		1358	2299.475263000
17		41	2299.476188000
17		41	2299.522521000
17		1358	2299.530115000
17		1358	2299.542253000
17		41	2299.568357000
17		1358	2299.604218000
17		1358	2299.609704000
17		41	2299.614336000
17		41	2299.660416000
17		41	2299.660442000
17		1358	2299.676411000
17		1358	2299.680251000
17		41	2299.705846000
17		1358	2299.742522000
17		41	2299.752194000
17		1358	2299.754688000
17		41	2299.797668000
17		1358	2299.810292000
17		1358	2299.829588000
17		44	2299.844474000
17		41	2299.844496000
17		41	2299.844503000
17		33	2299.870845000
17		1358	2299.877193000
17		41	2299.889906000
17		1358	2299.904337000
17		41	2299.936085000
17		1358	2299.943325000
17		1358	2299.980527000
17		41	2299.982213000
17		1358	2300.010435000
17		41	2300.027955000
17		46	2300.027975000
17		33	2300.053550000
17		1358	2300.056695000
17		47	2300.074083000
17		1358	2300.077454000
17		41	2300.119655000
17		1358	2300.132043000
17		1358	2300.144210000
17		41	2300.165710000
17		41	2300.165733000
17		1358	2300.207633000
17		1358	2300.210884000
17		41	2300.211679000
17		41	2300.257766000
17		1358	2300.277459000
17		1358	2300.283364000
17		41	2300.304039000
17		1358	2300.345086000
17		41	2300.350586000
17		1358	2300.359212000
17		41	2300.396252000
17		1358	2300.412362000
17		1358	2300.435222000
17		41	2300.442323000
17		1358	2300.478352000
17		41	2300.488103000
17		1358	2300.511310000
17		41	2300.533877000
17		1358	2300.544784000
17		41	2300.579670000
17		1358	2300.587306000
17		1358	2300.611975000
17		41	2300.626002000
17		1358	2300.661613000
17		41	2300.671994000
17		1358	2300.678643000
17		41	2300.717984000
17		41	2300.718009000
17		1358	2300.736947000
17		1358	2300.745320000
17		41	2300.763689000
17		41	2300.810400000
17		1358	2300.810756000
17		1358	2300.813226000
6	68		2300.814373000
6	52		2300.838862000
6	0		2300.838910000
6	0		2300.838932000
6	0		2300.840535000
17		41	2300.855873000
6	0		2300.864892000
17		1358	2300.879770000
17		1358	2300.887094000
17		41	2300.902570000
17		1358	2300.946113000
17		41	2300.948391000
17		1358	2300.962431000
17		41	2300.994161000
17		1358	2301.037271000
17		41	2301.039750000
17		1358	2301.041125000
17		41	2301.086195000
17		1358	2301.112430000
17		41	2301.132280000
17		1358	2301.133906000
17		41	2301.177658000
17		1358	2301.187082000
17		1358	2301.208150000
17		41	2301.223908000
17		1358	2301.262212000
17		41	2301.270050000
17		41	2301.270077000
17		1358	2301.281282000
17		41	2301.316257000
17		1358	2301.337390000
17		1358	2301.339882000
17		41	2301.362255000
17		41	2301.407771000
17		1358	2301.409417000
17		1358	2301.412763000
17		41	2301.454067000
17		1358	2301.472652000
17		41	2301.500231000
17		1358	2301.502098000
17		1358	2301.532298000
17		41	2301.545750000
17		41	2301.591715000
17		1358	2301.592800000
17		1358	2301.593348000
17		41	2301.638381000
17		1358	2301.652703000
17		46	2301.683731000
17		1358	2301.685085000
17		1358	2301.712404000
17		41	2301.729685000
17		1358	2301.772588000
17		41	2301.776327000
17		46	2301.776350000
17		1358	2301.782666000
17		33	2301.802803000
17		41	2301.822066000
17		1358	2301.833142000
17		41	2301.869449000
17		1358	2301.881458000
17		41	2301.914299000
17		1358	2301.933289000
17		41	2301.959949000
17		1358	2301.979241000
17		41	2302.006244000
17		1358	2302.033674000
17		41	2302.052129000
17		1358	2302.076478000
17		41	2302.097907000
17		1358	2302.134006000
17		41	2302.144396000
17		1358	2302.173208000
17		41	2302.190262000
17		1358	2302.234211000
17		41	2302.236207000
17		1358	2302.247189000
17		41	2302.282427000
17		1358	2302.320908000
17		41	2302.327772000
17		41	2302.327797000
17		1358	2302.335153000
17		41	2302.373756000
17		1358	2302.394522000
17		1358	2302.410838000
17		41	2302.420256000
17		41	2302.466191000
17		1358	2302.467814000
17		1358	2302.485573000
17		41	2302.512096000
17		1358	2302.541908000
17		41	2302.558550000
17		1358	2302.560964000
17		41	2302.604274000
17		1358	2302.614232000
17		1358	2302.636667000
17		41	2302.650512000
17		41	2302.695721000
17		1358	2302.711241000
17		41	2302.742013000
17		1358	2302.743608000
17		1358	2302.786374000
17		41	2302.788117000
17		41	2302.833766000
17		41	2302.833791000
17		1358	2302.835314000
17		1358	2302.861652000
17		41	2302.880503000
17		41	2302.925854000
17		1358	2302.927413000
17		1358	2302.937089000
17		41	2302.971654000
17		1358	2303.011898000
17		41	2303.018359000
17		1358	2303.020004000
17		41	2303.063890000
17		1358	2303.087042000
17		41	2303.110292000
17		1358	2303.111893000
17		41	2303.156404000
17		1358	2303.162084000
17		41	2303.202342000
17		1358	2303.203913000
17		1358	2303.237235000
17		41	2303.248326000
17		41	2303.294565000
17		1358	2303.296155000
17		1358	2303.312218000
17		41	2303.340361000
17		41	2303.386606000
17		1358	2303.388207000
17		1358	2303.388254000
17		46	2303.432511000
17		33	2303.458425000
17		1358	2303.462101000
17		1358	2303.463599000
17		46	2303.478561000
17		33	2303.492835000
17		41	2303.524580000
17		1358	2303.533939000
17		1358	2303.538852000
17		41	2303.570079000
17		1358	2303.608300000
17		41	2303.615874000
17		1358	2303.616205000
17		41	2303.661749000
17		1358	2303.681707000
17		41	2303.708132000
17		1358	2303.708430000
17		41	2303.753898000
17		1358	2303.755464000
17		41	2303.800401000
17		1358	2303.800746000
17		41	2303.846526000
17		1358	2303.876322000
17		41	2303.891878000
17		41	2303.891901000
17		1358	2303.893767000
17		41	2303.938476000
17		1358	2303.951628000
17		1358	2303.968057000
17		41	2303.983736000
17		1358	2304.026792000
17		41	2304.030416000
17		1358	2304.041933000
17		41	2304.076006000
17		1358	2304.102511000
17		41	2304.122020000
17		41	2304.168254000
17		1358	2304.169848000
17		1358	2304.177758000
17		41	2304.214571000
17		1358	2304.252888000
17		41	2304.260528000
17		1358	2304.262115000
17		41	2304.305980000
17		1358	2304.328358000
17		41	2304.352347000
17		1358	2304.353942000
17		41	2304.397806000
17		41	2304.397832000
17		1358	2304.404382000
17		1358	2304.427288000
17		41	2304.443891000
17		1358	2304.480435000
17		41	2304.489694000
17		1358	2304.500626000
17		41	2304.536399000
17		1358	2304.555457000
17		41	2304.582084000
17		1358	2304.583656000
17		41	2304.628495000
17		1358	2304.631154000
17		41	2304.674295000
17		1358	2304.675889000
17		41	2304.720106000
17		1358	2304.720509000
17		41	2304.766216000
17		1358	2304.767832000
17		41	2304.811665000
17		1358	2304.812038000
17		41	2304.857991000
17		1358	2304.859577000
17		41	2304.904577000
17		1358	2304.904932000
17		41	2304.949659000
17		1358	2304.951223000
17		41	2304.995941000
17		1358	2304.996284000
17		41	2305.042467000
17		1358	2305.044067000
17		1358	2305.056641000
17		686	2305.088234000
17		46	2305.088258000
17		36	2305.089240000
17		77	2305.098208000
17		33	2305.098254000
17		33	2305.113606000
17		1358	2305.116648000
17		41	2305.134482000
17		1358	2305.136030000
17		41	2305.180592000
17		1358	2305.180932000
17		41	2305.226425000
17		1358	2305.227980000
17		41	2305.271849000
17		1358	2305.272190000
17		46	2305.318051000
17		1358	2305.325908000
17		41	2305.364038000
17		1358	2305.373092000
17		41	2305.410464000
17		41	2305.456573000
17		1358	2305.458619000
17		1358	2305.473620000
17		41	2305.501789000
17		41	2305.501812000
17		41	2305.548518000
17		1358	2305.557432000
17		1358	2305.574368000
17		41	2305.594012000
17		41	2305.640257000
17		1358	2305.655797000
17		1358	2305.674536000
17		41	2305.685645000
17		41	2305.732510000
17		1358	2305.753908000
17		1358	2305.774629000
17		41	2305.777848000
17		41	2305.823689000
17		1358	2305.827293000
17		1358	2305.850080000
17		41	2305.870040000
17		1358	2305.901159000
17		41	2305.916378000
17		1358	2305.925698000
17		41	2305.962444000
17		1358	2305.974355000
17		1358	2306.000524000
17		41	2306.008135000
17		41	2306.008159000
17		1358	2306.047924000
17		41	2306.054556000
17		1358	2306.075420000
17		41	2306.100219000
17		1358	2306.122107000
17		41	2306.146385000
17		1358	2306.150637000
17		41	2306.192450000
17		1358	2306.225810000
17		44	2306.237709000
17		41	2306.237731000
17		41	2306.237736000
17		33	2306.263368000
17		41	2306.283775000
17		41	2306.329721000
17		41	2306.376532000
17		41	2306.422441000
17		41	2306.468005000
17		41	2306.514308000
17		41	2306.560054000
17		41	2306.606418000
17		41	2306.652095000
17		41	2306.652116000
17		46	2306.698477000
17		33	2306.724778000
17		41	2306.743998000
17		41	2306.789731000
17		41	2306.836846000
17		41	2306.882293000
17		41	2306.928254000
17		1358	2306.929825000
17		41	2306.974246000
17		41	2307.020125000
17		1358	2307.021765000
17		41	2307.066016000
17		1358	2307.066433000
17		46	2307.112038000
17		1358	2307.113630000
17		41	2307.157814000
17		41	2307.157836000
17		1358	2307.158323000
17		1358	2307.186805000
17		41	2307.204525000
17		1358	2307.234083000
17		41	2307.249884000
17		1358	2307.260542000
17		41	2307.296170000
17		1358	2307.309667000
17		41	2307.341693000
17		1358	2307.385216000
17		41	2307.387847000
17		1358	2307.389920000
17		41	2307.433712000
17		1358	2307.460281000
17		1358	2307.463641000
17		41	2307.479866000
17		41	2307.526244000
17		1358	2307.535731000
17		1358	2307.536479000
17		41	2307.571984000
17		1358	2307.608992000
17		1358	2307.610692000
17		41	2307.618113000
17		41	2307.664187000
17		1358	2307.681723000
17		1358	2307.685652000
17		41	2307.709683000
17		41	2307.709706000
17		1358	2307.754648000
17		41	2307.756553000
17		1358	2307.760476000
17		41	2307.802184000
17		1358	2307.827687000
17		1358	2307.835890000
17		41	2307.848495000
17		1358	2307.885843000
17		41	2307.894416000
17		1358	2307.911293000
17		41	2307.940091000
17		1358	2307.943958000
17		1358	2307.985680000
17		41	2307.985687000
17		1358	2308.002694000
17		41	2308.031747000
17		1358	2308.060982000
17		1358	2308.061133000
17		41	2308.078878000
17		1358	2308.119479000
17		41	2308.123747000
17		1358	2308.135760000
17		41	2308.169838000
17		1358	2308.177277000
17		1358	2308.211129000
17		41	2308.216178000
17		1358	2308.235590000
17		41	2308.261674000
17		41	2308.261701000
17		1358	2308.271465000
17		41	2308.308439000
17		1358	2308.331324000
17		1358	2308.332607000
6	0		2308.353586000
17		41	2308.353615000
6	0		2308.353634000
17		1358	2308.391471000
17		46	2308.400436000
17		33	2308.426290000
17		1358	2308.435803000
17		41	2308.445676000
17		1358	2308.451015000
17		41	2308.491840000
17		1358	2308.511146000
17		1358	2308.537271000
17		41	2308.538212000
17		1358	2308.571570000
17		41	2308.584216000
17		41	2308.629698000
17		1358	2308.631103000
17		1358	2308.639246000
6	0		2308.640231000
6	41		2308.647106000
17		41	2308.676004000
17		41	2308.722151000
17		1358	2308.731300000
17		1358	2308.740928000
17		46	2308.767966000
17		41	2308.767988000
17		33	2308.781859000
17		41	2308.814120000
17		1358	2308.817008000
17		1358	2308.831383000
17		41	2308.859857000
17		1358	2308.892568000
17		41	2308.906285000
17		1358	2308.931717000
6	0		2308.933043000
6	21		2308.933067000
6	0		2308.933075000
6	1080		2308.934072000
17		41	2308.951969000
17		1358	2308.966922000
17		41	2308.997757000
17		1358	2309.031467000
17		1358	2309.041886000
17		41	2309.044128000
17		41	2309.090263000
17		1358	2309.116892000
17		1358	2309.131531000
17		41	2309.135945000
17		41	2309.182052000
17		1358	2309.191232000
17		1358	2309.206987000
6	0		2309.219923000
6	440		2309.222132000
17		41	2309.227757000
6	0		2309.262226000
17		1358	2309.266026000
17		41	2309.274014000
17		1358	2309.281658000
17		41	2309.320419000
17		41	2309.320451000
17		1358	2309.341274000
17		1358	2309.353485000
17		41	2309.365712000
17		41	2309.411950000
17		1358	2309.413685000
17		1358	2309.419828000
17		41	2309.458494000
17		1358	2309.486514000
17		1358	2309.490408000
17		41	2309.504192000
6	48		2309.548097000
6	0		2309.548143000
17		41	2309.550579000
6	280		2309.552294000
17		1358	2309.552744000
17		1358	2309.564988000
17		41	2309.596194000
17		1358	2309.619862000
17		1358	2309.639223000
17		41	2309.642056000
17		1171	2309.642080000
17		36	2309.642787000
17		108	2309.654688000
17		259	2309.654720000
17		1358	2309.686844000
17		41	2309.687808000
17		1358	2309.715081000
17		41	2309.733731000
17		1358	2309.752087000
17		41	2309.779973000
17		1358	2309.789172000
17		1358	2309.818784000
17		41	2309.826237000
6	0		2309.838482000
17		1358	2309.863633000
17		41	2309.872237000
17		41	2309.872261000
17		1358	2309.885338000
17		41	2309.917688000
17		1358	2309.938200000
17		1358	2309.952480000
17		41	2309.964382000
6	16		2310.009583000
17		41	2310.010454000
17		1358	2310.013516000
17		1358	2310.018533000
6	0		2310.050205000
17		41	2310.056019000
17		1358	2310.084953000
17		1358	2310.088707000
17		46	2310.102524000
17		33	2310.128876000
17		41	2310.147731000
17		1358	2310.151474000
17		1358	2310.163344000
17		41	2310.194362000
17		1358	2310.217613000
17		1358	2310.237518000
17		41	2310.240350000
17		1358	2310.284884000
17		41	2310.286046000
17		1358	2310.312766000
17		41	2310.332653000
6	52		2310.335929000
6	0		2310.335960000
6	52		2310.336075000
17		1358	2310.351303000
17		44	2310.378369000
17		41	2310.378395000
17		41	2310.378404000
17		1358	2310.386841000
17		33	2310.403842000
17		1358	2310.417126000
17		41	2310.424312000
17		1358	2310.461832000
17		41	2310.470676000
17		1358	2310.484449000
17		41	2310.516141000
17		1358	2310.537215000
17		1358	2310.550901000
17		46	2310.562329000
17		41	2310.562354000
17		33	2310.575787000
17		41	2310.608176000
17		1358	2310.609798000
17		1358	2310.616594000
6	0		2310.621624000
6	84		2310.621661000
17		41	2310.653859000
6	0		2310.662212000
17		1358	2310.683204000
17		1358	2310.685703000
17		41	2310.699847000
17		41	2310.746585000
17		1358	2310.749812000
17		1358	2310.761122000
17		41	2310.792166000
17		1358	2310.816565000
17		1358	2310.834931000
17		41	2310.838048000
17		1358	2310.882822000
17		41	2310.883873000
17		1358	2310.911261000
17		41	2310.930083000
17		1358	2310.949437000
17		41	2310.976330000
17		1358	2310.985028000
17		1358	2311.015571000
17		41	2311.021845000
17		1358	2311.059577000
17		41	2311.067913000
17		1358	2311.082036000
17		41	2311.114287000
17		41	2311.114314000
17		1358	2311.134028000
17		1358	2311.149071000
17		41	2311.160186000
17		41	2311.206012000
17		1358	2311.209388000
17		1358	2311.214943000
17		41	2311.252456000
17		1358	2311.281636000
17		1358	2311.284438000
17		41	2311.298064000
17		41	2311.343751000
17		1358	2311.348001000
17		1358	2311.359377000
17		41	2311.390531000
17		1358	2311.415530000
17		1358	2311.418642000
17		41	2311.436089000
17		1358	2311.478967000
17		41	2311.482600000
17		1358	2311.483002000
17		41	2311.528334000
17		1358	2311.540232000
17		41	2311.574018000
17		1358	2311.574428000
17		41	2311.620187000
17		1358	2311.641244000
17		41	2311.665809000
17		46	2311.665831000
17		1358	2311.667413000
17		33	2311.692043000
17		1358	2311.708699000
17		41	2311.712153000
17		1358	2311.727992000
17		41	2311.757664000
17		1358	2311.775308000
17		41	2311.804091000
17		1358	2311.805502000
17		41	2311.850261000
17		1358	2311.850653000
17		41	2311.895805000
17		1358	2311.905815000
17		41	2311.942027000
17		1358	2311.942391000
17		41	2311.987967000
17		1358	2312.005843000
17		41	2312.034505000
17		1358	2312.034991000
17		41	2312.080168000
17		1358	2312.106746000
17		41	2312.125962000
17		1358	2312.126329000
17		41	2312.172236000
17		41	2312.172260000
17		1358	2312.207323000
17		41	2312.218414000
17		41	2312.264176000
17		1358	2312.266328000
17		1358	2312.307943000
17		41	2312.310331000
17		1358	2312.355093000
17		46	2312.356124000
17		33	2312.370194000
17		1358	2312.383711000
17		41	2312.401978000
17		1358	2312.444001000
17		41	2312.448464000
17		1358	2312.459773000
17		41	2312.494226000
17		1358	2312.533637000
17		41	2312.539852000
17		1358	2312.540913000
17		41	2312.585852000
17		1358	2312.616028000
17		41	2312.631874000
17		1358	2312.632259000
6	68		2312.668966000
17		41	2312.678287000
17		1358	2312.691633000
17		41	2312.724239000
17		1358	2312.724508000
17		41	2312.769972000
17		1358	2312.771537000
17		1358	2312.791255000
17		41	2312.816538000
17		1358	2312.857991000
17		41	2312.861655000
17		1358	2312.863258000
17		41	2312.908034000
17		1358	2312.925033000
17		41	2312.953810000
6	52		2312.955132000
6	0		2312.955169000
17		1358	2312.955340000
6	0		2312.955576000
6	0		2312.956757000
17		41	2313.000142000
17		1358	2313.000475000
17		41	2313.046248000
17		1358	2313.047843000
17		41	2313.091816000
17		1358	2313.092221000
17		41	2313.138071000
17		1358	2313.139644000
17		41	2313.184524000
17		1358	2313.184872000
17		41	2313.230243000
17		41	2313.230265000
17		1358	2313.231817000
6	0		2313.243207000
17		1358	2313.251590000
17		41	2313.275963000
17		1358	2313.307040000
17		41	2313.322564000
17		1358	2313.322934000
17		41	2313.368342000
17		1358	2313.382546000
17		46	2313.413881000
17		1358	2313.414229000
17		41	2313.460056000
17		1358	2313.461713000
6	0		2313.493927000
6	0		2313.493985000
17		41	2313.506386000
17		1358	2313.506829000
17		41	2313.552087000
17		1358	2313.553729000
17		41	2313.597852000
17		1358	2313.598226000
17		41	2313.644013000
17		1358	2313.645594000
17		41	2313.690346000
17		1358	2313.721272000
17		41	2313.736500000
17		1358	2313.736882000
17		41	2313.781783000
17		41	2313.781807000
17		1358	2313.797133000
17		1358	2313.804115000
17		41	2313.828119000
17		1358	2313.872530000
17		41	2313.874074000
17		1358	2313.874497000
17		41	2313.920594000
17		1358	2313.941926000
17		41	2313.965667000
17		1358	2313.967316000
17		41	2314.012129000
17		1358	2314.012518000
17		46	2314.058533000
17		1358	2314.060104000
17		41	2314.104681000
17		1358	2314.105396000
17		41	2314.150261000
17		1358	2314.151831000
17		41	2314.195827000
17		1358	2314.196163000
17		41	2314.242066000
17		1358	2314.243632000
17		41	2314.288484000
17		41	2314.288506000
17		1358	2314.288787000
17		1358	2314.319346000
17		41	2314.333661000
17		1358	2314.355398000
17		41	2314.380429000
17		1358	2314.395419000
17		41	2314.426485000
17		1358	2314.426825000
17		41	2314.471935000
17		1358	2314.473617000
17		41	2314.517862000
17		1358	2314.518162000
17		41	2314.563808000
17		1358	2314.565394000
17		41	2314.610259000
17		1358	2314.610544000
17		41	2314.655661000
17		1358	2314.656738000
17		41	2314.701807000
17		1358	2314.702113000
17		41	2314.748309000
17		1358	2314.749880000
17		41	2314.794639000
17		1358	2314.825531000
17		41	2314.840310000
17		41	2314.840332000
17		1358	2314.840822000
17		1358	2314.886085000
17		41	2314.886437000
17		1358	2314.907853000
17		41	2314.932009000
17		1358	2314.947038000
17		41	2314.977813000
17		1358	2314.978148000
17		41	2315.024062000
17		1358	2315.045323000
17		41	2315.070075000
17		651	2315.070105000
17		36	2315.070709000
17		1358	2315.071638000
17		77	2315.079347000
17		33	2315.079464000
17		46	2315.116165000
17		1358	2315.116752000
17		41	2315.161941000
17		1358	2315.163619000
17		41	2315.208500000
17		1358	2315.208885000
17		41	2315.253918000
17		1358	2315.255546000
17		41	2315.299809000
17		1358	2315.300109000
17		41	2315.346490000
17		41	2315.346515000
17		1358	2315.353762000
17		1358	2315.355854000
17		41	2315.391663000
17		41	2315.437956000
17		1358	2315.438364000
17		1358	2315.456964000
17		41	2315.484101000
17		41	2315.529865000
17		1358	2315.530176000
17		1358	2315.556938000
17		41	2315.576369000
17		41	2315.622023000
17		1358	2315.622306000
17		1358	2315.658230000
17		41	2315.668332000
17		41	2315.713831000
17		1358	2315.714121000
17		1358	2315.758114000
17		46	2315.759825000
17		33	2315.773838000
17		41	2315.806000000
17		1358	2315.806310000
17		1358	2315.833958000
17		41	2315.852141000
17		41	2315.897872000
17		1358	2315.898227000
17		1358	2315.910065000
17		41	2315.944297000
17		1358	2315.986246000
17		41	2315.990025000
17		1358	2315.990420000
17		41	2316.036508000
17		1358	2316.060575000
17		41	2316.082408000
17		1358	2316.082792000
17		41	2316.128095000
17		41	2316.128119000
17		1358	2316.135248000
17		1358	2316.171953000
17		44	2316.173841000
17		41	2316.173867000
17		41	2316.173876000
17		33	2316.199488000
17		1358	2316.209906000
17		41	2316.219744000
17		1358	2316.238934000
17		41	2316.266250000
17		1358	2316.286390000
17		41	2316.312023000
17		1358	2316.313248000
17		41	2316.357709000
17		1358	2316.362104000
17		41	2316.404249000
17		1358	2316.404622000
17		41	2316.449688000
17		1358	2316.472153000
17		41	2316.496128000
17		41	2316.496158000
17		1358	2316.497707000
17		1358	2316.539252000
17		41	2316.542518000
17		1358	2316.573417000
17		41	2316.588230000
17		1358	2316.606257000
17		41	2316.633731000
17		1358	2316.650094000
17		41	2316.680351000
17		1358	2316.680714000
17		41	2316.726506000
17		1358	2316.728131000
17		46	2316.771932000
17		1358	2316.772517000
17		41	2316.818444000
17		1358	2316.820058000
17		41	2316.864017000
17		1358	2316.864484000
17		41	2316.910243000
17		1358	2316.911939000
17		41	2316.956220000
17		1358	2316.956588000
17		41	2317.002244000
17		1358	2317.004254000
17		41	2317.047760000
17		1358	2317.048140000
17		1358	2317.079976000
17		41	2317.094287000
17		41	2317.140166000
17		1358	2317.140565000
17		1358	2317.154315000
17		41	2317.186380000
17		1358	2317.230513000
17		41	2317.232443000
17		1358	2317.232857000
17		41	2317.277903000
17		1358	2317.306567000
17		41	2317.323794000
17		1358	2317.324137000
17		41	2317.369926000
17		1358	2317.382014000
17		41	2317.416195000
17		1358	2317.416545000
17		41	2317.461668000
17		41	2317.507964000
17		1358	2317.508959000
17		41	2317.553646000
17		41	2317.553684000
17		1358	2317.575581000
17		41	2317.599893000
17		1358	2317.642754000
17		46	2317.645628000
17		33	2317.660024000
17		41	2317.691718000
17		1358	2317.709370000
17		41	2317.738259000
17		41	2317.784321000
17		41	2317.830534000
17		41	2317.876093000
17		41	2317.922216000
17		41	2317.968287000
17		41	2318.014253000
17		41	2318.060561000
17		41	2318.060586000
17		41	2318.106342000
17		41	2318.152121000
17		1358	2318.153729000
17		41	2318.198602000
17		41	2318.244496000
17		1358	2318.246162000
17		41	2318.290218000
17		1358	2318.321286000
17		41	2318.336155000
17		41	2318.382467000
17		1358	2318.397394000
17		41	2318.427672000
17		41	2318.474419000
17		1358	2318.475888000
17		46	2318.519756000
17		1358	2318.520136000
17		41	2318.565870000
17		1358	2318.587651000
17		41	2318.612290000
17		1358	2318.656834000
17		41	2318.657604000
17		41	2318.704510000
17		1358	2318.705670000
17		1358	2318.723530000
17		41	2318.750252000
17		1358	2318.777576000
17		1358	2318.780828000
17		41	2318.795783000
17		1358	2318.830540000
17		41	2318.842058000
17		1358	2318.856142000
17		1358	2318.883695000
17		41	2318.887803000
17		1358	2318.931387000
17		41	2318.933651000
17		1358	2318.936651000
17		41	2318.980403000
17		1358	2318.990312000
17		1358	2319.005487000
17		41	2319.025667000
17		1358	2319.042937000
17		41	2319.071783000
17		1358	2319.080919000
17		1358	2319.095916000
17		41	2319.117971000
17		1358	2319.149122000
17		1358	2319.154958000
17		41	2319.164573000
17		41	2319.164608000
17		41	2319.210887000
17		1358	2319.229558000
17		1358	2319.237945000
17		41	2319.255736000
17		41	2319.302119000
17		1358	2319.304938000
17		1358	2319.326613000
17		41	2319.348387000
17		1358	2319.379639000
17		41	2319.393867000
17		1358	2319.415651000
17		41	2319.440638000
17		1358	2319.454645000
17		46	2319.486199000
17		33	2319.500233000
17		1358	2319.503222000
17		1358	2319.528590000
17		41	2319.531706000
17		41	2319.577967000
17		1358	2319.590638000
17		1358	2319.603108000
17		41	2319.623776000
17		1358	2319.655952000
17		41	2319.669689000
17		41	2319.669715000
17		1358	2319.688287000
17		41	2319.716547000
17		1358	2319.721670000
17		41	2319.762314000
17		1358	2319.772481000
17		1358	2319.788104000
17		41	2319.807950000
17		1358	2319.853375000
17		41	2319.854073000
17		1358	2319.857717000
17		41	2319.899675000
17		1358	2319.919634000
17		1358	2319.942208000
17		41	2319.946624000
17		1358	2319.984572000
17		41	2319.991689000
17		1358	2320.027175000
17		41	2320.038462000
17		1358	2320.050495000
17		41	2320.084532000
17		677	2320.113182000
17		1358	2320.116623000
17		46	2320.130449000
17		33	2320.156387000
17		41	2320.176314000
17		1358	2320.181897000
17		41	2320.222192000
17		41	2320.222225000
17		1358	2320.247720000
17		41	2320.267851000
6	0		2320.290652000
6	0		2320.290703000
17		1358	2320.313660000
17		41	2320.313959000
6	0		2320.330196000
6	12		2320.330485000
17		41	2320.360414000
6	0		2320.369653000
6	12		2320.369687000
6	0		2320.369699000
6	1		2320.369855000
6	4		2320.369870000
6	32		2320.369878000
6	0		2320.369888000
17		1358	2320.379287000
17		41	2320.406619000
6	0		2320.408940000
6	0		2320.409009000
6	0		2320.409026000
6	0		2320.409376000
6	0		2320.409410000
17		1358	2320.445647000
17		41	2320.451622000
17		41	2320.498605000
17		1358	2320.510762000
17		41	2320.544156000
17		1358	2320.576185000
17		41	2320.589898000
17		41	2320.636550000
17		1358	2320.641950000
17		1034	2320.682118000
17		41	2320.682145000
17		39	2320.682757000
17		154	2320.683425000
17		1353	2320.683552000
17		1358	2320.683562000
17		1358	2320.683567000
17		1358	2320.683571000
17		1358	2320.683574000
17		1358	2320.683578000
17		1358	2320.683581000
17		1358	2320.683585000
17		1358	2320.683588000
17		1358	2320.708106000
17		41	2320.728632000
17		1358	2320.748063000
17		1358	2320.773633000
17		41	2320.774242000
17		1358	2320.811475000
17		41	2320.820086000
17		1358	2320.839783000
17		41	2320.866489000
17		1358	2320.873374000
17		1358	2320.904989000
17		41	2320.911801000
17		41	2320.957985000
17		1358	2320.971349000
17		41	2321.004137000
17		1358	2321.036587000
17		41	2321.050252000
17		41	2321.050272000
17		47	2321.096492000
17		41	2321.096521000
17		1358	2321.098613000
17		1358	2321.101822000
17		41	2321.142164000
17		1358	2321.167545000
17		41	2321.188202000
17		1358	2321.204735000
17		1358	2321.233457000
17		41	2321.234111000
17		41	2321.280450000
17		1358	2321.299683000
17		1358	2321.311140000
17		41	2321.325859000
17		1358	2321.364516000
17		41	2321.372377000
17		1358	2321.415790000
17		41	2321.417711000
17		1358	2321.430843000
17		41	2321.464153000
17		1358	2321.495815000
17		41	2321.510014000
17		1358	2321.521727000
17		41	2321.556335000
17		1358	2321.561913000
17		1358	2321.600519000
17		41	2321.601911000
17		1358	2321.627606000
17		41	2321.648289000
17		41	2321.648315000
17		1358	2321.680223000
17		1358	2321.693050000
17		41	2321.694184000
17		41	2321.740070000
17		1358	2321.758463000
17		1358	2321.759087000
17		46	2321.786278000
17		33	2321.812075000
17		1358	2321.824024000
17		41	2321.832136000
17		1358	2321.837753000
17		41	2321.878414000
17		1358	2321.889665000
17		1358	2321.915740000
17		41	2321.923798000
17		1358	2321.955553000
17		41	2321.970152000
17		1358	2321.980536000
17		41	2322.015798000
17		1358	2322.020843000
17		1358	2322.045892000
17		41	2322.062564000
17		1358	2322.086701000
17		41	2322.107973000
17		1358	2322.111713000
17		1358	2322.153062000
17		41	2322.153700000
17		41	2322.153721000
17		1358	2322.177015000
17		41	2322.200192000
17		1358	2322.218554000
17		1358	2322.242332000
17		41	2322.246061000
17		1358	2322.284015000
17		41	2322.292278000
17		1358	2322.307406000
17		41	2322.338236000
17		1358	2322.349208000
17		1358	2322.372438000
17		41	2322.384439000
17		1358	2322.414857000
17		41	2322.430537000
17		1358	2322.437838000
17		1358	2322.467783000
17		41	2322.476483000
17		1358	2322.501841000
17		1358	2322.519960000
17		41	2322.522263000
17		1358	2322.567534000
17		41	2322.568278000
17		1358	2322.573163000
17		46	2322.613771000
17		1358	2322.624856000
17		33	2322.627461000
17		1358	2322.632573000
17		41	2322.660313000
17		1358	2322.677727000
17		1358	2322.697264000
17		41	2322.706148000
17		41	2322.706193000
17		1358	2322.730424000
17		41	2322.752477000
17		1358	2322.762726000
17		1358	2322.782499000
17		41	2322.798265000
17		1358	2322.828484000
17		1358	2322.835045000
17		41	2322.844732000
17		1358	2322.887643000
17		41	2322.890478000
17		1358	2322.891548000
17		41	2322.935613000
17		1358	2322.958582000
17		1358	2322.975531000
17		41	2322.982251000
17		1358	2323.023939000
17		41	2323.027736000
17		1358	2323.063257000
17		41	2323.074224000
17		1358	2323.089518000
17		41	2323.120234000
17		1358	2323.150932000
17		1358	2323.153798000
17		41	2323.165895000
17		41	2323.211725000
17		41	2323.211751000
17		1358	2323.218610000
17		1358	2323.238687000
17		46	2323.257830000
17		33	2323.283346000
17		1358	2323.284477000
17		41	2323.304109000
17		1358	2323.326424000
17		1358	2323.349780000
17		41	2323.350490000
17		1358	2323.392718000
17		41	2323.396644000
17		1358	2323.416230000
17		41	2323.441775000
17		1358	2323.458386000
17		41	2323.487868000
17		1358	2323.489491000
17		41	2323.534402000
17		1358	2323.534764000
17		41	2323.579748000
17		1358	2323.581280000
17		41	2323.625767000
17		1358	2323.626054000
17		41	2323.672256000
17		1358	2323.673539000
17		41	2323.718266000
17		1358	2323.718630000
17		41	2323.763895000
17		1358	2323.765457000
17		1358	2323.784494000
17		41	2323.809686000
17		1358	2323.850247000
17		41	2323.856017000
17		1358	2323.857574000
17		41	2323.902254000
17		1358	2323.916257000
17		41	2323.948179000
17		1358	2323.949881000
17		41	2323.994638000
17		1358	2323.995110000
17		41	2324.040704000
17		1358	2324.041709000
17		41	2324.086365000
17		1358	2324.086701000
17		41	2324.131852000
17		1358	2324.152572000
17		41	2324.178486000
17		1358	2324.180122000
17		41	2324.223943000
17		1358	2324.232682000
17		41	2324.269669000
17		41	2324.269695000
17		1358	2324.270019000
17		41	2324.315733000
17		1358	2324.320239000
17		1358	2324.336057000
17		46	2324.361647000
17		33	2324.375852000
17		1358	2324.407639000
17		41	2324.408002000
17		1358	2324.408319000
17		41	2324.453888000
17		1358	2324.495342000
17		41	2324.500515000
17		41	2324.546340000
17		1358	2324.546651000
17		1358	2324.583834000
17		41	2324.591920000
17		41	2324.637770000
17		1358	2324.638170000
17		1358	2324.671563000
17		41	2324.684247000
17		41	2324.730371000
17		1358	2324.730784000
17		1358	2324.738031000
17		41	2324.776240000
17		1358	2324.804464000
17		41	2324.822528000
17		41	2324.822551000
17		1358	2324.822986000
17		41	2324.867860000
17		1358	2324.870713000
17		1358	2324.889201000
17		41	2324.914112000
17		1358	2324.936239000
17		41	2324.960221000
17		1358	2324.960704000
17		41	2325.006534000
17		1358	2325.008119000
17		46	2325.052078000
17		632	2325.052103000
17		1358	2325.052538000
17		36	2325.053245000
17		77	2325.063828000
17		33	2325.063919000
17		41	2325.098237000
17		1358	2325.099791000
17		41	2325.143960000
17		1358	2325.144598000
17		41	2325.189852000
17		1358	2325.210585000
17		41	2325.236299000
17		1358	2325.237856000
17		41	2325.282616000
17		1358	2325.283035000
17		41	2325.327745000
17		41	2325.327773000
17		1358	2325.329206000
17		1358	2325.349690000
17		41	2325.374281000
17		1358	2325.394652000
17		41	2325.419872000
17		1358	2325.420267000
6	0		2325.423596000
6	0		2325.423626000
17		41	2325.465669000
17		1358	2325.486188000
17		41	2325.512334000
17		1358	2325.514058000
17		41	2325.558468000
17		1358	2325.580283000
17		41	2325.603966000
17		1358	2325.604370000
17		41	2325.650415000
17		1358	2325.652021000
17		41	2325.696339000
17		1358	2325.696707000
17		41	2325.742575000
17		1358	2325.744155000
17		41	2325.787617000
17		1358	2325.788025000
17		41	2325.834020000
17		1358	2325.835605000
17		41	2325.880531000
17		41	2325.880554000
17		1358	2325.880887000
17		1358	2325.902588000
17		41	2325.926570000
17		1358	2325.933679000
17		41	2325.971778000
17		1358	2325.973410000
17		41	2326.018578000
17		1358	2326.018852000
17		46	2326.063786000
17		1358	2326.065386000
17		41	2326.110052000
17		1358	2326.131519000
17		41	2326.156308000
17		1358	2326.156745000
17		41	2326.201986000
17		1358	2326.202827000
17		41	2326.248149000
17		1358	2326.248625000
17		41	2326.294415000
17		1358	2326.296006000
17		41	2326.339663000
17		1358	2326.340006000
17		41	2326.386273000
17		41	2326.386306000
17		1358	2326.387810000
17		1358	2326.427920000
17		44	2326.432097000
17		41	2326.432128000
17		33	2326.458434000
17		41	2326.477699000
17		41	2326.477725000
17		1358	2326.479282000
17		1358	2326.516009000
17		41	2326.524454000
17		41	2326.570259000
17		1358	2326.571881000
17		1358	2326.603672000
17		41	2326.616100000
17		41	2326.662125000
17		1358	2326.663727000
17		1358	2326.691214000
17		46	2326.707880000
17		33	2326.733277000
17		41	2326.753761000
17		1358	2326.755417000
17		1358	2326.778820000
17		41	2326.800201000
17		41	2326.845761000
17		1358	2326.866691000
17		41	2326.892271000
17		1358	2326.893862000
17		1358	2326.932963000
17		41	2326.937948000
17		1358	2326.946718000
17		41	2326.983709000
17		41	2326.983735000
17		1358	2326.998679000
17		1358	2327.000432000
17		41	2327.029744000
17		1358	2327.064929000
17		41	2327.075660000
17		1358	2327.077297000
17		41	2327.121921000
17		1358	2327.130909000
17		41	2327.168414000
17		1358	2327.170114000
17		41	2327.213965000
17		1358	2327.214301000
17		41	2327.260397000
17		1358	2327.261984000
17		41	2327.306308000
17		1358	2327.306721000
17		41	2327.352239000
17		1358	2327.353882000
17		41	2327.398156000
17		1358	2327.398634000
17		41	2327.444526000
17		1358	2327.446099000
17		41	2327.490375000
17		1358	2327.533804000
17		41	2327.536140000
17		41	2327.536163000
17		1358	2327.536507000
17		41	2327.581725000
17		1358	2327.602220000
17		1358	2327.621503000
17		41	2327.627787000
17		41	2327.674550000
17		1358	2327.675446000
17		1358	2327.709038000
17		46	2327.719860000
17		33	2327.733925000
17		41	2327.766010000
17		1358	2327.766359000
17		1358	2327.775903000
17		41	2327.812157000
17		1358	2327.841884000
17		41	2327.857903000
17		1358	2327.858272000
17		41	2327.904217000
17		1358	2327.908533000
17		41	2327.950309000
17		1358	2327.950716000
17		41	2327.996153000
17		1358	2327.997978000
17		41	2328.041867000
17		1358	2328.042825000
17		41	2328.088511000
17		41	2328.088535000
17		1358	2328.090130000
17		1358	2328.108867000
17		41	2328.133859000
17		1358	2328.175626000
17		41	2328.180080000
17		1358	2328.181677000
17		41	2328.225831000
17		1358	2328.241758000
17		41	2328.271941000
17		1358	2328.273599000
17		41	2328.317812000
17		1358	2328.318160000
17		41	2328.363862000
17		1358	2328.365461000
17		46	2328.410065000
17		1358	2328.410483000
6	0		2328.410889000
6	0		2328.410934000
6	0		2328.450090000
6	12		2328.450268000
17		41	2328.455768000
17		1358	2328.457357000
6	0		2328.489425000
6	12		2328.489460000
6	0		2328.489470000
6	1		2328.489623000
6	4		2328.489636000
6	32		2328.489644000
6	0		2328.489655000
17		41	2328.501852000
17		1358	2328.502226000
6	0		2328.528670000
6	0		2328.528709000
6	0		2328.528714000
6	0		2328.528752000
6	0		2328.528765000
17		41	2328.548375000
17		1358	2328.550174000
17		41	2328.593707000
17		41	2328.593740000
17		1358	2328.594081000
17		1358	2328.616230000
17		41	2328.640114000
17		1358	2328.659885000
17		41	2328.686484000
17		1358	2328.688072000
17		41	2328.731967000
17		1358	2328.732464000
17		41	2328.778237000
17		1358	2328.779791000
17		41	2328.823732000
17		1358	2328.846030000
17		41	2328.869708000
17		1358	2328.870121000
17		41	2328.916016000
17		1358	2328.936827000
17		41	2328.962370000
17		1358	2328.963593000
17		41	2329.008275000
17		1358	2329.008827000
17		41	2329.054045000
17		1358	2329.055656000
17		41	2329.099941000
17		41	2329.146249000
17		41	2329.192019000
17		41	2329.238241000
17		41	2329.284076000
17		41	2329.330392000
17		41	2329.376284000
17		41	2329.421708000
17		41	2329.468462000
17		41	2329.513992000
17		46	2329.560085000
17		33	2329.574148000
17		41	2329.605961000
17		41	2329.652325000
17		41	2329.697935000
17		41	2329.697960000
17		41	2329.743817000
17		41	2329.789689000
17		41	2329.836552000
17		41	2329.881955000
17		41	2329.927973000
17		41	2329.974247000
17		41	2330.019982000
17		1358	2330.020355000
17		41	2330.065671000
17		1358	2330.067221000
17		46	2330.112516000
17		1358	2330.112881000
17		41	2330.157674000
17		1358	2330.159193000
17		41	2330.204429000
17		41	2330.204453000
17		1358	2330.204762000
17		1358	2330.225267000
17		41	2330.249647000
17		1358	2330.271321000
17		41	2330.296384000
17		1358	2330.297925000
6	0		2330.342875000
17		41	2330.342901000
6	0		2330.342920000
17		1358	2330.343547000
6	0		2330.355794000
6	41		2330.361109000
6	0		2330.373748000
6	21		2330.373987000
6	0		2330.373999000
6	1080		2330.375094000
6	440		2330.388090000
17		41	2330.388513000
17		1358	2330.390045000
6	0		2330.430235000
17		41	2330.434665000
17		1358	2330.435073000
6	48		2330.442868000
6	0		2330.442911000
17		1358	2330.443538000
6	280		2330.447540000
17		41	2330.480181000
17		471	2330.495011000
6	0		2330.499150000
17		1358	2330.500955000
17		41	2330.525870000
17		1358	2330.566708000
17		41	2330.572282000
17		41	2330.617626000
17		1358	2330.632497000
17		41	2330.664079000
17		1358	2330.698032000
17		41	2330.710543000
17		41	2330.755856000
17		41	2330.755878000
17		1358	2330.763489000
17		41	2330.802332000
17		1358	2330.829069000
17		41	2330.848513000
6	16		2330.849646000
6	0		2330.890226000
17		41	2330.894599000
17		1358	2330.895572000
6	52		2330.902740000
6	0		2330.902776000
6	52		2330.902924000
6	0		2330.915861000
6	84		2330.915912000
17		1118	2330.940415000
17		41	2330.940440000
17		39	2330.940974000
17		157	2330.942260000
17		1353	2330.942356000
17		1358	2330.942363000
17		1358	2330.942367000
17		1358	2330.942370000
17		1358	2330.942373000
17		1358	2330.942376000
17		1358	2330.942380000
17		1358	2330.942383000
17		1358	2330.942387000
6	0		2330.958227000
17		1358	2330.960591000
17		41	2330.986418000
17		1358	2330.996335000
17		1358	2331.025976000
17		41	2331.032402000
17		1358	2331.047497000
17		41	2331.078089000
17		1358	2331.091853000
17		1358	2331.099890000
17		41	2331.123639000
6	0		2331.133512000
6	0		2331.133560000
17		1358	2331.151303000
17		1358	2331.158131000
17		41	2331.170256000
6	0		2331.173240000
17		1358	2331.203987000
17		47	2331.215693000
17		41	2331.215718000
17		1358	2331.223901000
17		33	2331.229843000
17		41	2331.261763000
17		1358	2331.288579000
6	0		2331.300306000
6	0		2331.300361000
17		41	2331.308567000
17		1358	2331.309667000
17		41	2331.354573000
17		1358	2331.355142000
17		1358	2331.356107000
17		41	2331.399645000
17		1358	2331.419861000
17		1358	2331.443883000
17		41	2331.445979000
17		1358	2331.485567000
6	0		2331.491826000
17		41	2331.492769000
6	41		2331.497757000
17		1358	2331.532030000
17		41	2331.538688000
17		1358	2331.551936000
17		41	2331.584332000
17		1358	2331.597863000
17		1358	2331.617170000
17		41	2331.630413000
17		1358	2331.662963000
17		41	2331.675626000
17		1358	2331.682829000
6	0		2331.689098000
6	21		2331.703498000
6	0		2331.703554000
6	1080		2331.704625000
17		41	2331.721876000
17		1358	2331.728068000
17		1358	2331.735671000
17		41	2331.768538000
17		1358	2331.787668000
17		1358	2331.793911000
6	0		2331.813807000
6	0		2331.813829000
17		41	2331.813836000
6	0		2331.814778000
6	0		2331.814869000
17		1358	2331.840475000
17		1358	2331.859074000
17		41	2331.860186000
17		1358	2331.893134000
17		41	2331.906190000
6	440		2331.906853000
17		1358	2331.923789000
17		1358	2331.945135000
6	0		2331.950210000
17		46	2331.952015000
17		33	2331.977842000
17		1358	2331.989800000
17		1358	2331.997727000
17		41	2331.998107000
17		41	2332.043798000
17		1358	2332.053712000
17		1358	2332.085191000
17		41	2332.090434000
17		41	2332.090457000
17		1358	2332.118882000
17		41	2332.136205000
6	48		2332.141453000
6	0		2332.141491000
6	280		2332.146623000
17		1358	2332.173141000
17		1358	2332.179656000
17		41	2332.182119000
17		41	2332.227898000
17		1358	2332.239604000
17		1358	2332.261470000
17		41	2332.274528000
17		1358	2332.299748000
17		41	2332.320450000
17		1358	2332.349850000
6	16		2332.353271000
17		1358	2332.359411000
17		41	2332.365997000
6	68		2332.376157000
6	52		2332.390122000
6	0		2332.390200000
6	0		2332.390223000
6	0		2332.392048000
6	0		2332.394220000
6	0		2332.404989000
17		41	2332.411650000
17		1358	2332.415852000
17		1358	2332.419812000
17		41	2332.458049000
17		1358	2332.480328000
17		41	2332.504477000
17		1358	2332.504864000
17		41	2332.550681000
17		1358	2332.552784000
6	52		2332.587985000
6	0		2332.588030000
6	52		2332.588182000
17		46	2332.596570000
17		41	2332.596602000
17		1358	2332.597013000
17		33	2332.609882000
17		1358	2332.613626000
17		41	2332.641887000
17		1358	2332.662831000
17		41	2332.687663000
17		1358	2332.729360000
17		41	2332.734073000
17		1358	2332.734718000
17		41	2332.780414000
6	84		2332.790652000
17		1358	2332.795257000
17		41	2332.826078000
17		1358	2332.827848000
6	0		2332.834221000
17		41	2332.871655000
17		1358	2332.872078000
17		41	2332.918262000
17		1358	2332.919620000
17		41	2332.964071000
17		1358	2332.964514000
17		41	2333.010385000
17		1358	2333.011605000
17		41	2333.055708000
17		1358	2333.056141000
17		41	2333.101962000
17		1358	2333.102885000
17		41	2333.148118000
17		1358	2333.148515000
17		41	2333.194526000
17		41	2333.194549000
17		1358	2333.195209000
17		1358	2333.214376000
17		41	2333.239831000
17		1358	2333.256485000
17		41	2333.286364000
17		1358	2333.317214000
17		41	2333.332450000
17		1358	2333.332928000
17		41	2333.378645000
17		1358	2333.380233000
17		41	2333.424060000
17		1358	2333.424469000
17		41	2333.470548000
17		1358	2333.472140000
17		41	2333.516212000
17		1358	2333.516602000
17		41	2333.562332000
17		1358	2333.563406000
17		41	2333.607695000
17		1358	2333.645287000
17		46	2333.654511000
17		1358	2333.654899000
17		41	2333.699798000
17		41	2333.699824000
17		1358	2333.720933000
17		1358	2333.727259000
17		41	2333.746406000
17		41	2333.792180000
17		1358	2333.793048000
17		1358	2333.807815000
17		41	2333.838250000
17		1358	2333.859085000
17		41	2333.884219000
17		1358	2333.888643000
17		41	2333.930328000
17		1358	2333.930674000
17		41	2333.975956000
17		1358	2333.977835000
17		41	2334.022079000
17		1358	2334.022487000
17		41	2334.068067000
17		1358	2334.069687000
17		41	2334.114502000
17		1358	2334.114856000
17		41	2334.159977000
17		1358	2334.161543000
6	68		2334.190804000
17		41	2334.205743000
17		1358	2334.206119000
17		41	2334.251999000
17		41	2334.252032000
17		1358	2334.253638000
17		1358	2334.272023000
17		46	2334.298299000
17		33	2334.311824000
17		1358	2334.314612000
17		41	2334.344021000
17		1358	2334.344620000
17		41	2334.389864000
17		1358	2334.391088000
6	52		2334.393160000
6	0		2334.393204000
6	0		2334.393227000
6	0		2334.394994000
17		41	2334.435855000
17		1358	2334.451795000
17		41	2334.482234000
17		1358	2334.482881000
17		41	2334.528359000
17		1358	2334.529982000
17		41	2334.573880000
17		1358	2334.574309000
6	0		2334.586150000
17		41	2334.620466000
17		1358	2334.621259000
17		41	2334.666586000
17		1358	2334.667566000
17		41	2334.712562000
17		1358	2334.714230000
17		41	2334.758131000
17		41	2334.758158000
17		1358	2334.758568000
17		1358	2334.775274000
17		41	2334.804216000
17		1358	2334.846905000
17		41	2334.850581000
17		1358	2334.851456000
17		41	2334.895889000
17		1358	2334.935005000
17		41	2334.941659000
17		1358	2334.943170000
17		41	2334.988020000
17		1358	2335.023432000
17		41	2335.034566000
17		1358	2335.036225000
17		688	2335.080330000
17		41	2335.080357000
17		36	2335.081000000
17		77	2335.089663000
17		33	2335.089708000
17		1358	2335.089824000
17		41	2335.126404000
17		1358	2335.127994000
17		41	2335.171803000
17		1358	2335.172216000
17		41	2335.218270000
17		1358	2335.219937000
17		41	2335.264597000
17		1358	2335.265003000
17		41	2335.310642000
17		46	2335.310666000
17		1358	2335.312109000
17		1358	2335.331098000
17		41	2335.356338000
17		1358	2335.372837000
17		41	2335.402100000
17		1358	2335.402556000
17		41	2335.447987000
17		1358	2335.449662000
17		41	2335.494322000
17		1358	2335.494739000
17		41	2335.539954000
17		1358	2335.542000000
17		41	2335.585818000
17		1358	2335.602860000
17		41	2335.631944000
17		1358	2335.632313000
17		41	2335.678520000
17		1358	2335.679195000
17		41	2335.724397000
17		1358	2335.724872000
17		41	2335.770444000
17		1358	2335.771945000
17		41	2335.816302000
17		41	2335.816327000
17		1358	2335.816658000
17		1358	2335.820759000
17		41	2335.862042000
17		1358	2335.882538000
17		46	2335.908083000
17		1358	2335.909640000
17		41	2335.953657000
17		1358	2335.954035000
17		41	2335.999881000
17		1358	2336.000798000
17		41	2336.046273000
17		1358	2336.046694000
17		41	2336.092075000
17		1358	2336.092966000
17		41	2336.137728000
17		1358	2336.138140000
17		44	2336.184362000
17		41	2336.184392000
17		41	2336.184402000
17		1358	2336.185917000
17		33	2336.209956000
17		41	2336.230242000
17		1358	2336.230633000
17		41	2336.276570000
17		1358	2336.277658000
17		41	2336.322586000
17		1358	2336.322936000
17		41	2336.367903000
17		1358	2336.369473000
17		41	2336.414136000
17		1358	2336.414511000
17		41	2336.460195000
17		41	2336.460218000
17		1358	2336.461232000
17		1358	2336.480370000
17		41	2336.505772000
17		1358	2336.521940000
6	0		2336.529224000
6	0		2336.529287000
17		41	2336.552506000
17		1358	2336.553260000
6	0		2336.568000000
6	12		2336.568263000
17		41	2336.598053000
17		1358	2336.599583000
6	0		2336.606955000
6	12		2336.607010000
6	0		2336.607023000
6	1		2336.607217000
6	4		2336.607242000
6	32		2336.607252000
6	0		2336.607268000
17		41	2336.644353000
17		1358	2336.644907000
6	0		2336.645807000
6	0		2336.645956000
6	0		2336.646019000
6	0		2336.646108000
6	0		2336.646119000
17		41	2336.689775000
17		1358	2336.691343000
17		41	2336.735982000
17		1358	2336.752086000
17		41	2336.781752000
17		1358	2336.782163000
17		41	2336.828279000
17		1358	2336.829847000
17		41	2336.874101000
17		1358	2336.874454000
17		41	2336.920333000
17		1358	2336.921960000
17		41	2336.965923000
17		41	2336.965947000
17		1358	2336.966341000
17		1358	2336.983037000
17		41	2337.011957000
17		1358	2337.020307000
17		41	2337.058406000
17		1358	2337.059755000
17		46	2337.104279000
17		1358	2337.104672000
17		41	2337.150421000
17		1358	2337.152754000
17		41	2337.195781000
17		1358	2337.196281000
17		41	2337.241996000
17		1358	2337.243990000
17		41	2337.287683000
17		1358	2337.288078000
6	0		2337.332225000
6	0		2337.332265000
17		41	2337.334104000
17		1358	2337.335708000
17		41	2337.380428000
17		1358	2337.380805000
17		41	2337.425867000
17		1358	2337.427528000
17		41	2337.471799000
17		1358	2337.472131000
17		41	2337.518078000
17		41	2337.518103000
17		1358	2337.519655000
17		1358	2337.560162000
17		46	2337.564293000
17		33	2337.578345000
17		1358	2337.580891000
17		41	2337.610145000
17		1358	2337.648193000
17		41	2337.656407000
17		1358	2337.657970000
17		41	2337.702236000
17		1358	2337.714001000
17		41	2337.748284000
17		1358	2337.749879000
17		41	2337.794502000
17		1358	2337.795164000
17		41	2337.840169000
17		1358	2337.841768000
17		41	2337.886408000
17		1358	2337.902300000
17		41	2337.931675000
17		1358	2337.933634000
17		41	2337.978467000
17		1358	2337.980045000
17		41	2338.024303000
17		41	2338.024326000
17		1358	2338.024870000
17		1358	2338.029028000
17		41	2338.070053000
17		1358	2338.090881000
17		41	2338.116446000
17		1358	2338.118039000
17		41	2338.161862000
17		1358	2338.162223000
17		41	2338.208330000
17		1358	2338.209933000
17		41	2338.253779000
17		1358	2338.254137000
17		41	2338.300255000
17		1358	2338.301903000
17		41	2338.346112000
17		1358	2338.346481000
17		41	2338.392232000
17		1358	2338.393813000
17		41	2338.438450000
17		1358	2338.438851000
17		41	2338.484095000
17		1358	2338.485707000
17		41	2338.529765000
17		41	2338.529791000
17		1358	2338.530149000
17		1358	2338.567001000
17		41	2338.575742000
17		1358	2338.596774000
17		41	2338.622239000
17		1358	2338.647750000
17		41	2338.668026000
17		1358	2338.668397000
17		41	2338.714119000
17		1358	2338.715726000
17		41	2338.760432000
17		1358	2338.760835000
17		41	2338.806061000
17		1358	2338.807685000
17		46	2338.851836000
17		1358	2338.852258000
17		41	2338.898003000
17		1358	2338.899600000
17		41	2338.944282000
17		1358	2338.944651000
17		41	2338.989888000
17		1358	2338.991558000
17		41	2339.035981000
17		1358	2339.052281000
17		728	2339.081992000
17		41	2339.082019000
17		41	2339.082027000
17		1358	2339.082503000
17		37	2339.082786000
17		75	2339.091628000
17		33	2339.091724000
17		1358	2339.113093000
17		41	2339.128262000
17		1358	2339.148752000
17		46	2339.174357000
17		1358	2339.175968000
17		41	2339.219829000
17		1358	2339.220172000
17		41	2339.266353000
17		1358	2339.267837000
17		41	2339.312183000
17		1358	2339.312533000
17		41	2339.358430000
17		1358	2339.359979000
17		41	2339.403727000
17		1358	2339.404137000
17		41	2339.450143000
17		1358	2339.451556000
17		41	2339.496199000
17		1358	2339.496589000
17		41	2339.542505000
17		1358	2339.544067000
17		41	2339.588357000
17		41	2339.588380000
17		1358	2339.588761000
17		1358	2339.605053000
17		41	2339.634294000
17		1358	2339.654701000
17		41	2339.680305000
17		1358	2339.681881000
17		41	2339.725794000
17		1358	2339.726183000
17		41	2339.772135000
17		1358	2339.773727000
17		41	2339.818317000
17		1358	2339.818703000
17		41	2339.863984000
17		1358	2339.865571000
17		41	2339.909768000
17		1358	2339.910157000
17		41	2339.955924000
17		1358	2339.957500000
17		41	2340.002160000
17		1358	2340.002575000
17		41	2340.048141000
17		1358	2340.049743000
17		41	2340.093836000
17		1358	2340.094234000
17		41	2340.140234000
17		1358	2340.141778000
17		45	2340.186379000
17		41	2340.186406000
17		1358	2340.187137000
17		1358	2340.203067000
17		33	2340.211867000
17		41	2340.231783000
17		41	2340.231820000
17		1358	2340.263741000
17		41	2340.278046000
17		1358	2340.278422000
17		41	2340.324132000
17		1358	2340.325810000
17		41	2340.370436000
17		1358	2340.370834000
17		41	2340.416154000
17		1358	2340.417774000
17		41	2340.462147000
17		1358	2340.462494000
17		41	2340.508067000
17		1358	2340.509616000
17		41	2340.569907000
17		1358	2340.570302000
17		41	2340.631815000
17		1358	2340.633429000
17		46	2340.694339000
17		1358	2340.694742000
17		41	2340.756608000
17		1358	2340.758161000
17		41	2340.818414000
17		41	2340.818435000
17		1358	2340.818907000
17		1358	2340.839830000
17		41	2340.880135000
17		1358	2340.885003000
17		41	2340.941846000
17		1353	2340.941870000
17		37	2340.942580000
17		1358	2340.943434000
17		69	2341.003917000
17		41	2341.003942000
17		1358	2341.004325000
17		115	2341.016253000
17		63	2341.016292000
17		46	2341.066030000
17		1358	2341.067633000
17		41	2341.128106000
17		1358	2341.128632000
17		41	2341.189822000
17		1358	2341.191391000
17		41	2341.252569000
17		41	2341.313992000
17		41	2341.376397000
17		41	2341.438502000
17		41	2341.499742000
17		41	2341.499772000
17		41	2341.562379000
17		41	2341.624586000
17		41	2341.686463000
17		41	2341.748662000
17		41	2341.810552000
17		41	2341.871982000
17		41	2341.934229000
17		41	2341.995991000
17		41	2342.058408000
17		41	2342.120241000
17		41	2342.181908000
17		41	2342.181932000
17		34	2342.182274000
17		41	2342.244357000
17		41	2342.244390000
17		1358	2342.244696000
17		1358	2342.245526000
17		41	2342.306152000
17		1358	2342.311056000
17		41	2342.367685000
17		1358	2342.369250000
17		41	2342.430531000
17		41	2342.430554000
17		1358	2342.430992000
17		41	2342.492498000
17		1358	2342.494079000
17		45	2342.554185000
17		41	2342.554212000
17		41	2342.554218000
17		41	2342.554223000
17		1358	2342.554626000
17		35	2342.555810000
17		33	2342.579853000
17		41	2342.616197000
17		1358	2342.617785000
17		41	2342.678038000
17		1358	2342.678475000
17		41	2342.740132000
17		1358	2342.741726000
17		41	2342.802499000
17		1358	2342.802890000
17		41	2342.863865000
17		1358	2342.866190000
17		1358	2342.869296000
17		41	2342.925758000
17		1358	2342.927806000
17		1358	2342.934916000
17		1358	2342.987427000
17		41	2342.988583000
17		1358	2343.000290000
17		1358	2343.047313000
17		41	2343.050286000
17		1358	2343.066892000
17		1358	2343.107953000
17		41	2343.111760000
17		41	2343.111787000
17		1358	2343.132136000
17		1358	2343.168085000
17		41	2343.174378000
17		1358	2343.198070000
17		1358	2343.228783000
17		41	2343.236107000
17		1358	2343.263416000
17		1358	2343.287769000
17		41	2343.298072000
17		1358	2343.330011000
17		1358	2343.348224000
17		41	2343.359973000
17		1358	2343.394867000
17		1358	2343.408459000
17		41	2343.422402000
17		1358	2343.461618000
17		1358	2343.468476000
17		41	2343.484394000
17		1358	2343.526517000
17		1358	2343.528878000
17		41	2343.545698000
17		1358	2343.589108000
17		1358	2343.592393000
17		41	2343.607788000
17		1358	2343.648731000
17		1358	2343.658325000
17		41	2343.669844000
17		1358	2343.708815000
17		1358	2343.724705000
17		41	2343.732308000
17		1358	2343.769086000
17		1358	2343.789897000
17		41	2343.794087000
17		1358	2343.829782000
17		1358	2343.855554000
17		41	2343.856487000
17		41	2343.856506000
17		1358	2343.890083000
17		41	2343.918635000
17		1358	2343.921952000
17		1358	2343.950056000
17		41	2343.980303000
17		1358	2343.987390000
17		1358	2344.009802000
17		41	2344.042096000
17		1358	2344.053369000
17		1358	2344.069963000
17		41	2344.104235000
17		1358	2344.118545000
17		1358	2344.130999000
17		41	2344.166022000
17		1358	2344.184827000
17		1358	2344.190501000
17		41	2344.228032000
17		1358	2344.250776000
17		1358	2344.251075000
17		41	2344.289674000
17		1358	2344.310807000
17		1358	2344.316043000
17		41	2344.352314000
17		1358	2344.371233000
17		1358	2344.382199000
17		46	2344.414263000
17		1358	2344.430771000
17		33	2344.439700000
17		41	2344.475739000
17		1358	2344.491047000
17		41	2344.537657000
17		1358	2344.537978000
17		1358	2344.551483000
17		41	2344.600207000
17		41	2344.600230000
17		1358	2344.600626000
6	0		2344.647634000
6	0		2344.647701000
17		41	2344.662579000
6	0		2344.686950000
6	12		2344.687237000
17		46	2344.723725000
6	0		2344.726503000
6	12		2344.726539000
6	0		2344.726553000
6	1		2344.726720000
6	4		2344.726740000
6	32		2344.726747000
6	0		2344.726755000
17		33	2344.737140000
6	0		2344.766048000
6	0		2344.766084000
6	0		2344.766088000
6	0		2344.766247000
6	0		2344.766260000
17		41	2344.785695000
17		1358	2344.786033000
17		41	2344.848007000
17		1358	2344.849695000
17		41	2344.909960000
17		1358	2344.910254000
17		41	2344.972073000
17		1358	2344.972987000
17		41	2345.034101000
17		1358	2345.034709000
17		653	2345.095660000
17		41	2345.095690000
17		37	2345.096388000
17		1358	2345.097726000
17		77	2345.105042000
17		33	2345.105080000
17		41	2345.157630000
17		1358	2345.157981000
17		41	2345.219900000
17		1358	2345.221464000
17		41	2345.282571000
17		41	2345.282595000
17		1358	2345.282869000
17		1358	2345.304084000
17		41	2345.344388000
17		1358	2345.351038000
17		41	2345.406554000
17		1358	2345.408160000
17		41	2345.468213000
17		1358	2345.468612000
17		41	2345.530201000
17		1358	2345.532071000
17		41	2345.591916000
17		1358	2345.592338000
17		41	2345.654413000
17		1358	2345.655016000
17		41	2345.716136000
17		1358	2345.716777000
17		41	2345.778026000
17		1358	2345.779444000
17		41	2345.840154000
17		1358	2345.841182000
17		41	2345.902747000
17		1358	2345.904338000
17		41	2345.964588000
17		41	2345.964609000
17		1358	2345.964976000
17		1358	2345.987423000
17		41	2346.026492000
17		1358	2346.070673000
17		41	2346.087708000
17		1358	2346.088078000
17		41	2346.150041000
17		41	2346.150066000
17		34	2346.150760000
17		1358	2346.153840000
17		41	2346.212547000
17		1358	2346.212940000
6	0		2346.270818000
6	0		2346.270868000
17		41	2346.274093000
17		1358	2346.275655000
17		41	2346.336343000
17		1358	2346.357860000
17		41	2346.397932000
17		41	2346.397957000
17		1358	2346.398412000
17		35	2346.399538000
17		41	2346.459723000
17		1358	2346.461326000
17		41	2346.522606000
17		1358	2346.522952000
17		41	2346.584661000
17		1358	2346.607963000
17		41	2346.646056000
17		1358	2346.647656000
17		41	2346.707929000
17		1358	2346.708309000
17		41	2346.770276000
17		41	2346.770300000
17		41	2346.770311000
17		1358	2346.771882000
17		1358	2346.793478000
17		45	2346.832078000
17		41	2346.832100000
17		41	2346.832105000
17		1358	2346.838807000
17		33	2346.857597000
17		41	2346.894404000
17		1358	2346.894908000
17		41	2346.955773000
17		1358	2346.958039000
17		41	2347.017743000
17		1358	2347.018051000
17		41	2347.080284000
17		1358	2347.081145000
17		41	2347.141990000
17		1358	2347.142360000
17		41	2347.204326000
17		1358	2347.205907000
17		41	2347.266305000
17		1358	2347.266649000
17		41	2347.328253000
17		1358	2347.329809000
17		41	2347.389694000
17		1358	2347.390111000
17		41	2347.452236000
17		1358	2347.453909000
17		41	2347.514599000
17		1358	2347.514942000
17		41	2347.575833000
17		41	2347.575858000
17		1358	2347.577528000
17		1358	2347.600051000
17		41	2347.638103000
17		1358	2347.660827000
17		41	2347.699905000
17		1358	2347.700650000
17		41	2347.761913000
17		1358	2347.763504000
17		41	2347.823814000
17		1358	2347.847012000
17		41	2347.886633000
17		1358	2347.888345000
17		41	2347.948140000
17		1358	2347.949756000
17		41	2348.010365000
17		1358	2348.010680000
17		41	2348.072337000
17		1358	2348.073948000
17		41	2348.133961000
17		1358	2348.156948000
17		41	2348.196126000
17		1358	2348.196437000
6	0		2348.225572000
6	0		2348.225628000
17		41	2348.258076000
17		1358	2348.259646000
17		41	2348.320461000
17		1358	2348.320808000
17		41	2348.381880000
17		1358	2348.383386000
17		1358	2348.406003000
17		41	2348.443668000
6	0		2348.483148000
6	41		2348.488718000
17		1358	2348.491547000
17		41	2348.506267000
17		1358	2348.507830000
17		46	2348.568450000
17		1358	2348.577072000
17		46	2348.630129000
17		1358	2348.631451000
17		41	2348.692080000
17		1358	2348.692460000
6	0		2348.745985000
17		41	2348.753756000
17		1358	2348.755339000
6	21		2348.759661000
6	0		2348.759689000
6	1080		2348.760623000
17		41	2348.816428000
17		1358	2348.816845000
17		41	2348.878472000
17		1358	2348.880170000
17		41	2348.939912000
17		1358	2348.940242000
17		41	2349.002295000
17		1358	2349.003896000
6	440		2349.032754000
17		41	2349.063769000
17		41	2349.063792000
17		1358	2349.064146000
6	0		2349.074229000
17		1358	2349.087118000
17		41	2349.125925000
17		1358	2349.149657000
17		41	2349.188566000
17		1358	2349.190228000
17		41	2349.249662000
17		1358	2349.250080000
17		41	2349.312182000
17		1358	2349.313821000
6	48		2349.331537000
6	0		2349.331577000
6	280		2349.335655000
17		41	2349.374142000
17		1358	2349.374589000
17		41	2349.436186000
17		1358	2349.437638000
17		41	2349.498579000
17		1358	2349.498942000
17		41	2349.560018000
17		1358	2349.561699000
6	16		2349.606455000
17		41	2349.622242000
17		1358	2349.644325000
6	0		2349.650223000
17		41	2349.683715000
17		1358	2349.684112000
17		41	2349.746736000
17		41	2349.746754000
17		1358	2349.747710000
17		1358	2349.769935000
17		41	2349.808580000
17		1358	2349.831670000
17		41	2349.870560000
6	52		2349.907551000
6	0		2349.907588000
6	52		2349.907719000
17		1358	2349.915225000
17		41	2349.931697000
17		41	2349.993908000
17		1358	2349.997664000
17		41	2350.055821000
17		41	2350.118232000
17		1358	2350.119774000
6	100		2350.166693000
17		41	2350.179893000
6	0		2350.210242000
17		41	2350.241718000
17		1358	2350.242110000
17		41	2350.304123000
17		1358	2350.305795000
17		41	2350.366167000
17		1358	2350.366564000
17		41	2350.428177000
17		1358	2350.429704000
17		41	2350.490182000
17		41	2350.490232000
17		1358	2350.490620000
17		1358	2350.512751000
17		41	2350.551786000
17		41	2350.613924000
17		1041	2350.614703000
17		1358	2350.639731000
17		41	2350.676095000
17		41	2350.737995000
17		1358	2350.789182000
17		41	2350.800004000
17		46	2350.862332000
17		33	2350.876319000
17		46	2350.924273000
17		1358	2350.938424000
17		41	2350.986448000
17		41	2351.048437000
17		1358	2351.087263000
17		41	2351.110453000
17		41	2351.171740000
17		41	2351.171766000
17		1358	2351.199278000
17		41	2351.234430000
17		41	2351.296442000
17		1358	2351.310330000
17		41	2351.357955000
17		41	2351.420365000
17		1358	2351.422810000
17		41	2351.482294000
17		1358	2351.533442000
17		41	2351.544006000
17		41	2351.606240000
6	0		2351.639562000
6	0		2351.639626000
17		1358	2351.645086000
17		41	2351.668026000
17		41	2351.730226000
17		41	2351.792398000
6	0		2351.799903000
6	41		2351.805242000
17		41	2351.854382000
17		41	2351.854405000
17		1358	2351.854762000
17		41	2351.916443000
6	0		2351.965370000
6	21		2351.965433000
6	0		2351.965459000
6	1080		2351.966458000
17		1358	2351.966699000
17		41	2351.978057000
6	68		2352.038486000
17		41	2352.039784000
17		1358	2352.079026000
17		41	2352.101747000
6	0		2352.126873000
6	440		2352.128647000
17		1034	2352.164465000
17		39	2352.165067000
17		153	2352.165788000
17		1353	2352.165809000
17		1358	2352.165814000
17		1358	2352.165820000
17		1358	2352.165825000
17		1358	2352.165854000
17		1358	2352.165860000
17		1358	2352.165865000
17		1358	2352.165870000
17		1358	2352.165875000
6	0		2352.170212000
17		41	2352.225658000
17		1358	2352.225996000
17		1358	2352.250087000
17		41	2352.287864000
6	52		2352.305970000
6	0		2352.306022000
6	0		2352.306044000
6	0		2352.307324000
6	48		2352.330259000
6	0		2352.330299000
17		1358	2352.332158000
6	280		2352.334332000
17		1358	2352.337680000
17		41	2352.350427000
17		41	2352.411904000
17		1358	2352.414428000
17		1358	2352.450015000
17		41	2352.473807000
6	0		2352.494390000
17		1358	2352.498225000
17		41	2352.535886000
17		1358	2352.561794000
6	0		2352.564548000
6	16		2352.574874000
17		1358	2352.581111000
17		41	2352.598519000
6	0		2352.618212000
17		41	2352.660439000
17		1358	2352.673396000
17		41	2352.722551000
6	0		2352.766530000
6	0		2352.766585000
6	52		2352.778253000
6	0		2352.778290000
6	52		2352.778381000
17		41	2352.784109000
17		1358	2352.784413000
6	0		2352.804891000
6	12		2352.805083000
6	0		2352.843288000
6	12		2352.843368000
6	0		2352.843383000
6	1		2352.843582000
6	4		2352.843601000
6	32		2352.843611000
6	0		2352.843624000
17		47	2352.846192000
17		41	2352.846223000
17		33	2352.860221000
6	0		2352.881845000
6	0		2352.881981000
6	0		2352.881989000
6	0		2352.882076000
6	0		2352.882093000
17		1358	2352.896633000
17		41	2352.908517000
17		1358	2352.910032000
6	0		2352.938374000
6	84		2352.955486000
17		41	2352.970096000
6	0		2352.998239000
17		1358	2353.007870000
17		41	2353.032745000
17		1358	2353.048372000
17		41	2353.093894000
17		1358	2353.120416000
17		41	2353.156517000
17		1358	2353.187313000
17		41	2353.218632000
17		1358	2353.231490000
17		41	2353.280482000
17		1358	2353.325355000
17		41	2353.341778000
17		1358	2353.343249000
17		46	2353.404318000
17		33	2353.430541000
17		1358	2353.462819000
17		41	2353.466481000
17		41	2353.528187000
17		41	2353.589977000
17		41	2353.652286000
17		41	2353.714225000
17		41	2353.776522000
17		41	2353.838430000
17		41	2353.899808000
17		41	2353.961827000
6	0		2353.990488000
6	0		2353.990534000
17		41	2354.023904000
17		1358	2354.024260000
6	0		2354.025860000
17		41	2354.086260000
17		1358	2354.087935000
17		41	2354.148466000
17		1358	2354.148834000
17		41	2354.210570000
17		1358	2354.212144000
17		41	2354.272089000
17		1358	2354.272814000
17		1358	2354.297261000
17		41	2354.334250000
17		1358	2354.381955000
17		41	2354.396192000
17		1358	2354.396572000
17		41	2354.458298000
17		1358	2354.464943000
17		41	2354.520461000
17		1358	2354.521308000
17		1358	2354.549582000
17		41	2354.582466000
17		1358	2354.634518000
17		41	2354.644507000
17		1358	2354.644898000
17		41	2354.706049000
17		41	2354.706076000
17		1358	2354.717941000
17		1358	2354.756627000
17		46	2354.768026000
17		33	2354.782367000
17		1358	2354.801342000
17		41	2354.830575000
17		1358	2354.868851000
17		1358	2354.885285000
17		41	2354.892565000
17		41	2354.954392000
17		1358	2354.970860000
17		1358	2354.979929000
17		41	2355.016327000
17		1358	2355.054186000
17		41	2355.078076000
17		632	2355.078101000
17		37	2355.078888000
17		77	2355.086939000
17		33	2355.086973000
17		1358	2355.091740000
6	68		2355.103441000
17		1358	2355.137940000
17		41	2355.140235000
17		41	2355.202219000
17		1358	2355.203364000
17		1358	2355.222091000
6	52		2355.263585000
6	0		2355.263625000
6	0		2355.263643000
17		41	2355.264183000
6	0		2355.265163000
17		1358	2355.306702000
17		1358	2355.314545000
17		41	2355.326127000
17		41	2355.388416000
17		1358	2355.389925000
6	0		2355.425131000
17		1358	2355.426384000
17		41	2355.450289000
17		41	2355.450319000
17		1358	2355.475078000
17		41	2355.512252000
17		1358	2355.515293000
17		1358	2355.559201000
17		41	2355.574291000
17		1358	2355.605390000
17		41	2355.636306000
17		1358	2355.643189000
17		1358	2355.694059000
17		41	2355.698454000
17		1358	2355.727782000
17		45	2355.760042000
17		41	2355.760064000
17		41	2355.760072000
17		1358	2355.782959000
17		33	2355.785486000
17		1358	2355.811497000
17		41	2355.821736000
17		1358	2355.872449000
17		41	2355.883799000
17		1358	2355.895087000
17		46	2355.946699000
17		1358	2355.961412000
17		1358	2355.979723000
17		41	2356.008578000
17		1358	2356.063568000
17		41	2356.070100000
17		1358	2356.111318000
17		41	2356.131983000
17		1358	2356.147357000
17		41	2356.194493000
17		1358	2356.231812000
17		41	2356.255813000
17		41	2356.255838000
17		1358	2356.259635000
17		1358	2356.316813000
17		41	2356.317620000
17		41	2356.380459000
17		1358	2356.400408000
17		1358	2356.408280000
17		41	2356.441970000
17		1358	2356.484718000
17		41	2356.504269000
17		1358	2356.556708000
17		41	2356.565726000
17		1358	2356.568114000
17		41	2356.628310000
17		1358	2356.653270000
17		41	2356.690107000
17		1358	2356.706056000
17		1358	2356.737265000
17		41	2356.752472000
17		41	2356.814233000
17		1358	2356.816758000
17		1358	2356.820911000
17		46	2356.876482000
17		33	2356.891100000
17		1358	2356.904742000
17		1358	2356.928368000
17		41	2356.937913000
17		1358	2356.989822000
17		41	2356.999891000
17		1358	2357.040116000
17		41	2357.061760000
17		1358	2357.072932000
17		41	2357.123765000
17		1358	2357.152310000
17		1358	2357.157422000
17		41	2357.186134000
17		1358	2357.242541000
17		41	2357.248445000
17		1358	2357.262994000
17		1358	2357.308986000
17		41	2357.310114000
17		41	2357.371727000
17		1358	2357.374970000
17		1358	2357.375993000
17		41	2357.434093000
17		1358	2357.443604000
17		1358	2357.486927000
17		41	2357.496136000
17		1358	2357.509988000
17		41	2357.557824000
17		1358	2357.578435000
17		1358	2357.597693000
17		41	2357.620395000
17		1358	2357.645476000
17		41	2357.682107000
17		41	2357.682134000
17		1358	2357.709957000
17		1358	2357.712307000
17		41	2357.743888000
17		1358	2357.779671000
17		41	2357.806244000
17		1358	2357.821100000
17		41	2357.868070000
17		1358	2357.891296000
17		41	2357.930249000
17		1358	2357.932437000
17		41	2357.992211000
17		1358	2358.004452000
17		1358	2358.044012000
17		41	2358.053760000
17		1358	2358.115855000
17		41	2358.116034000
17		1358	2358.155895000
17		41	2358.178115000
17		1358	2358.227683000
17		41	2358.240003000
17		1358	2358.267503000
17		41	2358.301852000
17		1358	2358.341230000
17		41	2358.363831000
17		1358	2358.379310000
17		1358	2358.424728000
17		41	2358.425873000
17		41	2358.425894000
17		41	2358.488634000
17		1358	2358.490283000
17		1358	2358.508644000
17		41	2358.550150000
17		1358	2358.593534000
17		1358	2358.610103000
17		41	2358.611879000
17		46	2358.674129000
17		1358	2358.677147000
17		33	2358.699699000
17		1358	2358.730453000
17		41	2358.736520000
17		1358	2358.761506000
17		46	2358.797730000
17		33	2358.812058000
17		1358	2358.844701000
17		1358	2358.849454000
17		41	2358.859796000
17		41	2358.921874000
17		1358	2358.929704000
17		1358	2358.969834000
17		41	2358.984624000
17		1358	2359.014105000
17		41	2359.046111000
17		1358	2359.088874000
17		1358	2359.098290000
17		41	2359.107920000
17		41	2359.107948000
17		41	2359.169673000
17		1358	2359.181322000
17		1358	2359.208735000
17		41	2359.232474000
17		1358	2359.265991000
17		41	2359.294139000
17		1358	2359.328421000
17		1358	2359.350991000
17		41	2359.356111000
17		41	2359.418223000
17		1358	2359.434783000
17		1358	2359.448492000
17		41	2359.480162000
17		1358	2359.518071000
17		41	2359.541863000
17		1358	2359.567836000
17		1358	2359.602828000
17		41	2359.604041000
17		41	2359.666212000
17		1358	2359.686849000
17		1358	2359.687640000
17		41	2359.728267000
17		1358	2359.771220000
17		41	2359.789790000
17		1358	2359.807150000
17		41	2359.851792000
17		41	2359.851819000
17		1358	2359.853141000
17		41	2359.914413000
17		1358	2359.927296000
17		1358	2359.938916000
17		41	2359.976162000
17		1358	2360.022911000
17		41	2360.038201000
17		1358	2360.047156000
17		41	2360.099868000
17		1358	2360.106722000
17		41	2360.162472000
17		1358	2360.166538000
17		1358	2360.191258000
17		41	2360.223905000
17		1358	2360.276428000
17		1358	2360.286123000
17		41	2360.286200000
17		41	2360.347785000
17		1358	2360.360354000
17		1358	2360.405650000
17		41	2360.410046000
17		1358	2360.443308000
17		41	2360.472038000
17		1358	2360.501708000
17		1358	2360.527215000
17		41	2360.534327000
17		41	2360.596454000
17		1358	2360.597285000
17		1358	2360.612139000
17		41	2360.658272000
17		1358	2360.693220000
17		1358	2360.696776000
17		41	2360.720314000
17		1358	2360.780207000
17		41	2360.781823000
17		1358	2360.788897000
17		41	2360.844513000
17		1358	2360.864386000
17		1358	2360.885518000
17		46	2360.906237000
17		33	2360.919674000
17		1358	2360.948364000
17		41	2360.968433000
17		1358	2360.981041000
17		41	2361.030591000
17		1358	2361.032831000
17		41	2361.091999000
17		1358	2361.116311000
17		1358	2361.140805000
17		41	2361.153888000
17		1358	2361.200115000
17		41	2361.216120000
17		41	2361.278524000
17		41	2361.278548000
17		1358	2361.285788000
17		1358	2361.299796000
17		46	2361.340283000
17		33	2361.365794000
17		1358	2361.370744000
17		41	2361.402347000
17		1358	2361.454780000
17		1358	2361.459705000
17		41	2361.463836000
17		41	2361.526539000
17		1358	2361.540255000
17		41	2361.588319000
17		1358	2361.619900000
17		1358	2361.625875000
17		41	2361.650594000
17		41	2361.712087000
17		1358	2361.713198000
17		41	2361.773860000
17		1358	2361.778519000
17		41	2361.836312000
17		1358	2361.837892000
17		41	2361.898134000
17		1358	2361.898791000
17		1358	2361.906118000
17		41	2361.959858000
17		1358	2362.018321000
17		41	2362.021714000
17		41	2362.021735000
17		1358	2362.023572000
17		45	2362.084009000
17		1358	2362.091603000
17		1358	2362.137638000
17		41	2362.145877000
17		41	2362.207962000
17		1358	2362.209582000
17		1358	2362.257381000
17		41	2362.269934000
17		41	2362.332536000
17		1358	2362.333483000
17		1358	2362.377646000
17		41	2362.393770000
17		41	2362.455885000
17		1358	2362.457454000
17		1358	2362.497515000
17		41	2362.517964000
17		1358	2362.570746000
17		41	2362.580430000
17		1358	2362.617245000
17		41	2362.642285000
17		1358	2362.683657000
17		41	2362.703811000
17		41	2362.703835000
17		1358	2362.736612000
17		41	2362.766542000
17		1358	2362.796902000
17		41	2362.827800000
17		1358	2362.856020000
17		41	2362.890278000
17		235	2362.910159000
17		41	2362.952051000
17		1358	2362.975986000
17		41	2363.014271000
17		41	2363.076242000
17		1358	2363.095943000
17		41	2363.138525000
17		41	2363.200229000
17		1358	2363.215639000
17		41	2363.262251000
17		41	2363.323628000
17		1358	2363.335095000
17		41	2363.385858000
17		41	2363.448510000
17		41	2363.448532000
17		1358	2363.454471000
17		41	2363.510227000
17		41	2363.572488000
17		1358	2363.578424000
17		41	2363.633670000
17		41	2363.696339000
17		1358	2363.702442000
17		41	2363.757766000
17		41	2363.820448000
17		1358	2363.826287000
17		41	2363.881873000
17		41	2363.944386000
17		1358	2363.950545000
6	0		2363.988768000
6	0		2363.988816000
17		41	2364.006400000
6	0		2364.051885000
17		46	2364.067766000
17		1358	2364.073952000
17		33	2364.081323000
17		46	2364.129648000
17		33	2364.155347000
17		41	2364.192007000
17		41	2364.192029000
17		1358	2364.198306000
17		41	2364.254515000
17		41	2364.316251000
17		1358	2364.322799000
17		41	2364.378500000
17		41	2364.439892000
17		1358	2364.446563000
17		41	2364.502561000
17		1111	2364.502585000
17		33	2364.503153000
17		33	2364.503284000
17		157	2364.503930000
17		1358	2364.514517000
17		41	2364.564492000
17		1358	2364.570358000
17		1358	2364.599340000
17		41	2364.625696000
17		1358	2364.683725000
17		41	2364.688442000
17		41	2364.688470000
17		1358	2364.694758000
17		41	2364.749721000
17		1358	2364.767116000
17		41	2364.811857000
17		1358	2364.851966000
17		41	2364.874051000
17		41	2364.936099000
17		1358	2364.936105000
17		41	2364.997936000
17		1358	2365.019741000
17		41	2365.060035000
17		678	2365.060068000
17		37	2365.060793000
17		77	2365.069268000
17		33	2365.069352000
17		1358	2365.103470000
17		41	2365.121757000
6	0		2365.154487000
6	0		2365.154556000
17		41	2365.183739000
17		1358	2365.188377000
17		41	2365.246599000
17		1358	2365.272200000
17		41	2365.308548000
17		1358	2365.309223000
6	0		2365.343055000
6	41		2365.348359000
17		1358	2365.356300000
17		41	2365.370123000
17		1358	2365.370448000
17		47	2365.432301000
17		41	2365.432321000
17		33	2365.445744000
17		1358	2365.491598000
17		41	2365.494263000
6	0		2365.536527000
6	21		2365.537311000
6	0		2365.537329000
6	1080		2365.538478000
17		41	2365.555777000
17		1358	2365.612143000
17		41	2365.617957000
17		41	2365.680257000
6	440		2365.732854000
17		41	2365.742160000
17		1358	2365.742551000
6	0		2365.774226000
17		41	2365.803760000
17		41	2365.865616000
17		41	2365.927884000
17		41	2365.927914000
17		1358	2365.929637000
6	48		2365.962452000
6	0		2365.962495000
6	280		2365.966503000
17		45	2365.990271000
17		41	2365.990295000
17		41	2365.990303000
17		1358	2365.991316000
17		33	2366.015981000
17		41	2366.052049000
17		1358	2366.075670000
17		41	2366.114112000
6	16		2366.159446000
17		1358	2366.160546000
17		46	2366.175756000
17		1358	2366.176145000
6	0		2366.202214000
17		41	2366.237682000
17		1358	2366.245666000
17		1358	2366.272501000
17		41	2366.300352000
17		41	2366.361985000
17		1358	2366.368752000
6	52		2366.390388000
6	0		2366.390433000
6	52		2366.390517000
17		41	2366.424059000
17		1358	2366.464716000
17		41	2366.485817000
17		41	2366.548551000
17		1358	2366.550040000
17		1358	2366.560768000
6	84		2366.580737000
17		41	2366.610123000
17		1358	2366.618674000
6	0		2366.622217000
17		1358	2366.656309000
17		41	2366.672191000
17		1358	2366.685303000
17		41	2366.734508000
17		1358	2366.752155000
17		1358	2366.752820000
17		41	2366.795804000
17		41	2366.795830000
17		1358	2366.819950000
17		1358	2366.848327000
17		41	2366.857719000
17		1358	2366.888534000
17		41	2366.919643000
17		1358	2366.955578000
17		41	2366.982440000
17		1358	2367.009067000
17		1358	2367.022548000
17		41	2367.043809000
17		1358	2367.089130000
17		41	2367.106427000
17		1358	2367.128579000
17		41	2367.167786000
17		1358	2367.201680000
17		41	2367.229643000
17		1358	2367.248109000
17		41	2367.292055000
17		1358	2367.313680000
17		41	2367.354424000
17		1358	2367.368188000
17		41	2367.416275000
17		1358	2367.425476000
17		46	2367.477776000
17		41	2367.477798000
17		1358	2367.488266000
17		33	2367.492065000
17		1358	2367.538256000
17		41	2367.539743000
17		1358	2367.586455000
17		41	2367.602402000
17		1358	2367.650438000
17		41	2367.663674000
17		1358	2367.683499000
17		41	2367.725713000
17		1358	2367.733819000
17		1358	2367.780458000
17		41	2367.788237000
17		1358	2367.818304000
17		41	2367.850318000
17		1358	2367.878164000
17		1358	2367.906664000
17		41	2367.911882000
17		41	2367.973689000
17		1358	2367.975663000
6	68		2367.979896000
17		1358	2367.994870000
17		41	2368.036404000
17		1358	2368.072795000
17		1358	2368.081512000
17		41	2368.098035000
17		41	2368.160514000
17		41	2368.160540000
17		1358	2368.170324000
17		1358	2368.170358000
6	52		2368.175748000
6	0		2368.175788000
6	0		2368.175806000
6	0		2368.176930000
17		41	2368.221924000
17		1358	2368.256777000
17		1358	2368.268502000
17		41	2368.284292000
17		1358	2368.345588000
17		41	2368.345735000
6	0		2368.359743000
6	0		2368.359797000
6	0		2368.365097000
17		1358	2368.365172000
6	0		2368.376488000
6	41		2368.381862000
6	0		2368.398164000
6	21		2368.398212000
6	0		2368.398223000
6	1080		2368.399193000
17		41	2368.407924000
6	0		2368.415365000
6	440		2368.415402000
17		1358	2368.433633000
6	0		2368.458223000
17		1358	2368.463210000
17		41	2368.470440000
6	48		2368.474419000
6	0		2368.474459000
6	280		2368.478515000
6	0		2368.494657000
6	16		2368.514323000
17		1358	2368.520639000
17		46	2368.532305000
17		33	2368.557789000
6	0		2368.558208000
17		1358	2368.560073000
6	52		2368.574411000
6	0		2368.574450000
6	52		2368.574572000
17		41	2368.593956000
6	100		2368.599051000
17		1358	2368.608246000
6	0		2368.642216000
17		41	2368.656407000
17		1358	2368.656737000
17		1358	2368.697215000
17		41	2368.718488000
17		1358	2368.755114000
17		41	2368.780233000
17		1358	2368.784314000
17		41	2368.842368000
17		1358	2368.853136000
17		1358	2368.872797000
6	0		2368.884154000
6	0		2368.884210000
17		41	2368.904044000
17		41	2368.904068000
6	0		2368.923445000
6	12		2368.923647000
17		1358	2368.949908000
17		1358	2368.960384000
6	0		2368.962713000
6	12		2368.962744000
6	0		2368.962753000
6	1		2368.962893000
6	4		2368.962905000
6	32		2368.962913000
6	0		2368.962925000
17		41	2368.965988000
6	0		2369.001862000
6	0		2369.001928000
6	0		2369.001990000
6	0		2369.002327000
6	0		2369.002342000
17		41	2369.028211000
17		1358	2369.047454000
17		1358	2369.048276000
17		41	2369.089661000
17		1358	2369.135806000
17		1358	2369.144724000
17		41	2369.152297000
17		41	2369.213995000
17		1358	2369.224251000
17		1358	2369.242679000
17		41	2369.276577000
17		1358	2369.311040000
17		41	2369.337899000
17		1358	2369.339843000
17		1358	2369.399445000
17		41	2369.399974000
17		1358	2369.438059000
17		41	2369.461673000
17		1358	2369.486746000
17		41	2369.523965000
17		1358	2369.535253000
17		1358	2369.575323000
17		46	2369.585949000
17		33	2369.600782000
17		1358	2369.631811000
17		41	2369.647787000
17		41	2369.647814000
17		1358	2369.662535000
17		41	2369.709725000
17		1358	2369.729361000
17		1358	2369.750257000
17		41	2369.771824000
17		1358	2369.827014000
17		41	2369.834281000
17		1358	2369.838184000
17		41	2369.896431000
17		1358	2369.924174000
17		1358	2369.926797000
17		41	2369.958216000
17		1358	2370.014274000
17		41	2370.020131000
17		1358	2370.021521000
17		41	2370.082665000
17		1358	2370.101529000
17		1358	2370.119148000
17		41	2370.144442000
17		1358	2370.189717000
17		41	2370.205923000
17		1358	2370.217457000
17		41	2370.267642000
6	68		2370.274207000
17		1358	2370.276940000
6	52		2370.290912000
6	0		2370.290958000
6	0		2370.290979000
6	0		2370.292201000
6	0		2370.308461000
17		1358	2370.313844000
17		41	2370.329682000
17		41	2370.329708000
17		1358	2370.365221000
17		41	2370.392229000
17		1358	2370.411330000
17		1358	2370.453341000
17		41	2370.454165000
17		1358	2370.508943000
17		41	2370.516485000
17		1358	2370.540984000
17		41	2370.577966000
17		1358	2370.606630000
17		1358	2370.628695000
17		41	2370.640124000
17		41	2370.702688000
17		1358	2370.703036000
17		1358	2370.715925000
17		41	2370.764284000
17		1358	2370.781652000
17		1358	2370.786777000
17		41	2370.826093000
17		1358	2370.859803000
17		41	2370.887992000
17		1358	2370.889606000
17		1358	2370.938430000
17		46	2370.949782000
17		33	2370.975384000
17		41	2371.012475000
17		1358	2371.014042000
17		1358	2371.015736000
17		41	2371.073800000
17		41	2371.073825000
17		1358	2371.089431000
17		1358	2371.094186000
17		41	2371.136413000
17		1358	2371.171344000
17		41	2371.198329000
17		1358	2371.199319000
17		1358	2371.250072000
17		41	2371.259821000
17		41	2371.322008000
17		1358	2371.324521000
17		1358	2371.327398000
17		41	2371.384281000
17		41	2371.446334000
17		1358	2371.449387000
17		1358	2371.457286000
17		41	2371.508617000
17		41	2371.570161000
17		1358	2371.574218000
17		1358	2371.588082000
17		41	2371.632278000
17		41	2371.694017000
17		1358	2371.699792000
17		1358	2371.717172000
17		46	2371.756617000
17		41	2371.756641000
17		33	2371.771021000
17		41	2371.818352000
17		1358	2371.825013000
17		1358	2371.847845000
17		41	2371.879924000
17		1358	2371.919453000
17		41	2371.942449000
17		1358	2371.976866000
17		41	2372.004427000
17		1358	2372.011295000
17		41	2372.066031000
17		1358	2372.075275000
17		1358	2372.106282000
17		41	2372.128219000
17		1358	2372.171997000
17		41	2372.190473000
17		1358	2372.200108000
17		41	2372.252008000
17		1358	2372.269547000
17		41	2372.314245000
17		1358	2372.315847000
17		1358	2372.367268000
17		41	2372.376483000
17		41	2372.437782000
17		1358	2372.439379000
17		1358	2372.464227000
17		41	2372.500024000
17		41	2372.500050000
17		1358	2372.533078000
17		41	2372.562418000
17		1358	2372.562532000
17		41	2372.624499000
17		1358	2372.625833000
17		1358	2372.659686000
17		41	2372.685693000
17		41	2372.747845000
17		1358	2372.757017000
17		41	2372.810056000
17		1358	2372.811672000
17		1358	2372.854728000
17		41	2372.872104000
17		41	2372.934315000
17		1358	2372.935846000
17		1358	2372.951359000
17		41	2372.995819000
17		1358	2373.049224000
17		41	2373.057658000
17		1358	2373.059244000
17		41	2373.120157000
17		1358	2373.146793000
17		41	2373.181623000
17		1358	2373.183499000
17		1358	2373.243718000
17		41	2373.244285000
17		46	2373.244305000
17		33	2373.270299000
17		1358	2373.277328000
17		41	2373.305627000
17		1358	2373.341276000
17		41	2373.368440000
17		1358	2373.370005000
17		41	2373.430625000
17		1358	2373.439008000
17		41	2373.492243000
17		1358	2373.493643000
17		1358	2373.536133000
17		41	2373.554011000
17		41	2373.616899000
17		1358	2373.618541000
17		1358	2373.633475000
17		41	2373.678009000
17		1358	2373.731074000
17		41	2373.739973000
17		1358	2373.741386000
17		41	2373.801905000
17		1358	2373.828380000
17		41	2373.863687000
17		1358	2373.865269000
17		41	2373.925864000
17		41	2373.925886000
17		1358	2373.925910000
17		1358	2373.959160000
17		41	2373.987791000
17		1358	2374.023808000
17		46	2374.050521000
17		1358	2374.052152000
17		41	2374.111817000
17		1358	2374.120842000
17		41	2374.174539000
17		1358	2374.176142000
17		1358	2374.218319000
17		41	2374.235951000
17		41	2374.298595000
17		1358	2374.299699000
17		1358	2374.316307000
17		41	2374.360412000
17		1358	2374.413394000
17		41	2374.422250000
17		41	2374.483870000
17		1358	2374.484822000
17		1358	2374.511247000
17		41	2374.545677000
17		41	2374.607747000
17		1358	2374.607908000
17		1358	2374.609365000
17		41	2374.669643000
17		1353	2374.669673000
17		37	2374.670589000
17		1358	2374.705627000
17		59	2374.732557000
17		41	2374.732583000
17		1358	2374.734193000
17		115	2374.744711000
17		202	2374.744887000
17		41	2374.794600000
17		1358	2374.802788000
17		41	2374.856045000
17		1358	2374.857665000
17		1358	2374.900170000
17		41	2374.917978000
17		41	2374.980381000
17		1358	2374.982390000
17		1358	2374.997560000
17		41	2375.042164000
17		1358	2375.095176000
17		603	2375.104089000
17		41	2375.104128000
17		37	2375.104694000
17		1358	2375.105830000
17		77	2375.115981000
17		33	2375.116267000
17		41	2375.166252000
17		1358	2375.193263000
17		41	2375.228342000
17		1358	2375.229943000
17		1358	2375.290340000
17		41	2375.290565000
17		41	2375.351689000
17		41	2375.351716000
17		1358	2375.353276000
17		1358	2375.387469000
17		46	2375.414441000
17		33	2375.439874000
17		1358	2375.465421000
17		41	2375.475863000
17		1358	2375.476996000
17		41	2375.537699000
17		1358	2375.543806000
17		41	2375.600442000
17		1358	2375.602088000
17		1358	2375.621770000
17		41	2375.662000000
17		1358	2375.699357000
17		41	2375.724160000
17		1358	2375.725779000
17		41	2375.786544000
17		1358	2375.786939000
17		41	2375.848646000
17		1358	2375.850290000
17		41	2375.910505000
17		1358	2375.911007000
17		41	2375.971821000
17		1358	2375.975700000
17		41	2376.034037000
17		1358	2376.041004000
17		41	2376.096550000
17		41	2376.096583000
17		1358	2376.098246000
17		41	2376.158284000
17		1358	2376.171449000
17		41	2376.220056000
17		1358	2376.221697000
17		41	2376.281726000
17		1358	2376.302361000
6	0		2376.328403000
6	0		2376.328474000
17		41	2376.343913000
17		41	2376.406402000
17		41	2376.406439000
17		1358	2376.408096000
17		1358	2376.431867000
17		41	2376.467944000
17		45	2376.530301000
17		41	2376.530329000
17		41	2376.530341000
17		1358	2376.532213000
17		33	2376.556861000
17		1358	2376.561202000
17		41	2376.592217000
17		46	2376.654363000
17		1358	2376.656105000
17		1358	2376.658722000
17		41	2376.716456000
17		1358	2376.756611000
17		41	2376.778404000
17		1358	2376.780041000
17		41	2376.839895000
17		1358	2376.853603000
17		41	2376.902246000
17		41	2376.902271000
17		1358	2376.951568000
17		45	2376.964569000
17		41	2376.964592000
17		41	2376.964599000
17		1358	2376.966233000
17		33	2376.990102000
6	0		2377.002540000
6	0		2377.002599000
17		41	2377.025667000
6	0		2377.040935000
6	12		2377.041166000
6	0		2377.079489000
6	12		2377.079540000
6	0		2377.079552000
6	1		2377.079714000
6	4		2377.079728000
6	32		2377.079736000
6	0		2377.079747000
17		41	2377.087726000
17		41	2377.087754000
6	0		2377.118043000
6	0		2377.118089000
6	0		2377.118095000
6	0		2377.118111000
17		41	2377.150550000
17		41	2377.212377000
17		41	2377.273596000
17		41	2377.336105000
17		41	2377.397871000
17		41	2377.460091000
17		46	2377.522155000
17		33	2377.547781000
17		41	2377.584169000
17		41	2377.646277000
17		41	2377.708513000
6	0		2377.708557000
6	0		2377.708569000
6	0		2377.709634000
6	0		2377.709745000
17		41	2377.770552000
17		41	2377.832481000
17		41	2377.832508000
17		41	2377.893899000
17		41	2377.955950000
17		41	2378.018266000
17		41	2378.080612000
17		41	2378.142562000
17		41	2378.204423000
17		1358	2378.205993000
17		41	2378.265918000
17		41	2378.328551000
17		1358	2378.330218000
17		41	2378.390226000
17		1358	2378.390630000
17		41	2378.452000000
17		1358	2378.453620000
17		41	2378.514140000
17		1358	2378.514528000
17		41	2378.576281000
17		41	2378.576305000
17		1358	2378.578251000
17		1358	2378.612009000
17		41	2378.638512000
17		41	2378.700519000
17		1358	2378.709943000
17		41	2378.762562000
17		1358	2378.764155000
17		1358	2378.808108000
17		41	2378.824324000
17		1358	2378.858210000
17		41	2378.886450000
17		1358	2378.905190000
17		41	2378.947714000
17		1358	2378.952288000
17		1358	2379.002311000
17		41	2379.010572000
17		1358	2379.045258000
17		41	2379.071967000
17		734	2379.072001000
17		37	2379.073134000
17		75	2379.081928000
17		33	2379.081974000
17		1358	2379.100520000
17		46	2379.133747000
17		1358	2379.138256000
17		41	2379.196214000
17		1358	2379.196681000
17		1358	2379.231105000
17		41	2379.258452000
17		1358	2379.294885000
17		41	2379.320517000
17		1358	2379.325048000
17		41	2379.381942000
17		41	2379.381964000
17		1358	2379.392787000
17		1358	2379.416536000
17		41	2379.444487000
17		1358	2379.489593000
17		41	2379.506117000
17		1358	2379.509573000
17		41	2379.567669000
17		1358	2379.587156000
17		1358	2379.602869000
17		45	2379.630381000
17		41	2379.630406000
17		41	2379.630413000
17		33	2379.656333000
17		1358	2379.684504000
17		46	2379.692585000
17		1358	2379.696155000
17		33	2379.718163000
17		41	2379.754008000
17		1358	2379.781895000
17		1358	2379.789380000
17		41	2379.816346000
17		41	2379.878001000
17		1358	2379.880144000
17		1358	2379.881672000
17		41	2379.939816000
17		1358	2379.957258000
17		1358	2379.975278000
17		41	2380.002034000
17		1358	2380.035451000
17		41	2380.064370000
17		1358	2380.068522000
17		1358	2380.113858000
17		41	2380.125782000
17		1358	2380.161526000
17		41	2380.188587000
17		41	2380.188608000
17		1358	2380.191374000
17		41	2380.250483000
17		1358	2380.254274000
17		1358	2380.269030000
17		41	2380.311946000
17		1358	2380.347058000
17		1358	2380.347098000
17		41	2380.374143000
17		1358	2380.425194000
17		41	2380.435680000
17		1358	2380.440392000
17		41	2380.498158000
17		1358	2380.533511000
17		1358	2380.554915000
17		41	2380.559663000
17		41	2380.621947000
17		1358	2380.627004000
17		41	2380.684536000
17		1358	2380.684748000
17		1358	2380.720194000
17		41	2380.746056000
17		41	2380.808618000
17		1358	2380.811932000
17		1358	2380.815050000
17		41	2380.870634000
17		1358	2380.905544000
17		41	2380.931648000
17		1358	2380.945500000
17		41	2380.994312000
17		41	2380.994335000
17		1358	2380.998330000
17		41	2381.056559000
17		1358	2381.075738000
17		1358	2381.103100000
17		41	2381.117945000
17		1358	2381.173940000
17		41	2381.180130000
17		1358	2381.208809000
17		41	2381.242252000
17		1358	2381.272265000
17		41	2381.303990000
17		1358	2381.312180000
17		41	2381.366304000
17		1358	2381.369466000
17		1358	2381.418130000
17		41	2381.428369000
17		1358	2381.467327000
17		46	2381.490526000
17		33	2381.504307000
17		1358	2381.522036000
17		41	2381.551709000
17		1358	2381.565285000
17		41	2381.614266000
17		1358	2381.627636000
17		1358	2381.663093000
17		41	2381.676134000
17		41	2381.676168000
17		1358	2381.733306000
17		41	2381.738501000
17		1358	2381.761076000
17		41	2381.800326000
17		1358	2381.816686000
17		1358	2381.859170000
17		41	2381.862235000
17		1358	2381.898599000
17		41	2381.924322000
17		1358	2381.956811000
17		1358	2381.981487000
17		41	2381.986102000
17		46	2382.048542000
17		1358	2382.054618000
17		1358	2382.064689000
17		41	2382.109915000
17		1358	2382.146862000
17		1358	2382.152685000
17		41	2382.172037000
17		1358	2382.229524000
17		41	2382.234236000
17		1358	2382.250441000
17		41	2382.296551000
17		1358	2382.313011000
17		1358	2382.348260000
17		41	2382.358290000
17		41	2382.358315000
17		41	2382.420435000
17		1358	2382.446281000
17		1358	2382.449425000
17		41	2382.482573000
17		41	2382.543709000
17		1358	2382.543945000
17		1358	2382.587339000
17		41	2382.606531000
17		1358	2382.641938000
17		41	2382.667682000
17		1358	2382.725695000
17		41	2382.729869000
17		1358	2382.740009000
17		41	2382.791965000
17		1358	2382.838663000
17		41	2382.853982000
17		1358	2382.863227000
17		41	2382.915989000
17		1358	2382.936149000
17		1358	2382.967360000
17		41	2382.978556000
17		1358	2383.033526000
17		41	2383.040553000
17		1358	2383.070128000
17		41	2383.102083000
17		41	2383.102109000
17		1358	2383.131337000
17		41	2383.164130000
17		1358	2383.173070000
17		41	2383.225978000
17		1358	2383.229316000
17		1358	2383.276372000
17		41	2383.288427000
17		1358	2383.327192000
17		41	2383.350348000
17		1358	2383.380381000
17		41	2383.412298000
17		1358	2383.425731000
17		41	2383.473761000
17		1358	2383.483144000
17		1358	2383.523637000
17		41	2383.536085000
17		1358	2383.587178000
17		41	2383.597626000
17		1358	2383.620694000
17		41	2383.660157000
17		1358	2383.690651000
17		1358	2383.719105000
17		46	2383.722365000
17		33	2383.736157000
17		41	2383.784595000
17		41	2383.784618000
17		1358	2383.793658000
17		1358	2383.817207000
17		41	2383.846170000
17		1358	2383.896045000
17		41	2383.908292000
17		1358	2383.914562000
17		41	2383.970420000
17		1358	2384.000268000
17		1358	2384.012419000
17		41	2384.031692000
17		41	2384.093679000
17		1358	2384.102951000
17		1358	2384.110286000
17		41	2384.155719000
17		1358	2384.206283000
17		1358	2384.208281000
17		41	2384.217868000
17		46	2384.280269000
17		33	2384.306217000
17		1358	2384.306251000
17		1358	2384.309848000
17		41	2384.342550000
17		1358	2384.403909000
17		41	2384.404002000
17		1358	2384.414465000
6	0		2384.464230000
6	0		2384.464300000
17		41	2384.466015000
17		1358	2384.501686000
17		1358	2384.518598000
17		41	2384.528103000
17		41	2384.528125000
17		41	2384.589624000
17		1358	2384.600546000
17		1358	2384.622267000
17		41	2384.651946000
17		1358	2384.679028000
17		41	2384.713882000
17		1358	2384.726834000
6	0		2384.745853000
6	41		2384.751279000
17		1358	2384.757170000
17		41	2384.776124000
17		1358	2384.830807000
17		41	2384.838188000
17		1358	2384.838531000
17		41	2384.899984000
17		1358	2384.935263000
17		41	2384.962548000
17		1358	2384.962969000
17		41	2385.024438000
6	0		2385.031050000
6	21		2385.031091000
6	0		2385.031107000
6	1080		2385.032033000
17		1358	2385.040110000
17		41	2385.085888000
17		657	2385.085913000
17		1358	2385.086213000
17		37	2385.086605000
17		77	2385.095078000
17		33	2385.095111000
17		41	2385.148327000
17		1358	2385.149921000
17		41	2385.209719000
17		41	2385.209743000
17		1358	2385.217038000
17		1358	2385.254010000
17		41	2385.272007000
6	0		2385.311493000
6	440		2385.311986000
17		41	2385.334278000
17		1358	2385.347772000
6	0		2385.354219000
17		1358	2385.358289000
17		41	2385.396133000
17		41	2385.457901000
17		1358	2385.462664000
17		1358	2385.479016000
17		41	2385.520424000
17		41	2385.581696000
17		1358	2385.583330000
17		1358	2385.609572000
6	48		2385.633923000
6	0		2385.633965000
6	280		2385.639963000
17		41	2385.644369000
17		41	2385.705646000
6	0		2385.711586000
6	0		2385.711624000
17		1358	2385.740226000
17		41	2385.768286000
17		1358	2385.769849000
17		41	2385.830352000
17		1358	2385.838150000
17		41	2385.892262000
17		1358	2385.893877000
6	0		2385.919542000
17		1358	2385.936916000
17		41	2385.953783000
17		41	2385.953808000
6	16		2385.959255000
17		1358	2385.997654000
6	0		2386.002224000
17		41	2386.015904000
17		1358	2386.034104000
17		46	2386.077843000
17		33	2386.092534000
17		1358	2386.101947000
17		1358	2386.132183000
17		41	2386.140212000
17		41	2386.202489000
17		1358	2386.206159000
6	0		2386.207832000
6	0		2386.207888000
17		1358	2386.229882000
17		41	2386.264384000
6	52		2386.282475000
6	0		2386.282512000
6	52		2386.282604000
6	0		2386.292447000
6	41		2386.299598000
17		41	2386.326050000
17		1358	2386.327585000
17		1358	2386.327862000
6	0		2386.383823000
6	21		2386.383857000
6	0		2386.383868000
6	1080		2386.384868000
17		41	2386.387998000
17		1358	2386.425900000
17		41	2386.450005000
17		1358	2386.451542000
6	0		2386.469300000
6	440		2386.469341000
6	0		2386.510233000
17		46	2386.512097000
17		1358	2386.523819000
6	0		2386.563436000
6	84		2386.563475000
17		41	2386.573750000
17		1358	2386.575373000
6	48		2386.594991000
6	0		2386.595028000
6	280		2386.599680000
6	0		2386.606226000
17		45	2386.635903000
17		41	2386.635931000
17		41	2386.635938000
17		1358	2386.636245000
17		33	2386.661513000
6	0		2386.683912000
6	16		2386.688151000
17		41	2386.698272000
17		1358	2386.699897000
6	0		2386.730223000
17		41	2386.759995000
17		41	2386.760024000
17		1358	2386.760324000
17		1358	2386.784210000
6	52		2386.814441000
6	0		2386.814476000
6	52		2386.814589000
17		41	2386.822260000
17		1358	2386.858462000
17		41	2386.884351000
17		1358	2386.885919000
6	100		2386.898796000
6	0		2386.942272000
17		41	2386.945923000
17		41	2387.007961000
17		1358	2387.008355000
17		1358	2387.023962000
17		41	2387.070654000
17		41	2387.132087000
17		1358	2387.132508000
17		1358	2387.162232000
17		41	2387.194117000
17		1358	2387.230429000
17		41	2387.256365000
17		1358	2387.300949000
17		41	2387.318616000
17		1358	2387.328398000
17		41	2387.380309000
17		1358	2387.439902000
17		41	2387.442667000
17		1358	2387.443074000
17		41	2387.504777000
17		41	2387.504809000
17		1358	2387.541010000
17		41	2387.566415000
17		1358	2387.578626000
17		41	2387.627963000
17		1358	2387.638947000
17		1358	2387.682921000
17		41	2387.689913000
17		41	2387.751813000
17		1358	2387.752130000
17		1358	2387.785615000
17		41	2387.814250000
17		41	2387.876469000
17		1358	2387.876833000
17		1358	2387.890298000
17		41	2387.937911000
17		1358	2387.975598000
17		41	2388.000439000
17		1358	2388.002519000
17		41	2388.062123000
17		1358	2388.073896000
17		41	2388.123900000
17		1358	2388.125546000
17		41	2388.186532000
17		1358	2388.187394000
17		41	2388.248411000
17		41	2388.248433000
17		1358	2388.250176000
17		1358	2388.285302000
17		41	2388.310503000
17		1358	2388.354079000
17		41	2388.372413000
17		1358	2388.383427000
17		46	2388.434313000
17		33	2388.448718000
17		1358	2388.458641000
17		41	2388.495848000
17		1358	2388.496245000
17		41	2388.557934000
17		1358	2388.563110000
17		41	2388.620274000
17		1358	2388.620724000
17		41	2388.682264000
17		1358	2388.683859000
6	68		2388.711492000
17		46	2388.744164000
17		1358	2388.744561000
17		41	2388.806084000
17		1358	2388.807693000
17		767	2388.868167000
17		41	2388.868195000
17		1358	2388.868585000
17		37	2388.868951000
17		108	2388.881135000
17		251	2388.881241000
17		41	2388.930159000
17		41	2388.930200000
17		1358	2388.931770000
17		1358	2388.966607000
6	52		2388.991144000
6	0		2388.991186000
6	0		2388.992225000
17		41	2388.992456000
6	0		2388.992619000
6	68		2389.046110000
17		41	2389.054066000
17		1358	2389.055654000
17		1358	2389.064769000
17		41	2389.115865000
6	52		2389.130439000
6	0		2389.130484000
6	0		2389.130503000
6	0		2389.132169000
17		1358	2389.162869000
17		41	2389.177923000
17		1358	2389.179508000
6	0		2389.216395000
17		41	2389.240293000
17		1358	2389.260847000
6	0		2389.273281000
17		41	2389.301965000
17		1358	2389.303616000
17		41	2389.363897000
17		1358	2389.364313000
17		41	2389.426135000
17		41	2389.488195000
17		41	2389.550242000
17		41	2389.611871000
17		41	2389.675006000
17		41	2389.675049000
17		41	2389.736440000
17		41	2389.798242000
17		41	2389.860390000
17		41	2389.922641000
17		41	2389.984152000
17		41	2390.045976000
17		41	2390.108375000
17		41	2390.170308000
17		41	2390.231660000
17		41	2390.294451000
17		41	2390.356273000
17		41	2390.356302000
17		1358	2390.358212000
17		45	2390.418215000
17		41	2390.418247000
17		33	2390.444050000
17		41	2390.480647000
17		1358	2390.482255000
17		41	2390.542032000
17		1358	2390.542418000
17		41	2390.603994000
17		41	2390.604024000
17		1358	2390.605818000
17		1358	2390.648227000
17		41	2390.666496000
17		1358	2390.710144000
17		41	2390.728730000
17		1358	2390.753224000
17		41	2390.790203000
17		1358	2390.813104000
17		46	2390.852523000
17		1358	2390.858227000
17		33	2390.866218000
17		46	2390.914214000
17		1358	2390.916167000
17		33	2390.939688000
17		1358	2390.963900000
17		41	2390.976516000
17		1358	2391.019975000
17		41	2391.038460000
17		41	2391.100283000
17		1358	2391.101119000
17		1358	2391.123407000
17		41	2391.162303000
6	0		2391.179350000
6	0		2391.179399000
17		1358	2391.206134000
6	0		2391.215355000
17		41	2391.224342000
17		1358	2391.227360000
17		41	2391.285642000
17		1358	2391.311207000
17		1358	2391.330268000
17		41	2391.348062000
17		41	2391.348084000
17		41	2391.410233000
17		1358	2391.415853000
17		1358	2391.433092000
17		41	2391.471775000
17		1358	2391.521025000
17		41	2391.534079000
17		1358	2391.536273000
17		41	2391.596261000
17		1358	2391.625793000
17		1358	2391.640248000
17		41	2391.658224000
17		41	2391.720477000
17		1358	2391.730754000
17		1358	2391.743160000
17		41	2391.782280000
17		1358	2391.835518000
17		41	2391.844214000
17		1358	2391.845698000
17		41	2391.905712000
17		1358	2391.940334000
17		1358	2391.950281000
17		41	2391.968079000
17		41	2392.030430000
17		1358	2392.045136000
17		1358	2392.052577000
17		41	2392.092408000
17		41	2392.092432000
17		1358	2392.150415000
17		41	2392.153818000
17		1358	2392.155108000
17		41	2392.216364000
17		1358	2392.255381000
17		1358	2392.260343000
17		41	2392.278209000
17		41	2392.340395000
17		1358	2392.359984000
17		1358	2392.363461000
17		41	2392.401873000
17		1358	2392.446128000
17		41	2392.464492000
17		1358	2392.464843000
17		41	2392.526390000
17		1358	2392.528410000
17		1358	2392.570035000
17		41	2392.587973000
17		1358	2392.611313000
17		41	2392.650386000
17		1358	2392.674565000
17		1358	2392.694501000
17		41	2392.712271000
17		41	2392.773712000
17		1358	2392.775397000
17		1358	2392.779646000
17		41	2392.836150000
17		41	2392.836185000
17		1358	2392.858769000
17		1358	2392.884365000
17		41	2392.898578000
17		41	2392.960498000
17		1358	2392.989441000
17		56	2392.996819000
17		41	2393.022658000
17		46	2393.084177000
17		1358	2393.094473000
17		33	2393.098240000
17		41	2393.146277000
17		1358	2393.198875000
17		41	2393.208142000
17		41	2393.270149000
17		1358	2393.303992000
17		46	2393.331966000
17		33	2393.357970000
17		41	2393.394263000
17		1358	2393.409175000
17		41	2393.456081000
17		1358	2393.513679000
17		41	2393.518562000
17		41	2393.580399000
17		1027	2393.580430000
17		39	2393.581065000
17		1358	2393.582910000
17		1358	2393.597635000
17		41	2393.642191000
17		1358	2393.677841000
17		1358	2393.681371000
17		41	2393.703649000
17		1358	2393.765813000
17		41	2393.766127000
17		41	2393.766147000
17		1358	2393.770334000
17		41	2393.828618000
17		1358	2393.849706000
17		1358	2393.864308000
17		41	2393.890411000
17		1358	2393.933632000
17		41	2393.952321000
17		1358	2393.956670000
17		41	2394.014239000
17		1358	2394.017268000
17		1358	2394.049373000
17		41	2394.076171000
17		41	2394.076196000
17		47	2394.137984000
17		1358	2394.142282000
17		1358	2394.157114000
17		41	2394.200380000
17		1358	2394.236123000
17		41	2394.261879000
17		1358	2394.297158000
17		41	2394.324144000
17		1358	2394.329005000
17		41	2394.386252000
17		1358	2394.421870000
17		1358	2394.433234000
17		41	2394.448079000
17		41	2394.509832000
17		1358	2394.515070000
17		1358	2394.530963000
17		41	2394.572574000
17		1358	2394.608133000
17		1358	2394.625746000
17		41	2394.634345000
17		41	2394.695703000
17		1358	2394.701807000
17		1358	2394.718283000
17		41	2394.758446000
17		1358	2394.793812000
17		1358	2394.809264000
17		41	2394.820384000
17		41	2394.882229000
17		1358	2394.887264000
17		1358	2394.900970000
17		41	2394.944581000
17		1358	2394.980760000
17		1358	2394.992709000
17		41	2395.006529000
17		41	2395.068473000
17		1358	2395.073324000
17		1358	2395.084599000
17		41	2395.130251000
17		1358	2395.167087000
17		1358	2395.176510000
17		41	2395.192047000
17		41	2395.253954000
17		1358	2395.259632000
17		1358	2395.268431000
17		41	2395.316459000
17		1358	2395.353585000
17		1358	2395.360500000
17		41	2395.378477000
17		41	2395.439735000
17		1358	2395.446821000
17		1358	2395.452072000
17		46	2395.502052000
17		33	2395.528662000
17		1358	2395.539267000
17		1358	2395.543812000
17		41	2395.564297000
17		41	2395.626025000
17		1358	2395.631941000
17		1358	2395.635733000
17		41	2395.688371000
17		1358	2395.724742000
17		1358	2395.727621000
17		41	2395.750357000
17		41	2395.750380000
17		41	2395.812527000
17		1358	2395.818239000
17		1358	2395.819433000
17		41	2395.874010000
17		1358	2395.911133000
17		1358	2395.911172000
17		41	2395.936396000
17		41	2395.998364000
17		1358	2396.003049000
17		1358	2396.004413000
17		41	2396.060183000
17		1358	2396.095622000
17		1358	2396.098064000
17		41	2396.121673000
17		41	2396.184041000
17		1358	2396.187395000
17		1358	2396.191255000
17		41	2396.246286000
6	0		2396.253017000
6	0		2396.253089000
17		1358	2396.278912000
17		1358	2396.284493000
17		41	2396.308258000
17		41	2396.369878000
17		1358	2396.370323000
17		1358	2396.378096000
17		41	2396.431773000
17		1358	2396.452602000
17		1358	2396.462186000
17		46	2396.494491000
17		41	2396.494513000
17		33	2396.508335000
17		1358	2396.525694000
17		1358	2396.554067000
17		41	2396.556597000
17		1358	2396.600814000
17		41	2396.618237000
17		1358	2396.645887000
17		1358	2396.675313000
17		41	2396.680022000
17		1358	2396.738409000
17		41	2396.742249000
17		1358	2396.749180000
17		41	2396.803710000
17		1358	2396.823997000
17		1358	2396.829940000
17		41	2396.866123000
17		1358	2396.898936000
17		1358	2396.921358000
17		41	2396.928072000
17		1358	2396.972805000
17		41	2396.990717000
17		1358	2397.013351000
17		41	2397.052430000
17		1358	2397.105256000
17		41	2397.114526000
17		1358	2397.116120000
17		41	2397.175910000
17		41	2397.175933000
17		1358	2397.197266000
17		41	2397.238057000
17		1358	2397.240446000
17		1358	2397.289169000
17		41	2397.300358000
17		41	2397.362257000
17		1358	2397.366153000
17		1358	2397.380784000
17		41	2397.424388000
17		1358	2397.472898000
17		41	2397.485826000
17		1358	2397.491094000
17		41	2397.548175000
17		1358	2397.564584000
17		1358	2397.585261000
17		41	2397.610191000
6	0		2397.619999000
6	0		2397.620047000
17		1358	2397.656405000
17		41	2397.672230000
17		1358	2397.680174000
17		41	2397.733667000
17		1358	2397.747817000
17		1358	2397.773561000
17		46	2397.796320000
17		33	2397.822754000
17		1358	2397.840760000
17		41	2397.858004000
17		1358	2397.867733000
17		1358	2397.913836000
17		41	2397.920451000
17		41	2397.920485000
17		1358	2397.962714000
17		41	2397.981906000
17		1358	2397.987079000
17		41	2398.043875000
17		1358	2398.056591000
17		1358	2398.060807000
17		41	2398.106251000
17		1358	2398.134100000
17		1358	2398.150956000
17		41	2398.167949000
17		1358	2398.207605000
17		41	2398.230195000
17		1358	2398.244582000
17		41	2398.291864000
17		1358	2398.292260000
17		41	2398.353862000
17		1358	2398.356353000
17		41	2398.416187000
17		1358	2398.416537000
17		41	2398.478249000
17		1358	2398.539475000
17		41	2398.540165000
17		1358	2398.541723000
17		41	2398.601969000
17		41	2398.601992000
17		1358	2398.635602000
17		1358	2398.661945000
17		41	2398.663816000
17		46	2398.725973000
17		1358	2398.729535000
17		1358	2398.784482000
17		41	2398.787967000
17		41	2398.850447000
17		1358	2398.906946000
17		41	2398.911750000
17		1358	2398.912678000
17		41	2398.973942000
17		1358	2399.029698000
17		41	2399.036392000
17		1358	2399.037584000
17		41	2399.097834000
17		1358	2399.121376000
17		41	2399.159766000
17		1358	2399.161334000
17		1358	2399.213178000
17		41	2399.222367000
17		41	2399.283891000
17		1358	2399.285537000
17		1358	2399.304951000
17		41	2399.345902000
17		41	2399.345930000
17		1358	2399.379539000
17		1358	2399.397173000
17		41	2399.407937000
17		41	2399.470550000
17		1358	2399.472178000
17		1358	2399.488960000
17		41	2399.531745000
17		1358	2399.580875000
17		41	2399.594124000
17		1358	2399.594654000
17		41	2399.656193000
17		1358	2399.672956000
17		41	2399.717820000
17		1358	2399.764958000
17		41	2399.780577000
17		1358	2399.782228000
17		41	2399.841899000
17		1358	2399.857008000
17		41	2399.904299000
17		1358	2399.905979000
17		46	2399.966042000
17		1358	2399.966398000
17		41	2400.027826000
17		41	2400.027867000
17		1358	2400.029529000
17		1358	2400.058601000
17		41	2400.089785000
17		1358	2400.150447000
17		41	2400.152076000
17		1358	2400.154066000
17		41	2400.213662000
17		1358	2400.248118000
17		41	2400.276711000
17		1358	2400.277222000
17		41	2400.338481000
17		1358	2400.341781000
17		41	2400.400398000
17		1358	2400.400713000
6	0		2400.413136000
6	0		2400.413191000
6	0		2400.449944000
17		41	2400.461867000
17		1358	2400.492689000
17		41	2400.649045000
17		41	2400.649067000
17		1358	2400.649368000
17		1358	2400.650653000
17		41	2400.836298000
17		1358	2400.838016000
17		41	2401.022766000
17		1358	2401.023467000
6	0		2401.121435000
6	0		2401.121504000
6	0		2401.160515000
6	12		2401.160866000
6	0		2401.199898000
6	12		2401.199947000
6	0		2401.199959000
6	1		2401.200105000
6	4		2401.200120000
6	32		2401.200130000
6	0		2401.200144000
17		41	2401.209739000
17		41	2401.209765000
17		1358	2401.210116000
17		1358	2401.211281000
6	0		2401.239144000
6	0		2401.239189000
6	0		2401.239195000
6	0		2401.239221000
6	0		2401.239236000
6	0		2401.239250000
17		41	2401.397218000
17		1358	2401.398910000
17		41	2401.584297000
17		41	2401.771368000
17		1358	2401.772957000
17		41	2401.958800000
17		41	2401.958827000
17		34	2401.959160000
17		41	2402.145537000
17		1358	2402.147438000
17		41	2402.332309000
17		41	2402.519094000
17		46	2402.706323000
17		1358	2402.707961000
17		41	2402.893366000
17		41	2403.080265000
17		41	2403.266902000
17		41	2403.266931000
17		1358	2403.269607000
17		41	2403.453866000
17		1358	2403.455643000
17		41	2403.640866000
17		41	2403.828060000
17		1358	2403.829910000
17		41	2404.015018000
17		41	2404.202100000
17		41	2404.389214000
17		41	2404.576592000
17		41	2404.576615000
17		35	2404.578186000
17		41	2404.762985000
17		41	2404.950504000
17		41	2405.137014000
17		41	2405.137041000
17		1358	2405.137368000
17		1358	2405.211034000
17		1358	2405.284362000
17		41	2405.323987000
17		1358	2405.358276000
17		1358	2405.432000000
17		1358	2405.504937000
17		41	2405.511023000
17		1358	2405.578257000
17		1358	2405.651821000
17		41	2405.698244000
17		1358	2405.725364000
17		1358	2405.798615000
17		1358	2405.872210000
17		41	2405.885081000
17		1358	2405.945819000
17		1358	2406.019955000
17		41	2406.072592000
17		1358	2406.092712000
17		1358	2406.166542000
17		1358	2406.240025000
17		41	2406.259583000
17		1358	2406.313965000
17		1358	2406.386435000
17		41	2406.446314000
17		1358	2406.460832000
17		1358	2406.533713000
17		1358	2406.607800000
17		41	2406.633044000
17		41	2406.820154000
17		1358	2406.821155000
17		41	2407.007382000
17		1358	2407.008382000
17		1358	2407.101808000
17		41	2407.194573000
17		1358	2407.196176000
17		1358	2407.288068000
17		41	2407.381242000
17		1358	2407.381277000
17		1358	2407.474764000
17		1358	2407.568015000
17		41	2407.568516000
17		1358	2407.661524000
17		1358	2407.754262000
17		41	2407.755091000
17		1358	2407.755510000
17		1358	2407.829582000
17		1358	2407.848071000
17		1358	2407.902557000
17		1358	2407.939962000
17		41	2407.942687000
17		1358	2407.976296000
17		1358	2408.033094000
17		1358	2408.049721000
17		1358	2408.123086000
17		1358	2408.126092000
17		41	2408.129011000
17		1358	2408.196815000
17		1358	2408.219724000
17		1358	2408.270588000
17		1358	2408.312818000
17		41	2408.316062000
17		1358	2408.344591000
17		1358	2408.406066000
17		1358	2408.418282000
17		41	2408.503108000
17		1358	2408.503576000
17		1358	2408.577129000
17		41	2408.689874000
17		1358	2408.690328000
17		1358	2408.764040000
17		41	2408.877300000
17		1358	2408.877719000
17		1358	2408.951593000
17		41	2409.064343000
17		1358	2409.064682000
17		1358	2409.138371000
6	0		2409.240067000
6	0		2409.240133000
17		41	2409.250757000
17		1358	2409.251243000
6	0		2409.279347000
6	12		2409.279653000
6	0		2409.318672000
6	12		2409.318775000
6	0		2409.318793000
6	1		2409.318983000
6	4		2409.319005000
6	32		2409.319016000
6	0		2409.319030000
17		1358	2409.324992000
6	0		2409.358077000
6	0		2409.358122000
6	0		2409.358205000
6	0		2409.358390000
6	0		2409.358415000
17		41	2409.438096000
17		1358	2409.438516000
17		1358	2409.512025000
17		41	2409.625258000
17		1358	2409.625691000
17		1358	2409.748776000
17		41	2409.812326000
17		1358	2409.871354000
17		1358	2409.993888000
17		41	2409.998843000
17		1358	2410.116299000
17		41	2410.186400000
17		1358	2410.239067000
17		1358	2410.362005000
17		41	2410.373708000
17		1358	2410.484442000
17		41	2410.560250000
17		1358	2410.606722000
17		1358	2410.729437000
17		46	2410.747606000
17		33	2410.773640000
17		1358	2410.851089000
17		41	2410.933970000
17		1358	2410.974554000
17		1358	2411.096424000
17		41	2411.121371000
17		1358	2411.218859000
17		41	2411.308690000
17		1358	2411.309917000
17		1358	2411.341308000
17		1358	2411.384439000
17		1358	2411.463904000
17		41	2411.495177000
17		1358	2411.496782000
17		1358	2411.572009000
6	0		2411.574971000
6	0		2411.575024000
17		1358	2411.585805000
17		41	2411.682119000
17		1358	2411.683749000
6	0		2411.699408000
6	41		2411.704817000
17		1358	2411.708890000
17		1358	2411.759750000
6	0		2411.824642000
6	21		2411.824676000
6	0		2411.824686000
6	1080		2411.825773000
17		1358	2411.831295000
17		41	2411.869279000
17		1358	2411.870861000
6	440		2411.945256000
17		1358	2411.945914000
17		1358	2411.953550000
6	0		2411.986206000
17		1358	2412.020429000
17		41	2412.056452000
17		1358	2412.094781000
6	48		2412.105842000
6	0		2412.105880000
6	280		2412.110121000
17		1358	2412.169618000
6	16		2412.232488000
17		41	2412.242800000
17		1358	2412.244493000
6	0		2412.274240000
17		1358	2412.319189000
17		1358	2412.393303000
6	52		2412.393674000
6	0		2412.393699000
6	52		2412.393832000
17		41	2412.429890000
17		1358	2412.467408000
6	84		2412.513683000
17		1358	2412.542216000
6	0		2412.554223000
17		41	2412.617551000
17		1358	2412.619146000
17		1358	2412.694959000
17		46	2412.804777000
17		1358	2412.806271000
17		1358	2412.882082000
17		41	2412.991348000
17		1358	2412.991787000
17		1358	2413.084149000
17		41	2413.178418000
17		1358	2413.178790000
17		1358	2413.270716000
17		41	2413.365573000
17		1358	2413.367147000
17		1358	2413.442998000
17		41	2413.551999000
17		1358	2413.552521000
17		1358	2413.644561000
17		41	2413.739452000
17		937	2413.741043000
17		41	2413.925782000
17		1358	2413.926267000
17		1358	2414.018995000
17		41	2414.112927000
17		41	2414.112956000
17		1358	2414.113381000
17		1358	2414.205714000
6	68		2414.230451000
17		41	2414.300504000
17		1358	2414.301099000
6	52		2414.350046000
6	0		2414.350095000
6	0		2414.350117000
6	0		2414.351694000
17		1358	2414.393539000
6	0		2414.471470000
17		41	2414.487171000
17		41	2414.673777000
17		1358	2414.675048000
17		1358	2414.767303000
17		41	2414.861243000
17		41	2415.049238000
17		41	2415.049261000
17		1358	2415.049631000
17		1358	2415.142101000
17		1358	2415.234936000
17		41	2415.234972000
17		1358	2415.235820000
17		33	2415.260479000
17		41	2415.422246000
17		41	2415.609015000
17		41	2415.796026000
17		41	2415.983197000
17		41	2416.170427000
17		41	2416.356852000
17		41	2416.544079000
17		41	2416.731587000
17		41	2416.731611000
17		35	2416.733515000
17		41	2416.918462000
17		41	2417.104811000
17		41	2417.291981000
6	0		2417.359714000
6	0		2417.359777000
6	0		2417.398311000
6	12		2417.398644000
6	0		2417.437180000
6	12		2417.437216000
6	0		2417.437230000
6	1		2417.437444000
6	4		2417.437473000
6	32		2417.437483000
6	0		2417.437494000
6	0		2417.476014000
6	0		2417.476056000
6	0		2417.476088000
6	0		2417.476102000
17		41	2417.479658000
17		41	2417.666497000
17		41	2417.852783000
17		41	2418.039988000
17		41	2418.227655000
17		41	2418.414540000
17		41	2418.600835000
17		41	2418.788220000
17		41	2418.975722000
17		46	2419.162677000
17		35	2419.188181000
17		41	2419.348903000
17		41	2419.536283000
17		41	2419.723000000
17		41	2419.909889000
17		41	2420.097552000
17		41	2420.284462000
17		41	2420.471502000
17		41	2420.471525000
17		41	2420.658268000
17		41	2420.845306000
17		41	2421.032588000
17		41	2421.218970000
17		41	2421.405936000
17		41	2421.593622000
17		41	2421.780523000
17		41	2421.966812000
6	73		2422.055116000
17		41	2422.153988000
17		41	2422.341560000
17		41	2422.527995000
17		41	2422.528022000
6	73		2422.613608000
17		41	2422.715065000
17		41	2422.901899000
17		41	2423.089272000
17		41	2423.276678000
17		41	2423.276705000
17		36	2423.277066000
17		41	2423.462903000
17		41	2423.650573000
17		41	2423.837516000
17		41	2424.024454000
6	0		2424.024483000
6	0		2424.024491000
6	0		2424.025073000
6	0		2424.025424000
17		41	2424.211703000
17		41	2424.397795000
17		41	2424.584828000
17		1112	2424.584857000
17		34	2424.585431000
17		1358	2424.586270000
17		41	2424.771775000
17		41	2424.771801000
17		1358	2424.773436000
17		41	2424.959363000
17		41	2425.146579000
17		41	2425.332999000
6	0		2425.477249000
6	0		2425.477304000
6	0		2425.516152000
6	12		2425.516374000
17		41	2425.520316000
17		1358	2425.521477000
6	0		2425.555193000
6	12		2425.555227000
6	0		2425.555238000
6	1		2425.555435000
6	4		2425.555455000
6	32		2425.555462000
6	0		2425.555475000
6	0		2425.594254000
6	0		2425.594293000
6	0		2425.594297000
6	0		2425.594364000
6	0		2425.594376000
6	0		2425.594418000
6	73		2425.624375000
17		41	2425.707670000
17		1358	2425.709306000
17		41	2425.894601000
17		41	2426.081515000
17		41	2426.268169000
17		41	2426.268188000
17		1358	2426.269795000
6	73		2426.344362000
17		41	2426.455109000
17		41	2426.642255000
17		41	2426.828909000
17		41	2427.016336000
6	56		2427.055484000
6	0		2427.055523000
17		41	2427.203219000
17		1358	2427.203622000
17		41	2427.389805000
17		1358	2427.390203000
17		41	2427.576782000
17		1358	2427.577152000
6	56		2427.612919000
6	0		2427.612951000
17		41	2427.764637000
17		1358	2427.765011000
17		41	2427.951219000
17		1358	2427.951616000
1,17		1358	2428.137936000
1,17		33	2428.137960000
6	0		2428.137970000
6	0		2428.137977000
17		47	2428.325032000
17		1358	2428.326669000
17		1358	2428.402439000
17		1358	2428.476250000
17		41	2428.512060000
17		1358	2428.551262000
17		1358	2428.625853000
6	0		2428.699348000
17		41	2428.699371000
17		1358	2428.700936000
17		1358	2428.774791000
17		1358	2428.849475000
17		41	2428.885801000
17		1358	2428.923158000
17		1358	2428.997903000
17		1358	2429.072633000
6	0		2429.073448000
6	0		2429.073469000
17		41	2429.073477000
6	0		2429.073482000
17		1358	2429.147082000
17		1358	2429.221830000
17		41	2429.260125000
17		1358	2429.260593000
17		1358	2429.295719000
17		1358	2429.352825000
17		1358	2429.369753000
17		1358	2429.444232000
17		1358	2429.444625000
17		41	2429.446870000
17		1358	2429.518726000
17		1358	2429.536238000
17		1358	2429.593253000
17		1358	2429.628039000
6	0		2429.634510000
17		41	2429.634534000
6	0		2429.634544000
17		1358	2429.668238000
17		1358	2429.720506000
17		1358	2429.742743000
17		1358	2429.811728000
17		1358	2429.817019000
17		46	2429.821171000
17		33	2429.847486000
17		1358	2429.891553000
17		1358	2429.903459000
17		1358	2429.967102000
17		1358	2429.995377000
17		41	2430.008072000
17		1358	2430.040895000
17		1358	2430.087280000
17		1358	2430.114993000
17		1358	2430.179571000
17		1358	2430.188927000
17		41	2430.194843000
17		1358	2430.263910000
17		1358	2430.270910000
17		1358	2430.362704000
17		41	2430.382258000
17		1358	2430.387991000
17		1358	2430.455263000
17		1358	2430.512718000
17		1358	2430.546568000
17		41	2430.569293000
17		1358	2430.637045000
17		1358	2430.638285000
17		1358	2430.730048000
17		41	2430.755874000
17		1358	2430.761120000
17		1358	2430.822146000
17		1358	2430.884473000
17		1358	2430.914226000
17		41	2430.943668000
17		1358	2431.006013000
17		1358	2431.008844000
17		1358	2431.097788000
17		41	2431.130257000
17		1358	2431.131937000
17		1358	2431.189287000
17		1358	2431.257235000
17		1358	2431.281105000
17		41	2431.317287000
17		1358	2431.373264000
17		1358	2431.381401000
17		1358	2431.465119000
17		41	2431.504401000
17		1358	2431.505603000
17		1358	2431.556771000
17		1358	2431.629196000
17		1358	2431.648383000
17		41	2431.691651000
17		1358	2431.740244000
17		1358	2431.754631000
17		1358	2431.832272000
17		41	2431.877766000
17		1358	2431.877986000
17		1358	2431.924216000
17		1358	2432.002197000
17		1358	2432.016641000
17		41	2432.065712000
17		1358	2432.107662000
17		1358	2432.126452000
17		1358	2432.199507000
17		1358	2432.218937000
17		41	2432.251837000
17		1358	2432.291224000
17		1358	2432.312667000
17		1358	2432.383465000
17		1358	2432.405363000
17		41	2432.439485000
17		41	2432.439511000
17		1358	2432.475622000
17		1358	2432.499266000
17		1358	2432.567315000
17		1358	2432.592722000
17		41	2432.626261000
17		1358	2432.658974000
17		1358	2432.684055000
17		1358	2432.751115000
17		1358	2432.777304000
17		41	2432.813234000
17		1358	2432.843044000
17		1358	2432.870973000
17		1358	2432.934246000
17		1358	2432.964536000
17		41	2433.000476000
17		1358	2433.026255000
17		1358	2433.057570000
17		1358	2433.117855000
17		1358	2433.150656000
17		41	2433.187594000
17		1358	2433.209761000
17		1358	2433.243860000
17		1358	2433.301634000
17		1358	2433.337315000
17		46	2433.374023000
17		33	2433.387898000
17		1358	2433.393325000
17		1358	2433.429762000
17		1358	2433.485311000
17		1358	2433.522734000
17		41	2433.561419000
17		1358	2433.577116000
6	0		2433.595491000
6	0		2433.595570000
17		1358	2433.615560000
6	0		2433.634627000
6	12		2433.634860000
17		1358	2433.669085000
6	0		2433.673847000
6	12		2433.673889000
6	0		2433.673905000
6	1		2433.674116000
6	4		2433.674137000
6	32		2433.674149000
6	0		2433.674164000
6	0		2433.713274000
6	0		2433.713315000
6	0		2433.713320000
6	0		2433.713406000
6	0		2433.713423000
17		41	2433.747993000
17		1358	2433.749582000
17		1358	2433.760881000
17		1358	2433.853243000
17		41	2433.935225000
17		1358	2433.944865000
17		1358	2434.036192000
17		41	2434.122875000
17		1358	2434.124090000
17		1358	2434.128560000
17		41	2434.309403000
17		1358	2434.310066000
17		41	2434.496791000
17		41	2434.496824000
17		1358	2434.497226000
17		1358	2434.498666000
17		41	2434.682829000
17		1358	2434.684396000
17		41	2434.869910000
17		1358	2434.871441000
17		41	2435.057134000
17		1358	2435.057596000
17		41	2435.243774000
17		1358	2435.245354000
17		41	2435.431098000
17		1358	2435.431805000
17		41	2435.617816000
17		1358	2435.620020000
17		41	2435.804795000
17		1358	2435.805276000
17		41	2435.992454000
17		1358	2435.993984000
6	0		2436.073480000
6	0		2436.073550000
17		41	2436.179653000
17		1358	2436.180094000
6	0		2436.262026000
6	41		2436.267503000
17		41	2436.366344000
17		1358	2436.368017000
6	0		2436.455864000
6	21		2436.468027000
6	0		2436.468072000
6	1080		2436.469139000
17		41	2436.552913000
6	440		2436.665359000
6	0		2436.706223000
17		41	2436.740251000
17		1358	2436.740740000
17		1358	2436.832636000
6	48		2436.894451000
6	0		2436.894487000
6	280		2436.900889000
17		41	2436.926932000
6	16		2437.094807000
17		41	2437.113895000
17		1358	2437.114356000
6	0		2437.138232000
17		41	2437.301618000
6	52		2437.326473000
6	0		2437.326510000
6	52		2437.326646000
17		41	2437.487952000
17		1358	2437.488345000
6	100		2437.530381000
6	0		2437.574230000
17		41	2437.675597000
17		1358	2437.676707000
17		41	2437.862009000
17		1358	2437.862411000
17		41	2438.049334000
17		1358	2438.049773000
17		41	2438.236092000
17		1358	2438.237687000
17		41	2438.422900000
17		1358	2438.423312000
17		41	2438.610253000
17		1358	2438.611901000
17		41	2438.797727000
17		1358	2438.798154000
17		1358	2438.890161000
17		41	2438.983882000
17		1358	2438.985471000
17		46	2439.171299000
17		1358	2439.171825000
17		41	2439.358255000
17		1358	2439.359544000
17		41	2439.545202000
17		1358	2439.545617000
17		41	2439.732422000
17		1358	2439.733255000
17		41	2439.919191000
6	68		2440.014931000
17		41	2440.106256000
6	52		2440.211735000
6	0		2440.211777000
6	0		2440.211791000
6	0		2440.212947000
17		41	2440.293140000
6	0		2440.401183000
17		41	2440.480401000
17		46	2440.667078000
17		33	2440.681173000
17		41	2440.854561000
17		41	2440.854586000
17		41	2441.041374000
17		41	2441.228078000
17		41	2441.414766000
17		41	2441.602084000
17		41	2441.788850000
17		41	2441.976625000
17		41	2442.163295000
17		41	2442.350252000
17		41	2442.537492000
17		41	2442.723800000
17		41	2442.910994000
17		41	2443.098576000
17		41	2443.098599000
17		41	2443.285604000
17		41	2443.472756000
17		41	2443.659339000
17		41	2443.846147000
17		41	2444.033640000
17		41	2444.219825000
17		41	2444.407385000
17		41	2444.594618000
17		41	2444.781599000
17		41	2444.968183000
17		41	2445.154792000
17		41	2445.154829000
17		41	2445.342277000
17		46	2445.529383000
17		33	2445.555027000
17		41	2445.716429000
17		41	2445.903306000
6	0		2445.999715000
6	0		2445.999759000
17		41	2446.090477000
17		41	2446.090502000
17		35	2446.091974000
17		41	2446.276944000
17		41	2446.464387000
6	0		2446.609603000
6	0		2446.609658000
17		41	2446.651434000
17		41	2446.838256000
6	0		2446.865821000
6	41		2446.871408000
17		41	2447.025279000
6	0		2447.127269000
6	21		2447.127331000
6	0		2447.127345000
6	1080		2447.128368000
17		41	2447.212523000
6	440		2447.390643000
17		41	2447.398911000
17		41	2447.398936000
6	0		2447.434231000
17		41	2447.586509000
6	48		2447.690139000
6	0		2447.690180000
6	280		2447.694417000
17		41	2447.773454000
17		41	2447.960312000
6	16		2447.987649000
6	0		2448.030221000
17		41	2448.147173000
6	52		2448.286072000
6	0		2448.286117000
6	52		2448.286282000
17		41	2448.334727000
17		41	2448.521605000
6	100		2448.552966000
6	0		2448.594225000
17		41	2448.708436000
17		41	2448.894878000
17		41	2449.082105000
17		41	2449.269246000
17		41	2449.456019000
17		41	2449.456041000
17		41	2449.642918000
17		41	2449.830017000
17		41	2450.017577000
17		41	2450.203912000
17		41	2450.390992000
6	68		2450.544601000
6	0		2450.578336000
6	0		2450.578362000
17		41	2450.578373000
6	0		2450.579498000
6	0		2450.579529000
6	0		2450.765686000
17		41	2450.765712000
6	0		2450.766171000
6	52		2450.800669000
6	0		2450.800711000
6	0		2450.800730000
6	0		2450.801922000
6	0		2450.883276000
6	0		2450.884982000
17		41	2450.951757000
6	0		2451.057770000
6	0		2451.070727000
17		41	2451.139313000
17		41	2451.325844000
17		41	2451.513486000
6	0		2451.513514000
6	0		2451.513521000
6	0		2451.513964000
6	0		2451.513984000
17		41	2451.700432000
6	0		2451.700462000
6	0		2451.700949000
17		41	2451.887557000
17		47	2452.074225000
17		33	2452.100230000
17		42	2452.261554000
17		42	2452.448494000
17		41	2452.634944000
17		42	2452.822028000
17		42	2453.009278000
17		41	2453.196655000
17		1358	2453.198195000
17		43	2453.383943000
17		1358	2453.384386000
6	0		2453.533021000
6	0		2453.554828000
17		41	2453.570563000
6	0		2453.570603000
6	0		2453.570613000
6	0		2453.571079000
6	0		2453.571106000
17		1358	2453.572150000
6	0		2453.718719000
17		43	2453.757528000
6	0		2453.757558000
6	0		2453.758035000
17		1358	2453.758068000
17		43	2453.944017000
17		1358	2453.944373000
6	0		2453.992639000
6	0		2453.992689000
17		41	2454.131498000
17		1358	2454.133283000
17		46	2454.318168000
17		42	2454.318207000
17		1358	2454.318631000
17		35	2454.331644000
17		1358	2454.388754000
17		41	2454.505600000
17		1358	2454.505981000
17		41	2454.692200000
17		1358	2454.693798000
6	0		2455.066264000
6	0		2455.066286000
6	0		2455.066291000
6	0		2455.066297000
6	0		2455.066303000
6	0		2455.066306000
6	747		2455.066311000
6	0		2455.066806000
6	355		2455.074157000
6	747		2455.253544000
6	517		2455.253580000
6	0		2455.254024000
6	0		2455.254038000
6	1418		2455.261162000
6	1418		2455.261256000
6	3977		2455.261395000
6	355		2455.261529000
17		1358	2455.440180000
17		88	2455.440213000
17		41	2455.440221000
17		41	2455.440225000
17		1358	2455.440870000
17		1358	2455.441919000
17		1358	2455.448920000
17		630	2455.448955000
17		34	2455.473134000
17		1358	2455.541737000
6	0		2455.627489000
17		41	2455.627518000
17		1358	2455.642960000
17		1358	2455.697397000
17		1358	2455.743326000
17		41	2455.813987000
17		1358	2455.844211000
17		1358	2455.944966000
17		1358	2455.951648000
17		41	2456.001333000
17		1358	2456.045526000
17		1358	2456.146028000
17		41	2456.188120000
17		1358	2456.206243000
17		1358	2456.247429000
17		1358	2456.347590000
17		41	2456.375555000
17		1358	2456.448346000
17		1358	2456.460570000
17		1358	2456.549384000
17		41	2456.562157000
17		1358	2456.649895000
17		1358	2456.714609000
17		41	2456.748925000
17		1358	2456.749315000
17		1358	2456.851743000
6	0		2456.935852000
6	74		2456.935883000
6	92		2456.935893000
6	0		2456.935900000
17		41	2456.935911000
6	0		2456.936349000
6	910		2456.936576000
6	31		2456.936609000
17		1358	2456.952084000
17		1358	2456.968446000
17		1358	2457.052721000
6	0		2457.123096000
17		1358	2457.153732000
17		1358	2457.222952000
17		1358	2457.254032000
6	0		2457.310287000
17		1358	2457.354727000
17		1358	2457.455404000
17		1358	2457.477141000
6	0		2457.497400000
17		1358	2457.556133000
17		1358	2457.656876000
6	0		2457.684183000
6	0		2457.715818000
6	0		2457.715873000
17		1358	2457.732273000
6	0		2457.755513000
6	12		2457.755800000
17		1358	2457.757582000
6	0		2457.795207000
6	12		2457.795507000
6	0		2457.795533000
6	1		2457.795697000
6	4		2457.795716000
6	32		2457.795725000
6	0		2457.795747000
6	0		2457.834926000
6	0		2457.834969000
6	0		2457.834975000
6	0		2457.835068000
6	0		2457.835086000
17		1358	2457.858393000
6	0		2457.871106000
6	0		2457.871130000
6	74		2457.871137000
6	910		2457.872058000
6	0		2457.908192000
6	0		2457.908245000
17		1358	2457.959358000
17		1358	2457.986037000
17		41	2458.058461000
17		1358	2458.058485000
17		1358	2458.058826000
17		1358	2458.059113000
17		1358	2458.160654000
17		1358	2458.241322000
17		41	2458.245587000
17		1358	2458.261925000
17		1358	2458.362385000
17		86	2458.432066000
17		41	2458.432124000
17		1196	2458.432134000
17		101	2458.432739000
17		33	2458.433271000
17		33	2458.433291000
17		350	2458.442056000
17		33	2458.442091000
17		1358	2458.463623000
17		1358	2458.494915000
17		1358	2458.564265000
17		41	2458.619530000
17		1131	2458.619565000
17		37	2458.620594000
17		159	2458.631908000
17		68	2458.642219000
17		1358	2458.664329000
17		1358	2458.748885000
17		1358	2458.765020000
17		41	2458.806718000
17		1358	2458.865799000
17		1358	2458.967211000
17		41	2458.993450000
17		1358	2459.003788000
17		1358	2459.067374000
17		1358	2459.168359000
17		41	2459.180382000
17		1358	2459.258075000
17		1358	2459.268632000
17		41	2459.367600000
17		1358	2459.369175000
17		1358	2459.470539000
17		1358	2459.512369000
17		46	2459.553827000
17		1358	2459.570790000
17		1358	2459.671681000
17		41	2459.741004000
17		41	2459.741027000
17		1358	2459.766620000
17		1358	2459.772455000
17		1358	2459.872989000
17		41	2459.927815000
17		1358	2459.973618000
17		1358	2460.021449000
17		1358	2460.074854000
17		41	2460.115523000
17		1358	2460.175334000
17		1358	2460.274452000
17		1358	2460.275745000
17		41	2460.301963000
17		1358	2460.376472000
17		1358	2460.477402000
17		41	2460.488973000
17		1358	2460.529269000
17		1358	2460.577932000
17		41	2460.582789000
6	0		2460.601158000
6	0		2460.601215000
6	0		2460.650647000
6	41		2460.657498000
17		41	2460.674779000
17		1358	2460.679327000
6	0		2460.681383000
6	21		2460.714887000
6	0		2460.714928000
6	1080		2460.716111000
17		41	2460.767705000
17		1358	2460.779664000
17		1358	2460.782987000
17		41	2460.861339000
17		1358	2460.880668000
6	440		2460.929608000
17		41	2460.954153000
6	0		2460.970229000
17		1358	2460.981065000
17		1358	2461.037538000
17		41	2461.046980000
17		1358	2461.081539000
6	0		2461.139871000
6	1418		2461.233629000
6	1418		2461.233655000
6	0		2461.234143000
6	338		2461.249880000
6	132		2461.249923000
17		1358	2461.292322000
6	40		2461.326383000
6	31		2461.326410000
17		41	2461.326419000
17		41	2461.326423000
17		41	2461.326430000
17		1358	2461.326823000
6	0		2461.326976000
6	204		2461.337538000
6	31		2461.337750000
17		41	2461.419361000
17		1358	2461.427599000
6	48		2461.438887000
6	0		2461.438939000
6	280		2461.443966000
17		41	2461.511913000
17		1358	2461.528402000
17		1358	2461.547561000
17		41	2461.605295000
17		1358	2461.629195000
17		41	2461.697764000
17		1358	2461.730112000
6	280		2461.762221000
17		41	2461.791239000
17		1358	2461.803619000
17		1358	2461.830909000
6	0		2461.882682000
17		41	2461.884173000
17		1358	2461.931664000
17		41	2461.977414000
17		1358	2462.059066000
17		41	2462.069981000
17		1358	2462.070261000
6	16		2462.121687000
6	0		2462.162225000
17		41	2462.163528000
17		1358	2462.171071000
17		41	2462.256335000
17		1358	2462.271938000
17		1358	2462.313789000
17		41	2462.349134000
6	0		2462.351888000
17		1358	2462.372781000
6	0		2462.442452000
17		41	2462.534837000
17		1358	2462.535151000
6	52		2462.617879000
6	0		2462.617919000
6	52		2462.618019000
17		41	2462.628165000
17		1358	2462.630011000
17		46	2462.721293000
17		33	2462.747646000
17		1276	2462.814563000
17		41	2462.814587000
17		35	2462.815412000
6	0		2462.815880000
6	84		2462.816584000
6	0		2462.858224000
17		41	2462.906697000
17		1358	2462.907277000
6	0		2462.940741000
6	0		2462.940794000
17		41	2463.000246000
17		42	2463.093153000
17		41	2463.093175000
17		41	2463.093180000
17		45	2463.185878000
17		42	2463.185901000
17		33	2463.186459000
6	0		2463.231586000
6	41		2463.237066000
17		41	2463.279255000
17		41	2463.279278000
17		1358	2463.280836000
17		41	2463.371691000
17		42	2463.371714000
17		45	2463.465237000
17		42	2463.465261000
17		34	2463.490961000
6	0		2463.526114000
6	21		2463.529646000
6	0		2463.529682000
6	1080		2463.530697000
17		46	2463.557663000
17		41	2463.557691000
17		1358	2463.559251000
17		41	2463.650974000
17		41	2463.744179000
6	0		2463.820166000
6	440		2463.823487000
17		41	2463.837441000
6	0		2463.866215000
17		41	2463.929723000
17		1358	2463.931392000
17		41	2464.022842000
17		41	2464.116493000
6	48		2464.155782000
6	0		2464.155824000
6	280		2464.160494000
17		41	2464.208940000
17		1358	2464.211353000
17		41	2464.301843000
17		1358	2464.302249000
17		41	2464.395169000
6	68		2464.395781000
17		1358	2464.448998000
6	0		2464.449628000
6	16		2464.487338000
17		41	2464.488674000
6	0		2464.530368000
17		41	2464.581608000
17		41	2464.581631000
17		1358	2464.582307000
17		1358	2464.592871000
17		41	2464.674136000
17		1358	2464.732654000
17		41	2464.767191000
6	52		2464.819729000
6	0		2464.819767000
6	52		2464.819904000
17		1358	2464.838095000
17		41	2464.859750000
6	68		2464.866232000
17		1358	2464.871032000
6	52		2464.911898000
6	0		2464.911937000
6	0		2464.913065000
17		41	2464.953121000
17		1358	2465.009166000
17		41	2465.045999000
6	0		2465.108799000
6	84		2465.108843000
6	0		2465.125115000
6	0		2465.132111000
6	0		2465.132165000
17		41	2465.139436000
17		1358	2465.141027000
17		1358	2465.147230000
6	0		2465.150231000
17		46	2465.232519000
17		33	2465.258673000
17		1358	2465.281189000
17		41	2465.324736000
17		1358	2465.415706000
17		41	2465.418333000
17		1358	2465.419903000
17		41	2465.510980000
17		1358	2465.550289000
17		41	2465.604035000
17		1358	2465.685290000
17		41	2465.697685000
17		1358	2465.699250000
17		41	2465.790313000
17		1358	2465.811185000
6	0		2465.835880000
6	0		2465.835935000
6	0		2465.875287000
6	12		2465.875569000
17		41	2465.883289000
6	0		2465.914911000
6	12		2465.914953000
6	0		2465.914964000
6	1		2465.915105000
6	4		2465.915118000
6	32		2465.915126000
6	0		2465.915137000
6	0		2465.954352000
6	0		2465.954389000
6	0		2465.954456000
6	0		2465.954580000
6	0		2465.954593000
17		41	2465.976279000
17		41	2466.069034000
17		1358	2466.070582000
17		41	2466.162641000
17		41	2466.255600000
17		41	2466.348155000
6	0		2466.440737000
6	39		2466.440764000
17		41	2466.440774000
6	0		2466.445827000
17		41	2466.534430000
6	0		2466.627314000
17		41	2466.627344000
17		41	2466.720179000
17		41	2466.812743000
17		41	2466.905712000
17		41	2466.999606000
17		41	2467.091768000
17		758	2467.091801000
17		37	2467.092673000
6	68		2467.101361000
17		74	2467.101473000
17		33	2467.101501000
17		41	2467.185287000
17		41	2467.278443000
17		41	2467.370733000
6	52		2467.395055000
6	0		2467.395095000
6	0		2467.396155000
6	0		2467.396404000
17		41	2467.464247000
17		41	2467.464273000
17		41	2467.557277000
17		41	2467.650251000
6	0		2467.686413000
17		41	2467.743519000
17		46	2467.835882000
17		33	2467.861565000
17		41	2467.928785000
17		41	2468.022040000
17		41	2468.115130000
17		41	2468.208205000
17		41	2468.301465000
17		41	2468.394547000
17		46	2468.486887000
17		33	2468.500902000
17		41	2468.580000000
17		46	2468.673299000
17		41	2468.673325000
17		33	2468.698965000
17		41	2468.766263000
17		41	2468.858961000
17		41	2468.952478000
17		1358	2468.954073000
17		41	2469.045373000
17		41	2469.138290000
17		41	2469.230756000
17		1358	2469.231297000
17		41	2469.324011000
6	0		2469.345513000
6	0		2469.345565000
17		41	2469.417421000
17		1358	2469.417871000
6	0		2469.489943000
6	41		2469.495600000
17		41	2469.510676000
17		1358	2469.511070000
17		41	2469.603322000
17		1358	2469.604878000
6	0		2469.633380000
6	21		2469.634275000
6	0		2469.634298000
6	1080		2469.635212000
17		41	2469.696341000
17		1358	2469.696688000
6	440		2469.773546000
17		41	2469.789247000
17		41	2469.789272000
6	0		2469.814215000
17		1358	2469.821529000
17		1358	2469.860075000
17		41	2469.881651000
17		1358	2469.945945000
6	48		2469.956084000
6	0		2469.956129000
6	280		2469.960316000
17		43	2469.975654000
17		41	2469.975684000
17		33	2470.002398000
17		41	2470.067861000
6	16		2470.110775000
17		1358	2470.115513000
6	0		2470.154238000
17		41	2470.160899000
17		41	2470.254490000
17		1358	2470.254920000
6	52		2470.288219000
6	0		2470.288265000
6	52		2470.288363000
17		41	2470.347035000
17		1358	2470.354631000
17		1358	2470.370791000
17		41	2470.440024000
6	84		2470.447862000
17		1358	2470.453864000
6	0		2470.490227000
17		41	2470.532734000
17		1358	2470.552856000
17		41	2470.625816000
17		1358	2470.626732000
17		1358	2470.651852000
17		41	2470.719058000
17		1358	2470.751198000
17		41	2470.811835000
17		1358	2470.850952000
17		1358	2470.880196000
17		41	2470.905320000
17		1358	2470.949548000
17		41	2470.998191000
17		1358	2471.049523000
17		41	2471.091036000
17		1358	2471.135626000
17		41	2471.183874000
17		1358	2471.214880000
6	0		2471.223944000
6	0		2471.224008000
17		41	2471.276747000
17		41	2471.370208000
17		1358	2471.379393000
6	0		2471.382485000
6	41		2471.388780000
17		1358	2471.388906000
17		41	2471.463010000
17		1358	2471.544946000
6	21		2471.547224000
6	0		2471.547270000
6	0		2471.547343000
6	0		2471.547354000
6	1080		2471.548518000
17		46	2471.555849000
17		33	2471.581525000
17		1358	2471.643075000
17		41	2471.648944000
6	440		2471.708248000
17		1358	2471.710387000
17		41	2471.742256000
6	0		2471.750227000
17		1358	2471.834645000
17		41	2471.834710000
17		1358	2471.897668000
6	48		2471.907637000
6	0		2471.907683000
6	280		2471.913476000
17		41	2471.928581000
17		1358	2471.958723000
17		41	2472.020830000
17		1358	2472.074512000
6	16		2472.077098000
17		41	2472.113781000
6	0		2472.118224000
17		1358	2472.152488000
17		1358	2472.191537000
17		41	2472.206726000
6	52		2472.276363000
6	0		2472.276399000
6	52		2472.276482000
17		41	2472.300034000
17		41	2472.300057000
17		1358	2472.307637000
17		41	2472.393133000
17		1358	2472.406074000
17		1358	2472.423962000
6	84		2472.434249000
6	68		2472.458517000
6	0		2472.478209000
17		41	2472.485689000
17		1358	2472.539840000
17		41	2472.578950000
6	0		2472.606146000
6	0		2472.606188000
17		1358	2472.655924000
17		1358	2472.660418000
17		41	2472.672030000
17		41	2472.765458000
17		1358	2472.772948000
6	52		2472.775112000
6	0		2472.775160000
6	0		2472.776620000
17		41	2472.857928000
17		1358	2472.888821000
17		1358	2472.915486000
17		41	2472.951171000
17		1358	2473.005599000
17		41	2473.044465000
17		1358	2473.121140000
17		41	2473.137696000
6	0		2473.154226000
17		1358	2473.168719000
17		41	2473.230332000
17		1358	2473.237407000
6	0		2473.304856000
17		41	2473.323095000
17		1358	2473.354142000
17		1358	2473.372691000
17		41	2473.416507000
17		1358	2473.470285000
17		46	2473.508884000
17		33	2473.523156000
17		1358	2473.576429000
17		1358	2473.587155000
17		41	2473.601937000
17		41	2473.695144000
17		1358	2473.702592000
17		1358	2473.779696000
17		41	2473.788549000
17		1358	2473.819898000
17		41	2473.880731000
17		1358	2473.935884000
17		41	2473.974124000
17		1358	2473.983082000
17		1358	2474.051528000
17		41	2474.067341000
17		41	2474.160443000
6	0		2474.160470000
6	0		2474.161320000
17		1358	2474.167859000
17		46	2474.252978000
17		33	2474.278528000
17		1358	2474.283933000
17		1358	2474.321853000
17		41	2474.346241000
17		1358	2474.401021000
17		41	2474.439062000
17		1358	2474.516832000
17		41	2474.531691000
17		41	2474.531725000
17		1358	2474.576354000
17		41	2474.624869000
17		1358	2474.632573000
6	0		2474.718608000
17		41	2474.718634000
6	0		2474.718949000
6	68		2474.722702000
17		1358	2474.749334000
17		41	2474.810658000
17		1358	2474.829445000
17		1358	2474.865148000
6	52		2474.880184000
6	0		2474.880232000
6	0		2474.881020000
6	0		2474.881707000
17		41	2474.904292000
17		1358	2474.981312000
17		41	2474.997426000
6	0		2475.041172000
17		1358	2475.071971000
17		41	2475.090286000
17		1358	2475.097525000
17		41	2475.183129000
17		1358	2475.213944000
17		41	2475.276379000
17		1358	2475.313941000
17		1358	2475.330605000
17		41	2475.369484000
17		1358	2475.446093000
17		41	2475.462558000
17		41	2475.555182000
17		1358	2475.556276000
17		1358	2475.562829000
17		41	2475.647859000
17		41	2475.647886000
17		1358	2475.678574000
17		41	2475.740857000
17		1358	2475.794855000
17		1358	2475.797273000
17		41	2475.833815000
17		1358	2475.911598000
17		41	2475.927307000
17		41	2476.019819000
17		1358	2476.027177000
17		1358	2476.039308000
17		41	2476.113402000
17		1358	2476.144081000
17		41	2476.206322000
17		1358	2476.259713000
17		1358	2476.280937000
17		41	2476.299131000
17		1358	2476.375992000
17		41	2476.392314000
17		41	2476.485137000
17		1358	2476.492304000
17		1358	2476.522089000
17		41	2476.578189000
17		1358	2476.585634000
17		41	2476.671251000
17		1358	2476.677971000
17		41	2476.763804000
17		1358	2476.764998000
17		1358	2476.771302000
17		46	2476.857468000
17		1358	2476.864066000
17		41	2476.949730000
17		1358	2476.957080000
17		1358	2477.006145000
17		41	2477.043157000
17		1358	2477.050729000
17		41	2477.136316000
17		1358	2477.143290000
17		41	2477.229001000
17		1358	2477.235911000
17		1358	2477.248171000
17		41	2477.322317000
17		1358	2477.328811000
17		41	2477.415107000
17		1358	2477.484513000
17		1358	2477.490326000
17		41	2477.508184000
17		41	2477.601260000
17		1358	2477.639225000
17		41	2477.694499000
17		1358	2477.730947000
17		41	2477.786876000
17		41	2477.786905000
17		1358	2477.794130000
17		41	2477.879750000
17		1358	2477.948782000
17		1358	2477.973261000
17		41	2477.973326000
17		41	2478.065858000
17		1358	2478.104362000
17		41	2478.158994000
17		1358	2478.215454000
17		1358	2478.220386000
17		41	2478.252477000
6	0		2478.268330000
6	0		2478.268387000
17		1358	2478.336272000
17		41	2478.345533000
17		41	2478.438271000
17		1358	2478.452359000
17		1358	2478.456923000
6	0		2478.487177000
6	22		2478.487663000
6	0		2478.487684000
6	41		2478.492753000
17		41	2478.531382000
17		1358	2478.569201000
17		41	2478.624430000
17		1358	2478.684658000
17		1358	2478.698361000
6	0		2478.712327000
6	1080		2478.712367000
17		41	2478.717538000
6	976		2478.718921000
6	0		2478.762214000
17		1358	2478.800877000
17		41	2478.810454000
17		46	2478.903684000
17		41	2478.903707000
17		1358	2478.917591000
17		33	2478.917632000
17		1358	2478.940040000
6	0		2478.970772000
17		41	2478.996104000
17		1358	2479.033921000
17		41	2479.089175000
17		1358	2479.149988000
17		41	2479.181956000
17		1358	2479.182121000
17		1358	2479.266034000
17		41	2479.275009000
17		41	2479.367728000
17		1358	2479.382426000
17		1358	2479.423733000
17		46	2479.461081000
17		33	2479.486886000
17		1358	2479.498614000
17		41	2479.553895000
6	48		2479.562713000
6	0		2479.562761000
6	388		2479.569069000
17		1358	2479.614667000
17		1358	2479.617734000
17		41	2479.647613000
17		1358	2479.731037000
17		41	2479.739711000
6	0		2479.787707000
17		1358	2479.811169000
17		41	2479.832970000
17		1358	2479.846988000
17		41	2479.926469000
17		41	2479.926495000
17		1358	2479.963276000
17		1358	2480.005141000
17		41	2480.019034000
17		1358	2480.079376000
17		41	2480.112398000
17		1358	2480.195624000
17		1358	2480.197625000
17		41	2480.205500000
17		41	2480.297831000
17		1358	2480.312404000
17		41	2480.391010000
17		1358	2480.428141000
17		41	2480.484380000
17		1358	2480.519928000
17		1358	2480.544665000
17		41	2480.577175000
17		1358	2480.660342000
17		41	2480.669783000
17		41	2480.763288000
17		1358	2480.776742000
17		1358	2480.842163000
17		41	2480.856474000
17		1358	2480.892838000
17		41	2480.949445000
17		1358	2481.009093000
17		41	2481.041829000
17		1358	2481.125344000
17		41	2481.134739000
17		1358	2481.165261000
6	16		2481.177742000
6	0		2481.218221000
17		41	2481.228338000
17		1358	2481.241530000
17		41	2481.321337000
17		1358	2481.357655000
17		1358	2481.406172000
17		41	2481.414480000
17		41	2481.508791000
17		41	2481.599770000
17		41	2481.692627000
17		41	2481.785817000
17		41	2481.879594000
17		1358	2481.881254000
6	0		2481.956376000
6	0		2481.956432000
17		41	2481.972378000
6	0		2481.995661000
6	12		2481.995890000
6	0		2482.034742000
6	12		2482.034796000
6	0		2482.034811000
6	1		2482.034993000
6	4		2482.035013000
6	32		2482.035022000
6	0		2482.035034000
17		41	2482.064816000
17		41	2482.064841000
17		1358	2482.066394000
6	0		2482.073801000
6	0		2482.073837000
6	0		2482.073841000
6	0		2482.073891000
6	0		2482.073905000
17		46	2482.158501000
17		33	2482.183949000
17		41	2482.251348000
17		41	2482.344215000
17		41	2482.437222000
17		1358	2482.438773000
17		41	2482.530268000
17		1358	2482.530686000
17		41	2482.623231000
17		1358	2482.623627000
17		41	2482.715729000
17		1358	2482.740703000
17		41	2482.808795000
17		1358	2482.810377000
17		1358	2482.833706000
17		41	2482.901681000
17		1358	2482.926702000
17		41	2482.994672000
17		1358	2483.020177000
17		41	2483.088418000
17		1358	2483.090309000
17		1358	2483.113549000
17		41	2483.181626000
17		1358	2483.205733000
17		41	2483.274459000
17		1358	2483.299639000
17		1358	2483.330263000
17		41	2483.366935000
17		1358	2483.391738000
17		41	2483.460215000
17		1358	2483.485114000
17		41	2483.552703000
17		1358	2483.570765000
17		1358	2483.578058000
17		41	2483.645905000
17		1358	2483.733307000
17		41	2483.738998000
17		1358	2483.808853000
6	52		2483.816539000
6	0		2483.816583000
6	52		2483.816723000
17		41	2483.832223000
17		1358	2483.888066000
17		41	2483.924930000
17		46	2484.018401000
17		33	2484.032172000
6	0		2484.036449000
17		1358	2484.042332000
17		1358	2484.048357000
17		41	2484.111122000
6	84		2484.118102000
6	0		2484.158232000
17		1358	2484.198000000
17		41	2484.204250000
17		1358	2484.287573000
17		41	2484.296664000
17		41	2484.296693000
17		1358	2484.352587000
17		41	2484.389880000
17		41	2484.482737000
17		1358	2484.507299000
17		1358	2484.525945000
17		41	2484.576223000
17		1358	2484.621525000
17		41	2484.668975000
17		1358	2484.734925000
17		46	2484.761831000
17		1358	2484.766138000
17		33	2484.787287000
17		1358	2484.848070000
17		41	2484.854972000
17		41	2484.948070000
17		1358	2484.962320000
17		1358	2485.004720000
17		41	2485.041130000
17		1358	2485.075727000
17		584	2485.134143000
17		41	2485.134165000
17		35	2485.135565000
17		76	2485.145505000
17		33	2485.145552000
17		1358	2485.189188000
17		41	2485.226868000
17		1358	2485.244095000
17		1358	2485.302527000
17		41	2485.320561000
17		41	2485.320589000
17		41	2485.413493000
17		1358	2485.416233000
17		1358	2485.482689000
17		41	2485.505943000
17		1358	2485.530003000
17		41	2485.599671000
17		1358	2485.643343000
17		41	2485.692117000
17		1358	2485.722060000
17		1358	2485.756980000
17		41	2485.785528000
17		1358	2485.870584000
17		41	2485.878132000
17		1358	2485.961017000
17		41	2485.970702000
17		1358	2485.985172000
17		41	2486.064124000
17		1358	2486.097952000
17		1358	2486.151472000
17		43	2486.157187000
17		41	2486.157209000
17		41	2486.157215000
17		33	2486.183115000
17		1358	2486.211417000
17		41	2486.250482000
17		1358	2486.325035000
17		1358	2486.342817000
17		41	2486.343412000
6	52		2486.389261000
17		41	2486.435720000
17		1358	2486.438628000
17		41	2486.528794000
17		1358	2486.534982000
17		1358	2486.552681000
6	0		2486.607648000
6	52		2486.612886000
6	0		2486.612922000
6	0		2486.614384000
6	0		2486.614507000
17		41	2486.621978000
17		41	2486.621997000
17		1358	2486.666197000
17		41	2486.714698000
17		1358	2486.725734000
17		1358	2486.779599000
17		41	2486.808603000
6	0		2486.833835000
17		1358	2486.894101000
17		41	2486.901062000
17		41	2486.994033000
17		1358	2487.007061000
17		1358	2487.044804000
17		41	2487.087466000
17		1358	2487.121162000
17		41	2487.179667000
17		1358	2487.234606000
17		41	2487.273104000
17		1358	2487.347799000
17		1358	2487.363239000
17		41	2487.365993000
17		46	2487.459237000
17		1358	2487.461859000
17		41	2487.552312000
17		1358	2487.575334000
17		41	2487.645184000
17		1358	2487.681649000
17		1358	2487.688336000
17		41	2487.737916000
17		41	2487.737938000
17		1358	2487.802531000
17		41	2487.831199000
17		1358	2487.915913000
17		1358	2487.920918000
17		41	2487.924583000
17		41	2488.017225000
17		1358	2488.029324000
17		41	2488.110058000
17		1358	2488.143077000
17		1358	2488.153354000
17		41	2488.203272000
17		1358	2488.256921000
17		41	2488.296429000
17		1358	2488.370688000
17		1358	2488.386162000
17		41	2488.389103000
17		41	2488.482166000
17		1358	2488.483299000
17		41	2488.575373000
17		1358	2488.597468000
17		1358	2488.618020000
17		41	2488.669284000
17		1358	2488.710902000
17		41	2488.761539000
17		41	2488.761564000
17		1358	2488.824475000
17		1358	2488.851162000
17		41	2488.853759000
17		1358	2488.938065000
17		41	2488.947398000
17		41	2489.040009000
17		1358	2489.052070000
17		1358	2489.082935000
17		41	2489.133245000
17		1358	2489.165894000
17		41	2489.225939000
17		1358	2489.279647000
17		1358	2489.315408000
17		46	2489.319235000
17		33	2489.333876000
17		1358	2489.392728000
17		41	2489.412339000
17		41	2489.505094000
17		1358	2489.505471000
17		1358	2489.548634000
17		1358	2489.597035000
17		41	2489.597668000
17		1358	2489.688367000
17		41	2489.690940000
17		1358	2489.778884000
17		1358	2489.779833000
17		41	2489.783995000
17		41	2489.784018000
17		1358	2489.869881000
17		46	2489.876837000
17		33	2489.903247000
17		1358	2489.960986000
17		41	2489.969829000
17		1358	2490.012738000
17		1358	2490.051739000
17		41	2490.063464000
6	0		2490.075077000
6	0		2490.075127000
6	0		2490.114225000
6	12		2490.114455000
17		1358	2490.142988000
6	0		2490.153610000
6	12		2490.153644000
6	0		2490.153654000
6	1		2490.153848000
6	4		2490.153868000
6	32		2490.153876000
6	0		2490.153888000
17		41	2490.156026000
6	0		2490.192969000
6	0		2490.193005000
6	0		2490.193010000
6	0		2490.193144000
6	0		2490.193161000
6	0		2490.193173000
17		1358	2490.233287000
17		1358	2490.244859000
17		41	2490.248931000
17		1358	2490.324243000
17		41	2490.342089000
17		1358	2490.415017000
17		41	2490.435206000
17		1358	2490.476930000
17		1358	2490.506083000
17		41	2490.527899000
17		41	2490.621398000
17		1358	2490.657826000
17		1358	2490.710765000
17		41	2490.714262000
17		41	2490.806879000
17		1358	2490.809259000
17		41	2490.900505000
17		41	2490.900538000
17		1358	2490.942387000
17		1358	2490.960298000
17		41	2490.993151000
17		41	2491.086327000
17		1358	2491.112238000
17		1358	2491.174513000
17		41	2491.179256000
17		1358	2491.263591000
17		41	2491.272423000
17		41	2491.365551000
17		1358	2491.407230000
17		1358	2491.414783000
17		41	2491.458032000
17		1358	2491.528422000
17		41	2491.551198000
17		1358	2491.640046000
17		1358	2491.641941000
17		41	2491.644469000
17		41	2491.737069000
17		1358	2491.755632000
17		41	2491.829916000
17		1358	2491.869595000
17		1358	2491.872191000
17		41	2491.923148000
17		1358	2491.982980000
17		41	2492.016608000
17		41	2492.016631000
17		1358	2492.096494000
17		1358	2492.104358000
17		41	2492.109095000
17		41	2492.202240000
17		1358	2492.210143000
17		41	2492.294896000
17		1358	2492.323795000
17		1358	2492.336920000
17		46	2492.388091000
17		33	2492.413777000
17		1358	2492.437771000
17		41	2492.480889000
17		1358	2492.551065000
17		1358	2492.568858000
17		41	2492.574088000
17		1358	2492.664594000
17		41	2492.667409000
17		41	2492.759884000
17		1358	2492.779101000
17		1358	2492.802090000
17		41	2492.852765000
17		1358	2492.891841000
17		41	2492.946106000
17		1358	2493.005498000
17		1358	2493.034324000
17		41	2493.039300000
17		41	2493.039324000
17		1358	2493.119200000
17		41	2493.132727000
17		41	2493.225286000
17		1358	2493.233070000
17		1358	2493.266700000
17		41	2493.318259000
17		1358	2493.346683000
17		41	2493.410919000
17		1358	2493.452431000
17		1358	2493.459990000
17		41	2493.503691000
17		1358	2493.573711000
17		41	2493.596998000
17		1358	2493.638115000
17		41	2493.689751000
17		41	2493.783370000
17		41	2493.876341000
17		41	2493.969552000
6	0		2494.003347000
6	0		2494.003403000
6	0		2494.024136000
6	41		2494.029548000
6	0		2494.050192000
6	21		2494.050315000
6	0		2494.050328000
6	1080		2494.051307000
17		41	2494.062008000
6	0		2494.071878000
6	440		2494.078016000
6	0		2494.118227000
6	48		2494.138875000
6	0		2494.138911000
6	280		2494.143058000
17		41	2494.154953000
6	0		2494.164959000
6	16		2494.167951000
6	0		2494.210240000
6	52		2494.230873000
6	0		2494.230911000
6	52		2494.231005000
17		41	2494.248321000
6	84		2494.251640000
6	0		2494.294224000
17		41	2494.341198000
17		41	2494.433737000
17		46	2494.526794000
17		33	2494.541403000
17		41	2494.620574000
17		41	2494.712757000
17		41	2494.805764000
17		1358	2494.807350000
17		41	2494.898839000
17		41	2494.992351000
17		41	2495.085007000
17		1358	2495.086004000
17		46	2495.178229000
17		1358	2495.178621000
17		41	2495.271240000
17		1358	2495.292348000
17		1358	2495.319318000
17		41	2495.363787000
17		1358	2495.406103000
17		41	2495.457529000
17		41	2495.550277000
17		1358	2495.550735000
17		1358	2495.552170000
17		41	2495.643329000
17		1358	2495.665356000
17		41	2495.736427000
17		1358	2495.779288000
17		1358	2495.785351000
17		41	2495.828707000
17		1358	2495.893098000
17		41	2495.922496000
17		1358	2496.006760000
17		41	2496.015169000
17		1358	2496.018257000
17		41	2496.107933000
17		1358	2496.119943000
17		41	2496.201467000
17		1358	2496.234414000
17		1358	2496.251322000
17		41	2496.293949000
17		1358	2496.347346000
17		41	2496.387518000
17		1358	2496.461134000
17		41	2496.480433000
17		1358	2496.483581000
6	68		2496.561533000
17		41	2496.573151000
17		1358	2496.573559000
6	52		2496.582239000
6	0		2496.582281000
6	0		2496.582300000
6	0		2496.583894000
6	0		2496.604535000
17		41	2496.666011000
17		1358	2496.687849000
17		1358	2496.715712000
17		41	2496.759502000
17		1358	2496.801804000
17		41	2496.851718000
17		1358	2496.915958000
17		41	2496.945514000
17		1358	2496.946882000
17		1358	2497.028736000
17		41	2497.037910000
17		41	2497.130692000
17		1358	2497.142570000
17		1358	2497.180343000
17		41	2497.224222000
17		1358	2497.255942000
17		41	2497.317332000
17		1358	2497.369560000
17		41	2497.410568000
17		41	2497.410595000
17		1358	2497.411574000
17		1358	2497.483140000
17		41	2497.503511000
17		41	2497.596161000
17		1358	2497.596473000
17		1358	2497.646301000
17		41	2497.688964000
17		1358	2497.710796000
17		41	2497.782295000
17		1358	2497.824821000
17		41	2497.875009000
17		1358	2497.878502000
17		1358	2497.937758000
17		41	2497.968105000
17		1358	2498.051221000
17		41	2498.060752000
17		1358	2498.111237000
17		46	2498.154135000
17		1358	2498.165581000
17		41	2498.247473000
17		1358	2498.255973000
17		41	2498.340480000
17		1358	2498.342692000
17		1358	2498.346718000
17		41	2498.433075000
17		41	2498.433103000
17		1358	2498.437792000
17		41	2498.525750000
17		1358	2498.528440000
17		1358	2498.574857000
17		41	2498.618844000
17		1358	2498.619304000
17		41	2498.712227000
17		1358	2498.712334000
17		41	2498.805168000
17		1358	2498.805470000
17		1358	2498.807986000
17		41	2498.898345000
17		1358	2498.898372000
17		1358	2498.991303000
17		41	2498.991571000
17		1358	2499.040089000
17		41	2499.084270000
17		1358	2499.146094000
17		41	2499.177138000
17		46	2499.270448000
17		1358	2499.272760000
17		1358	2499.301308000
17		41	2499.363511000
17		1358	2499.455851000
17		41	2499.456056000
17		41	2499.456077000
17		1358	2499.505288000
17		41	2499.548708000
17		1358	2499.610696000
17		41	2499.642301000
17		41	2499.734903000
17		1358	2499.737605000
17		1358	2499.765924000
17		41	2499.828395000
17		1358	2499.882500000
17		41	2499.920961000
17		1358	2499.969529000
17		1358	2499.998639000
17		41	2500.014587000
17		41	2500.106795000
17		1358	2500.114424000
17		1358	2500.155818000
17		41	2500.199719000
17		1358	2500.230480000
17		41	2500.293007000
17		1358	2500.342073000
17		1358	2500.347179000
17		41	2500.386729000
17		1358	2500.463100000
17		41	2500.479399000
17		1358	2500.528283000
17		41	2500.571734000
17		41	2500.571761000
17		1358	2500.579171000
17		46	2500.665320000
17		33	2500.690797000
17		1358	2500.695135000
17		1358	2500.713307000
17		41	2500.758266000
17		1358	2500.811645000
17		41	2500.851546000
17		1358	2500.899964000
17		1358	2500.927978000
17		41	2500.944045000
17		41	2501.037087000
17		1358	2501.043643000
17		41	2501.130240000
17		1358	2501.159902000
17		1358	2501.208771000
17		41	2501.222849000
17		1358	2501.276483000
17		41	2501.316081000
17		1358	2501.392558000
17		41	2501.409600000
17		41	2501.502773000
17		1358	2501.509265000
17		1358	2501.519083000
17		41	2501.595706000
17		41	2501.595738000
17		1358	2501.625497000
17		41	2501.688386000
17		1358	2501.740955000
17		41	2501.781486000
17		1358	2501.829264000
17		1358	2501.857369000
17		41	2501.874072000
17		41	2501.967442000
17		1358	2501.974052000
17		1358	2502.048058000
17		41	2502.060542000
17		1358	2502.089517000
17		41	2502.153264000
17		1358	2502.205997000
17		41	2502.245864000
17		1358	2502.261133000
17		1358	2502.322212000
17		41	2502.338963000
17		41	2502.432425000
17		1358	2502.438118000
17		1358	2502.474485000
17		41	2502.525489000
17		1358	2502.554286000
17		41	2502.618539000
17		1358	2502.670518000
17		874	2502.686829000
17		41	2502.711384000
17		41	2502.711414000
17		1358	2502.786449000
17		41	2502.804064000
17		41	2502.897600000
17		1358	2502.902522000
17		41	2502.989830000
17		1358	2503.019231000
17		41	2503.082964000
17		1358	2503.135322000
17		41	2503.176227000
17		1358	2503.251512000
17		46	2503.269300000
17		33	2503.295414000
17		41	2503.361959000
17		1358	2503.367712000
17		41	2503.455001000
17		1358	2503.483860000
17		41	2503.547907000
17		1358	2503.600367000
17		41	2503.641312000
17		1358	2503.715933000
17		41	2503.734553000
17		41	2503.827400000
17		1358	2503.832633000
17		41	2503.920285000
17		1028	2503.920315000
17		45	2503.920970000
17		1358	2503.928433000
17		1358	2503.949593000
17		41	2504.012867000
17		1358	2504.065923000
17		41	2504.105895000
17		1358	2504.142448000
17		1358	2504.181393000
17		41	2504.199283000
17		41	2504.292885000
17		1358	2504.297470000
17		1358	2504.354593000
17		41	2504.385139000
17		41	2504.385169000
17		1358	2504.414341000
6	0		2504.460011000
6	0		2504.460065000
6	0		2504.473061000
17		41	2504.477658000
6	41		2504.480341000
6	0		2504.493086000
6	21		2504.493239000
6	0		2504.493254000
6	1080		2504.494188000
6	440		2504.509513000
17		1358	2504.530443000
6	0		2504.550230000
6	48		2504.562878000
6	0		2504.562920000
6	280		2504.566987000
17		1358	2504.567174000
17		41	2504.571272000
6	0		2504.622129000
17		1358	2504.647091000
17		41	2504.664125000
17		1358	2504.739232000
17		41	2504.757069000
17		1358	2504.780405000
17		1358	2504.831971000
17		41	2504.850249000
17		1358	2504.925036000
17		41	2504.943201000
17		1358	2504.992992000
6	16		2505.001151000
17		1358	2505.017832000
17		41	2505.036036000
6	0		2505.042212000
6	52		2505.055018000
6	0		2505.055062000
6	52		2505.055172000
6	0		2505.067857000
6	84		2505.068874000
6	0		2505.110207000
17		1358	2505.111388000
17		41	2505.128812000
17		1358	2505.203745000
17		1358	2505.205072000
17		41	2505.222052000
17		41	2505.222077000
17		1358	2505.296574000
17		47	2505.315194000
17		33	2505.329007000
17		1358	2505.389776000
17		41	2505.407684000
17		1358	2505.417639000
17		1358	2505.482337000
17		41	2505.500847000
17		41	2505.594199000
17		46	2505.594238000
17		33	2505.619947000
17		1358	2505.630377000
17		1358	2505.637622000
17		41	2505.686750000
17		41	2505.779862000
17		1358	2505.791970000
17		1358	2505.842025000
17		41	2505.872896000
17		1358	2505.947175000
17		41	2505.966418000
17		1358	2506.054994000
17		41	2506.059544000
17		1358	2506.101964000
17		41	2506.152060000
6	0		2506.195471000
6	0		2506.195527000
6	0		2506.234647000
6	12		2506.234912000
17		41	2506.244904000
17		1358	2506.256986000
17		1358	2506.268262000
6	0		2506.273801000
6	12		2506.273876000
6	0		2506.273889000
6	1		2506.274036000
6	4		2506.274048000
6	32		2506.274056000
6	0		2506.274067000
6	0		2506.287743000
6	0		2506.287783000
6	0		2506.312821000
6	0		2506.312863000
6	0		2506.312867000
6	0		2506.312886000
6	0		2506.312898000
17		41	2506.338291000
17		1358	2506.371212000
17		41	2506.431318000
17		1358	2506.481499000
17		41	2506.524197000
17		41	2506.617282000
17		41	2506.617312000
17		41	2506.710157000
17		41	2506.803118000
6	68		2506.887740000
17		41	2506.896495000
6	52		2506.900531000
6	0		2506.900582000
6	0		2506.900603000
6	0		2506.901845000
6	0		2506.914613000
17		41	2506.989372000
17		41	2507.082223000
17		1358	2507.082253000
17		1358	2507.083145000
17		33	2507.108065000
17		41	2507.175253000
17		41	2507.268296000
17		41	2507.360643000
17		1358	2507.361371000
17		41	2507.454431000
6	0		2507.454462000
6	0		2507.455788000
17		41	2507.547379000
17		1358	2507.547835000
17		41	2507.640203000
17		1358	2507.641844000
17		41	2507.732913000
17		41	2507.732938000
17		1358	2507.733328000
17		41	2507.825835000
17		1358	2507.848414000
17		1358	2507.856048000
17		41	2507.919354000
17		1358	2507.963376000
17		41	2508.012468000
17		1358	2508.070097000
17		1358	2508.078087000
17		41	2508.105379000
17		1358	2508.193322000
17		41	2508.198475000
17		1358	2508.283288000
17		681	2508.291453000
17		41	2508.291493000
17		35	2508.292347000
17		74	2508.301197000
17		33	2508.301242000
17		1358	2508.308366000
17		41	2508.384588000
17		1358	2508.421732000
17		46	2508.477498000
17		1358	2508.497476000
17		33	2508.503602000
17		1358	2508.536221000
17		41	2508.570035000
17		1358	2508.651342000
17		41	2508.663213000
17		1358	2508.710942000
17		41	2508.756282000
17		1358	2508.765460000
17		41	2508.849248000
17		1358	2508.879910000
17		1358	2508.924391000
17		41	2508.942031000
17		41	2508.942055000
17		1358	2508.994528000
17		41	2509.035317000
17		1358	2509.109713000
17		41	2509.128750000
17		1358	2509.136838000
17		43	2509.220885000
17		41	2509.220922000
17		41	2509.220928000
17		1358	2509.224102000
17		33	2509.246900000
17		41	2509.313952000
17		1358	2509.338861000
17		1358	2509.348460000
17		41	2509.407416000
17		1358	2509.453026000
17		41	2509.500278000
17		1358	2509.561182000
17		1358	2509.567449000
17		41	2509.593289000
17		1358	2509.682240000
17		41	2509.686416000
17		1358	2509.773912000
17		41	2509.779492000
17		1358	2509.796579000
17		41	2509.872044000
17		1358	2509.911272000
17		41	2509.964978000
17		1358	2509.986388000
17		1358	2510.026482000
17		46	2510.057698000
17		33	2510.071015000
17		1358	2510.140749000
17		41	2510.151644000
17		1358	2510.198997000
17		41	2510.243635000
17		1358	2510.255143000
17		41	2510.337034000
17		1358	2510.369530000
17		1358	2510.411995000
17		41	2510.430252000
17		1358	2510.483977000
17		41	2510.523527000
17		1358	2510.598752000
17		41	2510.616020000
17		1358	2510.624604000
17		41	2510.709164000
17		1358	2510.713342000
17		1358	2510.794446000
17		41	2510.801674000
17		1358	2510.828175000
17		41	2510.895462000
17		1358	2510.943152000
17		1358	2510.963711000
17		41	2510.988005000
17		1358	2511.056707000
17		41	2511.080804000
17		1358	2511.134329000
17		1358	2511.171294000
17		41	2511.173728000
17		41	2511.266976000
17		46	2511.267002000
17		1358	2511.285994000
17		1358	2511.304807000
17		41	2511.360628000
17		1358	2511.400405000
17		41	2511.453347000
17		1358	2511.474625000
17		1358	2511.515042000
17		41	2511.546600000
17		1358	2511.630040000
17		41	2511.639211000
17		41	2511.732546000
17		1358	2511.744703000
17		1358	2511.757924000
17		41	2511.825622000
17		1358	2511.858611000
17		41	2511.918268000
17		1358	2511.973871000
17		41	2512.011399000
17		1358	2512.041179000
17		1358	2512.088585000
17		41	2512.104160000
17		41	2512.197351000
17		1358	2512.202831000
17		41	2512.289942000
17		1358	2512.317271000
17		1358	2512.325192000
17		41	2512.383800000
17		41	2512.383830000
6	0		2512.406067000
6	0		2512.406130000
17		1358	2512.431590000
17		41	2512.476496000
17		1358	2512.546103000
17		41	2512.569225000
17		1358	2512.607921000
17		1358	2512.660621000
17		41	2512.662238000
17		41	2512.755329000
17		1358	2512.775465000
17		1358	2512.820500000
17		41	2512.848377000
17		1358	2512.890081000
17		41	2512.941764000
17		1358	2513.004278000
17		1358	2513.033854000
17		41	2513.033919000
17		1358	2513.118825000
17		41	2513.126804000
17		41	2513.219817000
17		1358	2513.234193000
17		1358	2513.246387000
17		41	2513.312985000
17		1358	2513.347947000
17		41	2513.406257000
17		41	2513.406282000
17		1358	2513.459801000
17		1358	2513.462906000
17		41	2513.499707000
17		1358	2513.577361000
17		41	2513.592544000
17		1358	2513.672286000
17		41	2513.685501000
17		1358	2513.691570000
17		41	2513.778412000
17		1358	2513.783298000
17		46	2513.870751000
17		1358	2513.875753000
17		1358	2513.884050000
17		41	2513.963680000
17		1358	2513.966506000
17		41	2514.057130000
17		1358	2514.057591000
17		1358	2514.096449000
17		1358	2514.149825000
17		41	2514.150564000
17		1358	2514.242043000
17		41	2514.243041000
17		1358	2514.309009000
6	0		2514.313823000
6	0		2514.313891000
17		1358	2514.333161000
17		41	2514.335994000
6	0		2514.352717000
6	12		2514.352931000
6	0		2514.391684000
6	12		2514.391750000
6	0		2514.391764000
6	1		2514.391908000
6	4		2514.391919000
6	32		2514.391928000
6	0		2514.391939000
17		1358	2514.425835000
17		41	2514.428743000
17		41	2514.428771000
6	0		2514.430761000
6	0		2514.430794000
6	0		2514.430859000
6	0		2514.430968000
6	0		2514.430982000
17		1358	2514.516544000
17		1358	2514.521576000
17		41	2514.522049000
17		1358	2514.608175000
17		41	2514.615524000
17		1358	2514.699996000
17		41	2514.708616000
17		1358	2514.734712000
17		41	2514.801009000
17		1358	2514.852933000
17		41	2514.893759000
17		1358	2514.946907000
17		46	2514.987168000
17		33	2515.000777000
17		1358	2515.005373000
17		41	2515.080449000
17		584	2515.080478000
6	0		2515.080489000
6	0		2515.080979000
17		35	2515.081679000
17		76	2515.089829000
17		33	2515.089874000
17		1358	2515.158410000
17		1358	2515.159370000
17		41	2515.173570000
17		41	2515.265787000
17		1358	2515.311171000
17		41	2515.358634000
17		1358	2515.372767000
17		41	2515.452387000
17		1358	2515.463974000
17		41	2515.544839000
17		1358	2515.585685000
17		1358	2515.617077000
17		41	2515.638055000
17		1358	2515.731240000
17		41	2515.731322000
17		1358	2515.797747000
17		41	2515.824343000
17		1358	2515.845844000
17		41	2515.916862000
17		1358	2515.961213000
17		1358	2516.010213000
17		41	2516.010358000
17		1358	2516.074663000
17		41	2516.103302000
17		1358	2516.189467000
17		41	2516.195761000
17		1358	2516.222797000
17		41	2516.288758000
17		1358	2516.303654000
17		41	2516.381925000
17		1358	2516.419020000
17		1358	2516.435857000
17		41	2516.474828000
17		1358	2516.532754000
17		41	2516.567920000
17		46	2516.567945000
17		33	2516.593477000
17		1358	2516.647528000
17		1358	2516.647971000
17		41	2516.660702000
17		41	2516.754300000
17		1358	2516.762364000
17		41	2516.847334000
17		1358	2516.860197000
17		1358	2516.876458000
17		41	2516.940416000
17		1358	2516.991526000
17		41	2517.032831000
17		1358	2517.072790000
17		1358	2517.106072000
17		43	2517.126699000
17		41	2517.126728000
17		41	2517.126737000
17		33	2517.152321000
17		41	2517.219233000
17		1358	2517.219678000
17		1358	2517.285693000
17		41	2517.311766000
17		1358	2517.334708000
17		41	2517.404831000
17		1358	2517.449584000
17		41	2517.498201000
17		1358	2517.499785000
17		1358	2517.563869000
17		41	2517.590805000
17		1358	2517.678543000
17		41	2517.684171000
17		1358	2517.713695000
17		41	2517.776814000
17		1358	2517.793449000
17		41	2517.870161000
17		41	2517.870216000
17		1358	2517.907796000
17		1358	2517.925816000
17		41	2517.962667000
17		1358	2518.022761000
17		41	2518.055804000
17		1358	2518.136769000
17		1358	2518.138716000
17		41	2518.148998000
6	0		2518.196229000
6	0		2518.196269000
17		41	2518.241760000
17		1358	2518.251306000
17		41	2518.334954000
17		1358	2518.350460000
17		1358	2518.365830000
17		41	2518.428615000
17		1358	2518.480892000
17		41	2518.521640000
17		1358	2518.564134000
17		1358	2518.595444000
17		41	2518.614238000
17		41	2518.706849000
17		1358	2518.710174000
17		1358	2518.734510000
17		41	2518.799862000
17		41	2518.893033000
17		1358	2518.905860000
17		41	2518.986388000
17		41	2519.078740000
17		41	2519.172576000
17		41	2519.265271000
17		41	2519.358481000
17		46	2519.451309000
17		33	2519.476895000
17		41	2519.544311000
17		41	2519.637107000
17		41	2519.730102000
17		41	2519.823319000
17		46	2519.915760000
17		33	2519.930002000
17		41	2520.008692000
17		41	2520.102452000
17		41	2520.102490000
17		41	2520.195222000
17		41	2520.288392000
17		41	2520.381339000
17		41	2520.473896000
17		41	2520.567089000
17		41	2520.629488000
17		1358	2520.631103000
17		41	2520.691368000
17		1358	2520.692028000
17		41	2520.752691000
17		41	2520.814994000
17		1358	2520.815366000
17		1358	2520.845187000
17		41	2520.877357000
17		1358	2520.930632000
17		41	2520.938715000
17		41	2520.938750000
17		41	2521.001138000
17		1358	2521.045305000
17		1358	2521.058209000
17		41	2521.063111000
17		41	2521.125520000
17		1358	2521.160018000
17		41	2521.187453000
17		41	2521.249376000
17		1358	2521.274520000
17		1358	2521.281788000
17		41	2521.311104000
17		41	2521.372863000
17		1358	2521.389131000
17		41	2521.435041000
17		1358	2521.486921000
17		41	2521.497595000
17		1358	2521.503722000
17		41	2521.559298000
17		1358	2521.618333000
17		41	2521.620656000
17		41	2521.682871000
17		46	2521.682895000
17		1358	2521.693189000
17		33	2521.708229000
17		1358	2521.732822000
17		41	2521.744941000
17		41	2521.806979000
17		1358	2521.848324000
17		41	2521.869044000
17		1358	2521.898310000
17		41	2521.931391000
17		1358	2521.962169000
17		41	2521.993572000
17		41	2522.055093000
17		1358	2522.076598000
17		1358	2522.103263000
17		41	2522.117366000
17		41	2522.179450000
17		1358	2522.191650000
17		41	2522.240757000
17		1358	2522.266981000
17		41	2522.303662000
17		1358	2522.305838000
17		41	2522.364739000
17		1358	2522.420915000
17		41	2522.427193000
17		41	2522.427218000
17		1358	2522.428667000
17		1358	2522.428693000
17		1358	2522.428697000
17		1358	2522.428700000
17		1358	2522.428703000
17		1358	2522.428707000
17		1358	2522.428710000
17		1358	2522.428714000
17		1358	2522.428718000
6	0		2522.431658000
6	0		2522.431714000
6	0		2522.470963000
6	12		2522.471209000
17		41	2522.489381000
6	0		2522.510548000
6	12		2522.510578000
6	0		2522.510588000
6	1		2522.510697000
6	4		2522.510709000
6	32		2522.510717000
6	0		2522.510729000
17		1358	2522.535282000
6	0		2522.549949000
6	0		2522.549989000
6	0		2522.549993000
6	0		2522.550004000
17		41	2522.550781000
17		41	2522.613577000
17		1358	2522.615182000
17		1358	2522.649553000
17		41	2522.674774000
17		41	2522.736769000
17		1358	2522.763784000
17		46	2522.799006000
17		33	2522.812380000
17		41	2522.861005000
17		1358	2522.862134000
17		1358	2522.878489000
17		41	2522.923372000
17		1358	2522.950001000
17		41	2522.984813000
17		1358	2522.992586000
17		1358	2523.033026000
17		41	2523.047226000
17		1358	2523.107005000
17		41	2523.109559000
17		41	2523.109584000
17		1358	2523.111124000
17		41	2523.171190000
17		1358	2523.187774000
17		1358	2523.221664000
17		41	2523.233290000
17		1358	2523.249956000
17		41	2523.294868000
17		1358	2523.311676000
17		1358	2523.313045000
17		41	2523.356765000
17		1358	2523.374143000
17		41	2523.418939000
17		1358	2523.435186000
17		1358	2523.465797000
17		41	2523.481456000
17		1358	2523.496632000
17		41	2523.543148000
17		1358	2523.558747000
17		1358	2523.580523000
17		41	2523.604827000
17		1358	2523.620691000
17		41	2523.666652000
17		1358	2523.683335000
17		1358	2523.694530000
6	0		2523.717332000
6	0		2523.717392000
17		41	2523.728783000
17		1358	2523.744950000
17		41	2523.790694000
17		1358	2523.807919000
17		1358	2523.809129000
17		41	2523.853734000
17		41	2523.853762000
17		1358	2523.870304000
17		41	2523.915634000
17		1358	2523.923787000
17		1358	2523.933251000
6	0		2523.959286000
6	41		2523.964566000
17		41	2523.977374000
17		1358	2524.037896000
17		41	2524.039484000
17		1358	2524.041057000
17		41	2524.101134000
17		1358	2524.102786000
17		1358	2524.152323000
17		41	2524.162962000
6	0		2524.206245000
6	21		2524.211911000
6	0		2524.211949000
6	1080		2524.213262000
17		41	2524.225479000
17		1358	2524.227050000
17		1358	2524.266798000
17		41	2524.287619000
17		1358	2524.310416000
17		46	2524.349011000
17		33	2524.374558000
17		1358	2524.381779000
17		41	2524.410692000
17		1358	2524.411841000
6	440		2524.456968000
17		41	2524.473081000
17		1358	2524.474365000
17		1358	2524.496640000
6	0		2524.498232000
17		46	2524.535416000
17		41	2524.535445000
17		1358	2524.537030000
17		41	2524.596907000
17		1358	2524.598415000
17		1358	2524.610141000
17		41	2524.658922000
17		41	2524.721314000
17		1358	2524.722808000
17		1358	2524.724885000
6	48		2524.739871000
6	0		2524.739917000
6	280		2524.744558000
17		41	2524.783524000
17		1358	2524.839116000
17		41	2524.845275000
17		1358	2524.846835000
17		41	2524.907089000
17		1358	2524.930520000
17		41	2524.969052000
17		1358	2524.970606000
6	16		2524.992412000
17		1358	2525.022644000
17		41	2525.030960000
17		1358	2525.032551000
6	0		2525.034210000
17		41	2525.092792000
17		1358	2525.114564000
17		41	2525.154723000
17		1358	2525.156307000
17		41	2525.217600000
17		1358	2525.266672000
6	52		2525.275850000
6	0		2525.275886000
6	52		2525.275987000
17		41	2525.278897000
17		41	2525.278928000
17		1291	2525.280929000
17		41	2525.340926000
17		41	2525.403738000
17		1358	2525.419467000
17		41	2525.465489000
6	84		2525.517632000
17		41	2525.527003000
17		1358	2525.533604000
6	0		2525.558211000
17		41	2525.589206000
17		1358	2525.648038000
17		41	2525.650632000
17		41	2525.713218000
17		1358	2525.762100000
17		41	2525.775371000
17		41	2525.837148000
17		1358	2525.876935000
17		41	2525.899194000
17		1111	2525.899218000
17		33	2525.899832000
17		33	2525.900036000
17		157	2525.900617000
17		1358	2525.911363000
17		41	2525.960946000
17		1358	2525.992280000
17		1358	2525.994438000
17		41	2526.023353000
17		41	2526.023383000
17		1358	2526.077733000
17		41	2526.084979000
17		1358	2526.106380000
17		41	2526.147020000
17		1358	2526.160687000
17		41	2526.208834000
17		1358	2526.220582000
17		1358	2526.222005000
17		41	2526.271162000
17		1358	2526.283488000
17		41	2526.333052000
17		1358	2526.335375000
17		1358	2526.345946000
17		41	2526.395583000
17		1358	2526.407597000
17		1358	2526.449953000
17		41	2526.457051000
17		1358	2526.469696000
17		41	2526.519363000
17		1358	2526.531793000
17		1358	2526.564013000
17		41	2526.580827000
17		47	2526.642819000
17		46	2526.642845000
17		1358	2526.655593000
17		33	2526.656019000
17		41	2526.704786000
17		1358	2526.706464000
17		41	2526.767520000
17		1358	2526.808196000
17		41	2526.828955000
17		1358	2526.830526000
17		41	2526.891144000
17		1358	2526.892865000
17		41	2526.953040000
17		1358	2526.954570000
17		1358	2526.960826000
17		41	2527.015361000
17		1358	2527.074780000
17		41	2527.077286000
17		1358	2527.078506000
17		41	2527.139085000
17		1358	2527.140677000
17		1358	2527.189515000
17		41	2527.201550000
17		41	2527.262860000
17		1358	2527.264516000
17		1358	2527.303789000
17		41	2527.325189000
17		1358	2527.326318000
17		41	2527.387143000
17		1358	2527.418118000
17		41	2527.448696000
17		1358	2527.450319000
17		41	2527.511112000
17		41	2527.511143000
17		1358	2527.512734000
17		1358	2527.532634000
17		41	2527.573458000
17		41	2527.635335000
17		1358	2527.636951000
17		1358	2527.647133000
17		41	2527.696820000
17		41	2527.759589000
17		1358	2527.760730000
17		1358	2527.761494000
17		41	2527.820809000
17		1358	2527.843482000
17		1358	2527.876162000
17		41	2527.882917000
17		1358	2527.906312000
17		41	2527.945168000
17		1358	2527.991360000
17		41	2528.007337000
17		41	2528.069170000
17		1358	2528.070770000
6	68		2528.081754000
17		1358	2528.105600000
17		41	2528.131232000
17		1358	2528.132830000
17		41	2528.193671000
17		1358	2528.219282000
17		41	2528.254708000
17		41	2528.254737000
17		1358	2528.256311000
17		41	2528.317035000
17		1358	2528.318632000
17		1358	2528.333678000
6	52		2528.334303000
6	0		2528.334328000
6	0		2528.334344000
6	0		2528.335934000
17		41	2528.379700000
17		41	2528.441383000
17		1358	2528.442947000
17		1358	2528.448559000
17		41	2528.503311000
17		1358	2528.504926000
17		1358	2528.539917000
17		41	2528.564736000
6	0		2528.577576000
17		46	2528.627352000
17		1358	2528.629048000
17		1358	2528.631353000
17		41	2528.689192000
17		41	2528.750768000
17		1358	2528.752337000
17		1358	2528.784909000
17		41	2528.813579000
17		41	2528.874879000
17		1358	2528.876493000
17		41	2528.937545000
17		41	2528.937569000
17		1358	2528.937995000
17		1358	2528.939122000
17		41	2528.999449000
17		1358	2529.052555000
17		41	2529.061579000
17		1358	2529.063043000
17		41	2529.123770000
17		1358	2529.167306000
17		41	2529.185344000
17		1358	2529.186837000
17		46	2529.247243000
17		33	2529.272744000
17		1358	2529.281517000
17		41	2529.309259000
17		1358	2529.310889000
17		41	2529.370687000
17		1358	2529.395217000
17		1358	2529.396088000
17		41	2529.432874000
17		41	2529.495424000
17		1358	2529.496230000
17		1358	2529.510637000
17		41	2529.557243000
17		41	2529.619140000
17		1358	2529.620715000
17		1358	2529.626378000
17		41	2529.680790000
17		41	2529.680822000
17		1358	2529.683722000
17		1358	2529.741462000
17		41	2529.743286000
17		41	2529.804699000
17		1358	2529.805606000
17		1358	2529.856093000
17		41	2529.867428000
17		41	2529.929520000
17		1358	2529.931043000
17		1358	2529.970550000
17		41	2529.991288000
17		41	2530.052697000
17		1358	2530.054258000
17		1358	2530.085495000
17		41	2530.114712000
17		41	2530.176854000
17		1358	2530.178543000
17		1358	2530.200626000
17		41	2530.238640000
17		1358	2530.292343000
17		41	2530.300977000
17		1358	2530.302523000
6	0		2530.342863000
6	0		2530.342914000
17		41	2530.363215000
17		41	2530.363239000
17		1358	2530.364754000
17		1358	2530.384410000
17		41	2530.425148000
17		1358	2530.426903000
17		41	2530.486699000
17		1358	2530.537042000
17		41	2530.549275000
17		1358	2530.550855000
6	0		2530.607370000
17		41	2530.611125000
17		41	2530.673119000
17		1358	2530.675371000
17		1358	2530.689935000
17		41	2530.734882000
17		46	2530.797076000
17		1358	2530.798929000
17		1358	2530.804855000
17		41	2530.858918000
17		1358	2530.919912000
17		41	2530.920850000
17		1358	2530.922432000
17		41	2530.982824000
17		1358	2531.034399000
17		41	2531.045077000
17		1358	2531.046680000
17		41	2531.107527000
17		41	2531.107550000
17		1358	2531.130915000
17		1358	2531.149417000
17		41	2531.169571000
17		41	2531.230752000
17		1358	2531.232383000
17		1358	2531.263954000
17		41	2531.293007000
17		41	2531.355176000
17		1358	2531.379058000
17		41	2531.417672000
17		1358	2531.419617000
17		41	2531.479333000
17		1358	2531.480943000
17		1358	2531.492108000
17		41	2531.540968000
17		41	2531.603093000
17		1358	2531.604663000
17		1358	2531.604908000
17		46	2531.665438000
17		33	2531.691414000
17		1358	2531.718453000
17		41	2531.727286000
17		1358	2531.728555000
17		41	2531.789445000
17		41	2531.789468000
17		1358	2531.791000000
17		1358	2531.830962000
17		41	2531.851502000
17		1358	2531.853085000
17		41	2531.912898000
17		1358	2531.944213000
17		41	2531.974931000
17		41	2532.037136000
17		1358	2532.037981000
17		1358	2532.056779000
17		41	2532.099355000
17		1358	2532.147576000
17		41	2532.161226000
17		1358	2532.162800000
17		41	2532.222851000
17		41	2532.285057000
17		1358	2532.285512000
17		41	2532.347137000
17		41	2532.409537000
17		1358	2532.435597000
17		41	2532.471296000
17		41	2532.471319000
17		41	2532.533307000
17		1358	2532.586282000
17		41	2532.594693000
17		41	2532.657410000
17		41	2532.719329000
17		41	2532.780949000
17		41	2532.842847000
17		1358	2532.844039000
17		41	2532.904868000
17		1358	2532.905634000
17		41	2532.966902000
17		46	2533.028807000
17		1358	2533.030391000
17		41	2533.090660000
17		1358	2533.093386000
17		41	2533.153584000
17		1358	2533.154683000
17		41	2533.215376000
17		1358	2533.215793000
17		1358	2533.217138000
17		41	2533.277218000
17		1358	2533.278813000
17		1358	2533.328076000
17		41	2533.339181000
17		1358	2533.341195000
17		41	2533.401107000
17		1358	2533.402680000
17		1358	2533.439162000
17		41	2533.463371000
17		1358	2533.465412000
17		41	2533.525383000
17		1358	2533.527008000
17		1358	2533.550837000
17		41	2533.586687000
17		1358	2533.588268000
17		41	2533.649513000
17		1358	2533.650269000
17		1358	2533.662453000
6	0		2533.666038000
6	0		2533.666088000
17		41	2533.711054000
17		1358	2533.712631000
17		41	2533.772847000
17		1358	2533.773979000
17		1358	2533.774309000
17		41	2533.835587000
17		1358	2533.837618000
17		1358	2533.886098000
17		41	2533.896613000
17		1358	2533.899935000
17		41	2533.959083000
17		1358	2533.962343000
17		1358	2533.997349000
17		41	2534.021136000
17		1358	2534.022944000
17		41	2534.082672000
17		1358	2534.084242000
17		1358	2534.109022000
17		41	2534.144916000
17		1358	2534.147357000
17		41	2534.207121000
17		1358	2534.209225000
17		1358	2534.220706000
17		41	2534.269463000
17		1358	2534.271059000
17		1358	2534.310494000
17		46	2534.330651000
17		1358	2534.333344000
17		33	2534.356117000
17		41	2534.393650000
17		1358	2534.395196000
17		1358	2534.399076000
17		41	2534.455319000
17		1358	2534.456922000
17		1358	2534.488419000
17		41	2534.517201000
17		1358	2534.538249000
17		1358	2534.577665000
17		41	2534.579632000
17		1358	2534.617920000
17		41	2534.641184000
17		41	2534.641214000
17		1358	2534.666896000
17		1358	2534.698963000
17		41	2534.703549000
17		1358	2534.756433000
17		41	2534.764841000
17		1358	2534.779612000
17		41	2534.826860000
17		1358	2534.846067000
17		1358	2534.860931000
17		41	2534.888871000
17		1358	2534.935332000
17		1358	2534.940484000
17		41	2534.951141000
17		46	2535.012873000
17		1358	2535.021467000
17		1358	2535.024023000
17		41	2535.075473000
17		776	2535.075500000
17		35	2535.076718000
17		76	2535.085171000
17		33	2535.085281000
17		1358	2535.102079000
17		41	2535.137066000
17		1358	2535.173001000
17		1358	2535.182023000
17		41	2535.199271000
6	0		2535.208604000
6	0		2535.208654000
6	0		2535.254770000
17		41	2535.261313000
17		1358	2535.263324000
17		1358	2535.322009000
17		41	2535.322759000
17		41	2535.322782000
17		1358	2535.343465000
17		41	2535.385177000
17		1358	2535.424032000
17		41	2535.447140000
17		1358	2535.470561000
17		1358	2535.505014000
17		41	2535.509258000
17		41	2535.571117000
17		1358	2535.585716000
17		1358	2535.620168000
17		41	2535.633315000
17		1358	2535.665561000
17		41	2535.695109000
17		1358	2535.747479000
17		41	2535.756974000
17		1358	2535.768823000
17		41	2535.819414000
17		1358	2535.826704000
17		1358	2535.880209000
17		41	2535.881000000
17		1358	2535.906915000
17		41	2535.943261000
17		1358	2535.987969000
17		1358	2535.991350000
17		41	2536.005196000
17		41	2536.066739000
17		41	2536.066763000
17		1358	2536.068381000
17		1358	2536.102782000
17		41	2536.129449000
17		1358	2536.149632000
17		41	2536.191190000
17		1358	2536.214625000
17		1358	2536.230267000
17		41	2536.253864000
17		41	2536.315612000
17		1358	2536.317178000
17		1358	2536.326200000
17		41	2536.377069000
17		1358	2536.382579000
17		1358	2536.438264000
17		43	2536.439308000
17		41	2536.439333000
17		41	2536.439342000
17		33	2536.465601000
17		41	2536.501404000
17		1358	2536.502975000
17		1358	2536.549636000
17		41	2536.563077000
17		41	2536.624879000
17		1358	2536.626682000
17		1358	2536.660840000
17		41	2536.687436000
17		1358	2536.692253000
17		41	2536.749002000
17		1358	2536.772425000
17		41	2536.810945000
17		1358	2536.812551000
17		41	2536.872825000
17		41	2536.872847000
17		1358	2536.884534000
17		1358	2536.921136000
17		46	2536.934826000
17		33	2536.948338000
17		1358	2536.995703000
17		41	2536.997328000
17		1358	2537.029979000
17		41	2537.059206000
17		1358	2537.107655000
17		41	2537.121095000
17		1358	2537.138127000
17		41	2537.182794000
17		1358	2537.219201000
17		46	2537.245102000
17		1358	2537.245849000
17		33	2537.270615000
17		41	2537.306952000
17		1358	2537.331168000
17		1358	2537.352761000
17		41	2537.368681000
17		41	2537.430956000
17		1358	2537.442252000
17		1358	2537.461162000
17		41	2537.493045000
17		1358	2537.541109000
17		1358	2537.554572000
17		41	2537.555202000
17		41	2537.555221000
17		41	2537.617451000
17		1358	2537.621885000
17		1358	2537.665654000
17		41	2537.678870000
17		1358	2537.702035000
6	0		2537.705144000
6	0		2537.705206000
17		41	2537.740627000
6	0		2537.741813000
17		1358	2537.777462000
17		1358	2537.783929000
17		41	2537.803178000
17		1358	2537.863161000
17		41	2537.865298000
17		1358	2537.889133000
17		41	2537.927099000
17		1358	2537.943854000
17		41	2537.989198000
17		1358	2538.000521000
17		1358	2538.025000000
17		41	2538.051296000
17		1358	2538.105533000
17		1358	2538.112789000
17		41	2538.113245000
17		41	2538.175018000
17		1358	2538.185697000
17		1358	2538.224626000
17		41	2538.236862000
17		1358	2538.267270000
17		41	2538.299428000
17		41	2538.299451000
17		1358	2538.337203000
17		1358	2538.349415000
17		41	2538.361236000
17		41	2538.422708000
17		1358	2538.430880000
17		1358	2538.449197000
17		41	2538.484635000
17		41	2538.547370000
17		1358	2538.548962000
17		1358	2538.561753000
17		41	2538.609312000
17		41	2538.670942000
17		1358	2538.672344000
17		1358	2538.673347000
17		41	2538.732793000
17		1358	2538.785676000
17		41	2538.794796000
17		1358	2538.796338000
17		41	2538.856659000
17		1179	2538.856690000
17		35	2538.857622000
17		107	2538.872523000
17		248	2538.872564000
17		1358	2538.897730000
17		41	2538.918870000
17		1358	2538.920938000
17		41	2538.980638000
17		1358	2539.009408000
17		46	2539.043436000
17		41	2539.043460000
17		1358	2539.044981000
17		41	2539.104695000
17		1358	2539.121035000
17		1358	2539.126997000
17		41	2539.167313000
17		1358	2539.208490000
17		41	2539.229117000
17		1358	2539.233014000
17		41	2539.290916000
17		1358	2539.292208000
17		41	2539.353108000
17		1358	2539.353549000
17		41	2539.415375000
17		1358	2539.416962000
17		41	2539.476637000
17		1358	2539.477014000
17		41	2539.539079000
17		1358	2539.540669000
17		41	2539.601392000
17		1358	2539.622259000
17		41	2539.662770000
17		1358	2539.663117000
17		41	2539.725856000
17		1358	2539.727541000
17		41	2539.787126000
17		46	2539.787152000
17		1358	2539.787489000
17		1358	2539.808492000
17		41	2539.848996000
17		1358	2539.890419000
17		41	2539.911251000
17		1358	2539.911677000
17		41	2539.973022000
17		1358	2539.974360000
17		41	2540.035103000
17		1358	2540.035486000
17		41	2540.097088000
17		1358	2540.098729000
17		41	2540.159599000
17		1358	2540.159988000
17		41	2540.221635000
17		1358	2540.223058000
17		41	2540.283313000
17		1358	2540.304638000
17		41	2540.345174000
17		1358	2540.345596000
17		41	2540.407292000
17		1358	2540.409101000
17		41	2540.469108000
17		41	2540.469140000
17		1358	2540.469597000
17		1358	2540.490036000
17		41	2540.531094000
17		41	2540.592983000
17		1358	2540.593403000
17		43	2540.654854000
17		41	2540.654880000
17		1358	2540.656468000
17		33	2540.680819000
17		41	2540.717508000
17		41	2540.717540000
17		1358	2540.717947000
17		41	2540.779108000
17		1358	2540.780740000
17		41	2540.840793000
17		1358	2540.866823000
17		41	2540.903400000
17		1358	2540.904888000
17		41	2540.965004000
17		1358	2541.016103000
17		41	2541.027730000
17		1358	2541.029283000
17		46	2541.088625000
17		33	2541.102247000
17		1358	2541.110549000
17		41	2541.151474000
17		1358	2541.166003000
17		41	2541.213594000
17		1358	2541.215034000
17		41	2541.275157000
17		1358	2541.315046000
17		41	2541.337215000
17		1358	2541.338744000
17		41	2541.398808000
17		41	2541.398833000
17		1358	2541.420312000
17		41	2541.460985000
17		1358	2541.463967000
17		1358	2541.485499000
17		41	2541.523459000
17		1358	2541.576180000
17		41	2541.584981000
17		1358	2541.585993000
17		41	2541.647725000
17		1358	2541.688006000
17		41	2541.709287000
17		1358	2541.710913000
17		41	2541.771269000
17		1358	2541.776712000
17		41	2541.833391000
17		1358	2541.833746000
17		41	2541.894810000
17		1358	2541.896967000
17		41	2541.956693000
17		1358	2541.957107000
17		41	2542.019270000
17		1358	2542.020856000
17		41	2542.081579000
17		1358	2542.081935000
17		41	2542.143187000
17		1358	2542.144740000
17		41	2542.205310000
17		1358	2542.205816000
17		1358	2542.252765000
17		41	2542.267036000
17		46	2542.329168000
17		1358	2542.329502000
17		1358	2542.360952000
17		41	2542.391426000
17		41	2542.452889000
17		1358	2542.453286000
17		1358	2542.469006000
17		41	2542.515287000
17		1358	2542.576987000
17		41	2542.577430000
17		1358	2542.577783000
17		41	2542.639513000
17		1358	2542.685130000
17		41	2542.700998000
17		1358	2542.701403000
17		41	2542.763500000
17		1358	2542.765099000
17		41	2542.825645000
17		41	2542.825669000
17		1358	2542.826044000
17		1358	2542.847239000
17		41	2542.887095000
17		1358	2542.928856000
17		41	2542.949159000
17		1358	2542.949717000
6	0		2542.998608000
6	0		2542.998698000
17		41	2543.011225000
17		1358	2543.012859000
17		41	2543.073288000
17		1358	2543.073740000
17		41	2543.135220000
17		1358	2543.136304000
17		46	2543.196828000
17		33	2543.210465000
17		1358	2543.216957000
17		41	2543.259191000
17		1358	2543.259542000
6	0		2543.280969000
6	41		2543.286595000
17		41	2543.321149000
17		1358	2543.322710000
17		41	2543.382673000
17		1358	2543.383064000
17		41	2543.445048000
17		1358	2543.446653000
17		41	2543.507225000
17		1358	2543.507628000
6	0		2543.567514000
6	21		2543.567549000
6	0		2543.567574000
6	1080		2543.568551000
17		41	2543.569139000
17		1358	2543.570423000
17		41	2543.630668000
17		1358	2543.631008000
17		1358	2543.651370000
17		41	2543.692718000
17		1358	2543.733148000
17		41	2543.755270000
17		1358	2543.755650000
17		41	2543.817435000
6	0		2543.849418000
6	440		2543.849453000
17		41	2543.878863000
6	0		2543.890207000
17		41	2543.941405000
17		41	2544.003116000
17		41	2544.065453000
17		41	2544.127491000
6	48		2544.172411000
6	0		2544.172450000
6	280		2544.176413000
17		41	2544.188880000
17		41	2544.251155000
17		41	2544.251181000
17		41	2544.313094000
17		41	2544.375035000
17		41	2544.437379000
6	0		2544.457720000
6	16		2544.470926000
17		41	2544.499234000
6	0		2544.514219000
17		41	2544.561571000
17		41	2544.623437000
17		41	2544.684821000
17		41	2544.746909000
6	52		2544.794633000
6	0		2544.794669000
6	52		2544.794783000
17		41	2544.808832000
17		41	2544.871075000
17		46	2544.933068000
17		33	2544.958483000
17		41	2544.995404000
17		41	2545.057388000
17		1358	2545.057716000
6	84		2545.076087000
6	0		2545.118220000
17		41	2545.118664000
17		1358	2545.120275000
17		41	2545.180633000
17		1358	2545.181065000
17		41	2545.243152000
17		1358	2545.244734000
17		41	2545.305412000
17		1358	2545.305846000
17		41	2545.367049000
17		1358	2545.368620000
17		41	2545.428859000
17		1358	2545.429280000
17		46	2545.491289000
17		1358	2545.492854000
17		41	2545.553511000
17		1358	2545.574496000
17		41	2545.615105000
17		1358	2545.615656000
17		41	2545.677505000
17		1358	2545.727399000
17		41	2545.739368000
17		41	2545.739402000
17		1358	2545.740927000
17		41	2545.800796000
17		1358	2545.822561000
17		1358	2545.839681000
17		41	2545.862819000
17		1358	2545.902242000
17		41	2545.925014000
17		1358	2545.950810000
17		1358	2545.983891000
17		41	2545.987333000
17		41	2546.049322000
17		1358	2546.062333000
17		1358	2546.063779000
17		41	2546.111269000
17		1358	2546.145435000
17		41	2546.172837000
17		1358	2546.173166000
17		1358	2546.225521000
17		41	2546.235507000
17		1358	2546.262982000
17		41	2546.297118000
17		1358	2546.306251000
17		1358	2546.352800000
17		41	2546.359390000
17		1358	2546.386553000
17		41	2546.421446000
17		41	2546.421472000
17		1358	2546.442109000
17		1358	2546.467769000
17		41	2546.483018000
17		1358	2546.530761000
17		41	2546.545118000
17		1358	2546.546685000
6	0		2546.552989000
6	0		2546.553038000
6	0		2546.592698000
6	12		2546.592942000
17		41	2546.606947000
17		1358	2546.620324000
17		1358	2546.628220000
6	0		2546.632368000
6	12		2546.632407000
6	0		2546.632419000
6	1		2546.632572000
6	4		2546.632585000
6	32		2546.632592000
6	0		2546.632603000
17		41	2546.669177000
6	0		2546.671853000
6	0		2546.671884000
6	0		2546.671967000
6	0		2546.672075000
6	0		2546.672088000
17		1358	2546.709088000
17		1358	2546.709533000
17		41	2546.731322000
17		1358	2546.789130000
17		41	2546.793361000
17		1358	2546.799064000
17		41	2546.854960000
17		1358	2546.870209000
17		41	2546.917177000
17		1358	2546.934110000
17		1358	2546.958273000
17		41	2546.979330000
17		1358	2546.999098000
17		41	2547.041212000
17		1358	2547.063624000
17		41	2547.103524000
17		1358	2547.118346000
17		1358	2547.127054000
17		41	2547.165278000
17		41	2547.165304000
17		1358	2547.192408000
17		41	2547.227098000
17		1358	2547.257139000
17		1358	2547.278061000
17		41	2547.288762000
17		1358	2547.321119000
17		46	2547.351735000
17		33	2547.377344000
6	68		2547.384277000
17		1358	2547.385539000
17		41	2547.413441000
17		1358	2547.437256000
17		1358	2547.449962000
17		41	2547.474598000
17		41	2547.536801000
17		1358	2547.556637000
17		1358	2547.557867000
17		46	2547.599524000
17		33	2547.613882000
17		41	2547.660774000
17		1358	2547.665076000
6	52		2547.665943000
6	0		2547.665982000
6	0		2547.665999000
6	0		2547.667677000
17		1358	2547.675922000
17		41	2547.723012000
17		1358	2547.772523000
17		41	2547.785304000
17		1358	2547.795797000
17		41	2547.846792000
17		41	2547.846819000
17		1358	2547.879509000
17		41	2547.909107000
17		1358	2547.915485000
6	0		2547.949239000
17		41	2547.970680000
17		1358	2547.988102000
17		41	2548.032689000
17		1358	2548.034754000
17		41	2548.094790000
17		1358	2548.094811000
17		1358	2548.154176000
17		41	2548.156836000
17		1358	2548.175026000
17		41	2548.219214000
17		1358	2548.256056000
17		1358	2548.274604000
17		41	2548.281434000
17		1358	2548.336755000
17		41	2548.343168000
17		1358	2548.393837000
17		41	2548.404796000
17		1358	2548.417267000
17		41	2548.467007000
17		1358	2548.497592000
6	0		2548.512910000
6	0		2548.512977000
17		1358	2548.512993000
17		41	2548.529190000
17		1358	2548.578417000
17		41	2548.591406000
17		1358	2548.633214000
17		41	2548.653362000
17		1358	2548.658574000
6	0		2548.700018000
6	41		2548.705919000
17		41	2548.715446000
17		1358	2548.739557000
17		1358	2548.752503000
17		41	2548.776787000
17		1358	2548.819808000
17		41	2548.838820000
17		1358	2548.871991000
6	0		2548.892694000
6	21		2548.897001000
6	0		2548.897044000
6	1080		2548.898059000
17		1358	2548.900113000
17		41	2548.900706000
17		41	2548.963379000
17		1358	2548.983643000
17		1358	2548.991928000
17		41	2549.025217000
17		1358	2549.066406000
6	440		2549.086610000
17		41	2549.087199000
17		1358	2549.111196000
6	0		2549.130250000
17		1358	2549.147982000
17		41	2549.149625000
17		41	2549.211271000
17		1358	2549.231018000
17		1358	2549.231646000
17		41	2549.273424000
17		1358	2549.313784000
6	48		2549.317030000
6	0		2549.317068000
6	280		2549.320990000
17		41	2549.335413000
17		41	2549.335440000
17		1358	2549.350383000
17		1358	2549.396604000
17		41	2549.397119000
17		41	2549.458833000
17		1358	2549.469829000
17		1358	2549.478896000
6	16		2549.515479000
17		46	2549.520788000
17		33	2549.535211000
6	0		2549.556033000
6	0		2549.556089000
6	0		2549.558208000
17		1358	2549.562556000
17		41	2549.582860000
17		1358	2549.590266000
6	0		2549.640449000
17		1358	2549.644994000
17		41	2549.645460000
6	41		2549.646152000
17		41	2549.706831000
17		1358	2549.709110000
17		1358	2549.726624000
6	0		2549.730229000
6	21		2549.730263000
6	0		2549.730273000
6	1080		2549.731200000
6	52		2549.744984000
6	0		2549.745021000
6	52		2549.745095000
17		41	2549.769244000
17		1358	2549.809693000
6	0		2549.815295000
6	440		2549.815331000
17		1358	2549.828817000
17		41	2549.830901000
6	0		2549.858206000
17		41	2549.892681000
17		1358	2549.893075000
6	100		2549.933534000
6	48		2549.942261000
6	0		2549.942300000
6	280		2549.948188000
17		1358	2549.948465000
17		41	2549.955121000
6	0		2549.974205000
17		176	2549.975063000
17		41	2550.017000000
17		41	2550.017024000
6	0		2550.032313000
6	16		2550.034809000
17		1358	2550.068373000
6	0		2550.078235000
17		41	2550.079298000
17		41	2550.141304000
6	52		2550.162407000
6	0		2550.162445000
6	52		2550.162532000
17		1358	2550.188099000
17		41	2550.202658000
6	84		2550.246622000
17		46	2550.265118000
6	0		2550.290231000
17		33	2550.290786000
17		1358	2550.307140000
17		41	2550.326671000
17		41	2550.389006000
17		1358	2550.426799000
17		41	2550.451532000
17		41	2550.513165000
17		1358	2550.546534000
17		41	2550.575020000
17		41	2550.636657000
17		1358	2550.666546000
17		41	2550.698928000
17		41	2550.698951000
17		41	2550.760911000
17		1358	2550.786251000
17		41	2550.823841000
17		41	2550.885557000
17		1358	2550.905991000
17		41	2550.947440000
17		1358	2551.002333000
17		41	2551.009265000
17		41	2551.071382000
17		41	2551.133450000
17		1358	2551.133827000
17		41	2551.194943000
17		1034	2551.256735000
17		41	2551.256771000
17		1358	2551.257208000
17		39	2551.257323000
17		153	2551.257893000
17		1353	2551.257910000
17		1358	2551.257914000
17		1358	2551.257918000
17		1358	2551.257921000
17		1358	2551.257924000
17		1358	2551.257928000
17		1358	2551.257932000
17		1358	2551.257937000
17		1358	2551.257940000
17		41	2551.318852000
17		1358	2551.341244000
17		1358	2551.353001000
17		41	2551.380853000
17		1358	2551.424071000
17		41	2551.442881000
17		1358	2551.448994000
17		41	2551.504906000
17		1358	2551.506810000
17		41	2551.567002000
17		1358	2551.588833000
17		1358	2551.608707000
17		41	2551.628690000
17		1358	2551.672670000
17		41	2551.691549000
17		41	2551.753457000
17		1358	2551.755243000
17		1358	2551.768561000
17		41	2551.814704000
17		47	2551.877514000
17		41	2551.877544000
17		33	2551.891560000
17		1358	2551.924673000
17		41	2551.938825000
17		1358	2551.940394000
6	0		2551.969022000
6	0		2551.969075000
17		41	2552.000943000
17		1358	2552.007621000
17		1358	2552.042742000
17		41	2552.063351000
17		1358	2552.075233000
17		41	2552.124779000
6	0		2552.127292000
6	68		2552.130856000
6	41		2552.133212000
17		1358	2552.142122000
17		1358	2552.160535000
17		41	2552.187287000
17		1358	2552.208682000
17		41	2552.248726000
17		1358	2552.275489000
17		1358	2552.278307000
6	0		2552.291012000
6	21		2552.300180000
6	0		2552.300223000
6	1080		2552.301177000
17		41	2552.310834000
6	52		2552.318099000
6	0		2552.318137000
6	0		2552.318156000
6	0		2552.319752000
17		1358	2552.341925000
17		41	2552.372678000
17		1358	2552.394928000
17		1358	2552.408601000
17		41	2552.435070000
6	0		2552.459086000
6	440		2552.459619000
17		1358	2552.474435000
17		41	2552.497537000
6	0		2552.502222000
6	0		2552.506538000
17		1358	2552.512855000
17		41	2552.559553000
6	68		2552.574951000
17		1358	2552.586082000
17		41	2552.621187000
17		1358	2552.629886000
6	48		2552.660005000
6	0		2552.660060000
6	52		2552.660928000
6	0		2552.660951000
6	0		2552.660965000
6	0		2552.662443000
6	280		2552.665253000
17		41	2552.683212000
17		1358	2552.695856000
17		41	2552.745029000
17		1358	2552.746151000
6	0		2552.746458000
17		1358	2552.805611000
17		46	2552.806903000
6	0		2552.823030000
17		33	2552.832353000
6	16		2552.847726000
17		1358	2552.863411000
17		41	2552.869052000
6	0		2552.890217000
17		1358	2552.915222000
17		41	2552.930624000
17		1358	2552.979709000
17		41	2552.993308000
17		1358	2553.026507000
6	52		2553.048049000
6	0		2553.048086000
6	52		2553.048185000
17		41	2553.054644000
17		1358	2553.096427000
17		41	2553.117243000
17		1358	2553.136524000
17		41	2553.179319000
6	84		2553.205981000
17		1358	2553.210811000
17		1358	2553.213206000
17		41	2553.240778000
6	0		2553.246232000
17		1358	2553.285824000
17		41	2553.303301000
17		1358	2553.330131000
17		1358	2553.359174000
6	0		2553.365235000
17		41	2553.365261000
6	0		2553.366306000
17		41	2553.427292000
17		1358	2553.434030000
17		1358	2553.446761000
17		41	2553.489453000
17		1358	2553.509302000
17		41	2553.550853000
17		1358	2553.564194000
17		1358	2553.582872000
17		46	2553.612969000
17		33	2553.626669000
17		1358	2553.657503000
17		41	2553.675011000
17		1358	2553.680367000
17		1358	2553.732608000
17		41	2553.736689000
17		1358	2553.798083000
17		41	2553.798892000
17		1358	2553.805723000
17		41	2553.860817000
17		41	2553.860844000
17		1358	2553.880521000
17		1358	2553.913982000
17		41	2553.922696000
17		1358	2553.955286000
17		41	2553.985346000
17		1358	2554.029845000
17		1358	2554.031331000
17		41	2554.047445000
17		1358	2554.104706000
17		41	2554.109567000
17		1358	2554.148136000
17		41	2554.170728000
17		1358	2554.178311000
17		41	2554.233346000
17		1358	2554.252882000
17		1358	2554.264877000
17		41	2554.295285000
17		1358	2554.327348000
17		41	2554.357123000
17		1358	2554.381408000
17		1358	2554.401137000
17		41	2554.419271000
17		41	2554.481412000
17		1358	2554.483027000
17		1358	2554.498212000
17		41	2554.542743000
17		41	2554.542776000
17		1358	2554.558472000
17		41	2554.605457000
17		1358	2554.614985000
17		1358	2554.634802000
17		41	2554.667529000
6	0		2554.672733000
6	0		2554.672785000
6	0		2554.711834000
6	12		2554.712101000
17		41	2554.728911000
17		1358	2554.730495000
17		1358	2554.731773000
6	0		2554.751132000
6	12		2554.751196000
6	0		2554.751209000
6	1		2554.751388000
6	4		2554.751408000
6	32		2554.751418000
6	0		2554.751429000
6	0		2554.790462000
6	0		2554.790495000
6	0		2554.790519000
6	0		2554.790670000
6	0		2554.790684000
17		41	2554.791180000
17		1358	2554.806221000
17		1358	2554.848290000
17		41	2554.852843000
17		41	2554.915357000
17		1358	2554.916921000
17		1358	2554.965735000
17		41	2554.977478000
17		41	2555.038889000
17		1358	2555.040440000
17		1358	2555.082177000
17		655	2555.101463000
17		41	2555.101489000
17		35	2555.102666000
17		76	2555.110977000
17		33	2555.111042000
17		1358	2555.115844000
17		41	2555.163371000
17		1358	2555.198576000
17		41	2555.225091000
17		1358	2555.226655000
6	68		2555.278831000
17		41	2555.287558000
17		1358	2555.315875000
17		41	2555.348807000
17		1358	2555.350344000
17		41	2555.410789000
17		1358	2555.425660000
17		1358	2555.432485000
6	52		2555.436709000
6	0		2555.436746000
6	0		2555.436763000
6	0		2555.437957000
17		41	2555.473516000
17		1358	2555.499982000
17		1358	2555.526501000
17		41	2555.535616000
17		1358	2555.575784000
6	0		2555.595735000
17		46	2555.597539000
17		1358	2555.619371000
17		46	2555.659100000
17		1358	2555.660599000
17		1358	2555.712413000
17		41	2555.721458000
17		41	2555.782809000
17		1358	2555.784381000
17		1358	2555.805842000
17		41	2555.844906000
17		1358	2555.859654000
17		1358	2555.899330000
17		41	2555.906878000
17		41	2555.969463000
17		1358	2555.970586000
17		1358	2555.992675000
17		41	2556.031372000
17		41	2556.031394000
17		1358	2556.046444000
17		1358	2556.086959000
17		41	2556.092944000
17		1358	2556.122079000
17		41	2556.155011000
17		41	2556.217430000
17		1358	2556.218994000
17		1358	2556.243839000
17		41	2556.279490000
17		41	2556.341107000
17		1358	2556.342913000
17		41	2556.403225000
17		1358	2556.418515000
17		41	2556.464946000
17		41	2556.526780000
17		41	2556.588868000
17		41	2556.651221000
17		41	2556.713374000
17		41	2556.713396000
17		41	2556.775540000
17		41	2556.775561000
17		43	2556.837532000
17		41	2556.837555000
17		41	2556.837562000
17		33	2556.863418000
17		41	2556.899458000
17		41	2556.961272000
17		41	2557.022752000
17		41	2557.085000000
17		41	2557.147278000
17		41	2557.209047000
17		41	2557.271229000
17		41	2557.333232000
17		41	2557.394662000
17		41	2557.457588000
17		41	2557.519545000
17		41	2557.519586000
17		41	2557.581185000
17		41	2557.643945000
17		1358	2557.644336000
17		46	2557.705395000
17		33	2557.719878000
17		41	2557.767728000
17		1358	2557.768097000
17		41	2557.829185000
17		41	2557.891281000
17		1358	2557.891668000
17		41	2557.953247000
17		1358	2557.954824000
17		41	2558.015002000
17		1358	2558.015375000
17		41	2558.076880000
17		1358	2558.078356000
17		41	2558.138870000
17		1358	2558.153908000
17		46	2558.201242000
17		1358	2558.201585000
17		1358	2558.227952000
17		41	2558.263159000
17		964	2558.303444000
17		1358	2558.318446000
17		41	2558.324948000
17		1028	2558.387038000
17		41	2558.387061000
17		39	2558.387587000
17		1358	2558.390449000
17		1358	2558.435332000
17		41	2558.449640000
17		1358	2558.465904000
17		41	2558.510696000
17		1358	2558.540968000
17		1358	2558.552639000
17		41	2558.572936000
17		1358	2558.614744000
17		41	2558.635591000
17		765	2558.635631000
17		35	2558.636625000
17		107	2558.648516000
17		271	2558.648553000
17		1358	2558.668985000
17		1358	2558.688480000
17		41	2558.697247000
17		41	2558.759517000
17		1358	2558.763131000
17		1358	2558.785596000
17		41	2558.821380000
17		1358	2558.837550000
17		41	2558.882927000
17		41	2558.882949000
17		1358	2558.902639000
17		1358	2558.912132000
17		47	2558.945310000
17		33	2558.958841000
17		1358	2558.986712000
17		41	2559.007257000
17		1358	2559.019380000
17		1358	2559.061594000
17		41	2559.069205000
17		41	2559.130819000
17		1358	2559.135319000
17		1358	2559.136197000
17		41	2559.192755000
17		1358	2559.209583000
17		1358	2559.252979000
17		43	2559.254929000
17		41	2559.254957000
17		41	2559.254967000
17		33	2559.280606000
17		1358	2559.284353000
17		41	2559.317106000
17		1358	2559.359074000
17		1358	2559.370386000
17		41	2559.379634000
17		1358	2559.433708000
17		41	2559.440646000
17		1358	2559.486285000
17		41	2559.502740000
17		1358	2559.507742000
17		41	2559.564700000
17		1358	2559.581626000
17		1358	2559.603082000
17		41	2559.627088000
17		1358	2559.655866000
17		41	2559.689196000
17		1358	2559.720033000
17		1358	2559.730878000
17		41	2559.750899000
17		1358	2559.805556000
17		41	2559.813426000
17		41	2559.813456000
17		1358	2559.836762000
17		1358	2559.864855000
17		41	2559.874730000
17		1358	2559.924967000
17		41	2559.936812000
17		1358	2559.954179000
17		1358	2559.984150000
17		41	2559.999258000
17		1358	2560.044374000
17		41	2560.061507000
17		1358	2560.070901000
17		1358	2560.102700000
17		41	2560.122721000
17		1358	2560.162735000
17		41	2560.185031000
17		1358	2560.187669000
17		1358	2560.222400000
17		41	2560.247004000
17		1358	2560.281982000
17		1358	2560.303891000
17		41	2560.308635000
17		1358	2560.340866000
17		41	2560.370843000
17		1358	2560.421182000
17		41	2560.433176000
17		1358	2560.439924000
17		41	2560.495645000
17		1358	2560.537699000
17		1358	2560.539901000
17		41	2560.556635000
17		41	2560.556661000
17		41	2560.618878000
17		1358	2560.638708000
17		1358	2560.654271000
17		41	2560.681377000
17		1358	2560.738425000
17		41	2560.743592000
17		1358	2560.771178000
17		41	2560.805408000
17		1358	2560.837711000
17		46	2560.866718000
17		33	2560.880922000
17		1358	2560.887909000
17		41	2560.928990000
17		1358	2560.937410000
17		1358	2560.982153000
17		46	2560.990952000
17		1358	2561.011190000
17		33	2561.017533000
17		41	2561.053415000
17		1358	2561.074566000
17		1358	2561.085119000
17		41	2561.114870000
17		1358	2561.159426000
17		1358	2561.168497000
17		41	2561.177141000
17		1358	2561.233926000
17		41	2561.238899000
17		1358	2561.262342000
17		41	2561.300994000
17		1358	2561.308648000
17		1358	2561.355154000
17		41	2561.362972000
17		1358	2561.382988000
17		41	2561.425596000
17		1358	2561.448360000
17		1358	2561.457981000
17		41	2561.487000000
17		1358	2561.531419000
17		1358	2561.541694000
17		41	2561.548690000
17		1358	2561.605769000
17		41	2561.611543000
17		41	2561.673007000
17		1358	2561.681217000
17		1358	2561.697463000
17		41	2561.735075000
17		1358	2561.755723000
17		41	2561.796854000
17		1358	2561.830217000
17		1358	2561.853076000
17		41	2561.858937000
17		1358	2561.904187000
17		41	2561.920832000
17		41	2561.920858000
17		1358	2561.978320000
17		41	2561.983119000
17		1358	2562.008938000
17		41	2562.045214000
17		1358	2562.052427000
6	0		2562.107014000
17		41	2562.107037000
6	0		2562.107480000
17		1358	2562.127746000
17		1358	2562.164577000
17		41	2562.169561000
17		1358	2562.201486000
17		41	2562.231609000
17		1358	2562.276327000
17		1358	2562.281551000
17		41	2562.292956000
17		1358	2562.351215000
17		41	2562.354847000
17		1358	2562.398455000
17		41	2562.417404000
17		1358	2562.426666000
17		41	2562.478755000
17		1358	2562.501547000
17		1358	2562.515101000
17		41	2562.540644000
17		41	2562.603370000
17		1358	2562.604991000
17		1358	2562.631746000
17		41	2562.665483000
17		41	2562.727529000
17		41	2562.727555000
17		1358	2562.729107000
17		1358	2562.748524000
17		41	2562.789314000
6	0		2562.791662000
6	0		2562.791710000
17		1358	2562.805129000
6	0		2562.830778000
6	12		2562.831055000
6	0		2562.844750000
6	0		2562.844800000
17		41	2562.850834000
6	0		2562.861504000
17		1358	2562.865260000
6	41		2562.867349000
6	0		2562.870219000
6	12		2562.870314000
6	0		2562.870325000
6	1		2562.870483000
6	4		2562.870503000
6	32		2562.870510000
6	0		2562.870521000
6	0		2562.883625000
6	21		2562.883660000
6	0		2562.883672000
6	1080		2562.884620000
6	0		2562.900717000
6	440		2562.900789000
6	0		2562.909592000
6	0		2562.909629000
6	0		2562.909635000
6	0		2562.909744000
6	0		2562.909758000
17		46	2562.912863000
17		1358	2562.913489000
6	0		2562.942216000
6	48		2562.958348000
6	0		2562.958390000
6	280		2562.965129000
17		41	2562.975451000
6	0		2562.981284000
17		1358	2562.982551000
17		1358	2562.988864000
6	16		2563.000853000
17		41	2563.036833000
6	0		2563.042218000
6	52		2563.058341000
6	0		2563.058377000
6	52		2563.058458000
6	84		2563.084095000
17		1358	2563.098802000
17		41	2563.099222000
17		1358	2563.100800000
6	0		2563.126211000
17		41	2563.161254000
17		1358	2563.175812000
17		1358	2563.216591000
17		41	2563.222820000
17		41	2563.285246000
17		1358	2563.286838000
17		1358	2563.332606000
17		41	2563.346907000
17		1358	2563.362631000
17		41	2563.408762000
17		41	2563.408785000
17		1358	2563.437301000
17		1358	2563.449167000
17		41	2563.471477000
17		1358	2563.512102000
17		41	2563.533296000
17		1358	2563.566730000
17		41	2563.595372000
17		1358	2563.596989000
17		41	2563.657475000
17		1358	2563.672596000
17		1358	2563.683347000
17		41	2563.718908000
17		41	2563.781499000
17		1358	2563.782320000
17		1358	2563.799756000
17		41	2563.843190000
17		1358	2563.857791000
17		46	2563.905008000
17		1358	2563.916560000
17		41	2563.967052000
17		1358	2563.968628000
17		41	2564.029467000
17		1358	2564.033515000
17		41	2564.091108000
17		1358	2564.092726000
17		1358	2564.149817000
17		41	2564.153433000
17		41	2564.153455000
17		1358	2564.154547000
17		41	2564.215109000
17		1358	2564.216660000
17		1358	2564.266744000
17		41	2564.277487000
17		41	2564.339093000
17		1358	2564.340681000
17		1358	2564.383864000
17		41	2564.401155000
17		41	2564.463222000
17		1358	2564.464895000
17		1358	2564.500589000
17		41	2564.525362000
17		41	2564.587465000
17		1358	2564.589054000
17		1358	2564.617086000
17		41	2564.649356000
17		41	2564.711320000
17		1358	2564.712900000
17		1358	2564.734344000
17		41	2564.773181000
17		46	2564.835157000
17		1358	2564.836824000
17		1358	2564.850975000
17		41	2564.896858000
17		1358	2564.937763000
17		41	2564.959260000
17		1358	2564.967515000
17		41	2565.020797000
17		1358	2565.036689000
17		41	2565.083133000
17		634	2565.083165000
17		35	2565.084013000
17		1358	2565.084836000
17		76	2565.092137000
17		33	2565.092343000
17		1358	2565.137245000
17		41	2565.145094000
6	68		2565.196721000
17		1358	2565.201726000
17		41	2565.207101000
6	52		2565.212996000
6	0		2565.213039000
6	0		2565.213058000
6	0		2565.214333000
6	0		2565.230518000
17		1358	2565.237795000
17		41	2565.268863000
17		1358	2565.313333000
17		1358	2565.317825000
17		41	2565.330877000
6	0		2565.358643000
6	0		2565.358695000
17		41	2565.392944000
17		1358	2565.394509000
17		1358	2565.435421000
17		41	2565.455001000
17		1358	2565.470064000
17		41	2565.517080000
17		41	2565.517111000
17		1358	2565.545141000
6	0		2565.548417000
17		1358	2565.551490000
6	41		2565.553916000
17		41	2565.579002000
17		41	2565.641062000
17		1358	2565.642473000
17		1358	2565.668314000
17		41	2565.702934000
6	0		2565.743423000
6	21		2565.743732000
6	0		2565.743753000
6	1080		2565.744917000
17		41	2565.765418000
17		1358	2565.766862000
17		1358	2565.785120000
17		41	2565.827407000
17		41	2565.889518000
17		1358	2565.891146000
17		1358	2565.901646000
6	440		2565.943299000
17		41	2565.951374000
6	0		2565.986205000
17		41	2566.013028000
17		1358	2566.014828000
17		1358	2566.018749000
17		41	2566.075219000
17		1358	2566.089995000
17		1358	2566.112174000
17		41	2566.136822000
6	48		2566.175704000
6	0		2566.175753000
6	280		2566.180005000
17		41	2566.199536000
17		1358	2566.201847000
17		1358	2566.205228000
17		41	2566.260890000
17		41	2566.260918000
17		1358	2566.277401000
17		1358	2566.299651000
17		41	2566.323145000
6	16		2566.376998000
17		41	2566.385334000
17		1358	2566.386789000
17		1358	2566.393247000
6	0		2566.418227000
17		46	2566.446904000
17		33	2566.472307000
17		1358	2566.487163000
17		41	2566.509491000
17		1358	2566.510591000
17		41	2566.571266000
6	0		2566.575889000
6	0		2566.575944000
17		1358	2566.581106000
6	52		2566.607868000
6	0		2566.607906000
6	52		2566.607999000
17		41	2566.633013000
17		1358	2566.634634000
17		41	2566.695090000
17		1358	2566.736935000
17		41	2566.757077000
17		1358	2566.758693000
6	84		2566.801662000
17		41	2566.818995000
6	0		2566.842219000
17		41	2566.881281000
17		41	2566.881343000
17		1358	2566.882906000
17		1358	2566.893107000
17		43	2566.943869000
17		41	2566.943903000
17		41	2566.943910000
17		33	2566.970306000
17		46	2567.005523000
17		1358	2567.007081000
17		1358	2567.049812000
17		41	2567.067410000
17		41	2567.067433000
17		724	2567.067441000
17		35	2567.068535000
17		74	2567.078336000
17		33	2567.078443000
17		41	2567.129276000
17		41	2567.191311000
17		1358	2567.206013000
17		41	2567.253134000
17		41	2567.315015000
17		1358	2567.323115000
17		41	2567.377392000
17		1358	2567.378945000
17		41	2567.439252000
17		1358	2567.453859000
17		41	2567.500980000
17		1358	2567.501351000
17		41	2567.563166000
17		1358	2567.564872000
17		41	2567.625607000
17		1358	2567.625974000
17		41	2567.686909000
17		1358	2567.688469000
17		41	2567.749336000
17		41	2567.749361000
17		1358	2567.763754000
17		41	2567.811489000
17		41	2567.872808000
17		1358	2567.874385000
17		41	2567.935132000
17		41	2567.996684000
17		1358	2567.997960000
17		41	2568.059591000
17		41	2568.121190000
17		1358	2568.122774000
17		41	2568.182922000
17		1358	2568.183463000
17		41	2568.245294000
17		1358	2568.247255000
17		41	2568.307456000
17		1358	2568.307850000
17		41	2568.369773000
17		1358	2568.371412000
17		41	2568.430725000
17		1358	2568.431121000
17		41	2568.493618000
17		41	2568.493641000
17		1358	2568.495221000
17		1358	2568.552748000
17		41	2568.555329000
17		41	2568.617026000
6	68		2568.658573000
17		1358	2568.674998000
17		41	2568.679208000
17		41	2568.741484000
17		1358	2568.742757000
17		41	2568.803589000
6	52		2568.853058000
6	0		2568.853105000
6	0		2568.853130000
6	0		2568.854349000
17		1358	2568.859103000
17		46	2568.865265000
17		765	2568.865289000
17		35	2568.866292000
17		107	2568.877071000
17		100	2568.877151000
17		33	2568.891258000
17		41	2568.926792000
17		43	2568.989377000
17		41	2568.989407000
17		41	2568.989413000
17		33	2569.015056000
6	0		2569.043975000
17		41	2569.051407000
17		41	2569.113182000
17		41	2569.174893000
17		46	2569.237531000
17		33	2569.252504000
17		41	2569.299521000
17		41	2569.361459000
17		41	2569.361486000
17		41	2569.423265000
17		41	2569.485260000
17		41	2569.547382000
17		41	2569.609370000
17		41	2569.671470000
17		41	2569.733312000
17		1358	2569.733700000
17		41	2569.794916000
17		1358	2569.796546000
17		41	2569.857398000
17		1111	2569.857421000
17		1358	2569.857824000
17		33	2569.857960000
17		41	2569.919620000
17		1358	2569.921259000
17		41	2569.981061000
17		1358	2569.981455000
17		41	2570.042658000
17		41	2570.042684000
17		1358	2570.043857000
17		1358	2570.099103000
17		41	2570.105845000
17		41	2570.167458000
17		1358	2570.168748000
17		1358	2570.215884000
17		43	2570.228692000
17		41	2570.228718000
17		41	2570.228725000
17		1358	2570.238037000
17		33	2570.255321000
17		41	2570.290957000
17		1358	2570.307092000
17		1358	2570.332597000
17		41	2570.352816000
17		1358	2570.375968000
17		41	2570.414717000
17		1358	2570.443772000
17		1358	2570.449985000
17		41	2570.477300000
17		1358	2570.513252000
17		41	2570.539031000
17		1358	2570.567053000
17		1358	2570.581757000
17		47	2570.600754000
17		33	2570.614211000
17		1358	2570.651227000
17		41	2570.662761000
17		1358	2570.682764000
17		1358	2570.719229000
17		41	2570.725438000
17		41	2570.787151000
17		1358	2570.787591000
17		1358	2570.799412000
17		41	2570.848723000
17		1358	2570.902596000
17		41	2570.910729000
6	0		2570.910956000
6	0		2570.910995000
17		1358	2570.916418000
6	0		2570.950627000
6	12		2570.950861000
17		41	2570.973547000
6	0		2570.989992000
6	12		2570.990024000
6	0		2570.990035000
6	1		2570.990273000
6	4		2570.990293000
6	32		2570.990302000
6	0		2570.990314000
17		1358	2571.016822000
6	0		2571.029480000
6	0		2571.029518000
6	0		2571.029522000
6	0		2571.029789000
6	0		2571.029802000
17		1358	2571.033589000
17		41	2571.035131000
17		41	2571.097565000
17		1358	2571.130702000
17		1358	2571.149931000
17		41	2571.158887000
17		41	2571.221081000
17		1358	2571.245592000
17		1358	2571.267088000
17		41	2571.283287000
17		41	2571.345351000
17		1358	2571.359968000
17		1358	2571.383012000
6	0		2571.406831000
6	0		2571.406886000
17		41	2571.407288000
17		1358	2571.446003000
17		41	2571.469299000
17		1358	2571.500952000
6	0		2571.526873000
17		41	2571.531435000
17		1358	2571.531607000
6	41		2571.532290000
17		46	2571.593157000
17		1358	2571.616725000
17		1358	2571.617080000
6	0		2571.651923000
6	21		2571.651957000
6	0		2571.651967000
6	1080		2571.652937000
17		41	2571.654892000
17		1358	2571.703819000
17		41	2571.716975000
17		1358	2571.733287000
6	440		2571.772724000
17		41	2571.779348000
17		41	2571.779375000
17		1358	2571.790254000
6	0		2571.814214000
17		41	2571.840777000
17		1358	2571.850258000
17		1358	2571.876215000
17		41	2571.903517000
6	48		2571.934339000
6	0		2571.934385000
6	280		2571.938574000
17		1358	2571.961209000
17		41	2571.965836000
17		1358	2571.966368000
17		41	2572.027323000
17		1358	2572.047099000
6	16		2572.060945000
17		1358	2572.083191000
17		41	2572.089356000
6	0		2572.102219000
17		1358	2572.132732000
17		41	2572.151123000
17		1358	2572.199729000
17		41	2572.213194000
17		1358	2572.218987000
6	52		2572.221879000
6	0		2572.221918000
6	52		2572.222069000
17		41	2572.274890000
17		1358	2572.304801000
17		1358	2572.317232000
17		41	2572.337054000
6	84		2572.341688000
6	0		2572.382243000
17		1358	2572.390391000
17		41	2572.399210000
17		1358	2572.433291000
17		41	2572.460850000
17		1358	2572.476504000
17		41	2572.523358000
17		1358	2572.549842000
17		1358	2572.562534000
17		41	2572.585762000
17		41	2572.646665000
17		1358	2572.648383000
17		1358	2572.666626000
17		41	2572.708900000
17		1358	2572.734251000
17		46	2572.770982000
17		1358	2572.783735000
17		33	2572.785072000
17		1358	2572.819669000
17		41	2572.833303000
17		41	2572.895006000
17		1358	2572.899877000
17		1358	2572.905722000
17		41	2572.956816000
17		1358	2572.991369000
17		1358	2573.017083000
17		41	2573.019137000
17		1358	2573.077041000
17		41	2573.081047000
17		1358	2573.134207000
17		41	2573.143298000
17		1358	2573.163443000
17		41	2573.204721000
17		41	2573.204746000
17		1358	2573.249828000
17		1358	2573.250327000
17		41	2573.266694000
17		41	2573.329248000
17		1358	2573.335482000
17		1358	2573.367337000
17		41	2573.390631000
17		1358	2573.421416000
17		41	2573.453166000
17		1358	2573.483424000
17		1358	2573.507191000
17		41	2573.515646000
17		41	2573.576728000
17		1358	2573.592299000
17		1358	2573.600549000
17		41	2573.638809000
17		1358	2573.678802000
17		41	2573.701239000
17		1358	2573.717413000
17		41	2573.762814000
17		1358	2573.764655000
17		41	2573.825572000
17		1358	2573.833630000
17		1358	2573.850217000
17		41	2573.887196000
17		41	2573.887220000
17		1358	2573.936957000
17		41	2573.948941000
17		1358	2573.950154000
17		41	2574.010867000
17		1358	2574.021947000
17		1358	2574.067320000
17		41	2574.073479000
17		1358	2574.108382000
17		46	2574.135218000
17		1358	2574.160286000
17		1358	2574.193819000
17		41	2574.197504000
17		1358	2574.253871000
17		41	2574.259042000
17		1358	2574.279413000
17		41	2574.320857000
17		1358	2574.347022000
17		475	2574.365040000
17		41	2574.382710000
17		1358	2574.440747000
17		41	2574.445565000
17		41	2574.506963000
17		1358	2574.534039000
17		41	2574.569243000
17		1358	2574.626972000
17		41	2574.631429000
6	68		2574.690138000
17		41	2574.693355000
17		41	2574.755334000
17		1358	2574.782693000
6	52		2574.810158000
6	0		2574.810194000
6	0		2574.810212000
6	0		2574.811614000
17		41	2574.817424000
17		46	2574.878859000
17		33	2574.893012000
6	0		2574.931151000
17		1358	2574.938718000
17		41	2574.941396000
17		41	2575.002897000
17		41	2575.065024000
17		1358	2575.094121000
17		41	2575.126802000
17		41	2575.189201000
17		1358	2575.249819000
17		41	2575.251122000
17		41	2575.313316000
17		41	2575.313342000
17		1358	2575.366005000
17		41	2575.375314000
17		1111	2575.375348000
17		33	2575.375961000
17		33	2575.376004000
17		152	2575.376632000
17		1358	2575.386305000
17		41	2575.437836000
17		1358	2575.458571000
17		1358	2575.483026000
17		41	2575.499448000
17		1358	2575.530607000
17		41	2575.560719000
17		41	2575.560743000
17		1358	2575.599555000
17		1358	2575.602126000
17		41	2575.622766000
17		1358	2575.674241000
17		41	2575.685544000
17		1358	2575.716623000
17		1358	2575.745788000
17		41	2575.747272000
17		41	2575.808719000
17		1358	2575.817799000
17		1358	2575.829025000
17		41	2575.870788000
17		1358	2575.889269000
17		41	2575.933023000
17		1358	2575.935869000
17		1358	2575.959642000
17		41	2575.995127000
17		1358	2576.031538000
17		1358	2576.043245000
17		47	2576.057215000
17		41	2576.057241000
17		33	2576.070699000
17		1358	2576.103966000
17		41	2576.118756000
17		1358	2576.150102000
17		41	2576.181328000
17		1358	2576.222680000
17		46	2576.243084000
17		1358	2576.257567000
17		41	2576.304798000
17		1358	2576.342273000
17		1358	2576.364432000
17		41	2576.367519000
17		41	2576.428733000
17		1358	2576.462342000
17		1358	2576.471728000
17		41	2576.491563000
17		41	2576.553025000
17		1358	2576.578883000
17		1358	2576.581342000
17		41	2576.615166000
17		41	2576.677197000
17		1358	2576.685846000
17		1358	2576.701524000
17		41	2576.738630000
17		1358	2576.790522000
17		1358	2576.792726000
17		41	2576.801560000
17		41	2576.863004000
17		1358	2576.880116000
17		1358	2576.899738000
17		41	2576.925455000
17		1358	2576.969777000
17		41	2576.987012000
17		1358	2577.006933000
17		41	2577.049211000
17		1358	2577.059297000
17		41	2577.110911000
17		1358	2577.113933000
17		1358	2577.148224000
17		41	2577.173490000
17		41	2577.173522000
17		1358	2577.221122000
17		41	2577.235141000
17		1358	2577.236768000
17		41	2577.297061000
17		1358	2577.327226000
17		1358	2577.328275000
17		41	2577.359162000
17		1358	2577.417009000
17		41	2577.421180000
17		1358	2577.435603000
17		41	2577.482969000
17		1358	2577.506705000
17		1358	2577.542840000
17		41	2577.544834000
17		1358	2577.596512000
17		41	2577.606805000
17		1358	2577.649722000
17		41	2577.669538000
17		1358	2577.685958000
17		41	2577.731163000
17		1358	2577.757239000
17		1358	2577.775523000
17		41	2577.792877000
17		41	2577.854903000
17		41	2577.854929000
17		1358	2577.864057000
17		1358	2577.865625000
17		41	2577.916835000
17		1358	2577.954533000
17		1358	2577.970653000
17		41	2577.979549000
17		41	2578.040857000
17		1358	2578.042498000
17		1358	2578.078121000
17		41	2578.102746000
17		1358	2578.133621000
17		46	2578.165314000
17		33	2578.178788000
17		1358	2578.185742000
17		1358	2578.222808000
17		41	2578.227645000
17		41	2578.289007000
17		1358	2578.291873000
17		1358	2578.312469000
17		41	2578.351133000
17		1358	2578.399109000
17		1358	2578.401601000
17		41	2578.413485000
17		41	2578.474929000
6	0		2578.484308000
6	0		2578.484348000
17		1358	2578.491780000
17		1358	2578.506104000
17		41	2578.536706000
17		1358	2578.581386000
17		41	2578.599578000
17		41	2578.599606000
17		1358	2578.613193000
17		41	2578.660654000
17		1358	2578.671662000
17		1358	2578.698828000
17		46	2578.723074000
17		33	2578.748748000
17		1358	2578.760906000
17		1358	2578.784619000
17		41	2578.784912000
17		41	2578.847496000
17		1358	2578.850100000
17		1358	2578.870499000
17		41	2578.908864000
17		1358	2578.940125000
17		1358	2578.955823000
17		41	2578.971040000
17		1358	2579.029568000
6	0		2579.031167000
6	0		2579.031223000
17		41	2579.033234000
17		1358	2579.041640000
6	0		2579.070799000
6	12		2579.071114000
17		41	2579.094884000
6	0		2579.110614000
6	12		2579.110654000
6	0		2579.110668000
6	1		2579.110883000
6	4		2579.110905000
6	32		2579.110917000
6	0		2579.110930000
17		1358	2579.119087000
17		1358	2579.127280000
6	0		2579.150480000
6	0		2579.150525000
6	0		2579.150531000
6	0		2579.150623000
6	0		2579.150641000
17		41	2579.156735000
17		1358	2579.208166000
17		1358	2579.213394000
17		41	2579.218858000
17		41	2579.280875000
17		41	2579.280903000
17		1358	2579.297429000
17		1358	2579.298611000
17		41	2579.342632000
17		1358	2579.387565000
17		41	2579.404923000
17		1358	2579.441311000
17		41	2579.467238000
17		1358	2579.476339000
17		41	2579.528817000
17		1358	2579.566054000
17		1358	2579.584462000
17		41	2579.591561000
17		41	2579.652812000
17		1358	2579.655835000
17		41	2579.715433000
17		1358	2579.726839000
17		622	2579.745668000
17		41	2579.776942000
17		41	2579.838962000
17		1358	2579.869687000
17		41	2579.900917000
17		41	2579.963377000
17		1358	2580.012429000
17		41	2580.025087000
17		41	2580.025118000
17		41	2580.087500000
17		1358	2580.119798000
17		41	2580.148972000
17		41	2580.211197000
17		1358	2580.226772000
17		46	2580.273172000
17		33	2580.288102000
17		1358	2580.333992000
17		41	2580.334760000
17		41	2580.397427000
17		1358	2580.440806000
17		41	2580.459598000
17		41	2580.521197000
17		41	2580.583152000
17		41	2580.629410000
17		41	2580.675298000
17		41	2580.721209000
17		41	2580.721236000
17		41	2580.766689000
17		41	2580.812690000
17		41	2580.859197000
17		41	2580.905119000
17		41	2580.951595000
17		41	2580.997422000
17		1117	2581.043735000
17		46	2581.043762000
17		39	2581.044325000
17		152	2581.045012000
17		1353	2581.045027000
17		1358	2581.045030000
17		1358	2581.045034000
17		33	2581.069186000
17		41	2581.089367000
17		41	2581.135167000
17		1358	2581.135468000
17		1358	2581.135515000
17		41	2581.181344000
17		1358	2581.181979000
17		1358	2581.225187000
17		41	2581.227505000
17		41	2581.273102000
17		1358	2581.286924000
17		47	2581.319081000
17		41	2581.319113000
17		1358	2581.319993000
17		41	2581.364820000
17		1358	2581.391911000
17		1358	2581.411141000
17		41	2581.411175000
17		41	2581.457587000
17		1358	2581.497209000
17		1358	2581.500485000
17		41	2581.503382000
17		41	2581.549614000
17		1358	2581.589481000
17		41	2581.595036000
17		41	2581.595061000
17		1358	2581.601872000
17		41	2581.641592000
17		1358	2581.679082000
17		41	2581.687044000
17		1358	2581.707258000
17		41	2581.733134000
17		1358	2581.768440000
17		41	2581.779582000
17		1358	2581.811957000
17		41	2581.825522000
17		1358	2581.829814000
17		41	2581.871201000
17		1358	2581.891919000
17		1358	2581.916642000
17		41	2581.917049000
17		1358	2581.953755000
17		41	2581.962845000
17		41	2582.008872000
17		1358	2582.014038000
17		1358	2582.021439000
17		41	2582.054722000
17		1358	2582.075480000
17		41	2582.100817000
17		41	2582.100839000
17		1358	2582.126510000
17		1358	2582.137226000
17		41	2582.147870000
17		41	2582.192988000
17		1358	2582.198322000
17		1358	2582.231876000
17		41	2582.239405000
17		1358	2582.247509000
17		41	2582.285032000
17		1358	2582.296583000
17		41	2582.330650000
17		1358	2582.336211000
17		1358	2582.346080000
17		41	2582.377447000
17		1358	2582.394608000
17		41	2582.422623000
17		1358	2582.441239000
17		1358	2582.444045000
17		41	2582.468999000
17		41	2582.515265000
17		1358	2582.525203000
17		1358	2582.525234000
17		41	2582.561402000
17		41	2582.607189000
17		1358	2582.607518000
17		1358	2582.609326000
17		41	2582.653572000
17		1358	2582.689447000
17		1358	2582.693304000
17		41	2582.698726000
17		46	2582.744653000
17		33	2582.758495000
17		1358	2582.770722000
17		1358	2582.776965000
17		41	2582.791535000
17		1358	2582.832125000
17		46	2582.836933000
17		33	2582.862464000
17		41	2582.883401000
17		1358	2582.893730000
17		1358	2582.916454000
17		41	2582.929584000
17		1358	2582.955038000
17		41	2582.975349000
17		1358	2583.013604000
17		41	2583.021203000
17		1358	2583.021330000
17		41	2583.066675000
17		1358	2583.074017000
17		41	2583.113487000
17		1358	2583.126160000
17		1358	2583.131943000
17		41	2583.158948000
17		1358	2583.192368000
17		41	2583.205484000
17		41	2583.205511000
17		1358	2583.232188000
17		1358	2583.250600000
17		41	2583.251417000
17		41	2583.296703000
17		1358	2583.310255000
17		1358	2583.332567000
17		41	2583.342681000
17		1358	2583.368665000
17		41	2583.389589000
17		1358	2583.428241000
17		1358	2583.433845000
17		41	2583.434661000
17		41	2583.480860000
17		1358	2583.487048000
17		41	2583.527281000
17		1358	2583.534802000
17		1358	2583.546649000
17		41	2583.573049000
17		1358	2583.605568000
17		41	2583.618771000
17		1358	2583.636784000
17		41	2583.665562000
17		1358	2583.665756000
17		41	2583.711033000
17		41	2583.711063000
17		1358	2583.723878000
17		1358	2583.737339000
17		41	2583.756749000
17		1358	2583.783537000
17		41	2583.803279000
17		1358	2583.838391000
17		1358	2583.842688000
17		41	2583.848863000
17		41	2583.894775000
17		1358	2583.902227000
17		1358	2583.939630000
17		41	2583.940862000
17		1358	2583.960708000
17		41	2583.986691000
17		1358	2584.020509000
17		41	2584.032688000
17		1358	2584.040750000
17		1358	2584.078980000
17		41	2584.079426000
17		46	2584.125049000
17		33	2584.138990000
17		633	2584.139030000
17		1358	2584.142001000
17		41	2584.170911000
17		41	2584.217479000
17		1358	2584.242515000
17		41	2584.263466000
17		41	2584.263486000
17		41	2584.308660000
6	0		2584.334105000
6	0		2584.334154000
17		1358	2584.343659000
17		41	2584.355532000
6	0		2584.371387000
17		41	2584.400824000
17		1358	2584.445377000
17		41	2584.447036000
17		41	2584.493255000
17		41	2584.538772000
17		1358	2584.545882000
17		41	2584.584622000
17		41	2584.630866000
17		1358	2584.647090000
17		1117	2584.676907000
17		39	2584.677507000
17		1358	2584.678295000
17		1358	2584.678311000
17		1358	2584.678315000
17		1358	2584.678319000
17		1358	2584.678323000
17		1358	2584.678327000
17		1358	2584.678331000
17		1358	2584.678335000
17		1358	2584.678339000
17		1358	2584.678343000
17		41	2584.723016000
17		1358	2584.727461000
17		1358	2584.748258000
17		41	2584.768875000
17		1358	2584.773829000
17		41	2584.815358000
17		1358	2584.849614000
17		46	2584.860784000
17		33	2584.886579000
17		41	2584.906622000
17		1358	2584.930429000
17		41	2584.952721000
17		41	2584.952743000
17		47	2584.999517000
17		1358	2585.001086000
17		1358	2585.010829000
17		41	2585.044766000
17		1358	2585.080917000
17		41	2585.090922000
17		1358	2585.091479000
17		41	2585.136951000
17		1358	2585.160673000
17		1358	2585.172473000
17		41	2585.182642000
17		41	2585.228913000
17		1358	2585.239824000
17		1358	2585.253287000
17		41	2585.274792000
17		1358	2585.298083000
17		41	2585.321366000
17		1358	2585.333845000
17		1358	2585.357587000
17		41	2585.367547000
17		41	2585.412734000
17		1358	2585.415462000
17		1358	2585.416548000
17		41	2585.459201000
17		1358	2585.476644000
17		1358	2585.495642000
17		41	2585.504657000
17		1358	2585.535344000
17		41	2585.551201000
17		1358	2585.595258000
17		41	2585.596884000
17		41	2585.596905000
17		1358	2585.630156000
17		41	2585.643154000
17		1358	2585.654011000
17		41	2585.689222000
17		1358	2585.703548000
17		41	2585.735261000
17		1358	2585.752969000
17		1358	2585.764863000
17		41	2585.780967000
17		1358	2585.803902000
17		41	2585.826775000
17		1358	2585.853357000
17		41	2585.873001000
17		1358	2585.899263000
17		1358	2585.902514000
17		41	2585.919308000
17		1358	2585.952498000
17		41	2585.965091000
17		1358	2586.000869000
17		1358	2586.001920000
17		41	2586.011625000
17		1358	2586.052737000
17		41	2586.057204000
17		1358	2586.101143000
17		1358	2586.101937000
17		41	2586.102733000
17		41	2586.149041000
17		1358	2586.150679000
17		41	2586.194959000
17		1358	2586.201242000
17		1358	2586.202584000
17		41	2586.241120000
17		1358	2586.250586000
17		1358	2586.285471000
17		41	2586.286693000
17		1358	2586.301452000
17		41	2586.333381000
17		1358	2586.350257000
17		1358	2586.368530000
17		46	2586.378694000
17		33	2586.392596000
17		1358	2586.401530000
6	0		2586.412110000
6	0		2586.412161000
17		41	2586.424659000
17		1358	2586.450432000
17		1358	2586.451265000
17		41	2586.471026000
17		1358	2586.499484000
17		41	2586.517231000
17		1358	2586.534240000
17		1358	2586.550501000
6	0		2586.550916000
6	12		2586.551128000
17		41	2586.562664000
17		1358	2586.599420000
17		41	2586.609548000
17		1358	2586.617876000
17		1358	2586.649459000
17		41	2586.655030000
17		41	2586.655052000
6	0		2586.689695000
17		1358	2586.699743000
17		1358	2586.700741000
17		41	2586.701566000
17		41	2586.747453000
17		1358	2586.750672000
17		1358	2586.783628000
17		41	2586.792900000
17		1358	2586.801607000
17		41	2586.838713000
17		1358	2586.852128000
17		1358	2586.866508000
17		41	2586.885393000
17		41	2586.931613000
17		1358	2586.933446000
17		1358	2586.949807000
17		41	2586.977335000
17		1358	2586.979470000
17		41	2587.023050000
17		751	2587.024660000
17		1358	2587.032510000
17		41	2587.068701000
17		41	2587.114937000
17		1358	2587.116196000
6	0		2587.150764000
6	0		2587.150831000
17		41	2587.161214000
17		41	2587.161238000
6	0		2587.189425000
6	12		2587.189658000
17		1358	2587.198631000
17		41	2587.206710000
6	0		2587.228211000
6	12		2587.228260000
6	0		2587.228272000
6	1		2587.228461000
6	4		2587.228480000
6	32		2587.228489000
6	0		2587.228500000
17		46	2587.253449000
6	0		2587.267037000
6	0		2587.267072000
6	0		2587.267076000
6	0		2587.267142000
6	0		2587.267154000
17		33	2587.279536000
17		1358	2587.282150000
17		41	2587.299021000
17		41	2587.345492000
17		1358	2587.364790000
17		41	2587.391464000
17		41	2587.437218000
17		1358	2587.448532000
17		41	2587.483346000
17		41	2587.528911000
17		1358	2587.531540000
17		41	2587.575059000
17		1358	2587.614895000
17		41	2587.621709000
17		46	2587.667171000
17		33	2587.680992000
17		1358	2587.696909000
17		41	2587.712672000
17		41	2587.712700000
17		41	2587.759056000
17		1358	2587.780131000
17		41	2587.804859000
17		41	2587.851177000
17		1110	2587.851206000
17		33	2587.851823000
17		1358	2587.852917000
17		1358	2587.864014000
17		41	2587.897526000
17		1358	2587.903831000
17		41	2587.942950000
17		1358	2587.947679000
17		1358	2587.953392000
17		41	2587.989317000
17		1358	2588.003097000
17		41	2588.035406000
17		1358	2588.035807000
17		1358	2588.053059000
17		41	2588.081231000
17		1358	2588.102811000
17		41	2588.127130000
17		1358	2588.127616000
17		1358	2588.152835000
17		41	2588.172922000
17		1358	2588.194227000
17		1358	2588.202775000
17		41	2588.219321000
17		1358	2588.252163000
17		1358	2588.261049000
17		41	2588.264793000
17		1358	2588.301843000
17		41	2588.310920000
17		1358	2588.327725000
17		1358	2588.351851000
17		41	2588.356687000
17		1358	2588.400983000
17		41	2588.402842000
17		1358	2588.439250000
17		41	2588.448948000
17		1358	2588.451710000
17		41	2588.495433000
17		1358	2588.500961000
17		41	2588.540866000
17		1358	2588.549378000
17		1358	2588.550459000
17		47	2588.587276000
17		41	2588.587306000
17		1358	2588.600476000
17		41	2588.632990000
17		1358	2588.650314000
17		1358	2588.659917000
17		41	2588.679535000
17		1358	2588.700685000
17		41	2588.725336000
17		1358	2588.743112000
17		1358	2588.750022000
17		41	2588.771009000
17		1358	2588.800796000
6	0		2588.814974000
6	0		2588.815188000
17		46	2588.816945000
17		1358	2588.826084000
17		41	2588.863072000
17		1358	2588.864098000
17		1358	2588.909096000
17		41	2588.909216000
17		1358	2588.914757000
6	0		2588.953737000
17		41	2588.954871000
17		1358	2588.992692000
17		41	2589.001497000
17		1358	2589.003187000
17		41	2589.046665000
17		1358	2589.075236000
17		41	2589.093522000
17		1358	2589.095426000
17		41	2589.139338000
17		1358	2589.145665000
17		1358	2589.157797000
17		41	2589.184805000
17		1358	2589.196266000
17		41	2589.231308000
17		1358	2589.239667000
17		41	2589.276693000
17		1358	2589.278309000
17		1358	2589.320427000
17		41	2589.323058000
17		1358	2589.329007000
17		41	2589.369270000
17		1358	2589.400392000
17		41	2589.415134000
17		1358	2589.416713000
17		41	2589.460769000
17		1358	2589.467506000
17		1358	2589.480917000
17		41	2589.506802000
17		41	2589.553832000
17		1358	2589.555384000
17		1358	2589.560883000
17		41	2589.598699000
17		1358	2589.606442000
17		1358	2589.641387000
17		41	2589.645216000
17		41	2589.645241000
17		1358	2589.656653000
17		41	2589.691338000
17		1358	2589.706887000
17		1358	2589.721221000
17		41	2589.737013000
17		41	2589.783320000
17		1358	2589.784895000
17		1358	2589.801588000
17		41	2589.829332000
17		1358	2589.830944000
17		41	2589.875688000
17		1358	2589.881968000
17		41	2589.921226000
17		1358	2589.922823000
17		41	2589.966936000
17		1358	2589.967295000
17		46	2590.012918000
17		1358	2590.014557000
17		41	2590.059207000
17		1358	2590.059529000
17		41	2590.104667000
17		1358	2590.106214000
17		41	2590.150755000
17		41	2590.150782000
17		1358	2590.151174000
17		1358	2590.172705000
17		41	2590.197297000
17		1358	2590.240200000
17		41	2590.243081000
17		1358	2590.243564000
17		41	2590.289418000
17		1358	2590.307013000
17		41	2590.335658000
17		1358	2590.336016000
17		41	2590.381534000
17		1358	2590.383114000
17		41	2590.426957000
17		1358	2590.427583000
17		41	2590.473401000
17		1358	2590.474664000
17		41	2590.518831000
17		1358	2590.519165000
17		41	2590.564887000
17		1358	2590.566878000
17		41	2590.611455000
17		1358	2590.617711000
17		41	2590.657192000
17		41	2590.657215000
17		1358	2590.657711000
17		1358	2590.668451000
17		41	2590.702657000
17		1358	2590.738019000
17		41	2590.748738000
17		132	2590.750380000
17		41	2590.794902000
17		1358	2590.818272000
17		41	2590.841941000
17		41	2590.887109000
17		46	2590.932936000
17		1358	2590.933268000
17		41	2590.979291000
17		41	2591.025154000
17		1358	2591.025500000
17		41	2591.071380000
17		41	2591.117397000
17		1358	2591.117732000
17		41	2591.163425000
17		41	2591.209357000
17		41	2591.209380000
17		1358	2591.225064000
17		41	2591.254792000
17		41	2591.301248000
17		1358	2591.332354000
17		41	2591.347084000
17		41	2591.393412000
17		41	2591.438832000
17		1358	2591.440360000
17		41	2591.484842000
17		46	2591.530721000
17		33	2591.545412000
17		1358	2591.547682000
17		41	2591.577365000
17		41	2591.622956000
17		1358	2591.627917000
17		41	2591.668642000
17		1358	2591.708251000
17		41	2591.715406000
17		41	2591.715430000
17		41	2591.761420000
17		1358	2591.788981000
17		41	2591.807448000
17		41	2591.852932000
17		1358	2591.869681000
17		41	2591.899216000
17		1034	2591.945304000
17		41	2591.945328000
17		39	2591.945987000
17		149	2591.946730000
17		1353	2591.946743000
17		1358	2591.946767000
17		1358	2591.946775000
17		1358	2591.946779000
17		1358	2591.946789000
17		1358	2591.946794000
17		1358	2591.946798000
17		1358	2591.946802000
17		1358	2591.946805000
17		1358	2591.950682000
17		1358	2591.988141000
17		41	2591.991153000
17		1358	2592.027439000
17		1358	2592.030969000
17		41	2592.037158000
17		1358	2592.067313000
17		41	2592.083074000
17		1358	2592.107536000
17		1358	2592.111633000
17		41	2592.129188000
17		1358	2592.147020000
17		41	2592.175562000
17		1358	2592.185999000
17		41	2592.220969000
17		1358	2592.226517000
17		41	2592.267072000
17		41	2592.313463000
17		46	2592.358802000
17		33	2592.384314000
17		41	2592.404701000
17		1358	2592.405037000
17		47	2592.451337000
17		41	2592.451364000
17		1358	2592.451785000
17		33	2592.464675000
17		41	2592.497370000
17		1358	2592.498952000
17		41	2592.543030000
17		1358	2592.566580000
17		41	2592.588900000
17		1358	2592.632880000
17		41	2592.634818000
17		41	2592.680906000
17		1358	2592.699537000
17		41	2592.727149000
17		1358	2592.765657000
17		41	2592.772718000
17		41	2592.818705000
17		1358	2592.831560000
17		41	2592.864837000
17		1358	2592.898265000
17		41	2592.911073000
17		41	2592.911103000
17		1358	2592.911461000
17		41	2592.957487000
17		1358	2592.964343000
17		1358	2592.992005000
17		41	2593.002682000
17		1358	2593.014447000
17		41	2593.049187000
17		1358	2593.064832000
17		1358	2593.071930000
17		41	2593.094655000
17		1358	2593.114139000
17		41	2593.140844000
17		1358	2593.152324000
17		1358	2593.163547000
17		41	2593.187216000
17		1358	2593.213252000
17		1358	2593.233303000
17		41	2593.233798000
17		1358	2593.262699000
17		41	2593.279333000
17		1358	2593.313221000
17		1358	2593.313785000
17		41	2593.324710000
17		1358	2593.362308000
17		41	2593.370698000
17		1358	2593.393460000
17		1358	2593.412495000
17		41	2593.417343000
17		1358	2593.462725000
17		41	2593.463480000
17		1358	2593.473474000
17		41	2593.508911000
17		1358	2593.510554000
17		1358	2593.553452000
17		46	2593.555585000
17		1358	2593.562687000
17		41	2593.601479000
17		1358	2593.611478000
17		1358	2593.633655000
17		41	2593.646911000
17		1358	2593.661431000
17		41	2593.692832000
17		1358	2593.711643000
17		1358	2593.714132000
17		41	2593.739485000
17		1358	2593.760440000
17		41	2593.785077000
17		1358	2593.794398000
17		1358	2593.810626000
17		41	2593.831592000
17		1358	2593.860563000
17		1358	2593.875007000
17		41	2593.876733000
17		1358	2593.910357000
17		41	2593.922903000
17		1358	2593.954733000
17		1358	2593.960003000
17		41	2593.969373000
17		1358	2594.009684000
17		41	2594.014793000
17		41	2594.014815000
17		1358	2594.035908000
17		1358	2594.060156000
17		41	2594.060699000
17		41	2594.107122000
17		1358	2594.109507000
17		1358	2594.115202000
17		41	2594.153471000
17		1358	2594.159278000
17		1358	2594.195532000
17		41	2594.199331000
17		1358	2594.208942000
17		41	2594.244870000
17		634	2594.257887000
17		1358	2594.275833000
17		41	2594.290993000
17		41	2594.336767000
17		1358	2594.356038000
17		41	2594.383186000
17		41	2594.429682000
17		1358	2594.436617000
17		41	2594.474697000
17		1358	2594.517372000
17		41	2594.521408000
17		41	2594.521435000
17		41	2594.566802000
17		1358	2594.596682000
17		41	2594.612943000
17		41	2594.658835000
17		1358	2594.677028000
17		41	2594.705271000
17		41	2594.750943000
17		1358	2594.757953000
17		41	2594.797381000
17		1358	2594.837683000
17		41	2594.843419000
17		41	2594.888719000
17		1358	2594.918154000
17		46	2594.935282000
17		33	2594.949621000
17		41	2594.981378000
17		1358	2594.998473000
17		46	2595.026679000
17		33	2595.052718000
17		41	2595.073369000
17		1358	2595.073403000
17		1358	2595.074425000
17		1358	2595.078206000
17		33	2595.099770000
17		41	2595.118963000
17		41	2595.118992000
17		1358	2595.159065000
17		41	2595.165036000
17		41	2595.210932000
17		1358	2595.239377000
17		41	2595.256629000
6	0		2595.268917000
6	0		2595.268972000
17		41	2595.303290000
6	0		2595.307828000
6	12		2595.308033000
17		1358	2595.319329000
6	0		2595.346874000
6	12		2595.346924000
6	0		2595.346937000
6	1		2595.347121000
6	4		2595.347140000
6	32		2595.347160000
6	0		2595.347178000
17		41	2595.349444000
6	0		2595.386006000
6	0		2595.386043000
6	0		2595.386208000
6	0		2595.386224000
17		41	2595.395351000
17		1358	2595.399494000
17		41	2595.441864000
17		1358	2595.479398000
17		1124	2595.487076000
17		39	2595.487734000
17		187	2595.503114000
17		1353	2595.503180000
17		1358	2595.503185000
17		1358	2595.503188000
17		1358	2595.503192000
17		1358	2595.503196000
17		1358	2595.503199000
17		1358	2595.503202000
17		1358	2595.503205000
17		1358	2595.503208000
17		41	2595.532936000
17		1358	2595.554432000
17		1358	2595.560449000
17		41	2595.579075000
17		1358	2595.603477000
17		41	2595.625486000
17		1358	2595.640041000
17		1358	2595.653200000
17		41	2595.671478000
17		1358	2595.703431000
17		41	2595.717229000
17		1358	2595.720412000
17		1358	2595.753256000
17		41	2595.762806000
17		1358	2595.800827000
17		1358	2595.802935000
17		41	2595.809125000
17		1358	2595.852145000
17		41	2595.855005000
17		1358	2595.880945000
17		41	2595.901251000
17		1358	2595.902584000
17		695	2595.946984000
17		41	2595.947007000
17		35	2595.947869000
17		1358	2595.951799000
17		76	2595.956293000
17		33	2595.956336000
17		1358	2595.960878000
17		41	2595.993485000
17		1358	2596.002572000
17		41	2596.038946000
17		1358	2596.041259000
17		1358	2596.051315000
17		41	2596.085517000
17		1358	2596.101032000
17		1358	2596.121441000
17		41	2596.131429000
17		1358	2596.151644000
17		41	2596.177221000
17		1358	2596.200412000
17		1358	2596.201744000
17		47	2596.223414000
17		41	2596.223444000
17		33	2596.236670000
17		1358	2596.250769000
17		41	2596.269132000
17		1358	2596.282137000
17		1358	2596.300688000
17		41	2596.314926000
17		41	2596.360759000
17		1358	2596.362024000
17		1358	2596.362286000
17		41	2596.406946000
17		1358	2596.409025000
17		1358	2596.442347000
17		41	2596.453263000
17		1358	2596.459698000
17		41	2596.498664000
17		1358	2596.510249000
17		1358	2596.522658000
17		41	2596.544682000
17		1358	2596.560617000
17		41	2596.590670000
17		1358	2596.602664000
17		1358	2596.610702000
17		41	2596.636641000
17		1358	2596.659917000
17		46	2596.682732000
17		1358	2596.683136000
17		1358	2596.711111000
17		41	2596.729116000
17		1358	2596.759739000
17		1358	2596.763004000
17		41	2596.774986000
17		41	2596.821087000
17		1358	2596.822676000
17		1358	2596.843190000
17		41	2596.867327000
17		1358	2596.869075000
17		41	2596.913206000
17		1358	2596.923426000
17		41	2596.959234000
17		1358	2596.960990000
17		1358	2596.987522000
17		41	2597.005590000
17		41	2597.051251000
17		1358	2597.052335000
17		1358	2597.052361000
17		1358	2597.093072000
17		41	2597.096698000
17		1358	2597.115876000
17		41	2597.143913000
17		41	2597.143945000
17		1358	2597.145470000
17		1358	2597.180219000
17		44	2597.188947000
17		636	2597.188971000
17		41	2597.188978000
17		35	2597.189789000
17		1358	2597.190446000
17		76	2597.198400000
17		33	2597.198553000
17		41	2597.235064000
17		1358	2597.245003000
17		41	2597.280667000
17		1358	2597.282471000
17		1358	2597.308525000
17		41	2597.326866000
17		41	2597.372918000
17		1358	2597.372956000
17		1358	2597.374087000
17		48	2597.418854000
17		34	2597.419613000
17		1358	2597.436926000
17		1358	2597.441904000
17		41	2597.465122000
17		1358	2597.501165000
17		41	2597.511657000
17		1358	2597.513163000
17		41	2597.557099000
17		1358	2597.565577000
17		1358	2597.580049000
17		41	2597.603069000
17		1358	2597.630185000
17		41	2597.649430000
17		41	2597.649452000
17		1358	2597.651116000
17		41	2597.695291000
17		1358	2597.736289000
17		41	2597.741122000
17		41	2597.787335000
17		41	2597.833473000
17		1358	2597.835226000
6	0		2597.843381000
6	0		2597.843433000
17		1358	2597.843592000
17		41	2597.879588000
17		41	2597.924688000
17		1358	2597.926381000
17		1358	2597.950861000
17		41	2597.970646000
17		1358	2597.982980000
17		41	2598.017241000
6	0		2598.023468000
17		1358	2598.057555000
17		41	2598.063189000
17		1358	2598.064900000
17		41	2598.108913000
17		41	2598.108934000
17		34	2598.109320000
17		41	2598.154957000
17		1358	2598.156112000
17		1358	2598.164784000
17		41	2598.201466000
17		1358	2598.211723000
17		41	2598.246907000
17		1358	2598.267324000
17		1358	2598.271240000
17		41	2598.292806000
17		1358	2598.322757000
17		41	2598.339297000
17		1358	2598.351464000
17		41	2598.384998000
17		1358	2598.386102000
17		41	2598.431496000
17		1358	2598.431882000
17		41	2598.477347000
17		1358	2598.478941000
17		1358	2598.511647000
17		41	2598.523264000
17		41	2598.568813000
17		1358	2598.570378000
17		1358	2598.592039000
17		41	2598.614742000
17		41	2598.660922000
17		1358	2598.672101000
17		41	2598.707253000
17		1358	2598.708853000
17		1358	2598.752284000
17		41	2598.753552000
17		1358	2598.764789000
17		41	2598.798650000
17		41	2598.798674000
17		37	2598.800488000
17		1358	2598.819451000
17		1358	2598.832759000
17		41	2598.844805000
17		41	2598.844829000
17		44	2598.891559000
17		41	2598.891593000
17		41	2598.891600000
17		1358	2598.893190000
17		1358	2598.912764000
17		33	2598.917110000
17		41	2598.936864000
17		41	2598.983354000
17		1358	2598.984961000
17		1358	2598.993180000
17		41	2599.029029000
17		1358	2599.073258000
17		41	2599.075045000
17		41	2599.121485000
17		1358	2599.122934000
17		1358	2599.153434000
17		41	2599.167308000
17		41	2599.212758000
17		1358	2599.214344000
17		1358	2599.234047000
17		41	2599.259025000
17		41	2599.305696000
17		41	2599.305733000
17		1358	2599.306967000
17		1358	2599.314059000
17		41	2599.351398000
17		1358	2599.362933000
17		1358	2599.394373000
17		41	2599.397049000
17		41	2599.442637000
17		1358	2599.444236000
17		1358	2599.474209000
17		41	2599.489495000
17		41	2599.535662000
17		1358	2599.537239000
17		1358	2599.554832000
17		41	2599.581348000
17		41	2599.627037000
17		1358	2599.628574000
17		1358	2599.634589000
17		41	2599.672833000
17		1358	2599.715359000
17		41	2599.719050000
17		41	2599.719072000
17		36	2599.719359000
17		1358	2599.720282000
17		41	2599.765541000
17		1358	2599.795374000
17		41	2599.811531000
17		1358	2599.813094000
17		41	2599.856801000
17		41	2599.856824000
17		1358	2599.869326000
17		1358	2599.875311000
17		41	2599.903254000
17		1358	2599.925581000
17		41	2599.949385000
17		1358	2599.955881000
17		1358	2599.982745000
17		41	2599.995557000
17		1358	2600.035677000
17		41	2600.041273000
17		1358	2600.042798000
6	0		2600.086887000
17		41	2600.086921000
6	0		2600.088108000
17		1358	2600.116185000
17		41	2600.133059000
17		1358	2600.134633000
17		41	2600.179075000
17		1358	2600.196428000
17		41	2600.224926000
17		1358	2600.226061000
17		41	2600.270879000
17		1358	2600.277155000
17		41	2600.317336000
17		1358	2600.318249000
17		41	2600.363166000
17		1358	2600.363584000
17		41	2600.409576000
17		1358	2600.411158000
17		1358	2600.443796000
17		41	2600.454870000
17		46	2600.501151000
17		1358	2600.502760000
17		1358	2600.524111000
17		41	2600.547003000
17		1358	2600.558694000
17		41	2600.592994000
17		1358	2600.605233000
17		41	2600.638946000
17		1358	2600.640571000
17		41	2600.685251000
17		1358	2600.685627000
17		41	2600.730725000
17		1358	2600.732304000
17		41	2600.776860000
17		1358	2600.777228000
17		41	2600.823040000
17		1358	2600.857789000
17		41	2600.869421000
17		1358	2600.871008000
17		41	2600.914764000
17		1358	2600.938051000
17		41	2600.961686000
17		41	2600.961715000
17		1358	2600.963296000
17		41	2601.007200000
17		1358	2601.008083000
17		1358	2601.018584000
17		41	2601.053388000
17		41	2601.098996000
17		1358	2601.099490000
17		1358	2601.100286000
17		41	2601.144733000
17		1358	2601.179895000
17		41	2601.190665000
17		1358	2601.192276000
17		41	2601.236879000
17		1358	2601.260370000
17		41	2601.282872000
17		1358	2601.283998000
17		41	2601.329484000
17		1358	2601.340747000
17		41	2601.375283000
17		1358	2601.376879000
17		41	2601.420625000
17		1358	2601.420925000
17		46	2601.466706000
17		33	2601.492226000
17		1358	2601.501298000
17		41	2601.513518000
17		41	2601.513540000
17		1358	2601.515082000
17		41	2601.559673000
17		1358	2601.582233000
17		1358	2601.589650000
17		41	2601.605180000
17		41	2601.650718000
17		1358	2601.662904000
17		1358	2601.664491000
17		41	2601.697098000
17		1358	2601.738947000
17		41	2601.743736000
17		1358	2601.744090000
17		41	2601.789536000
17		1358	2601.813868000
17		41	2601.835129000
17		1358	2601.835879000
17		41	2601.881469000
17		1358	2601.888568000
17		41	2601.926847000
17		1358	2601.927115000
17		41	2601.972900000
17		1358	2601.974428000
17		41	2602.019213000
17		41	2602.019233000
17		1358	2602.019566000
17		1358	2602.030845000
17		41	2602.065487000
17		1358	2602.083858000
17		41	2602.111145000
17		1358	2602.113146000
17		41	2602.156777000
17		1358	2602.157115000
17		46	2602.203161000
17		1358	2602.204825000
17		41	2602.249157000
17		1358	2602.249469000
17		41	2602.295123000
17		1358	2602.296856000
17		41	2602.341663000
17		1358	2602.342870000
17		41	2602.386963000
17		1358	2602.388557000
17		41	2602.432820000
17		1358	2602.433129000
17		41	2602.478833000
17		41	2602.525596000
17		1358	2602.525998000
17		41	2602.570885000
17		41	2602.570910000
17		41	2602.616803000
17		1358	2602.633933000
17		41	2602.663305000
17		41	2602.708911000
17		1358	2602.740907000
17		41	2602.755442000
17		41	2602.801122000
17		41	2602.846980000
17		1358	2602.847379000
17		41	2602.893185000
17		41	2602.938952000
17		1358	2602.954860000
17		41	2602.984835000
17		41	2603.031401000
17		41	2603.077526000
17		41	2603.077549000
17		46	2603.123187000
17		33	2603.148697000
17		41	2603.169342000
17		41	2603.214765000
17		41	2603.260841000
17		41	2603.307194000
17		41	2603.353280000
6	0		2603.387548000
6	0		2603.387624000
17		41	2603.399425000
6	0		2603.426483000
6	12		2603.426744000
17		41	2603.445301000
6	0		2603.465579000
6	12		2603.465660000
6	0		2603.465676000
6	1		2603.465859000
6	4		2603.465878000
6	32		2603.465889000
6	0		2603.465902000
17		41	2603.490784000
6	0		2603.504584000
6	0		2603.504697000
6	0		2603.504711000
6	0		2603.504820000
6	0		2603.504838000
17		41	2603.537338000
17		41	2603.582939000
17		41	2603.629655000
17		41	2603.629680000
17		41	2603.675324000
17		41	2603.721073000
17		41	2603.767540000
17		41	2603.813445000
17		41	2603.858985000
17		1358	2603.860584000
17		41	2603.904641000
17		46	2603.950824000
17		1358	2603.952356000
17		41	2603.996628000
17		41	2604.043025000
17		1358	2604.044653000
17		41	2604.089573000
17		41	2604.135114000
17		41	2604.135144000
17		1358	2604.136499000
17		41	2604.181159000
17		1358	2604.191930000
17		41	2604.227781000
17		41	2604.273518000
17		1358	2604.273874000
17		41	2604.319569000
17		1358	2604.319923000
17		765	2604.365579000
17		41	2604.365602000
17		36	2604.366724000
17		107	2604.378712000
17		83	2604.378984000
17		1358	2604.401283000
17		41	2604.410824000
17		41	2604.457345000
17		1358	2604.481167000
17		41	2604.503744000
17		1358	2604.505349000
17		41	2604.549347000
17		1358	2604.561598000
17		1358	2604.561949000
17		41	2604.595603000
17		1358	2604.616421000
17		41	2604.641312000
17		1358	2604.672774000
17		41	2604.686891000
17		41	2604.686930000
17		1358	2604.687479000
17		1358	2604.726960000
17		46	2604.733034000
17		41	2604.733064000
17		33	2604.758714000
17		1358	2604.768699000
17		44	2604.778984000
17		41	2604.779004000
17		41	2604.779009000
17		1358	2604.782400000
17		33	2604.805435000
17		41	2604.824946000
17		1358	2604.837264000
17		1358	2604.848527000
17		41	2604.870696000
17		1358	2604.892354000
17		41	2604.917492000
17		1358	2604.928856000
17		1358	2604.948676000
17		41	2604.963617000
17		1358	2605.003361000
17		1358	2605.008395000
17		41	2605.009010000
17		41	2605.055405000
17		1358	2605.058058000
17		1358	2605.089542000
17		41	2605.101354000
17		1358	2605.113450000
17		41	2605.146988000
17		1358	2605.168718000
17		1358	2605.168757000
17		41	2605.193505000
17		1358	2605.224150000
17		41	2605.239081000
17		1358	2605.249723000
17		1358	2605.278834000
17		41	2605.285563000
17		1358	2605.329485000
17		41	2605.330754000
17		1358	2605.334245000
17		41	2605.376797000
17		41	2605.376824000
17		1358	2605.388908000
17		1358	2605.410075000
17		41	2605.423234000
17		1358	2605.445720000
17		41	2605.469110000
17		1358	2605.489689000
17		1358	2605.499702000
17		41	2605.514943000
17		1358	2605.555616000
17		41	2605.560857000
17		1358	2605.570500000
17		41	2605.607479000
17		1358	2605.610306000
17		1358	2605.650111000
17		46	2605.653537000
17		1358	2605.665848000
17		41	2605.699250000
17		1358	2605.720649000
17		1358	2605.731059000
17		41	2605.744767000
17		1358	2605.775736000
17		41	2605.791398000
17		1358	2605.811047000
17		1358	2605.831258000
17		41	2605.836635000
17		41	2605.883551000
17		41	2605.883589000
17		1358	2605.885169000
17		1358	2605.890935000
17		41	2605.929566000
17		1358	2605.941507000
17		1358	2605.971857000
17		41	2605.975122000
17		1358	2605.997267000
6	0		2606.008256000
6	0		2606.008309000
17		41	2606.020812000
6	0		2606.049291000
17		1358	2606.051503000
17		1358	2606.051755000
17		41	2606.067288000
17		1358	2606.106484000
17		41	2606.113586000
17		1358	2606.132070000
17		41	2606.158633000
17		1358	2606.162852000
17		41	2606.205221000
17		1358	2606.211642000
17		1358	2606.217208000
17		41	2606.250756000
17		1358	2606.273241000
17		1358	2606.292350000
17		41	2606.296778000
17		1358	2606.328408000
17		41	2606.343351000
17		1358	2606.355955000
17		1358	2606.382646000
17		41	2606.389240000
17		1358	2606.420580000
17		41	2606.434774000
17		1358	2606.438858000
17		41	2606.481095000
17		1358	2606.484639000
17		1358	2606.493751000
17		41	2606.526920000
17		1358	2606.537145000
17		1358	2606.548433000
17		41	2606.572928000
17		1358	2606.581979000
17		1358	2606.613337000
17		41	2606.619476000
17		1358	2606.626493000
17		41	2606.665311000
17		1358	2606.669853000
17		1358	2606.677239000
17		41	2606.710674000
17		1358	2606.714936000
17		46	2606.757117000
17		1358	2606.757990000
17		33	2606.782898000
17		1358	2606.784093000
17		41	2606.803702000
17		41	2606.849424000
17		1358	2606.851073000
17		1358	2606.890952000
17		41	2606.895597000
17		41	2606.941626000
17		41	2606.941653000
17		1358	2606.943268000
17		41	2606.987172000
17		1358	2606.997605000
17		1358	2607.026383000
17		41	2607.033630000
17		685	2607.078752000
17		41	2607.078777000
17		36	2607.079612000
17		75	2607.088396000
17		33	2607.088824000
17		1358	2607.105362000
17		1358	2607.110010000
17		46	2607.124619000
17		33	2607.138137000
17		41	2607.170881000
17		1358	2607.184744000
17		1358	2607.193240000
17		41	2607.217247000
17		41	2607.263173000
17		1358	2607.265069000
17		1358	2607.276757000
17		41	2607.309494000
17		1358	2607.340512000
17		1358	2607.345252000
17		41	2607.354677000
17		41	2607.401448000
17		1358	2607.403082000
17		1358	2607.425690000
17		41	2607.446711000
17		41	2607.446735000
17		1358	2607.465338000
17		41	2607.492828000
17		1358	2607.506516000
17		1358	2607.527937000
17		41	2607.538632000
17		41	2607.585031000
17		1358	2607.585894000
17		1358	2607.590236000
17		41	2607.631015000
17		1358	2607.666009000
17		41	2607.677552000
17		1358	2607.679289000
17		41	2607.723170000
6	0		2607.724063000
6	0		2607.724100000
17		1358	2607.742521000
17		1358	2607.746451000
6	0		2607.765434000
17		41	2607.769184000
17		41	2607.815571000
17		1358	2607.817127000
17		1358	2607.827145000
17		41	2607.860750000
17		1358	2607.880731000
17		1358	2607.906945000
17		41	2607.906947000
17		41	2607.952824000
17		1358	2607.954413000
17		1358	2607.987308000
17		41	2607.999284000
17		41	2607.999306000
17		1358	2608.017137000
17		41	2608.046307000
17		1358	2608.067117000
17		44	2608.090970000
17		41	2608.090997000
17		41	2608.091004000
17		1358	2608.092561000
17		33	2608.116524000
17		41	2608.137197000
17		1358	2608.147522000
17		41	2608.182844000
17		1358	2608.184401000
17		1358	2608.227988000
17		41	2608.229548000
17		41	2608.275194000
17		1358	2608.276799000
17		1358	2608.308062000
17		41	2608.321042000
17		41	2608.367332000
17		1358	2608.368901000
17		1358	2608.388278000
17		41	2608.413337000
17		1358	2608.432185000
17		41	2608.459137000
17		1358	2608.468229000
17		41	2608.505244000
17		1358	2608.506805000
17		1358	2608.548640000
17		41	2608.551395000
6	0		2608.551419000
6	0		2608.551912000
17		41	2608.597029000
17		41	2608.597063000
17		1358	2608.598642000
17		1358	2608.629429000
17		46	2608.642960000
17		33	2608.656780000
17		1358	2608.661370000
17		46	2608.689371000
17		33	2608.715132000
17		41	2608.735409000
17		1358	2608.736965000
17		41	2608.781200000
17		41	2608.827117000
17		1358	2608.828789000
17		41	2608.873146000
17		1358	2608.891418000
17		41	2608.918709000
17		1358	2608.919149000
17		41	2608.964645000
17		1358	2608.966224000
17		41	2609.011122000
17		1358	2609.011455000
17		41	2609.057314000
17		1358	2609.058935000
17		41	2609.103356000
17		1358	2609.103709000
17		41	2609.149530000
17		41	2609.149555000
17		1358	2609.150647000
17		1358	2609.185587000
17		41	2609.195097000
17		41	2609.240737000
17		1358	2609.267180000
17		41	2609.286964000
17		1358	2609.287539000
17		41	2609.333249000
17		1358	2609.349579000
17		41	2609.378846000
17		1358	2609.380132000
17		41	2609.424686000
17		1358	2609.431099000
17		41	2609.471397000
17		1358	2609.472193000
17		41	2609.517233000
17		1358	2609.517586000
17		41	2609.562917000
17		1358	2609.564493000
17		41	2609.609459000
17		1358	2609.609901000
17		41	2609.655448000
17		41	2609.655472000
17		1358	2609.657451000
17		1358	2609.675496000
17		41	2609.701025000
17		1358	2609.708752000
17		41	2609.747558000
17		1358	2609.748190000
17		41	2609.793046000
17		1358	2609.793787000
17		41	2609.839378000
17		1358	2609.839722000
17		41	2609.885007000
17		1358	2609.886610000
17		41	2609.931211000
17		1358	2609.936334000
17		41	2609.976834000
17		1358	2610.020018000
17		41	2610.023467000
17		41	2610.068977000
17		1358	2610.069390000
17		1358	2610.103203000
17		41	2610.115333000
17		41	2610.161150000
17		1358	2610.179175000
17		1358	2610.187080000
17		46	2610.207695000
17		33	2610.222041000
17		41	2610.253476000
17		41	2610.253500000
17		1358	2610.270062000
17		1358	2610.288730000
17		41	2610.299362000
17		41	2610.344720000
17		1358	2610.355038000
17		41	2610.391134000
17		1358	2610.397710000
17		41	2610.437008000
17		1358	2610.438822000
17		41	2610.482988000
17		1358	2610.503655000
17		1358	2610.507221000
17		46	2610.528816000
17		33	2610.554525000
17		41	2610.575272000
17		1358	2610.576981000
17		1358	2610.588251000
17		41	2610.620776000
17		41	2610.667346000
17		1358	2610.669000000
17		1358	2610.669496000
17		41	2610.713279000
17		1358	2610.751453000
17		41	2610.759483000
17		1358	2610.761088000
17		41	2610.805186000
17		41	2610.805212000
17		1358	2610.825109000
17		1358	2610.833013000
17		41	2610.851009000
17		41	2610.897274000
17		1358	2610.899026000
17		1358	2610.914454000
17		41	2610.943189000
17		41	2610.989565000
17		1358	2610.990714000
17		1358	2610.995757000
17		41	2611.035585000
17		1358	2611.054844000
17		1358	2611.077273000
17		41	2611.080923000
17		1358	2611.118356000
17		41	2611.127285000
17		1358	2611.158876000
17		41	2611.173602000
17		1358	2611.182421000
17		41	2611.219073000
17		1358	2611.241436000
17		41	2611.264651000
17		1358	2611.265553000
17		41	2611.311269000
17		41	2611.311295000
17		1358	2611.323315000
17		1358	2611.329966000
17		41	2611.357574000
17		1358	2611.394833000
17		41	2611.403011000
17		1358	2611.405296000
17		41	2611.449093000
17		1358	2611.459335000
17		41	2611.495555000
6	0		2611.506636000
6	0		2611.506688000
17		1358	2611.522637000
17		41	2611.541387000
17		1358	2611.541731000
6	0		2611.546475000
6	12		2611.546698000
6	0		2611.586581000
6	12		2611.586623000
6	0		2611.586639000
17		41	2611.586748000
6	1		2611.586914000
6	4		2611.586938000
6	32		2611.586953000
6	0		2611.586968000
17		1358	2611.588280000
6	0		2611.626627000
6	0		2611.626660000
6	0		2611.626684000
6	0		2611.626816000
6	0		2611.626834000
17		41	2611.632956000
17		1358	2611.633294000
17		41	2611.679560000
17		1358	2611.680745000
17		41	2611.725288000
17		1358	2611.725869000
17		41	2611.770733000
17		1358	2611.807943000
17		46	2611.817580000
17		1358	2611.819495000
17		41	2611.863339000
17		41	2611.863360000
17		1358	2611.883688000
17		1358	2611.890484000
17		41	2611.909449000
17		1358	2611.948077000
17		41	2611.955607000
17		1358	2611.972035000
17		41	2612.001248000
17		1358	2612.012360000
17		41	2612.047014000
17		1358	2612.053820000
17		41	2612.093582000
17		1358	2612.095090000
17		41	2612.138788000
17		1358	2612.139131000
17		41	2612.185069000
17		1358	2612.186858000
17		41	2612.231060000
17		1358	2612.231428000
17		41	2612.277120000
17		1358	2612.279006000
17		41	2612.322956000
17		1358	2612.323222000
17		41	2612.369488000
17		46	2612.369511000
17		1358	2612.371047000
17		33	2612.394786000
17		1358	2612.405038000
17		41	2612.415353000
17		1358	2612.436037000
17		41	2612.461301000
17		1358	2612.499629000
17		41	2612.507130000
17		1358	2612.507608000
17		41	2612.552824000
17		1358	2612.564407000
17		41	2612.598778000
17		1358	2612.628741000
17		41	2612.645428000
17		1358	2612.645828000
17		41	2612.690941000
17		1358	2612.692498000
17		41	2612.736738000
17		1358	2612.737071000
17		41	2612.782738000
17		1358	2612.784301000
17		41	2612.829326000
17		1358	2612.829818000
17		41	2612.875261000
17		1358	2612.911500000
17		41	2612.920945000
17		1358	2612.922488000
17		41	2612.966695000
17		1358	2612.974212000
17		1358	2612.976927000
17		41	2613.012841000
17		1358	2613.024650000
17		41	2613.059265000
17		1358	2613.059926000
17		41	2613.104808000
17		1358	2613.106447000
17		41	2613.150792000
17		1358	2613.151566000
17		41	2613.196648000
17		1358	2613.198226000
17		41	2613.243485000
17		1358	2613.243875000
17		41	2613.289369000
17		1358	2613.290969000
17		41	2613.334884000
17		1358	2613.353170000
17		41	2613.381116000
17		1358	2613.382026000
17		46	2613.426637000
17		41	2613.426665000
17		33	2613.440524000
17		1358	2613.467597000
17		1358	2613.467643000
17		41	2613.473034000
17		41	2613.518818000
17		1358	2613.553613000
17		41	2613.564917000
17		1358	2613.581736000
17		41	2613.611695000
17		1358	2613.638758000
17		41	2613.657275000
17		1358	2613.696027000
17		41	2613.702836000
17		1358	2613.703767000
17		41	2613.749024000
17		1358	2613.767270000
17		1358	2613.781921000
17		41	2613.795039000
17		1358	2613.830955000
17		41	2613.840809000
17		1358	2613.867731000
17		41	2613.886993000
17		1358	2613.895649000
17		41	2613.932843000
17		1358	2613.953610000
17		41	2613.979393000
17		41	2613.979418000
17		1358	2613.981407000
17		41	2614.024973000
17		1358	2614.039872000
17		1358	2614.044963000
17		41	2614.070989000
17		41	2614.117125000
17		1358	2614.118710000
17		1358	2614.125879000
17		41	2614.163009000
17		41	2614.209062000
17		1358	2614.210661000
17		1358	2614.211529000
17		46	2614.255172000
17		33	2614.281249000
17		1358	2614.297426000
17		41	2614.300658000
17		1358	2614.302918000
17		41	2614.347597000
17		1358	2614.383243000
17		41	2614.393364000
17		1358	2614.395080000
17		41	2614.439215000
17		41	2614.485548000
17		1358	2614.487208000
17		41	2614.530708000
17		41	2614.530739000
17		1358	2614.551693000
17		41	2614.576686000
17		1358	2614.615709000
17		41	2614.622652000
17		1358	2614.623150000
17		41	2614.668981000
17		1358	2614.679601000
17		41	2614.715222000
17		1358	2614.715658000
17		41	2614.760879000
17		1358	2614.762474000
17		41	2614.806723000
17		1358	2614.826271000
17		41	2614.853401000
17		41	2614.899627000
17		41	2614.945467000
17		46	2614.990952000
17		33	2615.005506000
17		41	2615.037257000
17		41	2615.037287000
17		41	2615.082952000
17		41	2615.129403000
17		41	2615.175236000
17		41	2615.220993000
17		41	2615.267262000
17		41	2615.313406000
17		1358	2615.313800000
17		41	2615.359393000
17		1358	2615.399699000
17		41	2615.405220000
17		41	2615.450705000
17		1358	2615.485203000
17		41	2615.497142000
17		41	2615.543502000
17		41	2615.588735000
17		1358	2615.590339000
17		41	2615.635497000
17		1358	2615.635845000
17		1358	2615.654965000
17		41	2615.680720000
17		1358	2615.717036000
17		1358	2615.721745000
17		41	2615.726928000
17		41	2615.773016000
17		1358	2615.780304000
17		1358	2615.807072000
17		41	2615.819094000
17		1358	2615.844419000
17		41	2615.865028000
17		1358	2615.892927000
17		1358	2615.908008000
17		41	2615.911645000
17		41	2615.957062000
17		1358	2615.971020000
17		1358	2615.977902000
17		41	2616.003525000
17		1358	2616.034899000
17		41	2616.049083000
17		1358	2616.063534000
17		41	2616.095289000
17		1358	2616.096890000
17		1358	2616.132071000
17		41	2616.141163000
17		46	2616.141188000
17		1358	2616.159670000
17		33	2616.166595000
17		41	2616.187206000
17		1358	2616.200103000
17		1358	2616.223146000
17		41	2616.233772000
17		1358	2616.268511000
17		1358	2616.273625000
17		41	2616.279471000
17		41	2616.325086000
17		1358	2616.325340000
17		1358	2616.336990000
17		41	2616.371341000
17		1358	2616.375585000
17		1358	2616.405590000
17		41	2616.417125000
17		1358	2616.426032000
17		41	2616.462693000
17		1358	2616.473888000
17		1358	2616.475640000
17		41	2616.509310000
17		1358	2616.526459000
17		1358	2616.542637000
17		41	2616.555528000
17		1358	2616.578169000
17		46	2616.600725000
17		1358	2616.610253000
17		33	2616.614487000
17		1358	2616.627677000
17		41	2616.646660000
17		41	2616.646685000
17		41	2616.693587000
17		1358	2616.712235000
17		1358	2616.724856000
17		41	2616.739031000
17		41	2616.784854000
17		1358	2616.797179000
17		41	2616.831599000
17		1358	2616.838364000
17		41	2616.877401000
17		1358	2616.888528000
17		41	2616.923340000
17		1358	2616.952766000
17		41	2616.968823000
17		1358	2616.979879000
17		41	2617.014823000
17		41	2617.061135000
17		1358	2617.065829000
17		1358	2617.072581000
17		41	2617.106907000
17		1358	2617.141508000
17		1358	2617.152057000
17		41	2617.152647000
17		41	2617.199346000
17		41	2617.199380000
17		1358	2617.210411000
17		1358	2617.237136000
17		41	2617.245323000
17		1358	2617.284773000
17		41	2617.291334000
17		1358	2617.322223000
17		41	2617.337270000
17		1358	2617.359256000
17		41	2617.383243000
17		1358	2617.407953000
17		41	2617.429215000
17		1358	2617.432631000
17		41	2617.475208000
17		1358	2617.493191000
17		1358	2617.505671000
17		41	2617.520908000
17		41	2617.566917000
17		1358	2617.578617000
17		1358	2617.580009000
17		41	2617.612840000
17		1358	2617.653833000
17		41	2617.659146000
17		1358	2617.664451000
17		41	2617.704768000
17		1358	2617.727103000
17		1358	2617.749420000
17		41	2617.751666000
17		41	2617.797436000
17		1358	2617.800726000
17		1358	2617.835245000
17		41	2617.843075000
17		1358	2617.871971000
17		41	2617.889237000
17		1358	2617.920374000
17		41	2617.935083000
17		1358	2617.943016000
17		41	2617.981590000
17		1358	2618.005971000
17		1358	2618.014466000
17		41	2618.027243000
17		46	2618.073491000
17		1358	2618.086862000
17		1358	2618.091603000
17		41	2618.118688000
17		1358	2618.158638000
17		41	2618.164689000
17		1358	2618.177308000
17		46	2618.210805000
17		33	2618.224378000
17		1358	2618.229047000
17		41	2618.256716000
17		41	2618.256745000
17		1358	2618.262433000
17		1358	2618.301369000
17		41	2618.303070000
17		1358	2618.347659000
17		41	2618.348673000
17		1358	2618.372606000
17		41	2618.394790000
17		1358	2618.433422000
17		41	2618.440635000
17		1358	2618.444402000
17		41	2618.486694000
17		1358	2618.515196000
17		1358	2618.518509000
17		41	2618.533551000
17		41	2618.578784000
17		1358	2618.586796000
17		1358	2618.603910000
17		41	2618.624669000
17		1358	2618.658814000
17		41	2618.671084000
17		1358	2618.689551000
17		41	2618.717466000
17		1358	2618.730900000
17		41	2618.762899000
17		1358	2618.775357000
17		1358	2618.801464000
17		41	2618.809145000
17		41	2618.855514000
17		1358	2618.866613000
17		1358	2618.873045000
17		41	2618.900802000
17		1358	2618.945120000
17		41	2618.947273000
17		1358	2618.958973000
17		41	2618.993091000
17		1358	2619.017452000
17		41	2619.039032000
17		1358	2619.050501000
17		41	2619.085052000
17		1358	2619.087434000
17		41	2619.131417000
17		1358	2619.143030000
6	0		2619.143400000
6	0		2619.143444000
17		1358	2619.159333000
17		41	2619.177405000
17		41	2619.223572000
17		1358	2619.231020000
17		1358	2619.234063000
17		41	2619.268796000
17		1358	2619.303619000
17		41	2619.314651000
17		41	2619.314680000
17		1358	2619.325901000
17		41	2619.361528000
17		1358	2619.374429000
17		41	2619.407113000
17		1358	2619.418894000
17		1358	2619.445350000
17		41	2619.453401000
17		41	2619.499515000
17		1358	2619.509415000
17		458	2619.517360000
17		41	2619.545520000
17		41	2619.591007000
17		1358	2619.601245000
6	0		2619.627265000
6	0		2619.627321000
17		41	2619.637645000
6	0		2619.666176000
6	12		2619.666431000
17		41	2619.683377000
17		1358	2619.693601000
6	0		2619.705316000
6	12		2619.705353000
6	0		2619.705366000
6	1		2619.705527000
6	4		2619.705546000
6	32		2619.705555000
6	0		2619.705567000
17		41	2619.729580000
6	0		2619.744493000
6	0		2619.744530000
6	0		2619.744535000
6	0		2619.744646000
6	0		2619.744679000
17		41	2619.775539000
17		1358	2619.785614000
17		46	2619.821262000
17		41	2619.821286000
17		33	2619.835204000
17		1358	2619.858834000
17		41	2619.866821000
6	0		2619.876922000
6	0		2619.876981000
17		46	2619.912877000
17		1358	2619.932348000
17		41	2619.959068000
17		41	2620.005374000
17		1358	2620.005393000
17		41	2620.051599000
17		1358	2620.079653000
17		41	2620.097215000
17		41	2620.142747000
17		1358	2620.153056000
17		41	2620.189049000
17		1358	2620.226057000
17		41	2620.235050000
17		41	2620.281409000
17		1358	2620.300037000
17		1035	2620.326984000
17		41	2620.327008000
17		39	2620.327633000
17		153	2620.328497000
17		1353	2620.359406000
17		1358	2620.359447000
17		1358	2620.359452000
17		1358	2620.359457000
17		1358	2620.359462000
17		1358	2620.359466000
17		1358	2620.359472000
17		1358	2620.359477000
17		1358	2620.359482000
17		41	2620.373057000
17		1358	2620.417655000
17		41	2620.419474000
17		1358	2620.422762000
17		41	2620.464739000
17		1358	2620.474486000
17		41	2620.510717000
17		1358	2620.532549000
17		1358	2620.545257000
17		41	2620.557522000
17		1358	2620.589811000
17		41	2620.602658000
6	0		2620.609947000
6	0		2620.610003000
17		1358	2620.645791000
17		41	2620.648735000
17		1358	2620.665274000
17		41	2620.694787000
17		47	2620.740950000
17		41	2620.740974000
17		1358	2620.748108000
17		33	2620.755509000
17		41	2620.786664000
17		1358	2620.788172000
17		1358	2620.828319000
17		41	2620.833584000
17		41	2620.879471000
17		1358	2620.884381000
17		1358	2620.908338000
17		41	2620.924940000
17		41	2620.971753000
17		1358	2620.980567000
17		1358	2620.988009000
17		41	2621.017318000
17		41	2621.063238000
17		1358	2621.068325000
17		1358	2621.075694000
17		41	2621.109579000
17		1358	2621.148687000
17		41	2621.154934000
17		1358	2621.170536000
17		41	2621.200766000
17		1358	2621.228363000
17		1358	2621.242809000
17		41	2621.246807000
17		41	2621.292774000
17		1358	2621.308704000
17		1358	2621.313966000
17		41	2621.339119000
17		41	2621.385160000
17		1358	2621.386729000
17		1358	2621.389291000
17		41	2621.431254000
17		1358	2621.456628000
17		1358	2621.468874000
17		41	2621.477168000
17		41	2621.523038000
17		1358	2621.528491000
17		1358	2621.548971000
17		41	2621.569115000
17		1358	2621.600088000
17		41	2621.614891000
17		1358	2621.629294000
17		1358	2621.656396000
17		41	2621.661195000
17		41	2621.706797000
17		41	2621.706822000
17		1358	2621.709406000
17		1358	2621.712106000
17		46	2621.753516000
17		1358	2621.767985000
17		33	2621.779583000
17		1358	2621.789559000
17		41	2621.799211000
17		1358	2621.824258000
17		41	2621.845219000
17		1358	2621.870008000
17		1358	2621.879925000
17		41	2621.891091000
17		1358	2621.935730000
17		41	2621.937043000
17		1358	2621.949316000
17		41	2621.983448000
17		1358	2621.990824000
17		41	2622.028697000
17		1358	2622.030043000
17		1358	2622.047240000
17		41	2622.074652000
17		1358	2622.102620000
17		1358	2622.109713000
17		46	2622.121573000
17		33	2622.135719000
17		1358	2622.158857000
17		41	2622.167541000
17		1358	2622.189844000
17		41	2622.213528000
17		41	2622.213552000
17		1358	2622.215036000
17		41	2622.258844000
17		1358	2622.269963000
17		1358	2622.270681000
17		41	2622.305272000
17		1358	2622.326771000
17		1358	2622.350804000
17		41	2622.350950000
17		1358	2622.382413000
17		41	2622.397089000
17		1358	2622.429945000
17		1358	2622.438844000
17		41	2622.443660000
17		41	2622.489525000
17		1358	2622.494370000
17		1358	2622.510092000
17		41	2622.535075000
17		1358	2622.549921000
17		41	2622.581556000
17		1358	2622.590276000
17		1358	2622.606127000
17		41	2622.627383000
6	0		2622.635024000
6	0		2622.635091000
17		1358	2622.662528000
17		1358	2622.670663000
17		41	2622.673294000
17		1358	2622.718306000
17		41	2622.719094000
17		1358	2622.750919000
17		41	2622.764876000
17		41	2622.764899000
17		1358	2622.773641000
17		41	2622.811138000
17		1358	2622.829909000
17		1358	2622.830510000
17		41	2622.856996000
17		1358	2622.886324000
17		41	2622.902824000
17		1358	2622.911448000
6	0		2622.918285000
6	41		2622.923753000
17		1358	2622.942034000
17		41	2622.949256000
17		1358	2622.990943000
17		41	2622.995427000
17		1358	2622.996511000
17		41	2623.041162000
17		1358	2623.053368000
17		1358	2623.071782000
17		41	2623.087608000
17		1358	2623.109584000
17		41	2623.133233000
17		1358	2623.150839000
17		1358	2623.165379000
17		41	2623.179535000
6	0		2623.204541000
6	21		2623.204585000
6	0		2623.204594000
6	1080		2623.205594000
17		1358	2623.221708000
17		41	2623.224722000
17		1358	2623.231058000
17		41	2623.271638000
17		1358	2623.277284000
17		1358	2623.311384000
17		41	2623.317377000
17		1358	2623.333035000
17		41	2623.362753000
17		1358	2623.388805000
17		1358	2623.391192000
17		41	2623.409232000
17		1358	2623.445017000
17		41	2623.455097000
17		1358	2623.471746000
6	0		2623.487066000
6	440		2623.487108000
17		1358	2623.499821000
17		41	2623.501230000
6	0		2623.530231000
17		1358	2623.535830000
17		41	2623.546990000
17		1358	2623.555730000
17		41	2623.593257000
17		1358	2623.599551000
17		1358	2623.612719000
17		46	2623.639016000
17		33	2623.652769000
17		1358	2623.663674000
17		1358	2623.668484000
17		46	2623.684794000
17		33	2623.710526000
17		1358	2623.727686000
17		41	2623.730870000
17		1358	2623.732460000
17		41	2623.777023000
17		1358	2623.778583000
17		1358	2623.791863000
6	48		2623.811829000
6	0		2623.811865000
6	280		2623.815746000
17		41	2623.822722000
17		41	2623.822745000
17		1358	2623.824322000
17		1358	2623.855865000
17		41	2623.868668000
17		41	2623.915022000
17		1358	2623.916789000
17		1358	2623.920034000
17		41	2623.961315000
17		1358	2623.962992000
17		41	2624.006912000
17		1358	2624.007354000
17		41	2624.053287000
17		1358	2624.054906000
6	0		2624.096536000
17		41	2624.098985000
17		1358	2624.114364000
6	16		2624.127551000
17		41	2624.145182000
17		1358	2624.146885000
6	0		2624.170209000
17		41	2624.191446000
17		1358	2624.221527000
17		41	2624.237157000
17		1358	2624.238797000
17		41	2624.283559000
17		1358	2624.314377000
17		41	2624.329143000
17		1358	2624.329529000
17		41	2624.375260000
17		41	2624.375293000
17		1358	2624.390117000
17		41	2624.420878000
17		1358	2624.436646000
6	52		2624.450838000
6	0		2624.450877000
6	52		2624.451036000
17		1358	2624.465503000
17		41	2624.467275000
17		41	2624.512719000
17		1358	2624.541121000
17		1358	2624.543593000
17		41	2624.558935000
17		41	2624.605432000
17		65	2624.617333000
17		1358	2624.623794000
17		41	2624.651105000
17		41	2624.697222000
6	84		2624.732101000
17		41	2624.743090000
17		1358	2624.743512000
6	0		2624.774233000
17		41	2624.789416000
17		41	2624.834897000
17		1358	2624.836274000
17		41	2624.880697000
17		41	2624.880727000
17		1358	2624.916577000
17		41	2624.927374000
17		41	2624.972931000
17		41	2624.972956000
17		35	2624.974848000
17		1358	2624.996921000
17		41	2625.019128000
17		41	2625.065327000
17		772	2625.065366000
17		36	2625.066697000
17		77	2625.074456000
17		33	2625.074494000
17		1358	2625.077052000
17		41	2625.111081000
17		41	2625.157236000
17		1358	2625.157610000
17		41	2625.203445000
17		41	2625.248945000
17		41	2625.294812000
17		1358	2625.295180000
17		41	2625.341284000
17		41	2625.387631000
17		1358	2625.387947000
17		41	2625.433651000
17		41	2625.433683000
17		1358	2625.468920000
17		41	2625.479225000
17		41	2625.525039000
17		1358	2625.549802000
17		41	2625.570763000
17		46	2625.617262000
17		1358	2625.629906000
17		41	2625.663109000
17		41	2625.708894000
17		1358	2625.709246000
17		41	2625.755337000
17		41	2625.801374000
17		41	2625.847324000
17		1358	2625.847668000
6	68		2625.887809000
17		41	2625.892794000
17		41	2625.938650000
17		1358	2625.939222000
17		41	2625.985704000
17		1035	2626.030814000
17		41	2626.030860000
17		1358	2626.031263000
17		41	2626.031402000
17		1358	2626.032057000
17		1358	2626.032069000
17		1358	2626.032073000
17		1358	2626.032077000
17		1358	2626.032082000
17		1358	2626.032085000
17		1358	2626.032089000
17		1358	2626.032092000
17		1358	2626.032095000
17		1358	2626.032098000
17		41	2626.076749000
17		1358	2626.088952000
17		41	2626.123681000
17		1358	2626.144097000
17		41	2626.169402000
6	52		2626.177383000
6	0		2626.177433000
6	0		2626.177455000
6	0		2626.179181000
17		1358	2626.199869000
17		41	2626.215072000
17		1358	2626.256496000
17		44	2626.260728000
17		41	2626.260751000
17		41	2626.260758000
17		33	2626.287081000
17		41	2626.307464000
17		1358	2626.312068000
17		41	2626.353380000
17		1358	2626.368245000
17		41	2626.398946000
17		1358	2626.424267000
17		41	2626.445183000
6	0		2626.460991000
17		1358	2626.480475000
17		41	2626.491090000
17		1358	2626.535945000
17		41	2626.537300000
17		41	2626.583006000
17		1358	2626.583382000
17		1358	2626.591538000
17		41	2626.628948000
17		1358	2626.663504000
17		41	2626.675475000
17		41	2626.721005000
17		41	2626.721035000
17		1358	2626.743666000
17		47	2626.767485000
17		1358	2626.769173000
17		41	2626.812914000
17		1358	2626.823777000
17		1358	2626.825318000
17		41	2626.859296000
6	0		2626.863868000
6	0		2626.863914000
17		1358	2626.881258000
17		1358	2626.903962000
17		41	2626.905570000
17		1358	2626.937111000
17		41	2626.951256000
17		1358	2626.993504000
17		41	2626.997195000
17		41	2627.042817000
17		1358	2627.049613000
17		41	2627.088698000
17		1358	2627.105005000
17		41	2627.134647000
17		1358	2627.161335000
17		41	2627.181141000
17		1358	2627.217660000
17		41	2627.227470000
17		41	2627.272897000
17		1358	2627.273032000
6	0		2627.318136000
6	0		2627.318201000
17		41	2627.319109000
17		1358	2627.329612000
17		41	2627.364728000
17		1358	2627.385435000
17		41	2627.410714000
17		1358	2627.440812000
17		41	2627.456752000
17		1358	2627.497083000
17		41	2627.502839000
17		41	2627.549335000
17		1358	2627.552645000
6	0		2627.571309000
6	41		2627.576885000
17		46	2627.595343000
17		1358	2627.595790000
17		1358	2627.608718000
17		41	2627.640698000
17		1358	2627.659890000
17		1358	2627.664147000
17		41	2627.687803000
17		1358	2627.720586000
17		1358	2627.724078000
17		41	2627.733555000
17		41	2627.733581000
6	0		2627.745791000
6	0		2627.745860000
17		1358	2627.776170000
17		41	2627.779033000
6	0		2627.784644000
6	12		2627.784924000
17		1358	2627.788521000
17		1358	2627.823557000
6	0		2627.823647000
6	12		2627.823695000
6	0		2627.823707000
6	1		2627.823896000
6	4		2627.823916000
6	32		2627.823924000
6	0		2627.823936000
17		46	2627.825372000
6	0		2627.829671000
6	21		2627.829697000
6	0		2627.829705000
6	1080		2627.830669000
17		33	2627.838640000
17		1358	2627.852517000
6	0		2627.862680000
6	0		2627.862716000
6	0		2627.862720000
6	0		2627.862791000
6	0		2627.862804000
6	0		2627.862850000
17		41	2627.870702000
17		1358	2627.872010000
17		1358	2627.916347000
17		41	2627.917475000
17		1358	2627.920436000
17		41	2627.963415000
17		1358	2627.968905000
17		1358	2627.980356000
17		41	2628.009406000
17		1358	2628.017515000
17		1358	2628.044623000
17		41	2628.055277000
17		1358	2628.066557000
6	440		2628.088172000
17		41	2628.101541000
17		1358	2628.108624000
17		1358	2628.113425000
6	0		2628.130225000
17		41	2628.146642000
17		1358	2628.162424000
17		1358	2628.172630000
17		41	2628.193511000
17		1358	2628.210280000
17		1358	2628.236627000
17		41	2628.238731000
17		1358	2628.248912000
17		41	2628.284767000
17		748	2628.287638000
17		1358	2628.300987000
17		41	2628.331000000
17		1358	2628.365356000
17		41	2628.377458000
6	48		2628.383049000
6	0		2628.383096000
6	280		2628.387210000
17		41	2628.423355000
17		1358	2628.429123000
17		41	2628.469405000
17		1358	2628.493322000
17		41	2628.515271000
17		41	2628.561350000
17		1358	2628.599893000
17		41	2628.607556000
6	16		2628.644384000
17		41	2628.653047000
6	0		2628.686220000
17		41	2628.698969000
17		1358	2628.706557000
17		41	2628.745452000
17		41	2628.745477000
17		41	2628.791602000
17		1358	2628.813421000
17		41	2628.837694000
17		41	2628.882833000
17		1358	2628.920577000
17		41	2628.928719000
6	52		2628.939085000
6	0		2628.939126000
6	52		2628.939234000
17		41	2628.974863000
17		46	2629.020935000
17		1358	2629.027027000
17		33	2629.034515000
17		41	2629.066672000
17		41	2629.112735000
17		1358	2629.133773000
17		41	2629.159607000
6	100		2629.192110000
17		41	2629.205043000
6	0		2629.234221000
17		1358	2629.240572000
17		41	2629.251218000
17		41	2629.297034000
17		1358	2629.320656000
17		41	2629.342764000
17		41	2629.388933000
17		1358	2629.401035000
17		41	2629.434956000
17		1358	2629.481071000
17		41	2629.482083000
17		1125	2629.526742000
17		39	2629.527342000
17		1358	2629.528607000
17		1358	2629.528635000
17		1358	2629.528638000
17		1358	2629.528642000
17		1358	2629.528645000
17		1358	2629.528649000
17		1358	2629.528652000
17		1358	2629.528655000
17		1358	2629.528658000
17		1358	2629.528662000
17		1358	2629.561045000
17		1358	2629.567818000
17		41	2629.573140000
17		1358	2629.606602000
17		41	2629.619263000
17		1358	2629.641178000
17		1358	2629.644784000
17		41	2629.664874000
17		1358	2629.684216000
17		41	2629.710875000
17		1358	2629.721336000
17		1358	2629.723020000
17		46	2629.757192000
17		1358	2629.761797000
17		33	2629.782885000
17		1358	2629.800052000
17		1358	2629.801316000
17		41	2629.803006000
17		1358	2629.838708000
17		41	2629.849330000
17		1358	2629.876902000
17		1358	2629.877015000
17		41	2629.894726000
17		1358	2629.915148000
17		41	2629.940892000
17		1358	2629.952404000
17		1358	2629.954562000
17		41	2629.987173000
17		1358	2629.992722000
17		1358	2630.028131000
17		1358	2630.031600000
17		41	2630.033512000
17		1358	2630.070373000
17		41	2630.079521000
17		1358	2630.103602000
17		1358	2630.109594000
17		41	2630.124892000
17		41	2630.124920000
17		1358	2630.147629000
17		47	2630.171547000
17		41	2630.171569000
17		1358	2630.179090000
17		33	2630.186386000
17		1358	2630.211715000
17		41	2630.216644000
17		1358	2630.254699000
17		41	2630.262883000
17		1358	2630.276402000
17		41	2630.308820000
6	0		2630.317070000
6	0		2630.317126000
17		1358	2630.330104000
17		1358	2630.341968000
6	0		2630.352914000
6	22		2630.352986000
6	0		2630.352998000
17		41	2630.356171000
6	41		2630.360801000
6	0		2630.396333000
6	1080		2630.396373000
6	976		2630.396450000
17		41	2630.400839000
17		1358	2630.405482000
17		1358	2630.406205000
6	0		2630.431834000
6	0		2630.438215000
17		41	2630.447755000
17		1358	2630.470601000
6	48		2630.473895000
6	0		2630.473932000
6	388		2630.479878000
17		1358	2630.482091000
17		41	2630.492639000
6	0		2630.515488000
6	16		2630.515538000
17		1358	2630.534538000
17		41	2630.539321000
17		1358	2630.557033000
6	0		2630.558214000
17		41	2630.585484000
6	52		2630.593651000
6	0		2630.593690000
6	52		2630.593769000
17		1358	2630.599178000
17		41	2630.630759000
17		1358	2630.632373000
6	68		2630.632792000
6	52		2630.635018000
17		1358	2630.662842000
6	84		2630.670589000
17		41	2630.676812000
17		41	2630.676838000
17		1358	2630.708128000
6	0		2630.714221000
17		41	2630.723494000
17		1358	2630.727185000
17		41	2630.768746000
17		1358	2630.775443000
17		1358	2630.783380000
17		41	2630.815099000
17		1358	2630.824455000
17		1358	2630.859285000
17		41	2630.860734000
17		1358	2630.872618000
17		41	2630.907346000
17		1358	2630.920372000
17		1358	2630.934481000
17		41	2630.953530000
17		1358	2630.968282000
17		41	2630.999510000
17		1358	2631.010358000
17		1358	2631.017095000
17		41	2631.045748000
17		1358	2631.065914000
17		1358	2631.085528000
17		41	2631.091420000
17		1358	2631.114770000
17		41	2631.136858000
17		1358	2631.161422000
17		1358	2631.162519000
17		41	2631.182849000
17		1358	2631.210541000
17		46	2631.228900000
17		41	2631.228927000
17		1358	2631.236823000
17		33	2631.242655000
17		1358	2631.258683000
17		41	2631.275518000
17		1358	2631.306735000
17		1358	2631.312301000
17		41	2631.320735000
17		1358	2631.355403000
17		41	2631.367463000
17		1358	2631.387661000
17		1358	2631.403702000
17		41	2631.413512000
17		1358	2631.451422000
17		41	2631.458841000
17		1358	2631.463217000
17		1358	2631.500397000
17		41	2631.504721000
17		1358	2631.539044000
17		1358	2631.548608000
17		41	2631.551508000
17		1358	2631.596760000
17		41	2631.596988000
17		1358	2631.614404000
17		41	2631.643132000
17		1358	2631.644705000
17		41	2631.689466000
17		1358	2631.689755000
17		1358	2631.693843000
17		41	2631.734840000
17		1358	2631.741609000
17		1358	2631.765899000
17		41	2631.781473000
17		41	2631.781498000
17		1358	2631.789557000
17		41	2631.827187000
17		1358	2631.838466000
17		1358	2631.840965000
17		46	2631.873090000
17		1358	2631.886872000
17		33	2631.898878000
17		1358	2631.916444000
17		41	2631.919048000
17		1358	2631.935110000
17		41	2631.965391000
17		1358	2631.982641000
17		1358	2631.992026000
17		41	2632.011280000
6	68		2632.030514000
17		1358	2632.031635000
17		41	2632.057193000
17		1358	2632.068428000
17		41	2632.102893000
17		1358	2632.104628000
17		1358	2632.143290000
17		41	2632.149254000
17		41	2632.195409000
17		1358	2632.197004000
17		1358	2632.218712000
17		41	2632.241310000
6	52		2632.283641000
6	0		2632.283686000
6	0		2632.283743000
6	0		2632.284997000
17		41	2632.286900000
17		1358	2632.288513000
17		1358	2632.294541000
17		41	2632.332678000
17		1358	2632.337619000
17		1358	2632.369833000
17		41	2632.378768000
17		1358	2632.386264000
17		41	2632.424785000
17		1358	2632.445452000
17		41	2632.471333000
17		1358	2632.472929000
17		41	2632.517488000
17		1358	2632.520850000
17		1358	2632.522287000
6	0		2632.537739000
17		41	2632.562924000
17		1358	2632.596396000
17		41	2632.609374000
17		1358	2632.610923000
6	52		2632.644905000
17		41	2632.655018000
17		1171	2632.655055000
17		36	2632.656062000
17		108	2632.668504000
17		194	2632.668542000
17		1358	2632.672014000
6	52		2632.685979000
6	0		2632.686033000
6	0		2632.686058000
6	0		2632.687405000
17		41	2632.701020000
17		1358	2632.702591000
6	0		2632.722875000
17		46	2632.747177000
17		1358	2632.747530000
17		35	2632.748698000
17		1358	2632.752266000
17		41	2632.793208000
17		41	2632.793230000
17		1358	2632.801501000
17		1358	2632.823014000
17		41	2632.839543000
17		41	2632.885759000
17		1358	2632.887313000
17		1358	2632.899007000
17		41	2632.931326000
17		1358	2632.936693000
17		1358	2632.974281000
17		41	2632.977200000
17		41	2633.023706000
17		1358	2633.024478000
17		1358	2633.049781000
17		41	2633.069507000
17		1358	2633.073084000
17		41	2633.114771000
17		1358	2633.125122000
17		41	2633.161152000
17		1358	2633.163021000
17		1358	2633.200875000
17		41	2633.206970000
17		41	2633.253434000
17		1358	2633.255016000
17		1358	2633.276321000
17		41	2633.299434000
17		1358	2633.304922000
17		46	2633.344822000
17		41	2633.344847000
17		34	2633.345153000
17		1358	2633.351808000
17		1358	2633.354043000
17		41	2633.391256000
17		1358	2633.412215000
17		41	2633.437347000
17		1358	2633.438574000
17		1358	2633.472600000
17		41	2633.483252000
17		1358	2633.488081000
17		41	2633.529510000
17		1358	2633.533031000
17		41	2633.575280000
17		1358	2633.576436000
17		41	2633.621192000
17		1358	2633.621547000
17		41	2633.666639000
17		1358	2633.668236000
17		41	2633.712726000
17		1358	2633.717203000
17		41	2633.759062000
17		1358	2633.759378000
17		41	2633.805387000
17		1358	2633.806899000
17		41	2633.851538000
17		41	2633.851563000
17		1358	2633.852040000
17		1358	2633.856587000
17		41	2633.896851000
17		1358	2633.906134000
17		41	2633.943768000
17		1358	2633.944143000
17		41	2633.989553000
17		1358	2633.990218000
17		41	2634.035259000
17		1358	2634.038827000
17		41	2634.081459000
17		1358	2634.081823000
17		46	2634.127290000
17		1358	2634.128865000
17		41	2634.172837000
17		1358	2634.182573000
17		41	2634.218918000
17		1358	2634.220682000
17		41	2634.264621000
17		1358	2634.283519000
17		41	2634.310788000
17		1358	2634.312030000
17		33	2634.347484000
17		41	2634.357492000
17		1358	2634.384817000
17		1171	2634.403128000
17		41	2634.403152000
17		41	2634.403157000
17		34	2634.403859000
17		1358	2634.404729000
17		41	2634.449211000
17		1358	2634.453516000
17		1358	2634.485756000
17		41	2634.494838000
17		41	2634.541141000
17		1358	2634.542711000
17		1358	2634.586580000
17		41	2634.586820000
17		41	2634.633575000
17		1358	2634.635051000
17		41	2634.679662000
17		1358	2634.687372000
17		41	2634.725264000
17		1358	2634.726877000
17		41	2634.771213000
17		1358	2634.788205000
17		44	2634.816934000
17		41	2634.816958000
17		41	2634.816964000
17		34	2634.817532000
17		1358	2634.818540000
17		41	2634.863080000
17		1358	2634.863495000
17		41	2634.909595000
17		1358	2634.911261000
17		1358	2634.939279000
17		41	2634.955549000
17		41	2635.001432000
17		1358	2635.003051000
17		1358	2635.015213000
17		41	2635.047574000
17		1358	2635.049184000
17		41	2635.092659000
17		41	2635.092688000
17		1358	2635.093055000
17		1358	2635.094245000
17		41	2635.139223000
17		1358	2635.169012000
17		41	2635.185067000
17		1358	2635.186850000
17		46	2635.231027000
17		1358	2635.244702000
17		41	2635.277112000
17		786	2635.279162000
17		41	2635.323035000
17		1358	2635.323594000
17		41	2635.369279000
17		41	2635.414640000
17		1358	2635.414970000
17		41	2635.461096000
17		41	2635.507321000
17		1358	2635.507805000
17		41	2635.552827000
17		41	2635.599163000
17		1358	2635.599463000
17		41	2635.644963000
17		41	2635.644986000
17		1358	2635.675093000
17		41	2635.691111000
17		41	2635.737061000
17		1358	2635.750876000
17		46	2635.783194000
17		33	2635.797316000
17		41	2635.828879000
17		1358	2635.829468000
6	0		2635.863420000
6	0		2635.863486000
17		41	2635.875605000
6	0		2635.902320000
6	12		2635.902562000
17		41	2635.921459000
17		1358	2635.921796000
6	0		2635.941376000
6	12		2635.941433000
6	0		2635.941445000
6	1		2635.941615000
6	4		2635.941635000
6	32		2635.941643000
6	0		2635.941655000
17		41	2635.966725000
6	0		2635.980329000
6	0		2635.980370000
6	0		2635.980433000
6	0		2635.980591000
6	0		2635.980607000
17		41	2636.012707000
17		1358	2636.013052000
17		41	2636.058968000
17		41	2636.105230000
17		41	2636.151020000
17		41	2636.151044000
17		1358	2636.151421000
17		41	2636.197226000
17		1358	2636.227018000
17		41	2636.243736000
17		41	2636.289289000
17		41	2636.335607000
17		1358	2636.335955000
17		41	2636.381287000
17		41	2636.427597000
17		41	2636.472634000
17		1358	2636.472954000
17		41	2636.519185000
17		41	2636.564918000
17		1358	2636.565272000
17		41	2636.611463000
17		41	2636.657476000
17		1358	2636.657891000
17		42	2636.703286000
17		41	2636.703307000
17		41	2636.703312000
17		41	2636.703318000
17		36	2636.703851000
17		1358	2636.733548000
17		41	2636.749364000
17		41	2636.794814000
17		41	2636.841525000
17		1358	2636.841881000
17		41	2636.887127000
17		41	2636.932761000
17		1358	2636.933120000
17		41	2636.979204000
17		41	2637.025014000
17		1358	2637.025405000
17		41	2637.071443000
17		46	2637.117381000
17		1358	2637.117714000
17		41	2637.163256000
17		41	2637.208646000
17		1358	2637.208958000
17		41	2637.255015000
17		46	2637.301429000
17		41	2637.301458000
17		1358	2637.301756000
17		33	2637.315783000
17		41	2637.347358000
17		1358	2637.377383000
17		41	2637.393095000
17		41	2637.439352000
17		1358	2637.452972000
17		41	2637.485286000
17		41	2637.531046000
17		1358	2637.531387000
17		41	2637.577371000
17		1035	2637.623114000
17		41	2637.623136000
17		1358	2637.623453000
17		39	2637.623702000
17		149	2637.624391000
17		1353	2637.624401000
17		1358	2637.624424000
17		1358	2637.624428000
17		1358	2637.624431000
17		1358	2637.624435000
17		1358	2637.624438000
17		1358	2637.624441000
17		1358	2637.624445000
17		1358	2637.624448000
17		41	2637.668882000
17		1358	2637.673806000
17		1358	2637.699929000
17		41	2637.715454000
17		1358	2637.721805000
17		41	2637.760952000
17		1358	2637.769846000
17		1358	2637.775773000
17		41	2637.806727000
17		1358	2637.818643000
17		1358	2637.851508000
17		41	2637.852691000
17		1358	2637.867433000
17		41	2637.899030000
17		1358	2637.915562000
17		1358	2637.927709000
17		41	2637.945441000
17		1358	2637.964130000
17		41	2637.990782000
17		1358	2638.003020000
17		1358	2638.011015000
17		41	2638.037117000
17		1358	2638.059724000
17		1358	2638.078795000
17		41	2638.082938000
17		1358	2638.108845000
17		41	2638.128919000
17		1358	2638.153558000
17		1358	2638.156633000
17		41	2638.174721000
17		1358	2638.205813000
17		41	2638.221566000
17		1358	2638.229178000
17		1358	2638.253750000
17		46	2638.267394000
17		33	2638.292803000
17		1358	2638.301985000
17		1358	2638.305181000
17		41	2638.312761000
17		1358	2638.349939000
17		41	2638.359148000
17		1358	2638.380737000
17		1358	2638.398819000
17		41	2638.405415000
17		1358	2638.447134000
17		41	2638.450847000
17		1358	2638.456266000
17		1358	2638.495362000
17		41	2638.497252000
17		1358	2638.531359000
17		1358	2638.542659000
17		41	2638.543242000
17		41	2638.589427000
17		1358	2638.591058000
17		1358	2638.606759000
17		41	2638.635566000
17		1358	2638.639352000
17		41	2638.680842000
17		1358	2638.682359000
17		41	2638.726798000
17		41	2638.726824000
17		1358	2638.758334000
6	0		2638.772239000
6	0		2638.772277000
17		47	2638.773165000
17		41	2638.773186000
17		1358	2638.774736000
17		41	2638.819376000
17		1358	2638.824171000
17		1358	2638.833383000
17		41	2638.864899000
17		1358	2638.873541000
17		1358	2638.909759000
17		41	2638.911046000
17		1358	2638.923162000
17		41	2638.956835000
17		1358	2638.972638000
17		1358	2638.985349000
17		41	2639.003304000
17		1358	2639.021483000
17		41	2639.049431000
17		1358	2639.060096000
17		1358	2639.069815000
17		41	2639.094687000
17		1358	2639.118393000
17		1358	2639.135942000
17		41	2639.140872000
17		1358	2639.166977000
17		41	2639.186946000
17		1358	2639.211455000
17		1358	2639.215735000
17		41	2639.232891000
17		41	2639.278899000
17		1358	2639.280413000
17		1358	2639.286759000
17		41	2639.324734000
17		1358	2639.329082000
17		1358	2639.347249000
17		41	2639.370890000
17		1358	2639.377486000
17		1358	2639.407502000
17		41	2639.417143000
17		41	2639.462838000
17		1358	2639.464287000
17		1358	2639.468400000
17		41	2639.508725000
17		1358	2639.513138000
17		1358	2639.528371000
17		41	2639.556242000
17		1358	2639.589115000
17		41	2639.600648000
17		1358	2639.602823000
17		41	2639.647114000
17		1358	2639.649763000
17		41	2639.693399000
17		1358	2639.695038000
17		1358	2639.709683000
17		41	2639.739235000
17		1358	2639.744155000
17		1358	2639.770741000
17		41	2639.784682000
17		1358	2639.831124000
17		41	2639.831464000
17		41	2639.831483000
17		1358	2639.833098000
17		41	2639.877142000
17		634	2639.882354000
17		1358	2639.891180000
17		46	2639.923719000
17		33	2639.938120000
17		1358	2639.951879000
17		41	2639.969174000
17		1358	2640.012082000
17		41	2640.015818000
17		41	2640.061353000
17		41	2640.107190000
17		1358	2640.112524000
17		41	2640.153446000
17		46	2640.199521000
17		33	2640.225148000
17		41	2640.244906000
17		41	2640.291223000
17		41	2640.337184000
17		41	2640.383094000
17		41	2640.383122000
17		41	2640.428713000
17		41	2640.474748000
17		41	2640.520647000
17		41	2640.567068000
17		41	2640.612865000
17		41	2640.675358000
17		41	2640.737814000
17		41	2640.799453000
17		41	2640.861206000
17		41	2640.922788000
17		41	2640.985418000
17		41	2640.985441000
17		41	2641.047101000
17		41	2641.108942000
17		41	2641.171250000
17		41	2641.233112000
17		41	2641.294721000
17		41	2641.356681000
17		41	2641.419609000
17		41	2641.481130000
17		41	2641.543080000
17		41	2641.606069000
17		46	2641.667705000
17		41	2641.667729000
17		33	2641.681967000
17		41	2641.729561000
17		41	2641.790951000
17		41	2641.853340000
17		41	2641.915257000
17		41	2641.976763000
17		41	2642.039435000
17		41	2642.100869000
17		41	2642.162653000
17		41	2642.224743000
17		41	2642.287392000
17		41	2642.348978000
17		41	2642.411321000
17		41	2642.411378000
17		41	2642.472798000
17		46	2642.535562000
17		33	2642.561075000
17		41	2642.596731000
17		1358	2642.597166000
17		41	2642.659343000
17		1127	2642.720672000
17		41	2642.720695000
17		1358	2642.721103000
17		39	2642.721359000
17		152	2642.722329000
17		1353	2642.722351000
17		1358	2642.722356000
17		1358	2642.722360000
17		1358	2642.771156000
17		41	2642.783044000
17		1358	2642.797125000
17		1358	2642.820448000
17		41	2642.845121000
17		1358	2642.872799000
17		41	2642.906636000
17		1358	2642.948570000
17		41	2642.968933000
17		1358	2643.024670000
17		47	2643.031599000
17		41	2643.031622000
17		1358	2643.033523000
17		1358	2643.082898000
17		41	2643.093370000
17		1358	2643.099615000
17		1358	2643.131007000
17		41	2643.155201000
17		1358	2643.175328000
17		1358	2643.179880000
17		41	2643.217668000
17		1358	2643.227233000
17		1358	2643.250762000
17		1358	2643.275495000
17		41	2643.279447000
17		1358	2643.324134000
17		1358	2643.326353000
17		41	2643.341445000
17		1358	2643.372394000
17		1358	2643.401964000
17		41	2643.402650000
17		1358	2643.420821000
17		1358	2643.463074000
17		41	2643.465272000
17		1358	2643.468465000
17		1358	2643.517474000
17		1358	2643.523016000
17		41	2643.527049000
17		1358	2643.565418000
17		1358	2643.583436000
17		41	2643.589237000
17		1358	2643.614314000
17		1358	2643.643566000
17		41	2643.650834000
17		1358	2643.663031000
17		1358	2643.704433000
17		1358	2643.711198000
17		41	2643.713747000
17		1358	2643.758797000
17		1358	2643.764433000
17		41	2643.775424000
17		1358	2643.807072000
17		41	2643.837544000
17		1358	2643.855200000
17		1358	2643.865544000
17		41	2643.899542000
17		1358	2643.903815000
17		1358	2643.952244000
17		41	2643.960753000
17		1358	2643.966070000
6	0		2643.981489000
6	0		2643.981544000
17		1358	2644.000423000
6	0		2644.020983000
6	12		2644.021258000
17		41	2644.023186000
17		1358	2644.048198000
6	0		2644.060603000
6	12		2644.060648000
6	0		2644.060663000
6	1		2644.060859000
6	4		2644.060877000
6	32		2644.060887000
6	0		2644.060898000
17		1358	2644.066834000
17		41	2644.085562000
17		1358	2644.096999000
6	0		2644.100229000
6	0		2644.100266000
6	0		2644.100341000
6	0		2644.100478000
6	0		2644.100494000
17		1358	2644.145422000
17		41	2644.147243000
17		1358	2644.168179000
17		1358	2644.193559000
17		41	2644.209330000
17		1358	2644.268099000
17		41	2644.270865000
17		1358	2644.271959000
17		41	2644.332856000
17		41	2644.332883000
17		1358	2644.334375000
17		1358	2644.343502000
17		41	2644.395052000
17		1358	2644.419507000
17		41	2644.457199000
17		1358	2644.458871000
17		1358	2644.494949000
17		41	2644.519142000
17		1358	2644.520663000
17		1358	2644.570966000
17		41	2644.581040000
17		41	2644.643162000
17		1358	2644.644796000
17		1358	2644.645959000
17		41	2644.705628000
17		1358	2644.721520000
17		41	2644.767160000
17		1358	2644.768602000
17		1358	2644.797643000
17		46	2644.829618000
17		33	2644.855618000
17		1358	2644.872319000
17		41	2644.891057000
17		1358	2644.893116000
17		1358	2644.948150000
17		41	2644.952735000
17		41	2645.015254000
17		1358	2645.017446000
17		1358	2645.023538000
17		46	2645.076719000
17		41	2645.076768000
17		1358	2645.078703000
17		1358	2645.098983000
17		41	2645.138797000
17		1358	2645.140422000
17		1358	2645.175506000
17		41	2645.201482000
17		1358	2645.203120000
17		1358	2645.250195000
17		41	2645.263492000
17		41	2645.325000000
17		1358	2645.325690000
17		1358	2645.326564000
17		41	2645.386639000
17		1358	2645.387492000
17		1358	2645.401434000
17		41	2645.449042000
17		1358	2645.476750000
17		41	2645.510690000
17		1358	2645.511815000
17		1358	2645.552798000
17		41	2645.572844000
17		1358	2645.576697000
17		1358	2645.627956000
17		41	2645.634749000
17		41	2645.697286000
17		1358	2645.699101000
17		1358	2645.703525000
17		41	2645.759375000
17		41	2645.759402000
17		1358	2645.764335000
17		1358	2645.779397000
17		41	2645.820665000
17		1358	2645.829859000
17		41	2645.883470000
17		1358	2645.883901000
17		41	2645.945541000
17		1358	2645.947209000
17		41	2646.007171000
17		1358	2646.008312000
17		41	2646.069068000
17		1358	2646.069488000
17		41	2646.131415000
17		1358	2646.145200000
17		41	2646.192942000
17		1358	2646.193775000
17		41	2646.255421000
17		1358	2646.255761000
17		41	2646.317381000
17		1358	2646.318965000
17		41	2646.378836000
17		1358	2646.379236000
17		41	2646.441447000
17		41	2646.441469000
17		1358	2646.443132000
17		1358	2646.454938000
17		41	2646.503747000
17		1358	2646.530970000
17		41	2646.565228000
17		1358	2646.566798000
17		41	2646.627060000
17		1358	2646.627479000
17		41	2646.689228000
17		1358	2646.689592000
17		41	2646.751162000
17		41	2646.813584000
17		1358	2646.813968000
17		41	2646.875477000
6	0		2646.875510000
6	0		2646.876672000
17		41	2646.937198000
17		1358	2646.937599000
17		41	2646.998792000
17		1358	2647.000368000
17		41	2647.060996000
17		711	2647.061022000
17		1358	2647.061424000
17		40	2647.062188000
17		75	2647.070546000
17		33	2647.070576000
17		41	2647.123576000
17		895	2647.125164000
17		46	2647.184921000
17		41	2647.184945000
17		1358	2647.185373000
17		33	2647.198338000
17		46	2647.247127000
17		33	2647.272528000
17		1358	2647.286546000
17		41	2647.309311000
17		41	2647.370732000
17		1358	2647.387880000
17		41	2647.433012000
17		41	2647.494776000
17		1358	2647.495219000
17		41	2647.557019000
17		1358	2647.570889000
17		41	2647.619443000
17		41	2647.680926000
17		1358	2647.681328000
17		41	2647.743266000
17		41	2647.804759000
17		1358	2647.805148000
17		41	2647.866808000
17		41	2647.929452000
17		41	2647.929472000
17		1358	2647.929882000
17		41	2647.990918000
17		1358	2648.005877000
17		41	2648.052919000
17		41	2648.115164000
17		1358	2648.115868000
17		41	2648.177635000
17		41	2648.239357000
17		41	2648.301267000
17		1358	2648.301639000
17		41	2648.363407000
17		1358	2648.377360000
17		41	2648.425240000
17		41	2648.487454000
17		1358	2648.488017000
17		41	2648.548749000
17		41	2648.611641000
17		41	2648.611662000
17		1358	2648.612093000
17		41	2648.672936000
17		1358	2648.688167000
17		41	2648.734939000
17		41	2648.797354000
17		41	2648.859181000
17		1358	2648.859537000
17		41	2648.921367000
17		1358	2648.947219000
17		41	2648.983766000
17		1358	2649.034047000
17		41	2649.045299000
17		41	2649.107327000
17		1358	2649.121128000
17		44	2649.169001000
17		41	2649.169029000
17		41	2649.169036000
17		33	2649.195568000
17		1358	2649.207654000
17		1125	2649.230662000
17		46	2649.230694000
17		39	2649.231289000
17		1358	2649.232216000
17		1358	2649.232237000
17		1358	2649.232242000
17		1358	2649.232246000
17		1358	2649.232251000
17		1358	2649.232255000
17		1358	2649.232260000
17		1358	2649.232266000
17		1358	2649.232271000
17		1358	2649.232275000
17		33	2649.256895000
17		1358	2649.280688000
17		41	2649.292758000
17		1358	2649.294195000
17		1358	2649.327688000
17		41	2649.355569000
17		1358	2649.374090000
17		1358	2649.381623000
17		41	2649.416893000
17		1358	2649.421755000
17		1358	2649.467967000
17		1358	2649.468545000
17		41	2649.479520000
6	0		2649.501904000
6	0		2649.501949000
17		1358	2649.516209000
6	0		2649.538054000
17		41	2649.541387000
17		1358	2649.554062000
17		41	2649.603152000
17		1358	2649.640493000
17		41	2649.665048000
17		41	2649.726807000
17		1358	2649.727208000
17		41	2649.789760000
17		1358	2649.796333000
17		41	2649.851191000
17		1358	2649.865619000
17		41	2649.913470000
17		1358	2649.935371000
17		41	2649.975332000
17		1358	2650.003979000
17		41	2650.037480000
17		1358	2650.073420000
17		41	2650.099017000
17		1358	2650.142855000
17		41	2650.161416000
17		41	2650.223213000
17		1358	2650.257836000
17		41	2650.285068000
17		41	2650.347169000
17		41	2650.347194000
17		1358	2650.373484000
17		47	2650.408909000
17		1358	2650.410521000
17		41	2650.471291000
17		1358	2650.488760000
17		1358	2650.489721000
17		41	2650.532887000
17		1358	2650.568955000
17		41	2650.594965000
17		1358	2650.604086000
17		1358	2650.648798000
17		41	2650.657369000
17		41	2650.719611000
17		1358	2650.719877000
17		1358	2650.728499000
17		41	2650.781429000
17		1358	2650.835059000
17		41	2650.842677000
17		1358	2650.845459000
17		41	2650.905237000
17		1358	2650.906706000
17		1358	2650.950404000
17		41	2650.967553000
17		1358	2650.969156000
17		41	2651.029379000
17		1358	2651.066568000
17		41	2651.090778000
17		1358	2651.092388000
17		1358	2651.152187000
17		41	2651.152837000
17		1358	2651.154454000
17		46	2651.215487000
17		1358	2651.239033000
17		41	2651.276684000
17		1358	2651.278320000
17		41	2651.339608000
17		1358	2651.339992000
17		41	2651.401912000
17		1358	2651.403644000
17		41	2651.462989000
17		41	2651.463012000
17		1358	2651.463397000
17		1358	2651.463520000
17		41	2651.525556000
17		1358	2651.550204000
17		41	2651.587663000
17		1358	2651.637501000
17		41	2651.649389000
17		41	2651.711526000
17		1358	2651.724070000
17		41	2651.773508000
17		1358	2651.810857000
17		41	2651.835079000
17		41	2651.896870000
17		1358	2651.897255000
17		41	2651.958991000
17		1358	2651.984202000
17		41	2652.021130000
17		1358	2652.070297000
17		41	2652.083125000
6	0		2652.101731000
6	0		2652.101783000
6	0		2652.141318000
6	12		2652.141582000
17		41	2652.144661000
17		41	2652.144683000
17		1358	2652.157194000
6	0		2652.181103000
6	12		2652.181138000
6	0		2652.181148000
6	1		2652.181320000
6	4		2652.181338000
6	32		2652.181347000
6	0		2652.181358000
17		41	2652.206672000
6	0		2652.220795000
6	0		2652.220849000
6	0		2652.221006000
6	0		2652.221044000
17		1358	2652.244182000
17		41	2652.269456000
17		1358	2652.330200000
17		41	2652.331222000
17		41	2652.393453000
17		1358	2652.417211000
17		41	2652.455260000
17		1358	2652.503152000
17		41	2652.517430000
17		1358	2652.519058000
17		41	2652.579327000
17		1358	2652.589823000
17		46	2652.641452000
17		1358	2652.643105000
17		1358	2652.676417000
17		41	2652.703065000
17		1358	2652.736969000
17		41	2652.765489000
17		1358	2652.765844000
17		41	2652.827716000
17		1358	2652.829544000
17		41	2652.889040000
17		41	2652.889063000
17		1358	2652.889451000
17		1358	2652.923240000
17		41	2652.951523000
17		1358	2652.976260000
17		41	2653.013551000
17		1358	2653.017324000
17		46	2653.075332000
17		33	2653.100867000
17		41	2653.136687000
17		41	2653.198752000
17		41	2653.261239000
17		41	2653.322983000
17		41	2653.385417000
17		41	2653.447286000
17		41	2653.509327000
17		41	2653.571516000
17		41	2653.633583000
17		41	2653.694806000
17		41	2653.756986000
17		41	2653.819210000
17		41	2653.881215000
17		41	2653.943376000
17		41	2654.005440000
17		41	2654.067680000
17		41	2654.129162000
17		41	2654.190918000
17		1358	2654.191632000
17		41	2654.252795000
17		41	2654.252822000
17		1358	2654.255044000
17		1358	2654.278244000
17		41	2654.315263000
17		1358	2654.348387000
17		41	2654.377213000
17		1358	2654.377555000
17		41	2654.438684000
17		1358	2654.442328000
17		41	2654.501510000
17		1358	2654.501924000
17		41	2654.563573000
17		1358	2654.565174000
17		41	2654.625001000
17		1358	2654.625399000
17		41	2654.687336000
17		1358	2654.689487000
17		41	2654.748680000
17		1358	2654.749022000
17		41	2654.810864000
17		1358	2654.812471000
17		1358	2654.835704000
17		46	2654.873008000
17		1358	2654.887785000
17		33	2654.898366000
17		1358	2654.922982000
17		41	2654.934922000
17		1358	2654.961816000
17		41	2654.997349000
17		41	2654.997391000
17		1358	2655.008767000
17		1358	2655.036299000
17		41	2655.058901000
17		588	2655.058927000
17		36	2655.059863000
17		77	2655.067943000
17		33	2655.067980000
17		1358	2655.095715000
17		1358	2655.111672000
17		41	2655.121429000
17		1358	2655.182456000
17		41	2655.183496000
17		1358	2655.184514000
17		41	2655.244785000
17		1358	2655.259792000
17		1358	2655.268814000
17		41	2655.307461000
17		1358	2655.333703000
17		1358	2655.355457000
17		41	2655.369392000
6	0		2655.369416000
6	0		2655.369905000
17		1358	2655.408019000
17		1358	2655.424399000
17		41	2655.431520000
17		46	2655.493020000
17		1358	2655.493776000
17		33	2655.507714000
17		759	2655.532226000
17		41	2655.555487000
17		1358	2655.562788000
17		41	2655.616760000
17		1358	2655.632103000
17		41	2655.678764000
17		1358	2655.701180000
17		44	2655.740648000
17		41	2655.740672000
17		41	2655.740678000
17		33	2655.766488000
17		1358	2655.770464000
17		41	2655.803268000
17		1358	2655.839705000
17		41	2655.865372000
17		41	2655.865399000
17		1358	2655.908977000
17		41	2655.927095000
17		41	2655.989639000
17		1358	2656.024716000
17		41	2656.051272000
17		41	2656.113387000
17		1358	2656.139678000
17		41	2656.174941000
17		41	2656.237488000
17		1358	2656.255368000
17		41	2656.298957000
17		1034	2656.361267000
17		41	2656.361291000
17		39	2656.361874000
17		153	2656.362826000
17		1353	2656.362849000
17		1358	2656.362852000
17		1358	2656.362856000
17		1358	2656.362859000
17		1358	2656.362862000
17		1358	2656.362865000
17		1358	2656.362868000
17		1358	2656.362872000
17		1358	2656.362875000
17		1358	2656.376501000
17		41	2656.423558000
17		1358	2656.456751000
17		41	2656.484853000
17		1358	2656.497245000
17		41	2656.546889000
17		1358	2656.549513000
17		1358	2656.587965000
17		41	2656.609241000
17		1358	2656.642615000
17		41	2656.670960000
17		1358	2656.678631000
17		41	2656.732914000
17		1358	2656.735941000
17		1358	2656.765393000
17		46	2656.794729000
17		33	2656.820215000
17		1358	2656.829260000
17		1358	2656.852266000
17		41	2656.857291000
17		47	2656.919665000
17		41	2656.919689000
17		33	2656.933845000
17		1358	2656.937077000
17		41	2656.981017000
17		1358	2656.982570000
17		1358	2657.016075000
17		41	2657.043345000
17		1358	2657.076091000
17		1358	2657.095622000
17		41	2657.105365000
17		41	2657.166831000
17		1358	2657.168449000
17		1358	2657.174235000
17		41	2657.229374000
17		1358	2657.253587000
17		1358	2657.263424000
17		41	2657.290893000
17		1358	2657.332564000
17		41	2657.352607000
17		1358	2657.355680000
17		1358	2657.411984000
17		41	2657.414836000
17		1358	2657.448572000
17		41	2657.476865000
17		1358	2657.491557000
17		41	2657.538944000
17		1358	2657.540526000
17		1358	2657.570162000
17		41	2657.601495000
17		1358	2657.634675000
17		1358	2657.649469000
17		41	2657.663560000
17		41	2657.725456000
17		1358	2657.727852000
17		1358	2657.728962000
17		41	2657.786995000
17		1358	2657.807669000
17		1358	2657.820296000
17		41	2657.849318000
17		41	2657.849353000
17		1358	2657.887169000
17		41	2657.911146000
17		1358	2657.913680000
17		1358	2657.966361000
17		41	2657.973362000
17		1358	2658.005852000
17		41	2658.035343000
17		1358	2658.045167000
17		41	2658.096808000
17		1358	2658.099887000
17		1358	2658.124810000
17		41	2658.159331000
17		1358	2658.192939000
17		1358	2658.203392000
17		41	2658.220993000
17		1358	2658.276229000
17		1358	2658.282696000
17		41	2658.283534000
17		41	2658.345685000
17		1358	2658.360157000
17		1358	2658.361989000
17		41	2658.407200000
17		1358	2658.441144000
17		309	2658.445342000
17		41	2658.468881000
17		1358	2658.520180000
17		41	2658.531323000
17		41	2658.592724000
17		41	2658.592757000
17		1358	2658.599338000
17		41	2658.655487000
17		1358	2658.678437000
17		41	2658.717255000
17		1358	2658.757900000
17		41	2658.778748000
17		1358	2658.837176000
17		41	2658.840896000
17		46	2658.903240000
17		1358	2658.916317000
17		33	2658.917083000
17		41	2658.965207000
17		1358	2658.995456000
17		41	2659.027303000
17		1358	2659.074829000
17		41	2659.089508000
17		41	2659.151070000
17		1358	2659.153423000
17		41	2659.212978000
17		1358	2659.232653000
17		46	2659.275461000
17		33	2659.301233000
17		1358	2659.311826000
17		41	2659.337095000
17		41	2659.337127000
6	0		2659.344063000
6	0		2659.344143000
17		1358	2659.391279000
17		41	2659.399152000
17		41	2659.461212000
17		1358	2659.470086000
17		41	2659.523577000
6	0		2659.532476000
6	41		2659.538120000
17		1358	2659.550003000
17		41	2659.585162000
17		1358	2659.628462000
17		41	2659.647140000
17		1358	2659.708159000
17		41	2659.709352000
6	0		2659.726275000
6	21		2659.729548000
6	0		2659.729580000
6	1080		2659.730747000
17		41	2659.771299000
17		1358	2659.787025000
17		41	2659.833228000
17		1358	2659.866103000
17		1125	2659.895399000
17		39	2659.896049000
17		1358	2659.897238000
6	440		2659.929526000
17		1358	2659.945429000
17		41	2659.957249000
17		1358	2659.965228000
6	0		2659.970222000
17		41	2660.019283000
17		41	2660.019316000
17		1358	2660.024258000
17		1358	2660.033459000
17		41	2660.081409000
17		1358	2660.100951000
17		1358	2660.104342000
17		41	2660.143045000
6	48		2660.158344000
6	0		2660.158382000
6	280		2660.162383000
17		1358	2660.167277000
17		1358	2660.182788000
17		41	2660.205254000
17		1358	2660.234390000
17		1358	2660.262565000
17		41	2660.267112000
17		1358	2660.302825000
17		41	2660.329517000
17		1358	2660.341249000
6	16		2660.357473000
17		1358	2660.369529000
17		41	2660.390707000
6	0		2660.398225000
17		1358	2660.420263000
17		1358	2660.436573000
17		41	2660.453589000
17		1358	2660.483395000
17		1358	2660.504590000
17		41	2660.515559000
17		1358	2660.546860000
17		1358	2660.572206000
17		41	2660.577508000
6	52		2660.586346000
6	0		2660.586385000
6	52		2660.586490000
17		1358	2660.611040000
17		41	2660.639056000
17		1358	2660.639715000
17		1358	2660.673828000
17		41	2660.701097000
17		1358	2660.706111000
6	0		2660.708129000
6	0		2660.708168000
17		1358	2660.736800000
6	0		2660.752557000
17		41	2660.763185000
17		1358	2660.773118000
6	84		2660.777720000
17		1358	2660.800107000
6	0		2660.818240000
17		41	2660.824766000
17		1358	2660.841293000
17		1358	2660.863603000
17		46	2660.887039000
17		1358	2660.908682000
17		33	2660.912432000
17		1358	2660.926845000
17		41	2660.949478000
17		1358	2660.976086000
17		1358	2660.990177000
17		41	2661.011177000
17		1358	2661.042582000
17		41	2661.073050000
17		1358	2661.095599000
17		41	2661.134817000
17		41	2661.134844000
17		47	2661.197383000
17		1358	2661.198959000
17		1358	2661.201152000
17		41	2661.259087000
17		1358	2661.306904000
17		41	2661.321156000
17		1358	2661.322736000
17		41	2661.382877000
17		1358	2661.412552000
17		41	2661.444921000
17		1358	2661.446330000
17		41	2661.507081000
17		1358	2661.517931000
17		1358	2661.559732000
17		41	2661.569394000
17		1358	2661.624076000
17		41	2661.630963000
17		1358	2661.673007000
17		41	2661.692660000
17		41	2661.692685000
17		1358	2661.702904000
17		41	2661.755469000
17		1358	2661.782179000
17		1358	2661.785360000
17		41	2661.817083000
17		1358	2661.861219000
17		1358	2661.870438000
17		41	2661.879374000
17		1358	2661.939703000
17		41	2661.941512000
17		1358	2661.955273000
17		41	2662.003126000
17		1358	2662.019232000
17		41	2662.065486000
17		1358	2662.066881000
17		1358	2662.098342000
17		41	2662.127228000
17		1358	2662.177142000
17		41	2662.189526000
17		1358	2662.191214000
6	68		2662.208624000
17		41	2662.251526000
17		1358	2662.256265000
17		41	2662.313371000
17		1358	2662.314990000
17		1358	2662.335599000
17		41	2662.374685000
17		41	2662.374712000
17		1358	2662.400207000
6	52		2662.407095000
6	0		2662.407135000
6	0		2662.407154000
6	0		2662.408548000
17		1358	2662.414961000
17		41	2662.437550000
17		1358	2662.493867000
17		41	2662.499011000
17		1358	2662.500600000
17		41	2662.560815000
17		1358	2662.573312000
6	0		2662.596603000
17		41	2662.622813000
17		1358	2662.624465000
17		1358	2662.652844000
17		41	2662.684739000
17		1358	2662.731059000
17		41	2662.747370000
17		1358	2662.748959000
17		41	2662.809127000
17		1358	2662.809811000
17		41	2662.871309000
17		1358	2662.872919000
17		41	2662.932784000
17		1358	2662.933079000
17		41	2662.995089000
17		1358	2662.996691000
17		46	2663.057342000
17		1358	2663.057658000
17		41	2663.118667000
17		41	2663.118692000
17		41	2663.118698000
17		1358	2663.120369000
17		1358	2663.137058000
17		41	2663.180813000
17		1358	2663.205084000
17		41	2663.243004000
17		1358	2663.243365000
17		41	2663.305194000
17		1358	2663.322583000
17		41	2663.366891000
17		1358	2663.368532000
17		41	2663.428692000
17		1358	2663.429038000
17		41	2663.490787000
17		1358	2663.492176000
17		41	2663.553224000
17		1358	2663.553561000
17		41	2663.615278000
17		1358	2663.616873000
17		41	2663.677645000
17		1358	2663.677941000
17		41	2663.739061000
17		1358	2663.740771000
17		41	2663.800951000
17		1358	2663.801594000
17		41	2663.863069000
17		1358	2663.864675000
17		1358	2663.880722000
17		41	2663.924702000
17		1358	2663.960105000
17		41	2663.986944000
17		1358	2663.989881000
17		41	2664.049125000
17		1358	2664.049498000
17		41	2664.111239000
17		1358	2664.112738000
17		41	2664.172714000
17		1358	2664.173048000
17		41	2664.235193000
17		1358	2664.236818000
17		41	2664.296658000
17		1358	2664.296955000
17		41	2664.358709000
17		1358	2664.376256000
17		41	2664.421171000
17		1358	2664.422218000
17		41	2664.483216000
17		1358	2664.483636000
17		41	2664.545042000
17		41	2664.545068000
17		1358	2664.546380000
17		1358	2664.562835000
17		41	2664.607410000
17		1358	2664.631739000
17		41	2664.668828000
17		1358	2664.669238000
17		41	2664.730737000
17		1358	2664.748457000
17		41	2664.793492000
17		1358	2664.795089000
17		41	2664.855795000
17		1358	2664.856215000
17		41	2664.917453000
17		1358	2664.917946000
6	0		2664.979240000
17		41	2664.979266000
17		1358	2664.979709000
6	0		2664.980293000
17		41	2665.040943000
17		1358	2665.043077000
17		666	2665.103223000
17		41	2665.103261000
17		36	2665.103997000
17		77	2665.112217000
17		33	2665.112269000
17		46	2665.165146000
6	0		2665.165194000
6	0		2665.165491000
17		33	2665.190563000
17		41	2665.227531000
17		41	2665.289260000
17		41	2665.289282000
17		41	2665.350795000
17		41	2665.413112000
17		41	2665.474960000
17		41	2665.537330000
17		41	2665.599202000
17		41	2665.661480000
17		46	2665.722701000
17		33	2665.736798000
17		41	2665.784947000
17		41	2665.846898000
17		41	2665.908899000
6	0		2665.971428000
17		41	2665.971457000
17		41	2665.971463000
6	0		2665.971796000
17		41	2666.032790000
17		41	2666.095064000
17		41	2666.157250000
6	0		2666.177058000
6	0		2666.218975000
17		41	2666.219022000
6	0		2666.219262000
17		41	2666.281499000
17		41	2666.342719000
17		41	2666.405481000
17		41	2666.467092000
17		41	2666.529571000
17		41	2666.591282000
17		41	2666.653054000
17		41	2666.715373000
17		1358	2666.716978000
17		41	2666.776769000
17		41	2666.839314000
17		1358	2666.840915000
17		41	2666.901212000
17		41	2666.963281000
17		1358	2666.964864000
6	0		2666.981556000
17		41	2667.025390000
17		1358	2667.025764000
17		41	2667.087604000
17		1358	2667.105317000
17		41	2667.149025000
17		1358	2667.151099000
17		41	2667.211240000
17		1358	2667.211652000
17		41	2667.272824000
17		1358	2667.274409000
6	0		2667.334796000
6	352		2667.334822000
17		46	2667.334833000
17		1358	2667.335288000
6	0		2667.335305000
6	1420		2667.339186000
6	1420		2667.339234000
6	591		2667.339287000
6	0		2667.397090000
6	0		2667.397120000
6	0		2667.397128000
17		44	2667.397137000
17		41	2667.397144000
17		41	2667.397150000
17		1358	2667.414928000
17		33	2667.422832000
17		41	2667.459446000
17		1358	2667.461654000
17		41	2667.521198000
17		1358	2667.546839000
17		41	2667.582923000
17		1358	2667.630481000
17		41	2667.644796000
17		1358	2667.645172000
17		41	2667.707792000
17		1358	2667.714230000
17		1358	2667.725167000
17		41	2667.769062000
17		41	2667.769084000
17		1358	2667.799327000
17		1358	2667.803411000
17		41	2667.831319000
17		1358	2667.882704000
17		1358	2667.883314000
17		41	2667.893334000
6	0		2667.954805000
17		767	2667.954832000
17		36	2667.955833000
17		1358	2667.961701000
17		1358	2667.967409000
17		108	2667.970469000
17		157	2667.970601000
6	0		2668.016776000
17		1358	2668.040891000
17		1358	2668.052214000
6	0		2668.079543000
17		1358	2668.120157000
17		1358	2668.135571000
17		41	2668.140762000
17		1358	2668.200059000
17		41	2668.202709000
17		1358	2668.220470000
17		41	2668.265041000
17		1358	2668.278294000
17		1358	2668.304268000
17		41	2668.327359000
17		1358	2668.358167000
17		1358	2668.388230000
17		46	2668.389395000
17		33	2668.403251000
17		1358	2668.436728000
17		41	2668.451337000
17		1358	2668.472302000
17		41	2668.512986000
17		1358	2668.516052000
17		1358	2668.556028000
17		41	2668.575269000
17		1358	2668.595143000
17		41	2668.637117000
17		1358	2668.640728000
17		1358	2668.674739000
17		41	2668.699441000
17		41	2668.699468000
17		1358	2668.724550000
17		1358	2668.753098000
17		41	2668.760836000
17		1358	2668.808604000
17		44	2668.823218000
17		41	2668.823238000
17		41	2668.823243000
17		1358	2668.832419000
17		33	2668.849132000
17		41	2668.885717000
17		1358	2668.893506000
17		1358	2668.911891000
17		1358	2668.947494000
17		85	2668.947525000
17		1358	2668.955916000
17		630	2668.955954000
17		1358	2668.974784000
17		1358	2668.977714000
17		34	2668.981294000
17		41	2669.008914000
17		41	2669.008941000
17		1358	2669.038231000
17		1358	2669.061091000
17		41	2669.071682000
17		1358	2669.101426000
17		41	2669.133152000
17		1358	2669.145855000
17		1358	2669.165425000
17		41	2669.195121000
17		41	2669.195153000
17		1358	2669.228478000
17		1358	2669.230679000
17		41	2669.256831000
17		1358	2669.291900000
17		1358	2669.314532000
17		41	2669.319572000
17		1358	2669.354672000
17		41	2669.380858000
17		1358	2669.397994000
17		1358	2669.418109000
17		41	2669.442672000
17		1358	2669.481630000
17		1358	2669.482307000
17		41	2669.505316000
17		1358	2669.545241000
17		1358	2669.567003000
17		41	2669.567444000
17		1358	2669.607998000
17		41	2669.629203000
17		1358	2669.651077000
17		41	2669.690968000
17		1358	2669.713882000
17		1358	2669.735663000
17		41	2669.752765000
17		46	2669.814711000
17		1358	2669.819510000
17		1358	2669.819783000
17		41	2669.877586000
17		41	2669.877608000
17		1358	2669.902985000
17		1358	2669.924560000
17		1358	2669.924668000
17		1358	2669.939236000
17		41	2669.939258000
17		1358	2669.940474000
17		1358	2669.988249000
17		41	2670.000766000
17		1358	2670.030015000
17		1358	2670.055361000
17		41	2670.063422000
17		1358	2670.121817000
17		41	2670.125665000
17		1358	2670.135697000
17		86	2670.186839000
17		1250	2670.186872000
17		101	2670.187395000
17		37	2670.187702000
17		1358	2670.189015000
17		515	2670.197457000
17		414	2670.210945000
17		1358	2670.214649000
17		42	2670.248770000
17		41	2670.248808000
17		1358	2670.256339000
17		1358	2670.294395000
17		41	2670.310975000
17		1358	2670.324350000
17		41	2670.373471000
17		1358	2670.373819000
17		1358	2670.391226000
17		41	2670.435236000
17		1358	2670.452221000
17		1358	2670.458358000
17		41	2670.497133000
17		1358	2670.531346000
17		41	2670.558864000
17		1358	2670.560578000
17		1358	2670.610832000
17		41	2670.621313000
17		41	2670.682784000
17		1358	2670.689807000
17		41	2670.745295000
17		1358	2670.746691000
17		1358	2670.769100000
17		41	2670.806839000
17		1358	2670.847986000
17		41	2670.869606000
17		1358	2670.870204000
17		1358	2670.927443000
17		41	2670.931116000
17		46	2670.993046000
17		41	2670.993070000
17		1358	2670.994235000
17		1358	2671.006437000
17		41	2671.055522000
17		1358	2671.085919000
17		41	2671.117525000
17		1358	2671.118550000
17		1358	2671.164427000
17		41	2671.179068000
17		41	2671.240718000
17		1358	2671.242453000
17		1358	2671.243775000
17		41	2671.302872000
17		1358	2671.322676000
17		41	2671.364722000
17		1358	2671.366337000
17		1358	2671.402353000
17		41	2671.426659000
17		1358	2671.481230000
17		41	2671.489789000
17		1358	2671.491368000
17		41	2671.551572000
17		1358	2671.560567000
17		41	2671.612630000
17		1358	2671.614224000
17		1325	2671.674858000
17		41	2671.674885000
17		35	2671.675386000
17		1358	2671.699639000
17		41	2671.737099000
17		1358	2671.737444000
17		1327	2671.799270000
17		37	2671.799806000
17		41	2671.860725000
17		1358	2671.862362000
17		41	2671.922812000
17		1358	2671.923163000
17		41	2671.985418000
17		1358	2671.987022000
17		41	2672.047168000
17		1358	2672.071695000
17		41	2672.109621000
17		41	2672.109641000
17		41	2672.109647000
17		1358	2672.110051000
17		45	2672.170707000
17		41	2672.170736000
17		35	2672.171539000
17		1358	2672.172330000
17		41	2672.233055000
17		41	2672.295158000
17		46	2672.295182000
17		1358	2672.295552000
17		1358	2672.296706000
17		41	2672.357429000
17		1358	2672.375047000
17		41	2672.418831000
17		1358	2672.421312000
17		41	2672.480971000
17		1358	2672.481418000
17		41	2672.543051000
17		1358	2672.544629000
17		41	2672.605454000
17		1358	2672.605788000
17		41	2672.666859000
17		1358	2672.668278000
17		41	2672.728683000
17		1358	2672.729029000
17		41	2672.791055000
17		1358	2672.792682000
17		41	2672.852986000
17		1358	2672.853351000
17		41	2672.915632000
17		1358	2672.932953000
17		41	2672.976726000
17		41	2672.976751000
17		1358	2672.977658000
17		1358	2673.012141000
17		41	2673.039347000
17		1358	2673.091654000
17		41	2673.101356000
17		1358	2673.103120000
17		41	2673.162671000
17		1358	2673.171280000
17		41	2673.225278000
17		1358	2673.226878000
17		41	2673.287602000
17		1358	2673.287973000
17		41	2673.348819000
17		1358	2673.367198000
17		41	2673.411240000
17		1358	2673.413780000
17		41	2673.473058000
17		1358	2673.473442000
17		46	2673.535075000
17		1358	2673.536180000
17		41	2673.598297000
17		1358	2673.598675000
17		41	2673.659175000
17		41	2673.659199000
17		1358	2673.660369000
17		1358	2673.677943000
17		41	2673.720704000
17		1358	2673.757923000
17		41	2673.782891000
17		1358	2673.837640000
17		41	2673.845169000
17		1358	2673.846524000
17		41	2673.906680000
17		1358	2673.916835000
17		41	2673.968748000
17		1358	2673.972102000
17		41	2674.031378000
17		1358	2674.056131000
17		41	2674.093272000
17		1358	2674.093719000
17		41	2674.155363000
17		1358	2674.156969000
17		41	2674.216784000
17		1358	2674.217180000
17		41	2674.279283000
17		1358	2674.280877000
17		41	2674.341402000
17		1358	2674.365577000
17		46	2674.402862000
17		1358	2674.403285000
17		41	2674.465122000
17		41	2674.465151000
17		1358	2674.466102000
17		1358	2674.466719000
17		41	2674.527413000
17		1358	2674.552828000
17		41	2674.588678000
17		1358	2674.589092000
17		41	2674.650961000
17		1358	2674.652578000
17		41	2674.713137000
17		1358	2674.713940000
17		41	2674.774861000
17		1358	2674.776525000
17		41	2674.837055000
17		1358	2674.837419000
17		41	2674.898792000
17		1358	2674.900480000
17		41	2674.961351000
17		1358	2674.961777000
17		41	2675.023542000
17		1358	2675.024471000
17		41	2675.084738000
17		1358	2675.085115000
17		41	2675.147944000
17		1358	2675.165001000
17		41	2675.208737000
17		41	2675.208766000
17		1358	2675.210769000
17		1358	2675.244188000
17		41	2675.271071000
17		1358	2675.324146000
17		41	2675.333433000
17		1358	2675.334813000
17		41	2675.395488000
17		1358	2675.404065000
17		41	2675.456782000
17		1358	2675.458375000
17		41	2675.519292000
17		1358	2675.520059000
17		41	2675.581370000
17		1358	2675.599802000
17		41	2675.643502000
17		1358	2675.645198000
17		41	2675.704864000
17		1358	2675.705266000
17		41	2675.767327000
17		1358	2675.768931000
17		41	2675.829811000
17		1358	2675.830113000
17		41	2675.890704000
17		41	2675.890729000
17		1358	2675.892344000
17		1358	2675.909293000
17		41	2675.953108000
17		1358	2675.989394000
17		41	2676.015262000
17		1358	2676.069387000
17		46	2676.076721000
17		1358	2676.078310000
17		41	2676.139574000
17		1358	2676.149221000
17		41	2676.200716000
17		1358	2676.202341000
17		41	2676.263531000
17		41	2676.325418000
17		1358	2676.325720000
17		41	2676.387198000
17		46	2676.449064000
17		1358	2676.449419000
17		41	2676.511570000
17		1358	2676.513220000
17		41	2676.573479000
17		41	2676.573510000
17		1358	2676.573872000
17		1358	2676.598450000
17		41	2676.635663000
17		1358	2676.653562000
17		41	2676.697151000
17		1358	2676.699191000
17		41	2676.758883000
17		1358	2676.784292000
17		41	2676.820630000
17		1358	2676.821020000
17		41	2676.883079000
17		1358	2676.884038000
17		41	2676.945009000
17		1358	2676.945492000
17		41	2677.007229000
17		1358	2677.008805000
17		41	2677.069076000
17		1358	2677.069529000
17		41	2677.130863000
17		1358	2677.132055000
17		41	2677.192842000
17		1358	2677.193215000
17		41	2677.255282000
17		1358	2677.256952000
17		41	2677.316677000
17		1358	2677.317497000
17		41	2677.379354000
17		1358	2677.397149000
17		41	2677.440820000
17		1358	2677.476058000
17		41	2677.503147000
17		1358	2677.555967000
17		41	2677.564638000
17		41	2677.627009000
17		1358	2677.635743000
17		41	2677.689447000
6	0		2677.743378000
6	0		2677.743429000
17		41	2677.750733000
17		1358	2677.751168000
6	0		2677.759450000
17		41	2677.813322000
17		41	2677.875481000
17		41	2677.937396000
17		41	2677.998983000
17		41	2677.999010000
17		41	2678.061281000
17		41	2678.123072000
17		41	2678.185175000
17		41	2678.247182000
17		41	2678.308666000
17		41	2678.371418000
17		41	2678.432833000
17		41	2678.494772000
17		46	2678.557193000
17		33	2678.582646000
17		46	2678.619479000
17		33	2678.633439000
17		41	2678.681271000
17		41	2678.681300000
17		41	2678.743491000
17		41	2678.804999000
17		41	2678.867098000
17		1358	2678.868691000
17		41	2678.929354000
17		41	2678.991030000
17		1358	2678.992612000
17		41	2679.053213000
17		41	2679.114822000
17		1358	2679.116473000
17		41	2679.176718000
17		41	2679.238849000
17		1358	2679.240359000
17		41	2679.300821000
17		41	2679.363536000
17		1358	2679.365230000
17		41	2679.424663000
17		1358	2679.425203000
17		41	2679.487064000
17		1358	2679.505052000
17		41	2679.549291000
17		1358	2679.585623000
17		41	2679.611246000
17		1358	2679.665714000
17		41	2679.672773000
17		41	2679.735164000
17		1358	2679.736787000
17		1358	2679.745019000
17		41	2679.797362000
17		1358	2679.825523000
17		1358	2679.848452000
17		41	2679.859356000
17		1358	2679.904703000
17		41	2679.920687000
17		1358	2679.958209000
17		41	2679.982799000
17		1358	2679.984350000
17		41	2680.045240000
17		1358	2680.064226000
17		1358	2680.067926000
17		41	2680.107603000
17		1358	2680.144134000
17		41	2680.169218000
17		1358	2680.178092000
17		1358	2680.223738000
17		41	2680.231343000
17		1358	2680.288196000
17		41	2680.292925000
17		1358	2680.303487000
17		41	2680.355255000
17		1358	2680.398742000
17		41	2680.416692000
17		1358	2680.437216000
17		41	2680.478888000
17		1358	2680.508651000
17		41	2680.541451000
17		1358	2680.569999000
17		41	2680.602720000
17		1358	2680.619387000
17		41	2680.665016000
17		1358	2680.702751000
17		41	2680.726659000
17		1358	2680.728189000
17		1358	2680.782297000
17		46	2680.788702000
17		33	2680.814286000
17		1358	2680.839949000
17		41	2680.850732000
17		41	2680.850759000
17		1358	2680.862510000
17		41	2680.913283000
17		1358	2680.942092000
17		1358	2680.950471000
17		41	2680.974755000
17		1358	2681.022057000
17		41	2681.036850000
17		1358	2681.074223000
17		41	2681.098963000
17		1358	2681.101887000
17		46	2681.161535000
17		33	2681.175887000
17		1358	2681.182298000
17		1358	2681.197999000
17		41	2681.222795000
17		1358	2681.261602000
17		41	2681.285130000
17		1358	2681.321637000
17		1358	2681.341701000
17		41	2681.347609000
17		41	2681.409125000
17		1358	2681.421746000
17		1358	2681.445509000
17		41	2681.471108000
17		1358	2681.501415000
17		41	2681.533038000
17		1358	2681.559385000
17		1358	2681.581587000
17		41	2681.594676000
17		41	2681.656988000
17		1358	2681.660994000
17		1358	2681.673755000
17		41	2681.718704000
17		1358	2681.741314000
17		41	2681.781040000
17		1358	2681.786668000
17		1358	2681.820611000
17		41	2681.843158000
17		1358	2681.900537000
17		1358	2681.900691000
17		41	2681.905552000
17		41	2681.966866000
17		1358	2681.980973000
17		1358	2682.014086000
17		41	2682.028734000
17		1358	2682.060507000
17		41	2682.090802000
17		1358	2682.127646000
17		1358	2682.140803000
17		41	2682.153512000
17		41	2682.214748000
17		1358	2682.219922000
17		1358	2682.242324000
17		41	2682.277198000
17		1358	2682.300134000
17		41	2682.339366000
17		41	2682.339402000
17		1358	2682.355751000
17		1358	2682.380019000
17		41	2682.401351000
17		1358	2682.446680000
17		1358	2682.460060000
17		41	2682.463176000
17		41	2682.525340000
17		1358	2682.536985000
17		1358	2682.540407000
17		41	2682.587596000
17		1358	2682.619945000
17		1358	2682.628228000
17		41	2682.649784000
17		1358	2682.699634000
17		41	2682.711327000
17		1358	2682.719563000
17		41	2682.772744000
17		1358	2682.779847000
17		1358	2682.810832000
17		41	2682.835494000
17		1358	2682.859018000
17		46	2682.897032000
17		1358	2682.901338000
17		33	2682.923325000
17		1358	2682.938754000
17		41	2682.959564000
17		1358	2683.018991000
17		41	2683.021396000
17		41	2683.021426000
17		1358	2683.053737000
17		41	2683.083450000
17		1358	2683.098945000
17		41	2683.144808000
17		1358	2683.178556000
17		1358	2683.204731000
17		41	2683.207035000
17		1358	2683.258952000
17		41	2683.269012000
17		41	2683.331349000
17		1358	2683.338289000
17		1358	2683.357079000
17		41	2683.393151000
17		1358	2683.418545000
17		41	2683.455195000
17		1358	2683.470028000
17		1358	2683.498569000
17		41	2683.517548000
17		1358	2683.578280000
17		41	2683.578804000
17		1358	2683.583632000
17		41	2683.641398000
17		1358	2683.657937000
17		1358	2683.697402000
17		41	2683.703241000
17		41	2683.703264000
17		1358	2683.737592000
17		41	2683.765371000
17		1358	2683.811618000
17		1358	2683.817873000
17		46	2683.826869000
17		33	2683.841511000
17		41	2683.889113000
17		1358	2683.898227000
17		1358	2683.925070000
17		41	2683.950937000
17		1358	2683.977427000
17		41	2684.013110000
17		1358	2684.038617000
17		1358	2684.057215000
17		41	2684.074776000
17		41	2684.137313000
17		1358	2684.137348000
17		1358	2684.152572000
17		41	2684.199243000
17		1358	2684.217093000
6	0		2684.222900000
6	0		2684.222957000
17		41	2684.260890000
6	0		2684.262278000
6	12		2684.262539000
17		1358	2684.265761000
17		1358	2684.281024000
6	0		2684.301466000
6	12		2684.301540000
6	0		2684.301554000
6	1		2684.301783000
6	4		2684.301808000
6	32		2684.301822000
6	0		2684.301834000
17		41	2684.322999000
6	0		2684.340695000
6	0		2684.340732000
6	0		2684.340736000
6	0		2684.340740000
6	0		2684.340751000
6	0		2684.340823000
17		1358	2684.345089000
17		1358	2684.379666000
17		41	2684.384978000
17		1358	2684.409213000
17		41	2684.447364000
17		41	2684.447388000
17		1358	2684.474095000
17		1358	2684.494143000
17		41	2684.509168000
17		1358	2684.538035000
17		41	2684.571279000
17		1358	2684.606937000
17		41	2684.632927000
17		1358	2684.633323000
17		41	2684.695286000
17		1358	2684.721594000
17		41	2684.756725000
17		1358	2684.757116000
17		46	2684.819690000
17		1358	2684.834557000
17		33	2684.845502000
17		1358	2684.863748000
17		41	2684.881405000
17		41	2684.942921000
17		1358	2684.948200000
17		1358	2684.970376000
17		41	2685.005281000
6	0		2685.030829000
6	0		2685.030885000
6	0		2685.044985000
6	41		2685.051425000
17		1358	2685.063435000
6	0		2685.064938000
6	21		2685.067272000
6	0		2685.067302000
17		41	2685.067338000
6	1080		2685.068348000
17		1358	2685.077385000
6	440		2685.081911000
6	0		2685.122240000
17		41	2685.128714000
6	48		2685.135811000
6	0		2685.135848000
6	280		2685.139972000
17		1358	2685.177463000
6	16		2685.189461000
17		41	2685.191417000
17		1358	2685.191843000
6	0		2685.230224000
6	52		2685.243761000
6	0		2685.243798000
6	52		2685.243894000
17		41	2685.252735000
6	100		2685.257414000
17		1358	2685.292774000
6	0		2685.298219000
17		1358	2685.298851000
17		41	2685.314673000
17		41	2685.377089000
17		1358	2685.405628000
17		1358	2685.406847000
17		41	2685.438949000
17		1358	2685.485968000
17		41	2685.500807000
17		41	2685.563185000
17		1358	2685.564349000
17		1358	2685.566029000
17		41	2685.625202000
17		1358	2685.646267000
17		41	2685.687227000
17		1358	2685.688762000
17		41	2685.749200000
17		1358	2685.749609000
17		41	2685.810832000
17		1358	2685.830202000
17		41	2685.873305000
17		41	2685.873350000
17		1358	2685.874847000
17		1358	2685.910097000
17		41	2685.935300000
17		1358	2685.990002000
17		41	2685.997339000
17		1358	2685.998905000
17		41	2686.059057000
17		1358	2686.070595000
17		41	2686.121135000
17		1358	2686.122703000
17		41	2686.182688000
17		1358	2686.183038000
17		41	2686.244904000
17		1358	2686.246634000
17		41	2686.306942000
17		1358	2686.307331000
17		41	2686.369062000
17		1358	2686.370714000
17		41	2686.431637000
17		1358	2686.432363000
6	68		2686.450498000
6	52		2686.464208000
6	0		2686.464253000
6	0		2686.464272000
6	0		2686.465497000
6	0		2686.479208000
17		41	2686.492995000
17		1358	2686.494886000
17		41	2686.555296000
17		1358	2686.555686000
17		46	2686.616670000
17		41	2686.616697000
17		1358	2686.618195000
17		1358	2686.635930000
17		41	2686.678859000
17		1358	2686.710021000
17		41	2686.741099000
17		1358	2686.741479000
17		41	2686.803262000
17		1358	2686.804326000
17		41	2686.864655000
17		1358	2686.865144000
17		46	2686.927123000
17		1358	2686.945943000
17		41	2686.989439000
17		1358	2686.991031000
17		41	2687.051009000
17		686	2687.051033000
17		1358	2687.051415000
17		36	2687.052443000
17		75	2687.060925000
17		33	2687.060968000
17		41	2687.113308000
17		1358	2687.114966000
6	0		2687.151861000
6	0		2687.151904000
17		41	2687.175133000
17		1358	2687.175546000
17		41	2687.237133000
17		1358	2687.256213000
17		41	2687.299003000
17		41	2687.299036000
17		1358	2687.301188000
17		1358	2687.336272000
17		41	2687.360968000
17		1358	2687.416859000
17		41	2687.422754000
17		1358	2687.453481000
17		41	2687.484987000
17		1358	2687.496858000
17		41	2687.547527000
17		1358	2687.576765000
17		41	2687.609483000
17		1358	2687.611055000
17		41	2687.670839000
17		1358	2687.671214000
17		41	2687.733364000
17		1358	2687.734933000
17		41	2687.795259000
17		1358	2687.795645000
17		41	2687.856873000
17		1358	2687.858405000
17		41	2687.918911000
17		1358	2687.919279000
17		41	2687.981421000
17		1358	2687.982921000
17		41	2688.042919000
17		41	2688.042951000
17		1358	2688.043357000
17		1358	2688.097970000
17		41	2688.105624000
17		1358	2688.123657000
6	0		2688.154545000
6	0		2688.154595000
17		41	2688.167344000
17		1358	2688.212893000
17		41	2688.228745000
17		1358	2688.229188000
17		41	2688.290876000
17		1358	2688.327728000
17		41	2688.353457000
17		1358	2688.353937000
17		41	2688.414950000
17		1358	2688.442650000
17		41	2688.476935000
17		1358	2688.477300000
17		41	2688.538651000
17		1358	2688.557627000
17		41	2688.601015000
17		1358	2688.602626000
17		44	2688.663517000
17		41	2688.663552000
17		41	2688.663560000
17		1358	2688.663956000
17		33	2688.689222000
17		41	2688.724895000
17		1358	2688.726423000
17		41	2688.787282000
17		1358	2688.787676000
17		41	2688.849402000
17		41	2688.849425000
17		1358	2688.850919000
17		1358	2688.851919000
17		46	2688.910854000
17		1358	2688.916206000
17		41	2688.972818000
17		1358	2688.980660000
17		41	2689.035495000
17		1358	2689.036902000
17		41	2689.097491000
17		1358	2689.097886000
17		41	2689.159075000
17		1358	2689.161900000
17		41	2689.221094000
17		1358	2689.221593000
17		41	2689.282861000
17		1358	2689.283179000
17		46	2689.345015000
17		1358	2689.346577000
17		41	2689.407278000
17		1358	2689.407652000
17		41	2689.468860000
17		1358	2689.470464000
17		41	2689.531196000
17		41	2689.531220000
17		1358	2689.531660000
17		1358	2689.585719000
17		41	2689.593610000
17		1358	2689.638465000
17		41	2689.660601000
17		1358	2689.699996000
17		41	2689.717431000
17		1358	2689.744955000
17		41	2689.779522000
17		1358	2689.815278000
17		41	2689.840978000
17		1358	2689.851982000
17		41	2689.903451000
17		1358	2689.929894000
17		41	2689.964956000
17		1358	2689.965372000
17		41	2690.027165000
17		1358	2690.044076000
17		41	2690.089610000
17		1358	2690.089966000
17		41	2690.151123000
17		1358	2690.169962000
17		41	2690.213228000
17		1358	2690.214321000
17		41	2690.274729000
17		41	2690.274755000
17		41	2690.337278000
17		41	2690.398734000
17		41	2690.460736000
17		41	2690.522818000
17		41	2690.584866000
17		41	2690.647200000
17		41	2690.709110000
17		41	2690.771098000
17		41	2690.832696000
17		46	2690.894679000
17		33	2690.920113000
17		41	2690.957183000
17		41	2690.957208000
17		41	2691.019406000
17		41	2691.081203000
17		41	2691.142700000
17		41	2691.204645000
17		41	2691.266937000
17		1358	2691.268526000
6	0		2691.276441000
6	0		2691.276495000
6	0		2691.300323000
6	41		2691.305721000
17		41	2691.328774000
6	0		2691.329133000
6	21		2691.329212000
6	0		2691.329222000
17		1358	2691.329359000
6	1080		2691.330217000
6	0		2691.353586000
6	440		2691.360736000
17		41	2691.391102000
17		1358	2691.393044000
6	0		2691.402245000
6	48		2691.438248000
6	0		2691.438287000
6	280		2691.442255000
17		41	2691.453346000
17		1358	2691.453680000
6	0		2691.465640000
6	16		2691.469237000
17		1358	2691.507298000
6	0		2691.510222000
17		41	2691.515239000
6	52		2691.533635000
6	0		2691.533674000
17		1358	2691.533726000
6	52		2691.533793000
6	100		2691.560501000
17		41	2691.577389000
6	0		2691.602206000
17		1358	2691.613589000
17		1358	2691.620842000
17		41	2691.639135000
17		1358	2691.693428000
17		41	2691.700782000
17		1358	2691.734561000
17		41	2691.762701000
17		1358	2691.773278000
17		46	2691.824847000
17		33	2691.838352000
17		1358	2691.848438000
17		1358	2691.853656000
17		41	2691.887295000
17		1358	2691.932972000
17		41	2691.948900000
17		1358	2691.961896000
17		41	2692.011014000
17		1358	2692.013069000
17		41	2692.073096000
17		1358	2692.076143000
17		1358	2692.093044000
17		41	2692.135053000
17		1358	2692.173377000
17		1358	2692.189464000
17		41	2692.197108000
17		1358	2692.252623000
17		41	2692.258770000
17		1358	2692.304662000
17		41	2692.320671000
17		1358	2692.333165000
6	0		2692.342168000
6	0		2692.342225000
6	0		2692.381551000
6	12		2692.381846000
17		41	2692.382885000
17		41	2692.382905000
17		1358	2692.412418000
17		1358	2692.418327000
6	0		2692.421172000
6	12		2692.421210000
6	0		2692.421224000
6	1		2692.421411000
6	4		2692.421431000
6	32		2692.421440000
6	0		2692.421450000
17		41	2692.445460000
6	0		2692.460731000
6	0		2692.460772000
6	0		2692.460806000
6	0		2692.460821000
17		1358	2692.492329000
17		41	2692.507411000
17		1358	2692.531844000
17		41	2692.569432000
17		1358	2692.572716000
17		41	2692.631478000
17		1358	2692.635907000
17		1358	2692.645665000
17		41	2692.692949000
17		1358	2692.699790000
17		41	2692.755095000
17		1358	2692.759095000
17		1358	2692.774660000
17		41	2692.816892000
17		1358	2692.848956000
17		1358	2692.873554000
17		41	2692.879041000
17		1358	2692.923060000
17		41	2692.940951000
17		1358	2692.986768000
17		1358	2692.997336000
17		41	2693.003012000
17		41	2693.065510000
17		1358	2693.071743000
17		1358	2693.100654000
17		46	2693.126913000
17		1358	2693.146571000
17		41	2693.188795000
17		1358	2693.214458000
17		1358	2693.220431000
6	68		2693.247296000
17		41	2693.251451000
6	52		2693.270740000
6	0		2693.270787000
6	0		2693.270805000
6	0		2693.272066000
6	0		2693.295441000
17		1358	2693.295722000
17		41	2693.313545000
17		1358	2693.327699000
17		41	2693.375036000
17		1358	2693.418813000
17		41	2693.436851000
17		1358	2693.451740000
17		41	2693.498921000
17		1358	2693.542805000
17		41	2693.560820000
17		1358	2693.576042000
17		41	2693.623615000
17		1358	2693.666920000
17		41	2693.685212000
17		1358	2693.700052000
17		41	2693.746983000
17		1358	2693.790730000
17		41	2693.809533000
17		1358	2693.823818000
17		41	2693.870825000
17		41	2693.870847000
17		1358	2693.914668000
17		41	2693.933355000
6	0		2693.933383000
6	0		2693.934628000
17		1358	2693.948078000
17		41	2693.994692000
17		1358	2694.007882000
17		41	2694.057495000
17		1358	2694.071344000
17		1358	2694.097913000
17		41	2694.119468000
17		41	2694.181149000
17		1358	2694.188529000
17		1358	2694.195564000
17		41	2694.243130000
17		1358	2694.278881000
17		41	2694.304681000
17		1358	2694.319851000
17		41	2694.366976000
17		1358	2694.368361000
17		41	2694.428978000
17		1358	2694.443262000
17		1358	2694.458516000
17		41	2694.490734000
17		1358	2694.548935000
17		46	2694.553219000
17		41	2694.553240000
17		1358	2694.566307000
17		41	2694.615513000
17		1358	2694.638866000
17		41	2694.676696000
17		1358	2694.690238000
17		1358	2694.729427000
17		41	2694.738738000
17		41	2694.800725000
17		1358	2694.814541000
17		1358	2694.819170000
17		41	2694.863712000
17		1358	2694.909163000
17		41	2694.925462000
17		1358	2694.938968000
17		41	2694.987192000
17		1358	2694.999499000
17		1358	2695.037907000
17		41	2695.049440000
17		1358	2695.089569000
17		586	2695.111251000
17		41	2695.111281000
17		36	2695.112219000
17		77	2695.120381000
17		33	2695.120475000
17		1358	2695.136940000
17		46	2695.172683000
17		1358	2695.180401000
17		41	2695.235114000
17		1358	2695.235268000
17		1358	2695.270037000
17		41	2695.297048000
17		41	2695.297077000
17		1358	2695.335998000
17		41	2695.359099000
17		1358	2695.359457000
17		41	2695.421178000
17		1358	2695.434746000
17		1358	2695.450780000
17		41	2695.483436000
17		1358	2695.532913000
17		1358	2695.540265000
17		41	2695.544867000
17		41	2695.607534000
17		1358	2695.630518000
17		1358	2695.632635000
17		41	2695.669379000
17		1358	2695.721214000
17		41	2695.730930000
17		41	2695.793253000
17		1358	2695.797801000
17		1358	2695.810705000
17		41	2695.855504000
17		1358	2695.901006000
17		41	2695.916699000
17		1358	2695.962873000
17		41	2695.978774000
17		41	2695.978813000
17		1358	2695.990977000
17		41	2696.040895000
17		1358	2696.081582000
17		41	2696.103668000
17		1358	2696.128218000
17		44	2696.165046000
17		41	2696.165071000
17		41	2696.165078000
17		1358	2696.171575000
17		33	2696.191404000
17		41	2696.226649000
17		1358	2696.262098000
17		41	2696.289777000
17		1358	2696.293887000
17		41	2696.351613000
17		1358	2696.352452000
17		41	2696.413600000
17		1358	2696.417205000
17		1358	2696.442126000
17		41	2696.475556000
17		1358	2696.532083000
17		41	2696.537277000
17		1358	2696.541602000
17		41	2696.599233000
17		1358	2696.622056000
17		41	2696.660650000
17		1358	2696.664259000
17		1358	2696.712276000
17		41	2696.723275000
17		41	2696.785263000
17		1358	2696.788887000
17		1358	2696.802633000
17		41	2696.846677000
17		1358	2696.892498000
17		41	2696.909596000
17		1358	2696.912987000
17		41	2696.970813000
17		1358	2696.982688000
17		41	2697.032980000
17		1358	2697.036547000
17		1358	2697.072966000
17		41	2697.094742000
17		46	2697.157260000
17		1358	2697.158761000
17		1358	2697.163824000
17		41	2697.219100000
17		1358	2697.253245000
17		46	2697.280860000
17		287	2697.284419000
17		33	2697.306407000
17		1358	2697.343462000
17		41	2697.343510000
17		41	2697.405390000
6	0		2697.426667000
17		1358	2697.433894000
17		41	2697.467723000
17		1358	2697.523682000
17		41	2697.528679000
17		41	2697.528704000
17		41	2697.591014000
17		1358	2697.595711000
17		41	2697.652806000
17		1358	2697.668127000
17		41	2697.715769000
17		1358	2697.739927000
17		41	2697.777480000
17		1358	2697.812550000
17		41	2697.839110000
6	73		2697.873201000
17		1358	2697.884541000
17		41	2697.901058000
17		41	2697.963496000
17		1358	2697.964160000
17		41	2698.025284000
17		41	2698.087122000
17		1358	2698.087579000
17		41	2698.148745000
17		1358	2698.208443000
17		41	2698.211059000
17		41	2698.211089000
17		1050	2698.211097000
17		33	2698.211668000
17		33	2698.212328000
17		1358	2698.216078000
17		41	2698.272870000
17		1358	2698.328760000
17		41	2698.335010000
17		1358	2698.341958000
17		41	2698.397510000
17		1358	2698.449611000
17		41	2698.459768000
17		1358	2698.464624000
17		41	2698.521087000
17		41	2698.521110000
17		1358	2698.569772000
6	0		2698.582683000
17		41	2698.582708000
17		1358	2698.588133000
17		41	2698.645085000
17		1358	2698.690198000
17		41	2698.707048000
17		1358	2698.711948000
17		41	2698.769153000
17		1358	2698.780250000
17		41	2698.830982000
17		1358	2698.836587000
17		1358	2698.868992000
17		41	2698.892687000
6	0		2698.954968000
17		46	2698.954998000
17		1358	2698.957368000
17		1358	2698.960590000
17		41	2699.017040000
17		1358	2699.042036000
6	0		2699.060463000
6	0		2699.060501000
17		41	2699.079713000
17		1358	2699.084082000
17		1358	2699.126067000
17		41	2699.141687000
17		41	2699.203399000
17		41	2699.203426000
17		1358	2699.208049000
17		1358	2699.210491000
17		47	2699.265250000
17		41	2699.265283000
17		33	2699.278971000
17		1358	2699.293563000
17		41	2699.327142000
17		1358	2699.332566000
17		1358	2699.376369000
17		41	2699.389086000
17		41	2699.451504000
17		1358	2699.455662000
17		1358	2699.460115000
17		41	2699.513699000
17		1358	2699.543466000
17		41	2699.575419000
17		1358	2699.580200000
17		1358	2699.627699000
17		41	2699.637298000
17		41	2699.699037000
17		1358	2699.703960000
17		1358	2699.710231000
17		41	2699.760874000
17		1358	2699.793721000
17		41	2699.823298000
17		1358	2699.827738000
17		1358	2699.878049000
17		41	2699.885248000
17		41	2699.947564000
17		41	2699.947587000
17		1358	2699.951711000
17		1358	2699.960975000
17		41	2700.009530000
17		1358	2700.044781000
17		41	2700.071270000
17		1358	2700.075609000
17		1358	2700.127677000
17		41	2700.132808000
17		41	2700.195016000
17		1358	2700.198686000
17		1358	2700.210993000
17		41	2700.256945000
17		1358	2700.294527000
17		1358	2700.309834000
17		41	2700.319031000
17		1358	2700.378078000
17		41	2700.381055000
17		1358	2700.420408000
17		41	2700.443296000
17		1358	2700.461299000
17		41	2700.504941000
17		1358	2700.509195000
17		1358	2700.544961000
17		41	2700.567293000
17		1358	2700.597604000
17		1358	2700.628734000
17		1358	2700.686240000
17		1358	2700.711773000
17		41	2700.754648000
17		41	2700.754677000
17		1358	2700.775229000
17		1358	2700.795979000
17		1358	2700.864107000
17		1358	2700.878674000
6	0		2700.917549000
6	0		2700.917604000
17		41	2700.941303000
17		1358	2700.951990000
17		1358	2700.962150000
17		1358	2701.045742000
17		41	2701.128425000
6	0		2701.128454000
6	0		2701.128908000
17		1358	2701.128983000
17		1358	2701.212943000
6	0		2701.225453000
6	41		2701.231136000
17		46	2701.314917000
17		1358	2701.315303000
6	73		2701.345327000
17		41	2701.502440000
17		1358	2701.503503000
6	0		2701.537395000
6	21		2701.537882000
6	0		2701.537917000
6	1080		2701.538856000
17		41	2701.689513000
17		1358	2701.689900000
6	0		2701.845633000
6	440		2701.845673000
17		41	2701.875937000
17		1358	2701.877465000
6	0		2701.886205000
17		41	2702.063164000
6	0		2702.151860000
6	0		2702.151915000
6	48		2702.194269000
6	0		2702.194307000
6	280		2702.198370000
17		41	2702.250688000
6	0		2702.397072000
6	41		2702.402747000
17		41	2702.437165000
6	0		2702.504875000
6	16		2702.525906000
6	0		2702.566244000
17		41	2702.624355000
6	0		2702.647922000
6	21		2702.662345000
6	0		2702.662381000
6	1080		2702.663365000
17		41	2702.811250000
17		41	2702.811274000
6	52		2702.872881000
6	0		2702.872918000
6	52		2702.873052000
6	56		2702.873332000
6	0		2702.873357000
6	440		2702.916175000
6	0		2702.958231000
17		41	2702.997778000
6	100		2703.184358000
17		41	2703.185303000
17		41	2703.185328000
17		34	2703.185680000
6	48		2703.203380000
6	0		2703.203439000
6	280		2703.207642000
6	0		2703.226237000
17		41	2703.372702000
6	16		2703.468711000
6	0		2703.510234000
17		41	2703.559084000
17		41	2703.746041000
6	52		2703.755367000
6	0		2703.755408000
6	52		2703.755513000
17		41	2703.932904000
6	84		2704.008481000
6	0		2704.050207000
17		41	2704.120659000
17		46	2704.307158000
17		33	2704.321514000
17		41	2704.494261000
17		41	2704.681126000
6	68		2704.850950000
17		41	2704.868030000
17		41	2705.054867000
17		41	2705.054891000
17		1358	2705.056420000
6	52		2705.158132000
6	0		2705.158174000
6	0		2705.158192000
6	0		2705.159343000
17		41	2705.242119000
17		1358	2705.242954000
17		41	2705.428784000
6	0		2705.467238000
17		41	2705.616499000
17		1358	2705.618047000
6	68		2705.674399000
17		41	2705.803049000
6	52		2705.925476000
6	0		2705.925530000
6	0		2705.925556000
6	0		2705.927187000
17		41	2705.990333000
17		1358	2705.990686000
6	0		2706.172292000
17		41	2706.176770000
17		41	2706.176794000
17		1358	2706.177135000
17		35	2706.178355000
6	56		2706.345791000
6	0		2706.345843000
17		41	2706.363854000
17		1358	2706.364169000
6	0		2706.550830000
17		41	2706.550870000
17		1358	2706.551233000
6	0		2706.551309000
17		41	2706.738381000
17		1358	2706.740072000
17		41	2706.925532000
17		1358	2706.925891000
6	0		2707.112459000
17		41	2707.112481000
6	0		2707.112488000
17		1358	2707.113648000
17		1358	2707.224618000
17		41	2707.299302000
17		1358	2707.335370000
17		1358	2707.446697000
17		41	2707.486059000
17		1358	2707.556529000
17		1358	2707.667843000
17		41	2707.673595000
17		1358	2707.778712000
17		41	2707.860111000
17		1358	2707.860524000
17		1358	2707.888283000
17		1358	2707.945081000
17		1358	2707.999885000
17		1358	2708.028027000
6	0		2708.047394000
6	0		2708.047417000
17		1358	2708.110585000
17		1358	2708.111255000
17		1358	2708.194574000
17		1358	2708.221679000
6	0		2708.234224000
17		41	2708.234255000
17		1358	2708.278255000
17		1358	2708.331118000
17		1358	2708.361348000
17		41	2708.421112000
17		1358	2708.442015000
17		1358	2708.445806000
6	0		2708.462205000
6	0		2708.462261000
6	0		2708.501554000
6	12		2708.501758000
17		1358	2708.528962000
6	0		2708.540571000
6	12		2708.544869000
6	0		2708.544919000
6	1		2708.545076000
6	4		2708.545090000
6	32		2708.545098000
6	0		2708.545109000
17		1358	2708.552821000
6	0		2708.583914000
6	0		2708.583963000
6	0		2708.583968000
6	0		2708.584109000
6	0		2708.584138000
17		41	2708.608356000
17		1358	2708.611844000
17		1358	2708.663462000
17		1358	2708.695550000
17		1358	2708.773890000
17		1358	2708.778638000
17		41	2708.795280000
17		1358	2708.862352000
17		1358	2708.885024000
17		1358	2708.945845000
17		1358	2708.973297000
17		41	2708.982043000
17		1358	2709.029175000
17		1358	2709.062188000
17		1358	2709.112949000
17		1358	2709.151185000
17		41	2709.169678000
17		1358	2709.195991000
17		1358	2709.239694000
17		1358	2709.279808000
17		1358	2709.327511000
17		41	2709.356499000
17		1358	2709.362983000
17		1358	2709.414888000
17		1358	2709.446319000
17		1358	2709.503634000
17		1358	2709.529764000
17		41	2709.542999000
17		1358	2709.592474000
17		1358	2709.613526000
17		1358	2709.680996000
17		1358	2709.696871000
17		41	2709.730218000
17		1358	2709.769987000
17		1358	2709.858373000
17		41	2709.917370000
17		1358	2709.946313000
17		1358	2710.035711000
17		41	2710.104589000
17		1358	2710.105066000
17		1358	2710.123289000
17		1358	2710.171883000
17		41	2710.291066000
17		1358	2710.292693000
17		1358	2710.382102000
17		41	2710.478823000
17		41	2710.478853000
17		1358	2710.479235000
17		1358	2710.480429000
17		1358	2710.546480000
17		1358	2710.628460000
17		41	2710.665396000
17		1358	2710.665828000
17		1358	2710.733233000
17		41	2710.851989000
17		1358	2710.853586000
17		1358	2711.001796000
17		46	2711.039429000
17		1358	2711.039812000
17		1358	2711.106832000
17		41	2711.226062000
17		1358	2711.226479000
17		1358	2711.293736000
17		41	2711.413498000
17		1358	2711.415095000
17		1358	2711.564006000
17		41	2711.599978000
17		1358	2711.600677000
17		1358	2711.667910000
17		41	2711.787406000
17		1358	2711.788997000
17		1358	2711.938004000
17		41	2711.974023000
17		1358	2711.974397000
17		1358	2712.086086000
17		41	2712.161309000
17		1358	2712.162883000
17		1358	2712.274622000
17		41	2712.348162000
17		1358	2712.348525000
17		1358	2712.460246000
17		46	2712.535577000
17		41	2712.535618000
17		1358	2712.536757000
17		1358	2712.571133000
17		1358	2712.648467000
17		1358	2712.682602000
17		41	2712.722474000
17		1358	2712.794293000
17		1358	2712.905609000
17		41	2712.908943000
17		1358	2712.910252000
17		1358	2713.021462000
17		41	2713.096435000
6	0		2713.096470000
17		1358	2713.097079000
6	0		2713.097325000
17		1358	2713.209142000
17		41	2713.282863000
17		1358	2713.284443000
6	0		2713.378243000
6	0		2713.378299000
6	0		2713.462646000
6	41		2713.470138000
17		41	2713.470327000
17		1358	2713.470738000
6	0		2713.554101000
6	21		2713.554143000
6	0		2713.554165000
6	1080		2713.555177000
17		1358	2713.582258000
6	0		2713.639119000
6	440		2713.639160000
17		41	2713.657112000
6	0		2713.682228000
17		1358	2713.693324000
6	48		2713.766180000
6	0		2713.766219000
6	280		2713.770437000
17		1358	2713.776798000
17		41	2713.844644000
17		1358	2713.846522000
6	0		2713.854469000
6	16		2713.859191000
6	0		2713.902229000
6	52		2713.986193000
6	0		2713.986230000
6	52		2713.986357000
17		41	2714.031151000
17		1358	2714.031543000
6	84		2714.072111000
6	0		2714.114245000
17		1358	2714.115510000
17		41	2714.218120000
17		1358	2714.218981000
17		41	2714.405655000
17		1358	2714.406064000
17		1358	2714.489644000
17		41	2714.591929000
17		41	2714.591954000
17		1358	2714.592422000
17		1358	2714.593514000
17		1358	2714.676665000
17		41	2714.779013000
17		1358	2714.779910000
17		41	2714.966115000
17		41	2714.966139000
17		1358	2714.966463000
17		35	2714.967330000
17		1358	2715.050323000
17		41	2715.153432000
17		1358	2715.155120000
17		41	2715.340394000
17		1358	2715.340895000
17		1358	2715.424576000
17		41	2715.526874000
17		1358	2715.528589000
17		41	2715.713841000
17		1358	2715.714188000
17		1358	2715.797844000
17		41	2715.901624000
17		41	2715.901660000
17		34	2715.902066000
17		1358	2715.903111000
17		41	2716.088450000
17		1358	2716.088872000
17		1358	2716.172439000
6	68		2716.250701000
17		41	2716.274793000
17		1358	2716.276447000
6	52		2716.334759000
6	0		2716.334799000
6	0		2716.334817000
6	0		2716.336309000
6	0		2716.420257000
17		41	2716.462540000
17		1358	2716.462899000
17		1358	2716.546519000
6	0		2716.584903000
6	0		2716.584968000
6	0		2716.623806000
6	12		2716.624093000
17		41	2716.649016000
17		1358	2716.650634000
6	0		2716.663007000
6	12		2716.663046000
6	0		2716.663060000
6	1		2716.663288000
6	4		2716.663315000
6	32		2716.663329000
6	0		2716.663344000
6	0		2716.702009000
6	0		2716.702045000
6	0		2716.702056000
6	0		2716.702190000
6	0		2716.702203000
17		41	2716.835869000
17		41	2716.835902000
17		1358	2716.836290000
17		1358	2716.837433000
17		1358	2716.920005000
17		41	2717.023761000
17		1358	2717.024117000
17		41	2717.210622000
17		1358	2717.212267000
17		41	2717.397546000
17		1358	2717.399687000
17		41	2717.584029000
17		1358	2717.585683000
17		41	2717.771042000
17		1358	2717.772616000
17		41	2717.957907000
17		1358	2717.958300000
17		41	2718.145186000
17		1358	2718.146802000
6	0		2718.262508000
6	0		2718.262565000
6	0		2718.298396000
17		41	2718.332145000
17		1358	2718.332567000
17		41	2718.519394000
17		41	2718.706164000
17		41	2718.893607000
17		41	2718.893633000
17		41	2719.079856000
17		41	2719.267155000
17		41	2719.454105000
17		41	2719.641348000
17		41	2719.827819000
17		41	2720.015443000
17		41	2720.015467000
17		37	2720.017080000
17		41	2720.202289000
17		41	2720.389193000
17		41	2720.576618000
17		41	2720.762803000
17		41	2720.950398000
17		41	2721.137394000
17		41	2721.324616000
17		41	2721.511235000
17		41	2721.698378000
17		41	2721.885471000
17		41	2722.071787000
17		41	2722.259289000
17		41	2722.446143000
17		41	2722.633321000
17		46	2722.819775000
17		35	2722.845193000
17		41	2723.007266000
17		41	2723.193829000
17		41	2723.193849000
17		41	2723.381652000
17		41	2723.568028000
6	0		2723.630202000
6	0		2723.630256000
17		41	2723.755285000
6	0		2723.758512000
6	41		2723.764272000
6	0		2723.883246000
6	21		2723.883281000
6	0		2723.883293000
6	1080		2723.884278000
17		42	2723.942642000
17		39	2723.944256000
6	440		2724.003288000
6	0		2724.046240000
17		41	2724.129016000
6	48		2724.165060000
6	0		2724.165104000
6	280		2724.169159000
6	16		2724.290468000
17		41	2724.316345000
6	0		2724.334217000
6	52		2724.453090000
6	0		2724.453125000
6	52		2724.453215000
17		41	2724.503716000
6	84		2724.572213000
6	0		2724.614224000
17		41	2724.690347000
17		41	2724.877152000
17		41	2725.064245000
17		1358	2725.064272000
17		1358	2725.065156000
17		33	2725.089967000
17		41	2725.250794000
17		41	2725.438295000
17		41	2725.624791000
17		41	2725.812684000
17		41	2725.999264000
17		41	2726.186248000
17		41	2726.372908000
6	68		2726.454344000
17		41	2726.559858000
6	52		2726.573723000
6	0		2726.573766000
6	0		2726.573782000
6	0		2726.574952000
6	0		2726.695475000
17		41	2726.747167000
17		41	2726.934286000
17		41	2727.121479000
17		41	2727.121503000
17		36	2727.121918000
17		41	2727.307938000
17		41	2727.494940000
17		41	2727.494968000
17		41	2727.681884000
17		41	2727.869352000
17		41	2728.056390000
17		41	2728.243450000
17		41	2728.429847000
17		41	2728.617365000
17		41	2728.804188000
17		41	2728.991565000
17		41	2729.178236000
17		41	2729.365142000
17		41	2729.552361000
17		41	2729.739120000
17		41	2729.739154000
17		1358	2729.739518000
17		41	2729.926252000
17		41	2730.112838000
17		1358	2730.113254000
17		41	2730.299963000
17		1358	2730.300327000
6	0		2730.419493000
6	0		2730.419541000
6	0		2730.459436000
17		41	2730.487351000
17		1358	2730.488099000
17		41	2730.673751000
17		1358	2730.675289000
17		41	2730.861538000
17		1358	2730.863125000
17		41	2731.048836000
17		1358	2731.050662000
17		41	2731.235474000
17		1358	2731.235885000
6	0		2731.280518000
6	0		2731.280585000
17		1358	2731.319883000
6	0		2731.322444000
17		1358	2731.403000000
17		41	2731.422023000
17		1358	2731.423014000
17		1358	2731.486629000
17		1358	2731.569829000
17		41	2731.609196000
17		1358	2731.653726000
17		1358	2731.736976000
1,17		1358	2731.796244000
1,17		33	2731.796270000
17		1358	2731.820128000
17		1358	2731.904250000
17		1358	2731.983045000
17		87	2731.983077000
17		1358	2731.987812000
17		1358	2731.992383000
17		630	2731.992412000
17		34	2732.016824000
17		1358	2732.070675000
17		1358	2732.154147000
17		1238	2732.170310000
17		41	2732.170337000
17		41	2732.170343000
17		35	2732.171218000
17		323	2732.179427000
17		33	2732.179511000
17		1358	2732.237545000
17		1358	2732.320777000
17		41	2732.357538000
17		1358	2732.405244000
17		1358	2732.488873000
17		41	2732.544582000
17		1358	2732.546493000
17		1358	2732.571667000
17		1358	2732.655418000
17		1358	2732.658801000
17		41	2732.731423000
17		1358	2732.738941000
17		1358	2732.767794000
17		1358	2732.822468000
17		1358	2732.879692000
17		1358	2732.905174000
17		46	2732.918222000
17		33	2732.931839000
17		1358	2732.988593000
17		1358	2732.989824000
17		1358	2733.072226000
17		1358	2733.100574000
17		41	2733.105207000
17		1358	2733.156166000
17		1358	2733.210961000
17		1358	2733.239489000
17		46	2733.291767000
17		33	2733.317508000
17		1358	2733.322229000
17		1358	2733.322262000
17		1358	2733.406133000
17		1358	2733.432578000
17		41	2733.479585000
17		1358	2733.490076000
17		1358	2733.542947000
17		1358	2733.573190000
17		1358	2733.653473000
17		1358	2733.656713000
17		41	2733.665871000
17		1358	2733.740301000
17		1358	2733.764275000
17		1358	2733.823256000
17		41	2733.852750000
17		1358	2733.874916000
17		1358	2733.907482000
17		1358	2733.985821000
17		1358	2733.990804000
17		41	2734.040322000
17		1358	2734.074469000
17		1358	2734.096555000
17		1358	2734.157071000
17		1358	2734.206929000
17		41	2734.227031000
17		1358	2734.240699000
17		1358	2734.317053000
17		1358	2734.324580000
17		1358	2734.407753000
17		41	2734.413871000
17		1358	2734.428030000
17		1358	2734.491876000
17		1358	2734.538724000
17		1358	2734.574328000
17		41	2734.600762000
6	0		2734.601308000
6	0		2734.601344000
6	0		2734.626859000
6	0		2734.626907000
17		861	2734.649445000
17		1358	2734.657735000
17		1358	2734.741411000
6	0		2734.782966000
17		1358	2734.788210000
17		41	2734.788233000
17		1358	2734.788667000
6	41		2734.788852000
17		1358	2734.824677000
17		1358	2734.908254000
17		86	2734.974970000
17		41	2734.974995000
17		41	2734.975002000
17		101	2734.975374000
17		1358	2734.991810000
6	0		2735.069728000
17		1358	2735.075126000
17		1358	2735.158683000
6	21		2735.158732000
6	0		2735.158753000
6	1080		2735.159776000
17		41	2735.162504000
17		1358	2735.242180000
17		1358	2735.325370000
6	0		2735.327979000
6	0		2735.328023000
17		41	2735.348762000
17		1358	2735.409659000
17		1358	2735.492722000
17		43	2735.536683000
17		41	2735.536707000
17		41	2735.536713000
17		33	2735.537106000
17		1358	2735.576213000
17		1358	2735.659143000
6	0		2735.672532000
17		41	2735.722864000
17		1358	2735.743032000
6	440		2735.791032000
17		1358	2735.826141000
6	0		2735.834208000
17		1358	2735.910113000
17		41	2735.910603000
6	48		2735.927215000
6	0		2735.927255000
6	280		2735.931717000
6	0		2735.986501000
17		1358	2735.993175000
6	0		2736.029425000
6	0		2736.029488000
17		1358	2736.076520000
17		41	2736.097178000
17		1358	2736.159895000
17		1358	2736.244219000
17		41	2736.283705000
17		1358	2736.326867000
17		1358	2736.410298000
17		41	2736.471497000
6	16		2736.472258000
17		1358	2736.494153000
6	0		2736.514232000
17		1358	2736.577594000
17		41	2736.657762000
17		1358	2736.660808000
17		1358	2736.744192000
17		41	2736.845390000
17		41	2736.845415000
17		1358	2736.845864000
17		41	2737.032621000
17		1358	2737.032948000
6	52		2737.135995000
6	0		2737.136041000
6	52		2737.136117000
17		41	2737.219365000
17		41	2737.406654000
17		1358	2737.407040000
17		41	2737.593576000
6	100		2737.600454000
6	0		2737.612494000
6	0		2737.612532000
17		41	2737.780333000
17		1358	2737.780724000
17		46	2737.967575000
17		1358	2737.967975000
17		41	2738.153929000
17		41	2738.341098000
17		1358	2738.341510000
17		41	2738.528642000
17		41	2738.714808000
17		1358	2738.715241000
17		41	2738.902601000
17		41	2739.089278000
17		41	2739.089302000
17		1358	2739.089855000
17		41	2739.276067000
17		1358	2739.276578000
17		41	2739.463014000
17		1358	2739.463431000
17		101	2739.597621000
17		41	2739.649979000
17		41	2739.837680000
17		1358	2739.838071000
6	68		2739.933623000
17		41	2740.024485000
17		41	2740.211467000
17		114	2740.211491000
17		35	2740.211804000
17		1358	2740.211825000
6	52		2740.277040000
6	0		2740.278250000
17		41	2740.398155000
6	0		2740.434696000
6	0		2740.434752000
6	0		2740.470768000
6	0		2740.570996000
6	0		2740.571036000
6	0		2740.581801000
17		41	2740.585018000
17		1358	2740.585402000
6	0		2740.706245000
6	0		2740.706309000
6	0		2740.745763000
6	12		2740.746018000
17		41	2740.772378000
17		1358	2740.772845000
6	0		2740.784945000
6	12		2740.785001000
6	0		2740.785013000
6	1		2740.785159000
6	4		2740.785179000
6	32		2740.785190000
6	0		2740.785203000
6	0		2740.824153000
6	0		2740.824193000
6	0		2740.824198000
6	0		2740.824437000
6	0		2740.824453000
17		41	2740.958870000
17		41	2741.146110000
17		41	2741.146135000
17		1358	2741.146528000
17		41	2741.332775000
17		1358	2741.333097000
17		41	2741.519966000
17		41	2741.707692000
17		1358	2741.708037000
17		41	2741.893871000
17		1358	2741.894406000
17		41	2742.081530000
17		41	2742.267836000
17		1358	2742.268275000
17		41	2742.455285000
17		41	2742.642472000
17		1358	2742.642890000
17		41	2742.829694000
17		41	2743.016446000
17		1358	2743.016823000
17		41	2743.203232000
17		41	2743.390301000
17		1038	2743.390332000
17		41	2743.390340000
17		33	2743.390984000
17		33	2743.391435000
17		1358	2743.394259000
17		1358	2743.505475000
17		41	2743.576807000
17		1358	2743.616484000
17		1358	2743.727194000
17		41	2743.764638000
17		41	2743.950910000
17		1358	2743.952144000
17		46	2744.138553000
17		33	2744.164558000
17		41	2744.325139000
17		121	2744.512430000
17		37	2744.512858000
17		41	2744.699190000
17		41	2744.886328000
17		41	2744.886352000
17		41	2745.072955000
17		681	2745.072987000
17		41	2745.074035000
17		101	2745.082819000
17		33	2745.088824000
17		41	2745.260569000
17		41	2745.447587000
17		41	2745.634474000
6	0		2745.634507000
6	0		2745.635693000
17		41	2745.820933000
17		41	2746.008067000
17		41	2746.195680000
17		41	2746.382647000
17		41	2746.569035000
17		41	2746.756371000
17		41	2746.942866000
17		41	2747.129778000
17		41	2747.316978000
6	0		2747.439825000
6	0		2747.439865000
17		41	2747.504263000
17		41	2747.691208000
17		41	2747.878673000
17		46	2748.065088000
17		33	2748.090696000
17		42	2748.252391000
17		42	2748.439057000
17		42	2748.626188000
17		42	2748.813312000
6	0		2748.825901000
6	0		2748.825960000
6	0		2748.865723000
6	12		2748.865956000
6	0		2748.905642000
6	12		2748.905675000
6	0		2748.905686000
6	1		2748.905875000
6	4		2748.905893000
6	32		2748.905902000
6	0		2748.905914000
6	0		2748.945610000
6	0		2748.945655000
6	0		2748.945661000
6	0		2748.945678000
17		43	2749.000616000
17		43	2749.186910000
6	0		2749.289031000
6	0		2749.289085000
17		42	2749.374267000
6	0		2749.438456000
6	41		2749.444177000
17		41	2749.561315000
6	0		2749.593241000
6	21		2749.594658000
6	0		2749.594685000
6	1080		2749.595716000
6	0		2749.744831000
6	440		2749.744990000
17		41	2749.748672000
6	0		2749.786219000
17		41	2749.935024000
6	48		2749.935264000
6	0		2749.935289000
6	280		2749.939650000
6	0		2750.088711000
6	16		2750.091413000
17		41	2750.121818000
6	0		2750.134217000
6	52		2750.283262000
6	0		2750.283299000
6	52		2750.283379000
17		43	2750.309243000
17		41	2750.309269000
6	100		2750.432456000
6	0		2750.474226000
17		41	2750.496258000
17		41	2750.496288000
17		45	2750.496294000
17		1028	2750.496303000
17		39	2750.496918000
17		33	2750.496940000
17		41	2750.683037000
17		41	2750.870200000
17		41	2751.057402000
17		41	2751.244517000
17		41	2751.431220000
17		42	2751.618327000
17		1358	2751.618778000
17		1358	2751.702741000
17		47	2751.805459000
17		1358	2751.805877000
17		42	2751.991975000
17		1358	2751.992388000
17		41	2752.179451000
17		42	2752.179485000
6	0		2752.179499000
17		1358	2752.179852000
6	0		2752.180751000
17		1358	2752.181010000
17		1358	2752.270952000
6	0		2752.300055000
17		1358	2752.359700000
17		41	2752.366430000
17		1358	2752.448016000
17		1358	2752.535165000
6	68		2752.550012000
17		41	2752.553425000
17		1358	2752.624300000
6	52		2752.699249000
6	0		2752.699292000
6	0		2752.699309000
6	0		2752.700782000
17		1358	2752.712924000
17		41	2752.740050000
17		1358	2752.801791000
6	0		2752.849796000
17		1358	2752.889731000
17		41	2752.926824000
17		1358	2752.978000000
17		1358	2753.066590000
17		41	2753.114259000
17		45	2753.114284000
17		41	2753.114293000
17		42	2753.114298000
17		33	2753.140267000
17		1358	2753.154939000
17		1358	2753.244016000
17		41	2753.300852000
17		1358	2753.301228000
17		1358	2753.332977000
17		1358	2753.384983000
17		1358	2753.421369000
17		1358	2753.468819000
6	0		2753.476350000
6	0		2753.476406000
17		41	2753.488625000
17		1358	2753.510006000
17		1358	2753.552230000
17		1358	2753.598109000
6	0		2753.616748000
6	41		2753.622755000
17		1358	2753.635581000
17		41	2753.675177000
17		1358	2753.686829000
17		1358	2753.719282000
6	21		2753.752018000
6	0		2753.752068000
6	1080		2753.753138000
17		1358	2753.775382000
17		1358	2753.802340000
17		41	2753.862899000
17		1358	2753.863377000
17		1358	2753.885652000
6	440		2753.897422000
6	0		2753.938236000
17		1358	2753.951970000
17		1358	2753.969452000
17		1358	2754.041294000
17		41	2754.049464000
17		1358	2754.052804000
6	48		2754.075503000
6	0		2754.075541000
6	280		2754.079969000
17		1358	2754.129044000
17		1358	2754.136524000
17		1358	2754.217571000
6	16		2754.219664000
17		1358	2754.219837000
17		47	2754.236007000
17		33	2754.249471000
6	0		2754.262236000
17		1358	2754.303006000
17		1358	2754.306692000
17		1358	2754.386497000
6	52		2754.407140000
6	0		2754.407179000
6	52		2754.407263000
17		41	2754.423578000
6	0		2754.423637000
17		1358	2754.453481000
17		1358	2754.469770000
6	84		2754.546839000
17		1358	2754.553475000
6	0		2754.590240000
17		1358	2754.601020000
17		41	2754.609891000
17		1358	2754.636582000
17		1358	2754.720756000
17		1358	2754.749142000
17		41	2754.797616000
17		1358	2754.804149000
17		1358	2754.887631000
17		1358	2754.896689000
17		1358	2754.970737000
17		41	2754.984689000
17		1358	2755.043558000
17		1358	2755.053873000
17		1358	2755.137669000
17		41	2755.170884000
17		901	2755.170909000
17		35	2755.171672000
17		76	2755.180307000
17		33	2755.180374000
17		1358	2755.190601000
17		1358	2755.220810000
17		1358	2755.305142000
17		1358	2755.338191000
17		41	2755.357965000
17		1358	2755.388254000
17		1358	2755.471477000
17		1358	2755.486116000
17		41	2755.545790000
17		1358	2755.554677000
17		1358	2755.633928000
17		1358	2755.638710000
17		1358	2755.722294000
17		41	2755.732210000
17		1358	2755.781095000
17		1358	2755.805638000
17		1358	2755.888589000
17		41	2755.919562000
17		1358	2755.927839000
17		1358	2755.972240000
17		1358	2756.055587000
17		1358	2756.077019000
17		41	2756.105809000
17		1358	2756.139353000
6	68		2756.213551000
17		1358	2756.222864000
17		1358	2756.223796000
17		41	2756.293380000
17		1354	2756.293405000
17		35	2756.294579000
17		1358	2756.306003000
6	52		2756.356241000
6	0		2756.356285000
6	0		2756.357420000
6	0		2756.357674000
17		1358	2756.370530000
17		1358	2756.390094000
17		1358	2756.473001000
17		218	2756.480689000
17		41	2756.480714000
17		1358	2756.481530000
17		189	2756.492037000
17		148	2756.492071000
17		1358	2756.556775000
17		1358	2756.592702000
17		1358	2756.639698000
17		41	2756.667371000
17		1358	2756.702500000
17		1358	2756.723209000
6	0		2756.738227000
17		1358	2756.806619000
17		1358	2756.813911000
17		41	2756.853910000
17		1358	2756.890911000
6	0		2756.893828000
17		1358	2756.924262000
6	0		2756.946194000
6	0		2756.946247000
17		1358	2756.974180000
6	0		2756.985164000
6	12		2756.985462000
6	0		2757.024432000
6	12		2757.024693000
6	0		2757.024704000
6	1		2757.024889000
6	4		2757.024909000
6	32		2757.024918000
6	0		2757.024929000
17		1358	2757.034492000
17		41	2757.041366000
17		1358	2757.057340000
6	0		2757.063802000
6	0		2757.063855000
6	0		2757.063860000
6	0		2757.063865000
6	0		2757.063879000
17		1358	2757.140611000
17		1358	2757.145925000
17		41	2757.228650000
17		41	2757.228683000
17		1358	2757.229083000
17		1358	2757.257018000
17		1358	2757.367671000
17		41	2757.415861000
17		1358	2757.416257000
17		1358	2757.477111000
17		749	2757.587933000
17		41	2757.602405000
17		41	2757.789278000
17		1358	2757.789631000
17		41	2757.976445000
17		41	2758.162804000
17		1358	2758.163242000
17		41	2758.350517000
17		41	2758.537450000
17		1358	2758.537898000
17		41	2758.723959000
17		41	2758.910997000
17		1358	2758.911473000
17		41	2759.098603000
17		46	2759.285143000
17		41	2759.285173000
17		1358	2759.285574000
17		33	2759.300046000
6	0		2759.348455000
6	0		2759.348492000
17		41	2759.472089000
17		1358	2759.472571000
17		41	2759.659582000
17		41	2759.845964000
17		1358	2759.846366000
17		41	2760.033287000
17		41	2760.220610000
17		1358	2760.221026000
6	0		2760.328031000
6	0		2760.328086000
6	0		2760.345058000
6	41		2760.350530000
6	0		2760.366916000
6	21		2760.366946000
6	0		2760.366956000
6	1080		2760.367938000
6	0		2760.384208000
6	440		2760.384246000
17		46	2760.406886000
17		1358	2760.407272000
6	0		2760.426222000
6	48		2760.442609000
6	0		2760.442647000
6	280		2760.446773000
6	0		2760.463235000
6	16		2760.467594000
6	0		2760.510225000
6	52		2760.526678000
6	0		2760.526715000
6	52		2760.526848000
6	84		2760.543288000
6	0		2760.586216000
17		41	2760.594487000
17		41	2760.687352000
17		1358	2760.687747000
17		41	2760.779786000
17		41	2760.872705000
17		1358	2760.873024000
17		41	2760.965764000
17		1358	2760.966321000
17		41	2761.058712000
17		41	2761.058739000
17		1358	2761.059139000
17		41	2761.151705000
17		1358	2761.152035000
17		41	2761.245300000
17		41	2761.338416000
17		1358	2761.338760000
17		41	2761.431556000
17		1358	2761.431961000
17		41	2761.524387000
17		41	2761.616917000
17		1358	2761.617285000
17		41	2761.710332000
17		41	2761.803161000
17		1358	2761.803479000
17		43	2761.896132000
17		41	2761.896160000
17		41	2761.896168000
17		1358	2761.896702000
17		33	2761.922295000
17		41	2761.988936000
17		41	2762.082196000
17		1358	2762.082493000
17		41	2762.175479000
17		1358	2762.175838000
17		41	2762.268410000
17		41	2762.268440000
17		1358	2762.268729000
17		41	2762.361361000
17		1358	2762.361697000
17		41	2762.453806000
17		41	2762.546670000
17		1358	2762.547003000
17		41	2762.640066000
6	68		2762.700640000
6	52		2762.717168000
6	0		2762.717213000
6	0		2762.717238000
6	0		2762.718693000
17		41	2762.732903000
17		1358	2762.733263000
6	0		2762.734957000
17		41	2762.825987000
17		1358	2762.826326000
17		41	2762.919030000
17		41	2763.012302000
17		1358	2763.012634000
17		41	2763.105494000
17		1358	2763.105776000
17		41	2763.197921000
17		46	2763.290920000
17		1358	2763.291923000
17		1358	2763.376728000
17		41	2763.384579000
17		41	2763.476706000
17		41	2763.570102000
17		41	2763.662811000
17		41	2763.662835000
17		41	2763.756242000
17		41	2763.848694000
17		41	2763.941714000
17		1118	2763.941741000
17		39	2763.942339000
17		1358	2763.945475000
17		41	2764.034637000
17		1358	2764.057299000
17		43	2764.127797000
17		41	2764.127820000
17		41	2764.127826000
17		33	2764.154089000
17		1358	2764.167615000
17		41	2764.221347000
17		1358	2764.278380000
17		41	2764.313808000
17		41	2764.407462000
17		41	2764.499833000
17		41	2764.592706000
17		41	2764.686584000
17		41	2764.686615000
17		41	2764.779035000
17		41	2764.872523000
17		41	2764.965389000
17		41	2765.058240000
6	0		2765.065250000
6	0		2765.065303000
6	0		2765.104788000
6	12		2765.105081000
6	0		2765.144521000
6	12		2765.144598000
6	0		2765.144609000
6	1		2765.144845000
6	4		2765.144870000
6	32		2765.144880000
6	0		2765.144892000
17		41	2765.151011000
6	0		2765.184264000
6	0		2765.184301000
6	0		2765.184359000
6	0		2765.184485000
6	0		2765.184498000
17		41	2765.243865000
17		41	2765.337189000
17		41	2765.431132000
17		41	2765.523438000
17		41	2765.616458000
17		41	2765.709498000
17		41	2765.802421000
17		1358	2765.803112000
17		41	2765.895646000
17		41	2765.988088000
17		41	2766.081313000
17		41	2766.174258000
17		46	2766.266752000
17		33	2766.292673000
17		42	2766.359876000
17		42	2766.452690000
17		41	2766.545946000
17		41	2766.639026000
17		41	2766.732090000
17		41	2766.825192000
17		41	2766.917946000
6	0		2766.923595000
6	0		2766.923673000
17		41	2767.010716000
17		41	2767.103799000
6	0		2767.109253000
6	41		2767.116488000
17		41	2767.197137000
17		41	2767.290259000
6	0		2767.301772000
6	21		2767.308316000
6	0		2767.308352000
6	1080		2767.309305000
17		41	2767.383301000
17		41	2767.476594000
6	440		2767.502589000
6	0		2767.546229000
17		41	2767.568705000
17		41	2767.661945000
6	48		2767.731479000
6	0		2767.731521000
6	280		2767.735671000
17		41	2767.755105000
17		41	2767.848310000
6	16		2767.928055000
17		41	2767.940860000
6	0		2767.970213000
17		41	2768.034551000
17		1358	2768.034900000
17		46	2768.126796000
17		33	2768.152609000
6	52		2768.155495000
6	0		2768.155531000
6	52		2768.155677000
17		1358	2768.171457000
17		42	2768.219902000
17		1358	2768.307987000
17		41	2768.313553000
6	84		2768.349721000
6	0		2768.390231000
17		41	2768.406318000
17		41	2768.406351000
17		1358	2768.408005000
17		1358	2768.444758000
17		47	2768.498841000
17		33	2768.512656000
17		1358	2768.519849000
17		1358	2768.581407000
17		41	2768.592183000
17		1358	2768.630690000
17		41	2768.685298000
17		1358	2768.740785000
17		41	2768.778095000
17		1358	2768.851701000
17		41	2768.870966000
17		1358	2768.871343000
17		1358	2768.962221000
17		41	2768.963741000
17		1358	2769.008154000
17		46	2769.057035000
17		1358	2769.071936000
17		33	2769.082589000
17		1358	2769.144465000
17		41	2769.150246000
17		1358	2769.183683000
17		41	2769.243490000
17		1358	2769.280794000
17		1358	2769.294248000
17		41	2769.335991000
17		1358	2769.404875000
17		1358	2769.417229000
17		41	2769.429616000
17		1358	2769.515620000
17		41	2769.522585000
17		1358	2769.553651000
17		41	2769.614855000
17		1358	2769.625744000
17		1358	2769.690364000
17		41	2769.707869000
17		1358	2769.736911000
17		41	2769.800756000
17		41	2769.800780000
17		1358	2769.826733000
17		1358	2769.846542000
17		41	2769.893884000
17		1358	2769.957435000
17		1358	2769.963792000
17		41	2769.986745000
17		1358	2770.068295000
17		41	2770.079787000
17		1358	2770.100162000
17		41	2770.173584000
17		1358	2770.178428000
17		1358	2770.235759000
17		41	2770.266045000
6	0		2770.301052000
6	0		2770.301104000
17		1358	2770.324825000
17		41	2770.358859000
17		1358	2770.372138000
17		41	2770.451862000
17		1358	2770.471054000
6	0		2770.487336000
6	41		2770.493029000
17		1358	2770.508612000
17		41	2770.545232000
6	68		2770.606828000
17		1358	2770.610637000
17		41	2770.637855000
17		1358	2770.645492000
6	0		2770.679298000
6	21		2770.687525000
6	0		2770.687563000
6	1080		2770.688620000
17		41	2770.730634000
17		1358	2770.749711000
17		1358	2770.781557000
6	52		2770.803766000
6	0		2770.803806000
6	0		2770.803825000
6	0		2770.804955000
17		41	2770.824591000
6	440		2770.883629000
17		1358	2770.889683000
17		41	2770.916880000
17		41	2770.916904000
17		1358	2770.917257000
6	0		2770.926231000
6	0		2770.990219000
17		41	2771.009792000
17		1358	2771.030183000
17		1358	2771.054564000
17		41	2771.103464000
6	48		2771.112487000
6	0		2771.112523000
6	280		2771.116561000
17		1358	2771.169051000
17		1358	2771.191579000
17		41	2771.196123000
17		41	2771.288672000
17		1358	2771.308406000
6	16		2771.310571000
17		1358	2771.327380000
6	0		2771.354225000
17		41	2771.381886000
17		1358	2771.447659000
17		1358	2771.464616000
17		41	2771.475404000
6	52		2771.540455000
6	0		2771.540495000
6	52		2771.540579000
17		46	2771.567961000
17		33	2771.582605000
17		1358	2771.586943000
17		1358	2771.600025000
17		41	2771.660747000
17		1358	2771.726739000
6	84		2771.731049000
17		1358	2771.737060000
17		41	2771.754151000
6	0		2771.774223000
17		41	2771.846961000
17		1358	2771.867125000
17		1358	2771.873564000
17		41	2771.940219000
17		41	2771.940249000
17		1358	2772.005631000
17		1358	2772.009319000
17		41	2772.033034000
17		41	2772.126299000
17		1358	2772.145254000
17		1358	2772.146030000
17		41	2772.219574000
17		1358	2772.282118000
17		1358	2772.284813000
17		41	2772.312072000
17		41	2772.405156000
17		1358	2772.419290000
17		1358	2772.423663000
17		41	2772.498454000
17		1358	2772.535874000
17		1358	2772.555556000
17		41	2772.591278000
17		1358	2772.648198000
17		41	2772.683948000
17		1358	2772.691869000
17		1358	2772.758266000
17		41	2772.777274000
17		1358	2772.828715000
17		1358	2772.870025000
17		46	2772.870396000
17		33	2772.896268000
17		41	2772.962936000
17		1358	2772.964307000
17		1358	2772.982782000
17		41	2773.055860000
17		41	2773.055884000
17		1358	2773.094224000
17		1358	2773.100722000
17		41	2773.148747000
17		1358	2773.204853000
17		1358	2773.238065000
17		41	2773.241821000
17		1358	2773.316449000
17		41	2773.335043000
17		1358	2773.374579000
17		41	2773.427735000
17		1358	2773.503575000
17		1358	2773.510297000
17		41	2773.521510000
17		41	2773.614514000
17		1358	2773.646954000
17		1358	2773.690317000
17		41	2773.706889000
6	68		2773.733915000
17		1358	2773.783000000
17		41	2773.799708000
17		1358	2773.876994000
17		41	2773.892988000
17		1358	2773.920182000
6	52		2773.929915000
6	0		2773.929957000
6	0		2773.929981000
6	0		2773.931708000
17		41	2773.986085000
17		1358	2774.055805000
17		740	2774.063126000
17		41	2774.079251000
6	0		2774.117898000
17		41	2774.172502000
17		1358	2774.192535000
17		41	2774.265203000
17		1358	2774.329646000
17		41	2774.358379000
17		1358	2774.438324000
17		41	2774.451374000
17		41	2774.544334000
17		1358	2774.547019000
17		41	2774.636795000
17		1358	2774.656885000
17		41	2774.729972000
17		1358	2774.765418000
17		41	2774.823069000
17		1358	2774.874939000
17		41	2774.916623000
17		1358	2774.983561000
17		46	2775.008799000
17		1118	2775.008831000
17		33	2775.009478000
17		33	2775.010078000
17		1358	2775.012972000
17		1358	2775.093526000
17		41	2775.102503000
17		1358	2775.152935000
17		41	2775.194766000
17		1358	2775.202796000
17		41	2775.287913000
17		1358	2775.293073000
17		41	2775.380976000
17		1358	2775.383654000
17		1358	2775.432217000
17		41	2775.474106000
17		1358	2775.565792000
17		41	2775.567552000
17		1358	2775.571994000
17		41	2775.659758000
17		1358	2775.711442000
17		1358	2775.747752000
17		41	2775.753510000
17		41	2775.845732000
17		1358	2775.851122000
17		1358	2775.929755000
17		41	2775.938943000
17		1358	2775.990201000
17		41	2776.031909000
17		1358	2776.111842000
17		41	2776.125129000
17		1358	2776.130287000
17		41	2776.218582000
17		1358	2776.248167000
17		1358	2776.269407000
17		41	2776.311405000
17		1358	2776.384548000
17		41	2776.404602000
17		1358	2776.408083000
17		46	2776.497753000
17		1358	2776.520678000
17		1358	2776.548132000
17		41	2776.591583000
17		1358	2776.657443000
17		41	2776.683312000
17		1358	2776.688328000
17		41	2776.776423000
17		1358	2776.793996000
17		1358	2776.827430000
17		41	2776.869262000
17		1358	2776.930318000
17		41	2776.961895000
17		41	2777.054739000
17		41	2777.054768000
17		1358	2777.064251000
17		47	2777.148402000
17		1358	2777.150045000
17		1358	2777.190890000
17		41	2777.241509000
17		1358	2777.317200000
17		41	2777.334143000
17		1358	2777.335612000
17		41	2777.427200000
17		1358	2777.444612000
17		41	2777.519904000
17		1358	2777.521528000
17		1358	2777.570720000
17		41	2777.613589000
17		1358	2777.697550000
17		41	2777.705943000
17		1358	2777.707500000
6	0		2777.718996000
6	0		2777.719050000
17		41	2777.799496000
17		1358	2777.824348000
17		41	2777.892623000
17		1358	2777.894238000
17		1358	2777.951422000
17		41	2777.984724000
17		41	2777.984749000
6	0		2778.018619000
6	41		2778.024120000
17		1358	2778.034789000
17		41	2778.077694000
17		1358	2778.077881000
17		41	2778.170792000
17		1358	2778.174888000
17		1358	2778.204681000
17		41	2778.264163000
17		1358	2778.316091000
6	0		2778.322825000
6	21		2778.326123000
6	0		2778.326158000
6	1080		2778.327094000
17		1358	2778.331648000
17		41	2778.356717000
17		41	2778.449814000
17		1358	2778.456160000
17		1358	2778.458139000
17		41	2778.542914000
17		1358	2778.584898000
6	0		2778.625241000
6	440		2778.625277000
17		41	2778.636240000
17		1358	2778.637776000
6	0		2778.666214000
17		1358	2778.711442000
17		41	2778.729255000
17		41	2778.822076000
17		1358	2778.823327000
17		1358	2778.838391000
17		41	2778.914764000
6	48		2778.964489000
6	0		2778.964528000
17		1358	2778.965597000
6	280		2778.968674000
17		41	2779.008253000
17		41	2779.008276000
17		1358	2779.009846000
17		1358	2779.091766000
17		41	2779.101415000
17		1358	2779.122677000
17		41	2779.193785000
6	0		2779.267117000
6	16		2779.278220000
17		41	2779.287150000
6	0		2779.322234000
17		41	2779.379885000
17		46	2779.473403000
17		33	2779.499917000
17		41	2779.565650000
6	52		2779.621897000
6	0		2779.621938000
6	52		2779.622036000
17		41	2779.658887000
17		41	2779.752067000
17		41	2779.845461000
6	100		2779.920983000
17		41	2779.938465000
6	0		2779.962214000
17		41	2780.031177000
17		41	2780.123762000
17		41	2780.217202000
17		41	2780.310089000
17		41	2780.403506000
17		41	2780.496545000
17		41	2780.589012000
17		41	2780.681736000
17		46	2780.775252000
17		33	2780.789463000
17		41	2780.868035000
17		41	2780.960733000
17		41	2781.054557000
17		41	2781.147449000
17		41	2781.147483000
17		1358	2781.149009000
6	0		2781.186512000
6	0		2781.186582000
6	0		2781.226179000
6	12		2781.226377000
17		41	2781.240607000
17		1358	2781.240996000
6	0		2781.265594000
6	12		2781.265646000
6	0		2781.265656000
6	1		2781.265815000
6	4		2781.265834000
6	32		2781.265841000
6	0		2781.265849000
6	0		2781.305022000
6	0		2781.305056000
6	0		2781.305060000
6	0		2781.305112000
6	0		2781.305124000
17		41	2781.333264000
17		1358	2781.334877000
17		41	2781.425885000
17		1358	2781.426157000
17		41	2781.519086000
17		1358	2781.519753000
17		41	2781.612117000
17		1358	2781.612439000
17		41	2781.704685000
17		1358	2781.739640000
17		41	2781.798535000
17		1358	2781.800180000
17		41	2781.891589000
17		1358	2781.891933000
17		41	2781.983754000
17		1358	2781.984700000
17		41	2782.077040000
17		1358	2782.125475000
17		41	2782.169726000
17		1358	2782.170119000
17		41	2782.262904000
17		41	2782.262928000
17		1358	2782.264762000
17		1358	2782.296924000
6	68		2782.355157000
17		41	2782.356454000
17		1358	2782.403318000
17		1358	2782.423707000
17		41	2782.448893000
17		41	2782.541671000
17		1358	2782.543786000
17		1358	2782.550834000
17		41	2782.635127000
6	52		2782.653780000
6	0		2782.653824000
6	0		2782.653851000
6	0		2782.655891000
17		1358	2782.678110000
17		1358	2782.683863000
17		46	2782.727861000
17		33	2782.753722000
17		1358	2782.804598000
17		41	2782.820987000
17		1358	2782.821706000
17		41	2782.913770000
17		1358	2782.931038000
6	0		2782.955063000
17		1358	2782.961672000
17		41	2783.006750000
6	0		2783.037276000
6	0		2783.037334000
17		1358	2783.058053000
17		41	2783.099904000
17		1358	2783.101671000
17		1358	2783.184605000
17		41	2783.193258000
17		1358	2783.240344000
6	0		2783.265077000
6	22		2783.266121000
6	0		2783.266151000
6	41		2783.271088000
17		41	2783.286149000
17		1358	2783.311597000
17		41	2783.379308000
17		41	2783.379335000
17		1358	2783.380407000
17		1358	2783.437748000
17		41	2783.471783000
6	0		2783.499061000
6	1080		2783.499105000
6	976		2783.514139000
17		1358	2783.520150000
6	0		2783.554223000
17		41	2783.564654000
17		1358	2783.565027000
17		41	2783.657822000
17		1358	2783.659445000
17		1358	2783.691679000
17		41	2783.751339000
6	0		2783.767011000
17		1358	2783.799272000
17		1358	2783.818296000
17		41	2783.843837000
17		41	2783.937310000
17		1358	2783.938940000
17		1358	2783.945435000
17		41	2784.029687000
6	48		2784.045065000
6	0		2784.045104000
6	388		2784.050457000
17		1358	2784.072182000
17		1358	2784.077695000
17		1358	2784.122819000
17		41	2784.122855000
17		1358	2784.124032000
17		33	2784.149021000
17		1358	2784.198619000
17		41	2784.215855000
17		1358	2784.217559000
6	0		2784.279089000
17		41	2784.308658000
17		1358	2784.325107000
17		1358	2784.357805000
17		46	2784.402096000
17		41	2784.402124000
17		33	2784.415562000
17		1358	2784.452130000
17		41	2784.495721000
17		747	2784.497261000
17		1358	2784.579191000
17		41	2784.588255000
17		41	2784.681362000
17		1358	2784.705441000
17		41	2784.774240000
17		1358	2784.832346000
17		41	2784.866962000
17		1358	2784.960047000
17		41	2784.960288000
6	16		2785.030063000
17		41	2785.052874000
6	0		2785.070219000
17		1358	2785.085655000
17		41	2785.145847000
17		1026	2785.145877000
17		39	2785.146512000
17		1358	2785.150650000
17		1358	2785.212514000
17		41	2785.239065000
17		1358	2785.291383000
17		41	2785.332492000
17		1358	2785.339701000
17		41	2785.424731000
17		1358	2785.431102000
17		1358	2785.465929000
17		704	2785.518573000
17		41	2785.518603000
17		41	2785.518612000
17		35	2785.519343000
17		74	2785.529068000
17		33	2785.529105000
17		1358	2785.570504000
17		1358	2785.592666000
17		41	2785.611051000
17		41	2785.704063000
17		1358	2785.709365000
17		1358	2785.720282000
17		41	2785.796950000
17		1358	2785.846469000
17		1358	2785.848348000
17		41	2785.890481000
17		1358	2785.973332000
17		41	2785.983262000
17		1358	2785.988476000
17		41	2786.075809000
17		1358	2786.100180000
17		1358	2786.128652000
17		46	2786.169516000
17		33	2786.195155000
17		1358	2786.226538000
17		41	2786.261652000
17		1358	2786.266698000
17		1358	2786.354287000
17		41	2786.355475000
17		1358	2786.407319000
17		41	2786.448567000
17		41	2786.448593000
17		1358	2786.480137000
17		47	2786.541386000
17		1358	2786.547153000
17		1358	2786.607018000
17		41	2786.634222000
17		1358	2786.685314000
17		41	2786.727350000
17		1358	2786.734212000
17		41	2786.820226000
17		1358	2786.825399000
17		1358	2786.860227000
17		41	2786.913426000
17		1358	2786.965249000
17		1358	2786.987429000
17		43	2787.006298000
17		669	2787.006321000
17		41	2787.006326000
17		35	2787.007300000
17		76	2787.015476000
17		33	2787.015633000
17		41	2787.098844000
17		1358	2787.104068000
17		1358	2787.114177000
17		41	2787.192501000
17		1358	2787.241024000
17		1358	2787.243733000
17		41	2787.285395000
17		1358	2787.367418000
17		41	2787.377666000
17		1358	2787.384089000
17		41	2787.471062000
17		41	2787.471088000
17		1358	2787.494346000
17		1358	2787.494994000
17		41	2787.564137000
17		1358	2787.595773000
17		1358	2787.606940000
17		41	2787.657087000
17		1358	2787.697663000
17		1358	2787.718050000
17		41	2787.750327000
17		1358	2787.798645000
17		1358	2787.828929000
17		41	2787.843204000
17		1358	2787.900150000
17		41	2787.935962000
6	52		2787.937823000
6	0		2787.937860000
6	52		2787.937939000
17		1358	2787.941166000
17		1358	2788.001157000
17		41	2788.029360000
17		1358	2788.053626000
17		1358	2788.103063000
17		41	2788.122164000
6	0		2788.165787000
17		1358	2788.204675000
17		41	2788.215272000
17		1358	2788.216827000
17		1358	2788.306237000
17		41	2788.308549000
17		41	2788.401511000
17		1358	2788.403205000
17		1358	2788.407334000
6	84		2788.437795000
6	0		2788.478216000
17		41	2788.494234000
17		41	2788.494261000
17		1358	2788.576560000
17		41	2788.587321000
17		41	2788.679873000
17		1358	2788.745988000
17		41	2788.773613000
17		41	2788.866403000
17		1358	2788.868029000
17		1358	2788.915367000
17		43	2788.958930000
17		781	2788.958958000
17		41	2788.958965000
17		35	2788.959930000
17		107	2788.973255000
17		225	2788.973320000
17		41	2789.052893000
17		1358	2789.085207000
17		1358	2789.090220000
17		41	2789.145431000
17		46	2789.238389000
17		1358	2789.254362000
6	0		2789.305771000
6	0		2789.305830000
17		41	2789.331594000
17		1358	2789.332767000
6	0		2789.344856000
6	12		2789.345186000
17		1358	2789.381268000
6	0		2789.384081000
6	12		2789.384145000
6	0		2789.384157000
6	1		2789.384338000
6	4		2789.384361000
6	32		2789.384371000
6	0		2789.384385000
6	0		2789.423255000
6	0		2789.423295000
6	0		2789.423299000
6	0		2789.423384000
6	0		2789.423399000
17		41	2789.424455000
17		1358	2789.508120000
17		41	2789.516800000
17		1358	2789.518635000
17		41	2789.610334000
17		1358	2789.685548000
17		41	2789.702791000
17		1358	2789.703198000
17		41	2789.795844000
17		1358	2789.830479000
17		1358	2789.853035000
17		41	2789.889296000
17		1358	2789.957061000
17		41	2789.982253000
17		1358	2790.020044000
17		41	2790.075071000
17		1358	2790.084202000
6	52		2790.107489000
17		46	2790.168354000
17		33	2790.182554000
17		1358	2790.187403000
17		41	2790.261542000
17		1358	2790.261949000
6	0		2790.335653000
17		41	2790.353714000
17		1358	2790.355315000
17		41	2790.446975000
17		1358	2790.447568000
6	52		2790.448943000
6	0		2790.448968000
6	0		2790.448982000
6	0		2790.450487000
17		41	2790.540455000
17		1358	2790.541675000
17		41	2790.632767000
17		1358	2790.633157000
6	0		2790.678634000
17		41	2790.725780000
17		1358	2790.760495000
17		41	2790.818769000
17		41	2790.818792000
17		1358	2790.820399000
17		1358	2790.887281000
17		41	2790.911725000
17		1358	2790.986664000
17		41	2791.004713000
17		1358	2791.014903000
17		41	2791.097660000
17		1358	2791.141724000
17		41	2791.190965000
17		1358	2791.269017000
17		41	2791.283883000
17		1358	2791.285459000
17		43	2791.377472000
17		41	2791.377494000
17		41	2791.377503000
17		1358	2791.396050000
17		33	2791.403890000
17		41	2791.469736000
17		1358	2791.523780000
17		41	2791.563467000
17		1358	2791.564618000
17		41	2791.655920000
17		1358	2791.656264000
17		41	2791.748988000
17		1358	2791.750590000
17		41	2791.842437000
17		1358	2791.842806000
17		41	2791.935651000
17		1358	2791.970000000
17		41	2792.028351000
17		1358	2792.029928000
17		41	2792.121223000
17		1358	2792.196723000
17		41	2792.214043000
17		1358	2792.214671000
17		41	2792.306861000
17		1358	2792.342013000
17		1358	2792.363484000
17		41	2792.399664000
17		1358	2792.468271000
17		41	2792.493534000
17		1358	2792.530635000
17		46	2792.586418000
17		33	2792.612156000
17		41	2792.678933000
17		1358	2792.697174000
17		41	2792.772505000
17		41	2792.865551000
17		1358	2792.866945000
17		41	2792.958392000
17		41	2793.051222000
17		41	2793.144332000
17		41	2793.237473000
17		41	2793.329939000
17		41	2793.329963000
17		41	2793.422933000
17		41	2793.516220000
17		41	2793.609024000
17		41	2793.702155000
17		41	2793.795541000
17		41	2793.888562000
17		41	2793.980671000
17		41	2794.074170000
17		41	2794.167078000
17		41	2794.260102000
17		41	2794.353618000
17		1358	2794.353955000
17		46	2794.446076000
17		33	2794.460393000
17		1358	2794.481216000
17		41	2794.539255000
17		1358	2794.540759000
17		41	2794.632303000
17		1358	2794.632655000
17		41	2794.725011000
17		1358	2794.759553000
17		41	2794.817963000
17		1358	2794.819486000
17		1358	2794.886359000
17		41	2794.911486000
17		41	2795.003730000
17		1358	2795.005361000
17		1358	2795.013641000
17		41	2795.096738000
17		1358	2795.140629000
17		1358	2795.171892000
17		41	2795.189929000
17		1358	2795.266512000
17		41	2795.283122000
17		1358	2795.338703000
17		41	2795.376531000
17		1358	2795.393658000
17		41	2795.469251000
17		1358	2795.505791000
17		1358	2795.520159000
17		41	2795.561869000
17		1358	2795.647125000
17		41	2795.655491000
17		1358	2795.672650000
17		41	2795.748076000
17		1358	2795.773686000
17		1358	2795.838358000
17		41	2795.840893000
17		1358	2795.901183000
17		46	2795.934368000
17		33	2795.960152000
17		1358	2796.005309000
17		1358	2796.027293000
17		41	2796.027544000
17		41	2796.119698000
17		1358	2796.154399000
17		1358	2796.170989000
17		41	2796.213414000
17		1358	2796.280673000
17		41	2796.306374000
17		1358	2796.336782000
17		41	2796.398887000
17		1358	2796.407710000
17		1358	2796.470347000
17		41	2796.491922000
17		1358	2796.509398000
17		41	2796.585279000
17		1358	2796.603029000
17		1358	2796.610940000
17		41	2796.677772000
17		1358	2796.718567000
17		1358	2796.735818000
17		41	2796.770929000
17		1358	2796.826621000
17		41	2796.864117000
17		1358	2796.869335000
17		1358	2796.935092000
17		41	2796.956692000
17		1358	2797.001690000
17		1358	2797.043846000
17		41	2797.050404000
17		1358	2797.135285000
17		41	2797.143028000
17		1358	2797.152187000
17		41	2797.236324000
17		1358	2797.259376000
17		1358	2797.267716000
17		41	2797.329469000
17		1358	2797.400947000
17		41	2797.421802000
6	0		2797.423959000
6	0		2797.424006000
17		1358	2797.440052000
6	0		2797.463002000
6	12		2797.463293000
6	0		2797.502334000
6	12		2797.502367000
6	0		2797.502378000
6	1		2797.502598000
6	4		2797.502622000
6	32		2797.502633000
6	0		2797.502648000
17		41	2797.515050000
6	0		2797.541722000
6	0		2797.541874000
6	0		2797.541901000
6	0		2797.541907000
6	0		2797.541921000
17		41	2797.607985000
17		1358	2797.620357000
17		1358	2797.621976000
17		41	2797.700717000
17		41	2797.700741000
17		41	2797.794386000
17		1358	2797.800483000
17		1358	2797.843155000
17		41	2797.887195000
17		41	2797.980457000
6	0		2797.980487000
17		1358	2797.980932000
6	0		2797.981554000
17		41	2798.073421000
17		1358	2798.074917000
17		1358	2798.161535000
17		41	2798.165643000
17		46	2798.258759000
17		33	2798.273138000
17		1358	2798.308267000
17		1358	2798.341863000
17		41	2798.351727000
17		41	2798.445223000
17		1358	2798.476950000
17		1358	2798.482486000
17		41	2798.538515000
17		1358	2798.611999000
17		41	2798.630684000
17		1358	2798.656733000
17		41	2798.724158000
17		1358	2798.747396000
17		41	2798.817208000
17		1358	2798.830846000
17		1358	2798.882422000
17		41	2798.910512000
17		41	2799.003457000
17		1358	2799.006623000
17		1358	2799.018416000
17		41	2799.096122000
17		1358	2799.153153000
17		1358	2799.180774000
17		41	2799.188841000
17		46	2799.281969000
17		1358	2799.288467000
17		1358	2799.354800000
17		41	2799.375396000
17		1358	2799.423520000
17		41	2799.467842000
17		1358	2799.529793000
17		1358	2799.558652000
17		41	2799.560898000
17		41	2799.653798000
17		1358	2799.694074000
17		1358	2799.704776000
17		41	2799.747280000
17		1358	2799.829953000
17		41	2799.839859000
17		1358	2799.877897000
17		41	2799.933467000
17		1358	2799.964469000
17		41	2800.026136000
17		1358	2800.053183000
17		1358	2800.099914000
17		41	2800.118939000
17		41	2800.211908000
17		1358	2800.226424000
17		1358	2800.235384000
17		41	2800.304880000
17		1358	2800.370110000
17		41	2800.398374000
17		1358	2800.401513000
17		41	2800.491251000
17		1358	2800.505552000
17		1358	2800.576633000
17		41	2800.584518000
17		1358	2800.640685000
17		41	2800.676715000
17		1358	2800.750604000
17		41	2800.769940000
17		1358	2800.776350000
6	0		2800.862912000
17		41	2800.862945000
6	0		2800.863247000
17		1358	2800.911275000
17		1358	2800.925200000
17		41	2800.956882000
17		41	2800.956910000
17		1358	2801.047430000
17		41	2801.049009000
17		1358	2801.098865000
17		41	2801.142521000
17		1358	2801.182264000
17		41	2801.234989000
17		1358	2801.273161000
17		1358	2801.317116000
17		41	2801.328655000
17		41	2801.421128000
17		1358	2801.447745000
17		1358	2801.452184000
17		41	2801.513668000
17		1358	2801.587484000
17		41	2801.607091000
17		1358	2801.621588000
17		41	2801.699742000
17		1358	2801.722976000
17		41	2801.792938000
17		1358	2801.796546000
17		1358	2801.858104000
17		41	2801.886244000
17		1358	2801.970932000
17		41	2801.979040000
17		1358	2801.993208000
17		46	2802.072050000
17		33	2802.086652000
17		1358	2802.128635000
17		1358	2802.145600000
17		41	2802.165288000
17		41	2802.257705000
17		1358	2802.264289000
17		1358	2802.320332000
17		41	2802.350859000
17		1358	2802.399696000
17		41	2802.443815000
17		1358	2802.494881000
17		1358	2802.534890000
17		41	2802.536744000
17		46	2802.629807000
17		33	2802.655418000
17		1358	2802.668289000
17		1358	2802.669669000
17		41	2802.723000000
17		1358	2802.804811000
17		41	2802.816048000
17		1358	2802.842508000
17		41	2802.909080000
17		1358	2802.940269000
17		41	2803.002554000
17		1358	2803.017632000
17		1358	2803.076037000
17		41	2803.094781000
17		41	2803.094805000
17		41	2803.188212000
17		1358	2803.191634000
17		1358	2803.210704000
17		41	2803.281227000
17		1358	2803.346098000
17		1358	2803.365823000
17		41	2803.373718000
17		41	2803.466993000
17		1358	2803.481525000
17		1358	2803.539903000
17		41	2803.560473000
17		1358	2803.589877000
17		41	2803.653416000
17		1358	2803.698037000
17		1358	2803.715349000
17		41	2803.746004000
17		1358	2803.806176000
17		41	2803.839430000
17		1358	2803.854695000
17		41	2803.932223000
17		1358	2803.932597000
17		1358	2803.994022000
17		41	2804.024699000
17		1358	2804.041116000
17		41	2804.118727000
17		41	2804.118754000
17		1358	2804.133750000
17		1358	2804.149402000
17		41	2804.211444000
17		1358	2804.275231000
17		41	2804.303769000
17		1358	2804.304216000
17		41	2804.397331000
17		1358	2804.415835000
17		41	2804.490244000
17		1358	2804.490783000
17		41	2804.583490000
17		1358	2804.585329000
17		41	2804.676046000
17		1358	2804.676453000
17		41	2804.769337000
17		1358	2804.857417000
17		41	2804.862007000
17		1358	2804.863659000
17		41	2804.955585000
17		1358	2805.038688000
17		41	2805.048099000
17		1358	2805.097111000
17		41	2805.140847000
17		41	2805.234499000
17		41	2805.234527000
17		41	2805.327156000
17		1358	2805.327575000
17		1358	2805.332674000
17		41	2805.419759000
17		41	2805.512684000
17		1358	2805.513097000
6	0		2805.542430000
6	0		2805.542493000
17		1358	2805.567769000
6	0		2805.581518000
6	12		2805.581687000
17		41	2805.606077000
6	0		2805.620807000
6	12		2805.620847000
6	0		2805.620862000
6	1		2805.621058000
6	4		2805.621080000
6	32		2805.621092000
6	0		2805.621107000
6	0		2805.660226000
6	0		2805.660264000
6	0		2805.660269000
6	0		2805.660378000
6	0		2805.660391000
17		46	2805.699058000
17		33	2805.724590000
17		1358	2805.744562000
17		41	2805.792175000
17		41	2805.884887000
17		41	2805.977766000
17		46	2806.070804000
17		33	2806.084618000
17		41	2806.164274000
17		41	2806.256988000
17		41	2806.350300000
17		41	2806.350324000
17		41	2806.443049000
17		41	2806.536442000
17		41	2806.629415000
6	0		2806.696255000
6	0		2806.696322000
17		41	2806.721900000
17		41	2806.815157000
17		41	2806.908114000
6	0		2806.947248000
6	41		2806.953660000
17		41	2807.001181000
17		1358	2807.001593000
17		41	2807.094385000
17		1358	2807.145339000
17		41	2807.186905000
17		1358	2807.188173000
6	0		2807.204284000
6	21		2807.205210000
6	0		2807.205238000
6	1080		2807.206205000
17		41	2807.280472000
17		1358	2807.289588000
17		41	2807.372775000
17		41	2807.372803000
17		1358	2807.374424000
17		1358	2807.433580000
6	440		2807.460072000
17		41	2807.466099000
6	0		2807.502228000
17		1358	2807.551134000
17		41	2807.558728000
17		1358	2807.577645000
17		41	2807.651739000
17		1358	2807.721269000
17		1358	2807.727819000
6	0		2807.727938000
6	0		2807.727963000
17		41	2807.744824000
6	48		2807.752868000
6	0		2807.752906000
6	280		2807.756839000
17		41	2807.837881000
17		1358	2807.865132000
17		1358	2807.903277000
17		41	2807.931123000
17		1358	2808.008660000
6	16		2808.012768000
17		41	2808.024432000
6	0		2808.054226000
17		655	2808.078486000
17		41	2808.116700000
17		1358	2808.153192000
17		41	2808.210224000
17		1115	2808.210249000
17		33	2808.210888000
17		33	2808.211129000
17		153	2808.245778000
17		1358	2808.265770000
6	0		2808.275826000
6	0		2808.275884000
17		1358	2808.296812000
17		41	2808.303443000
6	52		2808.304845000
6	0		2808.304881000
6	52		2808.304975000
17		41	2808.396252000
17		1358	2808.440103000
17		1358	2808.442658000
17		41	2808.489307000
17		1358	2808.555306000
6	100		2808.559944000
17		41	2808.582626000
6	0		2808.602228000
17		1358	2808.618281000
17		1358	2808.669887000
17		41	2808.675505000
6	0		2808.745187000
17		41	2808.768568000
17		1358	2808.784819000
17		1358	2808.794258000
17		41	2808.861120000
17		1358	2808.900045000
17		41	2808.954190000
17		1358	2808.969696000
17		1358	2809.015297000
17		47	2809.046916000
17		46	2809.046943000
17		33	2809.060599000
17		33	2809.073263000
17		1358	2809.130416000
17		41	2809.140362000
17		1358	2809.145187000
17		41	2809.233450000
17		1358	2809.245256000
17		1358	2809.320514000
17		41	2809.325834000
17		41	2809.419690000
17		1358	2809.436475000
17		1358	2809.495736000
17		41	2809.512022000
17		41	2809.604735000
17		1358	2809.628133000
17		1358	2809.671847000
17		41	2809.697973000
17		41	2809.791022000
17		1358	2809.820149000
17		1358	2809.847585000
17		41	2809.884123000
17		41	2809.976872000
17		1358	2810.011882000
17		1358	2810.024104000
17		41	2810.070144000
17		41	2810.163119000
17		1358	2810.198757000
17		1358	2810.203188000
17		41	2810.256912000
6	68		2810.306484000
17		1358	2810.342743000
17		41	2810.349023000
17		41	2810.349046000
17		1358	2810.375411000
17		41	2810.441724000
17		1358	2810.482703000
17		41	2810.534735000
17		1358	2810.549831000
6	52		2810.557370000
6	0		2810.557438000
6	0		2810.557464000
6	0		2810.559118000
17		1358	2810.622586000
17		41	2810.627676000
17		41	2810.720731000
17		1358	2810.726241000
17		1358	2810.761311000
6	0		2810.809759000
17		41	2810.814033000
17		1358	2810.901279000
17		1358	2810.901353000
17		41	2810.907894000
17		41	2811.000377000
17		1358	2811.040335000
17		1358	2811.077818000
17		41	2811.093434000
17		1358	2811.180066000
17		41	2811.186329000
17		1358	2811.252657000
17		41	2811.279213000
17		1358	2811.319429000
17		41	2811.371708000
17		1358	2811.428819000
17		1358	2811.458795000
17		41	2811.464967000
17		41	2811.464989000
17		41	2811.558020000
17		1358	2811.599244000
17		1358	2811.604554000
17		41	2811.651199000
17		1358	2811.737801000
17		41	2811.744038000
17		1358	2811.779584000
17		41	2811.837419000
17		1358	2811.877689000
17		41	2811.929776000
17		1358	2811.956239000
17		1358	2812.017194000
17		41	2812.022696000
17		41	2812.116204000
17		1358	2812.130864000
17		1358	2812.156496000
17		41	2812.209515000
17		1358	2812.296238000
17		46	2812.302547000
17		1358	2812.306791000
17		33	2812.327953000
17		41	2812.395496000
17		1358	2812.435392000
17		1358	2812.482112000
17		41	2812.487746000
17		41	2812.487769000
17		1358	2812.575133000
17		41	2812.581483000
17		1358	2812.657311000
17		41	2812.674280000
17		1358	2812.714650000
17		46	2812.766652000
17		33	2812.780659000
17		1358	2812.832935000
17		1358	2812.854117000
17		41	2812.860755000
17		41	2812.953598000
17		1358	2812.973306000
17		1358	2812.993527000
17		41	2813.046441000
17		1358	2813.113863000
17		1358	2813.133573000
17		41	2813.139160000
17		41	2813.231707000
17		1358	2813.255668000
17		1358	2813.272550000
17		41	2813.324867000
17		1358	2813.394588000
17		1358	2813.412980000
17		41	2813.417668000
17		41	2813.510692000
17		41	2813.510718000
17		1358	2813.535284000
17		1358	2813.551554000
17		41	2813.604598000
6	0		2813.661563000
6	0		2813.661619000
17		1358	2813.675946000
17		1358	2813.691382000
17		41	2813.696811000
6	0		2813.701228000
6	12		2813.701448000
6	0		2813.741079000
6	12		2813.741207000
6	0		2813.741234000
6	1		2813.741411000
6	4		2813.741424000
6	32		2813.741433000
6	0		2813.741441000
6	0		2813.780992000
6	0		2813.781025000
6	0		2813.781029000
6	0		2813.781087000
6	0		2813.781103000
17		41	2813.790393000
17		1358	2813.816190000
17		1358	2813.830722000
17		41	2813.882939000
17		1358	2813.970480000
17		41	2813.975865000
17		1358	2814.051482000
17		41	2814.068784000
17		1358	2814.109872000
17		41	2814.162664000
17		1358	2814.249321000
17		41	2814.255281000
17		1358	2814.285168000
17		41	2814.347768000
17		1358	2814.389049000
17		41	2814.441297000
17		1358	2814.518603000
17		1358	2814.528524000
17		41	2814.534075000
17		41	2814.627042000
17		1358	2814.667959000
17		41	2814.720410000
17		41	2814.720445000
17		1358	2814.753239000
17		1358	2814.808032000
17		41	2814.813024000
17		41	2814.906145000
17		1358	2814.927205000
17		1358	2814.947230000
17		41	2814.999204000
17		1358	2815.086562000
17		41	2815.091983000
17		1358	2815.092017000
17		1358	2815.093111000
17		1358	2815.101183000
17		33	2815.118123000
17		41	2815.185497000
17		1358	2815.226459000
17		1358	2815.275579000
17		41	2815.278423000
17		1358	2815.338316000
17		41	2815.371541000
17		1358	2815.449241000
17		1358	2815.451272000
17		46	2815.464275000
17		33	2815.490003000
17		41	2815.557044000
17		1358	2815.561534000
17		1358	2815.625814000
17		41	2815.649956000
17		1358	2815.672826000
17		41	2815.743382000
17		41	2815.743408000
17		1358	2815.784277000
17		1358	2815.799786000
17		41	2815.835991000
17		1358	2815.896220000
17		41	2815.929232000
17		1358	2815.974356000
17		1358	2816.007546000
17		41	2816.022331000
17		41	2816.114925000
17		1358	2816.118823000
17		1358	2816.147906000
17		41	2816.207955000
17		41	2816.300919000
17		1358	2816.305037000
17		1358	2816.322240000
17		41	2816.394324000
17		41	2816.487325000
17		1358	2816.491347000
17		1358	2816.496366000
17		41	2816.580335000
17		1358	2816.671800000
17		584	2816.673472000
17		41	2816.673495000
17		35	2816.674279000
17		1358	2816.677243000
17		76	2816.683383000
17		33	2816.683415000
17		46	2816.766122000
17		33	2816.780304000
17		1358	2816.846155000
17		41	2816.859301000
17		41	2816.859334000
17		1358	2816.863647000
17		41	2816.952192000
17		1358	2817.002735000
17		1358	2817.020235000
17		41	2817.044845000
17		41	2817.138627000
17		1358	2817.142217000
17		1358	2817.194610000
17		41	2817.231416000
17		1358	2817.282224000
17		41	2817.323777000
17		1358	2817.368846000
17		41	2817.417257000
17		1358	2817.420957000
17		41	2817.509886000
17		1358	2817.543329000
17		1358	2817.560837000
17		41	2817.603553000
17		41	2817.695979000
17		1358	2817.700098000
17		1358	2817.717490000
17		41	2817.789487000
17		1358	2817.840095000
17		41	2817.882513000
17		1358	2817.893027000
17		41	2817.975595000
17		41	2817.975634000
17		1358	2817.978860000
17		1358	2818.067038000
17		41	2818.067996000
17		1358	2818.118387000
17		41	2818.161281000
17		1358	2818.241160000
17		41	2818.254349000
17		1358	2818.257806000
17		41	2818.347976000
17		1358	2818.398494000
17		1358	2818.415840000
17		41	2818.440052000
17		41	2818.440083000
17		43	2818.533050000
17		46	2818.533074000
17		41	2818.533078000
17		33	2818.559011000
17		33	2818.559060000
17		1358	2818.589824000
17		41	2818.626258000
17		41	2818.718988000
17		1358	2818.764615000
17		41	2818.812270000
17		41	2818.905042000
17		1358	2818.938698000
17		41	2818.997791000
17		41	2819.091026000
17		41	2819.184594000
17		41	2819.184621000
17		41	2819.277188000
17		41	2819.369809000
17		41	2819.463443000
17		41	2819.556608000
6	0		2819.636460000
6	0		2819.636502000
17		41	2819.649005000
17		41	2819.742003000
17		1358	2819.742403000
17		41	2819.835330000
17		41	2819.928448000
17		1358	2819.929241000
17		41	2820.021036000
17		41	2820.114679000
17		1358	2820.115103000
17		41	2820.206904000
17		41	2820.206929000
17		1358	2820.208529000
17		1358	2820.255498000
17		41	2820.300222000
17		41	2820.392926000
17		1358	2820.394544000
17		1358	2820.395042000
17		46	2820.486299000
17		33	2820.499997000
17		1358	2820.570384000
17		41	2820.579042000
17		41	2820.672515000
17		41	2820.734554000
17		1358	2820.734904000
17		1358	2820.745674000
17		41	2820.795823000
17		41	2820.857770000
17		1358	2820.874684000
17		41	2820.919947000
17		1358	2820.921308000
17		41	2820.981691000
17		1358	2821.013886000
17		41	2821.044615000
17		1358	2821.096129000
17		41	2821.106094000
17		1358	2821.153645000
17		41	2821.168551000
17		41	2821.168576000
17		41	2821.229785000
17		1358	2821.270415000
17		41	2821.292022000
17		1358	2821.292369000
17		41	2821.353905000
17		46	2821.416279000
17		1358	2821.432424000
17		1358	2821.444271000
17		41	2821.477761000
17		41	2821.540238000
17		1358	2821.571949000
17		41	2821.601936000
17		1358	2821.618982000
17		41	2821.663885000
17		1358	2821.711723000
17		41	2821.726035000
6	0		2821.781569000
6	0		2821.781621000
17		41	2821.788572000
17		1358	2821.792839000
6	0		2821.821290000
6	12		2821.821515000
17		41	2821.849934000
17		41	2821.849959000
17		1358	2821.850245000
6	0		2821.861279000
6	12		2821.861514000
6	0		2821.861544000
6	1		2821.861697000
6	4		2821.861710000
6	32		2821.861717000
6	0		2821.861727000
6	0		2821.901335000
6	0		2821.901413000
6	0		2821.901418000
6	0		2821.901480000
6	0		2821.901493000
17		41	2821.911917000
17		1358	2821.967425000
17		41	2821.974540000
17		1358	2821.990053000
17		41	2822.036628000
17		41	2822.097770000
17		1358	2822.100095000
17		1358	2822.100124000
17		1358	2822.100133000
17		1358	2822.100139000
17		1358	2822.100142000
17		1358	2822.100146000
17		1358	2822.100149000
17		1358	2822.100152000
17		1358	2822.100156000
17		1358	2822.129147000
17		41	2822.160114000
17		41	2822.222520000
17		1358	2822.240264000
17		1358	2822.268039000
17		41	2822.283675000
17		41	2822.345606000
17		1358	2822.404340000
17		1358	2822.407483000
17		41	2822.408319000
17		41	2822.469814000
17		1358	2822.486390000
17		41	2822.531797000
17		1358	2822.546707000
17		1358	2822.560369000
17		46	2822.593869000
17		33	2822.607230000
17		1358	2822.632211000
17		41	2822.655780000
17		1358	2822.685537000
17		1358	2822.703097000
17		41	2822.718520000
17		1358	2822.772341000
17		41	2822.780101000
17		1358	2822.825738000
17		1358	2822.841449000
17		41	2822.841809000
17		41	2822.903921000
17		41	2822.903946000
17		1358	2822.910226000
17		1358	2822.936251000
17		41	2822.966486000
17		1358	2822.979163000
17		41	2823.028701000
17		1358	2823.046934000
17		1358	2823.047827000
17		41	2823.090715000
17		1358	2823.116048000
17		41	2823.152268000
17		1358	2823.185797000
17		41	2823.214385000
17		1358	2823.233206000
17		1358	2823.239900000
17		41	2823.275861000
17		1358	2823.295806000
17		41	2823.338104000
17		1358	2823.349942000
17		1358	2823.372331000
17		41	2823.400185000
17		1358	2823.442265000
17		41	2823.461811000
17		1358	2823.511677000
17		41	2823.523667000
17		1358	2823.534674000
17		41	2823.585936000
17		1358	2823.604923000
17		41	2823.648458000
17		41	2823.648485000
17		1358	2823.649950000
17		1358	2823.674919000
17		41	2823.710197000
17		1358	2823.744326000
17		41	2823.771966000
17		1358	2823.789910000
17		41	2823.834413000
17		1358	2823.836019000
17		41	2823.896235000
17		1358	2823.905305000
17		1358	2823.930157000
17		41	2823.958077000
17		41	2824.020494000
17		1358	2824.022083000
17		1358	2824.068518000
17		41	2824.081710000
17		682	2824.081738000
17		35	2824.082480000
17		74	2824.091049000
17		33	2824.091105000
17		1358	2824.092290000
17		41	2824.143727000
17		1358	2824.162735000
17		41	2824.206241000
17		1358	2824.207430000
17		41	2824.268247000
17		1358	2824.269838000
17		46	2824.330046000
17		41	2824.330068000
17		1358	2824.339600000
17		1358	2824.346880000
17		41	2824.391992000
17		1358	2824.409523000
17		41	2824.453860000
17		1358	2824.486147000
17		41	2824.515994000
17		1358	2824.517609000
17		41	2824.578462000
17		1358	2824.597172000
17		1358	2824.610253000
17		46	2824.640575000
17		33	2824.666371000
17		41	2824.702575000
17		1358	2824.704255000
17		1358	2824.709093000
17		41	2824.763715000
17		1358	2824.773997000
17		41	2824.826089000
17		41	2824.888504000
17		1358	2824.890120000
17		1358	2824.894089000
17		43	2824.950373000
17		41	2824.950400000
17		41	2824.950407000
17		33	2824.975845000
17		41	2825.012547000
17		1358	2825.014102000
17		1358	2825.033995000
17		41	2825.074274000
17		1358	2825.083508000
17		41	2825.136489000
17		41	2825.136514000
17		1358	2825.152573000
17		1358	2825.173269000
17		41	2825.197875000
17		1358	2825.221944000
17		41	2825.260271000
17		1358	2825.312374000
17		41	2825.322461000
17		1358	2825.324030000
17		41	2825.384334000
17		41	2825.446491000
17		1358	2825.448195000
17		1358	2825.451142000
17		41	2825.508237000
17		41	2825.570555000
17		1358	2825.572122000
17		1358	2825.590115000
17		41	2825.631729000
17		1358	2825.633521000
17		41	2825.694062000
17		1358	2825.729616000
17		41	2825.755913000
17		1358	2825.757541000
17		41	2825.817978000
17		1358	2825.849875000
17		1358	2825.868800000
17		41	2825.879943000
17		41	2825.879967000
17		1358	2825.942501000
17		85	2825.942534000
17		1358	2825.942786000
17		1358	2825.951894000
17		630	2825.951926000
17		34	2825.975680000
17		41	2826.004290000
17		41	2826.004316000
17		1358	2826.007649000
17		1358	2826.012613000
17		41	2826.065875000
17		1358	2826.081751000
17		41	2826.128567000
17		1358	2826.147534000
6	0		2826.152024000
6	0		2826.152060000
17		46	2826.190095000
17		1358	2826.190956000
17		41	2826.252589000
17		1358	2826.286349000
17		41	2826.314217000
17		1358	2826.315806000
17		41	2826.376460000
17		1358	2826.385447000
17		1358	2826.425151000
17		41	2826.437916000
17		41	2826.500408000
17		1358	2826.501691000
17		41	2826.562243000
17		1358	2826.564667000
17		41	2826.624150000
17		41	2826.624174000
17		1358	2826.625794000
17		1358	2826.675787000
17		41	2826.685888000
17		1358	2826.695390000
17		41	2826.747995000
17		1358	2826.765189000
17		41	2826.810401000
17		1358	2826.862020000
17		41	2826.871997000
17		1358	2826.873516000
17		86	2826.934215000
17		1053	2826.934250000
17		101	2826.934836000
17		37	2826.935127000
17		879	2826.954019000
17		42	2826.995715000
17		41	2826.995742000
17		1358	2827.000486000
17		41	2827.058400000
17		1358	2827.060019000
17		41	2827.120256000
17		1358	2827.129583000
17		1358	2827.140193000
17		41	2827.182064000
17		41	2827.244448000
17		1358	2827.245106000
17		1358	2827.279082000
17		41	2827.306363000
17		41	2827.367821000
17		1358	2827.370006000
17		1358	2827.418618000
17		41	2827.430354000
17		1358	2827.439575000
17		41	2827.491882000
17		41	2827.553887000
17		1358	2827.555516000
17		1358	2827.557455000
17		46	2827.616117000
17		33	2827.642493000
17		41	2827.678585000
17		1358	2827.680057000
17		1358	2827.696888000
17		41	2827.740463000
17		41	2827.740485000
17		1358	2827.749773000
17		41	2827.802239000
17		1358	2827.819467000
17		1358	2827.835559000
17		41	2827.864190000
17		41	2827.925895000
17		41	2827.925919000
17		1358	2827.927556000
17		1358	2827.974847000
17		43	2827.987725000
17		33	2828.013604000
17		41	2828.049869000
17		41	2828.111779000
17		1358	2828.112948000
17		1358	2828.114508000
17		41	2828.174317000
17		1358	2828.205921000
17		46	2828.236314000
17		41	2828.236339000
17		33	2828.250677000
17		1358	2828.253710000
17		41	2828.297860000
17		1358	2828.298751000
17		41	2828.359882000
17		1358	2828.365346000
17		1358	2828.368238000
17		41	2828.421766000
17		1358	2828.476362000
17		41	2828.484520000
17		1358	2828.485952000
17		41	2828.546552000
17		1358	2828.555512000
17		41	2828.608397000
17		1358	2828.661697000
17		41	2828.670010000
17		1358	2828.671554000
17		41	2828.731793000
17		41	2828.793897000
17		1358	2828.795407000
17		1358	2828.801048000
17		41	2828.856120000
17		1358	2828.864898000
17		41	2828.917931000
17		1358	2828.940359000
17		41	2828.980484000
17		41	2828.980509000
17		1358	2828.981718000
17		41	2829.041639000
17		1358	2829.051996000
17		1358	2829.079155000
17		41	2829.103774000
17		41	2829.166582000
17		1358	2829.168196000
17		1358	2829.218551000
17		41	2829.228385000
17		41	2829.290065000
17		1358	2829.291081000
17		41	2829.351791000
17		1358	2829.357954000
17		41	2829.414301000
17		1358	2829.415947000
17		41	2829.476034000
17		1358	2829.493187000
17		41	2829.538383000
17		1358	2829.539988000
17		41	2829.600598000
17		1358	2829.610600000
17		1358	2829.626317000
17		41	2829.661934000
17		41	2829.724471000
17		1358	2829.725762000
17		1358	2829.757962000
17		41	2829.786243000
17		41	2829.786268000
17		1358	2829.795553000
17		41	2829.848088000
17		1358	2829.865806000
17		1358	2829.890016000
6	0		2829.902736000
6	0		2829.902815000
17		41	2829.910572000
6	0		2829.942622000
6	12		2829.942873000
17		41	2829.972384000
17		1358	2829.973893000
6	0		2829.982767000
6	12		2829.982805000
6	0		2829.982818000
6	1		2829.982986000
6	4		2829.983005000
6	32		2829.983013000
6	0		2829.983023000
17		1358	2830.022266000
6	0		2830.022705000
6	0		2830.022730000
6	0		2830.022752000
6	0		2830.022852000
6	0		2830.022865000
6	0		2830.022937000
17		41	2830.034477000
17		1358	2830.043536000
17		41	2830.096290000
17		1358	2830.154372000
17		41	2830.157660000
17		1358	2830.159261000
17		41	2830.220490000
17		1358	2830.260702000
17		46	2830.282483000
17		1358	2830.284044000
17		46	2830.343804000
17		1358	2830.366236000
17		41	2830.406249000
17		1358	2830.407763000
17		41	2830.467711000
17		41	2830.467737000
17		1358	2830.499856000
17		41	2830.529994000
17		1358	2830.542423000
17		41	2830.592196000
17		1358	2830.592299000
17		41	2830.654444000
17		1358	2830.662696000
17		41	2830.716304000
17		1358	2830.719341000
17		41	2830.777935000
17		1358	2830.779636000
17		41	2830.840462000
17		1358	2830.849421000
17		1358	2830.851461000
17		41	2830.902601000
17		41	2830.963682000
17		1358	2830.965192000
17		1358	2830.983735000
6	0		2830.996162000
6	0		2830.996207000
17		41	2831.026488000
6	0		2831.058500000
17		41	2831.088196000
17		1358	2831.089714000
17		1358	2831.115801000
17		41	2831.149833000
17		41	2831.149857000
17		1358	2831.159253000
17		41	2831.211669000
17		1358	2831.247722000
17		41	2831.274241000
17		1358	2831.275815000
17		41	2831.335816000
17		1358	2831.377787000
17		41	2831.398099000
17		1358	2831.399631000
17		41	2831.460168000
17		1358	2831.503639000
17		41	2831.521665000
17		41	2831.584039000
17		1358	2831.629739000
17		41	2831.646219000
17		41	2831.707726000
17		1358	2831.756035000
17		41	2831.770005000
17		41	2831.832206000
17		1358	2831.833729000
17		1358	2831.881857000
17		41	2831.893736000
17		41	2831.893774000
17		1358	2831.903698000
17		41	2831.955938000
17		1358	2832.008029000
17		41	2832.018158000
17		1358	2832.019685000
17		41	2832.080210000
17		1358	2832.108693000
17		41	2832.142242000
17		1358	2832.143183000
17		41	2832.203738000
17		46	2832.266377000
17		33	2832.280226000
17		41	2832.328294000
17		41	2832.389858000
17		1358	2832.390850000
17		41	2832.452454000
17		41	2832.513884000
17		1358	2832.514887000
17		41	2832.576505000
17		41	2832.576527000
17		1358	2832.576834000
17		1358	2832.578022000
17		41	2832.638535000
17		1358	2832.643730000
17		41	2832.700225000
17		1358	2832.703589000
17		1358	2832.707773000
17		46	2832.761655000
17		1358	2832.772815000
17		33	2832.787114000
17		41	2832.823855000
17		1358	2832.830593000
17		1358	2832.837173000
17		41	2832.886448000
17		1358	2832.900897000
17		41	2832.948448000
17		1358	2832.957478000
17		1358	2832.965902000
17		41	2833.010141000
17		1358	2833.031114000
17		41	2833.071981000
17		1358	2833.081619000
17		1358	2833.095422000
17		41	2833.134412000
17		1358	2833.159675000
17		41	2833.196563000
17		1358	2833.205018000
17		1358	2833.224163000
17		41	2833.258010000
17		41	2833.319689000
17		41	2833.319712000
17		1358	2833.329462000
17		1358	2833.332136000
17		41	2833.381935000
17		1358	2833.438884000
17		41	2833.444073000
17		1358	2833.453768000
17		41	2833.506257000
17		1358	2833.546167000
17		41	2833.568148000
17		1358	2833.577288000
17		41	2833.630438000
17		1358	2833.653079000
17		41	2833.692275000
17		1358	2833.701953000
17		41	2833.754485000
17		1358	2833.761987000
17		41	2833.815974000
17		1358	2833.825619000
17		1358	2833.842231000
17		41	2833.878065000
17		1358	2833.922662000
17		41	2833.940468000
17		1358	2833.950397000
17		41	2834.002163000
17		41	2834.002214000
17		1358	2834.003764000
17		41	2834.064271000
17		1358	2834.073904000
17		1358	2834.084135000
17		41	2834.125859000
17		1358	2834.164411000
17		41	2834.188229000
17		1358	2834.199232000
17		1358	2834.245502000
17		41	2834.250321000
17		46	2834.311796000
17		1358	2834.321917000
17		33	2834.325892000
17		1358	2834.325923000
17		41	2834.374673000
17		1358	2834.405953000
17		41	2834.436191000
17		1358	2834.446651000
17		1358	2834.487028000
17		41	2834.497984000
17		41	2834.560135000
17		1358	2834.566951000
17		1358	2834.571072000
17		41	2834.622681000
17		1358	2834.648019000
17		41	2834.684687000
17		1358	2834.694647000
17		1358	2834.728256000
17		41	2834.746498000
17		41	2834.746522000
17		41	2834.808549000
17		1358	2834.810120000
17		1358	2834.818429000
17		41	2834.870307000
17		1358	2834.889018000
17		41	2834.931691000
17		1358	2834.942500000
17		1358	2834.969121000
17		41	2834.994277000
17		1358	2835.050160000
17		41	2835.056142000
17		1358	2835.067113000
17		41	2835.118394000
17		1358	2835.131270000
17		41	2835.180152000
17		1358	2835.191642000
17		1358	2835.212258000
17		41	2835.242444000
17		1358	2835.292256000
17		41	2835.304537000
17		1358	2835.314903000
17		41	2835.366162000
17		1358	2835.372858000
17		41	2835.428196000
17		1358	2835.438859000
17		1358	2835.452898000
17		41	2835.490438000
17		41	2835.490464000
17		1358	2835.533673000
17		1358	2835.538216000
17		41	2835.552379000
17		46	2835.614248000
17		1358	2835.614546000
17		1358	2835.637461000
17		41	2835.676032000
17		1358	2835.694739000
17		1358	2835.736773000
17		41	2835.737673000
17		1358	2835.776228000
17		41	2835.799694000
17		1358	2835.835916000
17		1358	2835.856384000
17		41	2835.862508000
17		41	2835.924418000
17		1358	2835.935373000
17		1358	2835.936509000
17		41	2835.986264000
17		1358	2836.016676000
17		41	2836.047905000
17		1358	2836.097104000
17		1358	2836.100971000
17		41	2836.109834000
17		41	2836.171734000
17		41	2836.171762000
17		1358	2836.178637000
17		46	2836.234508000
17		33	2836.248578000
17		1358	2836.258650000
17		1358	2836.266422000
17		41	2836.295911000
17		1358	2836.340004000
17		41	2836.358700000
17		1358	2836.419874000
17		41	2836.420357000
17		1358	2836.432037000
17		41	2836.481887000
17		1358	2836.500774000
17		41	2836.544460000
17		1358	2836.581037000
17		1358	2836.597141000
17		41	2836.605757000
17		1358	2836.661650000
17		41	2836.668327000
17		1358	2836.722353000
17		41	2836.729982000
17		1358	2836.742135000
17		41	2836.792385000
17		1358	2836.822301000
17		1358	2836.845356000
17		41	2836.853680000
17		41	2836.853705000
17		1358	2836.903434000
17		41	2836.916484000
17		1358	2836.969555000
17		41	2836.978435000
17		1358	2836.983262000
17		41	2837.039939000
17		1358	2837.064660000
17		1358	2837.093723000
17		41	2837.102308000
17		1358	2837.145162000
17		41	2837.163906000
17		1358	2837.217817000
17		1358	2837.224988000
17		41	2837.226237000
17		41	2837.288196000
17		1358	2837.305848000
17		1358	2837.341890000
17		41	2837.350533000
17		1358	2837.385995000
17		41	2837.412579000
17		1358	2837.466874000
17		1358	2837.467311000
17		41	2837.474218000
17		41	2837.536232000
17		1358	2837.547490000
17		1358	2837.590186000
17		41	2837.597855000
17		1358	2837.629171000
17		41	2837.659676000
17		1358	2837.708409000
17		1358	2837.714263000
17		41	2837.722566000
17		41	2837.784564000
17		1358	2837.789634000
17		1358	2837.838676000
17		41	2837.846427000
17		1358	2837.854198000
17		41	2837.908324000
17		1358	2837.918235000
17		1358	2837.962439000
17		41	2837.970196000
17		1358	2837.982405000
17		41	2838.031698000
17		1358	2838.047169000
17		1358	2838.086901000
17		41	2838.094570000
17		1358	2838.112684000
17		41	2838.156498000
17		1358	2838.210595000
17		46	2838.218238000
17		1358	2838.219847000
17		41	2838.280084000
17		41	2838.280107000
17		1358	2838.284530000
17		1358	2838.334749000
17		41	2838.342015000
17		1358	2838.349626000
17		41	2838.404184000
17		1358	2838.459462000
17		41	2838.466088000
17		1358	2838.467747000
17		46	2838.527921000
17		33	2838.553411000
17		1358	2838.582942000
17		41	2838.590042000
17		1358	2838.591258000
17		41	2838.652426000
17		1358	2838.699212000
17		1358	2838.707130000
17		41	2838.714221000
17		41	2838.776309000
17		1358	2838.807232000
17		1358	2838.831173000
17		41	2838.838373000
17		41	2838.900351000
17		1358	2838.915488000
17		1358	2838.955629000
17		41	2838.962536000
17		1358	2839.023680000
17		41	2839.024261000
17		41	2839.024282000
17		1358	2839.079526000
17		41	2839.085858000
17		1358	2839.104704000
17		41	2839.147877000
17		1358	2839.185637000
17		1358	2839.203554000
17		41	2839.209907000
17		1358	2839.266898000
17		41	2839.271728000
17		1358	2839.328163000
17		41	2839.334136000
17		1358	2839.347917000
17		41	2839.396352000
17		1358	2839.429565000
17		1358	2839.451631000
17		41	2839.457909000
17		41	2839.519907000
17		1358	2839.522049000
17		1358	2839.576205000
17		41	2839.581997000
17		1358	2839.603703000
17		41	2839.644181000
17		1358	2839.700350000
17		41	2839.706378000
17		41	2839.706403000
17		1358	2839.707901000
17		41	2839.767894000
17		1358	2839.788980000
17		1358	2839.824534000
17		41	2839.830107000
17		1358	2839.870026000
17		41	2839.892611000
17		1358	2839.948947000
17		41	2839.954231000
17		1358	2839.955847000
17		41	2840.015984000
17		1358	2840.073397000
17		46	2840.078033000
17		1358	2840.078571000
17		41	2840.140451000
17		1358	2840.198396000
17		41	2840.202068000
17		1358	2840.203640000
17		41	2840.263734000
17		1358	2840.284962000
17		41	2840.326573000
17		1358	2840.326927000
17		41	2840.388206000
17		1358	2840.389722000
17		41	2840.449634000
17		41	2840.449661000
17		1358	2840.450073000
17		1358	2840.471778000
17		41	2840.511714000
17		1358	2840.549443000
17		41	2840.574099000
17		1358	2840.575790000
17		41	2840.636531000
17		1358	2840.648792000
17		41	2840.698516000
17		1358	2840.700042000
17		41	2840.760129000
17		1358	2840.781938000
17		41	2840.822099000
17		1358	2840.822431000
17		41	2840.884159000
17		1358	2840.885651000
17		41	2840.946474000
17		1358	2840.946804000
17		41	2841.007779000
17		1358	2841.009288000
17		41	2841.070092000
17		1358	2841.091026000
17		41	2841.131829000
17		41	2841.131858000
17		1358	2841.132184000
17		1358	2841.172825000
17		41	2841.194150000
17		41	2841.256301000
17		1358	2841.257817000
17		1358	2841.298732000
17		46	2841.318126000
17		33	2841.343850000
17		41	2841.380036000
17		1358	2841.381627000
17		41	2841.442092000
17		1358	2841.463462000
17		1358	2841.464209000
17		41	2841.503763000
17		41	2841.566518000
17		1358	2841.568023000
17		41	2841.628368000
17		1358	2841.630733000
17		41	2841.690339000
17		1358	2841.691860000
17		41	2841.751830000
17		1358	2841.755479000
17		41	2841.813671000
17		41	2841.813700000
17		1358	2841.815188000
17		41	2841.875652000
17		1358	2841.879848000
17		1358	2841.896547000
17		41	2841.938324000
17		1358	2841.977744000
17		41	2842.000549000
17		1358	2842.003127000
17		46	2842.062016000
17		1358	2842.063519000
17		41	2842.124255000
17		1358	2842.128580000
17		41	2842.185843000
17		1358	2842.187350000
17		41	2842.248607000
17		1358	2842.251547000
17		41	2842.310613000
17		1341	2842.312207000
17		41	2842.371652000
17		1358	2842.376217000
17		41	2842.434541000
17		41	2842.496582000
17		1358	2842.500204000
17		41	2842.558049000
17		41	2842.558082000
17		41	2842.620133000
17		1358	2842.623720000
17		41	2842.681986000
17		41	2842.744052000
17		1358	2842.748392000
17		41	2842.805976000
17		41	2842.867745000
17		1358	2842.872152000
17		41	2842.930207000
17		41	2842.992300000
17		1358	2842.996955000
17		41	2843.054669000
17		41	2843.116248000
17		41	2843.178497000
17		41	2843.240547000
17		41	2843.302293000
17		41	2843.302324000
17		41	2843.363896000
17		41	2843.426625000
17		41	2843.488112000
17		41	2843.550512000
17		41	2843.612545000
17		41	2843.674038000
17		41	2843.736431000
17		41	2843.797902000
17		41	2843.860292000
17		41	2843.922519000
17		1123	2843.983709000
17		46	2843.983732000
17		39	2843.984303000
17		1358	2843.985049000
17		1358	2843.985064000
17		1358	2843.985067000
17		1358	2843.985071000
17		33	2844.009453000
17		41	2844.046420000
17		1358	2844.046713000
17		1358	2844.066458000
17		41	2844.108355000
17		41	2844.169757000
17		1358	2844.170051000
17		41	2844.231853000
17		41	2844.293705000
17		41	2844.293728000
17		1358	2844.294002000
17		1358	2844.295247000
17		47	2844.356471000
17		33	2844.370283000
17		1358	2844.376706000
17		41	2844.418249000
17		1358	2844.419549000
17		1358	2844.456804000
17		41	2844.480074000
17		1358	2844.538384000
17		41	2844.541670000
17		1358	2844.543243000
17		41	2844.604456000
17		1358	2844.618378000
17		41	2844.666442000
17		1358	2844.668120000
17		1358	2844.698900000
17		41	2844.728405000
17		1358	2844.779514000
17		41	2844.790274000
17		1358	2844.792651000
17		41	2844.851988000
17		1358	2844.860194000
17		41	2844.913616000
17		1358	2844.916591000
17		1358	2844.940963000
17		41	2844.976336000
17		1358	2845.020932000
17		41	2845.038249000
17		1358	2845.040718000
17		1358	2845.100418000
17		41	2845.100451000
17		1358	2845.101330000
17		1358	2845.102103000
17		33	2845.126588000
17		41	2845.162103000
17		1358	2845.165497000
17		1358	2845.181707000
17		41	2845.224478000
17		1358	2845.263224000
17		1358	2845.264599000
17		41	2845.285833000
17		1358	2845.343146000
17		41	2845.347692000
17		1358	2845.363229000
17		41	2845.410186000
17		1358	2845.425031000
17		1358	2845.462443000
17		41	2845.471857000
17		41	2845.471886000
17		1358	2845.504495000
17		41	2845.533749000
17		1358	2845.561722000
17		1358	2845.584787000
17		41	2845.595716000
17		41	2845.657655000
17		1358	2845.661051000
17		1358	2845.666344000
17		634	2845.719950000
17		41	2845.719976000
17		35	2845.720591000
17		76	2845.729716000
17		33	2845.729749000
17		1358	2845.746317000
17		41	2845.781701000
17		1358	2845.826814000
17		1358	2845.827028000
17		41	2845.844343000
17		41	2845.906115000
17		1358	2845.907687000
17		41	2845.968310000
17		1358	2845.988031000
17		1358	2845.991977000
6	0		2846.024657000
6	0		2846.024712000
17		41	2846.029624000
6	0		2846.063957000
6	12		2846.064202000
17		1358	2846.068166000
17		41	2846.092416000
6	0		2846.103207000
6	12		2846.103241000
6	0		2846.103252000
6	1		2846.103441000
6	4		2846.103460000
6	32		2846.103468000
6	0		2846.103480000
6	0		2846.142390000
6	0		2846.142468000
6	0		2846.142499000
6	0		2846.142591000
6	0		2846.142604000
17		1358	2846.148697000
17		41	2846.154315000
17		1358	2846.158045000
17		41	2846.216137000
17		41	2846.216162000
17		1358	2846.230310000
17		46	2846.278235000
17		1358	2846.286818000
17		33	2846.292029000
17		41	2846.340323000
17		41	2846.402469000
17		1358	2846.404073000
17		1358	2846.414912000
17		41	2846.464211000
17		43	2846.525706000
17		41	2846.525731000
17		41	2846.525737000
17		1358	2846.527594000
17		1358	2846.543856000
17		33	2846.551192000
17		41	2846.588248000
17		1358	2846.598371000
17		41	2846.650553000
17		1358	2846.672340000
17		46	2846.712350000
17		1358	2846.715277000
17		33	2846.738062000
17		41	2846.774426000
17		1358	2846.801288000
17		1358	2846.832090000
17		41	2846.835988000
17		41	2846.898079000
17		1358	2846.930495000
17		1358	2846.948483000
17		41	2846.960387000
17		41	2847.022002000
17		41	2847.022026000
17		1358	2847.058427000
17		1358	2847.065091000
17		41	2847.083934000
17		41	2847.146069000
17		1358	2847.152982000
17		1358	2847.187208000
17		41	2847.208546000
17		1358	2847.239457000
17		41	2847.270336000
17		1358	2847.316182000
17		1358	2847.326726000
17		41	2847.331874000
17		41	2847.393752000
17		1358	2847.414063000
17		1358	2847.444729000
17		41	2847.455982000
17		1358	2847.501672000
6	0		2847.518007000
17		41	2847.518030000
6	0		2847.519051000
17		1358	2847.573686000
17		41	2847.580049000
17		1358	2847.589777000
17		41	2847.641871000
17		1358	2847.702043000
17		41	2847.704301000
17		1358	2847.706674000
17		41	2847.765834000
17		41	2847.765857000
17		1358	2847.794681000
17		41	2847.827794000
17		1358	2847.830963000
17		41	2847.889867000
17		1358	2847.891299000
17		41	2847.951691000
17		1358	2847.959313000
17		1358	2847.979275000
17		41	2848.014349000
17		41	2848.076492000
17		1358	2848.078097000
17		1358	2848.088173000
17		41	2848.138426000
17		41	2848.200117000
17		1358	2848.201659000
17		1358	2848.216926000
17		46	2848.262493000
17		33	2848.276420000
17		1358	2848.290026000
17		41	2848.324014000
17		1358	2848.345360000
17		41	2848.386409000
17		1358	2848.387465000
17		41	2848.447689000
17		1358	2848.473776000
17		41	2848.510051000
17		41	2848.510077000
17		1358	2848.511489000
17		41	2848.572157000
17		1358	2848.598759000
17		1358	2848.602607000
17		41	2848.634200000
17		1358	2848.686427000
17		41	2848.695996000
17		1358	2848.731040000
17		41	2848.757732000
17		1358	2848.774782000
17		41	2848.820027000
17		1358	2848.859797000
17		41	2848.882041000
17		1358	2848.882906000
17		41	2848.944430000
17		1358	2848.970622000
17		1358	2848.989009000
17		41	2849.005850000
17		41	2849.068201000
17		1358	2849.069763000
17		1358	2849.117627000
17		41	2849.130145000
17		41	2849.192061000
17		1358	2849.193620000
17		1358	2849.246115000
17		41	2849.253663000
17		41	2849.253688000
17		1358	2849.263606000
17		46	2849.316225000
17		33	2849.342016000
17		1358	2849.374627000
17		41	2849.378112000
17		1358	2849.379607000
17		41	2849.439998000
17		1358	2849.477026000
17		1358	2849.496212000
17		41	2849.502536000
17		41	2849.564598000
17		1358	2849.580265000
17		1358	2849.612897000
17		41	2849.626343000
17		1358	2849.682799000
17		41	2849.688237000
17		1358	2849.729742000
17		41	2849.750072000
17		1358	2849.786019000
17		41	2849.812032000
17		1358	2849.817796000
17		41	2849.874006000
17		1358	2849.889447000
17		1358	2849.906162000
17		41	2849.936310000
17		41	2849.936336000
17		1358	2849.991572000
17		1358	2849.993978000
17		41	2849.998025000
17		41	2850.060100000
17		1358	2850.081570000
17		41	2850.122328000
17		1358	2850.162966000
17		41	2850.183959000
17		1358	2850.185471000
17		41	2850.246059000
17		46	2850.307682000
17		1358	2850.309175000
17		1358	2850.334598000
17		41	2850.370627000
17		41	2850.432068000
17		1358	2850.433601000
17		41	2850.493997000
17		1358	2850.505910000
17		41	2850.556015000
17		1358	2850.557528000
17		41	2850.618098000
17		1358	2850.629930000
17		41	2850.680080000
17		41	2850.680116000
17		1358	2850.681504000
17		41	2850.742103000
17		1358	2850.754191000
17		1358	2850.769255000
17		41	2850.804541000
17		41	2850.866502000
17		1358	2850.868024000
17		1358	2850.870211000
17		41	2850.928525000
17		1358	2850.986460000
17		41	2850.990529000
17		1358	2850.992130000
17		41	2851.051649000
17		1358	2851.080494000
17		1358	2851.097791000
17		41	2851.114114000
17		41	2851.176116000
17		1358	2851.177664000
17		1358	2851.208905000
17		41	2851.238533000
17		1358	2851.266227000
17		41	2851.299941000
17		1358	2851.320381000
17		41	2851.362272000
17		41	2851.362298000
17		1358	2851.363840000
17		41	2851.423837000
17		1358	2851.432668000
17		1358	2851.450835000
17		41	2851.485691000
17		1358	2851.543702000
17		41	2851.547894000
17		1358	2851.549407000
17		41	2851.609693000
17		1358	2851.655151000
17		41	2851.672772000
17		1358	2851.674342000
17		41	2851.734494000
17		1358	2851.761685000
17		1358	2851.765878000
17		41	2851.796342000
17		46	2851.857818000
17		1358	2851.877802000
17		41	2851.920397000
17		1358	2851.922202000
17		41	2851.982017000
17		1358	2851.988954000
17		1358	2851.992876000
17		41	2852.044111000
17		1358	2852.100439000
17		41	2852.106437000
17		41	2852.106460000
17		1358	2852.108045000
17		41	2852.167661000
17		1358	2852.178158000
17		1358	2852.212277000
17		41	2852.230023000
17		41	2852.292382000
17		1358	2852.294242000
17		1358	2852.322868000
17		41	2852.354747000
17		46	2852.416228000
17		1358	2852.417449000
17		1358	2852.434421000
17		41	2852.478071000
17		41	2852.539764000
17		1358	2852.541359000
17		1358	2852.546524000
17		41	2852.601640000
17		1358	2852.657494000
17		41	2852.663691000
17		1358	2852.664466000
17		41	2852.725727000
17		1358	2852.751874000
17		1358	2852.768544000
17		41	2852.788577000
17		41	2852.849750000
17		1358	2852.851065000
17		1358	2852.880320000
17		41	2852.911777000
17		41	2852.974437000
17		1358	2852.975965000
17		1358	2852.991497000
17		41	2853.036379000
17		41	2853.097656000
17		1358	2853.099274000
17		1358	2853.102656000
17		41	2853.159838000
17		1358	2853.186347000
17		1358	2853.214800000
17		41	2853.222426000
17		41	2853.284077000
17		1358	2853.285431000
17		1358	2853.326025000
17		41	2853.345968000
17		41	2853.408332000
17		1358	2853.409848000
17		1358	2853.437108000
17		41	2853.470020000
17		41	2853.470053000
17		1358	2853.497546000
17		41	2853.532059000
17		1358	2853.548494000
17		41	2853.593832000
17		41	2853.655837000
17		1358	2853.657229000
17		1358	2853.660380000
17		41	2853.718251000
17		1358	2853.744596000
17		1358	2853.771277000
17		41	2853.780292000
17		41	2853.842614000
17		1358	2853.844147000
17		1358	2853.882370000
17		41	2853.904461000
17		41	2853.965996000
17		1358	2853.967607000
17		1358	2853.971927000
17		41	2854.028443000
17		1358	2854.061592000
17		41	2854.090158000
17		1358	2854.091777000
6	0		2854.143562000
6	0		2854.143641000
17		1358	2854.149705000
17		41	2854.151661000
6	0		2854.183134000
6	12		2854.183362000
17		41	2854.213779000
17		41	2854.213808000
17		1358	2854.215327000
6	0		2854.222863000
6	12		2854.222896000
6	0		2854.222909000
6	1		2854.223138000
6	4		2854.223161000
6	32		2854.223172000
6	0		2854.223186000
17		1358	2854.239349000
6	0		2854.262595000
6	0		2854.262680000
6	0		2854.262695000
6	0		2854.262745000
6	0		2854.262757000
17		41	2854.276191000
17		1358	2854.303704000
17		1358	2854.329346000
17		46	2854.338261000
17		33	2854.364672000
17		41	2854.399725000
17		1358	2854.417867000
17		41	2854.461920000
17		41	2854.524153000
17		1358	2854.567292000
17		41	2854.586040000
17		46	2854.648542000
17		33	2854.662361000
17		41	2854.709894000
17		1358	2854.716403000
17		41	2854.771985000
17		41	2854.834450000
17		41	2854.896476000
17		41	2854.896502000
17		1358	2854.898213000
17		41	2854.958021000
17		1358	2854.985695000
17		41	2855.020098000
17		41	2855.082072000
17		690	2855.082098000
17		35	2855.082855000
17		76	2855.091340000
17		33	2855.091379000
17		41	2855.144139000
17		1358	2855.145708000
17		41	2855.205880000
17		41	2855.268039000
17		1358	2855.269633000
17		41	2855.329944000
17		1358	2855.330252000
17		41	2855.392162000
17		1358	2855.393706000
17		41	2855.454333000
17		1358	2855.454725000
17		41	2855.515702000
17		1358	2855.561748000
17		41	2855.577888000
17		41	2855.639744000
17		41	2855.639778000
17		1358	2855.641254000
17		1358	2855.668694000
17		41	2855.701952000
17		41	2855.701987000
17		1358	2855.729258000
17		43	2855.764210000
17		41	2855.764235000
17		41	2855.764241000
17		1358	2855.771769000
17		33	2855.789586000
17		1358	2855.816307000
17		41	2855.826614000
17		1358	2855.875145000
17		41	2855.888364000
17		1358	2855.902454000
17		41	2855.949856000
17		1358	2855.977179000
17		1358	2855.989239000
17		41	2856.012524000
17		41	2856.074335000
17		1358	2856.075695000
17		1358	2856.079952000
17		41	2856.135852000
17		1358	2856.162639000
17		1358	2856.183162000
17		41	2856.197899000
17		1358	2856.249579000
17		41	2856.260578000
17		1358	2856.285511000
17		41	2856.322305000
17		1169	2856.322336000
17		35	2856.323084000
17		107	2856.335358000
17		234	2856.335399000
17		1358	2856.335683000
17		41	2856.383943000
17		1358	2856.387962000
17		1358	2856.422947000
17		41	2856.445706000
17		1358	2856.490681000
17		41	2856.508420000
17		46	2856.508451000
17		1358	2856.510038000
17		33	2856.533965000
17		41	2856.570140000
17		1358	2856.594181000
17		1358	2856.597103000
17		41	2856.632240000
17		1358	2856.683464000
17		41	2856.694066000
17		1358	2856.696183000
17		41	2856.755960000
17		1358	2856.770641000
17		1358	2856.799044000
17		41	2856.818167000
17		1358	2856.866202000
17		41	2856.880356000
17		1358	2856.901795000
17		43	2856.942579000
17		41	2856.942608000
17		41	2856.942616000
17		1358	2856.963190000
17		33	2856.968348000
17		46	2857.004196000
17		1358	2857.004445000
17		33	2857.018544000
17		1358	2857.058974000
17		41	2857.066289000
17		1358	2857.107270000
17		41	2857.128193000
17		1358	2857.156522000
17		41	2857.190256000
17		1358	2857.210514000
17		41	2857.251815000
17		1358	2857.252100000
6	0		2857.283360000
6	0		2857.283416000
17		1358	2857.312887000
17		41	2857.314622000
17		1358	2857.349436000
17		41	2857.376069000
17		1358	2857.415628000
17		41	2857.437852000
17		41	2857.437876000
17		1358	2857.445447000
17		41	2857.499922000
17		1358	2857.518265000
17		1358	2857.542617000
17		41	2857.562437000
6	0		2857.586351000
6	41		2857.591894000
17		1358	2857.621482000
17		41	2857.623860000
17		1358	2857.638435000
17		41	2857.686412000
17		1358	2857.715402000
17		1358	2857.723693000
17		41	2857.747742000
17		1358	2857.793033000
17		41	2857.809848000
17		1358	2857.826357000
17		1358	2857.869567000
17		41	2857.872480000
6	0		2857.894167000
6	21		2857.896414000
6	0		2857.896447000
6	1080		2857.897391000
17		1358	2857.929199000
17		41	2857.934145000
17		1358	2857.946334000
17		41	2857.996300000
17		1358	2858.023960000
17		1358	2858.032689000
17		41	2858.058245000
17		1358	2858.101556000
17		41	2858.120012000
17		1358	2858.134767000
17		1358	2858.177974000
17		41	2858.181785000
6	0		2858.199197000
6	440		2858.202498000
17		1358	2858.237896000
17		41	2858.244403000
17		41	2858.244427000
6	0		2858.246216000
17		41	2858.306238000
17		1358	2858.307801000
17		1358	2858.340428000
17		41	2858.368138000
17		41	2858.429913000
17		1358	2858.435282000
17		1358	2858.443013000
17		41	2858.491901000
17		1358	2858.546282000
6	48		2858.548387000
6	0		2858.548423000
6	280		2858.555308000
17		41	2858.555433000
17		1358	2858.572754000
17		41	2858.616485000
17		1358	2858.649150000
17		41	2858.677792000
17		1358	2858.711161000
17		41	2858.739868000
17		1358	2858.751749000
17		41	2858.802114000
17		1358	2858.815092000
17		1358	2858.853930000
6	0		2858.857391000
17		41	2858.864134000
6	16		2858.874283000
17		1358	2858.917987000
6	0		2858.918205000
17		41	2858.925694000
17		41	2858.925735000
17		1358	2858.956652000
17		41	2858.987701000
17		1358	2859.021299000
17		46	2859.049652000
17		1358	2859.059413000
17		46	2859.112550000
17		1358	2859.120375000
17		1358	2859.162262000
17		41	2859.174497000
17		1358	2859.218653000
6	52		2859.220226000
6	0		2859.220264000
6	52		2859.220368000
17		41	2859.236207000
17		1358	2859.265991000
17		41	2859.297778000
17		1358	2859.318470000
17		41	2859.360231000
17		1358	2859.368331000
17		1358	2859.417453000
17		41	2859.422476000
17		1358	2859.450666000
17		41	2859.484226000
17		1358	2859.517005000
6	100		2859.522464000
17		1358	2859.532271000
17		41	2859.545854000
6	0		2859.566216000
17		41	2859.607729000
17		41	2859.607758000
17		1358	2859.614319000
17		1358	2859.616241000
17		41	2859.670468000
17		1358	2859.696833000
17		1358	2859.714781000
17		41	2859.731894000
17		1358	2859.778668000
17		41	2859.793847000
17		1358	2859.814794000
17		41	2859.855888000
17		1358	2859.860881000
17		1358	2859.913117000
17		41	2859.917725000
17		1358	2859.943067000
17		41	2859.979783000
17		1358	2860.011937000
17		41	2860.042103000
17		1358	2860.080479000
17		41	2860.104237000
17		1358	2860.111661000
17		41	2860.166545000
17		1358	2860.210931000
17		1358	2860.217455000
17		41	2860.228256000
17		41	2860.290658000
17		1358	2860.309607000
17		41	2860.352345000
17		41	2860.352375000
17		1358	2860.354057000
17		1358	2860.409004000
17		41	2860.413997000
17		41	2860.476529000
17		1358	2860.491058000
17		1358	2860.509492000
17		41	2860.538428000
17		1358	2860.595159000
17		41	2860.599793000
17		1358	2860.609421000
17		41	2860.662424000
17		1358	2860.696375000
17		1358	2860.709098000
17		41	2860.724372000
17		41	2860.786237000
17		1358	2860.799189000
17		41	2860.848382000
17		1358	2860.849918000
17		1358	2860.902115000
17		41	2860.910283000
17		41	2860.972437000
17		1358	2860.973996000
17		1358	2861.004939000
17		41	2861.033837000
17		41	2861.033863000
17		1358	2861.074398000
17		41	2861.096000000
17		1358	2861.107899000
17		41	2861.157714000
17		1358	2861.174945000
17		1358	2861.210977000
17		46	2861.219868000
17		33	2861.245250000
17		41	2861.282200000
17		1358	2861.283740000
17		1358	2861.313816000
17		41	2861.344129000
17		41	2861.406281000
17		1358	2861.407844000
17		1358	2861.416191000
17		46	2861.468385000
17		33	2861.482027000
17		1358	2861.508557000
17		1358	2861.518663000
17		41	2861.530453000
17		41	2861.591938000
6	68		2861.602508000
17		1358	2861.608612000
17		1358	2861.621582000
17		41	2861.653764000
17		41	2861.715975000
17		41	2861.716012000
17		1358	2861.717554000
17		1358	2861.724420000
17		41	2861.778153000
17		1358	2861.798058000
17		1358	2861.827203000
17		41	2861.839674000
17		41	2861.902458000
17		1358	2861.904013000
6	52		2861.905224000
6	0		2861.905256000
6	0		2861.905275000
6	0		2861.906551000
17		1358	2861.930421000
17		41	2861.964283000
17		41	2862.025713000
17		1358	2862.026936000
17		1358	2862.033248000
17		41	2862.087655000
17		1358	2862.136047000
17		41	2862.150567000
17		1358	2862.152122000
6	0		2862.209911000
17		41	2862.211997000
6	0		2862.220173000
6	0		2862.220228000
17		1358	2862.238985000
6	0		2862.263154000
6	0		2862.263219000
17		41	2862.274165000
17		1358	2862.275832000
6	0		2862.302141000
6	12		2862.302395000
17		41	2862.335991000
6	0		2862.341291000
6	12		2862.341325000
6	0		2862.341336000
6	1		2862.341570000
6	4		2862.341595000
6	32		2862.341608000
6	0		2862.341622000
17		1358	2862.341872000
6	0		2862.380463000
6	0		2862.380500000
6	0		2862.380505000
6	0		2862.380624000
6	0		2862.380636000
6	0		2862.380676000
6	0		2862.385682000
6	41		2862.391291000
17		41	2862.398020000
17		1358	2862.408894000
17		41	2862.460562000
17		41	2862.460594000
17		1358	2862.460944000
17		41	2862.522080000
17		1358	2862.542233000
6	21		2862.557194000
6	0		2862.557247000
6	0		2862.557269000
6	0		2862.557281000
6	1080		2862.558420000
17		1358	2862.564019000
17		41	2862.584185000
17		41	2862.646060000
17		1358	2862.667604000
17		1358	2862.674975000
17		41	2862.708285000
6	440		2862.724064000
6	0		2862.766238000
17		41	2862.770165000
17		1358	2862.771193000
17		1358	2862.808406000
17		41	2862.832471000
17		41	2862.894475000
17		1358	2862.894924000
6	48		2862.929452000
6	0		2862.929487000
6	280		2862.933506000
17		1358	2862.942061000
17		41	2862.956180000
17		41	2863.018118000
17		1358	2863.018460000
17		1358	2863.042054000
17		41	2863.080703000
6	16		2863.102438000
17		1358	2863.141941000
17		41	2863.142124000
17		1358	2863.142725000
6	0		2863.146206000
17		41	2863.204619000
17		41	2863.204646000
17		1358	2863.241856000
17		1358	2863.246396000
17		41	2863.265942000
6	52		2863.310599000
6	0		2863.310637000
6	52		2863.310730000
17		41	2863.328366000
17		1358	2863.342001000
17		1358	2863.349416000
17		41	2863.389960000
17		1358	2863.441955000
17		41	2863.452527000
17		1358	2863.453182000
6	84		2863.474078000
17		46	2863.513931000
6	0		2863.514198000
17		33	2863.539398000
17		1358	2863.556076000
17		41	2863.576531000
17		1358	2863.578052000
17		41	2863.638276000
17		1358	2863.659258000
17		41	2863.700353000
17		1358	2863.701934000
17		41	2863.762197000
17		1358	2863.762561000
17		46	2863.824043000
17		1358	2863.825610000
17		41	2863.886265000
17		41	2863.886299000
17		1358	2863.886605000
17		1358	2863.926461000
17		41	2863.947704000
17		1358	2863.969210000
17		41	2864.009664000
17		1358	2864.052082000
17		41	2864.071681000
17		1358	2864.073218000
17		41	2864.134323000
17		1358	2864.134768000
17		41	2864.196480000
17		1358	2864.198002000
17		41	2864.258299000
17		1358	2864.258932000
17		41	2864.320566000
17		1358	2864.322156000
17		41	2864.382005000
17		1358	2864.382328000
17		41	2864.444837000
17		1358	2864.446244000
17		41	2864.506417000
17		1358	2864.546815000
17		41	2864.567894000
17		41	2864.567917000
17		1358	2864.568281000
17		41	2864.629867000
17		1358	2864.646574000
17		41	2864.692542000
17		1358	2864.705387000
17		1358	2864.746214000
17		41	2864.754097000
17		41	2864.816464000
17		1358	2864.842635000
17		1358	2864.845737000
17		41	2864.878370000
17		41	2864.939877000
17		1358	2864.980571000
17		41	2865.002500000
17		1358	2865.003932000
17		41	2865.063664000
17		1358	2865.117984000
17		41	2865.126198000
17		1358	2865.127839000
17		41	2865.188103000
17		41	2865.250729000
17		1358	2865.252744000
17		1358	2865.255465000
17		41	2865.311992000
17		41	2865.312018000
17		1358	2865.352875000
17		1358	2865.358131000
17		41	2865.374787000
17		41	2865.436234000
17		1358	2865.460123000
17		41	2865.498037000
17		1358	2865.499596000
17		41	2865.560267000
17		1358	2865.563370000
17		41	2865.621795000
17		1358	2865.623387000
17		1358	2865.666049000
17		46	2865.684360000
17		33	2865.710093000
17		41	2865.746398000
17		1358	2865.747889000
17		1358	2865.768335000
6	68		2865.772191000
17		41	2865.808516000
17		41	2865.869854000
17		1358	2865.871334000
17		1358	2865.871417000
17		41	2865.931862000
6	52		2865.937402000
6	0		2865.937458000
6	0		2865.937481000
6	0		2865.939077000
17		1358	2865.971886000
17		1358	2865.973909000
17		41	2865.993956000
17		41	2866.056878000
17		41	2866.056904000
17		1358	2866.071677000
17		1358	2866.077330000
6	0		2866.104399000
17		46	2866.118378000
17		33	2866.131868000
17		1358	2866.151414000
17		1358	2866.180282000
17		41	2866.180321000
17		41	2866.241877000
17		41	2866.304320000
17		41	2866.365849000
17		41	2866.427745000
17		41	2866.489923000
17		41	2866.552345000
17		41	2866.614738000
17		41	2866.675964000
17		41	2866.737866000
17		41	2866.800031000
17		41	2866.861940000
17		41	2866.924203000
17		41	2866.986233000
17		41	2867.048494000
17		1358	2867.050028000
17		41	2867.110607000
17		1358	2867.111040000
17		41	2867.172195000
17		1358	2867.216237000
17		41	2867.234382000
17		1358	2867.235910000
17		41	2867.295728000
17		1358	2867.336564000
17		41	2867.357890000
17		1358	2867.358240000
17		41	2867.420018000
17		1358	2867.437528000
17		41	2867.482156000
17		41	2867.482414000
17		1358	2867.484565000
17		1358	2867.537723000
17		41	2867.543943000
17		1358	2867.589522000
17		41	2867.606267000
17		1358	2867.637027000
17		41	2867.667753000
17		1358	2867.694391000
17		1358	2867.717172000
17		41	2867.730159000
17		41	2867.791816000
17		1358	2867.796707000
17		1358	2867.800077000
17		41	2867.854110000
17		1358	2867.876435000
17		1358	2867.904373000
17		41	2867.916133000
17		1358	2867.955195000
17		41	2867.977876000
17		1358	2868.009356000
6	0		2868.015882000
6	0		2868.015929000
17		1358	2868.034337000
17		41	2868.040260000
17		41	2868.101822000
17		1358	2868.113794000
17		1358	2868.114359000
17		46	2868.163836000
17		33	2868.189325000
17		1358	2868.192589000
17		1358	2868.219660000
17		41	2868.226073000
17		41	2868.226107000
6	0		2868.234977000
6	0		2868.235034000
6	0		2868.248849000
6	41		2868.255243000
6	0		2868.264827000
6	0		2868.264905000
6	0		2868.268740000
6	21		2868.270003000
6	0		2868.270032000
6	1080		2868.271259000
17		1358	2868.271947000
6	440		2868.285121000
17		41	2868.288397000
17		1358	2868.323874000
6	0		2868.326222000
17		46	2868.350466000
17		33	2868.364298000
17		1358	2868.404185000
17		41	2868.412012000
17		1358	2868.429354000
6	48		2868.460844000
6	0		2868.460889000
6	280		2868.464795000
17		41	2868.474462000
6	0		2868.510026000
17		1358	2868.529059000
17		1358	2868.533740000
17		41	2868.536235000
6	0		2868.546454000
6	41		2868.551879000
17		41	2868.598083000
17		1358	2868.639018000
17		1358	2868.654758000
17		41	2868.659955000
6	16		2868.685537000
17		41	2868.722660000
6	0		2868.726232000
6	52		2868.739792000
6	0		2868.739830000
6	52		2868.739950000
17		1358	2868.743723000
6	0		2868.753768000
6	100		2868.766076000
17		1358	2868.778062000
17		41	2868.784339000
6	0		2868.806226000
6	0		2868.833612000
6	21		2868.833644000
6	0		2868.833655000
6	1080		2868.834630000
17		41	2868.846157000
17		1358	2868.850041000
17		1358	2868.903210000
17		41	2868.907820000
17		41	2868.907850000
17		1358	2868.953859000
17		41	2868.970541000
17		1358	2868.996396000
17		41	2869.031880000
17		1358	2869.058373000
17		1358	2869.090098000
17		41	2869.094726000
6	0		2869.118934000
6	440		2869.118976000
17		41	2869.156200000
6	0		2869.162215000
17		1358	2869.163322000
17		1358	2869.183055000
17		41	2869.217726000
17		1358	2869.268317000
17		1358	2869.276542000
17		41	2869.280400000
17		41	2869.342534000
17		1358	2869.369505000
17		1358	2869.373423000
17		41	2869.404140000
6	48		2869.442716000
6	0		2869.442764000
6	280		2869.446944000
17		1358	2869.461234000
17		41	2869.466547000
17		1358	2869.477926000
17		41	2869.528055000
17		1358	2869.554506000
17		1358	2869.583519000
17		41	2869.589761000
17		1358	2869.647835000
17		41	2869.652167000
17		41	2869.652194000
17		1358	2869.687747000
17		41	2869.713966000
17		1358	2869.740766000
17		41	2869.776118000
17		1358	2869.792927000
17		1358	2869.835156000
17		41	2869.838165000
17		1358	2869.897413000
17		41	2869.900072000
17		1358	2869.928022000
17		41	2869.961923000
17		1358	2870.002519000
17		1358	2870.019527000
17		41	2870.024475000
17		41	2870.085866000
17		1358	2870.107142000
17		1358	2870.112697000
17		41	2870.147941000
17		1358	2870.205893000
17		41	2870.209654000
17		1358	2870.212006000
6	48		2870.238309000
6	0		2870.238374000
6	280		2870.242221000
17		41	2870.272509000
17		1358	2870.299210000
17		1358	2870.317214000
17		41	2870.333770000
17		41	2870.333790000
17		1358	2870.392247000
17		41	2870.396249000
17		1358	2870.422281000
17		41	2870.458434000
17		1358	2870.486049000
17		46	2870.519726000
6	0		2870.523804000
6	16		2870.525822000
6	0		2870.525848000
17		1358	2870.527419000
17		1358	2870.578477000
17		46	2870.582574000
17		33	2870.596956000
17		1358	2870.631642000
17		41	2870.644537000
17		1358	2870.671885000
17		41	2870.705747000
17		1358	2870.736582000
17		1358	2870.764771000
17		41	2870.768325000
6	52		2870.807477000
6	0		2870.807515000
6	52		2870.807604000
17		41	2870.829875000
17		1358	2870.841442000
17		1358	2870.857398000
17		41	2870.892056000
17		1358	2870.946614000
17		1358	2870.950611000
17		41	2870.954539000
17		41	2871.015890000
17		1358	2871.044007000
17		1358	2871.051238000
17		41	2871.077891000
6	68		2871.082922000
6	100		2871.091463000
6	52		2871.096451000
6	0		2871.096487000
6	0		2871.096500000
6	0		2871.098393000
6	0		2871.111878000
6	0		2871.134219000
17		1358	2871.136263000
17		41	2871.140129000
17		1358	2871.156344000
17		41	2871.202485000
17		1358	2871.229172000
17		1358	2871.261268000
17		41	2871.264366000
17		1358	2871.323312000
17		41	2871.326476000
17		1358	2871.365912000
17		41	2871.388605000
17		1358	2871.416088000
17		41	2871.450117000
17		1358	2871.450310000
17		1358	2871.509382000
17		41	2871.512271000
17		1358	2871.534249000
17		41	2871.573669000
17		1358	2871.602090000
17		1358	2871.618137000
17		41	2871.636231000
17		1358	2871.696018000
17		41	2871.698707000
17		1358	2871.701632000
17		41	2871.760372000
17		1358	2871.785615000
17		1358	2871.788177000
17		41	2871.822077000
17		41	2871.822111000
17		1358	2871.869416000
17		1358	2871.880869000
17		41	2871.884491000
17		41	2871.945959000
17		1358	2871.974677000
17		41	2872.008357000
17		1358	2872.009768000
17		1358	2872.067202000
17		41	2872.069917000
17		41	2872.132164000
17		1358	2872.149337000
17		1358	2872.160989000
17		41	2872.194535000
17		1358	2872.254552000
17		41	2872.256259000
17		1358	2872.289072000
17		41	2872.317912000
17		1358	2872.346335000
17		41	2872.379954000
17		1358	2872.429449000
17		1358	2872.439384000
17		41	2872.441773000
17		41	2872.504326000
17		41	2872.504348000
17		1358	2872.532236000
17		1358	2872.533872000
17		41	2872.566424000
17		1358	2872.606836000
17		41	2872.628318000
17		1358	2872.639142000
17		1358	2872.681710000
17		41	2872.689871000
17		1358	2872.743775000
17		41	2872.751950000
17		1358	2872.757391000
17		41	2872.813804000
17		1358	2872.848536000
17		46	2872.875760000
17		1358	2872.877336000
17		46	2872.937709000
17		1358	2872.953528000
17		41	2873.000304000
17		1358	2873.058322000
17		41	2873.062017000
17		1358	2873.063642000
17		41	2873.124332000
6	68		2873.154864000
17		1358	2873.163544000
17		41	2873.185976000
17		1358	2873.186703000
17		41	2873.248463000
17		1358	2873.268542000
17		41	2873.310064000
17		1358	2873.311858000
17		41	2873.372500000
17		1358	2873.373161000
6	52		2873.431765000
6	0		2873.431808000
6	0		2873.431826000
6	0		2873.433181000
17		41	2873.434029000
17		1358	2873.435542000
17		1358	2873.478036000
17		41	2873.496521000
17		41	2873.558031000
17		1358	2873.560482000
17		1358	2873.582959000
17		41	2873.619742000
17		41	2873.682036000
17		1358	2873.685059000
17		1358	2873.688146000
6	0		2873.713244000
17		41	2873.744314000
17		1358	2873.777876000
17		41	2873.806272000
17		41	2873.867909000
17		1358	2873.868249000
17		1358	2873.871383000
17		41	2873.930429000
17		41	2873.930452000
17		1358	2873.964350000
17		1358	2873.973612000
17		41	2873.992448000
17		41	2874.054492000
17		1358	2874.057227000
17		1358	2874.079323000
17		41	2874.116125000
17		1358	2874.149435000
17		41	2874.178258000
17		1358	2874.184470000
17		41	2874.240011000
17		1358	2874.242937000
17		41	2874.301775000
17		1358	2874.302105000
17		1358	2874.335887000
17		41	2874.363896000
17		1358	2874.407303000
17		41	2874.426039000
17		1358	2874.427628000
17		41	2874.488345000
17		1358	2874.512239000
17		41	2874.550522000
17		1358	2874.552092000
17		41	2874.611964000
17		41	2874.611993000
17		1358	2874.617274000
17		1358	2874.645549000
17		41	2874.674039000
17		1358	2874.722252000
17		41	2874.736004000
17		1358	2874.740304000
17		41	2874.798604000
17		1358	2874.827212000
17		41	2874.860486000
17		1358	2874.861584000
17		41	2874.922119000
17		1358	2874.932614000
17		41	2874.983738000
17		1358	2874.985314000
17		41	2875.045924000
17		1358	2875.046659000
17		1358	2875.107842000
17		41	2875.107874000
17		1358	2875.108875000
17		1358	2875.109614000
17		33	2875.134418000
17		41	2875.170049000
17		1358	2875.170410000
17		46	2875.231704000
17		1358	2875.233292000
17		41	2875.294096000
17		46	2875.294122000
17		1358	2875.294433000
17		1358	2875.327269000
17		41	2875.356444000
6	0		2875.399103000
6	0		2875.399164000
17		41	2875.418238000
17		1358	2875.418552000
17		1358	2875.421583000
17		41	2875.479782000
17		1358	2875.515745000
17		41	2875.541982000
17		1358	2875.542328000
6	0		2875.583271000
6	41		2875.589004000
17		41	2875.604116000
17		1358	2875.609189000
17		41	2875.666807000
17		1358	2875.667177000
17		41	2875.728611000
17		1358	2875.729477000
6	0		2875.772848000
6	21		2875.773734000
6	0		2875.773757000
6	1080		2875.774742000
17		41	2875.790394000
17		1358	2875.790724000
17		41	2875.851727000
17		1358	2875.853372000
17		41	2875.914561000
17		1358	2875.914964000
6	440		2875.958774000
17		41	2875.975800000
17		1358	2875.978056000
6	0		2876.002214000
17		41	2876.037961000
17		41	2876.037992000
17		1358	2876.038699000
17		1358	2876.071656000
17		41	2876.100248000
17		1358	2876.124546000
17		41	2876.162078000
17		1358	2876.165739000
6	48		2876.186034000
6	0		2876.186076000
6	280		2876.190806000
17		41	2876.224599000
17		1358	2876.225424000
17		41	2876.286090000
17		1358	2876.286796000
17		41	2876.348465000
17		1358	2876.348778000
6	16		2876.380502000
17		41	2876.410247000
17		1358	2876.411797000
6	0		2876.422234000
17		41	2876.471858000
17		1358	2876.472204000
17		653	2876.533787000
17		41	2876.533812000
17		35	2876.534558000
17		76	2876.543278000
17		33	2876.543355000
17		41	2876.596599000
17		1358	2876.598272000
6	52		2876.606089000
6	0		2876.606127000
6	52		2876.606274000
17		41	2876.657725000
17		1358	2876.658172000
17		41	2876.720599000
17		41	2876.720624000
17		1358	2876.722429000
17		41	2876.781666000
6	84		2876.792893000
17		1358	2876.799857000
17		1358	2876.816227000
6	0		2876.834204000
17		41	2876.844502000
17		41	2876.906512000
17		1358	2876.910329000
17		1358	2876.941583000
17		41	2876.967714000
17		1358	2877.003448000
17		41	2877.030500000
17		1358	2877.083414000
17		41	2877.091698000
17		1358	2877.096715000
17		41	2877.154677000
17		41	2877.216549000
17		1358	2877.217759000
17		1358	2877.225579000
17		41	2877.278198000
17		41	2877.339877000
17		1358	2877.341513000
17		1358	2877.367631000
17		41	2877.401641000
17		46	2877.464256000
17		41	2877.464284000
17		1358	2877.465833000
17		1358	2877.474753000
17		41	2877.526041000
17		1358	2877.541765000
17		1358	2877.581972000
17		41	2877.587903000
17		41	2877.650276000
17		936	2877.651266000
17		1358	2877.687380000
17		46	2877.712085000
17		33	2877.737566000
6	0		2877.758022000
6	0		2877.758078000
17		41	2877.774448000
6	0		2877.783211000
6	41		2877.788919000
17		1358	2877.793673000
6	0		2877.813801000
6	21		2877.813836000
6	0		2877.813850000
6	1080		2877.814849000
17		41	2877.836479000
6	0		2877.839664000
6	440		2877.839766000
6	0		2877.882232000
17		41	2877.897951000
6	48		2877.907100000
6	0		2877.907148000
6	280		2877.911170000
6	0		2877.936032000
17		44	2877.959979000
17		41	2877.960010000
17		41	2877.960016000
6	16		2877.969809000
17		33	2877.985492000
6	0		2878.010228000
17		41	2878.022188000
6	52		2878.035069000
6	0		2878.035108000
6	52		2878.035213000
6	84		2878.060079000
17		41	2878.083673000
6	0		2878.102234000
17		41	2878.145843000
17		41	2878.207844000
17		41	2878.270196000
17		41	2878.332074000
17		41	2878.394432000
17		41	2878.455994000
17		1354	2878.456018000
17		36	2878.456756000
17		471	2878.518090000
17		41	2878.518121000
17		114	2878.530933000
17		234	2878.530981000
17		41	2878.580028000
17		1023	2878.580058000
17		33	2878.580708000
17		1358	2878.581323000
17		41	2878.641985000
17		41	2878.704413000
17		1358	2878.705448000
17		41	2878.766433000
17		1358	2878.766792000
17		41	2878.827896000
17		1358	2878.829328000
17		41	2878.889773000
17		1358	2878.890096000
17		41	2878.952477000
17		41	2878.952502000
17		1358	2878.954147000
17		1358	2878.997199000
17		41	2879.014389000
17		1358	2879.047712000
17		41	2879.076097000
17		1358	2879.103472000
17		44	2879.138024000
17		41	2879.138048000
17		41	2879.138056000
17		33	2879.163423000
17		47	2879.200212000
17		1358	2879.201830000
6	68		2879.206523000
17		1358	2879.209567000
17		41	2879.262050000
17		1358	2879.296156000
17		1358	2879.315180000
17		41	2879.324565000
17		41	2879.386566000
17		1358	2879.388179000
6	52		2879.392469000
6	0		2879.392518000
6	0		2879.392545000
6	0		2879.394046000
6	0		2879.411805000
6	0		2879.411868000
17		1358	2879.422278000
17		41	2879.448507000
17		1358	2879.481878000
17		41	2879.510586000
17		1358	2879.528441000
17		41	2879.571944000
17		1358	2879.575396000
6	0		2879.577842000
17		41	2879.633784000
17		1358	2879.634421000
6	0		2879.655845000
6	41		2879.663131000
17		1358	2879.667720000
17		41	2879.697034000
17		1358	2879.740046000
17		41	2879.757712000
17		1358	2879.759288000
17		41	2879.820026000
17		41	2879.820052000
17		1358	2879.835922000
17		1358	2879.846628000
17		41	2879.882378000
6	0		2879.907099000
17		1358	2879.910173000
6	21		2879.912114000
6	0		2879.912153000
6	1080		2879.913190000
6	0		2879.924745000
6	0		2879.924791000
17		41	2879.944402000
17		1358	2879.952721000
17		1358	2879.984789000
17		41	2880.006476000
17		1358	2880.058675000
17		1358	2880.058715000
17		41	2880.067742000
17		46	2880.129740000
17		1358	2880.133724000
17		33	2880.155537000
6	440		2880.164352000
17		1358	2880.165416000
17		41	2880.192288000
6	0		2880.206232000
17		1358	2880.208020000
17		41	2880.254672000
17		1358	2880.271300000
17		1358	2880.282038000
17		41	2880.316160000
17		1358	2880.356526000
17		1358	2880.377499000
17		41	2880.378254000
6	68		2880.418372000
17		41	2880.439737000
6	52		2880.447560000
6	0		2880.447604000
6	0		2880.447643000
6	0		2880.449118000
6	48		2880.450564000
6	0		2880.450594000
6	280		2880.456414000
6	0		2880.473932000
17		1358	2880.480983000
17		1358	2880.483818000
17		41	2880.502122000
17		41	2880.502147000
17		41	2880.564213000
17		1358	2880.590448000
17		1358	2880.615342000
17		41	2880.626045000
17		41	2880.688450000
17		1358	2880.696792000
6	16		2880.709800000
17		41	2880.734648000
6	0		2880.750225000
17		1358	2880.751279000
17		41	2880.780072000
17		1358	2880.802644000
17		41	2880.826489000
17		41	2880.871743000
17		1358	2880.887383000
17		1358	2880.916272000
17		41	2880.918190000
17		41	2880.964246000
6	52		2880.994230000
6	0		2880.994278000
6	52		2880.994364000
17		41	2881.009676000
17		1358	2881.011286000
17		1358	2881.029858000
17		41	2881.056115000
17		46	2881.102407000
17		41	2881.102438000
17		1358	2881.103589000
17		1358	2881.142992000
17		41	2881.147980000
17		1358	2881.184136000
17		41	2881.194001000
6	84		2881.239996000
17		41	2881.240418000
17		1358	2881.256499000
17		1358	2881.264394000
6	0		2881.282240000
17		41	2881.286578000
17		41	2881.332500000
17		1358	2881.344693000
17		1358	2881.362857000
17		41	2881.378613000
17		41	2881.424125000
17		1358	2881.425838000
17		1358	2881.469570000
17		41	2881.469998000
17		1358	2881.504977000
17		41	2881.515979000
17		41	2881.561879000
17		1358	2881.575237000
17		1358	2881.584561000
17		41	2881.607943000
17		41	2881.607965000
17		41	2881.653832000
17		1358	2881.664776000
17		1358	2881.681453000
17		41	2881.699824000
17		1358	2881.745389000
17		41	2881.745815000
17		1358	2881.788077000
17		41	2881.792543000
17		1358	2881.825653000
17		41	2881.838054000
17		41	2881.883971000
17		1358	2881.894141000
17		1358	2881.905797000
17		41	2881.929799000
17		41	2881.976035000
17		1358	2881.985409000
17		1358	2882.000295000
17		41	2882.021901000
17		1358	2882.065683000
17		41	2882.067679000
17		1358	2882.107647000
17		41	2882.114242000
17		46	2882.114267000
17		33	2882.140009000
17		1358	2882.145837000
17		41	2882.159826000
17		41	2882.205726000
17		1358	2882.212937000
17		1358	2882.226609000
17		41	2882.252194000
17		41	2882.298242000
17		1358	2882.306077000
17		1358	2882.319255000
17		41	2882.344406000
17		1358	2882.386477000
17		41	2882.390366000
17		1358	2882.404152000
17		41	2882.436867000
17		1358	2882.466669000
17		41	2882.482455000
17		1358	2882.489523000
17		41	2882.527750000
17		1358	2882.545901000
17		41	2882.573671000
17		1358	2882.573990000
17		41	2882.619875000
17		1358	2882.625960000
17		1358	2882.658962000
17		41	2882.666146000
17		1358	2882.706492000
17		41	2882.712070000
17		1358	2882.743879000
17		46	2882.757812000
17		33	2882.771804000
17		1358	2882.786589000
17		41	2882.804382000
17		41	2882.849854000
17		1358	2882.866198000
17		1358	2882.885314000
17		41	2882.895687000
17		41	2882.942479000
17		1358	2882.945373000
17		1358	2882.987395000
17		41	2882.988380000
17		1358	2883.025491000
17		41	2883.034471000
17		41	2883.080437000
17		1358	2883.085237000
17		1358	2883.105672000
17		41	2883.125763000
17		41	2883.171729000
17		1358	2883.177491000
17		1358	2883.185971000
17		41	2883.218039000
17		41	2883.263958000
17		1358	2883.266431000
17		1358	2883.269950000
17		41	2883.309769000
6	68		2883.342676000
17		1358	2883.345980000
17		41	2883.356000000
17		1358	2883.361587000
17		41	2883.402168000
17		1358	2883.425727000
17		41	2883.448510000
17		1358	2883.453117000
17		41	2883.494060000
17		1358	2883.505594000
17		41	2883.540222000
17		1358	2883.545079000
17		1358	2883.569061000
17		41	2883.585876000
6	52		2883.593379000
6	0		2883.593422000
6	0		2883.593440000
6	0		2883.594739000
17		41	2883.632288000
17		1358	2883.633375000
17		1358	2883.637212000
17		41	2883.678134000
17		1358	2883.698520000
17		41	2883.724551000
17		41	2883.724574000
17		1358	2883.729192000
17		1358	2883.760927000
17		41	2883.769757000
17		41	2883.816272000
17		1358	2883.821122000
17		1358	2883.825608000
6	0		2883.838751000
17		41	2883.862485000
17		1358	2883.889249000
17		41	2883.908535000
17		1358	2883.913144000
17		41	2883.954715000
17		1358	2883.995773000
17		41	2884.000309000
17		1358	2884.004919000
17		46	2884.046171000
17		33	2884.072153000
17		705	2884.091739000
17		41	2884.091767000
17		36	2884.092522000
17		1358	2884.097006000
17		1358	2884.098880000
17		74	2884.101408000
17		33	2884.101787000
17		41	2884.138261000
17		1358	2884.172484000
17		41	2884.184165000
17		1358	2884.188910000
17		41	2884.229649000
17		1358	2884.246118000
17		41	2884.276055000
17		1358	2884.281247000
17		1358	2884.320009000
17		41	2884.322091000
17		41	2884.367967000
17		1358	2884.372681000
17		1358	2884.388886000
17		41	2884.414218000
17		41	2884.414242000
17		1358	2884.457424000
17		41	2884.459916000
17		1358	2884.465015000
17		44	2884.506375000
17		46	2884.506402000
17		41	2884.506406000
17		33	2884.519708000
17		1358	2884.527062000
17		33	2884.532317000
17		41	2884.552302000
17		1358	2884.556692000
17		1358	2884.595293000
17		41	2884.598411000
17		41	2884.644448000
17		1358	2884.648914000
17		1358	2884.664582000
17		41	2884.690354000
17		1358	2884.733120000
17		41	2884.736055000
17		1358	2884.740545000
17		41	2884.782035000
17		1358	2884.802290000
17		41	2884.827770000
17		1358	2884.832818000
17		1358	2884.871726000
17		41	2884.874570000
17		41	2884.874591000
17		41	2884.920092000
17		1358	2884.924446000
6	0		2884.940314000
6	0		2884.940378000
17		1358	2884.940718000
17		41	2884.965809000
17		1358	2885.009484000
17		41	2885.011884000
17		1358	2885.016211000
17		41	2885.057952000
6	0		2885.060967000
6	41		2885.066330000
17		1358	2885.077284000
17		41	2885.103941000
17		1358	2885.108046000
17		1358	2885.145991000
17		41	2885.150567000
6	0		2885.186604000
6	21		2885.186640000
6	0		2885.186651000
6	1080		2885.187679000
17		41	2885.196018000
17		1358	2885.200446000
17		1358	2885.215030000
17		41	2885.242561000
17		1358	2885.273442000
17		1358	2885.284278000
17		41	2885.287998000
6	440		2885.308580000
17		41	2885.334538000
17		1358	2885.347112000
6	0		2885.350215000
17		1358	2885.353547000
17		41	2885.380351000
17		1358	2885.420997000
17		1358	2885.422147000
17		41	2885.425680000
6	48		2885.470737000
6	0		2885.470784000
17		41	2885.474667000
6	280		2885.474946000
17		1358	2885.491660000
17		1358	2885.494973000
17		41	2885.517864000
17		1358	2885.559871000
17		41	2885.564408000
17		1358	2885.567858000
6	16		2885.597808000
17		41	2885.610240000
17		1358	2885.628961000
6	0		2885.638225000
17		41	2885.655889000
17		1358	2885.690955000
17		1358	2885.697803000
17		41	2885.702058000
17		41	2885.747886000
6	52		2885.758407000
6	0		2885.758450000
6	52		2885.758554000
17		1358	2885.767079000
17		41	2885.794067000
17		1358	2885.812925000
17		1358	2885.836661000
17		41	2885.839924000
6	116		2885.878835000
17		41	2885.886029000
17		1358	2885.905181000
6	0		2885.922236000
17		46	2885.931756000
17		1358	2885.936323000
17		1358	2885.973810000
17		41	2885.978384000
17		41	2886.023897000
17		1358	2886.028098000
17		1358	2886.043247000
17		41	2886.070522000
17		1358	2886.111685000
17		41	2886.116244000
17		1358	2886.118828000
17		46	2886.161850000
17		33	2886.176315000
17		1358	2886.180735000
17		41	2886.207734000
17		1358	2886.210347000
17		1358	2886.249527000
17		41	2886.253806000
17		41	2886.299893000
17		1358	2886.301907000
17		1358	2886.319094000
17		41	2886.345689000
6	0		2886.382908000
6	0		2886.382977000
17		1358	2886.387873000
17		41	2886.392150000
17		1358	2886.394053000
6	0		2886.422211000
6	12		2886.422496000
17		41	2886.438068000
17		1358	2886.456815000
6	0		2886.461352000
6	12		2886.461381000
6	0		2886.461392000
6	1		2886.461543000
6	4		2886.461562000
6	32		2886.461570000
6	0		2886.461581000
17		41	2886.484503000
17		41	2886.484528000
17		1358	2886.485873000
6	0		2886.500435000
6	0		2886.500474000
6	0		2886.500498000
6	0		2886.500603000
6	0		2886.500616000
17		1358	2886.511682000
17		41	2886.529761000
17		1358	2886.566691000
17		41	2886.576406000
17		1358	2886.576514000
17		1358	2886.621794000
17		41	2886.622260000
17		41	2886.667781000
17		1358	2886.667928000
17		1358	2886.676719000
17		41	2886.713979000
17		1358	2886.732384000
17		1358	2886.759479000
17		41	2886.759915000
17		1358	2886.786638000
17		41	2886.806565000
17		704	2886.843246000
17		1358	2886.851137000
17		41	2886.852759000
17		41	2886.898582000
17		1358	2886.942803000
17		41	2886.944491000
17		41	2886.989763000
17		1358	2887.033971000
17		41	2887.036488000
17		41	2887.036518000
17		41	2887.082125000
17		1358	2887.125821000
17		41	2887.128335000
17		41	2887.173802000
17		1358	2887.217676000
17		41	2887.220308000
17		41	2887.265726000
17		1358	2887.308661000
17		41	2887.312252000
17		41	2887.357790000
17		1358	2887.400061000
17		41	2887.403800000
17		1123	2887.449816000
17		39	2887.450443000
17		155	2887.451193000
17		1353	2887.451204000
17		1358	2887.451248000
17		1358	2887.451252000
17		1358	2887.451255000
17		1358	2887.451259000
17		1358	2887.451262000
17		1358	2887.451266000
17		1358	2887.451269000
17		1358	2887.451272000
17		1358	2887.491808000
17		41	2887.496259000
17		1358	2887.519769000
6	68		2887.528950000
17		41	2887.541756000
17		1358	2887.583292000
17		1358	2887.587342000
17		41	2887.587666000
17		41	2887.634240000
6	52		2887.649414000
6	0		2887.649458000
6	0		2887.649486000
6	0		2887.650778000
17		1358	2887.655067000
17		1358	2887.675225000
17		41	2887.680336000
17		1358	2887.722258000
17		46	2887.726242000
17		33	2887.751654000
17		1358	2887.766280000
6	0		2887.771342000
17		47	2887.772013000
17		41	2887.772033000
17		33	2887.786396000
17		41	2887.818314000
17		1358	2887.820007000
17		1358	2887.858467000
17		41	2887.864543000
17		1358	2887.866051000
17		41	2887.909720000
17		1358	2887.934187000
17		1358	2887.949097000
17		41	2887.956406000
17		41	2888.002361000
17		1358	2888.004131000
17		1358	2888.040758000
17		41	2888.048598000
17		1358	2888.070042000
17		41	2888.094219000
17		1358	2888.131936000
17		1358	2888.137875000
17		41	2888.140491000
17		41	2888.185934000
17		1358	2888.205129000
17		1358	2888.223332000
17		41	2888.232438000
17		1358	2888.273755000
17		41	2888.278359000
17		1358	2888.315146000
17		41	2888.324366000
17		1358	2888.340485000
17		41	2888.370564000
17		1358	2888.406285000
17		1358	2888.409053000
17		41	2888.416266000
17		41	2888.416290000
17		41	2888.462136000
17		1358	2888.475263000
17		1358	2888.497950000
17		41	2888.508529000
17		1358	2888.544015000
17		41	2888.554270000
17		1358	2888.589800000
17		1358	2888.597471000
17		41	2888.599694000
17		41	2888.645818000
17		1358	2888.649596000
17		1358	2888.662637000
17		41	2888.691733000
17		1358	2888.702711000
17		1358	2888.735867000
17		41	2888.737848000
17		1358	2888.755902000
17		41	2888.783854000
17		1358	2888.808975000
17		1358	2888.809477000
17		41	2888.830465000
17		1358	2888.861625000
17		41	2888.876347000
17		1358	2888.881414000
17		1358	2888.914607000
17		41	2888.922348000
17		1358	2888.954850000
17		41	2888.967866000
17		1358	2888.969479000
17		46	2889.014256000
17		41	2889.014281000
17		1358	2889.020547000
17		1358	2889.029388000
17		41	2889.060335000
17		1358	2889.074328000
17		41	2889.105644000
17		1358	2889.127419000
17		1358	2889.150338000
17		41	2889.152292000
17		1358	2889.180425000
17		41	2889.197645000
17		1358	2889.233636000
17		41	2889.243764000
17		1358	2889.271685000
17		1358	2889.286238000
17		41	2889.290836000
17		41	2889.335755000
17		1358	2889.339957000
17		41	2889.382509000
17		1358	2889.393422000
17		1358	2889.393462000
17		41	2889.428185000
17		1358	2889.446167000
17		41	2889.473647000
17		1358	2889.484919000
17		1358	2889.488458000
17		41	2889.520484000
17		41	2889.520513000
17		1358	2889.530954000
17		41	2889.565833000
17		1358	2889.573352000
17		1358	2889.576532000
17		41	2889.612404000
17		1358	2889.615313000
17		41	2889.658570000
17		1358	2889.667883000
17		41	2889.703781000
17		1358	2889.705458000
17		41	2889.750151000
17		1358	2889.751613000
17		1358	2889.759093000
17		41	2889.796529000
17		43	2889.842337000
17		1358	2889.844017000
17		1358	2889.850371000
17		41	2889.888248000
17		43	2889.934217000
17		1358	2889.935804000
17		1358	2889.941914000
17		43	2889.979721000
17		1358	2890.007278000
17		43	2890.026260000
17		46	2890.026287000
17		1358	2890.033139000
17		43	2890.072191000
17		1358	2890.078594000
17		41	2890.118043000
17		1358	2890.124607000
17		1358	2890.133083000
17		43	2890.164462000
17		1358	2890.185882000
17		43	2890.210154000
17		1358	2890.216173000
17		1358	2890.240312000
17		41	2890.255850000
17		43	2890.302545000
17		1358	2890.304176000
17		1358	2890.307734000
17		43	2890.348542000
17		1358	2890.358229000
17		48	2890.393794000
17		1358	2890.399149000
17		33	2890.407526000
17		1358	2890.412499000
17		41	2890.440315000
17		43	2890.485809000
17		1358	2890.487647000
17		1358	2890.490312000
17		41	2890.531660000
17		43	2890.578011000
17		1358	2890.579724000
17		1358	2890.581879000
17		43	2890.624560000
17		1358	2890.634294000
17		41	2890.669910000
17		1358	2890.673631000
17		1358	2890.686775000
17		43	2890.716430000
17		1358	2890.739934000
17		41	2890.761672000
17		1358	2890.765105000
17		43	2890.808065000
17		1358	2890.809585000
17		43	2890.854163000
17		1358	2890.863648000
17		41	2890.899637000
17		1358	2890.899882000
17		43	2890.945815000
17		1358	2890.947370000
17		41	2890.991802000
17		1358	2890.992098000
17		43	2891.038737000
17		1358	2891.040311000
17		43	2891.084010000
17		41	2891.084036000
17		1358	2891.084309000
17		1358	2891.094464000
17		41	2891.130109000
17		43	2891.175871000
17		1358	2891.176760000
17		1358	2891.176801000
17		41	2891.222591000
17		43	2891.268155000
17		1358	2891.268734000
17		1358	2891.269677000
17		43	2891.314149000
17		1358	2891.324297000
17		41	2891.359719000
17		1358	2891.360025000
17		43	2891.405901000
17		1358	2891.406669000
17		43	2891.452304000
17		1358	2891.460989000
17		41	2891.497813000
17		1358	2891.498116000
17		43	2891.544149000
17		1358	2891.545702000
17		41	2891.590547000
17		1358	2891.591034000
17		43	2891.635711000
17		1358	2891.637407000
17		41	2891.682145000
17		1358	2891.682450000
17		1358	2891.690943000
17		43	2891.728538000
17		1358	2891.744270000
17		41	2891.774029000
17		1358	2891.774348000
17		43	2891.820294000
17		1358	2891.821723000
17		41	2891.866148000
17		1358	2891.866514000
17		43	2891.912391000
17		1358	2891.914137000
17		48	2891.957686000
17		1358	2891.967771000
17		41	2892.004076000
17		1358	2892.004406000
17		43	2892.050096000
17		1358	2892.050718000
17		43	2892.095671000
17		1358	2892.096986000
17		43	2892.142251000
17		41	2892.142292000
17		1358	2892.143662000
17		1358	2892.143842000
17		46	2892.188088000
17		33	2892.213633000
17		1358	2892.215983000
17		43	2892.234110000
17		1358	2892.235344000
17		41	2892.279964000
17		1358	2892.289135000
17		43	2892.326650000
17		1358	2892.327717000
17		41	2892.372341000
17		1358	2892.411189000
17		43	2892.418201000
17		1358	2892.418973000
17		41	2892.464177000
17		43	2892.510156000
17		1358	2892.511831000
17		1358	2892.533151000
17		43	2892.556286000
17		1358	2892.583219000
17		41	2892.602226000
17		43	2892.648443000
17		1358	2892.654857000
17		1358	2892.655905000
17		41	2892.694265000
17		1358	2892.726530000
17		43	2892.739973000
17		1358	2892.778377000
17		41	2892.786405000
17		1358	2892.797431000
17		43	2892.831947000
17		1358	2892.851642000
17		1358	2892.869878000
17		41	2892.878361000
17		43	2892.924114000
17		1358	2892.925489000
17		1358	2892.961283000
17		43	2892.970168000
17		1358	2892.979961000
17		41	2893.016199000
17		1358	2893.052978000
17		43	2893.062043000
17		1358	2893.063757000
17		41	2893.107989000
17		1358	2893.145218000
17		43	2893.153942000
17		1358	2893.155726000
17		43	2893.199784000
17		41	2893.199808000
17		1358	2893.210155000
17		1358	2893.236777000
17		43	2893.245767000
17		1358	2893.263366000
17		43	2893.291763000
17		1358	2893.317620000
17		41	2893.337748000
17		1358	2893.338088000
17		43	2893.383863000
17		1358	2893.385569000
17		41	2893.430007000
17		1358	2893.430318000
17		48	2893.475896000
17		1358	2893.477599000
17		41	2893.522264000
17		1358	2893.522606000
17		43	2893.567897000
17		1358	2893.569542000
17		41	2893.614605000
17		43	2893.659648000
17		1358	2893.660881000
17		43	2893.705764000
17		1358	2893.715226000
17		43	2893.752192000
17		41	2893.752220000
17		1358	2893.769230000
17		43	2893.798390000
17		1358	2893.822627000
17		41	2893.844461000
17		43	2893.889741000
17		1358	2893.891634000
17		41	2893.935793000
17		43	2893.981717000
17		1358	2893.983436000
17		43	2894.028011000
17		1358	2894.037067000
17		41	2894.074642000
17		43	2894.120318000
17		1358	2894.121785000
17		41	2894.166236000
17		43	2894.211881000
17		1358	2894.213244000
17		43	2894.258197000
17		46	2894.258222000
17		1358	2894.267715000
17		33	2894.284117000
17		41	2894.304038000
17		1358	2894.304387000
17		43	2894.350062000
17		1358	2894.351662000
17		43	2894.395686000
17		1358	2894.405915000
17		41	2894.442557000
17		1358	2894.442898000
17		43	2894.488502000
17		1358	2894.490733000
6	0		2894.501337000
6	0		2894.501393000
17		43	2894.534250000
6	0		2894.540254000
6	12		2894.540469000
17		1358	2894.544743000
6	0		2894.579288000
6	12		2894.579334000
6	0		2894.579346000
6	1		2894.579488000
6	4		2894.579500000
6	32		2894.579509000
6	0		2894.579520000
17		41	2894.579915000
17		1358	2894.580167000
6	0		2894.618399000
6	0		2894.618439000
6	0		2894.618443000
6	0		2894.618447000
6	0		2894.618458000
17		43	2894.625909000
17		1358	2894.626963000
17		41	2894.672527000
17		1358	2894.672888000
17		43	2894.718250000
17		1358	2894.719637000
17		43	2894.764331000
17		41	2894.764356000
17		1358	2894.764715000
17		1358	2894.765914000
17		43	2894.810627000
17		1358	2894.811945000
17		48	2894.855949000
17		1358	2894.857644000
17		43	2894.901939000
17		1358	2894.903511000
17		43	2894.948078000
17		1358	2894.949868000
17		43	2894.993702000
17		1358	2894.995666000
17		43	2895.039801000
17		1358	2895.041666000
17		764	2895.086424000
17		43	2895.086448000
17		36	2895.087785000
17		76	2895.097762000
17		33	2895.097799000
17		1358	2895.113204000
17		43	2895.131928000
17		43	2895.178258000
17		1358	2895.185151000
17		43	2895.224388000
17		1358	2895.257085000
17		41	2895.270092000
17		1358	2895.270395000
17		43	2895.316081000
17		1358	2895.327069000
17		1358	2895.361970000
17		41	2895.362225000
17		1358	2895.398470000
17		43	2895.408451000
17		1358	2895.453395000
17		43	2895.454544000
17		1358	2895.469109000
17		41	2895.500324000
17		1358	2895.521750000
17		1358	2895.545092000
17		43	2895.546375000
17		1358	2895.574859000
17		41	2895.592584000
17		1358	2895.628018000
17		1358	2895.636711000
17		43	2895.638186000
17		1358	2895.681212000
17		41	2895.683689000
17		1358	2895.728553000
17		43	2895.730477000
17		1358	2895.735588000
17		43	2895.775755000
17		1358	2895.789834000
17		1358	2895.819842000
17		43	2895.821842000
17		1358	2895.843833000
17		43	2895.868277000
17		1358	2895.897849000
17		1358	2895.910881000
17		43	2895.913895000
17		1358	2895.950950000
17		44	2895.960053000
17		43	2895.960078000
17		41	2895.960084000
17		33	2895.986000000
17		1358	2896.002020000
17		1358	2896.004206000
17		48	2896.005882000
17		33	2896.019581000
17		43	2896.052367000
17		1358	2896.056779000
17		1358	2896.093309000
17		43	2896.098308000
17		1358	2896.110847000
17		41	2896.144352000
17		1358	2896.163397000
17		1358	2896.185106000
17		43	2896.190259000
17		1358	2896.216555000
17		41	2896.236020000
17		1358	2896.257833000
17		1358	2896.270128000
17		43	2896.281764000
17		1358	2896.322802000
17		41	2896.327905000
17		1358	2896.331700000
17		43	2896.373997000
17		1358	2896.375506000
17		1358	2896.404298000
17		43	2896.420139000
17		41	2896.420167000
17		1358	2896.429556000
17		43	2896.465974000
17		1358	2896.477459000
17		1358	2896.484542000
17		43	2896.512468000
17		1358	2896.537965000
17		1358	2896.550369000
17		41	2896.558447000
17		43	2896.603873000
17		1358	2896.605444000
17		1358	2896.623703000
17		41	2896.650484000
17		43	2896.695994000
17		1358	2896.696720000
17		1358	2896.697537000
17		43	2896.742140000
17		1358	2896.751094000
17		1358	2896.770366000
17		41	2896.788049000
17		43	2896.834511000
17		1358	2896.836107000
17		1358	2896.843309000
17		43	2896.880562000
17		1358	2896.890389000
17		1358	2896.916794000
17		41	2896.926236000
17		43	2896.972347000
17		41	2896.972369000
17		1358	2896.973371000
17		1358	2896.989227000
17		43	2897.018367000
17		1358	2897.027082000
17		1358	2897.062579000
17		43	2897.064369000
17		1358	2897.081948000
17		46	2897.110064000
17		1358	2897.135889000
17		43	2897.156103000
17		1358	2897.157664000
17		43	2897.201957000
17		1358	2897.212300000
17		41	2897.247714000
17		1358	2897.257420000
17		43	2897.294392000
17		1358	2897.296242000
17		41	2897.340377000
17		1358	2897.379361000
17		48	2897.386522000
17		1358	2897.388389000
17		43	2897.432462000
17		1358	2897.434046000
17		41	2897.478680000
17		1358	2897.501207000
17		43	2897.524845000
17		41	2897.524867000
17		1358	2897.525829000
17		43	2897.570450000
17		1358	2897.571812000
17		41	2897.616382000
17		1358	2897.623642000
17		43	2897.662153000
17		1358	2897.663742000
17		43	2897.707769000
17		1358	2897.708670000
17		1358	2897.745242000
17		41	2897.753668000
17		43	2897.800428000
17		41	2897.845704000
17		1358	2897.867454000
17		41	2897.891769000
17		43	2897.937770000
17		43	2897.983720000
17		1358	2897.989498000
17		43	2898.030053000
17		41	2898.030082000
17		41	2898.075648000
17		1358	2898.110434000
17		43	2898.121946000
17		41	2898.168438000
17		1358	2898.202596000
17		43	2898.213743000
17		41	2898.260512000
17		1358	2898.294044000
17		43	2898.305830000
17		41	2898.352333000
17		1358	2898.385192000
17		43	2898.398370000
17		41	2898.444201000
17		1358	2898.476505000
17		43	2898.490506000
17		43	2898.535836000
17		1358	2898.567800000
17		43	2898.582395000
17		41	2898.582422000
17		41	2898.627911000
17		1358	2898.659340000
17		43	2898.674101000
17		43	2898.720451000
17		1358	2898.721523000
17		1358	2898.751307000
17		41	2898.766442000
17		43	2898.812503000
17		1358	2898.814119000
17		1358	2898.842154000
17		48	2898.857953000
17		1358	2898.868162000
17		41	2898.904152000
17		1358	2898.933230000
17		43	2898.950243000
17		1358	2898.950776000
17		43	2898.996341000
17		1358	2899.004872000
17		1358	2899.024706000
17		41	2899.042021000
17		46	2899.087945000
17		33	2899.113832000
17		1358	2899.115943000
17		41	2899.134083000
17		41	2899.179982000
17		1358	2899.207467000
17		41	2899.226073000
17		41	2899.272494000
17		1358	2899.298789000
17		41	2899.318592000
17		41	2899.364342000
17		1358	2899.390225000
17		41	2899.409788000
17		43	2899.456301000
17		1358	2899.457756000
17		1358	2899.482023000
17		41	2899.502820000
17		1358	2899.511261000
17		43	2899.548462000
17		1358	2899.564864000
17		1358	2899.573993000
17		43	2899.593792000
17		41	2899.593820000
17		1358	2899.617358000
17		41	2899.640006000
17		1358	2899.666085000
17		1358	2899.670792000
17		43	2899.686578000
17		1358	2899.724402000
17		43	2899.732137000
17		1358	2899.757582000
17		1358	2899.777289000
17		41	2899.778529000
17		1171	2899.823973000
17		41	2899.823998000
17		36	2899.824922000
17		1358	2899.830461000
17		108	2899.836317000
17		223	2899.836361000
17		1358	2899.849859000
17		41	2899.869865000
17		1358	2899.883448000
17		41	2899.915786000
17		1358	2899.936957000
17		1358	2899.942079000
17		41	2899.961608000
17		1358	2899.990024000
17		43	2900.008534000
17		1358	2900.032836000
17		1358	2900.042875000
17		41	2900.054117000
17		1358	2900.095895000
17		43	2900.100201000
17		1358	2900.124187000
17		43	2900.146437000
17		41	2900.146460000
17		1358	2900.148012000
17		43	2900.192286000
17		1358	2900.202458000
17		1358	2900.215697000
17		41	2900.238008000
17		1358	2900.255465000
17		43	2900.284219000
17		1358	2900.308061000
17		1358	2900.308462000
17		43	2900.329789000
17		1358	2900.361536000
17		41	2900.376500000
17		1358	2900.398285000
17		1358	2900.414586000
17		43	2900.422157000
17		41	2900.422229000
17		44	2900.468214000
17		43	2900.468236000
17		1358	2900.468238000
17		41	2900.468243000
17		1358	2900.490563000
17		33	2900.494055000
17		46	2900.513859000
17		1358	2900.520853000
17		33	2900.539210000
17		43	2900.560267000
17		1358	2900.574454000
17		1358	2900.581173000
17		43	2900.605974000
17		1358	2900.627570000
17		41	2900.652358000
17		1358	2900.673046000
17		1358	2900.680156000
17		43	2900.698000000
17		1358	2900.733480000
17		41	2900.744105000
17		1358	2900.764306000
17		1358	2900.785744000
17		43	2900.789706000
17		48	2900.836114000
17		41	2900.836135000
17		1358	2900.837671000
17		1358	2900.855129000
17		43	2900.881780000
17		1358	2900.895352000
17		43	2900.928229000
17		1358	2900.946481000
17		1358	2900.952728000
17		41	2900.974225000
17		1358	2901.009790000
17		43	2901.020008000
17		1358	2901.038129000
17		41	2901.065816000
17		1358	2901.065996000
17		43	2901.111681000
17		1358	2901.123112000
17		1358	2901.129185000
17		43	2901.158020000
17		1358	2901.168838000
17		41	2901.204213000
17		1358	2901.214646000
17		1358	2901.220555000
17		43	2901.250225000
17		1358	2901.259007000
17		43	2901.295750000
17		1358	2901.304495000
17		1358	2901.312270000
17		41	2901.342022000
17		1358	2901.350049000
17		43	2901.388415000
17		1358	2901.396701000
17		1358	2901.403460000
17		41	2901.434027000
17		1358	2901.440647000
17		43	2901.479650000
17		1358	2901.486363000
17		1358	2901.495491000
17		41	2901.525655000
17		1358	2901.531858000
17		43	2901.571809000
17		1358	2901.577294000
17		1358	2901.586062000
17		43	2901.618506000
17		1358	2901.622502000
17		41	2901.664172000
17		1358	2901.667979000
17		1358	2901.677564000
17		43	2901.710325000
17		1358	2901.711932000
17		43	2901.755834000
17		1358	2901.768998000
17		1358	2901.789528000
17		41	2901.801803000
17		43	2901.847788000
17		1358	2901.860579000
17		1358	2901.866321000
17		41	2901.894581000
17		43	2901.940557000
17		1358	2901.942230000
17		1358	2901.951393000
17		41	2901.986520000
17		1358	2902.016964000
17		43	2902.031675000
17		1358	2902.043149000
17		43	2902.078146000
17		1358	2902.092744000
17		41	2902.124436000
17		1358	2902.134096000
17		1358	2902.169167000
17		43	2902.170086000
17		43	2902.216329000
17		1358	2902.226347000
17		1358	2902.244450000
17		41	2902.262244000
17		48	2902.307739000
17		1358	2902.317477000
17		1358	2902.319883000
17		43	2902.353712000
17		1358	2902.376183000
17		1358	2902.389809000
17		41	2902.399829000
17		1358	2902.433166000
17		43	2902.446060000
17		1358	2902.463828000
17		1358	2902.490870000
17		41	2902.491993000
17		1358	2902.536976000
17		43	2902.538039000
17		1358	2902.546753000
17		43	2902.584356000
17		1358	2902.604128000
17		1358	2902.610127000
6	0		2902.619455000
6	0		2902.619508000
17		41	2902.630138000
6	0		2902.658814000
6	12		2902.659052000
17		1358	2902.660906000
17		43	2902.676440000
17		1358	2902.682793000
6	0		2902.698289000
6	12		2902.698321000
6	0		2902.698332000
6	1		2902.698489000
6	4		2902.698507000
6	32		2902.698515000
6	0		2902.698527000
17		1358	2902.717539000
17		43	2902.721917000
6	0		2902.737723000
6	0		2902.737771000
6	0		2902.737792000
6	0		2902.737807000
17		1358	2902.756012000
17		41	2902.768506000
17		1358	2902.774327000
17		43	2902.814353000
17		1358	2902.828460000
17		1358	2902.831685000
17		43	2902.860343000
17		1358	2902.888739000
17		1358	2902.901839000
17		46	2902.905650000
17		33	2902.931024000
17		1358	2902.944567000
17		43	2902.952228000
17		41	2902.952254000
17		1358	2902.974575000
17		43	2902.997796000
17		1358	2903.001157000
17		41	2903.043702000
17		1358	2903.058235000
17		43	2903.090262000
17		1358	2903.096732000
17		1358	2903.114677000
17		43	2903.136408000
17		1358	2903.172051000
17		41	2903.181726000
17		1358	2903.218322000
17		43	2903.228166000
17		1358	2903.229195000
17		41	2903.274376000
17		1358	2903.285714000
17		43	2903.320543000
17		1358	2903.340082000
17		1358	2903.341939000
17		41	2903.366056000
17		1358	2903.399271000
17		43	2903.412083000
17		1358	2903.455724000
17		41	2903.458652000
17		1358	2903.462089000
17		43	2903.504285000
17		41	2903.504311000
17		1358	2903.513094000
17		43	2903.549724000
17		1358	2903.569570000
17		1358	2903.583774000
17		43	2903.596150000
17		1358	2903.626987000
17		41	2903.641659000
17		1358	2903.675777000
17		1358	2903.683387000
17		43	2903.688110000
17		41	2903.734259000
17		1358	2903.740336000
17		1358	2903.766687000
17		48	2903.779861000
17		33	2903.794321000
17		1358	2903.798155000
17		41	2903.825674000
17		1358	2903.857960000
17		43	2903.872561000
17		1358	2903.874144000
17		43	2903.918110000
17		1358	2903.932606000
17		1358	2903.948996000
17		41	2903.963940000
17		43	2904.009687000
17		41	2904.009713000
17		1358	2904.011307000
17		1358	2904.040748000
17		43	2904.056220000
17		1358	2904.069328000
17		41	2904.101820000
17		1358	2904.132049000
17		43	2904.148452000
17		1358	2904.149947000
17		41	2904.193977000
17		1358	2904.223643000
17		43	2904.239972000
17		1358	2904.241523000
17		43	2904.285944000
17		1358	2904.299832000
17		1358	2904.314558000
17		41	2904.332559000
17		43	2904.378203000
17		1358	2904.379780000
17		1358	2904.406414000
17		41	2904.424652000
17		43	2904.469977000
17		1358	2904.471710000
17		1358	2904.497754000
17		43	2904.516019000
17		1358	2904.529681000
17		43	2904.562480000
17		41	2904.562507000
17		1358	2904.587637000
17		1358	2904.588592000
17		43	2904.608109000
17		1358	2904.644762000
17		41	2904.654739000
17		1358	2904.680050000
17		43	2904.699786000
17		1358	2904.701100000
17		43	2904.746371000
17		1358	2904.759485000
17		1358	2904.771252000
17		41	2904.792073000
17		43	2904.838428000
17		1358	2904.839588000
17		1358	2904.862775000
17		43	2904.883863000
17		1358	2904.896439000
17		43	2904.929863000
17		1358	2904.953509000
17		1358	2904.954478000
17		46	2904.976345000
17		33	2905.001694000
17		43	2905.022562000
17		1358	2905.023805000
17		1358	2905.045520000
17		43	2905.068259000
17		41	2905.068285000
17		1358	2905.081556000
17		48	2905.113651000
17		33	2905.127744000
17		1358	2905.136730000
17		1358	2905.138912000
17		41	2905.160460000
17		43	2905.206086000
17		1358	2905.207176000
17		1358	2905.228234000
17		43	2905.252090000
17		1358	2905.264661000
17		41	2905.298257000
17		1358	2905.319352000
17		43	2905.343962000
17		1358	2905.345627000
17		41	2905.390570000
17		1358	2905.410728000
17		43	2905.435876000
17		1358	2905.437516000
17		43	2905.481842000
17		1358	2905.495133000
17		1358	2905.502762000
17		41	2905.527710000
17		43	2905.574125000
17		1358	2905.575580000
17		1358	2905.594100000
6	0		2905.599747000
6	0		2905.599825000
17		43	2905.619850000
17		41	2905.619873000
17		1358	2905.633711000
17		41	2905.666075000
17		1358	2905.684864000
17		43	2905.711881000
17		1358	2905.713766000
17		41	2905.757927000
17		1358	2905.776494000
17		43	2905.803875000
17		1358	2905.805430000
17		43	2905.850548000
17		1358	2905.851927000
17		1358	2905.867452000
17		41	2905.896438000
17		43	2905.941632000
17		1358	2905.943225000
17		1358	2905.958976000
17		41	2905.987654000
17		43	2906.034169000
17		1358	2906.035771000
17		1358	2906.051017000
17		41	2906.080044000
17		43	2906.126259000
17		1358	2906.127877000
17		1358	2906.141880000
17		41	2906.172294000
17		1358	2906.173469000
17		43	2906.218060000
17		462	2906.220048000
17		1358	2906.232956000
17		41	2906.264362000
17		43	2906.310123000
17		1358	2906.324324000
17		43	2906.356016000
17		41	2906.402296000
17		1358	2906.415656000
17		43	2906.447766000
17		41	2906.494581000
17		1358	2906.508010000
17		43	2906.540469000
17		41	2906.540492000
17		34	2906.540772000
17		43	2906.586428000
17		1358	2906.598728000
17		41	2906.632156000
17		48	2906.678624000
17		41	2906.678644000
17		1358	2906.690730000
17		33	2906.692585000
17		43	2906.724432000
17		41	2906.770584000
17		1358	2906.781254000
17		43	2906.816077000
17		43	2906.862484000
17		1358	2906.872473000
17		41	2906.908243000
17		43	2906.954014000
17		1358	2906.963754000
17		41	2906.999757000
17		43	2907.046028000
17		1358	2907.055267000
17		41	2907.091828000
17		43	2907.138463000
17		1358	2907.146907000
17		43	2907.184526000
17		43	2907.230007000
17		41	2907.230051000
17		1358	2907.238737000
17		41	2907.276081000
17		1358	2907.311770000
17		43	2907.321825000
17		41	2907.367826000
17		1358	2907.384408000
17		43	2907.414143000
17		1358	2907.457559000
17		41	2907.460420000
17		43	2907.506196000
17		1358	2907.530751000
17		43	2907.552275000
17		41	2907.597924000
17		1358	2907.603691000
17		43	2907.643740000
17		1358	2907.676484000
17		41	2907.690592000
17		43	2907.736060000
17		41	2907.736085000
17		1358	2907.749624000
17		43	2907.781855000
17		1358	2907.822898000
17		41	2907.827725000
17		43	2907.874262000
17		1358	2907.896570000
17		1034	2907.920252000
17		41	2907.920276000
17		39	2907.920901000
17		154	2907.921580000
17		1353	2907.921599000
17		1358	2907.921604000
17		1358	2907.921608000
17		1358	2907.921650000
17		1358	2907.921658000
17		1358	2907.921661000
17		1358	2907.921665000
17		1358	2907.921668000
17		1358	2907.921671000
17		41	2907.966584000
17		1358	2907.979274000
17		41	2908.011612000
17		1358	2908.018577000
17		1358	2908.036145000
17		41	2908.058259000
17		1358	2908.092794000
17		41	2908.104081000
17		1358	2908.140491000
17		1358	2908.150326000
17		46	2908.150406000
17		33	2908.175994000
17		41	2908.195648000
17		1358	2908.206709000
17		41	2908.241918000
17		1358	2908.262293000
17		1358	2908.263392000
17		41	2908.288540000
17		1358	2908.320272000
17		41	2908.334471000
17		1358	2908.377367000
17		41	2908.380276000
17		1358	2908.384183000
17		41	2908.426374000
17		1358	2908.434041000
17		41	2908.472585000
17		1358	2908.491068000
17		1358	2908.506652000
17		41	2908.518107000
17		1358	2908.547415000
17		41	2908.564570000
17		1358	2908.595693000
17		1358	2908.604272000
17		41	2908.610350000
17		41	2908.656327000
17		1358	2908.661145000
17		1358	2908.682968000
17		41	2908.702242000
17		1358	2908.718576000
17		41	2908.747893000
17		1358	2908.769149000
17		49	2908.794284000
17		41	2908.794307000
17		33	2908.807608000
17		43	2908.840410000
17		1358	2908.841981000
17		1358	2908.854016000
17		43	2908.885646000
17		43	2908.932099000
17		1358	2908.937065000
17		43	2908.978265000
17		1358	2908.979881000
17		1358	2909.020719000
17		43	2909.024456000
17		1358	2909.038300000
17		43	2909.069991000
17		1358	2909.095777000
17		1358	2909.104505000
17		43	2909.116423000
17		1358	2909.152411000
17		43	2909.162539000
17		1358	2909.188083000
17		43	2909.208504000
17		1358	2909.209789000
17		41	2909.254100000
17		1358	2909.266373000
17		1358	2909.271947000
17		43	2909.300009000
17		1358	2909.323215000
17		43	2909.345987000
17		1358	2909.355137000
17		1358	2909.380305000
17		41	2909.392549000
17		1358	2909.437031000
17		43	2909.438522000
17		1358	2909.439199000
17		43	2909.484243000
6	0		2909.490651000
6	0		2909.490699000
17		1358	2909.493400000
6	0		2909.512481000
17		1358	2909.522126000
17		41	2909.530188000
17		1358	2909.551191000
17		43	2909.576239000
17		1358	2909.606409000
17		1358	2909.607726000
17		43	2909.622230000
17		1358	2909.664284000
17		41	2909.667937000
17		1358	2909.689627000
17		43	2909.714470000
17		1358	2909.721118000
17		43	2909.759967000
17		1358	2909.773332000
17		1358	2909.778432000
17		41	2909.806248000
17		1358	2909.835595000
17		43	2909.851683000
17		1358	2909.856258000
17		1358	2909.891346000
17		46	2909.897833000
17		33	2909.923395000
17		1358	2909.940259000
17		43	2909.944485000
17		1358	2909.948169000
17		48	2909.990391000
17		33	2910.004244000
17		1358	2910.004279000
17		1358	2910.023552000
17		41	2910.036139000
17		1358	2910.061186000
17		43	2910.081888000
17		41	2910.128131000
17		43	2910.174579000
17		41	2910.174603000
17		41	2910.220419000
17		43	2910.265869000
17		41	2910.312560000
17		43	2910.357929000
17		43	2910.403719000
17		41	2910.450032000
17		43	2910.496505000
17		41	2910.542367000
17		43	2910.588145000
17		43	2910.633916000
17		41	2910.679794000
17		43	2910.726712000
17		41	2910.726742000
17		43	2910.772792000
17		43	2910.818442000
17		41	2910.864243000
17		43	2910.910198000
17		41	2910.956490000
17		43	2911.002035000
17		41	2911.047819000
17		43	2911.094162000
17		43	2911.140152000
17		41	2911.186111000
17		1358	2911.186482000
17		43	2911.232527000
17		41	2911.232549000
17		1358	2911.232827000
17		43	2911.278515000
17		43	2911.324125000
17		1358	2911.324963000
17		41	2911.369940000
17		1358	2911.370295000
17		43	2911.416554000
17		1358	2911.418204000
17		41	2911.462393000
17		1358	2911.462682000
17		48	2911.508475000
17		1358	2911.509762000
17		43	2911.553893000
17		1358	2911.568725000
17		41	2911.599651000
17		1358	2911.600026000
17		43	2911.645960000
17		1358	2911.647868000
17		41	2911.691918000
17		1358	2911.692233000
17		41	2911.737767000
17		1358	2911.776305000
17		43	2911.783725000
17		46	2911.783747000
17		1358	2911.785262000
17		33	2911.809354000
17		43	2911.830511000
17		1358	2911.844522000
17		1358	2911.859396000
17		41	2911.876260000
17		1358	2911.902042000
17		43	2911.922518000
17		1358	2911.943595000
17		1358	2911.959875000
17		43	2911.968130000
17		41	2912.013757000
17		1358	2912.017567000
17		1358	2912.026553000
17		43	2912.060059000
17		1358	2912.076620000
17		41	2912.106390000
17		1358	2912.110797000
17		1358	2912.133906000
17		41	2912.152049000
17		1358	2912.191822000
17		1358	2912.194334000
17		43	2912.198241000
17		43	2912.244284000
17		1358	2912.249949000
17		1358	2912.277286000
17		41	2912.290359000
17		1358	2912.309014000
17		43	2912.335751000
17		41	2912.335775000
17		1358	2912.361112000
17		1358	2912.366061000
17		43	2912.382054000
17		1358	2912.423978000
17		43	2912.428109000
17		1358	2912.444541000
17		41	2912.473833000
17		1358	2912.481617000
17		43	2912.519937000
17		1358	2912.528236000
17		1358	2912.540340000
17		41	2912.566702000
17		1358	2912.598192000
17		1358	2912.611467000
17		43	2912.611655000
17		1358	2912.656465000
17		43	2912.657677000
17		1358	2912.695490000
17		41	2912.704439000
17		1358	2912.713802000
17		43	2912.749784000
17		1358	2912.771777000
17		1358	2912.779742000
17		41	2912.795730000
17		1358	2912.830459000
17		43	2912.842100000
17		41	2912.842121000
17		1358	2912.862367000
17		43	2912.888510000
17		1358	2912.888531000
17		43	2912.934540000
17		1358	2912.945753000
17		1358	2912.945923000
17		41	2912.980560000
17		1358	2913.004437000
17		48	2913.026161000
17		1358	2913.029286000
17		33	2913.039915000
17		1358	2913.062271000
17		41	2913.071663000
17		1358	2913.113078000
17		43	2913.118654000
17		1358	2913.120201000
17		43	2913.164698000
17		1358	2913.178726000
17		1358	2913.196928000
17		41	2913.210199000
17		1358	2913.236122000
17		43	2913.256219000
17		1358	2913.280586000
17		1358	2913.294407000
17		41	2913.302089000
17		43	2913.348150000
17		1358	2913.352196000
17		1358	2913.363481000
17		43	2913.394018000
17		41	2913.394042000
17		1358	2913.410166000
17		43	2913.440767000
17		1358	2913.448026000
17		1358	2913.467832000
17		41	2913.486265000
17		1358	2913.513880000
17		1358	2913.514675000
17		43	2913.532248000
17		1358	2913.561914000
17		41	2913.577678000
17		1358	2913.581124000
17		1358	2913.608187000
17		43	2913.623957000
17		1358	2913.647601000
17		1358	2913.653482000
17		43	2913.670513000
17		1358	2913.699879000
17		1358	2913.714477000
17		41	2913.715686000
17		1358	2913.746686000
17		43	2913.762312000
17		1358	2913.781290000
17		1358	2913.793004000
17		46	2913.808688000
17		33	2913.834722000
17		1358	2913.840486000
17		1358	2913.848440000
17		43	2913.854246000
17		1358	2913.885672000
17		43	2913.900438000
17		41	2913.900462000
17		43	2913.945946000
17		1358	2913.960094000
17		1358	2913.963300000
17		41	2913.991948000
17		43	2914.038220000
17		1358	2914.039772000
17		1358	2914.071058000
17		43	2914.084451000
17		1358	2914.118173000
17		41	2914.129926000
17		43	2914.175674000
17		1358	2914.182518000
17		1358	2914.194783000
17		41	2914.222207000
17		43	2914.268102000
17		1358	2914.272309000
17		1358	2914.293709000
17		41	2914.313925000
17		1358	2914.331662000
17		43	2914.359861000
17		1358	2914.377396000
17		1358	2914.388697000
17		43	2914.405646000
17		1358	2914.446516000
17		48	2914.452296000
17		41	2914.452320000
17		1358	2914.461235000
17		33	2914.466489000
17		41	2914.498485000
17		1358	2914.504236000
17		43	2914.543807000
17		1358	2914.545130000
17		1358	2914.562800000
17		43	2914.590265000
17		1358	2914.620702000
17		1358	2914.627971000
17		41	2914.635800000
17		1358	2914.678853000
17		43	2914.682251000
17		1358	2914.712222000
17		41	2914.727838000
17		1358	2914.736689000
17		43	2914.774706000
17		1358	2914.794421000
17		1358	2914.795479000
17		43	2914.820087000
17		1191	2914.853600000
17		41	2914.866384000
17		1358	2914.878707000
17		43	2914.911833000
17		41	2914.957657000
17		1358	2914.962278000
17		43	2915.004185000
17		1358	2915.045930000
17		41	2915.050591000
17		654	2915.095747000
17		43	2915.095791000
17		36	2915.097899000
17		77	2915.105829000
17		33	2915.105864000
17		1358	2915.129594000
17		41	2915.141738000
17		43	2915.187836000
17		1358	2915.213682000
17		43	2915.233965000
17		41	2915.279677000
17		1358	2915.297246000
17		43	2915.325894000
17		41	2915.372196000
17		1358	2915.380236000
17		43	2915.418032000
17		1358	2915.463668000
17		43	2915.464457000
17		43	2915.510033000
17		41	2915.510062000
17		1358	2915.547565000
17		41	2915.555825000
17		43	2915.601993000
17		1358	2915.631321000
17		43	2915.648196000
17		41	2915.694470000
17		1358	2915.714500000
17		43	2915.740489000
17		41	2915.785724000
17		1358	2915.798928000
17		43	2915.832240000
17		43	2915.878187000
17		1358	2915.882200000
17		46	2915.923688000
17		33	2915.949384000
17		1358	2915.965044000
17		1125	2915.970601000
17		41	2915.970637000
17		39	2915.971258000
17		1358	2915.973091000
17		1358	2915.973113000
17		1358	2915.973117000
17		1358	2915.973122000
17		1358	2915.973127000
17		1358	2915.973131000
17		1358	2915.973136000
17		1358	2915.973141000
17		1358	2915.973146000
17		1358	2915.973150000
17		41	2916.016065000
17		1358	2916.032643000
17		1358	2916.048871000
17		44	2916.062537000
17		41	2916.062567000
17		41	2916.062575000
17		33	2916.087971000
17		1358	2916.089752000
17		41	2916.107970000
17		1358	2916.132804000
17		1358	2916.148082000
17		41	2916.153729000
17		41	2916.200053000
17		1358	2916.205576000
17		1358	2916.216280000
17		41	2916.246096000
17		1358	2916.264400000
17		1358	2916.300042000
17		41	2916.300628000
17		1358	2916.321980000
17		41	2916.338676000
17		1358	2916.379478000
17		1358	2916.383647000
17		41	2916.384078000
17		41	2916.430006000
17		1358	2916.437690000
17		1358	2916.466367000
17		41	2916.476405000
17		41	2916.522263000
17		1358	2916.550190000
17		43	2916.568051000
17		41	2916.568082000
17		49	2916.614575000
17		43	2916.614605000
17		1358	2916.616124000
17		1358	2916.633494000
17		43	2916.660540000
17		1358	2916.675445000
17		43	2916.706324000
17		1358	2916.717239000
17		1358	2916.733707000
17		43	2916.751736000
17		1358	2916.791328000
17		43	2916.797891000
17		1358	2916.800759000
17		43	2916.843605000
17		1358	2916.848816000
17		1358	2916.884082000
17		43	2916.889768000
17		1358	2916.907303000
17		43	2916.936496000
17		1358	2916.964979000
17		1358	2916.967764000
17		43	2916.982432000
17		1358	2917.023455000
17		43	2917.027967000
17		1358	2917.051503000
17		1358	2917.069607000
17		41	2917.074565000
17		1358	2917.115808000
17		43	2917.119884000
17		1358	2917.134727000
17		1358	2917.161685000
17		43	2917.165605000
17		41	2917.165631000
17		1358	2917.201486000
17		1358	2917.208221000
17		43	2917.211745000
17		1358	2917.255266000
17		41	2917.258141000
17		1358	2917.268179000
17		1358	2917.301547000
17		43	2917.304266000
17		1358	2917.335021000
17		1358	2917.348675000
17		41	2917.350522000
17		43	2917.396187000
17		1358	2917.397527000
17		1358	2917.402811000
17		43	2917.442268000
17		1358	2917.469049000
17		1358	2917.476061000
17		41	2917.488127000
17		43	2917.534310000
17		1358	2917.535676000
17		1358	2917.554026000
17		46	2917.580088000
17		33	2917.605530000
17		41	2917.626146000
17		1358	2917.647654000
17		43	2917.672072000
17		1358	2917.673682000
17		43	2917.718234000
17		41	2917.718256000
17		1358	2917.751517000
17		1358	2917.758423000
17		41	2917.763804000
17		48	2917.810566000
17		33	2917.824990000
17		1358	2917.829845000
17		43	2917.855823000
17		1358	2917.870686000
17		1358	2917.889380000
17		41	2917.901886000
17		43	2917.947747000
17		1358	2917.949510000
17		1358	2917.981216000
17		41	2917.994713000
17		43	2918.040380000
17		1358	2918.041478000
17		1358	2918.064794000
17		43	2918.086539000
17		1358	2918.100515000
17		41	2918.131733000
17		1358	2918.148358000
17		43	2918.178127000
17		1358	2918.180252000
17		43	2918.223721000
17		41	2918.223777000
17		1358	2918.231707000
17		1358	2918.239088000
17		43	2918.270622000
17		1358	2918.297870000
17		1358	2918.315378000
17		41	2918.316075000
17		43	2918.361721000
17		1358	2918.363015000
17		1358	2918.399196000
17		41	2918.408720000
17		43	2918.454546000
17		1358	2918.455536000
17		1358	2918.482884000
17		43	2918.499722000
17		1358	2918.514405000
17		45	2918.545660000
17		1358	2918.566233000
17		43	2918.591635000
17		1358	2918.593220000
17		41	2918.638190000
17		1358	2918.649719000
17		43	2918.683925000
17		1358	2918.685697000
17		43	2918.730339000
17		41	2918.730363000
17		1358	2918.732891000
17		1358	2918.744173000
17		41	2918.775755000
17		1358	2918.817143000
17		43	2918.821949000
17		1358	2918.823543000
17		41	2918.868144000
17		1358	2918.900848000
17		43	2918.913984000
17		1358	2918.915637000
17		41	2918.960147000
17		1358	2918.984398000
17		43	2919.006227000
17		1358	2919.007858000
17		43	2919.051826000
17		1358	2919.067314000
17		1358	2919.067419000
17		41	2919.097981000
17		43	2919.144611000
17		1358	2919.146280000
17		1358	2919.151368000
17		41	2919.190069000
17		1358	2919.235046000
17		43	2919.235741000
17		1358	2919.236320000
17		48	2919.282523000
17		41	2919.282546000
17		1358	2919.295677000
17		1358	2919.318201000
17		43	2919.327808000
17		1358	2919.353899000
17		41	2919.374384000
17		1358	2919.401282000
17		43	2919.420249000
17		1358	2919.421858000
17		41	2919.466328000
17		1358	2919.484937000
17		43	2919.512252000
17		1358	2919.513297000
17		41	2919.557950000
17		1358	2919.568608000
17		43	2919.603829000
17		1358	2919.605466000
17		43	2919.649770000
17		1358	2919.652237000
17		1358	2919.664541000
17		41	2919.695873000
17		1358	2919.736008000
17		43	2919.741947000
17		1358	2919.743909000
17		41	2919.787923000
17		1358	2919.819858000
17		43	2919.834582000
17		41	2919.834607000
17		1358	2919.836183000
17		43	2919.880207000
17		1358	2919.894566000
17		1358	2919.904093000
17		41	2919.926632000
17		43	2919.972351000
17		1358	2919.973960000
17		1358	2919.988120000
17		41	2920.018257000
17		43	2920.064264000
17		1358	2920.065309000
17		1358	2920.071990000
17		41	2920.110101000
17		43	2920.155993000
17		1358	2920.156065000
17		1358	2920.157514000
17		41	2920.201843000
17		1358	2920.240067000
17		43	2920.247837000
17		1358	2920.249355000
17		41	2920.294087000
17		1358	2920.323922000
17		43	2920.339956000
17		46	2920.339980000
17		1358	2920.341524000
17		33	2920.365539000
17		43	2920.386303000
17		1358	2920.401227000
17		1358	2920.407544000
17		43	2920.432212000
17		1358	2920.460968000
17		41	2920.477648000
17		1358	2920.491171000
17		43	2920.524171000
17		1358	2920.525335000
17		41	2920.570276000
17		1358	2920.574869000
17		41	2920.616458000
17		1358	2920.642159000
17		43	2920.662159000
17		1358	2920.663687000
17		43	2920.708297000
17		1358	2920.709848000
17		41	2920.753895000
17		1358	2920.754225000
17		43	2920.800205000
17		1358	2920.801751000
17		48	2920.845828000
17		41	2920.845850000
17		1358	2920.846111000
17		1358	2920.847317000
17		41	2920.891912000
17		1358	2920.913150000
17		43	2920.937801000
17		1358	2920.939556000
17		41	2920.984136000
17		1358	2920.984429000
17		43	2921.029672000
17		1358	2921.031165000
17		41	2921.076390000
17		1358	2921.095899000
17		43	2921.122524000
17		1358	2921.123814000
17		41	2921.168358000
17		1358	2921.207640000
17		43	2921.214247000
17		1358	2921.215786000
17		41	2921.259734000
17		43	2921.305819000
17		1358	2921.307359000
17		1358	2921.319113000
17		43	2921.351988000
17		1358	2921.386521000
17		43	2921.398487000
17		41	2921.398515000
17		1358	2921.430986000
17		41	2921.443939000
17		1358	2921.445419000
17		43	2921.490275000
17		1358	2921.504817000
17		1358	2921.514664000
17		41	2921.536475000
17		41	2921.581909000
17		1358	2921.599246000
17		43	2921.628242000
17		1358	2921.629812000
17		41	2921.674249000
17		1358	2921.682834000
17		43	2921.720311000
17		1358	2921.721490000
17		41	2921.765838000
17		1358	2921.766200000
17		43	2921.811940000
17		1358	2921.813478000
17		1358	2921.850301000
17		43	2921.858247000
17		41	2921.904311000
17		1358	2921.933609000
17		43	2921.949882000
17		41	2921.949907000
17		1358	2921.951414000
17		43	2921.995892000
17		1358	2922.017341000
17		41	2922.042257000
17		46	2922.088319000
17		1358	2922.101339000
17		43	2922.133680000
17		43	2922.180507000
17		1358	2922.185139000
17		41	2922.226748000
17		43	2922.272354000
17		41	2922.318228000
17		43	2922.363743000
17		41	2922.410672000
17		43	2922.456258000
17		41	2922.456291000
17		48	2922.502078000
17		33	2922.516093000
17		41	2922.548710000
17		43	2922.594272000
17		41	2922.640229000
17		43	2922.686473000
17		43	2922.732502000
17		41	2922.778565000
17		43	2922.824045000
17		41	2922.869917000
17		43	2922.916312000
17		43	2922.962363000
17		41	2922.962387000
17		1358	2922.964375000
17		41	2923.008148000
17		43	2923.053650000
17		1358	2923.055069000
17		41	2923.100600000
17		43	2923.146233000
17		1358	2923.147827000
17		41	2923.192652000
17		43	2923.238297000
17		1358	2923.240310000
17		41	2923.284266000
17		1358	2923.284649000
17		41	2923.330194000
17		1358	2923.368531000
17		43	2923.376029000
17		1358	2923.378219000
17		41	2923.422713000
17		1358	2923.441359000
17		1358	2923.452392000
17		41	2923.468192000
17		1358	2923.504036000
17		43	2923.513748000
17		41	2923.513772000
17		1358	2923.536339000
17		43	2923.560101000
17		1358	2923.565735000
17		43	2923.606346000
17		1358	2923.620482000
17		1358	2923.627829000
17		43	2923.652321000
17		1358	2923.690008000
17		41	2923.698162000
17		1358	2923.703762000
17		41	2923.743945000
17		1358	2923.752887000
17		1358	2923.787611000
17		43	2923.789854000
17		1358	2923.814614000
17		43	2923.836372000
17		1358	2923.871227000
17		1358	2923.876231000
17		46	2923.882544000
17		33	2923.908106000
17		43	2923.927695000
17		1358	2923.938902000
17		1358	2923.954434000
17		41	2923.974261000
17		1358	2924.001768000
17		43	2924.020048000
17		41	2924.020076000
17		1358	2924.038158000
17		1358	2924.063140000
17		43	2924.065657000
17		728	2924.065694000
17		36	2924.066489000
17		75	2924.074769000
17		33	2924.074820000
17		48	2924.112359000
17		1358	2924.122128000
17		1358	2924.125587000
17		41	2924.157798000
17		1358	2924.187527000
17		43	2924.204289000
17		1358	2924.205176000
17		41	2924.249656000
17		1358	2924.250285000
17		1358	2924.288938000
17		43	2924.296489000
17		1358	2924.312288000
17		41	2924.342006000
17		1358	2924.372648000
17		1358	2924.374678000
17		43	2924.388564000
17		43	2924.434141000
17		1358	2924.435796000
17		1358	2924.455838000
17		41	2924.479840000
17		1358	2924.499633000
17		43	2924.526360000
17		1358	2924.539271000
17		1358	2924.560748000
17		43	2924.572403000
17		41	2924.572425000
17		44	2924.618222000
17		41	2924.618243000
17		1358	2924.623702000
17		1358	2924.623738000
17		33	2924.643946000
17		43	2924.664575000
17		41	2924.664696000
17		1358	2924.685449000
17		1358	2924.689662000
17		43	2924.709726000
17		1358	2924.747932000
17		41	2924.756601000
17		1358	2924.756784000
17		43	2924.802284000
17		1358	2924.809538000
17		1358	2924.823365000
17		41	2924.847990000
17		1358	2924.871926000
17		1358	2924.890328000
17		43	2924.893623000
17		1358	2924.934394000
17		41	2924.940353000
17		1358	2924.957023000
17		43	2924.986678000
17		1358	2924.995593000
17		1358	2925.024233000
17		43	2925.032286000
17		1358	2925.058918000
17		634	2925.077979000
17		41	2925.078004000
17		36	2925.078752000
17		77	2925.087114000
17		33	2925.087259000
17		1358	2925.090523000
17		1358	2925.120702000
17		43	2925.124426000
17		43	2925.170238000
17		41	2925.170263000
17		1358	2925.183006000
17		1358	2925.202270000
17		41	2925.216235000
17		1358	2925.232754000
17		43	2925.262506000
17		1358	2925.282262000
17		43	2925.307912000
17		1358	2925.313316000
17		1358	2925.332086000
17		41	2925.354247000
17		1358	2925.381758000
17		43	2925.400290000
17		1358	2925.424703000
17		1358	2925.432110000
17		41	2925.445868000
17		1358	2925.481856000
17		43	2925.492180000
17		1358	2925.530921000
17		1358	2925.536092000
17		41	2925.537743000
17		1358	2925.581378000
17		43	2925.584306000
17		41	2925.630334000
17		1358	2925.630512000
17		1358	2925.648131000
17		48	2925.675946000
17		33	2925.690409000
17		1358	2925.713546000
17		43	2925.722489000
17		41	2925.722509000
17		1358	2925.731729000
17		46	2925.768704000
17		33	2925.794320000
17		1358	2925.796668000
17		44	2925.814448000
17		43	2925.814473000
17		41	2925.814480000
17		1358	2925.815365000
17		33	2925.840153000
17		41	2925.860694000
17		1358	2925.879321000
17		1358	2925.898141000
17		43	2925.906388000
17		43	2925.952290000
17		1358	2925.963131000
17		1358	2925.982469000
17		41	2925.997662000
17		979	2925.997696000
17		36	2925.998508000
17		79	2926.013538000
17		104	2926.013579000
17		43	2926.043753000
17		1358	2926.045474000
17		1358	2926.065326000
17		43	2926.089801000
17		1358	2926.107774000
17		41	2926.136429000
17		1358	2926.149174000
17		1358	2926.170533000
17		43	2926.182075000
17		43	2926.227877000
17		1358	2926.232111000
17		1358	2926.233232000
17		41	2926.273977000
17		1358	2926.294673000
17		1358	2926.316078000
17		43	2926.320483000
17		1358	2926.357241000
17		43	2926.366377000
17		1358	2926.399465000
17		41	2926.412503000
17		1358	2926.418489000
17		43	2926.458341000
17		1358	2926.480439000
17		1358	2926.483040000
17		43	2926.503995000
17		1358	2926.543116000
17		41	2926.550139000
17		1358	2926.566845000
17		43	2926.596271000
17		1358	2926.606119000
17		41	2926.641806000
17		1358	2926.650095000
17		1358	2926.666918000
17		43	2926.688608000
17		1358	2926.730167000
17		41	2926.733928000
17		1358	2926.734267000
6	0		2926.739280000
6	0		2926.739392000
6	0		2926.778488000
6	12		2926.778769000
17		43	2926.780284000
17		1358	2926.791902000
17		1358	2926.817492000
6	0		2926.817531000
6	12		2926.817577000
6	0		2926.817586000
6	1		2926.817801000
6	4		2926.817828000
6	32		2926.817840000
6	0		2926.817853000
17		41	2926.826164000
17		1358	2926.854699000
6	0		2926.856702000
6	0		2926.856740000
6	0		2926.856746000
6	0		2926.856751000
6	0		2926.856765000
17		43	2926.871907000
17		1358	2926.901533000
17		1358	2926.915653000
17		44	2926.917995000
17		41	2926.918022000
17		41	2926.918031000
17		33	2926.943331000
17		43	2926.964346000
17		1358	2926.978291000
17		1358	2926.984174000
17		43	2927.009891000
17		41	2927.009916000
17		1358	2927.040666000
17		41	2927.056123000
17		1358	2927.068043000
17		43	2927.101960000
17		1358	2927.103550000
17		48	2927.148146000
17		1358	2927.151239000
17		33	2927.162452000
17		1358	2927.164558000
17		41	2927.194477000
17		1358	2927.227285000
17		1358	2927.234959000
17		43	2927.239746000
17		41	2927.286037000
17		1358	2927.290134000
17		1358	2927.318819000
17		43	2927.332313000
17		1358	2927.352196000
17		41	2927.377833000
17		1358	2927.401839000
17		1358	2927.413973000
17		43	2927.424380000
17		43	2927.470529000
17		1358	2927.476337000
17		1358	2927.485753000
17		41	2927.516196000
17		1358	2927.539496000
17		43	2927.562239000
17		41	2927.562263000
17		1358	2927.569205000
17		1358	2927.601947000
17		43	2927.608584000
17		41	2927.654000000
17		1358	2927.655647000
17		43	2927.700460000
17		43	2927.745743000
17		1358	2927.747315000
17		41	2927.791903000
17		1358	2927.792396000
17		43	2927.838477000
17		1358	2927.839476000
17		46	2927.884358000
17		1358	2927.884743000
17		43	2927.929685000
17		1358	2927.931283000
17		41	2927.976128000
17		1358	2927.976457000
17		43	2928.021724000
17		1358	2928.023135000
17		43	2928.068057000
17		41	2928.068089000
17		1358	2928.068397000
17		1358	2928.086006000
17		43	2928.114469000
17		1358	2928.149380000
17		41	2928.160339000
17		1358	2928.160858000
17		43	2928.206480000
17		1358	2928.212518000
17		41	2928.252072000
17		1358	2928.252579000
17		43	2928.297824000
17		1358	2928.298945000
6	0		2928.303952000
6	0		2928.303996000
17		43	2928.343876000
17		1358	2928.362007000
17		41	2928.389908000
17		1358	2928.390334000
17		43	2928.436205000
17		1358	2928.436818000
17		41	2928.481818000
17		1358	2928.482138000
17		43	2928.528262000
17		1358	2928.529869000
17		41	2928.574136000
17		1358	2928.574453000
17		43	2928.620298000
17		1358	2928.622093000
17		41	2928.665651000
17		1358	2928.666025000
17		1358	2928.672687000
17		48	2928.712251000
17		1358	2928.722328000
17		41	2928.757737000
17		1358	2928.781891000
17		43	2928.803743000
17		1358	2928.805379000
17		41	2928.849914000
17		43	2928.895781000
17		1358	2928.897357000
17		1358	2928.897736000
17		41	2928.941662000
17		43	2928.987854000
17		1358	2928.989420000
17		1358	2929.013345000
17		41	2929.033793000
17		43	2929.079767000
17		1358	2929.081367000
17		43	2929.126316000
17		41	2929.126343000
17		1358	2929.128798000
17		1358	2929.170314000
17		41	2929.172273000
17		1358	2929.215880000
17		43	2929.217998000
17		1358	2929.258547000
17		43	2929.264175000
17		1358	2929.302426000
17		41	2929.310468000
17		1358	2929.346635000
17		43	2929.355877000
17		1358	2929.388965000
17		41	2929.401673000
17		1358	2929.435729000
17		43	2929.448161000
17		1358	2929.476208000
17		43	2929.493929000
17		1358	2929.524419000
17		41	2929.540137000
17		1358	2929.563266000
17		43	2929.586247000
17		1358	2929.591615000
17		41	2929.632042000
17		1358	2929.650668000
17		1358	2929.656191000
17		43	2929.678048000
17		41	2929.678071000
17		1358	2929.722116000
17		43	2929.724223000
17		1358	2929.737198000
17		46	2929.770064000
17		1358	2929.788912000
17		33	2929.795817000
17		43	2929.816501000
17		1358	2929.823756000
17		1358	2929.855899000
17		43	2929.862011000
17		41	2929.908017000
17		1358	2929.910476000
17		1358	2929.923421000
17		43	2929.954476000
17		1358	2929.990503000
17		43	2930.000563000
17		41	2930.046563000
17		1358	2930.047058000
17		1358	2930.057683000
17		43	2930.091981000
17		1358	2930.124352000
17		41	2930.137799000
17		1358	2930.138297000
17		43	2930.183722000
17		41	2930.183748000
17		1358	2930.190987000
17		1358	2930.225339000
17		48	2930.229805000
17		33	2930.243155000
17		1358	2930.257416000
17		41	2930.276341000
6	37		2930.280831000
17		1358	2930.312588000
17		43	2930.322607000
17		1358	2930.323574000
17		41	2930.367717000
17		1358	2930.399255000
17		43	2930.413749000
17		1358	2930.415315000
17		41	2930.460324000
17		1358	2930.486924000
17		43	2930.506479000
17		1358	2930.508716000
17		41	2930.552002000
17		1358	2930.573708000
17		43	2930.598078000
17		1358	2930.599648000
17		41	2930.643664000
17		1358	2930.660766000
17		43	2930.690096000
17		41	2930.690120000
17		1358	2930.691378000
17		43	2930.736418000
17		1358	2930.747416000
17		1358	2930.758110000
17		43	2930.782576000
17		1358	2930.825205000
17		41	2930.828158000
17		1358	2930.834426000
17		43	2930.874432000
17		1358	2930.892657000
17		41	2930.920499000
17		1358	2930.920852000
17		43	2930.966395000
17		1358	2930.968105000
17		41	2931.011879000
17		1358	2931.012182000
17		43	2931.058275000
17		1358	2931.059890000
17		43	2931.104516000
17		1358	2931.126598000
17		41	2931.150030000
17		1358	2931.150723000
17		43	2931.196094000
17		1358	2931.197627000
17		43	2931.242186000
17		41	2931.242209000
17		1358	2931.242494000
17		1358	2931.263710000
17		43	2931.288186000
17		1358	2931.330043000
17		41	2931.333716000
17		1358	2931.334036000
17		43	2931.380106000
17		1358	2931.396372000
17		41	2931.426089000
17		1358	2931.426442000
17		43	2931.472512000
17		1358	2931.473376000
17		41	2931.518527000
17		1358	2931.518797000
17		43	2931.564606000
17		1358	2931.566122000
17		41	2931.609964000
17		1358	2931.610250000
17		43	2931.656769000
17		1358	2931.658495000
17		46	2931.702240000
17		1358	2931.702636000
17		43	2931.747763000
17		1358	2931.749264000
17		48	2931.794120000
17		41	2931.794150000
17		1358	2931.794560000
17		33	2931.808637000
17		1358	2931.815691000
17		41	2931.840398000
17		1358	2931.864394000
17		43	2931.886121000
17		1358	2931.887462000
17		43	2931.931731000
17		1358	2931.954149000
17		41	2931.977925000
17		1358	2931.979025000
17		43	2932.024575000
17		1358	2932.026009000
17		41	2932.070093000
17		1358	2932.070380000
17		43	2932.116231000
17		1358	2932.118142000
17		41	2932.162588000
17		43	2932.208515000
17		1358	2932.210018000
17		43	2932.254482000
17		1358	2932.263149000
17		43	2932.300513000
17		41	2932.300541000
17		1358	2932.300866000
17		1358	2932.316751000
17		41	2932.346364000
17		43	2932.392165000
17		1358	2932.393761000
17		1358	2932.423958000
17		43	2932.438143000
17		1358	2932.447460000
17		41	2932.484310000
17		43	2932.529727000
17		1358	2932.531315000
17		1358	2932.546882000
17		41	2932.576576000
17		43	2932.622151000
17		1358	2932.623726000
17		41	2932.668130000
17		1358	2932.668580000
17		43	2932.714051000
17		1358	2932.715576000
17		41	2932.760566000
17		1358	2932.793083000
17		43	2932.805707000
17		1358	2932.807220000
17		43	2932.851736000
17		41	2932.851761000
17		1358	2932.884365000
17		1358	2932.896467000
17		41	2932.898155000
17		43	2932.943609000
17		1358	2932.976996000
17		1358	2932.984931000
17		41	2932.989881000
17		43	2933.035999000
17		1358	2933.069317000
17		1358	2933.072818000
17		43	2933.082071000
17		41	2933.127819000
17		1358	2933.139091000
17		1358	2933.160345000
17		43	2933.173973000
17		1358	2933.206120000
17		41	2933.220310000
17		1358	2933.252580000
17		43	2933.266318000
17		1358	2933.273044000
17		48	2933.311880000
17		33	2933.326310000
17		1358	2933.339651000
17		1358	2933.344476000
17		43	2933.358314000
17		43	2933.404459000
17		41	2933.404482000
17		1358	2933.406008000
17		1358	2933.436384000
17		43	2933.449830000
17		1358	2933.472880000
17		41	2933.495728000
17		1358	2933.538024000
17		43	2933.542120000
17		43	2933.588129000
17		1358	2933.604123000
17		41	2933.634113000
17		1358	2933.634443000
17		1358	2933.670656000
17		43	2933.680389000
17		46	2933.725690000
17		1358	2933.726012000
17		1358	2933.737085000
17		43	2933.772002000
17		1358	2933.804022000
17		41	2933.818119000
17		43	2933.864220000
17		43	2933.909751000
17		41	2933.909775000
17		41	2933.956105000
17		43	2934.002421000
17		41	2934.048325000
17		43	2934.093955000
17		43	2934.140081000
17		41	2934.185845000
17		43	2934.232145000
17		41	2934.278019000
17		1358	2934.278396000
17		43	2934.324491000
17		43	2934.370461000
17		41	2934.416469000
17		1358	2934.416959000
17		43	2934.462258000
17		41	2934.462287000
17		43	2934.508132000
17		1358	2934.509024000
17		43	2934.554304000
17		874	2934.555802000
17		43	2934.600372000
17		1358	2934.601609000
17		41	2934.646156000
17		48	2934.691796000
17		1358	2934.693243000
17		33	2934.704845000
17		41	2934.738061000
17		43	2934.784090000
17		1358	2934.785950000
17		43	2934.830009000
17		41	2934.875958000
17		1358	2934.876542000
17		41	2934.921854000
17		1034	2934.967698000
17		41	2934.967729000
17		39	2934.968238000
17		1358	2934.968261000
17		148	2934.968866000
17		1353	2934.968879000
17		1358	2934.968885000
17		1358	2934.968890000
17		1358	2934.968923000
17		1358	2934.968930000
17		1358	2934.968935000
17		1358	2934.968941000
17		1358	2934.968946000
17		1358	2934.968951000
17		41	2935.013668000
17		1358	2935.034793000
17		41	2935.060554000
17		689	2935.060577000
17		1358	2935.061163000
17		36	2935.061403000
17		77	2935.069910000
17		33	2935.069945000
17		1358	2935.101127000
17		41	2935.105688000
17		43	2935.152290000
17		41	2935.152315000
17		1358	2935.152628000
17		49	2935.197776000
17		41	2935.197804000
17		33	2935.211389000
17		43	2935.244121000
17		1358	2935.245660000
17		43	2935.290345000
17		43	2935.335877000
17		1358	2935.337221000
17		43	2935.381820000
17		1358	2935.383326000
17		43	2935.428370000
17		1358	2935.429094000
17		1358	2935.429883000
17		43	2935.474558000
17		1358	2935.496931000
17		43	2935.520527000
17		1358	2935.521477000
17		1358	2935.562222000
17		43	2935.566005000
17		43	2935.612248000
17		1358	2935.613513000
17		1358	2935.628039000
17		44	2935.657821000
17		41	2935.657852000
17		41	2935.657862000
17		33	2935.683935000
17		1358	2935.691650000
17		43	2935.704104000
17		1358	2935.704392000
17		46	2935.750127000
17		1358	2935.755877000
17		33	2935.777049000
17		41	2935.796228000
17		1358	2935.796605000
17		1358	2935.819232000
17		41	2935.842137000
17		1358	2935.882444000
17		43	2935.888238000
17		1358	2935.888297000
17		41	2935.934410000
17		1358	2935.945512000
17		1358	2935.980100000
17		43	2935.980382000
17		1358	2936.009285000
17		43	2936.025946000
17		41	2936.025978000
17		1358	2936.071972000
17		43	2936.072416000
17		1358	2936.073928000
17		41	2936.118649000
17		1358	2936.135649000
17		1358	2936.163997000
17		43	2936.164315000
17		1358	2936.199716000
17		43	2936.209944000
17		1358	2936.255713000
17		41	2936.256091000
17		1358	2936.262638000
17		43	2936.301897000
17		1358	2936.325771000
17		1358	2936.347320000
17		41	2936.347788000
17		1358	2936.390008000
17		43	2936.394646000
17		1358	2936.421813000
17		43	2936.440228000
17		1358	2936.453473000
17		41	2936.485873000
17		1358	2936.494242000
17		1358	2936.503759000
17		48	2936.531746000
17		33	2936.546486000
17		1358	2936.553934000
17		1358	2936.567818000
17		41	2936.577709000
17		1358	2936.604463000
17		43	2936.624425000
17		41	2936.624447000
17		1358	2936.642043000
17		1358	2936.654979000
17		43	2936.670606000
17		43	2936.716054000
17		1358	2936.740548000
17		41	2936.762347000
17		1358	2936.762675000
17		43	2936.807726000
17		1358	2936.825414000
17		41	2936.854024000
17		1358	2936.886162000
17		43	2936.900609000
17		1358	2936.911115000
17		43	2936.946266000
17		1358	2936.973685000
17		1358	2936.978036000
17		41	2936.992453000
17		1358	2937.037294000
17		43	2937.038255000
17		1358	2937.070175000
17		41	2937.084195000
17		1358	2937.099525000
17		43	2937.129653000
17		41	2937.129674000
17		1358	2937.162010000
17		1358	2937.164304000
17		43	2937.176565000
17		43	2937.222509000
17		1358	2937.228342000
17		1358	2937.253803000
17		41	2937.268253000
17		1358	2937.293145000
17		43	2937.314066000
17		1358	2937.345411000
17		1358	2937.355645000
17		41	2937.360048000
17		43	2937.406001000
17		1358	2937.419463000
17		1358	2937.437615000
17		43	2937.452094000
17		1358	2937.483689000
17		41	2937.498017000
17		1358	2937.529018000
17		43	2937.543898000
17		1358	2937.548539000
17		41	2937.590030000
17		1358	2937.620987000
17		43	2937.636024000
17		1358	2937.637690000
17		43	2937.682411000
17		46	2937.682432000
17		1358	2937.702170000
17		33	2937.708927000
17		1358	2937.713154000
17		43	2937.728279000
17		1358	2937.766244000
17		41	2937.774137000
17		1358	2937.804739000
17		43	2937.820307000
17		1358	2937.830234000
17		41	2937.865691000
17		1358	2937.896694000
17		43	2937.912350000
17		1358	2937.913080000
17		48	2937.957925000
17		33	2937.972233000
17		1358	2937.977507000
17		1358	2937.988643000
17		41	2938.004456000
17		43	2938.050466000
17		1358	2938.051989000
17		1358	2938.080104000
17		41	2938.095865000
17		43	2938.142447000
17		1358	2938.143991000
17		1358	2938.172232000
17		43	2938.188456000
17		41	2938.188478000
17		1358	2938.208383000
17		43	2938.234393000
17		1358	2938.263938000
17		1358	2938.272225000
17		41	2938.280319000
17		43	2938.326410000
17		1358	2938.336322000
17		1358	2938.355887000
17		41	2938.372187000
17		43	2938.418117000
17		1358	2938.419675000
17		1358	2938.447674000
17		43	2938.464146000
17		1358	2938.470576000
17		41	2938.510361000
17		1358	2938.521162000
17		43	2938.556052000
17		1358	2938.557575000
17		1358	2938.594420000
17		41	2938.602122000
17		43	2938.647815000
17		1358	2938.648762000
17		1358	2938.667889000
17		41	2938.694564000
17		43	2938.740390000
17		1358	2938.741881000
17		41	2938.786236000
17		1358	2938.790403000
17		1358	2938.826999000
17		43	2938.832179000
17		41	2938.878205000
17		1358	2938.911979000
17		1358	2938.912901000
17		43	2938.924154000
17		41	2938.970021000
17		1358	2938.997190000
17		1358	2939.004796000
17		43	2939.016425000
17		1358	2939.061981000
17		41	2939.062069000
17		1358	2939.096685000
17		43	2939.108270000
17		1358	2939.126542000
17		43	2939.153947000
17		1358	2939.188854000
17		1358	2939.190052000
17		41	2939.199983000
17		43	2939.246109000
17		1358	2939.254927000
17		1358	2939.280422000
17		43	2939.292513000
17		41	2939.292537000
17		1358	2939.318758000
17		41	2939.338461000
17		1358	2939.372608000
17		43	2939.384157000
17		1358	2939.385405000
17		41	2939.429739000
17		1358	2939.464561000
17		43	2939.476415000
17		1358	2939.477962000
17		41	2939.521946000
17		1358	2939.556407000
17		48	2939.568173000
17		1358	2939.569929000
17		46	2939.614404000
17		33	2939.639894000
17		1358	2939.649079000
17		43	2939.660025000
17		1358	2939.661555000
17		43	2939.706144000
17		1358	2939.725684000
17		1358	2939.740221000
17		41	2939.751859000
17		43	2939.797732000
17		41	2939.797765000
17		1358	2939.799329000
17		1358	2939.832302000
17		43	2939.844965000
17		1358	2939.863327000
17		41	2939.889816000
17		1358	2939.924216000
17		43	2939.936745000
17		1358	2939.937534000
17		41	2939.982095000
17		1358	2940.016889000
17		43	2940.027728000
17		1358	2940.029190000
17		43	2940.073873000
17		1358	2940.093779000
17		1358	2940.107934000
17		41	2940.120137000
17		43	2940.166228000
17		1358	2940.166991000
17		1358	2940.199710000
17		41	2940.212311000
6	0		2940.212491000
6	0		2940.212515000
17		43	2940.258035000
17		1358	2940.259930000
17		1358	2940.291754000
17		43	2940.304464000
17		41	2940.304486000
6	0		2940.310576000
6	0		2940.310630000
17		1358	2940.323867000
17		41	2940.349718000
17		1358	2940.383898000
17		43	2940.396005000
17		1358	2940.397866000
17		41	2940.441821000
17		1358	2940.476157000
17		43	2940.487955000
17		1358	2940.490050000
17		43	2940.534285000
17		1358	2940.542045000
17		1358	2940.567740000
17		41	2940.579964000
6	0		2940.607568000
6	41		2940.613140000
17		43	2940.625856000
17		1358	2940.627365000
17		1358	2940.659436000
17		41	2940.672092000
17		43	2940.717744000
17		1358	2940.718511000
17		1358	2940.751428000
17		41	2940.780039000
17		1358	2940.825193000
17		43	2940.841686000
17		1358	2940.843307000
17		43	2940.904602000
17		41	2940.904636000
17		1358	2940.905013000
17		1358	2940.906187000
6	0		2940.909962000
6	21		2940.909991000
6	0		2940.910001000
6	1080		2940.910934000
17		43	2940.965668000
17		1358	2940.970471000
17		41	2941.028470000
17		1358	2941.028796000
17		43	2941.089650000
17		1358	2941.091343000
17		41	2941.151847000
17		1358	2941.152174000
6	0		2941.207398000
6	440		2941.207436000
17		48	2941.214278000
17		1358	2941.215475000
6	0		2941.250225000
17		41	2941.276549000
17		1358	2941.276877000
17		43	2941.337905000
17		1358	2941.339363000
17		41	2941.399904000
17		1358	2941.400269000
17		43	2941.462384000
17		1358	2941.463904000
17		41	2941.524577000
17		1358	2941.525455000
6	48		2941.546539000
6	0		2941.546580000
6	280		2941.550792000
17		43	2941.586458000
17		1358	2941.587963000
17		41	2941.648988000
17		1358	2941.649297000
17		1358	2941.651616000
17		43	2941.709861000
17		1358	2941.714926000
17		46	2941.771751000
17		1358	2941.772069000
17		43	2941.834351000
17		1358	2941.836046000
6	0		2941.847248000
6	16		2941.878248000
17		41	2941.896367000
17		1358	2941.896723000
6	0		2941.922202000
17		41	2941.958458000
17		1358	2941.989639000
17		43	2942.020074000
17		1358	2942.020718000
17		41	2942.082588000
17		1358	2942.082992000
17		43	2942.144217000
17		1358	2942.145741000
17		43	2942.206188000
17		1358	2942.210544000
6	52		2942.218759000
6	0		2942.218798000
6	52		2942.218885000
17		41	2942.267723000
17		1358	2942.268015000
17		43	2942.329939000
17		41	2942.329963000
17		1358	2942.331507000
17		1358	2942.360327000
17		43	2942.392347000
17		1358	2942.394308000
17		41	2942.454206000
17		1358	2942.454779000
6	84		2942.515434000
17		43	2942.516521000
17		1358	2942.517601000
6	0		2942.558228000
17		41	2942.577973000
17		1358	2942.578425000
17		43	2942.640263000
17		1358	2942.641744000
17		41	2942.702523000
17		1358	2942.702934000
17		43	2942.763958000
17		1358	2942.765794000
17		41	2942.825779000
17		1358	2942.826127000
6	0		2942.858501000
6	0		2942.858553000
17		43	2942.887941000
17		1358	2942.889434000
6	0		2942.897803000
6	12		2942.898071000
6	0		2942.936975000
6	12		2942.937009000
6	0		2942.937021000
6	1		2942.937212000
6	4		2942.937231000
6	32		2942.937240000
6	0		2942.937251000
17		43	2942.950427000
17		1358	2942.952715000
6	0		2942.976202000
6	0		2942.976239000
6	0		2942.976346000
6	0		2942.976361000
17		43	2943.011925000
17		41	2943.011953000
17		1358	2943.012304000
17		1358	2943.017048000
17		41	2943.073744000
17		1358	2943.086137000
17		41	2943.136095000
17		43	2943.198411000
17		1358	2943.199858000
17		1358	2943.209148000
17		41	2943.260319000
17		43	2943.322301000
17		1358	2943.323820000
17		1358	2943.331982000
17		43	2943.384542000
17		1358	2943.388604000
17		41	2943.445960000
17		1358	2943.454624000
17		48	2943.507879000
17		1358	2943.509811000
17		41	2943.570634000
17		1358	2943.571073000
17		43	2943.632310000
17		1358	2943.633195000
17		43	2943.693618000
17		41	2943.693648000
17		1358	2943.694007000
17		1358	2943.697798000
17		41	2943.755950000
17		1358	2943.786053000
17		43	2943.818085000
17		1358	2943.819616000
17		41	2943.880007000
17		1358	2943.880378000
17		43	2943.941930000
17		1358	2943.943525000
17		41	2944.004430000
17		1358	2944.004823000
17		43	2944.066586000
17		1358	2944.067438000
17		43	2944.128045000
17		1358	2944.129727000
17		46	2944.190371000
17		1358	2944.190734000
17		43	2944.252009000
17		249	2944.253425000
17		41	2944.314613000
17		1358	2944.314997000
17		43	2944.376697000
17		43	2944.437709000
17		41	2944.437738000
17		1358	2944.438134000
17		41	2944.500049000
17		1358	2944.530446000
17		43	2944.562424000
17		41	2944.624536000
17		1358	2944.624882000
6	68		2944.657772000
17		43	2944.686064000
17		41	2944.747987000
17		1358	2944.748321000
6	0		2944.809094000
6	0		2944.809149000
17		43	2944.810497000
17		41	2944.872292000
17		1358	2944.872674000
17		43	2944.934346000
17		1115	2944.934374000
17		33	2944.934955000
17		33	2944.935164000
17		155	2944.935673000
17		1358	2944.943692000
6	52		2944.957522000
6	0		2944.957564000
6	0		2944.957581000
6	0		2944.959096000
6	0		2944.973463000
6	41		2944.979690000
17		41	2944.995650000
17		1358	2944.996067000
17		1358	2945.008683000
17		43	2945.058287000
17		667	2945.058487000
17		36	2945.059369000
17		77	2945.067769000
17		33	2945.067809000
17		1358	2945.070788000
17		43	2945.120129000
17		41	2945.120156000
17		1358	2945.120487000
17		1358	2945.134540000
6	0		2945.143680000
6	21		2945.145515000
6	0		2945.145552000
6	1080		2945.146506000
17		41	2945.181834000
17		1358	2945.197980000
17		43	2945.243850000
6	0		2945.256486000
17		43	2945.306373000
6	0		2945.310527000
6	440		2945.310858000
6	0		2945.354280000
17		43	2945.368561000
17		41	2945.368585000
17		41	2945.430352000
17		41	2945.492526000
6	48		2945.518218000
6	0		2945.518256000
6	280		2945.524317000
17		41	2945.554049000
17		41	2945.615891000
17		1358	2945.616670000
17		41	2945.677840000
6	0		2945.688382000
6	16		2945.692187000
17		1358	2945.708661000
6	0		2945.734234000
17		49	2945.740413000
17		41	2945.740435000
17		33	2945.754235000
17		1358	2945.800682000
17		43	2945.802251000
17		1358	2945.803778000
17		41	2945.863698000
17		1358	2945.892740000
6	52		2945.898218000
6	0		2945.898256000
6	52		2945.898349000
17		44	2945.926455000
17		43	2945.926479000
17		41	2945.926485000
17		1358	2945.928043000
17		33	2945.951940000
17		43	2945.987983000
17		1358	2945.992360000
17		41	2946.050425000
17		1358	2946.050989000
17		1358	2946.056516000
6	84		2946.062319000
6	0		2946.106220000
17		43	2946.112523000
17		1358	2946.120914000
17		1358	2946.124947000
17		43	2946.174601000
17		1358	2946.182550000
17		1358	2946.198288000
17		41	2946.236182000
17		1358	2946.245687000
17		1358	2946.271697000
17		46	2946.297657000
17		1358	2946.309674000
17		33	2946.323454000
17		1358	2946.345423000
17		43	2946.359909000
17		1358	2946.372470000
17		1358	2946.419248000
17		41	2946.422419000
17		1358	2946.436048000
17		43	2946.484640000
17		1358	2946.493122000
17		1358	2946.499832000
17		43	2946.546419000
17		1358	2946.563257000
17		1358	2946.566300000
17		41	2946.607965000
17		1358	2946.626716000
17		1358	2946.639546000
17		43	2946.670358000
17		1358	2946.689933000
17		43	2946.731916000
17		1358	2946.753731000
17		1358	2946.762234000
17		41	2946.794262000
17		1358	2946.816175000
17		43	2946.856459000
17		1358	2946.879744000
17		1358	2946.884722000
17		41	2946.918563000
17		1358	2946.941948000
17		43	2946.980394000
17		41	2946.980416000
17		1358	2947.005844000
17		1358	2947.007333000
17		43	2947.042112000
17		1358	2947.069131000
17		41	2947.104513000
17		1358	2947.130037000
17		1358	2947.132951000
17		43	2947.166312000
17		1358	2947.195480000
17		41	2947.227943000
17		1358	2947.246012000
17		1358	2947.252446000
17		43	2947.289668000
17		1358	2947.297471000
17		1358	2947.344424000
17		1358	2947.347945000
17		41	2947.351740000
17		1358	2947.397973000
17		43	2947.414105000
17		1358	2947.436417000
17		1358	2947.449701000
17		43	2947.476468000
17		1358	2947.499757000
17		1358	2947.528240000
17		41	2947.537790000
17		1358	2947.556433000
17		43	2947.600189000
17		1358	2947.613355000
17		1358	2947.620686000
17		41	2947.662473000
17		1358	2947.669993000
17		1358	2947.712189000
17		43	2947.723738000
17		1358	2947.727663000
17		41	2947.786148000
17		1358	2947.804132000
17		1358	2947.822776000
17		48	2947.847947000
17		33	2947.861339000
17		1358	2947.895928000
17		43	2947.909979000
17		1358	2947.917834000
17		41	2947.971936000
17		1358	2947.988124000
17		1358	2948.013464000
17		43	2948.033846000
17		1358	2948.079885000
17		43	2948.095658000
17		1358	2948.108719000
17		41	2948.157866000
17		1358	2948.172277000
17		1358	2948.204513000
17		43	2948.219967000
17		1358	2948.263935000
17		41	2948.282572000
17		1358	2948.299433000
17		43	2948.344270000
17		1358	2948.355720000
17		1358	2948.395308000
17		43	2948.405644000
6	68		2948.421160000
17		1358	2948.447728000
17		1358	2948.467113000
17		41	2948.468301000
17		43	2948.530285000
17		1358	2948.539150000
17		1358	2948.539891000
6	52		2948.585839000
6	0		2948.585882000
6	0		2948.585901000
6	0		2948.587353000
17		41	2948.592227000
17		1358	2948.609457000
17		1358	2948.631901000
17		43	2948.653865000
17		1358	2948.681394000
17		43	2948.716019000
6	0		2948.751395000
17		1358	2948.752976000
17		41	2948.778410000
17		1358	2948.778718000
17		43	2948.840191000
17		1358	2948.841832000
17		43	2948.902059000
17		1358	2948.914129000
17		41	2948.963883000
17		1358	2948.964353000
17		43	2949.026614000
17		1358	2949.028094000
17		43	2949.088032000
17		41	2949.088060000
17		1358	2949.088427000
17		1358	2949.100612000
17		43	2949.150382000
17		1358	2949.173097000
17		41	2949.211915000
17		46	2949.211942000
17		1358	2949.212359000
17		34	2949.212511000
17		43	2949.274464000
17		1358	2949.275903000
17		41	2949.335992000
17		1358	2949.336453000
17		43	2949.398105000
17		1358	2949.399688000
17		41	2949.460405000
17		1358	2949.460802000
17		43	2949.521834000
17		1358	2949.523334000
17		41	2949.583860000
17		1358	2949.584243000
17		43	2949.646377000
17		1358	2949.647988000
17		41	2949.708550000
17		1358	2949.708945000
17		43	2949.770567000
17		1358	2949.772153000
17		43	2949.832729000
17		41	2949.832761000
17		1358	2949.833164000
17		1358	2949.843821000
17		41	2949.894262000
17		1358	2949.925138000
17		43	2949.956281000
17		1358	2949.957833000
17		41	2950.018238000
17		1358	2950.018555000
17		43	2950.080228000
17		1358	2950.081664000
17		41	2950.141641000
17		1358	2950.141933000
17		43	2950.203908000
17		1358	2950.205451000
17		43	2950.266256000
17		1358	2950.277278000
17		41	2950.328430000
17		1358	2950.328792000
17		43	2950.390586000
17		1358	2950.391797000
17		41	2950.452040000
17		1358	2950.452405000
17		43	2950.514120000
17		1358	2950.515782000
17		43	2950.576508000
17		41	2950.576532000
17		1358	2950.576941000
17		1358	2950.588119000
17		43	2950.637882000
17		1358	2950.660347000
17		41	2950.700513000
17		43	2950.700538000
17		34	2950.701592000
17		41	2950.762338000
17		1358	2950.762694000
17		43	2950.823978000
17		41	2950.885975000
17		41	2950.886007000
17		1358	2950.886389000
17		37	2950.886942000
17		43	2950.948104000
17		1358	2950.949645000
17		43	2951.009997000
17		1358	2951.037557000
17		41	2951.072062000
17		43	2951.133777000
17		1358	2951.135266000
17		41	2951.195638000
17		43	2951.257682000
17		41	2951.257707000
17		1358	2951.258112000
17		1358	2951.259189000
17		43	2951.320545000
17		1358	2951.346278000
17		41	2951.382212000
17		1358	2951.382546000
17		43	2951.444412000
17		1358	2951.446526000
17		41	2951.505900000
17		1358	2951.506274000
17		43	2951.568190000
17		1358	2951.569726000
17		41	2951.630236000
17		1358	2951.662522000
17		43	2951.691688000
17		1171	2951.691714000
17		36	2951.692489000
17		1358	2951.693188000
17		108	2951.711548000
17		193	2951.711589000
17		41	2951.754526000
17		43	2951.816330000
17		1358	2951.817865000
17		1358	2951.818916000
17		41	2951.877728000
17		43	2951.940341000
17		1358	2951.941931000
17		1358	2951.975171000
17		43	2952.001838000
17		41	2952.001864000
17		1358	2952.011889000
17		43	2952.063920000
17		1358	2952.081992000
17		41	2952.125908000
17		1358	2952.131376000
17		43	2952.188132000
17		1358	2952.190297000
17		1358	2952.248683000
17		41	2952.250306000
17		43	2952.311955000
17		1358	2952.313458000
17		1358	2952.365533000
17		41	2952.373811000
17		43	2952.436363000
17		1358	2952.437968000
17		1358	2952.482935000
17		43	2952.498140000
17		1358	2952.553531000
17		41	2952.560410000
17		1358	2952.600921000
17		41	2952.622235000
17		43	2952.684206000
17		1358	2952.685463000
17		1358	2952.718107000
17		43	2952.746193000
17		1358	2952.801734000
17		41	2952.808337000
17		1358	2952.835233000
17		33	2952.850983000
17		43	2952.870601000
17		1171	2952.870624000
17		34	2952.870907000
17		1358	2952.916783000
17		48	2952.932326000
17		33	2952.945647000
17		41	2952.993765000
17		1358	2952.994265000
17		1358	2953.032977000
17		43	2953.055902000
17		41	2953.117941000
17		1358	2953.118287000
17		1358	2953.147378000
17		43	2953.180233000
17		1358	2953.232952000
17		46	2953.242778000
17		41	2953.242803000
17		1358	2953.243114000
17		44	2953.304385000
17		43	2953.304409000
17		41	2953.304415000
17		34	2953.304661000
17		1358	2953.319609000
17		43	2953.365910000
17		1358	2953.405928000
17		41	2953.427667000
17		1358	2953.428016000
17		43	2953.490328000
17		1358	2953.490756000
17		41	2953.552438000
17		1358	2953.553231000
17		1358	2953.577507000
17		43	2953.614218000
17		1358	2953.664617000
17		43	2953.676129000
17		41	2953.676151000
17		1358	2953.676452000
17		43	2953.737959000
17		1358	2953.751734000
17		41	2953.800501000
17		1358	2953.800925000
17		1358	2953.838595000
17		43	2953.862084000
17		1358	2953.924081000
17		41	2953.924565000
17		1358	2953.925127000
17		43	2953.986039000
17		1358	2954.010868000
17		41	2954.047985000
17		1358	2954.048250000
17		43	2954.110236000
17		1358	2954.111507000
17		41	2954.171768000
17		1358	2954.172208000
17		43	2954.233730000
17		1358	2954.234564000
17		41	2954.296030000
17		1358	2954.296288000
17		42	2954.357992000
17		43	2954.358017000
17		41	2954.358024000
17		1358	2954.360303000
17		1358	2954.413474000
17		43	2954.420459000
17		1358	2954.447195000
17		41	2954.482575000
17		1358	2954.530711000
17		43	2954.544424000
17		1358	2954.546005000
17		41	2954.605815000
17		1358	2954.648006000
17		43	2954.668298000
17		1358	2954.669854000
17		43	2954.730220000
17		1358	2954.756894000
17		41	2954.792111000
17		1358	2954.792438000
17		43	2954.853917000
17		1358	2954.855465000
17		43	2954.915741000
17		1358	2954.942763000
17		41	2954.978573000
17		1358	2954.978989000
17		48	2955.040072000
17		1358	2955.041092000
17		41	2955.102041000
17		1358	2955.102415000
17		43	2955.164283000
17		1358	2955.165889000
17		41	2955.226452000
17		1358	2955.226750000
17		1358	2955.252832000
17		43	2955.287996000
17		1358	2955.339669000
17		41	2955.349861000
17		1358	2955.350199000
17		43	2955.412056000
17		1358	2955.427001000
17		43	2955.474608000
17		1358	2955.514306000
17		41	2955.536174000
17		1358	2955.536519000
17		43	2955.598409000
17		1358	2955.599912000
17		41	2955.660597000
17		1358	2955.661667000
17		43	2955.722254000
17		1358	2955.723088000
17		41	2955.783789000
17		1358	2955.784181000
17		43	2955.846356000
17		1358	2955.847871000
17		43	2955.907662000
17		46	2955.907688000
17		1358	2955.908076000
17		1358	2955.935536000
17		41	2955.969795000
17		1358	2956.002399000
17		43	2956.031960000
17		1358	2956.033514000
17		41	2956.093706000
17		1358	2956.096582000
17		43	2956.155838000
17		1358	2956.157194000
17		41	2956.217681000
17		1358	2956.218048000
17		43	2956.280316000
17		1358	2956.281880000
17		43	2956.341762000
17		1358	2956.369312000
17		41	2956.403843000
17		43	2956.466530000
17		1358	2956.467968000
17		43	2956.527915000
17		1358	2956.554425000
17		43	2956.589729000
17		41	2956.589752000
17		41	2956.652517000
17		43	2956.713850000
17		41	2956.775710000
17		43	2956.838563000
17		43	2956.900353000
17		41	2956.962235000
17		43	2957.023747000
17		48	2957.086376000
17		33	2957.099851000
17		41	2957.147838000
17		43	2957.209752000
17		43	2957.272733000
17		41	2957.272768000
17		41	2957.333706000
17		1358	2957.334072000
17		43	2957.396453000
17		41	2957.458378000
17		1358	2957.458774000
17		43	2957.519730000
17		41	2957.582236000
17		1358	2957.582606000
17		43	2957.644206000
17		1358	2957.699723000
17		41	2957.705815000
17		43	2957.767930000
17		1358	2957.769520000
17		1358	2957.816747000
17		41	2957.830234000
17		43	2957.891848000
17		1358	2957.893351000
17		1358	2957.933905000
17		43	2957.953863000
17		1358	2957.980913000
17		43	2958.016214000
17		1358	2958.050861000
17		1358	2958.067277000
17		41	2958.078462000
17		41	2958.140286000
17		1358	2958.154751000
17		1358	2958.167815000
17		41	2958.201787000
17		41	2958.263805000
17		1358	2958.285162000
17		43	2958.325988000
17		1358	2958.327394000
17		46	2958.388088000
17		1358	2958.401922000
17		1358	2958.413995000
17		43	2958.450586000
17		1358	2958.500764000
17		41	2958.512308000
17		1358	2958.518954000
17		43	2958.573902000
17		1358	2958.586932000
17		41	2958.635934000
17		1358	2958.635969000
17		1358	2958.672359000
17		43	2958.698040000
17		1358	2958.753053000
17		1358	2958.759454000
17		41	2958.760285000
17		41	2958.822353000
17		1358	2958.845303000
17		1358	2958.870492000
17		43	2958.884065000
17		1358	2958.932158000
17		41	2958.946722000
6	0		2958.978724000
6	0		2958.978776000
17		1358	2958.987216000
17		1358	2959.000900000
17		43	2959.008392000
6	0		2959.018334000
6	12		2959.018541000
6	0		2959.057882000
6	12		2959.057940000
6	0		2959.057956000
6	1		2959.058135000
6	4		2959.058152000
6	32		2959.058163000
6	0		2959.058194000
17		1358	2959.068477000
17		43	2959.069969000
6	0		2959.097325000
6	0		2959.097459000
6	0		2959.097477000
6	0		2959.097642000
6	0		2959.097653000
17		1358	2959.104524000
17		41	2959.132470000
17		1358	2959.137559000
17		43	2959.193734000
17		1358	2959.206606000
17		1358	2959.221467000
17		41	2959.255670000
17		1358	2959.275160000
17		43	2959.317795000
17		1358	2959.338226000
17		1358	2959.344288000
17		41	2959.380171000
17		1358	2959.413890000
17		43	2959.442500000
17		1358	2959.455189000
17		1358	2959.482537000
17		41	2959.503825000
17		48	2959.565893000
17		1358	2959.572610000
17		33	2959.579245000
17		1358	2959.596827000
17		41	2959.627775000
17		1358	2959.689727000
17		43	2959.689961000
17		1358	2959.711683000
17		43	2959.751749000
17		1358	2959.806458000
17		41	2959.813700000
17		1358	2959.827766000
17		43	2959.875698000
17		1358	2959.923455000
17		43	2959.937773000
17		1358	2959.941532000
17		41	2960.000470000
17		1358	2960.040583000
17		1358	2960.056369000
17		43	2960.061804000
17		43	2960.123867000
17		41	2960.123894000
17		1358	2960.157725000
17		1358	2960.171365000
17		43	2960.186611000
17		41	2960.248455000
17		1358	2960.258486000
17		1358	2960.274737000
17		43	2960.309807000
17		1358	2960.343403000
17		41	2960.371880000
17		1358	2960.391960000
17		1358	2960.430077000
17		43	2960.433798000
17		41	2960.496028000
17		1358	2960.508949000
17		1358	2960.516227000
17		43	2960.558455000
17		1358	2960.602073000
6	0		2960.609587000
6	0		2960.609637000
17		41	2960.620161000
6	0		2960.624727000
17		1358	2960.626406000
17		43	2960.682477000
17		1358	2960.688568000
17		1358	2960.742661000
17		41	2960.744319000
17		1358	2960.775120000
17		43	2960.805822000
17		1358	2960.859808000
17		1358	2960.859847000
17		43	2960.867754000
17		41	2960.867781000
17		46	2960.929825000
17		1358	2960.946246000
17		33	2960.955786000
17		1358	2960.977701000
17		43	2960.992248000
17		1358	2961.032024000
17		43	2961.053787000
17		1358	2961.094153000
17		41	2961.115999000
17		1358	2961.118840000
17		43	2961.178268000
17		1358	2961.204551000
17		1358	2961.211119000
17		41	2961.239854000
17		1358	2961.290416000
17		43	2961.302165000
17		1358	2961.328175000
17		41	2961.363822000
17		1358	2961.377448000
17		1358	2961.421609000
17		43	2961.426382000
17		1358	2961.462880000
17		43	2961.488061000
17		1358	2961.515970000
17		1358	2961.549789000
17		48	2961.550490000
17		41	2961.550518000
17		33	2961.564733000
17		1358	2961.608929000
17		41	2961.612204000
17		1358	2961.635124000
17		43	2961.674738000
17		1358	2961.703148000
17		1358	2961.720997000
17		43	2961.736310000
17		1358	2961.796185000
17		41	2961.798164000
17		1358	2961.808154000
17		43	2961.859850000
17		1358	2961.889977000
17		1358	2961.894063000
17		41	2961.922167000
17		1358	2961.980454000
17		43	2961.984299000
17		1358	2962.045794000
17		41	2962.046476000
17		1358	2962.065768000
17		43	2962.108320000
17		1358	2962.152103000
17		43	2962.169851000
17		1358	2962.202070000
17		41	2962.232130000
17		1358	2962.238297000
17		43	2962.294481000
17		41	2962.294511000
17		1358	2962.324063000
17		43	2962.355857000
17		1358	2962.358224000
17		1358	2962.411133000
17		41	2962.418159000
17		43	2962.480476000
17		1358	2962.497031000
17		1358	2962.513943000
17		41	2962.542345000
17		1358	2962.583762000
17		43	2962.604470000
17		1358	2962.630913000
17		41	2962.665786000
17		1358	2962.670084000
17		43	2962.728109000
17		1358	2962.748362000
17		1358	2962.757923000
17		41	2962.790167000
17		1358	2962.844755000
17		43	2962.852195000
17		1358	2962.865163000
17		41	2962.913854000
17		1358	2962.931045000
17		43	2962.976274000
17		1358	2962.982130000
17		1358	2963.017865000
17		43	2963.038476000
17		41	2963.038498000
17		1358	2963.099894000
17		43	2963.100186000
17		1358	2963.104322000
17		41	2963.161806000
17		1358	2963.192462000
17		1358	2963.216497000
17		43	2963.224448000
17		1358	2963.279322000
17		43	2963.285723000
17		1358	2963.333272000
17		41	2963.347673000
17		1358	2963.365039000
17		43	2963.410554000
17		1358	2963.450434000
17		1358	2963.452052000
17		43	2963.472304000
17		41	2963.534288000
17		1358	2963.538316000
17		1358	2963.567403000
17		48	2963.596353000
17		33	2963.610526000
17		1358	2963.626513000
17		43	2963.657677000
17		1358	2963.684451000
17		1358	2963.695519000
17		43	2963.719942000
17		46	2963.719965000
17		33	2963.745412000
17		1358	2963.765267000
17		41	2963.782565000
17		1358	2963.801333000
17		1358	2963.833994000
17		43	2963.844443000
17		1358	2963.904207000
17		41	2963.905928000
17		1358	2963.918526000
17		43	2963.968336000
17		1358	2963.973898000
17		43	2964.029756000
17		1358	2964.035470000
17		1358	2964.043541000
17		710	2964.091842000
17		41	2964.091863000
17		38	2964.092863000
17		75	2964.101450000
17		33	2964.101486000
17		1358	2964.112711000
17		1358	2964.152539000
17		43	2964.153646000
17		1358	2964.181904000
17		41	2964.216411000
17		1358	2964.269931000
17		43	2964.278004000
17		1358	2964.298381000
17		41	2964.339901000
17		1358	2964.386722000
17		43	2964.401702000
17		1358	2964.415433000
17		41	2964.463716000
17		1358	2964.503699000
17		43	2964.525809000
17		1358	2964.532771000
17		41	2964.587685000
17		1358	2964.620993000
17		1358	2964.648132000
17		43	2964.650000000
17		41	2964.712034000
17		1358	2964.737771000
17		1358	2964.763671000
17		43	2964.774592000
17		43	2964.836019000
17		1358	2964.855187000
17		1358	2964.880599000
17		41	2964.897878000
17		43	2964.960040000
17		1358	2964.968357000
17		1358	2964.972165000
17		41	2965.021939000
17		1358	2965.055004000
17		43	2965.084569000
17		1358	2965.089741000
17		1358	2965.141506000
17		43	2965.146239000
17		43	2965.208048000
17		41	2965.208071000
17		1358	2965.208388000
17		1358	2965.229411000
17		43	2965.270006000
17		1358	2965.317009000
17		41	2965.332638000
17		1358	2965.333171000
17		43	2965.394403000
17		1358	2965.403963000
17		41	2965.456129000
17		1358	2965.456431000
17		1358	2965.491027000
17		44	2965.517626000
17		43	2965.517650000
17		41	2965.517656000
17		33	2965.543750000
17		1358	2965.578424000
17		48	2965.580136000
17		33	2965.593821000
17		41	2965.641647000
17		1358	2965.642031000
17		1358	2965.666330000
17		43	2965.704070000
17		1358	2965.754901000
17		41	2965.766393000
17		1358	2965.766716000
17		43	2965.828208000
17		1358	2965.842846000
17		41	2965.889758000
17		1358	2965.890079000
17		43	2965.952350000
17		1358	2965.953896000
17		43	2966.013829000
17		41	2966.013864000
17		1358	2966.014148000
17		1358	2966.041121000
17		41	2966.075905000
17		1358	2966.108229000
17		43	2966.138328000
17		1358	2966.139848000
17		41	2966.200201000
17		1358	2966.201878000
17		43	2966.262226000
17		1358	2966.263828000
17		46	2966.323833000
17		1358	2966.324166000
17		43	2966.386097000
17		1358	2966.387612000
17		43	2966.447782000
17		1358	2966.476256000
17		41	2966.510548000
17		1358	2966.510934000
17		43	2966.572525000
17		1358	2966.574024000
17		41	2966.633837000
17		1358	2966.634190000
17		43	2966.695794000
17		41	2966.695834000
17		1358	2966.697334000
17		43	2966.758487000
17		1358	2966.784873000
17		1358	2966.790419000
17		43	2966.820435000
17		1358	2966.872818000
17		41	2966.881952000
17		43	2966.944164000
17		1358	2966.946490000
17		1358	2966.960724000
17		41	2967.005976000
17		43	2967.068166000
17		1358	2967.069674000
6	0		2967.099638000
6	0		2967.099695000
17		1358	2967.102773000
17		43	2967.130560000
6	0		2967.138943000
6	12		2967.139231000
17		1358	2967.157580000
6	0		2967.178516000
6	12		2967.178550000
6	0		2967.178561000
6	1		2967.178748000
6	4		2967.178770000
6	32		2967.178778000
6	0		2967.178799000
17		41	2967.191770000
6	0		2967.218006000
6	0		2967.218043000
6	0		2967.218080000
6	0		2967.218093000
17		43	2967.253714000
17		1358	2967.255423000
17		1358	2967.259031000
17		43	2967.316011000
17		1358	2967.344076000
17		41	2967.378411000
17		1358	2967.378772000
17		43	2967.439652000
17		41	2967.439682000
17		1358	2967.441592000
17		1358	2967.496101000
17		43	2967.502502000
17		1358	2967.528577000
17		41	2967.564146000
17		1358	2967.613555000
17		48	2967.626211000
17		1358	2967.627692000
17		41	2967.688458000
17		1358	2967.730893000
17		43	2967.750013000
17		1358	2967.751917000
17		41	2967.811887000
17		1358	2967.848020000
17		43	2967.874489000
17		1358	2967.876224000
17		41	2967.936074000
17		1358	2967.965769000
17		43	2967.998553000
17		1358	2968.000109000
17		43	2968.060058000
17		1358	2968.087835000
17		41	2968.122458000
17		1358	2968.122873000
17		43	2968.184407000
17		41	2968.184444000
17		1358	2968.186011000
17		1358	2968.239988000
17		43	2968.246142000
17		1358	2968.273748000
17		43	2968.308207000
17		1358	2968.361872000
17		41	2968.370139000
17		1358	2968.370441000
17		43	2968.432173000
17		1358	2968.434310000
17		41	2968.493629000
17		1358	2968.493905000
17		43	2968.555924000
17		1358	2968.558563000
17		43	2968.618095000
17		1358	2968.629096000
17		41	2968.680375000
17		1358	2968.680696000
17		43	2968.741615000
17		43	2968.804208000
17		43	2968.866091000
17		41	2968.866116000
17		41	2968.928096000
17		43	2968.990526000
17		46	2969.052300000
17		33	2969.077782000
17		43	2969.114050000
17		41	2969.175889000
17		43	2969.238149000
17		41	2969.300010000
17		43	2969.362443000
17		41	2969.424241000
17		43	2969.485794000
17		43	2969.548568000
17		41	2969.548591000
17		48	2969.610555000
17		33	2969.624648000
6	0		2969.626922000
6	0		2969.626965000
6	0		2969.643985000
6	41		2969.649319000
6	0		2969.665764000
6	21		2969.665798000
6	0		2969.665810000
6	1080		2969.666861000
17		41	2969.672071000
17		1358	2969.672377000
6	0		2969.683159000
6	440		2969.683638000
6	0		2969.726216000
17		43	2969.734118000
6	48		2969.742528000
6	0		2969.742566000
6	280		2969.746698000
6	0		2969.763087000
6	16		2969.767512000
17		41	2969.796462000
17		1358	2969.796814000
6	0		2969.810225000
6	52		2969.826550000
6	0		2969.826593000
6	52		2969.826726000
6	100		2969.855675000
17		43	2969.857944000
17		1358	2969.859460000
6	0		2969.898228000
17		1358	2969.914062000
17		43	2969.920211000
17		1358	2969.948121000
17		41	2969.982017000
17		1358	2970.031202000
17		43	2970.044290000
17		1358	2970.045909000
17		41	2970.106238000
17		1358	2970.133971000
17		1358	2970.147969000
17		43	2970.168041000
17		1358	2970.221026000
17		43	2970.230270000
17		1358	2970.265175000
17		41	2970.292067000
17		1358	2970.307455000
17		41	2970.354308000
17		1358	2970.382385000
17		1358	2970.394533000
17		43	2970.415778000
17		41	2970.477665000
17		1358	2970.480592000
17		1358	2970.499384000
17		43	2970.539777000
17		1358	2970.568383000
17		41	2970.602367000
17		1358	2970.616156000
17		1358	2970.655109000
17		43	2970.664670000
17		43	2970.726242000
17		1358	2970.733793000
17		1358	2970.741532000
17		41	2970.788231000
17		1358	2970.828235000
17		43	2970.849692000
17		1358	2970.850243000
17		41	2970.912001000
17		1358	2970.914928000
17		1358	2970.967523000
17		43	2970.974257000
17		1358	2971.003279000
17		43	2971.036049000
17		41	2971.036074000
17		1358	2971.084742000
17		1358	2971.089252000
17		43	2971.098377000
17		41	2971.160207000
17		1358	2971.176692000
17		1358	2971.208461000
17		43	2971.222565000
17		1358	2971.262505000
17		41	2971.284482000
17		1358	2971.332268000
17		43	2971.345893000
17		1358	2971.350314000
17		41	2971.408227000
17		1358	2971.437454000
17		1358	2971.456219000
17		43	2971.470453000
17		1358	2971.523712000
17		43	2971.532383000
17		1358	2971.580472000
17		41	2971.593615000
17		1358	2971.610902000
17		43	2971.655665000
17		1358	2971.697410000
17		1358	2971.703934000
17		48	2971.718536000
17		46	2971.718569000
17		33	2971.733159000
17		33	2971.744242000
17		41	2971.779968000
17		1358	2971.785147000
17		1358	2971.827890000
17		43	2971.841643000
17		1358	2971.871724000
17		43	2971.904003000
17		1358	2971.927303000
17		1358	2971.940687000
17		41	2971.965786000
17		1358	2972.014684000
17		1358	2972.026439000
17		43	2972.027918000
6	68		2972.039908000
6	52		2972.056396000
6	0		2972.056441000
6	0		2972.056461000
6	0		2972.058460000
6	0		2972.074831000
17		1358	2972.089860000
17		41	2972.090499000
17		1358	2972.125445000
17		43	2972.151827000
17		1358	2972.164762000
17		43	2972.214579000
17		1358	2972.224437000
17		1358	2972.238821000
17		41	2972.275679000
17		1358	2972.312495000
17		1358	2972.323724000
17		43	2972.337946000
17		1358	2972.386681000
17		41	2972.400079000
17		1358	2972.422869000
17		1358	2972.461303000
17		43	2972.461817000
17		41	2972.524275000
17		1358	2972.536217000
17		43	2972.586501000
17		1358	2972.588206000
17		41	2972.648525000
17		1358	2972.655021000
17		43	2972.710411000
17		1358	2972.753458000
17		41	2972.772013000
17		1358	2972.774487000
17		43	2972.833710000
17		1358	2972.894221000
17		43	2972.895803000
17		1358	2972.918774000
17		41	2972.958099000
17		91	2973.013597000
17		43	2973.019855000
17		41	2973.081657000
17		1358	2973.083707000
17		43	2973.144299000
17		43	2973.206355000
17		41	2973.206380000
17		1358	2973.206685000
17		43	2973.268043000
17		41	2973.329757000
17		1358	2973.331656000
17		43	2973.392307000
17		41	2973.454262000
17		1358	2973.454585000
17		43	2973.516307000
17		43	2973.577743000
17		1358	2973.579647000
17		41	2973.640038000
17		43	2973.702236000
17		1358	2973.703679000
17		41	2973.763915000
17		48	2973.825842000
17		1358	2973.827298000
17		33	2973.840583000
17		43	2973.888753000
17		41	2973.888777000
17		1125	2973.950061000
17		41	2973.950091000
17		1358	2973.950355000
17		39	2973.950717000
17		1358	2973.951690000
17		1358	2973.951699000
17		1358	2973.951703000
17		1358	2973.951706000
17		1358	2973.951709000
17		1358	2973.951713000
17		1358	2973.951716000
17		1358	2973.951719000
17		1358	2973.951723000
17		1358	2973.951726000
17		41	2974.011799000
17		1358	2974.042412000
17		41	2974.073608000
17		1358	2974.075191000
17		1358	2974.131384000
17		46	2974.135953000
17		33	2974.161411000
17		41	2974.198382000
17		1358	2974.198691000
17		1358	2974.220921000
17		41	2974.260545000
17		1358	2974.310402000
17		41	2974.322105000
17		1358	2974.322509000
17		43	2974.383696000
17		41	2974.383719000
17		49	2974.446277000
17		1358	2974.446950000
17		33	2974.459509000
17		43	2974.508029000
17		43	2974.569919000
17		1358	2974.570682000
17		1358	2974.571507000
17		43	2974.631694000
17		1358	2974.633377000
17		43	2974.693847000
17		1358	2974.694476000
17		1358	2974.724122000
17		43	2974.756438000
17		1358	2974.815431000
17		43	2974.818336000
17		1358	2974.818609000
17		43	2974.879690000
17		1358	2974.904345000
17		43	2974.941804000
17		1358	2974.942214000
17		1358	2974.993788000
17		43	2975.003796000
17		41	2975.065852000
17		624	2975.065881000
17		1358	2975.065996000
17		36	2975.066644000
17		77	2975.074997000
17		33	2975.075040000
17		1358	2975.083357000
17		43	2975.128175000
17		1358	2975.173308000
17		1358	2975.189981000
17		41	2975.190552000
6	0		2975.219157000
6	0		2975.219214000
17		43	2975.252249000
6	0		2975.258536000
6	12		2975.258792000
17		1358	2975.262035000
6	0		2975.298027000
6	12		2975.298114000
6	0		2975.298129000
6	1		2975.298543000
6	4		2975.298560000
6	32		2975.298567000
6	0		2975.298575000
17		1358	2975.313969000
17		43	2975.314362000
6	0		2975.337865000
6	0		2975.337957000
6	0		2975.337965000
6	0		2975.337979000
17		1358	2975.352059000
17		41	2975.375965000
17		1358	2975.437459000
17		41	2975.438140000
17		1358	2975.440985000
17		43	2975.500273000
17		41	2975.500301000
17		1358	2975.531410000
17		1358	2975.561207000
17		43	2975.562365000
17		1358	2975.608141000
17		41	2975.624214000
17		1358	2975.685206000
17		1358	2975.685252000
17		43	2975.686353000
17		43	2975.748515000
17		1358	2975.762918000
17		1358	2975.809091000
17		41	2975.810491000
17		1358	2975.840705000
17		43	2975.871995000
17		1358	2975.918614000
17		1358	2975.932609000
17		41	2975.933926000
17		1358	2975.996021000
17		43	2975.996104000
17		1358	2976.056647000
17		44	2976.057977000
17		41	2976.058008000
17		41	2976.058016000
17		1358	2976.073481000
17		33	2976.083862000
17		43	2976.119882000
17		1358	2976.153943000
17		1358	2976.180281000
17		48	2976.182002000
17		33	2976.196606000
17		1358	2976.213018000
17		41	2976.243703000
17		1358	2976.274965000
17		1358	2976.304440000
17		43	2976.305808000
17		41	2976.305833000
17		1358	2976.337251000
17		43	2976.368021000
17		1358	2976.398694000
17		1358	2976.428220000
17		41	2976.430417000
17		1358	2976.460727000
17		43	2976.492578000
17		1358	2976.522463000
17		1358	2976.551997000
17		43	2976.554192000
17		1358	2976.585525000
17		41	2976.616012000
17		1358	2976.675600000
17		43	2976.677834000
17		1358	2976.688304000
17		41	2976.739715000
17		1358	2976.774715000
17		1358	2976.791586000
17		43	2976.802481000
17		43	2976.864044000
17		1358	2976.873634000
17		1358	2976.895157000
17		41	2976.925938000
17		1358	2976.973043000
17		43	2976.988330000
17		1358	2976.999599000
17		46	2977.050351000
17		1358	2977.071883000
17		1358	2977.076819000
17		43	2977.111972000
17		1358	2977.154557000
17		41	2977.173779000
17		1358	2977.232281000
17		43	2977.235810000
17		1358	2977.236774000
6	0		2977.257833000
6	0		2977.257895000
17		43	2977.298612000
17		1358	2977.309090000
17		41	2977.360021000
17		1358	2977.387667000
17		1358	2977.401785000
17		43	2977.422238000
6	0		2977.446656000
6	41		2977.453813000
17		1358	2977.464504000
17		43	2977.484027000
17		1358	2977.543713000
17		41	2977.546547000
17		1358	2977.566952000
17		43	2977.608063000
17		1358	2977.622817000
6	0		2977.642353000
6	21		2977.647917000
6	0		2977.647953000
6	1080		2977.648942000
17		43	2977.670225000
17		1358	2977.690741000
17		1358	2977.701827000
17		43	2977.732521000
17		41	2977.732545000
17		1358	2977.780216000
17		43	2977.794268000
17		1358	2977.814449000
6	440		2977.846115000
17		41	2977.856519000
17		1358	2977.859033000
6	0		2977.886224000
17		43	2977.918047000
17		1358	2977.937285000
17		1358	2977.938506000
17		41	2977.980518000
17		43	2978.042568000
17		1358	2978.044132000
17		1358	2978.063096000
6	48		2978.074744000
6	0		2978.074790000
6	280		2978.078973000
17		41	2978.103875000
17		48	2978.165786000
17		1358	2978.167395000
17		1358	2978.185991000
17		41	2978.228243000
6	16		2978.278995000
17		43	2978.290336000
17		1358	2978.291619000
17		1358	2978.310037000
6	0		2978.322240000
17		41	2978.352260000
17		43	2978.414584000
17		1358	2978.416188000
17		1358	2978.433721000
17		43	2978.475886000
17		41	2978.475910000
17		1358	2978.494903000
6	52		2978.510760000
6	0		2978.510798000
6	52		2978.510881000
17		43	2978.537786000
17		1358	2978.557428000
17		1358	2978.572889000
17		43	2978.600123000
17		1358	2978.651839000
17		41	2978.662472000
17		1358	2978.681481000
6	84		2978.699581000
17		43	2978.724087000
17		1358	2978.730449000
6	0		2978.742223000
17		43	2978.785750000
17		1358	2978.805031000
17		1358	2978.808996000
17		41	2978.847642000
17		43	2978.909840000
17		1358	2978.911059000
17		1358	2978.928979000
17		43	2978.972337000
17		1358	2978.989346000
17		41	2979.034076000
17		1358	2979.052956000
17		43	2979.095849000
17		1358	2979.096905000
17		43	2979.158239000
17		41	2979.158270000
17		1358	2979.175327000
17		1358	2979.176497000
17		43	2979.220073000
17		1358	2979.253070000
17		41	2979.281732000
17		1358	2979.300293000
17		43	2979.344660000
17		1358	2979.345689000
17		43	2979.405715000
17		1358	2979.424000000
17		1358	2979.424485000
17		41	2979.467792000
17		43	2979.529725000
17		1358	2979.531323000
17		1358	2979.548004000
17		41	2979.591823000
17		43	2979.654274000
17		1358	2979.655757000
17		1358	2979.671938000
17		41	2979.716237000
17		43	2979.778443000
17		1358	2979.779647000
17		1358	2979.796138000
17		43	2979.839954000
17		41	2979.839981000
17		1358	2979.841333000
17		46	2979.902235000
17		1358	2979.920171000
17		43	2979.964536000
17		1358	2979.966164000
17		41	2980.026151000
17		1358	2980.044249000
17		48	2980.088575000
17		1358	2980.089131000
17		43	2980.149675000
17		1358	2980.151304000
17		1358	2980.168175000
17		41	2980.212078000
17		43	2980.274355000
17		1358	2980.275713000
17		1358	2980.291580000
17		41	2980.336337000
17		43	2980.398023000
17		1358	2980.399678000
17		1358	2980.415452000
6	68		2980.451970000
17		43	2980.460387000
17		1358	2980.504521000
17		41	2980.522512000
17		1358	2980.539417000
17		43	2980.583712000
17		41	2980.583735000
17		1358	2980.608812000
17		1358	2980.638700000
6	52		2980.643208000
6	0		2980.643255000
6	0		2980.643275000
6	0		2980.645210000
17		43	2980.645819000
17		43	2980.707961000
17		1358	2980.713499000
17		41	2980.769807000
17		1358	2980.770220000
17		1358	2980.792141000
17		43	2980.831899000
6	0		2980.833683000
17		1358	2980.869620000
17		41	2980.894238000
17		1358	2980.894605000
17		43	2980.956265000
17		1358	2980.957802000
17		41	2981.017939000
17		1358	2981.018455000
17		43	2981.080020000
17		1358	2981.081591000
17		43	2981.141630000
17		1358	2981.159508000
17		41	2981.204518000
17		1358	2981.204865000
17		43	2981.266157000
17		41	2981.266205000
17		1358	2981.267758000
17		43	2981.328257000
17		1358	2981.346092000
17		1358	2981.370474000
17		41	2981.390092000
17		43	2981.451870000
17		1358	2981.453471000
17		41	2981.514062000
17		1358	2981.535888000
17		43	2981.575820000
17		1358	2981.577394000
17		41	2981.638051000
17		1358	2981.659955000
17		43	2981.699696000
17		1358	2981.701222000
17		43	2981.762206000
17		1358	2981.778959000
17		1358	2981.783708000
17		41	2981.824299000
17		43	2981.885825000
17		1358	2981.887322000
17		1358	2981.907462000
17		43	2981.948341000
17		41	2981.948365000
17		1358	2981.966326000
17		41	2982.009904000
17		1358	2982.031369000
17		48	2982.072568000
17		1358	2982.074095000
17		41	2982.134653000
17		1358	2982.155221000
17		43	2982.196304000
17		1358	2982.197821000
17		41	2982.258255000
17		1358	2982.279191000
17		43	2982.320076000
17		1358	2982.321620000
17		41	2982.382251000
17		1358	2982.403035000
17		43	2982.443861000
17		1358	2982.445400000
17		43	2982.506399000
17		1358	2982.523746000
17		1358	2982.527169000
17		46	2982.568724000
17		33	2982.594139000
17		43	2982.630422000
17		1358	2982.632588000
17		1358	2982.650677000
17		43	2982.691729000
17		41	2982.691756000
17		1358	2982.711527000
17		43	2982.753721000
17		1358	2982.775086000
17		1358	2982.789489000
17		41	2982.816534000
17		43	2982.877732000
17		1358	2982.879206000
17		1358	2982.899004000
17		43	2982.939786000
17		1358	2982.958037000
17		41	2983.002100000
17		1358	2983.022927000
17		43	2983.064521000
17		1358	2983.065201000
17		41	2983.126097000
17		1358	2983.146791000
17		43	2983.188472000
17		1358	2983.190014000
17		41	2983.249905000
17		1358	2983.270811000
17		43	2983.312449000
17		1358	2983.313956000
17		43	2983.374239000
17		41	2983.374261000
17		1358	2983.392906000
17		1358	2983.394718000
17		43	2983.436478000
17		1358	2983.470920000
17		41	2983.497636000
17		1358	2983.518748000
17		43	2983.560167000
17		1358	2983.561333000
17		41	2983.621693000
17		1358	2983.642930000
17		43	2983.684520000
17		1358	2983.686004000
17		41	2983.746047000
17		1358	2983.766776000
6	0		2983.792968000
6	0		2983.793028000
17		43	2983.808158000
17		1358	2983.809472000
17		41	2983.869787000
17		1358	2983.890710000
17		43	2983.932022000
17		1358	2983.933542000
17		41	2983.993660000
17		1358	2984.014667000
17		43	2984.056020000
17		1358	2984.056934000
17		41	2984.117980000
17		1358	2984.138530000
17		1358	2984.162060000
17		48	2984.180507000
17		33	2984.194468000
17		41	2984.242160000
17		1358	2984.263069000
17		1358	2984.263868000
17		43	2984.304541000
17		41	2984.365825000
17		1358	2984.368174000
17		1358	2984.387213000
17		43	2984.428540000
17		43	2984.490525000
17		41	2984.552369000
17		43	2984.613808000
17		41	2984.676062000
17		43	2984.738035000
17		43	2984.800346000
17		41	2984.800372000
17		41	2984.862114000
17		43	2984.924367000
17		43	2984.986413000
6	0		2985.034132000
6	0		2985.034179000
17		41	2985.048444000
17		689	2985.109684000
17		43	2985.109708000
17		36	2985.110474000
17		77	2985.119438000
17		33	2985.120157000
17		46	2985.172152000
17		33	2985.197617000
17		43	2985.234302000
17		41	2985.295758000
17		43	2985.358634000
17		41	2985.420240000
17		43	2985.481787000
17		41	2985.481815000
17		1358	2985.482191000
17		43	2985.543799000
17		1358	2985.544723000
17		41	2985.606608000
17		1358	2985.607156000
17		43	2985.668303000
17		1358	2985.669849000
17		41	2985.730141000
17		1358	2985.730473000
17		43	2985.792229000
17		1358	2985.793861000
17		41	2985.853726000
17		1358	2985.854063000
17		43	2985.916474000
17		1358	2985.917834000
17		43	2985.977680000
17		1358	2985.995795000
17		44	2986.039851000
17		41	2986.039882000
17		41	2986.039889000
17		1358	2986.040199000
17		33	2986.066237000
17		1358	2986.074023000
17		41	2986.101813000
17		1358	2986.151685000
17		1358	2986.164206000
17		43	2986.164430000
17		41	2986.225859000
17		1358	2986.229418000
6	0		2986.283992000
6	0		2986.284041000
17		1358	2986.288057000
17		43	2986.288401000
17		1358	2986.306075000
17		48	2986.350136000
17		41	2986.350165000
17		33	2986.364757000
17		1358	2986.385151000
17		1358	2986.411648000
17		41	2986.412184000
17		1171	2986.412209000
17		36	2986.412978000
17		1358	2986.461938000
17		43	2986.473719000
17		108	2986.500795000
17		83	2986.502663000
17		1358	2986.535714000
17		43	2986.536292000
17		1358	2986.537775000
17		41	2986.597854000
17		1358	2986.616575000
17		1358	2986.659759000
17		43	2986.660097000
17		1358	2986.694671000
17		43	2986.721724000
17		1358	2986.772377000
17		1358	2986.783402000
17		41	2986.783883000
17		43	2986.846501000
17		1358	2986.848115000
17		1358	2986.906987000
17		41	2986.908576000
17		1358	2986.927570000
17		43	2986.970203000
17		1358	2987.004562000
17		1358	2987.031033000
17		43	2987.031902000
17		1358	2987.081602000
17		41	2987.094243000
17		41	2987.094263000
17		1358	2987.154580000
17		44	2987.156194000
17		43	2987.156226000
17		41	2987.156233000
17		1358	2987.157863000
17		33	2987.182048000
17		41	2987.217902000
17		1358	2987.221794000
17		1358	2987.279090000
17		43	2987.280675000
17		1358	2987.282694000
17		41	2987.342254000
17		1358	2987.345364000
17		1358	2987.402524000
17		43	2987.403759000
17		1358	2987.408689000
17		43	2987.465898000
17		1358	2987.470223000
6	0		2987.524281000
6	0		2987.524361000
17		1358	2987.526274000
17		41	2987.527746000
17		1358	2987.531791000
17		43	2987.590492000
17		1358	2987.593243000
17		1358	2987.649745000
17		41	2987.651886000
17		1358	2987.656041000
17		43	2987.713911000
17		1358	2987.717562000
17		1358	2987.773677000
17		43	2987.776230000
17		1358	2987.821356000
17		46	2987.837767000
17		33	2987.863263000
17		1358	2987.897576000
17		43	2987.900553000
17		1358	2987.924635000
17		41	2987.962482000
17		1358	2988.021219000
17		43	2988.023830000
17		1358	2988.027759000
17		41	2988.086418000
17		1358	2988.131467000
17		1358	2988.145253000
17		43	2988.148295000
17		43	2988.210591000
17		1358	2988.234765000
17		1358	2988.269044000
17		41	2988.272602000
17		43	2988.334542000
17		1358	2988.338784000
17		1358	2988.392762000
17		48	2988.396387000
17		33	2988.410570000
17		1358	2988.415566000
17		41	2988.458236000
17		1358	2988.492780000
17		1358	2988.516785000
17		43	2988.519975000
17		1358	2988.570730000
17		43	2988.582138000
6	0		2988.592179000
6	0		2988.592223000
17		1358	2988.640669000
17		41	2988.643870000
17		1358	2988.648661000
17		43	2988.706045000
17		1358	2988.725949000
17		1358	2988.765137000
17		41	2988.767759000
17		1358	2988.804016000
17		43	2988.830472000
17		1358	2988.881191000
17		1358	2988.888627000
17		41	2988.892294000
17		43	2988.954475000
17		1358	2988.957928000
17		1358	2989.012753000
17		41	2989.016015000
17		1358	2989.035688000
17		43	2989.078015000
17		1358	2989.114341000
17		1358	2989.137099000
17		43	2989.139984000
17		1358	2989.191533000
17		41	2989.201827000
17		1358	2989.261614000
17		43	2989.264049000
17		1358	2989.268189000
17		41	2989.326354000
17		1358	2989.351549000
17		1358	2989.360448000
17		43	2989.388503000
17		1358	2989.433256000
17		41	2989.450160000
17		1358	2989.458955000
17		43	2989.511704000
17		1358	2989.516332000
17		1358	2989.558225000
17		41	2989.573996000
17		1358	2989.599296000
17		43	2989.635688000
17		1358	2989.659722000
17		1358	2989.682727000
17		41	2989.698451000
6	0		2989.738567000
6	0		2989.738623000
17		1358	2989.756561000
17		43	2989.760449000
17		1358	2989.764220000
17		43	2989.821716000
17		1358	2989.847919000
17		1358	2989.855958000
17		41	2989.884313000
6	0		2989.923887000
17		1358	2989.930502000
6	41		2989.931957000
17		43	2989.946286000
17		1358	2989.955295000
17		43	2990.007802000
17		1358	2990.012224000
17		41	2990.070901000
17		1358	2990.096847000
6	0		2990.117839000
17		1358	2990.121017000
6	21		2990.129273000
6	0		2990.129311000
6	1080		2990.130352000
17		43	2990.132414000
17		1358	2990.178002000
17		43	2990.194152000
17		41	2990.194205000
17		43	2990.256331000
17		1358	2990.261131000
17		1358	2990.286368000
17		41	2990.318111000
6	440		2990.322429000
17		1358	2990.345672000
6	0		2990.366233000
17		43	2990.380286000
17		1358	2990.427208000
17		41	2990.441824000
17		1358	2990.451759000
17		48	2990.504429000
17		1358	2990.510697000
6	48		2990.551573000
6	0		2990.551639000
6	280		2990.555697000
17		43	2990.566260000
17		1358	2990.593686000
17		1358	2990.617273000
17		41	2990.627706000
17		43	2990.690472000
17		1358	2990.692040000
17		46	2990.752412000
6	16		2990.753969000
17		33	2990.778482000
17		1358	2990.782434000
6	0		2990.794224000
17		43	2990.814468000
17		1358	2990.816077000
6	0		2990.850390000
6	0		2990.850446000
17		43	2990.875909000
17		41	2990.875941000
17		1358	2990.899395000
17		1358	2990.906678000
17		41	2990.938251000
6	52		2990.979528000
6	0		2990.979570000
6	52		2990.979686000
17		43	2991.000426000
17		1358	2991.001992000
17		1358	2991.030717000
17		41	2991.061961000
6	0		2991.109699000
6	41		2991.115644000
17		43	2991.123889000
17		1358	2991.125333000
17		1358	2991.154569000
6	84		2991.169047000
17		43	2991.185979000
17		1358	2991.209190000
6	0		2991.210208000
17		41	2991.248549000
17		1358	2991.278506000
17		43	2991.310533000
17		1358	2991.311362000
6	0		2991.339063000
6	0		2991.339119000
17		41	2991.372595000
6	0		2991.374507000
6	21		2991.374550000
6	0		2991.374561000
6	1080		2991.375704000
6	0		2991.378659000
6	12		2991.378874000
17		1358	2991.402504000
6	0		2991.418146000
6	12		2991.418187000
6	0		2991.418200000
6	1		2991.418349000
6	4		2991.418361000
6	32		2991.418370000
6	0		2991.418381000
17		43	2991.434532000
17		1358	2991.436310000
6	0		2991.457615000
6	0		2991.457656000
6	0		2991.457661000
6	0		2991.457814000
6	0		2991.457836000
17		43	2991.495770000
17		1358	2991.519791000
17		1358	2991.526516000
17		41	2991.558274000
17		43	2991.619837000
17		1358	2991.621451000
6	440		2991.638711000
17		1358	2991.650603000
6	0		2991.682201000
17		41	2991.682556000
17		1358	2991.705571000
17		43	2991.743811000
17		1358	2991.774741000
17		1358	2991.787796000
17		43	2991.805907000
17		41	2991.867936000
17		1358	2991.871848000
17		1358	2991.898931000
17		43	2991.930481000
6	48		2991.941265000
6	0		2991.941301000
6	280		2991.945325000
17		1358	2991.956081000
17		43	2991.992101000
17		1358	2992.022749000
17		41	2992.054030000
17		1358	2992.055086000
17		43	2992.116099000
17		1358	2992.117771000
17		41	2992.178059000
17		1358	2992.178398000
6	16		2992.210712000
17		43	2992.240175000
17		1358	2992.242291000
6	0		2992.254240000
17		43	2992.301995000
17		41	2992.302020000
17		1358	2992.302307000
17		1358	2992.309446000
17		43	2992.364109000
17		1358	2992.376194000
17		41	2992.426785000
17		1358	2992.427126000
17		48	2992.488399000
17		1358	2992.489978000
6	52		2992.513123000
6	0		2992.513167000
6	52		2992.513270000
17		41	2992.550598000
17		1358	2992.550942000
17		43	2992.612418000
17		1358	2992.613927000
17		41	2992.673943000
17		1358	2992.674253000
17		43	2992.735985000
17		1358	2992.737556000
6	84		2992.772052000
17		41	2992.798497000
17		1358	2992.798836000
6	0		2992.814215000
17		43	2992.859745000
17		1358	2992.860928000
17		43	2992.921939000
17		1358	2992.971750000
17		41	2992.983994000
17		1358	2992.984303000
17		43	2993.046255000
17		41	2993.046277000
17		1358	2993.082176000
17		43	2993.107692000
17		1358	2993.108669000
17		1358	2993.165953000
17		41	2993.170266000
17		43	2993.232335000
17		1358	2993.233176000
17		1358	2993.249355000
17		43	2993.294586000
17		1358	2993.332873000
17		41	2993.356345000
17		1358	2993.356792000
6	68		2993.372364000
17		43	2993.418247000
17		1358	2993.420244000
17		43	2993.480317000
17		1358	2993.503606000
17		46	2993.542525000
17		1358	2993.542856000
6	52		2993.565070000
6	0		2993.565114000
6	0		2993.565134000
6	0		2993.566299000
17		43	2993.603946000
17		1358	2993.605643000
17		41	2993.665865000
17		1358	2993.666271000
17		43	2993.728573000
17		41	2993.728600000
17		1358	2993.730148000
6	0		2993.751515000
17		43	2993.790473000
17		1358	2993.791305000
17		1358	2993.812931000
17		43	2993.852224000
17		1358	2993.896196000
17		41	2993.914062000
17		1358	2993.914504000
17		43	2993.975759000
17		1358	2993.980360000
17		41	2994.038431000
17		1358	2994.038794000
17		43	2994.099694000
17		1358	2994.101300000
17		41	2994.162029000
17		1358	2994.162348000
17		43	2994.223981000
17		1358	2994.225608000
17		41	2994.286390000
17		1358	2994.286761000
17		43	2994.348005000
17		1358	2994.349569000
17		43	2994.409636000
17		41	2994.409660000
17		1358	2994.409959000
17		1358	2994.432987000
17		48	2994.472344000
17		33	2994.485966000
17		1358	2994.515991000
17		41	2994.534079000
17		1358	2994.534519000
17		43	2994.596200000
17		1358	2994.599838000
17		41	2994.657760000
17		1358	2994.658096000
17		43	2994.720267000
17		1358	2994.721882000
6	68		2994.779810000
17		43	2994.782230000
17		1358	2994.805232000
17		41	2994.843911000
17		1358	2994.844264000
17		43	2994.906239000
17		1358	2994.907799000
17		43	2994.967779000
17		1358	2994.991275000
17		41	2995.029831000
17		1358	2995.030190000
6	52		2995.038909000
6	0		2995.038961000
6	0		2995.038990000
6	0		2995.041188000
17		43	2995.092309000
17		1358	2995.094117000
17		43	2995.153872000
17		41	2995.153897000
17		1358	2995.177498000
17		1358	2995.196058000
17		41	2995.216516000
17		43	2995.278524000
17		1358	2995.280554000
6	0		2995.299958000
17		43	2995.340590000
17		1358	2995.361661000
17		1358	2995.364875000
17		41	2995.402455000
17		43	2995.464396000
17		1358	2995.466025000
17		41	2995.526295000
17		1358	2995.526673000
17		43	2995.588420000
17		1358	2995.590076000
17		41	2995.649740000
17		1358	2995.692403000
17		43	2995.712260000
17		1358	2995.713600000
17		41	2995.774692000
17		1358	2995.816769000
17		43	2995.836269000
17		41	2995.836292000
17		1358	2995.837632000
17		43	2995.898410000
17		1358	2995.921718000
17		1358	2995.940291000
17		43	2995.960043000
17		1358	2996.005645000
17		41	2996.022272000
17		1358	2996.064342000
17		43	2996.083914000
17		1358	2996.089574000
17		46	2996.146374000
17		33	2996.172026000
17		1358	2996.188760000
17		43	2996.207908000
17		1358	2996.209514000
17		43	2996.270145000
17		1358	2996.293741000
17		1358	2996.312300000
17		41	2996.331750000
17		43	2996.394602000
17		1358	2996.396246000
17		1358	2996.436262000
17		48	2996.456617000
17		33	2996.471127000
17		1358	2996.479727000
17		41	2996.518277000
17		1358	2996.560339000
17		43	2996.580096000
17		41	2996.642251000
17		43	2996.703714000
17		41	2996.765699000
17		43	2996.827895000
17		43	2996.889965000
17		41	2996.952028000
17		43	2997.014502000
17		41	2997.076205000
17		43	2997.138544000
17		41	2997.200581000
17		43	2997.262224000
17		41	2997.323927000
17		43	2997.386266000
17		41	2997.448277000
17		1358	2997.448696000
17		43	2997.510531000
17		1358	2997.512115000
17		41	2997.571906000
17		1358	2997.572250000
17		43	2997.634250000
17		1358	2997.635994000
17		43	2997.696637000
17		1358	2997.719170000
17		41	2997.758217000
17		1358	2997.758605000
17		43	2997.820393000
17		1358	2997.821984000
17		41	2997.881964000
17		1358	2997.882272000
17		1358	2997.906082000
17		43	2997.944348000
17		1358	2997.988608000
17		41	2998.006356000
17		1358	2998.006721000
17		43	2998.067855000
17		1358	2998.070696000
17		41	2998.130668000
17		1358	2998.137365000
17		1358	2998.154002000
17		43	2998.192192000
17		1358	2998.236365000
17		43	2998.254253000
17		1358	2998.266297000
17		41	2998.316325000
17		1358	2998.319246000
17		43	2998.378521000
17		1358	2998.396058000
17		1358	2998.401497000
17		41	2998.440276000
17		1358	2998.484271000
17		43	2998.501697000
17		1358	2998.525489000
17		43	2998.564566000
17		1358	2998.566270000
17		41	2998.626471000
17		1358	2998.650235000
17		1358	2998.655331000
17		48	2998.688453000
17		33	2998.701975000
17		1358	2998.732561000
17		43	2998.750159000
17		41	2998.750657000
17		1358	2998.785415000
17		43	2998.812112000
17		1358	2998.813624000
17		41	2998.874408000
17		1358	2998.897536000
17		1358	2998.914709000
17		43	2998.935852000
17		1358	2998.980515000
17		46	2998.997667000
17		33	2999.024067000
17		1358	2999.044399000
17		43	2999.059686000
17		1358	2999.061244000
17		43	2999.122837000
17		1358	2999.145294000
17		1358	2999.173975000
17		41	2999.184205000
17		1358	2999.228565000
17		43	2999.246551000
17		1358	2999.303689000
17		43	2999.307980000
17		1358	2999.309386000
17		41	2999.369805000
17		1358	2999.393260000
17		43	2999.431728000
17		1358	2999.433328000
6	0		2999.458744000
6	0		2999.458793000
6	0		2999.461026000
6	0		2999.461061000
17		1358	2999.476367000
17		43	2999.494146000
17		41	2999.494214000
6	0		2999.498082000
6	12		2999.498339000
17		1358	2999.537076000
6	0		2999.537605000
6	12		2999.537668000
6	0		2999.537677000
6	1		2999.537820000
6	4		2999.537832000
6	32		2999.537840000
6	0		2999.537851000
17		43	2999.556535000
17		1358	2999.557475000
6	0		2999.577128000
6	0		2999.577167000
6	0		2999.577173000
6	0		2999.577212000
6	0		2999.577264000
17		41	2999.618245000
17		1358	2999.640945000
17		1358	2999.642090000
17		43	2999.679941000
17		1358	2999.725039000
17		41	2999.742471000
17		1358	2999.744739000
17		43	2999.804298000
17		1358	2999.805871000
17		1358	2999.848574000
17		43	2999.865968000
17		1358	2999.890050000
17		41	2999.927680000
17		1358	2999.952221000
17		1358	2999.972081000
17		43	2999.989634000
17		41	3000.052293000
17		1358	3000.055814000
17		1358	3000.056605000
17		43	3000.113796000
17		1358	3000.138564000
17		43	3000.176123000
17		41	3000.176153000
17		1358	3000.220462000
17		1358	3000.229036000
17		43	3000.238055000
17		41	3000.300055000
17		1358	3000.303317000
17		43	3000.362304000
17		1358	3000.385957000
17		1358	3000.402257000
17		41	3000.424302000
17		1358	3000.468413000
17		43	3000.486314000
6	0		3000.500475000
6	0		3000.500510000
17		48	3000.548583000
17		1358	3000.550195000
17		1358	3000.574671000
17		41	3000.610564000
17		1358	3000.634619000
17		43	3000.671987000
17		1358	3000.717244000
17		1358	3000.747905000
17		1358	3000.788362000
17		1358	3000.859605000
17		43	3000.859714000
17		41	3000.859733000
17		1358	3000.877726000
17		1358	3000.931410000
17		1358	3001.003113000
17		1358	3001.007671000
17		41	3001.046557000
17		1358	3001.137072000
17		43	3001.233118000
17		1358	3001.234724000
17		1358	3001.267016000
17		1358	3001.355008000
17		1358	3001.396413000
17		41	3001.420216000
17		1358	3001.526021000
17		43	3001.606890000
17		1358	3001.608497000
17		1358	3001.655293000
17		43	3001.794288000
17		1358	3001.795183000
6	0		3001.846969000
6	0		3001.847022000
6	0		3001.889084000
17		41	3001.981603000
17		1358	3001.982101000
17		43	3002.167795000
17		1358	3002.169427000
17		43	3002.355445000
17		1358	3002.356913000
17		41	3002.541795000
17		41	3002.541824000
17		1358	3002.542113000
17		35	3002.543615000
17		43	3002.729331000
17		1358	3002.730352000
17		43	3002.916053000
17		1358	3002.918181000
17		41	3003.103566000
17		1358	3003.103939000
17		43	3003.289838000
17		1358	3003.291560000
17		1358	3003.382528000
17		41	3003.477231000
17		1358	3003.477723000
17		43	3003.664091000
17		1358	3003.666082000
17		43	3003.851357000
17		1358	3003.852455000
17		41	3004.038276000
17		1358	3004.038609000
17		711	3004.225606000
17		43	3004.225633000
17		36	3004.227054000
17		1358	3004.227320000
17		75	3004.235661000
17		33	3004.235702000
17		43	3004.411953000
17		1358	3004.413601000
17		46	3004.598996000
17		1358	3004.599817000
17		41	3004.786020000
17		1358	3004.786315000
17		44	3004.973285000
17		1358	3004.975447000
17		41	3005.159825000
17		654	3005.159854000
17		1358	3005.160202000
17		36	3005.160533000
17		77	3005.169192000
17		33	3005.169230000
17		43	3005.346627000
17		41	3005.346657000
17		1358	3005.346960000
17		1358	3005.347289000
17		41	3005.534531000
17		767	3005.534558000
17		1358	3005.534895000
17		36	3005.535274000
17		79	3005.546739000
17		33	3005.546789000
17		43	3005.721644000
17		1358	3005.723315000
17		41	3005.907961000
17		1358	3005.908442000
17		43	3006.095561000
17		1358	3006.096692000
17		41	3006.282252000
17		41	3006.282281000
17		1358	3006.282658000
17		43	3006.469557000
17		1358	3006.471167000
17		43	3006.655995000
17		1358	3006.657562000
17		41	3006.843233000
17		711	3006.843259000
17		1358	3006.843547000
17		34	3006.843674000
17		33	3006.938850000
17		43	3007.030028000
17		1358	3007.031658000
17		43	3007.217314000
17		1358	3007.218867000
17		41	3007.404272000
17		1358	3007.406834000
6	0		3007.578640000
6	0		3007.578697000
17		43	3007.591208000
17		1358	3007.592806000
6	0		3007.618089000
6	12		3007.618312000
6	0		3007.657638000
6	12		3007.657679000
6	0		3007.657690000
6	1		3007.657822000
6	4		3007.657836000
6	32		3007.657843000
6	0		3007.657851000
17		1358	3007.683893000
6	0		3007.697139000
6	0		3007.697177000
6	0		3007.697181000
6	0		3007.697281000
6	0		3007.697294000
17		41	3007.778036000
17		1358	3007.778509000
17		43	3007.965301000
17		1358	3007.966864000
17		43	3008.152371000
17		1358	3008.153748000
17		41	3008.339230000
17		41	3008.339253000
17		44	3008.526011000
17		43	3008.526057000
17		41	3008.526065000
17		34	3008.526621000
17		43	3008.713483000
17		41	3008.899760000
17		41	3008.899793000
17		37	3008.901670000
17		41	3009.087601000
17		43	3009.274371000
17		44	3009.461640000
17		41	3009.461664000
17		41	3009.461669000
17		35	3009.487144000
17		41	3009.647926000
17		43	3009.835687000
17		44	3010.022253000
17		41	3010.022277000
17		41	3010.022287000
17		41	3010.022293000
17		36	3010.022712000
17		35	3010.047851000
17		43	3010.209237000
17		41	3010.396696000
17		1358	3010.397011000
17		43	3010.582867000
17		43	3010.770678000
17		41	3010.770719000
17		1358	3010.771341000
17		1358	3010.901196000
17		43	3010.956979000
17		1358	3011.031146000
17		42	3011.143849000
17		41	3011.143874000
17		1358	3011.160558000
17		1358	3011.290253000
17		43	3011.331503000
17		1358	3011.420101000
17		43	3011.517783000
17		370	3011.519372000
17		1358	3011.549604000
17		1358	3011.679414000
17		41	3011.705329000
17		1358	3011.808957000
17		43	3011.891959000
17		1358	3011.939298000
17		1358	3012.068592000
17		43	3012.079172000
17		1358	3012.198101000
6	0		3012.254308000
6	0		3012.254361000
17		41	3012.265865000
17		1024	3012.265889000
17		41	3012.266469000
17		1358	3012.269534000
17		1358	3012.327910000
17		1358	3012.360281000
17		1358	3012.449943000
17		43	3012.453692000
17		1358	3012.457959000
17		1358	3012.539758000
17		1358	3012.629406000
17		43	3012.640515000
17		1358	3012.718726000
17		1358	3012.807676000
17		41	3012.827458000
17		1358	3012.827824000
17		1358	3012.897770000
6	0		3012.902099000
6	0		3012.902154000
17		1358	3012.958176000
17		1358	3012.987269000
17		41	3013.013852000
17		1358	3013.076656000
17		1358	3013.087361000
17		1358	3013.166617000
17		1358	3013.191204000
17		41	3013.201350000
17		1358	3013.255938000
17		1358	3013.295384000
17		1358	3013.347173000
17		41	3013.388339000
17		1358	3013.399901000
6	0		3013.402138000
6	41		3013.407878000
17		1358	3013.435413000
17		1358	3013.503862000
17		1358	3013.524562000
17		41	3013.575285000
17		1358	3013.606655000
17		1358	3013.614653000
6	0		3013.662811000
6	0		3013.662890000
17		1358	3013.703163000
17		1358	3013.710888000
6	0		3013.747664000
6	21		3013.747701000
6	0		3013.747713000
6	1080		3013.748790000
17		41	3013.762741000
17		1358	3013.793681000
17		1358	3013.814815000
17		1358	3013.917900000
17		43	3013.948985000
6	440		3013.966388000
6	0		3014.010234000
17		1358	3014.021760000
6	0		3014.070127000
17		1358	3014.125356000
17		41	3014.136142000
17		1358	3014.229172000
17		41	3014.323477000
17		1358	3014.333261000
6	48		3014.360854000
6	0		3014.360896000
6	280		3014.366744000
17		1358	3014.436845000
17		41	3014.510359000
17		1358	3014.541172000
17		1358	3014.644581000
17		41	3014.697365000
17		1358	3014.747966000
17		1358	3014.851828000
17		43	3014.884657000
17		41	3014.884680000
17		1358	3014.956047000
6	16		3015.015603000
6	0		3015.058225000
17		1358	3015.059705000
17		49	3015.070964000
17		1358	3015.072909000
17		1358	3015.145275000
17		1358	3015.163699000
6	52		3015.230890000
6	0		3015.230938000
6	52		3015.231078000
17		41	3015.257852000
17		1358	3015.266649000
17		1358	3015.440117000
17		43	3015.445165000
17		1358	3015.446495000
17		1358	3015.518903000
17		1358	3015.612865000
17		43	3015.632501000
17		1358	3015.633931000
6	84		3015.634379000
6	0		3015.678226000
6	0		3015.698569000
6	0		3015.698624000
17		1358	3015.706613000
6	0		3015.738151000
6	12		3015.738381000
6	0		3015.777931000
6	12		3015.777966000
6	0		3015.777978000
6	1		3015.778162000
6	4		3015.778214000
6	32		3015.778223000
6	0		3015.778238000
17		1358	3015.785504000
6	0		3015.817781000
6	0		3015.817820000
6	0		3015.817825000
6	0		3015.817887000
6	0		3015.817899000
17		41	3015.819068000
17		1358	3015.959324000
17		43	3016.005976000
17		1358	3016.007568000
17		1358	3016.080980000
17		1358	3016.131991000
17		43	3016.193663000
17		1358	3016.194959000
17		1358	3016.267599000
17		1358	3016.304130000
17		43	3016.380503000
17		1358	3016.382058000
17		1358	3016.455208000
17		1358	3016.526475000
17		41	3016.567797000
17		1358	3016.568133000
17		1358	3016.597997000
17		1358	3016.741462000
17		43	3016.754256000
17		1358	3016.755665000
17		1358	3016.827955000
17		46	3016.940842000
17		1358	3016.941159000
17		1358	3017.114310000
17		43	3017.128403000
17		1358	3017.130052000
17		1358	3017.202220000
17		43	3017.315626000
17		1358	3017.317239000
17		1358	3017.389858000
6	68		3017.467124000
17		41	3017.502658000
17		1358	3017.503043000
17		1358	3017.637452000
17		43	3017.688720000
17		1358	3017.689919000
17		1358	3017.762625000
6	52		3017.828891000
6	0		3017.828957000
6	0		3017.830782000
6	0		3017.854346000
6	0		3017.854385000
17		41	3017.876656000
17		1358	3017.877020000
6	0		3017.915139000
17		1358	3018.011415000
17		43	3018.063230000
17		1358	3018.064779000
17		1358	3018.137468000
17		41	3018.250521000
17		1358	3018.250995000
17		1358	3018.385764000
17		43	3018.436770000
17		41	3018.436793000
17		1358	3018.438466000
17		1358	3018.511593000
17		1358	3018.519860000
17		43	3018.624520000
17		1358	3018.625715000
17		1358	3018.654553000
17		1358	3018.698579000
17		41	3018.811364000
17		1358	3018.811761000
17		43	3018.998087000
17		1358	3018.999768000
17		1358	3019.072630000
17		41	3019.185345000
17		1358	3019.185690000
17		43	3019.372440000
17		1358	3019.373929000
17		1358	3019.446152000
17		43	3019.559173000
17		1358	3019.561177000
17		1358	3019.681544000
17		41	3019.746609000
17		41	3019.746630000
17		1358	3019.746968000
17		35	3019.747752000
17		43	3019.933101000
17		1358	3019.934246000
17		1358	3020.054615000
17		41	3020.120246000
17		1358	3020.120578000
17		41	3020.306787000
17		1358	3020.307296000
17		41	3020.493886000
17		1358	3020.494282000
17		1358	3020.628670000
17		41	3020.681666000
17		1358	3020.763555000
17		41	3020.867971000
17		1358	3020.898235000
17		41	3021.055099000
17		1358	3021.055505000
17		41	3021.242420000
17		1358	3021.243037000
17		41	3021.429343000
17		41	3021.429367000
17		1358	3021.429691000
17		41	3021.616417000
17		1358	3021.616748000
17		41	3021.802994000
17		1358	3021.803335000
17		41	3021.989938000
17		1358	3021.990290000
17		41	3022.177187000
17		1358	3022.177582000
17		43	3022.363879000
17		1358	3022.365515000
17		1358	3022.455440000
17		43	3022.551131000
17		1358	3022.552779000
17		1358	3022.643103000
17		41	3022.738675000
17		1358	3022.739030000
17		1358	3022.873437000
6	0		3022.907247000
6	0		3022.907302000
17		41	3022.925280000
17		1358	3023.007950000
17		43	3023.111862000
17		1358	3023.113471000
6	0		3023.194841000
6	41		3023.201627000
17		1358	3023.204574000
17		43	3023.299223000
17		1358	3023.299894000
17		1358	3023.391224000
17		41	3023.485815000
6	0		3023.488603000
6	21		3023.488639000
6	0		3023.488652000
6	1080		3023.489658000
17		43	3023.673491000
17		1358	3023.675019000
17		1358	3023.764962000
6	0		3023.776754000
6	440		3023.776792000
6	0		3023.817844000
6	0		3023.817911000
6	0		3023.818204000
6	0		3023.856753000
6	12		3023.856991000
17		43	3023.859758000
17		1358	3023.861393000
6	0		3023.895769000
6	12		3023.895809000
6	0		3023.895824000
6	1		3023.896018000
6	4		3023.896037000
6	32		3023.896045000
6	0		3023.896057000
6	0		3023.934743000
6	0		3023.934788000
6	0		3023.934794000
6	0		3023.934891000
6	0		3023.934906000
17		1358	3023.951298000
17		41	3024.047125000
6	48		3024.105309000
6	0		3024.105350000
6	280		3024.109517000
17		41	3024.234561000
6	0		3024.243625000
6	0		3024.243689000
6	0		3024.396598000
6	16		3024.413191000
17		43	3024.421126000
6	0		3024.454237000
17		43	3024.608426000
6	52		3024.741494000
6	0		3024.741538000
6	52		3024.741634000
17		43	3024.794963000
17		41	3024.794989000
17		43	3024.981870000
6	84		3025.028095000
6	0		3025.070229000
17		41	3025.168924000
17		43	3025.356189000
17		43	3025.543732000
17		43	3025.730123000
17		41	3025.917104000
17		43	3026.104540000
17		41	3026.291490000
17		43	3026.477945000
17		43	3026.664967000
17		41	3026.852298000
17		43	3027.038839000
17		41	3027.038877000
17		37	3027.040443000
6	68		3027.095846000
17		43	3027.226262000
6	52		3027.387899000
6	0		3027.387952000
6	0		3027.387974000
6	0		3027.390004000
17		43	3027.412785000
17		43	3027.600179000
6	0		3027.676984000
17		41	3027.787646000
17		41	3027.974094000
17		43	3028.160865000
17		43	3028.348276000
17		41	3028.535455000
17		41	3028.722135000
6	0		3028.885744000
6	0		3028.885802000
17		43	3028.909147000
6	0		3028.970430000
6	41		3028.975829000
6	0		3029.060274000
6	21		3029.060311000
6	0		3029.060346000
6	1080		3029.061368000
17		43	3029.096670000
17		41	3029.096694000
6	0		3029.145550000
6	440		3029.145602000
6	0		3029.186235000
6	48		3029.270532000
6	0		3029.270573000
6	280		3029.274657000
17		46	3029.283621000
17		35	3029.311159000
6	0		3029.358922000
6	16		3029.361210000
6	0		3029.402229000
17		43	3029.470091000
6	52		3029.486440000
6	0		3029.486477000
6	52		3029.486563000
6	84		3029.570819000
6	0		3029.614217000
17		43	3029.656828000
17		41	3029.844655000
17		43	3030.031352000
17		41	3030.217762000
17		43	3030.404752000
17		41	3030.592660000
17		43	3030.779437000
17		43	3030.966686000
17		43	3031.153127000
17		41	3031.153148000
17		43	3031.340235000
17		43	3031.527280000
17		43	3031.714209000
17		41	3031.901610000
6	0		3031.936676000
6	0		3031.936730000
6	0		3031.975753000
6	12		3031.976002000
6	68		3031.989472000
6	0		3032.014966000
6	12		3032.015000000
6	0		3032.015011000
6	1		3032.015182000
6	4		3032.015200000
6	32		3032.015210000
6	0		3032.015225000
6	0		3032.054104000
6	0		3032.054136000
6	0		3032.054140000
6	0		3032.054223000
6	0		3032.054235000
6	52		3032.073814000
6	0		3032.073857000
6	0		3032.073878000
6	0		3032.075198000
17		43	3032.088014000
6	0		3032.159464000
17		43	3032.275149000
17		41	3032.462285000
17		41	3032.649413000
17		41	3032.835807000
17		41	3033.023010000
17		41	3033.210313000
17		41	3033.397561000
17		41	3033.584203000
17		41	3033.584226000
17		36	3033.584780000
17		41	3033.771353000
17		41	3033.958034000
17		41	3034.145314000
17		41	3034.332470000
17		1358	3034.332830000
17		41	3034.518870000
17		1358	3034.519289000
17		48	3034.706276000
17		35	3034.719516000
17		43	3034.893062000
17		43	3035.079818000
17		1358	3035.079843000
17		1358	3035.080707000
17		33	3035.105911000
17		43	3035.267364000
17		41	3035.454094000
17		1358	3035.454659000
17		1358	3035.589508000
17		41	3035.641356000
17		1358	3035.723448000
17		43	3035.828666000
17		43	3036.015651000
17		43	3036.202119000
17		43	3036.389351000
17		1358	3036.391789000
17		43	3036.576688000
17		1358	3036.578233000
17		43	3036.763581000
17		1358	3036.764638000
17		43	3036.950719000
17		1358	3036.952457000
17		43	3037.137263000
17		1358	3037.138841000
17		41	3037.324740000
17		1358	3037.325178000
17		1358	3037.459707000
17		41	3037.511574000
6	0		3037.575822000
6	0		3037.575889000
17		1358	3037.594889000
17		587	3037.697971000
17		41	3037.697999000
17		36	3037.698758000
17		77	3037.706827000
17		33	3037.706876000
6	0		3037.723451000
17		1358	3037.728148000
6	41		3037.730079000
17		1358	3037.862456000
17		41	3037.885530000
6	0		3037.885774000
6	21		3037.886504000
6	0		3037.886530000
6	1080		3037.887416000
17		1358	3037.996813000
6	440		3038.049889000
17		41	3038.072646000
6	0		3038.090205000
17		1358	3038.131072000
6	48		3038.243570000
6	0		3038.243616000
6	280		3038.248917000
17		43	3038.259711000
17		1358	3038.260625000
17		1358	3038.265386000
17		1358	3038.351709000
17		1358	3038.399933000
6	16		3038.409595000
17		1358	3038.440755000
17		43	3038.446536000
6	0		3038.450231000
17		1358	3038.531169000
17		1358	3038.533979000
17		1358	3038.620124000
17		43	3038.633215000
17		1358	3038.669158000
17		1358	3038.709242000
17		1358	3038.799119000
17		1358	3038.803141000
17		43	3038.820464000
17		1358	3038.889292000
17		1358	3038.937656000
17		1358	3038.978656000
6	52		3038.991360000
6	0		3038.991406000
6	52		3038.991499000
17		43	3039.007251000
17		1358	3039.068151000
17		1358	3039.071535000
6	84		3039.121640000
17		1358	3039.157081000
6	0		3039.162245000
17		41	3039.194037000
17		1358	3039.205844000
17		1358	3039.247040000
17		1358	3039.313602000
17		1358	3039.336970000
17		41	3039.381226000
17		1358	3039.420438000
17		1358	3039.425799000
17		1358	3039.515006000
17		1358	3039.528459000
17		44	3039.568206000
17		41	3039.568229000
17		41	3039.568236000
17		33	3039.594001000
17		1358	3039.605298000
17		1358	3039.636162000
17		1358	3039.694857000
17		1358	3039.743424000
17		41	3039.755134000
17		1358	3039.787253000
17		1358	3039.851498000
17		1358	3039.873831000
17		41	3039.942476000
17		1358	3039.957906000
17		1358	3039.963798000
17		1358	3040.053645000
17		1358	3040.065112000
17		41	3040.128966000
17		1358	3040.142920000
17		1358	3040.172838000
17		1358	3040.232367000
17		1358	3040.280986000
17		41	3040.316239000
17		1358	3040.322804000
17		1358	3040.387451000
17		1358	3040.412433000
17		1358	3040.494896000
17		1358	3040.502076000
17		43	3040.502695000
17		41	3040.502718000
17		1358	3040.590525000
17		1358	3040.603083000
17		1358	3040.680060000
17		43	3040.690326000
17		1358	3040.710460000
17		1358	3040.770281000
17		1358	3040.817387000
17		1358	3040.859264000
17		46	3040.877244000
17		33	3040.902877000
6	68		3040.913011000
17		1358	3040.924951000
17		1358	3040.948771000
17		1358	3041.032355000
17		1358	3041.038984000
17		43	3041.064497000
17		1358	3041.128306000
17		1358	3041.139591000
17		1358	3041.218658000
17		1358	3041.247041000
17		48	3041.251301000
17		33	3041.265439000
17		1358	3041.307767000
6	68		3041.314225000
17		1358	3041.355104000
6	0		3041.386368000
6	0		3041.386419000
17		1358	3041.397058000
17		41	3041.438328000
6	0		3041.446972000
17		1358	3041.462769000
17		1358	3041.486787000
6	52		3041.520132000
6	0		3041.520191000
6	0		3041.521517000
17		1358	3041.576017000
17		43	3041.625436000
17		1358	3041.641984000
17		1358	3041.665433000
6	0		3041.676843000
17		1358	3041.755725000
17		41	3041.812180000
17		1358	3041.820437000
17		1358	3041.845172000
17		1358	3041.935055000
17		43	3041.999147000
17		1358	3041.999876000
17		1358	3042.025023000
6	0		3042.075745000
6	0		3042.075794000
17		1358	3042.113810000
17		1358	3042.178186000
17		43	3042.186375000
17		1358	3042.203655000
17		1358	3042.292955000
17		1358	3042.357513000
17		41	3042.373320000
17		1358	3042.383027000
6	0		3042.432108000
17		1358	3042.472629000
17		1358	3042.536404000
17		43	3042.560064000
17		41	3042.560093000
17		1176	3042.561088000
17		1358	3042.715690000
17		43	3042.746960000
17		43	3042.934111000
17		41	3043.121132000
17		1358	3043.121630000
17		43	3043.308579000
17		41	3043.495374000
17		1358	3043.495789000
17		43	3043.682540000
17		41	3043.682564000
17		34	3043.682960000
17		41	3043.869409000
17		1358	3043.869963000
17		43	3044.056403000
17		683	3044.056426000
17		39	3044.057261000
17		75	3044.065460000
17		33	3044.065491000
17		41	3044.243138000
17		1358	3044.243531000
17		43	3044.429931000
17		43	3044.617016000
17		43	3044.804621000
17		41	3044.804645000
17		1358	3044.805100000
17		41	3044.991312000
17		1358	3044.991730000
17		43	3045.178695000
17		41	3045.365082000
17		1358	3045.365472000
17		43	3045.552640000
17		41	3045.738745000
17		1358	3045.739218000
17		43	3045.926410000
17		41	3046.113089000
17		1358	3046.113484000
17		43	3046.299921000
17		43	3046.487600000
17		41	3046.674417000
17		1358	3046.674838000
17		43	3046.861173000
17		41	3046.861201000
17		1358	3046.862722000
17		43	3047.048653000
17		41	3047.235069000
17		1358	3047.235590000
17		48	3047.422683000
17		33	3047.436574000
17		41	3047.609260000
17		1358	3047.609692000
17		43	3047.796630000
17		41	3047.982933000
17		1358	3047.983254000
6	0		3048.056405000
6	0		3048.056467000
6	0		3048.096020000
6	12		3048.096300000
6	0		3048.135575000
6	12		3048.135655000
6	0		3048.135667000
6	1		3048.135850000
6	4		3048.135865000
6	32		3048.135874000
6	0		3048.135886000
17		43	3048.170593000
6	0		3048.175030000
6	0		3048.175150000
6	0		3048.175178000
6	0		3048.175391000
6	0		3048.175404000
17		43	3048.357702000
6	0		3048.427246000
6	0		3048.427305000
17		41	3048.544236000
17		1358	3048.544543000
17		43	3048.731471000
6	0		3048.880008000
6	0		3048.880051000
17		46	3048.918064000
17		1358	3048.918409000
17		43	3049.104983000
17		41	3049.105008000
17		683	3049.105016000
17		1358	3049.105379000
17		36	3049.105446000
17		43	3049.292421000
17		33	3049.460714000
17		41	3049.479033000
17		43	3049.666302000
17		41	3049.853186000
17		43	3050.040411000
17		43	3050.226848000
17		41	3050.413885000
17		43	3050.601503000
17		41	3050.788516000
6	0		3050.946009000
6	0		3050.946065000
6	0		3050.959090000
6	41		3050.964423000
17		43	3050.975014000
6	0		3050.977065000
6	21		3050.977252000
6	0		3050.977273000
6	1080		3050.978363000
6	440		3050.990915000
6	0		3051.034226000
6	48		3051.046836000
6	0		3051.046875000
6	280		3051.051618000
6	0		3051.099258000
6	16		3051.116396000
6	0		3051.158220000
17		41	3051.161953000
6	52		3051.170803000
6	0		3051.170848000
6	52		3051.170961000
6	0		3051.183649000
6	100		3051.183691000
6	0		3051.226232000
17		43	3051.349544000
17		41	3051.349577000
6	0		3051.525905000
6	0		3051.525962000
17		43	3051.536043000
6	0		3051.646914000
6	41		3051.653109000
17		43	3051.723315000
6	0		3051.773774000
6	21		3051.773815000
6	0		3051.773827000
6	1080		3051.774861000
6	440		3051.897147000
17		41	3051.910250000
6	0		3051.938239000
6	48		3052.059414000
6	0		3052.059456000
6	280		3052.063544000
17		43	3052.097473000
6	16		3052.186466000
6	0		3052.230247000
17		43	3052.284156000
6	52		3052.350782000
6	0		3052.350822000
6	52		3052.350954000
17		41	3052.471219000
6	100		3052.471536000
6	0		3052.514232000
17		43	3052.657769000
17		43	3052.844854000
6	68		3052.954954000
6	52		3052.967599000
6	0		3052.967668000
6	0		3052.967688000
6	0		3052.969205000
6	0		3052.981767000
17		41	3053.032670000
17		43	3053.219330000
17		48	3053.405852000
17		41	3053.405896000
17		33	3053.419798000
17		43	3053.592931000
17		43	3053.780218000
17		41	3053.967225000
6	0		3054.069363000
6	0		3054.069412000
17		43	3054.154690000
17		43	3054.340712000
17		1117	3054.340736000
17		33	3054.341307000
17		33	3054.342239000
17		1358	3054.344474000
17		1358	3054.434718000
17		1358	3054.524224000
17		41	3054.527910000
17		1358	3054.613548000
17		43	3054.715123000
17		1358	3054.716028000
6	68		3054.716376000
6	52		3054.836848000
6	0		3054.836893000
6	0		3054.836914000
6	0		3054.838608000
17		41	3054.901783000
6	0		3054.959053000
17		41	3055.088964000
17		621	3055.088994000
17		41	3055.089822000
17		77	3055.097838000
17		33	3055.102592000
17		41	3055.275962000
17		45	3055.463420000
17		41	3055.463447000
17		41	3055.463454000
17		34	3055.464126000
6	0		3055.497060000
6	0		3055.497118000
17		41	3055.650248000
6	0		3055.658019000
6	41		3055.664939000
6	21		3055.826882000
6	0		3055.826922000
6	0		3055.827212000
6	0		3055.827238000
6	1080		3055.827895000
17		41	3055.837442000
6	440		3055.990893000
17		46	3056.024537000
6	0		3056.034224000
17		33	3056.050184000
6	0		3056.176339000
6	0		3056.176394000
6	48		3056.195905000
6	0		3056.195943000
6	280		3056.200097000
17		41	3056.210862000
6	0		3056.216080000
6	12		3056.217514000
6	0		3056.257266000
6	12		3056.257434000
6	0		3056.257462000
6	1		3056.257630000
6	4		3056.257651000
6	32		3056.257658000
6	0		3056.257667000
6	0		3056.297364000
6	0		3056.297468000
6	0		3056.297523000
6	0		3056.297751000
6	0		3056.297765000
6	16		3056.366764000
17		41	3056.398351000
6	0		3056.410237000
6	52		3056.572151000
6	0		3056.572200000
6	52		3056.572329000
17		41	3056.585138000
6	84		3056.733293000
17		41	3056.771949000
6	0		3056.774214000
17		41	3056.959389000
17		41	3057.146609000
17		1358	3057.147104000
17		41	3057.333169000
17		1358	3057.333544000
17		41	3057.520286000
17		1358	3057.520674000
17		41	3057.707542000
17		1358	3057.707894000
17		42	3057.894262000
17		43	3057.894287000
17		41	3057.894294000
17		1358	3057.894699000
17		1358	3057.896341000
17		1358	3057.986699000
17		1358	3058.077025000
17		49	3058.081147000
17		33	3058.095428000
17		1358	3058.165671000
17		1358	3058.255216000
17		43	3058.268341000
17		1358	3058.344759000
17		1358	3058.434719000
17		43	3058.455888000
17		1358	3058.524347000
17		1358	3058.614072000
17		42	3058.641883000
17		47	3058.641908000
17		42	3058.641914000
17		43	3058.641920000
17		33	3058.668088000
17		1358	3058.703880000
17		1358	3058.793430000
17		41	3058.829626000
17		1358	3058.830064000
6	68		3058.860275000
17		1358	3058.882769000
17		1358	3058.937659000
17		1358	3058.972695000
17		41	3059.016499000
6	52		3059.021411000
6	0		3059.021450000
6	0		3059.021754000
6	0		3059.022665000
17		1358	3059.045509000
17		1358	3059.062325000
17		1358	3059.151790000
17		1358	3059.152763000
6	0		3059.184716000
17		41	3059.202759000
17		1358	3059.240448000
17		1358	3059.260458000
17		1358	3059.331807000
17		1358	3059.367945000
17		41	3059.389801000
17		1358	3059.420443000
17		1358	3059.475910000
17		1358	3059.510364000
17		41	3059.577712000
17		1358	3059.582415000
17		1358	3059.599445000
17		1358	3059.688749000
17		1358	3059.689851000
17		43	3059.764077000
17		1358	3059.778330000
17		1358	3059.797106000
17		1358	3059.868455000
17		1358	3059.904793000
17		43	3059.951227000
17		1358	3059.957511000
17		1358	3060.012634000
17		1358	3060.047611000
17		1358	3060.119587000
17		1358	3060.137723000
17		43	3060.138290000
17		1358	3060.226960000
17		1358	3060.227132000
17		1358	3060.316050000
17		43	3060.324840000
17		1358	3060.334631000
17		1358	3060.405708000
17		1358	3060.441751000
17		1358	3060.495896000
17		43	3060.512537000
17		1358	3060.549363000
17		1358	3060.584482000
17		1358	3060.656970000
17		1358	3060.674672000
17		43	3060.699377000
17		1358	3060.764527000
17		1358	3060.764570000
6	0		3060.788549000
6	0		3060.788593000
17		43	3060.792131000
17		1358	3060.854675000
17		1358	3060.872144000
17		43	3060.884790000
17		1358	3060.943778000
17		43	3060.978510000
17		1358	3060.979342000
17		1358	3061.032901000
17		43	3061.071075000
17		1358	3061.086402000
17		1358	3061.122705000
17		41	3061.163924000
17		1358	3061.193895000
17		1358	3061.211666000
17		43	3061.257246000
17		1358	3061.301178000
17		41	3061.349742000
17		1358	3061.373634000
17		1358	3061.391044000
17		43	3061.443587000
17		1358	3061.481221000
17		41	3061.536058000
17		1358	3061.552106000
17		1358	3061.570956000
17		43	3061.629588000
17		1358	3061.660033000
17		43	3061.722285000
17		1358	3061.731280000
17		1358	3061.750032000
17		41	3061.815104000
17		1358	3061.821686000
17		1358	3061.893445000
17		43	3061.908434000
17		1358	3061.910928000
17		1358	3061.965649000
17		43	3062.000775000
17		46	3062.000802000
17		33	3062.026315000
17		1358	3062.037382000
17		1358	3062.089312000
17		41	3062.093679000
17		1358	3062.107506000
17		1358	3062.179904000
17		48	3062.187431000
17		33	3062.201168000
17		1358	3062.251126000
17		1358	3062.268753000
17		41	3062.279838000
17		1358	3062.322949000
17		43	3062.372934000
17		1358	3062.395071000
17		1358	3062.447666000
17		41	3062.465916000
17		1358	3062.466979000
17		1358	3062.538623000
17		43	3062.558969000
17		1358	3062.610551000
17		1358	3062.627215000
17		43	3062.651753000
17		1358	3062.682051000
17		41	3062.745487000
17		1358	3062.752991000
17		1358	3062.805672000
17		1358	3062.824162000
17		43	3062.838237000
17		41	3062.931232000
17		1358	3062.985036000
17		43	3063.023756000
17		41	3063.023783000
17		43	3063.117229000
17		1358	3063.119359000
17		41	3063.210210000
17		1358	3063.253451000
17		43	3063.303607000
17		1358	3063.387625000
17		41	3063.396445000
17		43	3063.488689000
17		1358	3063.522833000
17		41	3063.581803000
17		1358	3063.656254000
17		43	3063.675086000
17		43	3063.767726000
17		1358	3063.790585000
17		41	3063.861369000
17		1358	3063.925358000
17		43	3063.953748000
17		41	3064.047426000
17		1358	3064.059149000
17		43	3064.140288000
17		41	3064.140315000
17		1358	3064.193853000
17		43	3064.233377000
17		1358	3064.234385000
6	0		3064.298246000
6	0		3064.298305000
17		41	3064.325843000
17		1358	3064.328777000
6	0		3064.337983000
6	12		3064.338236000
6	0		3064.378107000
6	12		3064.378143000
6	0		3064.378154000
6	1		3064.378309000
6	4		3064.378322000
6	32		3064.378331000
6	0		3064.378342000
6	0		3064.417854000
6	0		3064.417917000
6	0		3064.417935000
6	0		3064.418074000
6	0		3064.418108000
17		43	3064.419609000
17		1358	3064.421236000
17		1358	3064.462216000
17		41	3064.512164000
17		1358	3064.596424000
17		43	3064.605537000
17		1358	3064.612720000
17		43	3064.697693000
17		1358	3064.730975000
17		41	3064.790758000
17		1358	3064.803768000
17		1358	3064.865226000
17		43	3064.884278000
17		41	3064.977223000
17		1358	3064.995671000
17		1358	3064.999611000
17		43	3065.070019000
17		689	3065.070050000
17		37	3065.070899000
17		77	3065.079551000
17		33	3065.079618000
17		43	3065.163383000
17		41	3065.163406000
17		1358	3065.163738000
17		1358	3065.186931000
17		41	3065.255998000
17		48	3065.349173000
17		33	3065.363712000
17		1358	3065.378065000
17		43	3065.442322000
17		41	3065.535174000
17		1358	3065.569270000
17		43	3065.627690000
17		43	3065.721500000
17		1358	3065.760229000
17		46	3065.814382000
17		33	3065.840395000
17		1358	3065.903509000
17		43	3065.907429000
17		43	3065.999765000
17		1358	3066.046440000
17		41	3066.093593000
17		43	3066.185831000
17		1358	3066.189494000
17		43	3066.279585000
17		1358	3066.333037000
17		41	3066.372621000
17		43	3066.465449000
17		1358	3066.476444000
17		43	3066.558586000
17		1358	3066.619331000
17		41	3066.651411000
17		43	3066.743680000
17		1358	3066.762295000
17		43	3066.836819000
17		1358	3066.904917000
17		43	3066.929840000
17		1171	3066.929867000
17		37	3066.930569000
17		108	3066.942988000
17		189	3066.943040000
17		41	3067.023546000
17		1358	3067.048464000
17		43	3067.116209000
17		1358	3067.190896000
17		43	3067.208925000
17		43	3067.302596000
17		41	3067.302619000
17		1358	3067.302978000
17		1358	3067.334708000
17		43	3067.395489000
17		1358	3067.475546000
17		43	3067.488101000
17		41	3067.580751000
17		1358	3067.581095000
17		1358	3067.615725000
17		43	3067.673967000
17		1358	3067.751717000
17		43	3067.767030000
17		41	3067.859772000
17		1358	3067.860128000
17		1358	3067.888824000
17		48	3067.953095000
17		33	3067.967073000
17		1358	3068.025453000
17		41	3068.045978000
17		1358	3068.046265000
17		41	3068.139434000
17		1358	3068.162067000
17		41	3068.232241000
17		1358	3068.232553000
17		1358	3068.299469000
17		41	3068.325065000
17		41	3068.418470000
17		1358	3068.418749000
17		1358	3068.437033000
17		41	3068.510718000
17		1358	3068.573130000
17		41	3068.603922000
17		1358	3068.604447000
17		41	3068.697325000
17		1358	3068.710957000
17		41	3068.790632000
17		1358	3068.791024000
17		1358	3068.847133000
17		43	3068.883762000
17		41	3068.976321000
17		1358	3068.976705000
17		1358	3068.984838000
17		43	3069.068713000
17		1358	3069.122552000
17		41	3069.161775000
17		1358	3069.162652000
17		41	3069.255500000
6	0		3069.315685000
6	0		3069.315743000
17		43	3069.347841000
17		1358	3069.348898000
17		1358	3069.349370000
17		43	3069.441360000
17		46	3069.441393000
17		33	3069.467327000
17		1358	3069.487233000
17		41	3069.533686000
6	0		3069.569539000
6	41		3069.575218000
17		43	3069.627440000
17		1358	3069.628184000
17		45	3069.720360000
17		41	3069.720387000
17		41	3069.720393000
17		33	3069.745808000
17		41	3069.813166000
6	0		3069.828697000
6	21		3069.832509000
6	0		3069.832540000
6	1080		3069.833532000
17		43	3069.906188000
17		43	3069.999261000
17		43	3070.092402000
6	440		3070.093048000
6	0		3070.134230000
17		43	3070.185499000
17		43	3070.277731000
17		43	3070.370997000
6	48		3070.387721000
6	0		3070.387758000
6	280		3070.392202000
17		43	3070.464154000
17		43	3070.557428000
17		43	3070.649783000
6	16		3070.654125000
6	0		3070.694213000
17		43	3070.742765000
17		43	3070.836491000
17		41	3070.836514000
17		45	3070.929670000
17		41	3070.929699000
6	52		3070.947671000
6	0		3070.947707000
6	52		3070.947791000
17		33	3070.955969000
17		43	3071.022611000
17		41	3071.115079000
6	84		3071.207953000
17		43	3071.208290000
6	0		3071.250226000
17		43	3071.301570000
17		41	3071.394420000
17		48	3071.486627000
17		35	3071.500125000
17		43	3071.579863000
17		41	3071.673109000
17		43	3071.766502000
17		43	3071.858662000
17		41	3071.952691000
17		43	3072.044830000
17		43	3072.138441000
17		41	3072.138463000
17		41	3072.231170000
17		43	3072.323724000
17		43	3072.416776000
6	0		3072.418303000
6	0		3072.418344000
6	0		3072.457521000
6	12		3072.457765000
6	0		3072.496794000
6	12		3072.496835000
6	0		3072.496849000
6	1		3072.497042000
6	4		3072.497061000
6	32		3072.497072000
6	0		3072.497085000
17		41	3072.509722000
17		1358	3072.510110000
6	0		3072.536033000
6	0		3072.536065000
6	0		3072.536187000
6	0		3072.536288000
6	0		3072.536301000
17		43	3072.603170000
17		41	3072.695983000
17		1358	3072.696333000
17		43	3072.789381000
17		41	3072.882328000
17		1358	3072.882613000
17		43	3072.974816000
17		1358	3072.976845000
6	68		3073.059058000
17		43	3073.067846000
17		1358	3073.114484000
17		41	3073.160827000
17		1358	3073.161179000
17		1358	3073.225359000
17		43	3073.253934000
17		41	3073.253959000
6	52		3073.313897000
6	0		3073.313953000
6	0		3073.313981000
6	0		3073.315346000
17		1358	3073.333514000
17		1358	3073.334274000
17		43	3073.347438000
17		43	3073.440457000
17		1358	3073.444119000
17		41	3073.533409000
17		1358	3073.533728000
17		1358	3073.554031000
6	0		3073.568788000
17		41	3073.626153000
17		1358	3073.663101000
17		1358	3073.706155000
17		41	3073.719038000
17		1358	3073.772683000
17		43	3073.812482000
17		1358	3073.878445000
17		1358	3073.882294000
17		43	3073.904776000
17		1358	3073.991659000
17		41	3073.998444000
6	0		3074.011039000
6	0		3074.011092000
6	0		3074.031887000
6	41		3074.039463000
17		1358	3074.050511000
6	0		3074.060048000
6	21		3074.060084000
6	0		3074.060095000
6	1080		3074.061079000
6	0		3074.081638000
6	440		3074.081688000
17		43	3074.091021000
6	0		3074.122225000
6	48		3074.142795000
6	0		3074.142841000
6	280		3074.148561000
6	0		3074.169150000
6	16		3074.173611000
17		1358	3074.174626000
17		41	3074.184459000
6	0		3074.214246000
17		1358	3074.222730000
6	52		3074.234842000
6	0		3074.234881000
6	52		3074.234979000
6	84		3074.255599000
17		43	3074.277376000
6	0		3074.298228000
17		1358	3074.356807000
17		43	3074.370039000
17		1358	3074.395183000
17		48	3074.463307000
17		46	3074.463342000
17		35	3074.477715000
17		33	3074.489575000
17		1358	3074.539663000
17		43	3074.556626000
17		1358	3074.567320000
17		41	3074.648749000
17		1358	3074.722270000
17		1358	3074.739590000
17		43	3074.741705000
17		41	3074.835508000
17		1358	3074.904210000
17		1358	3074.911530000
17		43	3074.928203000
17		43	3075.020960000
17		1358	3075.040665000
17		1358	3075.084372000
17		41	3075.113854000
17		1358	3075.178236000
17		43	3075.207519000
17		1358	3075.256138000
17		41	3075.299769000
17		1358	3075.315579000
17		43	3075.393315000
17		1358	3075.428185000
17		1358	3075.452149000
17		41	3075.485776000
17		43	3075.578811000
17		41	3075.578833000
17		1358	3075.588760000
17		1358	3075.600461000
17		43	3075.671845000
17		1358	3075.726255000
17		1358	3075.738247000
17		41	3075.765889000
17		43	3075.858036000
17		1358	3075.863599000
17		1358	3075.875880000
17		41	3075.950745000
17		1358	3075.999887000
17		1358	3076.013741000
17		43	3076.044426000
17		41	3076.136829000
17		1358	3076.137571000
17		1358	3076.151782000
17		43	3076.230040000
17		1358	3076.272966000
17		1358	3076.290933000
17		41	3076.322731000
17		1358	3076.409994000
17		43	3076.416233000
17		1358	3076.427128000
17		41	3076.509016000
6	68		3076.518294000
6	52		3076.538972000
6	0		3076.539012000
6	0		3076.539035000
6	0		3076.540290000
17		1358	3076.546876000
6	0		3076.560881000
17		43	3076.601964000
17		1358	3076.657196000
17		1358	3076.684224000
17		41	3076.694907000
17		43	3076.788404000
17		1358	3076.820940000
17		41	3076.881342000
17		1358	3076.886280000
17		1358	3076.958882000
17		43	3076.974151000
17		41	3077.067360000
17		1358	3077.095491000
17		1358	3077.115998000
17		43	3077.160391000
17		1358	3077.232023000
17		41	3077.253016000
17		1358	3077.345455000
17		43	3077.346087000
17		1358	3077.369171000
17		41	3077.439327000
17		1358	3077.506010000
17		1358	3077.518620000
17		43	3077.532425000
17		41	3077.624694000
17		1358	3077.642703000
17		1358	3077.689999000
17		43	3077.718310000
17		41	3077.718335000
17		1358	3077.779477000
17		48	3077.810854000
17		35	3077.825232000
17		1358	3077.862154000
17		41	3077.904375000
17		41	3077.904400000
17		43	3077.904407000
17		40	3077.904932000
17		1358	3077.916653000
17		43	3077.997307000
17		1358	3078.053408000
17		43	3078.090326000
17		41	3078.183367000
17		1358	3078.190398000
17		43	3078.276390000
17		1358	3078.328009000
17		43	3078.368961000
17		41	3078.461745000
17		1358	3078.464713000
17		43	3078.555389000
17		1358	3078.601979000
17		41	3078.648588000
17		1358	3078.738795000
17		43	3078.741355000
17		41	3078.834536000
17		1358	3078.875488000
17		43	3078.927305000
17		1358	3079.011667000
6	0		3079.018358000
6	0		3079.018422000
17		41	3079.020257000
17		43	3079.112937000
17		1358	3079.148736000
17		41	3079.206569000
6	0		3079.233301000
6	22		3079.238429000
6	0		3079.238464000
6	41		3079.239155000
17		1358	3079.285504000
17		43	3079.299064000
17		43	3079.391700000
17		1358	3079.423148000
6	0		3079.454246000
6	1080		3079.454285000
6	976		3079.457357000
17		43	3079.484816000
6	0		3079.498227000
17		1358	3079.560131000
17		43	3079.577912000
17		43	3079.671408000
17		1358	3079.696387000
6	0		3079.708231000
17		43	3079.764495000
17		1358	3079.833473000
17		43	3079.856784000
17		43	3079.949831000
17		1358	3079.970904000
17		43	3080.043096000
17		1358	3080.079496000
17		43	3080.136480000
17		1358	3080.189391000
17		43	3080.228950000
17		1358	3080.298638000
17		48	3080.321986000
17		35	3080.335980000
17		1358	3080.409496000
17		43	3080.414704000
17		43	3080.507888000
17		1358	3080.517508000
6	48		3080.561181000
6	0		3080.561236000
6	388		3080.566862000
17		43	3080.601077000
17		1358	3080.627686000
17		43	3080.693723000
6	0		3080.782176000
17		43	3080.786954000
17		1358	3080.809637000
17		43	3080.879940000
17		1358	3080.938863000
17		43	3080.973084000
17		1358	3081.063954000
17		43	3081.066205000
17		43	3081.159236000
17		1358	3081.177790000
17		43	3081.252428000
17		1358	3081.288137000
17		43	3081.344989000
17		1358	3081.397391000
17		43	3081.438293000
17		1358	3081.506898000
17		43	3081.531671000
17		1358	3081.616128000
17		43	3081.624357000
17		43	3081.717409000
17		1358	3081.728852000
6	16		3081.780100000
17		43	3081.809765000
6	0		3081.822211000
17		1358	3081.835216000
17		43	3081.903176000
17		1358	3081.943670000
17		43	3081.996333000
17		1358	3082.054181000
17		43	3082.089482000
17		1358	3082.162647000
17		48	3082.182397000
17		35	3082.197125000
17		1358	3082.272371000
17		43	3082.274985000
17		43	3082.368531000
17		1358	3082.370170000
17		1358	3082.370198000
17		1358	3082.370202000
17		1358	3082.370205000
17		1358	3082.370208000
17		1358	3082.370212000
17		1358	3082.370215000
17		1358	3082.370218000
17		1358	3082.370221000
17		1358	3082.370224000
17		1358	3082.370228000
17		1358	3082.458274000
17		1358	3082.545046000
17		43	3082.554423000
17		1358	3082.631756000
17		43	3082.647234000
17		43	3082.739989000
17		1358	3082.777110000
17		43	3082.833679000
17		1358	3082.886819000
17		43	3082.926251000
17		1358	3082.995912000
17		43	3083.019084000
17		1358	3083.103957000
17		43	3083.112516000
17		43	3083.205226000
17		1358	3083.212711000
17		43	3083.298244000
17		1358	3083.316729000
17		43	3083.391289000
17		1358	3083.420478000
17		43	3083.484073000
17		1358	3083.521665000
17		43	3083.576954000
17		1358	3083.624215000
17		43	3083.669997000
17		1358	3083.716949000
17		43	3083.763231000
17		1358	3083.802999000
17		43	3083.856217000
17		1358	3083.887064000
17		43	3083.949372000
17		1358	3083.955525000
17		1358	3084.022961000
17		43	3084.042570000
17		1358	3084.091521000
17		48	3084.135247000
17		35	3084.149287000
6	52		3084.205202000
6	0		3084.205242000
6	52		3084.205348000
17		1358	3084.205607000
17		43	3084.227888000
17		1358	3084.317621000
17		43	3084.321124000
17		1358	3084.402792000
17		43	3084.413719000
6	0		3084.419918000
6	84		3084.428945000
6	0		3084.470213000
17		1358	3084.487385000
17		43	3084.506718000
17		1358	3084.572102000
17		43	3084.600021000
17		1358	3084.656713000
17		43	3084.693423000
17		1358	3084.740747000
17		43	3084.786251000
17		1358	3084.826612000
17		43	3084.879306000
17		1358	3084.909365000
17		43	3084.972234000
17		1358	3084.994945000
17		43	3085.065320000
17		657	3085.065352000
17		37	3085.066906000
17		77	3085.075044000
17		33	3085.075081000
17		1358	3085.079464000
17		43	3085.158162000
17		1358	3085.163822000
6	0		3085.207526000
6	0		3085.207573000
17		1358	3085.248098000
17		43	3085.251767000
17		1358	3085.333374000
17		43	3085.343793000
17		1358	3085.417605000
17		43	3085.437548000
17		1358	3085.484594000
17		43	3085.529837000
17		1358	3085.553091000
17		43	3085.622868000
17		1358	3085.665882000
17		43	3085.716276000
17		1358	3085.778692000
17		45	3085.809421000
17		43	3085.809444000
17		33	3085.835680000
17		1358	3085.862623000
17		43	3085.901715000
17		41	3085.901742000
17		1358	3085.947786000
17		48	3085.994934000
17		35	3086.008350000
17		1358	3086.031601000
6	52		3086.067866000
17		43	3086.087944000
17		1358	3086.116002000
17		43	3086.181152000
17		1358	3086.201156000
17		43	3086.274269000
6	52		3086.284812000
6	0		3086.284854000
6	0		3086.284873000
17		1358	3086.285763000
6	0		3086.286241000
17		43	3086.367452000
17		1358	3086.368143000
17		1358	3086.454005000
17		43	3086.460190000
6	0		3086.500826000
17		1358	3086.539173000
17		43	3086.553366000
17		1358	3086.624172000
17		43	3086.646332000
17		1358	3086.708305000
17		43	3086.739196000
17		1358	3086.792907000
17		43	3086.832523000
17		1358	3086.877482000
17		43	3086.925304000
17		1358	3086.944307000
17		1358	3087.012778000
17		43	3087.017758000
17		1358	3087.079423000
17		43	3087.111232000
17		1358	3087.192626000
17		43	3087.204527000
17		43	3087.296671000
17		1358	3087.304943000
17		1358	3087.389923000
17		43	3087.390503000
17		767	3087.390537000
17		37	3087.391365000
17		108	3087.404831000
17		106	3087.404879000
17		1358	3087.475187000
17		43	3087.482907000
17		1358	3087.558496000
17		43	3087.576383000
17		1358	3087.643932000
17		43	3087.668897000
17		1358	3087.728009000
17		43	3087.761964000
17		1358	3087.811812000
17		48	3087.855495000
17		35	3087.868986000
17		1358	3087.896747000
17		43	3087.947971000
17		1358	3087.981603000
17		43	3088.041025000
17		1358	3088.065700000
17		43	3088.134340000
17		1358	3088.150593000
17		45	3088.226677000
17		43	3088.226703000
17		1358	3088.235010000
17		33	3088.252096000
17		43	3088.319798000
17		41	3088.319821000
17		1358	3088.321286000
17		1358	3088.387171000
17		43	3088.413433000
17		1358	3088.455420000
17		43	3088.506433000
17		1358	3088.522827000
17		43	3088.599478000
17		1358	3088.635241000
17		43	3088.692303000
17		1358	3088.748153000
17		43	3088.785417000
17		1358	3088.832693000
17		43	3088.878242000
17		1358	3088.916346000
17		43	3088.970952000
17		1358	3089.001492000
17		43	3089.064437000
17		1358	3089.086084000
17		43	3089.156750000
17		591	3089.170064000
17		43	3089.250298000
17		43	3089.343358000
17		43	3089.436518000
17		43	3089.528688000
17		43	3089.621998000
17		48	3089.715179000
17		35	3089.729683000
17		43	3089.808352000
17		43	3089.901844000
17		1025	3089.901874000
17		34	3089.902557000
17		1358	3089.903511000
17		1358	3089.971991000
17		43	3089.994037000
17		1358	3090.039668000
17		49	3090.087144000
17		35	3090.101190000
17		1358	3090.107328000
17		1358	3090.175336000
17		43	3090.179839000
17		1358	3090.241754000
17		43	3090.273567000
17		1358	3090.309944000
17		43	3090.366560000
17		1358	3090.377690000
17		1358	3090.445392000
17		43	3090.459233000
17		1358	3090.512537000
17		43	3090.552603000
17		1358	3090.625277000
17		43	3090.644765000
17		1358	3090.710051000
17		43	3090.738596000
17		1358	3090.794199000
17		43	3090.831151000
17		1358	3090.879214000
17		43	3090.924378000
17		1358	3090.963189000
17		43	3091.017394000
17		1358	3091.047125000
17		43	3091.110794000
17		1358	3091.132259000
17		43	3091.203810000
17		1358	3091.215929000
17		43	3091.296609000
17		1358	3091.300664000
17		1358	3091.385457000
17		43	3091.389372000
17		1358	3091.469244000
17		43	3091.481972000
17		1358	3091.554184000
17		43	3091.575913000
17		1358	3091.638070000
17		43	3091.668149000
17		1358	3091.723085000
17		43	3091.761210000
17		1358	3091.790036000
17		43	3091.854238000
17		1358	3091.858228000
17		48	3091.947183000
17		35	3091.961337000
17		1358	3091.970706000
17		43	3092.040517000
17		1358	3092.055375000
17		43	3092.132886000
17		1358	3092.140402000
17		1358	3092.223891000
17		43	3092.225727000
17		1358	3092.308546000
17		43	3092.319294000
17		1358	3092.386554000
17		43	3092.411739000
17		1358	3092.464223000
17		43	3092.504979000
17		1358	3092.541340000
17		43	3092.598517000
17		1358	3092.620415000
17		43	3092.691071000
17		1358	3092.699120000
17		43	3092.783734000
17		1358	3092.784604000
17		1358	3092.848214000
17		43	3092.877575000
17		1358	3092.910263000
17		43	3092.970580000
17		1358	3092.972231000
17		1358	3093.034291000
17		43	3093.063599000
17		1358	3093.097410000
17		43	3093.156582000
17		1358	3093.157261000
17		43	3093.248889000
17		1358	3093.263211000
17		43	3093.342527000
17		1358	3093.366240000
17		43	3093.435858000
17		1358	3093.469815000
17		43	3093.528467000
17		1358	3093.573540000
17		43	3093.621435000
17		1358	3093.651340000
17		43	3093.714665000
17		1358	3093.728278000
17		1358	3093.805082000
17		48	3093.806708000
17		35	3093.820262000
17		1358	3093.882443000
17		43	3093.900217000
17		1358	3093.960440000
17		43	3093.992748000
17		1358	3094.037188000
17		43	3094.085750000
17		1358	3094.116025000
17		43	3094.179244000
17		1358	3094.192787000
17		1358	3094.270564000
17		43	3094.272183000
17		1358	3094.348630000
17		43	3094.364863000
17		1358	3094.425251000
17		43	3094.457959000
17		1358	3094.502376000
17		43	3094.551475000
17		1358	3094.580006000
17		43	3094.644577000
17		1358	3094.658214000
17		1358	3094.735455000
17		43	3094.737225000
17		1358	3094.812663000
17		43	3094.830530000
17		1358	3094.890699000
17		43	3094.922917000
17		1358	3094.967381000
17		43	3095.015916000
17		1358	3095.044871000
17		43	3095.109587000
17		705	3095.109621000
17		37	3095.110418000
17		75	3095.119703000
17		33	3095.119865000
17		1358	3095.122394000
17		1358	3095.200449000
17		43	3095.202236000
17		1358	3095.278023000
17		43	3095.294782000
17		1358	3095.355242000
17		43	3095.387699000
17		1358	3095.433366000
17		43	3095.481598000
17		1358	3095.509922000
17		43	3095.573792000
17		1358	3095.587354000
17		1358	3095.664838000
17		45	3095.666871000
17		48	3095.666899000
17		41	3095.666908000
17		35	3095.680805000
17		33	3095.692839000
17		1358	3095.743588000
17		43	3095.760052000
17		1358	3095.820217000
17		43	3095.852893000
17		1358	3095.882324000
17		1358	3095.944980000
17		43	3095.946415000
17		1358	3096.006240000
17		43	3096.039205000
17		1358	3096.068390000
17		1358	3096.130447000
17		43	3096.131914000
17		1358	3096.192177000
17		43	3096.224824000
17		1358	3096.296314000
17		43	3096.318483000
17		1358	3096.398409000
17		43	3096.411168000
17		1358	3096.502374000
17		43	3096.504129000
6	0		3096.539321000
6	0		3096.539385000
6	0		3096.578827000
6	12		3096.579111000
17		43	3096.596754000
17		1358	3096.605338000
6	0		3096.618055000
6	12		3096.618108000
6	0		3096.618128000
6	1		3096.618373000
6	4		3096.618402000
6	32		3096.618419000
6	0		3096.618433000
6	0		3096.657393000
6	0		3096.657437000
6	0		3096.657507000
6	0		3096.657513000
6	0		3096.657536000
17		1358	3096.682335000
17		43	3096.689876000
17		1358	3096.760376000
17		43	3096.783632000
17		1358	3096.838322000
17		43	3096.875682000
17		1358	3096.915499000
17		43	3096.969571000
17		1358	3096.993340000
17		43	3097.061635000
17		1358	3097.070813000
17		1358	3097.147570000
17		43	3097.155531000
17		1358	3097.225289000
17		43	3097.247894000
17		1358	3097.302417000
17		43	3097.341548000
17		1358	3097.379666000
17		43	3097.433708000
17		1358	3097.458201000
17		48	3097.527027000
17		1358	3097.535161000
17		1358	3097.613540000
17		43	3097.620407000
17		1358	3097.690344000
17		43	3097.713591000
17		1358	3097.768271000
17		43	3097.805827000
17		1358	3097.846523000
17		43	3097.898826000
17		1358	3097.925057000
17		43	3097.991895000
17		1358	3098.002677000
17		1358	3098.079518000
17		43	3098.085276000
17		1358	3098.157333000
17		43	3098.177714000
17		1358	3098.235455000
17		43	3098.271481000
17		1358	3098.314426000
17		43	3098.363711000
17		1358	3098.392734000
17		43	3098.456717000
17		1358	3098.471502000
17		43	3098.550119000
17		1358	3098.551701000
17		43	3098.643294000
17		1358	3098.644431000
17		43	3098.736057000
17		1358	3098.738361000
17		43	3098.828779000
17		1358	3098.830396000
17		43	3098.921695000
17		1358	3098.923080000
17		1358	3098.985518000
17		43	3099.015534000
17		1358	3099.048083000
17		43	3099.107763000
17		1358	3099.110553000
17		43	3099.201452000
17		343	3099.215022000
17		43	3099.293920000
17		48	3099.387375000
17		35	3099.401328000
17		43	3099.480421000
17		43	3099.573510000
17		43	3099.665723000
17		43	3099.758978000
17		43	3099.852086000
17		1126	3099.945442000
17		41	3099.945976000
17		1358	3099.948551000
17		1358	3100.027556000
17		43	3100.038544000
17		1358	3100.104276000
17		43	3100.131040000
17		1358	3100.181351000
17		43	3100.223912000
17		1358	3100.260381000
6	0		3100.294789000
6	0		3100.294848000
17		49	3100.317542000
17		43	3100.317577000
17		35	3100.331563000
17		1358	3100.337358000
17		43	3100.410127000
17		1358	3100.414389000
6	0		3100.481906000
6	41		3100.488062000
17		1358	3100.491873000
17		43	3100.503397000
17		1358	3100.569152000
17		43	3100.596193000
17		1358	3100.646569000
6	0		3100.674844000
6	21		3100.682943000
6	0		3100.682982000
6	1080		3100.684109000
17		43	3100.689587000
17		1358	3100.721081000
17		43	3100.781972000
17		1358	3100.796378000
17		1358	3100.870156000
6	440		3100.875489000
17		43	3100.875681000
6	0		3100.918208000
17		1358	3100.945151000
17		43	3100.968486000
17		1358	3101.018449000
17		43	3101.061367000
17		1358	3101.093250000
6	48		3101.104964000
6	0		3101.105007000
6	280		3101.109142000
17		43	3101.154037000
17		1358	3101.167622000
17		1358	3101.242383000
17		43	3101.247458000
6	16		3101.306925000
17		1358	3101.317226000
17		43	3101.339748000
6	0		3101.350229000
17		1358	3101.391260000
17		43	3101.433532000
17		1358	3101.451454000
17		1358	3101.511447000
6	0		3101.513192000
6	0		3101.513230000
17		43	3101.526098000
6	52		3101.536959000
6	0		3101.536997000
6	52		3101.537074000
17		1358	3101.570317000
17		43	3101.618815000
17		1358	3101.629239000
17		43	3101.712478000
6	100		3101.725616000
17		1358	3101.729548000
6	0		3101.766221000
6	0		3101.801465000
6	41		3101.808215000
17		43	3101.808358000
17		1358	3101.828435000
17		43	3101.898402000
17		1358	3101.927239000
17		43	3101.990759000
17		1358	3102.002577000
17		1358	3102.076230000
17		48	3102.084496000
6	0		3102.094729000
6	21		3102.094763000
6	0		3102.094775000
6	1080		3102.095808000
17		35	3102.098547000
17		1358	3102.150787000
17		43	3102.177604000
17		1358	3102.225626000
17		43	3102.270057000
17		1358	3102.299700000
17		43	3102.362888000
17		1358	3102.373962000
6	0		3102.383147000
6	440		3102.383182000
6	0		3102.426234000
17		1358	3102.448589000
17		43	3102.456009000
17		1358	3102.523425000
17		43	3102.548933000
17		1358	3102.597226000
17		43	3102.641871000
17		1358	3102.672049000
6	48		3102.713448000
6	0		3102.713489000
6	280		3102.717668000
17		43	3102.735654000
17		1358	3102.746500000
17		1358	3102.821240000
17		43	3102.828521000
17		1358	3102.894785000
17		43	3102.921038000
17		1358	3102.969855000
6	0		3103.005080000
17		43	3103.014103000
6	16		3103.015043000
17		1358	3103.043781000
6	0		3103.058220000
17		43	3103.107133000
17		1358	3103.118471000
17		1358	3103.193354000
17		43	3103.200142000
17		1358	3103.267576000
17		43	3103.293598000
17		1358	3103.342984000
6	52		3103.345802000
6	0		3103.345840000
6	52		3103.345974000
17		43	3103.385856000
17		1358	3103.419384000
17		43	3103.479105000
17		1358	3103.494651000
17		43	3103.572586000
17		1358	3103.573134000
6	84		3103.633465000
17		1358	3103.633891000
17		43	3103.665385000
6	0		3103.674231000
17		1358	3103.693395000
6	68		3103.697481000
17		43	3103.758248000
17		1358	3103.759811000
17		43	3103.850721000
17		1358	3103.852226000
6	52		3103.887111000
6	0		3103.887155000
6	0		3103.887173000
6	0		3103.888412000
17		48	3103.944315000
17		1358	3103.945601000
17		43	3104.037507000
17		1358	3104.046475000
6	0		3104.075136000
17		43	3104.129754000
17		1358	3104.146358000
17		43	3104.222796000
17		1358	3104.246677000
17		43	3104.315749000
17		1358	3104.321680000
17		43	3104.409084000
17		1358	3104.410489000
17		43	3104.501968000
17		1358	3104.503376000
17		43	3104.594810000
17		1358	3104.596316000
17		1358	3104.671714000
17		43	3104.687885000
17		1358	3104.745638000
17		43	3104.781262000
17		1358	3104.820962000
17		43	3104.874118000
17		1358	3104.896381000
17		43	3104.967373000
17		1358	3104.971710000
17		43	3105.059934000
17		777	3105.059966000
17		37	3105.060731000
17		1358	3105.061006000
17		77	3105.069577000
17		33	3105.069610000
17		43	3105.153285000
17		1358	3105.154054000
17		43	3105.246041000
17		1358	3105.247451000
17		43	3105.339391000
17		1358	3105.340612000
17		43	3105.432304000
17		1358	3105.433783000
17		43	3105.525066000
17		1358	3105.526094000
6	68		3105.545781000
17		43	3105.618362000
17		1358	3105.619497000
17		43	3105.711280000
17		1358	3105.712379000
17		1358	3105.787779000
17		48	3105.804192000
17		41	3105.804220000
17		35	3105.817620000
6	52		3105.836252000
6	0		3105.836293000
6	0		3105.836313000
6	0		3105.838055000
17		1358	3105.862646000
17		45	3105.897221000
17		43	3105.897250000
17		41	3105.897259000
17		33	3105.922848000
17		1358	3105.937799000
17		43	3105.990025000
17		1358	3106.012637000
17		43	3106.083379000
17		1358	3106.084147000
6	0		3106.125041000
17		43	3106.176494000
17		1358	3106.177461000
17		43	3106.269646000
17		1358	3106.271200000
17		43	3106.361832000
17		1358	3106.371764000
17		43	3106.454866000
17		1358	3106.472197000
17		43	3106.548271000
17		1358	3106.571601000
17		43	3106.640713000
17		1358	3106.646564000
17		43	3106.734152000
17		1358	3106.735377000
17		43	3106.827342000
17		1358	3106.828895000
17		43	3106.920602000
17		1358	3106.922315000
17		43	3107.013257000
17		1358	3107.015198000
17		1358	3107.090495000
17		43	3107.106255000
17		1358	3107.165069000
17		43	3107.199030000
17		1358	3107.240124000
17		43	3107.292444000
17		1358	3107.316202000
17		43	3107.385576000
17		1358	3107.390997000
17		43	3107.477741000
17		1358	3107.478731000
17		43	3107.571558000
17		1358	3107.573084000
17		48	3107.664350000
17		1358	3107.665821000
17		43	3107.756763000
17		1358	3107.758284000
17		43	3107.850260000
17		1358	3107.851753000
17		43	3107.943599000
17		1358	3107.944581000
17		43	3108.036441000
17		1358	3108.038192000
17		1358	3108.114233000
17		43	3108.129070000
17		1358	3108.187886000
17		43	3108.222513000
17		1358	3108.263597000
17		43	3108.315288000
17		1358	3108.324872000
17		43	3108.408057000
17		1358	3108.409577000
17		43	3108.501161000
17		1358	3108.502756000
17		43	3108.593785000
17		1358	3108.602906000
17		43	3108.687606000
17		43	3108.780427000
17		1358	3108.781929000
17		43	3108.873581000
17		1358	3108.875081000
17		43	3108.966136000
17		1358	3108.967729000
17		43	3109.059307000
17		1358	3109.060805000
17		1358	3109.141846000
17		43	3109.151978000
6	0		3109.168070000
6	0		3109.168109000
17		1358	3109.220695000
17		43	3109.245246000
17		1358	3109.300752000
17		43	3109.337960000
17		1358	3109.380885000
17		43	3109.431181000
17		1358	3109.461127000
17		48	3109.524427000
17		35	3109.538543000
17		1358	3109.541124000
17		43	3109.617431000
17		1358	3109.621507000
17		43	3109.710261000
17		1358	3109.710780000
17		43	3109.803011000
17		1358	3109.804273000
17		43	3109.896037000
17		1358	3109.897537000
17		43	3109.989613000
17		1358	3109.990833000
17		43	3110.081868000
17		1358	3110.083495000
17		43	3110.175380000
17		1358	3110.175830000
6	0		3110.247879000
6	0		3110.247930000
17		1358	3110.256987000
17		43	3110.267894000
6	0		3110.289568000
17		43	3110.361276000
17		43	3110.454739000
17		43	3110.546832000
17		43	3110.639982000
17		1358	3110.641586000
17		43	3110.733107000
17		1358	3110.734649000
17		43	3110.826111000
17		1358	3110.827748000
17		43	3110.919021000
17		1358	3110.920141000
17		1358	3111.004428000
17		43	3111.012095000
17		1358	3111.085881000
17		43	3111.105708000
17		1358	3111.168732000
17		43	3111.197723000
17		1358	3111.252189000
17		43	3111.291347000
17		1358	3111.334220000
17		48	3111.384632000
17		35	3111.398731000
17		1358	3111.416446000
17		43	3111.477386000
17		1358	3111.499692000
17		43	3111.570676000
17		1358	3111.581418000
17		43	3111.663112000
17		1358	3111.664881000
17		1358	3111.747514000
17		43	3111.755793000
17		1358	3111.829840000
17		43	3111.848806000
17		1358	3111.912347000
17		43	3111.941710000
17		1358	3111.995685000
17		43	3112.035545000
17		1358	3112.078365000
17		43	3112.128438000
17		1358	3112.160324000
17		43	3112.220856000
17		1358	3112.243977000
17		43	3112.314632000
17		1358	3112.326432000
17		43	3112.407386000
17		1358	3112.408149000
17		1358	3112.474594000
17		43	3112.499793000
17		1171	3112.499824000
17		37	3112.500582000
17		108	3112.513770000
17		114	3112.513808000
17		1358	3112.541266000
17		43	3112.592777000
17		1358	3112.607075000
6	0		3112.659554000
6	0		3112.659619000
17		1358	3112.673521000
17		43	3112.686513000
6	0		3112.699460000
6	12		3112.699789000
6	0		3112.739300000
17		1358	3112.739334000
6	12		3112.739676000
6	0		3112.739701000
6	1		3112.739872000
6	4		3112.739885000
6	32		3112.739894000
6	0		3112.739906000
17		43	3112.778689000
6	0		3112.779125000
6	0		3112.779164000
6	0		3112.779189000
6	0		3112.779306000
6	0		3112.779324000
17		1358	3112.805963000
17		1358	3112.871574000
17		43	3112.872098000
17		1358	3112.937323000
17		45	3112.964748000
17		43	3112.964771000
17		41	3112.964775000
17		33	3112.990307000
17		1358	3113.047772000
17		43	3113.058266000
17		43	3113.151126000
17		1358	3113.158397000
17		48	3113.244364000
17		35	3113.258863000
17		1358	3113.267792000
17		43	3113.337581000
17		1358	3113.349842000
17		43	3113.429918000
17		1358	3113.431514000
17		1358	3113.515819000
17		43	3113.523226000
17		1358	3113.597796000
17		43	3113.616081000
17		1358	3113.680704000
17		43	3113.709443000
17		1358	3113.763053000
17		43	3113.802103000
17		1358	3113.842726000
17		43	3113.895402000
17		1358	3113.922477000
17		43	3113.988352000
17		1358	3114.002525000
17		43	3114.080712000
17		1358	3114.082267000
17		1358	3114.161705000
17		43	3114.173736000
17		1358	3114.241938000
17		43	3114.266911000
17		1358	3114.321206000
17		43	3114.360140000
17		1358	3114.401188000
17		43	3114.452846000
17		1358	3114.480532000
17		43	3114.546406000
17		1358	3114.561100000
17		43	3114.638901000
17		1358	3114.640454000
17		1358	3114.720363000
17		43	3114.732424000
17		1358	3114.800894000
17		43	3114.825646000
17		1358	3114.879994000
17		43	3114.918149000
17		1358	3114.959654000
17		43	3115.011410000
17		1358	3115.038761000
17		48	3115.103893000
17		35	3115.118077000
17		1358	3115.118628000
17		43	3115.197257000
17		1358	3115.198800000
17		1358	3115.279011000
17		43	3115.289967000
17		1358	3115.358449000
17		43	3115.383180000
17		1358	3115.438302000
17		43	3115.476620000
17		1358	3115.518551000
17		43	3115.568668000
17		1358	3115.597852000
17		43	3115.661718000
17		1358	3115.677736000
17		1358	3115.742002000
17		43	3115.755132000
17		1358	3115.804976000
17		43	3115.848611000
17		1358	3115.868547000
17		1358	3115.932517000
17		43	3115.941302000
17		1358	3115.996657000
17		43	3116.033813000
17		1358	3116.060094000
17		43	3116.127031000
17		1358	3116.166348000
17		43	3116.219760000
17		1358	3116.273183000
17		43	3116.313775000
17		1358	3116.379245000
17		43	3116.406588000
17		1358	3116.485761000
17		43	3116.498878000
17		1358	3116.565859000
17		43	3116.592100000
17		1358	3116.645795000
17		43	3116.685246000
17		1358	3116.724615000
17		43	3116.777882000
17		1358	3116.804819000
17		43	3116.871067000
17		1358	3116.884563000
17		1358	3116.964225000
17		48	3116.964578000
17		35	3116.978900000
17		1358	3117.043772000
17		43	3117.057080000
17		1358	3117.123841000
17		43	3117.150564000
17		1358	3117.203517000
17		43	3117.243072000
17		1358	3117.283460000
17		43	3117.336051000
17		1358	3117.364062000
17		43	3117.428856000
17		1358	3117.442554000
17		43	3117.522256000
17		1358	3117.522667000
17		1358	3117.602237000
17		43	3117.614968000
17		1358	3117.681938000
17		43	3117.708778000
17		1358	3117.761226000
17		43	3117.801472000
17		1358	3117.841447000
17		43	3117.894485000
17		1358	3117.921417000
17		43	3117.986715000
17		1358	3118.000915000
17		43	3118.079804000
17		1358	3118.081419000
17		1358	3118.160995000
17		43	3118.173310000
17		1358	3118.240905000
17		43	3118.266557000
17		1358	3118.319821000
17		43	3118.359437000
6	0		3118.389521000
6	0		3118.389580000
17		1358	3118.399881000
17		43	3118.452157000
17		1358	3118.479857000
17		43	3118.545123000
17		1358	3118.559481000
17		43	3118.638134000
17		1358	3118.639724000
17		1358	3118.719324000
17		43	3118.730697000
17		1358	3118.799445000
17		48	3118.824596000
17		35	3118.839187000
17		1358	3118.879564000
17		43	3118.916741000
17		1358	3118.944584000
17		43	3119.009777000
17		1358	3119.011395000
17		43	3119.102969000
17		1358	3119.104553000
17		1358	3119.168950000
17		43	3119.195728000
17		1358	3119.232878000
17		43	3119.289534000
17		1358	3119.297656000
17		43	3119.382407000
17		1358	3119.404801000
17		43	3119.474719000
17		1358	3119.511907000
6	0		3119.531736000
6	0		3119.531787000
17		43	3119.568237000
17		1358	3119.618906000
17		43	3119.661545000
17		1358	3119.726221000
17		43	3119.754332000
17		1358	3119.806925000
17		43	3119.847582000
17		1358	3119.887522000
17		43	3119.940356000
17		1358	3119.969146000
17		43	3120.032855000
17		1358	3120.049816000
17		43	3120.126574000
17		1358	3120.130843000
17		43	3120.219581000
17		1358	3120.221401000
17		951	3120.302251000
17		43	3120.312231000
17		43	3120.405552000
17		43	3120.497784000
17		43	3120.591084000
17		48	3120.683880000
17		1026	3120.683910000
17		34	3120.684542000
17		33	3120.685121000
17		1358	3120.687192000
17		1358	3120.768211000
17		43	3120.777358000
17		43	3120.839488000
17		1358	3120.847183000
17		43	3120.900642000
17		1358	3120.927574000
17		43	3120.963395000
17		1358	3121.007583000
17		43	3121.024927000
6	0		3121.076734000
6	0		3121.076775000
17		1358	3121.087453000
17		43	3121.087530000
17		49	3121.148720000
17		35	3121.162512000
17		1358	3121.166207000
17		43	3121.210686000
17		1358	3121.246692000
17		43	3121.273490000
17		1358	3121.326707000
17		43	3121.334995000
17		43	3121.396975000
17		1358	3121.405549000
17		43	3121.458642000
17		1358	3121.485556000
17		43	3121.520875000
17		1358	3121.566421000
17		43	3121.582840000
17		43	3121.644820000
17		1358	3121.646407000
17		43	3121.707239000
17		1358	3121.727439000
17		43	3121.768765000
17		1358	3121.806536000
17		43	3121.831576000
17		1358	3121.885946000
17		43	3121.892706000
17		43	3121.954689000
17		1358	3121.965955000
17		43	3122.017240000
17		1358	3122.045241000
17		43	3122.079168000
17		1358	3122.125447000
17		43	3122.141356000
17		43	3122.202912000
17		1358	3122.204474000
17		1358	3122.204508000
17		1358	3122.204511000
17		1358	3122.204515000
17		1358	3122.204518000
17		1358	3122.204521000
17		1358	3122.204526000
17		1358	3122.204531000
17		1358	3122.204535000
17		1358	3122.204539000
17		1358	3122.204543000
17		1358	3122.284799000
17		43	3122.326693000
17		1358	3122.364704000
17		43	3122.389415000
17		1358	3122.444117000
17		48	3122.451355000
17		35	3122.466808000
17		43	3122.513402000
17		1358	3122.523418000
17		43	3122.575121000
17		1358	3122.585979000
17		43	3122.636752000
17		1358	3122.684608000
17		43	3122.699414000
17		43	3122.760911000
17		1358	3122.780358000
17		43	3122.822872000
17		1358	3122.851031000
17		43	3122.885583000
17		1358	3122.919783000
17		43	3122.947429000
17		1358	3122.988153000
17		43	3123.009051000
17		1358	3123.054307000
17		43	3123.071321000
17		1358	3123.111883000
17		43	3123.133679000
17		1358	3123.168040000
17		43	3123.195188000
17		1358	3123.225045000
17		43	3123.257244000
17		1358	3123.281186000
17		43	3123.319216000
17		1358	3123.337692000
17		43	3123.381129000
17		1358	3123.394119000
17		43	3123.442970000
17		1358	3123.450404000
17		1358	3123.495448000
17		43	3123.505301000
17		1358	3123.540278000
17		43	3123.567606000
17		1358	3123.585820000
17		43	3123.629732000
17		1358	3123.660822000
17		48	3123.691104000
17		35	3123.705266000
17		1358	3123.736241000
17		43	3123.752958000
17		1358	3123.792413000
17		43	3123.815281000
17		1358	3123.848621000
17		43	3123.876718000
17		1358	3123.904669000
17		43	3123.938753000
17		1358	3123.962201000
17		43	3124.000710000
17		1358	3124.017534000
17		43	3124.063321000
17		1358	3124.074135000
17		43	3124.124929000
17		1358	3124.130941000
17		1358	3124.185619000
17		43	3124.187470000
17		1358	3124.240899000
17		43	3124.248953000
17		1358	3124.296883000
17		43	3124.311175000
17		1358	3124.353166000
17		43	3124.372855000
17		1358	3124.408864000
17		43	3124.435286000
17		1358	3124.463924000
17		43	3124.496925000
17		1358	3124.508591000
17		1358	3124.553254000
17		43	3124.559256000
17		1358	3124.598056000
17		43	3124.621534000
17		1358	3124.672345000
17		43	3124.683295000
17		43	3124.745540000
17		1358	3124.746849000
17		1358	3124.802200000
17		43	3124.806777000
17		1358	3124.858498000
17		43	3124.869292000
17		1358	3124.914302000
17		48	3124.931605000
17		35	3124.945902000
17		1358	3124.969725000
17		43	3124.993503000
17		1358	3125.025830000
17		43	3125.055089000
17		661	3125.055113000
17		37	3125.056440000
17		77	3125.064537000
17		33	3125.064579000
17		1358	3125.080953000
17		43	3125.117638000
17		1358	3125.137190000
17		43	3125.179125000
17		1358	3125.192919000
17		43	3125.241716000
17		1358	3125.248028000
17		43	3125.303198000
17		1358	3125.303657000
17		1358	3125.360136000
17		43	3125.364947000
17		1358	3125.416060000
17		43	3125.427660000
17		1358	3125.471197000
17		43	3125.489302000
17		1358	3125.515062000
17		45	3125.551389000
17		43	3125.551415000
17		41	3125.551424000
17		1358	3125.560176000
17		33	3125.577179000
17		43	3125.613446000
17		1358	3125.634425000
17		43	3125.675391000
17		1358	3125.709138000
17		43	3125.737540000
17		1358	3125.764810000
17		43	3125.799160000
17		1358	3125.820731000
17		43	3125.860887000
17		1358	3125.875709000
17		43	3125.922782000
17		1358	3125.931730000
17		43	3125.984798000
17		1358	3125.987933000
17		1358	3126.043787000
17		43	3126.046801000
17		1358	3126.098955000
17		43	3126.109048000
17		1358	3126.154960000
17		48	3126.171149000
17		35	3126.185518000
17		1358	3126.210839000
17		43	3126.233150000
17		1358	3126.267054000
17		43	3126.295161000
17		1358	3126.321435000
17		43	3126.357336000
17		1358	3126.378122000
17		43	3126.419545000
17		1358	3126.433909000
17		1358	3126.477926000
17		43	3126.481363000
17		1358	3126.522755000
17		43	3126.543196000
17		1358	3126.566378000
17		43	3126.604963000
17		1358	3126.641483000
17		43	3126.667510000
17		1117	3126.667541000
17		34	3126.668207000
17		1358	3126.715596000
17		43	3126.729252000
17		1358	3126.771813000
17		43	3126.790896000
17		1358	3126.826902000
17		43	3126.852980000
17		1358	3126.883152000
17		43	3126.915012000
17		1358	3126.938661000
17		43	3126.977547000
17		1358	3126.994400000
17		43	3127.038712000
17		1358	3127.050085000
17		43	3127.101732000
17		1358	3127.105156000
17		1358	3127.161802000
17		43	3127.163015000
17		1358	3127.217254000
17		43	3127.225403000
17		1358	3127.272764000
17		49	3127.286982000
17		35	3127.301450000
17		1358	3127.328081000
17		43	3127.349134000
17		1358	3127.384359000
17		43	3127.411271000
17		1358	3127.439679000
17		43	3127.472922000
17		1358	3127.485311000
17		1358	3127.529533000
17		43	3127.535189000
17		1358	3127.573143000
17		43	3127.596662000
17		1358	3127.647712000
17		43	3127.659449000
17		43	3127.721433000
17		1358	3127.722931000
17		1358	3127.778017000
17		43	3127.783072000
17		1358	3127.833575000
17		43	3127.845209000
17		1358	3127.889130000
17		43	3127.906776000
17		1358	3127.945019000
17		43	3127.968871000
17		1358	3128.000976000
17		43	3128.031159000
17		1358	3128.056781000
17		43	3128.093422000
17		1358	3128.112487000
17		43	3128.155363000
17		1358	3128.167678000
17		43	3128.216737000
17		1358	3128.223563000
17		43	3128.278878000
17		43	3128.340791000
17		43	3128.402938000
17		43	3128.464664000
17		1358	3128.466457000
17		48	3128.527037000
17		1358	3128.528657000
17		43	3128.588804000
17		1358	3128.604005000
17		43	3128.650879000
17		1358	3128.679231000
17		43	3128.712863000
17		1358	3128.735777000
17		43	3128.775600000
17		1358	3128.792939000
17		43	3128.837083000
17		1358	3128.849322000
17		43	3128.899029000
17		1358	3128.905995000
17		43	3128.960890000
17		1358	3128.962481000
17		1358	3129.019159000
17		43	3129.023183000
17		1358	3129.074655000
17		43	3129.085368000
17		1358	3129.130439000
17		43	3129.146989000
17		1358	3129.186474000
17		43	3129.208868000
17		1358	3129.242819000
17		43	3129.270876000
17		1358	3129.299945000
17		43	3129.333188000
17		1358	3129.356571000
17		43	3129.395467000
17		1358	3129.413338000
17		43	3129.456808000
17		1358	3129.458390000
17		43	3129.518732000
17		1358	3129.520456000
17		43	3129.581464000
17		1358	3129.595603000
17		43	3129.642798000
17		1358	3129.670451000
17		43	3129.705052000
17		1358	3129.727258000
17		48	3129.766794000
17		35	3129.780256000
17		1358	3129.781888000
17		43	3129.829606000
17		1358	3129.838591000
17		43	3129.891369000
17		1358	3129.892337000
17		1358	3129.948455000
17		43	3129.953074000
17		1358	3130.003496000
17		43	3130.015533000
17		1358	3130.058850000
17		43	3130.076827000
17		1358	3130.113962000
17		43	3130.138938000
17		1358	3130.169688000
17		43	3130.201220000
17		1358	3130.224669000
17		43	3130.262952000
17		1358	3130.279794000
17		43	3130.324871000
17		1358	3130.335140000
17		43	3130.387111000
17		1358	3130.390723000
17		1358	3130.435293000
17		43	3130.449341000
17		1358	3130.479535000
17		43	3130.511521000
17		1358	3130.524789000
17		43	3130.572794000
17		1358	3130.598840000
17		43	3130.635544000
17		1358	3130.673005000
17		43	3130.696723000
17		1358	3130.728291000
17		43	3130.759548000
17		1358	3130.784424000
17		43	3130.821486000
17		1358	3130.840151000
17		43	3130.883496000
17		1358	3130.896679000
17		43	3130.945470000
17		1358	3130.951969000
17		48	3131.006900000
17		1358	3131.008466000
17		43	3131.069054000
17		1358	3131.070642000
17		1358	3131.125988000
17		43	3131.131585000
17		1358	3131.181194000
17		43	3131.193494000
17		1358	3131.237402000
17		43	3131.255497000
17		1358	3131.293557000
17		43	3131.316691000
17		1358	3131.349474000
17		43	3131.379071000
17		1358	3131.405243000
17		43	3131.441054000
17		1358	3131.449571000
17		43	3131.503389000
17		1358	3131.504823000
17		43	3131.565100000
17		1358	3131.578983000
17		43	3131.627279000
17		1358	3131.652952000
17		43	3131.689726000
17		1358	3131.708623000
17		43	3131.751437000
17		1358	3131.763748000
17		43	3131.812892000
17		1358	3131.820455000
17		1358	3131.874374000
17		43	3131.874837000
17		1358	3131.927894000
17		43	3131.937555000
17		1358	3131.982961000
17		43	3131.999156000
17		1358	3132.037678000
17		43	3132.061252000
17		1358	3132.092956000
17		43	3132.122884000
17		1358	3132.147597000
17		43	3132.185191000
17		1358	3132.202519000
17		48	3132.247094000
17		35	3132.260429000
17		43	3132.308716000
17		43	3132.370687000
17		1358	3132.372272000
17		43	3132.432692000
17		1358	3132.434262000
17		43	3132.494786000
17		1358	3132.496727000
17		1358	3132.551290000
17		43	3132.557568000
17		1358	3132.605212000
17		43	3132.619501000
17		1358	3132.649904000
17		43	3132.681557000
17		1358	3132.691920000
17		1358	3132.735719000
17		43	3132.742635000
17		1358	3132.779479000
17		43	3132.805580000
17		1358	3132.822515000
17		43	3132.866719000
17		1358	3132.894431000
17		43	3132.929051000
17		1358	3132.967786000
17		43	3132.991101000
17		1358	3133.039316000
17		43	3133.053354000
17		1358	3133.110557000
17		43	3133.115497000
17		1358	3133.165505000
17		43	3133.176787000
17		1358	3133.220085000
17		43	3133.239303000
17		1358	3133.273485000
17		43	3133.301289000
17		1358	3133.326739000
17		43	3133.363456000
17		1358	3133.379264000
17		43	3133.425094000
17		1358	3133.432019000
17		1358	3133.486137000
17		48	3133.486787000
17		35	3133.500404000
17		1358	3133.539141000
17		43	3133.549306000
17		1358	3133.591563000
17		43	3133.611299000
17		1358	3133.644496000
17		43	3133.672873000
17		1358	3133.696895000
17		43	3133.734706000
17		1358	3133.750193000
17		43	3133.797161000
17		1358	3133.802985000
17		1358	3133.856446000
17		43	3133.859244000
17		1358	3133.909567000
17		43	3133.920669000
17		1358	3133.962664000
17		47	3133.983415000
17		35	3133.997247000
17		1358	3134.014706000
17		43	3134.044793000
17		1358	3134.068301000
17		43	3134.106919000
17		1358	3134.120807000
17		43	3134.169606000
17		1358	3134.174202000
17		1358	3134.226527000
17		43	3134.231149000
17		1358	3134.279402000
17		43	3134.292989000
17		1358	3134.332375000
17		43	3134.354801000
17		1358	3134.385119000
17		43	3134.417615000
17		1358	3134.438071000
17		43	3134.479294000
17		1358	3134.490855000
17		43	3134.541286000
17		1358	3134.542618000
17		1358	3134.585899000
17		43	3134.602879000
17		1358	3134.628758000
17		43	3134.665009000
17		1358	3134.670589000
17		1358	3134.713359000
17		43	3134.727017000
17		1358	3134.754576000
17		43	3134.788653000
17		1358	3134.797227000
17		43	3134.850693000
17		1358	3134.867385000
17		43	3134.913341000
17		1358	3134.938324000
17		43	3134.975522000
17		1358	3135.008073000
17		43	3135.037431000
17		1358	3135.079379000
17		642	3135.099363000
17		741	3135.099393000
17		43	3135.099403000
17		37	3135.100075000
17		37	3135.100289000
17		77	3135.109075000
17		33	3135.109111000
17		46	3135.109167000
17		33	3135.109221000
17		1358	3135.131376000
17		43	3135.160899000
17		1358	3135.184266000
17		48	3135.223561000
17		1358	3135.237327000
17		43	3135.285480000
17		1358	3135.289824000
17		1358	3135.343276000
17		43	3135.346712000
17		1358	3135.395879000
17		43	3135.409423000
17		1358	3135.448320000
17		45	3135.471672000
17		43	3135.471698000
17		33	3135.497198000
17		1358	3135.501180000
17		45	3135.533586000
17		41	3135.533611000
17		1358	3135.555113000
17		33	3135.559413000
17		43	3135.595473000
17		1358	3135.607229000
17		43	3135.657332000
17		1358	3135.658838000
17		1358	3135.713263000
17		43	3135.719314000
17		1358	3135.765041000
17		43	3135.781313000
17		1358	3135.818688000
17		43	3135.843466000
17		1358	3135.871949000
17		43	3135.905026000
17		1358	3135.924294000
17		43	3135.967184000
17		1358	3135.976452000
17		43	3136.029444000
17		1358	3136.029708000
17		1358	3136.082691000
17		43	3136.090963000
17		1358	3136.135324000
17		43	3136.153057000
17		1358	3136.188330000
17		43	3136.214753000
17		1358	3136.241318000
17		43	3136.276695000
17		1358	3136.293501000
17		43	3136.338739000
17		1358	3136.347399000
17		1358	3136.400124000
17		43	3136.400867000
17		1358	3136.452262000
17		43	3136.463342000
17		1358	3136.505706000
17		48	3136.525464000
17		35	3136.540320000
17		1358	3136.558973000
17		43	3136.587252000
17		1358	3136.610487000
17		43	3136.649547000
17		1358	3136.653438000
17		1358	3136.695760000
17		43	3136.710876000
17		1358	3136.737489000
17		43	3136.773542000
17		1358	3136.779966000
6	0		3136.782581000
6	0		3136.782629000
6	0		3136.821593000
6	12		3136.821856000
17		1358	3136.822352000
17		43	3136.834647000
6	0		3136.860659000
6	12		3136.860694000
6	0		3136.860706000
6	1		3136.860885000
6	4		3136.860904000
6	32		3136.860912000
6	0		3136.860923000
17		1358	3136.864490000
17		43	3136.896848000
6	0		3136.899708000
6	0		3136.899746000
6	0		3136.899751000
6	0		3136.899910000
6	0		3136.899923000
17		1358	3136.935647000
17		43	3136.958901000
17		1358	3137.006451000
17		43	3137.021065000
17		1358	3137.077411000
17		43	3137.082995000
17		43	3137.145275000
17		1358	3137.148541000
17		1358	3137.201401000
17		43	3137.207034000
17		1358	3137.254417000
17		43	3137.268653000
17		1358	3137.307080000
17		43	3137.331492000
17		969	3137.331523000
17		37	3137.332272000
17		108	3137.344159000
17		272	3137.344198000
17		1358	3137.360035000
17		43	3137.393637000
17		1358	3137.413168000
17		43	3137.455325000
17		1358	3137.465967000
17		43	3137.517562000
17		1358	3137.519168000
17		1358	3137.571665000
17		43	3137.579241000
17		1358	3137.624475000
17		43	3137.640993000
17		1358	3137.677716000
17		43	3137.703480000
17		1358	3137.731427000
17		48	3137.765349000
17		35	3137.780107000
17		1358	3137.785379000
17		43	3137.827357000
17		1358	3137.839495000
17		45	3137.889642000
17		43	3137.889676000
17		1358	3137.891220000
17		33	3137.915190000
17		1358	3137.944915000
17		41	3137.951122000
17		43	3138.013607000
17		1358	3138.015181000
17		1358	3138.069235000
17		43	3138.075315000
17		1358	3138.121298000
17		43	3138.137522000
17		1358	3138.175114000
17		43	3138.198738000
17		1358	3138.229185000
17		43	3138.260720000
17		1358	3138.282474000
17		43	3138.323228000
17		1358	3138.336475000
17		43	3138.384624000
17		1358	3138.390420000
17		43	3138.447153000
17		1358	3138.448850000
17		43	3138.509555000
17		1358	3138.511438000
17		43	3138.571324000
17		1358	3138.572904000
17		43	3138.633036000
17		1358	3138.634680000
17		43	3138.695280000
17		1358	3138.696878000
17		43	3138.757512000
17		1358	3138.758709000
17		43	3138.819229000
17		1358	3138.820339000
17		43	3138.880944000
17		1358	3138.891720000
17		43	3138.943578000
17		1358	3138.962150000
17		43	3139.005218000
17		1358	3139.031820000
17		48	3139.067485000
17		35	3139.081430000
17		1358	3139.103149000
17		43	3139.128927000
17		1358	3139.155857000
17		43	3139.191519000
17		1358	3139.208375000
17		43	3139.253288000
17		1358	3139.261882000
17		1358	3139.314646000
17		43	3139.314725000
17		1358	3139.367122000
17		43	3139.376772000
17		1358	3139.421025000
17		43	3139.439256000
17		1358	3139.474846000
17		43	3139.501396000
17		1358	3139.528605000
17		43	3139.563056000
17		1358	3139.581940000
17		43	3139.624906000
17		1358	3139.635509000
17		43	3139.687061000
17		1358	3139.688411000
17		1358	3139.740952000
17		43	3139.748749000
17		1358	3139.793673000
17		43	3139.811104000
17		43	3139.872940000
17		1358	3139.874473000
17		43	3139.934910000
17		1358	3139.936453000
17		43	3139.996750000
17		1358	3139.998273000
17		43	3140.059559000
17		1358	3140.061321000
17		43	3140.121384000
17		1358	3140.122875000
17		43	3140.183368000
17		1358	3140.184891000
17		43	3140.245520000
17		1358	3140.247047000
17		1358	3140.302697000
17		48	3140.307118000
17		35	3140.320794000
17		1358	3140.356252000
17		43	3140.368948000
17		1358	3140.411413000
17		43	3140.431222000
17		1358	3140.466639000
17		43	3140.492729000
17		1358	3140.521887000
17		43	3140.554669000
17		1358	3140.576721000
17		43	3140.617016000
17		1358	3140.621049000
17		43	3140.678910000
17		1358	3140.679787000
17		43	3140.741494000
17		1358	3140.742213000
17		43	3140.803374000
17		1358	3140.805387000
17		43	3140.864760000
17		1358	3140.878307000
17		43	3140.927046000
17		1358	3140.951316000
17		43	3140.989531000
17		1358	3141.025183000
17		43	3141.051504000
17		1358	3141.097149000
17		43	3141.113397000
17		1358	3141.150337000
17		43	3141.175491000
17		1358	3141.204374000
17		43	3141.237487000
17		1358	3141.258759000
17		43	3141.299444000
17		1358	3141.313004000
17		43	3141.361094000
17		1358	3141.368357000
17		1358	3141.421766000
17		43	3141.423013000
17		1358	3141.475627000
17		43	3141.484902000
17		1358	3141.530950000
17		48	3141.546875000
17		35	3141.560445000
17		1358	3141.585709000
17		43	3141.608995000
17		1358	3141.641355000
17		43	3141.670896000
17		1358	3141.695970000
17		43	3141.733409000
17		1358	3141.752729000
17		43	3141.795069000
17		1358	3141.810252000
17		43	3141.856957000
17		1358	3141.865492000
17		43	3141.919293000
17		1358	3141.921125000
17		1358	3141.978272000
17		43	3141.980730000
17		1358	3142.035557000
17		43	3142.043381000
17		1358	3142.093661000
17		43	3142.104866000
17		1358	3142.150892000
17		43	3142.166904000
17		1358	3142.208097000
17		43	3142.228904000
17		1358	3142.265865000
17		43	3142.291156000
17		1358	3142.323786000
17		43	3142.353085000
17		1358	3142.381675000
17		43	3142.415317000
17		1358	3142.438502000
17		43	3142.477112000
17		1358	3142.495851000
6	0		3142.518040000
6	0		3142.518094000
17		43	3142.538652000
17		1358	3142.550731000
17		1358	3142.595454000
17		43	3142.601307000
17		1358	3142.639898000
17		43	3142.662727000
6	0		3142.681332000
17		1358	3142.685603000
6	41		3142.686811000
17		43	3142.725017000
17		1358	3142.731494000
17		48	3142.787107000
17		35	3142.801961000
17		43	3142.849191000
6	0		3142.849659000
6	21		3142.852543000
6	0		3142.852575000
6	1080		3142.853508000
17		43	3142.911254000
17		43	3142.973398000
6	0		3143.016428000
6	440		3143.016582000
17		43	3143.034772000
6	0		3143.058215000
17		43	3143.096818000
17		1358	3143.098374000
17		43	3143.158839000
17		1358	3143.160359000
17		43	3143.220807000
6	48		3143.221121000
6	0		3143.221142000
17		1358	3143.222288000
6	280		3143.225224000
17		43	3143.283136000
17		1358	3143.283842000
17		43	3143.345295000
17		1358	3143.346895000
6	0		3143.388185000
6	16		3143.392019000
17		43	3143.407349000
17		621	3143.409224000
6	0		3143.434214000
17		43	3143.469295000
17		43	3143.530832000
17		43	3143.593481000
6	52		3143.597085000
6	0		3143.597120000
6	52		3143.597184000
17		1035	3143.655121000
17		41	3143.655766000
17		154	3143.656447000
17		1353	3143.656534000
17		1358	3143.656542000
17		1358	3143.656547000
17		1358	3143.656552000
17		1358	3143.656556000
17		1358	3143.656561000
17		1358	3143.656566000
17		1358	3143.656571000
17		1358	3143.713076000
17		1358	3143.769364000
6	84		3143.773050000
17		49	3143.779145000
17		35	3143.793018000
6	0		3143.814210000
17		43	3143.840646000
17		43	3143.903170000
17		43	3143.965223000
17		1358	3143.966788000
17		43	3144.026855000
17		1358	3144.028445000
17		43	3144.089153000
17		1358	3144.090331000
17		43	3144.151573000
17		1358	3144.153035000
17		43	3144.212721000
17		1358	3144.229041000
17		43	3144.274678000
17		1358	3144.304572000
17		43	3144.337360000
17		1358	3144.360392000
17		43	3144.398994000
17		1358	3144.417103000
17		43	3144.460754000
17		1358	3144.474013000
17		43	3144.523583000
17		1358	3144.530155000
17		43	3144.585355000
17		1358	3144.586925000
17		1358	3144.642946000
17		43	3144.647513000
17		1358	3144.699706000
17		43	3144.709376000
17		1358	3144.755859000
17		43	3144.771170000
17		1358	3144.812720000
17		43	3144.833489000
17		1358	3144.870048000
17		43	3144.895414000
6	0		3144.901758000
6	0		3144.901817000
17		1358	3144.926436000
6	0		3144.941115000
6	12		3144.941363000
17		43	3144.957285000
6	0		3144.980645000
6	12		3144.980679000
6	0		3144.980690000
6	1		3144.980899000
6	4		3144.980934000
6	32		3144.980944000
6	0		3144.980958000
17		1358	3144.983457000
17		48	3145.019577000
6	0		3145.020116000
6	0		3145.020155000
6	0		3145.020160000
6	0		3145.020197000
6	0		3145.020209000
17		35	3145.033605000
17		1358	3145.040061000
17		43	3145.080807000
17		713	3145.080832000
17		37	3145.081590000
17		1358	3145.085584000
17		77	3145.090352000
17		33	3145.090378000
17		43	3145.143246000
17		1358	3145.144581000
17		43	3145.205508000
17		1358	3145.219875000
17		43	3145.266672000
17		1358	3145.294455000
17		43	3145.329167000
17		1358	3145.351709000
17		43	3145.391080000
17		41	3145.391114000
17		1358	3145.408362000
17		45	3145.453048000
17		43	3145.453076000
17		41	3145.453085000
17		1358	3145.464186000
17		33	3145.478410000
6	68		3145.509293000
17		43	3145.515457000
17		1358	3145.519290000
17		1358	3145.574452000
17		43	3145.577569000
17		1358	3145.629923000
17		43	3145.638870000
6	52		3145.672335000
6	0		3145.672385000
6	0		3145.672403000
6	0		3145.673566000
17		1358	3145.685902000
17		43	3145.701111000
17		1358	3145.741947000
17		43	3145.763338000
17		1358	3145.797991000
17		43	3145.825159000
6	0		3145.836475000
17		1358	3145.853572000
17		43	3145.887203000
17		1358	3145.909556000
17		43	3145.948802000
17		1358	3145.966207000
17		43	3146.010868000
17		1358	3146.022930000
17		43	3146.073405000
17		1358	3146.074856000
17		43	3146.135113000
17		1358	3146.136191000
17		43	3146.197485000
17		1358	3146.211109000
17		48	3146.259414000
17		35	3146.273158000
17		1358	3146.285961000
17		43	3146.321237000
17		1358	3146.340484000
17		43	3146.383006000
17		1358	3146.396102000
17		43	3146.444776000
17		1358	3146.450129000
17		1358	3146.506368000
17		43	3146.507236000
17		1358	3146.561978000
17		43	3146.569610000
17		1358	3146.618188000
17		43	3146.631300000
17		1358	3146.674841000
17		43	3146.693338000
17		1358	3146.731437000
17		43	3146.755087000
17		1358	3146.788005000
17		43	3146.816641000
17		1358	3146.843704000
17		43	3146.879001000
17		1358	3146.899468000
17		43	3146.940944000
17		1358	3146.955654000
17		43	3147.002799000
17		1358	3147.011073000
17		1358	3147.054335000
17		43	3147.064714000
17		1358	3147.098979000
17		43	3147.126657000
17		1358	3147.143889000
17		43	3147.189481000
17		1358	3147.218504000
17		43	3147.251101000
17		1358	3147.293367000
17		43	3147.312656000
17		1358	3147.348732000
17		43	3147.375576000
17		1358	3147.404980000
17		43	3147.436989000
17		1358	3147.461390000
17		48	3147.499107000
17		35	3147.513042000
17		1358	3147.517254000
17		43	3147.561508000
17		1358	3147.574172000
17		43	3147.623427000
17		1358	3147.630299000
17		43	3147.685406000
17		1358	3147.686482000
17		1358	3147.741358000
17		43	3147.747410000
17		1358	3147.797072000
17		43	3147.808626000
17		1358	3147.853332000
17		43	3147.870752000
17		1358	3147.909631000
17		43	3147.932629000
17		1358	3147.965985000
17		43	3147.994728000
17		1358	3148.021839000
17		43	3148.057380000
17		1358	3148.067066000
17		43	3148.119110000
17		1358	3148.120782000
17		43	3148.181369000
17		1358	3148.195954000
17		43	3148.243236000
17		1358	3148.270059000
17		43	3148.305360000
17		1358	3148.325964000
17		43	3148.367532000
17		1358	3148.381563000
17		43	3148.429307000
17		1358	3148.437544000
17		43	3148.491079000
17		1358	3148.493252000
17		1358	3148.546148000
17		43	3148.553209000
17		1358	3148.601092000
17		43	3148.615307000
17		1358	3148.656303000
17		43	3148.677484000
17		1358	3148.711921000
17		48	3148.738848000
17		35	3148.752652000
17		1358	3148.767130000
17		43	3148.801657000
17		1358	3148.822499000
17		43	3148.863425000
17		1358	3148.877451000
17		43	3148.924881000
17		1358	3148.933165000
17		43	3148.986680000
17		1358	3148.988559000
17		43	3149.049177000
17		1358	3149.050769000
17		1358	3149.094629000
17		43	3149.110782000
17		1358	3149.138574000
17		43	3149.172810000
17		1358	3149.211987000
17		43	3149.234847000
17		1358	3149.284640000
17		43	3149.296632000
17		1358	3149.340341000
17		43	3149.358808000
17		1358	3149.395556000
17		43	3149.421503000
17		751	3149.450826000
17		43	3149.482761000
17		43	3149.545250000
17		43	3149.607387000
17		43	3149.669349000
17		43	3149.731417000
17		1125	3149.793194000
17		41	3149.793824000
17		150	3149.794539000
17		1353	3149.794560000
17		1358	3149.794564000
17		1358	3149.794567000
17		1358	3149.794570000
17		1358	3149.850341000
17		1358	3149.903791000
17		49	3149.917585000
17		35	3149.931412000
17		1358	3149.958405000
17		43	3149.979052000
17		1358	3150.011703000
17		43	3150.041606000
17		1358	3150.066700000
17		43	3150.102886000
17		1358	3150.109354000
17		1358	3150.154072000
17		43	3150.164836000
17		1358	3150.196532000
17		43	3150.227253000
17		1358	3150.270582000
17		43	3150.288713000
17		1358	3150.343493000
6	0		3150.348238000
6	0		3150.348291000
17		43	3150.350981000
17		1358	3150.397516000
17		43	3150.413042000
17		1358	3150.452006000
17		43	3150.475021000
17		1358	3150.505662000
17		43	3150.537352000
17		1358	3150.560346000
17		43	3150.598956000
17		1358	3150.613829000
17		43	3150.660796000
17		1358	3150.667662000
17		43	3150.723214000
17		1358	3150.724500000
17		1358	3150.778309000
17		43	3150.785065000
17		1358	3150.831504000
17		43	3150.847347000
17		1358	3150.885181000
17		43	3150.908943000
17		1358	3150.939036000
17		43	3150.971312000
17		1358	3150.993534000
17		43	3151.033268000
17		1358	3151.047114000
17		43	3151.094814000
17		1358	3151.095552000
17		48	3151.157436000
17		1358	3151.158941000
17		43	3151.219040000
17		1358	3151.230979000
17		43	3151.280986000
17		1358	3151.302453000
17		43	3151.343167000
17		1358	3151.355879000
17		43	3151.404729000
17		1358	3151.410628000
17		43	3151.467209000
17		1358	3151.468769000
17		1358	3151.523217000
17		43	3151.528901000
17		1358	3151.576510000
17		43	3151.591443000
17		1358	3151.630538000
17		43	3151.653097000
17		1358	3151.684486000
17		43	3151.715019000
17		1358	3151.738001000
17		43	3151.776801000
17		1358	3151.792370000
17		43	3151.839203000
17		1358	3151.846745000
17		43	3151.901561000
17		1358	3151.903091000
17		43	3151.962973000
17		1358	3151.964153000
17		43	3152.025274000
17		1358	3152.026828000
17		43	3152.087514000
17		1358	3152.089022000
17		43	3152.149050000
17		1358	3152.150562000
17		43	3152.211291000
17		1358	3152.221544000
17		43	3152.272733000
17		1358	3152.292430000
17		43	3152.334945000
17		1358	3152.346061000
17		48	3152.396709000
17		645	3152.397864000
17		43	3152.459420000
17		43	3152.521074000
17		43	3152.583350000
17		43	3152.645534000
17		1125	3152.707477000
17		41	3152.708033000
17		1358	3152.708886000
17		1358	3152.708898000
17		1358	3152.708902000
17		1358	3152.708905000
17		1358	3152.708908000
17		1358	3152.762588000
17		1358	3152.815739000
17		49	3152.831390000
17		35	3152.845278000
17		1358	3152.868702000
17		43	3152.892642000
17		1358	3152.922992000
17		43	3152.954795000
17		1358	3152.977210000
17		43	3153.017024000
17		1358	3153.030578000
17		43	3153.079244000
17		1358	3153.083859000
17		43	3153.140783000
17		1358	3153.142366000
17		43	3153.202982000
17		1358	3153.204541000
17		43	3153.265366000
17		1358	3153.275659000
17		43	3153.326726000
17		1358	3153.347113000
17		43	3153.388788000
17		1358	3153.400865000
17		43	3153.451398000
17		1358	3153.453503000
17		43	3153.512996000
17		1358	3153.514580000
17		43	3153.575471000
17		1358	3153.577059000
17		1358	3153.631110000
17		43	3153.636760000
17		1358	3153.684468000
17		969	3153.698746000
17		43	3153.698771000
17		37	3153.699734000
17		108	3153.712630000
17		235	3153.712699000
17		1358	3153.738334000
17		43	3153.760861000
17		1358	3153.791943000
17		43	3153.822886000
17		1358	3153.845342000
17		43	3153.885160000
17		1358	3153.899369000
17		43	3153.947440000
17		1358	3153.953308000
17		43	3154.008639000
17		1358	3154.009258000
17		45	3154.071113000
17		48	3154.071140000
17		41	3154.071147000
17		1358	3154.072750000
17		33	3154.096791000
17		43	3154.133417000
17		1358	3154.134467000
17		43	3154.195198000
17		1358	3154.197483000
17		43	3154.257150000
17		1358	3154.268327000
17		43	3154.319184000
17		1358	3154.339817000
17		43	3154.381472000
17		1358	3154.393666000
17		43	3154.443307000
17		1358	3154.447798000
17		43	3154.505104000
17		1358	3154.506451000
17		1358	3154.560032000
17		43	3154.566833000
17		1358	3154.614125000
17		43	3154.629468000
17		1358	3154.668739000
17		43	3154.690649000
17		1358	3154.722272000
17		43	3154.753314000
17		1358	3154.777034000
17		43	3154.815073000
17		1358	3154.831205000
17		43	3154.877146000
17		1358	3154.885630000
17		43	3154.939416000
17		1358	3154.940437000
17		43	3155.001028000
17		1358	3155.002887000
17		43	3155.062749000
17		1358	3155.063804000
17		43	3155.125458000
17		1358	3155.127141000
17		43	3155.187099000
17		1358	3155.188917000
17		43	3155.249278000
17		1358	3155.260930000
17		48	3155.311101000
17		35	3155.324435000
17		751	3155.333000000
17		43	3155.373149000
17		43	3155.435226000
17		43	3155.497308000
17		43	3155.559385000
17		43	3155.620637000
17		1125	3155.683055000
17		41	3155.683703000
17		150	3155.684718000
17		1353	3155.684745000
17		1358	3155.684750000
17		1358	3155.684754000
17		1358	3155.684759000
17		1358	3155.740006000
17		1358	3155.793227000
17		49	3155.806953000
17		35	3155.820815000
17		1358	3155.848886000
17		43	3155.869577000
17		1358	3155.902488000
17		43	3155.931325000
17		1358	3155.957567000
17		43	3155.992843000
17		1358	3156.011317000
17		43	3156.054983000
17		1358	3156.065463000
17		1358	3156.109183000
17		43	3156.117480000
17		1358	3156.152271000
17		43	3156.179509000
17		1358	3156.195994000
17		43	3156.241774000
17		1358	3156.267721000
17		43	3156.303412000
17		1358	3156.339386000
17		43	3156.365093000
17		1358	3156.393604000
17		43	3156.427513000
17		1358	3156.447570000
17		43	3156.488936000
17		1358	3156.501621000
17		43	3156.550893000
17		1358	3156.556121000
17		43	3156.613068000
17		1358	3156.614611000
17		1358	3156.668861000
17		43	3156.675596000
17		1358	3156.722003000
17		43	3156.737684000
17		1358	3156.775902000
17		43	3156.799549000
17		1358	3156.829709000
17		43	3156.861253000
17		1358	3156.883768000
17		43	3156.922872000
17		1358	3156.938450000
17		43	3156.985027000
17		1358	3156.992305000
17		48	3157.046688000
17		1358	3157.048128000
17		43	3157.108783000
17		1358	3157.110688000
17		43	3157.171326000
17		1358	3157.172846000
17		43	3157.232975000
17		1358	3157.245197000
17		43	3157.294978000
17		1358	3157.316459000
17		43	3157.357535000
17		1358	3157.370497000
17		43	3157.419195000
17		1358	3157.424512000
17		1358	3157.477650000
17		43	3157.480812000
17		1358	3157.531459000
17		43	3157.543139000
17		1358	3157.585089000
17		43	3157.604794000
17		1358	3157.638684000
17		43	3157.667249000
17		1358	3157.692559000
17		43	3157.729193000
17		1358	3157.746387000
17		43	3157.790954000
17		1358	3157.800252000
17		43	3157.853534000
17		1358	3157.855364000
17		43	3157.914724000
17		1358	3157.915495000
17		43	3157.977575000
17		1358	3157.979154000
17		43	3158.038824000
17		1358	3158.040419000
17		1358	3158.083353000
17		43	3158.101241000
17		1358	3158.126203000
17		43	3158.162844000
17		1358	3158.169398000
17		43	3158.225389000
17		636	3158.241476000
17		48	3158.287605000
17		35	3158.301787000
17		43	3158.348724000
17		43	3158.411654000
17		43	3158.473478000
17		43	3158.535335000
17		1125	3158.596645000
17		41	3158.597284000
17		150	3158.598124000
17		1353	3158.598138000
17		1358	3158.598142000
17		1358	3158.598145000
17		1358	3158.598148000
17		1358	3158.652794000
17		1358	3158.705482000
17		49	3158.720689000
17		35	3158.734504000
17		1358	3158.758425000
17		43	3158.782983000
17		1358	3158.811198000
17		43	3158.844702000
17		1358	3158.865235000
17		43	3158.907533000
17		1358	3158.917559000
17		43	3158.968815000
17		1358	3158.970418000
17		1358	3159.024664000
17		43	3159.031289000
17		1358	3159.077553000
17		43	3159.092707000
17		1358	3159.131935000
17		43	3159.154940000
17		1358	3159.175249000
17		43	3159.217226000
17		1358	3159.219513000
17		43	3159.279446000
17		1358	3159.290431000
17		43	3159.341094000
17		1358	3159.362824000
17		43	3159.402650000
17		1358	3159.416898000
17		43	3159.465022000
17		1358	3159.471045000
17		43	3159.527161000
17		1358	3159.528826000
17		1358	3159.582881000
17		43	3159.588739000
17		1358	3159.635502000
17		43	3159.651132000
17		1358	3159.690097000
17		43	3159.712810000
17		1358	3159.744104000
17		43	3159.775889000
17		1358	3159.797458000
17		43	3159.837059000
17		1358	3159.851377000
17		43	3159.898679000
17		1358	3159.905421000
17		48	3159.961043000
17		1358	3159.962645000
17		43	3160.023662000
17		1358	3160.025254000
17		43	3160.084709000
17		1358	3160.086280000
17		43	3160.146669000
17		1358	3160.148326000
17		43	3160.209523000
17		1358	3160.210577000
17		43	3160.270651000
17		1358	3160.282178000
17		43	3160.333152000
17		1358	3160.353842000
17		43	3160.395263000
17		1358	3160.407279000
17		43	3160.457091000
17		1358	3160.458623000
17		1358	3160.513144000
17		43	3160.519389000
17		1358	3160.565549000
17		43	3160.581361000
17		1358	3160.619808000
17		43	3160.643043000
17		1358	3160.673702000
17		43	3160.705226000
17		1358	3160.728465000
17		43	3160.766975000
17		1358	3160.781894000
17		43	3160.828676000
17		1358	3160.835857000
17		43	3160.891061000
17		1358	3160.892738000
17		43	3160.952977000
17		1358	3160.954543000
17		1358	3161.008476000
17		43	3161.015112000
6	0		3161.022032000
6	0		3161.022099000
6	0		3161.061458000
17		1358	3161.061522000
6	12		3161.061732000
17		43	3161.077110000
6	0		3161.100828000
6	12		3161.100862000
6	0		3161.100874000
6	1		3161.101093000
6	4		3161.101119000
6	32		3161.101129000
6	0		3161.101138000
17		1358	3161.115788000
17		43	3161.138836000
6	0		3161.140206000
6	0		3161.140237000
6	0		3161.140241000
6	0		3161.140343000
6	0		3161.140375000
17		636	3161.159383000
17		48	3161.200991000
17		35	3161.214980000
17		43	3161.263743000
6	0		3161.268168000
6	0		3161.268225000
6	0		3161.306648000
17		43	3161.325223000
17		43	3161.387275000
17		43	3161.449479000
17		1126	3161.510676000
17		41	3161.511304000
17		150	3161.511959000
17		1353	3161.511972000
17		1358	3161.511998000
17		1358	3161.512006000
17		1358	3161.512009000
17		1358	3161.565484000
17		1358	3161.618754000
17		49	3161.635459000
17		35	3161.649829000
17		1358	3161.672484000
17		43	3161.697291000
17		1358	3161.725819000
17		43	3161.759567000
17		1358	3161.779224000
17		43	3161.820894000
17		1358	3161.832617000
17		43	3161.883315000
17		1358	3161.884856000
17		1358	3161.938573000
17		43	3161.944784000
17		1358	3161.992313000
17		43	3162.006734000
17		1358	3162.045957000
17		43	3162.069570000
17		1358	3162.099798000
17		43	3162.131075000
17		1358	3162.153843000
17		43	3162.193481000
17		1358	3162.197029000
17		43	3162.255216000
17		1358	3162.256289000
17		43	3162.317376000
17		1358	3162.328908000
17		43	3162.379665000
17		1358	3162.400598000
17		43	3162.441547000
17		1358	3162.453874000
17		43	3162.502891000
17		1358	3162.507939000
17		1358	3162.561542000
17		43	3162.565219000
17		1358	3162.613990000
17		43	3162.627021000
17		1358	3162.667522000
17		43	3162.689300000
17		1358	3162.721478000
17		43	3162.750696000
17		1358	3162.775844000
17		43	3162.812815000
17		1358	3162.829776000
17		48	3162.875057000
17		1358	3162.883860000
17		43	3162.936930000
17		1358	3162.938764000
17		43	3162.998927000
17		1358	3162.999931000
17		43	3163.060910000
17		1358	3163.062442000
17		43	3163.122995000
17		1358	3163.123986000
17		43	3163.185574000
17		1358	3163.186488000
17		1358	3163.230145000
17		43	3163.247205000
17		1358	3163.272459000
17		43	3163.309388000
17		1358	3163.344784000
17		43	3163.370695000
17		1358	3163.416293000
17		43	3163.432937000
17		1358	3163.470211000
17		43	3163.495326000
17		1358	3163.524264000
17		43	3163.557432000
17		1358	3163.578517000
17		43	3163.619408000
17		1358	3163.632653000
17		43	3163.680728000
17		1358	3163.686596000
17		43	3163.743150000
17		1358	3163.743654000
17		43	3163.804840000
17		1358	3163.806501000
17		43	3163.866788000
17		1358	3163.868381000
17		1358	3163.922609000
17		43	3163.928702000
17		1358	3163.975348000
17		43	3163.990763000
17		1358	3164.029869000
17		43	3164.053523000
17		636	3164.082936000
17		48	3164.115234000
17		35	3164.129030000
17		43	3164.177701000
17		43	3164.239793000
6	0		3164.268578000
6	0		3164.268640000
6	0		3164.285290000
6	41		3164.290597000
17		43	3164.301479000
6	0		3164.306714000
6	21		3164.306758000
6	0		3164.306769000
6	1080		3164.307760000
6	0		3164.323819000
6	440		3164.327309000
17		43	3164.363579000
6	0		3164.370214000
6	48		3164.386324000
6	0		3164.386363000
6	280		3164.390350000
6	0		3164.406450000
6	16		3164.415215000
17		1125	3164.425170000
17		41	3164.425833000
17		150	3164.426558000
17		1353	3164.426583000
17		1358	3164.426588000
17		1358	3164.426592000
17		1358	3164.426597000
6	0		3164.458211000
6	52		3164.474347000
6	0		3164.474389000
6	52		3164.474492000
17		1358	3164.480512000
6	100		3164.490532000
17		1358	3164.533872000
6	0		3164.534221000
17		49	3164.549369000
17		35	3164.564164000
17		1358	3164.586770000
17		43	3164.611276000
17		1358	3164.640027000
17		43	3164.673199000
17		1358	3164.693658000
17		43	3164.735474000
17		1358	3164.747078000
17		43	3164.797388000
17		1358	3164.798980000
17		1358	3164.853813000
17		43	3164.859047000
17		1358	3164.906087000
17		43	3164.921390000
17		1358	3164.960410000
17		43	3164.983051000
17		1358	3165.014877000
17		43	3165.045165000
17		1358	3165.069065000
17		43	3165.106750000
17		1358	3165.112877000
17		43	3165.169160000
17		1358	3165.170773000
17		43	3165.231435000
17		1358	3165.243163000
17		43	3165.293239000
17		1358	3165.315009000
17		43	3165.354845000
17		1358	3165.368797000
17		43	3165.417306000
17		1358	3165.422455000
17		1358	3165.475912000
17		43	3165.479675000
17		1358	3165.529457000
17		43	3165.541352000
17		1358	3165.583221000
17		43	3165.603163000
17		1358	3165.637628000
17		43	3165.665304000
17		1358	3165.691726000
17		43	3165.726949000
17		1358	3165.744876000
17		48	3165.789281000
17		1358	3165.798960000
17		43	3165.850710000
17		43	3165.913412000
17		43	3165.975571000
17		1358	3165.977703000
17		43	3166.036957000
17		1358	3166.037487000
17		43	3166.099326000
17		1358	3166.100970000
17		1358	3166.155493000
17		43	3166.160751000
17		1358	3166.208505000
17		43	3166.223243000
17		1358	3166.262473000
17		43	3166.285090000
17		1358	3166.315325000
17		43	3166.346778000
17		1358	3166.368838000
17		43	3166.408796000
17		1358	3166.422242000
17		1358	3166.465446000
17		43	3166.471329000
17		1358	3166.507826000
17		43	3166.532755000
17		1358	3166.549382000
17		1358	3166.592229000
17		43	3166.595042000
17		1358	3166.634600000
17		43	3166.657531000
17		1358	3166.677610000
17		43	3166.719443000
17		1358	3166.748106000
6	68		3166.778487000
17		43	3166.781128000
6	52		3166.794737000
6	0		3166.794787000
6	0		3166.794810000
6	0		3166.796220000
6	0		3166.812343000
17		1358	3166.818717000
17		43	3166.843538000
6	0		3166.847405000
6	0		3166.847454000
17		1358	3166.887604000
6	0		3166.892160000
17		43	3166.905290000
17		1358	3166.957350000
17		43	3166.967234000
17		1358	3167.008455000
17		48	3167.028695000
17		35	3167.042235000
17		636	3167.059925000
17		43	3167.091048000
17		43	3167.153420000
17		43	3167.215516000
17		43	3167.277458000
17		1035	3167.339461000
17		41	3167.340080000
17		149	3167.340748000
17		1353	3167.340767000
17		1358	3167.340771000
17		1358	3167.340774000
17		1358	3167.340777000
17		1358	3167.340781000
17		1358	3167.340785000
17		1358	3167.340788000
17		1358	3167.340792000
17		1358	3167.340795000
17		1358	3167.392862000
17		1358	3167.445897000
17		49	3167.463547000
17		35	3167.477404000
17		43	3167.525162000
17		43	3167.586624000
17		43	3167.648683000
17		43	3167.711063000
17		1358	3167.712680000
17		43	3167.772907000
17		1358	3167.774541000
17		43	3167.835018000
17		1358	3167.836626000
17		50	3167.897600000
17		1358	3167.899290000
17		43	3167.958816000
17		1358	3167.959924000
17		43	3168.021479000
17		1358	3168.023689000
17		43	3168.083430000
17		1358	3168.085063000
17		43	3168.144968000
17		1358	3168.146198000
17		43	3168.207323000
17		1358	3168.215763000
17		43	3168.268650000
17		1358	3168.284764000
17		43	3168.330922000
17		1358	3168.337159000
17		1358	3168.388260000
17		43	3168.393009000
17		1358	3168.441129000
17		43	3168.455412000
17		1358	3168.494291000
17		43	3168.517529000
17		1358	3168.547656000
17		43	3168.579416000
17		1358	3168.599932000
17		43	3168.640929000
17		1358	3168.652007000
17		43	3168.703082000
17		1358	3168.705288000
17		43	3168.765113000
17		1358	3168.765718000
17		43	3168.827454000
17		1358	3168.829052000
17		43	3168.889003000
17		1358	3168.889723000
17		43	3168.951429000
17		1358	3168.952473000
17		43	3169.013165000
17		1358	3169.014786000
17		1358	3169.056544000
17		43	3169.074835000
17		1358	3169.097616000
17		48	3169.136833000
17		1358	3169.138414000
17		43	3169.198840000
17		1358	3169.208456000
17		43	3169.261576000
17		1358	3169.277500000
17		43	3169.322787000
17		1358	3169.330556000
17		43	3169.384772000
17		1358	3169.385764000
17		43	3169.446932000
17		1358	3169.448566000
6	0		3169.456022000
6	0		3169.456057000
17		43	3169.509607000
17		1358	3169.511211000
17		43	3169.571082000
17		1358	3169.572004000
17		43	3169.632667000
17		1358	3169.634232000
6	0		3169.669246000
6	0		3169.669306000
17		43	3169.695451000
17		1358	3169.697284000
17		1358	3169.749858000
17		43	3169.757400000
17		1358	3169.801427000
17		43	3169.819067000
17		1358	3169.853585000
17		43	3169.881018000
17		647	3169.906439000
17		43	3169.942888000
1,6			3169.995422000
17		43	3170.004670000
17		43	3170.066831000
17		43	3170.129604000
17		43	3170.190905000
17		1125	3170.253118000
17		41	3170.253754000
17		150	3170.254466000
17		1353	3170.254520000
17		1358	3170.254525000
17		1358	3170.254529000
17		1358	3170.254532000
17		1358	3170.254535000
17		1358	3170.296111000
17		1358	3170.338058000
17		49	3170.377105000
17		35	3170.390740000
17		43	3170.438850000
17		1358	3170.440435000
17		43	3170.501072000
17		1358	3170.509959000
17		1358	3170.562435000
17		43	3170.562898000
17		1358	3170.613397000
17		43	3170.625010000
17		1358	3170.666148000
17		43	3170.687583000
17		1358	3170.718422000
17		43	3170.749314000
17		1358	3170.771133000
17		43	3170.810666000
17		1358	3170.823790000
17		43	3170.872782000
17		1358	3170.878234000
17		43	3170.935024000
17		1358	3170.936676000
17		43	3170.997420000
17		1358	3170.998350000
6	0		3171.023050000
6	0		3171.023123000
17		43	3171.059083000
17		1358	3171.060610000
17		43	3171.121157000
17		1358	3171.121872000
17		43	3171.182881000
17		1358	3171.183408000
17		1358	3171.237568000
17		43	3171.245194000
6	0		3171.279047000
6	41		3171.284764000
17		1358	3171.291563000
17		43	3171.306816000
17		1358	3171.334804000
17		43	3171.368916000
17		1358	3171.378301000
17		43	3171.430963000
17		1358	3171.450247000
17		43	3171.493427000
17		1358	3171.522761000
6	0		3171.540467000
6	21		3171.544309000
6	0		3171.544343000
6	1080		3171.545395000
17		43	3171.555564000
17		1358	3171.577133000
17		48	3171.617049000
17		1358	3171.631159000
17		43	3171.679263000
17		1358	3171.685814000
17		43	3171.741332000
17		1358	3171.742868000
6	440		3171.801482000
17		43	3171.803116000
17		1358	3171.804538000
6	0		3171.842216000
17		43	3171.865261000
17		1358	3171.866864000
17		43	3171.926822000
17		1358	3171.928391000
17		1358	3171.982253000
17		43	3171.989252000
17		1358	3172.035438000
17		43	3172.051417000
17		1358	3172.089524000
6	48		3172.097874000
6	0		3172.097916000
6	280		3172.102114000
17		43	3172.113174000
17		1358	3172.144024000
17		43	3172.174901000
17		1358	3172.197491000
17		43	3172.237216000
17		1358	3172.251628000
17		43	3172.298707000
17		1358	3172.300780000
17		43	3172.360704000
17		1358	3172.361580000
6	16		3172.363026000
6	0		3172.406230000
17		43	3172.422824000
17		1358	3172.433409000
17		43	3172.484750000
17		1358	3172.506068000
17		43	3172.546674000
17		1358	3172.560540000
17		43	3172.609358000
17		1358	3172.614727000
6	52		3172.661896000
6	0		3172.661933000
6	52		3172.662052000
17		1358	3172.669256000
17		43	3172.670820000
17		1358	3172.721636000
17		43	3172.733505000
17		1358	3172.775942000
17		43	3172.794818000
17		636	3172.829607000
17		48	3172.857265000
17		35	3172.870589000
17		43	3172.918793000
6	84		3172.928290000
6	0		3172.970222000
17		43	3172.980679000
17		43	3173.042852000
17		43	3173.104990000
17		1125	3173.167406000
17		41	3173.168084000
17		1358	3173.168858000
17		1358	3173.168877000
17		1358	3173.168881000
17		1358	3173.168886000
17		1358	3173.168890000
17		1358	3173.223304000
17		1358	3173.276719000
17		49	3173.291051000
17		35	3173.305915000
17		1358	3173.329013000
17		43	3173.352986000
17		1358	3173.372814000
17		43	3173.415151000
17		1358	3173.416728000
17		43	3173.477376000
17		1358	3173.488929000
17		43	3173.539056000
17		1358	3173.560468000
17		43	3173.601312000
17		1358	3173.614597000
17		43	3173.662732000
17		1358	3173.668666000
17		43	3173.724669000
17		1358	3173.726485000
17		43	3173.786760000
17		1358	3173.787930000
17		43	3173.848627000
17		1358	3173.850241000
17		43	3173.911145000
17		1358	3173.912694000
17		43	3173.973455000
17		1358	3173.974366000
17		43	3174.034877000
17		1358	3174.036497000
17		1358	3174.090637000
17		43	3174.097448000
17		1358	3174.143953000
17		43	3174.159040000
17		1358	3174.197751000
17		43	3174.221135000
17		1358	3174.251820000
17		43	3174.282975000
17		1358	3174.305951000
17		43	3174.344925000
17		1358	3174.349206000
17		43	3174.407170000
17		1358	3174.408520000
17		43	3174.469405000
17		1358	3174.480334000
17		48	3174.530906000
17		35	3174.545322000
17		1358	3174.552104000
17		43	3174.592717000
17		1358	3174.606106000
6	68		3174.645065000
17		43	3174.655203000
17		1358	3174.660391000
17		43	3174.717330000
17		1358	3174.719142000
17		1255	3174.773550000
17		43	3174.778694000
17		43	3174.840768000
17		43	3174.902791000
6	52		3174.906384000
6	0		3174.906432000
6	0		3174.906451000
6	0		3174.907843000
17		43	3174.964975000
17		43	3175.027240000
17		43	3175.088940000
17		719	3175.088965000
17		610	3175.088973000
17		37	3175.090442000
17		33	3175.090524000
17		34	3175.090530000
17		75	3175.098973000
17		33	3175.099778000
17		48	3175.100226000
17		33	3175.100333000
17		1036	3175.151126000
17		41	3175.151736000
17		149	3175.152466000
17		1353	3175.152488000
17		1358	3175.152494000
17		1358	3175.152498000
17		1358	3175.152502000
6	0		3175.163472000
17		1358	3175.206966000
17		45	3175.213269000
17		46	3175.213290000
17		41	3175.213295000
17		33	3175.238863000
17		1358	3175.259724000
17		49	3175.275655000
17		35	3175.289189000
17		1358	3175.312989000
17		43	3175.336897000
17		1358	3175.355407000
17		1358	3175.399218000
17		43	3175.399343000
17		1358	3175.442036000
17		43	3175.461117000
17		1358	3175.514046000
17		43	3175.523160000
17		43	3175.585227000
17		1358	3175.586848000
17		1358	3175.641244000
17		43	3175.646835000
17		1358	3175.694762000
17		43	3175.709381000
17		1358	3175.749343000
17		43	3175.770957000
17		1358	3175.802892000
17		43	3175.832694000
17		1358	3175.857475000
17		43	3175.895573000
17		1358	3175.911754000
17		43	3175.956846000
17		1358	3175.965440000
17		43	3176.019101000
17		1358	3176.020698000
17		43	3176.080658000
17		1358	3176.082253000
17		43	3176.142659000
17		1358	3176.144336000
17		1358	3176.198141000
17		43	3176.205754000
17		1358	3176.252118000
17		43	3176.267680000
17		1358	3176.306858000
17		43	3176.329508000
17		1358	3176.349913000
17		43	3176.390762000
17		1358	3176.392324000
17		43	3176.453124000
17		1358	3176.464493000
17		48	3176.515535000
17		35	3176.529665000
17		1358	3176.535927000
17		43	3176.576641000
17		1358	3176.590194000
17		43	3176.639169000
17		1358	3176.643879000
17		43	3176.701492000
17		1358	3176.702582000
17		43	3176.763269000
17		1358	3176.764899000
17		43	3176.825189000
17		1358	3176.826788000
17		1358	3176.880629000
17		43	3176.887247000
17		1358	3176.933527000
17		43	3176.948796000
17		1358	3176.987901000
17		43	3177.010826000
17		1358	3177.041519000
17		43	3177.073269000
17		1358	3177.095565000
17		43	3177.135128000
6	0		3177.143561000
6	0		3177.143622000
17		1358	3177.148773000
6	0		3177.183490000
6	12		3177.183740000
17		43	3177.196855000
17		1358	3177.202985000
6	0		3177.223434000
6	12		3177.223468000
6	0		3177.223478000
6	1		3177.223666000
6	4		3177.223694000
6	32		3177.223703000
6	0		3177.223715000
17		43	3177.258832000
17		1358	3177.259689000
6	0		3177.263179000
6	0		3177.263226000
6	0		3177.263284000
6	0		3177.263350000
6	0		3177.263368000
6	0		3177.263445000
17		43	3177.321357000
17		1358	3177.322948000
17		43	3177.383085000
17		1358	3177.384686000
17		43	3177.445266000
17		1358	3177.456410000
17		43	3177.507076000
17		1358	3177.528675000
17		43	3177.568696000
17		1358	3177.582688000
17		43	3177.630861000
17		1358	3177.636219000
17		1358	3177.689356000
17		43	3177.693011000
17		627	3177.743005000
17		48	3177.755683000
17		35	3177.769468000
17		43	3177.817379000
17		43	3177.879717000
17		43	3177.941315000
17		43	3178.003204000
17		1125	3178.064656000
17		41	3178.065278000
17		150	3178.066000000
17		1353	3178.066029000
17		1358	3178.066034000
17		1358	3178.066039000
17		1358	3178.066044000
17		1358	3178.120713000
17		1358	3178.173316000
17		49	3178.189433000
17		35	3178.203413000
17		1358	3178.227081000
17		43	3178.251769000
17		1358	3178.279151000
17		43	3178.313465000
17		1358	3178.332433000
17		43	3178.375523000
17		1358	3178.376535000
17		1358	3178.417265000
17		43	3178.436668000
17		1358	3178.460270000
17		43	3178.499346000
17		1358	3178.532062000
17		43	3178.561610000
17		1358	3178.603816000
17		43	3178.623364000
6	0		3178.649602000
6	0		3178.649653000
17		1358	3178.658198000
17		43	3178.685198000
17		1358	3178.711882000
6	0		3178.734126000
6	41		3178.740119000
17		43	3178.747531000
17		1358	3178.765991000
17		43	3178.809267000
17		1358	3178.820106000
6	0		3178.824492000
6	21		3178.825695000
6	0		3178.825724000
6	1080		3178.826818000
17		43	3178.871194000
17		1358	3178.872766000
6	0		3178.910865000
6	440		3178.911525000
17		43	3178.933279000
17		1358	3178.934858000
6	0		3178.954226000
17		43	3178.994860000
17		1358	3178.996466000
6	48		3179.038307000
6	0		3179.038346000
6	280		3179.042289000
17		1358	3179.050954000
17		43	3179.057261000
17		1358	3179.104288000
17		43	3179.119265000
6	0		3179.126454000
6	16		3179.128843000
17		1358	3179.158908000
6	0		3179.170223000
17		43	3179.181598000
17		1358	3179.212297000
17		43	3179.243406000
6	52		3179.254296000
6	0		3179.254337000
6	52		3179.254430000
17		1358	3179.265427000
17		43	3179.305590000
17		1358	3179.319474000
6	84		3179.338512000
17		43	3179.366691000
17		1358	3179.368269000
6	0		3179.382211000
17		48	3179.428750000
17		1358	3179.429603000
17		43	3179.490657000
17		1358	3179.501942000
17		43	3179.553534000
17		1358	3179.573374000
17		43	3179.615273000
17		1358	3179.628103000
17		43	3179.677606000
17		1358	3179.682666000
17		43	3179.739434000
17		1358	3179.741213000
17		1358	3179.795481000
17		43	3179.800856000
17		1358	3179.848986000
17		43	3179.862811000
17		1358	3179.903554000
17		43	3179.925119000
17		1358	3179.957897000
17		43	3179.986751000
6	0		3180.008064000
6	0		3180.008117000
17		1358	3180.012872000
17		43	3180.049068000
17		1358	3180.067930000
17		43	3180.110976000
17		1358	3180.122940000
17		43	3180.173184000
17		1358	3180.177065000
17		43	3180.234724000
17		1358	3180.236284000
17		43	3180.297406000
17		1358	3180.298908000
6	0		3180.305521000
6	41		3180.311213000
17		43	3180.359559000
17		1358	3180.360617000
17		43	3180.421162000
17		1358	3180.422704000
17		43	3180.482881000
17		1358	3180.494248000
17		43	3180.545065000
17		1358	3180.565823000
6	0		3180.607375000
6	21		3180.607432000
6	0		3180.607443000
17		43	3180.607471000
6	1080		3180.608544000
17		1358	3180.618808000
17		48	3180.669274000
17		644	3180.670649000
17		43	3180.731437000
17		43	3180.793555000
17		43	3180.839347000
17		43	3180.885383000
6	0		3180.905268000
6	440		3180.909803000
17		1127	3180.930960000
17		41	3180.931600000
17		150	3180.932345000
17		1353	3180.932364000
17		1358	3180.932369000
17		1358	3180.932373000
17		1358	3180.932378000
17		1358	3180.932383000
6	0		3180.950221000
17		1358	3180.986494000
17		49	3181.023057000
17		35	3181.036767000
17		1358	3181.039377000
17		43	3181.069215000
17		1358	3181.093159000
17		43	3181.115421000
17		1358	3181.147906000
17		43	3181.161220000
17		1358	3181.200774000
17		43	3181.207035000
6	48		3181.245989000
6	0		3181.246033000
6	280		3181.250272000
17		43	3181.252917000
17		1358	3181.253576000
17		1358	3181.296069000
17		43	3181.299232000
17		1358	3181.337586000
17		43	3181.345099000
6	68		3181.350871000
6	0		3181.364781000
6	0		3181.364817000
17		43	3181.390931000
17		1358	3181.391023000
17		43	3181.437027000
6	52		3181.438367000
6	0		3181.438402000
6	0		3181.438413000
6	0		3181.439612000
17		1358	3181.443216000
17		1358	3181.482301000
17		43	3181.482921000
17		1358	3181.522668000
6	0		3181.523668000
17		43	3181.529344000
6	0		3181.546229000
17		1358	3181.561557000
17		43	3181.575112000
17		1358	3181.601032000
6	16		3181.604674000
17		43	3181.620636000
17		1358	3181.640713000
6	0		3181.646220000
17		43	3181.667241000
17		1358	3181.679632000
17		43	3181.712863000
17		1358	3181.719985000
17		43	3181.758773000
17		1358	3181.758909000
17		1358	3181.798519000
17		43	3181.805024000
17		1358	3181.838964000
17		43	3181.850674000
17		1358	3181.877877000
17		43	3181.897556000
17		1358	3181.916727000
6	52		3181.942241000
6	0		3181.942278000
6	52		3181.942369000
17		48	3181.943382000
17		1358	3181.956370000
17		1358	3181.988699000
17		43	3181.989029000
17		1358	3182.019671000
17		43	3182.034653000
17		1358	3182.051256000
17		43	3182.080715000
17		1358	3182.104306000
17		43	3182.127291000
17		1358	3182.156330000
17		43	3182.173565000
17		1358	3182.196044000
17		43	3182.219318000
17		1358	3182.235629000
6	0		3182.238954000
6	84		3182.238988000
17		43	3182.265298000
17		1358	3182.274955000
6	0		3182.282209000
17		43	3182.311633000
17		1358	3182.313006000
17		1358	3182.353920000
17		43	3182.356963000
17		1358	3182.392894000
17		43	3182.403143000
17		1358	3182.432559000
17		43	3182.449065000
17		1358	3182.471760000
17		43	3182.494779000
17		1358	3182.511711000
17		43	3182.540696000
17		1358	3182.550292000
17		43	3182.586694000
17		1358	3182.589435000
17		1358	3182.629485000
17		43	3182.633213000
17		1358	3182.669145000
17		43	3182.679443000
17		1358	3182.710431000
17		43	3182.725286000
17		1358	3182.742516000
17		43	3182.771376000
17		1358	3182.773014000
17		43	3182.817525000
17		636	3182.827268000
17		48	3182.863111000
17		35	3182.876369000
17		43	3182.909627000
17		43	3182.955471000
17		43	3183.000788000
17		43	3183.046944000
17		1125	3183.092658000
17		41	3183.093266000
17		150	3183.093840000
17		1353	3183.093935000
17		1358	3183.093940000
17		1358	3183.093943000
17		1358	3183.093946000
17		1358	3183.093949000
17		1358	3183.134283000
17		1358	3183.173515000
17		49	3183.184909000
17		35	3183.199048000
17		1358	3183.213189000
17		43	3183.231060000
17		1358	3183.253008000
17		43	3183.277411000
17		1358	3183.293322000
17		43	3183.323090000
17		1358	3183.332364000
17		43	3183.369309000
17		1358	3183.370911000
17		1358	3183.411349000
17		43	3183.415292000
17		1358	3183.450550000
17		43	3183.461482000
17		1358	3183.490799000
17		43	3183.506747000
17		1358	3183.523543000
17		43	3183.552822000
17		1358	3183.554780000
17		43	3183.599556000
17		1358	3183.608345000
17		43	3183.644949000
17		1358	3183.661364000
17		43	3183.690628000
17		1358	3183.701347000
17		43	3183.737412000
17		1358	3183.741354000
17		43	3183.783514000
17		1358	3183.784243000
17		1358	3183.824739000
17		43	3183.829071000
17		1358	3183.863473000
17		43	3183.874909000
17		1358	3183.903477000
17		43	3183.921569000
17		1358	3183.943681000
17		43	3183.966698000
17		1358	3183.983835000
17		43	3184.012738000
17		1358	3184.023873000
17		43	3184.058936000
17		1358	3184.063773000
17		48	3184.104983000
17		1358	3184.106602000
17		43	3184.151195000
17		1358	3184.152310000
17		43	3184.196635000
17		1358	3184.197958000
17		43	3184.243457000
17		1358	3184.245140000
17		43	3184.289112000
17		1358	3184.290577000
17		43	3184.335349000
17		1358	3184.344219000
17		43	3184.380626000
17		1358	3184.398113000
17		43	3184.426963000
17		1358	3184.436907000
17		43	3184.473516000
17		1358	3184.475709000
17		43	3184.519170000
17		1358	3184.520690000
17		43	3184.564922000
17		1358	3184.566581000
17		43	3184.611277000
17		1358	3184.613188000
17		43	3184.657311000
17		1358	3184.658387000
6	68		3184.661104000
17		43	3184.703228000
17		1358	3184.705029000
17		43	3184.749618000
17		1358	3184.751273000
17		43	3184.795098000
17		1358	3184.797228000
17		43	3184.841494000
17		1358	3184.843117000
17		1358	3184.883873000
17		43	3184.887606000
17		1358	3184.922685000
17		43	3184.933039000
6	52		3184.958000000
6	0		3184.958043000
6	0		3184.958118000
6	0		3184.959928000
17		1358	3184.962296000
17		43	3184.978785000
17		636	3184.994806000
17		48	3185.025339000
17		35	3185.039401000
17		43	3185.071002000
17		43	3185.117579000
17		43	3185.163205000
17		43	3185.208921000
17		1036	3185.255107000
17		41	3185.255731000
17		153	3185.256648000
6	0		3185.256692000
17		1353	3185.256724000
17		1358	3185.256731000
17		1358	3185.256736000
17		1358	3185.256740000
6	0		3185.263886000
6	0		3185.263951000
17		1358	3185.298743000
6	0		3185.302774000
6	12		3185.303005000
17		1358	3185.338066000
6	0		3185.341850000
6	12		3185.341883000
6	0		3185.341892000
6	1		3185.342073000
6	4		3185.342092000
6	32		3185.342101000
6	0		3185.342112000
17		49	3185.346621000
17		35	3185.360324000
17		1358	3185.378777000
6	0		3185.380844000
6	0		3185.380879000
6	0		3185.380883000
6	0		3185.380999000
6	0		3185.381010000
17		43	3185.393377000
17		1358	3185.418120000
17		43	3185.439065000
17		1358	3185.459266000
17		43	3185.485230000
17		1358	3185.499354000
17		43	3185.531281000
17		1358	3185.539409000
17		43	3185.577377000
17		1358	3185.578346000
17		1358	3185.620324000
17		43	3185.623575000
17		1358	3185.660331000
17		43	3185.668839000
17		1358	3185.701161000
17		43	3185.715303000
17		1358	3185.741489000
17		43	3185.761186000
17		1358	3185.774804000
17		43	3185.806889000
17		1358	3185.808166000
17		43	3185.852892000
17		1358	3185.861973000
17		43	3185.899244000
17		1358	3185.915001000
17		43	3185.945065000
17		1358	3185.954884000
17		43	3185.990974000
17		1358	3185.994902000
17		1358	3186.034117000
17		43	3186.036829000
17		1358	3186.074473000
17		43	3186.083437000
17		1358	3186.114270000
17		43	3186.129472000
17		1358	3186.154711000
17		43	3186.175335000
17		1358	3186.194484000
17		43	3186.221117000
17		1358	3186.235279000
17		48	3186.267813000
17		1358	3186.276372000
17		43	3186.313376000
17		1358	3186.314969000
17		43	3186.359513000
17		1358	3186.361145000
17		43	3186.405187000
17		1358	3186.406920000
17		43	3186.451168000
17		416	3186.453452000
17		43	3186.497119000
17		43	3186.543533000
17		43	3186.589581000
17		43	3186.634781000
17		1125	3186.681152000
17		41	3186.681820000
17		150	3186.682615000
17		1353	3186.682717000
17		1358	3186.682724000
17		1358	3186.682728000
17		1358	3186.682731000
17		1358	3186.714763000
17		1358	3186.746605000
17		49	3186.772729000
17		1358	3186.777867000
17		43	3186.818942000
17		1358	3186.830141000
17		43	3186.864882000
17		1358	3186.883673000
17		43	3186.911574000
17		1358	3186.922412000
17		43	3186.957119000
17		1358	3186.962164000
17		1358	3187.001635000
17		43	3187.003572000
17		1358	3187.041228000
17		43	3187.048714000
17		1358	3187.081388000
17		43	3187.095201000
17		1358	3187.120946000
17		43	3187.141603000
17		1358	3187.161821000
17		43	3187.187438000
17		1358	3187.202099000
17		43	3187.233021000
17		1358	3187.242923000
17		43	3187.279146000
17		1358	3187.284002000
17		43	3187.325172000
17		1358	3187.326772000
17		43	3187.371362000
17		1358	3187.372594000
17		1358	3187.413604000
17		43	3187.417322000
17		1358	3187.452105000
17		43	3187.462782000
17		1358	3187.484897000
17		43	3187.508806000
17		1358	3187.517744000
17		43	3187.554915000
17		1358	3187.571458000
17		43	3187.601010000
17		1358	3187.624730000
17		43	3187.647479000
17		1358	3187.664294000
17		48	3187.693148000
17		1358	3187.704891000
17		43	3187.739736000
17		1358	3187.744634000
17		43	3187.785367000
17		1358	3187.786397000
17		43	3187.830805000
17		1358	3187.833075000
17		43	3187.877712000
17		1358	3187.878754000
17		1358	3187.918816000
17		43	3187.923527000
17		1358	3187.958456000
17		43	3187.969026000
17		1358	3187.998397000
17		43	3188.015551000
17		1358	3188.038140000
17		43	3188.061411000
17		1358	3188.078813000
17		43	3188.107401000
17		1358	3188.119102000
17		43	3188.153014000
17		1358	3188.159560000
17		43	3188.199175000
17		1358	3188.200535000
17		43	3188.245061000
17		1358	3188.246653000
17		43	3188.291573000
17		1358	3188.300320000
17		43	3188.336701000
17		1358	3188.353575000
17		43	3188.383394000
17		1358	3188.393830000
17		43	3188.429046000
17		1358	3188.434233000
17		1358	3188.473594000
17		43	3188.475226000
17		1358	3188.513104000
17		43	3188.520854000
17		1358	3188.552659000
17		43	3188.567101000
17		645	3188.592640000
17		48	3188.612891000
17		35	3188.626164000
17		43	3188.658930000
17		43	3188.705320000
17		43	3188.751344000
17		43	3188.797713000
17		1037	3188.842869000
17		41	3188.843630000
17		1358	3188.844426000
17		1358	3188.844449000
17		1358	3188.844454000
17		1358	3188.844459000
17		1358	3188.844463000
17		1358	3188.885243000
17		1358	3188.925368000
17		49	3188.935228000
17		35	3188.948696000
17		1358	3188.964701000
17		43	3188.981464000
17		1358	3188.997177000
17		43	3189.027009000
17		1358	3189.028566000
17		43	3189.073519000
17		1358	3189.083600000
17		43	3189.118790000
17		1358	3189.136949000
17		43	3189.164725000
17		1358	3189.178050000
17		43	3189.211091000
17		1358	3189.218372000
17		43	3189.257160000
17		1358	3189.258293000
17		43	3189.303501000
17		1358	3189.304670000
17		43	3189.349547000
17		1358	3189.351196000
17		43	3189.394783000
17		1358	3189.396350000
17		43	3189.441297000
17		1358	3189.442846000
17		43	3189.487510000
17		1358	3189.489222000
17		1358	3189.530215000
17		43	3189.532938000
17		1358	3189.570156000
17		43	3189.579436000
17		1358	3189.610648000
17		43	3189.625398000
17		1358	3189.651151000
17		43	3189.671169000
17		1358	3189.692012000
17		43	3189.717763000
17		1358	3189.724424000
17		43	3189.763550000
17		1358	3189.764661000
17		43	3189.809455000
17		1358	3189.819161000
17		48	3189.854811000
17		35	3189.869389000
17		1358	3189.872324000
17		43	3189.901215000
17		1358	3189.912754000
17		43	3189.947388000
17		1358	3189.953760000
17		43	3189.993023000
17		1358	3189.994642000
17		1358	3190.035359000
17		43	3190.038964000
17		1358	3190.075124000
17		43	3190.085721000
17		1358	3190.114887000
17		43	3190.131468000
17		1358	3190.154892000
17		43	3190.177336000
17		1358	3190.194944000
17		43	3190.223155000
17		1358	3190.235192000
17		43	3190.269148000
17		1358	3190.275759000
17		43	3190.315109000
17		1358	3190.316673000
17		43	3190.360842000
17		1358	3190.362265000
17		43	3190.406751000
17		1358	3190.408354000
17		43	3190.453325000
17		1358	3190.454960000
17		43	3190.499484000
17		1358	3190.501051000
17		43	3190.545114000
17		1358	3190.554010000
17		43	3190.591138000
17		1358	3190.607250000
17		43	3190.637112000
17		1358	3190.646149000
17		43	3190.682818000
17		1358	3190.684372000
17		1358	3190.726118000
17		43	3190.729118000
17		741	3190.764828000
17		48	3190.775397000
17		35	3190.788964000
17		43	3190.820994000
17		43	3190.866997000
17		43	3190.913030000
17		43	3190.959178000
17		1145	3191.005527000
17		41	3191.006142000
17		150	3191.006790000
17		1353	3191.006802000
17		1358	3191.006830000
17		1358	3191.006836000
17		1358	3191.006840000
17		1358	3191.046838000
17		1358	3191.086016000
17		49	3191.096759000
17		35	3191.110630000
17		1358	3191.125723000
17		43	3191.143380000
17		1358	3191.165942000
17		43	3191.189508000
17		1358	3191.206668000
17		43	3191.235170000
17		1358	3191.236701000
17		1358	3191.269089000
17		43	3191.280760000
17		1358	3191.300329000
17		43	3191.327233000
17		1358	3191.353961000
17		43	3191.373552000
17		1358	3191.406682000
17		43	3191.419303000
17		1358	3191.447058000
17		43	3191.464868000
17		1358	3191.486891000
17		43	3191.511412000
17		1358	3191.527453000
17		43	3191.556980000
17		1358	3191.567552000
17		43	3191.603493000
17		1358	3191.608143000
17		43	3191.649673000
17		1358	3191.651383000
17		43	3191.695220000
17		1358	3191.696734000
17		1358	3191.736548000
17		43	3191.741427000
17		1358	3191.775791000
17		43	3191.786650000
17		1358	3191.816015000
17		43	3191.832949000
17		1358	3191.856530000
17		43	3191.879413000
17		1358	3191.896981000
17		43	3191.924909000
17		1358	3191.937042000
17		43	3191.971045000
17		1358	3191.972588000
17		48	3192.017314000
17		1358	3192.018491000
17		43	3192.062753000
17		1358	3192.071483000
17		43	3192.108767000
17		1358	3192.124671000
17		43	3192.154751000
17		1358	3192.165057000
17		43	3192.201031000
17		1358	3192.206004000
17		43	3192.247040000
17		1358	3192.248610000
17		1358	3192.288893000
17		43	3192.293122000
17		1358	3192.327414000
17		43	3192.339103000
17		1358	3192.367780000
17		43	3192.384724000
17		1358	3192.408308000
17		43	3192.431209000
17		1358	3192.449396000
17		43	3192.477104000
17		1358	3192.489566000
17		43	3192.522737000
17		1358	3192.530214000
17		43	3192.568711000
17		1358	3192.570220000
17		43	3192.615306000
17		1358	3192.616909000
17		43	3192.661599000
17		1358	3192.663230000
17		43	3192.707209000
17		1358	3192.708732000
17		43	3192.753321000
17		1358	3192.754659000
17		43	3192.798867000
17		1358	3192.808334000
17		43	3192.844948000
17		1358	3192.861433000
17		43	3192.891412000
17		1358	3192.899706000
17		48	3192.937213000
17		645	3192.938789000
17		43	3192.982796000
17		43	3193.028839000
17		43	3193.075028000
17		43	3193.121161000
17		1135	3193.166623000
17		46	3193.167245000
17		1358	3193.168301000
17		1358	3193.168316000
17		1358	3193.168320000
17		1358	3193.168323000
17		1358	3193.168326000
17		1358	3193.208193000
17		1358	3193.247350000
17		49	3193.258982000
17		35	3193.272531000
17		1358	3193.287606000
17		43	3193.305425000
17		1358	3193.327776000
17		43	3193.350881000
17		1358	3193.367944000
6	0		3193.382316000
6	0		3193.382364000
17		43	3193.396812000
17		1358	3193.407619000
6	0		3193.421092000
6	12		3193.421406000
17		43	3193.443537000
17		1358	3193.448708000
6	0		3193.460151000
6	12		3193.460718000
6	0		3193.460735000
6	1		3193.461040000
6	4		3193.461068000
6	32		3193.461081000
6	0		3193.461107000
17		43	3193.489325000
17		1358	3193.490946000
6	0		3193.499722000
6	0		3193.499805000
6	0		3193.499855000
6	0		3193.499982000
6	0		3193.499999000
17		43	3193.534894000
17		1358	3193.536328000
17		43	3193.580893000
17		1358	3193.590229000
17		43	3193.627228000
17		1358	3193.643624000
17		43	3193.673176000
17		1358	3193.684032000
17		43	3193.718682000
17		1358	3193.723775000
17		43	3193.765040000
17		1358	3193.766793000
17		43	3193.810983000
17		1358	3193.812724000
17		1358	3193.852819000
17		43	3193.856804000
17		1358	3193.892932000
17		43	3193.902865000
17		1358	3193.932751000
17		43	3193.949254000
17		1358	3193.972974000
17		43	3193.994818000
17		1358	3194.013150000
17		43	3194.040954000
17		1358	3194.053585000
17		43	3194.087171000
17		1358	3194.094525000
17		43	3194.133498000
17		1358	3194.135210000
17		48	3194.178660000
17		1358	3194.179424000
17		43	3194.225323000
17		1358	3194.226876000
17		43	3194.271393000
17		1358	3194.272817000
17		43	3194.317356000
17		1358	3194.325888000
17		43	3194.363009000
17		1358	3194.379268000
17		43	3194.409041000
17		1358	3194.418191000
17		43	3194.455412000
17		1358	3194.458431000
17		1358	3194.497730000
17		43	3194.501443000
17		1358	3194.536767000
17		43	3194.547001000
17		1358	3194.577224000
17		43	3194.592928000
17		1358	3194.617874000
17		43	3194.639529000
17		1358	3194.657995000
17		43	3194.685131000
17		100	3194.697898000
17		43	3194.730939000
17		43	3194.777204000
17		43	3194.823135000
17		43	3194.869297000
17		1036	3194.915212000
17		41	3194.915900000
17		1358	3194.916789000
17		1358	3194.916813000
17		1358	3194.916818000
17		1358	3194.916821000
17		1358	3194.916824000
17		1358	3194.950252000
17		1358	3194.980494000
17		49	3195.007332000
17		1358	3195.011786000
17		43	3195.052700000
17		1358	3195.065263000
17		43	3195.098852000
17		1358	3195.118311000
17		43	3195.144634000
17		1358	3195.159052000
17		43	3195.190850000
17		1358	3195.199462000
6	0		3195.207979000
6	0		3195.208025000
17		43	3195.237139000
17		1358	3195.238539000
17		43	3195.283309000
17		1358	3195.284422000
17		43	3195.329574000
17		1358	3195.331198000
17		43	3195.374729000
17		1358	3195.375478000
17		43	3195.421571000
17		1358	3195.423290000
17		43	3195.467525000
17		1358	3195.468998000
17		43	3195.513380000
17		1358	3195.514994000
17		1358	3195.555859000
17		43	3195.559085000
17		1358	3195.595634000
17		43	3195.605027000
17		1358	3195.636320000
17		43	3195.650670000
17		1358	3195.677026000
17		43	3195.696697000
17		1358	3195.709159000
17		43	3195.743043000
17		1358	3195.744580000
17		43	3195.789241000
17		1358	3195.798784000
17		43	3195.835570000
17		1358	3195.852730000
17		43	3195.880834000
17		1358	3195.893479000
17		48	3195.926865000
17		1358	3195.933666000
17		43	3195.973543000
17		1358	3195.975205000
17		43	3196.018686000
17		1358	3196.019438000
17		43	3196.065293000
17		1358	3196.066952000
17		1358	3196.107144000
17		43	3196.111370000
17		1358	3196.147612000
17		43	3196.157473000
17		1358	3196.188126000
17		43	3196.203099000
17		1358	3196.228234000
17		43	3196.249123000
17		1358	3196.268783000
17		43	3196.295243000
17		1358	3196.309463000
17		43	3196.341134000
17		1358	3196.350219000
17		43	3196.386749000
17		1358	3196.391042000
17		43	3196.433573000
17		1358	3196.435954000
17		43	3196.479910000
17		1358	3196.481457000
17		43	3196.525588000
17		1358	3196.535127000
17		43	3196.571741000
17		1358	3196.589480000
17		43	3196.617227000
17		1358	3196.630755000
17		43	3196.663507000
17		1358	3196.670067000
17		43	3196.709126000
17		1358	3196.709217000
17		1358	3196.749456000
17		43	3196.755250000
17		1358	3196.790342000
17		43	3196.801559000
17		759	3196.831718000
17		48	3196.847424000
17		35	3196.861772000
17		43	3196.892971000
17		43	3196.938996000
17		43	3196.985077000
17		43	3197.031176000
17		1125	3197.076828000
17		41	3197.077451000
17		150	3197.078178000
17		1353	3197.101810000
17		1358	3197.101848000
17		1358	3197.101851000
17		1358	3197.101854000
17		1358	3197.142683000
17		49	3197.168886000
17		1358	3197.182366000
17		43	3197.215080000
17		1358	3197.215117000
17		1358	3197.245936000
17		43	3197.261091000
17		1358	3197.278700000
17		43	3197.307268000
17		1358	3197.332640000
17		43	3197.352907000
17		1358	3197.385395000
17		43	3197.398868000
17		1358	3197.424851000
17		43	3197.445385000
17		1358	3197.463876000
17		43	3197.491432000
17		1358	3197.502468000
17		43	3197.537416000
17		1358	3197.538942000
17		1358	3197.578542000
17		43	3197.582714000
17		1358	3197.616363000
17		43	3197.628793000
17		1358	3197.655348000
17		43	3197.674820000
17		1358	3197.694390000
17		43	3197.720745000
17		1358	3197.733724000
17		43	3197.766802000
17		1358	3197.772915000
17		1358	3197.812425000
17		43	3197.812936000
17		1358	3197.849967000
17		43	3197.859571000
17		1358	3197.889742000
17		43	3197.905450000
17		1358	3197.928250000
17		43	3197.951484000
17		1358	3197.959905000
17		43	3197.996657000
17		1358	3197.998255000
17		43	3198.043405000
17		1358	3198.050393000
17		48	3198.089416000
17		35	3198.102844000
17		1358	3198.102885000
17		43	3198.135482000
17		1358	3198.141667000
17		43	3198.180957000
17		1358	3198.182557000
17		43	3198.227149000
17		1358	3198.228944000
17		43	3198.272859000
17		1358	3198.274909000
17		1358	3198.314767000
17		43	3198.319017000
17		1358	3198.352683000
17		43	3198.364893000
17		1358	3198.392251000
17		43	3198.410791000
17		1358	3198.431677000
17		43	3198.456864000
17		1358	3198.471018000
17		43	3198.502788000
17		1358	3198.510522000
17		43	3198.549185000
17		1358	3198.550716000
17		43	3198.594680000
17		1358	3198.596315000
17		43	3198.640823000
17		1358	3198.643027000
17		43	3198.687552000
17		1358	3198.689125000
17		43	3198.733286000
17		1358	3198.734845000
17		43	3198.779398000
17		1358	3198.787614000
17		43	3198.825271000
17		1358	3198.839660000
17		43	3198.871230000
17		1358	3198.878073000
17		43	3198.917443000
17		1358	3198.917477000
17		1358	3198.955982000
17		43	3198.962813000
17		636	3198.994548000
17		48	3199.009283000
17		35	3199.023233000
17		43	3199.054807000
17		43	3199.101276000
17		43	3199.147481000
17		43	3199.193836000
17		1125	3199.238810000
17		41	3199.239432000
17		154	3199.240347000
17		1353	3199.240368000
17		1358	3199.240373000
17		1358	3199.240377000
17		1358	3199.240381000
17		1358	3199.240386000
17		1358	3199.280567000
17		1358	3199.318387000
17		49	3199.331172000
17		35	3199.345474000
17		43	3199.376676000
17		1358	3199.377877000
17		1358	3199.417250000
17		43	3199.423557000
17		1358	3199.455279000
17		43	3199.468662000
17		1358	3199.487591000
17		43	3199.515336000
17		1358	3199.518307000
17		43	3199.561562000
17		1358	3199.570322000
17		43	3199.607502000
17		1358	3199.622262000
17		43	3199.653467000
17		1358	3199.661560000
17		43	3199.699332000
17		1358	3199.700241000
17		43	3199.745195000
17		1358	3199.746832000
17		43	3199.791405000
17		1358	3199.792979000
17		43	3199.836990000
17		1358	3199.838565000
17		43	3199.883245000
17		1358	3199.884720000
17		43	3199.929510000
17		1358	3199.931013000
17		1358	3199.970944000
17		43	3199.975015000
17		1358	3200.009464000
17		43	3200.021077000
17		1358	3200.049301000
17		43	3200.067504000
17		1358	3200.088510000
17		43	3200.113353000
17		1358	3200.127625000
17		43	3200.159519000
17		1358	3200.166333000
17		43	3200.204656000
17		1358	3200.205333000
17		48	3200.251393000
17		1358	3200.252910000
17		43	3200.297540000
17		950	3200.305128000
17		43	3200.343043000
17		43	3200.389375000
17		43	3200.435259000
17		43	3200.481440000
17		43	3200.526723000
17		1126	3200.573001000
17		41	3200.573599000
17		1358	3200.574280000
17		1358	3200.574298000
17		1358	3200.574302000
17		1358	3200.574305000
17		1358	3200.574308000
17		1358	3200.614533000
17		1358	3200.654239000
17		49	3200.665462000
17		35	3200.678854000
17		1358	3200.694581000
17		43	3200.710663000
17		1358	3200.735674000
17		43	3200.756711000
17		1358	3200.775742000
17		43	3200.802747000
17		1358	3200.815969000
17		43	3200.848685000
17		1358	3200.855972000
17		43	3200.894989000
17		1358	3200.897711000
17		43	3200.941286000
17		1358	3200.942831000
17		43	3200.986935000
17		1358	3200.988458000
17		43	3201.032971000
17		1358	3201.034524000
17		43	3201.079516000
17		1358	3201.088152000
17		43	3201.124641000
17		43	3201.171160000
17		43	3201.216779000
17		1358	3201.218311000
17		1358	3201.259212000
17		43	3201.263322000
17		1358	3201.298124000
17		43	3201.309193000
17		1358	3201.337676000
17		43	3201.355291000
17		1358	3201.378545000
17		43	3201.400769000
17		1358	3201.419036000
17		43	3201.446674000
17		1358	3201.459069000
17		43	3201.493025000
17		1358	3201.498943000
17		1358	3201.538115000
17		43	3201.539219000
17		1358	3201.577395000
17		48	3201.585430000
17		35	3201.598860000
17		1358	3201.617314000
17		43	3201.631476000
17		1358	3201.657084000
17		43	3201.677321000
17		1358	3201.695664000
17		43	3201.722690000
17		1358	3201.735107000
17		43	3201.769237000
17		1358	3201.775787000
17		1358	3201.807183000
17		43	3201.815103000
17		1358	3201.837633000
17		43	3201.861225000
17		1358	3201.869056000
17		1358	3201.901328000
17		43	3201.906933000
17		1358	3201.933100000
17		43	3201.953513000
17		1358	3201.964994000
17		43	3201.999150000
17		1358	3202.017463000
17		43	3202.045007000
17		1358	3202.070262000
17		43	3202.090678000
17		1358	3202.122622000
17		43	3202.137392000
17		1358	3202.175044000
17		43	3202.182643000
17		1358	3202.214572000
17		43	3202.229399000
17		1358	3202.254540000
17		43	3202.274932000
17		1358	3202.293025000
17		43	3202.320834000
17		1358	3202.332633000
17		43	3202.367254000
17		1358	3202.371979000
17		1358	3202.412281000
17		43	3202.412725000
17		1358	3202.451106000
17		43	3202.458641000
17		742	3202.489897000
17		48	3202.505428000
17		35	3202.519000000
17		43	3202.551075000
17		43	3202.597091000
17		43	3202.643306000
17		43	3202.689561000
17		1036	3202.734956000
17		41	3202.735527000
17		149	3202.736283000
17		1353	3202.736308000
17		1358	3202.736315000
17		1358	3202.736320000
17		1358	3202.736325000
17		1358	3202.736331000
17		1358	3202.736337000
17		1358	3202.736344000
17		1358	3202.736350000
17		1358	3202.736355000
17		1358	3202.775879000
17		1358	3202.816589000
17		49	3202.827715000
17		35	3202.841672000
17		43	3202.873044000
17		43	3202.919143000
17		43	3202.965065000
17		43	3203.011016000
17		1358	3203.012541000
17		43	3203.057245000
17		1358	3203.058773000
17		43	3203.102788000
17		1358	3203.104362000
17		50	3203.148889000
17		1358	3203.150474000
17		43	3203.195540000
17		1358	3203.197051000
17		43	3203.240634000
17		1358	3203.250244000
17		43	3203.287371000
17		1358	3203.303815000
17		43	3203.333284000
17		1358	3203.356969000
17		43	3203.379238000
17		1358	3203.396685000
17		43	3203.425315000
17		1358	3203.436776000
17		43	3203.471472000
17		1358	3203.476887000
17		1358	3203.516723000
17		43	3203.517089000
17		1358	3203.555508000
17		43	3203.563065000
17		1358	3203.595437000
17		43	3203.608675000
17		1358	3203.636066000
17		43	3203.654671000
17		1358	3203.676216000
17		43	3203.701246000
17		1358	3203.716719000
17		43	3203.747377000
17		1358	3203.756810000
17		43	3203.792919000
17		1358	3203.796649000
17		43	3203.838936000
17		1358	3203.840485000
17		43	3203.885048000
17		1358	3203.886914000
17		43	3203.931591000
17		1358	3203.933166000
17		43	3203.977473000
17		1358	3203.979130000
17		1358	3204.019266000
17		43	3204.023269000
17		1358	3204.058431000
17		48	3204.068679000
17		35	3204.082676000
17		1358	3204.098919000
17		43	3204.115590000
17		1358	3204.131455000
17		43	3204.160953000
17		1358	3204.162526000
17		43	3204.206656000
17		1358	3204.216614000
17		43	3204.252744000
17		1358	3204.270029000
17		43	3204.298814000
17		1358	3204.323100000
17		43	3204.345198000
17		1358	3204.363581000
17		43	3204.391264000
17		1358	3204.403469000
17		43	3204.436710000
17		1358	3204.443461000
17		43	3204.483157000
17		1358	3204.484671000
17		1358	3204.524716000
17		43	3204.528814000
17		1358	3204.564370000
17		43	3204.574836000
17		1358	3204.604988000
17		43	3204.621460000
17		638	3204.644606000
17		43	3204.667200000
17		43	3204.712776000
17		43	3204.758845000
17		43	3204.805138000
17		43	3204.851220000
17		1126	3204.896727000
17		41	3204.897281000
17		1358	3204.899172000
17		1358	3204.899196000
17		1358	3204.899200000
17		1358	3204.899203000
17		1358	3204.899206000
17		1358	3204.899209000
17		1358	3204.939636000
17		49	3204.989370000
17		1358	3204.990946000
17		43	3205.034910000
17		1358	3205.036454000
17		43	3205.081479000
17		1358	3205.083017000
17		43	3205.126779000
17		1358	3205.136060000
17		43	3205.172804000
17		1358	3205.189442000
17		43	3205.219013000
17		1358	3205.229886000
17		43	3205.265571000
17		1358	3205.271024000
17		43	3205.311085000
17		1358	3205.312095000
17		43	3205.357116000
17		1358	3205.357672000
17		1358	3205.402739000
17		86	3205.402768000
17		1358	3205.411733000
17		630	3205.411768000
17		34	3205.436658000
17		43	3205.448632000
17		43	3205.448660000
17		1358	3205.450207000
17		1358	3205.491325000
17		43	3205.494646000
17		1358	3205.531108000
17		43	3205.541452000
17		1358	3205.572059000
17		43	3205.587300000
17		1358	3205.612858000
17		43	3205.633501000
17		1358	3205.653617000
17		86	3205.678891000
17		1144	3205.678913000
17		101	3205.679434000
17		37	3205.679896000
17		350	3205.688235000
17		33	3205.688279000
17		1358	3205.695156000
17		42	3205.724831000
17		43	3205.771360000
17		1358	3205.772941000
17		43	3205.817561000
17		1358	3205.819175000
17		43	3205.863022000
17		1358	3205.864514000
17		43	3205.909303000
17		1358	3205.919020000
17		43	3205.954928000
17		41	3205.954956000
17		1358	3205.973476000
17		43	3206.001043000
17		41	3206.001072000
17		1358	3206.013369000
17		33	3206.026671000
17		48	3206.046742000
17		1358	3206.052992000
17		43	3206.092854000
17		1358	3206.094264000
17		43	3206.139214000
17		1358	3206.140752000
17		1358	3206.182075000
17		43	3206.185269000
17		1358	3206.222024000
17		43	3206.231564000
17		1358	3206.263627000
17		43	3206.277065000
17		1358	3206.303804000
17		43	3206.322722000
17		1358	3206.344856000
17		43	3206.368995000
17		1358	3206.385763000
17		43	3206.414985000
17		1358	3206.426310000
17		43	3206.461020000
17		1358	3206.467654000
17		43	3206.506728000
17		1358	3206.508706000
17		43	3206.552720000
17		1358	3206.554221000
17		43	3206.598701000
17		1358	3206.600627000
17		43	3206.645141000
17		1358	3206.654212000
17		43	3206.690751000
17		1358	3206.708946000
17		43	3206.736773000
17		1358	3206.749270000
17		43	3206.783060000
17		1358	3206.789795000
17		43	3206.829464000
17		1358	3206.831011000
17		1358	3206.870229000
17		43	3206.875159000
17		762	3206.910445000
17		43	3206.921532000
17		48	3206.967574000
17		35	3206.981879000
17		43	3207.012701000
17		43	3207.059034000
17		43	3207.105284000
17		1125	3207.150712000
17		41	3207.151329000
17		156	3207.152201000
17		1353	3207.152211000
17		1358	3207.152214000
17		1358	3207.152217000
17		1358	3207.152220000
17		1358	3207.152224000
17		1358	3207.194776000
17		1358	3207.234286000
17		49	3207.243443000
17		35	3207.257541000
17		43	3207.288707000
17		1358	3207.290305000
17		1358	3207.323371000
17		43	3207.335583000
17		1358	3207.356212000
17		43	3207.381530000
17		1358	3207.412950000
17		43	3207.427315000
17		1358	3207.466174000
17		43	3207.473423000
17		1358	3207.507303000
17		43	3207.519564000
17		1358	3207.549350000
17		43	3207.565538000
17		1358	3207.591278000
17		43	3207.611545000
17		1358	3207.633651000
17		43	3207.657539000
17		1358	3207.675292000
17		43	3207.702737000
17		1358	3207.716975000
17		43	3207.749302000
17		1358	3207.758889000
17		43	3207.795067000
17		1358	3207.801629000
17		43	3207.841062000
17		1358	3207.841666000
17		1358	3207.884019000
17		43	3207.886775000
17		1358	3207.924911000
17		43	3207.933160000
17		1358	3207.966977000
17		43	3207.979004000
17		1358	3208.009602000
17		43	3208.025049000
17		1358	3208.043323000
17		43	3208.070758000
17		1358	3208.076733000
17		43	3208.117475000
17		1358	3208.131979000
17		48	3208.162789000
17		35	3208.177242000
17		1358	3208.187116000
17		43	3208.209383000
17		1358	3208.228439000
17		43	3208.255245000
17		1358	3208.270139000
17		43	3208.300941000
17		1358	3208.311725000
17		43	3208.347401000
17		1358	3208.354213000
17		43	3208.392902000
17		1358	3208.394437000
17		1358	3208.436587000
17		43	3208.439239000
17		1358	3208.477856000
17		43	3208.485109000
17		1358	3208.520156000
17		43	3208.530863000
17		1358	3208.561557000
17		43	3208.577241000
17		1358	3208.603539000
17		43	3208.622692000
17		1358	3208.645319000
17		43	3208.669541000
17		1358	3208.687890000
17		43	3208.715420000
17		1358	3208.729622000
17		43	3208.761168000
17		175	3208.762685000
17		43	3208.806886000
17		43	3208.853178000
17		43	3208.899154000
17		43	3208.944652000
17		1125	3208.991503000
17		47	3208.992110000
17		152	3208.992928000
17		1353	3208.992950000
17		1358	3208.992955000
17		1358	3208.992959000
17		1358	3208.992962000
17		1358	3209.035622000
17		1358	3209.075303000
17		49	3209.083409000
17		35	3209.097228000
17		1358	3209.116183000
17		43	3209.128946000
17		1358	3209.157337000
17		43	3209.175339000
17		1358	3209.199676000
17		43	3209.221388000
17		1358	3209.240736000
17		43	3209.266874000
17		1358	3209.280616000
17		43	3209.312685000
17		1358	3209.321043000
17		43	3209.359712000
17		1358	3209.361250000
17		1358	3209.401580000
17		43	3209.405350000
17		1358	3209.441190000
17		43	3209.450836000
17		1358	3209.481552000
17		43	3209.496708000
6	0		3209.501757000
6	0		3209.501817000
17		1358	3209.514314000
6	0		3209.541033000
6	12		3209.541289000
17		43	3209.543589000
6	0		3209.544894000
6	0		3209.544940000
17		1358	3209.545176000
6	0		3209.580227000
6	12		3209.580267000
6	0		3209.580280000
6	1		3209.580466000
6	4		3209.580486000
6	32		3209.580493000
6	0		3209.580502000
17		43	3209.589440000
17		1358	3209.600199000
6	0		3209.619288000
6	0		3209.619337000
6	0		3209.619417000
6	0		3209.619513000
6	0		3209.619525000
17		43	3209.635216000
17		1358	3209.653796000
17		43	3209.681339000
17		1358	3209.694242000
17		43	3209.726902000
17		1358	3209.735548000
6	0		3209.735636000
6	41		3209.742775000
17		43	3209.773290000
17		1358	3209.774852000
17		1358	3209.813341000
17		43	3209.818724000
17		1358	3209.853808000
17		43	3209.865528000
17		1358	3209.893177000
17		43	3209.910750000
6	0		3209.933318000
17		1358	3209.933666000
6	21		3209.943433000
6	0		3209.943472000
6	1080		3209.944504000
17		43	3209.957272000
17		1358	3209.973496000
17		48	3210.003260000
17		1358	3210.013655000
17		43	3210.049427000
17		1358	3210.053810000
17		43	3210.094654000
17		1358	3210.095408000
17		43	3210.140799000
6	440		3210.141602000
17		1358	3210.142204000
6	0		3210.182228000
17		43	3210.187445000
17		1358	3210.189051000
17		43	3210.233256000
17		1358	3210.235212000
17		1358	3210.267693000
17		43	3210.279280000
17		1358	3210.298849000
17		43	3210.324977000
17		1358	3210.352426000
17		43	3210.371055000
6	48		3210.372685000
6	0		3210.372718000
6	280		3210.376614000
17		1358	3210.404967000
17		43	3210.417638000
17		1358	3210.445615000
17		43	3210.463131000
17		1358	3210.485130000
17		43	3210.509756000
17		1358	3210.525556000
17		43	3210.555226000
17		1358	3210.565885000
6	16		3210.574615000
17		43	3210.600766000
17		1358	3210.605352000
6	0		3210.618205000
17		43	3210.646913000
17		1358	3210.648426000
17		43	3210.693375000
17		1358	3210.695470000
17		43	3210.739456000
17		1358	3210.741056000
17		1358	3210.780967000
17		43	3210.785520000
6	52		3210.808674000
6	0		3210.808713000
6	52		3210.808796000
17		1358	3210.820632000
17		43	3210.830923000
17		1358	3210.860743000
17		43	3210.876884000
17		641	3210.901103000
17		48	3210.922867000
17		35	3210.936238000
17		43	3210.969161000
6	100		3211.003671000
17		43	3211.015185000
6	0		3211.046220000
17		43	3211.061297000
17		43	3211.107749000
17		1036	3211.152848000
17		41	3211.153470000
17		1358	3211.154230000
17		1358	3211.154239000
17		1358	3211.154243000
17		1358	3211.154246000
17		1358	3211.154249000
17		1358	3211.154252000
17		1358	3211.194448000
17		49	3211.245335000
17		1358	3211.247361000
17		43	3211.290809000
17		1358	3211.292440000
17		43	3211.337529000
17		1358	3211.338940000
17		43	3211.383560000
17		1358	3211.385217000
17		43	3211.429166000
17		1358	3211.430681000
17		43	3211.475404000
17		1358	3211.477474000
17		43	3211.521113000
17		1358	3211.522766000
17		43	3211.566742000
17		1358	3211.568324000
17		43	3211.612888000
17		1358	3211.613774000
17		43	3211.659414000
17		1358	3211.660415000
17		43	3211.704897000
17		1358	3211.706473000
17		43	3211.751084000
17		1358	3211.759778000
17		43	3211.796626000
17		1358	3211.812555000
17		43	3211.842781000
17		1358	3211.852572000
17		43	3211.888675000
17		1358	3211.890242000
17		1358	3211.930959000
17		43	3211.934627000
17		1358	3211.970610000
17		43	3211.980929000
17		1358	3212.011461000
17		43	3212.026876000
17		1358	3212.051329000
17		43	3212.072661000
17		1358	3212.090997000
17		43	3212.119611000
17		1358	3212.131545000
17		48	3212.165244000
17		1358	3212.171709000
17		43	3212.211407000
17		1358	3212.212978000
17		43	3212.257183000
17		1358	3212.258315000
17		43	3212.303300000
17		1358	3212.304929000
17		1358	3212.345020000
17		43	3212.349461000
17		1358	3212.384494000
17		43	3212.395249000
17		1358	3212.416951000
17		43	3212.440929000
17		1358	3212.449793000
17		43	3212.487059000
17		1358	3212.503077000
17		43	3212.532759000
17		1358	3212.556089000
17		43	3212.579124000
17		1358	3212.596382000
17		43	3212.625407000
17		1358	3212.636621000
17		43	3212.670685000
17		1358	3212.676896000
17		43	3212.716709000
17		1358	3212.718289000
17		43	3212.763277000
17		1358	3212.764876000
17		43	3212.809555000
17		1358	3212.811189000
17		1358	3212.852028000
17		43	3212.855095000
17		1358	3212.892099000
17		43	3212.901244000
17		1358	3212.933742000
17		43	3212.947402000
17		1358	3212.974395000
17		43	3212.992968000
17		1358	3213.014751000
17		43	3213.039460000
17		759	3213.054937000
17		48	3213.084842000
17		35	3213.099289000
17		43	3213.130976000
17		43	3213.177374000
17		43	3213.223494000
17		43	3213.268623000
6	68		3213.269759000
17		1125	3213.315104000
17		41	3213.315722000
17		1358	3213.316537000
17		1358	3213.316556000
17		1358	3213.316561000
17		1358	3213.316566000
17		1358	3213.316571000
17		1358	3213.357228000
17		1358	3213.396932000
17		49	3213.407553000
17		35	3213.422030000
17		1358	3213.437794000
17		43	3213.453110000
6	52		3213.463615000
6	0		3213.463680000
6	0		3213.463704000
6	0		3213.465177000
17		1358	3213.478105000
17		43	3213.499229000
17		1358	3213.518506000
17		43	3213.545287000
17		1358	3213.559373000
17		43	3213.591496000
17		1358	3213.600403000
17		43	3213.637501000
17		1358	3213.641185000
6	0		3213.655661000
17		43	3213.683412000
17		1358	3213.685451000
17		43	3213.729255000
17		1358	3213.731045000
17		43	3213.774722000
17		1358	3213.776279000
17		43	3213.821249000
17		1358	3213.822734000
17		43	3213.866971000
17		1358	3213.868553000
17		43	3213.912799000
17		1358	3213.922752000
17		43	3213.958653000
17		1358	3213.976721000
17		43	3214.005138000
17		1358	3214.017282000
17		43	3214.050961000
17		1358	3214.057440000
17		1358	3214.097197000
17		43	3214.097314000
17		1358	3214.136494000
17		43	3214.142784000
17		1358	3214.177738000
17		43	3214.189351000
17		1358	3214.218106000
17		43	3214.234996000
17		1358	3214.258054000
17		43	3214.281212000
17		1358	3214.299119000
17		48	3214.327110000
17		1358	3214.339990000
17		43	3214.373125000
17		1358	3214.380904000
17		43	3214.419171000
17		1358	3214.420980000
17		43	3214.464977000
17		1358	3214.466395000
17		1358	3214.507821000
17		43	3214.511259000
17		1358	3214.546984000
17		43	3214.556978000
17		1358	3214.580009000
17		43	3214.603077000
17		1358	3214.612438000
17		43	3214.649033000
17		1358	3214.666698000
17		43	3214.695438000
17		1358	3214.721266000
17		43	3214.740754000
17		1358	3214.762309000
17		43	3214.787309000
17		1358	3214.802665000
17		43	3214.833349000
17		1358	3214.843626000
17		43	3214.878920000
17		1358	3214.884675000
17		43	3214.924856000
17		1358	3214.927301000
17		43	3214.970831000
17		1358	3214.972505000
17		1358	3215.013291000
17		43	3215.016730000
17		43	3215.063321000
17		743	3215.063347000
17		35	3215.064171000
17		74	3215.072688000
17		33	3215.072725000
17		43	3215.109557000
17		1358	3215.111151000
17		43	3215.154880000
17		1358	3215.156465000
17		43	3215.201284000
17		1358	3215.203002000
17		48	3215.247985000
17		1358	3215.249564000
17		43	3215.293496000
17		43	3215.293526000
17		41	3215.293535000
17		762	3215.295426000
17		33	3215.319357000
17		43	3215.339015000
17		43	3215.385347000
17		43	3215.431768000
17		1125	3215.477025000
17		41	3215.477608000
17		156	3215.478599000
17		1353	3215.478625000
17		1358	3215.478628000
17		1358	3215.478631000
17		1358	3215.478635000
17		1358	3215.478638000
17		1358	3215.478641000
17		1358	3215.478644000
17		1358	3215.478648000
17		1358	3215.478652000
17		1358	3215.520052000
17		1358	3215.559424000
17		49	3215.569120000
17		35	3215.582764000
17		43	3215.614763000
17		43	3215.661534000
17		43	3215.707155000
17		43	3215.753288000
17		1358	3215.754936000
17		43	3215.799285000
17		1358	3215.809634000
17		43	3215.845282000
17		1358	3215.864124000
17		43	3215.891173000
17		41	3215.891197000
17		37	3215.892869000
17		1358	3215.905597000
17		43	3215.936659000
17		1358	3215.946945000
17		43	3215.982778000
17		1358	3215.988173000
17		43	3216.028945000
17		1358	3216.029813000
17		43	3216.075411000
17		1358	3216.076954000
17		43	3216.121019000
17		1358	3216.122536000
17		43	3216.167114000
17		1358	3216.168637000
17		43	3216.212847000
17		1358	3216.213688000
17		1358	3216.255209000
17		43	3216.258864000
17		1358	3216.294688000
17		43	3216.305454000
17		1358	3216.335596000
17		43	3216.351026000
17		1358	3216.377301000
17		43	3216.396952000
17		1358	3216.418519000
17		43	3216.443393000
17		1358	3216.451320000
17		43	3216.488829000
17		1358	3216.489321000
17		43	3216.535207000
17		1358	3216.544306000
17		43	3216.581453000
17		1358	3216.599272000
17		43	3216.627346000
17		1358	3216.640714000
17		43	3216.673324000
17		1358	3216.681482000
17		43	3216.718988000
17		1358	3216.722714000
17		1358	3216.764171000
17		43	3216.764935000
17		1358	3216.803452000
17		48	3216.811249000
17		35	3216.825751000
17		1358	3216.844067000
17		43	3216.856896000
17		1358	3216.884073000
17		43	3216.903166000
17		1358	3216.924303000
17		43	3216.949054000
17		1358	3216.965500000
17		43	3216.995282000
17		1358	3217.005985000
17		43	3217.041559000
17		1358	3217.046319000
17		43	3217.087074000
17		1358	3217.088175000
17		43	3217.133297000
17		1358	3217.134843000
17		43	3217.179380000
17		1358	3217.180883000
17		43	3217.225084000
17		1358	3217.226278000
17		43	3217.271563000
17		1358	3217.279738000
17		43	3217.317473000
17		1358	3217.332957000
17		43	3217.362665000
17		1358	3217.372359000
17		43	3217.409108000
17		1358	3217.412526000
17		1358	3217.451444000
17		43	3217.455410000
17		1358	3217.491326000
17		43	3217.501591000
17		1358	3217.531863000
17		43	3217.547436000
17		1358	3217.571916000
17		43	3217.593046000
17		1358	3217.611959000
6	0		3217.620245000
6	0		3217.620322000
17		43	3217.639098000
17		1358	3217.652343000
6	0		3217.659196000
6	12		3217.659428000
17		43	3217.685034000
17		1358	3217.692719000
6	0		3217.698327000
6	12		3217.698414000
6	0		3217.698425000
6	1		3217.698607000
6	4		3217.698626000
6	32		3217.698635000
6	0		3217.698646000
17		48	3217.731430000
17		1358	3217.733011000
6	0		3217.737441000
6	0		3217.737487000
6	0		3217.737492000
6	0		3217.737584000
6	0		3217.737598000
17		43	3217.777282000
17		1358	3217.778789000
17		1358	3217.818671000
17		43	3217.823081000
17		1358	3217.858812000
17		43	3217.868955000
17		1358	3217.899225000
17		43	3217.914885000
17		1358	3217.931709000
17		43	3217.961173000
17		1358	3217.962733000
17		43	3218.007200000
17		1358	3218.016085000
17		43	3218.052882000
17		1358	3218.069990000
17		43	3218.099135000
17		1358	3218.110328000
17		43	3218.145150000
17		1358	3218.150894000
17		43	3218.190762000
17		1358	3218.192335000
17		43	3218.237097000
17		123	3218.238638000
17		43	3218.283153000
17		43	3218.328898000
17		43	3218.374794000
17		43	3218.421062000
17		1036	3218.467438000
17		41	3218.468023000
17		149	3218.468699000
17		1353	3218.491209000
17		1358	3218.491244000
17		1358	3218.491247000
17		1358	3218.491251000
17		1358	3218.532305000
17		49	3218.559175000
17		1358	3218.571462000
6	0		3218.600947000
6	0		3218.601012000
17		43	3218.604746000
17		1358	3218.610119000
17		1358	3218.649982000
17		43	3218.650768000
17		1358	3218.689638000
17		43	3218.697289000
6	0		3218.719936000
17		1358	3218.720913000
6	41		3218.725561000
17		43	3218.742899000
17		1358	3218.753402000
17		43	3218.789021000
17		1358	3218.805294000
17		43	3218.834718000
6	0		3218.844159000
6	21		3218.844194000
6	0		3218.844217000
6	1080		3218.845210000
17		1358	3218.856483000
17		43	3218.880780000
17		1358	3218.894559000
17		43	3218.926805000
17		1358	3218.933128000
6	440		3218.963739000
17		1358	3218.970721000
17		43	3218.973481000
6	0		3219.006222000
17		1358	3219.008740000
17		43	3219.019542000
17		1358	3219.048001000
17		43	3219.065115000
17		1358	3219.087659000
17		43	3219.111349000
6	48		3219.124752000
6	0		3219.124793000
17		1358	3219.126923000
6	280		3219.128754000
17		43	3219.157320000
17		1358	3219.166870000
17		43	3219.203060000
17		1358	3219.204667000
17		1358	3219.243624000
17		43	3219.249190000
6	16		3219.249966000
17		1358	3219.283677000
6	0		3219.290233000
17		43	3219.294764000
17		1358	3219.323602000
17		43	3219.340846000
17		1358	3219.362414000
17		43	3219.387008000
17		1358	3219.401303000
6	52		3219.408798000
6	0		3219.408837000
6	52		3219.408927000
17		43	3219.433557000
17		1358	3219.435109000
17		48	3219.478697000
17		1358	3219.480209000
17		43	3219.524720000
6	84		3219.527436000
17		1358	3219.531708000
6	0		3219.570221000
17		43	3219.571486000
17		1358	3219.582887000
6	0		3219.596014000
6	0		3219.596086000
17		43	3219.617015000
17		1358	3219.622832000
17		43	3219.662950000
17		1358	3219.664120000
17		1358	3219.703360000
17		43	3219.708979000
17		1358	3219.741780000
17		43	3219.755439000
6	0		3219.757894000
6	41		3219.764427000
17		1358	3219.781244000
17		43	3219.801012000
17		1358	3219.821463000
17		43	3219.847408000
17		1358	3219.861229000
17		43	3219.892643000
17		1358	3219.900659000
6	21		3219.925413000
6	0		3219.925490000
6	0		3219.925730000
6	0		3219.925746000
6	1080		3219.926740000
17		43	3219.939253000
17		1358	3219.940303000
17		43	3219.984948000
17		1358	3219.986468000
17		43	3220.030920000
17		1358	3220.032754000
17		43	3220.077474000
17		1358	3220.078929000
6	440		3220.088430000
17		43	3220.122917000
17		1358	3220.124459000
6	0		3220.130211000
17		43	3220.169040000
17		1358	3220.170546000
17		1358	3220.202546000
17		43	3220.215453000
17		1358	3220.232913000
17		43	3220.261524000
17		1358	3220.285594000
6	48		3220.290663000
6	0		3220.290703000
6	280		3220.295536000
17		43	3220.307177000
17		1358	3220.337460000
17		43	3220.353515000
17		645	3220.376649000
17		48	3220.398713000
17		35	3220.413309000
17		43	3220.445611000
6	16		3220.461672000
17		43	3220.491471000
6	0		3220.502235000
17		43	3220.537140000
17		43	3220.582696000
17		1125	3220.629125000
17		41	3220.629686000
17		1358	3220.631509000
17		1358	3220.631533000
17		1358	3220.631537000
17		1358	3220.631540000
17		1358	3220.631544000
17		1358	3220.631548000
6	52		3220.662026000
6	0		3220.662064000
6	52		3220.662146000
17		1358	3220.671350000
17		49	3220.721226000
17		1358	3220.722823000
17		43	3220.766801000
17		1358	3220.768353000
17		43	3220.813178000
17		1358	3220.814626000
6	100		3220.822795000
17		43	3220.859298000
17		1358	3220.860749000
6	0		3220.866216000
17		43	3220.904691000
17		1358	3220.906281000
17		43	3220.950749000
17		1358	3220.952319000
17		43	3220.997305000
17		1358	3220.998829000
17		43	3221.042678000
17		1358	3221.051477000
17		43	3221.089027000
17		1358	3221.103936000
17		43	3221.134734000
17		1358	3221.142448000
17		43	3221.180992000
17		1358	3221.182348000
17		43	3221.227545000
17		1358	3221.229064000
17		1358	3221.268075000
17		43	3221.273691000
17		1358	3221.306867000
17		43	3221.319381000
17		1358	3221.345493000
6	68		3221.364308000
17		43	3221.365020000
17		1358	3221.385026000
17		43	3221.411532000
17		1358	3221.424584000
17		43	3221.457272000
17		1358	3221.464101000
6	52		3221.483035000
6	0		3221.483081000
6	0		3221.483103000
6	0		3221.485029000
17		43	3221.503105000
17		1358	3221.504639000
17		43	3221.549169000
17		1358	3221.550704000
17		43	3221.594670000
17		1358	3221.596175000
6	0		3221.603787000
17		48	3221.640727000
17		1358	3221.641833000
17		43	3221.687163000
17		1358	3221.689032000
17		43	3221.732946000
17		1358	3221.734752000
17		43	3221.779069000
17		1358	3221.786980000
17		43	3221.824949000
17		1358	3221.838732000
17		43	3221.871422000
17		1358	3221.876840000
17		1358	3221.914961000
17		43	3221.917122000
17		1358	3221.953598000
17		43	3221.962927000
17		1358	3221.993645000
17		43	3222.008662000
17		1358	3222.033398000
17		43	3222.054876000
17		1358	3222.073597000
17		43	3222.101464000
17		1358	3222.113816000
17		43	3222.147545000
17		1358	3222.153725000
17		43	3222.193439000
17		1358	3222.195460000
17		43	3222.239178000
17		1358	3222.240346000
17		43	3222.285052000
17		1358	3222.286665000
17		1358	3222.327066000
17		43	3222.331546000
17		457	3222.366167000
17		43	3222.377271000
17		43	3222.423379000
6	68		3222.463344000
17		43	3222.469490000
17		43	3222.515549000
17		48	3222.560645000
17		35	3222.574052000
17		1125	3222.607450000
17		41	3222.608016000
17		156	3222.608935000
17		1353	3222.608971000
17		1358	3222.608976000
17		1358	3222.608979000
17		1358	3222.608982000
6	52		3222.622949000
6	0		3222.622987000
6	0		3222.623912000
6	0		3222.624557000
17		1358	3222.649045000
17		1358	3222.689187000
17		49	3222.698921000
17		35	3222.712983000
17		1358	3222.728625000
17		43	3222.744623000
17		1358	3222.767059000
6	0		3222.784199000
17		43	3222.791144000
17		1358	3222.806920000
17		43	3222.837084000
17		1358	3222.846958000
17		43	3222.883202000
17		1358	3222.884741000
17		1358	3222.925931000
17		43	3222.929179000
17		1358	3222.965189000
17		43	3222.975322000
17		1358	3223.005949000
17		43	3223.021559000
17		1358	3223.045516000
17		43	3223.067197000
17		1358	3223.085585000
17		43	3223.113578000
17		1358	3223.117808000
17		43	3223.159543000
17		1358	3223.161141000
17		43	3223.204799000
17		1358	3223.214798000
17		43	3223.251295000
17		1358	3223.268614000
17		43	3223.297450000
17		1358	3223.308844000
17		43	3223.342887000
17		1358	3223.349074000
17		1358	3223.388503000
17		43	3223.388926000
17		1358	3223.428608000
17		43	3223.435519000
17		1358	3223.468917000
17		43	3223.481627000
17		1358	3223.509093000
17		43	3223.527076000
17		1358	3223.549200000
17		43	3223.573819000
17		1358	3223.589846000
17		48	3223.618661000
17		1358	3223.630799000
17		43	3223.664782000
17		1358	3223.671067000
17		43	3223.710764000
17		1358	3223.712343000
17		43	3223.757143000
17		1358	3223.758719000
17		43	3223.802738000
17		1358	3223.804048000
17		43	3223.848810000
17		1358	3223.850621000
17		1358	3223.882593000
17		43	3223.895243000
17		1358	3223.914345000
17		43	3223.940806000
17		1358	3223.967370000
17		43	3223.987454000
17		1358	3224.020979000
17		43	3224.033489000
17		1358	3224.061427000
17		43	3224.079073000
17		1358	3224.102040000
17		43	3224.124651000
17		1358	3224.141671000
17		43	3224.171207000
17		1358	3224.181965000
17		43	3224.216806000
17		1358	3224.222579000
17		43	3224.263155000
17		1358	3224.264847000
17		43	3224.308722000
17		1358	3224.310353000
17		43	3224.354985000
17		1358	3224.356258000
17		1358	3224.396178000
17		43	3224.401449000
17		1358	3224.435813000
17		43	3224.447376000
17		1358	3224.475933000
17		43	3224.492912000
17		1358	3224.515527000
17		48	3224.539131000
17		35	3224.553371000
17		1358	3224.556319000
17		43	3224.584726000
17		1358	3224.589045000
17		43	3224.631785000
17		1358	3224.633852000
17		43	3224.677644000
17		1358	3224.686941000
17		43	3224.723102000
17		1358	3224.740318000
17		43	3224.769100000
17		1358	3224.780776000
17		43	3224.815419000
17		1358	3224.820792000
6	0		3224.857549000
6	0		3224.857606000
17		43	3224.860841000
17		1358	3224.862381000
17		43	3224.907100000
17		1136	3224.907869000
17		43	3224.953673000
17		43	3224.999040000
17		43	3225.045446000
17		43	3225.091339000
17		43	3225.137414000
17		1125	3225.182867000
17		41	3225.183457000
17		157	3225.184206000
17		1353	3225.184266000
17		1358	3225.184277000
17		1358	3225.184283000
17		1358	3225.184288000
17		1358	3225.224127000
17		1358	3225.264410000
17		49	3225.275144000
17		35	3225.289147000
17		1358	3225.303944000
17		43	3225.321535000
17		1358	3225.335168000
17		43	3225.367083000
17		1358	3225.367530000
17		1358	3225.400086000
17		43	3225.413310000
17		1358	3225.453446000
17		43	3225.459152000
17		43	3225.505559000
17		1358	3225.506890000
6	0		3225.508752000
6	0		3225.508785000
17		1358	3225.548003000
17		43	3225.551019000
6	0		3225.583255000
17		1358	3225.586332000
17		43	3225.596956000
17		1358	3225.626847000
17		43	3225.643494000
17		1358	3225.667253000
17		43	3225.689219000
17		1358	3225.707916000
17		43	3225.735170000
17		1358	3225.747803000
17		43	3225.780974000
17		1358	3225.787952000
17		43	3225.826802000
17		1358	3225.827993000
17		43	3225.872917000
17		1358	3225.873427000
17		1358	3225.914328000
17		43	3225.919291000
17		1358	3225.953403000
17		43	3225.965358000
17		1358	3225.994706000
17		43	3226.011490000
17		1358	3226.034793000
17		43	3226.056993000
17		1358	3226.067056000
17		43	3226.102889000
17		1358	3226.104404000
17		43	3226.149200000
17		1358	3226.157734000
17		48	3226.195504000
17		35	3226.210007000
17		1358	3226.211035000
17		43	3226.241054000
17		1358	3226.251121000
17		43	3226.287192000
17		1358	3226.291910000
17		43	3226.333435000
17		1358	3226.335030000
17		43	3226.379116000
17		1358	3226.380668000
17		43	3226.425235000
17		1358	3226.426754000
17		1358	3226.468059000
17		43	3226.470903000
17		1358	3226.506845000
17		43	3226.517458000
17		1358	3226.548071000
17		43	3226.563303000
17		1358	3226.588656000
17		43	3226.609322000
17		1358	3226.629204000
17		43	3226.654902000
17		1358	3226.669527000
17		43	3226.701262000
17		1358	3226.710451000
17		43	3226.746733000
17		1358	3226.751344000
17		43	3226.792640000
17		1358	3226.793938000
6	0		3226.821740000
6	0		3226.821796000
6	0		3226.835740000
17		43	3226.839482000
17		1358	3226.840984000
6	41		3226.841367000
6	0		3226.854761000
6	21		3226.856962000
6	0		3226.856993000
6	1080		3226.857955000
6	440		3226.874275000
17		43	3226.884699000
17		1358	3226.894978000
6	0		3226.918218000
17		43	3226.931014000
6	48		3226.931601000
6	0		3226.931637000
6	280		3226.936213000
17		1358	3226.948936000
6	16		3226.953601000
17		43	3226.976643000
17		821	3226.989142000
6	0		3226.994225000
6	52		3227.008954000
6	0		3227.008992000
6	52		3227.009095000
6	84		3227.022596000
17		43	3227.023022000
6	0		3227.066223000
17		43	3227.069035000
17		48	3227.115147000
17		35	3227.129443000
17		43	3227.161182000
17		43	3227.207613000
17		1125	3227.253465000
17		41	3227.254106000
17		159	3227.311264000
17		1353	3227.311309000
17		1358	3227.311314000
17		1358	3227.311318000
17		1358	3227.311323000
17		43	3227.344933000
17		1358	3227.352554000
17		1358	3227.391150000
17		49	3227.391372000
17		35	3227.405051000
17		1358	3227.431220000
17		43	3227.437062000
17		1358	3227.471006000
17		43	3227.483543000
17		1358	3227.511927000
17		43	3227.529595000
17		1358	3227.551531000
17		43	3227.575568000
17		1358	3227.583716000
17		1358	3227.615550000
17		43	3227.621211000
17		1358	3227.646436000
17		43	3227.667105000
17		1358	3227.699998000
17		43	3227.712922000
17		1358	3227.753606000
17		43	3227.759339000
17		1358	3227.793541000
17		43	3227.805507000
17		1358	3227.833618000
17		43	3227.850765000
17		1358	3227.874334000
17		43	3227.896893000
17		1358	3227.915391000
17		43	3227.943543000
17		1358	3227.956157000
17		43	3227.988767000
17		1358	3227.995731000
17		43	3228.035525000
17		1358	3228.035996000
17		1358	3228.075407000
17		43	3228.080956000
17		1358	3228.115872000
17		43	3228.127850000
17		1358	3228.156299000
17		43	3228.172641000
17		1358	3228.196486000
17		43	3228.219607000
17		1358	3228.236427000
17		43	3228.265192000
17		1358	3228.276898000
17		48	3228.311537000
17		1358	3228.313246000
17		43	3228.357497000
17		1358	3228.359236000
17		43	3228.403365000
17		1358	3228.412333000
17		43	3228.449618000
17		1358	3228.466140000
17		43	3228.494764000
17		1358	3228.506788000
17		43	3228.541435000
17		1358	3228.547574000
17		1358	3228.586140000
17		43	3228.586989000
17		1358	3228.626330000
17		43	3228.633238000
17		1358	3228.665988000
17		43	3228.679609000
17		1358	3228.706095000
17		43	3228.725214000
17		1358	3228.746201000
17		43	3228.771209000
17		1358	3228.786739000
17		43	3228.816650000
6	68		3228.818414000
17		1358	3228.826663000
6	52		3228.832143000
6	0		3228.832180000
6	0		3228.832201000
6	0		3228.833720000
6	0		3228.847199000
17		43	3228.862732000
17		1358	3228.866428000
17		43	3228.909336000
17		1358	3228.910880000
17		43	3228.955696000
17		1358	3228.957255000
17		43	3229.001119000
17		1358	3229.002652000
17		1358	3229.035020000
17		43	3229.047179000
17		1358	3229.067712000
17		43	3229.093276000
17		1358	3229.099377000
17		43	3229.138906000
17		1358	3229.153133000
17		43	3229.185750000
17		1358	3229.207035000
17		48	3229.231626000
17		35	3229.246514000
17		1358	3229.246554000
17		43	3229.277306000
17		1358	3229.287373000
17		43	3229.323093000
17		1358	3229.327725000
17		43	3229.369443000
17		1358	3229.370967000
17		43	3229.414766000
17		1358	3229.416278000
17		43	3229.461095000
17		1358	3229.462244000
17		43	3229.507388000
17		1358	3229.508971000
17		43	3229.553564000
17		1358	3229.554367000
17		737	3229.594321000
17		43	3229.599202000
17		43	3229.645421000
17		43	3229.690760000
17		43	3229.736807000
6	0		3229.744146000
6	0		3229.744184000
17		43	3229.782759000
17		1036	3229.829090000
17		41	3229.829670000
17		146	3229.830460000
17		1353	3229.830478000
17		1358	3229.830482000
17		1358	3229.830485000
17		1358	3229.830488000
17		1358	3229.862869000
17		1358	3229.894394000
17		49	3229.921595000
17		1358	3229.927011000
17		43	3229.967628000
17		1358	3229.978300000
17		43	3230.013128000
17		1358	3230.031884000
17		43	3230.059431000
17		1358	3230.071382000
17		43	3230.105190000
17		1358	3230.111077000
17		1358	3230.150145000
17		43	3230.151470000
17		1358	3230.189033000
17		43	3230.197235000
17		1358	3230.229108000
17		43	3230.243147000
17		1358	3230.270033000
17		43	3230.289349000
17		1358	3230.310155000
17		43	3230.335197000
17		1358	3230.350128000
17		43	3230.381258000
17		1358	3230.390944000
17		43	3230.427211000
17		1358	3230.431855000
17		43	3230.473374000
17		1358	3230.474901000
17		43	3230.518878000
17		1358	3230.520391000
17		1358	3230.561255000
17		43	3230.564763000
17		1358	3230.600872000
17		43	3230.611460000
17		1358	3230.633241000
17		43	3230.657051000
17		1358	3230.665797000
17		43	3230.703367000
17		1358	3230.720020000
17		43	3230.748876000
17		1358	3230.774088000
17		43	3230.795119000
17		1358	3230.814309000
17		48	3230.841127000
17		1358	3230.854845000
17		43	3230.887465000
17		1358	3230.894909000
17		43	3230.933535000
17		1358	3230.935060000
17		43	3230.979109000
17		1358	3230.980717000
17		43	3231.025458000
17		794	3231.026832000
17		43	3231.071518000
17		43	3231.117137000
17		43	3231.163216000
17		43	3231.209193000
17		43	3231.255270000
17		1125	3231.301045000
17		41	3231.301609000
17		139	3231.302377000
17		1353	3231.302385000
17		1358	3231.302388000
17		1358	3231.302392000
17		1358	3231.302395000
17		1358	3231.335899000
17		1358	3231.366638000
17		49	3231.392820000
17		1358	3231.398569000
17		43	3231.439416000
17		1358	3231.450265000
17		43	3231.485049000
17		1358	3231.503473000
17		43	3231.531388000
17		1358	3231.542398000
17		43	3231.577079000
17		1358	3231.582817000
17		1358	3231.621981000
17		43	3231.622567000
17		1358	3231.660995000
17		43	3231.669575000
17		1358	3231.700975000
17		43	3231.715491000
17		1358	3231.741202000
17		43	3231.761186000
17		1358	3231.781551000
17		43	3231.807341000
17		1358	3231.822689000
17		43	3231.852905000
17		1358	3231.862955000
17		43	3231.898939000
17		1358	3231.903103000
17		43	3231.945749000
17		1358	3231.947314000
17		43	3231.990710000
17		1358	3231.992328000
17		1358	3232.033000000
17		43	3232.037671000
17		1358	3232.072336000
17		43	3232.082694000
17		1358	3232.104307000
17		43	3232.128681000
17		1358	3232.136346000
17		43	3232.175506000
17		1358	3232.189263000
17		43	3232.221590000
17		1358	3232.242313000
17		43	3232.266657000
17		1358	3232.282428000
17		48	3232.313640000
17		1358	3232.322432000
17		43	3232.359202000
17		1358	3232.360865000
17		43	3232.404781000
17		134	3232.405427000
17		43	3232.451380000
17		43	3232.496919000
17		43	3232.542789000
17		43	3232.589148000
17		1125	3232.634914000
17		41	3232.635489000
17		133	3232.636590000
17		1353	3232.636614000
17		1358	3232.636619000
17		1358	3232.636624000
17		1358	3232.636628000
17		1358	3232.676654000
17		1358	3232.716644000
17		49	3232.726653000
17		35	3232.740689000
17		1358	3232.755788000
17		43	3232.772923000
17		1358	3232.795804000
17		43	3232.818995000
17		1358	3232.835945000
17		43	3232.865065000
17		1358	3232.865976000
17		1358	3232.898997000
17		43	3232.911681000
17		1358	3232.930501000
17		43	3232.957381000
17		1358	3232.984101000
17		43	3233.002950000
17		1358	3233.037394000
17		43	3233.049143000
17		1358	3233.078117000
17		43	3233.095743000
17		1358	3233.118680000
17		43	3233.141265000
17		1358	3233.158694000
17		43	3233.186732000
17		1358	3233.198629000
17		43	3233.232663000
17		1358	3233.239241000
17		43	3233.279209000
17		1358	3233.280723000
17		43	3233.324998000
17		1358	3233.326568000
17		1358	3233.368211000
17		43	3233.370953000
17		1358	3233.406393000
17		43	3233.417428000
17		1358	3233.446610000
17		43	3233.463345000
17		1358	3233.487479000
17		43	3233.509554000
17		1358	3233.528404000
17		43	3233.554714000
17		1358	3233.568639000
17		43	3233.601471000
17		1358	3233.602957000
17		48	3233.646722000
17		1358	3233.648269000
17		43	3233.692952000
17		1358	3233.702367000
17		43	3233.739339000
17		1358	3233.756575000
17		43	3233.785530000
17		1358	3233.796931000
17		43	3233.830917000
17		1358	3233.837960000
17		43	3233.876963000
17		1358	3233.878584000
17		1358	3233.918652000
17		43	3233.923134000
17		1358	3233.957386000
17		43	3233.968757000
17		1358	3233.997406000
17		43	3234.014697000
17		1358	3234.037915000
17		43	3234.061371000
17		1358	3234.077757000
17		43	3234.107022000
17		1358	3234.117664000
17		43	3234.153004000
17		1358	3234.157967000
17		43	3234.198759000
17		1358	3234.199789000
17		43	3234.245057000
17		1358	3234.246585000
17		43	3234.290854000
17		1358	3234.292387000
17		43	3234.337091000
17		1358	3234.338729000
17		43	3234.383413000
17		1358	3234.385078000
17		43	3234.428906000
17		1358	3234.439103000
17		43	3234.475267000
17		1358	3234.491589000
17		43	3234.521334000
17		1358	3234.531026000
17		48	3234.566746000
17		645	3234.570467000
17		43	3234.612975000
17		43	3234.659475000
17		43	3234.704736000
17		43	3234.751033000
17		1036	3234.797154000
17		41	3234.797729000
17		125	3234.798524000
17		1353	3234.798548000
17		1358	3234.798553000
17		1358	3234.798557000
17		1358	3234.798562000
17		1358	3234.839722000
17		1358	3234.878222000
17		49	3234.888690000
17		35	3234.902380000
17		1358	3234.917250000
17		43	3234.934746000
17		1358	3234.957377000
17		43	3234.981407000
17		1358	3234.997412000
17		43	3235.027046000
17		1358	3235.036650000
17		43	3235.072889000
17		586	3235.072923000
17		35	3235.074221000
17		1358	3235.076879000
17		76	3235.082108000
17		33	3235.082143000
17		1358	3235.108405000
17		43	3235.119112000
17		1358	3235.139469000
17		43	3235.165508000
17		1358	3235.172098000
17		43	3235.210883000
17		1358	3235.225120000
17		43	3235.257799000
17		1358	3235.278938000
17		43	3235.302981000
17		41	3235.303007000
17		1358	3235.319419000
17		43	3235.349184000
17		43	3235.349209000
17		41	3235.349215000
17		1358	3235.359298000
17		33	3235.374993000
17		43	3235.395686000
17		1358	3235.399340000
17		43	3235.441253000
17		1358	3235.442280000
17		43	3235.487493000
17		1358	3235.488909000
17		43	3235.533636000
17		1358	3235.534336000
17		43	3235.578951000
17		1358	3235.580581000
17		1358	3235.620989000
17		43	3235.625639000
17		1358	3235.660587000
17		43	3235.671335000
17		1358	3235.700183000
17		43	3235.716946000
17		1358	3235.740360000
17		43	3235.763367000
17		1358	3235.780757000
17		48	3235.808689000
17		1358	3235.820590000
17		43	3235.854862000
17		1358	3235.856444000
17		43	3235.900837000
17		1358	3235.902483000
17		43	3235.946708000
17		1358	3235.956661000
17		43	3235.993519000
17		1358	3236.010160000
17		43	3236.038873000
17		1358	3236.050728000
17		43	3236.084883000
17		1358	3236.090684000
17		43	3236.130837000
17		1358	3236.132448000
17		1358	3236.173333000
17		43	3236.176876000
17		1358	3236.212604000
17		43	3236.223337000
17		1358	3236.253176000
17		43	3236.268807000
17		1358	3236.293422000
17		43	3236.315375000
17		1358	3236.333496000
17		43	3236.361223000
17		1358	3236.373631000
17		43	3236.407234000
17		1358	3236.413461000
17		43	3236.453212000
17		1358	3236.454777000
17		43	3236.498918000
17		1358	3236.500145000
17		43	3236.545075000
17		1358	3236.546692000
17		43	3236.590906000
17		1358	3236.593166000
17		43	3236.637224000
17		1358	3236.638752000
17		43	3236.683516000
17		1358	3236.692641000
17		48	3236.729401000
17		35	3236.744206000
17		636	3236.744246000
17		43	3236.774984000
17		43	3236.821425000
17		43	3236.867375000
17		43	3236.913561000
17		1125	3236.958685000
17		41	3236.959325000
17		136	3236.960165000
17		1353	3236.960188000
17		1358	3236.960193000
17		1358	3236.960199000
17		1358	3236.960205000
17		1358	3237.000843000
17		1358	3237.039681000
17		49	3237.050834000
17		35	3237.064970000
17		1358	3237.079268000
17		43	3237.097463000
17		1358	3237.119002000
17		43	3237.143706000
17		1358	3237.158888000
17		43	3237.189248000
17		1358	3237.198233000
17		43	3237.235000000
17		1358	3237.236647000
17		1358	3237.277524000
17		43	3237.280799000
17		1358	3237.316455000
17		43	3237.327550000
17		1358	3237.357441000
17		43	3237.372675000
17		1358	3237.389850000
17		43	3237.419628000
17		43	3237.465107000
17		43	3237.511052000
17		1358	3237.513158000
6	0		3237.533142000
6	0		3237.533195000
17		43	3237.557260000
17		1358	3237.558344000
17		43	3237.603579000
17		1358	3237.605188000
17		43	3237.648761000
17		1358	3237.651500000
17		1358	3237.691366000
17		43	3237.695196000
17		1358	3237.732181000
17		43	3237.741530000
17		1358	3237.772388000
17		43	3237.787341000
6	0		3237.788347000
6	15		3237.788401000
6	41		3237.795612000
17		1358	3237.811668000
17		43	3237.833569000
17		1358	3237.851842000
17		43	3237.878939000
17		1358	3237.890568000
17		43	3237.924889000
17		1358	3237.929746000
17		1358	3237.969764000
17		48	3237.970630000
17		35	3237.983743000
17		1358	3238.009587000
17		43	3238.016729000
17		1358	3238.048205000
6	0		3238.050871000
6	672		3238.051115000
17		43	3238.062603000
17		1358	3238.087330000
17		43	3238.109201000
17		1358	3238.119029000
17		1358	3238.151538000
17		43	3238.155470000
17		1358	3238.182529000
17		43	3238.201071000
17		1358	3238.214256000
17		1358	3238.245229000
17		43	3238.247577000
17		1358	3238.277338000
17		43	3238.293320000
17		1358	3238.330235000
17		43	3238.339426000
17		1358	3238.382716000
17		43	3238.385332000
17		43	3238.430838000
17		1358	3238.432378000
17		1358	3238.471251000
17		43	3238.476976000
17		1358	3238.509966000
17		43	3238.523606000
17		1358	3238.547796000
6	672		3238.554426000
6	0		3238.554468000
17		43	3238.569176000
17		1358	3238.585909000
17		43	3238.614807000
17		1358	3238.625199000
17		43	3238.660957000
17		1149	3238.662489000
17		43	3238.707550000
17		43	3238.753553000
17		43	3238.798754000
17		43	3238.845123000
17		48	3238.890959000
17		35	3238.904619000
17		1125	3238.937435000
17		41	3238.937988000
17		130	3238.938734000
17		1353	3238.938761000
17		1358	3238.938768000
17		1358	3238.938772000
17		1358	3238.938776000
17		1358	3238.938780000
17		1358	3238.938783000
17		1358	3238.938786000
17		1358	3238.938789000
17		1358	3238.938792000
17		1358	3238.977574000
17		1358	3239.016586000
17		49	3239.029470000
17		35	3239.042992000
17		43	3239.075309000
17		43	3239.121265000
17		43	3239.167197000
17		43	3239.213553000
17		1358	3239.215061000
17		43	3239.259808000
17		1358	3239.261082000
17		43	3239.305687000
17		1358	3239.307201000
17		50	3239.351803000
17		1358	3239.353311000
17		43	3239.397277000
17		1358	3239.398845000
17		43	3239.443616000
17		1358	3239.451405000
17		43	3239.489200000
17		1358	3239.503834000
17		43	3239.535471000
17		1358	3239.543362000
17		43	3239.580883000
17		1358	3239.582363000
17		43	3239.627408000
17		1358	3239.628923000
17		1358	3239.668703000
17		43	3239.673549000
17		1358	3239.707020000
17		43	3239.718972000
17		1358	3239.747199000
17		43	3239.765133000
17		1358	3239.786417000
17		43	3239.811241000
17		1358	3239.825695000
17		43	3239.856877000
17		1358	3239.865647000
17		43	3239.902782000
17		1358	3239.904281000
17		43	3239.948819000
17		1358	3239.950357000
17		43	3239.995197000
17		1358	3239.996759000
17		43	3240.041566000
17		1358	3240.043085000
17		43	3240.086835000
17		1358	3240.088342000
17		43	3240.133200000
17		1358	3240.134710000
17		43	3240.179341000
17		1358	3240.186283000
17		43	3240.225033000
17		1358	3240.238163000
17		48	3240.271765000
17		1358	3240.276167000
17		1358	3240.314986000
17		43	3240.317239000
17		1358	3240.353826000
17		43	3240.362698000
17		1358	3240.392883000
17		43	3240.408899000
17		1358	3240.431681000
17		43	3240.455187000
17		1358	3240.470775000
17		43	3240.500797000
17		1358	3240.509635000
17		43	3240.546852000
17		1358	3240.548393000
17		43	3240.593325000
17		1358	3240.595060000
17		43	3240.639557000
17		1358	3240.641153000
17		43	3240.685121000
17		1358	3240.686792000
17		1358	3240.726496000
17		43	3240.731283000
17		1358	3240.764911000
17		43	3240.776742000
17		1358	3240.804942000
17		43	3240.822904000
17		647	3240.836906000
17		43	3240.884916000
17		43	3240.946844000
17		43	3241.009356000
17		43	3241.071549000
17		43	3241.133729000
17		1125	3241.195057000
17		41	3241.195726000
17		1358	3241.197576000
17		1358	3241.197598000
17		1358	3241.197602000
17		1358	3241.197607000
17		1358	3241.197611000
17		1358	3241.197616000
17		1358	3241.237595000
17		49	3241.318622000
17		1358	3241.319968000
17		43	3241.381167000
17		1358	3241.382766000
17		43	3241.443389000
17		1358	3241.445136000
17		43	3241.505128000
17		1358	3241.506324000
17		43	3241.567216000
17		1358	3241.568790000
17		43	3241.628743000
17		1358	3241.630328000
6	0		3241.652704000
6	0		3241.652743000
17		43	3241.691317000
17		41	3241.691352000
17		1358	3241.693411000
6	0		3241.740369000
6	0		3241.740423000
17		43	3241.753511000
17		1358	3241.755117000
6	0		3241.780073000
6	12		3241.780278000
17		43	3241.814771000
17		1358	3241.815889000
6	0		3241.819699000
6	12		3241.819733000
6	0		3241.819746000
6	1		3241.819933000
6	4		3241.819951000
6	32		3241.819964000
6	0		3241.819985000
6	0		3241.859150000
6	0		3241.859226000
6	0		3241.859354000
6	0		3241.859495000
6	0		3241.859518000
17		43	3241.876813000
17		1358	3241.878416000
17		43	3241.939299000
17		1358	3241.940884000
17		43	3242.000765000
17		1358	3242.002480000
17		1358	3242.056555000
17		43	3242.062644000
17		1358	3242.108788000
17		43	3242.125129000
17		1358	3242.148681000
17		43	3242.187404000
17		1358	3242.189064000
17		43	3242.249139000
17		1358	3242.250120000
17		43	3242.311306000
17		1358	3242.312776000
17		43	3242.373425000
17		1358	3242.374838000
17		43	3242.434975000
17		1358	3242.436506000
17		43	3242.497083000
17		1358	3242.498802000
17		43	3242.558721000
17		1358	3242.560321000
17		43	3242.621082000
17		1358	3242.622516000
17		43	3242.683468000
17		1358	3242.684548000
17		43	3242.744685000
17		1358	3242.746253000
17		1358	3242.785962000
17		43	3242.806717000
17		1358	3242.825910000
17		43	3242.869130000
17		1358	3242.870690000
17		48	3242.931285000
17		1358	3242.932285000
17		43	3242.993034000
17		1358	3242.994224000
17		43	3243.055725000
17		1358	3243.057364000
17		43	3243.117365000
17		1107	3243.119375000
17		43	3243.179409000
17		43	3243.241342000
17		43	3243.303527000
17		43	3243.365667000
17		43	3243.427163000
17		1036	3243.488658000
17		41	3243.489247000
17		125	3243.490105000
17		1353	3243.490169000
17		1358	3243.490174000
17		1358	3243.490178000
17		1358	3243.490181000
17		1358	3243.530964000
17		1358	3243.570135000
17		49	3243.613023000
17		1358	3243.614657000
17		43	3243.675350000
17		1358	3243.676937000
17		1358	3243.717662000
17		43	3243.736842000
17		1358	3243.757177000
17		43	3243.798774000
17		1358	3243.800138000
17		43	3243.861191000
17		1358	3243.862488000
17		43	3243.923243000
17		1358	3243.924860000
17		43	3243.984753000
17		1358	3243.986362000
17		43	3244.047204000
17		1358	3244.048480000
17		43	3244.108631000
17		1358	3244.110217000
17		43	3244.171786000
17		1358	3244.173336000
17		43	3244.233383000
17		1358	3244.234986000
17		43	3244.295566000
17		1358	3244.297120000
17		43	3244.357763000
17		1358	3244.359334000
17		43	3244.419416000
17		1358	3244.420987000
17		1358	3244.461703000
17		43	3244.481440000
17		1358	3244.500363000
17		43	3244.542844000
17		1358	3244.544403000
17		43	3244.605423000
17		1358	3244.607010000
17		43	3244.667663000
17		1358	3244.669268000
6	0		3244.675560000
6	0		3244.675628000
17		43	3244.729289000
17		1358	3244.730629000
17		43	3244.791361000
17		48	3244.852922000
17		1358	3244.854256000
17		43	3244.914948000
17		1358	3244.916141000
6	0		3244.923903000
6	41		3244.929198000
17		43	3244.977429000
17		1358	3244.978480000
17		43	3245.039432000
17		1358	3245.049832000
17		43	3245.100686000
17		1358	3245.122582000
17		43	3245.163081000
6	0		3245.176994000
17		1358	3245.177135000
6	21		3245.190074000
6	0		3245.190111000
6	1080		3245.191070000
17		43	3245.225785000
17		1358	3245.228890000
17		1358	3245.282351000
17		43	3245.287396000
17		1358	3245.335319000
17		43	3245.348755000
17		1358	3245.388670000
17		43	3245.411498000
17		1358	3245.441213000
6	440		3245.450965000
17		43	3245.472914000
6	0		3245.494209000
17		1358	3245.494957000
17		43	3245.535493000
17		1358	3245.547671000
17		43	3245.597203000
17		1358	3245.601036000
17		1358	3245.654030000
17		43	3245.658739000
17		1358	3245.707164000
17		43	3245.721186000
6	48		3245.741997000
6	0		3245.742033000
6	280		3245.745928000
17		1358	3245.761430000
17		43	3245.783216000
17		1358	3245.815344000
17		43	3245.845612000
17		1358	3245.869630000
17		43	3245.906801000
17		1358	3245.911584000
17		1358	3245.954901000
17		43	3245.968877000
17		1358	3245.996020000
6	16		3246.005095000
17		43	3246.030983000
6	0		3246.046219000
17		645	3246.066829000
17		48	3246.093133000
17		35	3246.107480000
17		43	3246.155138000
17		43	3246.216714000
17		43	3246.278814000
6	52		3246.294007000
6	0		3246.294044000
6	52		3246.294142000
17		43	3246.340816000
17		1125	3246.403133000
17		41	3246.403798000
17		130	3246.404724000
17		1353	3246.404742000
17		1358	3246.404745000
17		1358	3246.404749000
17		1358	3246.404752000
17		1358	3246.458953000
17		1358	3246.512151000
17		49	3246.526986000
17		35	3246.540563000
6	84		3246.543225000
17		1358	3246.564694000
6	0		3246.586206000
17		43	3246.588778000
17		1358	3246.617844000
17		43	3246.651192000
17		1358	3246.671658000
17		43	3246.713442000
17		1358	3246.725381000
17		43	3246.774811000
17		1358	3246.776436000
17		1358	3246.830900000
17		43	3246.837544000
17		1358	3246.883466000
17		43	3246.899457000
17		1358	3246.937279000
17		43	3246.961567000
17		1358	3246.980478000
17		43	3247.023369000
17		1358	3247.023996000
17		43	3247.084797000
17		1358	3247.094781000
17		43	3247.147516000
17		1358	3247.165614000
17		43	3247.208941000
17		1358	3247.219627000
17		43	3247.271422000
17		1358	3247.273022000
17		43	3247.333062000
17		1358	3247.334343000
17		1358	3247.387812000
17		43	3247.394784000
17		1358	3247.441427000
17		43	3247.457333000
17		1358	3247.495571000
17		43	3247.518799000
17		1358	3247.549169000
17		43	3247.581043000
17		1358	3247.603239000
17		43	3247.642853000
17		1358	3247.656925000
17		43	3247.704700000
17		1358	3247.710284000
17		48	3247.767246000
17		1358	3247.769331000
17		43	3247.828781000
17		1358	3247.830351000
17		43	3247.891055000
17		1358	3247.891876000
17		43	3247.952637000
17		1358	3247.954068000
17		43	3248.015155000
17		1358	3248.016760000
17		43	3248.077305000
17		1358	3248.089096000
17		43	3248.139155000
17		1358	3248.159202000
17		43	3248.201459000
17		1358	3248.212332000
17		43	3248.263502000
17		1358	3248.264778000
17		1358	3248.318417000
17		43	3248.325582000
17		1358	3248.371275000
17		43	3248.386921000
6	68		3248.420434000
17		1358	3248.425267000
17		43	3248.448707000
17		1358	3248.479292000
17		43	3248.511482000
17		1358	3248.533448000
17		43	3248.573518000
17		1358	3248.587337000
17		43	3248.634961000
17		1358	3248.641280000
6	52		3248.675558000
6	0		3248.675599000
6	0		3248.675619000
6	0		3248.676798000
17		43	3248.696614000
17		1358	3248.698183000
17		43	3248.759453000
17		1358	3248.760748000
17		1358	3248.814838000
17		43	3248.821487000
17		1358	3248.867924000
17		43	3248.883086000
17		1358	3248.922187000
6	0		3248.924536000
17		43	3248.945165000
17		636	3248.966232000
17		48	3249.006753000
17		35	3249.020554000
17		43	3249.068602000
17		43	3249.130723000
17		43	3249.193087000
17		43	3249.255243000
17		1126	3249.317517000
17		41	3249.318155000
17		136	3249.318884000
17		1353	3249.318919000
17		1358	3249.318926000
17		1358	3249.318931000
17		1358	3249.318936000
17		1358	3249.318940000
17		1358	3249.318945000
17		1358	3249.372908000
17		1358	3249.425276000
17		49	3249.440616000
17		35	3249.454673000
17		43	3249.503589000
17		1358	3249.504717000
17		43	3249.565592000
17		1358	3249.567387000
17		43	3249.627571000
17		1358	3249.629187000
17		43	3249.688729000
17		1358	3249.689996000
17		43	3249.751378000
17		1358	3249.752954000
17		43	3249.813218000
17		1358	3249.814843000
17		43	3249.875041000
17		1358	3249.886874000
17		43	3249.937116000
17		1358	3249.958530000
17		43	3249.999122000
17		1358	3250.012702000
17		43	3250.060733000
17		1358	3250.066252000
17		43	3250.122878000
17		1358	3250.124432000
17		43	3250.185445000
17		1358	3250.187087000
17		43	3250.246626000
17		1358	3250.248179000
17		1358	3250.302619000
17		43	3250.309390000
17		1358	3250.355805000
17		43	3250.370771000
17		1358	3250.410217000
17		43	3250.432940000
17		1358	3250.464359000
17		43	3250.495597000
17		1358	3250.518641000
17		43	3250.556672000
17		1358	3250.572707000
17		43	3250.618925000
17		1358	3250.627335000
17		48	3250.680879000
17		1358	3250.682476000
17		43	3250.743442000
17		1358	3250.745129000
17		43	3250.804868000
17		1358	3250.806422000
17		43	3250.867273000
17		1358	3250.878077000
17		43	3250.928686000
17		1358	3250.949177000
17		43	3250.991250000
17		1358	3251.003416000
17		43	3251.053295000
17		1358	3251.054444000
17		1358	3251.109558000
17		43	3251.114785000
17		1358	3251.162799000
17		43	3251.176994000
17		1358	3251.216494000
17		43	3251.239300000
17		1358	3251.271279000
17		43	3251.301101000
17		1358	3251.325061000
17		43	3251.363633000
17		1358	3251.379081000
17		43	3251.425256000
17		1358	3251.434252000
17		43	3251.487279000
17		1358	3251.488864000
17		43	3251.549572000
17		1358	3251.551763000
17		43	3251.610784000
17		1146	3251.612345000
17		43	3251.672833000
17		43	3251.734737000
17		43	3251.796761000
17		1116	3251.796788000
17		34	3251.797350000
17		33	3251.797951000
17		130	3251.798107000
17		1358	3251.803567000
17		1358	3251.847911000
17		43	3251.858803000
17		1358	3251.890569000
17		43	3251.921600000
17		1358	3251.961097000
17		49	3251.982775000
17		35	3251.996974000
17		1358	3252.015307000
17		43	3252.045353000
17		1358	3252.069365000
17		43	3252.107559000
17		1358	3252.122604000
17		43	3252.168701000
17		1358	3252.176688000
17		1358	3252.230076000
17		43	3252.230683000
17		1358	3252.283636000
17		43	3252.293271000
17		1358	3252.337243000
17		43	3252.354992000
17		1358	3252.391082000
17		43	3252.416722000
17		1358	3252.445122000
17		43	3252.479186000
17		1358	3252.498256000
17		43	3252.541277000
17		1358	3252.552912000
17		43	3252.603452000
17		1358	3252.605001000
17		1358	3252.659938000
17		43	3252.665501000
17		1358	3252.712808000
17		43	3252.727097000
17		1358	3252.756073000
17		43	3252.789148000
17		1358	3252.799141000
17		43	3252.851038000
17		1358	3252.870698000
17		43	3252.913462000
17		1358	3252.942065000
17		43	3252.974729000
17		1358	3252.995510000
17		43	3253.037233000
17		1358	3253.048879000
17		43	3253.098665000
17		1358	3253.102097000
17		1358	3253.154757000
17		43	3253.161434000
17		1358	3253.205855000
17		48	3253.223180000
17		35	3253.237183000
17		1358	3253.257772000
17		43	3253.285016000
17		1358	3253.309045000
17		43	3253.346821000
17		1358	3253.360408000
17		43	3253.409454000
17		1358	3253.410669000
17		1358	3253.463951000
17		43	3253.471769000
17		1358	3253.515349000
17		43	3253.533267000
17		1358	3253.567127000
17		43	3253.595678000
17		1358	3253.619833000
17		43	3253.657458000
17		1358	3253.672595000
17		43	3253.719208000
17		1358	3253.720834000
17		43	3253.781561000
17		1358	3253.783165000
17		43	3253.842952000
17		1358	3253.852810000
17		43	3253.905428000
17		1358	3253.922274000
17		43	3253.967027000
17		1358	3253.974345000
17		1358	3254.025925000
17		43	3254.029510000
17		1358	3254.077639000
17		43	3254.091337000
17		1358	3254.130668000
17		43	3254.152947000
17		1358	3254.183848000
17		43	3254.214959000
17		1358	3254.237233000
17		43	3254.276976000
17		1358	3254.289746000
17		43	3254.339325000
17		1358	3254.340928000
17		43	3254.400863000
17		1358	3254.402271000
17		48	3254.463097000
17		631	3254.464764000
17		43	3254.525528000
17		43	3254.587484000
17		43	3254.649303000
17		43	3254.711202000
17		43	3254.773407000
17		1036	3254.835437000
17		41	3254.836071000
17		131	3254.836898000
17		1353	3254.836995000
17		1358	3254.837001000
17		1358	3254.837006000
17		1358	3254.837011000
17		1358	3254.837015000
17		1358	3254.878596000
17		1358	3254.921458000
17		49	3254.959603000
17		35	3254.973576000
17		43	3255.021558000
17		1358	3255.023156000
17		43	3255.083133000
17		687	3255.083158000
17		35	3255.084890000
17		74	3255.093177000
17		33	3255.093494000
17		1358	3255.093661000
17		1358	3255.144088000
17		43	3255.145371000
17		1358	3255.195686000
17		43	3255.206809000
17		1358	3255.248472000
17		43	3255.269031000
17		1358	3255.300699000
17		43	3255.330884000
17		1358	3255.352879000
17		43	3255.392884000
17		43	3255.392907000
17		41	3255.392912000
17		1358	3255.405567000
17		33	3255.418444000
17		43	3255.455271000
17		1358	3255.456813000
17		43	3255.516971000
17		1358	3255.518584000
17		43	3255.579121000
17		1358	3255.580719000
17		43	3255.640688000
17		1358	3255.642262000
17		43	3255.702784000
17		1358	3255.704359000
17		41	3255.765590000
17		43	3255.765637000
17		33	3255.766119000
17		1358	3255.767723000
17		43	3255.827516000
17		1358	3255.828661000
17		43	3255.889167000
17		1358	3255.890752000
17		1358	3255.933114000
17		43	3255.950790000
17		1358	3255.973712000
17		43	3256.013303000
17		1358	3256.043513000
17		43	3256.075374000
17		1358	3256.112994000
17		43	3256.137046000
17		1358	3256.164978000
17		48	3256.199150000
17		35	3256.212259000
17		1358	3256.217699000
17		43	3256.261221000
17		1358	3256.270359000
17		43	3256.322825000
17		1358	3256.324304000
17		43	3256.384740000
17		1358	3256.386292000
17		43	3256.447509000
17		1358	3256.449082000
17		43	3256.508732000
17		1358	3256.510209000
17		43	3256.571270000
17		946	3256.572826000
17		43	3256.633437000
17		43	3256.695211000
17		43	3256.757368000
17		43	3256.818961000
17		1116	3256.818986000
17		34	3256.819626000
17		33	3256.819844000
17		137	3256.820562000
17		1358	3256.826018000
17		1358	3256.867610000
17		43	3256.881203000
17		1358	3256.910336000
17		49	3256.943388000
17		1358	3256.950961000
17		1358	3256.993084000
17		43	3257.004716000
17		1358	3257.036216000
17		43	3257.067316000
17		1358	3257.106556000
17		43	3257.129333000
17		1358	3257.160262000
17		43	3257.191045000
17		1358	3257.212981000
17		43	3257.253340000
17		1358	3257.266332000
17		43	3257.315284000
17		1358	3257.316882000
17		1358	3257.368443000
17		43	3257.377308000
17		1358	3257.417993000
17		43	3257.439479000
17		1358	3257.467448000
17		43	3257.501275000
17		1358	3257.516274000
17		43	3257.562697000
17		1358	3257.567070000
17		1358	3257.616141000
17		43	3257.625274000
17		1358	3257.665864000
17		43	3257.687351000
17		1358	3257.714835000
17		43	3257.749040000
17		1358	3257.764200000
17		43	3257.811128000
17		1358	3257.812703000
17		1358	3257.855229000
17		43	3257.873302000
17		1358	3257.894270000
17		43	3257.934699000
17		1358	3257.936394000
17		43	3257.997586000
17		1358	3258.003537000
17		43	3258.059396000
17		1358	3258.069939000
17		1358	3258.120267000
17		43	3258.120602000
17		1358	3258.169857000
17		48	3258.182968000
17		35	3258.196768000
17		1358	3258.220637000
17		43	3258.244936000
17		1358	3258.271688000
17		43	3258.307284000
17		1358	3258.322234000
17		43	3258.369122000
17		1358	3258.372812000
17		43	3258.430735000
17		1358	3258.432281000
17		43	3258.493213000
17		1358	3258.494748000
17		43	3258.555539000
17		1358	3258.557230000
17		43	3258.617063000
17		1358	3258.618358000
17		43	3258.678935000
17		1358	3258.680505000
17		43	3258.740696000
17		1358	3258.742254000
17		1358	3258.792523000
17		43	3258.802687000
17		1358	3258.841562000
17		43	3258.864637000
17		1358	3258.881911000
17		43	3258.926926000
17		1358	3258.928496000
17		43	3258.989186000
17		1358	3258.995577000
17		43	3259.050744000
17		1358	3259.063553000
17		43	3259.112814000
17		1358	3259.114410000
17		43	3259.174993000
17		1358	3259.176622000
17		43	3259.236700000
17		1358	3259.238277000
17		43	3259.298744000
17		1358	3259.300340000
17		43	3259.361407000
17		1358	3259.362977000
17		48	3259.423513000
17		1358	3259.424956000
17		1358	3259.475572000
17		43	3259.485163000
17		43	3259.546641000
17		43	3259.608760000
17		1358	3259.610454000
17		43	3259.671045000
17		1358	3259.672606000
17		43	3259.732674000
17		1358	3259.734239000
6	0		3259.753170000
6	0		3259.753226000
17		43	3259.794826000
17		1358	3259.796272000
17		1358	3259.846597000
17		43	3259.857268000
17		1358	3259.895834000
17		43	3259.918773000
17		1358	3259.945582000
17		43	3259.981078000
17		1358	3259.996312000
17		43	3260.043141000
17		1358	3260.044234000
6	0		3260.047093000
6	41		3260.052671000
17		1358	3260.094511000
17		43	3260.105422000
17		1358	3260.144309000
17		43	3260.166777000
17		1358	3260.184213000
17		1358	3260.223356000
17		43	3260.229356000
17		1358	3260.263917000
17		43	3260.291468000
17		1358	3260.304131000
17		1358	3260.342843000
6	0		3260.345886000
6	21		3260.345918000
6	0		3260.345930000
6	1080		3260.346896000
17		43	3260.353342000
17		1358	3260.382896000
17		43	3260.414971000
17		1358	3260.422436000
17		43	3260.477193000
17		1358	3260.487934000
17		43	3260.538776000
17		1358	3260.554571000
17		43	3260.601134000
17		1358	3260.620600000
6	0		3260.639414000
6	440		3260.639448000
17		48	3260.662794000
17		35	3260.676017000
6	0		3260.682222000
17		1358	3260.686927000
17		43	3260.724684000
17		1358	3260.753281000
17		43	3260.787189000
17		1358	3260.802058000
17		43	3260.848632000
17		1358	3260.851865000
17		1358	3260.901643000
17		43	3260.911389000
17		1358	3260.951213000
17		43	3260.972824000
6	48		3260.975140000
6	0		3260.975170000
6	280		3260.979286000
17		1358	3261.000935000
17		43	3261.035594000
17		1358	3261.049953000
17		43	3261.097186000
17		1358	3261.101022000
17		1358	3261.153538000
17		43	3261.159394000
17		1358	3261.204944000
17		43	3261.221008000
17		1358	3261.256203000
6	0		3261.271784000
6	16		3261.282581000
17		43	3261.283086000
17		1358	3261.308728000
6	0		3261.326226000
17		43	3261.345403000
17		1358	3261.359465000
17		43	3261.407145000
17		1358	3261.410361000
17		1358	3261.463017000
17		43	3261.468770000
17		1358	3261.514837000
17		43	3261.531107000
17		1358	3261.565656000
17		43	3261.593295000
17		1358	3261.617730000
6	52		3261.619521000
6	0		3261.619557000
6	52		3261.619710000
17		43	3261.655626000
17		1358	3261.668651000
17		43	3261.717301000
17		1358	3261.721671000
17		1358	3261.772383000
17		43	3261.778988000
17		1358	3261.823336000
17		43	3261.841561000
17		1358	3261.876303000
17		48	3261.903572000
6	84		3261.912610000
17		35	3261.917906000
17		1358	3261.927434000
6	0		3261.954220000
17		43	3261.965486000
17		1358	3261.978923000
17		43	3262.027550000
17		1358	3262.029093000
17		1358	3262.082323000
17		43	3262.089153000
17		1358	3262.132869000
17		43	3262.151462000
17		1358	3262.185689000
17		43	3262.213155000
17		1358	3262.236977000
17		43	3262.274954000
17		1358	3262.288420000
17		43	3262.337241000
17		41	3262.337262000
17		1358	3262.338873000
17		1358	3262.391914000
17		43	3262.399522000
17		1358	3262.442664000
17		43	3262.461266000
17		1358	3262.494808000
17		43	3262.522835000
17		1358	3262.545719000
17		43	3262.584967000
17		1358	3262.597076000
17		1358	3262.638587000
17		43	3262.646797000
17		1358	3262.680282000
17		43	3262.708681000
17		1358	3262.721804000
17		1358	3262.764384000
17		43	3262.771433000
17		1358	3262.805772000
17		43	3262.833556000
17		1358	3262.848845000
17		43	3262.895299000
17		41	3262.895331000
17		1358	3262.896887000
17		43	3262.957056000
17		1358	3262.968419000
17		43	3263.019088000
17		1358	3263.040455000
17		43	3263.081507000
17		1358	3263.112236000
17		43	3263.143500000
17		1358	3263.183015000
17		43	3263.204728000
17		1358	3263.253138000
17		43	3263.267165000
17		1358	3263.306686000
17		43	3263.329238000
17		1358	3263.359483000
17		43	3263.390768000
17		1358	3263.412804000
17		43	3263.453354000
17		1358	3263.465685000
6	68		3263.513327000
17		43	3263.515146000
17		1358	3263.518764000
17		1358	3263.572784000
17		43	3263.576892000
17		41	3263.576915000
17		39	3263.578774000
17		1358	3263.625280000
17		43	3263.639079000
17		1358	3263.679871000
17		43	3263.700730000
17		1358	3263.733705000
17		43	3263.762921000
17		1358	3263.787175000
6	52		3263.806571000
6	0		3263.806615000
6	0		3263.806636000
6	0		3263.807779000
17		43	3263.824927000
17		1358	3263.840617000
17		43	3263.887306000
17		1358	3263.893999000
17		1358	3263.947355000
17		43	3263.949140000
17		1358	3264.000230000
17		43	3264.011418000
17		1358	3264.054501000
17		43	3264.073283000
6	0		3264.101233000
17		1358	3264.108224000
17		43	3264.134743000
17		1358	3264.161935000
17		43	3264.196665000
17		1358	3264.216873000
17		43	3264.258941000
17		1358	3264.271555000
17		43	3264.321107000
17		1358	3264.325942000
17		43	3264.382774000
17		1358	3264.384357000
17		43	3264.445356000
17		1358	3264.446444000
17		1358	3264.500355000
17		43	3264.506679000
17		1358	3264.554876000
17		43	3264.569634000
17		1358	3264.608676000
17		43	3264.631178000
17		1358	3264.662995000
17		43	3264.692902000
17		1358	3264.717427000
17		43	3264.755139000
17		1358	3264.772174000
17		48	3264.816689000
17		1358	3264.826011000
17		43	3264.879204000
17		1358	3264.880646000
17		43	3264.941233000
17		1358	3264.942896000
17		43	3265.002782000
17		1358	3265.004446000
17		43	3265.064719000
17		664	3265.064750000
17		37	3265.065926000
17		1358	3265.066336000
17		76	3265.073422000
17		33	3265.073475000
17		43	3265.127001000
17		1358	3265.128622000
17		1358	3265.171609000
17		43	3265.188641000
17		1358	3265.214338000
17		43	3265.250700000
17		1358	3265.258027000
17		43	3265.313633000
17		1358	3265.315257000
17		43	3265.375080000
17		1358	3265.376686000
17		43	3265.437454000
17		1358	3265.448353000
17		33	3265.472027000
17		43	3265.499052000
17		664	3265.499079000
17		35	3265.499549000
17		1358	3265.520263000
17		43	3265.561208000
17		1358	3265.592093000
17		43	3265.623326000
17		1358	3265.663875000
17		43	3265.685517000
17		1358	3265.735960000
17		43	3265.747273000
17		41	3265.747294000
17		1358	3265.789556000
17		43	3265.809012000
17		43	3265.809040000
17		41	3265.809046000
17		33	3265.809696000
17		1358	3265.843869000
6	0		3265.861333000
6	0		3265.861390000
17		43	3265.870950000
17		1358	3265.897701000
6	0		3265.900548000
6	12		3265.900755000
17		43	3265.933092000
6	0		3265.939607000
6	12		3265.939665000
6	0		3265.939677000
6	1		3265.939826000
6	4		3265.939839000
6	32		3265.939846000
6	0		3265.939858000
17		1358	3265.951454000
6	0		3265.978672000
6	0		3265.978710000
6	0		3265.978728000
6	0		3265.978803000
6	0		3265.978817000
17		43	3265.994823000
17		1358	3266.006133000
17		48	3266.056862000
17		1358	3266.058456000
17		1358	3266.112578000
17		43	3266.119128000
17		1358	3266.164926000
17		41	3266.180848000
17		43	3266.180872000
17		1358	3266.219824000
17		43	3266.243166000
17		1358	3266.273456000
17		43	3266.305104000
17		1358	3266.327143000
17		43	3266.367561000
17		1358	3266.381306000
17		43	3266.429293000
17		1358	3266.435290000
17		43	3266.491435000
17		1358	3266.494056000
17		43	3266.553600000
17		1358	3266.554708000
17		43	3266.615277000
17		1358	3266.616808000
17		1131	3266.676690000
17		43	3266.676720000
17		37	3266.677621000
17		1358	3266.678237000
17		183	3266.689914000
17		155	3266.690040000
17		43	3266.739094000
17		1358	3266.739978000
17		1358	3266.794424000
17		43	3266.801136000
17		1358	3266.847350000
17		43	3266.862710000
17		1358	3266.902059000
17		43	3266.925656000
17		1358	3266.955797000
17		43	3266.987452000
17		1358	3267.009316000
17		43	3267.049168000
17		43	3267.111423000
17		1358	3267.112899000
17		43	3267.172691000
17		1358	3267.174297000
17		43	3267.235078000
17		1358	3267.236110000
17		48	3267.297650000
17		1358	3267.298750000
17		43	3267.359709000
17		41	3267.359732000
17		1358	3267.361165000
6	0		3267.403529000
6	0		3267.403591000
17		43	3267.421477000
17		43	3267.421503000
17		41	3267.421510000
17		1358	3267.422837000
6	0		3267.442379000
17		33	3267.447113000
17		43	3267.482687000
17		1358	3267.484275000
17		43	3267.545234000
17		1358	3267.546810000
17		43	3267.606661000
17		1358	3267.608243000
17		43	3267.668961000
17		1358	3267.670487000
17		1358	3267.715441000
17		43	3267.731367000
17		1358	3267.758209000
17		43	3267.793506000
17		1358	3267.802631000
17		43	3267.855437000
17		1358	3267.857052000
17		43	3267.916883000
17		1358	3267.930818000
17		43	3267.979125000
17		1358	3268.004675000
17		43	3268.040890000
17		1358	3268.078414000
17		43	3268.103174000
17		1358	3268.151319000
17		43	3268.165607000
17		1358	3268.224867000
17		43	3268.227483000
17		1358	3268.280023000
17		43	3268.289034000
17		1358	3268.334951000
17		43	3268.351265000
17		1358	3268.389906000
17		43	3268.413229000
17		1358	3268.445679000
17		43	3268.474992000
17		1358	3268.501071000
17		48	3268.536972000
17		35	3268.551158000
17		1358	3268.556495000
17		43	3268.599205000
17		1358	3268.613564000
17		43	3268.660634000
17		1358	3268.669909000
17		43	3268.723587000
17		1358	3268.724915000
17		1358	3268.782597000
17		43	3268.785282000
17		1358	3268.838599000
17		43	3268.846871000
17		1358	3268.896584000
17		43	3268.908682000
17		1358	3268.954059000
17		43	3268.971144000
17		1358	3269.012727000
17		43	3269.033296000
17		1358	3269.069670000
17		43	3269.094933000
17		1358	3269.127084000
17		43	3269.157065000
17		1358	3269.184411000
17		43	3269.218736000
17		1358	3269.240928000
17		43	3269.280674000
17		1358	3269.297206000
17		43	3269.343072000
17		1358	3269.352573000
17		43	3269.405433000
17		1358	3269.410224000
17		1358	3269.466316000
17		43	3269.467175000
17		1358	3269.522863000
17		43	3269.528648000
17		1358	3269.581605000
17		43	3269.590889000
17		1358	3269.637589000
17		43	3269.653164000
17		1358	3269.695176000
17		43	3269.715372000
17		1358	3269.752416000
17		48	3269.777392000
17		35	3269.790657000
17		1358	3269.809456000
17		43	3269.838728000
17		1358	3269.866137000
17		43	3269.900809000
17		1358	3269.923898000
17		43	3269.962637000
17		1358	3269.978941000
17		43	3270.025022000
17		1358	3270.035792000
17		1358	3270.080511000
17		43	3270.087133000
17		1358	3270.126760000
17		43	3270.148845000
17		1358	3270.173740000
17		43	3270.211401000
17		43	3270.273026000
17		43	3270.335123000
17		43	3270.397231000
17		43	3270.459184000
17		43	3270.521448000
17		43	3270.582649000
17		1358	3270.583913000
17		43	3270.644664000
17		1358	3270.645488000
17		43	3270.707124000
17		1358	3270.708745000
17		43	3270.768995000
17		1358	3270.770354000
17		43	3270.830983000
17		1358	3270.832179000
17		43	3270.893443000
17		1358	3270.895031000
17		1358	3270.952452000
17		43	3270.955379000
17		1358	3271.009301000
17		48	3271.016745000
17		35	3271.030263000
17		1358	3271.065754000
17		43	3271.079541000
17		1358	3271.122658000
17		43	3271.140912000
17		1358	3271.179846000
17		43	3271.203003000
17		1358	3271.236846000
17		43	3271.265131000
17		1358	3271.281937000
17		43	3271.326987000
17		1358	3271.328537000
17		1358	3271.373149000
17		43	3271.389217000
17		1358	3271.418344000
17		43	3271.451363000
17		1358	3271.463831000
17		1358	3271.509644000
17		43	3271.513575000
17		1358	3271.555237000
17		43	3271.574666000
17		1358	3271.630745000
17		43	3271.637635000
17		43	3271.698927000
17		1358	3271.706933000
17		43	3271.761002000
17		1358	3271.782351000
17		43	3271.822990000
17		1358	3271.857902000
17		43	3271.884674000
17		1358	3271.915191000
17		43	3271.947137000
17		1358	3271.972384000
17		43	3272.009449000
17		1358	3272.029473000
17		43	3272.071564000
17		1358	3272.083495000
17		43	3272.133101000
17		1358	3272.140064000
17		43	3272.194690000
17		1358	3272.196266000
17		1358	3272.250716000
17		48	3272.257473000
17		35	3272.271343000
17		1358	3272.306664000
17		43	3272.319273000
6	0		3272.355250000
6	0		3272.355310000
17		1358	3272.362878000
6	0		3272.380769000
17		43	3272.382320000
6	41		3272.387056000
6	0		3272.411898000
6	21		3272.411933000
6	0		3272.411946000
6	1080		3272.413183000
17		1358	3272.417308000
6	0		3272.438025000
17		43	3272.443333000
6	440		3272.444302000
17		1358	3272.473709000
6	0		3272.486230000
17		43	3272.505001000
6	48		3272.511086000
6	0		3272.511124000
6	280		3272.517257000
17		1358	3272.529646000
6	0		3272.542140000
6	16		3272.551708000
17		43	3272.567697000
17		1358	3272.584954000
6	0		3272.594229000
6	52		3272.619141000
6	0		3272.619180000
6	52		3272.619289000
17		43	3272.629341000
17		1358	3272.640576000
6	84		3272.647303000
6	0		3272.690233000
17		43	3272.690705000
17		1358	3272.696708000
17		1358	3272.751014000
17		43	3272.752996000
17		1358	3272.807381000
17		43	3272.815429000
17		1358	3272.862997000
17		43	3272.877649000
17		1358	3272.918407000
17		43	3272.939314000
17		1358	3272.973661000
17		43	3273.000811000
17		1358	3273.030130000
17		43	3273.062953000
17		1358	3273.084691000
17		43	3273.125411000
17		1358	3273.141121000
17		43	3273.187127000
17		1358	3273.195491000
17		43	3273.249478000
17		1358	3273.251292000
17		1358	3273.306387000
17		43	3273.310693000
17		1358	3273.362975000
17		43	3273.372845000
17		1358	3273.417575000
17		43	3273.435398000
17		1358	3273.473691000
17		48	3273.497444000
17		35	3273.511923000
17		1358	3273.528792000
17		43	3273.558996000
17		1358	3273.584990000
17		43	3273.620979000
17		1358	3273.640053000
17		43	3273.683226000
17		1358	3273.694600000
17		1358	3273.739143000
17		43	3273.745215000
17		1358	3273.783584000
17		43	3273.807501000
17		1358	3273.827798000
17		43	3273.869081000
17		1358	3273.870424000
17		1358	3273.916605000
17		43	3273.931039000
17		870	3273.961196000
6	0		3273.979312000
6	0		3273.979390000
17		43	3273.992915000
6	0		3274.018609000
6	12		3274.018871000
17		43	3274.055510000
6	0		3274.057978000
6	12		3274.058029000
6	0		3274.058040000
6	1		3274.058222000
6	4		3274.058235000
6	32		3274.058245000
6	0		3274.058258000
6	0		3274.097372000
6	0		3274.097408000
6	0		3274.097438000
6	0		3274.097451000
17		43	3274.116797000
17		43	3274.178916000
17		43	3274.240976000
17		43	3274.303026000
17		1038	3274.364773000
17		41	3274.365448000
17		128	3274.366260000
17		1353	3274.366292000
17		1358	3274.366298000
17		1358	3274.366303000
17		1358	3274.366307000
17		1358	3274.366312000
17		1358	3274.366316000
17		1358	3274.366322000
17		1358	3274.366328000
17		1358	3274.366332000
17		1358	3274.420431000
17		1358	3274.473700000
17		49	3274.489224000
17		35	3274.503728000
17		43	3274.551365000
17		43	3274.613010000
17		43	3274.675080000
17		43	3274.736808000
17		1358	3274.738370000
6	68		3274.760346000
6	52		3274.785291000
6	0		3274.785333000
6	0		3274.785353000
6	0		3274.786798000
17		43	3274.799444000
17		1358	3274.800940000
6	0		3274.811629000
17		43	3274.860664000
17		1358	3274.862238000
17		43	3274.922993000
17		1358	3274.924991000
17		43	3274.984821000
17		1358	3274.986294000
17		43	3275.047278000
17		1358	3275.048883000
17		43	3275.109635000
17		1358	3275.111349000
17		43	3275.171331000
17		1358	3275.173023000
17		43	3275.233182000
17		1358	3275.234003000
17		43	3275.295251000
17		1358	3275.306624000
17		43	3275.357076000
17		1358	3275.378799000
17		43	3275.418861000
17		1358	3275.431960000
17		43	3275.481532000
17		1358	3275.483293000
17		1358	3275.537062000
17		43	3275.543345000
17		1358	3275.590021000
17		43	3275.605382000
17		1358	3275.644712000
17		43	3275.667505000
17		1358	3275.698792000
17		48	3275.729297000
17		35	3275.743354000
17		1358	3275.752570000
17		43	3275.791413000
17		1358	3275.806472000
17		43	3275.853260000
17		1358	3275.861003000
17		43	3275.916020000
17		1358	3275.917826000
17		43	3275.977599000
17		1358	3275.979244000
17		1358	3276.032724000
17		43	3276.038667000
17		1358	3276.086120000
17		43	3276.101375000
17		1358	3276.140552000
17		43	3276.162737000
17		1358	3276.184201000
17		43	3276.225017000
17		1358	3276.225746000
17		43	3276.286872000
17		1358	3276.297335000
17		43	3276.349253000
17		1358	3276.368994000
17		43	3276.410742000
17		1358	3276.422273000
17		43	3276.473507000
17		1358	3276.475169000
17		43	3276.534739000
17		1358	3276.536389000
17		43	3276.596752000
17		1358	3276.598406000
17		43	3276.658772000
17		1358	3276.660033000
17		43	3276.720842000
17		1358	3276.722456000
17		1358	3276.776555000
17		43	3276.783543000
17		1358	3276.828804000
17		43	3276.845030000
17		1358	3276.882762000
17		43	3276.907094000
17		1358	3276.936168000
17		48	3276.969264000
17		35	3276.982873000
17		1358	3276.990363000
17		43	3277.031589000
17		1358	3277.044971000
17		43	3277.092705000
17		1358	3277.099561000
17		43	3277.155458000
17		1358	3277.156986000
17		43	3277.216870000
17		1358	3277.219034000
17		43	3277.279265000
17		1358	3277.280869000
17		43	3277.341422000
17		1358	3277.352562000
17		43	3277.403345000
17		1358	3277.424467000
17		43	3277.465022000
17		1358	3277.478445000
17		43	3277.526884000
17		1358	3277.532944000
17		1358	3277.586504000
17		43	3277.588808000
17		1358	3277.638127000
17		43	3277.651557000
17		1358	3277.692240000
17		43	3277.713550000
17		1358	3277.745929000
17		43	3277.775424000
17		1358	3277.800625000
17		43	3277.837361000
17		1358	3277.853924000
17		43	3277.899031000
17		1358	3277.907947000
17		43	3277.961208000
17		1358	3277.962598000
17		43	3278.023211000
17		1358	3278.024883000
17		43	3278.084884000
17		1358	3278.086660000
17		43	3278.147201000
17		1358	3278.148830000
17		1358	3278.191911000
17		48	3278.209016000
17		35	3278.223759000
17		1358	3278.234348000
17		43	3278.271078000
17		1358	3278.278705000
17		43	3278.332636000
17		1358	3278.350840000
17		43	3278.395158000
17		1358	3278.422794000
17		43	3278.457483000
17		1358	3278.476566000
17		43	3278.519331000
17		1358	3278.530724000
17		43	3278.581005000
17		1358	3278.584699000
17		43	3278.643386000
17		1358	3278.645055000
17		43	3278.705240000
17		1358	3278.705858000
17		43	3278.767473000
17		1358	3278.769017000
17		43	3278.829189000
17		1358	3278.830109000
17		43	3278.891408000
17		1358	3278.892541000
17		1358	3278.946596000
17		43	3278.953516000
17		1358	3278.999946000
17		43	3279.015084000
17		1358	3279.053652000
17		43	3279.077385000
17		1358	3279.107751000
17		43	3279.139119000
17		1358	3279.161652000
17		43	3279.201406000
17		1358	3279.205515000
17		43	3279.263136000
17		1358	3279.265193000
17		43	3279.324841000
17		1358	3279.337153000
17		43	3279.386812000
17		1358	3279.408616000
17		48	3279.449532000
17		35	3279.463369000
17		1358	3279.463415000
17		43	3279.511058000
17		1358	3279.518689000
17		43	3279.572690000
17		1358	3279.574393000
17		1358	3279.629517000
17		43	3279.635097000
17		1358	3279.682064000
17		43	3279.696819000
17		1358	3279.736744000
17		43	3279.759354000
17		1358	3279.790999000
17		43	3279.821075000
17		1358	3279.844847000
17		43	3279.883801000
17		1358	3279.899623000
17		43	3279.944636000
17		1358	3279.953179000
17		43	3280.007509000
17		1358	3280.009172000
17		43	3280.069087000
17		1358	3280.070684000
17		43	3280.131703000
17		1358	3280.133295000
17		43	3280.193398000
17		1358	3280.194983000
17		43	3280.255224000
17		1358	3280.256060000
17		43	3280.316947000
17		1358	3280.327691000
17		43	3280.378781000
17		1358	3280.399916000
17		43	3280.441278000
17		1358	3280.453135000
17		43	3280.502981000
17		1358	3280.504251000
17		1358	3280.559007000
17		43	3280.564959000
17		1358	3280.612752000
17		43	3280.627395000
17		1358	3280.666461000
17		48	3280.689134000
17		35	3280.702431000
17		1358	3280.720425000
17		43	3280.751431000
17		1358	3280.774508000
17		43	3280.812992000
17		1358	3280.828301000
17		43	3280.874919000
17		1358	3280.882626000
17		43	3280.937586000
17		1358	3280.939174000
17		43	3280.998928000
17		228	3281.000585000
17		43	3281.061561000
17		43	3281.122810000
17		43	3281.185192000
17		43	3281.247366000
17		1037	3281.309135000
17		41	3281.309810000
17		129	3281.310429000
17		1353	3281.310498000
17		1358	3281.310504000
17		1358	3281.310509000
17		1358	3281.310513000
17		1358	3281.354043000
17		1358	3281.395985000
17		49	3281.433848000
17		1358	3281.438783000
17		43	3281.494830000
17		1358	3281.510165000
17		43	3281.557096000
17		1358	3281.581499000
17		43	3281.618823000
17		1358	3281.653586000
17		43	3281.680975000
17		1358	3281.706227000
17		43	3281.743236000
17		1358	3281.759475000
17		43	3281.804701000
17		1358	3281.813432000
17		1358	3281.865924000
17		43	3281.867000000
17		1358	3281.919156000
17		43	3281.929501000
17		1358	3281.973286000
17		43	3281.990866000
17		1358	3282.027063000
17		43	3282.052796000
17		1358	3282.081506000
17		43	3282.114681000
17		1358	3282.135416000
17		43	3282.177284000
17		1358	3282.189930000
17		43	3282.239221000
17		1358	3282.243689000
17		1358	3282.297624000
17		43	3282.301619000
17		1358	3282.350865000
17		43	3282.363241000
17		1358	3282.404976000
17		43	3282.425741000
17		1358	3282.448117000
17		43	3282.487802000
17		1358	3282.491589000
17		43	3282.549843000
17		1358	3282.562751000
17		43	3282.611411000
17		1358	3282.634011000
17		48	3282.673396000
17		35	3282.687034000
17		1358	3282.688057000
17		43	3282.734805000
17		1358	3282.741921000
17		43	3282.797535000
17		1358	3282.798933000
17		43	3282.859536000
17		1358	3282.861448000
17		43	3282.921483000
17		1358	3282.923161000
17		1358	3282.977185000
17		43	3282.983007000
17		1358	3283.030388000
17		43	3283.045489000
17		1358	3283.084061000
17		43	3283.107783000
17		1358	3283.138578000
17		43	3283.169402000
17		1358	3283.192133000
17		43	3283.230944000
17		1358	3283.246599000
17		43	3283.293432000
17		1358	3283.300594000
17		43	3283.354947000
17		1358	3283.356759000
17		43	3283.417338000
17		1358	3283.419047000
17		43	3283.479044000
17		1358	3283.480361000
17		43	3283.541350000
17		1358	3283.542564000
17		43	3283.603539000
17		1358	3283.614396000
17		43	3283.665121000
17		1358	3283.686597000
17		43	3283.726780000
17		1358	3283.740849000
17		43	3283.789196000
17		1358	3283.793919000
17		1358	3283.846205000
17		43	3283.851248000
17		1358	3283.900011000
17		48	3283.913588000
17		35	3283.928230000
17		1358	3283.953681000
17		43	3283.975384000
17		1358	3284.008030000
17		43	3284.036949000
17		1358	3284.062018000
17		43	3284.098679000
17		1358	3284.116410000
17		43	3284.161426000
17		1358	3284.170537000
17		43	3284.223385000
17		1358	3284.224989000
17		43	3284.285369000
17		1358	3284.286969000
17		43	3284.347176000
17		1358	3284.348634000
17		43	3284.409438000
17		1358	3284.411082000
17		1358	3284.464822000
17		43	3284.471155000
17		1358	3284.518190000
17		43	3284.533534000
17		43	3284.594720000
17		43	3284.656908000
17		1358	3284.658501000
17		43	3284.718948000
17		1358	3284.720327000
17		43	3284.781325000
17		1358	3284.782984000
17		43	3284.842723000
17		1358	3284.843518000
17		1358	3284.896708000
17		43	3284.905573000
17		1358	3284.949851000
17		43	3284.967383000
17		1358	3285.003473000
17		43	3285.029279000
17		1358	3285.056324000
17		43	3285.090884000
17		776	3285.090941000
17		35	3285.092666000
17		76	3285.101362000
17		33	3285.101413000
17		1358	3285.109437000
17		1358	3285.151338000
17		48	3285.152947000
17		35	3285.166984000
17		1358	3285.194034000
17		43	3285.214896000
17		1358	3285.236235000
17		43	3285.277283000
17		1358	3285.278913000
17		1358	3285.321065000
17		43	3285.339674000
17		43	3285.339703000
17		41	3285.339714000
17		1358	3285.363565000
17		33	3285.365357000
17		43	3285.400737000
17		1358	3285.435252000
17		43	3285.462903000
17		1358	3285.505780000
17		43	3285.525252000
17		1358	3285.575749000
17		43	3285.587310000
17		1358	3285.646057000
17		43	3285.649429000
17		43	3285.710700000
17		1358	3285.717198000
17		1358	3285.770342000
17		43	3285.772776000
17		1358	3285.823476000
17		43	3285.834988000
17		1358	3285.876321000
17		43	3285.896880000
17		1358	3285.929781000
17		43	3285.959512000
17		1358	3285.982958000
17		43	3286.021644000
17		1358	3286.036597000
17		43	3286.083542000
17		1358	3286.088867000
17		1358	3286.141909000
17		43	3286.145032000
17		1358	3286.196289000
17		43	3286.207317000
17		1358	3286.249771000
17		43	3286.268690000
17		1358	3286.303099000
17		43	3286.331106000
17		1358	3286.355802000
17		48	3286.393480000
17		35	3286.408119000
17		1358	3286.408743000
17		43	3286.455076000
17		1358	3286.461817000
17		1358	3286.515677000
17		43	3286.516996000
17		1358	3286.568834000
17		43	3286.578825000
17		1358	3286.622943000
17		43	3286.641055000
17		1358	3286.675705000
17		43	3286.703285000
17		1358	3286.728990000
17		43	3286.765220000
17		1358	3286.781465000
17		43	3286.827224000
17		1358	3286.835275000
17		1358	3286.888418000
17		43	3286.888831000
17		1358	3286.941113000
17		43	3286.950664000
17		1358	3286.994727000
17		43	3287.013558000
17		1358	3287.047204000
17		43	3287.074961000
17		1358	3287.100964000
17		43	3287.137574000
17		1358	3287.154157000
17		43	3287.199234000
17		1358	3287.206411000
17		1358	3287.259425000
17		43	3287.261561000
17		1358	3287.313907000
17		43	3287.322687000
17		1358	3287.355425000
17		43	3287.385237000
17		1358	3287.398412000
17		1358	3287.440795000
17		43	3287.446701000
17		1358	3287.483927000
17		43	3287.509066000
17		1358	3287.526354000
17		1358	3287.568208000
17		43	3287.571229000
17		1358	3287.611092000
17		48	3287.633392000
17		35	3287.647797000
17		1358	3287.682591000
17		43	3287.695420000
17		1358	3287.752614000
17		43	3287.756851000
17		43	3287.819131000
17		237	3287.823283000
17		43	3287.881231000
17		43	3287.942714000
17		43	3288.004807000
17		43	3288.066925000
17		43	3288.129326000
17		43	3288.191234000
17		1126	3288.253260000
17		41	3288.253893000
17		1358	3288.255826000
17		1358	3288.255859000
17		1358	3288.255864000
17		1358	3288.255869000
17		1358	3288.255874000
17		1358	3288.255879000
17		1358	3288.255884000
17		1358	3288.255889000
17		1358	3288.255893000
17		1358	3288.255897000
17		1358	3288.310639000
17		1358	3288.363472000
17		49	3288.376752000
17		35	3288.390492000
17		43	3288.439199000
17		43	3288.501339000
17		43	3288.563079000
17		43	3288.625047000
17		43	3288.687225000
17		1358	3288.688817000
17		43	3288.749511000
17		1358	3288.751590000
17		43	3288.811130000
17		1358	3288.812636000
17		43	3288.872888000
17		1358	3288.874460000
17		43	3288.935106000
17		41	3288.935132000
17		1358	3288.936736000
17		43	3288.996681000
17		1358	3288.998223000
17		43	3289.058882000
17		1358	3289.069629000
17		43	3289.121416000
17		1358	3289.142019000
17		43	3289.182985000
17		1358	3289.195616000
17		43	3289.245434000
17		1358	3289.249397000
17		1358	3289.302534000
17		43	3289.306931000
17		1358	3289.355831000
17		43	3289.369050000
17		1358	3289.410316000
17		43	3289.431234000
17		1358	3289.464448000
17		43	3289.492670000
17		1358	3289.517960000
17		43	3289.554853000
17		1358	3289.571961000
17		43	3289.616924000
17		1358	3289.626501000
17		43	3289.679285000
17		1358	3289.680903000
17		43	3289.741215000
17		1358	3289.743271000
17		43	3289.803588000
17		1358	3289.805489000
17		1358	3289.859424000
17		43	3289.864722000
17		1358	3289.913004000
17		43	3289.926989000
17		1358	3289.956937000
17		43	3289.989670000
17		1358	3290.000001000
6	0		3290.032288000
6	0		3290.032327000
17		43	3290.050865000
17		1358	3290.071766000
6	0		3290.099474000
6	0		3290.099535000
17		43	3290.113343000
6	0		3290.139109000
6	12		3290.139349000
17		1358	3290.143475000
17		48	3290.175096000
6	0		3290.178449000
6	12		3290.178481000
6	0		3290.178494000
6	1		3290.178650000
6	4		3290.178667000
6	32		3290.178675000
6	0		3290.178685000
17		35	3290.189256000
17		1358	3290.197218000
6	0		3290.217787000
6	0		3290.217825000
6	0		3290.217828000
6	0		3290.218016000
6	0		3290.218034000
17		43	3290.236794000
17		1358	3290.252050000
17		43	3290.298931000
17		1358	3290.306051000
17		43	3290.361359000
17		1358	3290.362970000
17		43	3290.423641000
17		1358	3290.425175000
17		43	3290.485594000
17		1358	3290.487188000
17		1358	3290.541754000
17		43	3290.547005000
17		1358	3290.594766000
17		43	3290.608971000
17		1358	3290.648865000
17		43	3290.671132000
17		1358	3290.702489000
17		43	3290.733133000
17		1358	3290.757328000
17		43	3290.795141000
17		1358	3290.811347000
17		43	3290.856931000
17		1358	3290.864645000
17		43	3290.918682000
17		1358	3290.920286000
17		43	3290.980974000
17		1358	3290.982557000
17		43	3291.042926000
17		1358	3291.054244000
17		43	3291.104739000
17		1358	3291.126569000
6	0		3291.134137000
6	0		3291.134196000
17		43	3291.166709000
17		1358	3291.180957000
6	0		3291.208764000
6	41		3291.215553000
17		43	3291.228895000
17		1358	3291.234657000
17		1358	3291.288717000
17		43	3291.291342000
6	0		3291.330692000
17		1358	3291.342587000
17		43	3291.353398000
6	21		3291.361168000
6	0		3291.361204000
6	1080		3291.362342000
17		1358	3291.396497000
17		48	3291.414830000
17		35	3291.429077000
17		1358	3291.451540000
17		43	3291.476789000
17		1358	3291.505882000
17		43	3291.538972000
17		1358	3291.560390000
17		43	3291.601192000
17		1358	3291.615633000
6	1080		3291.650233000
17		43	3291.662634000
17		1358	3291.670679000
17		43	3291.724927000
17		1358	3291.726539000
17		43	3291.787571000
17		1358	3291.788285000
6	440		3291.798713000
6	0		3291.842225000
17		43	3291.849186000
17		1358	3291.849892000
17		43	3291.911620000
17		1358	3291.913229000
17		43	3291.973105000
17		1358	3291.974605000
17		43	3292.035605000
17		1358	3292.047466000
6	0		3292.073202000
17		43	3292.097128000
17		1358	3292.118655000
17		43	3292.159215000
17		1358	3292.172636000
17		43	3292.221220000
17		1358	3292.225557000
17		1358	3292.280410000
17		43	3292.283044000
17		1358	3292.333973000
17		43	3292.344644000
17		1358	3292.388876000
17		43	3292.407757000
17		1358	3292.443686000
17		43	3292.469410000
17		1358	3292.497589000
17		43	3292.530859000
17		1358	3292.552343000
17		43	3292.592885000
17		1358	3292.607130000
17		48	3292.654910000
17		1358	3292.661937000
17		1358	3292.717002000
17		43	3292.717518000
17		1358	3292.770500000
17		43	3292.779172000
17		1358	3292.825295000
17		43	3292.840757000
17		1358	3292.880110000
17		43	3292.902677000
17		1358	3292.923605000
17		43	3292.965483000
17		1358	3292.967048000
17		43	3293.026962000
17		1358	3293.039963000
17		43	3293.089286000
17		1358	3293.111841000
17		43	3293.151555000
17		1358	3293.165866000
17		43	3293.213403000
6	0		3293.217071000
6	0		3293.217136000
17		1358	3293.220519000
17		43	3293.275074000
17		1358	3293.275984000
17		43	3293.336890000
17		1358	3293.337377000
17		43	3293.399322000
17		1358	3293.400847000
17		1358	3293.455116000
17		43	3293.460934000
17		1358	3293.509621000
17		43	3293.522733000
17		1358	3293.563931000
17		43	3293.585047000
17		1358	3293.618039000
17		43	3293.647793000
17		1179	3293.647818000
17		35	3293.648678000
17		107	3293.661840000
17		109	3293.662122000
17		1358	3293.672060000
17		43	3293.709434000
17		1358	3293.727029000
17		43	3293.770663000
17		1358	3293.781177000
17		43	3293.833363000
17		1358	3293.834980000
17		48	3293.895554000
17		1358	3293.897107000
17		43	3293.957344000
17		1358	3293.958450000
17		43	3294.018773000
17		43	3294.018798000
17		41	3294.018804000
17		1358	3294.031045000
17		33	3294.044391000
17		43	3294.080970000
17		1358	3294.104288000
17		43	3294.142731000
17		1358	3294.158652000
17		43	3294.205578000
17		1358	3294.213597000
17		43	3294.267217000
17		1358	3294.268717000
17		1358	3294.324130000
17		43	3294.329140000
17		1358	3294.378070000
17		43	3294.391025000
17		1358	3294.432573000
17		43	3294.453451000
17		1358	3294.487124000
17		43	3294.514943000
17		1358	3294.542002000
17		43	3294.577840000
17		1358	3294.597263000
17		43	3294.638883000
17		1358	3294.652567000
17		43	3294.701423000
17		1358	3294.708292000
17		43	3294.763208000
17		1358	3294.764776000
17		43	3294.825304000
17		1358	3294.826045000
17		43	3294.887161000
17		1358	3294.888701000
17		43	3294.949215000
17		1358	3294.949923000
17		43	3295.011114000
17		1358	3295.022846000
17		43	3295.073520000
17		732	3295.073557000
17		35	3295.074483000
17		74	3295.082818000
17		33	3295.082867000
17		1358	3295.095508000
17		48	3295.135261000
17		35	3295.149103000
17		1358	3295.149577000
17		43	3295.196836000
17		1358	3295.203566000
17		1358	3295.257953000
17		43	3295.258810000
17		1358	3295.311723000
17		43	3295.321370000
17		1358	3295.367320000
17		43	3295.382959000
17		43	3295.382986000
17		41	3295.382994000
17		33	3295.408662000
17		1358	3295.422001000
17		43	3295.445610000
17		1358	3295.476787000
17		43	3295.506999000
17		1358	3295.532457000
17		43	3295.569590000
17		1358	3295.587466000
17		43	3295.630760000
17		1358	3295.642843000
17		43	3295.692767000
17		1358	3295.697468000
17		43	3295.755101000
17		1358	3295.756633000
17		43	3295.817311000
17		1358	3295.818879000
17		43	3295.878933000
17		1358	3295.880360000
17		1358	3295.923899000
17		43	3295.941105000
17		1358	3295.967718000
17		43	3296.003200000
17		1358	3296.040831000
17		43	3296.065575000
17		1358	3296.113325000
17		43	3296.127500000
17		1358	3296.168813000
17		43	3296.188660000
17		1358	3296.223682000
17		43	3296.251066000
17		1358	3296.278678000
17		43	3296.313470000
17		1358	3296.333133000
17		48	3296.375145000
17		1358	3296.389074000
17		43	3296.437384000
17		1358	3296.444037000
17		43	3296.499321000
17		1358	3296.500532000
17		43	3296.561301000
17		1358	3296.562896000
17		1358	3296.617439000
17		43	3296.622685000
17		1358	3296.672087000
17		43	3296.684946000
17		1358	3296.727211000
17		43	3296.746663000
17		1358	3296.782076000
17		43	3296.809514000
17		1358	3296.836787000
17		43	3296.871359000
17		1358	3296.880452000
17		43	3296.933201000
17		1358	3296.934800000
17		43	3296.994735000
17		1358	3297.006994000
17		43	3297.057482000
17		1073	3297.079819000
17		43	3297.119405000
17		43	3297.181251000
17		43	3297.243277000
17		43	3297.305465000
17		43	3297.366742000
17		1126	3297.428714000
17		41	3297.429304000
17		1358	3297.430228000
17		1358	3297.430255000
17		1358	3297.430261000
17		1358	3297.430268000
17		1358	3297.430272000
17		1358	3297.484311000
17		1358	3297.538255000
17		49	3297.553324000
17		35	3297.567905000
17		1358	3297.590608000
17		43	3297.615507000
17		1358	3297.645366000
17		43	3297.676986000
17		1358	3297.698568000
17		43	3297.739538000
17		1358	3297.753084000
17		43	3297.800790000
17		1358	3297.807184000
17		43	3297.863257000
17		1358	3297.864384000
17		43	3297.925513000
17		1358	3297.927896000
17		43	3297.986688000
17		1358	3298.000277000
17		43	3298.049382000
17		1358	3298.071385000
17		43	3298.110994000
17		1358	3298.125563000
17		43	3298.173228000
17		1358	3298.180215000
17		43	3298.234950000
17		1358	3298.236498000
17		43	3298.296729000
17		1358	3298.297867000
17		1358	3298.352173000
17		43	3298.358851000
17		1358	3298.406006000
17		43	3298.421721000
17		43	3298.483511000
17		43	3298.544645000
17		1358	3298.546198000
17		43	3298.606720000
17		1358	3298.608300000
17		43	3298.669607000
17		1358	3298.671594000
17		43	3298.730751000
17		1358	3298.733038000
17		1358	3298.787215000
17		48	3298.792906000
17		35	3298.806771000
17		1358	3298.840634000
17		43	3298.855515000
17		1358	3298.893899000
17		43	3298.917060000
17		1358	3298.947592000
17		43	3298.979484000
17		1358	3298.999838000
17		43	3299.041123000
17		1358	3299.053476000
17		43	3299.103216000
17		1358	3299.104834000
17		1358	3299.159733000
17		43	3299.164987000
17		1358	3299.212374000
17		43	3299.227157000
17		1358	3299.266284000
17		43	3299.289591000
17		1358	3299.319566000
17		43	3299.350899000
17		1358	3299.371622000
17		43	3299.413377000
17		1358	3299.425210000
17		43	3299.474897000
17		1358	3299.477828000
17		1358	3299.531532000
17		43	3299.537448000
17		1358	3299.584554000
17		43	3299.598765000
17		1358	3299.637238000
17		43	3299.660875000
17		1358	3299.691624000
17		43	3299.723583000
17		1358	3299.744449000
17		43	3299.785092000
17		1358	3299.797807000
17		43	3299.846670000
17		1358	3299.850782000
17		1358	3299.903324000
17		43	3299.908970000
17		1358	3299.956747000
17		43	3299.971562000
17		1358	3300.009188000
17		48	3300.033053000
17		35	3300.046532000
17		1358	3300.063101000
17		43	3300.095331000
17		1358	3300.115505000
17		43	3300.156663000
17		1358	3300.168992000
17		43	3300.218997000
17		1358	3300.220511000
17		1358	3300.263535000
17		43	3300.281460000
17		1358	3300.307308000
17		43	3300.343475000
17		1358	3300.348387000
17		1358	3300.391894000
17		43	3300.405484000
17		1358	3300.433684000
17		43	3300.467255000
17		1358	3300.476350000
17		43	3300.529194000
17		1358	3300.546190000
17		43	3300.591164000
17		1358	3300.617162000
17		43	3300.653729000
17		1358	3300.687936000
17		43	3300.715529000
17		1358	3300.759466000
17		43	3300.777265000
17		1358	3300.812224000
17		1358	3300.864748000
17		1358	3300.918733000
17		43	3300.964533000
17		1358	3300.971289000
17		1358	3301.024454000
17		1358	3301.076333000
17		1358	3301.130049000
17		43	3301.151302000
17		1358	3301.183317000
17		43	3301.338632000
17		1358	3301.339302000
17		43	3301.525171000
17		1358	3301.526987000
17		43	3301.712472000
17		1358	3301.714404000
17		1358	3301.767965000
17		43	3301.898891000
17		1358	3301.900411000
6	0		3301.940732000
6	0		3301.940777000
17		43	3302.086510000
17		1358	3302.087836000
17		48	3302.272924000
17		1358	3302.274419000
17		43	3302.460386000
17		1358	3302.461917000
17		43	3302.647624000
17		41	3302.647671000
17		1358	3302.649199000
17		43	3302.834452000
17		1358	3302.835669000
17		43	3303.021628000
17		1358	3303.023278000
17		43	3303.208224000
17		1358	3303.209835000
17		43	3303.394797000
17		1358	3303.395828000
17		43	3303.582572000
17		41	3303.582595000
17		1358	3303.584238000
17		43	3303.769370000
17		1358	3303.771007000
17		1358	3303.824319000
17		43	3303.955894000
17		1358	3303.957413000
17		43	3304.142877000
17		1358	3304.144465000
17		43	3304.330064000
17		1358	3304.331996000
17		43	3304.516904000
17		1358	3304.517857000
17		43	3304.704576000
17		1358	3304.705984000
17		43	3304.891318000
17		1358	3304.892398000
17		43	3305.078453000
17		1358	3305.079898000
17		43	3305.264755000
17		1358	3305.266369000
17		43	3305.452308000
17		1358	3305.453902000
17		43	3305.639156000
17		1358	3305.640888000
17		43	3305.826679000
17		1358	3305.828349000
17		43	3306.013428000
17		1358	3306.014884000
17		1358	3306.057980000
17		43	3306.199799000
17		1358	3306.201370000
6	0		3306.219834000
6	0		3306.219886000
6	0		3306.259200000
6	12		3306.259397000
6	0		3306.298424000
6	12		3306.298463000
6	0		3306.298477000
6	1		3306.298622000
6	4		3306.298635000
6	32		3306.298654000
6	0		3306.298668000
6	0		3306.337687000
6	0		3306.337730000
6	0		3306.337734000
6	0		3306.337854000
6	0		3306.337868000
17		43	3306.387433000
17		1358	3306.389048000
17		43	3306.573818000
17		1358	3306.574945000
17		43	3306.761773000
17		1358	3306.763012000
17		43	3306.948444000
17		1358	3306.949890000
17		43	3307.135817000
17		1358	3307.137552000
17		43	3307.322673000
17		1358	3307.324315000
17		43	3307.509287000
17		1358	3307.510810000
17		43	3307.695779000
17		1358	3307.697018000
17		43	3307.883288000
17		1358	3307.884214000
17		43	3308.070474000
17		1358	3308.071965000
17		1358	3308.125804000
17		48	3308.257524000
17		1358	3308.259712000
17		43	3308.444418000
17		1358	3308.446133000
17		43	3308.631206000
17		1358	3308.633177000
17		43	3308.817835000
17		1358	3308.819357000
17		43	3309.005639000
17		43	3309.191972000
6	0		3309.293384000
6	0		3309.293435000
17		43	3309.379195000
17		43	3309.566399000
17		43	3309.753647000
17		43	3309.939930000
17		43	3310.127223000
17		1358	3310.128997000
17		43	3310.313974000
17		1358	3310.315597000
17		43	3310.501630000
17		1358	3310.502775000
17		43	3310.688023000
17		1358	3310.689639000
17		1358	3310.743232000
17		1358	3310.796275000
17		1358	3310.849845000
17		43	3310.875150000
17		1358	3310.902465000
17		1358	3310.955490000
17		1358	3311.009305000
17		43	3311.062388000
17		1358	3311.062410000
17		1358	3311.114108000
17		1358	3311.167951000
17		1358	3311.220545000
17		43	3311.249151000
17		1358	3311.273990000
17		1358	3311.327140000
17		1358	3311.380348000
17		1358	3311.433030000
17		43	3311.436198000
17		1358	3311.486427000
17		1358	3311.539813000
17		43	3311.623561000
17		1358	3311.625085000
17		1358	3311.679167000
17		43	3311.810252000
17		1358	3311.811361000
17		1358	3311.865221000
17		48	3311.997223000
17		1358	3311.998797000
17		1358	3312.053024000
17		43	3312.183954000
17		1358	3312.185324000
17		1358	3312.239015000
17		43	3312.371463000
17		1358	3312.372061000
17		1358	3312.425571000
17		1358	3312.478827000
17		1358	3312.532493000
17		43	3312.558700000
17		1358	3312.585467000
17		1358	3312.639580000
17		43	3312.745012000
17		1358	3312.745972000
17		1358	3312.800222000
17		43	3312.932271000
17		1358	3312.933894000
17		1358	3312.988169000
17		43	3313.118912000
17		1358	3313.120525000
17		1358	3313.173765000
17		43	3313.306673000
17		1358	3313.308495000
17		1358	3313.362111000
17		43	3313.493801000
17		1358	3313.495359000
17		1358	3313.549447000
17		43	3313.680590000
17		1358	3313.682031000
17		1358	3313.735942000
17		43	3313.867029000
17		1358	3313.868611000
17		1358	3313.922320000
17		43	3314.054553000
17		1358	3314.056303000
17		1358	3314.110162000
17		43	3314.240978000
17		1358	3314.241941000
17		1358	3314.295833000
17		43	3314.428165000
17		1358	3314.429722000
17		1358	3314.484279000
17		1166	3314.536479000
17		43	3314.615081000
17		43	3314.802264000
17		43	3314.989053000
17		41	3314.989075000
17		37	3314.990396000
17		43	3315.176247000
17		586	3315.176284000
17		35	3315.177911000
17		76	3315.187263000
17		33	3315.187426000
17		43	3315.363708000
17		43	3315.549923000
17		43	3315.736818000
17		586	3315.736852000
17		33	3315.737328000
17		43	3315.924540000
17		33	3315.937758000
17		43	3316.111441000
17		43	3316.298220000
17		43	3316.485569000
17		43	3316.671858000
17		43	3316.859069000
17		43	3317.046261000
6	0		3317.046298000
17		586	3317.046307000
17		35	3317.047052000
6	0		3317.047612000
17		43	3317.233332000
6	0		3317.233377000
6	0		3317.233882000
17		43	3317.420194000
17		76	3317.458040000
17		43	3317.607557000
17		43	3317.794614000
17		43	3317.981483000
6	0		3317.981516000
6	0		3317.981958000
17		43	3318.168141000
6	0		3318.293181000
17		43	3318.355485000
6	0		3318.355516000
6	0		3318.355988000
17		43	3318.541769000
17		48	3318.729783000
17		37	3318.744346000
17		43	3318.916004000
6	0		3318.990666000
17		43	3319.103033000
17		43	3319.289757000
17		43	3319.477494000
17		43	3319.664342000
17		586	3319.664372000
17		37	3319.664881000
17		43	3319.850980000
17		1035	3320.038524000
6	0		3320.038550000
6	0		3320.038987000
17		43	3320.039109000
17		1358	3320.041125000
17		1358	3320.092130000
17		1358	3320.141384000
17		1358	3320.191503000
17		43	3320.224873000
17		1358	3320.241213000
17		1358	3320.290212000
17		1358	3320.339706000
17		1358	3320.389696000
6	0		3320.405220000
6	0		3320.412488000
6	0		3320.412512000
6	0		3320.412519000
6	0		3320.412607000
17		43	3320.412621000
17		41	3320.412628000
17		43	3320.412634000
6	300		3320.412639000
17		43	3320.412644000
6	0		3320.413014000
17		33	3320.413099000
6	2840		3320.416608000
6	1420		3320.416650000
6	1695		3320.416654000
17		1358	3320.439300000
17		1358	3320.522720000
17		49	3320.599555000
17		1358	3320.605149000
17		1358	3320.688350000
17		1358	3320.771741000
17		43	3320.786595000
17		1358	3320.853208000
17		1358	3320.916464000
17		43	3320.973141000
17		1358	3320.978269000
17		1358	3321.040416000
17		43	3321.159783000
17		1358	3321.161406000
17		43	3321.347052000
17		1358	3321.348665000
17		43	3321.534067000
17		1358	3321.535717000
6	48		3321.663186000
6	280		3321.667349000
6	0		3321.668702000
6	0		3321.690838000
6	0		3321.692044000
17		43	3321.721187000
17		1358	3321.723096000
6	0		3321.866865000
6	0		3321.866919000
6	0		3321.908380000
17		43	3321.908416000
17		1358	3321.909523000
6	0		3322.058021000
6	41		3322.064249000
6	0		3322.095078000
6	0		3322.255084000
6	21		3322.263237000
6	0		3322.263277000
6	1080		3322.264288000
6	0		3322.274905000
6	0		3322.274971000
6	0		3322.282360000
6	0		3322.339437000
6	0		3322.339504000
6	0		3322.378799000
6	12		3322.379043000
6	0		3322.416118000
6	0		3322.418006000
6	12		3322.418042000
6	0		3322.418056000
6	1		3322.418360000
6	4		3322.418380000
6	32		3322.418391000
6	0		3322.418403000
6	41		3322.422537000
6	0		3322.457416000
6	0		3322.457525000
6	0		3322.457635000
6	0		3322.457659000
6	0		3322.457683000
6	440		3322.460006000
6	0		3322.469701000
6	0		3322.502225000
6	0		3322.656703000
6	0		3322.656727000
6	48		3322.693033000
6	0		3322.693077000
6	280		3322.699216000
17		43	3322.843213000
17		1358	3322.844787000
6	16		3322.893840000
6	41		3322.914232000
6	0		3322.934224000
6	21		3322.971485000
6	0		3322.971540000
6	1080		3322.972811000
17		43	3323.029887000
17		1358	3323.031909000
6	0		3323.064082000
6	0		3323.112392000
6	52		3323.125172000
6	0		3323.125212000
6	52		3323.125301000
17		43	3323.217333000
17		1358	3323.218928000
6	84		3323.322349000
6	0		3323.366220000
17		43	3323.404697000
17		1358	3323.406913000
6	48		3323.534946000
6	0		3323.534983000
17		43	3323.591707000
17		1358	3323.593178000
17		1358	3323.656652000
6	440		3323.719727000
6	0		3323.719769000
6	280		3323.723813000
17		43	3323.778643000
17		1358	3323.780056000
6	16		3323.885818000
6	0		3323.926202000
17		43	3323.965235000
17		1358	3323.966550000
6	52		3324.075944000
6	0		3324.075981000
6	52		3324.076072000
17		43	3324.152416000
17		1358	3324.154023000
6	100		3324.219382000
6	0		3324.262211000
17		43	3324.339250000
17		1358	3324.340596000
17		43	3324.526540000
17		1358	3324.528223000
17		43	3324.713166000
17		1358	3324.715420000
17		43	3324.900598000
17		1358	3324.902299000
17		1358	3325.087664000
17		88	3325.087698000
17		1358	3325.096809000
17		630	3325.096846000
17		34	3325.120955000
17		48	3325.273947000
17		43	3325.273972000
17		35	3325.288665000
6	68		3325.440142000
17		43	3325.461428000
6	52		3325.634821000
6	0		3325.634871000
6	0		3325.634894000
6	0		3325.636364000
17		43	3325.648135000
6	68		3325.805390000
6	0		3325.827163000
17		43	3325.835308000
6	52		3325.962992000
6	0		3325.963041000
6	0		3325.964404000
17		43	3326.022744000
6	0		3326.112072000
17		43	3326.208982000
17		1358	3326.210581000
6	0		3326.319252000
6	0		3326.319298000
17		43	3326.396386000
17		1358	3326.398072000
17		43	3326.583193000
17		1358	3326.585285000
17		43	3326.770422000
17		1358	3326.771671000
17		43	3326.957602000
17		1358	3326.959093000
17		43	3327.144301000
17		1358	3327.146007000
17		43	3327.331387000
17		1358	3327.333544000
17		86	3327.518520000
17		41	3327.518544000
17		1171	3327.518549000
17		101	3327.519240000
17		33	3327.519536000
17		33	3327.519592000
17		516	3327.530287000
17		201	3327.530331000
17		159	3327.530409000
17		43	3327.705255000
17		1358	3327.706850000
17		43	3327.891853000
17		1358	3327.893465000
17		43	3328.079372000
17		1358	3328.081014000
17		43	3328.265899000
17		1358	3328.267465000
17		43	3328.453431000
17		1358	3328.455949000
17		43	3328.640391000
17		1358	3328.676912000
17		42	3328.828030000
17		43	3328.828057000
17		43	3328.828066000
17		41	3328.828072000
17		33	3328.853743000
17		1358	3328.897959000
17		48	3329.014274000
17		41	3329.014300000
17		35	3329.028996000
17		737	3329.064481000
17		43	3329.201501000
17		43	3329.388709000
17		43	3329.575407000
17		43	3329.762505000
17		43	3329.948717000
17		1119	3329.948743000
17		34	3329.949341000
17		156	3329.950082000
17		1353	3329.993626000
17		43	3330.136006000
17		1358	3330.159107000
17		49	3330.323210000
17		1358	3330.324865000
17		1358	3330.488789000
17		43	3330.510768000
17		1358	3330.654408000
17		43	3330.697566000
17		1358	3330.818988000
17		43	3330.883977000
17		1358	3330.943971000
17		1358	3331.069366000
17		43	3331.070662000
17		1358	3331.193940000
17		43	3331.257877000
17		1358	3331.318774000
6	0		3331.358691000
6	0		3331.358740000
17		1358	3331.444235000
17		43	3331.445116000
17		1358	3331.569906000
17		43	3331.632491000
17		1358	3331.693934000
17		1358	3331.794242000
17		43	3331.819266000
17		1358	3331.895206000
17		1358	3331.994003000
17		43	3332.006685000
17		1358	3332.094176000
17		43	3332.193470000
17		1358	3332.261471000
17		43	3332.380505000
17		1358	3332.427434000
17		1358	3332.552978000
17		43	3332.567216000
17		1358	3332.678137000
17		43	3332.754593000
17		1358	3332.803846000
17		1358	3332.927969000
17		43	3332.941590000
17		1358	3333.053590000
17		43	3333.128453000
17		1358	3333.178603000
17		1358	3333.303000000
17		43	3333.314795000
17		1358	3333.427917000
17		43	3333.502305000
17		1358	3333.554365000
17		43	3333.689309000
17		1358	3333.691394000
17		43	3333.875842000
17		1358	3333.877549000
17		48	3334.062818000
17		1358	3334.064400000
17		43	3334.249917000
17		1358	3334.251491000
17		43	3334.436930000
17		1358	3334.438506000
6	0		3334.555762000
6	0		3334.555830000
17		43	3334.623941000
17		1358	3334.625881000
6	0		3334.640267000
6	41		3334.646582000
6	0		3334.730777000
6	21		3334.730824000
6	0		3334.730840000
6	1080		3334.732069000
17		43	3334.811271000
17		1358	3334.812845000
6	0		3334.816167000
6	440		3334.816229000
6	0		3334.858236000
17		1358	3334.914236000
6	48		3334.942410000
6	0		3334.942454000
6	280		3334.946728000
17		43	3334.998396000
17		1358	3335.014171000
6	0		3335.030824000
6	16		3335.035844000
6	0		3335.078223000
6	52		3335.162380000
6	0		3335.162435000
6	52		3335.162538000
17		43	3335.184739000
17		653	3335.184771000
17		686	3335.184779000
17		1358	3335.186323000
17		37	3335.186587000
17		33	3335.186601000
17		33	3335.186605000
17		76	3335.194964000
17		33	3335.194999000
17		45	3335.195753000
17		33	3335.196203000
6	84		3335.246645000
6	0		3335.290235000
17		43	3335.371934000
17		1358	3335.373807000
17		43	3335.558600000
17		1358	3335.560209000
17		43	3335.746288000
6	0		3335.746312000
6	0		3335.746340000
17		1358	3335.747813000
17		43	3335.933797000
17		1358	3335.935480000
17		43	3336.120506000
17		1358	3336.121254000
17		43	3336.307167000
17		1358	3336.308826000
17		43	3336.493814000
17		1358	3336.495461000
17		43	3336.681636000
17		1358	3336.683379000
17		41	3336.868576000
17		43	3336.868601000
17		43	3336.868609000
17		43	3336.868616000
17		41	3336.868621000
17		765	3336.868630000
17		33	3336.869858000
17		33	3336.869889000
17		1358	3336.870389000
17		107	3336.882040000
17		132	3336.882082000
17		43	3337.055280000
17		1358	3337.056958000
17		43	3337.242568000
17		1358	3337.243502000
17		43	3337.429664000
17		1358	3337.431261000
17		43	3337.615916000
17		1358	3337.617529000
17		1358	3337.718627000
17		48	3337.802968000
17		35	3337.817006000
17		1358	3337.818422000
17		43	3337.990083000
17		1358	3337.991674000
6	68		3338.013208000
6	52		3338.097402000
6	0		3338.097452000
6	0		3338.097477000
6	0		3338.098860000
17		43	3338.177123000
17		41	3338.177160000
17		1358	3338.178768000
6	0		3338.182933000
17		44	3338.364583000
17		43	3338.364618000
17		41	3338.364629000
17		1358	3338.366501000
17		33	3338.390575000
17		43	3338.551668000
17		1358	3338.553258000
17		43	3338.738128000
17		1358	3338.739747000
17		43	3338.925780000
17		1358	3338.927134000
17		43	3339.112601000
17		1358	3339.114864000
17		43	3339.299773000
17		1358	3339.300514000
17		43	3339.486647000
17		1358	3339.488201000
17		43	3339.673154000
17		1358	3339.674665000
17		43	3339.860379000
17		1358	3339.861955000
17		43	3340.047177000
17		1358	3340.048796000
17		43	3340.234546000
17		1358	3340.236220000
17		43	3340.421370000
17		1358	3340.423623000
17		43	3340.608074000
17		1358	3340.609761000
17		1358	3340.711565000
6	0		3340.742478000
6	0		3340.742525000
17		43	3340.795282000
17		43	3340.982148000
17		43	3341.169585000
17		43	3341.355861000
17		48	3341.543216000
17		1358	3341.544440000
17		43	3341.730340000
17		1358	3341.731672000
6	0		3341.841341000
6	0		3341.841407000
17		43	3341.917139000
17		1358	3341.918729000
17		43	3342.104562000
17		1358	3342.106210000
6	0		3342.130588000
6	41		3342.136152000
17		1358	3342.232171000
17		43	3342.291534000
17		1358	3342.356690000
6	0		3342.423879000
6	21		3342.427173000
6	0		3342.427215000
6	1080		3342.428434000
17		43	3342.478577000
17		1358	3342.482150000
17		1358	3342.606552000
17		43	3342.665239000
6	0		3342.716320000
6	440		3342.716360000
17		1358	3342.732269000
6	0		3342.758207000
17		43	3342.852453000
17		1358	3342.857365000
17		1358	3342.982534000
17		43	3343.039662000
6	48		3343.045792000
6	0		3343.045836000
6	280		3343.051245000
17		1358	3343.107073000
17		43	3343.225966000
17		1358	3343.232184000
6	0		3343.339294000
17		1358	3343.357570000
6	16		3343.370524000
17		43	3343.413370000
6	0		3343.414195000
17		1358	3343.482941000
17		43	3343.599913000
17		1358	3343.607656000
6	52		3343.701921000
6	0		3343.701959000
6	52		3343.702049000
17		1358	3343.732601000
17		43	3343.787422000
17		1358	3343.857900000
17		43	3343.974087000
17		1358	3343.982288000
6	84		3343.989502000
6	0		3344.030231000
17		1358	3344.142630000
17		43	3344.161091000
17		1358	3344.302884000
17		43	3344.348250000
17		1358	3344.463411000
17		43	3344.535414000
17		1358	3344.623537000
17		43	3344.721947000
17		1358	3344.784092000
17		43	3344.909307000
17		1358	3344.943125000
17		43	3345.095803000
17		1358	3345.103570000
17		1358	3345.264327000
17		48	3345.283562000
17		35	3345.297679000
17		1358	3345.424985000
6	0		3345.429901000
6	0		3345.429958000
17		43	3345.469898000
6	0		3345.526461000
6	0		3345.526518000
17		1358	3345.584561000
17		43	3345.657568000
6	0		3345.668339000
6	41		3345.675800000
17		1358	3345.744977000
6	0		3345.817494000
6	21		3345.821701000
6	0		3345.821747000
6	1080		3345.823018000
17		43	3345.844163000
6	68		3345.850561000
17		1358	3345.905700000
6	0		3345.964583000
6	440		3345.964743000
6	0		3346.006233000
17		43	3346.031567000
17		1358	3346.065757000
6	52		3346.137787000
6	0		3346.137831000
6	0		3346.138845000
6	0		3346.139396000
6	48		3346.147668000
6	0		3346.147714000
6	280		3346.153627000
17		43	3346.218558000
17		1358	3346.224823000
6	0		3346.295098000
17		1358	3346.385621000
6	16		3346.398125000
17		43	3346.405537000
6	0		3346.427635000
6	0		3346.438254000
6	0		3346.460405000
6	0		3346.460468000
6	0		3346.499564000
6	12		3346.499887000
6	0		3346.539110000
6	12		3346.539154000
6	0		3346.539166000
6	1		3346.539335000
6	4		3346.539349000
6	32		3346.539359000
6	0		3346.539368000
17		1358	3346.545735000
6	0		3346.578108000
6	0		3346.578142000
6	0		3346.578145000
6	0		3346.578148000
6	0		3346.578159000
6	52		3346.579675000
6	0		3346.579706000
6	52		3346.579794000
17		43	3346.592443000
17		1358	3346.706175000
6	0		3346.721229000
6	100		3346.721265000
6	0		3346.762228000
17		43	3346.779500000
17		1358	3346.833573000
17		1358	3346.962666000
17		43	3346.966641000
17		1358	3347.090626000
17		43	3347.153316000
17		1358	3347.219497000
17		43	3347.340124000
17		1358	3347.348077000
17		43	3347.527040000
17		1358	3347.561952000
17		43	3347.714667000
17		1358	3347.776461000
17		43	3347.900839000
17		1358	3347.990171000
17		43	3348.088285000
17		1358	3348.203270000
17		43	3348.275557000
17		1358	3348.363060000
17		43	3348.461756000
17		1358	3348.523800000
17		43	3348.649184000
17		1358	3348.683424000
17		43	3348.836277000
17		1358	3348.843629000
6	68		3348.994493000
17		1358	3349.003489000
17		48	3349.023129000
17		35	3349.037647000
6	52		3349.136055000
6	0		3349.136107000
6	0		3349.136126000
6	0		3349.137511000
17		1358	3349.164621000
17		43	3349.209858000
6	0		3349.278867000
17		1358	3349.325398000
17		43	3349.397402000
17		1358	3349.490797000
17		43	3349.583892000
17		1358	3349.655669000
17		43	3349.771460000
17		1358	3349.820067000
17		43	3349.958264000
17		1358	3349.984720000
17		43	3350.145718000
17		1358	3350.147630000
6	0		3350.320247000
6	0		3350.320292000
17		43	3350.332620000
17		1358	3350.334225000
6	0		3350.413708000
17		43	3350.519696000
17		1358	3350.521047000
17		43	3350.707026000
17		1358	3350.708581000
17		43	3350.893611000
17		1358	3350.894539000
17		43	3351.080378000
17		1358	3351.081868000
17		43	3351.267127000
17		1358	3351.268775000
17		43	3351.454562000
17		1358	3351.456137000
17		1358	3351.621403000
17		43	3351.641473000
17		1358	3351.784379000
17		43	3351.828114000
17		1358	3351.948734000
17		43	3352.014993000
17		1358	3352.112944000
6	0		3352.202647000
17		43	3352.202683000
17		1358	3352.276966000
17		43	3352.388910000
17		1358	3352.440749000
17		43	3352.576715000
17		1358	3352.604889000
17		48	3352.763336000
17		1358	3352.764964000
17		43	3352.950381000
17		43	3353.137672000
17		43	3353.323999000
17		43	3353.511132000
17		43	3353.698254000
17		43	3353.885512000
17		1358	3353.887198000
17		43	3354.072614000
17		1358	3354.073779000
17		43	3354.258867000
17		1358	3354.260500000
17		43	3354.446270000
17		1358	3354.447960000
6	0		3354.580131000
6	0		3354.580189000
6	0		3354.620024000
6	12		3354.620279000
17		43	3354.633215000
17		1358	3354.634787000
6	0		3354.659777000
6	12		3354.659808000
6	0		3354.659819000
6	1		3354.659968000
6	4		3354.659985000
6	32		3354.659994000
6	0		3354.660005000
6	0		3354.699633000
6	0		3354.699689000
6	0		3354.699693000
6	0		3354.699776000
6	0		3354.699791000
17		43	3354.820536000
17		1358	3354.822227000
17		1358	3354.986695000
17		43	3355.007472000
17		1358	3355.150588000
17		43	3355.194308000
17		1358	3355.313478000
17		43	3355.381139000
17		1358	3355.477649000
17		43	3355.568001000
17		1358	3355.642104000
17		43	3355.755203000
17		1358	3355.805617000
17		43	3355.942697000
17		1358	3355.969140000
17		43	3356.129252000
17		1358	3356.130861000
17		1358	3356.296413000
17		43	3356.316629000
17		1358	3356.460531000
17		48	3356.503243000
17		35	3356.517326000
17		1358	3356.623204000
17		43	3356.690193000
17		1358	3356.787034000
6	0		3356.844157000
6	0		3356.844217000
17		43	3356.877639000
17		1358	3356.950845000
17		43	3357.064551000
6	0		3357.103293000
6	41		3357.108847000
17		1358	3357.114501000
17		43	3357.251447000
17		1358	3357.278408000
6	0		3357.367494000
6	21		3357.382006000
6	0		3357.382047000
6	1080		3357.383024000
17		43	3357.438705000
17		1358	3357.440292000
17		1358	3357.605554000
17		43	3357.625236000
6	440		3357.650020000
6	0		3357.690229000
17		1358	3357.769507000
6	0		3357.796215000
17		43	3357.812320000
17		1358	3357.932534000
6	48		3357.948886000
6	0		3357.948929000
6	280		3357.955147000
17		43	3357.998885000
17		1358	3358.096910000
17		43	3358.185820000
6	16		3358.217303000
6	0		3358.258218000
17		1358	3358.259906000
17		43	3358.373266000
17		1358	3358.423880000
6	52		3358.516969000
6	0		3358.517016000
6	52		3358.517122000
6	0		3358.530243000
17		43	3358.560586000
17		1358	3358.587751000
17		1358	3358.718217000
17		43	3358.747578000
6	84		3358.775765000
6	0		3358.818233000
17		1358	3358.847992000
17		43	3358.934718000
17		1358	3358.979222000
17		1358	3359.109744000
17		43	3359.121675000
17		1358	3359.240666000
17		43	3359.308448000
6	0		3359.330258000
17		1358	3359.370990000
17		43	3359.495269000
17		1358	3359.501503000
17		43	3359.682274000
17		1358	3359.719317000
17		43	3359.869350000
17		1358	3359.937080000
17		43	3360.055816000
17		1358	3360.154698000
17		48	3360.243510000
17		35	3360.257057000
17		1358	3360.368240000
17		43	3360.430380000
17		1358	3360.581743000
17		43	3360.616854000
17		1358	3360.742062000
17		43	3360.804376000
17		43	3360.896730000
6	0		3360.898218000
17		1358	3360.903081000
17		43	3360.989933000
17		1358	3361.054518000
17		43	3361.082705000
17		43	3361.175803000
17		1358	3361.206328000
17		43	3361.268886000
17		1358	3361.357110000
17		43	3361.362027000
6	68		3361.366385000
17		43	3361.455352000
17		1358	3361.509677000
17		43	3361.548487000
6	52		3361.625090000
6	0		3361.625132000
6	0		3361.625152000
6	0		3361.626528000
17		43	3361.640997000
17		1358	3361.661648000
17		43	3361.734277000
17		1358	3361.813395000
17		43	3361.827143000
6	0		3361.885140000
17		43	3361.920605000
17		1358	3361.922126000
17		1358	3361.922146000
17		1358	3361.922150000
17		1358	3361.922153000
17		1358	3361.922157000
17		1358	3361.922160000
17		1358	3361.922163000
17		1358	3361.922167000
17		1358	3361.922171000
17		1358	3361.922174000
17		1358	3361.922177000
17		1358	3362.075252000
17		43	3362.105878000
17		43	3362.199627000
17		1358	3362.226277000
6	0		3362.228640000
6	0		3362.228677000
17		43	3362.291714000
17		1358	3362.365782000
17		43	3362.384757000
6	0		3362.434492000
6	0		3362.434561000
6	0		3362.451639000
6	41		3362.458021000
6	0		3362.474397000
17		48	3362.477952000
6	21		3362.478623000
6	0		3362.478654000
6	1080		3362.479599000
17		1358	3362.489857000
6	0		3362.495890000
6	440		3362.495932000
6	0		3362.538235000
6	48		3362.554606000
6	0		3362.554650000
6	280		3362.558873000
17		43	3362.571873000
6	0		3362.575096000
17		1358	3362.578014000
6	16		3362.587106000
6	0		3362.630229000
6	52		3362.646516000
6	0		3362.646554000
6	52		3362.646688000
6	100		3362.663067000
17		1358	3362.664571000
17		43	3362.665215000
6	0		3362.700745000
6	0		3362.700799000
6	0		3362.706248000
6	0		3362.739666000
6	12		3362.739924000
17		1358	3362.751547000
17		43	3362.756889000
6	0		3362.778866000
6	12		3362.778905000
6	0		3362.778915000
6	1		3362.779108000
6	4		3362.779130000
6	32		3362.779140000
6	0		3362.779154000
6	0		3362.817985000
6	0		3362.818024000
6	0		3362.818029000
6	0		3362.818072000
6	0		3362.818084000
17		43	3362.850006000
17		1358	3362.893147000
17		43	3362.943810000
17		1358	3362.996883000
17		43	3363.036568000
17		1358	3363.099165000
17		43	3363.129222000
17		1358	3363.199696000
17		43	3363.222321000
17		1358	3363.284489000
17		43	3363.315009000
17		1358	3363.369874000
17		43	3363.408548000
17		1358	3363.452972000
17		43	3363.501014000
17		1358	3363.536785000
17		43	3363.594347000
17		1358	3363.620641000
17		43	3363.686957000
17		1358	3363.703927000
17		43	3363.779955000
17		1358	3363.788366000
17		1358	3363.870801000
17		43	3363.873369000
17		1358	3363.954917000
17		43	3363.966077000
17		1358	3364.038815000
17		43	3364.059177000
17		1358	3364.105944000
17		43	3364.152057000
17		1358	3364.172674000
6	0		3364.226208000
17		43	3364.245410000
17		1358	3364.284073000
17		48	3364.338132000
17		35	3364.351680000
17		1358	3364.395717000
17		43	3364.431556000
6	68		3364.464448000
17		1358	3364.480147000
6	52		3364.480805000
6	0		3364.480849000
6	0		3364.480876000
6	0		3364.482094000
6	0		3364.498330000
17		43	3364.524087000
17		1358	3364.562503000
17		43	3364.617188000
17		1358	3364.646447000
17		43	3364.710123000
17		1358	3364.730148000
17		43	3364.802791000
17		1358	3364.814593000
17		43	3364.896610000
17		1358	3364.896921000
17		1358	3364.980888000
17		43	3364.989089000
17		1358	3365.064684000
17		43	3365.081858000
17		1358	3365.081890000
17		1358	3365.083259000
17		33	3365.108056000
17		1358	3365.148989000
17		43	3365.175103000
17		1358	3365.232833000
17		43	3365.268494000
17		1358	3365.315523000
17		43	3365.361421000
17		1358	3365.399281000
17		43	3365.454594000
17		1358	3365.483159000
17		43	3365.546696000
17		1358	3365.550428000
17		1358	3365.616484000
17		43	3365.640416000
17		1358	3365.684233000
17		43	3365.732877000
17		1358	3365.795907000
17		43	3365.826401000
17		1358	3365.907312000
17		585	3365.919424000
17		41	3365.919460000
17		35	3365.920326000
17		76	3365.928335000
17		33	3365.928452000
17		1358	3365.990660000
17		43	3366.012560000
17		1358	3366.074194000
17		43	3366.104798000
17		1358	3366.158033000
17		43	3366.198451000
17		1358	3366.242118000
17		48	3366.291758000
17		35	3366.305837000
17		1358	3366.325882000
17		43	3366.384529000
17		1358	3366.409684000
17		43	3366.477279000
17		1358	3366.492965000
17		43	3366.569890000
17		1358	3366.576445000
6	0		3366.576984000
6	0		3366.577013000
6	0		3366.614574000
17		1358	3366.660692000
17		43	3366.663476000
17		1358	3366.744192000
17		44	3366.755730000
17		43	3366.755760000
17		41	3366.755768000
17		33	3366.781619000
17		1358	3366.828079000
17		43	3366.849816000
17		1358	3366.911834000
17		43	3366.942439000
17		1358	3366.994931000
17		43	3367.035016000
17		1358	3367.061119000
17		43	3367.128686000
17		1358	3367.128739000
17		1358	3367.195418000
17		43	3367.221385000
17		1358	3367.308045000
17		43	3367.313716000
17		43	3367.407384000
17		1358	3367.420473000
17		43	3367.500477000
6	0		3367.500513000
6	0		3367.501705000
17		1358	3367.505460000
17		1358	3367.588699000
17		43	3367.593313000
17		1358	3367.671864000
17		43	3367.685960000
17		1358	3367.757114000
17		43	3367.779108000
17		1358	3367.839977000
17		43	3367.871897000
17		1358	3367.924046000
17		43	3367.965196000
17		1358	3368.008134000
17		43	3368.058359000
17		1358	3368.091435000
17		48	3368.151350000
17		35	3368.165532000
17		1358	3368.174094000
17		43	3368.243768000
17		1358	3368.258601000
17		43	3368.337393000
17		1358	3368.342250000
17		1358	3368.425707000
17		43	3368.429838000
17		1358	3368.508588000
17		43	3368.523297000
17		1358	3368.576688000
17		43	3368.615922000
17		1358	3368.643929000
17		43	3368.708949000
17		1358	3368.756521000
17		43	3368.802323000
17		1358	3368.868754000
17		43	3368.895002000
17		1358	3368.953703000
17		43	3368.987992000
17		1358	3369.036605000
17		43	3369.081192000
17		1358	3369.120449000
17		43	3369.174111000
17		1358	3369.204646000
17		43	3369.266857000
17		1358	3369.287926000
17		43	3369.360060000
17		1358	3369.371734000
17		43	3369.453386000
17		1358	3369.454708000
17		1358	3369.539271000
17		43	3369.546148000
17		1358	3369.622443000
17		43	3369.639135000
17		1358	3369.706528000
17		43	3369.731856000
17		1358	3369.791318000
17		43	3369.824963000
17		1358	3369.876566000
17		43	3369.917706000
17		1358	3369.960789000
17		48	3370.010933000
17		35	3370.024681000
17		1358	3370.028570000
17		1358	3370.095478000
17		43	3370.104108000
17		1358	3370.161262000
17		43	3370.196867000
17		1358	3370.273736000
17		43	3370.289912000
17		43	3370.383692000
17		1358	3370.384881000
17		336	3370.470262000
17		43	3370.476487000
17		43	3370.569565000
6	0		3370.626237000
17		43	3370.661848000
17		43	3370.754998000
17		43	3370.848179000
17		43	3370.941467000
17		43	3371.034499000
17		43	3371.126766000
17		43	3371.219914000
17		1044	3371.313507000
17		41	3371.314189000
17		1358	3371.315059000
17		1358	3371.315073000
17		1358	3371.315076000
17		1358	3371.315079000
17		1358	3371.315082000
17		1358	3371.399627000
17		1358	3371.482933000
17		49	3371.499499000
17		35	3371.512775000
17		1358	3371.566901000
17		43	3371.592144000
17		1358	3371.635553000
17		43	3371.685185000
17		1358	3371.702867000
17		43	3371.777836000
17		1358	3371.815211000
17		43	3371.871095000
17		1358	3371.928315000
17		43	3371.964500000
17		43	3372.056747000
17		43	3372.150563000
17		1358	3372.152082000
17		43	3372.243025000
17		1358	3372.244387000
17		43	3372.336339000
17		1358	3372.337904000
17		43	3372.428807000
17		1358	3372.430413000
17		43	3372.522108000
17		1358	3372.523640000
17		43	3372.614894000
17		1358	3372.617211000
17		1358	3372.702736000
17		43	3372.708268000
17		1358	3372.786934000
17		43	3372.801127000
17		1358	3372.872319000
17		43	3372.893700000
17		1358	3372.955906000
17		43	3372.987542000
17		1358	3373.040790000
17		43	3373.080439000
17		1358	3373.124868000
17		43	3373.173173000
17		1358	3373.209640000
17		43	3373.266378000
17		1358	3373.294592000
17		48	3373.359152000
17		35	3373.373167000
17		1358	3373.377873000
17		43	3373.451904000
17		1358	3373.462589000
6	0		3373.523391000
6	0		3373.523447000
17		43	3373.545215000
17		1358	3373.546726000
17		1358	3373.631354000
17		43	3373.637922000
17		1358	3373.716226000
17		43	3373.731903000
6	0		3373.739386000
6	22		3373.742885000
6	0		3373.742919000
6	41		3373.745068000
17		1358	3373.800056000
17		43	3373.824674000
17		1358	3373.885073000
17		43	3373.917308000
6	0		3373.959893000
6	1080		3373.959942000
6	976		3373.965057000
17		1358	3373.969611000
6	0		3374.006250000
17		43	3374.010250000
17		1358	3374.053934000
17		43	3374.102954000
17		1358	3374.138661000
17		43	3374.196400000
6	0		3374.214805000
17		1358	3374.222607000
17		43	3374.288893000
17		1358	3374.307507000
17		43	3374.381813000
17		1358	3374.391750000
17		43	3374.475126000
17		1358	3374.476560000
17		1358	3374.559732000
17		43	3374.568147000
17		1358	3374.644854000
6	48		3374.654898000
6	0		3374.654957000
17		43	3374.661335000
6	388		3374.661357000
17		1358	3374.728515000
17		43	3374.754550000
17		1358	3374.813274000
17		43	3374.847024000
6	0		3374.876826000
17		1358	3374.896977000
17		43	3374.939729000
17		1358	3374.965860000
17		1358	3375.032832000
17		43	3375.033279000
17		1358	3375.099627000
17		43	3375.126021000
17		711	3375.126043000
17		36	3375.126867000
17		74	3375.145063000
17		33	3375.145094000
17		1358	3375.167728000
17		761	3375.219126000
17		48	3375.219158000
17		36	3375.220111000
17		35	3375.232585000
17		1358	3375.234859000
17		47	3375.269780000
17		33	3375.269989000
17		43	3375.311676000
17		1358	3375.347452000
17		43	3375.404682000
17		1358	3375.459506000
17		43	3375.497853000
17		1358	3375.572075000
17		44	3375.591417000
17		43	3375.591444000
17		41	3375.591452000
6	16		3375.599051000
17		33	3375.616998000
6	0		3375.642226000
17		1358	3375.683762000
17		43	3375.683860000
17		41	3375.683884000
17		1358	3375.768507000
17		44	3375.777106000
17		43	3375.777128000
17		41	3375.777134000
17		33	3375.803271000
17		1358	3375.852842000
17		43	3375.869760000
17		1358	3375.938054000
17		43	3375.963281000
17		1358	3376.021163000
17		43	3376.056254000
17		1358	3376.106635000
17		43	3376.149362000
17		1358	3376.190824000
17		43	3376.242020000
17		1358	3376.274711000
17		43	3376.335024000
17		1358	3376.358589000
17		43	3376.428259000
17		1358	3376.442465000
17		43	3376.521138000
17		1358	3376.527696000
17		1358	3376.611221000
17		43	3376.613790000
17		1358	3376.696375000
17		43	3376.707481000
17		1358	3376.780349000
17		43	3376.800662000
17		1358	3376.865075000
17		43	3376.892713000
17		1358	3376.948850000
17		43	3376.986586000
17		1358	3377.033466000
17		48	3377.079315000
17		35	3377.093446000
17		1358	3377.117180000
17		43	3377.172092000
17		1358	3377.201156000
17		43	3377.265435000
17		1358	3377.286485000
17		43	3377.357711000
17		1358	3377.369772000
17		43	3377.450854000
17		1358	3377.454693000
17		1358	3377.538651000
17		43	3377.544270000
17		1358	3377.623821000
17		43	3377.637125000
17		1358	3377.707156000
17		43	3377.730274000
17		1358	3377.791954000
17		43	3377.823632000
17		1358	3377.876024000
17		43	3377.915912000
17		1358	3377.943726000
17		43	3378.009456000
17		1358	3378.010956000
17		1358	3378.077286000
17		43	3378.102229000
17		1358	3378.144312000
17		43	3378.195569000
17		1358	3378.212548000
17		43	3378.287721000
17		1358	3378.325017000
17		43	3378.380936000
17		1358	3378.436426000
17		43	3378.474605000
6	52		3378.529609000
6	0		3378.529648000
6	52		3378.529763000
17		1358	3378.545478000
17		43	3378.567138000
17		1358	3378.650725000
17		43	3378.660279000
17		1358	3378.729000000
6	0		3378.745077000
6	84		3378.751596000
17		43	3378.753935000
6	0		3378.794222000
17		1358	3378.808210000
6	0		3378.820581000
6	0		3378.820657000
17		43	3378.846436000
6	0		3378.859872000
6	12		3378.860124000
17		1358	3378.886438000
6	0		3378.899122000
6	12		3378.899178000
6	0		3378.899193000
6	1		3378.899408000
6	4		3378.899428000
6	32		3378.899440000
6	0		3378.899454000
6	0		3378.938325000
6	0		3378.938366000
6	0		3378.938372000
6	0		3378.938388000
17		48	3378.939471000
17		35	3378.953946000
17		1358	3378.964752000
17		43	3379.031720000
17		1358	3379.043838000
17		1358	3379.122845000
17		43	3379.125042000
17		1358	3379.202166000
17		43	3379.218143000
17		1358	3379.280584000
17		43	3379.311424000
17		1358	3379.359479000
17		43	3379.404155000
17		1358	3379.437165000
17		43	3379.496874000
17		1358	3379.516415000
17		43	3379.590349000
17		1358	3379.594608000
17		1358	3379.674284000
17		43	3379.682942000
17		1358	3379.752267000
17		43	3379.776573000
17		1358	3379.830650000
17		43	3379.869507000
17		1358	3379.909641000
17		43	3379.962245000
17		1358	3379.988697000
17		43	3380.054953000
17		1358	3380.067204000
17		1358	3380.145696000
17		43	3380.148243000
17		1358	3380.224771000
17		43	3380.241262000
17		1358	3380.303626000
17		43	3380.333748000
17		1358	3380.382622000
6	52		3380.423017000
17		43	3380.427493000
17		1358	3380.461222000
17		43	3380.520201000
17		1358	3380.539866000
17		43	3380.613611000
17		1358	3380.618920000
6	52		3380.640438000
6	0		3380.640508000
6	0		3380.640527000
6	0		3380.641904000
17		1358	3380.697423000
17		43	3380.706285000
17		1358	3380.776059000
17		48	3380.798805000
17		35	3380.811912000
17		1358	3380.854361000
6	0		3380.857463000
17		43	3380.892313000
17		1358	3380.917383000
17		1358	3380.980808000
17		43	3380.984821000
17		1358	3381.043321000
17		43	3381.078303000
17		333	3381.107129000
17		43	3381.170982000
17		43	3381.264627000
17		43	3381.356842000
17		43	3381.449746000
17		43	3381.543566000
17		43	3381.636388000
17		43	3381.729593000
17		1049	3381.822137000
17		41	3381.822799000
17		138	3381.823574000
17		1353	3381.823701000
17		1358	3381.823710000
17		1358	3381.823715000
17		1358	3381.823720000
17		1358	3381.823725000
17		1358	3381.823729000
17		1358	3381.823733000
17		1358	3381.823738000
17		1358	3381.903436000
17		1358	3381.982480000
17		49	3382.008519000
17		35	3382.022144000
17		43	3382.100785000
17		43	3382.193701000
17		43	3382.286714000
17		1358	3382.288269000
17		43	3382.379861000
17		1358	3382.380636000
17		43	3382.473626000
17		1358	3382.474807000
17		43	3382.566122000
17		1358	3382.567689000
17		43	3382.659440000
17		1358	3382.660369000
17		43	3382.752252000
17		1358	3382.753864000
17		43	3382.844876000
17		1358	3382.846412000
17		43	3382.937888000
17		1358	3382.938958000
17		43	3383.030891000
17		1358	3383.032456000
17		43	3383.123805000
17		1358	3383.139192000
6	0		3383.170246000
17		43	3383.216911000
17		1358	3383.245599000
17		43	3383.310735000
17		1358	3383.325740000
17		43	3383.403332000
17		1358	3383.404844000
17		1358	3383.482443000
17		43	3383.496227000
17		1358	3383.561199000
17		43	3383.589009000
17		1171	3383.589034000
17		36	3383.589914000
17		108	3383.601333000
17		194	3383.601392000
17		1358	3383.641114000
17		43	3383.682380000
17		1358	3383.720858000
17		43	3383.775634000
17		1358	3383.800937000
17		48	3383.868624000
17		1358	3383.880536000
17		43	3383.961595000
17		1358	3383.963152000
17		43	3384.053809000
17		1358	3384.054817000
17		44	3384.147293000
17		43	3384.147321000
17		41	3384.147330000
17		1358	3384.148774000
17		33	3384.173460000
17		43	3384.240303000
17		1358	3384.241826000
17		43	3384.332939000
17		1358	3384.335191000
17		43	3384.426163000
17		1358	3384.427798000
17		43	3384.519703000
17		1358	3384.521031000
17		43	3384.612629000
17		1358	3384.626821000
17		43	3384.705468000
17		1358	3384.732576000
17		43	3384.798281000
17		1358	3384.811607000
17		1358	3384.890267000
17		43	3384.890992000
17		1358	3384.969908000
17		43	3384.983681000
17		1358	3385.049439000
17		43	3385.077175000
17		1358	3385.129077000
17		43	3385.169704000
17		1358	3385.208785000
17		43	3385.263379000
17		1358	3385.289305000
17		43	3385.356445000
17		1358	3385.370498000
17		43	3385.448717000
17		1358	3385.450933000
17		43	3385.541939000
17		1358	3385.543162000
17		43	3385.635267000
17		1358	3385.636802000
17		48	3385.728562000
17		645	3385.730073000
17		43	3385.821033000
17		43	3385.914334000
17		43	3386.007457000
17		43	3386.100764000
17		1037	3386.100791000
17		34	3386.101320000
17		33	3386.101396000
17		144	3386.102066000
17		1358	3386.109814000
17		1358	3386.174758000
17		43	3386.192775000
17		1358	3386.237689000
17		49	3386.286911000
17		35	3386.301517000
17		1358	3386.302577000
17		1358	3386.365448000
17		43	3386.379395000
17		1358	3386.428710000
17		43	3386.471949000
17		1358	3386.535801000
17		43	3386.564918000
17		1358	3386.614964000
17		43	3386.657981000
17		1358	3386.684423000
17		43	3386.751214000
17		1358	3386.752753000
17		1358	3386.823952000
17		43	3386.843757000
17		1358	3386.893622000
17		43	3386.937306000
6	0		3386.939943000
6	0		3386.939996000
17		1358	3386.963316000
6	0		3386.978834000
6	12		3386.979150000
6	0		3386.997576000
6	0		3386.997644000
6	0		3387.018068000
6	12		3387.018109000
6	0		3387.018123000
6	1		3387.018328000
6	4		3387.018346000
6	32		3387.018356000
6	0		3387.018371000
17		43	3387.030078000
17		1358	3387.031678000
6	0		3387.057195000
6	0		3387.057226000
6	0		3387.057282000
6	0		3387.057449000
6	0		3387.057466000
17		1358	3387.101995000
6	0		3387.117245000
6	41		3387.122649000
17		43	3387.122719000
17		1358	3387.171410000
17		43	3387.216520000
17		1358	3387.241284000
6	0		3387.241741000
6	21		3387.241780000
6	0		3387.241794000
6	1080		3387.242762000
17		43	3387.308715000
17		1358	3387.309672000
6	440		3387.362125000
17		1358	3387.379888000
6	0		3387.402224000
17		43	3387.402563000
17		1358	3387.449757000
17		43	3387.495383000
17		1358	3387.518474000
6	48		3387.521461000
6	0		3387.521505000
6	280		3387.526010000
17		43	3387.588232000
17		1358	3387.588255000
6	16		3387.647464000
17		1358	3387.657308000
17		43	3387.680931000
6	0		3387.690217000
17		1358	3387.713546000
17		1358	3387.769802000
17		43	3387.774455000
6	52		3387.809489000
6	0		3387.809523000
6	52		3387.809645000
17		1358	3387.825231000
17		43	3387.867134000
17		1358	3387.918097000
6	84		3387.928794000
17		43	3387.960292000
6	0		3387.970226000
17		1358	3388.011881000
17		43	3388.053424000
17		1358	3388.082398000
17		48	3388.146150000
17		1358	3388.152325000
17		43	3388.239595000
17		1358	3388.241346000
17		43	3388.331776000
17		1358	3388.333338000
17		43	3388.425566000
17		1358	3388.427178000
17		43	3388.518786000
17		1358	3388.520151000
17		43	3388.611773000
17		1358	3388.613393000
17		1358	3388.683757000
17		43	3388.703788000
17		1358	3388.753263000
17		43	3388.797130000
17		491	3388.823490000
17		43	3388.890476000
17		43	3388.982793000
17		43	3389.076035000
17		43	3389.169063000
17		43	3389.262308000
17		43	3389.355627000
17		1126	3389.448088000
17		41	3389.448740000
17		149	3389.449638000
17		1353	3389.449659000
17		1358	3389.449727000
17		1358	3389.449733000
17		1358	3389.449738000
17		1358	3389.449742000
17		1358	3389.506519000
17		1358	3389.561670000
17		1358	3389.617605000
17		49	3389.634435000
17		35	3389.648719000
17		43	3389.727267000
17		1358	3389.728901000
17		43	3389.820094000
17		1358	3389.821677000
6	68		3389.831101000
17		1358	3389.891202000
17		43	3389.913347000
6	52		3389.950410000
6	0		3389.950454000
6	0		3389.950474000
6	0		3389.951768000
17		1358	3389.962080000
17		43	3390.006761000
17		1358	3390.032979000
6	0		3390.070752000
17		43	3390.098824000
17		1358	3390.103044000
17		43	3390.192327000
17		1358	3390.194048000
17		43	3390.285527000
17		1358	3390.287098000
17		43	3390.377955000
17		1358	3390.378915000
17		43	3390.471502000
17		1358	3390.473258000
17		43	3390.564334000
17		1358	3390.565945000
17		43	3390.657618000
17		1358	3390.658883000
17		43	3390.750488000
17		1358	3390.752039000
17		43	3390.843297000
17		1358	3390.844958000
17		1358	3390.914831000
17		43	3390.936528000
17		1358	3390.985528000
17		43	3391.029230000
17		1358	3391.042233000
17		43	3391.121939000
17		1358	3391.123627000
17		43	3391.215291000
17		1358	3391.217548000
17		43	3391.308167000
17		1358	3391.309773000
17		43	3391.400968000
17		1358	3391.402568000
17		48	3391.494360000
17		1358	3391.496057000
17		43	3391.587133000
17		1358	3391.589124000
17		43	3391.680417000
17		1358	3391.682373000
17		43	3391.773551000
17		1358	3391.775179000
17		43	3391.865888000
17		1358	3391.867311000
17		43	3391.958917000
17		1358	3391.960551000
17		1358	3392.030590000
17		43	3392.052614000
17		1358	3392.100962000
17		43	3392.145177000
17		1358	3392.171210000
17		43	3392.238270000
17		1358	3392.241561000
17		43	3392.331459000
17		1358	3392.332472000
17		43	3392.424081000
17		1358	3392.425690000
17		43	3392.516878000
17		1358	3392.517920000
17		43	3392.610338000
17		1358	3392.611971000
17		43	3392.703586000
17		1358	3392.705279000
17		43	3392.796509000
17		1358	3392.798141000
17		43	3392.889798000
17		1358	3392.890773000
17		43	3392.981683000
17		1358	3392.983257000
17		43	3393.075156000
17		1358	3393.076762000
17		43	3393.168711000
17		1358	3393.170281000
17		43	3393.261417000
17		1358	3393.263113000
17		48	3393.353886000
17		1358	3393.354877000
17		43	3393.447331000
17		1358	3393.448922000
17		43	3393.540177000
17		1358	3393.542093000
17		43	3393.633050000
17		1358	3393.634640000
17		43	3393.725672000
17		1358	3393.727100000
17		43	3393.818897000
17		1358	3393.820222000
17		43	3393.912487000
17		1358	3393.913714000
17		43	3394.004703000
17		1358	3394.005906000
17		1358	3394.069410000
17		43	3394.098115000
17		1358	3394.130731000
17		43	3394.190936000
17		1358	3394.192659000
17		43	3394.284010000
17		1358	3394.297180000
17		43	3394.377809000
17		1358	3394.402099000
17		43	3394.470045000
17		1358	3394.480505000
17		43	3394.563368000
17		1358	3394.564681000
17		43	3394.655906000
17		1358	3394.657157000
17		43	3394.749073000
17		1358	3394.750681000
17		43	3394.842661000
17		1358	3394.844220000
17		43	3394.935289000
17		1358	3394.936938000
17		43	3395.028743000
17		1358	3395.029695000
6	0		3395.059010000
6	0		3395.059066000
6	0		3395.098192000
6	12		3395.098472000
17		43	3395.121415000
17		1358	3395.123011000
6	0		3395.137690000
6	12		3395.137853000
6	0		3395.137864000
6	1		3395.138069000
6	4		3395.138096000
6	32		3395.138107000
6	0		3395.138120000
6	0		3395.177198000
6	0		3395.177236000
6	0		3395.177241000
6	0		3395.177356000
6	0		3395.177369000
17		1358	3395.203253000
17		48	3395.214058000
17		35	3395.227713000
17		1358	3395.283844000
17		43	3395.307499000
17		1358	3395.364753000
17		43	3395.400324000
17		1358	3395.446020000
17		43	3395.493093000
17		1358	3395.527471000
17		43	3395.586270000
17		1358	3395.592402000
17		43	3395.678963000
17		1358	3395.680877000
17		43	3395.771823000
17		1358	3395.788543000
17		43	3395.865244000
17		1358	3395.896334000
17		43	3395.957973000
17		1358	3395.977597000
17		43	3396.050718000
17		1358	3396.058410000
17		43	3396.144041000
17		1358	3396.145759000
17		1358	3396.226870000
17		43	3396.237363000
17		1358	3396.305967000
17		43	3396.330283000
17		1358	3396.386467000
17		43	3396.423186000
17		1358	3396.466977000
17		43	3396.516301000
17		1358	3396.547222000
17		43	3396.609250000
17		1358	3396.627419000
17		43	3396.702435000
17		1358	3396.708005000
17		43	3396.794943000
17		1358	3396.796694000
17		43	3396.888474000
17		1358	3396.890086000
17		43	3396.980717000
17		1358	3396.982316000
17		48	3397.074599000
17		1358	3397.075718000
17		43	3397.167579000
17		1358	3397.169355000
17		43	3397.260209000
17		1358	3397.275913000
17		43	3397.352716000
17		1358	3397.383248000
17		43	3397.446395000
17		1358	3397.489526000
17		43	3397.539579000
17		141	3397.569287000
17		43	3397.632080000
17		43	3397.725695000
17		43	3397.817715000
17		43	3397.911023000
17		1036	3398.003811000
17		41	3398.004400000
17		139	3398.005150000
17		1353	3398.005160000
17		1358	3398.005198000
17		1358	3398.005203000
17		1358	3398.005206000
17		1358	3398.086191000
17		1358	3398.165174000
17		49	3398.190813000
17		35	3398.205246000
17		1358	3398.245423000
17		43	3398.283000000
17		1358	3398.325449000
17		43	3398.375842000
17		1358	3398.405753000
17		43	3398.468944000
17		1358	3398.486448000
17		43	3398.562149000
17		1358	3398.565017000
17		1358	3398.646224000
17		43	3398.654740000
17		1358	3398.725425000
17		43	3398.748505000
17		1358	3398.790095000
17		43	3398.841709000
6	0		3398.841745000
6	0		3398.842960000
17		1358	3398.854650000
17		43	3398.934254000
17		1358	3398.962164000
17		43	3399.027099000
17		1358	3399.069837000
17		43	3399.120679000
17		1358	3399.150793000
17		43	3399.213289000
17		1358	3399.230683000
17		43	3399.306310000
17		1358	3399.311297000
17		43	3399.399200000
17		1358	3399.400248000
17		43	3399.492002000
17		1358	3399.494292000
17		1358	3399.574847000
17		43	3399.585745000
17		1358	3399.653863000
17		43	3399.678529000
17		43	3399.770756000
17		43	3399.864307000
17		1358	3399.865905000
17		43	3399.957532000
17		1358	3399.958555000
17		48	3400.050370000
17		1358	3400.051990000
17		1358	3400.132124000
17		43	3400.142868000
17		1358	3400.212411000
17		43	3400.235976000
17		1358	3400.291532000
17		43	3400.328813000
17		1358	3400.372209000
17		43	3400.422554000
17		1358	3400.451192000
17		43	3400.514826000
17		1358	3400.531306000
17		43	3400.608388000
17		1358	3400.609530000
17		1358	3400.690685000
17		43	3400.701608000
17		1358	3400.770111000
17		43	3400.793971000
17		1358	3400.849821000
17		43	3400.887396000
17		1358	3400.929307000
17		43	3400.980131000
17		1358	3401.009897000
17		43	3401.072780000
17		1358	3401.089193000
17		43	3401.166167000
17		1358	3401.167958000
17		1358	3401.248477000
17		43	3401.259498000
17		1358	3401.327884000
17		43	3401.352761000
17		1358	3401.407780000
17		43	3401.445342000
17		1358	3401.488007000
17		43	3401.538014000
17		1358	3401.566444000
17		43	3401.631194000
17		1358	3401.646574000
17		43	3401.723972000
17		1358	3401.725584000
17		1358	3401.804908000
17		43	3401.816757000
17		636	3401.885357000
17		48	3401.910268000
17		35	3401.925036000
17		43	3402.002908000
17		43	3402.096248000
17		43	3402.189449000
17		43	3402.282462000
17		1126	3402.374997000
17		41	3402.375646000
17		149	3402.376392000
17		1353	3402.376489000
17		1358	3402.376495000
17		1358	3402.376498000
17		1358	3402.376501000
17		1358	3402.376504000
17		1358	3402.376507000
17		1358	3402.376510000
17		1358	3402.376513000
17		1358	3402.376516000
17		1358	3402.456450000
17		1358	3402.535701000
17		49	3402.561214000
17		35	3402.575107000
17		43	3402.654373000
17		43	3402.746871000
17		43	3402.839685000
17		43	3402.932828000
17		1358	3402.934439000
17		43	3403.025867000
17		1358	3403.027161000
17		43	3403.118763000
17		1358	3403.120026000
17		43	3403.212376000
17		1358	3403.213968000
17		50	3403.305286000
17		1358	3403.306874000
17		43	3403.398197000
17		1358	3403.398978000
17		43	3403.491224000
17		1358	3403.492809000
17		43	3403.584346000
17		1358	3403.585772000
17		43	3403.677198000
17		1358	3403.678818000
17		43	3403.769951000
17		1358	3403.770629000
17		1358	3403.850825000
17		43	3403.863069000
17		1358	3403.929983000
17		43	3403.955908000
17		1358	3404.010575000
17		43	3404.049068000
17		1358	3404.090255000
17		43	3404.141960000
17		1358	3404.155084000
17		43	3404.235406000
17		1358	3404.236948000
17		43	3404.327730000
17		1358	3404.344305000
17		43	3404.421263000
17		1358	3404.451238000
17		43	3404.513997000
17		1358	3404.531451000
17		43	3404.607541000
17		1358	3404.612234000
17		43	3404.699790000
17		1358	3404.701625000
17		43	3404.793538000
17		1358	3404.795047000
17		43	3404.885879000
17		1358	3404.887393000
17		1358	3404.967666000
17		43	3404.979465000
17		1358	3405.046790000
17		43	3405.072377000
17		589	3405.072414000
17		36	3405.074165000
17		77	3405.082258000
17		33	3405.082297000
17		1358	3405.126961000
17		48	3405.165558000
17		35	3405.179487000
17		1358	3405.207777000
17		43	3405.257812000
17		1358	3405.288658000
17		43	3405.351201000
17		1358	3405.370118000
6	0		3405.417112000
17		43	3405.444248000
17		1358	3405.450426000
17		43	3405.536855000
17		1358	3405.538496000
17		44	3405.629860000
17		43	3405.629884000
17		41	3405.629891000
17		1358	3405.631501000
17		33	3405.655769000
6	0		3405.662238000
6	0		3405.662303000
6	0		3405.675121000
6	41		3405.682753000
6	0		3405.695516000
6	21		3405.699344000
6	0		3405.699388000
6	1080		3405.700606000
6	440		3405.713658000
17		43	3405.722979000
17		1358	3405.724936000
6	0		3405.754243000
6	48		3405.767077000
6	0		3405.767115000
6	280		3405.771293000
17		43	3405.816304000
6	0		3405.819419000
17		1358	3405.831509000
17		43	3405.909284000
6	16		3405.923170000
17		1358	3405.938075000
6	0		3405.966234000
6	52		3405.979102000
6	0		3405.979144000
6	52		3405.979250000
6	0		3405.991914000
6	84		3405.994882000
17		43	3406.002413000
6	0		3406.002443000
17		1358	3406.018215000
6	0		3406.038232000
17		43	3406.095406000
17		1358	3406.096825000
17		43	3406.187727000
17		1358	3406.189336000
17		1358	3406.269562000
17		43	3406.281218000
17		1358	3406.349051000
17		43	3406.374031000
17		1358	3406.429304000
17		43	3406.467397000
17		1358	3406.509643000
17		43	3406.559708000
17		1358	3406.589691000
17		43	3406.652917000
17		1358	3406.669695000
17		43	3406.746046000
17		1358	3406.750141000
17		43	3406.839225000
17		1358	3406.840518000
17		43	3406.932590000
17		1358	3406.934200000
17		48	3407.025190000
17		1358	3407.026908000
17		43	3407.118507000
17		1358	3407.120104000
17		43	3407.211251000
17		1358	3407.212930000
17		43	3407.304293000
17		1358	3407.320079000
17		43	3407.397271000
17		1358	3407.425353000
17		43	3407.490532000
17		1358	3407.505658000
17		43	3407.582813000
17		1358	3407.584383000
17		1358	3407.664142000
17		43	3407.676034000
17		1358	3407.744790000
17		43	3407.768722000
6	0		3407.783208000
6	0		3407.783272000
17		1358	3407.825321000
17		43	3407.862168000
17		1358	3407.906618000
6	0		3407.942999000
6	41		3407.948650000
17		43	3407.955561000
17		1358	3407.987951000
17		43	3408.047997000
17		1358	3408.069127000
6	21		3408.107505000
6	0		3408.107550000
6	0		3408.108091000
6	0		3408.108109000
6	1080		3408.108541000
17		43	3408.141404000
17		1358	3408.150047000
17		43	3408.234361000
17		1358	3408.235975000
6	440		3408.268906000
6	0		3408.273006000
6	0		3408.273058000
6	0		3408.310234000
17		43	3408.327701000
17		1358	3408.329230000
6	68		3408.368404000
6	52		3408.381404000
6	0		3408.381445000
6	0		3408.381462000
6	0		3408.382811000
6	0		3408.395672000
17		1358	3408.410014000
17		43	3408.420269000
6	48		3408.469373000
6	0		3408.469416000
6	280		3408.473903000
17		1358	3408.489677000
17		43	3408.513551000
17		1358	3408.570353000
17		43	3408.605984000
17		1358	3408.635307000
6	16		3408.638659000
6	0		3408.682235000
17		43	3408.698680000
17		1358	3408.699753000
17		43	3408.791769000
17		1358	3408.792684000
6	52		3408.840534000
6	0		3408.840587000
6	52		3408.840726000
17		48	3408.885274000
17		35	3408.899412000
17		1358	3408.900425000
17		43	3408.978421000
6	84		3408.999681000
17		1358	3409.008751000
6	0		3409.026265000
6	0		3409.042223000
17		43	3409.071019000
17		1358	3409.089917000
17		43	3409.164191000
17		1358	3409.170286000
17		43	3409.257282000
17		1358	3409.258817000
17		43	3409.350605000
17		1358	3409.352246000
17		1358	3409.432976000
17		43	3409.443680000
17		1358	3409.512526000
17		43	3409.536500000
17		1358	3409.594315000
17		43	3409.628940000
17		1358	3409.674493000
17		43	3409.721783000
17		1358	3409.754520000
17		43	3409.815142000
17		1358	3409.835431000
17		43	3409.908104000
17		1358	3409.915909000
17		43	3410.001106000
17		1358	3410.002589000
17		43	3410.094270000
17		1358	3410.095781000
17		43	3410.187081000
17		1358	3410.187975000
17		43	3410.280708000
17		1358	3410.282228000
17		43	3410.373309000
17		1358	3410.389318000
17		43	3410.466198000
17		901	3410.496453000
17		43	3410.558697000
6	0		3410.608058000
6	0		3410.608120000
17		43	3410.652062000
17		48	3410.745306000
17		35	3410.759403000
6	68		3410.785036000
17		43	3410.838124000
17		1028	3410.838152000
17		34	3410.838746000
17		1358	3410.839551000
17		1358	3410.919577000
17		43	3410.931106000
6	52		3410.944428000
6	0		3410.944471000
6	0		3410.944542000
6	0		3410.945850000
17		1358	3410.999886000
17		43	3411.024674000
17		1358	3411.080256000
6	0		3411.103700000
17		49	3411.116900000
17		35	3411.130292000
17		1358	3411.159875000
6	0		3411.180006000
6	0		3411.180075000
17		43	3411.210633000
6	0		3411.219165000
6	12		3411.219436000
17		1358	3411.239422000
6	0		3411.258263000
6	12		3411.258302000
6	0		3411.258316000
6	1		3411.258535000
6	4		3411.258555000
6	32		3411.258561000
6	0		3411.258572000
6	0		3411.297324000
6	0		3411.297367000
6	0		3411.297372000
6	0		3411.297419000
6	0		3411.297432000
17		43	3411.303206000
17		1358	3411.319859000
17		43	3411.395812000
17		1358	3411.399031000
17		1358	3411.479423000
17		43	3411.489123000
17		1358	3411.559066000
17		43	3411.581667000
17		1358	3411.638601000
17		43	3411.675303000
17		1358	3411.719156000
17		43	3411.768068000
17		1358	3411.781902000
17		1358	3411.846866000
17		43	3411.861502000
17		1358	3411.910292000
17		43	3411.954216000
17		1358	3412.016847000
17		43	3412.046718000
17		1358	3412.095921000
17		43	3412.140256000
17		1358	3412.176540000
17		43	3412.233378000
17		1358	3412.256922000
17		43	3412.325867000
17		1358	3412.335724000
17		1358	3412.411081000
17		43	3412.419234000
17		1358	3412.487444000
17		43	3412.512306000
17		1358	3412.561919000
17		43	3412.604855000
6	0		3412.610058000
6	0		3412.610129000
17		1358	3412.637434000
6	0		3412.664078000
6	24		3412.664149000
6	0		3412.664166000
6	41		3412.670139000
17		43	3412.698603000
17		1358	3412.712892000
6	0		3412.723724000
6	1080		3412.723766000
6	1128		3412.723849000
6	0		3412.766232000
6	0		3412.777461000
17		43	3412.791259000
17		1358	3412.792838000
6	48		3412.819817000
6	0		3412.819858000
6	280		3412.824250000
6	0		3412.877827000
6	16		3412.878315000
17		43	3412.884089000
17		1358	3412.885861000
6	0		3412.922251000
17		1358	3412.946970000
6	64		3412.975851000
6	0		3412.975890000
6	64		3412.975994000
17		48	3412.977145000
17		35	3412.990824000
17		1358	3413.007839000
6	0		3413.029560000
6	112		3413.029599000
17		1358	3413.067208000
6	0		3413.070243000
17		43	3413.070271000
17		1358	3413.127672000
17		43	3413.163544000
17		1358	3413.188251000
17		1358	3413.248239000
17		43	3413.255861000
17		1358	3413.308785000
17		43	3413.349525000
17		1358	3413.409472000
17		43	3413.442355000
17		1358	3413.510142000
17		43	3413.534781000
17		1358	3413.610404000
17		43	3413.628455000
17		1358	3413.710548000
17		43	3413.721538000
17		1358	3413.786344000
17		43	3413.813827000
17		1358	3413.861542000
17		43	3413.907482000
17		1358	3413.937098000
17		43	3413.999899000
17		1358	3414.012889000
17		1358	3414.088085000
17		43	3414.093385000
17		1358	3414.163067000
17		43	3414.186665000
17		1358	3414.238582000
17		43	3414.279418000
17		1358	3414.313394000
17		43	3414.372040000
17		1358	3414.388743000
17		1358	3414.464343000
17		43	3414.464718000
17		1358	3414.540740000
17		43	3414.558519000
17		739	3414.616268000
17		43	3414.651173000
17		43	3414.744577000
17		48	3414.837580000
17		35	3414.851093000
17		43	3414.929904000
17		43	3415.023348000
17		43	3415.115735000
17		690	3415.115765000
17		36	3415.116682000
17		75	3415.124743000
17		33	3415.124782000
17		1126	3415.209322000
17		41	3415.209991000
17		1358	3415.211840000
17		1358	3415.211875000
17		1358	3415.211880000
17		1358	3415.211884000
17		1358	3415.211889000
17		1358	3415.211893000
17		1358	3415.211897000
17		1358	3415.211901000
17		1358	3415.211906000
17		1358	3415.211910000
17		1358	3415.287422000
17		44	3415.302053000
17		41	3415.302073000
17		33	3415.328158000
17		1358	3415.363311000
6	80		3415.364370000
17		49	3415.395277000
17		35	3415.409022000
6	0		3415.418014000
6	0		3415.419276000
6	0		3415.472884000
17		43	3415.488487000
17		43	3415.581349000
17		43	3415.674540000
17		43	3415.766985000
17		43	3415.859668000
17		1358	3415.861271000
17		43	3415.953589000
17		1358	3415.962171000
17		43	3416.045683000
17		41	3416.045714000
17		1358	3416.047221000
17		43	3416.138972000
17		1358	3416.140974000
17		43	3416.232621000
17		1358	3416.234195000
17		43	3416.325504000
17		1358	3416.327104000
17		43	3416.418435000
17		1358	3416.420016000
17		43	3416.511588000
17		1358	3416.513121000
17		1358	3416.589128000
17		43	3416.604369000
17		1358	3416.664688000
17		43	3416.697521000
17		1358	3416.740555000
17		43	3416.790100000
17		1358	3416.817096000
17		43	3416.883140000
17		1358	3416.893692000
17		43	3416.976456000
17		1358	3416.978069000
17		43	3417.069249000
17		1358	3417.070799000
17		43	3417.162520000
17		1358	3417.164154000
17		43	3417.255255000
17		1358	3417.256840000
17		43	3417.348543000
17		1358	3417.357919000
17		43	3417.441202000
17		1358	3417.459637000
17		43	3417.534441000
17		1358	3417.536073000
17		43	3417.626707000
17		1358	3417.628306000
17		1358	3417.704374000
17		43	3417.720690000
17		1358	3417.779746000
17		43	3417.813376000
17		1358	3417.855348000
17		48	3417.906387000
17		35	3417.921019000
17		1358	3417.932503000
17		43	3417.999044000
17		1358	3418.008685000
17		43	3418.091838000
17		1358	3418.093822000
17		43	3418.185069000
17		1358	3418.186715000
17		43	3418.278323000
17		1358	3418.279583000
17		43	3418.371013000
17		1358	3418.372683000
17		43	3418.464000000
17		1358	3418.464808000
17		43	3418.557153000
17		1358	3418.558772000
17		43	3418.650132000
17		1358	3418.651779000
17		1358	3418.713102000
17		43	3418.743548000
17		1358	3418.773313000
17		43	3418.836622000
17		83	3418.881182000
17		43	3418.928732000
17		43	3419.022442000
17		43	3419.115629000
17		43	3419.208012000
17		43	3419.300837000
17		1027	3419.300862000
17		34	3419.301452000
17		33	3419.301689000
17		139	3419.302260000
17		1358	3419.311954000
17		1358	3419.392226000
17		43	3419.393908000
17		1358	3419.472260000
17		49	3419.486966000
17		35	3419.500304000
17		1358	3419.551669000
17		43	3419.580113000
17		1358	3419.631592000
17		43	3419.673227000
17		1358	3419.711791000
17		43	3419.766023000
17		1358	3419.791227000
17		43	3419.859049000
17		1358	3419.860640000
17		1358	3419.930288000
17		43	3419.952438000
17		1358	3419.999988000
17		43	3420.045622000
17		1358	3420.070093000
17		1358	3420.125590000
17		43	3420.138400000
17		1358	3420.182018000
17		43	3420.230940000
17		1358	3420.238228000
17		43	3420.323738000
17		1358	3420.330622000
17		1358	3420.400313000
17		43	3420.417555000
17		1358	3420.469547000
17		43	3420.510451000
17		1358	3420.540261000
17		43	3420.602986000
17		1358	3420.609870000
17		1358	3420.679435000
17		43	3420.696469000
17		1358	3420.750144000
17		43	3420.788736000
17		1358	3420.818591000
17		43	3420.882243000
17		1358	3420.888212000
17		43	3420.943919000
17		1358	3420.958597000
17		43	3421.006358000
17		1358	3421.028864000
17		43	3421.067787000
17		1358	3421.098234000
17		43	3421.130077000
17		1358	3421.168465000
17		48	3421.192506000
17		35	3421.206698000
17		1358	3421.238193000
17		43	3421.254810000
17		1358	3421.306645000
17		43	3421.316379000
17		1358	3421.377138000
17		43	3421.377831000
17		43	3421.440372000
17		1358	3421.447017000
17		1358	3421.502320000
17		43	3421.502636000
17		1358	3421.559069000
17		43	3421.564327000
17		1358	3421.613223000
17		43	3421.626405000
17		1358	3421.669233000
17		43	3421.688530000
17		43	3421.750486000
17		1358	3421.762873000
17		43	3421.811695000
17		1358	3421.830221000
17		43	3421.874023000
17		1358	3421.894111000
17		43	3421.936755000
17		1358	3421.955455000
17		43	3421.998432000
17		1358	3422.018501000
17		43	3422.059807000
17		1358	3422.079700000
17		43	3422.122302000
17		1358	3422.141668000
17		43	3422.184381000
17		1358	3422.203752000
17		43	3422.246386000
17		1358	3422.266045000
17		43	3422.307938000
17		1358	3422.327337000
17		43	3422.370139000
17		1358	3422.390301000
17		48	3422.431692000
17		35	3422.445855000
17		1358	3422.451535000
17		43	3422.494543000
17		1358	3422.512813000
6	0		3422.516799000
6	0		3422.516833000
17		43	3422.555999000
17		1358	3422.575402000
17		43	3422.617992000
17		622	3422.636749000
17		43	3422.680811000
17		1125	3422.741902000
17		41	3422.742553000
17		148	3422.743125000
17		1353	3422.743178000
17		1358	3422.743184000
17		1358	3422.743188000
17		1358	3422.743191000
17		1358	3422.743194000
17		1358	3422.743197000
17		1358	3422.793869000
17		1358	3422.842802000
17		49	3422.865878000
17		35	3422.880333000
17		1358	3422.892103000
17		43	3422.928241000
17		1358	3422.975834000
17		43	3422.990246000
17		43	3423.052488000
17		1358	3423.059037000
17		43	3423.114534000
17		1358	3423.120437000
17		43	3423.176265000
17		1358	3423.183016000
17		43	3423.237708000
17		1358	3423.244259000
17		43	3423.300046000
17		1358	3423.306832000
17		43	3423.362494000
17		1358	3423.368520000
17		1358	3423.423428000
17		43	3423.424089000
17		1358	3423.479058000
17		43	3423.486388000
17		1358	3423.535108000
17		43	3423.548618000
17		1358	3423.589652000
17		43	3423.610307000
17		1358	3423.644649000
17		43	3423.671982000
17		1358	3423.699589000
6	0		3423.701879000
6	0		3423.701933000
17		43	3423.734087000
17		1358	3423.755112000
17		43	3423.796340000
17		1358	3423.797995000
17		1358	3423.842881000
17		43	3423.858347000
17		1358	3423.888242000
17		43	3423.920347000
17		1358	3423.961975000
17		43	3423.982449000
6	0		3423.984922000
6	41		3423.990293000
17		1358	3424.035778000
17		43	3424.043672000
17		1358	3424.090535000
17		48	3424.106008000
17		35	3424.120096000
17		1358	3424.145292000
17		43	3424.167809000
17		1358	3424.200551000
17		43	3424.230498000
17		1358	3424.256094000
6	0		3424.272903000
6	21		3424.272936000
6	0		3424.272947000
6	1080		3424.273996000
17		43	3424.291764000
17		1358	3424.311018000
17		43	3424.354252000
17		1358	3424.366379000
17		43	3424.416284000
17		1358	3424.421345000
17		1358	3424.475973000
17		43	3424.478840000
17		1358	3424.532045000
17		43	3424.540435000
6	0		3424.556746000
6	440		3424.556780000
17		1358	3424.587069000
6	0		3424.598220000
17		43	3424.602209000
17		1358	3424.642178000
17		43	3424.664230000
17		1358	3424.696967000
17		43	3424.726625000
17		1358	3424.752535000
17		43	3424.788244000
17		1358	3424.796196000
17		1358	3424.840173000
17		43	3424.849952000
6	0		3424.868007000
6	0		3424.868055000
6	48		3424.880788000
6	0		3424.880827000
6	280		3424.884756000
17		1358	3424.884782000
6	0		3424.895591000
17		43	3424.912355000
17		1358	3424.959306000
17		43	3424.973901000
17		364	3425.033231000
17		43	3425.036448000
17		43	3425.098463000
17		43	3425.159736000
6	0		3425.166827000
6	16		3425.188976000
17		43	3425.221779000
6	0		3425.230241000
17		43	3425.284008000
17		48	3425.346034000
17		35	3425.360587000
17		1126	3425.408098000
17		41	3425.408719000
17		1358	3425.409682000
17		1358	3425.409702000
17		1358	3425.409705000
17		1358	3425.409709000
17		1358	3425.409712000
17		1358	3425.409715000
17		1358	3425.409719000
17		1358	3425.465288000
6	52		3425.512616000
6	0		3425.512654000
6	52		3425.512768000
17		1358	3425.519595000
17		49	3425.532018000
17		35	3425.546038000
17		1358	3425.572660000
17		43	3425.593982000
17		1358	3425.628633000
17		43	3425.655902000
17		1358	3425.684423000
17		43	3425.717711000
17		1358	3425.740491000
17		43	3425.780531000
17		1358	3425.795458000
6	84		3425.797254000
6	0		3425.838222000
17		43	3425.841871000
17		1358	3425.843390000
17		43	3425.903746000
17		1358	3425.905310000
17		43	3425.966579000
17		1358	3425.978387000
17		43	3426.028627000
17		1358	3426.051599000
17		43	3426.089685000
17		1358	3426.106757000
17		43	3426.152592000
17		1358	3426.162398000
17		43	3426.213992000
17		1358	3426.217618000
17		43	3426.275751000
17		1358	3426.277305000
17		1358	3426.332424000
17		43	3426.337891000
17		1358	3426.387142000
17		43	3426.400047000
17		1358	3426.442979000
17		43	3426.462367000
17		1358	3426.497307000
17		43	3426.524179000
17		1358	3426.553035000
17		43	3426.585871000
17		1358	3426.608291000
17		43	3426.648362000
17		1358	3426.663259000
17		43	3426.710531000
17		1358	3426.718275000
17		48	3426.771682000
17		1358	3426.773825000
17		43	3426.834539000
17		1358	3426.836187000
17		43	3426.896257000
17		1358	3426.897902000
17		43	3426.958438000
17		1358	3426.970801000
17		43	3427.020134000
17		43	3427.082034000
17		1358	3427.083667000
17		43	3427.144255000
17		1358	3427.145866000
17		43	3427.205876000
17		1358	3427.207402000
17		43	3427.268020000
17		1358	3427.269183000
17		43	3427.330481000
17		1358	3427.332349000
17		43	3427.392278000
17		1358	3427.393833000
17		43	3427.454548000
17		1358	3427.455509000
17		43	3427.516298000
17		1358	3427.517794000
17		43	3427.577956000
17		1358	3427.579554000
17		43	3427.640196000
17		1358	3427.641758000
17		1358	3427.696805000
17		43	3427.703280000
17		1358	3427.751591000
17		43	3427.763957000
17		1358	3427.806392000
6	0		3427.816200000
6	0		3427.816261000
17		43	3427.825925000
17		1358	3427.850768000
17		43	3427.887647000
17		1358	3427.895122000
17		43	3427.950307000
17		1358	3427.968166000
17		48	3428.012464000
17		35	3428.025820000
17		1358	3428.041028000
17		43	3428.074549000
17		1358	3428.096610000
17		43	3428.136374000
17		1358	3428.151768000
17		43	3428.197774000
17		1358	3428.206634000
17		43	3428.259894000
17		1358	3428.261484000
17		43	3428.322244000
17		1358	3428.323771000
17		43	3428.384084000
17		1358	3428.385639000
6	0		3428.439580000
6	0		3428.439635000
17		1358	3428.440767000
17		43	3428.446250000
17		1358	3428.495116000
17		43	3428.508115000
17		1358	3428.550343000
17		43	3428.569752000
6	68		3428.581423000
17		1358	3428.604817000
17		43	3428.631824000
17		1358	3428.660423000
6	0		3428.687806000
6	41		3428.693591000
17		43	3428.694120000
17		1358	3428.716286000
17		43	3428.756833000
17		1358	3428.772205000
17		43	3428.817781000
17		1358	3428.819145000
6	52		3428.869050000
6	0		3428.869093000
6	0		3428.870147000
6	0		3428.870610000
17		43	3428.880702000
17		779	3428.881447000
6	0		3428.941505000
17		43	3428.942407000
6	21		3428.950538000
6	0		3428.950574000
6	1080		3428.951546000
17		43	3429.003758000
17		43	3429.066258000
17		43	3429.128503000
6	0		3429.153683000
17		43	3429.190272000
6	440		3429.206495000
6	0		3429.250238000
17		1036	3429.252189000
17		41	3429.252817000
17		1358	3429.253451000
17		1358	3429.253468000
17		1358	3429.253472000
17		1358	3429.253475000
17		1358	3429.253478000
17		1358	3429.308823000
17		1358	3429.363179000
17		49	3429.375843000
17		35	3429.389460000
17		1358	3429.417264000
17		43	3429.438528000
17		1358	3429.471637000
6	48		3429.498127000
6	0		3429.498165000
17		43	3429.500472000
6	280		3429.502378000
17		1358	3429.526661000
17		43	3429.561760000
17		1358	3429.582121000
17		43	3429.624052000
17		1358	3429.636621000
17		43	3429.686573000
17		1358	3429.692097000
17		43	3429.748264000
17		1358	3429.749819000
6	16		3429.759801000
6	0		3429.802226000
17		43	3429.810607000
17		1358	3429.812165000
17		43	3429.872139000
17		1358	3429.873663000
17		43	3429.934236000
17		1358	3429.946048000
17		43	3429.995915000
17		1358	3430.019160000
6	52		3430.050148000
6	0		3430.050213000
6	52		3430.050354000
17		43	3430.058440000
17		1358	3430.073643000
17		43	3430.120602000
17		1358	3430.128955000
17		43	3430.182079000
17		1358	3430.183607000
17		1358	3430.238429000
17		43	3430.244231000
17		1358	3430.292606000
6	84		3430.300933000
17		43	3430.306045000
6	0		3430.342220000
17		1358	3430.348098000
17		43	3430.367690000
17		1358	3430.402774000
17		43	3430.430395000
17		1358	3430.458135000
17		43	3430.491945000
17		1358	3430.513405000
17		43	3430.554262000
17		1358	3430.567766000
17		48	3430.616046000
17		1358	3430.623077000
17		43	3430.677933000
17		1358	3430.679509000
17		43	3430.740192000
17		1358	3430.741764000
17		43	3430.801826000
17		1358	3430.803387000
17		1358	3430.848188000
17		43	3430.863983000
17		1358	3430.890382000
17		43	3430.926346000
17		1358	3430.963173000
17		43	3430.988658000
17		1358	3431.035527000
17		43	3431.050519000
17		1358	3431.090906000
17		43	3431.111715000
17		1358	3431.145979000
17		43	3431.173972000
17		1358	3431.200836000
17		43	3431.236120000
17		1358	3431.256214000
17		43	3431.297985000
17		1358	3431.310820000
17		43	3431.360381000
17		1358	3431.365571000
17		43	3431.421966000
17		1358	3431.423578000
17		43	3431.484032000
17		1358	3431.485803000
17		1358	3431.541123000
17		43	3431.545989000
17		1358	3431.594800000
17		43	3431.608342000
17		1358	3431.650020000
17		43	3431.670135000
17		1358	3431.705309000
17		43	3431.732285000
17		1358	3431.759782000
17		43	3431.794509000
17		740	3431.803619000
17		48	3431.856315000
17		35	3431.870461000
17		43	3431.918095000
17		43	3431.979959000
17		43	3432.042064000
17		43	3432.104069000
6	68		3432.106391000
17		1125	3432.165948000
17		41	3432.166589000
17		148	3432.167311000
17		1353	3432.167334000
17		1358	3432.167339000
17		1358	3432.167344000
17		1358	3432.167348000
17		1358	3432.222810000
17		1358	3432.276739000
17		49	3432.289713000
17		35	3432.303395000
17		1358	3432.330489000
17		43	3432.352119000
6	52		3432.363391000
6	0		3432.363433000
6	0		3432.363453000
6	0		3432.364859000
17		1358	3432.384311000
17		43	3432.413896000
17		1358	3432.439762000
17		43	3432.476479000
17		1358	3432.494014000
17		43	3432.537897000
17		1358	3432.547429000
17		43	3432.600312000
17		1358	3432.602108000
6	0		3432.612793000
17		1358	3432.656432000
17		43	3432.662036000
17		1358	3432.710361000
17		43	3432.723677000
17		1358	3432.764597000
17		43	3432.785745000
17		43	3432.847752000
17		43	3432.909831000
17		1358	3432.911386000
17		43	3432.972050000
17		1358	3432.973215000
17		43	3433.034490000
17		1358	3433.035803000
17		43	3433.096017000
17		1358	3433.097550000
17		1358	3433.152283000
17		43	3433.158367000
17		1358	3433.204571000
17		43	3433.220371000
17		1358	3433.257895000
17		43	3433.281753000
17		1358	3433.311594000
17		43	3433.344269000
17		1358	3433.364198000
17		43	3433.405753000
17		1358	3433.418340000
17		43	3433.468240000
17		1358	3433.469683000
17		1358	3433.525047000
17		48	3433.530616000
17		35	3433.545362000
17		1358	3433.577407000
17		43	3433.592203000
17		1358	3433.630967000
17		43	3433.654622000
17		1358	3433.683680000
17		43	3433.716409000
17		1358	3433.736821000
17		43	3433.777893000
17		1358	3433.789995000
17		43	3433.840518000
17		1358	3433.842235000
17		1358	3433.896827000
17		43	3433.902287000
17		1358	3433.949388000
17		43	3433.964201000
17		1358	3434.003894000
17		43	3434.025995000
17		1358	3434.056824000
17		43	3434.088534000
17		1358	3434.109651000
17		43	3434.150074000
17		1358	3434.163302000
17		43	3434.211926000
17		1358	3434.216213000
17		1358	3434.267981000
17		43	3434.274374000
17		1358	3434.321217000
17		43	3434.335805000
17		1358	3434.374389000
17		43	3434.398423000
17		1358	3434.417000000
17		43	3434.459758000
17		1358	3434.461330000
17		1358	3434.502468000
17		43	3434.522270000
17		1358	3434.545094000
17		43	3434.584364000
17		1358	3434.585915000
17		43	3434.646570000
17		1358	3434.658002000
17		43	3434.708194000
17		1358	3434.728549000
17		48	3434.770229000
17		35	3434.783347000
17		1358	3434.799234000
17		43	3434.832195000
17		1358	3434.870223000
17		43	3434.894455000
17		1358	3434.923590000
17		43	3434.955596000
17		1358	3434.976619000
17		43	3435.018116000
17		1358	3435.029960000
17		43	3435.080019000
17		589	3435.080052000
17		36	3435.081544000
17		1358	3435.081610000
17		77	3435.089551000
17		33	3435.089588000
6	0		3435.136495000
6	0		3435.136551000
17		1358	3435.136570000
17		43	3435.141645000
17		1358	3435.189658000
17		43	3435.203698000
17		217	3435.242688000
17		43	3435.265885000
6	0		3435.324959000
17		43	3435.327938000
6	41		3435.330530000
17		43	3435.390856000
17		41	3435.390888000
17		44	3435.452429000
17		43	3435.452463000
17		41	3435.452471000
17		33	3435.478566000
17		43	3435.514678000
6	0		3435.518942000
6	21		3435.523235000
6	0		3435.523274000
6	1080		3435.524416000
17		1036	3435.576388000
17		41	3435.577017000
17		139	3435.577857000
17		1353	3435.577882000
17		1358	3435.577888000
17		1358	3435.577892000
17		1358	3435.577896000
17		1358	3435.577900000
17		1358	3435.577903000
17		1358	3435.577907000
17		1358	3435.577910000
17		1358	3435.577914000
17		1358	3435.632149000
17		1358	3435.684706000
17		49	3435.699803000
17		35	3435.714059000
6	440		3435.720393000
17		43	3435.762054000
6	0		3435.762196000
17		43	3435.824310000
17		43	3435.886388000
17		43	3435.948322000
17		1358	3435.949971000
6	48		3435.950544000
6	0		3435.950568000
6	280		3435.954430000
17		43	3436.010584000
17		1358	3436.012164000
17		43	3436.072235000
17		1358	3436.073853000
17		43	3436.133675000
17		41	3436.133711000
17		37	3436.135268000
17		1358	3436.145387000
6	16		3436.154745000
17		43	3436.196365000
6	0		3436.198211000
17		1358	3436.217251000
17		43	3436.258489000
17		1358	3436.271255000
17		43	3436.320399000
17		1358	3436.325681000
17		43	3436.382536000
17		1358	3436.384208000
6	52		3436.386607000
6	0		3436.386639000
6	52		3436.386733000
17		43	3436.443996000
17		1358	3436.445505000
17		43	3436.506538000
17		1358	3436.508112000
17		43	3436.567961000
17		1358	3436.569510000
6	100		3436.582265000
17		1358	3436.623672000
6	0		3436.626224000
17		43	3436.630258000
17		1358	3436.676497000
17		43	3436.692199000
17		1358	3436.730543000
17		43	3436.753876000
17		1358	3436.785075000
17		43	3436.816013000
17		1358	3436.839329000
17		43	3436.878100000
17		1358	3436.893276000
17		43	3436.940421000
17		1358	3436.947023000
17		43	3437.002564000
17		1358	3437.004149000
17		43	3437.063683000
17		1358	3437.065267000
17		43	3437.126274000
17		1358	3437.137105000
17		43	3437.188385000
17		1358	3437.209327000
17		43	3437.250258000
17		1358	3437.262677000
17		43	3437.312482000
17		1358	3437.317048000
17		1358	3437.370153000
17		48	3437.373855000
17		35	3437.387553000
17		1358	3437.422080000
17		43	3437.436357000
17		1358	3437.476775000
17		43	3437.498069000
17		1358	3437.530971000
17		43	3437.560050000
17		1358	3437.585020000
17		43	3437.622209000
17		1358	3437.638907000
17		43	3437.684119000
17		1358	3437.692932000
17		43	3437.746257000
17		1358	3437.747749000
17		43	3437.808308000
17		1358	3437.809853000
17		43	3437.870017000
17		1358	3437.871564000
17		43	3437.932265000
17		1358	3437.933852000
17		43	3437.993955000
17		1358	3437.995511000
17		1358	3438.038642000
17		43	3438.056181000
17		1358	3438.081704000
17		43	3438.117920000
17		627	3438.153629000
17		43	3438.180263000
17		43	3438.241911000
17		43	3438.303933000
17		43	3438.366265000
17		43	3438.428266000
17		1125	3438.490567000
17		41	3438.491203000
17		1358	3438.492067000
17		1358	3438.492089000
17		1358	3438.492093000
17		1358	3438.492096000
17		1358	3438.492100000
17		1358	3438.546332000
17		1358	3438.600698000
17		49	3438.614325000
17		35	3438.628160000
17		1358	3438.653794000
17		43	3438.675994000
17		1358	3438.708653000
17		43	3438.738257000
17		1358	3438.763505000
17		43	3438.799844000
17		1358	3438.817329000
17		43	3438.861872000
17		1358	3438.871379000
17		43	3438.924531000
17		1358	3438.925625000
17		43	3438.985818000
17		1358	3438.986929000
17		43	3439.047940000
17		1358	3439.049596000
17		43	3439.110772000
17		1358	3439.112371000
17		43	3439.172229000
17		1358	3439.185392000
6	68		3439.211005000
17		43	3439.233755000
17		1358	3439.257709000
17		43	3439.295931000
17		1358	3439.312628000
17		43	3439.357964000
17		1358	3439.367858000
6	52		3439.410274000
6	0		3439.410320000
6	0		3439.410345000
6	0		3439.411687000
17		43	3439.420111000
17		1358	3439.421734000
17		1358	3439.475390000
17		43	3439.482300000
17		1358	3439.529512000
17		43	3439.543931000
17		1358	3439.584441000
6	0		3439.600093000
17		43	3439.606449000
17		1358	3439.638504000
17		43	3439.667679000
17		1358	3439.693116000
17		43	3439.729855000
17		1358	3439.746921000
17		43	3439.792315000
17		1358	3439.801734000
17		48	3439.853800000
17		1358	3439.854680000
17		43	3439.916055000
17		1358	3439.917638000
17		43	3439.978043000
17		1358	3439.979617000
17		43	3440.040148000
17		1358	3440.041731000
17		1358	3440.085291000
17		43	3440.102412000
17		1358	3440.128547000
17		43	3440.164580000
17		1358	3440.200728000
17		43	3440.225633000
17		1358	3440.273857000
17		43	3440.287892000
17		1358	3440.328433000
17		43	3440.350093000
17		1358	3440.382370000
17		43	3440.411813000
17		1358	3440.436550000
17		43	3440.474443000
17		1358	3440.490420000
17		43	3440.535699000
17		1358	3440.545251000
17		43	3440.597671000
17		1358	3440.599225000
17		43	3440.660348000
17		1358	3440.661233000
17		43	3440.722448000
17		1358	3440.723980000
17		1358	3440.778781000
17		43	3440.784397000
17		1358	3440.831931000
17		43	3440.846557000
17		1358	3440.886611000
17		43	3440.908238000
17		1358	3440.941047000
17		43	3440.969939000
17		1358	3440.996391000
17		43	3441.032122000
17		743	3441.040987000
17		48	3441.093759000
17		35	3441.108195000
17		43	3441.156111000
17		43	3441.218376000
17		43	3441.279641000
17		1126	3441.342485000
17		41	3441.343116000
17		1358	3441.345886000
17		1358	3441.400254000
17		43	3441.404473000
17		1358	3441.454680000
17		49	3441.466388000
17		35	3441.480315000
17		1358	3441.507682000
17		43	3441.527929000
17		1358	3441.562077000
17		43	3441.589986000
17		1358	3441.615379000
17		43	3441.652593000
17		1358	3441.668773000
17		43	3441.714486000
17		1358	3441.723114000
17		43	3441.776048000
17		1358	3441.777591000
17		1358	3441.831073000
17		43	3441.838721000
17		1358	3441.885805000
17		43	3441.900483000
17		1358	3441.939975000
17		43	3441.962162000
17		1358	3441.993875000
17		43	3442.024499000
17		1358	3442.036656000
17		1358	3442.080570000
17		43	3442.086067000
17		1358	3442.124319000
17		43	3442.147872000
17		1358	3442.196747000
17		43	3442.210553000
17		1358	3442.250162000
17		43	3442.271922000
17		1358	3442.301443000
17		43	3442.334244000
17		1358	3442.351167000
17		43	3442.395733000
17		1358	3442.401762000
17		1358	3442.451064000
17		43	3442.458581000
17		1358	3442.500050000
17		43	3442.519786000
17		1358	3442.549958000
17		43	3442.582530000
17		1358	3442.599709000
17		43	3442.644503000
17		1358	3442.650023000
17		1358	3442.698685000
17		48	3442.705988000
17		35	3442.720611000
17		1358	3442.748652000
17		43	3442.767908000
17		1358	3442.798766000
17		43	3442.829858000
17		1358	3442.847754000
17		43	3442.891963000
17		1358	3442.897038000
17		1358	3442.937451000
17		43	3442.954295000
17		1358	3442.976775000
6	0		3442.980851000
6	0		3442.980911000
17		43	3443.016095000
17		1358	3443.017688000
17		43	3443.078222000
17		1358	3443.083296000
17		43	3443.139914000
17		1358	3443.148760000
17		1358	3443.198326000
17		43	3443.202400000
17		252	3443.249137000
17		43	3443.264405000
17		43	3443.326389000
17		43	3443.388502000
17		43	3443.450496000
17		43	3443.511779000
17		1126	3443.574585000
17		41	3443.575197000
17		143	3443.576000000
17		1353	3443.576044000
17		1358	3443.576050000
17		1358	3443.576053000
17		1358	3443.576057000
17		1358	3443.576061000
17		1358	3443.626503000
17		1358	3443.676262000
17		49	3443.697733000
17		35	3443.711799000
17		43	3443.759695000
17		1358	3443.761283000
17		1358	3443.812056000
17		43	3443.821892000
17		1358	3443.861251000
17		43	3443.884283000
17		1358	3443.911509000
17		43	3443.946493000
17		1358	3443.961869000
17		43	3444.007709000
17		1358	3444.009227000
17		43	3444.070029000
17		1358	3444.071809000
17		43	3444.132395000
17		1358	3444.138466000
17		43	3444.194109000
17		1358	3444.205691000
17		43	3444.255743000
17		1358	3444.257163000
17		43	3444.318170000
17		1358	3444.319741000
6	0		3444.379769000
17		43	3444.379796000
6	0		3444.381180000
17		1358	3444.381456000
17		43	3444.442031000
17		1358	3444.443557000
17		43	3444.503727000
17		1358	3444.505362000
17		1358	3444.555186000
17		43	3444.565735000
17		1358	3444.605940000
17		43	3444.627797000
17		1358	3444.656665000
17		43	3444.690247000
17		1358	3444.707786000
17		43	3444.751925000
17		1358	3444.758576000
17		43	3444.814142000
17		1358	3444.815718000
17		43	3444.876267000
17		1358	3444.877862000
17		48	3444.937873000
17		1358	3444.939080000
17		43	3445.000058000
17		1358	3445.001644000
17		43	3445.062305000
17		1358	3445.063876000
17		43	3445.124539000
17		1358	3445.130601000
17		43	3445.186146000
17		1358	3445.197359000
17		43	3445.248612000
17		1358	3445.249593000
17		1358	3445.300598000
17		43	3445.309906000
17		1358	3445.349848000
17		43	3445.372091000
17		1358	3445.400284000
17		43	3445.434125000
17		1358	3445.451396000
17		43	3445.496483000
17		1358	3445.501734000
17		43	3445.557764000
17		1358	3445.559612000
17		43	3445.620117000
17		1358	3445.621665000
17		43	3445.681988000
17		1358	3445.683491000
17		43	3445.743922000
17		1358	3445.745463000
17		43	3445.805768000
17		1358	3445.807361000
17		43	3445.867731000
17		1358	3445.869279000
17		43	3445.930477000
17		1358	3445.932125000
17		1358	3445.973053000
17		43	3445.992495000
17		1358	3446.012192000
17		43	3446.054208000
17		1358	3446.054997000
17		43	3446.115644000
17		636	3446.125150000
17		48	3446.178296000
17		35	3446.192489000
17		43	3446.240289000
17		43	3446.302541000
17		43	3446.364040000
17		43	3446.426061000
17		1036	3446.488013000
17		41	3446.488804000
17		139	3446.489532000
17		1353	3446.489541000
17		1358	3446.489564000
17		1358	3446.489570000
17		1358	3446.489574000
17		1358	3446.542273000
17		1358	3446.593561000
17		49	3446.612017000
17		35	3446.626121000
17		1358	3446.645153000
17		43	3446.674001000
17		1358	3446.697473000
17		43	3446.736375000
17		1358	3446.750020000
17		43	3446.797915000
17		1358	3446.802015000
17		1358	3446.853697000
17		43	3446.860296000
17		1358	3446.905217000
17		43	3446.921924000
17		1358	3446.957313000
17		43	3446.984308000
17		1358	3447.009465000
17		43	3447.046412000
17		1358	3447.051253000
17		43	3447.107797000
17		1358	3447.109386000
17		43	3447.170473000
17		1358	3447.180977000
17		43	3447.231645000
17		1358	3447.253113000
17		43	3447.294269000
17		1358	3447.307600000
17		43	3447.356276000
17		1358	3447.361971000
17		43	3447.417662000
17		1358	3447.418629000
17		1358	3447.472535000
17		43	3447.480493000
17		1358	3447.525764000
17		43	3447.541948000
17		1358	3447.580390000
17		43	3447.603917000
17		1358	3447.634603000
17		43	3447.665744000
17		1358	3447.688693000
17		43	3447.727859000
17		1358	3447.742014000
17		43	3447.789844000
17		1358	3447.796061000
17		48	3447.852134000
17		1358	3447.853742000
17		43	3447.914474000
17		1358	3447.915936000
17		43	3447.975914000
17		1358	3447.976785000
17		43	3448.038373000
17		1358	3448.039882000
17		43	3448.099843000
17		1358	3448.101463000
17		43	3448.162219000
17		1358	3448.173212000
17		43	3448.223624000
17		1358	3448.243818000
17		43	3448.286429000
17		1358	3448.296719000
17		43	3448.347970000
17		1358	3448.349474000
17		1358	3448.403550000
17		43	3448.410122000
17		1358	3448.456491000
17		43	3448.471783000
17		1358	3448.510722000
17		43	3448.533759000
17		1358	3448.564663000
17		43	3448.595842000
17		1358	3448.618015000
17		43	3448.657992000
17		1358	3448.671684000
17		43	3448.720263000
17		1358	3448.725952000
17		43	3448.782563000
17		1358	3448.784119000
17		43	3448.844637000
17		1358	3448.845390000
17		1358	3448.898711000
17		43	3448.906432000
17		1358	3448.952064000
17		43	3448.967918000
17		1358	3449.006032000
17		43	3449.030261000
17		636	3449.049449000
17		48	3449.092339000
17		35	3449.106032000
17		43	3449.153665000
17		43	3449.216416000
17		43	3449.278579000
17		43	3449.340542000
17		1126	3449.402093000
17		41	3449.402749000
17		143	3449.403538000
17		1353	3449.403562000
17		1358	3449.403567000
17		1358	3449.403572000
17		1358	3449.403576000
17		1358	3449.456863000
17		1358	3449.510908000
17		49	3449.526613000
17		35	3449.539941000
17		1358	3449.563263000
17		43	3449.588341000
17		1358	3449.616503000
17		43	3449.650561000
17		1358	3449.670536000
17		43	3449.711849000
17		1358	3449.723619000
17		43	3449.773830000
17		1358	3449.774697000
17		1358	3449.828876000
17		43	3449.835881000
17		1358	3449.882508000
17		43	3449.898408000
17		1358	3449.936056000
17		43	3449.959709000
17		1358	3449.990533000
17		43	3450.022155000
17		1358	3450.045012000
17		43	3450.083911000
17		1358	3450.088033000
17		43	3450.146452000
17		1358	3450.148143000
17		43	3450.208397000
17		1358	3450.219394000
17		43	3450.269954000
17		1358	3450.291405000
17		43	3450.332505000
17		1358	3450.345329000
17		43	3450.394032000
17		1358	3450.400225000
17		1358	3450.453315000
17		43	3450.456415000
17		1358	3450.504536000
17		43	3450.518478000
17		1358	3450.558348000
17		43	3450.579916000
17		1358	3450.612061000
17		43	3450.642287000
17		1358	3450.666405000
17		43	3450.704129000
17		1358	3450.720528000
17		48	3450.765654000
17		1358	3450.773914000
17		43	3450.827831000
17		1358	3450.828857000
17		43	3450.890444000
17		1358	3450.892067000
17		43	3450.952132000
17		1358	3450.953405000
17		43	3451.014219000
17		1358	3451.015701000
17		1358	3451.059836000
17		43	3451.075631000
17		1358	3451.101684000
17		43	3451.137999000
17		1358	3451.145684000
17		43	3451.199961000
17		1358	3451.217498000
17		43	3451.261829000
17		1358	3451.288699000
17		43	3451.323735000
17		1358	3451.342885000
17		43	3451.385771000
17		1358	3451.396745000
17		43	3451.447980000
17		1358	3451.449546000
17		43	3451.509852000
17		43	3451.571722000
17		43	3451.633799000
17		1358	3451.635938000
17		43	3451.696098000
17		1358	3451.697607000
17		43	3451.758308000
17		1358	3451.759875000
17		1358	3451.814190000
17		43	3451.819972000
17		1358	3451.867234000
17		43	3451.882309000
17		1358	3451.922038000
17		43	3451.944607000
17		1358	3451.974434000
17		48	3452.006457000
17		35	3452.020100000
17		1358	3452.028356000
17		43	3452.068455000
6	0		3452.068491000
6	0		3452.068904000
17		636	3452.081211000
17		43	3452.129755000
17		43	3452.192536000
17		43	3452.254682000
17		1126	3452.316102000
17		41	3452.316727000
17		143	3452.317576000
17		1353	3452.317599000
17		1358	3452.317603000
17		1358	3452.317607000
17		1358	3452.317610000
17		1358	3452.317613000
17		1358	3452.317617000
17		1358	3452.317620000
17		1358	3452.317623000
17		1358	3452.372314000
17		1358	3452.424552000
17		49	3452.440238000
17		35	3452.454269000
17		43	3452.502197000
17		43	3452.564520000
17		43	3452.625755000
17		1358	3452.626904000
17		43	3452.687760000
17		1358	3452.688298000
17		43	3452.750189000
17		1358	3452.751782000
17		43	3452.811920000
17		1358	3452.813505000
17		43	3452.874027000
17		1358	3452.875642000
17		43	3452.936544000
17		1358	3452.938117000
17		43	3452.997879000
17		1358	3452.999345000
17		43	3453.060272000
17		1358	3453.061874000
17		43	3453.122611000
17		1358	3453.123777000
17		43	3453.184135000
17		1358	3453.185187000
17		43	3453.246007000
17		1358	3453.246947000
17		1358	3453.301152000
17		43	3453.308487000
17		1358	3453.354390000
17		43	3453.370362000
17		1358	3453.408189000
17		43	3453.431769000
17		1358	3453.462426000
17		43	3453.494373000
17		1358	3453.505731000
17		43	3453.556583000
17		1358	3453.557861000
17		43	3453.617833000
17		1358	3453.629824000
17		48	3453.680225000
17		37	3453.694794000
17		1358	3453.701787000
17		43	3453.741993000
17		1358	3453.756487000
17		43	3453.803978000
17		1358	3453.810890000
17		43	3453.865698000
17		1358	3453.867154000
17		43	3453.928146000
17		1358	3453.929502000
17		1358	3453.983353000
17		43	3453.990509000
17		1358	3454.036412000
17		43	3454.052486000
17		1358	3454.090291000
17		43	3454.114607000
17		1358	3454.144811000
17		43	3454.175947000
17		1358	3454.198963000
17		43	3454.237921000
17		1358	3454.252965000
17		43	3454.300082000
17		1358	3454.306726000
17		43	3454.362103000
17		1358	3454.364015000
17		43	3454.424011000
17		1358	3454.424804000
17		43	3454.486417000
17		1358	3454.487416000
17		43	3454.548070000
17		1358	3454.549172000
17		43	3454.609633000
17		1358	3454.621182000
17		43	3454.672359000
17		1358	3454.692787000
17		43	3454.734256000
17		1358	3454.746709000
17		43	3454.795984000
17		1358	3454.800169000
17		1358	3454.852968000
17		43	3454.858007000
17		627	3454.906990000
17		48	3454.920359000
17		35	3454.933828000
17		43	3454.982273000
17		43	3455.044151000
17		690	3455.106710000
17		43	3455.106736000
17		36	3455.108648000
17		75	3455.117173000
17		33	3455.118267000
17		43	3455.167774000
17		44	3455.230288000
17		1036	3455.230320000
17		41	3455.230329000
17		41	3455.230949000
17		139	3455.231698000
17		1353	3455.231708000
17		1358	3455.231713000
17		1358	3455.231717000
17		1358	3455.231722000
17		33	3455.256519000
17		1358	3455.286086000
17		1358	3455.339304000
17		49	3455.353931000
17		35	3455.367496000
17		1358	3455.392739000
17		43	3455.416372000
17		1358	3455.445494000
17		43	3455.478247000
17		1358	3455.499722000
17		43	3455.540062000
17		1358	3455.541494000
17		1358	3455.584558000
17		43	3455.601905000
17		1358	3455.627242000
17		43	3455.664266000
17		1358	3455.699001000
17		43	3455.725649000
17		1358	3455.771072000
17		43	3455.788192000
17		1358	3455.825117000
17		43	3455.850215000
17		1358	3455.878883000
17		43	3455.911759000
17		1358	3455.933594000
17		43	3455.974237000
17		1358	3455.987085000
17		43	3456.035949000
17		1358	3456.041747000
17		43	3456.098320000
17		1358	3456.099894000
17		43	3456.160576000
17		1358	3456.162119000
17		43	3456.222096000
17		1358	3456.222647000
17		1358	3456.277200000
17		43	3456.284454000
17		1358	3456.330402000
17		43	3456.345788000
17		1358	3456.384474000
17		43	3456.408299000
17		1358	3456.438655000
17		43	3456.469777000
17		1358	3456.492706000
17		43	3456.531887000
17		1358	3456.536585000
17		48	3456.594104000
17		1358	3456.595626000
17		43	3456.655889000
17		1358	3456.667754000
17		43	3456.717980000
17		1358	3456.739969000
17		43	3456.780508000
17		1358	3456.795050000
17		43	3456.842556000
17		1358	3456.849565000
17		43	3456.904444000
17		1358	3456.905538000
17		1358	3456.959295000
17		43	3456.966026000
17		1358	3457.012567000
17		43	3457.028622000
17		1358	3457.066642000
17		43	3457.090473000
17		1358	3457.120276000
17		43	3457.152177000
17		1358	3457.174817000
17		43	3457.213646000
17		1358	3457.229172000
17		43	3457.276145000
17		1358	3457.283192000
17		43	3457.338669000
17		1358	3457.340145000
17		43	3457.399647000
17		1358	3457.401228000
17		43	3457.462514000
17		1358	3457.464142000
17		43	3457.523862000
17		1358	3457.525123000
17		43	3457.586620000
17		1358	3457.588191000
17		43	3457.648826000
17		1358	3457.660526000
17		43	3457.710470000
17		1358	3457.731363000
17		43	3457.771855000
17		1358	3457.784562000
17		48	3457.834511000
17		645	3457.835858000
17		43	3457.895982000
17		43	3457.958196000
17		43	3458.020243000
17		43	3458.082143000
17		1126	3458.144020000
17		41	3458.144685000
17		1358	3458.146374000
17		1358	3458.146397000
17		1358	3458.146400000
17		1358	3458.146404000
17		1358	3458.146408000
17		1358	3458.200562000
17		1358	3458.252992000
17		49	3458.268353000
17		35	3458.281973000
17		1358	3458.306185000
17		43	3458.330362000
17		1358	3458.360921000
17		43	3458.392509000
17		1358	3458.415691000
17		43	3458.454261000
17		1358	3458.469688000
17		43	3458.515961000
17		1358	3458.523642000
17		43	3458.578236000
17		1358	3458.579119000
17		43	3458.640035000
17		1358	3458.641889000
17		43	3458.702241000
17		1358	3458.713306000
17		43	3458.764164000
17		1358	3458.785462000
17		43	3458.826526000
17		1358	3458.839082000
17		43	3458.887757000
17		1358	3458.893330000
17		43	3458.950292000
17		1358	3458.951908000
17		43	3459.011699000
17		1358	3459.013317000
17		1358	3459.067363000
17		43	3459.074030000
17		1358	3459.119963000
17		43	3459.136584000
17		1358	3459.174580000
17		43	3459.198289000
17		1358	3459.229370000
17		43	3459.260095000
17		1358	3459.283789000
6	0		3459.301244000
6	0		3459.301326000
17		43	3459.321785000
17		1358	3459.337747000
6	0		3459.340693000
6	12		3459.340961000
6	0		3459.380037000
6	12		3459.380080000
6	0		3459.380091000
6	1		3459.380309000
6	4		3459.380333000
6	32		3459.380344000
6	0		3459.380358000
17		43	3459.384328000
17		1358	3459.392727000
6	0		3459.419202000
6	0		3459.419239000
6	0		3459.419267000
6	0		3459.419368000
6	0		3459.419404000
17		43	3459.446046000
17		1358	3459.447793000
17		48	3459.508416000
17		1358	3459.509680000
17		43	3459.570138000
17		1358	3459.571811000
17		43	3459.632083000
17		1358	3459.633706000
17		43	3459.694543000
17		1358	3459.705043000
17		43	3459.756181000
17		1358	3459.777166000
17		43	3459.818777000
17		1358	3459.830287000
17		43	3459.880492000
17		1358	3459.883568000
17		1358	3459.936355000
17		43	3459.942554000
17		1358	3459.989808000
17		43	3460.004612000
17		1358	3460.043787000
17		43	3460.066245000
17		1358	3460.097731000
17		43	3460.128016000
17		1358	3460.152373000
17		43	3460.189869000
17		1358	3460.206589000
6	0		3460.226255000
17		43	3460.252591000
17		1358	3460.261324000
17		43	3460.313892000
17		688	3460.315499000
17		43	3460.375636000
17		43	3460.438524000
17		43	3460.499699000
17		43	3460.562384000
17		43	3460.624145000
17		1125	3460.685947000
17		41	3460.686604000
17		1358	3460.687416000
17		1358	3460.687433000
17		1358	3460.687437000
17		1358	3460.687441000
17		1358	3460.687444000
17		1358	3460.730838000
17		1358	3460.773687000
17		49	3460.810541000
17		1358	3460.816106000
17		43	3460.871933000
17		1358	3460.888244000
17		43	3460.933766000
17		1358	3460.959517000
17		43	3460.996434000
17		1358	3461.013925000
17		43	3461.057808000
17		1358	3461.067687000
17		43	3461.120312000
17		1358	3461.121831000
17		43	3461.182520000
17		1358	3461.184015000
17		43	3461.244195000
17		1358	3461.245717000
17		43	3461.306376000
17		1358	3461.307922000
17		43	3461.367990000
17		1358	3461.368871000
17		43	3461.430638000
17		1358	3461.432147000
17		43	3461.492248000
17		1358	3461.493774000
17		1358	3461.548230000
17		43	3461.554337000
17		1358	3461.602375000
17		43	3461.616427000
17		1358	3461.657066000
17		43	3461.677836000
17		1358	3461.711390000
17		43	3461.740251000
17		1358	3461.755308000
17		43	3461.801654000
17		1358	3461.803694000
17		43	3461.864446000
17		1358	3461.876524000
17		43	3461.925693000
17		1358	3461.949280000
17		43	3461.987625000
17		1358	3462.003927000
17		48	3462.050659000
17		1358	3462.059313000
17		43	3462.112311000
17		1358	3462.113909000
17		43	3462.174487000
17		1358	3462.176020000
17		43	3462.236138000
17		1358	3462.237721000
17		1358	3462.292013000
17		43	3462.298197000
17		1358	3462.345495000
17		43	3462.360226000
17		1358	3462.399907000
17		43	3462.421654000
17		1358	3462.454162000
17		43	3462.484488000
17		1358	3462.508983000
17		43	3462.546566000
17		1358	3462.564059000
17		43	3462.608396000
17		1358	3462.618700000
17		43	3462.670240000
17		1358	3462.672837000
17		43	3462.731888000
17		1358	3462.734079000
17		43	3462.794623000
17		1358	3462.796189000
17		43	3462.856205000
17		1358	3462.868637000
17		43	3462.918385000
17		1358	3462.940859000
17		43	3462.979841000
17		1358	3462.995585000
17		43	3463.042411000
17		164	3463.048882000
17		43	3463.103893000
17		43	3463.166037000
17		43	3463.228256000
17		48	3463.290335000
17		35	3463.304067000
17		1126	3463.352281000
17		41	3463.352885000
17		143	3463.353677000
17		1353	3463.353698000
17		1358	3463.353706000
17		1358	3463.353709000
17		1358	3463.353712000
17		1358	3463.408223000
17		1358	3463.461363000
17		49	3463.475989000
17		35	3463.490065000
17		1358	3463.516068000
17		43	3463.538019000
17		1358	3463.568947000
17		43	3463.600116000
17		1358	3463.623393000
17		43	3463.662245000
17		1358	3463.676474000
17		43	3463.723636000
17		1358	3463.731454000
17		1358	3463.774029000
17		43	3463.785637000
17		1358	3463.816943000
17		43	3463.848226000
17		1358	3463.860462000
17		43	3463.910239000
17		1358	3463.932578000
17		43	3463.972224000
17		1358	3464.004004000
17		43	3464.033910000
17		1358	3464.057807000
17		43	3464.095777000
17		1358	3464.111848000
17		43	3464.158390000
17		1358	3464.166262000
17		43	3464.220238000
17		1358	3464.221813000
17		43	3464.282455000
17		1358	3464.284225000
17		1358	3464.338811000
17		43	3464.344043000
17		1358	3464.392239000
17		43	3464.406078000
17		1358	3464.445407000
17		43	3464.468698000
17		1358	3464.500476000
17		43	3464.530381000
17		1358	3464.554465000
17		43	3464.591965000
17		1358	3464.608841000
17		43	3464.653872000
17		1358	3464.663024000
17		48	3464.716155000
17		1358	3464.718100000
17		43	3464.778437000
17		1358	3464.780043000
17		43	3464.840686000
17		1358	3464.842512000
17		43	3464.902242000
17		1358	3464.915205000
17		43	3464.964086000
17		1358	3464.987774000
17		43	3465.026571000
17		1358	3465.041510000
17		43	3465.088123000
17		589	3465.088149000
17		36	3465.089113000
17		1358	3465.095475000
17		77	3465.097198000
17		33	3465.097355000
17		1358	3465.148194000
17		43	3465.149965000
17		1358	3465.201655000
17		43	3465.211687000
17		1358	3465.255789000
17		43	3465.273823000
17		1358	3465.309615000
17		43	3465.335892000
17		1358	3465.363831000
17		43	3465.398268000
17		41	3465.398290000
17		1358	3465.418082000
17		44	3465.460672000
17		43	3465.460699000
17		41	3465.460706000
17		1358	3465.472180000
17		33	3465.487020000
17		43	3465.522834000
17		1358	3465.525846000
17		43	3465.583758000
17		1358	3465.585372000
17		43	3465.646381000
17		1358	3465.647995000
17		43	3465.707784000
17		1358	3465.708380000
17		43	3465.770266000
17		1358	3465.771161000
17		43	3465.831724000
17		1358	3465.833305000
17		43	3465.894490000
17		1358	3465.905520000
17		48	3465.956100000
17		35	3465.969534000
17		636	3465.976328000
17		43	3466.017986000
17		43	3466.079744000
17		43	3466.141923000
17		43	3466.204278000
17		1036	3466.265842000
17		41	3466.266462000
17		139	3466.267377000
17		1353	3466.267431000
17		1358	3466.267435000
17		1358	3466.267439000
17		1358	3466.267442000
17		1358	3466.321488000
17		1358	3466.374586000
17		49	3466.390156000
17		35	3466.404014000
17		1358	3466.428369000
17		43	3466.452371000
17		1358	3466.481676000
17		43	3466.513961000
17		1358	3466.535822000
17		43	3466.575974000
17		1358	3466.588934000
17		43	3466.638039000
17		1358	3466.641322000
17		1358	3466.695288000
17		43	3466.700582000
17		1358	3466.748395000
17		43	3466.762510000
17		1358	3466.802248000
17		43	3466.823690000
17		1358	3466.845986000
17		43	3466.886511000
17		1358	3466.888401000
17		43	3466.948430000
17		1358	3466.961056000
17		43	3467.010620000
17		1358	3467.032768000
17		43	3467.072399000
17		1358	3467.087312000
17		43	3467.134069000
17		1358	3467.141801000
17		43	3467.196586000
17		1358	3467.198611000
17		1358	3467.252429000
17		43	3467.258281000
17		1358	3467.306081000
17		43	3467.320766000
17		1358	3467.360337000
17		43	3467.382401000
17		1358	3467.415054000
6	0		3467.420704000
6	0		3467.420753000
17		43	3467.444701000
6	0		3467.459978000
6	12		3467.460223000
17		1358	3467.469182000
6	0		3467.499506000
6	12		3467.499546000
6	0		3467.499560000
6	1		3467.499764000
6	4		3467.499781000
6	32		3467.499790000
6	0		3467.499804000
17		43	3467.506341000
17		1358	3467.523271000
6	0		3467.538997000
6	0		3467.539033000
6	0		3467.539052000
6	0		3467.539064000
17		43	3467.568340000
17		1358	3467.577378000
17		48	3467.629848000
17		1358	3467.631427000
17		43	3467.691633000
17		1358	3467.693213000
17		43	3467.753775000
17		1358	3467.755642000
17		43	3467.816383000
17		1358	3467.817969000
17		43	3467.878020000
17		1358	3467.879203000
17		43	3467.940211000
17		1358	3467.950926000
17		43	3468.002518000
17		1358	3468.021759000
17		43	3468.064307000
17		1358	3468.073913000
17		43	3468.126045000
17		1358	3468.127724000
17		1358	3468.180822000
17		43	3468.188108000
17		1358	3468.233520000
17		43	3468.250132000
17		1358	3468.287520000
17		43	3468.311829000
17		43	3468.373876000
17		43	3468.435891000
17		1358	3468.437005000
17		43	3468.498069000
17		1358	3468.499042000
17		43	3468.560147000
17		1358	3468.561844000
17		43	3468.622261000
17		1358	3468.623845000
17		1358	3468.677405000
17		43	3468.684082000
17		1358	3468.731027000
17		43	3468.745779000
17		1358	3468.783605000
17		43	3468.808238000
17		1358	3468.837340000
17		48	3468.869895000
17		35	3468.882984000
17		1358	3468.890101000
17		43	3468.932366000
17		636	3468.932536000
17		43	3468.994470000
17		43	3469.056079000
17		43	3469.118216000
17		1126	3469.180391000
17		41	3469.181002000
17		143	3469.181725000
17		1353	3469.181848000
17		1358	3469.181855000
17		1358	3469.181860000
17		1358	3469.181863000
17		1358	3469.181866000
17		1358	3469.181869000
17		1358	3469.181873000
17		1358	3469.181876000
17		1358	3469.181879000
17		1358	3469.225958000
17		1358	3469.267785000
17		49	3469.303840000
17		35	3469.317453000
17		43	3469.366078000
17		43	3469.427895000
17		43	3469.489884000
17		43	3469.552064000
17		1358	3469.553287000
17		43	3469.614229000
17		1358	3469.615757000
17		43	3469.676592000
17		1358	3469.678389000
17		43	3469.738156000
17		41	3469.738204000
17		1358	3469.740399000
17		43	3469.800464000
17		1358	3469.802011000
17		43	3469.861776000
17		1358	3469.862679000
17		43	3469.924267000
17		1358	3469.925745000
17		43	3469.986045000
17		1358	3469.987508000
17		43	3470.048109000
17		1358	3470.049787000
17		43	3470.110001000
17		1358	3470.111850000
17		1358	3470.165495000
17		43	3470.172150000
17		1358	3470.218918000
17		43	3470.233822000
17		1358	3470.261581000
17		43	3470.296307000
17		1358	3470.305338000
17		43	3470.358041000
17		1358	3470.377668000
17		43	3470.420615000
17		1358	3470.449048000
17		43	3470.482097000
17		1358	3470.503023000
17		43	3470.543680000
17		1358	3470.557877000
17		43	3470.606200000
17		1358	3470.611919000
17		43	3470.668691000
17		1358	3470.670732000
17		43	3470.730597000
17		1358	3470.731285000
17		43	3470.792440000
17		1358	3470.794058000
17		1358	3470.848537000
17		43	3470.854423000
6	0		3470.896236000
6	0		3470.896275000
17		1358	3470.901917000
17		43	3470.915775000
17		1358	3470.956517000
17		48	3470.978161000
17		35	3470.991379000
17		1358	3471.010403000
17		43	3471.040044000
17		1358	3471.064411000
17		43	3471.101730000
17		1358	3471.118978000
17		43	3471.164106000
17		1358	3471.176319000
17		43	3471.226544000
17		1358	3471.228058000
17		43	3471.288692000
17		1358	3471.290252000
17		43	3471.350298000
17		1358	3471.365726000
17		43	3471.412511000
17		1358	3471.441282000
17		43	3471.474402000
17		1358	3471.497657000
17		43	3471.535677000
17		1358	3471.554539000
17		43	3471.597807000
17		1358	3471.609486000
17		43	3471.659823000
17		1358	3471.664327000
17		1358	3471.718511000
17		43	3471.722280000
17		638	3471.772420000
17		43	3471.785073000
17		43	3471.846301000
17		43	3471.908204000
17		43	3471.970545000
17		43	3472.032247000
17		1125	3472.094135000
17		41	3472.094814000
17		148	3472.095473000
17		1353	3472.095498000
17		1358	3472.095503000
17		1358	3472.095508000
17		1358	3472.095513000
17		1358	3472.150908000
17		1358	3472.205157000
17		49	3472.217944000
17		35	3472.232457000
17		1358	3472.259573000
17		43	3472.280396000
17		1358	3472.302277000
17		43	3472.342068000
17		1358	3472.346836000
17		43	3472.404477000
17		1358	3472.419185000
17		43	3472.466088000
17		1358	3472.491831000
17		43	3472.528571000
17		1358	3472.545659000
17		43	3472.590262000
17		1358	3472.599118000
17		43	3472.652050000
17		1358	3472.653680000
17		1358	3472.706065000
17		43	3472.714265000
17		1358	3472.759377000
17		43	3472.776318000
17		1358	3472.814059000
17		43	3472.838508000
17		1358	3472.867547000
17		43	3472.900270000
17		1358	3472.921803000
17		43	3472.961889000
17		1358	3472.976532000
17		43	3473.023881000
17		1358	3473.031502000
17		43	3473.085822000
17		1358	3473.085977000
17		1358	3473.138856000
17		43	3473.147906000
17		1358	3473.193198000
17		43	3473.210020000
17		1358	3473.247205000
17		43	3473.272432000
17		1358	3473.290135000
17		43	3473.334468000
17		1358	3473.336064000
17		43	3473.396776000
17		1358	3473.407748000
17		48	3473.457800000
17		35	3473.472501000
17		1358	3473.479856000
17		43	3473.520023000
17		1358	3473.534094000
17		43	3473.582191000
17		1358	3473.588905000
17		43	3473.644603000
17		1358	3473.646181000
17		43	3473.706382000
17		1358	3473.707960000
17		43	3473.768591000
17		1358	3473.770102000
17		1358	3473.824195000
17		43	3473.830272000
17		1358	3473.877336000
17		43	3473.892520000
17		1358	3473.931088000
17		43	3473.954583000
17		1358	3473.985380000
17		43	3474.016063000
17		650	3474.040017000
17		43	3474.078616000
6	0		3474.106680000
6	0		3474.106735000
17		43	3474.140220000
6	0		3474.148658000
17		43	3474.202319000
17		43	3474.264562000
17		43	3474.326479000
17		1027	3474.326509000
17		34	3474.327099000
17		33	3474.327164000
17		139	3474.327835000
17		1358	3474.333336000
17		1358	3474.376938000
17		43	3474.388426000
17		1358	3474.419333000
17		49	3474.449663000
17		1358	3474.462069000
17		1358	3474.505117000
17		43	3474.511852000
17		1358	3474.547037000
17		43	3474.574699000
17		1358	3474.618067000
17		43	3474.636628000
17		1358	3474.671782000
17		43	3474.698124000
17		1358	3474.717736000
17		43	3474.759856000
17		1358	3474.764809000
17		1358	3474.811542000
17		43	3474.822162000
17		1358	3474.857572000
17		43	3474.883856000
17		1358	3474.904591000
17		43	3474.945877000
17		1358	3474.951839000
17		1358	3474.998479000
17		43	3475.007924000
17		1358	3475.045127000
17		43	3475.069717000
17		1358	3475.091514000
17		43	3475.132302000
17		1358	3475.138612000
17		1358	3475.185261000
17		43	3475.193908000
17		1358	3475.231831000
17		43	3475.256389000
17		1358	3475.279216000
17		43	3475.317945000
17		1358	3475.325975000
17		1358	3475.363581000
17		43	3475.380363000
17		1358	3475.400379000
17		1358	3475.437349000
17		43	3475.441832000
17		1358	3475.475426000
17		43	3475.504245000
17		1358	3475.538004000
6	0		3475.539545000
6	0		3475.539596000
17		43	3475.565690000
6	0		3475.578695000
6	12		3475.578938000
17		1358	3475.600993000
6	0		3475.618084000
6	12		3475.618381000
6	0		3475.618404000
6	1		3475.618597000
6	4		3475.618618000
6	32		3475.618627000
6	0		3475.618637000
17		43	3475.628219000
17		1358	3475.648014000
6	0		3475.657902000
6	0		3475.657940000
6	0		3475.657946000
6	0		3475.657981000
6	0		3475.657995000
17		48	3475.690429000
17		1358	3475.696280000
17		43	3475.752325000
17		1358	3475.753626000
17		43	3475.814519000
17		1358	3475.816736000
17		43	3475.876015000
17		1358	3475.877735000
17		43	3475.937974000
17		1358	3475.939597000
17		1358	3475.987937000
17		43	3475.999862000
17		1358	3476.033890000
17		43	3476.062225000
17		1358	3476.082303000
17		43	3476.123678000
17		1358	3476.129991000
17		43	3476.186695000
17		1358	3476.187939000
17		43	3476.247737000
17		1358	3476.249335000
17		43	3476.310216000
17		1358	3476.312075000
17		43	3476.372592000
17		1358	3476.374380000
17		43	3476.433833000
17		1358	3476.434708000
17		43	3476.496289000
17		1358	3476.497322000
17		43	3476.558490000
17		1358	3476.560156000
17		43	3476.619646000
17		1358	3476.621235000
17		43	3476.682554000
17		1358	3476.684264000
17		1358	3476.732023000
17		43	3476.744090000
17		1358	3476.778598000
17		43	3476.806462000
17		640	3476.826164000
17		43	3476.867874000
17		48	3476.930439000
17		35	3476.945155000
17		43	3476.992131000
17		43	3477.055216000
17		43	3477.116661000
17		43	3477.178288000
17		1126	3477.240452000
17		41	3477.241135000
17		1358	3477.241834000
17		1358	3477.241854000
17		1358	3477.241858000
17		1358	3477.241862000
17		1358	3477.241865000
17		1358	3477.241868000
17		1358	3477.289432000
17		1358	3477.336569000
17		49	3477.364312000
17		35	3477.378691000
17		1358	3477.383430000
17		43	3477.425718000
17		1358	3477.427370000
17		43	3477.488238000
17		1358	3477.490397000
17		43	3477.550531000
17		1358	3477.552119000
17		43	3477.612720000
17		1358	3477.614333000
17		43	3477.674286000
17		1358	3477.675841000
17		43	3477.736556000
17		1358	3477.738253000
17		43	3477.798077000
17		1358	3477.799715000
17		43	3477.860431000
17		1358	3477.862339000
17		43	3477.922020000
17		1358	3477.923578000
17		43	3477.983733000
17		1358	3477.984981000
17		43	3478.046024000
17		1358	3478.047155000
17		43	3478.108849000
17		1358	3478.109718000
17		1358	3478.157083000
6	0		3478.158269000
6	0		3478.158311000
17		43	3478.170013000
6	0		3478.182202000
6	41		3478.187900000
6	0		3478.211342000
6	21		3478.213815000
6	0		3478.213853000
6	1080		3478.214918000
17		43	3478.232417000
17		1358	3478.234049000
6	0		3478.238351000
6	440		3478.243356000
6	0		3478.286212000
17		43	3478.293696000
17		1358	3478.295587000
6	48		3478.309687000
6	0		3478.309731000
6	280		3478.313986000
6	0		3478.337376000
17		43	3478.356168000
17		1358	3478.357780000
6	16		3478.392128000
17		43	3478.417990000
17		1358	3478.419616000
6	0		3478.434235000
6	52		3478.457722000
6	0		3478.457767000
6	52		3478.457910000
17		43	3478.480019000
6	0		3478.481306000
6	84		3478.481337000
17		1358	3478.481458000
6	0		3478.522225000
17		43	3478.541934000
17		1358	3478.543537000
17		48	3478.603931000
17		1358	3478.607035000
17		43	3478.665772000
17		1358	3478.667578000
17		43	3478.728442000
17		1358	3478.729860000
17		43	3478.789906000
17		1358	3478.791580000
17		1358	3478.845393000
17		43	3478.852041000
17		1358	3478.898950000
17		43	3478.913777000
17		1358	3478.952793000
17		43	3478.976091000
17		1358	3479.006898000
17		43	3479.038079000
17		1358	3479.060328000
17		43	3479.100251000
17		1358	3479.114503000
17		43	3479.161735000
17		1358	3479.168354000
17		43	3479.223894000
17		1358	3479.225857000
17		43	3479.285697000
17		1358	3479.287317000
17		43	3479.347997000
17		1358	3479.349619000
17		43	3479.410927000
17		1358	3479.412649000
17		43	3479.472111000
17		1358	3479.473740000
17		43	3479.534004000
17		1358	3479.545485000
17		43	3479.596451000
17		1358	3479.616498000
17		43	3479.657887000
17		1358	3479.669364000
17		43	3479.720305000
17		1358	3479.721732000
17		1358	3479.775437000
17		43	3479.782210000
17		744	3479.828844000
17		48	3479.843971000
17		35	3479.857362000
17		43	3479.906142000
17		43	3479.968567000
17		43	3480.029891000
17		43	3480.092162000
17		1126	3480.154244000
17		41	3480.154939000
17		148	3480.156105000
17		1353	3480.156132000
17		1358	3480.156137000
17		1358	3480.156141000
17		1358	3480.156146000
17		1358	3480.211057000
17		1358	3480.264600000
17		49	3480.277996000
17		35	3480.291443000
17		1358	3480.318953000
17		43	3480.340159000
17		1358	3480.372212000
17		43	3480.402276000
17		1358	3480.426790000
17		43	3480.464577000
17		1358	3480.470081000
17		1358	3480.512841000
17		43	3480.526041000
6	68		3480.545031000
17		1358	3480.555284000
6	52		3480.568819000
6	0		3480.568869000
6	0		3480.568894000
6	0		3480.570736000
17		43	3480.588450000
6	0		3480.594262000
17		1358	3480.628701000
17		43	3480.649722000
17		1358	3480.700884000
17		43	3480.711961000
17		1358	3480.755359000
17		43	3480.774301000
17		1358	3480.808958000
17		43	3480.836629000
17		1358	3480.863358000
17		43	3480.897730000
17		1358	3480.916971000
17		43	3480.944626000
17		1358	3480.971095000
17		43	3480.989628000
17		1358	3481.025270000
17		43	3481.036146000
17		1358	3481.079624000
17		43	3481.082573000
17		43	3481.127861000
17		1358	3481.133172000
17		43	3481.173953000
17		1358	3481.186554000
17		43	3481.220377000
17		1358	3481.239635000
17		43	3481.265869000
17		1358	3481.293330000
17		43	3481.311967000
17		1358	3481.346245000
17		48	3481.358812000
17		35	3481.372854000
17		1358	3481.398925000
17		43	3481.404460000
17		43	3481.450119000
17		1358	3481.451060000
17		1358	3481.495772000
17		43	3481.495822000
17		1358	3481.537283000
17		43	3481.541905000
17		1358	3481.580173000
17		43	3481.588510000
17		1358	3481.621655000
17		43	3481.634487000
17		43	3481.679902000
17		1358	3481.693262000
17		43	3481.726037000
17		1358	3481.741379000
17		43	3481.772301000
17		1358	3481.788337000
17		43	3481.817712000
17		1358	3481.834735000
17		43	3481.864589000
17		1358	3481.880167000
17		43	3481.910130000
17		527	3481.927347000
17		43	3481.956365000
17		1126	3482.002604000
17		41	3482.003291000
17		143	3482.004056000
17		1353	3482.004082000
17		1358	3482.004088000
17		1358	3482.004093000
17		1358	3482.004098000
17		1358	3482.004103000
17		1358	3482.004108000
17		1358	3482.004112000
17		1358	3482.050892000
17		49	3482.093866000
17		1358	3482.095454000
17		43	3482.140212000
17		1358	3482.141827000
17		43	3482.185719000
17		1358	3482.187274000
17		43	3482.231849000
17		1358	3482.235433000
17		43	3482.278368000
17		1358	3482.279969000
17		1358	3482.317734000
17		43	3482.323687000
17		1358	3482.354816000
17		43	3482.370119000
17		1358	3482.390694000
17		43	3482.415980000
17		1358	3482.452149000
17		43	3482.462259000
17		43	3482.508516000
17		1358	3482.513594000
17		1358	3482.553655000
17		43	3482.553726000
17		1358	3482.595320000
17		43	3482.599767000
17		1358	3482.635795000
17		43	3482.646519000
17		1358	3482.677675000
17		43	3482.692176000
17		1358	3482.717832000
17		43	3482.737900000
17		1358	3482.759001000
17		43	3482.784010000
17		1358	3482.800531000
6	0		3482.804752000
6	0		3482.804786000
17		43	3482.829820000
17		1358	3482.841096000
17		43	3482.875648000
17		1358	3482.882102000
17		43	3482.922232000
17		1358	3482.923880000
17		1358	3482.964682000
17		43	3482.967732000
17		1358	3483.004896000
17		48	3483.014133000
17		35	3483.028650000
17		1358	3483.045793000
17		43	3483.060374000
17		1358	3483.078370000
17		43	3483.106130000
17		1358	3483.111915000
17		43	3483.152674000
17		1358	3483.165309000
17		43	3483.198113000
17		1358	3483.221006000
17		43	3483.243976000
17		1358	3483.261062000
17		43	3483.290121000
17		1358	3483.302725000
17		43	3483.336284000
17		1358	3483.344057000
17		43	3483.381795000
17		1358	3483.383393000
17		1358	3483.425750000
17		43	3483.428177000
17		1358	3483.466128000
17		43	3483.474018000
17		1358	3483.506320000
17		43	3483.520156000
17		1358	3483.547526000
17		43	3483.566258000
17		1358	3483.588219000
17		43	3483.611646000
17		1358	3483.630058000
17		43	3483.658265000
6	0		3483.659044000
6	0		3483.659085000
17		1358	3483.670712000
6	0		3483.698113000
6	12		3483.698355000
17		43	3483.704271000
17		1358	3483.710382000
6	0		3483.737326000
6	12		3483.737391000
6	0		3483.737405000
6	1		3483.737748000
6	4		3483.737770000
6	32		3483.737780000
6	0		3483.737791000
17		43	3483.750401000
17		1358	3483.752027000
6	0		3483.776658000
6	0		3483.776694000
6	0		3483.776698000
6	0		3483.776712000
17		1358	3483.784731000
17		43	3483.795928000
17		636	3483.816911000
17		43	3483.841873000
17		43	3483.887977000
17		48	3483.934211000
17		35	3483.948310000
17		43	3483.980334000
17		43	3484.026445000
17		1127	3484.072351000
17		41	3484.072978000
17		1358	3484.074057000
17		1358	3484.116538000
17		43	3484.118737000
17		1358	3484.156444000
17		43	3484.164160000
17		1358	3484.197132000
17		49	3484.210340000
17		35	3484.224087000
17		1358	3484.237986000
17		43	3484.255604000
17		1358	3484.279747000
17		43	3484.302048000
17		1358	3484.319958000
17		43	3484.347978000
17		1358	3484.361738000
17		43	3484.394000000
17		1358	3484.401390000
17		43	3484.439862000
17		1358	3484.441629000
17		1358	3484.483224000
17		43	3484.486566000
17		1358	3484.524819000
17		43	3484.532453000
17		1358	3484.556856000
17		43	3484.578240000
17		1358	3484.589572000
17		43	3484.624092000
17		1358	3484.643846000
17		43	3484.669704000
17		1358	3484.684160000
17		43	3484.715849000
17		1358	3484.725221000
17		43	3484.761912000
17		1358	3484.763541000
17		1358	3484.802326000
17		43	3484.808471000
17		1358	3484.841194000
17		43	3484.854765000
17		1358	3484.881065000
17		43	3484.899770000
17		1358	3484.919614000
17		43	3484.946255000
17		1358	3484.958879000
17		43	3484.992470000
17		1358	3484.997599000
17		1358	3485.037191000
17		43	3485.037968000
17		1358	3485.076019000
17		43	3485.083894000
17		1358	3485.114157000
17		48	3485.130223000
17		35	3485.144242000
17		1358	3485.153219000
17		43	3485.176262000
17		1358	3485.193055000
17		43	3485.222273000
17		1358	3485.223834000
17		1358	3485.255260000
17		43	3485.268033000
17		1358	3485.286083000
17		43	3485.314730000
17		1358	3485.337341000
17		43	3485.360125000
17		1358	3485.389024000
17		43	3485.406656000
17		1358	3485.428403000
17		43	3485.452340000
17		1358	3485.468226000
17		43	3485.497808000
17		1358	3485.505612000
17		43	3485.543693000
17		1358	3485.544723000
17		1358	3485.583901000
17		43	3485.589887000
17		34	3485.622145000
17		43	3485.636024000
17		43	3485.682099000
17		43	3485.728458000
17		43	3485.773627000
17		1036	3485.819867000
17		41	3485.820519000
17		146	3485.821682000
17		1353	3485.821699000
17		1358	3485.821705000
17		1358	3485.821709000
17		1358	3485.821714000
17		1358	3485.861747000
17		1358	3485.900044000
17		49	3485.911717000
17		35	3485.925506000
17		1358	3485.938923000
17		43	3485.958794000
17		1358	3485.969711000
17		1358	3486.001708000
17		43	3486.003605000
17		1358	3486.032929000
17		43	3486.049833000
17		1358	3486.085630000
17		43	3486.096063000
17		1358	3486.138654000
17		43	3486.141918000
17		1358	3486.179349000
17		43	3486.187829000
17		1358	3486.219031000
17		43	3486.234555000
17		1358	3486.258669000
17		43	3486.280302000
17		1358	3486.298123000
17		43	3486.326010000
17		1358	3486.338030000
17		43	3486.372355000
17		1358	3486.377650000
17		43	3486.418400000
17		1358	3486.420533000
17		43	3486.464071000
17		1358	3486.465588000
17		43	3486.510161000
17		1358	3486.511765000
17		1358	3486.552001000
17		43	3486.555829000
17		1358	3486.591063000
17		43	3486.602061000
17		1358	3486.631173000
17		43	3486.648184000
17		1358	3486.670779000
17		43	3486.694203000
17		1358	3486.703010000
17		43	3486.740023000
17		1358	3486.741756000
17		43	3486.786038000
17		1358	3486.794118000
17		48	3486.832232000
17		35	3486.846001000
17		1358	3486.847059000
17		43	3486.878222000
17		1358	3486.887513000
17		43	3486.924098000
17		1358	3486.925683000
17		43	3486.969719000
17		1358	3486.971320000
17		43	3487.016115000
17		1358	3487.017613000
17		43	3487.062429000
17		1358	3487.064002000
17		1358	3487.104017000
17		43	3487.107741000
17		1358	3487.142342000
17		43	3487.154144000
17		1358	3487.181390000
17		43	3487.200278000
17		1358	3487.220567000
17		43	3487.246441000
17		1358	3487.260457000
17		43	3487.292128000
17		1358	3487.299753000
17		43	3487.337699000
17		624	3487.339263000
17		43	3487.384098000
17		43	3487.429695000
17		43	3487.476397000
17		43	3487.521704000
17		43	3487.567993000
17		1125	3487.614113000
17		41	3487.614751000
17		1358	3487.616654000
17		1358	3487.616680000
17		1358	3487.616684000
17		1358	3487.616687000
17		1358	3487.616690000
17		1358	3487.656248000
17		1358	3487.695676000
17		49	3487.705938000
17		35	3487.719854000
17		1358	3487.734955000
17		43	3487.751925000
17		1358	3487.774828000
17		43	3487.798085000
17		1358	3487.815186000
17		43	3487.843973000
17		1358	3487.854300000
17		43	3487.890280000
17		1358	3487.894323000
17		43	3487.936471000
17		1358	3487.938067000
17		43	3487.982507000
17		1358	3487.984164000
17		43	3488.028228000
17		1358	3488.029955000
17		43	3488.074341000
17		1358	3488.075707000
17		43	3488.120006000
17		1358	3488.121536000
17		43	3488.165797000
17		1358	3488.166618000
17		43	3488.211842000
17		1358	3488.221428000
17		43	3488.258028000
17		1358	3488.276028000
17		43	3488.303810000
17		1358	3488.316756000
17		43	3488.350137000
17		1358	3488.357307000
17		43	3488.396103000
17		1358	3488.396663000
17		1358	3488.437864000
17		43	3488.442684000
17		1358	3488.477892000
17		43	3488.488108000
17		1358	3488.518960000
17		43	3488.533964000
17		1358	3488.560391000
17		43	3488.580119000
17		1358	3488.601244000
17		48	3488.625808000
17		35	3488.639717000
17		1358	3488.642259000
17		43	3488.672433000
17		1358	3488.683899000
17		43	3488.718255000
17		1358	3488.724823000
17		43	3488.764527000
17		1358	3488.765939000
17		1358	3488.807321000
17		43	3488.809947000
17		1358	3488.846962000
17		43	3488.856498000
17		1358	3488.879560000
17		43	3488.902263000
17		1358	3488.912166000
17		43	3488.947971000
17		1358	3488.966728000
17		43	3488.994547000
17		1358	3489.022172000
17		43	3489.039969000
17		1358	3489.063309000
17		43	3489.086220000
17		1358	3489.105061000
17		43	3489.132346000
17		1358	3489.146285000
17		43	3489.178287000
17		1358	3489.187537000
17		43	3489.224475000
17		1358	3489.228938000
17		43	3489.270101000
17		1358	3489.271690000
17		43	3489.315969000
17		1358	3489.317565000
17		1358	3489.359495000
17		43	3489.362002000
17		1358	3489.399709000
17		43	3489.408596000
17		1358	3489.440807000
17		43	3489.454019000
17		1358	3489.481723000
17		43	3489.500505000
17		740	3489.523432000
17		48	3489.546065000
17		35	3489.560818000
17		43	3489.591723000
17		43	3489.637988000
17		43	3489.684010000
17		43	3489.730142000
17		1126	3489.776094000
17		41	3489.776684000
17		149	3489.777574000
17		1353	3489.777606000
17		1358	3489.777612000
17		1358	3489.777615000
17		1358	3489.777618000
17		1358	3489.819153000
17		1358	3489.859297000
17		49	3489.868046000
17		35	3489.881927000
17		1358	3489.900619000
17		43	3489.914395000
17		1358	3489.940236000
17		43	3489.959920000
17		1358	3489.981426000
17		43	3490.006373000
17		1358	3490.022723000
17		43	3490.052519000
17		1358	3490.062796000
17		43	3490.097940000
17		1358	3490.104070000
17		43	3490.144011000
17		1358	3490.144075000
17		1358	3490.184472000
17		43	3490.190407000
17		1358	3490.224986000
17		43	3490.236570000
17		1358	3490.265122000
17		43	3490.282208000
17		1358	3490.297589000
17		43	3490.328302000
17		1358	3490.329811000
17		43	3490.373747000
17		1358	3490.383520000
17		43	3490.419941000
17		1358	3490.437364000
17		43	3490.465768000
17		1358	3490.477401000
17		43	3490.512594000
17		1358	3490.517732000
17		1358	3490.557571000
17		43	3490.558250000
17		1358	3490.597404000
17		43	3490.603845000
17		1358	3490.638152000
17		43	3490.650428000
6	0		3490.668803000
6	0		3490.668852000
17		1358	3490.679409000
17		43	3490.696236000
17		1358	3490.720098000
17		43	3490.742540000
6	0		3490.753333000
6	41		3490.758705000
17		1358	3490.760252000
17		48	3490.788101000
17		1358	3490.800694000
17		43	3490.834337000
17		1358	3490.840740000
6	0		3490.842856000
6	21		3490.846203000
6	0		3490.846219000
6	1080		3490.847162000
17		43	3490.879757000
17		1358	3490.881544000
17		43	3490.925823000
17		1358	3490.927389000
6	0		3490.931257000
6	440		3490.931293000
17		43	3490.972544000
17		1358	3490.974127000
6	0		3490.974207000
17		43	3491.017688000
17		1358	3491.019240000
17		1358	3491.052135000
6	48		3491.058318000
6	0		3491.058354000
6	280		3491.062716000
17		43	3491.064151000
17		1358	3491.083338000
17		43	3491.110498000
17		1358	3491.136829000
6	0		3491.146850000
6	16		3491.152708000
17		43	3491.156567000
17		1358	3491.190788000
6	0		3491.194218000
17		43	3491.201863000
17		1358	3491.231151000
17		43	3491.247984000
17		1358	3491.271345000
6	52		3491.278370000
6	0		3491.278416000
6	52		3491.278531000
17		43	3491.294309000
17		1358	3491.311671000
17		43	3491.340465000
17		1358	3491.351881000
6	84		3491.363876000
17		43	3491.385867000
17		1358	3491.392329000
6	0		3491.406222000
17		43	3491.431996000
17		1358	3491.433574000
17		43	3491.478464000
17		1358	3491.480031000
17		43	3491.523980000
17		1358	3491.525560000
17		1358	3491.566060000
17		43	3491.569985000
17		1358	3491.605711000
17		43	3491.616281000
17		1358	3491.646703000
17		43	3491.661874000
17		636	3491.687964000
17		48	3491.707878000
17		35	3491.721457000
17		43	3491.753979000
6	0		3491.778238000
6	0		3491.778294000
17		43	3491.800536000
6	0		3491.817920000
6	12		3491.818108000
17		43	3491.845771000
6	0		3491.857771000
6	12		3491.857818000
6	0		3491.857832000
6	1		3491.858002000
6	4		3491.858019000
6	32		3491.858026000
6	0		3491.858034000
17		43	3491.891856000
6	0		3491.897769000
6	0		3491.897808000
6	0		3491.897833000
6	0		3491.897900000
6	0		3491.897915000
17		1037	3491.938127000
17		41	3491.938757000
17		1358	3491.939981000
17		1358	3491.940005000
17		1358	3491.940008000
17		1358	3491.940011000
17		1358	3491.940015000
17		1358	3491.980363000
17		1358	3492.020649000
17		49	3492.030237000
17		35	3492.044799000
17		1358	3492.058828000
17		43	3492.075792000
17		1358	3492.099205000
17		43	3492.121884000
17		1358	3492.139561000
17		43	3492.168344000
17		1358	3492.180080000
17		43	3492.213847000
17		1358	3492.220235000
17		43	3492.260185000
17		1358	3492.262057000
17		43	3492.306504000
17		1358	3492.308148000
17		43	3492.352416000
17		1358	3492.353958000
17		43	3492.398393000
17		1358	3492.399520000
17		43	3492.444203000
17		1358	3492.446620000
17		43	3492.489700000
17		1358	3492.491257000
17		43	3492.536343000
17		1358	3492.545006000
17		43	3492.582599000
17		1358	3492.599241000
17		43	3492.628217000
17		1358	3492.639839000
17		43	3492.674477000
17		1358	3492.678962000
17		1358	3492.718287000
17		43	3492.720015000
17		1358	3492.757098000
17		43	3492.766614000
17		1358	3492.797588000
17		43	3492.812199000
17		1358	3492.837504000
17		43	3492.857758000
17		1358	3492.877401000
17		43	3492.903765000
17		1358	3492.917254000
17		48	3492.950582000
17		1358	3492.957416000
17		43	3492.996480000
17		1358	3492.997511000
17		43	3493.041676000
17		1358	3493.043565000
17		43	3493.088561000
17		1358	3493.089747000
17		1358	3493.130272000
17		43	3493.133680000
17		1358	3493.169828000
17		43	3493.180450000
17		1358	3493.201580000
6	68		3493.209856000
17		43	3493.226160000
17		1358	3493.234192000
17		43	3493.271769000
17		1358	3493.287531000
6	52		3493.294037000
6	0		3493.294078000
6	0		3493.294099000
6	0		3493.295313000
17		43	3493.318255000
17		1358	3493.340742000
17		43	3493.363720000
6	0		3493.379543000
17		1358	3493.381054000
17		43	3493.409888000
17		1358	3493.420954000
17		43	3493.456288000
17		1358	3493.461436000
17		43	3493.502170000
17		1358	3493.504175000
17		43	3493.547775000
17		1358	3493.549270000
17		43	3493.594550000
17		1358	3493.595932000
17		1358	3493.636660000
17		43	3493.640498000
17		1358	3493.676687000
17		43	3493.685816000
17		1358	3493.717208000
17		43	3493.731714000
17		1358	3493.757003000
17		43	3493.777710000
17		1358	3493.797314000
17		43	3493.824129000
17		748	3493.837351000
17		48	3493.870412000
17		35	3493.883861000
17		43	3493.916450000
17		43	3493.962121000
17		43	3494.008045000
17		43	3494.053774000
17		1117	3494.053800000
17		34	3494.054529000
17		1358	3494.055460000
17		1358	3494.096074000
17		43	3494.100569000
17		1358	3494.136062000
17		49	3494.145816000
17		35	3494.160043000
17		1358	3494.174853000
17		43	3494.192054000
17		1358	3494.214954000
17		43	3494.238025000
17		1358	3494.254056000
17		43	3494.284603000
17		1358	3494.293928000
17		43	3494.330263000
17		1358	3494.333723000
17		1358	3494.373500000
17		43	3494.376157000
17		1358	3494.412991000
17		43	3494.421637000
17		1358	3494.452474000
17		43	3494.467692000
17		1358	3494.491640000
17		43	3494.514533000
17		1358	3494.532419000
17		43	3494.559934000
17		1358	3494.571773000
17		1358	3494.604134000
17		43	3494.606631000
17		1358	3494.635828000
17		43	3494.652248000
17		1358	3494.667506000
17		43	3494.698016000
17		1358	3494.719451000
17		43	3494.743743000
17		1358	3494.759887000
17		43	3494.789883000
17		1358	3494.797697000
17		1358	3494.833972000
17		43	3494.835861000
17		1358	3494.870361000
17		43	3494.881958000
17		1358	3494.907214000
17		43	3494.928437000
17		1358	3494.944205000
17		43	3494.974458000
17		1358	3494.980956000
17		1358	3495.017846000
17		43	3495.020411000
17		1358	3495.053910000
17		48	3495.066099000
17		35	3495.080003000
17		1358	3495.091142000
17		43	3495.111853000
17		1358	3495.127677000
17		43	3495.158259000
17		1358	3495.163673000
17		1358	3495.201590000
17		43	3495.203836000
17		1358	3495.237450000
17		43	3495.249739000
17		1358	3495.275110000
17		1358	3495.295706000
17		86	3495.295733000
17		1358	3495.304873000
17		1358	3495.305038000
17		630	3495.305045000
17		34	3495.329205000
17		1248	3495.342546000
17		43	3495.342570000
17		35	3495.343533000
17		1358	3495.343720000
17		323	3495.351815000
17		33	3495.351851000
17		43	3495.387648000
17		1358	3495.392810000
17		43	3495.433828000
17		1358	3495.443040000
17		1358	3495.478580000
17		43	3495.479780000
17		1358	3495.516259000
17		43	3495.525715000
17		1358	3495.553775000
17		43	3495.572153000
17		1358	3495.591540000
17		86	3495.618240000
17		41	3495.618263000
17		646	3495.618269000
17		101	3495.618905000
17		33	3495.619172000
17		33	3495.619207000
17		77	3495.627702000
17		33	3495.627736000
17		43	3495.663999000
17		42	3495.664023000
17		1358	3495.665604000
17		43	3495.709871000
17		41	3495.709893000
17		33	3495.710550000
17		43	3495.756105000
17		1358	3495.757916000
17		43	3495.801730000
17		1358	3495.803213000
17		1358	3495.840190000
17		43	3495.847946000
17		1358	3495.878159000
17		43	3495.894252000
17		1358	3495.916057000
17		41	3495.939993000
17		43	3495.940018000
17		43	3495.940026000
17		41	3495.940030000
17		1358	3495.953028000
17		33	3495.965635000
17		43	3495.986188000
17		1358	3495.990771000
17		43	3496.031833000
17		751	3496.033264000
17		43	3496.078013000
17		48	3496.124341000
17		35	3496.137571000
17		43	3496.170376000
17		43	3496.216522000
17		43	3496.261941000
17		1128	3496.308219000
17		41	3496.308841000
17		152	3496.310275000
17		1353	3496.310304000
17		1358	3496.310309000
17		1358	3496.310314000
17		1358	3496.310318000
17		1358	3496.310322000
17		1358	3496.348274000
17		1358	3496.384088000
17		49	3496.400369000
17		35	3496.413390000
17		43	3496.446000000
17		1358	3496.447934000
17		1358	3496.485505000
17		43	3496.491829000
17		1358	3496.522516000
17		43	3496.537758000
17		1358	3496.560767000
17		43	3496.583630000
17		1358	3496.598079000
17		43	3496.629863000
17		1358	3496.635833000
17		43	3496.676292000
17		1358	3496.677335000
17		43	3496.722083000
17		1358	3496.723019000
17		43	3496.768290000
17		1358	3496.770250000
17		43	3496.814067000
17		1358	3496.815292000
17		43	3496.860275000
17		1358	3496.861390000
17		43	3496.906350000
17		1358	3496.911402000
17		43	3496.952394000
17		1358	3496.960806000
17		43	3496.998542000
17		1358	3496.999786000
17		1358	3497.037506000
17		43	3497.044402000
17		1358	3497.074069000
17		43	3497.090780000
17		1358	3497.111645000
17		43	3497.136419000
17		1358	3497.149302000
17		43	3497.181843000
17		1358	3497.187008000
17		43	3497.228748000
17		1358	3497.230521000
17		43	3497.274352000
6	0		3497.274379000
6	0		3497.275588000
17		1358	3497.275894000
17		48	3497.320548000
17		1358	3497.321344000
17		43	3497.365990000
17		1358	3497.367583000
17		43	3497.412369000
17		1358	3497.414487000
17		43	3497.457721000
17		1358	3497.458346000
17		43	3497.504629000
17		1358	3497.506296000
17		43	3497.550005000
17		1358	3497.551207000
17		1358	3497.582618000
17		43	3497.596339000
17		1358	3497.613756000
17		43	3497.641808000
17		1358	3497.665500000
17		43	3497.688098000
17		1358	3497.717481000
17		43	3497.733795000
17		1358	3497.757029000
17		43	3497.779788000
17		1358	3497.796394000
17		43	3497.826110000
17		1358	3497.835732000
17		43	3497.872686000
17		1358	3497.874417000
17		43	3497.918312000
17		1358	3497.919881000
17		43	3497.964426000
17		1358	3497.966231000
17		43	3498.010087000
17		1358	3498.011366000
17		43	3498.056596000
17		1358	3498.058137000
17		1358	3498.096843000
17		43	3498.102467000
17		1358	3498.135796000
17		43	3498.148079000
17		1358	3498.174850000
17		43	3498.194029000
17		635	3498.214226000
17		48	3498.239914000
17		35	3498.254042000
17		43	3498.286246000
17		43	3498.332069000
17		43	3498.378308000
17		43	3498.424525000
17		1045	3498.469670000
17		47	3498.470319000
17		150	3498.471001000
17		1353	3498.471015000
17		1358	3498.471018000
17		1358	3498.471021000
17		1358	3498.471024000
17		1358	3498.510935000
17		1358	3498.550883000
17		49	3498.562580000
17		35	3498.576482000
17		1358	3498.590160000
17		43	3498.608572000
17		1358	3498.629064000
17		43	3498.654632000
17		1358	3498.669783000
17		43	3498.700445000
17		1358	3498.709184000
17		43	3498.746168000
17		1358	3498.747766000
17		1358	3498.788125000
17		43	3498.792341000
17		1358	3498.827104000
17		43	3498.838305000
17		1358	3498.866982000
17		43	3498.884271000
17		1358	3498.907157000
17		43	3498.930238000
17		1358	3498.947002000
17		43	3498.976300000
17		1358	3498.977986000
17		43	3499.022158000
17		1358	3499.023757000
17		43	3499.068017000
17		1358	3499.076989000
17		43	3499.114098000
17		1358	3499.131443000
17		43	3499.160178000
17		1358	3499.172163000
17		43	3499.205757000
17		1358	3499.212652000
17		1358	3499.252381000
17		43	3499.252542000
17		1358	3499.291015000
17		43	3499.297961000
17		1358	3499.331707000
17		43	3499.344130000
17		1358	3499.372240000
17		43	3499.389749000
17		1358	3499.412171000
17		43	3499.436226000
17		1358	3499.452075000
17		48	3499.482392000
17		1358	3499.492439000
17		43	3499.528273000
17		1358	3499.532409000
17		43	3499.573657000
17		1358	3499.575269000
17		43	3499.620522000
17		1358	3499.622062000
17		43	3499.666322000
17		1358	3499.667940000
17		43	3499.712180000
17		1358	3499.713753000
17		1358	3499.746428000
17		43	3499.758005000
17		1358	3499.777250000
17		43	3499.803939000
17		1358	3499.831018000
17		43	3499.850341000
17		1358	3499.885280000
17		43	3499.896132000
6	0		3499.897761000
6	0		3499.897824000
17		1358	3499.926140000
6	0		3499.936347000
6	12		3499.936589000
17		43	3499.942340000
17		1358	3499.966863000
6	0		3499.975228000
6	12		3499.975263000
6	0		3499.975273000
6	1		3499.975486000
6	4		3499.975512000
6	32		3499.975524000
6	0		3499.975538000
17		43	3499.988178000
17		1358	3500.007000000
6	0		3500.014032000
6	0		3500.014071000
6	0		3500.014076000
6	0		3500.014112000
6	0		3500.014126000
6	0		3500.014202000
17		43	3500.034154000
17		1358	3500.047208000
17		43	3500.080089000
17		1358	3500.086777000
17		43	3500.126242000
17		1358	3500.127748000
17		43	3500.172184000
17		1358	3500.173381000
17		43	3500.218248000
17		1358	3500.219763000
17		1358	3500.260600000
17		43	3500.263688000
17		1358	3500.299677000
17		43	3500.310052000
17		1358	3500.339639000
17		43	3500.355938000
17		636	3500.380038000
17		48	3500.401794000
17		35	3500.416530000
17		43	3500.448198000
17		43	3500.493834000
17		43	3500.539889000
17		43	3500.585855000
17		1138	3500.631749000
17		41	3500.632354000
17		158	3500.633083000
17		1353	3500.633102000
17		1358	3500.633111000
17		1358	3500.633115000
17		1358	3500.633118000
17		1358	3500.673870000
17		1358	3500.713078000
17		49	3500.724025000
17		35	3500.737876000
17		1358	3500.753009000
17		43	3500.769781000
17		1358	3500.791919000
17		43	3500.816562000
17		1358	3500.832179000
17		43	3500.862139000
17		1358	3500.872386000
17		43	3500.908256000
17		1358	3500.911612000
17		1358	3500.950674000
17		43	3500.954519000
17		1358	3500.990378000
17		43	3500.999779000
17		1358	3501.030679000
17		43	3501.046591000
17		1358	3501.071220000
17		43	3501.092044000
17		1358	3501.111644000
17		43	3501.138385000
17		1358	3501.144194000
17		43	3501.183788000
17		1358	3501.185306000
17		43	3501.230341000
17		1358	3501.239270000
17		43	3501.275709000
17		1358	3501.292247000
17		43	3501.322241000
17		1358	3501.331955000
17		43	3501.368290000
17		1358	3501.372240000
17		1358	3501.411670000
17		43	3501.414204000
17		1358	3501.450947000
17		43	3501.459978000
17		1358	3501.491151000
17		43	3501.506275000
17		1358	3501.532396000
17		43	3501.552392000
17		1358	3501.573039000
17		43	3501.598586000
17		1358	3501.613320000
17		48	3501.644223000
17		1358	3501.653675000
17		43	3501.690346000
17		1358	3501.692567000
17		43	3501.735825000
17		1358	3501.737055000
17		43	3501.781701000
17		1358	3501.783975000
17		43	3501.828108000
17		1358	3501.829647000
17		43	3501.873975000
17		1358	3501.875474000
17		1358	3501.908315000
17		43	3501.919728000
17		1358	3501.939188000
17		43	3501.966540000
17		1358	3501.992323000
17		43	3502.012401000
17		1358	3502.045137000
17		43	3502.057683000
17		43	3502.104198000
17		43	3502.150349000
17		1358	3502.151859000
17		43	3502.195809000
17		882	3502.197324000
17		43	3502.241842000
17		43	3502.288353000
17		1127	3502.288376000
17		34	3502.288924000
17		33	3502.289223000
17		154	3502.289710000
17		1353	3502.317422000
17		43	3502.334074000
17		1358	3502.357512000
17		49	3502.380229000
17		35	3502.394283000
17		1358	3502.396424000
17		43	3502.425859000
17		1358	3502.435689000
17		43	3502.472529000
17		1358	3502.474056000
17		1358	3502.515534000
17		43	3502.518182000
17		1358	3502.553957000
17		43	3502.563778000
17		1358	3502.586038000
17		43	3502.610125000
17		1358	3502.618061000
17		1358	3502.649528000
17		43	3502.656395000
17		1358	3502.681086000
17		43	3502.701848000
17		1358	3502.732933000
17		43	3502.748159000
17		1358	3502.772536000
17		43	3502.794041000
17		1358	3502.811593000
17		43	3502.839764000
17		1358	3502.851530000
17		43	3502.886530000
17		1358	3502.888026000
17		1358	3502.924032000
17		43	3502.931739000
17		1358	3502.961565000
17		43	3502.978261000
17		1358	3502.998220000
17		43	3503.023813000
17		1358	3503.034869000
17		43	3503.070595000
17		1358	3503.072109000
17		1358	3503.108278000
17		43	3503.115997000
17		1358	3503.144757000
17		43	3503.162516000
17		1358	3503.181172000
17		43	3503.207855000
17		1358	3503.217539000
17		43	3503.254270000
17		1358	3503.255750000
17		1358	3503.283851000
17		48	3503.299780000
17		1358	3503.313093000
17		43	3503.345945000
17		1358	3503.347479000
17		43	3503.392138000
17		1358	3503.396886000
17		43	3503.437686000
17		1358	3503.446763000
17		1358	3503.483980000
17		43	3503.484122000
17		1358	3503.520114000
17		43	3503.529936000
6	0		3503.532380000
6	0		3503.532426000
17		1358	3503.558128000
17		43	3503.575671000
17		1358	3503.595032000
17		43	3503.622146000
17		1358	3503.633056000
17		43	3503.668112000
17		1358	3503.669931000
17		43	3503.714136000
17		1358	3503.715714000
17		43	3503.759986000
17		1358	3503.761355000
17		43	3503.805790000
17		1358	3503.806882000
6	0		3503.833658000
6	41		3503.839120000
17		43	3503.852495000
17		1358	3503.853659000
17		43	3503.898034000
17		1358	3503.899224000
17		1358	3503.936336000
17		43	3503.943758000
17		1358	3503.974145000
17		43	3503.990396000
17		1358	3504.012689000
17		43	3504.036403000
17		1358	3504.042662000
17		43	3504.082251000
17		1358	3504.084163000
17		43	3504.127813000
17		1358	3504.133822000
6	0		3504.139323000
6	21		3504.142670000
6	0		3504.142707000
6	1080		3504.143636000
17		43	3504.174082000
17		1358	3504.183247000
17		48	3504.219874000
17		645	3504.221404000
17		43	3504.266336000
17		43	3504.312361000
17		43	3504.358574000
17		43	3504.403810000
6	0		3504.444207000
6	440		3504.446472000
17		43	3504.449750000
6	0		3504.490223000
17		1127	3504.495784000
17		41	3504.496397000
17		1358	3504.498164000
17		1358	3504.498186000
17		1358	3504.498189000
17		1358	3504.498193000
17		1358	3504.498196000
17		1358	3504.498200000
17		1358	3504.536160000
17		49	3504.587968000
17		1358	3504.589587000
17		43	3504.634287000
17		1358	3504.635883000
17		43	3504.679851000
17		1358	3504.681682000
17		43	3504.726119000
17		1358	3504.727806000
17		43	3504.771894000
17		1358	3504.773400000
6	48		3504.791053000
6	0		3504.791096000
6	280		3504.795373000
17		43	3504.817953000
17		1358	3504.819494000
17		43	3504.864468000
17		1358	3504.866229000
17		43	3504.910579000
17		1358	3504.916692000
17		43	3504.956392000
17		1358	3504.966651000
17		43	3505.001891000
17		1358	3505.003466000
17		43	3505.047812000
17		1358	3505.049631000
17		43	3505.093817000
17		1358	3505.094993000
6	0		3505.095898000
6	16		3505.105771000
17		1358	3505.132184000
17		43	3505.139762000
6	0		3505.146221000
17		1358	3505.169509000
17		43	3505.186363000
17		1358	3505.206849000
17		43	3505.231973000
17		1358	3505.244319000
17		43	3505.277899000
17		1358	3505.281604000
17		43	3505.323777000
17		1358	3505.325507000
17		43	3505.370560000
17		1358	3505.371641000
17		43	3505.416493000
17		1358	3505.417454000
6	52		3505.446699000
6	0		3505.446735000
6	52		3505.446865000
17		43	3505.461720000
17		1358	3505.463374000
17		48	3505.508502000
17		1358	3505.510156000
17		43	3505.554721000
17		1358	3505.556947000
17		43	3505.600211000
17		1358	3505.601792000
17		43	3505.646111000
17		1358	3505.651854000
17		43	3505.691949000
17		1358	3505.702511000
17		43	3505.738194000
17		1358	3505.739777000
6	84		3505.747231000
17		1358	3505.774477000
17		43	3505.783740000
6	0		3505.790220000
17		1358	3505.811933000
17		43	3505.830071000
17		1358	3505.851034000
17		43	3505.875957000
17		1358	3505.890225000
17		43	3505.921940000
17		1358	3505.928986000
17		43	3505.968252000
17		1358	3505.968911000
17		43	3506.014056000
17		1358	3506.015644000
17		43	3506.059883000
17		1358	3506.061539000
17		43	3506.105645000
17		1358	3506.107765000
17		43	3506.152518000
17		1358	3506.154054000
17		1358	3506.193016000
17		43	3506.197852000
17		1358	3506.231398000
17		43	3506.244132000
17		1358	3506.270165000
17		43	3506.290756000
17		573	3506.300917000
17		43	3506.335619000
17		43	3506.381991000
17		48	3506.428179000
17		35	3506.442260000
17		43	3506.474185000
17		43	3506.520221000
17		1127	3506.566085000
17		41	3506.566787000
17		1358	3506.567441000
17		1358	3506.567458000
17		1358	3506.567462000
17		1358	3506.567467000
17		1358	3506.567472000
17		1358	3506.608440000
17		1358	3506.646974000
17		49	3506.658170000
17		35	3506.672212000
17		1358	3506.686018000
17		43	3506.704063000
17		1358	3506.726089000
17		43	3506.750136000
17		1358	3506.766619000
17		43	3506.796274000
17		1358	3506.807291000
17		43	3506.841724000
17		1358	3506.847351000
17		43	3506.888441000
17		1358	3506.889970000
17		43	3506.934537000
17		1358	3506.936087000
17		43	3506.980105000
17		1358	3506.981466000
17		43	3507.026091000
17		1358	3507.027014000
17		43	3507.072527000
17		1358	3507.074011000
17		43	3507.118053000
17		1358	3507.119838000
17		43	3507.164054000
17		1358	3507.174353000
17		43	3507.209832000
17		1358	3507.227685000
17		43	3507.256446000
17		1358	3507.268077000
17		43	3507.301803000
17		1358	3507.307180000
17		1358	3507.347542000
17		43	3507.348098000
17		1358	3507.386019000
17		43	3507.393627000
17		1358	3507.426430000
17		43	3507.440193000
17		1358	3507.465978000
17		43	3507.485766000
17		1358	3507.506278000
6	68		3507.513651000
17		43	3507.532200000
17		1358	3507.547002000
17		48	3507.578604000
17		1358	3507.587258000
17		43	3507.624159000
17		1358	3507.625776000
17		43	3507.669951000
17		1358	3507.671496000
17		43	3507.715791000
17		1358	3507.717325000
17		1358	3507.757884000
17		43	3507.761739000
17		1358	3507.796743000
17		43	3507.807909000
6	52		3507.823181000
6	0		3507.823217000
6	0		3507.823235000
6	0		3507.824529000
17		1358	3507.829298000
17		43	3507.853760000
17		1358	3507.861828000
17		43	3507.900196000
17		1358	3507.916064000
17		43	3507.945864000
17		1358	3507.969681000
17		43	3507.992124000
17		1358	3508.009930000
6	0		3508.015810000
6	0		3508.015860000
17		43	3508.037762000
17		1358	3508.050618000
6	0		3508.054597000
6	12		3508.054826000
17		43	3508.084254000
17		1358	3508.091060000
6	0		3508.093487000
6	12		3508.093517000
6	0		3508.093527000
6	1		3508.093699000
6	4		3508.093713000
6	32		3508.093723000
6	0		3508.093734000
6	0		3508.125150000
17		43	3508.129792000
17		1358	3508.131312000
6	0		3508.132450000
6	0		3508.132477000
6	0		3508.132482000
6	0		3508.132577000
6	0		3508.132605000
17		43	3508.176140000
17		1358	3508.177669000
17		43	3508.222292000
17		1358	3508.223806000
17		1358	3508.264493000
17		43	3508.267778000
17		1358	3508.303088000
17		43	3508.313672000
17		1358	3508.343231000
17		43	3508.360125000
17		1358	3508.383674000
17		43	3508.406298000
17		1358	3508.423443000
17		43	3508.452206000
17		755	3508.464226000
17		48	3508.497784000
17		35	3508.512131000
17		43	3508.544278000
17		43	3508.590504000
17		43	3508.636972000
17		43	3508.681788000
17		1037	3508.728263000
17		41	3508.728922000
17		151	3508.729987000
17		1353	3508.730043000
17		1358	3508.730051000
17		1358	3508.730054000
17		1358	3508.730057000
17		1358	3508.769926000
17		1358	3508.808978000
17		49	3508.819795000
17		35	3508.833302000
17		1358	3508.849221000
17		43	3508.866020000
17		1358	3508.888275000
17		43	3508.912305000
17		1358	3508.929195000
17		43	3508.958313000
17		1358	3508.967438000
17		43	3509.004309000
17		1358	3509.006291000
17		1358	3509.046827000
17		43	3509.049873000
17		1358	3509.086734000
17		43	3509.096433000
17		1358	3509.127445000
17		43	3509.142105000
17		1358	3509.167416000
17		43	3509.187678000
17		1358	3509.208078000
17		43	3509.234589000
17		1358	3509.240720000
17		43	3509.280218000
17		1358	3509.281738000
17		43	3509.325944000
17		1358	3509.337159000
17		43	3509.371875000
17		1358	3509.391026000
17		43	3509.418286000
17		1358	3509.431853000
17		43	3509.464273000
17		1358	3509.472169000
17		43	3509.509987000
17		1358	3509.510999000
17		1358	3509.550879000
17		43	3509.556185000
17		1358	3509.591362000
17		43	3509.602073000
17		1358	3509.631265000
17		43	3509.648326000
17		1358	3509.671241000
17		43	3509.694286000
17		1358	3509.711367000
17		48	3509.740503000
17		1358	3509.751453000
17		43	3509.786364000
17		1358	3509.791759000
17		43	3509.831773000
17		1358	3509.832646000
17		43	3509.877716000
17		1358	3509.879587000
17		43	3509.923790000
17		1358	3509.924743000
17		43	3509.969702000
17		1358	3509.971184000
17		1358	3510.003560000
17		43	3510.016180000
17		1358	3510.035440000
17		43	3510.061833000
17		1358	3510.088973000
17		43	3510.107687000
17		1358	3510.142262000
17		43	3510.154040000
17		1358	3510.182232000
17		43	3510.200108000
17		1358	3510.222256000
17		43	3510.246319000
17		1358	3510.262887000
17		43	3510.292501000
17		1358	3510.303611000
17		43	3510.338193000
17		1358	3510.343552000
17		43	3510.383760000
17		1358	3510.385368000
17		43	3510.429806000
17		1358	3510.431337000
17		43	3510.476456000
17		1358	3510.477960000
17		1358	3510.518018000
17		43	3510.522396000
17		1358	3510.557781000
17		43	3510.568043000
17		1358	3510.598100000
17		47	3510.613777000
17		35	3510.628103000
17		636	3510.637882000
17		43	3510.660442000
17		43	3510.706066000
17		43	3510.751941000
17		43	3510.798094000
17		43	3510.843672000
17		1126	3510.889667000
17		41	3510.890269000
17		1358	3510.892046000
17		1358	3510.892068000
17		1358	3510.892072000
17		1358	3510.892075000
17		1358	3510.892078000
17		1358	3510.932857000
17		1358	3510.972195000
17		49	3510.981878000
17		35	3510.996516000
17		1358	3511.010501000
17		43	3511.028261000
17		1358	3511.051290000
17		43	3511.074576000
17		1358	3511.091632000
17		43	3511.119689000
17		1358	3511.131918000
17		43	3511.165699000
17		1358	3511.172180000
17		43	3511.212017000
17		1358	3511.213583000
17		43	3511.258276000
17		1358	3511.260677000
17		43	3511.303970000
17		1358	3511.305475000
17		43	3511.350167000
17		1358	3511.351891000
17		43	3511.395707000
17		1358	3511.397308000
17		43	3511.442070000
17		1358	3511.443054000
17		43	3511.488589000
17		1358	3511.496609000
17		43	3511.534412000
17		1358	3511.550031000
17		43	3511.579905000
17		1358	3511.590497000
17		43	3511.626250000
17		1358	3511.628510000
17		1358	3511.668860000
17		43	3511.671788000
17		1358	3511.707777000
17		43	3511.717898000
17		1358	3511.748823000
17		43	3511.763793000
17		1358	3511.789803000
17		43	3511.809817000
17		1358	3511.830156000
17		43	3511.856152000
17		1358	3511.869886000
17		48	3511.902129000
17		1358	3511.910477000
17		43	3511.947878000
17		1358	3511.949142000
17		43	3511.994527000
17		1358	3511.996247000
17		43	3512.040142000
17		1358	3512.041655000
17		1358	3512.081592000
17		43	3512.086188000
17		1358	3512.120723000
17		43	3512.131734000
17		1358	3512.152468000
17		43	3512.177970000
17		1358	3512.183974000
17		43	3512.223594000
17		1358	3512.237895000
17		43	3512.270016000
17		1358	3512.291555000
17		43	3512.316229000
17		1358	3512.332011000
17		43	3512.361728000
17		1358	3512.372480000
17		43	3512.408338000
17		1358	3512.412517000
17		43	3512.453688000
17		1358	3512.454308000
17		43	3512.499807000
17		1358	3512.501378000
17		43	3512.546495000
17		1358	3512.548104000
17		1358	3512.588478000
17		43	3512.592276000
17		1358	3512.629575000
17		43	3512.638480000
17		1358	3512.670571000
17		43	3512.684299000
17		1358	3512.711012000
17		43	3512.729749000
17		1358	3512.751688000
17		43	3512.776018000
17		755	3512.792040000
17		48	3512.821773000
17		35	3512.836290000
17		43	3512.868030000
17		43	3512.914446000
17		43	3512.960456000
17		43	3513.006598000
17		1127	3513.052333000
17		41	3513.052864000
17		1358	3513.053842000
17		1358	3513.053853000
17		1358	3513.053856000
17		1358	3513.053859000
17		1358	3513.053869000
17		1358	3513.094969000
17		1358	3513.134222000
17		49	3513.144594000
17		35	3513.158830000
17		1358	3513.174041000
17		43	3513.189723000
17		1358	3513.215756000
17		43	3513.235999000
17		1358	3513.256004000
17		43	3513.281752000
17		1358	3513.296965000
17		43	3513.328258000
17		1358	3513.337008000
17		43	3513.374107000
17		1358	3513.377776000
17		43	3513.420119000
17		1358	3513.421212000
17		43	3513.465998000
17		1358	3513.467500000
17		43	3513.512345000
17		1358	3513.513441000
17		43	3513.557662000
17		1358	3513.559165000
17		43	3513.603735000
17		1358	3513.604956000
17		43	3513.650552000
17		1358	3513.659360000
17		43	3513.696292000
17		1358	3513.714080000
17		43	3513.741687000
17		1358	3513.755147000
17		43	3513.788601000
17		1358	3513.795122000
17		43	3513.834341000
17		1358	3513.834782000
17		1358	3513.873815000
17		43	3513.880089000
17		1358	3513.914065000
17		43	3513.925909000
17		1358	3513.955759000
17		43	3513.972060000
17		1358	3513.996640000
17		43	3514.017887000
17		1358	3514.037063000
17		48	3514.063885000
17		1358	3514.077045000
17		43	3514.110616000
17		1358	3514.117422000
17		43	3514.156159000
17		1358	3514.157719000
17		43	3514.202554000
17		1358	3514.204774000
17		1358	3514.245836000
17		43	3514.247744000
17		1358	3514.285132000
17		43	3514.293971000
17		1358	3514.317704000
17		43	3514.340153000
17		1358	3514.350345000
17		43	3514.385794000
17		1358	3514.404406000
17		43	3514.432483000
17		1358	3514.458716000
17		43	3514.478449000
17		1358	3514.499620000
17		43	3514.523778000
17		1358	3514.540924000
17		43	3514.569698000
17		1358	3514.581549000
17		43	3514.616206000
17		1358	3514.622871000
17		43	3514.662593000
17		1358	3514.663326000
17		43	3514.707893000
17		1358	3514.709479000
17		1358	3514.750035000
17		43	3514.754279000
17		1358	3514.790326000
17		43	3514.800011000
17		1358	3514.832124000
17		43	3514.846769000
17		1358	3514.872611000
17		43	3514.892271000
17		1358	3514.913854000
17		43	3514.937798000
17		755	3514.954741000
17		48	3514.983954000
17		35	3514.997935000
17		43	3515.029865000
17		43	3515.075945000
17		43	3515.122102000
17		43	3515.168183000
17		1127	3515.214402000
17		41	3515.214956000
17		154	3515.215610000
17		1353	3515.215700000
17		1358	3515.215708000
17		1358	3515.215712000
17		1358	3515.215715000
17		1358	3515.256746000
17		1358	3515.297660000
17		49	3515.306431000
17		35	3515.320223000
17		1358	3515.337720000
17		43	3515.351766000
17		1358	3515.378149000
17		43	3515.397704000
17		1358	3515.420150000
17		43	3515.444201000
17		1358	3515.459275000
17		43	3515.490243000
17		1358	3515.499975000
17		43	3515.536359000
17		1358	3515.540371000
17		1358	3515.580947000
17		43	3515.581982000
17		1358	3515.620592000
17		43	3515.628001000
17		1358	3515.660823000
17		43	3515.673738000
17		1358	3515.701460000
17		43	3515.719890000
17		1358	3515.733649000
17		43	3515.766590000
17		1358	3515.768091000
17		43	3515.811862000
17		1358	3515.821878000
17		43	3515.858142000
17		1358	3515.875109000
17		43	3515.903983000
17		1358	3515.915267000
17		43	3515.950118000
17		1358	3515.955588000
17		1358	3515.995095000
17		43	3515.996211000
17		1358	3516.034597000
17		43	3516.042243000
17		1358	3516.074602000
17		43	3516.088197000
17		1358	3516.114573000
6	0		3516.133934000
6	0		3516.133994000
17		43	3516.134249000
17		1358	3516.154637000
6	0		3516.173084000
6	12		3516.173282000
17		43	3516.179898000
17		1358	3516.195414000
6	0		3516.212463000
6	12		3516.212498000
6	0		3516.212508000
6	1		3516.212655000
6	4		3516.212668000
6	32		3516.212676000
6	0		3516.212686000
17		48	3516.226041000
17		1358	3516.236632000
6	0		3516.251693000
6	0		3516.251730000
6	0		3516.251737000
6	0		3516.251826000
6	0		3516.251844000
17		43	3516.271687000
17		1358	3516.276914000
17		43	3516.317696000
17		1358	3516.319233000
17		43	3516.364476000
17		1358	3516.365870000
17		43	3516.410486000
17		1358	3516.412434000
17		43	3516.456103000
17		1358	3516.457619000
17		1358	3516.489615000
17		43	3516.501710000
17		1358	3516.520890000
17		43	3516.547699000
17		1358	3516.574606000
17		43	3516.593999000
17		1358	3516.627334000
17		43	3516.640072000
17		1358	3516.667489000
17		43	3516.686364000
17		1358	3516.708163000
17		43	3516.732824000
17		1358	3516.748413000
17		43	3516.778302000
17		1358	3516.788790000
17		43	3516.824506000
17		1358	3516.828607000
17		43	3516.870279000
17		1358	3516.871827000
17		43	3516.915710000
17		1358	3516.917246000
17		43	3516.961833000
17		1358	3516.963340000
17		1358	3517.003336000
17		43	3517.008201000
17		1358	3517.043221000
17		43	3517.054379000
17		1358	3517.082942000
17		43	3517.100362000
17		636	3517.123978000
17		48	3517.146502000
17		35	3517.160846000
17		43	3517.191993000
17		43	3517.237953000
17		43	3517.284373000
17		1037	3517.330575000
17		41	3517.331129000
17		1358	3517.331890000
17		1358	3517.372412000
17		43	3517.375645000
17		1358	3517.411465000
17		49	3517.422094000
17		35	3517.435815000
17		1358	3517.451203000
17		43	3517.467629000
17		1358	3517.490513000
17		43	3517.514293000
17		1358	3517.529420000
17		43	3517.559646000
17		1358	3517.568664000
17		43	3517.606487000
17		1358	3517.608016000
17		1358	3517.648308000
17		43	3517.652009000
17		1358	3517.687142000
17		43	3517.698444000
17		1358	3517.727084000
17		43	3517.744636000
17		1358	3517.766739000
17		43	3517.790275000
17		1358	3517.805888000
17		43	3517.835835000
17		1358	3517.844604000
17		1358	3517.876707000
17		43	3517.881888000
17		1358	3517.908368000
17		43	3517.927929000
17		1358	3517.939329000
17		43	3517.973662000
17		1358	3517.992128000
17		43	3518.020672000
17		1358	3518.031032000
17		43	3518.066325000
17		1358	3518.067390000
17		1358	3518.105469000
17		43	3518.112223000
17		1358	3518.143048000
17		43	3518.157609000
17		1358	3518.179165000
17		43	3518.204171000
17		1358	3518.217129000
17		43	3518.250219000
17		1358	3518.251752000
17		1358	3518.290157000
17		43	3518.296208000
17		1358	3518.327638000
17		48	3518.342360000
17		35	3518.357118000
17		1358	3518.363987000
17		43	3518.388404000
17		1358	3518.401184000
17		43	3518.434431000
17		1358	3518.436172000
17		1358	3518.474562000
17		43	3518.479712000
17		1358	3518.511313000
17		43	3518.525753000
17		1358	3518.549683000
17		43	3518.572308000
17		1358	3518.578237000
17		1358	3518.608372000
17		43	3518.618017000
17		1358	3518.637273000
17		43	3518.663867000
17		1358	3518.687479000
17		43	3518.710401000
17		1358	3518.737383000
17		43	3518.756648000
17		1358	3518.774711000
17		43	3518.802596000
17		1358	3518.812235000
17		43	3518.847780000
17		43	3518.894346000
17		43	3518.940545000
17		1358	3518.942155000
17		43	3518.986795000
17		1358	3518.988339000
17		43	3519.032430000
17		1358	3519.034010000
17		1358	3519.071370000
17		43	3519.077646000
17		1358	3519.109207000
17		43	3519.123895000
17		1358	3519.147410000
17		43	3519.170405000
17		1358	3519.185102000
17		43	3519.215946000
17		1358	3519.221555000
17		1358	3519.259081000
17		48	3519.262339000
17		35	3519.276513000
17		743	3519.295860000
17		43	3519.308137000
17		43	3519.354020000
17		43	3519.400139000
17		43	3519.446734000
17		1127	3519.492588000
17		41	3519.493251000
17		158	3519.493842000
17		1353	3519.493960000
17		1358	3519.493966000
17		1358	3519.493970000
17		1358	3519.493973000
17		1358	3519.493976000
17		1358	3519.493980000
17		1358	3519.493982000
17		1358	3519.493986000
17		1358	3519.493989000
17		1358	3519.531568000
17		1358	3519.568865000
17		49	3519.584767000
17		35	3519.599225000
17		43	3519.629755000
17		43	3519.676429000
17		43	3519.721667000
17		43	3519.768496000
17		1358	3519.769687000
17		43	3519.813945000
17		1358	3519.815076000
17		43	3519.859779000
17		41	3519.859803000
17		1358	3519.861442000
17		43	3519.906247000
17		1358	3519.907832000
17		43	3519.951743000
17		1358	3519.953287000
17		43	3519.997930000
17		1358	3519.999589000
17		43	3520.044345000
17		1358	3520.049081000
17		43	3520.089748000
17		1358	3520.099488000
17		43	3520.136502000
17		1358	3520.138084000
17		43	3520.181786000
17		1358	3520.183381000
17		1358	3520.220589000
17		43	3520.228244000
17		1358	3520.257689000
17		43	3520.273898000
17		1358	3520.295729000
17		43	3520.319736000
17		1358	3520.333197000
17		43	3520.365842000
17		1358	3520.370786000
17		43	3520.412481000
17		1358	3520.414053000
17		43	3520.458192000
17		1358	3520.458989000
17		43	3520.504279000
17		1358	3520.505901000
17		43	3520.550137000
17		1358	3520.551743000
17		43	3520.596046000
17		1358	3520.597617000
17		43	3520.641770000
17		890	3520.643403000
17		43	3520.687603000
17		43	3520.734491000
17		48	3520.780579000
17		35	3520.795422000
17		1126	3520.826348000
17		41	3520.826874000
17		154	3520.827690000
17		1358	3520.832978000
17		1358	3520.870737000
17		43	3520.872499000
17		1358	3520.907967000
17		49	3520.917683000
17		35	3520.931839000
17		1358	3520.945275000
17		43	3520.964423000
17		1358	3520.983082000
17		43	3521.010296000
17		1358	3521.021379000
17		43	3521.056129000
17		1358	3521.057378000
17		1358	3521.097952000
17		43	3521.102544000
17		1358	3521.136523000
17		43	3521.148080000
17		1358	3521.174829000
17		43	3521.193864000
17		1358	3521.212732000
17		43	3521.239984000
17		1358	3521.249645000
17		43	3521.285693000
17		1358	3521.287251000
17		1358	3521.323969000
17		43	3521.331760000
17		1358	3521.361491000
17		43	3521.378133000
17		1358	3521.391883000
17		1358	3521.421202000
17		43	3521.424428000
17		1358	3521.451216000
17		43	3521.470265000
17		1358	3521.501219000
17		43	3521.516184000
17		1358	3521.551091000
17		43	3521.562138000
17		1358	3521.587998000
17		43	3521.608098000
17		1358	3521.625953000
17		43	3521.654090000
17		1358	3521.663308000
17		43	3521.700013000
17		1358	3521.702018000
17		1358	3521.737946000
17		43	3521.745729000
17		1358	3521.775766000
17		43	3521.792026000
17		1358	3521.812405000
17		48	3521.837830000
17		1358	3521.849702000
17		43	3521.883998000
17		1358	3521.887025000
17		1358	3521.924209000
17		43	3521.929988000
17		1358	3521.962159000
17		43	3521.976190000
17		1358	3521.999773000
17		43	3522.022073000
17		1358	3522.038854000
17		43	3522.067887000
17		1358	3522.076932000
17		43	3522.114491000
17		1358	3522.115948000
17		43	3522.160162000
17		1358	3522.161665000
17		43	3522.206203000
17		1358	3522.212731000
17		43	3522.251807000
17		1358	3522.264193000
17		43	3522.297754000
17		1358	3522.302865000
17		1358	3522.339931000
17		43	3522.344524000
17		1358	3522.377921000
17		43	3522.390674000
17		1358	3522.416304000
17		43	3522.436263000
17		1358	3522.455035000
17		43	3522.482618000
17		1358	3522.492979000
17		43	3522.528685000
17		1358	3522.530198000
17		43	3522.574371000
17		1358	3522.575901000
17		43	3522.619675000
17		1358	3522.620396000
17		43	3522.666327000
17		1358	3522.667056000
17		43	3522.712121000
17		1358	3522.713136000
17		48	3522.758519000
17		639	3522.759403000
17		43	3522.804571000
17		43	3522.849733000
17		43	3522.896445000
17		43	3522.942237000
17		1127	3522.987842000
17		41	3522.988443000
17		154	3522.989271000
17		1353	3522.989326000
17		1358	3522.989331000
17		1358	3522.989335000
17		1358	3522.989338000
17		1358	3522.989341000
17		1358	3523.019749000
17		1358	3523.050447000
17		49	3523.079745000
17		35	3523.093012000
17		43	3523.126165000
17		1358	3523.127713000
17		43	3523.172222000
17		1358	3523.178430000
17		1358	3523.215386000
17		43	3523.217921000
17		1358	3523.253646000
17		43	3523.264296000
17		1358	3523.291580000
17		43	3523.309739000
17		1358	3523.330152000
17		43	3523.355622000
17		1358	3523.368426000
17		43	3523.402089000
17		1358	3523.406108000
17		43	3523.448830000
17		1358	3523.450238000
17		43	3523.494500000
17		1358	3523.495689000
17		43	3523.540333000
17		1358	3523.541917000
17		43	3523.585865000
17		1358	3523.587452000
17		43	3523.632114000
17		1358	3523.633808000
17		43	3523.678571000
17		1358	3523.679340000
17		1358	3523.717971000
17		43	3523.724021000
17		1358	3523.755567000
17		43	3523.770097000
17		1358	3523.786350000
17		43	3523.815799000
17		1358	3523.817189000
17		43	3523.862411000
17		1358	3523.868000000
17		43	3523.908190000
17		1358	3523.918848000
17		43	3523.954240000
17		1358	3523.955794000
17		48	3523.999981000
17		1358	3524.000998000
17		43	3524.045950000
17		1358	3524.048007000
17		43	3524.092262000
17		1358	3524.094141000
17		43	3524.138262000
17		1358	3524.139784000
17		43	3524.184516000
17		1358	3524.186219000
17		43	3524.230270000
17		1358	3524.231896000
6	0		3524.252277000
6	0		3524.252337000
17		1358	3524.271101000
17		43	3524.276665000
6	0		3524.291328000
6	12		3524.291589000
17		1358	3524.310228000
17		43	3524.322315000
6	0		3524.330634000
6	12		3524.330670000
6	0		3524.330680000
6	1		3524.330857000
6	4		3524.330876000
6	32		3524.330885000
6	0		3524.330896000
17		1358	3524.350370000
17		43	3524.368345000
6	0		3524.369791000
6	0		3524.369874000
6	0		3524.369886000
6	0		3524.369968000
6	0		3524.369985000
17		1358	3524.389478000
17		43	3524.414481000
17		1358	3524.429416000
17		43	3524.459743000
17		1358	3524.468756000
17		43	3524.505758000
17		1358	3524.507363000
17		43	3524.552050000
17		1358	3524.553503000
17		43	3524.598508000
17		1358	3524.606465000
17		43	3524.644178000
17		1358	3524.659529000
17		43	3524.689669000
17		1358	3524.699369000
17		43	3524.735729000
17		1358	3524.739536000
17		1358	3524.779593000
17		43	3524.782644000
17		1358	3524.818513000
17		43	3524.827763000
17		1358	3524.859247000
17		43	3524.873618000
17		636	3524.899437000
17		48	3524.920456000
17		35	3524.933940000
17		43	3524.966573000
17		43	3525.012295000
17		43	3525.057761000
17		1358	3525.057789000
17		1358	3525.058997000
17		33	3525.084042000
17		43	3525.104342000
17		1037	3525.149895000
17		41	3525.150520000
17		151	3525.151317000
17		1353	3525.151331000
17		1358	3525.151347000
17		1358	3525.151351000
17		1358	3525.151354000
17		1358	3525.191554000
17		586	3525.196152000
17		41	3525.196174000
17		35	3525.196994000
17		76	3525.204612000
17		33	3525.204641000
17		1358	3525.230672000
17		49	3525.242382000
17		35	3525.256568000
17		1358	3525.270680000
17		43	3525.288167000
17		1358	3525.301588000
17		43	3525.333719000
17		1358	3525.335447000
17		43	3525.379744000
17		1358	3525.386027000
17		43	3525.425937000
17		43	3525.425964000
17		41	3525.425970000
17		1358	3525.438412000
17		33	3525.452292000
17		43	3525.472302000
17		1358	3525.478628000
17		1358	3525.517246000
17		43	3525.517977000
17		1358	3525.557038000
17		43	3525.564165000
17		1358	3525.596641000
17		43	3525.610086000
17		1358	3525.637202000
17		43	3525.656077000
17		1358	3525.677459000
17		43	3525.702330000
17		1358	3525.717665000
17		43	3525.747801000
17		1358	3525.758239000
17		43	3525.793804000
17		1358	3525.798743000
17		43	3525.840422000
17		1358	3525.842015000
17		43	3525.885755000
17		1358	3525.886617000
17		43	3525.932362000
17		1358	3525.933946000
17		1358	3525.974077000
17		43	3525.977729000
17		1358	3526.013669000
17		43	3526.024254000
17		1358	3526.046801000
17		43	3526.069830000
17		1358	3526.078565000
17		43	3526.115813000
17		1358	3526.131520000
17		48	3526.161714000
17		35	3526.175824000
17		1358	3526.184915000
17		43	3526.207857000
17		1358	3526.225226000
17		43	3526.254161000
17		1358	3526.265374000
17		43	3526.300225000
17		1358	3526.304882000
17		43	3526.346495000
17		1358	3526.348097000
17		43	3526.392199000
17		1358	3526.394362000
17		43	3526.438319000
17		1358	3526.439820000
17		43	3526.484459000
17		1358	3526.485806000
17		1358	3526.525765000
17		43	3526.530055000
17		1358	3526.565512000
17		43	3526.576094000
17		1358	3526.605681000
17		43	3526.621738000
17		1358	3526.645193000
17		43	3526.667749000
17		1358	3526.685407000
17		43	3526.714495000
17		1358	3526.725166000
17		43	3526.760338000
17		1358	3526.761835000
17		43	3526.806245000
17		1358	3526.807839000
17		43	3526.852050000
17		1358	3526.861967000
17		43	3526.898007000
17		1358	3526.916007000
17		43	3526.944133000
17		1358	3526.956343000
6	0		3526.988893000
6	0		3526.988948000
17		43	3526.990123000
17		1358	3526.996501000
17		43	3527.036361000
17		1358	3527.037745000
17		627	3527.078021000
17		48	3527.081657000
17		35	3527.095875000
6	0		3527.103689000
6	22		3527.103746000
6	0		3527.103759000
6	41		3527.109065000
17		43	3527.128012000
17		43	3527.174001000
6	0		3527.219309000
6	1080		3527.219346000
17		43	3527.220094000
6	976		3527.220296000
6	0		3527.262224000
17		43	3527.266211000
17		1126	3527.312055000
6	0		3527.312806000
17		41	3527.312922000
17		154	3527.327762000
17		1353	3527.327800000
17		1358	3527.327824000
17		1358	3527.327830000
17		1358	3527.327834000
6	48		3527.362619000
6	0		3527.362667000
17		1358	3527.367474000
6	388		3527.368347000
17		49	3527.404519000
17		1358	3527.405940000
17		1358	3527.447132000
17		43	3527.450031000
17		1358	3527.485806000
17		43	3527.496513000
17		1358	3527.526729000
17		43	3527.542271000
17		1358	3527.557737000
17		43	3527.587983000
17		1358	3527.589525000
17		43	3527.633768000
17		1358	3527.641620000
17		43	3527.680583000
17		1358	3527.693240000
6	388		3527.714220000
17		43	3527.725657000
17		1358	3527.731840000
17		1358	3527.769187000
17		43	3527.772204000
17		1358	3527.808293000
17		43	3527.818250000
6	52		3527.818448000
6	0		3527.818480000
6	0		3527.824750000
17		1358	3527.847582000
17		43	3527.864429000
17		1358	3527.886979000
17		43	3527.910054000
17		1358	3527.926726000
6	16		3527.930222000
6	0		3527.930269000
6	52		3527.930346000
17		43	3527.956295000
17		1358	3527.966444000
17		43	3528.001745000
17		1358	3528.005402000
6	0		3528.036805000
6	68		3528.036838000
6	52		3528.037371000
17		1358	3528.044463000
17		43	3528.048475000
17		1358	3528.082679000
17		43	3528.093746000
17		1358	3528.121533000
6	0		3528.122734000
6	84		3528.122922000
17		43	3528.139828000
17		1358	3528.160728000
6	0		3528.166242000
17		43	3528.185653000
17		1358	3528.199989000
17		43	3528.231889000
17		1358	3528.239224000
17		43	3528.278013000
17		1358	3528.279620000
17		48	3528.324422000
17		1358	3528.325928000
17		43	3528.369732000
17		1358	3528.378512000
17		43	3528.416509000
17		1358	3528.430364000
17		43	3528.461741000
17		1358	3528.469732000
17		43	3528.507727000
17		1358	3528.508333000
17		1358	3528.547738000
17		43	3528.554163000
17		1358	3528.585629000
17		43	3528.599802000
17		1358	3528.625305000
17		43	3528.646576000
17		1358	3528.663973000
17		43	3528.692598000
17		1358	3528.703884000
17		43	3528.738135000
17		1358	3528.743031000
17		43	3528.784097000
17		1358	3528.785856000
17		43	3528.829673000
17		1358	3528.830996000
17		43	3528.876087000
17		1358	3528.878305000
17		43	3528.922356000
17		1358	3528.924288000
17		43	3528.968282000
17		1358	3528.970034000
17		43	3529.014549000
17		1358	3529.015802000
17		1358	3529.047698000
17		43	3529.060277000
17		1358	3529.078261000
17		43	3529.105914000
17		1358	3529.129947000
17		43	3529.152432000
17		1358	3529.181477000
17		43	3529.198089000
17		645	3529.220576000
17		48	3529.243751000
17		35	3529.257997000
17		43	3529.289615000
17		43	3529.335969000
17		43	3529.382136000
17		43	3529.428285000
17		1126	3529.474572000
17		41	3529.475187000
17		154	3529.475845000
17		1353	3529.475859000
17		1358	3529.475863000
17		1358	3529.475866000
17		1358	3529.475870000
17		1358	3529.515360000
17		1358	3529.553877000
17		49	3529.566236000
17		35	3529.580796000
17		1358	3529.591400000
17		43	3529.612209000
17		1358	3529.629764000
17		43	3529.658447000
17		1358	3529.668984000
17		43	3529.704448000
17		1358	3529.705998000
17		1358	3529.745432000
17		43	3529.750072000
17		1358	3529.783866000
17		43	3529.795996000
17		1358	3529.815626000
17		43	3529.842005000
17		1358	3529.847025000
17		43	3529.887749000
17		1358	3529.899355000
17		43	3529.934213000
17		1358	3529.951292000
17		43	3529.980579000
17		1358	3529.990293000
17		43	3530.026444000
17		1358	3530.028161000
17		43	3530.072354000
17		1358	3530.073908000
17		43	3530.118253000
17		1358	3530.119161000
17		43	3530.164411000
17		1358	3530.165904000
17		1358	3530.204700000
17		43	3530.210398000
17		1358	3530.243539000
17		43	3530.255951000
17		1358	3530.282090000
17		43	3530.302039000
17		1358	3530.321367000
17		43	3530.348302000
17		1358	3530.361041000
17		43	3530.394449000
17		1358	3530.400127000
17		43	3530.440328000
17		1358	3530.441850000
17		48	3530.486471000
17		1358	3530.488083000
17		43	3530.532094000
17		1358	3530.533682000
17		43	3530.578158000
17		1358	3530.579839000
17		43	3530.623877000
17		1358	3530.631801000
17		43	3530.670264000
17		1358	3530.684102000
17		43	3530.716015000
6	52		3530.717346000
17		1358	3530.723037000
17		43	3530.762235000
17		1358	3530.763810000
6	0		3530.794841000
6	52		3530.794884000
6	0		3530.794898000
6	0		3530.794927000
6	0		3530.796440000
17		1358	3530.802089000
17		43	3530.808230000
17		1358	3530.842990000
17		43	3530.854364000
17		1358	3530.883428000
6	0		3530.887035000
17		43	3530.900289000
17		1358	3530.924107000
17		43	3530.945703000
17		1358	3530.964314000
17		43	3530.992242000
17		1358	3531.004550000
17		43	3531.038409000
17		1358	3531.044534000
17		43	3531.083753000
17		1358	3531.085414000
17		43	3531.129882000
17		1358	3531.132104000
17		43	3531.176107000
17		1358	3531.177739000
6	0		3531.184179000
6	0		3531.184214000
17		43	3531.222162000
17		1358	3531.223773000
17		1358	3531.256006000
17		43	3531.267894000
17		1358	3531.288358000
17		43	3531.314110000
17		1358	3531.320323000
17		43	3531.360595000
17		636	3531.373588000
17		48	3531.405667000
17		35	3531.419439000
17		43	3531.451939000
17		43	3531.498455000
17		43	3531.543817000
17		43	3531.589803000
17		1037	3531.635800000
17		41	3531.636407000
17		1358	3531.637188000
17		1358	3531.637213000
17		1358	3531.637217000
17		1358	3531.637221000
17		1358	3531.637226000
17		1358	3531.679270000
17		1358	3531.716510000
17		49	3531.728235000
17		35	3531.741991000
17		1358	3531.756025000
17		43	3531.773811000
17		1358	3531.796271000
17		43	3531.819995000
17		1358	3531.835809000
17		43	3531.866239000
17		1358	3531.876430000
17		43	3531.912106000
17		1358	3531.915998000
17		43	3531.957663000
17		1358	3531.959208000
17		43	3532.004143000
17		1358	3532.005470000
17		43	3532.050129000
17		1358	3532.051770000
17		43	3532.096596000
17		1358	3532.097661000
17		43	3532.142236000
17		1358	3532.150974000
17		43	3532.187784000
17		1358	3532.204096000
17		43	3532.234217000
17		1358	3532.244987000
17		43	3532.280119000
17		1358	3532.285830000
17		43	3532.326106000
17		1358	3532.327213000
17		1358	3532.365203000
6	0		3532.371296000
6	0		3532.371355000
17		43	3532.372043000
17		1358	3532.404939000
6	0		3532.410169000
6	12		3532.410509000
17		43	3532.418269000
17		1358	3532.444818000
6	0		3532.449368000
6	12		3532.449405000
6	0		3532.449419000
6	1		3532.449594000
6	4		3532.449613000
6	32		3532.449622000
6	0		3532.449633000
17		43	3532.464222000
17		1358	3532.485254000
6	0		3532.488837000
6	0		3532.488880000
6	0		3532.488886000
6	0		3532.488890000
6	0		3532.488905000
17		43	3532.510162000
17		1358	3532.526192000
17		43	3532.556319000
17		1358	3532.567127000
17		43	3532.602145000
17		1358	3532.607604000
17		48	3532.648199000
17		1358	3532.649803000
17		43	3532.693850000
17		1358	3532.695452000
17		43	3532.740052000
17		1358	3532.741700000
17		43	3532.786560000
17		1358	3532.788068000
17		1358	3532.820375000
17		43	3532.831786000
17		1358	3532.851734000
17		43	3532.878440000
17		1358	3532.905549000
17		43	3532.924220000
17		1358	3532.959916000
17		43	3532.969791000
17		1358	3532.999973000
17		43	3533.016137000
17		1358	3533.040621000
17		43	3533.062225000
17		1358	3533.081921000
17		43	3533.107812000
17		1358	3533.122839000
17		43	3533.154052000
17		416	3533.163435000
17		43	3533.200233000
17		43	3533.245657000
17		43	3533.291826000
17		43	3533.337864000
17		43	3533.383861000
17		1126	3533.429928000
17		41	3533.430554000
17		1358	3533.431499000
17		1358	3533.431527000
17		1358	3533.431532000
17		1358	3533.431535000
17		1358	3533.431538000
17		1358	3533.471928000
17		1358	3533.511143000
17		49	3533.522516000
17		35	3533.536290000
17		1358	3533.551575000
17		43	3533.568471000
17		1358	3533.584196000
17		43	3533.613958000
17		1358	3533.615453000
17		43	3533.660420000
17		1358	3533.669524000
17		43	3533.706518000
17		1358	3533.722767000
17		43	3533.752458000
17		1358	3533.763191000
17		43	3533.797849000
17		1358	3533.803941000
17		43	3533.844325000
17		1358	3533.845919000
17		43	3533.890308000
17		1358	3533.891885000
17		43	3533.936501000
17		1358	3533.938008000
17		43	3533.981997000
17		1358	3533.983924000
17		43	3534.028095000
17		1358	3534.029692000
17		43	3534.074241000
17		1358	3534.076331000
17		1358	3534.117348000
17		43	3534.120273000
17		1358	3534.156799000
17		43	3534.166436000
17		1358	3534.197857000
17		43	3534.212103000
17		1358	3534.238905000
17		43	3534.258019000
17		1358	3534.280126000
17		43	3534.304303000
17		1358	3534.312681000
17		43	3534.350386000
17		1358	3534.351920000
17		43	3534.395975000
17		1358	3534.405891000
17		48	3534.442465000
17		35	3534.455735000
17		1358	3534.460266000
17		43	3534.488081000
17		1358	3534.501024000
17		43	3534.534760000
17		1358	3534.541642000
17		43	3534.580235000
17		1358	3534.581744000
17		1358	3534.623557000
17		43	3534.625801000
17		1358	3534.662975000
17		43	3534.671764000
17		1358	3534.703104000
17		43	3534.718363000
17		1358	3534.743969000
17		43	3534.764716000
17		1358	3534.784759000
17		43	3534.810396000
17		1358	3534.825720000
17		43	3534.856263000
17		1358	3534.866003000
17		43	3534.901981000
17		1358	3534.906145000
17		43	3534.948072000
17		1358	3534.949676000
17		43	3534.994200000
17		1358	3534.995884000
17		43	3535.039837000
17		1358	3535.041518000
17		687	3535.086297000
17		43	3535.086322000
17		35	3535.087307000
17		1358	3535.087752000
17		74	3535.095193000
17		33	3535.095552000
17		43	3535.132423000
17		1358	3535.141833000
17		43	3535.178574000
17		1358	3535.194929000
17		43	3535.224125000
17		1358	3535.235082000
17		43	3535.269992000
17		1358	3535.273163000
17		1358	3535.314074000
17		43	3535.316743000
17		41	3535.316763000
17		1358	3535.353199000
17		43	3535.361897000
17		48	3535.361921000
17		41	3535.361927000
17		35	3535.376367000
17		33	3535.387909000
17		1358	3535.394004000
17		43	3535.408336000
17		1358	3535.433931000
17		43	3535.454669000
17		1358	3535.474344000
17		43	3535.500362000
17		1358	3535.515391000
17		43	3535.546667000
17		1358	3535.556286000
17		43	3535.592582000
17		1358	3535.596136000
17		43	3535.638578000
17		1358	3535.640342000
17		43	3535.684186000
17		1358	3535.685293000
17		43	3535.730284000
17		1358	3535.731929000
17		43	3535.776266000
17		1058	3535.778051000
17		43	3535.822089000
17		43	3535.868069000
17		43	3535.914344000
17		43	3535.960360000
17		43	3536.006468000
17		1037	3536.052377000
17		41	3536.053004000
17		151	3536.054534000
17		1353	3536.054615000
17		1358	3536.054623000
17		1358	3536.054628000
17		1358	3536.054632000
17		1358	3536.094350000
17		1358	3536.133598000
17		49	3536.143983000
17		35	3536.158660000
17		1358	3536.174186000
17		43	3536.190318000
17		1358	3536.213417000
17		43	3536.236306000
17		1358	3536.254507000
17		43	3536.282490000
17		1358	3536.292847000
17		43	3536.327829000
17		1358	3536.332792000
17		1358	3536.371276000
17		43	3536.374129000
17		1358	3536.411263000
17		43	3536.420416000
17		1358	3536.452290000
17		43	3536.466457000
6	0		3536.469695000
6	0		3536.469767000
17		1358	3536.484264000
17		43	3536.511794000
17		1358	3536.516866000
17		43	3536.558559000
17		1358	3536.570648000
17		43	3536.604140000
17		1358	3536.624091000
17		43	3536.649733000
17		1358	3536.664650000
17		43	3536.696476000
17		1358	3536.705301000
6	0		3536.728889000
6	41		3536.734465000
17		43	3536.741800000
17		1358	3536.745362000
17		1358	3536.785684000
17		43	3536.788450000
17		1358	3536.824401000
17		43	3536.834154000
17		1358	3536.864459000
17		43	3536.879677000
17		1358	3536.904279000
17		43	3536.926570000
17		1358	3536.944993000
17		43	3536.972738000
17		1358	3536.984819000
6	0		3536.993375000
6	21		3536.993410000
6	0		3536.993421000
6	1080		3536.994524000
17		43	3537.018245000
17		1358	3537.025426000
17		48	3537.064069000
17		1358	3537.065199000
17		43	3537.109648000
17		1358	3537.111178000
17		43	3537.156412000
17		1358	3537.157997000
17		43	3537.201685000
17		1358	3537.203191000
17		43	3537.248082000
17		1358	3537.249631000
6	440		3537.253774000
6	0		3537.294199000
17		43	3537.294264000
17		1358	3537.303398000
17		43	3537.339974000
17		1358	3537.356874000
17		43	3537.385710000
17		1358	3537.396246000
17		43	3537.432204000
17		43	3537.478047000
17		1358	3537.479634000
17		43	3537.523895000
17		1358	3537.526020000
6	48		3537.552990000
6	0		3537.553025000
6	280		3537.557052000
17		43	3537.569890000
17		1358	3537.571493000
17		43	3537.616135000
17		1358	3537.617295000
17		43	3537.661639000
17		1358	3537.663017000
17		1358	3537.703234000
17		43	3537.708366000
17		1358	3537.742674000
17		43	3537.754233000
17		1358	3537.782045000
17		43	3537.799714000
6	16		3537.819256000
17		1358	3537.820539000
17		43	3537.846246000
17		1358	3537.861401000
6	0		3537.862197000
17		43	3537.891675000
17		1358	3537.900180000
17		43	3537.938766000
17		1358	3537.940293000
17		1358	3537.978071000
17		48	3537.984527000
17		35	3537.997582000
17		636	3538.017648000
17		43	3538.030208000
17		43	3538.075752000
6	52		3538.120991000
6	0		3538.121026000
6	52		3538.121104000
17		43	3538.121954000
17		43	3538.167961000
17		1126	3538.214445000
17		41	3538.215060000
17		158	3538.216117000
17		1353	3538.216237000
17		1358	3538.216261000
17		1358	3538.216266000
17		1358	3538.216269000
17		1358	3538.216274000
17		1358	3538.216277000
17		1358	3538.216281000
17		1358	3538.216284000
17		1358	3538.216295000
17		1358	3538.256059000
17		1358	3538.295374000
17		49	3538.306092000
17		35	3538.319462000
17		43	3538.352508000
6	84		3538.383029000
17		43	3538.398688000
6	0		3538.426238000
17		43	3538.444155000
17		43	3538.489914000
17		1358	3538.491453000
17		43	3538.536142000
17		1358	3538.537673000
6	0		3538.560408000
6	0		3538.560464000
17		43	3538.582523000
17		1358	3538.584155000
17		43	3538.628057000
17		41	3538.628089000
17		37	3538.629712000
17		1358	3538.637772000
17		43	3538.674207000
17		1358	3538.691275000
17		43	3538.719774000
17		1358	3538.731376000
17		43	3538.766287000
17		1358	3538.771417000
17		43	3538.812394000
17		1358	3538.813945000
17		43	3538.858445000
17		1358	3538.860059000
17		43	3538.904197000
17		1358	3538.905789000
17		43	3538.950483000
17		1358	3538.952025000
17		1358	3538.992374000
17		43	3538.995838000
17		1358	3539.031753000
17		43	3539.042503000
17		1358	3539.071460000
17		43	3539.088107000
17		1358	3539.111864000
17		43	3539.133654000
17		1358	3539.152129000
17		43	3539.180124000
17		1358	3539.192273000
17		43	3539.225658000
17		1358	3539.232114000
17		43	3539.272406000
17		1358	3539.274222000
17		43	3539.318240000
17		1358	3539.319952000
17		43	3539.364592000
17		1358	3539.372501000
17		43	3539.410246000
17		1358	3539.426151000
17		43	3539.456159000
17		1358	3539.465591000
17		43	3539.502216000
17		1358	3539.505946000
17		1358	3539.545748000
17		48	3539.547790000
17		35	3539.561815000
17		1358	3539.584009000
6	0		3539.587366000
6	0		3539.587412000
17		43	3539.593956000
17		1358	3539.624627000
17		43	3539.640211000
17		1358	3539.664506000
6	0		3539.667227000
17		43	3539.686085000
17		1358	3539.705044000
17		43	3539.731746000
17		1358	3539.745288000
17		43	3539.778129000
17		1358	3539.785555000
17		43	3539.824485000
17		1358	3539.826082000
17		43	3539.870605000
17		1358	3539.872111000
17		43	3539.916210000
17		1358	3539.918531000
17		43	3539.962382000
17		1358	3539.963925000
17		43	3540.007659000
17		1358	3540.009442000
6	68		3540.014044000
17		1358	3540.042260000
17		43	3540.053903000
17		1358	3540.075105000
17		43	3540.100388000
17		1358	3540.129253000
17		43	3540.146323000
17		1358	3540.183594000
17		43	3540.192422000
17		1358	3540.224327000
17		43	3540.237665000
17		1358	3540.265299000
6	52		3540.273184000
6	0		3540.273224000
6	0		3540.273299000
6	0		3540.274394000
17		43	3540.284375000
17		1358	3540.305874000
17		43	3540.330542000
17		1358	3540.347023000
17		43	3540.376206000
17		1358	3540.388211000
17		43	3540.422160000
17		1358	3540.428671000
17		48	3540.468195000
17		1358	3540.469738000
6	0		3540.489439000
6	0		3540.489492000
17		43	3540.513809000
17		1358	3540.515663000
6	0		3540.528631000
6	12		3540.528835000
6	0		3540.533212000
17		1358	3540.556669000
17		43	3540.560025000
6	0		3540.568071000
6	12		3540.568162000
6	0		3540.568182000
6	1		3540.568380000
6	4		3540.568395000
6	32		3540.568402000
6	0		3540.568410000
17		1358	3540.597034000
17		43	3540.605822000
6	0		3540.607680000
6	0		3540.607795000
6	0		3540.607800000
6	0		3540.607871000
6	0		3540.607884000
17		1358	3540.637767000
17		43	3540.652040000
17		1358	3540.678726000
17		43	3540.697775000
17		1358	3540.719584000
17		43	3540.743870000
17		1358	3540.752728000
17		43	3540.789821000
17		1358	3540.791333000
17		43	3540.835721000
17		1358	3540.845310000
17		43	3540.881634000
17		1358	3540.899609000
17		43	3540.928407000
17		1358	3540.940483000
17		43	3540.989796000
17		1358	3540.991306000
17		43	3541.051689000
17		1358	3541.053208000
17		43	3541.114409000
17		1358	3541.115450000
17		1358	3541.156334000
17		43	3541.176286000
17		839	3541.195583000
17		43	3541.238392000
17		43	3541.299770000
6	0		3541.354436000
6	0		3541.354489000
17		43	3541.361859000
17		43	3541.424003000
17		43	3541.485675000
17		1126	3541.547776000
17		41	3541.548441000
17		159	3541.549304000
17		1353	3541.549328000
17		1358	3541.549332000
17		1358	3541.549337000
17		1358	3541.549359000
17		1358	3541.589895000
17		1358	3541.629983000
17		1358	3541.670157000
17		49	3541.672007000
17		35	3541.686079000
17		43	3541.734597000
17		1358	3541.736179000
17		1358	3541.769071000
17		43	3541.796752000
17		1358	3541.800786000
17		43	3541.858373000
17		1358	3541.859861000
17		43	3541.920108000
17		1358	3541.921685000
17		43	3541.982583000
17		1358	3541.984145000
17		43	3542.044042000
17		1358	3542.045703000
17		43	3542.106386000
17		1358	3542.107963000
17		43	3542.168206000
17		1358	3542.169705000
17		43	3542.230525000
17		1358	3542.232167000
17		43	3542.291902000
17		1358	3542.293159000
17		43	3542.354262000
17		1358	3542.355855000
17		43	3542.416317000
17		1358	3542.418199000
17		43	3542.478128000
17		1358	3542.479719000
17		1358	3542.520674000
17		43	3542.540361000
17		1358	3542.560278000
17		43	3542.601889000
17		1358	3542.603462000
17		43	3542.664425000
17		1358	3542.665510000
17		43	3542.725677000
17		1358	3542.727266000
17		43	3542.787694000
17		1358	3542.788589000
17		43	3542.850256000
17		1358	3542.851300000
17		48	3542.911958000
17		1358	3542.913479000
17		43	3542.974454000
17		1358	3542.976619000
17		43	3543.035711000
17		1358	3543.037239000
6	0		3543.092754000
6	0		3543.092793000
17		43	3543.097762000
17		1358	3543.099307000
17		43	3543.160457000
17		1358	3543.161989000
17		43	3543.222402000
17		1358	3543.223905000
17		1358	3543.265232000
17		43	3543.284213000
17		1358	3543.303860000
17		43	3543.345851000
17		1358	3543.347387000
17		43	3543.408076000
17		1358	3543.409849000
17		43	3543.469632000
17		1358	3543.471158000
17		43	3543.532196000
17		1358	3543.533740000
17		43	3543.594557000
17		1358	3543.596046000
17		43	3543.656202000
17		1358	3543.657382000
17		43	3543.718210000
17		1358	3543.719876000
17		43	3543.780446000
17		1358	3543.782062000
17		43	3543.842114000
17		1358	3543.842566000
17		43	3543.904519000
17		1358	3543.906093000
17		1358	3543.952881000
17		43	3543.966561000
17		1358	3543.998634000
17		43	3544.028303000
17		1358	3544.045649000
17		43	3544.089916000
17		1358	3544.091442000
17		48	3544.151836000
17		1358	3544.153382000
17		43	3544.213667000
17		1358	3544.215149000
17		43	3544.276622000
17		1358	3544.278134000
17		43	3544.338386000
17		1358	3544.340132000
17		43	3544.400248000
17		1358	3544.401741000
17		43	3544.462412000
17		1358	3544.463922000
17		43	3544.523999000
17		1358	3544.525499000
17		43	3544.586101000
17		1358	3544.587644000
17		1358	3544.634500000
17		43	3544.647755000
17		43	3544.709761000
17		1358	3544.711285000
17		43	3544.771997000
17		1358	3544.773509000
17		43	3544.834329000
17		1358	3544.844915000
17		43	3544.895879000
17		1358	3544.917328000
17		43	3544.958159000
17		1358	3544.971474000
17		43	3545.020387000
17		1358	3545.025969000
17		43	3545.082614000
17		1358	3545.084218000
17		43	3545.144267000
17		1358	3545.145846000
17		43	3545.206492000
17		1358	3545.208048000
17		43	3545.268070000
17		1358	3545.268773000
17		43	3545.330211000
17		1358	3545.331787000
17		1358	3545.386156000
17		48	3545.391939000
17		35	3545.406091000
6	0		3545.432912000
6	0		3545.432977000
17		1358	3545.438529000
17		43	3545.454262000
17		1358	3545.492470000
17		43	3545.515723000
17		1358	3545.546086000
17		43	3545.577685000
17		1358	3545.598639000
6	0		3545.621950000
6	41		3545.627137000
17		43	3545.640223000
17		1358	3545.651897000
17		1358	3545.693739000
17		43	3545.701862000
17		1358	3545.737503000
17		43	3545.764020000
17		1358	3545.780530000
6	0		3545.815692000
6	21		3545.822083000
6	0		3545.822118000
6	1080		3545.823112000
17		43	3545.825659000
17		36	3545.853094000
17		43	3545.887696000
17		43	3545.950273000
17		43	3546.012588000
6	440		3546.021818000
6	0		3546.062211000
17		43	3546.074619000
17		1037	3546.135745000
17		46	3546.136267000
17		151	3546.136973000
17		1353	3546.136998000
17		1358	3546.137002000
17		1358	3546.137005000
17		1358	3546.137009000
17		1358	3546.190605000
17		1358	3546.243893000
6	48		3546.250740000
6	0		3546.250782000
6	280		3546.254767000
17		49	3546.260443000
17		35	3546.274657000
17		1358	3546.296816000
17		43	3546.322303000
17		1358	3546.350254000
17		43	3546.383831000
17		1358	3546.404284000
17		43	3546.446204000
6	16		3546.450250000
17		1358	3546.457741000
6	0		3546.494240000
17		43	3546.508518000
17		1358	3546.510244000
17		1358	3546.563367000
17		43	3546.570072000
17		1358	3546.616583000
17		43	3546.632582000
17		1358	3546.671233000
6	52		3546.682785000
6	0		3546.682827000
6	52		3546.682916000
17		43	3546.693892000
17		1358	3546.714863000
17		43	3546.756276000
17		1358	3546.757233000
17		43	3546.818005000
17		1358	3546.829285000
6	84		3546.873926000
17		43	3546.880357000
17		1358	3546.901040000
6	0		3546.914230000
17		43	3546.942369000
17		1358	3546.955774000
17		43	3547.003669000
17		1358	3547.010032000
17		43	3547.066002000
17		1358	3547.067678000
17		1358	3547.122596000
17		43	3547.128243000
17		1358	3547.175420000
17		43	3547.189862000
17		1358	3547.229541000
17		43	3547.252136000
17		1358	3547.283217000
17		43	3547.313802000
17		1358	3547.337515000
17		43	3547.376452000
17		1358	3547.391698000
17		43	3547.437899000
17		1358	3547.445827000
17		48	3547.500490000
17		1358	3547.502112000
17		43	3547.562157000
17		1358	3547.563759000
17		43	3547.624356000
17		1358	3547.624967000
17		43	3547.685982000
17		1358	3547.687696000
17		43	3547.748454000
17		1358	3547.750564000
17		43	3547.810222000
17		1358	3547.822537000
17		43	3547.872183000
17		1358	3547.893947000
17		43	3547.933656000
17		1358	3547.946609000
17		43	3547.996271000
17		1358	3548.000099000
17		1358	3548.053722000
17		43	3548.057888000
17		1358	3548.106032000
17		43	3548.120031000
17		1358	3548.160771000
17		43	3548.182082000
17		1358	3548.214133000
17		43	3548.243963000
17		1358	3548.268304000
17		43	3548.306240000
17		43	3548.368323000
17		43	3548.430538000
17		1358	3548.431956000
17		43	3548.491784000
17		1358	3548.492858000
17		1358	3548.546876000
17		43	3548.554074000
17		1358	3548.600581000
6	0		3548.608358000
6	0		3548.608426000
17		43	3548.616051000
6	0		3548.647454000
6	12		3548.647670000
17		1358	3548.654043000
17		43	3548.677626000
6	0		3548.686631000
6	12		3548.686956000
6	0		3548.686968000
6	1		3548.687100000
6	4		3548.687113000
6	32		3548.687121000
6	0		3548.687132000
17		1358	3548.708895000
6	0		3548.726195000
6	0		3548.726234000
6	0		3548.726239000
6	0		3548.726244000
6	0		3548.726258000
17		48	3548.740116000
17		35	3548.754332000
17		1358	3548.761332000
17		43	3548.801925000
17		636	3548.814559000
17		43	3548.864512000
17		43	3548.925686000
6	68		3548.934997000
17		43	3548.987968000
17		1126	3549.050583000
17		41	3549.051220000
17		158	3549.052147000
17		1353	3549.052174000
17		1358	3549.052179000
17		1358	3549.052184000
17		1358	3549.052189000
17		1358	3549.052194000
17		1358	3549.052199000
17		1358	3549.052204000
17		1358	3549.052210000
17		1358	3549.106804000
6	52		3549.132525000
6	0		3549.132569000
6	0		3549.132589000
6	0		3549.134050000
17		1358	3549.159228000
17		49	3549.173941000
17		35	3549.187141000
17		43	3549.236487000
17		43	3549.298577000
6	0		3549.322572000
17		43	3549.359727000
17		1358	3549.360725000
17		43	3549.421676000
17		1358	3549.423603000
17		43	3549.483858000
17		1358	3549.495019000
17		43	3549.546198000
17		1358	3549.566693000
17		43	3549.608599000
17		41	3549.608623000
17		37	3549.609749000
17		1358	3549.620936000
6	0		3549.661904000
6	0		3549.661969000
17		43	3549.670100000
17		1358	3549.674647000
17		43	3549.732394000
17		1358	3549.733275000
17		43	3549.794144000
17		1358	3549.795108000
6	0		3549.822211000
6	41		3549.829367000
17		43	3549.856737000
17		1358	3549.858418000
17		43	3549.918559000
17		1358	3549.920162000
17		43	3549.979642000
17		1358	3549.981208000
6	0		3549.989238000
6	21		3549.989269000
6	0		3549.989279000
6	1080		3549.990236000
17		43	3550.042402000
17		1358	3550.043731000
17		1358	3550.098075000
17		43	3550.104749000
6	0		3550.134072000
6	0		3550.134122000
6	0		3550.150203000
17		1358	3550.150872000
6	440		3550.152546000
17		43	3550.166571000
6	0		3550.170586000
6	0		3550.194223000
17		1358	3550.205227000
17		43	3550.228320000
17		1358	3550.259592000
17		43	3550.290462000
17		1358	3550.313593000
17		43	3550.352096000
6	48		3550.354113000
6	0		3550.354146000
17		1358	3550.356817000
6	280		3550.358146000
17		43	3550.413784000
17		1358	3550.414855000
17		43	3550.475944000
17		1358	3550.486753000
6	0		3550.518033000
6	16		3550.521193000
17		43	3550.537940000
17		1358	3550.558849000
6	0		3550.562211000
17		43	3550.599946000
17		1358	3550.612467000
17		43	3550.662079000
17		1358	3550.666954000
6	52		3550.722212000
6	0		3550.722246000
6	52		3550.722325000
17		43	3550.723639000
17		1358	3550.725825000
17		1358	3550.779103000
17		43	3550.786003000
17		1358	3550.832322000
17		48	3550.848388000
17		35	3550.862882000
6	84		3550.882289000
17		1358	3550.886600000
17		43	3550.910528000
6	0		3550.926214000
17		1358	3550.940391000
17		43	3550.971770000
17		1358	3550.994541000
17		43	3551.034586000
17		1358	3551.048467000
17		43	3551.095769000
17		1358	3551.103021000
17		43	3551.157706000
17		1358	3551.159143000
17		43	3551.220370000
17		1358	3551.221945000
17		43	3551.282342000
17		1358	3551.283865000
17		43	3551.344288000
17		1358	3551.346009000
17		43	3551.405985000
17		1358	3551.407914000
17		43	3551.468307000
17		1358	3551.479084000
17		43	3551.530132000
17		1358	3551.550896000
17		43	3551.592462000
17		1358	3551.604923000
17		43	3551.654252000
17		1358	3551.655560000
17		1358	3551.710374000
17		43	3551.716199000
17		1358	3551.763370000
17		43	3551.777709000
17		1358	3551.817531000
17		43	3551.839688000
17		1358	3551.872070000
17		43	3551.901630000
17		1358	3551.925699000
17		43	3551.964256000
17		1358	3551.979907000
17		43	3552.026076000
17		1358	3552.033667000
17		48	3552.088315000
17		1358	3552.089910000
17		43	3552.150153000
17		1358	3552.151707000
17		1358	3552.206034000
17		43	3552.212115000
17		1358	3552.258476000
17		43	3552.274356000
17		1358	3552.312435000
17		43	3552.335967000
17		1358	3552.355961000
17		43	3552.397665000
17		1358	3552.399255000
17		43	3552.460193000
17		532	3552.471077000
17		43	3552.521682000
17		43	3552.586224000
17		43	3552.646242000
17		43	3552.708423000
17		43	3552.770202000
6	68		3552.828153000
17		1037	3552.831950000
17		41	3552.832614000
17		155	3552.833404000
17		1353	3552.870469000
17		1358	3552.870499000
17		1358	3552.870503000
17		1358	3552.870506000
17		1358	3552.923988000
17		49	3552.956279000
17		35	3552.969945000
17		1358	3552.977012000
6	52		3552.989393000
6	0		3552.989431000
6	0		3552.989450000
6	0		3552.990625000
17		43	3553.018259000
17		1358	3553.030532000
17		43	3553.080202000
17		1358	3553.085091000
17		1358	3553.138086000
17		43	3553.141856000
6	0		3553.150544000
17		1358	3553.190950000
17		43	3553.204499000
17		1358	3553.244075000
17		43	3553.266746000
17		1358	3553.296933000
17		43	3553.328568000
17		1358	3553.347930000
17		1358	3553.389858000
17		43	3553.390370000
17		1358	3553.431065000
17		43	3553.451886000
17		1358	3553.473016000
17		43	3553.514298000
17		1358	3553.543031000
17		43	3553.576247000
17		1358	3553.613031000
17		43	3553.638325000
17		1358	3553.666579000
17		43	3553.700261000
17		1358	3553.718957000
17		43	3553.761867000
17		1358	3553.772080000
17		43	3553.824072000
17		1358	3553.824458000
17		1358	3553.876658000
17		43	3553.886287000
17		1358	3553.928750000
17		43	3553.947897000
17		1358	3553.981173000
17		43	3554.009882000
17		1358	3554.034375000
17		43	3554.072321000
17		1358	3554.087007000
17		43	3554.134465000
17		1358	3554.139180000
17		48	3554.196502000
17		1358	3554.197999000
17		43	3554.258529000
17		1358	3554.259450000
17		43	3554.320127000
17		1358	3554.321731000
17		43	3554.381627000
17		1358	3554.383196000
17		43	3554.443980000
17		1358	3554.445006000
17		43	3554.506367000
17		1358	3554.515070000
17		43	3554.568149000
17		1358	3554.585005000
17		43	3554.630312000
17		1358	3554.636140000
17		1358	3554.688293000
17		43	3554.692253000
17		236	3554.741083000
17		43	3554.754408000
17		43	3554.816340000
17		43	3554.878436000
17		43	3554.940402000
17		43	3555.002532000
17		1126	3555.063686000
17		41	3555.064295000
17		158	3555.065178000
17		1353	3555.065184000
17		1358	3555.065192000
17		1358	3555.065196000
17		1358	3555.065199000
17		1358	3555.065202000
17		1358	3555.118001000
17		586	3555.125855000
17		35	3555.127587000
17		76	3555.136538000
17		33	3555.136877000
17		1358	3555.169298000
17		49	3555.187809000
17		35	3555.202688000
17		43	3555.249706000
17		1358	3555.251297000
17		1358	3555.303570000
17		43	3555.312086000
17		1358	3555.356458000
17		43	3555.373681000
17		1358	3555.399169000
17		43	3555.436366000
17		1358	3555.442060000
17		43	3555.498741000
17		43	3555.498766000
17		41	3555.498774000
17		1358	3555.511999000
17		33	3555.524855000
17		43	3555.560521000
17		1358	3555.581342000
17		43	3555.621923000
17		1358	3555.633503000
17		43	3555.684403000
17		1358	3555.685947000
17		43	3555.745716000
17		1358	3555.747358000
17		43	3555.808243000
17		1358	3555.809839000
17		43	3555.870675000
17		1358	3555.871872000
17		43	3555.932479000
17		1358	3555.934087000
17		43	3555.994120000
17		1358	3555.995739000
17		43	3556.056291000
17		1358	3556.057836000
17		43	3556.117934000
17		1358	3556.119376000
17		43	3556.179917000
17		1358	3556.181983000
17		1358	3556.235197000
17		43	3556.241642000
17		1358	3556.286162000
17		43	3556.304345000
17		1358	3556.338570000
17		43	3556.366326000
17		1358	3556.381473000
17		48	3556.427813000
17		1358	3556.429477000
17		43	3556.490066000
17		1358	3556.499377000
17		43	3556.551648000
17		1358	3556.569141000
17		43	3556.613997000
17		1358	3556.621777000
17		43	3556.676549000
17		1358	3556.678141000
6	0		3556.726738000
6	0		3556.726794000
17		43	3556.738282000
17		1358	3556.740230000
6	0		3556.765253000
6	12		3556.765464000
17		43	3556.800217000
17		1358	3556.801851000
6	0		3556.803737000
6	12		3556.803806000
6	0		3556.803819000
6	1		3556.804061000
6	4		3556.804082000
6	32		3556.804091000
6	0		3556.804101000
6	0		3556.842371000
6	0		3556.842408000
6	0		3556.842444000
6	0		3556.842547000
6	0		3556.842560000
17		43	3556.862629000
17		1358	3556.863814000
17		1358	3556.915873000
17		43	3556.923987000
17		1358	3556.968019000
17		43	3556.986624000
17		1358	3557.020935000
17		43	3557.048116000
17		1358	3557.073757000
17		43	3557.110252000
17		1358	3557.126589000
17		43	3557.172252000
17		1358	3557.179121000
17		43	3557.233936000
17		1358	3557.234818000
17		43	3557.296119000
17		1358	3557.297731000
17		43	3557.358347000
17		1358	3557.359949000
17		43	3557.420080000
17		1358	3557.421713000
17		43	3557.482319000
17		1358	3557.491076000
17		43	3557.544631000
17		1358	3557.561152000
17		43	3557.606359000
17		1358	3557.615751000
17		1358	3557.668212000
17		48	3557.668495000
17		35	3557.682229000
17		1358	3557.722102000
17		43	3557.730130000
17		1358	3557.776591000
17		43	3557.791627000
17		1358	3557.830202000
17		43	3557.853767000
17		1358	3557.884435000
17		43	3557.916249000
17		1358	3557.938723000
17		43	3557.977767000
17		1358	3557.992886000
17		43	3558.040379000
17		756	3558.046697000
17		43	3558.102220000
17		43	3558.163963000
17		43	3558.226126000
17		43	3558.287581000
17		1028	3558.350135000
17		43	3558.350161000
17		41	3558.350710000
17		151	3558.351394000
17		1358	3558.357766000
17		1358	3558.401138000
17		43	3558.411925000
17		1358	3558.443600000
17		49	3558.473799000
17		1358	3558.485485000
17		1358	3558.528771000
17		43	3558.536218000
17		1358	3558.571245000
17		43	3558.598007000
17		1358	3558.642340000
17		43	3558.660463000
17		1358	3558.696200000
17		43	3558.721729000
17		1358	3558.742418000
17		43	3558.784323000
17		1358	3558.789169000
17		1358	3558.835476000
17		43	3558.845725000
17		1358	3558.882082000
17		43	3558.908035000
17		1358	3558.928153000
17		43	3558.970476000
17		1358	3558.974874000
17		1358	3559.022001000
17		43	3559.031638000
17		1358	3559.068807000
17		43	3559.093893000
17		1358	3559.114999000
17		43	3559.156302000
17		1358	3559.161779000
17		1358	3559.208141000
17		43	3559.218427000
17		43	3559.279692000
17		1358	3559.281268000
17		43	3559.341791000
17		1358	3559.343428000
17		43	3559.403723000
17		1358	3559.405002000
17		43	3559.466066000
17		1358	3559.467565000
17		43	3559.527846000
17		1358	3559.529229000
17		43	3559.590002000
17		1358	3559.591132000
17		1358	3559.638529000
17		43	3559.651677000
17		1358	3559.685676000
17		48	3559.713685000
17		35	3559.727021000
17		1358	3559.731797000
17		43	3559.775856000
17		1358	3559.777454000
17		1358	3559.825842000
17		43	3559.837922000
17		1358	3559.871864000
17		43	3559.899916000
17		1358	3559.918037000
17		43	3559.961999000
17		1358	3559.963539000
17		1358	3560.012133000
17		43	3560.024389000
17		1358	3560.058278000
17		43	3560.086330000
17		1358	3560.106188000
17		43	3560.148404000
17		1358	3560.152493000
17		1358	3560.198801000
17		43	3560.210517000
17		1358	3560.245202000
17		43	3560.272084000
17		1358	3560.292742000
17		43	3560.334494000
17		1358	3560.339185000
17		1358	3560.385052000
17		43	3560.396258000
17		1358	3560.432427000
17		43	3560.458412000
17		1358	3560.479073000
17		43	3560.519835000
17		1358	3560.525005000
17		1358	3560.572143000
17		43	3560.582272000
17		1358	3560.618415000
17		43	3560.644335000
17		1358	3560.664737000
17		43	3560.705779000
17		1358	3560.711246000
17		631	3560.759468000
17		43	3560.768037000
17		43	3560.829770000
17		43	3560.891785000
17		48	3560.953972000
17		35	3560.968223000
17		43	3561.015946000
17		43	3561.078309000
17		43	3561.140488000
17		43	3561.202264000
17		1126	3561.263942000
17		41	3561.264632000
17		158	3561.265420000
17		1353	3561.265457000
17		1358	3561.265462000
17		1358	3561.265465000
17		1358	3561.265468000
17		1358	3561.265471000
17		1358	3561.265504000
17		1358	3561.265508000
17		1358	3561.265511000
17		1358	3561.265514000
17		1358	3561.303821000
17		1358	3561.341005000
17		1358	3561.377941000
17		49	3561.388513000
17		35	3561.402100000
17		43	3561.449767000
17		43	3561.512274000
17		43	3561.574422000
17		43	3561.636481000
17		1358	3561.638690000
17		43	3561.697786000
17		1358	3561.699302000
17		43	3561.759879000
17		1358	3561.761491000
17		43	3561.822581000
17		41	3561.822603000
17		1358	3561.823535000
17		43	3561.883687000
17		1358	3561.885308000
17		43	3561.945727000
17		1358	3561.947280000
17		43	3562.008228000
17		1358	3562.010190000
17		43	3562.070518000
17		1358	3562.072186000
17		43	3562.132428000
17		1358	3562.134006000
17		43	3562.194373000
17		1358	3562.195898000
17		1358	3562.244246000
17		43	3562.256091000
17		1358	3562.290227000
17		43	3562.318360000
17		1358	3562.337652000
17		43	3562.380262000
17		1358	3562.385512000
17		43	3562.441902000
17		1358	3562.443891000
17		43	3562.504039000
17		1358	3562.505610000
17		43	3562.566335000
17		1358	3562.567295000
17		43	3562.628044000
17		1358	3562.630222000
17		43	3562.690547000
17		1358	3562.692028000
17		43	3562.752367000
17		1358	3562.754201000
17		43	3562.813741000
17		1358	3562.815234000
17		43	3562.876461000
17		1358	3562.877877000
17		43	3562.938569000
17		1358	3562.940715000
17		43	3563.000222000
17		1358	3563.001714000
17		48	3563.062268000
17		1358	3563.062811000
17		43	3563.124020000
17		1358	3563.125231000
6	0		3563.171735000
6	0		3563.171793000
17		43	3563.185995000
17		1358	3563.187532000
6	0		3563.188417000
6	41		3563.193879000
6	0		3563.209967000
6	21		3563.212900000
6	0		3563.212936000
6	1080		3563.213839000
6	0		3563.229894000
6	440		3563.229971000
17		43	3563.248251000
17		1358	3563.249956000
6	0		3563.270204000
6	48		3563.286280000
6	0		3563.286315000
6	280		3563.290445000
6	0		3563.306519000
17		43	3563.310047000
17		1358	3563.310787000
6	16		3563.310896000
6	0		3563.354211000
6	52		3563.370324000
6	0		3563.370362000
6	52		3563.370466000
17		43	3563.372285000
17		1358	3563.373763000
6	100		3563.386534000
6	0		3563.430230000
17		43	3563.433871000
17		1358	3563.434699000
17		43	3563.495992000
17		1358	3563.497586000
17		43	3563.558198000
17		1358	3563.569484000
17		43	3563.620019000
17		1358	3563.640741000
17		43	3563.681653000
17		1358	3563.694756000
17		43	3563.743961000
17		1358	3563.748521000
17		1041	3563.801594000
17		43	3563.806134000
17		43	3563.867761000
17		43	3563.929796000
17		43	3563.992029000
17		43	3564.054077000
17		43	3564.116221000
17		1037	3564.178336000
17		41	3564.178904000
17		151	3564.179668000
17		1353	3564.179698000
17		1358	3564.179703000
17		1358	3564.179707000
17		1358	3564.179710000
17		1358	3564.233457000
17		1358	3564.287309000
17		49	3564.302310000
17		35	3564.316604000
17		1358	3564.339797000
17		43	3564.364033000
17		1358	3564.393385000
17		43	3564.426092000
17		1358	3564.447633000
17		43	3564.487685000
17		1358	3564.489280000
17		1358	3564.531941000
17		43	3564.549741000
17		1358	3564.575054000
17		43	3564.612175000
17		1358	3564.646873000
17		43	3564.674159000
17		1358	3564.718354000
17		43	3564.736491000
17		1358	3564.772373000
17		43	3564.798449000
17		1358	3564.826950000
6	0		3564.843671000
6	0		3564.843744000
17		43	3564.860587000
17		1358	3564.880629000
6	0		3564.882622000
6	12		3564.882832000
6	0		3564.921710000
6	12		3564.921739000
6	0		3564.921750000
6	1		3564.921886000
6	4		3564.921898000
6	32		3564.921906000
6	0		3564.921916000
17		43	3564.922359000
17		1358	3564.934722000
6	0		3564.960723000
6	0		3564.960759000
6	0		3564.960763000
6	0		3564.960843000
6	0		3564.960862000
17		43	3564.983969000
17		1358	3564.989560000
17		43	3565.046144000
17		1358	3565.047882000
17		43	3565.108032000
17		1358	3565.109650000
17		1358	3565.164387000
17		43	3565.170047000
17		1358	3565.217634000
17		43	3565.232555000
17		1358	3565.271708000
17		43	3565.294335000
17		1358	3565.325768000
17		43	3565.355911000
17		1358	3565.379546000
17		43	3565.417830000
17		1358	3565.433525000
17		43	3565.480136000
17		1358	3565.481919000
17		48	3565.541818000
17		1358	3565.543452000
17		43	3565.604133000
17		1358	3565.614842000
17		43	3565.665861000
17		1358	3565.686790000
17		43	3565.727980000
17		1358	3565.740956000
6	68		3565.784861000
17		43	3565.789975000
17		1358	3565.795030000
6	52		3565.801060000
6	0		3565.801098000
6	0		3565.801115000
6	0		3565.802430000
6	0		3565.818599000
17		43	3565.852038000
17		1358	3565.853994000
17		1358	3565.908439000
17		43	3565.914243000
17		1358	3565.961161000
17		43	3565.975676000
17		1358	3566.014732000
17		43	3566.038243000
17		1358	3566.068792000
17		43	3566.099758000
17		1358	3566.123437000
17		43	3566.161982000
17		1358	3566.176924000
17		43	3566.223646000
17		1358	3566.231678000
17		43	3566.286022000
17		1358	3566.287593000
17		43	3566.347872000
17		1358	3566.349617000
17		43	3566.409760000
17		1358	3566.410745000
17		43	3566.471784000
17		1358	3566.473945000
17		43	3566.533803000
17		1358	3566.534962000
17		43	3566.596498000
17		1358	3566.607374000
17		43	3566.658149000
17		1358	3566.677702000
17		43	3566.720409000
17		1358	3566.731300000
17		48	3566.781851000
17		645	3566.783518000
17		43	3566.844264000
17		43	3566.905929000
17		43	3566.967987000
17		43	3567.030128000
17		1126	3567.092617000
17		41	3567.093292000
17		1358	3567.094105000
17		1358	3567.094120000
17		1358	3567.094125000
17		1358	3567.094130000
17		1358	3567.094135000
17		1358	3567.148452000
17		1358	3567.201227000
17		49	3567.216429000
17		35	3567.230409000
17		1358	3567.254638000
17		43	3567.278491000
17		1358	3567.308460000
17		43	3567.339745000
17		1358	3567.362848000
17		43	3567.402139000
17		1358	3567.416629000
17		43	3567.464267000
17		1358	3567.470630000
17		43	3567.525960000
17		1358	3567.527842000
17		43	3567.587919000
17		1358	3567.589067000
17		43	3567.649924000
17		1358	3567.660887000
17		43	3567.712474000
17		1358	3567.733180000
17		43	3567.774274000
17		1358	3567.787252000
17		43	3567.836445000
17		1358	3567.840686000
17		43	3567.898393000
17		1358	3567.899612000
17		43	3567.960190000
17		1358	3567.961785000
17		1358	3568.016434000
17		43	3568.021759000
17		1358	3568.069447000
17		43	3568.083991000
17		1358	3568.123477000
17		43	3568.145617000
17		1358	3568.177122000
17		43	3568.207669000
17		1358	3568.231822000
17		43	3568.270268000
17		1358	3568.285453000
17		43	3568.332362000
17		1358	3568.339518000
17		43	3568.393697000
17		1358	3568.395328000
17		48	3568.455812000
17		1358	3568.456722000
17		43	3568.518532000
17		1358	3568.520090000
17		43	3568.580120000
17		1358	3568.582519000
17		43	3568.642431000
17		1358	3568.655136000
17		43	3568.703763000
17		1358	3568.726286000
17		43	3568.766338000
17		1358	3568.780274000
17		43	3568.828614000
17		1358	3568.834206000
17		1358	3568.886481000
17		43	3568.889663000
17		1358	3568.940304000
17		43	3568.951753000
17		1358	3568.993620000
17		43	3569.014560000
17		1358	3569.048453000
17		43	3569.076160000
17		1358	3569.101767000
17		43	3569.137757000
17		1358	3569.155788000
17		43	3569.199833000
17		1358	3569.210137000
17		43	3569.261868000
17		1358	3569.263363000
17		43	3569.324363000
17		1358	3569.325757000
17		1358	3569.379995000
17		43	3569.386544000
17		1358	3569.433469000
17		43	3569.448199000
17		1358	3569.488271000
17		43	3569.509833000
17		1358	3569.531847000
17		43	3569.572446000
17		1358	3569.576139000
17		43	3569.633940000
17		1358	3569.648578000
17		48	3569.696483000
17		35	3569.710923000
17		1358	3569.719637000
17		43	3569.757901000
17		1358	3569.774667000
17		43	3569.819834000
17		1358	3569.829536000
17		43	3569.881831000
17		492	3569.883467000
17		43	3569.943773000
17		43	3570.005715000
17		43	3570.068388000
17		43	3570.129735000
6	0		3570.166872000
6	0		3570.166912000
17		43	3570.191742000
17		1129	3570.254191000
17		41	3570.254803000
17		1358	3570.255708000
17		1358	3570.255741000
17		1358	3570.255747000
17		1358	3570.255753000
17		1358	3570.255759000
17		1358	3570.310184000
17		1358	3570.364026000
17		49	3570.377961000
17		35	3570.391892000
17		1358	3570.417517000
17		43	3570.440190000
17		1358	3570.471845000
17		43	3570.501657000
17		1358	3570.526502000
17		43	3570.563932000
17		1358	3570.570198000
17		43	3570.625743000
17		1358	3570.627002000
17		43	3570.688385000
17		1358	3570.699703000
17		43	3570.750094000
17		1358	3570.772657000
17		43	3570.811907000
17		1358	3570.827448000
17		43	3570.873872000
17		1358	3570.881952000
17		43	3570.935619000
17		1358	3570.937609000
17		43	3570.998237000
17		1358	3570.999474000
17		43	3571.059771000
17		1358	3571.061505000
17		43	3571.121750000
17		1358	3571.123346000
17		1358	3571.177988000
17		43	3571.184660000
17		1358	3571.231532000
17		43	3571.246157000
17		1358	3571.286500000
17		43	3571.308150000
17		1358	3571.341373000
17		43	3571.369738000
17		1358	3571.395503000
17		43	3571.432613000
17		1358	3571.450509000
17		43	3571.494068000
17		1358	3571.504535000
17		43	3571.555793000
17		1358	3571.557365000
17		48	3571.617825000
17		1358	3571.619609000
17		43	3571.680537000
17		1358	3571.692044000
17		43	3571.741792000
17		1358	3571.764646000
17		43	3571.804251000
17		1358	3571.819235000
17		43	3571.865929000
17		1358	3571.873621000
17		1358	3571.927009000
17		43	3571.928503000
17		1358	3571.981601000
17		43	3571.990187000
17		1358	3572.036120000
17		43	3572.051783000
17		1358	3572.090123000
17		43	3572.114150000
17		1358	3572.144483000
17		43	3572.176288000
17		1358	3572.199075000
17		43	3572.237782000
17		1358	3572.253022000
17		43	3572.300044000
17		1358	3572.308030000
17		43	3572.362066000
17		1358	3572.363561000
17		43	3572.424163000
17		1358	3572.425729000
17		43	3572.485885000
17		1358	3572.487509000
17		1358	3572.530841000
17		43	3572.547784000
17		1358	3572.574644000
17		43	3572.610021000
17		1358	3572.618410000
17		43	3572.671866000
17		1358	3572.690555000
17		43	3572.733645000
17		1358	3572.763721000
17		43	3572.795631000
17		1358	3572.818611000
17		48	3572.857840000
17		35	3572.871109000
17		1358	3572.872996000
17		43	3572.919868000
17		1358	3572.927832000
6	0		3572.962325000
6	0		3572.962378000
17		43	3572.982137000
17		1358	3572.983711000
6	0		3573.002024000
6	12		3573.002302000
6	0		3573.041955000
6	12		3573.042064000
6	0		3573.042093000
6	1		3573.042284000
6	4		3573.042301000
6	32		3573.042310000
6	0		3573.042321000
17		43	3573.043997000
17		1358	3573.045592000
6	0		3573.081895000
6	0		3573.081945000
6	0		3573.082036000
6	0		3573.082156000
6	0		3573.082168000
17		43	3573.105901000
17		1358	3573.107179000
17		43	3573.167796000
17		1358	3573.169443000
17		43	3573.230244000
17		1358	3573.231994000
17		1358	3573.286645000
17		43	3573.291716000
17		1358	3573.340610000
17		43	3573.353958000
17		1358	3573.395159000
17		43	3573.415714000
17		1358	3573.449667000
17		43	3573.478257000
17		1358	3573.505493000
17		43	3573.539949000
17		1358	3573.550325000
17		43	3573.602021000
17		1358	3573.602701000
17		43	3573.664563000
17		1358	3573.675569000
17		43	3573.725966000
17		244	3573.748395000
17		43	3573.787642000
17		43	3573.849973000
17		43	3573.911935000
17		43	3573.973999000
17		43	3574.036207000
17		1037	3574.098510000
17		41	3574.099101000
17		151	3574.099732000
17		1353	3574.099753000
17		1358	3574.099768000
17		1358	3574.099775000
17		1358	3574.099780000
17		1358	3574.154132000
17		1358	3574.206731000
17		49	3574.222026000
17		35	3574.235511000
17		1358	3574.260580000
17		43	3574.283836000
17		1358	3574.313338000
17		43	3574.346513000
17		1358	3574.367239000
17		43	3574.407746000
17		1358	3574.420694000
17		43	3574.469691000
17		1358	3574.473406000
17		1358	3574.516321000
17		43	3574.531918000
17		1358	3574.559051000
17		43	3574.594651000
17		1358	3574.601999000
17		43	3574.656272000
17		1358	3574.673826000
17		43	3574.718307000
17		1358	3574.745843000
17		43	3574.780078000
17		1358	3574.799710000
17		43	3574.841964000
17		1358	3574.853622000
17		43	3574.903908000
17		1358	3574.908180000
17		43	3574.965871000
17		1358	3574.968076000
17		43	3575.028339000
17		1358	3575.029884000
17		1358	3575.083935000
17		43	3575.089737000
17		687	3575.089768000
17		35	3575.091530000
17		74	3575.099774000
17		33	3575.100243000
17		1358	3575.137754000
17		43	3575.152162000
17		1358	3575.192819000
17		43	3575.214444000
17		1358	3575.246974000
17		43	3575.276120000
17		1358	3575.300895000
17		43	3575.338088000
17		1358	3575.355737000
17		43	3575.400131000
17		1358	3575.409467000
17		43	3575.461760000
17		48	3575.461789000
17		41	3575.461795000
17		1358	3575.463431000
17		33	3575.488017000
17		43	3575.523903000
17		1358	3575.525548000
6	0		3575.565345000
6	0		3575.565408000
17		43	3575.586377000
17		1358	3575.587990000
17		43	3575.647917000
17		1358	3575.659790000
17		43	3575.710296000
17		1358	3575.732216000
17		43	3575.772173000
17		1358	3575.785855000
17		43	3575.833891000
17		1358	3575.840556000
17		1358	3575.894707000
17		43	3575.896301000
6	0		3575.947344000
17		1358	3575.948248000
6	41		3575.954984000
17		43	3575.958071000
17		1358	3576.001823000
17		43	3576.020402000
17		1358	3576.056030000
17		43	3576.082222000
17		1358	3576.110847000
17		43	3576.144738000
17		1358	3576.165755000
6	0		3576.166856000
6	21		3576.169064000
6	0		3576.169096000
6	1080		3576.170390000
17		43	3576.206462000
17		1358	3576.219470000
17		43	3576.268375000
17		1358	3576.273145000
6	440		3576.292077000
17		43	3576.329922000
17		1358	3576.330815000
6	0		3576.334225000
17		43	3576.392565000
17		1358	3576.393672000
17		43	3576.454412000
17		1358	3576.455954000
17		43	3576.516239000
17		1358	3576.517885000
17		43	3576.578615000
17		1358	3576.580188000
17		43	3576.640356000
17		1358	3576.651738000
17		48	3576.702472000
17		35	3576.715910000
17		636	3576.722710000
17		43	3576.764336000
6	48		3576.817123000
6	0		3576.817165000
6	280		3576.821333000
17		43	3576.826007000
17		43	3576.888195000
17		43	3576.950365000
17		1126	3577.011649000
17		41	3577.012318000
17		1358	3577.013116000
17		1358	3577.013144000
17		1358	3577.013149000
17		1358	3577.013153000
17		1358	3577.013158000
17		1358	3577.067233000
17		1358	3577.120738000
17		49	3577.136478000
17		35	3577.150200000
17		1358	3577.173669000
17		43	3577.198355000
17		1358	3577.227716000
17		43	3577.260342000
17		1358	3577.282195000
6	0		3577.320138000
17		43	3577.322081000
17		1358	3577.335863000
17		43	3577.384516000
17		1358	3577.389635000
17		43	3577.446055000
17		1358	3577.447669000
6	16		3577.476852000
17		43	3577.507896000
17		1358	3577.509185000
6	0		3577.518231000
17		43	3577.569869000
17		1358	3577.570687000
6	52		3577.607132000
6	0		3577.607173000
6	52		3577.607305000
17		43	3577.632577000
17		1358	3577.634211000
17		43	3577.694406000
6	0		3577.696345000
17		1358	3577.706417000
6	100		3577.734370000
17		43	3577.756424000
17		1358	3577.777484000
6	0		3577.778222000
17		43	3577.817725000
17		1358	3577.831411000
17		43	3577.879782000
17		1358	3577.885725000
17		1358	3577.940000000
17		43	3577.941643000
17		1358	3577.992736000
17		43	3578.004317000
17		1358	3578.047078000
17		43	3578.065921000
17		1358	3578.101282000
17		43	3578.128615000
17		1358	3578.154985000
17		43	3578.190616000
17		1358	3578.209395000
17		43	3578.252300000
17		1358	3578.263296000
17		43	3578.314552000
17		1358	3578.316123000
17		48	3578.375816000
17		1358	3578.376803000
17		43	3578.438284000
17		1358	3578.439905000
17		43	3578.500022000
17		1358	3578.500713000
17		43	3578.562258000
17		1358	3578.563810000
17		1358	3578.607114000
17		43	3578.624219000
17		1358	3578.650615000
17		43	3578.686253000
17		1358	3578.722426000
17		43	3578.747844000
17		1358	3578.794805000
17		43	3578.810612000
17		1358	3578.848413000
17		43	3578.872511000
17		781	3578.903034000
17		43	3578.933825000
17		43	3578.996218000
17		43	3579.058417000
17		43	3579.120108000
17		43	3579.181797000
17		1127	3579.244218000
17		41	3579.244935000
17		158	3579.245677000
17		1353	3579.245707000
17		1358	3579.245712000
17		1358	3579.245717000
17		1358	3579.245722000
17		1358	3579.300380000
17		1358	3579.353602000
17		49	3579.368398000
17		35	3579.382663000
6	68		3579.385333000
17		1358	3579.407616000
17		43	3579.430355000
17		1358	3579.461839000
17		43	3579.492167000
17		1358	3579.516085000
17		43	3579.554094000
17		1358	3579.560066000
17		1358	3579.603266000
17		43	3579.616184000
17		1358	3579.645508000
17		43	3579.678458000
17		1358	3579.718604000
17		43	3579.740253000
17		1358	3579.790596000
17		43	3579.802248000
17		1358	3579.845282000
17		43	3579.863884000
6	0		3579.870324000
17		1358	3579.898868000
17		43	3579.926579000
6	52		3579.950824000
6	0		3579.950862000
6	0		3579.952288000
17		1358	3579.953427000
17		43	3579.988218000
17		1358	3580.007294000
17		43	3580.050434000
17		1358	3580.061347000
6	0		3580.090359000
17		43	3580.112333000
17		1358	3580.115134000
6	0		3580.119340000
6	0		3580.119375000
17		43	3580.173704000
17		1358	3580.175230000
17		1358	3580.229572000
17		43	3580.236335000
17		1358	3580.282054000
17		43	3580.297866000
17		1358	3580.336426000
17		43	3580.360236000
17		1358	3580.390075000
17		43	3580.422685000
17		1358	3580.444331000
17		43	3580.484380000
17		1358	3580.498764000
17		43	3580.546492000
17		1358	3580.547598000
17		48	3580.608220000
17		1358	3580.609793000
17		43	3580.669989000
17		1358	3580.681281000
17		43	3580.731987000
17		1358	3580.753488000
17		43	3580.794448000
17		1358	3580.808506000
17		43	3580.855686000
17		1358	3580.862810000
17		43	3580.917727000
17		1358	3580.919319000
17		1358	3580.974017000
17		43	3580.980914000
17		1358	3581.027316000
17		43	3581.041635000
17		1358	3581.081389000
17		43	3581.103836000
17		1358	3581.135114000
17		43	3581.166238000
17		1358	3581.189029000
17		43	3581.228618000
17		1358	3581.242911000
17		43	3581.289627000
17		1358	3581.297802000
17		43	3581.352125000
17		1358	3581.353671000
17		43	3581.414310000
17		1358	3581.415910000
17		43	3581.476227000
17		1358	3581.477861000
17		43	3581.538249000
17		1358	3581.539507000
17		43	3581.600067000
17		1358	3581.601641000
17		43	3581.661807000
17		1358	3581.673774000
17		43	3581.723802000
17		1358	3581.744660000
17		43	3581.785930000
17		1358	3581.797515000
17		48	3581.848201000
17		1358	3581.850001000
17		1358	3581.904587000
17		43	3581.910549000
17		1358	3581.957227000
17		43	3581.972015000
17		1358	3582.010792000
17		43	3582.033691000
17		1358	3582.064943000
17		43	3582.095909000
17		1358	3582.119009000
17		43	3582.158451000
17		1358	3582.173068000
17		43	3582.220527000
17		1358	3582.227137000
17		43	3582.282446000
17		1358	3582.283259000
17		1358	3582.337994000
17		43	3582.344505000
17		1358	3582.390513000
17		43	3582.406481000
17		1358	3582.445168000
17		43	3582.468134000
17		1358	3582.500092000
17		43	3582.530402000
17		1358	3582.543458000
17		43	3582.592416000
17		1358	3582.593771000
17		43	3582.653716000
17		1358	3582.666008000
17		43	3582.716242000
17		1358	3582.736980000
17		43	3582.778253000
17		1358	3582.790992000
17		43	3582.840235000
17		1358	3582.845239000
17		43	3582.902259000
17		1358	3582.902984000
17		43	3582.964451000
17		1358	3582.966077000
17		43	3583.026287000
17		1358	3583.028182000
17		1358	3583.082098000
17		48	3583.088394000
17		35	3583.102935000
17		707	3583.135318000
17		43	3583.150452000
17		43	3583.212546000
17		43	3583.273845000
17		43	3583.335881000
17		43	3583.398087000
17		1037	3583.460364000
17		41	3583.461032000
17		151	3583.461857000
17		1353	3583.461890000
17		1358	3583.461895000
17		1358	3583.461898000
17		1358	3583.461902000
17		1358	3583.504954000
17		1358	3583.548431000
17		49	3583.583742000
17		1358	3583.590296000
17		43	3583.646378000
6	0		3583.651169000
6	0		3583.651227000
17		1358	3583.661111000
17		43	3583.708716000
17		1358	3583.732718000
17		43	3583.770418000
17		1358	3583.785935000
17		43	3583.832053000
17		1358	3583.839366000
17		1358	3583.892109000
17		43	3583.894393000
6	0		3583.940966000
17		1358	3583.945528000
6	41		3583.948293000
17		43	3583.956563000
17		1358	3583.999480000
17		43	3584.018007000
17		1358	3584.053719000
17		43	3584.079750000
17		1358	3584.107498000
17		43	3584.142253000
17		1358	3584.161117000
17		43	3584.204025000
17		1358	3584.215275000
6	0		3584.237760000
6	21		3584.237802000
6	0		3584.237816000
6	1080		3584.238951000
17		43	3584.266266000
17		1358	3584.267808000
17		43	3584.328382000
17		1358	3584.330053000
17		43	3584.390339000
17		1358	3584.392047000
17		1358	3584.446154000
17		43	3584.452370000
17		1358	3584.498984000
17		43	3584.514372000
6	0		3584.527545000
6	440		3584.527584000
17		1358	3584.543199000
6	0		3584.570231000
17		43	3584.576198000
17		1358	3584.586736000
17		43	3584.638508000
17		1358	3584.658122000
17		43	3584.700273000
17		1358	3584.729780000
17		43	3584.762276000
17		1358	3584.784369000
6	0		3584.791814000
6	0		3584.791873000
6	0		3584.804954000
6	41		3584.810505000
6	0		3584.823199000
6	21		3584.823322000
6	0		3584.823339000
6	1080		3584.824482000
17		48	3584.824560000
6	440		3584.837244000
17		35	3584.837721000
17		1358	3584.837747000
6	48		3584.859511000
6	0		3584.859550000
6	280		3584.863647000
6	0		3584.878221000
17		43	3584.886264000
6	48		3584.891066000
6	0		3584.891108000
17		1358	3584.891927000
6	280		3584.897573000
6	16		3584.913449000
17		43	3584.948025000
17		1358	3584.949618000
6	0		3584.954207000
6	52		3584.966927000
6	0		3584.966971000
6	52		3584.967070000
6	84		3584.979851000
17		43	3585.010243000
17		1358	3585.011504000
6	0		3585.026237000
17		43	3585.071627000
17		588	3585.071674000
17		35	3585.072656000
17		1358	3585.073211000
17		76	3585.081345000
17		33	3585.081404000
17		1358	3585.126982000
17		43	3585.133673000
6	0		3585.152454000
6	16		3585.163451000
17		1358	3585.180287000
17		43	3585.196128000
6	0		3585.206227000
17		1358	3585.234603000
17		43	3585.258224000
17		1358	3585.289075000
17		43	3585.319847000
17		1358	3585.343395000
17		43	3585.382454000
17		41	3585.382476000
17		1358	3585.397469000
17		43	3585.444369000
17		43	3585.444395000
17		41	3585.444401000
17		1358	3585.451216000
17		33	3585.469982000
6	52		3585.494794000
6	0		3585.494836000
6	52		3585.494939000
17		43	3585.505837000
17		1358	3585.507715000
17		43	3585.568411000
17		1358	3585.569464000
17		43	3585.629896000
17		1358	3585.641291000
17		43	3585.691868000
17		1358	3585.713102000
17		43	3585.754444000
17		1358	3585.767290000
6	84		3585.786138000
17		43	3585.816265000
17		1358	3585.821478000
6	0		3585.826238000
17		43	3585.878532000
17		1358	3585.880151000
17		43	3585.939985000
17		1358	3585.941644000
17		1358	3585.996099000
17		43	3586.002335000
17		636	3586.049783000
17		48	3586.064411000
17		35	3586.078794000
17		43	3586.126092000
17		43	3586.188118000
17		43	3586.250120000
17		43	3586.312358000
17		1126	3586.374359000
17		41	3586.374987000
17		1358	3586.375808000
17		1358	3586.375832000
17		1358	3586.375837000
17		1358	3586.375842000
17		1358	3586.375845000
17		1358	3586.429934000
17		1358	3586.483964000
17		49	3586.497674000
17		35	3586.511219000
17		1358	3586.537584000
17		43	3586.560215000
17		1358	3586.581500000
17		43	3586.621831000
17		1358	3586.623394000
17		43	3586.683751000
17		1358	3586.696942000
17		43	3586.746516000
17		1358	3586.769795000
17		43	3586.808290000
17		1358	3586.824666000
17		43	3586.870086000
17		1358	3586.879822000
6	68		3586.926771000
17		43	3586.931762000
17		1358	3586.933325000
6	52		3586.939728000
6	0		3586.939768000
6	0		3586.939786000
6	0		3586.941032000
6	0		3586.954308000
17		43	3586.993999000
17		1358	3586.995235000
17		43	3587.056556000
17		1358	3587.058833000
17		43	3587.118346000
17		1358	3587.120002000
17		43	3587.180057000
17		1358	3587.181647000
17		43	3587.242244000
17		1358	3587.243832000
17		1358	3587.297730000
17		43	3587.303948000
17		1358	3587.352296000
17		43	3587.365947000
17		1358	3587.407047000
17		43	3587.428526000
17		1358	3587.461792000
17		43	3587.490298000
17		1358	3587.515593000
6	68		3587.537126000
17		43	3587.552174000
17		1358	3587.558563000
17		43	3587.613807000
17		1358	3587.614417000
17		43	3587.675975000
17		1358	3587.686812000
17		48	3587.737795000
17		35	3587.751597000
17		1358	3587.759242000
17		43	3587.800020000
17		1358	3587.813396000
6	52		3587.831969000
6	0		3587.832023000
6	0		3587.832045000
6	0		3587.833837000
17		43	3587.862429000
17		1358	3587.867067000
17		43	3587.923634000
17		1358	3587.925052000
17		1358	3587.979384000
17		43	3587.986221000
17		1358	3588.033847000
17		43	3588.047871000
17		1358	3588.088061000
17		43	3588.110081000
6	0		3588.123958000
17		1358	3588.142305000
17		43	3588.172411000
17		1358	3588.196097000
17		43	3588.234670000
17		1358	3588.250159000
17		43	3588.296382000
17		1358	3588.304277000
17		43	3588.358474000
17		1358	3588.359207000
17		43	3588.420418000
17		1358	3588.421740000
17		43	3588.482448000
17		1358	3588.483548000
17		43	3588.544229000
17		1358	3588.546190000
17		43	3588.606055000
17		1358	3588.607206000
17		43	3588.668393000
17		1358	3588.679514000
17		43	3588.729634000
17		1358	3588.750724000
17		43	3588.791818000
17		1358	3588.804724000
17		43	3588.853929000
17		1358	3588.858305000
17		1358	3588.911023000
17		43	3588.915908000
17		1358	3588.965178000
17		48	3588.978217000
17		35	3588.992172000
17		1358	3589.019053000
17		43	3589.040331000
17		1358	3589.073858000
6	0		3589.083809000
6	0		3589.083884000
17		43	3589.102219000
6	0		3589.123329000
6	12		3589.123608000
17		1358	3589.128059000
6	0		3589.162718000
6	12		3589.162755000
6	0		3589.162766000
6	1		3589.163023000
6	4		3589.163048000
6	32		3589.163060000
6	0		3589.163076000
17		43	3589.164380000
17		1358	3589.183076000
6	0		3589.202139000
6	0		3589.202179000
6	0		3589.202185000
6	0		3589.202189000
6	0		3589.202202000
17		43	3589.226355000
17		1358	3589.237851000
17		43	3589.288215000
17		1358	3589.292227000
17		43	3589.350117000
17		1358	3589.351740000
17		43	3589.411844000
17		227	3589.413829000
17		43	3589.473942000
17		43	3589.536128000
17		43	3589.598189000
17		43	3589.659768000
17		1127	3589.722370000
17		41	3589.723030000
17		158	3589.723735000
17		1353	3589.723754000
17		1358	3589.723759000
17		1358	3589.723764000
17		1358	3589.723768000
17		1358	3589.767025000
17		1358	3589.810027000
17		49	3589.845741000
17		1358	3589.853189000
17		43	3589.907803000
17		1358	3589.923164000
17		43	3589.970366000
17		1358	3589.995650000
17		43	3590.032389000
17		1358	3590.048255000
17		43	3590.093907000
17		1358	3590.101934000
17		1358	3590.154659000
17		43	3590.155696000
17		1358	3590.207397000
17		43	3590.217963000
17		1358	3590.262051000
17		43	3590.280299000
17		1358	3590.316394000
17		43	3590.342526000
17		1358	3590.371340000
17		43	3590.403738000
17		1358	3590.424978000
17		43	3590.465684000
17		1358	3590.479005000
17		43	3590.528334000
17		1358	3590.533697000
17		43	3590.590519000
17		1358	3590.592067000
17		43	3590.652237000
17		1358	3590.653837000
17		1358	3590.708524000
17		43	3590.714348000
17		1358	3590.761459000
17		43	3590.776103000
17		1358	3590.805695000
17		43	3590.837736000
17		1358	3590.849268000
17		43	3590.899918000
17		1358	3590.920430000
17		43	3590.962332000
17		1358	3590.993157000
17		43	3591.024982000
17		1358	3591.047804000
17		48	3591.086416000
17		35	3591.100460000
17		1358	3591.101860000
17		43	3591.147995000
17		1358	3591.155326000
17		43	3591.210005000
17		1358	3591.211594000
17		43	3591.272553000
17		1358	3591.274139000
17		43	3591.333867000
17		1358	3591.335450000
17		1358	3591.389498000
17		43	3591.395685000
17		1358	3591.443250000
17		43	3591.457677000
6	0		3591.472275000
6	0		3591.472315000
17		1358	3591.497583000
17		43	3591.520367000
17		1358	3591.551509000
17		43	3591.582110000
17		1358	3591.605916000
17		43	3591.643767000
17		1358	3591.660325000
17		43	3591.706156000
17		1358	3591.714245000
17		43	3591.768575000
17		1358	3591.770166000
17		43	3591.830597000
17		1358	3591.832692000
17		43	3591.892449000
17		1358	3591.904086000
17		43	3591.954036000
17		1358	3591.975518000
17		43	3592.016266000
17		1358	3592.030062000
17		43	3592.077915000
17		1358	3592.084017000
17		1358	3592.138079000
17		43	3592.140345000
17		1358	3592.191311000
17		43	3592.202473000
17		1358	3592.245124000
17		43	3592.264860000
17		1358	3592.299039000
17		48	3592.326553000
17		35	3592.340564000
17		1358	3592.353900000
17		43	3592.388222000
17		1358	3592.408777000
17		43	3592.450264000
17		1358	3592.462236000
17		43	3592.512151000
17		1358	3592.516845000
17		43	3592.574233000
17		1358	3592.575833000
17		43	3592.636355000
17		1358	3592.637925000
17		43	3592.698169000
17		1358	3592.699776000
17		43	3592.760182000
17		100	3592.761747000
17		43	3592.822002000
17		43	3592.883938000
17		43	3592.946222000
17		43	3593.008200000
17		1039	3593.070402000
17		41	3593.071000000
17		1358	3593.071749000
17		1358	3593.071777000
17		1358	3593.071781000
17		1358	3593.071784000
17		1358	3593.071787000
17		1358	3593.126663000
17		1358	3593.179118000
17		49	3593.194381000
17		35	3593.208679000
17		1358	3593.232136000
17		43	3593.256339000
17		1358	3593.286718000
17		43	3593.318499000
17		1358	3593.341127000
17		43	3593.379956000
17		1358	3593.395628000
17		43	3593.442340000
17		1358	3593.449418000
17		43	3593.503967000
17		1358	3593.505268000
17		43	3593.565734000
17		1358	3593.566556000
17		43	3593.628407000
17		43	3593.689801000
17		43	3593.752094000
17		1358	3593.753690000
17		43	3593.813985000
17		1358	3593.815553000
17		43	3593.875971000
17		1358	3593.877591000
17		43	3593.937887000
17		1358	3593.939145000
17		1358	3593.983288000
17		43	3593.999851000
17		1358	3594.025759000
17		43	3594.062429000
17		1358	3594.067352000
17		1358	3594.110431000
17		43	3594.124120000
17		1358	3594.153072000
17		43	3594.185777000
17		1358	3594.195019000
17		43	3594.248151000
17		1358	3594.265640000
17		43	3594.310321000
17		1358	3594.336653000
17		43	3594.372070000
17		1358	3594.408805000
6	0		3594.423317000
6	0		3594.423376000
17		48	3594.434151000
17		35	3594.447605000
17		1358	3594.479097000
17		43	3594.496310000
17		1358	3594.532522000
17		43	3594.558483000
6	0		3594.585394000
17		1358	3594.586350000
6	41		3594.591651000
17		43	3594.620137000
17		1358	3594.640296000
17		43	3594.681886000
17		1358	3594.691527000
17		1358	3594.743123000
17		43	3594.744447000
6	21		3594.754020000
6	0		3594.754066000
6	0		3594.754136000
6	0		3594.754143000
6	1080		3594.755016000
17		1358	3594.795313000
17		43	3594.806528000
17		1358	3594.846990000
17		43	3594.868529000
17		1358	3594.898817000
6	440		3594.917925000
17		43	3594.929750000
17		1358	3594.950554000
6	0		3594.958210000
17		43	3594.992137000
17		1358	3595.002558000
17		43	3595.053822000
17		1358	3595.055404000
17		1358	3595.105575000
17		43	3595.116257000
6	48		3595.119043000
6	0		3595.119078000
6	280		3595.123278000
17		1358	3595.158217000
17		43	3595.178073000
17		1358	3595.209548000
17		43	3595.240434000
17		1358	3595.261204000
6	16		3595.289568000
17		43	3595.301910000
17		1358	3595.312757000
6	0		3595.330218000
17		43	3595.364220000
17		1358	3595.365779000
17		1358	3595.417728000
17		43	3595.426235000
17		1358	3595.468091000
17		43	3595.487892000
6	52		3595.492163000
6	0		3595.492201000
6	52		3595.492315000
17		1358	3595.520206000
17		43	3595.550237000
17		1358	3595.571522000
17		43	3595.612239000
17		743	3595.623941000
6	84		3595.654163000
17		48	3595.673659000
17		35	3595.687691000
6	0		3595.698221000
17		43	3595.736257000
17		43	3595.797836000
17		43	3595.860118000
17		43	3595.922028000
17		1130	3595.984590000
17		41	3595.985247000
17		158	3595.985849000
17		1353	3595.985899000
17		1358	3595.985906000
17		1358	3595.985910000
17		1358	3595.985914000
17		1358	3595.985918000
17		1358	3595.985923000
17		1358	3595.985927000
17		1358	3595.985932000
17		1358	3595.985937000
17		1358	3596.029091000
17		1358	3596.069718000
17		49	3596.108394000
17		35	3596.123041000
17		43	3596.170403000
17		43	3596.232372000
17		43	3596.294474000
17		43	3596.356552000
17		1358	3596.358114000
17		43	3596.417707000
17		1358	3596.419265000
17		43	3596.480525000
17		1358	3596.481592000
17		43	3596.541869000
17		41	3596.541892000
17		1358	3596.543593000
17		43	3596.603914000
17		1358	3596.605541000
17		43	3596.666188000
17		1358	3596.667778000
17		43	3596.728041000
17		1358	3596.729596000
17		43	3596.790041000
17		1358	3596.791642000
17		43	3596.851773000
17		1358	3596.853333000
17		43	3596.913832000
17		1358	3596.915376000
17		1358	3596.968030000
17		43	3596.975878000
17		1358	3597.020396000
17		43	3597.038227000
17		1358	3597.063695000
17		43	3597.100455000
17		1358	3597.106568000
17		43	3597.161880000
17		1358	3597.176683000
17		43	3597.223689000
17		1358	3597.247129000
17		43	3597.285791000
17		1358	3597.300469000
17		43	3597.348272000
17		1358	3597.353091000
17		43	3597.410715000
17		1358	3597.412269000
6	68		3597.446199000
17		43	3597.472438000
17		1358	3597.474051000
17		43	3597.534442000
17		1358	3597.535326000
17		43	3597.596579000
17		1358	3597.597830000
6	52		3597.607332000
6	0		3597.607372000
6	0		3597.607679000
6	0		3597.608677000
17		43	3597.658565000
17		1358	3597.660212000
17		1358	3597.713326000
17		43	3597.720103000
17		1358	3597.765219000
6	0		3597.770718000
17		48	3597.782433000
17		35	3597.796997000
17		1358	3597.818779000
17		43	3597.844356000
17		1358	3597.871029000
17		43	3597.905860000
17		1358	3597.923493000
17		43	3597.968259000
17		1358	3597.977139000
17		43	3598.029670000
17		1358	3598.030511000
17		43	3598.092427000
17		1358	3598.094015000
17		43	3598.153884000
17		1334	3598.164341000
17		43	3598.216095000
17		43	3598.278473000
17		1133	3598.340532000
17		41	3598.341133000
17		158	3598.341817000
17		1358	3598.349462000
17		43	3598.401854000
17		1358	3598.403490000
17		1358	3598.453402000
17		43	3598.463754000
17		1358	3598.505936000
17		49	3598.526143000
17		35	3598.540640000
17		1358	3598.557300000
17		43	3598.587844000
17		1358	3598.610462000
17		43	3598.650408000
17		1358	3598.663165000
17		43	3598.711673000
17		1358	3598.716382000
17		1358	3598.769745000
17		43	3598.774493000
17		1358	3598.822984000
17		43	3598.835894000
17		1358	3598.875802000
17		43	3598.898241000
17		1358	3598.929110000
17		43	3598.960083000
17		1358	3598.981972000
17		43	3599.022355000
17		1358	3599.023092000
17		1358	3599.067146000
17		43	3599.084309000
17		1358	3599.109818000
17		43	3599.146373000
17		1358	3599.181411000
17		43	3599.208095000
17		1358	3599.253145000
17		43	3599.269912000
17		1358	3599.308001000
17		43	3599.332205000
17		1358	3599.359491000
17		43	3599.394216000
17		1358	3599.411789000
17		43	3599.456013000
17		1358	3599.463381000
17		1358	3599.515309000
17		43	3599.518003000
17		1358	3599.566869000
17		43	3599.580464000
17		1358	3599.620187000
17		43	3599.642316000
17		1358	3599.673418000
17		43	3599.703679000
17		1358	3599.726173000
17		48	3599.765789000
17		1358	3599.778156000
17		43	3599.828301000
17		1358	3599.829947000
17		43	3599.889669000
17		1358	3599.890847000
17		1358	3599.943915000
17		43	3599.951906000
17		1358	3599.995167000
17		43	3600.014193000
17		1358	3600.037578000
17		43	3600.076359000
17		1358	3600.079777000
17		43	3600.137999000
17		1358	3600.148922000
17		43	3600.200263000
17		1358	3600.217944000
17		43	3600.262058000
17		1358	3600.270278000
17		43	3600.323951000
17		1358	3600.325760000
17		43	3600.386376000
17		1358	3600.387617000
17		43	3600.448031000
17		1358	3600.449626000
17		43	3600.510652000
17		1358	3600.512212000
17		43	3600.572170000
17		1358	3600.573492000
17		43	3600.634099000
17		1358	3600.635670000
17		1358	3600.688025000
17		43	3600.696125000
17		1358	3600.740386000
17		1358	3600.757810000
17		43	3600.757843000
17		1358	3600.759609000
17		1358	3600.766260000
17		1358	3600.766297000
17		1077	3600.766302000
17		1358	3600.793609000
17		43	3600.820308000
17		1358	3600.846341000
17		43	3600.882119000
17		1358	3600.899197000
17		1358	3601.059406000
17		43	3601.069560000
17		1358	3601.069589000
17		1358	3601.070234000
17		1358	3601.070720000
17		1358	3601.113270000
6	0		3601.256266000
17		48	3601.256295000
6	0		3601.256304000
17		1358	3601.257216000
6	0		3601.257239000
6	0		3601.257339000
17		43	3601.443598000
17		1358	3601.445179000
6	0		3601.563774000
6	0		3601.564535000
17		1358	3601.629864000
17		41	3601.629893000
17		37	3601.631491000
17		49	3601.817719000
17		174	3602.004031000
17		332	3602.004056000
17		630	3602.005007000
17		102	3602.005032000
17		33	3602.005221000
17		33	3602.007510000
17		218	3602.013637000
17		33	3602.018362000
17		1358	3602.090339000
17		43	3602.191512000
6	0		3602.191549000
6	0		3602.191837000
17		43	3602.378125000
6	0		3602.378154000
6	0		3602.378431000
17		1358	3602.379259000
17		43	3602.565423000
17		1358	3602.567010000
17		170	3602.752251000
17		41	3602.752276000
17		33	3602.752643000
17		39	3602.753840000
17		424	3602.938806000
17		35	3602.939206000
17		43	3603.126235000
17		1358	3603.127754000
17		43	3603.313153000
17		1358	3603.314534000
6	0		3603.380588000
6	0		3603.380626000
6	0		3603.499989000
6	0		3603.500015000
6	610		3603.500022000
6	610		3603.500027000
6	0		3603.500297000
6	0		3603.500312000
6	212		3603.507741000
6	212		3603.507942000
17		43	3603.687618000
17		41	3603.687667000
6	0		3603.687679000
6	0		3603.687683000
17		41	3603.687688000
17		41	3603.687694000
17		41	3603.687697000
17		43	3603.687701000
17		1358	3603.689247000
17		1358	3603.730837000
17		45	3603.874228000
17		42	3603.874250000
17		36	3603.900750000
17		44	3604.061456000
17		1358	3604.063063000
17		44	3604.248726000
17		44	3604.248755000
17		1358	3604.250322000
17		1358	3604.302793000
17		45	3604.622240000
17		1358	3604.623822000
17		1358	3604.676066000
6	0		3604.809335000
6	0		3604.809360000
6	64		3604.809365000
6	64		3604.809371000
6	608		3604.809935000
6	608		3604.809955000
17		45	3604.996714000
17		1358	3604.998431000
17		45	3605.183724000
17		1358	3605.185159000
17		45	3605.370534000
17		1358	3605.371884000
17		45	3605.556918000
17		1358	3605.558697000
17		1358	3605.611184000
17		45	3605.744394000
17		1358	3605.745554000
6	0		3605.853648000
6	0		3605.853703000
17		45	3605.931721000
17		1358	3605.933309000
6	0		3606.098880000
6	41		3606.104722000
6	0		3606.118514000
6	0		3606.118537000
17		45	3606.304816000
6	0		3606.349642000
6	21		3606.358775000
6	0		3606.358817000
6	1080		3606.359807000
17		45	3606.492252000
6	440		3606.608127000
6	0		3606.650221000
17		45	3606.679053000
17		1358	3606.680680000
17		45	3606.866590000
17		1358	3606.867165000
6	48		3606.895172000
6	0		3606.895219000
6	280		3606.899630000
17		45	3607.053207000
17		1358	3607.054667000
6	16		3607.158541000
6	0		3607.202227000
17		45	3607.240630000
17		1358	3607.242249000
17		1358	3607.294666000
17		1358	3607.346307000
17		1358	3607.397983000
17		45	3607.427250000
6	52		3607.447128000
6	0		3607.447181000
6	52		3607.447264000
17		1358	3607.450164000
17		1358	3607.502282000
17		45	3607.614506000
17		1358	3607.616186000
17		1358	3607.668911000
6	84		3607.694379000
17		1358	3607.720277000
6	0		3607.738223000
17		1026	3607.772106000
17		50	3607.801737000
17		35	3607.816115000
17		45	3607.988556000
17		45	3608.175639000
17		45	3608.361847000
17		45	3608.549067000
17		45	3608.736198000
17		45	3608.923553000
17		45	3609.110647000
17		45	3609.296772000
17		1038	3609.296797000
17		34	3609.297392000
17		33	3609.297957000
17		151	3609.298154000
17		1358	3609.304798000
17		1358	3609.357016000
17		1358	3609.408961000
17		1358	3609.460314000
6	68		3609.464946000
17		43	3609.485196000
17		1358	3609.512834000
17		1358	3609.564649000
17		1358	3609.615297000
17		1358	3609.668102000
17		49	3609.671487000
17		35	3609.685667000
17		1358	3609.718399000
6	52		3609.722735000
6	0		3609.722776000
6	0		3609.722796000
6	0		3609.724013000
17		1358	3609.770596000
17		1358	3609.822367000
17		43	3609.858281000
17		1358	3609.873560000
17		1358	3609.925768000
6	0		3609.968898000
17		1358	3609.976791000
17		1358	3610.028851000
17		43	3610.045094000
17		1358	3610.080420000
17		1358	3610.131488000
17		1358	3610.183752000
17		43	3610.232196000
17		1358	3610.235714000
6	0		3610.245097000
6	0		3610.245148000
17		1358	3610.287497000
17		1358	3610.338868000
6	0		3610.358312000
6	41		3610.363715000
17		43	3610.419442000
17		1358	3610.421049000
6	0		3610.501959000
6	21		3610.502717000
6	0		3610.502750000
6	1080		3610.504023000
17		43	3610.606383000
17		1358	3610.608042000
17		43	3610.793583000
17		1358	3610.795461000
6	1080		3610.850239000
17		43	3610.979866000
17		1358	3610.981412000
6	0		3611.000143000
6	440		3611.093779000
6	0		3611.134230000
17		43	3611.166945000
17		1358	3611.168801000
17		43	3611.353854000
17		1358	3611.355430000
17		43	3611.541237000
17		1358	3611.542829000
17		43	3611.727957000
6	48		3611.733357000
6	0		3611.733419000
6	280		3611.737441000
17		43	3611.915428000
17		1358	3611.916994000
6	280		3612.098243000
17		43	3612.101870000
17		1358	3612.103439000
6	16		3612.269481000
17		43	3612.289467000
17		1358	3612.291073000
6	0		3612.310227000
17		1358	3612.346482000
6	52		3612.462880000
6	0		3612.462931000
6	52		3612.463048000
17		43	3612.476153000
17		1358	3612.477700000
6	0		3612.591020000
6	84		3612.592954000
6	0		3612.634218000
17		43	3612.663295000
17		1358	3612.664847000
17		43	3612.850152000
17		1358	3612.851751000
17		43	3613.037147000
17		1358	3613.038533000
17		43	3613.224171000
17		1358	3613.225726000
17		48	3613.411090000
17		1358	3613.412659000
17		43	3613.598507000
17		1358	3613.600109000
17		43	3613.785329000
17		1358	3613.787029000
17		43	3613.972836000
17		1358	3613.974529000
17		43	3614.159686000
17		1358	3614.161232000
17		43	3614.346267000
17		1358	3614.347841000
17		1358	3614.421073000
17		43	3614.533832000
17		1358	3614.535395000
6	68		3614.716145000
17		43	3614.720426000
17		1358	3614.722193000
6	52		3614.861350000
6	0		3614.861390000
6	0		3614.862621000
6	0		3614.862740000
17		43	3614.906846000
17		1358	3614.908286000
6	0		3615.005286000
17		43	3615.094150000
17		1358	3615.094224000
17		1358	3615.095820000
17		1358	3615.103146000
17		630	3615.103182000
17		85	3615.280830000
17		1246	3615.280863000
17		43	3615.280875000
17		36	3615.281711000
17		1358	3615.282470000
17		323	3615.290489000
17		33	3615.290528000
17		43	3615.468025000
17		631	3615.470267000
17		43	3615.655062000
17		41	3615.655094000
17		37	3615.656675000
17		43	3615.842664000
17		43	3616.028766000
17		1358	3616.028793000
17		1358	3616.029287000
17		43	3616.216483000
17		43	3616.403543000
17		43	3616.589923000
17		43	3616.777284000
17		43	3616.964406000
17		1358	3616.968497000
17		43	3617.150752000
17		43	3617.337756000
17		43	3617.525099000
17		43	3617.712485000
17		43	3617.899634000
17		1358	3617.899671000
17		1358	3617.900003000
17		86	3618.085998000
17		41	3618.086028000
17		708	3618.086037000
17		101	3618.086352000
17		33	3618.086660000
17		33	3618.092303000
17		101	3618.096160000
17		33	3618.102114000
17		44	3618.273192000
17		43	3618.273226000
17		1128	3618.273233000
17		41	3618.273243000
17		33	3618.273649000
17		36	3618.273857000
17		1358	3618.274761000
17		1358	3618.319318000
17		1358	3618.362981000
17		1358	3618.406009000
17		1358	3618.449301000
17		43	3618.459755000
17		1358	3618.492235000
17		1358	3618.535855000
17		1358	3618.579125000
17		1358	3618.623123000
17		783	3618.647043000
17		35	3618.647398000
17		1358	3618.666027000
17		1358	3618.709971000
17		1358	3618.752179000
17		1358	3618.796120000
17		123	3618.833856000
17		37	3618.834198000
17		1358	3618.839056000
17		1358	3618.882562000
17		1358	3618.925860000
17		787	3619.020907000
17		42	3619.020930000
17		41	3619.020937000
17		41	3619.020941000
17		46	3619.020945000
17		37	3619.021238000
17		49	3619.208134000
17		1358	3619.209678000
17		43	3619.394928000
17		1358	3619.396565000
17		43	3619.582338000
17		1358	3619.583694000
17		43	3619.769415000
17		43	3619.956357000
17		43	3620.142894000
17		43	3620.329895000
17		43	3620.517355000
17		43	3620.704340000
17		43	3620.891600000
17		43	3621.077837000
6	0		3621.205520000
6	0		3621.205573000
6	0		3621.244917000
6	12		3621.245195000
17		43	3621.265092000
6	0		3621.284245000
6	12		3621.284306000
6	0		3621.284320000
6	1		3621.284514000
6	4		3621.284537000
6	32		3621.284548000
6	0		3621.284562000
6	0		3621.323568000
6	0		3621.323618000
6	0		3621.323772000
6	0		3621.323788000
17		43	3621.452298000
17		43	3621.639625000
17		1358	3621.641250000
17		43	3621.826067000
17		1358	3621.827678000
17		43	3622.013675000
17		1358	3622.015258000
17		1358	3622.179309000
17		43	3622.200378000
17		1358	3622.343750000
17		43	3622.387527000
17		1358	3622.506434000
17		43	3622.574103000
17		1358	3622.670681000
17		43	3622.760885000
17		1358	3622.834774000
17		48	3622.947885000
17		35	3622.961380000
17		1358	3622.998282000
17		43	3623.135029000
17		1358	3623.161631000
17		43	3623.322639000
17		1358	3623.323754000
17		1358	3623.488796000
17		43	3623.509037000
17		1358	3623.652057000
17		43	3623.696303000
17		1358	3623.816455000
17		43	3623.883499000
17		1358	3623.979912000
17		43	3624.069900000
17		1358	3624.143202000
17		43	3624.257188000
17		1358	3624.308129000
17		1358	3624.438413000
17		43	3624.444587000
17		1358	3624.569190000
17		43	3624.631781000
17		1358	3624.699804000
17		43	3624.818532000
17		1358	3624.831062000
17		1358	3624.961960000
17		43	3625.005698000
17		1358	3625.091931000
17		43	3625.192393000
17		621	3625.192423000
17		41	3625.193128000
17		76	3625.202105000
17		33	3625.202140000
17		1358	3625.310976000
17		43	3625.379282000
17		1358	3625.528619000
17		43	3625.566266000
17		1358	3625.743339000
17		43	3625.752954000
17		43	3625.940586000
17		1358	3625.955916000
17		1358	3626.116931000
17		43	3626.126959000
17		1358	3626.277004000
17		43	3626.313854000
17		43	3626.313879000
17		41	3626.313885000
17		33	3626.339911000
17		1358	3626.437049000
17		43	3626.501400000
17		1358	3626.597501000
17		48	3626.688597000
17		35	3626.702624000
17		1358	3626.757951000
17		43	3626.875152000
17		1358	3626.918262000
17		43	3627.062483000
17		1358	3627.077934000
17		1358	3627.237731000
17		43	3627.248976000
17		1358	3627.398585000
17		43	3627.435831000
17		1358	3627.558919000
17		43	3627.623067000
17		1358	3627.719239000
17		43	3627.810230000
17		1358	3627.879347000
17		43	3627.997400000
17		1358	3628.039238000
17		43	3628.183962000
17		1358	3628.199860000
17		1358	3628.360107000
17		43	3628.371573000
17		1358	3628.520484000
17		43	3628.558319000
17		1358	3628.681139000
17		43	3628.744846000
17		1358	3628.841141000
17		43	3628.932433000
17		1358	3629.001047000
17		43	3629.119379000
17		1358	3629.160665000
17		43	3629.306639000
17		1358	3629.320786000
6	0		3629.325167000
6	0		3629.325219000
6	0		3629.364937000
6	12		3629.365191000
6	0		3629.404860000
6	12		3629.404901000
6	0		3629.404915000
6	1		3629.405118000
6	4		3629.405138000
6	32		3629.405146000
6	0		3629.405165000
6	0		3629.445103000
6	0		3629.445148000
6	0		3629.445154000
6	0		3629.445158000
6	0		3629.445204000
6	0		3629.445221000
17		1358	3629.481837000
17		43	3629.493106000
17		1358	3629.641340000
17		43	3629.680257000
17		1358	3629.801685000
17		43	3629.867510000
17		1358	3629.962958000
17		43	3630.053930000
17		1358	3630.122919000
17		43	3630.241253000
17		1358	3630.282930000
17		1358	3630.411247000
17		48	3630.428422000
17		35	3630.442993000
17		1358	3630.539360000
17		43	3630.614762000
17		1358	3630.666856000
17		1358	3630.795912000
17		43	3630.802778000
17		1358	3630.923094000
17		43	3630.989569000
17		1358	3631.051494000
17		43	3631.176388000
17		1358	3631.265497000
17		43	3631.362888000
17		1358	3631.479109000
17		43	3631.549967000
17		1358	3631.693353000
17		43	3631.737398000
17		1358	3631.906748000
17		43	3631.924610000
17		1358	3632.067397000
17		43	3632.111147000
17		1358	3632.227870000
17		43	3632.297800000
17		1358	3632.387780000
17		43	3632.485166000
17		1358	3632.547511000
17		43	3632.672189000
17		1358	3632.706997000
17		43	3632.858920000
17		43	3633.046491000
17		43	3633.232821000
17		43	3633.419814000
17		43	3633.607171000
17		1358	3633.608772000
17		43	3633.794465000
17		1358	3633.796061000
17		1358	3633.957784000
17		43	3633.980796000
17		1358	3634.117927000
17		48	3634.168149000
17		35	3634.182170000
17		1358	3634.278560000
17		43	3634.355055000
17		1358	3634.440283000
17		43	3634.542197000
17		1358	3634.600876000
17		43	3634.729763000
17		1358	3634.760704000
17		43	3634.915878000
17		1358	3634.920220000
17		1358	3635.080013000
17		43	3635.102845000
17		653	3635.102879000
17		35	3635.103739000
17		76	3635.112592000
17		33	3635.112667000
17		1358	3635.240447000
17		43	3635.290447000
17		1358	3635.400912000
17		43	3635.477716000
17		1358	3635.561289000
17		43	3635.664336000
17		1358	3635.721390000
17		43	3635.851716000
17		1358	3635.881711000
17		43	3636.038112000
17		43	3636.038134000
17		41	3636.038139000
17		1358	3636.041896000
17		33	3636.063492000
17		1358	3636.202439000
17		43	3636.225389000
17		1358	3636.362966000
17		43	3636.412019000
17		1358	3636.522983000
17		43	3636.599388000
17		1358	3636.682975000
17		43	3636.786612000
17		1354	3636.786641000
17		35	3636.787570000
17		1358	3636.842716000
17		219	3636.973519000
17		43	3636.973545000
17		189	3636.986683000
17		225	3636.986752000
17		1358	3637.003512000
17		43	3637.160279000
17		1358	3637.161791000
17		1358	3637.323417000
17		43	3637.346961000
6	0		3637.445577000
6	0		3637.445631000
17		1358	3637.483601000
6	0		3637.484491000
6	12		3637.484733000
6	0		3637.523786000
6	12		3637.523822000
6	0		3637.523832000
6	1		3637.524029000
6	4		3637.524048000
6	32		3637.524057000
6	0		3637.524068000
17		43	3637.534664000
6	0		3637.562839000
6	0		3637.562875000
6	0		3637.562880000
6	0		3637.562980000
6	0		3637.562992000
6	0		3637.563071000
17		1358	3637.644140000
17		43	3637.720891000
17		41	3637.720918000
17		1358	3637.804061000
17		43	3637.908114000
17		48	3637.908137000
17		41	3637.908142000
17		35	3637.922799000
17		33	3637.934182000
17		1358	3637.963445000
17		43	3638.095416000
17		1358	3638.123195000
17		43	3638.281863000
17		1358	3638.283438000
17		1358	3638.444304000
17		43	3638.469056000
17		1358	3638.604031000
17		43	3638.656795000
17		1358	3638.764081000
17		43	3638.843882000
17		1358	3638.891764000
17		1358	3639.019873000
17		43	3639.030259000
17		1358	3639.148114000
17		43	3639.217185000
17		1358	3639.276578000
17		1358	3639.404396000
17		43	3639.404595000
17		1358	3639.532012000
17		43	3639.591218000
17		1358	3639.744867000
17		43	3639.778683000
17		1358	3639.958813000
17		43	3639.965373000
17		43	3640.152252000
17		1358	3640.172393000
17		1358	3640.332574000
17		43	3640.339331000
17		1358	3640.492832000
17		43	3640.526122000
17		1358	3640.653278000
17		43	3640.713299000
17		1358	3640.813011000
17		43	3640.900833000
17		1358	3640.973030000
17		43	3641.087775000
17		1358	3641.132967000
17		43	3641.274690000
17		1358	3641.293716000
17		1358	3641.453358000
17		43	3641.461461000
17		1358	3641.613613000
17		48	3641.647873000
17		35	3641.661606000
17		1358	3641.773737000
17		43	3641.834859000
17		1358	3641.932529000
17		43	3642.022048000
17		1358	3642.092884000
17		43	3642.208900000
17		1358	3642.253277000
17		43	3642.396338000
17		1358	3642.413730000
17		1358	3642.572808000
17		43	3642.582785000
17		1358	3642.733264000
17		43	3642.770477000
17		1358	3642.893576000
17		43	3642.957597000
17		1358	3643.054332000
17		43	3643.143982000
17		1358	3643.213261000
17		43	3643.330803000
17		1358	3643.373538000
17		43	3643.518508000
17		1358	3643.534092000
6	0		3643.592238000
6	0		3643.592306000
17		1358	3643.694595000
17		43	3643.704888000
17		1358	3643.853657000
17		43	3643.891951000
17		1358	3644.014410000
17		43	3644.079241000
17		1358	3644.174835000
17		43	3644.265941000
17		1358	3644.334971000
17		43	3644.453176000
17		1358	3644.494504000
17		43	3644.640393000
17		43	3644.827057000
17		43	3645.014363000
17		43	3645.201431000
17		48	3645.387919000
17		35	3645.402653000
6	0		3645.564090000
6	0		3645.564156000
17		43	3645.575066000
17		1358	3645.576671000
6	0		3645.603679000
6	12		3645.603916000
6	0		3645.643258000
6	12		3645.643292000
6	0		3645.643304000
6	1		3645.643454000
6	4		3645.643468000
6	32		3645.643478000
6	0		3645.643488000
6	0		3645.682820000
6	0		3645.682855000
6	0		3645.682859000
6	0		3645.682887000
6	0		3645.682900000
17		43	3645.762253000
17		1358	3645.763875000
17		1358	3645.893261000
17		43	3645.949261000
17		1358	3646.021345000
17		43	3646.136599000
17		1358	3646.148639000
17		1358	3646.277322000
17		43	3646.323645000
17		1358	3646.404604000
17		43	3646.509793000
17		1358	3646.533664000
17		43	3646.696963000
17		1358	3646.747620000
17		43	3646.883991000
17		1358	3646.959744000
17		43	3647.071135000
17		1358	3647.172667000
17		43	3647.257799000
17		1358	3647.386070000
17		43	3647.445245000
17		1358	3647.546373000
17		43	3647.632382000
17		1358	3647.707007000
17		43	3647.819779000
17		1358	3647.867293000
17		43	3648.005855000
17		1358	3648.027367000
17		1358	3648.187393000
17		43	3648.193631000
17		1358	3648.347257000
17		43	3648.379918000
17		1358	3648.507697000
17		43	3648.567494000
17		1358	3648.666809000
17		43	3648.754076000
17		1358	3648.827938000
17		43	3648.941179000
17		1358	3648.987449000
17		48	3649.128351000
17		35	3649.142118000
17		1358	3649.147894000
6	0		3649.150201000
6	0		3649.150254000
6	0		3649.234747000
6	41		3649.241092000
17		1358	3649.307915000
17		43	3649.314947000
6	0		3649.325169000
6	21		3649.326367000
6	0		3649.326400000
6	1080		3649.327483000
6	0		3649.411648000
6	440		3649.411699000
6	0		3649.454236000
17		1358	3649.467838000
17		43	3649.502146000
6	48		3649.538340000
6	0		3649.538379000
6	280		3649.542503000
6	0		3649.626588000
17		1358	3649.627862000
6	16		3649.628623000
6	0		3649.670237000
17		43	3649.689221000
6	52		3649.754349000
6	0		3649.754396000
6	52		3649.754544000
17		1358	3649.790879000
6	84		3649.838643000
17		43	3649.876211000
6	0		3649.882210000
17		1358	3649.955022000
17		43	3650.063691000
17		1358	3650.118272000
17		43	3650.250395000
17		1358	3650.282824000
17		43	3650.437195000
17		1358	3650.445894000
17		1358	3650.605717000
17		43	3650.624392000
17		1358	3650.766656000
17		43	3650.811251000
17		1358	3650.926081000
17		43	3650.998635000
6	0		3650.998661000
6	0		3650.998668000
6	0		3650.999707000
6	0		3650.999801000
17		1358	3651.087274000
17		43	3651.185475000
17		1358	3651.247033000
17		43	3651.372722000
17		1358	3651.407136000
17		43	3651.559569000
17		1358	3651.568023000
6	68		3651.710127000
17		1358	3651.728051000
17		43	3651.745919000
6	0		3651.760151000
6	0		3651.760195000
6	52		3651.795726000
6	0		3651.795778000
6	0		3651.795804000
6	0		3651.797701000
6	0		3651.881759000
17		1358	3651.888498000
17		43	3651.933290000
17		1358	3652.017055000
17		43	3652.119847000
17		1358	3652.145132000
17		1358	3652.273701000
17		43	3652.307547000
17		1358	3652.401993000
17		43	3652.494236000
17		1358	3652.530094000
17		43	3652.681465000
17		1358	3652.743823000
17		48	3652.868717000
17		35	3652.883353000
17		1358	3652.957033000
17		43	3653.055283000
17		1358	3653.171059000
17		43	3653.242392000
17		1358	3653.385675000
17		43	3653.429549000
17		1358	3653.546041000
17		43	3653.616166000
6	0		3653.683460000
6	0		3653.683513000
17		1358	3653.706069000
6	0		3653.722634000
6	12		3653.722904000
6	0		3653.761818000
6	12		3653.761854000
6	0		3653.761865000
6	1		3653.762050000
6	4		3653.762070000
6	32		3653.762079000
6	0		3653.762091000
6	0		3653.801005000
6	0		3653.801072000
6	0		3653.801080000
6	0		3653.801084000
6	0		3653.801100000
17		43	3653.803332000
17		1358	3653.864895000
17		43	3653.990676000
17		1358	3654.025300000
17		43	3654.177396000
17		1358	3654.186113000
17		1358	3654.346209000
17		43	3654.363757000
17		1358	3654.506547000
17		43	3654.551485000
17		1358	3654.667267000
17		43	3654.737852000
17		1358	3654.827019000
17		43	3654.925649000
17		1358	3654.987059000
17		43	3655.112091000
17		689	3655.112116000
17		35	3655.113706000
17		74	3655.122511000
17		33	3655.124932000
17		1358	3655.148231000
17		43	3655.299436000
17		1358	3655.308315000
17		1358	3655.468461000
17		43	3655.486282000
17		1358	3655.628472000
17		43	3655.673066000
17		1358	3655.789380000
17		43	3655.859996000
17		1358	3655.949004000
17		43	3656.047181000
17		1358	3656.109701000
17		43	3656.234284000
17		1358	3656.269661000
17		43	3656.421536000
17		43	3656.421567000
17		41	3656.421576000
17		1358	3656.430006000
17		33	3656.447685000
17		1358	3656.592088000
17		48	3656.608771000
17		35	3656.623283000
6	0		3656.649914000
6	0		3656.649960000
17		43	3656.794992000
17		43	3656.982683000
17		43	3657.168911000
17		43	3657.356091000
17		1358	3657.357688000
17		43	3657.543564000
17		1358	3657.545183000
17		43	3657.730111000
17		1358	3657.731744000
17		1358	3657.861076000
17		43	3657.917768000
17		1358	3657.988655000
17		43	3658.104652000
17		1358	3658.117516000
17		1358	3658.245688000
17		43	3658.291386000
17		1358	3658.373621000
17		43	3658.478249000
17		1358	3658.502079000
17		1358	3658.629654000
17		43	3658.665210000
17		1358	3658.758483000
6	0		3658.768493000
6	0		3658.768549000
17		43	3658.851821000
6	0		3658.954747000
6	41		3658.960255000
17		1358	3658.972078000
17		43	3659.038957000
6	0		3659.146177000
6	21		3659.149101000
6	0		3659.149224000
6	1080		3659.150137000
17		1358	3659.186207000
17		43	3659.226507000
6	440		3659.336870000
6	0		3659.378208000
17		1358	3659.399772000
17		43	3659.413649000
6	0		3659.479945000
6	0		3659.479996000
6	48		3659.564089000
6	0		3659.564126000
6	280		3659.570331000
17		43	3659.600258000
17		1358	3659.612881000
6	0		3659.697835000
6	22		3659.699802000
6	0		3659.699834000
6	41		3659.703972000
6	16		3659.760637000
17		1358	3659.773260000
17		43	3659.787544000
6	0		3659.802208000
6	0		3659.921899000
6	1080		3659.921950000
17		1358	3659.933533000
6	976		3659.947313000
17		43	3659.974684000
6	52		3659.988117000
6	0		3659.988165000
6	52		3659.988244000
6	0		3659.994218000
17		1358	3660.093973000
17		43	3660.160941000
6	0		3660.179949000
6	84		3660.183339000
6	0		3660.226230000
17		1358	3660.254834000
17		48	3660.348141000
17		35	3660.361905000
17		1358	3660.415202000
17		43	3660.534983000
17		1358	3660.575553000
17		43	3660.722505000
17		1358	3660.735169000
17		1358	3660.895482000
17		43	3660.909108000
6	48		3660.911183000
6	0		3660.911223000
6	388		3660.916784000
17		43	3661.001738000
17		1358	3661.055732000
17		43	3661.094889000
6	0		3661.135123000
17		43	3661.188106000
17		1358	3661.216097000
17		43	3661.280975000
17		43	3661.374292000
17		1358	3661.376293000
17		43	3661.466735000
17		1358	3661.536848000
17		43	3661.560524000
17		43	3661.653149000
17		1358	3661.697436000
17		43	3661.746242000
6	0		3661.803557000
6	0		3661.803623000
17		43	3661.838701000
6	0		3661.843072000
6	12		3661.843298000
17		1358	3661.858276000
6	0		3661.882650000
6	12		3661.882819000
6	0		3661.882837000
6	1		3661.883012000
6	4		3661.883038000
6	32		3661.883049000
6	0		3661.883065000
6	0		3661.922268000
6	0		3661.922313000
6	0		3661.922345000
6	0		3661.922468000
6	0		3661.922487000
17		43	3661.931735000
6	16		3661.938111000
6	0		3661.978232000
17		1358	3662.017939000
17		43	3662.025512000
17		43	3662.118235000
17		1358	3662.119842000
17		1358	3662.119870000
17		1358	3662.119874000
17		1358	3662.119877000
17		1358	3662.119881000
17		1358	3662.119884000
17		503	3662.119887000
17		43	3662.304265000
17		43	3662.397255000
17		43	3662.490442000
17		48	3662.582640000
17		35	3662.596540000
6	0		3662.635019000
6	0		3662.635069000
17		43	3662.675747000
17		1035	3662.768964000
17		41	3662.769517000
17		156	3662.770193000
17		1353	3662.770213000
17		1358	3662.770219000
17		1358	3662.770223000
17		1358	3662.770227000
17		1358	3662.770231000
17		1358	3662.770236000
17		1358	3662.770240000
17		1358	3662.770244000
17		1358	3662.770248000
17		1358	3662.853324000
6	68		3662.897152000
17		1358	3662.934094000
17		49	3662.955235000
17		35	3662.969333000
17		1358	3663.016139000
17		43	3663.047759000
6	52		3663.094028000
6	0		3663.094070000
6	0		3663.094091000
6	0		3663.095653000
17		43	3663.141268000
17		1358	3663.152303000
17		43	3663.234322000
17		1358	3663.254592000
6	0		3663.281521000
17		43	3663.327420000
17		1358	3663.357118000
17		43	3663.419975000
17		1358	3663.458914000
17		43	3663.513406000
17		1358	3663.561633000
17		43	3663.606321000
17		1358	3663.662870000
6	0		3663.668596000
6	0		3663.668633000
17		43	3663.698874000
17		1358	3663.765903000
17		43	3663.791987000
17		1358	3663.866861000
17		43	3663.885076000
17		1358	3663.967920000
17		43	3663.978623000
17		1358	3664.068912000
17		43	3664.071551000
6	52		3664.126970000
6	0		3664.127009000
6	52		3664.127136000
17		1358	3664.153496000
17		43	3664.164212000
17		1358	3664.238868000
17		43	3664.256860000
17		1358	3664.323215000
6	0		3664.344946000
17		43	3664.350004000
17		1358	3664.389800000
17		43	3664.443458000
17		1358	3664.456148000
17		43	3664.536093000
17		1358	3664.567776000
17		43	3664.629302000
17		1358	3664.679725000
17		43	3664.722027000
6	84		3664.748910000
17		1358	3664.762623000
6	0		3664.790226000
17		48	3664.815179000
17		35	3664.828994000
17		1358	3664.847393000
17		43	3664.907802000
17		1358	3664.930688000
17		43	3665.000669000
17		1358	3665.014372000
17		43	3665.093761000
17		586	3665.093787000
17		35	3665.094503000
17		1358	3665.098522000
17		76	3665.102090000
17		33	3665.102121000
17		1358	3665.181842000
17		43	3665.186626000
17		1358	3665.265500000
17		43	3665.280074000
17		1358	3665.349541000
17		43	3665.372838000
17		1358	3665.432699000
17		43	3665.466632000
17		1358	3665.516013000
17		43	3665.559109000
17		1358	3665.599808000
17		43	3665.652517000
17		1358	3665.683575000
17		43	3665.745612000
17		41	3665.745639000
17		1358	3665.768098000
17		1358	3665.834204000
17		43	3665.838421000
17		43	3665.838446000
17		41	3665.838452000
17		33	3665.863850000
17		1358	3665.901061000
17		43	3665.931678000
17		1358	3665.967858000
17		43	3666.024458000
17		1358	3666.079744000
17		43	3666.117348000
17		1358	3666.191165000
17		43	3666.210227000
17		1358	3666.274863000
17		43	3666.303626000
17		1358	3666.358523000
17		43	3666.396282000
17		1358	3666.442753000
17		43	3666.489403000
17		1358	3666.525606000
17		43	3666.582304000
17		1358	3666.609214000
17		48	3666.675452000
17		35	3666.689339000
17		1358	3666.693508000
17		43	3666.768457000
17		1358	3666.776762000
17		1358	3666.860198000
17		43	3666.860738000
6	0		3666.874193000
6	0		3666.874232000
17		1358	3666.944007000
17		43	3666.954650000
6	52		3667.014082000
17		1358	3667.027807000
17		43	3667.047459000
17		1358	3667.112181000
17		43	3667.140171000
17		1358	3667.195108000
6	0		3667.231751000
17		43	3667.233404000
6	52		3667.245698000
6	0		3667.245755000
6	0		3667.245781000
6	0		3667.247237000
17		1358	3667.278495000
17		43	3667.326619000
17		1358	3667.345759000
17		1358	3667.413068000
17		43	3667.418855000
6	0		3667.463915000
17		1358	3667.478660000
17		43	3667.512486000
17		1358	3667.590436000
17		43	3667.605091000
6	0		3667.686546000
6	0		3667.686600000
17		43	3667.697888000
17		1358	3667.702711000
17		1358	3667.785973000
17		43	3667.790910000
17		1358	3667.869557000
17		43	3667.884331000
17		1358	3667.953927000
17		43	3667.977054000
6	0		3667.977769000
6	41		3667.983285000
17		1358	3668.036239000
17		43	3668.070110000
17		1358	3668.120108000
17		43	3668.163355000
17		1358	3668.203981000
17		43	3668.256564000
6	0		3668.272968000
6	21		3668.273001000
6	0		3668.273010000
6	1080		3668.274003000
17		1358	3668.288311000
17		43	3668.349285000
17		1358	3668.371457000
17		43	3668.442558000
17		1358	3668.454441000
17		48	3668.535068000
17		1358	3668.536860000
6	0		3668.563359000
6	440		3668.573289000
6	0		3668.614204000
17		1358	3668.622735000
17		43	3668.627826000
17		1358	3668.705667000
17		43	3668.721306000
17		1358	3668.789445000
17		43	3668.813988000
17		1358	3668.856881000
6	48		3668.904182000
6	0		3668.904220000
17		43	3668.908230000
6	280		3668.908440000
17		114	3668.924106000
17		43	3669.000678000
17		43	3669.093461000
17		43	3669.186120000
6	0		3669.198550000
6	16		3669.219400000
6	0		3669.262220000
17		43	3669.279101000
17		43	3669.372592000
17		43	3669.465451000
6	52		3669.552210000
6	0		3669.552248000
6	52		3669.552335000
17		43	3669.558548000
17		43	3669.651912000
17		1037	3669.743900000
17		41	3669.744596000
17		1358	3669.746333000
17		1358	3669.746356000
17		1358	3669.746360000
17		1358	3669.746364000
17		1358	3669.746369000
17		1358	3669.746374000
17		1358	3669.746378000
17		1358	3669.746383000
17		1358	3669.746388000
17		1358	3669.746393000
17		1358	3669.830643000
6	84		3669.841883000
6	0		3669.882203000
17		1358	3669.915086000
6	0		3669.923127000
6	0		3669.923185000
17		49	3669.930782000
17		35	3669.944180000
6	0		3669.962280000
6	12		3669.962524000
17		1358	3669.998618000
6	0		3670.001592000
6	12		3670.001698000
6	0		3670.001709000
6	1		3670.001924000
6	4		3670.001947000
6	32		3670.001958000
6	0		3670.001973000
17		43	3670.023507000
6	0		3670.040995000
6	0		3670.041137000
6	0		3670.041161000
6	0		3670.041165000
6	0		3670.041176000
6	0		3670.041189000
17		1358	3670.083775000
17		43	3670.116100000
17		1358	3670.168476000
17		43	3670.209247000
17		1358	3670.253084000
17		43	3670.301717000
17		1358	3670.337409000
17		43	3670.395337000
17		1358	3670.404423000
17		43	3670.488231000
17		1358	3670.489738000
17		43	3670.580736000
17		1358	3670.602371000
17		43	3670.674067000
17		1358	3670.715319000
17		43	3670.767575000
17		1358	3670.800160000
17		43	3670.859719000
17		1358	3670.884644000
17		43	3670.953512000
17		1358	3670.970207000
17		43	3671.046157000
17		1358	3671.054139000
17		1358	3671.137981000
17		43	3671.139566000
17		43	3671.232329000
17		43	3671.325533000
6	0		3671.380026000
6	0		3671.380086000
17		43	3671.417653000
17		43	3671.510805000
17		1358	3671.512610000
17		43	3671.603918000
17		1358	3671.605287000
17		43	3671.696967000
17		1358	3671.698796000
6	0		3671.731485000
6	68		3671.789988000
17		48	3671.790710000
17		1358	3671.792280000
17		43	3671.883420000
17		1358	3671.884971000
17		43	3671.976395000
17		1358	3671.977678000
17		43	3672.069444000
6	52		3672.089194000
6	0		3672.089236000
17		1358	3672.089594000
6	0		3672.090273000
6	0		3672.090401000
17		43	3672.162191000
17		43	3672.255527000
17		43	3672.348692000
17		1358	3672.350209000
6	0		3672.380090000
17		43	3672.440692000
17		1358	3672.442679000
17		43	3672.533683000
17		1358	3672.535196000
17		43	3672.626930000
17		1358	3672.628442000
17		1358	3672.713842000
17		43	3672.720399000
17		1358	3672.796312000
17		43	3672.813170000
6	0		3672.857716000
6	0		3672.857778000
17		1358	3672.880343000
17		43	3672.906462000
17		1358	3672.963799000
6	0		3672.979491000
6	41		3672.985248000
17		43	3672.999466000
17		1358	3673.046991000
17		43	3673.092062000
6	0		3673.107253000
6	21		3673.107286000
6	0		3673.107297000
6	1080		3673.108299000
17		1358	3673.131307000
17		43	3673.185119000
17		1358	3673.214752000
6	440		3673.230125000
6	0		3673.270225000
17		43	3673.278515000
17		1358	3673.298878000
17		43	3673.371083000
17		1358	3673.381634000
6	48		3673.391909000
6	0		3673.391946000
6	280		3673.396095000
17		43	3673.464162000
17		1358	3673.465524000
6	16		3673.521438000
17		1358	3673.549655000
17		43	3673.556848000
6	0		3673.562208000
17		1358	3673.633134000
17		48	3673.649873000
17		35	3673.663806000
6	52		3673.684133000
6	0		3673.684169000
6	52		3673.684330000
17		1358	3673.699323000
17		43	3673.743234000
17		1358	3673.767032000
6	84		3673.806059000
17		1358	3673.833602000
17		43	3673.836474000
6	0		3673.846202000
17		1358	3673.901124000
17		43	3673.928729000
17		1358	3673.966948000
17		43	3674.022604000
17		1358	3674.034147000
17		43	3674.115342000
17		1358	3674.146398000
17		43	3674.208464000
17		1358	3674.257887000
17		43	3674.301589000
17		1358	3674.361337000
17		43	3674.394037000
17		1358	3674.465964000
17		43	3674.487536000
17		1358	3674.569765000
17		43	3674.580335000
17		1358	3674.647951000
17		43	3674.673075000
17		1358	3674.725704000
17		43	3674.766443000
17		1358	3674.804060000
17		43	3674.858956000
17		1358	3674.881712000
17		43	3674.952266000
17		1358	3674.959952000
17		1358	3675.037808000
17		43	3675.045048000
17		1358	3675.115223000
17		777	3675.138477000
17		43	3675.138500000
17		35	3675.139299000
17		76	3675.148201000
17		33	3675.148248000
17		1358	3675.194141000
17		43	3675.231699000
17		1358	3675.271843000
17		43	3675.324478000
17		1358	3675.350215000
17		43	3675.417098000
17		1358	3675.427410000
17		1358	3675.505741000
17		48	3675.510286000
17		35	3675.524877000
17		1358	3675.585346000
17		43	3675.603223000
17		43	3675.603254000
17		41	3675.603261000
17		33	3675.628713000
6	68		3675.638373000
17		1358	3675.663188000
17		43	3675.696696000
17		1358	3675.739638000
6	52		3675.760246000
6	0		3675.760290000
6	0		3675.760312000
6	0		3675.761685000
6	0		3675.767464000
6	0		3675.767512000
17		43	3675.789417000
6	0		3675.789594000
6	41		3675.794928000
6	0		3675.816758000
6	21		3675.816790000
6	0		3675.816801000
6	1080		3675.817825000
17		1358	3675.818530000
6	0		3675.839611000
6	440		3675.839731000
17		43	3675.881891000
6	0		3675.882202000
6	0		3675.883439000
17		1358	3675.896280000
6	48		3675.904032000
6	0		3675.904071000
6	280		3675.908224000
6	0		3675.930033000
6	16		3675.963334000
17		1358	3675.974527000
17		43	3675.974900000
6	0		3676.006227000
6	52		3676.028057000
6	0		3676.028094000
6	52		3676.028251000
17		1358	3676.052116000
6	84		3676.057312000
17		43	3676.068589000
6	0		3676.098220000
17		1358	3676.130781000
17		43	3676.161204000
17		1358	3676.208949000
17		43	3676.254256000
17		1358	3676.286442000
17		43	3676.347317000
17		1358	3676.364843000
17		43	3676.439907000
17		1358	3676.441515000
17		1358	3676.520090000
17		43	3676.533110000
17		1358	3676.598734000
17		43	3676.626490000
17		1358	3676.676888000
17		43	3676.719122000
17		1358	3676.755497000
17		43	3676.812128000
17		1358	3676.832820000
17		43	3676.904839000
17		1358	3676.911006000
17		1358	3676.988620000
17		43	3676.998007000
17		1358	3677.066043000
17		43	3677.090819000
17		1358	3677.144223000
17		43	3677.184284000
17		1358	3677.222906000
17		43	3677.276805000
17		1358	3677.301306000
17		1358	3677.363388000
17		48	3677.370074000
17		35	3677.384501000
17		1358	3677.426619000
17		43	3677.463610000
17		1358	3677.488185000
17		1358	3677.550965000
17		43	3677.556552000
17		1358	3677.612082000
17		43	3677.649155000
17		1358	3677.674518000
17		1358	3677.737097000
17		43	3677.742087000
17		1358	3677.799452000
17		43	3677.835229000
17		1358	3677.904608000
17		43	3677.927819000
17		1358	3678.009094000
17		43	3678.021420000
17		1358	3678.112160000
17		43	3678.114648000
17		43	3678.207344000
17		1358	3678.216278000
17		1358	3678.294776000
6	68		3678.300087000
17		43	3678.300702000
6	52		3678.324735000
6	0		3678.324778000
6	0		3678.324797000
6	0		3678.326307000
6	0		3678.348065000
17		1358	3678.371797000
17		43	3678.393415000
17		331	3678.450459000
17		43	3678.486420000
17		43	3678.578886000
17		43	3678.671801000
17		43	3678.765137000
17		43	3678.858308000
17		43	3678.951386000
17		43	3679.044454000
17		43	3679.136761000
17		1128	3679.230043000
17		41	3679.230695000
17		158	3679.231464000
17		1353	3679.231482000
17		1358	3679.231544000
17		1358	3679.231549000
17		1358	3679.231552000
17		1358	3679.231555000
17		1358	3679.231558000
17		1358	3679.231561000
17		1358	3679.231564000
17		1358	3679.231568000
17		1358	3679.311016000
17		1358	3679.389411000
17		49	3679.415998000
17		35	3679.430250000
17		43	3679.508869000
17		43	3679.602543000
17		43	3679.694696000
17		43	3679.788000000
17		1358	3679.789580000
17		43	3679.881147000
17		1358	3679.882716000
17		43	3679.973743000
17		1358	3679.975232000
17		43	3680.066912000
17		1358	3680.068507000
17		43	3680.160405000
17		1358	3680.161992000
17		43	3680.252794000
17		1358	3680.267408000
17		43	3680.346410000
17		1358	3680.372382000
17		43	3680.438914000
17		1358	3680.451527000
17		43	3680.532413000
17		1358	3680.533970000
17		43	3680.624911000
17		1358	3680.626487000
17		1358	3680.705450000
17		43	3680.718284000
17		1358	3680.783159000
17		43	3680.810884000
17		1358	3680.862571000
17		43	3680.904387000
17		1358	3680.942300000
17		43	3680.997032000
17		1358	3681.021095000
17		43	3681.089834000
17		1358	3681.100859000
17		43	3681.183391000
17		1358	3681.184998000
17		48	3681.276275000
17		1358	3681.277790000
17		43	3681.369465000
17		1358	3681.370708000
17		43	3681.462116000
17		1358	3681.463787000
17		43	3681.554992000
17		1358	3681.556413000
17		43	3681.648003000
17		1358	3681.649011000
17		43	3681.741026000
17		1358	3681.756115000
17		43	3681.834294000
17		1358	3681.863695000
17		43	3681.927518000
17		1358	3681.943119000
17		43	3682.020097000
17		1358	3682.021672000
17		1358	3682.102157000
17		43	3682.113472000
17		1358	3682.181970000
17		43	3682.206386000
17		1358	3682.262406000
17		43	3682.299226000
17		1358	3682.343267000
17		43	3682.392514000
17		1358	3682.423831000
17		43	3682.485669000
17		1358	3682.504278000
17		43	3682.578333000
17		1358	3682.584934000
17		43	3682.671839000
17		1358	3682.673371000
17		43	3682.764470000
17		1358	3682.766077000
17		1358	3682.847193000
17		43	3682.857811000
17		1358	3682.926011000
17		43	3682.950459000
17		1358	3683.006829000
17		43	3683.042830000
17		901	3683.071168000
17		48	3683.136225000
17		35	3683.149967000
17		43	3683.229417000
17		43	3683.321715000
17		1118	3683.321748000
17		34	3683.322290000
17		33	3683.322910000
17		1358	3683.325224000
17		1358	3683.406036000
17		43	3683.415331000
17		1358	3683.485284000
17		43	3683.508217000
17		1358	3683.566019000
17		43	3683.601179000
17		1358	3683.645872000
17		49	3683.694093000
17		35	3683.707839000
17		1358	3683.725058000
17		43	3683.787099000
17		1358	3683.804934000
17		43	3683.880519000
17		1358	3683.884236000
17		1358	3683.964933000
17		43	3683.973349000
17		1358	3684.045165000
17		43	3684.066254000
17		1358	3684.123821000
17		43	3684.159421000
17		1358	3684.203737000
17		43	3684.252002000
17		1358	3684.283281000
17		43	3684.345365000
17		1358	3684.363526000
17		43	3684.437781000
17		1358	3684.443627000
17		1358	3684.506939000
17		43	3684.531361000
17		1358	3684.571821000
17		43	3684.624283000
17		1358	3684.636851000
17		43	3684.716746000
17		1358	3684.743967000
17		43	3684.810075000
17		1358	3684.850758000
17		43	3684.903405000
17		1358	3684.930737000
17		43	3684.995981000
17		1358	3685.009837000
17		43	3685.089072000
17		1358	3685.090677000
17		1358	3685.169565000
17		43	3685.182376000
17		1358	3685.249692000
17		43	3685.274961000
17		1358	3685.330118000
17		43	3685.367865000
17		1358	3685.410878000
17		43	3685.461230000
17		1358	3685.491430000
17		48	3685.554478000
17		35	3685.568322000
17		1358	3685.572178000
17		43	3685.646696000
17		1358	3685.652456000
17		43	3685.740364000
17		1358	3685.741846000
17		1358	3685.822610000
17		43	3685.833224000
17		1358	3685.902450000
17		43	3685.925886000
17		1358	3685.983298000
17		43	3686.018693000
6	0		3686.042539000
6	0		3686.042596000
17		1358	3686.047357000
6	0		3686.081968000
6	12		3686.082257000
17		43	3686.112428000
17		1358	3686.114056000
6	0		3686.121441000
6	12		3686.121473000
6	0		3686.121483000
6	1		3686.121655000
6	4		3686.121678000
6	32		3686.121688000
6	0		3686.121699000
6	0		3686.160892000
6	0		3686.160931000
6	0		3686.161169000
6	0		3686.161183000
17		43	3686.205427000
17		1358	3686.221454000
17		43	3686.298251000
17		1358	3686.328144000
17		43	3686.390826000
17		1358	3686.408185000
17		43	3686.484451000
17		1358	3686.488251000
17		43	3686.577473000
17		1358	3686.579069000
17		43	3686.670496000
17		1358	3686.672060000
17		43	3686.763278000
17		1358	3686.764695000
17		43	3686.856356000
17		1358	3686.857994000
17		1358	3686.938774000
17		43	3686.949038000
17		1358	3687.017715000
17		43	3687.042325000
17		1358	3687.098037000
17		43	3687.135095000
17		1358	3687.177856000
17		43	3687.228203000
17		1358	3687.258991000
17		43	3687.320674000
17		746	3687.339558000
17		48	3687.414246000
17		35	3687.428470000
17		43	3687.506773000
17		43	3687.599733000
17		43	3687.692989000
17		43	3687.786105000
17		1127	3687.878991000
17		41	3687.879670000
17		154	3687.880385000
17		1353	3687.880392000
17		1358	3687.880423000
17		1358	3687.880429000
17		1358	3687.880432000
17		1358	3687.960910000
17		1358	3688.040780000
17		49	3688.065063000
17		35	3688.078968000
17		1358	3688.120483000
17		43	3688.158375000
17		1358	3688.200196000
17		43	3688.251069000
17		1358	3688.281201000
17		43	3688.344418000
17		1358	3688.359747000
17		43	3688.437635000
17		1358	3688.439743000
17		1358	3688.519214000
17		43	3688.530064000
17		1358	3688.599777000
17		43	3688.623399000
17		1358	3688.681642000
17		43	3688.715960000
17		1358	3688.761575000
17		43	3688.809303000
17		1358	3688.841966000
17		43	3688.902035000
17		1358	3688.905966000
17		43	3688.995213000
17		1358	3688.996812000
17		43	3689.088463000
17		1358	3689.104511000
17		43	3689.181253000
17		1358	3689.212329000
17		43	3689.273985000
17		1358	3689.292962000
17		43	3689.366947000
17		1358	3689.372972000
17		1358	3689.453985000
17		43	3689.460606000
17		43	3689.552920000
17		43	3689.645629000
17		1358	3689.647673000
17		43	3689.739822000
17		1358	3689.741451000
6	0		3689.798578000
6	0		3689.798630000
17		43	3689.832566000
17		1358	3689.834114000
6	0		3689.908107000
17		1358	3689.914813000
17		48	3689.924816000
17		35	3689.938842000
17		1358	3689.993758000
17		43	3690.018259000
17		1358	3690.074089000
17		43	3690.111641000
17		1358	3690.153243000
17		43	3690.204528000
17		1358	3690.234082000
17		43	3690.297726000
17		1358	3690.313021000
17		43	3690.390378000
17		1358	3690.391976000
17		1358	3690.471773000
17		43	3690.483405000
17		1358	3690.552672000
17		43	3690.575872000
17		1358	3690.632007000
17		43	3690.668919000
17		1358	3690.711648000
17		43	3690.762165000
17		1358	3690.791152000
17		43	3690.854905000
17		1358	3690.870710000
17		43	3690.948404000
17		1358	3690.949738000
17		1358	3691.030599000
17		43	3691.040845000
17		1358	3691.109440000
17		43	3691.133940000
17		1358	3691.189500000
17		43	3691.227614000
17		1358	3691.268965000
17		43	3691.320019000
17		1358	3691.332136000
17		1358	3691.396718000
17		43	3691.413017000
17		1358	3691.460432000
17		43	3691.505959000
17		1358	3691.525061000
17		1358	3691.587459000
17		43	3691.599606000
17		627	3691.651284000
17		43	3691.692606000
17		48	3691.785416000
17		35	3691.800384000
17		43	3691.878610000
17		43	3691.970743000
17		43	3692.063746000
17		43	3692.156849000
17		1128	3692.250396000
17		41	3692.251041000
17		158	3692.251980000
17		1353	3692.252016000
17		1358	3692.252021000
17		1358	3692.252024000
17		1358	3692.252027000
17		1358	3692.252048000
17		1358	3692.252052000
17		1358	3692.252055000
17		1358	3692.252059000
17		1358	3692.252062000
17		1358	3692.333035000
17		1358	3692.412879000
17		49	3692.435738000
17		35	3692.449724000
17		43	3692.529100000
17		43	3692.621928000
17		43	3692.715253000
17		43	3692.808282000
17		1358	3692.809868000
17		43	3692.901582000
17		1358	3692.902797000
17		43	3692.994110000
17		1358	3692.994957000
17		43	3693.087173000
17		1358	3693.088856000
17		43	3693.180454000
17		41	3693.180482000
17		1358	3693.182305000
17		43	3693.273194000
17		1358	3693.274713000
17		43	3693.366503000
17		1358	3693.368111000
17		43	3693.458951000
17		1358	3693.460680000
17		43	3693.552356000
17		1358	3693.554040000
17		43	3693.644897000
17		1358	3693.660922000
17		43	3693.738353000
17		1358	3693.768559000
17		43	3693.831402000
17		1358	3693.847721000
17		43	3693.923747000
17		1358	3693.927516000
17		1358	3694.006550000
17		43	3694.017423000
17		1358	3694.086421000
17		43	3694.109764000
6	0		3694.162215000
6	0		3694.162286000
17		1358	3694.166913000
6	0		3694.201886000
6	12		3694.202188000
17		43	3694.203582000
6	0		3694.241700000
6	12		3694.241733000
6	0		3694.241743000
6	1		3694.241884000
6	4		3694.241896000
6	32		3694.241917000
6	0		3694.241927000
17		1358	3694.248388000
6	0		3694.281435000
6	0		3694.281487000
6	0		3694.281493000
6	0		3694.281596000
6	0		3694.281614000
17		43	3694.296229000
17		1358	3694.328266000
17		43	3694.389641000
17		1358	3694.408843000
17		43	3694.482653000
17		1358	3694.489954000
17		43	3694.575288000
17		1358	3694.576816000
17		43	3694.668500000
17		1354	3694.668524000
17		35	3694.669964000
17		1358	3694.670059000
17		875	3694.761358000
17		43	3694.761387000
17		1358	3694.763005000
17		113	3694.772957000
17		173	3694.772999000
17		1358	3694.843504000
17		43	3694.854210000
17		1358	3694.923103000
17		43	3694.947777000
17		1358	3694.987991000
17		48	3695.040618000
17		1358	3695.052877000
17		715	3695.133438000
17		43	3695.133468000
17		35	3695.134162000
17		74	3695.142682000
17		33	3695.142736000
17		1358	3695.159714000
17		43	3695.226243000
17		1358	3695.266803000
17		43	3695.319609000
17		43	3695.319635000
17		41	3695.319640000
17		33	3695.345203000
17		1358	3695.346627000
17		43	3695.412078000
17		1358	3695.427090000
17		43	3695.504758000
17		1358	3695.506374000
17		43	3695.598422000
17		1358	3695.600038000
17		43	3695.691298000
17		43	3695.691321000
17		41	3695.691327000
17		1358	3695.692944000
17		33	3695.716709000
17		43	3695.784535000
17		1358	3695.786105000
17		43	3695.877271000
17		349	3695.879254000
17		43	3695.970595000
17		43	3696.062635000
17		43	3696.155668000
17		43	3696.248828000
17		43	3696.342389000
17		1039	3696.435365000
17		41	3696.435972000
17		151	3696.436604000
17		1353	3696.436672000
17		1358	3696.436678000
17		1358	3696.436683000
17		1358	3696.436687000
17		1358	3696.501330000
17		1358	3696.564795000
17		49	3696.621602000
17		1358	3696.628380000
17		43	3696.714326000
17		1358	3696.734875000
17		43	3696.807629000
17		1358	3696.842334000
17		43	3696.900272000
17		1358	3696.921950000
17		43	3696.993688000
17		1358	3697.001094000
17		1358	3697.080191000
17		43	3697.085912000
17		1358	3697.160826000
17		43	3697.179481000
17		1358	3697.241428000
17		43	3697.272087000
17		1358	3697.321570000
17		43	3697.364665000
17		1358	3697.402280000
17		43	3697.457720000
17		1358	3697.483535000
17		43	3697.551403000
17		1358	3697.564781000
17		43	3697.643850000
17		1358	3697.645346000
17		43	3697.737162000
17		1358	3697.738746000
6	0		3697.813228000
6	0		3697.813286000
17		43	3697.830427000
6	0		3697.830454000
6	0		3697.830463000
6	0		3697.831377000
6	0		3697.831462000
17		1358	3697.831913000
17		1358	3697.912686000
17		43	3697.923067000
17		1358	3697.992849000
17		43	3698.015907000
6	0		3698.022214000
17		1358	3698.057900000
17		43	3698.108948000
17		1358	3698.122916000
6	0		3698.175345000
6	0		3698.175404000
17		43	3698.202620000
17		1358	3698.230855000
17		43	3698.295438000
17		1358	3698.337687000
17		43	3698.388343000
17		1358	3698.419675000
17		48	3698.481326000
17		35	3698.495783000
17		1358	3698.500268000
17		43	3698.574128000
17		1358	3698.580840000
17		43	3698.666686000
17		1358	3698.667820000
17		43	3698.760106000
17		1358	3698.761720000
17		43	3698.853516000
17		1358	3698.855173000
17		43	3698.946118000
17		1358	3698.947734000
17		1358	3699.028404000
17		43	3699.039461000
17		1358	3699.109264000
17		43	3699.131731000
17		1358	3699.189801000
17		43	3699.225622000
17		1358	3699.270427000
17		43	3699.318439000
17		1358	3699.351484000
17		43	3699.411336000
17		1358	3699.431696000
17		43	3699.504383000
17		1358	3699.506111000
17		43	3699.597732000
17		1358	3699.599320000
17		43	3699.690777000
17		1358	3699.706637000
17		43	3699.782841000
17		1358	3699.814831000
17		43	3699.876044000
17		1358	3699.895802000
17		43	3699.968751000
17		1358	3699.976138000
17		43	3700.062042000
17		1358	3700.063703000
17		1358	3700.143989000
17		43	3700.155574000
17		1358	3700.224763000
17		43	3700.248368000
17		636	3700.306003000
17		48	3700.341111000
17		35	3700.354876000
17		43	3700.434270000
17		43	3700.527531000
17		43	3700.619787000
17		43	3700.713585000
17		1129	3700.806462000
17		41	3700.807138000
17		154	3700.807763000
17		1353	3700.807822000
17		1358	3700.807833000
17		1358	3700.807838000
17		1358	3700.807842000
17		1358	3700.888950000
17		1358	3700.967805000
17		49	3700.991872000
17		35	3701.005739000
17		1358	3701.048102000
17		43	3701.085010000
17		1358	3701.111587000
17		1358	3701.176476000
17		43	3701.178261000
17		1358	3701.240672000
17		43	3701.270992000
17		1358	3701.348123000
17		43	3701.364307000
17		1358	3701.455383000
17		43	3701.457450000
17		1358	3701.536007000
17		43	3701.549672000
17		1358	3701.616803000
17		43	3701.643441000
17		1358	3701.697136000
17		43	3701.736174000
17		1358	3701.778358000
17		43	3701.829208000
17		1358	3701.859036000
17		43	3701.922615000
17		1358	3701.939875000
17		43	3702.015394000
17		1358	3702.020140000
17		43	3702.108504000
17		1358	3702.110113000
17		43	3702.200673000
17		1358	3702.202270000
6	0		3702.282212000
6	0		3702.282267000
17		1358	3702.283845000
17		43	3702.294466000
6	0		3702.321317000
6	12		3702.321579000
6	0		3702.360501000
6	12		3702.360542000
6	0		3702.360556000
6	1		3702.360770000
6	4		3702.360790000
6	32		3702.360799000
6	0		3702.360811000
17		1358	3702.362733000
17		43	3702.387513000
6	0		3702.399732000
6	0		3702.399775000
6	0		3702.399781000
6	0		3702.399878000
6	0		3702.399889000
17		1358	3702.443705000
17		43	3702.480334000
17		43	3702.573225000
17		43	3702.666295000
17		1358	3702.667733000
17		43	3702.759381000
17		1358	3702.760904000
17		48	3702.852184000
17		1358	3702.853758000
17		1358	3702.935105000
17		43	3702.945241000
17		1358	3703.013932000
17		43	3703.038600000
17		1358	3703.093777000
17		43	3703.131290000
17		1358	3703.173906000
17		43	3703.224049000
17		1358	3703.253684000
17		43	3703.317331000
17		1358	3703.332940000
17		43	3703.410027000
17		1358	3703.411625000
17		1358	3703.492338000
17		43	3703.503544000
17		1358	3703.572471000
17		43	3703.596573000
17		1358	3703.651491000
17		43	3703.689567000
17		1358	3703.731295000
17		43	3703.781740000
17		1358	3703.812439000
17		1358	3703.874875000
17		43	3703.875325000
17		1358	3703.939207000
17		43	3703.967753000
17		1358	3704.002681000
17		43	3704.061451000
17		1358	3704.066178000
17		1358	3704.130437000
17		43	3704.154055000
17		1358	3704.193864000
17		43	3704.247611000
17		1358	3704.258878000
17		43	3704.339984000
17		1358	3704.364348000
17		43	3704.433138000
17		1358	3704.471478000
17		43	3704.526474000
17		1358	3704.577531000
17		43	3704.619289000
17		636	3704.683921000
17		48	3704.712092000
17		35	3704.726631000
17		43	3704.805287000
17		43	3704.897948000
17		43	3704.990927000
17		43	3705.084236000
17		586	3705.084264000
17		35	3705.085038000
17		76	3705.093695000
17		33	3705.093801000
17		1129	3705.177784000
17		41	3705.178551000
17		154	3705.179367000
17		1353	3705.179382000
17		1358	3705.179386000
17		1358	3705.179389000
17		1358	3705.179393000
17		1358	3705.179396000
17		1358	3705.179399000
17		1358	3705.179402000
17		1358	3705.179405000
17		1358	3705.179408000
17		1358	3705.259993000
17		43	3705.269733000
17		41	3705.269759000
17		33	3705.295636000
17		1358	3705.340155000
17		49	3705.362917000
17		35	3705.377205000
17		43	3705.456379000
17		43	3705.549481000
17		43	3705.642301000
17		43	3705.734932000
17		1358	3705.737045000
17		43	3705.827991000
17		1358	3705.830427000
17		43	3705.921499000
17		1358	3705.922780000
17		43	3706.014563000
17		41	3706.014585000
17		1358	3706.016350000
17		43	3706.107151000
17		1358	3706.108794000
17		43	3706.199829000
17		1358	3706.200422000
17		43	3706.293308000
17		1358	3706.294922000
17		43	3706.385932000
17		1358	3706.402105000
17		43	3706.479281000
17		1358	3706.509032000
17		43	3706.572706000
17		1358	3706.589993000
17		43	3706.665804000
17		1358	3706.670777000
17		1358	3706.751902000
17		43	3706.758597000
17		1358	3706.830935000
17		43	3706.851497000
17		1358	3706.911441000
17		43	3706.944214000
17		1358	3706.991850000
17		43	3707.036986000
17		1358	3707.072583000
17		43	3707.130414000
17		1358	3707.153680000
17		43	3707.223101000
17		1358	3707.234093000
17		43	3707.316130000
17		1358	3707.317967000
17		43	3707.408694000
17		1358	3707.409576000
17		43	3707.502741000
17		1358	3707.505411000
17		43	3707.595789000
17		1358	3707.597657000
17		43	3707.688464000
17		1358	3707.690232000
17		1358	3707.754133000
17		43	3707.781301000
17		1358	3707.818599000
17		48	3707.874619000
17		35	3707.889236000
17		1358	3707.927501000
17		43	3707.967262000
17		1358	3708.034887000
17		43	3708.059812000
17		1358	3708.115614000
17		43	3708.152993000
17		1358	3708.196503000
17		43	3708.245881000
17		1358	3708.277073000
17		43	3708.338815000
17		1358	3708.357681000
17		43	3708.432383000
17		1358	3708.438449000
17		43	3708.524921000
17		1358	3708.526614000
17		43	3708.618579000
17		1358	3708.620220000
17		43	3708.711029000
17		1358	3708.712611000
17		43	3708.804621000
17		1358	3708.806283000
17		1358	3708.886933000
17		43	3708.896861000
17		1358	3708.965909000
17		43	3708.990107000
17		638	3709.046586000
17		43	3709.083328000
17		43	3709.176056000
17		43	3709.269182000
17		43	3709.362408000
17		43	3709.455372000
17		1039	3709.548372000
17		41	3709.549034000
17		151	3709.549704000
17		1353	3709.549721000
17		1358	3709.549726000
17		1358	3709.549730000
17		1358	3709.549735000
17		1358	3709.631089000
17		1358	3709.710441000
17		49	3709.734303000
17		35	3709.748911000
17		1358	3709.789923000
17		43	3709.827018000
17		1358	3709.869607000
17		43	3709.920257000
17		1358	3709.950870000
17		43	3710.013512000
17		1358	3710.030102000
17		43	3710.106104000
17		1358	3710.107696000
17		1358	3710.189622000
17		43	3710.199361000
17		1358	3710.269410000
17		43	3710.291803000
17		1358	3710.350539000
17		43	3710.384933000
17		1358	3710.431379000
17		43	3710.477663000
17		1358	3710.511323000
17		43	3710.570812000
17		1358	3710.575632000
17		43	3710.664615000
17		1358	3710.666255000
17		43	3710.757275000
17		1358	3710.773981000
17		43	3710.850572000
17		1358	3710.881188000
17		43	3710.943217000
17		1358	3710.962213000
17		43	3711.036493000
17		1358	3711.043249000
17		1358	3711.122353000
17		43	3711.129431000
17		1358	3711.202646000
17		43	3711.222439000
17		1358	3711.283628000
17		43	3711.314947000
17		1358	3711.364182000
17		43	3711.407772000
17		1358	3711.444873000
17		43	3711.501473000
17		1358	3711.525559000
17		48	3711.594047000
17		1358	3711.605861000
6	0		3711.623654000
6	0		3711.623721000
6	0		3711.639192000
17		43	3711.686843000
17		1358	3711.688220000
17		43	3711.780134000
17		1358	3711.781729000
17		43	3711.873532000
17		1358	3711.875140000
17		43	3711.966010000
17		1358	3711.967165000
6	0		3712.048456000
6	0		3712.048499000
17		43	3712.059420000
17		1358	3712.061006000
17		1358	3712.125557000
17		43	3712.152522000
6	0		3712.155529000
6	0		3712.155585000
17		1358	3712.189641000
6	0		3712.191711000
17		43	3712.244776000
17		1358	3712.297028000
17		43	3712.337794000
17		1358	3712.403695000
17		43	3712.431352000
17		1358	3712.483397000
17		43	3712.524029000
17		1358	3712.564191000
17		43	3712.617666000
17		1358	3712.644785000
17		43	3712.710479000
17		1358	3712.725548000
17		43	3712.803102000
17		1358	3712.804586000
17		43	3712.896211000
17		1358	3712.897799000
17		43	3712.988970000
17		1358	3712.989661000
17		43	3713.082372000
17		1358	3713.083938000
17		1358	3713.164686000
17		43	3713.174987000
17		1358	3713.245005000
17		43	3713.267931000
17		1358	3713.325327000
17		43	3713.361251000
17		636	3713.405339000
17		48	3713.454584000
17		35	3713.467736000
17		43	3713.547632000
17		43	3713.639923000
17		43	3713.733142000
17		1128	3713.826188000
17		41	3713.826851000
17		1358	3713.829870000
17		1358	3713.910492000
17		43	3713.919348000
17		1358	3713.990215000
17		49	3714.012743000
17		35	3714.026951000
17		1358	3714.070346000
17		43	3714.105458000
17		1358	3714.149411000
17		43	3714.198543000
17		1358	3714.229588000
17		43	3714.290727000
17		1358	3714.309207000
17		43	3714.383773000
17		1358	3714.389423000
17		1358	3714.468763000
17		43	3714.477471000
17		1358	3714.548375000
17		43	3714.570354000
17		1358	3714.627710000
17		43	3714.663604000
17		1358	3714.707930000
17		43	3714.755911000
17		1358	3714.786771000
17		43	3714.849375000
17		1358	3714.866946000
17		1358	3714.930953000
17		43	3714.941944000
17		1358	3714.994358000
17		43	3715.035561000
17		1358	3715.058480000
17		43	3715.127689000
17		1358	3715.165010000
17		43	3715.221667000
17		1358	3715.244172000
17		43	3715.314346000
17		1358	3715.320610000
17		1358	3715.394954000
17		43	3715.406911000
17		1358	3715.469447000
17		43	3715.500438000
17		1358	3715.544170000
17		43	3715.592781000
17		1358	3715.617403000
17		43	3715.686392000
17		1358	3715.691933000
6	0		3715.695000000
6	0		3715.695050000
17		1358	3715.766583000
17		43	3715.778885000
17		1358	3715.841826000
17		48	3715.872125000
17		35	3715.885584000
17		1358	3715.915115000
6	0		3715.936036000
6	41		3715.941602000
17		43	3715.965158000
17		1358	3715.989371000
17		43	3716.058411000
17		1358	3716.063624000
17		1358	3716.137698000
17		43	3716.150734000
6	0		3716.182217000
6	21		3716.182257000
6	0		3716.182272000
6	1080		3716.183240000
17		1358	3716.212304000
17		43	3716.244334000
17		1358	3716.287320000
17		43	3716.337525000
17		1358	3716.347802000
17		1358	3716.406448000
6	440		3716.427561000
17		43	3716.430502000
17		1358	3716.465840000
6	0		3716.470233000
17		43	3716.522684000
17		1358	3716.565319000
17		43	3716.616041000
17		1358	3716.665652000
17		43	3716.709407000
6	48		3716.710853000
6	0		3716.710891000
6	280		3716.716707000
17		1358	3716.740475000
17		43	3716.801842000
17		1358	3716.815467000
17		43	3716.895045000
17		1358	3716.896663000
6	16		3716.960712000
17		43	3716.987823000
17		1358	3716.989286000
6	0		3717.002217000
17		43	3717.081039000
17		1358	3717.082743000
17		43	3717.174505000
17		1358	3717.176095000
6	52		3717.242830000
6	0		3717.242882000
6	52		3717.243009000
17		43	3717.267037000
17		1358	3717.268758000
17		1358	3717.344005000
17		43	3717.360471000
17		1358	3717.418160000
17		43	3717.453126000
6	84		3717.486511000
17		1358	3717.493403000
6	0		3717.530236000
17		43	3717.546315000
17		1358	3717.567933000
17		43	3717.639613000
17		746	3717.641238000
17		48	3717.732340000
17		35	3717.746285000
17		43	3717.825518000
17		43	3717.918382000
17		43	3718.010905000
17		43	3718.103938000
17		1128	3718.197498000
17		41	3718.198174000
17		154	3718.199261000
17		1353	3718.199300000
17		1358	3718.199306000
17		1358	3718.199310000
17		1358	3718.199313000
17		1358	3718.199317000
17		1358	3718.274829000
17		1358	3718.348944000
17		49	3718.383529000
17		35	3718.397765000
17		43	3718.476582000
17		1358	3718.478293000
17		1358	3718.553477000
17		43	3718.569576000
17		1358	3718.627831000
17		43	3718.661895000
17		1358	3718.703332000
17		43	3718.755529000
17		1358	3718.778002000
17		43	3718.848802000
17		1358	3718.854050000
17		43	3718.941396000
17		1358	3718.942889000
17		43	3719.034368000
17		1358	3719.035856000
17		43	3719.127065000
17		1358	3719.128714000
17		43	3719.220404000
17		1358	3719.221925000
17		43	3719.313113000
17		1358	3719.314676000
17		43	3719.406239000
17		1358	3719.414335000
17		43	3719.499163000
17		1358	3719.514093000
17		43	3719.591913000
17		1358	3719.593490000
17		1358	3719.669048000
17		43	3719.685350000
17		1358	3719.742905000
17		43	3719.778572000
17		1358	3719.818741000
17		43	3719.871522000
17		1358	3719.893732000
17		43	3719.964502000
17		1358	3719.969343000
6	68		3720.025024000
17		43	3720.057111000
17		1358	3720.058687000
17		43	3720.150494000
17		1358	3720.151951000
17		48	3720.243103000
17		1358	3720.244230000
6	52		3720.265916000
6	0		3720.265956000
6	0		3720.266001000
6	0		3720.267363000
17		43	3720.336411000
17		1358	3720.337972000
17		43	3720.428752000
17		1358	3720.429364000
6	0		3720.507967000
17		43	3720.522477000
17		1358	3720.524007000
17		43	3720.614777000
17		1358	3720.616265000
17		43	3720.708296000
17		1358	3720.709055000
17		1358	3720.771493000
17		43	3720.801463000
17		1358	3720.834444000
17		43	3720.893726000
17		1358	3720.939197000
17		43	3720.987083000
17		1358	3721.042619000
17		43	3721.049360000
17		43	3721.111022000
17		1358	3721.121778000
17		43	3721.173212000
17		1358	3721.199214000
17		43	3721.235154000
17		1358	3721.277401000
17		43	3721.297496000
17		1358	3721.354092000
17		43	3721.359779000
17		43	3721.421599000
17		1358	3721.432232000
17		43	3721.482671000
17		1358	3721.510130000
17		43	3721.545489000
17		1358	3721.587786000
17		43	3721.606742000
17		1358	3721.664440000
17		43	3721.669051000
17		48	3721.730630000
17		1358	3721.742250000
17		43	3721.792684000
17		1358	3721.819564000
17		43	3721.855278000
17		1358	3721.896783000
17		43	3721.917058000
17		645	3721.974458000
17		43	3721.978926000
17		1039	3722.040960000
17		41	3722.041700000
17		151	3722.042335000
17		1353	3722.042434000
17		1358	3722.042441000
17		1358	3722.042446000
17		1358	3722.042451000
17		1358	3722.042455000
17		1358	3722.042460000
17		1358	3722.042465000
17		1358	3722.042469000
17		1358	3722.105476000
17		49	3722.165149000
17		1358	3722.166738000
17		43	3722.227577000
17		1358	3722.270482000
17		43	3722.289069000
17		43	3722.351546000
17		1358	3722.373341000
17		43	3722.412744000
17		1358	3722.448669000
17		43	3722.475695000
17		1358	3722.521197000
17		43	3722.537254000
17		1358	3722.592066000
17		43	3722.599897000
17		1358	3722.660734000
17		43	3722.661482000
17		43	3722.722707000
17		1358	3722.729932000
17		43	3722.784912000
17		1358	3722.786505000
17		1358	3722.842503000
17		43	3722.847331000
17		1358	3722.897870000
17		43	3722.908816000
17		1358	3722.952906000
17		43	3722.971092000
17		1358	3723.009327000
17		43	3723.033176000
17		1358	3723.064866000
17		43	3723.095563000
17		1358	3723.109069000
17		1358	3723.154675000
17		43	3723.156672000
17		1358	3723.198911000
17		43	3723.219063000
17		1358	3723.273303000
17		43	3723.281119000
17		43	3723.343454000
17		1358	3723.347078000
17		1358	3723.403585000
17		48	3723.405185000
17		35	3723.418590000
17		1358	3723.458892000
17		43	3723.466936000
17		1358	3723.514815000
17		43	3723.529055000
17		1358	3723.570895000
17		43	3723.591175000
17		1358	3723.626602000
17		43	3723.653493000
17		1358	3723.681768000
17		43	3723.714779000
17		1358	3723.736794000
17		43	3723.776896000
17		1358	3723.790483000
17		43	3723.839086000
17		1358	3723.844801000
17		1358	3723.899180000
17		43	3723.901075000
17		1358	3723.954526000
6	0		3723.956651000
6	0		3723.956681000
17		43	3723.963504000
17		1358	3724.008213000
17		43	3724.024755000
17		1358	3724.062336000
17		43	3724.087473000
17		1358	3724.106314000
17		43	3724.148880000
17		1358	3724.149240000
17		1358	3724.192318000
17		43	3724.211494000
17		1358	3724.265356000
17		43	3724.272722000
17		43	3724.334705000
17		1358	3724.336287000
17		1358	3724.392525000
17		43	3724.396667000
17		1358	3724.446135000
17		43	3724.458957000
17		1358	3724.499919000
17		43	3724.521678000
17		636	3724.554594000
17		43	3724.582758000
17		48	3724.644897000
17		35	3724.659069000
17		43	3724.706954000
17		43	3724.768692000
17		43	3724.831517000
17		43	3724.893789000
17		1128	3724.955020000
17		41	3724.955749000
17		159	3724.956511000
17		1353	3724.956596000
17		1358	3724.956608000
17		1358	3724.956613000
17		1358	3724.956617000
17		1358	3724.956620000
17		1358	3724.956624000
17		1358	3724.956627000
17		1358	3724.956630000
17		1358	3725.011409000
17		1358	3725.065468000
17		49	3725.079697000
17		666	3725.079738000
17		35	3725.081126000
17		76	3725.090781000
17		33	3725.090820000
17		35	3725.093621000
17		1358	3725.119755000
17		43	3725.141066000
17		1358	3725.163933000
17		43	3725.203015000
17		1358	3725.208790000
17		43	3725.265098000
17		1358	3725.280222000
17		43	3725.326936000
17		1358	3725.352986000
17		43	3725.389165000
17		1358	3725.406581000
17		43	3725.451170000
17		1358	3725.462493000
17		43	3725.512700000
17		1358	3725.514277000
17		1358	3725.569998000
17		43	3725.574661000
17		1358	3725.624519000
17		43	3725.636795000
17		1358	3725.636838000
17		1358	3725.645793000
17		630	3725.645840000
17		33	3725.662467000
17		86	3725.698700000
17		43	3725.698731000
17		41	3725.698740000
17		43	3725.698747000
17		1358	3725.700384000
17		34	3725.724736000
17		1358	3725.755449000
17		43	3725.761492000
17		1358	3725.809974000
17		43	3725.823667000
17		1358	3725.866077000
17		43	3725.885289000
17		1358	3725.921635000
17		43	3725.947342000
17		1358	3725.976760000
17		43	3726.008937000
17		1358	3726.032708000
17		43	3726.070974000
17		1358	3726.087994000
17		1358	3726.132377000
17		43	3726.132981000
17		1358	3726.176396000
17		43	3726.195176000
17		1358	3726.220576000
17		86	3726.257586000
17		1053	3726.257611000
17		101	3726.257943000
17		37	3726.258249000
17		627	3726.267361000
17		125	3726.267403000
17		42	3726.319526000
17		43	3726.381540000
17		1358	3726.383160000
6	0		3726.403292000
6	0		3726.403342000
6	0		3726.443322000
6	12		3726.443555000
17		48	3726.443619000
17		1358	3726.445170000
6	0		3726.483147000
6	12		3726.483197000
6	0		3726.483211000
6	1		3726.483377000
6	4		3726.483395000
6	32		3726.483406000
6	0		3726.483419000
17		1358	3726.500167000
17		43	3726.505404000
6	0		3726.522892000
6	0		3726.522979000
6	0		3726.522986000
6	0		3726.523174000
6	0		3726.523190000
17		1358	3726.554824000
17		43	3726.567474000
17		1358	3726.610042000
17		43	3726.628939000
17		1358	3726.665207000
17		43	3726.691163000
17		1358	3726.720405000
17		43	3726.753367000
17		1358	3726.775216000
17		43	3726.815508000
17		1358	3726.830742000
17		43	3726.877692000
17		1358	3726.886343000
17		41	3726.939023000
17		43	3726.939046000
17		43	3726.939052000
17		41	3726.939058000
17		1358	3726.940679000
17		33	3726.964750000
17		43	3727.001565000
17		1358	3727.002434000
17		43	3727.063183000
17		1358	3727.064779000
17		43	3727.124682000
17		1358	3727.126118000
17		43	3727.187274000
17		1358	3727.188818000
17		43	3727.249451000
17		1358	3727.250358000
17		43	3727.311063000
17		1358	3727.323178000
17		43	3727.373522000
17		1358	3727.396049000
17		43	3727.435707000
17		1358	3727.451104000
17		43	3727.497487000
17		1358	3727.506112000
17		43	3727.558871000
17		1358	3727.560463000
17		43	3727.620724000
17		1358	3727.622183000
17		48	3727.682801000
17		1358	3727.684631000
17		1358	3727.740148000
17		43	3727.745350000
17		43	3727.807568000
17		43	3727.868691000
17		43	3727.930651000
17		43	3727.992868000
17		1358	3727.994437000
17		43	3728.055074000
17		1358	3728.056663000
17		43	3728.116677000
17		1358	3728.118225000
17		43	3728.179125000
17		1358	3728.180696000
17		43	3728.241383000
17		1358	3728.242967000
17		43	3728.303082000
17		1358	3728.315631000
17		43	3728.365438000
17		1358	3728.388878000
17		43	3728.427524000
17		1358	3728.443950000
17		43	3728.489260000
17		1358	3728.498803000
17		43	3728.551446000
17		1358	3728.552561000
17		1358	3728.606889000
17		43	3728.612944000
17		1358	3728.660833000
17		43	3728.675314000
17		1358	3728.716007000
17		43	3728.736733000
17		1358	3728.771335000
17		43	3728.799203000
17		1358	3728.826813000
17		43	3728.861476000
17		1358	3728.882306000
17		48	3728.923371000
17		1358	3728.937855000
17		43	3728.985533000
17		1358	3728.992658000
17		43	3729.047006000
17		1358	3729.049149000
17		43	3729.109111000
17		1358	3729.110707000
17		1358	3729.155123000
17		43	3729.171851000
17		1358	3729.198308000
17		43	3729.233551000
17		1358	3729.242029000
17		43	3729.295562000
17		1358	3729.315152000
17		43	3729.357367000
17		1358	3729.388663000
17		43	3729.419513000
17		1358	3729.443431000
17		43	3729.481035000
17		1358	3729.498573000
17		43	3729.542651000
17		1358	3729.553503000
17		43	3729.605472000
17		1358	3729.607069000
17		43	3729.666822000
17		1358	3729.668327000
17		43	3729.729492000
17		1358	3729.731052000
17		43	3729.791766000
17		1358	3729.793362000
17		1358	3729.848442000
17		43	3729.853357000
17		1358	3729.902854000
17		43	3729.914649000
17		1358	3729.958123000
17		43	3729.976893000
17		1358	3730.013557000
17		43	3730.039370000
17		1358	3730.068791000
17		43	3730.100751000
17		1358	3730.124046000
17		48	3730.163006000
17		1358	3730.168795000
17		43	3730.225502000
17		1358	3730.227103000
17		43	3730.287092000
17		1358	3730.301682000
17		43	3730.349304000
17		1358	3730.376452000
17		43	3730.411115000
17		1358	3730.431446000
17		43	3730.473039000
17		1358	3730.486844000
17		43	3730.534790000
17		1358	3730.543026000
17		1358	3730.596056000
17		43	3730.597107000
17		1358	3730.650506000
17		43	3730.659278000
17		1358	3730.705200000
17		43	3730.720734000
17		1358	3730.760455000
17		43	3730.783401000
17		1358	3730.815006000
17		43	3730.844681000
17		1358	3730.869469000
17		43	3730.907227000
17		1358	3730.923704000
17		43	3730.969262000
17		1358	3730.977737000
17		43	3731.030975000
17		1358	3731.031828000
17		43	3731.092890000
17		1358	3731.094622000
17		43	3731.154838000
17		1358	3731.155605000
17		43	3731.216864000
17		1358	3731.218399000
17		43	3731.278757000
17		1358	3731.291194000
17		43	3731.341780000
17		1358	3731.362225000
17		48	3731.403507000
17		1358	3731.416629000
17		43	3731.465455000
17		1358	3731.470265000
17		1358	3731.523756000
17		43	3731.526734000
17		1358	3731.577100000
17		43	3731.588841000
17		1358	3731.631336000
17		43	3731.651368000
17		1358	3731.686385000
17		43	3731.713560000
17		1358	3731.741765000
17		43	3731.775623000
17		1358	3731.796192000
17		43	3731.837071000
17		1358	3731.850156000
17		43	3731.899567000
17		1358	3731.904320000
17		1358	3731.958763000
17		43	3731.961561000
17		1358	3732.012609000
17		43	3732.022809000
17		1358	3732.067546000
17		43	3732.084854000
17		43	3732.146810000
17		43	3732.208795000
17		1358	3732.210362000
17		43	3732.270882000
17		1358	3732.272464000
17		43	3732.333398000
17		1358	3732.335025000
17		43	3732.395575000
17		1358	3732.397133000
17		1358	3732.451419000
17		43	3732.457323000
17		1358	3732.505356000
17		43	3732.519468000
17		1358	3732.558466000
17		43	3732.580715000
17		1358	3732.612962000
17		48	3732.642733000
17		35	3732.656204000
17		1358	3732.665530000
17		43	3732.705287000
17		1358	3732.719989000
17		43	3732.766820000
17		1358	3732.772737000
17		1358	3732.827364000
17		43	3732.829118000
17		1358	3732.880759000
17		43	3732.890657000
17		1358	3732.933968000
17		43	3732.952998000
17		1358	3732.988839000
17		43	3733.015413000
17		1358	3733.041334000
17		43	3733.077092000
17		1358	3733.095409000
17		43	3733.139392000
17		1358	3733.149002000
17		43	3733.201543000
17		1358	3733.203125000
17		1358	3733.256156000
17		43	3733.263212000
17		1358	3733.310001000
17		43	3733.325538000
17		1358	3733.363188000
17		43	3733.387283000
17		1358	3733.417486000
17		43	3733.448675000
17		1358	3733.460451000
17		1358	3733.503312000
17		43	3733.511577000
17		1358	3733.546419000
17		43	3733.573445000
17		1358	3733.588410000
17		1358	3733.631942000
17		43	3733.634727000
17		1358	3733.674338000
17		43	3733.697471000
17		1358	3733.745027000
17		43	3733.759547000
17		1358	3733.816982000
17		43	3733.821146000
17		48	3733.883208000
17		1358	3733.887417000
17		1358	3733.942382000
17		43	3733.944635000
17		1358	3733.994657000
17		775	3734.007514000
17		43	3734.007538000
17		35	3734.008364000
17		107	3734.020799000
17		228	3734.021136000
17		1358	3734.049067000
17		43	3734.068891000
17		1358	3734.101961000
17		43	3734.131544000
17		1358	3734.156179000
17		43	3734.193751000
17		1358	3734.209360000
17		43	3734.255395000
17		1358	3734.263688000
17		1358	3734.316439000
17		43	3734.317213000
17		1358	3734.371200000
17		44	3734.378835000
17		43	3734.378859000
17		41	3734.378863000
17		33	3734.404235000
17		1358	3734.423991000
17		43	3734.441583000
17		1358	3734.477352000
17		43	3734.503409000
6	0		3734.524430000
6	0		3734.524490000
17		1358	3734.531175000
6	0		3734.564098000
6	12		3734.564356000
17		43	3734.565665000
17		1358	3734.584515000
6	0		3734.603933000
6	12		3734.603968000
6	0		3734.603978000
6	1		3734.604167000
6	4		3734.604186000
6	32		3734.604194000
6	0		3734.604207000
17		43	3734.627298000
17		1358	3734.637822000
6	0		3734.643708000
6	0		3734.643772000
6	0		3734.643834000
6	0		3734.643930000
6	0		3734.643951000
17		43	3734.688705000
17		1358	3734.690419000
17		1358	3734.745086000
17		43	3734.751818000
17		1358	3734.798906000
17		43	3734.813524000
17		1358	3734.852464000
17		43	3734.875271000
17		1358	3734.905582000
17		43	3734.936705000
17		1358	3734.959775000
17		43	3734.998803000
17		1358	3735.012498000
17		43	3735.061579000
17		686	3735.061602000
17		35	3735.062259000
17		1358	3735.067310000
17		74	3735.070237000
17		33	3735.070290000
17		1358	3735.120101000
17		48	3735.122688000
17		35	3735.136520000
17		1358	3735.173622000
17		43	3735.185326000
17		1358	3735.227620000
17		43	3735.246908000
17		1358	3735.280468000
17		43	3735.309080000
17		1358	3735.334608000
17		43	3735.370898000
17		1358	3735.387115000
17		1358	3735.430706000
17		43	3735.432931000
17		1358	3735.473089000
17		43	3735.495901000
17		41	3735.495929000
17		1358	3735.516218000
17		44	3735.557344000
17		43	3735.557376000
17		41	3735.557380000
17		1358	3735.559127000
17		33	3735.582725000
17		1358	3735.602247000
17		43	3735.618639000
17		1358	3735.645126000
17		43	3735.681676000
17		1358	3735.716368000
17		43	3735.743515000
17		1358	3735.787937000
17		43	3735.804822000
17		1358	3735.858995000
17		43	3735.867142000
17		43	3735.929286000
17		1358	3735.931049000
17		1358	3735.983754000
17		43	3735.991454000
17		1358	3736.037239000
17		43	3736.053361000
17		1358	3736.091243000
17		43	3736.115905000
17		1358	3736.144313000
17		43	3736.176663000
17		1358	3736.198410000
17		43	3736.239449000
17		1358	3736.251883000
17		43	3736.300689000
17		1358	3736.306190000
17		1358	3736.359049000
17		48	3736.363566000
17		35	3736.377357000
17		1358	3736.413085000
17		43	3736.425249000
17		1358	3736.466448000
17		43	3736.487269000
17		1358	3736.520024000
17		43	3736.548748000
17		1358	3736.573079000
17		43	3736.611248000
17		1358	3736.627395000
17		43	3736.673360000
17		1358	3736.680314000
17		1358	3736.733945000
17		43	3736.735574000
17		1358	3736.787852000
17		43	3736.797394000
17		1358	3736.841134000
17		43	3736.859213000
17		1358	3736.894339000
17		43	3736.921666000
17		1358	3736.947901000
17		43	3736.982964000
17		1358	3737.001530000
17		43	3737.045190000
17		1358	3737.055389000
17		43	3737.106976000
17		1358	3737.108557000
17		1358	3737.162810000
17		43	3737.168746000
17		1358	3737.216008000
17		43	3737.231063000
17		1358	3737.270305000
17		43	3737.293304000
17		1358	3737.324076000
17		43	3737.355670000
17		1358	3737.378096000
17		43	3737.417389000
17		1358	3737.421021000
17		1358	3737.463831000
17		43	3737.479437000
17		1358	3737.507174000
17		43	3737.541002000
17		1358	3737.550913000
17		48	3737.603627000
17		1358	3737.605325000
17		43	3737.665270000
17		1358	3737.677552000
17		43	3737.727526000
17		1358	3737.749848000
17		43	3737.789001000
17		1358	3737.821965000
17		43	3737.850954000
17		1358	3737.894172000
17		43	3737.913072000
17		1358	3737.949127000
17		43	3737.975312000
17		1358	3738.003908000
17		43	3738.037505000
17		1358	3738.057711000
17		43	3738.099390000
17		1358	3738.111883000
17		43	3738.160967000
17		1358	3738.165054000
17		1358	3738.218983000
17		43	3738.223088000
17		41	3738.223116000
17		37	3738.225275000
17		1358	3738.271893000
17		43	3738.285522000
17		1358	3738.326066000
17		43	3738.347149000
17		1358	3738.380039000
17		43	3738.409341000
17		1358	3738.434947000
17		43	3738.471620000
17		1358	3738.489457000
17		43	3738.533261000
17		1358	3738.543718000
17		43	3738.594673000
17		1358	3738.596291000
17		43	3738.656830000
17		1358	3738.658531000
17		43	3738.718740000
17		1358	3738.720373000
17		1358	3738.774917000
17		43	3738.780835000
17		1358	3738.828907000
17		43	3738.843176000
17		1358	3738.884084000
17		43	3738.905384000
17		1358	3738.938989000
17		43	3738.966796000
17		1358	3738.993794000
17		43	3739.029614000
17		1358	3739.048799000
17		43	3739.091497000
17		43	3739.153328000
17		1358	3739.154955000
17		43	3739.214875000
17		1358	3739.216502000
17		43	3739.277294000
17		1358	3739.278815000
17		43	3739.338840000
17		1358	3739.340227000
17		43	3739.401134000
17		1358	3739.402761000
17		48	3739.462759000
17		1358	3739.464261000
17		1358	3739.508268000
17		43	3739.524947000
17		1358	3739.551806000
17		43	3739.587435000
17		1358	3739.596068000
17		43	3739.648966000
17		1358	3739.669374000
17		43	3739.711607000
17		1358	3739.742613000
17		43	3739.773241000
17		1358	3739.815679000
17		43	3739.834921000
17		1358	3739.888710000
17		43	3739.896958000
17		1358	3739.943647000
17		43	3739.959249000
17		1358	3739.999073000
17		43	3740.020984000
17		1358	3740.054677000
17		43	3740.083455000
17		1358	3740.109035000
17		43	3740.144883000
17		1358	3740.164140000
17		43	3740.207223000
17		1358	3740.219143000
17		43	3740.269375000
17		1358	3740.273871000
17		1358	3740.327397000
17		43	3740.331483000
17		1358	3740.381483000
17		43	3740.392657000
17		1358	3740.436391000
17		43	3740.455131000
17		1358	3740.491323000
17		43	3740.517084000
17		1358	3740.546258000
17		43	3740.578699000
17		1358	3740.601773000
17		43	3740.641444000
17		1358	3740.656973000
17		48	3740.703212000
17		1358	3740.712107000
17		43	3740.765327000
17		1358	3740.766856000
17		43	3740.827693000
17		1358	3740.829215000
17		1358	3740.883947000
17		43	3740.889600000
17		1358	3740.937682000
17		43	3740.951478000
17		1358	3740.993468000
17		43	3741.013189000
17		401	3741.049096000
17		43	3741.074809000
17		43	3741.136715000
17		43	3741.198944000
17		43	3741.260671000
17		43	3741.322767000
17		43	3741.384879000
17		43	3741.446933000
17		43	3741.509097000
17		43	3741.571419000
17		43	3741.633421000
17		1030	3741.633473000
17		34	3741.634126000
17		1358	3741.634931000
17		1358	3741.634947000
17		1358	3741.634951000
17		1358	3741.634955000
17		1358	3741.634958000
17		1358	3741.634961000
17		1358	3741.634964000
17		1358	3741.634967000
17		1358	3741.634970000
17		1358	3741.634973000
17		1358	3741.680929000
17		49	3741.757489000
17		35	3741.771100000
17		43	3741.818859000
17		43	3741.881403000
17		43	3741.943445000
17		43	3742.005384000
17		1358	3742.007448000
17		43	3742.066748000
17		1358	3742.068246000
17		43	3742.128674000
17		1358	3742.129974000
17		43	3742.191272000
17		1358	3742.192445000
17		43	3742.253268000
17		1358	3742.254893000
17		43	3742.315620000
17		1358	3742.317113000
17		43	3742.377085000
17		1358	3742.378666000
17		43	3742.439324000
17		1358	3742.440905000
17		43	3742.501026000
17		1358	3742.502646000
17		1358	3742.560367000
17		43	3742.563070000
17		1358	3742.615569000
17		43	3742.624718000
17		1358	3742.672723000
17		43	3742.686920000
17		1358	3742.718128000
17		43	3742.749008000
17		1358	3742.764077000
17		43	3742.811675000
17		1358	3742.840906000
17		43	3742.872776000
17		1358	3742.917173000
17		43	3742.935053000
17		1358	3742.974237000
17		48	3742.997474000
17		35	3743.011858000
17		1358	3743.032082000
17		43	3743.058689000
17		1358	3743.088964000
17		43	3743.121159000
17		1358	3743.146162000
17		43	3743.183548000
17		1358	3743.202772000
17		43	3743.245485000
6	0		3743.245513000
6	0		3743.245521000
6	0		3743.246431000
6	0		3743.246503000
17		1358	3743.259825000
17		43	3743.307000000
17		1358	3743.316418000
17		43	3743.369217000
17		1358	3743.370794000
17		1358	3743.428746000
17		43	3743.430624000
17		1358	3743.485326000
17		43	3743.492941000
17		1358	3743.542864000
17		43	3743.555568000
17		1358	3743.600190000
17		43	3743.617204000
17		1358	3743.658156000
17		43	3743.679405000
17		1358	3743.704053000
17		43	3743.741744000
17		1358	3743.750622000
17		43	3743.803510000
17		1358	3743.826450000
17		43	3743.865064000
17		1358	3743.902397000
17		43	3743.926926000
17		1358	3743.960115000
17		43	3743.989422000
17		1358	3744.017524000
17		43	3744.051363000
17		1358	3744.074428000
17		43	3744.113232000
17		1358	3744.130570000
17		43	3744.174740000
17		1358	3744.184301000
17		48	3744.236791000
17		1358	3744.238409000
17		1358	3744.292151000
17		43	3744.299537000
17		1358	3744.347165000
17		43	3744.361545000
17		1358	3744.402547000
17		43	3744.423515000
17		1358	3744.457869000
17		43	3744.485184000
17		1358	3744.513349000
17		43	3744.547263000
17		1358	3744.568928000
17		43	3744.609553000
17		1358	3744.624042000
17		43	3744.671227000
17		1358	3744.672843000
17		1358	3744.717541000
17		43	3744.733402000
17		1358	3744.760125000
17		43	3744.795579000
17		1358	3744.832991000
17		43	3744.857317000
17		1358	3744.906239000
17		43	3744.919379000
17		1358	3744.961714000
17		43	3744.980790000
17		1358	3745.016877000
17		43	3745.042806000
17		1358	3745.072320000
17		773	3745.105208000
17		43	3745.105235000
17		36	3745.105985000
17		76	3745.114551000
17		33	3745.114642000
17		1358	3745.128097000
17		43	3745.167443000
17		1358	3745.184198000
17		43	3745.229277000
17		1358	3745.239472000
17		43	3745.291237000
17		1358	3745.292834000
17		43	3745.352984000
17		1358	3745.354714000
17		1358	3745.410603000
17		43	3745.415075000
17		41	3745.415095000
17		1358	3745.464232000
17		44	3745.477043000
17		48	3745.477069000
17		41	3745.477076000
17		35	3745.491671000
17		33	3745.502552000
17		1358	3745.519066000
17		43	3745.539281000
17		1358	3745.574140000
17		43	3745.601339000
17		1358	3745.629654000
17		43	3745.663339000
17		1358	3745.673759000
17		43	3745.724945000
17		1358	3745.726486000
17		43	3745.787096000
17		1358	3745.799540000
17		43	3745.848871000
17		1358	3745.872331000
17		43	3745.910615000
17		1358	3745.927954000
17		43	3745.973363000
17		1358	3745.983164000
17		43	3746.035256000
17		1358	3746.038914000
17		43	3746.097430000
17		1358	3746.098988000
17		43	3746.159494000
17		1358	3746.161586000
17		43	3746.221306000
17		1358	3746.222944000
17		43	3746.282930000
17		1358	3746.284521000
17		1358	3746.339613000
17		43	3746.345263000
17		1358	3746.394094000
17		43	3746.406898000
17		1358	3746.450069000
17		43	3746.469223000
17		1358	3746.504915000
17		43	3746.531607000
17		1358	3746.559854000
17		43	3746.593112000
17		1358	3746.615624000
17		43	3746.655267000
17		1358	3746.660385000
17		48	3746.716956000
17		1358	3746.718431000
17		43	3746.779440000
17		1358	3746.791207000
17		43	3746.841832000
17		1358	3746.863750000
17		43	3746.903490000
17		1358	3746.918701000
17		43	3746.965283000
17		1358	3746.973749000
17		43	3747.026802000
17		1358	3747.027920000
17		1358	3747.081986000
17		43	3747.089125000
17		1358	3747.135994000
17		43	3747.151258000
17		1358	3747.189971000
17		43	3747.213079000
17		1358	3747.244470000
6	0		3747.257656000
6	0		3747.257706000
17		43	3747.275197000
17		1358	3747.299242000
17		43	3747.337816000
17		1358	3747.353500000
17		43	3747.399411000
17		1358	3747.408178000
17		43	3747.460745000
17		1358	3747.462160000
17		43	3747.523388000
17		1358	3747.524718000
17		43	3747.585393000
17		1358	3747.586275000
17		43	3747.647069000
17		1358	3747.649031000
17		1358	3747.692401000
17		43	3747.709508000
17		1358	3747.735233000
17		43	3747.771519000
17		1358	3747.779435000
17		43	3747.833464000
17		1358	3747.852109000
17		43	3747.894937000
17		1358	3747.924526000
17		48	3747.957372000
17		35	3747.971210000
17		1358	3747.978421000
17		43	3748.018987000
17		1358	3748.033477000
17		43	3748.080642000
17		1358	3748.087736000
17		43	3748.142645000
17		1358	3748.143677000
17		43	3748.204903000
17		1358	3748.206103000
17		43	3748.266765000
17		370	3748.268215000
17		43	3748.329204000
17		43	3748.391287000
17		43	3748.453497000
17		43	3748.515023000
17		1039	3748.577387000
17		41	3748.578039000
17		155	3748.578878000
17		1353	3748.578900000
17		1358	3748.578903000
17		1358	3748.578906000
17		1358	3748.578910000
17		1358	3748.633024000
17		1358	3748.686892000
17		49	3748.700974000
17		35	3748.715381000
17		1358	3748.741784000
17		43	3748.762724000
17		1358	3748.784655000
17		43	3748.824862000
17		1358	3748.828706000
17		43	3748.886947000
17		1358	3748.900005000
17		43	3748.948935000
17		1358	3748.971855000
17		43	3749.011398000
17		1358	3749.025183000
17		43	3749.073024000
17		1358	3749.078372000
17		1358	3749.133252000
17		43	3749.135379000
17		1358	3749.186319000
17		43	3749.196634000
17		1358	3749.239861000
17		43	3749.259457000
17		1358	3749.293738000
17		43	3749.321313000
17		1358	3749.347753000
17		43	3749.383074000
17		1358	3749.402711000
17		43	3749.445242000
17		1358	3749.457068000
17		43	3749.506933000
17		1358	3749.511086000
17		1358	3749.564907000
17		43	3749.569485000
17		1358	3749.618293000
17		43	3749.631139000
17		1358	3749.672474000
17		43	3749.692733000
17		1358	3749.726216000
17		43	3749.755142000
17		1358	3749.769336000
17		43	3749.817143000
17		1358	3749.819033000
17		43	3749.879633000
17		1358	3749.890919000
17		48	3749.941515000
17		35	3749.956112000
17		1358	3749.962379000
17		43	3750.002961000
17		1358	3750.016840000
17		43	3750.064772000
17		1358	3750.071524000
17		43	3750.127086000
17		1358	3750.128605000
17		43	3750.188793000
17		1358	3750.190377000
17		43	3750.251253000
17		1358	3750.253490000
17		1358	3750.306876000
17		43	3750.313573000
6	0		3750.347226000
6	0		3750.347276000
17		1358	3750.361497000
17		43	3750.374959000
17		1358	3750.415380000
17		43	3750.436825000
17		1358	3750.469269000
17		43	3750.498904000
17		1358	3750.523858000
17		43	3750.561429000
17		1358	3750.578436000
17		43	3750.623081000
17		1358	3750.632457000
6	0		3750.645195000
6	0		3750.645258000
6	0		3750.684510000
17		43	3750.684727000
6	12		3750.684755000
17		1358	3750.686249000
6	0		3750.723709000
6	12		3750.723750000
6	0		3750.723765000
6	1		3750.724172000
6	4		3750.724201000
6	32		3750.724211000
6	0		3750.724224000
17		43	3750.746799000
17		1358	3750.748427000
6	0		3750.763076000
6	0		3750.763182000
6	0		3750.763189000
6	0		3750.763340000
6	0		3750.763370000
17		43	3750.809463000
17		1358	3750.810395000
17		43	3750.871196000
17		1358	3750.882510000
17		43	3750.933538000
17		1358	3750.954520000
17		43	3750.995556000
17		1358	3751.008638000
17		43	3751.057575000
17		1358	3751.061944000
17		1358	3751.115013000
17		43	3751.118976000
17		1358	3751.168784000
17		48	3751.181358000
17		35	3751.195310000
17		1358	3751.223082000
17		43	3751.242928000
17		1358	3751.277704000
17		43	3751.305350000
17		1358	3751.331274000
17		43	3751.366763000
17		1358	3751.385325000
17		43	3751.429367000
17		1358	3751.439795000
17		43	3751.491426000
17		1100	3751.493052000
17		43	3751.553065000
17		43	3751.615202000
17		43	3751.677399000
17		43	3751.739371000
17		43	3751.800693000
17		1129	3751.863316000
17		41	3751.863930000
17		159	3751.864657000
17		1353	3751.864673000
17		1358	3751.864677000
17		1358	3751.864680000
17		1358	3751.864683000
17		1358	3751.908694000
17		1358	3751.950207000
17		49	3751.987968000
17		1358	3751.993526000
17		43	3752.049091000
17		1358	3752.064269000
17		43	3752.110721000
17		1358	3752.135635000
17		43	3752.173350000
17		1358	3752.189013000
17		43	3752.235009000
17		1358	3752.242098000
17		1358	3752.294984000
17		43	3752.297590000
17		1358	3752.348069000
17		43	3752.359260000
17		1358	3752.402058000
17		43	3752.421282000
17		1358	3752.456346000
17		43	3752.483303000
17		1358	3752.510456000
17		43	3752.545473000
17		1358	3752.564323000
17		43	3752.607590000
17		1358	3752.618677000
17		43	3752.669565000
17		1358	3752.671645000
17		43	3752.731226000
17		1358	3752.732316000
17		43	3752.792866000
17		1358	3752.793726000
17		1358	3752.847640000
17		43	3752.855501000
17		1358	3752.900917000
17		43	3752.916974000
17		1358	3752.943918000
17		43	3752.979128000
17		1358	3752.986495000
17		43	3753.041183000
17		1358	3753.058753000
17		43	3753.102803000
17		1358	3753.130984000
6	0		3753.155689000
6	0		3753.155746000
17		43	3753.164958000
17		1358	3753.185504000
17		48	3753.227194000
17		1358	3753.239251000
17		43	3753.288724000
17		1358	3753.293250000
6	0		3753.306340000
6	41		3753.311988000
17		43	3753.351403000
17		1358	3753.352913000
17		43	3753.412681000
17		1358	3753.414241000
6	0		3753.462359000
6	21		3753.462394000
6	0		3753.462404000
6	1080		3753.463453000
17		43	3753.475325000
17		1358	3753.476920000
17		1358	3753.531278000
17		43	3753.536642000
17		1358	3753.584820000
17		43	3753.598805000
6	0		3753.613865000
6	440		3753.616713000
17		1358	3753.638168000
6	0		3753.658225000
17		43	3753.661185000
17		1358	3753.693133000
17		43	3753.723722000
17		1358	3753.747747000
17		43	3753.784673000
17		1358	3753.802033000
6	48		3753.812862000
6	0		3753.812902000
6	280		3753.818548000
6	0		3753.842098000
6	0		3753.842159000
17		43	3753.847145000
17		1358	3753.856142000
17		43	3753.909380000
17		1358	3753.911002000
6	0		3753.969035000
17		43	3753.971081000
17		1169	3753.971117000
17		36	3753.972039000
17		1358	3753.972663000
6	16		3753.976906000
17		107	3753.983974000
17		67	3753.984135000
6	0		3754.018229000
17		43	3754.033292000
17		1358	3754.044424000
17		43	3754.095341000
17		1358	3754.116672000
6	0		3754.131263000
6	41		3754.138725000
17		43	3754.156833000
6	52		3754.168558000
6	0		3754.168595000
6	52		3754.168666000
17		1358	3754.170477000
17		43	3754.218719000
17		1358	3754.224667000
17		1358	3754.278070000
17		43	3754.281095000
17		41	3754.281123000
6	84		3754.323116000
17		1358	3754.331089000
17		44	3754.343344000
17		43	3754.343366000
17		41	3754.343372000
6	0		3754.366235000
17		33	3754.369473000
17		1358	3754.385352000
17		43	3754.405299000
6	0		3754.425703000
6	21		3754.425841000
6	0		3754.425858000
6	1080		3754.426877000
17		1358	3754.439167000
17		48	3754.467762000
17		35	3754.482289000
17		1358	3754.493344000
17		43	3754.528666000
17		1358	3754.546859000
17		43	3754.590894000
17		1358	3754.600803000
17		43	3754.653395000
17		1358	3754.654982000
6	0		3754.713694000
6	440		3754.713734000
17		43	3754.715249000
17		1358	3754.716767000
6	0		3754.754245000
17		43	3754.777528000
17		1358	3754.779223000
17		43	3754.839381000
17		1358	3754.841017000
17		43	3754.900810000
17		1358	3754.902352000
17		43	3754.963329000
17		1358	3754.965165000
17		43	3755.025995000
17		1358	3755.036562000
6	48		3755.041186000
6	0		3755.041226000
6	280		3755.048172000
17		43	3755.086803000
17		1358	3755.108836000
17		43	3755.149009000
17		1358	3755.164382000
17		43	3755.211173000
17		1358	3755.216946000
17		1358	3755.268941000
17		43	3755.273141000
17		1358	3755.321974000
6	0		3755.334588000
17		43	3755.335652000
6	16		3755.345772000
17		1358	3755.375844000
6	0		3755.386216000
17		43	3755.397630000
17		1358	3755.429474000
17		43	3755.459303000
17		1358	3755.483954000
17		43	3755.521613000
17		1358	3755.537597000
17		43	3755.583369000
17		1358	3755.591599000
17		43	3755.644967000
17		1358	3755.645618000
6	52		3755.672734000
6	0		3755.672780000
6	52		3755.672932000
17		48	3755.707122000
17		1358	3755.708602000
17		43	3755.769428000
17		1358	3755.770482000
17		1358	3755.823801000
17		43	3755.830783000
17		1358	3755.876944000
17		43	3755.893085000
17		1358	3755.920289000
17		43	3755.955186000
6	84		3755.962325000
17		1358	3755.963492000
6	0		3756.006244000
17		43	3756.017007000
17		1358	3756.034929000
17		43	3756.078735000
17		1358	3756.106690000
17		43	3756.141162000
17		1358	3756.160476000
17		43	3756.202995000
17		1358	3756.215153000
17		43	3756.264848000
17		1358	3756.268568000
17		43	3756.327430000
17		1358	3756.329036000
17		43	3756.388896000
17		1358	3756.390906000
17		43	3756.451370000
17		1358	3756.452935000
17		43	3756.513197000
17		1358	3756.514800000
17		1358	3756.569244000
17		43	3756.575142000
17		1358	3756.622420000
17		43	3756.637506000
17		1358	3756.676181000
17		43	3756.698698000
17		1358	3756.729869000
17		43	3756.761522000
17		1358	3756.784478000
17		43	3756.823200000
17		1358	3756.838745000
17		43	3756.885154000
17		1358	3756.886758000
6	68		3756.941834000
17		48	3756.947032000
17		1358	3756.947970000
17		43	3757.008943000
17		1358	3757.020390000
17		43	3757.071221000
6	52		3757.092268000
6	0		3757.092308000
6	0		3757.092328000
17		1358	3757.092989000
6	0		3757.093623000
17		43	3757.132638000
17		1358	3757.148041000
17		43	3757.195322000
17		1358	3757.203038000
6	0		3757.243961000
17		43	3757.257335000
17		1358	3757.258926000
17		1358	3757.311202000
17		43	3757.319539000
17		1358	3757.363733000
17		43	3757.380732000
17		1358	3757.418094000
17		43	3757.443125000
17		1358	3757.472319000
17		43	3757.505432000
17		1358	3757.526605000
17		43	3757.567559000
17		1358	3757.580768000
17		43	3757.628956000
17		1358	3757.634841000
17		43	3757.691106000
17		1358	3757.693135000
17		43	3757.753139000
17		1358	3757.754092000
17		43	3757.814963000
17		1358	3757.816545000
17		43	3757.877276000
17		1358	3757.878859000
17		1358	3757.922792000
17		43	3757.938974000
17		1358	3757.964659000
17		43	3758.001333000
17		1358	3758.036727000
6	68		3758.050555000
17		43	3758.063320000
17		1358	3758.108345000
17		43	3758.125029000
17		1358	3758.162647000
17		48	3758.186907000
17		35	3758.201170000
17		1358	3758.216814000
17		43	3758.248901000
17		1358	3758.271024000
17		43	3758.311068000
17		1358	3758.324569000
6	52		3758.340878000
6	0		3758.340920000
6	0		3758.340941000
6	0		3758.342716000
17		43	3758.373348000
17		1358	3758.378881000
17		43	3758.434811000
17		1358	3758.436424000
17		43	3758.497134000
17		1358	3758.498308000
17		43	3758.558702000
17		1358	3758.560150000
17		43	3758.621571000
17		1358	3758.622722000
6	0		3758.630038000
17		1358	3758.677324000
17		43	3758.683509000
17		1358	3758.730252000
17		43	3758.744682000
6	0		3758.764446000
6	0		3758.764508000
6	0		3758.803370000
6	12		3758.803621000
17		43	3758.807450000
6	0		3758.842492000
6	12		3758.842524000
6	0		3758.842535000
6	1		3758.842694000
6	4		3758.842709000
6	32		3758.842715000
6	0		3758.842723000
17		43	3758.869545000
17		1358	3758.870586000
6	0		3758.881475000
6	0		3758.881508000
6	0		3758.881512000
6	0		3758.881550000
6	0		3758.881561000
6	0		3758.881641000
17		43	3758.930820000
17		1358	3758.932392000
17		43	3758.992783000
17		1358	3758.993555000
17		43	3759.055301000
17		1358	3759.057042000
17		1358	3759.112048000
17		43	3759.116899000
17		1358	3759.165494000
17		43	3759.179424000
17		1358	3759.218217000
17		43	3759.240944000
17		1358	3759.270745000
17		43	3759.303414000
17		1358	3759.324110000
17		43	3759.365128000
17		1358	3759.377212000
17		48	3759.426645000
17		1358	3759.428315000
17		1358	3759.483549000
17		43	3759.488686000
17		1358	3759.536174000
17		43	3759.550858000
17		1358	3759.589344000
17		43	3759.613449000
17		1358	3759.642894000
17		43	3759.674705000
17		1358	3759.696305000
17		43	3759.737289000
17		1358	3759.749096000
17		43	3759.800853000
17		1358	3759.801985000
17		1358	3759.855788000
17		43	3759.860667000
17		1358	3759.908170000
17		43	3759.922978000
17		1358	3759.961523000
17		43	3759.985466000
17		1358	3760.015093000
17		43	3760.046938000
17		1358	3760.067476000
17		43	3760.108935000
17		1358	3760.120469000
17		43	3760.170871000
17		1358	3760.172483000
17		1358	3760.227394000
17		43	3760.232793000
17		1358	3760.280861000
17		43	3760.294663000
17		1358	3760.333434000
17		43	3760.357214000
17		1358	3760.386395000
17		43	3760.418819000
17		1358	3760.439927000
17		43	3760.480701000
17		1358	3760.493286000
17		43	3760.543454000
17		1358	3760.544706000
17		1358	3760.599350000
17		43	3760.605475000
17		1358	3760.652535000
17		48	3760.666724000
17		35	3760.681521000
17		1358	3760.694623000
17		43	3760.728794000
17		1358	3760.737105000
17		1358	3760.779958000
17		43	3760.791323000
17		1358	3760.821871000
17		43	3760.853857000
17		1358	3760.865063000
17		1358	3760.907005000
17		43	3760.915340000
17		1358	3760.949156000
17		43	3760.977384000
17		1358	3761.020388000
17		43	3761.039087000
17		1358	3761.090932000
17		43	3761.100737000
17		1358	3761.162350000
17		43	3761.163182000
17		43	3761.225359000
17		1358	3761.232561000
17		1358	3761.284797000
17		43	3761.286852000
17		1358	3761.338018000
17		43	3761.348873000
17		1358	3761.391163000
17		43	3761.411471000
17		1358	3761.444161000
17		43	3761.473408000
17		1358	3761.497587000
17		43	3761.535513000
17		1358	3761.551305000
17		43	3761.596931000
17		1358	3761.604219000
17		1358	3761.656601000
17		43	3761.659434000
17		1358	3761.710184000
17		43	3761.720745000
17		1358	3761.762903000
17		43	3761.783315000
17		1358	3761.816832000
17		43	3761.845101000
17		1358	3761.869423000
17		48	3761.907339000
17		35	3761.921924000
17		1358	3761.922755000
17		43	3761.968721000
17		1358	3761.975479000
17		1358	3762.029125000
17		43	3762.030958000
17		1358	3762.082271000
17		43	3762.093333000
17		234	3762.135018000
17		43	3762.155546000
17		43	3762.217356000
17		43	3762.279287000
17		43	3762.341580000
17		43	3762.402801000
17		43	3762.464877000
17		43	3762.527146000
17		1040	3762.589231000
17		41	3762.589868000
17		1358	3762.590554000
17		1358	3762.590573000
17		1358	3762.590578000
17		1358	3762.590582000
17		1358	3762.590586000
17		1358	3762.590591000
17		1358	3762.590595000
17		1358	3762.590600000
17		1358	3762.590604000
17		1358	3762.590608000
17		1358	3762.644728000
17		1358	3762.698597000
17		49	3762.712709000
17		35	3762.727846000
17		43	3762.774697000
17		43	3762.837095000
17		43	3762.899208000
17		43	3762.961431000
17		43	3763.023427000
17		1358	3763.025100000
17		43	3763.084926000
17		1358	3763.097500000
17		43	3763.147439000
17		1358	3763.151174000
17		43	3763.208971000
17		41	3763.208997000
17		1358	3763.211100000
17		43	3763.271516000
17		1358	3763.273191000
17		43	3763.333316000
17		1358	3763.334676000
17		43	3763.395448000
17		1358	3763.397103000
17		43	3763.456982000
17		1358	3763.458949000
17		1358	3763.512419000
17		43	3763.518637000
17		1358	3763.565581000
17		43	3763.581583000
17		1358	3763.619761000
17		43	3763.642838000
17		1358	3763.674361000
17		43	3763.704932000
17		1358	3763.728004000
17		43	3763.766644000
17		1358	3763.781787000
17		43	3763.829165000
17		1358	3763.835790000
17		43	3763.890927000
17		1358	3763.892549000
17		43	3763.952981000
17		1358	3763.954280000
17		43	3764.014746000
17		1358	3764.026913000
17		43	3764.077492000
17		1358	3764.099423000
17		43	3764.139178000
17		1358	3764.152993000
17		43	3764.200783000
17		1358	3764.207516000
17		1358	3764.260306000
17		43	3764.263143000
17		1358	3764.313918000
17		43	3764.325497000
17		1358	3764.368700000
17		43	3764.387140000
17		1358	3764.422992000
17		48	3764.449071000
17		35	3764.463081000
17		1358	3764.478038000
17		43	3764.511069000
17		1358	3764.532522000
17		43	3764.573273000
17		1358	3764.586012000
17		43	3764.634874000
17		1358	3764.640799000
17		43	3764.697385000
17		1358	3764.698961000
17		43	3764.759103000
17		1358	3764.760707000
17		43	3764.821278000
17		1358	3764.822970000
17		43	3764.883239000
17		1358	3764.884304000
17		1358	3764.928204000
17		43	3764.945357000
17		1358	3764.971696000
17		43	3765.007445000
17		1358	3765.044057000
17		43	3765.068984000
17		1358	3765.117362000
17		43	3765.131253000
17		1358	3765.171752000
17		43	3765.193534000
17		1358	3765.227236000
17		43	3765.254856000
17		1358	3765.281471000
17		43	3765.317448000
17		1358	3765.336221000
17		43	3765.378640000
17		1358	3765.390879000
17		43	3765.441470000
17		1358	3765.446268000
17		43	3765.502893000
17		1358	3765.504203000
17		43	3765.565398000
17		1245	3765.567072000
17		43	3765.627628000
17		48	3765.689503000
17		35	3765.702756000
17		43	3765.751568000
17		43	3765.813505000
17		43	3765.875295000
17		1040	3765.936955000
17		41	3765.937557000
17		1358	3765.939496000
17		1358	3765.939533000
17		1358	3765.939538000
17		1358	3765.939542000
17		1358	3765.939546000
17		1358	3765.983294000
17		1358	3766.026793000
17		49	3766.061337000
17		1358	3766.069349000
17		43	3766.123085000
17		1358	3766.142590000
17		43	3766.185538000
17		1358	3766.216307000
17		43	3766.247499000
17		1358	3766.271114000
17		43	3766.309057000
17		1358	3766.325926000
17		43	3766.371273000
17		1358	3766.381059000
17		43	3766.433239000
17		1358	3766.434848000
17		43	3766.495457000
17		1358	3766.497126000
17		43	3766.556785000
17		1358	3766.558432000
17		43	3766.619395000
17		1358	3766.620952000
17		43	3766.681034000
17		1358	3766.682422000
17		43	3766.743143000
17		1358	3766.743877000
17		1358	3766.798697000
17		43	3766.804685000
6	0		3766.835057000
6	0		3766.835116000
6	0		3766.851669000
17		1358	3766.852277000
6	41		3766.858797000
17		43	3766.866970000
6	0		3766.874954000
6	21		3766.874989000
6	0		3766.875003000
6	1080		3766.876183000
6	0		3766.892245000
6	440		3766.896574000
17		1358	3766.906888000
17		43	3766.929643000
6	0		3766.938226000
6	48		3766.954458000
6	0		3766.954502000
6	280		3766.959684000
17		1358	3766.961751000
6	0		3766.975849000
6	16		3766.991030000
17		43	3766.991209000
17		1358	3767.005712000
6	0		3767.034234000
6	52		3767.050392000
6	0		3767.050432000
6	52		3767.050538000
17		43	3767.053487000
17		1358	3767.055043000
6	84		3767.066672000
6	0		3767.110233000
17		43	3767.115137000
17		1358	3767.128567000
17		43	3767.177292000
17		1358	3767.201400000
17		43	3767.239024000
17		1358	3767.255894000
17		48	3767.300830000
17		1358	3767.310846000
17		43	3767.363153000
17		1358	3767.364521000
17		43	3767.425265000
17		1358	3767.426823000
17		43	3767.487093000
17		1358	3767.488693000
17		1358	3767.543668000
17		43	3767.549463000
17		1358	3767.597114000
17		43	3767.611077000
17		1358	3767.652370000
17		43	3767.673364000
17		1358	3767.707452000
17		43	3767.734820000
17		1358	3767.762056000
17		43	3767.797025000
17		1358	3767.816704000
17		43	3767.859291000
17		1358	3767.870868000
17		43	3767.921471000
17		1358	3767.926223000
17		43	3767.983277000
17		1358	3767.985043000
17		43	3768.045450000
17		1358	3768.046917000
17		43	3768.107237000
17		1358	3768.120314000
17		43	3768.169222000
17		1358	3768.194648000
17		43	3768.231453000
17		1358	3768.250171000
17		43	3768.292884000
17		1358	3768.305213000
17		43	3768.355244000
17		1358	3768.359817000
17		1358	3768.414659000
17		43	3768.417343000
17		1358	3768.468324000
17		43	3768.479171000
17		1358	3768.523284000
17		48	3768.541565000
17		35	3768.555714000
17		1358	3768.578532000
17		43	3768.603508000
17		1358	3768.634672000
17		43	3768.664691000
17		1358	3768.690163000
17		43	3768.726828000
17		1358	3768.745481000
17		43	3768.789418000
17		1358	3768.801565000
17		43	3768.850764000
17		1358	3768.856777000
17		1358	3768.912191000
17		43	3768.912873000
17		1358	3768.967511000
17		43	3768.975208000
17		1358	3769.012322000
17		43	3769.036660000
17		1358	3769.056423000
17		43	3769.099523000
17		1358	3769.130293000
17		43	3769.161914000
17		1358	3769.203576000
17		43	3769.222881000
17		1358	3769.259394000
17		43	3769.285335000
17		1358	3769.314821000
17		43	3769.346912000
17		1358	3769.371254000
17		43	3769.409173000
17		1358	3769.427003000
6	68		3769.470389000
17		43	3769.470650000
17		1358	3769.482792000
6	52		3769.486655000
6	0		3769.486699000
6	0		3769.486716000
6	0		3769.488029000
6	0		3769.504250000
17		43	3769.533570000
17		1358	3769.538147000
17		43	3769.595439000
17		1358	3769.597482000
17		1358	3769.652792000
17		43	3769.657645000
17		1358	3769.707250000
17		43	3769.719172000
17		1358	3769.762798000
17		48	3769.781738000
17		35	3769.795554000
17		1358	3769.818426000
17		43	3769.843176000
17		1358	3769.873732000
17		43	3769.904782000
17		1358	3769.928870000
17		43	3769.966993000
17		1358	3769.973966000
17		43	3770.029232000
17		1358	3770.030760000
17		43	3770.091413000
17		1358	3770.103987000
17		43	3770.153676000
17		1358	3770.177986000
17		43	3770.215283000
17		1358	3770.234082000
17		43	3770.277208000
17		1358	3770.289752000
17		43	3770.339297000
17		1358	3770.345291000
17		1358	3770.399861000
17		43	3770.400962000
17		1358	3770.454111000
17		43	3770.463055000
17		1358	3770.509120000
17		43	3770.525373000
17		1358	3770.563552000
17		43	3770.587447000
17		1358	3770.617711000
17		43	3770.648925000
17		1358	3770.672462000
17		43	3770.711161000
17		1358	3770.726638000
17		43	3770.773433000
17		1358	3770.781051000
17		43	3770.834875000
17		1358	3770.836463000
17		43	3770.897507000
17		51	3770.899102000
17		43	3770.958677000
17		48	3771.021452000
17		35	3771.035086000
17		43	3771.083685000
17		43	3771.145510000
17		1129	3771.207515000
17		41	3771.208122000
17		159	3771.208727000
17		1353	3771.208744000
17		1358	3771.208747000
17		1358	3771.208750000
17		1358	3771.208754000
17		1358	3771.263377000
17		1358	3771.317343000
17		49	3771.331382000
17		35	3771.345640000
17		1358	3771.370769000
17		43	3771.392738000
17		1358	3771.425408000
17		43	3771.454994000
17		1358	3771.479829000
17		43	3771.516774000
17		1358	3771.534186000
17		43	3771.579473000
17		1358	3771.587260000
17		43	3771.640646000
17		1358	3771.642198000
17		1358	3771.695851000
17		43	3771.702695000
17		1358	3771.748987000
17		43	3771.765034000
17		1358	3771.802759000
17		43	3771.826635000
17		1358	3771.856497000
17		43	3771.889102000
17		1358	3771.899086000
17		43	3771.950810000
17		1358	3771.952329000
17		43	3772.013472000
17		1358	3772.024449000
17		43	3772.074603000
17		1358	3772.096311000
17		43	3772.136665000
17		1358	3772.150011000
17		43	3772.198680000
17		1358	3772.203965000
17		1358	3772.257312000
17		43	3772.261130000
17		1358	3772.310798000
17		43	3772.323496000
6	0		3772.336180000
6	0		3772.336216000
17		1358	3772.364793000
17		43	3772.385094000
17		1358	3772.418779000
17		43	3772.446987000
17		1358	3772.472965000
17		43	3772.508999000
17		1358	3772.527102000
17		48	3772.571208000
17		1358	3772.581105000
17		43	3772.633381000
17		1358	3772.634858000
17		43	3772.695488000
17		1358	3772.697186000
17		43	3772.757260000
17		1358	3772.758917000
17		43	3772.819527000
17		1358	3772.821102000
17		43	3772.881171000
17		1358	3772.882701000
17		1358	3772.925396000
17		43	3772.943335000
17		1358	3772.968538000
17		43	3773.004643000
17		1358	3773.040319000
17		43	3773.066885000
17		1358	3773.112184000
17		43	3773.129854000
17		1358	3773.166396000
17		43	3773.191474000
17		1358	3773.219920000
17		43	3773.252793000
17		1358	3773.274215000
17		43	3773.315198000
17		1358	3773.327872000
17		43	3773.376785000
17		1358	3773.382632000
17		43	3773.439289000
17		1358	3773.440857000
17		43	3773.501055000
17		1358	3773.502838000
17		43	3773.563447000
17		1358	3773.565067000
17		1358	3773.619689000
17		43	3773.625197000
17		1358	3773.672043000
17		43	3773.686848000
17		1358	3773.726160000
17		43	3773.749471000
17		1358	3773.780072000
17		48	3773.811697000
17		35	3773.825770000
17		1358	3773.834257000
17		43	3773.873537000
17		1358	3773.877284000
17		43	3773.934791000
17		1358	3773.936608000
17		43	3773.996949000
17		1358	3774.008471000
17		43	3774.059141000
17		1358	3774.080312000
17		43	3774.121078000
17		1358	3774.135051000
17		43	3774.182858000
17		1358	3774.188321000
17		43	3774.245200000
17		1358	3774.246307000
17		43	3774.306870000
17		1358	3774.307920000
17		1358	3774.362591000
17		43	3774.368713000
17		1358	3774.414730000
17		43	3774.430990000
17		1358	3774.468216000
17		43	3774.493034000
17		1358	3774.521976000
17		43	3774.555766000
17		1358	3774.576169000
17		43	3774.617366000
17		1358	3774.630575000
17		43	3774.679522000
17		1358	3774.684101000
17		43	3774.740771000
17		1358	3774.742355000
17		43	3774.803372000
17		1358	3774.805149000
17		43	3774.864933000
17		1358	3774.866536000
6	0		3774.883991000
6	0		3774.884045000
6	0		3774.923851000
6	12		3774.924085000
17		43	3774.926831000
17		1358	3774.928584000
6	0		3774.963567000
6	12		3774.963681000
6	0		3774.963696000
6	1		3774.963871000
6	4		3774.963889000
6	32		3774.963899000
6	0		3774.963912000
17		43	3774.988904000
17		1358	3775.000197000
6	0		3775.003341000
6	0		3775.003413000
6	0		3775.003447000
6	0		3775.003458000
17		48	3775.050810000
17		35	3775.064544000
17		1358	3775.071855000
6	0		3775.076115000
6	0		3775.076170000
17		712	3775.113215000
17		590	3775.113241000
17		43	3775.113251000
17		36	3775.115001000
17		33	3775.115135000
17		33	3775.115142000
17		77	3775.124123000
17		46	3775.124238000
17		33	3775.124333000
17		33	3775.124580000
17		1358	3775.125108000
17		43	3775.174950000
17		1358	3775.176217000
17		1358	3775.230285000
17		43	3775.237230000
6	0		3775.262013000
6	41		3775.268839000
17		1358	3775.283626000
17		43	3775.299480000
17		1358	3775.337856000
17		43	3775.360865000
17		1358	3775.391483000
17		41	3775.423422000
17		44	3775.423445000
17		44	3775.423449000
17		41	3775.423455000
17		43	3775.423460000
17		33	3775.424035000
17		1358	3775.445395000
6	0		3775.454441000
6	21		3775.460541000
6	0		3775.460585000
6	1080		3775.461538000
17		43	3775.485336000
17		1358	3775.498933000
17		43	3775.547557000
17		1358	3775.552822000
17		43	3775.609129000
17		1358	3775.610761000
6	440		3775.652085000
17		43	3775.671113000
17		1358	3775.672614000
6	0		3775.694224000
17		43	3775.732931000
17		1358	3775.734162000
6	0		3775.793097000
6	0		3775.793146000
17		43	3775.794799000
17		1358	3775.796663000
17		43	3775.857314000
17		1358	3775.858950000
6	48		3775.880402000
6	0		3775.880442000
6	280		3775.884815000
17		43	3775.919235000
17		1358	3775.920068000
17		43	3775.981245000
17		1358	3775.991762000
17		43	3776.043547000
17		1358	3776.063705000
6	16		3776.076962000
17		43	3776.104854000
6	0		3776.118207000
17		43	3776.166949000
17		1358	3776.168559000
17		43	3776.229133000
17		1358	3776.231186000
17		48	3776.290888000
17		1358	3776.292535000
6	52		3776.303766000
6	0		3776.303799000
6	52		3776.303909000
17		43	3776.352945000
17		1358	3776.354702000
17		1358	3776.408801000
17		43	3776.414829000
17		1358	3776.461954000
17		43	3776.476946000
6	84		3776.507866000
17		1358	3776.514722000
17		43	3776.538790000
6	0		3776.550224000
17		1358	3776.568005000
17		43	3776.602062000
17		1358	3776.621627000
17		43	3776.663081000
17		1358	3776.674430000
17		43	3776.724819000
17		1358	3776.726463000
17		1358	3776.780696000
17		43	3776.786720000
17		1358	3776.833425000
17		43	3776.849167000
17		1358	3776.886679000
17		43	3776.910738000
17		1358	3776.940687000
17		43	3776.972931000
17		1358	3776.993216000
17		43	3777.034987000
17		1358	3777.046267000
17		43	3777.096858000
17		1358	3777.098393000
17		1358	3777.152336000
17		43	3777.159379000
17		1358	3777.205882000
17		43	3777.221538000
17		1358	3777.258938000
17		43	3777.283205000
17		1358	3777.312041000
17		43	3777.345214000
17		1358	3777.365123000
17		43	3777.407289000
17		1358	3777.418530000
17		43	3777.469489000
17		1358	3777.471071000
17		1358	3777.524738000
17		48	3777.530737000
17		35	3777.545014000
17		1358	3777.577455000
17		43	3777.592955000
17		1358	3777.630514000
17		43	3777.655575000
17		1358	3777.672307000
17		1358	3777.715948000
17		43	3777.716737000
17		1358	3777.757859000
17		43	3777.779069000
17		1358	3777.799779000
17		43	3777.841368000
17		1358	3777.842783000
17		1358	3777.884139000
17		43	3777.903367000
17		1358	3777.927065000
17		43	3777.965288000
17		1358	3777.997999000
17		43	3778.027169000
17		1358	3778.068062000
17		43	3778.089156000
17		1358	3778.138713000
17		43	3778.151375000
17		1358	3778.209992000
17		43	3778.213004000
17		43	3778.275089000
17		1358	3778.280253000
17		1358	3778.332460000
17		43	3778.337112000
17		1358	3778.386108000
17		43	3778.398689000
17		1358	3778.438783000
17		43	3778.461447000
6	68		3778.480746000
17		1358	3778.491870000
17		43	3778.523030000
17		1358	3778.545625000
17		43	3778.585286000
17		1358	3778.597792000
17		43	3778.647041000
17		1358	3778.650786000
6	52		3778.675914000
6	0		3778.675979000
6	0		3778.676012000
6	0		3778.677189000
17		1358	3778.703871000
17		43	3778.709068000
17		1358	3778.757018000
17		48	3778.771146000
17		35	3778.785379000
17		1358	3778.809837000
17		43	3778.833529000
17		1358	3778.861650000
6	0		3778.862744000
17		43	3778.895149000
17		1358	3778.915350000
17		43	3778.956928000
17		1358	3778.968748000
17		43	3779.018763000
17		1358	3779.020384000
17		1358	3779.074713000
17		43	3779.080968000
17		1358	3779.127398000
17		43	3779.142880000
17		1358	3779.180286000
17		43	3779.204653000
17		1358	3779.233097000
17		43	3779.267592000
17		1358	3779.286261000
17		43	3779.329528000
17		1358	3779.339505000
17		43	3779.391618000
17		1358	3779.393244000
17		1358	3779.444166000
17		43	3779.452861000
17		1358	3779.497630000
17		43	3779.515447000
17		1358	3779.551188000
17		43	3779.577148000
17		1358	3779.604082000
17		43	3779.639425000
17		1358	3779.656620000
17		43	3779.701491000
17		1358	3779.709241000
17		1358	3779.761885000
17		43	3779.762905000
17		1358	3779.815207000
17		43	3779.825225000
17		1358	3779.868237000
17		43	3779.887402000
17		1358	3779.921806000
17		43	3779.949130000
17		1358	3779.975054000
17		48	3780.011128000
17		35	3780.025323000
17		1358	3780.026623000
17		43	3780.073348000
17		1358	3780.079918000
17		1358	3780.123049000
17		43	3780.134771000
17		1358	3780.165092000
17		43	3780.197221000
17		1358	3780.207728000
17		1358	3780.249443000
17		43	3780.259219000
17		1358	3780.292249000
17		43	3780.320702000
17		1358	3780.335645000
17		1358	3780.377555000
17		43	3780.383472000
17		1358	3780.420179000
17		43	3780.445066000
17		41	3780.445098000
17		37	3780.446610000
17		1358	3780.491066000
17		43	3780.507650000
17		1358	3780.563268000
17		43	3780.569515000
17		43	3780.631672000
17		1358	3780.633298000
17		43	3780.692784000
17		1358	3780.705908000
6	0		3780.708233000
6	0		3780.708278000
17		43	3780.755519000
17		1358	3780.756833000
17		1358	3780.810854000
17		43	3780.817129000
17		1358	3780.863801000
6	0		3780.873329000
6	41		3780.879532000
17		43	3780.879616000
17		1358	3780.917167000
17		43	3780.940756000
17		1358	3780.971585000
17		43	3781.003510000
17		41	3781.003537000
17		39	3781.004710000
17		1358	3781.025333000
6	21		3781.044010000
6	0		3781.044054000
6	0		3781.044072000
6	0		3781.044076000
6	1080		3781.045114000
17		43	3781.048832000
17		1358	3781.079437000
17		43	3781.095094000
17		1358	3781.132240000
17		43	3781.141513000
17		1358	3781.184434000
17		43	3781.187361000
6	440		3781.211463000
17		43	3781.232844000
17		1358	3781.237991000
6	0		3781.254232000
17		43	3781.278827000
17		1358	3781.288144000
17		43	3781.325137000
17		1358	3781.339234000
17		43	3781.371153000
17		1358	3781.390046000
17		43	3781.417253000
6	48		3781.418824000
6	0		3781.418856000
6	280		3781.422800000
17		1358	3781.439752000
17		43	3781.463176000
17		1358	3781.490063000
17		43	3781.509020000
17		1358	3781.540882000
17		43	3781.555191000
17		1358	3781.592100000
6	16		3781.592705000
17		43	3781.601564000
6	0		3781.634214000
17		1358	3781.641925000
17		43	3781.647220000
17		1358	3781.693129000
17		43	3781.693273000
17		43	3781.739096000
17		1358	3781.742914000
17		43	3781.785200000
17		1358	3781.793459000
6	52		3781.799603000
6	0		3781.799638000
6	52		3781.799757000
17		43	3781.831128000
17		1358	3781.844755000
17		43	3781.877477000
17		1358	3781.895050000
17		48	3781.923464000
17		35	3781.938123000
17		1358	3781.945174000
6	100		3781.965605000
17		43	3781.969523000
17		1358	3781.995247000
6	0		3782.006223000
17		43	3782.014704000
17		1358	3782.046277000
17		43	3782.061554000
17		1358	3782.097038000
17		43	3782.107183000
17		1358	3782.147249000
17		43	3782.153541000
17		1358	3782.197580000
17		43	3782.198820000
17		43	3782.245091000
17		1358	3782.246739000
17		43	3782.291475000
17		1358	3782.298714000
17		43	3782.337447000
17		1358	3782.348417000
17		43	3782.382950000
17		1358	3782.399807000
17		43	3782.428679000
17		1358	3782.438930000
17		43	3782.474952000
17		1358	3782.480664000
17		1358	3782.520708000
17		43	3782.521206000
17		1358	3782.561071000
17		43	3782.566923000
17		1358	3782.600643000
17		43	3782.613371000
17		1358	3782.640888000
17		43	3782.658769000
17		43	3782.705193000
17		1358	3782.706799000
17		43	3782.751104000
17		439	3782.754816000
17		43	3782.796823000
17		48	3782.842761000
17		35	3782.856822000
17		43	3782.888950000
17		43	3782.934975000
17		1031	3782.935000000
17		34	3782.935651000
17		1358	3782.937356000
17		1358	3782.937379000
17		1358	3782.937383000
17		1358	3782.937386000
17		1358	3782.937389000
17		1358	3782.937393000
17		1358	3782.937396000
17		1358	3782.937399000
17		1358	3782.937402000
17		1358	3782.937407000
17		1358	3782.937410000
17		1358	3782.982254000
6	0		3783.004610000
6	0		3783.004669000
17		1358	3783.024332000
17		49	3783.027485000
17		35	3783.041289000
6	0		3783.043373000
6	12		3783.043589000
17		1358	3783.067774000
17		43	3783.073278000
6	0		3783.082435000
6	12		3783.082472000
6	0		3783.082486000
6	1		3783.082649000
6	4		3783.082664000
6	32		3783.082690000
6	0		3783.082702000
17		1358	3783.111187000
17		43	3783.119016000
6	0		3783.121365000
6	0		3783.121399000
6	0		3783.121422000
6	0		3783.121518000
6	0		3783.121536000
17		1358	3783.155469000
17		43	3783.165218000
17		1358	3783.200007000
17		43	3783.211545000
17		1358	3783.243635000
17		43	3783.257260000
17		1358	3783.287964000
17		43	3783.302924000
17		1358	3783.332641000
17		43	3783.349324000
17		1358	3783.376688000
17		43	3783.394828000
17		1358	3783.421183000
17		43	3783.440861000
17		1358	3783.456032000
17		43	3783.486840000
17		1358	3783.491578000
17		43	3783.533502000
17		1358	3783.550112000
17		43	3783.578824000
17		1358	3783.608326000
6	68		3783.621643000
17		43	3783.625217000
17		1358	3783.651122000
17		43	3783.671998000
17		1358	3783.693036000
17		43	3783.717605000
17		1358	3783.735808000
17		43	3783.763409000
17		1358	3783.777485000
6	52		3783.786645000
6	0		3783.786686000
6	0		3783.786969000
6	0		3783.788087000
17		43	3783.809017000
17		1358	3783.820362000
17		43	3783.854882000
17		1358	3783.862763000
17		43	3783.901576000
17		1358	3783.905225000
17		48	3783.947017000
17		1358	3783.947920000
6	0		3783.954138000
17		1358	3783.990518000
17		43	3783.993291000
17		1358	3784.031825000
17		43	3784.038733000
17		1358	3784.075047000
17		43	3784.085021000
17		1358	3784.119029000
17		43	3784.131171000
17		1358	3784.162784000
17		43	3784.177393000
17		1358	3784.196280000
17		43	3784.223011000
17		1358	3784.230211000
6	0		3784.244570000
6	0		3784.244608000
17		43	3784.269333000
17		1358	3784.286189000
17		43	3784.315301000
17		1358	3784.343476000
17		43	3784.361551000
17		1358	3784.385700000
17		43	3784.407589000
17		1358	3784.428038000
17		43	3784.453296000
17		1358	3784.471181000
17		43	3784.499440000
17		1358	3784.513419000
17		43	3784.545437000
17		1358	3784.555666000
17		43	3784.590690000
17		1358	3784.597936000
17		43	3784.636773000
17		1358	3784.638367000
17		1358	3784.682468000
17		43	3784.683164000
17		1358	3784.725001000
17		43	3784.729526000
17		1358	3784.767457000
17		43	3784.775252000
17		1358	3784.809804000
17		43	3784.820745000
17		1358	3784.851536000
17		48	3784.866933000
17		35	3784.881577000
17		1358	3784.893513000
17		43	3784.912781000
17		1358	3784.927337000
17		43	3784.959232000
17		1358	3784.960797000
17		43	3785.005521000
17		1358	3785.017889000
17		43	3785.051446000
17		1358	3785.073672000
17		43	3785.097415000
17		1358	3785.114815000
17		43	3785.143065000
17		1358	3785.157917000
17		43	3785.189111000
17		1358	3785.200043000
17		43	3785.235365000
17		1358	3785.242138000
17		43	3785.281425000
17		1358	3785.282985000
17		1358	3785.325626000
17		43	3785.327420000
17		1358	3785.368585000
17		43	3785.372694000
17		1358	3785.410757000
17		43	3785.418741000
17		1358	3785.452431000
17		43	3785.465079000
17		1358	3785.495065000
17		43	3785.510631000
17		1358	3785.538049000
17		43	3785.557142000
17		1042	3785.579465000
17		43	3785.603123000
17		43	3785.648712000
17		43	3785.694684000
17		43	3785.740941000
17		48	3785.786887000
17		35	3785.801082000
17		43	3785.832976000
17		43	3785.879029000
17		43	3785.925242000
17		43	3785.971348000
17		43	3786.017536000
17		1129	3786.062663000
17		41	3786.063307000
17		159	3786.063959000
17		1353	3786.063977000
17		1358	3786.063980000
17		1358	3786.063983000
17		1358	3786.063986000
17		1358	3786.063989000
17		1358	3786.064015000
17		1358	3786.064021000
17		1358	3786.064025000
17		1358	3786.064028000
17		1358	3786.107041000
17		1358	3786.148816000
17		49	3786.154928000
17		35	3786.168203000
17		1358	3786.191055000
17		43	3786.201297000
17		1358	3786.233576000
17		43	3786.247144000
17		1358	3786.275780000
17		43	3786.292790000
17		1358	3786.317250000
17		43	3786.338889000
17		1358	3786.359328000
17		43	3786.385413000
17		1358	3786.393534000
17		1358	3786.426734000
17		43	3786.431512000
17		1358	3786.460142000
17		43	3786.476768000
17		1358	3786.516926000
17		43	3786.523113000
17		43	3786.569186000
17		1358	3786.572945000
17		1358	3786.614612000
17		43	3786.615451000
17		43	3786.661510000
17		43	3786.707464000
17		43	3786.753101000
17		43	3786.799603000
17		1358	3786.801815000
17		43	3786.845379000
17		1358	3786.847004000
17		43	3786.890940000
17		1358	3786.892924000
17		43	3786.937169000
17		1358	3786.938164000
17		43	3786.983034000
17		1358	3786.983741000
17		43	3787.029444000
17		1358	3787.030580000
17		48	3787.074905000
17		1358	3787.076323000
17		43	3787.120839000
17		1358	3787.122481000
17		43	3787.167420000
17		1358	3787.169048000
17		43	3787.213584000
17		1358	3787.225611000
17		43	3787.259282000
17		1358	3787.281901000
17		43	3787.304692000
17		1358	3787.324738000
17		43	3787.351039000
17		1358	3787.367251000
17		43	3787.396897000
17		1358	3787.409311000
17		43	3787.443480000
17		1358	3787.451158000
17		43	3787.489441000
17		1358	3787.491070000
17		1358	3787.535162000
17		43	3787.535439000
17		1358	3787.577118000
17		43	3787.581351000
17		1358	3787.619927000
17		43	3787.627350000
17		1358	3787.662790000
17		43	3787.673204000
17		1358	3787.706070000
17		43	3787.718904000
17		1358	3787.748884000
17		43	3787.764690000
17		1358	3787.790930000
17		43	3787.811022000
17		1358	3787.834365000
17		43	3787.857483000
17		1358	3787.868245000
17		1358	3787.901776000
17		43	3787.903461000
17		1358	3787.935864000
17		43	3787.948879000
17		1358	3787.992985000
17		48	3787.994832000
17		35	3788.008434000
17		43	3788.041309000
17		1358	3788.048999000
17		43	3788.087389000
17		1358	3788.091475000
17		1358	3788.132898000
17		43	3788.133188000
17		1358	3788.174822000
17		43	3788.179581000
17		1358	3788.217259000
17		43	3788.224872000
17		1358	3788.259722000
17		43	3788.271557000
17		1358	3788.302850000
17		43	3788.316656000
17		1358	3788.345959000
17		43	3788.363032000
17		1358	3788.388414000
17		43	3788.409112000
17		1358	3788.432298000
17		43	3788.455517000
17		1358	3788.472987000
17		43	3788.501490000
17		1358	3788.514078000
17		43	3788.547265000
17		1358	3788.556799000
17		1358	3788.590204000
17		43	3788.593489000
17		1358	3788.623546000
17		43	3788.639211000
17		1358	3788.657964000
17		43	3788.685088000
17		1358	3788.714509000
17		43	3788.731448000
17		1358	3788.770564000
17		43	3788.776881000
17		1358	3788.814029000
17		43	3788.823038000
17		1358	3788.856413000
17		43	3788.869006000
17		1358	3788.899882000
17		48	3788.914868000
17		35	3788.928981000
17		1358	3788.940622000
17		43	3788.961297000
17		1358	3788.979736000
17		43	3789.006837000
17		1358	3789.018320000
17		43	3789.052871000
17		1358	3789.058598000
17		1358	3789.098160000
17		43	3789.099792000
17		1358	3789.137024000
17		43	3789.147029000
17		1358	3789.177294000
17		43	3789.191163000
17		1358	3789.217359000
17		43	3789.236951000
17		1358	3789.257360000
17		43	3789.282814000
17		1358	3789.297837000
17		43	3789.328649000
17		1358	3789.330220000
17		43	3789.375435000
17		1358	3789.377040000
17		43	3789.421361000
17		1358	3789.430888000
17		43	3789.467084000
17		1358	3789.484364000
17		43	3789.513014000
17		1358	3789.523893000
17		43	3789.559541000
17		1358	3789.561300000
17		1358	3789.601876000
17		43	3789.605049000
17		1358	3789.642145000
17		43	3789.651070000
17		1358	3789.682537000
17		43	3789.697300000
17		1358	3789.722686000
17		43	3789.743573000
17		1358	3789.762754000
17		43	3789.788676000
17		1358	3789.802164000
17		48	3789.834794000
17		1358	3789.842822000
17		43	3789.880701000
17		1358	3789.882258000
17		43	3789.926816000
17		1358	3789.928149000
17		1358	3789.968225000
17		43	3789.973462000
6	0		3789.973489000
6	0		3789.973496000
6	0		3789.974355000
6	0		3789.974447000
17		1358	3790.007499000
17		43	3790.019288000
17		1358	3790.047525000
17		43	3790.064632000
17		1358	3790.080255000
17		43	3790.110623000
17		1358	3790.112214000
17		43	3790.157314000
17		1358	3790.165237000
17		43	3790.203191000
17		1358	3790.218570000
17		43	3790.249349000
17		1358	3790.259179000
17		43	3790.294764000
17		1358	3790.299818000
17		43	3790.341551000
17		1358	3790.342857000
17		43	3790.387526000
17		1358	3790.389121000
17		43	3790.432947000
17		1358	3790.434327000
17		43	3790.479093000
17		1358	3790.480781000
6	0		3790.519281000
6	0		3790.519347000
17		1358	3790.521682000
17		43	3790.525318000
17		1358	3790.560588000
17		43	3790.570686000
17		1358	3790.600478000
17		43	3790.617572000
17		1358	3790.640156000
17		43	3790.663452000
17		1358	3790.681018000
17		43	3790.709296000
17		1358	3790.721476000
17		48	3790.754749000
17		1358	3790.761451000
6	0		3790.773087000
6	41		3790.778827000
17		43	3790.801577000
17		1358	3790.802596000
17		43	3790.847454000
17		1358	3790.849032000
17		43	3790.892798000
17		1358	3790.902686000
17		43	3790.939307000
17		1358	3790.956329000
17		43	3790.985099000
17		1358	3790.996228000
17		43	3791.031462000
6	0		3791.032289000
17		1358	3791.037182000
6	21		3791.051026000
6	0		3791.051071000
6	1080		3791.052124000
17		1358	3791.077201000
17		43	3791.077335000
17		1358	3791.116428000
17		43	3791.123242000
17		1358	3791.157007000
17		43	3791.168776000
17		1358	3791.196534000
17		43	3791.215246000
17		1358	3791.237489000
17		43	3791.260748000
17		1358	3791.278291000
17		43	3791.306791000
6	440		3791.315314000
17		1358	3791.317922000
17		43	3791.353492000
17		1358	3791.357816000
6	0		3791.358199000
17		43	3791.399314000
17		1358	3791.400879000
17		43	3791.444946000
17		1358	3791.446635000
17		43	3791.491016000
17		1358	3791.492577000
6	0		3791.510697000
6	0		3791.510751000
17		43	3791.537093000
17		1358	3791.538201000
6	0		3791.549073000
17		1358	3791.571202000
17		43	3791.582692000
17		1358	3791.602277000
6	48		3791.611649000
6	0		3791.611697000
6	280		3791.615820000
17		43	3791.629291000
17		1358	3791.655977000
17		48	3791.675235000
17		35	3791.689043000
17		1358	3791.709339000
17		43	3791.721081000
17		1358	3791.749762000
17		43	3791.766939000
17		1358	3791.789589000
17		43	3791.812755000
17		1358	3791.830019000
17		43	3791.859577000
17		1358	3791.869679000
6	16		3791.879474000
17		43	3791.905284000
17		1358	3791.909764000
6	0		3791.922221000
17		43	3791.950870000
17		1358	3791.952465000
17		43	3791.996687000
17		1358	3791.998269000
17		43	3792.043481000
17		1358	3792.045222000
17		43	3792.088760000
17		1358	3792.089595000
17		1358	3792.129808000
17		43	3792.135607000
17		1358	3792.169959000
6	52		3792.175702000
6	0		3792.175734000
6	52		3792.175841000
17		43	3792.181251000
17		1358	3792.210816000
17		43	3792.227355000
17		1358	3792.251028000
17		43	3792.273000000
17		1358	3792.283772000
17		43	3792.319340000
17		1358	3792.321358000
17		43	3792.364947000
17		1358	3792.375493000
17		43	3792.411352000
17		1358	3792.429471000
6	84		3792.435085000
17		43	3792.457076000
17		1358	3792.470645000
6	0		3792.478227000
17		43	3792.502873000
17		1358	3792.511335000
17		43	3792.548827000
17		1358	3792.550916000
17		48	3792.595452000
17		1358	3792.596589000
17		1358	3792.636815000
17		43	3792.641362000
17		1358	3792.676008000
17		43	3792.686961000
17		1358	3792.716303000
17		43	3792.733018000
17		1358	3792.756345000
17		43	3792.779334000
17		1358	3792.796260000
17		43	3792.825351000
17		1358	3792.836894000
17		43	3792.871460000
17		1358	3792.877070000
17		43	3792.917089000
17		1358	3792.918634000
17		43	3792.963132000
17		1358	3792.964759000
17		43	3793.008659000
17		1358	3793.009526000
17		43	3793.055054000
17		43	3793.100664000
17		43	3793.146732000
17		1358	3793.148336000
17		1358	3793.189296000
17		43	3793.192897000
17		1358	3793.227704000
17		43	3793.239383000
17		1358	3793.268677000
17		43	3793.284937000
17		1358	3793.308780000
17		43	3793.330806000
17		1358	3793.349177000
17		43	3793.376899000
17		1358	3793.381387000
17		1358	3793.413933000
17		43	3793.423250000
17		1358	3793.445443000
17		43	3793.469532000
17		1358	3793.475468000
17		1358	3793.507731000
17		48	3793.514683000
17		35	3793.529436000
17		1358	3793.538939000
17		43	3793.560928000
17		1358	3793.592680000
17		43	3793.606952000
17		1358	3793.644172000
17		43	3793.652981000
17		1358	3793.696367000
17		43	3793.699277000
17		43	3793.745516000
17		1358	3793.747060000
17		1358	3793.786773000
17		43	3793.791488000
17		1358	3793.824661000
17		43	3793.837159000
17		1358	3793.862695000
17		43	3793.882980000
17		1358	3793.901880000
17		43	3793.929163000
17		1358	3793.939846000
17		43	3793.975608000
17		1358	3793.977409000
17		1358	3794.016240000
17		43	3794.021196000
17		1358	3794.054646000
17		43	3794.067561000
17		1358	3794.093308000
17		43	3794.112980000
17		1358	3794.131463000
17		43	3794.159434000
17		1358	3794.169527000
17		43	3794.204716000
17		1358	3794.206438000
17		1358	3794.245792000
17		43	3794.250846000
17		1358	3794.284135000
17		43	3794.297026000
17		1358	3794.321819000
17		43	3794.343526000
17		1358	3794.361514000
17		43	3794.389506000
17		1358	3794.399846000
17		48	3794.435504000
17		1358	3794.437370000
17		1358	3794.476355000
17		43	3794.481274000
17		1358	3794.514446000
17		43	3794.527554000
17		1358	3794.552454000
17		43	3794.572758000
17		1358	3794.590574000
6	68		3794.602936000
17		43	3794.618875000
17		1358	3794.628950000
17		43	3794.665188000
17		1358	3794.666679000
17		1358	3794.705302000
17		43	3794.711278000
17		1358	3794.743479000
17		43	3794.756635000
17		1358	3794.781969000
17		43	3794.803964000
17		1358	3794.820210000
17		43	3794.848642000
17		1358	3794.849759000
6	52		3794.867673000
6	0		3794.867714000
6	0		3794.867736000
6	0		3794.869150000
17		1358	3794.880943000
17		43	3794.894970000
17		1358	3794.911825000
17		43	3794.941531000
17		1358	3794.943040000
17		1358	3794.973283000
17		43	3794.987540000
17		1358	3795.004652000
17		43	3795.033510000
17		1358	3795.054562000
17		43	3795.079054000
17		1358	3795.105887000
6	0		3795.122578000
17		43	3795.124658000
17		1358	3795.157268000
17		43	3795.170930000
17		1358	3795.208604000
17		43	3795.217726000
17		1358	3795.246814000
17		43	3795.263327000
17		1358	3795.285504000
17		43	3795.309153000
17		1358	3795.322889000
17		48	3795.354794000
17		1358	3795.361951000
17		1358	3795.400006000
17		43	3795.401654000
17		1358	3795.437925000
17		43	3795.447185000
17		1358	3795.476297000
17		43	3795.493118000
17		1358	3795.514103000
17		43	3795.539365000
17		1358	3795.552259000
17		43	3795.585452000
17		1358	3795.590373000
17		1358	3795.629683000
17		43	3795.631467000
17		1358	3795.667872000
17		43	3795.676934000
17		1358	3795.706100000
17		43	3795.722955000
17		1358	3795.744737000
17		43	3795.769266000
17		1358	3795.782364000
17		43	3795.814865000
17		1358	3795.820511000
17		1358	3795.859022000
17		43	3795.861426000
17		1358	3795.897110000
17		43	3795.907409000
17		1358	3795.935812000
17		43	3795.953592000
17		1358	3795.973567000
17		43	3795.999022000
17		1358	3796.011993000
17		43	3796.044766000
17		1358	3796.050835000
17		1358	3796.088947000
17		43	3796.090991000
17		1358	3796.128032000
17		43	3796.136987000
17		1358	3796.168216000
17		43	3796.183166000
17		1358	3796.208257000
17		43	3796.229331000
17		1358	3796.248076000
17		48	3796.275272000
17		1358	3796.287177000
17		1358	3796.318380000
17		43	3796.321160000
17		1358	3796.349187000
17		43	3796.367476000
17		1358	3796.380752000
17		43	3796.413439000
17		1358	3796.414949000
17		43	3796.458983000
17		1358	3796.460606000
17		43	3796.505192000
17		1358	3796.512592000
17		43	3796.550809000
17		1358	3796.564985000
17		43	3796.596751000
17		1358	3796.617538000
17		43	3796.643198000
17		1358	3796.668924000
17		43	3796.688856000
17		1358	3796.707939000
17		48	3796.735077000
17		37	3796.736669000
17		1358	3796.747144000
17		43	3796.781185000
17		1358	3796.786534000
17		1358	3796.825559000
17		43	3796.827240000
17		1358	3796.863699000
17		43	3796.872717000
17		1358	3796.902831000
17		43	3796.918927000
17		1358	3796.941819000
17		43	3796.964939000
17		1358	3796.980938000
17		43	3797.011568000
17		1358	3797.021090000
17		43	3797.057176000
17		1358	3797.058727000
17		43	3797.103357000
17		1358	3797.104919000
17		43	3797.149172000
17		1358	3797.150683000
17		43	3797.195084000
17		1358	3797.196488000
17		43	3797.240689000
17		1358	3797.242236000
17		43	3797.287617000
17		1358	3797.289135000
17		43	3797.333217000
17		1358	3797.334682000
17		1358	3797.373496000
17		43	3797.379226000
17		1358	3797.411909000
17		43	3797.424754000
17		1358	3797.451739000
17		43	3797.470877000
17		1358	3797.490878000
17		43	3797.516764000
17		1358	3797.530182000
17		43	3797.562840000
17		1358	3797.569570000
17		43	3797.609142000
17		1358	3797.610428000
17		48	3797.655169000
17		1358	3797.656687000
17		43	3797.701565000
17		1358	3797.702748000
17		43	3797.746694000
17		1358	3797.748097000
17		43	3797.792701000
17		1358	3797.793816000
17		43	3797.839453000
17		1358	3797.840309000
17		43	3797.884975000
17		1358	3797.886031000
17		1358	3797.917645000
17		43	3797.931390000
17		1358	3797.948597000
17		43	3797.976820000
17		1358	3798.000960000
17		43	3798.022721000
17		1358	3798.052844000
17		43	3798.069067000
17		1358	3798.104057000
17		43	3798.114943000
17		1358	3798.155883000
17		43	3798.161462000
17		1358	3798.194812000
17		43	3798.207079000
17		1358	3798.234012000
17		43	3798.252892000
17		1358	3798.273089000
17		43	3798.299126000
17		1358	3798.311873000
17		43	3798.345189000
17		1358	3798.351855000
17		43	3798.391020000
17		1358	3798.392423000
17		1358	3798.431409000
17		43	3798.437038000
17		1358	3798.469845000
17		43	3798.483497000
17		1358	3798.509178000
17		43	3798.529113000
17		1358	3798.547854000
17		48	3798.575198000
17		1358	3798.587140000
17		43	3798.620919000
17		1358	3798.627113000
17		43	3798.667138000
17		1358	3798.668196000
17		43	3798.713247000
17		1358	3798.714707000
17		43	3798.759241000
17		1358	3798.760783000
17		43	3798.804797000
17		1358	3798.806819000
17		43	3798.850873000
17		1358	3798.852003000
17		43	3798.896923000
17		1358	3798.898948000
17		1358	3798.938316000
17		43	3798.943073000
17		1358	3798.976513000
17		43	3798.989347000
17		43	3799.035559000
17		1358	3799.037081000
17		43	3799.080994000
17		1358	3799.082533000
6	0		3799.124643000
6	0		3799.124698000
17		43	3799.127119000
17		1358	3799.129640000
6	0		3799.164494000
6	12		3799.164692000
17		43	3799.172708000
17		1358	3799.174237000
6	0		3799.204272000
6	12		3799.204404000
6	0		3799.204416000
6	1		3799.204558000
6	4		3799.204571000
6	32		3799.204579000
6	0		3799.204591000
17		43	3799.218762000
17		1358	3799.220309000
6	0		3799.244300000
6	0		3799.244340000
6	0		3799.244345000
6	0		3799.244447000
6	0		3799.244479000
17		43	3799.265389000
17		1358	3799.266938000
17		43	3799.311406000
17		1358	3799.313084000
17		43	3799.356981000
17		880	3799.358306000
17		43	3799.403144000
17		43	3799.449405000
17		48	3799.495527000
17		35	3799.509105000
17		43	3799.540956000
17		43	3799.587224000
17		43	3799.632946000
17		43	3799.679369000
17		43	3799.725487000
17		1040	3799.771302000
17		41	3799.771972000
17		1358	3799.773500000
17		1358	3799.773521000
17		1358	3799.773524000
17		1358	3799.773528000
17		1358	3799.773531000
17		1358	3799.773534000
17		1358	3799.773538000
17		1358	3799.773541000
17		1358	3799.773546000
17		1358	3799.816681000
17		1358	3799.857581000
17		49	3799.863214000
17		35	3799.877830000
17		43	3799.908960000
17		43	3799.954928000
17		43	3800.000974000
17		43	3800.047060000
17		1358	3800.048659000
6	0		3800.071253000
6	0		3800.071301000
17		43	3800.093341000
17		1358	3800.094883000
17		43	3800.138795000
17		1358	3800.140341000
17		43	3800.185025000
17		1358	3800.186646000
17		43	3800.231351000
17		1358	3800.232930000
17		43	3800.276763000
17		1358	3800.278346000
17		43	3800.322879000
17		1358	3800.324731000
17		43	3800.369257000
17		1358	3800.381334000
17		43	3800.415214000
17		1358	3800.438389000
17		43	3800.461347000
17		1358	3800.481109000
17		43	3800.507378000
17		1358	3800.522870000
17		43	3800.553133000
17		1358	3800.565706000
17		43	3800.598933000
17		1358	3800.606281000
17		43	3800.644745000
17		1358	3800.647816000
17		1358	3800.689716000
17		43	3800.691147000
17		1358	3800.731913000
17		43	3800.736888000
17		1358	3800.774480000
17		48	3800.783266000
17		35	3800.797127000
17		1358	3800.816466000
17		43	3800.829438000
17		1358	3800.859144000
17		43	3800.875428000
17		1358	3800.902087000
17		43	3800.921581000
17		1358	3800.945255000
17		43	3800.967428000
17		1358	3800.988589000
17		43	3801.013495000
17		1358	3801.021570000
17		1358	3801.055025000
17		43	3801.059391000
17		1358	3801.089167000
17		43	3801.105207000
17		1358	3801.146269000
17		43	3801.151282000
17		43	3801.197434000
17		1358	3801.202946000
17		43	3801.243495000
17		1358	3801.244385000
17		1358	3801.287099000
17		43	3801.289123000
17		1358	3801.329517000
17		43	3801.335192000
17		1358	3801.372784000
17		43	3801.380931000
17		1358	3801.414904000
17		43	3801.427045000
17		1358	3801.458002000
17		43	3801.473170000
17		1358	3801.500686000
17		43	3801.519092000
17		1358	3801.543713000
17		43	3801.564875000
17		1358	3801.585443000
17		43	3801.610753000
17		1358	3801.627803000
17		43	3801.657514000
17		1358	3801.669253000
17		48	3801.702936000
17		1358	3801.711300000
17		1358	3801.745721000
17		43	3801.749247000
17		1358	3801.778406000
17		43	3801.794876000
17		1358	3801.813146000
17		43	3801.841571000
17		1358	3801.869606000
17		43	3801.887162000
17		1358	3801.926273000
17		43	3801.932770000
17		1358	3801.969268000
17		43	3801.979372000
17		1358	3802.012032000
17		43	3802.025361000
17		1358	3802.053753000
17		43	3802.071034000
17		1358	3802.093875000
17		43	3802.116863000
17		1358	3802.132882000
17		43	3802.162898000
17		1358	3802.172783000
17		43	3802.208934000
17		1358	3802.210330000
17		1358	3802.250830000
17		43	3802.254836000
17		1358	3802.290995000
17		43	3802.301026000
17		1358	3802.331226000
17		43	3802.347178000
17		1358	3802.371081000
17		43	3802.393700000
17		1358	3802.412036000
17		43	3802.438790000
17		1358	3802.452516000
17		43	3802.485115000
17		1358	3802.485854000
17		43	3802.530656000
17		1358	3802.531627000
17		43	3802.576864000
17		1358	3802.584754000
17		48	3802.622771000
17		35	3802.636998000
17		1358	3802.638003000
17		43	3802.668782000
17		1358	3802.677487000
17		43	3802.715047000
17		1358	3802.716631000
17		1358	3802.756699000
17		43	3802.761522000
17		1358	3802.795223000
17		43	3802.806737000
17		1358	3802.835447000
17		43	3802.853468000
17		1358	3802.875380000
17		43	3802.899557000
17		1358	3802.916212000
17		43	3802.945853000
17		1358	3802.956792000
17		43	3802.991450000
17		1358	3802.996782000
17		43	3803.036940000
17		1358	3803.037833000
17		1358	3803.077806000
17		43	3803.082876000
17		1358	3803.116845000
17		43	3803.129102000
17		1358	3803.157225000
17		43	3803.175231000
17		1358	3803.196973000
17		43	3803.221175000
17		1358	3803.229190000
17		43	3803.267271000
17		1358	3803.269310000
17		43	3803.313340000
17		1358	3803.323801000
17		43	3803.359455000
17		1358	3803.377103000
17		43	3803.404946000
17		1358	3803.416869000
17		43	3803.451176000
17		1358	3803.457108000
17		43	3803.497052000
17		1358	3803.498285000
17		48	3803.543106000
17		1358	3803.543686000
17		43	3803.589497000
17		1358	3803.591072000
17		1358	3803.632224000
17		43	3803.634765000
17		1358	3803.670735000
17		43	3803.680695000
17		1358	3803.710956000
17		43	3803.726780000
17		1358	3803.751245000
17		43	3803.773025000
17		1358	3803.791600000
17		43	3803.819523000
17		1358	3803.831734000
17		43	3803.864705000
17		1358	3803.872706000
17		43	3803.910764000
17		1358	3803.912337000
17		43	3803.957560000
17		1358	3803.959069000
17		43	3804.003686000
17		319	3804.005293000
17		43	3804.049396000
17		43	3804.095375000
17		43	3804.141467000
17		43	3804.186906000
17		1039	3804.233511000
17		41	3804.234116000
17		156	3804.235211000
17		1353	3804.235217000
17		1358	3804.235250000
17		1358	3804.235255000
17		1358	3804.235258000
17		1358	3804.275462000
17		1358	3804.314600000
17		49	3804.325270000
17		35	3804.338898000
17		1358	3804.354643000
17		43	3804.371291000
17		1358	3804.393777000
17		43	3804.416958000
17		1358	3804.434204000
17		43	3804.462945000
17		1358	3804.473406000
17		43	3804.509418000
17		1358	3804.513569000
17		1358	3804.552549000
17		43	3804.554628000
17		1358	3804.592107000
17		43	3804.600763000
17		1358	3804.633020000
17		43	3804.647266000
17		1358	3804.674246000
17		43	3804.693153000
17		1358	3804.715116000
17		43	3804.739402000
17		1358	3804.747532000
17		43	3804.785267000
17		1358	3804.786528000
17		43	3804.830711000
17		1358	3804.839997000
17		43	3804.877451000
17		1358	3804.893440000
17		43	3804.923169000
17		1358	3804.933479000
17		43	3804.969510000
17		1358	3804.974192000
17		1358	3805.013573000
17		43	3805.015253000
17		1358	3805.051894000
17		43	3805.061576000
17		1358	3805.091772000
17		43	3805.107000000
17		1358	3805.132596000
17		43	3805.153219000
17		1358	3805.173711000
17		43	3805.198846000
17		1358	3805.214190000
17		48	3805.244783000
17		1358	3805.254473000
17		43	3805.291184000
17		1358	3805.294556000
17		43	3805.337433000
17		1358	3805.339875000
17		43	3805.383591000
17		1358	3805.385192000
17		43	3805.429028000
17		1358	3805.430964000
17		43	3805.475223000
17		1358	3805.476844000
17		1358	3805.509408000
17		43	3805.521092000
17		1358	3805.541050000
17		43	3805.567565000
17		1358	3805.594646000
17		43	3805.613202000
17		1358	3805.648183000
17		43	3805.658912000
17		1358	3805.689401000
17		43	3805.705415000
17		1358	3805.730064000
17		43	3805.750786000
17		1358	3805.771149000
17		43	3805.797106000
17		1358	3805.811961000
17		43	3805.843216000
17		1358	3805.851934000
17		43	3805.889130000
17		1358	3805.890702000
17		43	3805.935388000
17		1358	3805.936946000
17		43	3805.980801000
17		1358	3805.982621000
17		1358	3806.023555000
17		43	3806.027054000
17		1358	3806.062356000
17		43	3806.072635000
17		1358	3806.102355000
17		43	3806.118882000
17		1358	3806.142471000
17		48	3806.165465000
17		35	3806.178745000
17		1358	3806.182372000
17		43	3806.211504000
17		1358	3806.214243000
17		43	3806.257384000
17		1358	3806.258955000
17		43	3806.303513000
17		1358	3806.311885000
17		43	3806.349135000
17		1358	3806.365537000
17		43	3806.395084000
17		1358	3806.405303000
17		43	3806.440972000
17		1358	3806.445903000
17		43	3806.486867000
17		1358	3806.489074000
17		43	3806.533150000
17		1358	3806.534430000
17		1358	3806.574902000
17		43	3806.579476000
17		1358	3806.614186000
17		43	3806.625340000
17		1358	3806.654134000
17		43	3806.671309000
17		1358	3806.694060000
17		43	3806.717650000
17		1358	3806.734807000
17		43	3806.763577000
17		1358	3806.775771000
17		43	3806.808981000
17		1358	3806.815449000
17		43	3806.855224000
17		1358	3806.857215000
17		43	3806.900676000
17		1358	3806.902094000
17		43	3806.947308000
17		1358	3806.949486000
17		43	3806.993362000
17		1358	3806.994755000
17		43	3807.039012000
17		1358	3807.048314000
17		48	3807.085008000
17		35	3807.098703000
17		1358	3807.101365000
17		43	3807.131460000
17		1358	3807.140972000
17		43	3807.177522000
17		1358	3807.179505000
17		1358	3807.219790000
17		43	3807.223042000
17		1358	3807.259545000
17		43	3807.269239000
17		1358	3807.298938000
17		43	3807.314782000
17		1358	3807.339827000
17		43	3807.361009000
17		1358	3807.381156000
17		43	3807.406883000
17		1358	3807.421204000
17		43	3807.453205000
17		1358	3807.461362000
17		43	3807.499513000
17		1358	3807.501088000
17		43	3807.545666000
17		1358	3807.547784000
17		43	3807.591096000
17		1358	3807.592675000
17		1358	3807.632744000
17		43	3807.636956000
17		1358	3807.672258000
17		43	3807.682978000
17		1358	3807.705007000
17		43	3807.729505000
17		1358	3807.737212000
17		43	3807.775112000
17		1358	3807.790512000
17		43	3807.821263000
17		1358	3807.843264000
17		43	3807.866724000
17		1358	3807.884351000
17		43	3807.913546000
17		1358	3807.924417000
17		43	3807.958769000
17		1358	3807.964761000
17		48	3808.005137000
17		1358	3808.006506000
17		43	3808.050962000
17		1358	3808.052613000
17		43	3808.096850000
17		1358	3808.097939000
17		1358	3808.137998000
17		43	3808.142810000
17		1358	3808.177540000
17		43	3808.189374000
17		1358	3808.217110000
17		43	3808.234817000
17		1358	3808.257787000
17		43	3808.281481000
17		1358	3808.298931000
17		43	3808.327154000
17		1358	3808.339440000
17		43	3808.373430000
17		1358	3808.379509000
17		43	3808.419521000
17		1358	3808.421627000
17		43	3808.464701000
17		1358	3808.466714000
17		43	3808.510869000
17		1358	3808.520304000
17		43	3808.556846000
17		1358	3808.573594000
17		43	3808.603428000
17		1358	3808.614151000
17		43	3808.648700000
17		1358	3808.654242000
17		1358	3808.694808000
17		43	3808.695450000
17		1358	3808.734194000
17		43	3808.740930000
17		1358	3808.774927000
17		43	3808.787680000
17		1358	3808.815224000
17		43	3808.833295000
17		1358	3808.855694000
17		43	3808.879507000
17		1358	3808.896450000
17		48	3808.924927000
17		1358	3808.936822000
17		43	3808.970685000
17		1358	3808.977193000
17		43	3809.017119000
17		1358	3809.018780000
17		43	3809.062634000
17		1358	3809.063406000
17		43	3809.109137000
17		1358	3809.110743000
17		43	3809.154982000
17		1358	3809.155913000
17		1358	3809.188857000
17		43	3809.200716000
17		1358	3809.220414000
17		43	3809.247153000
17		1358	3809.273923000
17		43	3809.292714000
17		1358	3809.328076000
17		43	3809.339095000
17		1358	3809.368129000
17		43	3809.385347000
17		1358	3809.408523000
17		43	3809.431384000
17		1358	3809.448541000
17		43	3809.476806000
17		1358	3809.489210000
17		43	3809.523696000
17		1358	3809.530055000
17		43	3809.569361000
17		1358	3809.570317000
17		43	3809.615346000
17		1358	3809.616115000
17		43	3809.661649000
17		1358	3809.663174000
17		1358	3809.704205000
17		43	3809.707026000
17		1358	3809.744108000
17		43	3809.753686000
17		1358	3809.785062000
17		43	3809.799270000
17		1358	3809.826252000
17		48	3809.845263000
17		35	3809.858380000
17		1358	3809.867104000
17		43	3809.891182000
17		43	3809.937107000
17		43	3809.983207000
17		1358	3809.984755000
17		43	3810.029336000
17		1358	3810.030716000
17		43	3810.074835000
17		1358	3810.076418000
17		43	3810.120722000
17		1358	3810.121465000
17		43	3810.167100000
17		1358	3810.167906000
17		1358	3810.208802000
17		43	3810.213542000
17		1358	3810.250008000
17		43	3810.258771000
17		1358	3810.289150000
17		43	3810.304962000
17		1358	3810.329490000
17		43	3810.351183000
17		1358	3810.369191000
17		43	3810.396688000
17		1358	3810.410215000
17		43	3810.443472000
17		1358	3810.451149000
17		43	3810.489476000
17		1358	3810.491132000
17		1358	3810.531174000
17		43	3810.535386000
17		1358	3810.570735000
17		43	3810.581320000
17		1358	3810.603799000
17		43	3810.626963000
17		1358	3810.635589000
17		1358	3810.667772000
17		43	3810.672891000
17		1358	3810.699220000
17		43	3810.719044000
17		1358	3810.731854000
17		48	3810.765360000
17		35	3810.779586000
17		1358	3810.784811000
17		43	3810.810877000
17		1358	3810.839513000
17		43	3810.857063000
17		1358	3810.891554000
17		43	3810.903541000
17		1358	3810.942800000
17		43	3810.948775000
17		1358	3810.981263000
17		43	3810.994756000
17		1358	3811.019463000
17		43	3811.041302000
17		1358	3811.057724000
17		43	3811.087389000
17		1358	3811.095972000
17		43	3811.132903000
17		1358	3811.134428000
17		1358	3811.172117000
17		43	3811.178921000
17		1358	3811.211381000
17		43	3811.225476000
17		1358	3811.249345000
17		43	3811.271510000
17		1358	3811.287400000
17		43	3811.317511000
17		1358	3811.325800000
17		43	3811.363554000
17		1358	3811.365051000
17		1358	3811.402006000
17		43	3811.408976000
17		1358	3811.441052000
17		43	3811.455436000
17		1358	3811.479237000
17		43	3811.501172000
17		1358	3811.517957000
17		43	3811.547207000
17		1358	3811.556331000
17		43	3811.593205000
17		1358	3811.595426000
17		1358	3811.632882000
17		43	3811.639565000
17		1358	3811.670587000
17		48	3811.685037000
17		35	3811.698437000
17		1358	3811.709957000
17		43	3811.730621000
17		1358	3811.748225000
6	0		3811.773399000
6	0		3811.773450000
17		43	3811.776993000
17		1188	3811.786340000
17		43	3811.823276000
6	0		3811.857940000
6	41		3811.863235000
17		43	3811.869330000
17		43	3811.915450000
6	0		3811.947464000
6	21		3811.948301000
6	0		3811.948326000
6	1080		3811.949322000
17		43	3811.960931000
17		43	3812.006666000
6	0		3812.033741000
6	440		3812.034119000
17		43	3812.052799000
6	0		3812.074214000
17		1129	3812.098986000
17		41	3812.099584000
17		159	3812.100179000
17		1353	3812.100198000
17		1358	3812.100202000
17		1358	3812.100207000
17		1358	3812.100211000
17		1358	3812.100215000
17		1358	3812.100219000
17		1358	3812.100224000
17		1358	3812.100231000
17		1358	3812.100236000
17		1358	3812.132616000
6	48		3812.158448000
6	0		3812.158485000
17		1358	3812.162608000
6	280		3812.162634000
17		49	3812.191361000
17		35	3812.205785000
17		43	3812.237427000
6	0		3812.247160000
6	16		3812.260845000
17		43	3812.282893000
6	0		3812.302209000
17		43	3812.329035000
17		43	3812.375047000
17		1358	3812.376484000
6	52		3812.386614000
6	0		3812.386657000
6	52		3812.386778000
17		43	3812.421129000
17		1358	3812.422521000
17		43	3812.466681000
17		1358	3812.468383000
6	84		3812.471200000
17		43	3812.512703000
6	0		3812.514207000
17		1358	3812.514271000
17		50	3812.559960000
17		1358	3812.562325000
17		43	3812.604846000
17		1358	3812.606392000
17		43	3812.651521000
17		1358	3812.653121000
17		43	3812.697720000
17		1358	3812.699316000
17		43	3812.743420000
17		1358	3812.744090000
17		43	3812.789677000
17		1358	3812.791307000
17		1358	3812.830441000
17		43	3812.835343000
17		1358	3812.868991000
17		43	3812.881530000
17		1358	3812.908466000
17		43	3812.927174000
17		1358	3812.947188000
17		43	3812.973309000
17		1358	3812.986611000
17		43	3813.019331000
17		1358	3813.020855000
17		43	3813.064719000
17		1358	3813.066489000
17		43	3813.110980000
17		1358	3813.112184000
17		43	3813.156635000
17		1358	3813.163538000
17		43	3813.203252000
17		1358	3813.214872000
17		43	3813.248709000
17		1358	3813.254453000
17		43	3813.295045000
17		1358	3813.296643000
17		43	3813.340607000
17		1358	3813.342196000
17		1358	3813.381282000
17		43	3813.387538000
17		1358	3813.420119000
17		43	3813.433409000
17		1358	3813.459335000
17		48	3813.479436000
17		35	3813.492661000
17		1358	3813.498448000
17		43	3813.525329000
17		1358	3813.537236000
17		43	3813.571805000
17		1358	3813.576510000
17		43	3813.617351000
17		1358	3813.618847000
17		43	3813.663573000
17		1358	3813.665056000
17		43	3813.709026000
17		1358	3813.710619000
17		43	3813.755268000
17		1358	3813.756793000
17		43	3813.800972000
17		1358	3813.802362000
17		43	3813.846925000
17		1358	3813.848033000
17		43	3813.893541000
17		1358	3813.900607000
17		43	3813.939239000
17		1358	3813.951233000
17		43	3813.984796000
17		1358	3813.990321000
17		1358	3814.027998000
17		43	3814.031189000
17		1358	3814.065792000
17		43	3814.077021000
17		1358	3814.105054000
17		43	3814.122936000
17		1358	3814.144755000
17		43	3814.169071000
17		1358	3814.185499000
17		43	3814.215165000
17		1358	3814.225999000
17		43	3814.261513000
17		1358	3814.266828000
17		43	3814.307108000
17		1358	3814.308275000
17		43	3814.352902000
17		1358	3814.354395000
6	68		3814.382721000
17		48	3814.399392000
17		1358	3814.400864000
17		1358	3814.441290000
17		43	3814.445455000
6	52		3814.468109000
6	0		3814.468182000
6	0		3814.468202000
6	0		3814.469365000
17		1358	3814.480910000
17		43	3814.491333000
17		1358	3814.520659000
17		43	3814.537047000
17		1358	3814.552426000
6	0		3814.553598000
17		43	3814.582901000
17		1358	3814.584387000
17		43	3814.628861000
17		1358	3814.637957000
17		43	3814.675623000
17		1358	3814.691438000
17		43	3814.721173000
17		1358	3814.732076000
17		43	3814.767529000
17		1358	3814.772316000
17		43	3814.813285000
17		1358	3814.814599000
17		43	3814.859413000
17		1358	3814.861026000
17		43	3814.904842000
17		1358	3814.906486000
17		1358	3814.947118000
17		43	3814.951070000
17		1358	3814.985795000
17		43	3814.997399000
17		1358	3815.026217000
17		43	3815.042829000
17		1358	3815.066560000
17		43	3815.089321000
17		1358	3815.106625000
17		43	3815.134715000
17		1358	3815.146230000
17		43	3815.180646000
17		1358	3815.186414000
17		43	3815.227206000
17		1358	3815.228849000
17		43	3815.273560000
17		1358	3815.275638000
17		48	3815.319192000
17		1358	3815.321035000
17		1358	3815.365076000
17		87	3815.365112000
17		1358	3815.374561000
17		630	3815.374594000
17		34	3815.398781000
17		1247	3815.411415000
17		43	3815.411439000
17		43	3815.411445000
17		35	3815.412576000
17		1358	3815.413069000
17		323	3815.421153000
17		33	3815.421188000
17		1358	3815.452761000
17		43	3815.457292000
17		1358	3815.492976000
17		43	3815.503196000
17		1358	3815.533435000
17		43	3815.549341000
17		1358	3815.573908000
17		43	3815.594930000
17		1358	3815.614784000
17		86	3815.641346000
17		643	3815.641372000
17		101	3815.641870000
17		37	3815.642142000
17		77	3815.650893000
17		33	3815.651705000
17		1358	3815.653164000
17		42	3815.687970000
17		1358	3815.693386000
17		43	3815.733653000
17		43	3815.733680000
17		41	3815.733689000
17		33	3815.734229000
17		1358	3815.735239000
17		43	3815.778844000
17		1358	3815.780394000
17		43	3815.825483000
17		1358	3815.827054000
17		43	3815.870755000
17		1358	3815.872311000
17		43	3815.917521000
17		1358	3815.919206000
17		41	3815.963085000
17		43	3815.963108000
17		43	3815.963114000
17		41	3815.963120000
17		1358	3815.965031000
17		33	3815.989325000
17		43	3816.009390000
17		1358	3816.010706000
17		43	3816.055436000
17		1358	3816.057003000
17		43	3816.101052000
17		1358	3816.102640000
17		43	3816.147126000
17		1358	3816.155636000
17		43	3816.192707000
17		1358	3816.208725000
17		43	3816.238875000
17		1358	3816.249247000
17		43	3816.284961000
17		1358	3816.286510000
17		1358	3816.327361000
17		48	3816.331441000
17		35	3816.344906000
17		1358	3816.367808000
17		43	3816.377578000
17		1358	3816.408175000
17		43	3816.422954000
17		1358	3816.449022000
17		43	3816.469036000
17		1358	3816.489525000
17		43	3816.515252000
17		1358	3816.529517000
17		43	3816.561561000
17		1358	3816.569374000
17		43	3816.607501000
17		1358	3816.609737000
17		43	3816.652651000
17		1358	3816.654179000
17		43	3816.698986000
17		1358	3816.700472000
17		43	3816.745402000
17		1358	3816.746598000
17		1358	3816.786576000
17		43	3816.790603000
17		1358	3816.825549000
17		43	3816.837546000
17		1358	3816.865660000
17		43	3816.883586000
17		1358	3816.897690000
17		43	3816.928756000
17		1358	3816.930313000
17		43	3816.974929000
17		1358	3816.976510000
17		43	3817.021408000
17		1358	3817.029952000
17		43	3817.066744000
17		1358	3817.083771000
17		43	3817.113296000
17		1358	3817.124647000
17		43	3817.158770000
17		1358	3817.165019000
17		43	3817.204702000
17		1358	3817.206214000
17		48	3817.251120000
17		1358	3817.252666000
17		1358	3817.293522000
17		43	3817.297317000
17		1358	3817.332047000
17		43	3817.343700000
17		1358	3817.372285000
17		43	3817.389361000
17		1358	3817.412203000
17		43	3817.434999000
17		1358	3817.451968000
17		43	3817.481542000
17		1358	3817.492374000
17		43	3817.527072000
17		1358	3817.532690000
17		43	3817.573352000
17		1358	3817.574387000
17		43	3817.618930000
17		1358	3817.620422000
17		43	3817.665362000
17		1358	3817.667165000
17		43	3817.711361000
17		1358	3817.711944000
17		43	3817.757072000
17		1358	3817.758679000
17		43	3817.803056000
17		1358	3817.811846000
17		43	3817.848851000
17		1358	3817.864468000
17		43	3817.895206000
17		1358	3817.904715000
17		43	3817.941573000
17		1358	3817.944192000
17		1358	3817.984232000
17		43	3817.986815000
17		1358	3818.025159000
17		43	3818.033357000
17		1358	3818.066585000
17		43	3818.079239000
17		1358	3818.107556000
17		43	3818.125551000
17		1358	3818.148367000
17		48	3818.170731000
17		35	3818.184725000
17		1358	3818.190086000
17		43	3818.217471000
17		1358	3818.231244000
17		43	3818.263230000
17		1358	3818.273162000
17		43	3818.309359000
17		1358	3818.315048000
17		43	3818.355344000
17		1358	3818.356919000
17		1358	3818.396345000
17		43	3818.401237000
17		1358	3818.436776000
17		43	3818.447510000
17		1358	3818.470743000
17		43	3818.492935000
17		1358	3818.503374000
17		43	3818.538999000
17		1358	3818.558078000
17		43	3818.585713000
17		1358	3818.612781000
17		43	3818.631284000
17		1358	3818.653425000
17		43	3818.677084000
17		1358	3818.695081000
17		43	3818.722969000
17		1358	3818.736017000
17		43	3818.769303000
17		1358	3818.777202000
17		43	3818.815247000
17		1358	3818.816778000
17		1358	3818.858676000
17		43	3818.861317000
17		1358	3818.898623000
17		43	3818.906656000
17		1358	3818.939789000
17		43	3818.952684000
17		1358	3818.981267000
17		43	3818.998838000
17		1358	3819.022009000
17		43	3819.045354000
17		1358	3819.063526000
17		48	3819.091187000
17		35	3819.104505000
17		1358	3819.104534000
17		43	3819.136956000
17		1358	3819.145845000
17		43	3819.182926000
17		1358	3819.186863000
17		43	3819.228674000
17		1358	3819.229761000
17		43	3819.275007000
17		1358	3819.275952000
17		43	3819.320931000
17		1358	3819.322071000
17		43	3819.367341000
17		1358	3819.376821000
17		43	3819.413591000
17		1358	3819.431049000
17		43	3819.459013000
17		1358	3819.471617000
17		43	3819.505096000
17		1358	3819.513442000
17		43	3819.550891000
17		1358	3819.552426000
17		43	3819.597512000
17		1358	3819.599096000
17		43	3819.643474000
17		1358	3819.644127000
17		43	3819.689675000
17		1358	3819.691366000
17		43	3819.734820000
17		1358	3819.735555000
17		43	3819.781499000
17		1358	3819.783132000
17		43	3819.827735000
17		1358	3819.829279000
17		43	3819.873164000
17		1358	3819.874711000
17		43	3819.919393000
17		1358	3819.920940000
17		1358	3819.962082000
17		43	3819.964714000
17		1358	3820.002736000
17		48	3820.011058000
17		35	3820.025347000
17		1358	3820.043735000
17		43	3820.056751000
17		1358	3820.084938000
17		43	3820.102828000
17		1358	3820.126451000
17		43	3820.149063000
17		1358	3820.159815000
17		43	3820.194723000
17		1358	3820.196385000
17		43	3820.240853000
17		1358	3820.250950000
17		43	3820.287724000
17		1358	3820.305825000
17		43	3820.333072000
17		1358	3820.347576000
17		43	3820.379167000
17		1358	3820.388312000
17		43	3820.424768000
17		1358	3820.429225000
17		1358	3820.470082000
17		43	3820.471247000
17		1358	3820.510665000
17		43	3820.517297000
17		1358	3820.551548000
17		43	3820.563073000
17		1358	3820.591268000
17		43	3820.608657000
17		1358	3820.631269000
17		43	3820.655482000
17		1358	3820.671789000
17		43	3820.701569000
17		1358	3820.711890000
17		43	3820.747148000
17		1358	3820.751876000
17		43	3820.793145000
17		1358	3820.794708000
17		43	3820.838966000
17		1358	3820.840177000
17		43	3820.884790000
17		1358	3820.885941000
17		48	3820.931557000
17		1358	3820.933123000
17		43	3820.977201000
17		1358	3820.978709000
17		1358	3821.010656000
17		43	3821.023291000
17		1358	3821.042822000
17		43	3821.068950000
17		1358	3821.096415000
17		43	3821.115047000
17		1358	3821.150422000
17		43	3821.160675000
17		1358	3821.190856000
17		43	3821.206735000
17		1358	3821.231097000
17		43	3821.252887000
17		1358	3821.271336000
17		43	3821.299084000
17		1358	3821.311767000
17		43	3821.345423000
17		1358	3821.351931000
17		43	3821.390962000
17		1358	3821.392042000
17		43	3821.436984000
17		1358	3821.439031000
17		43	3821.483267000
17		1358	3821.484826000
17		1358	3821.525422000
17		43	3821.529081000
17		1358	3821.564539000
17		43	3821.575149000
17		1358	3821.604613000
17		43	3821.620878000
17		1358	3821.644809000
17		43	3821.666858000
17		1358	3821.684770000
17		43	3821.712736000
17		1358	3821.717770000
17		43	3821.758720000
17		1358	3821.760037000
17		43	3821.804980000
17		1358	3821.813825000
17		48	3821.851108000
17		35	3821.864428000
17		1358	3821.867492000
17		43	3821.897103000
17		1358	3821.908247000
17		43	3821.942656000
17		1358	3821.949286000
17		43	3821.988963000
17		1358	3821.990760000
17		1358	3822.030810000
17		43	3822.035447000
17		1358	3822.070812000
17		43	3822.081069000
17		1358	3822.110460000
17		43	3822.127035000
17		1358	3822.151402000
17		43	3822.172660000
17		1358	3822.192335000
17		43	3822.218741000
17		43	3822.265426000
17		43	3822.311541000
17		1358	3822.313157000
17		43	3822.356826000
17		1358	3822.357660000
17		43	3822.403354000
17		1358	3822.404009000
17		43	3822.448752000
17		1358	3822.449969000
17		43	3822.495464000
17		1358	3822.496299000
17		1358	3822.536338000
17		43	3822.541174000
17		1358	3822.576536000
17		43	3822.587498000
17		1358	3822.616630000
17		43	3822.632672000
17		1358	3822.655828000
17		43	3822.678948000
17		1358	3822.694733000
17		43	3822.725320000
17		1358	3822.726933000
17		1358	3822.757483000
17		48	3822.771091000
17		35	3822.785004000
17		1358	3822.789229000
17		43	3822.817940000
17		1358	3822.819735000
17		1358	3822.853438000
17		43	3822.863530000
17		1358	3822.884764000
17		43	3822.909552000
17		1358	3822.937213000
17		43	3822.955225000
17		1358	3822.989547000
17		43	3823.001385000
17		1358	3823.042937000
17		43	3823.046871000
17		43	3823.093083000
17		1358	3823.095687000
17		1358	3823.133942000
17		43	3823.139267000
17		1358	3823.173829000
17		43	3823.185117000
17		1358	3823.213222000
17		43	3823.231208000
17		1358	3823.252462000
17		43	3823.277467000
17		1358	3823.292120000
17		43	3823.322860000
17		1358	3823.331436000
17		43	3823.369108000
17		1358	3823.370140000
17		1358	3823.409489000
17		43	3823.414688000
17		1358	3823.449206000
17		43	3823.461522000
17		1358	3823.488701000
17		43	3823.507308000
17		1358	3823.527972000
17		43	3823.552788000
17		1358	3823.566838000
17		43	3823.599195000
17		1358	3823.605548000
17		43	3823.644984000
17		1358	3823.645129000
17		1358	3823.685571000
17		48	3823.690753000
17		35	3823.704508000
17		1358	3823.724135000
17		43	3823.737517000
17		1358	3823.763879000
17		43	3823.783182000
17		1358	3823.802308000
17		43	3823.829037000
17		1358	3823.841868000
17		43	3823.875244000
17		1358	3823.880708000
17		1358	3823.920906000
17		43	3823.921116000
17		1358	3823.960471000
17		43	3823.967041000
17		1358	3823.999631000
17		43	3824.013492000
17		1358	3824.038035000
17		43	3824.058689000
17		1358	3824.077068000
17		43	3824.105110000
17		1358	3824.116468000
17		43	3824.151104000
17		1358	3824.156522000
17		1358	3824.187746000
17		43	3824.196712000
17		1358	3824.218819000
17		43	3824.243026000
17		1358	3824.250844000
17		1358	3824.282399000
17		43	3824.288917000
17		1358	3824.313772000
17		43	3824.335420000
17		1358	3824.344687000
17		43	3824.381031000
17		1358	3824.397451000
17		43	3824.426969000
17		1358	3824.449408000
17		43	3824.473486000
17		1358	3824.502818000
17		43	3824.519544000
17		1358	3824.554344000
17		43	3824.564988000
17		1358	3824.594142000
17		48	3824.611488000
17		35	3824.625347000
17		1358	3824.633038000
17		43	3824.657190000
17		1358	3824.671756000
17		43	3824.703234000
17		1358	3824.712276000
17		43	3824.749420000
17		1358	3824.751016000
17		1358	3824.791055000
17		43	3824.795342000
17		1358	3824.829644000
17		43	3824.841113000
17		1358	3824.868537000
17		43	3824.886798000
17		1358	3824.908088000
17		43	3824.932858000
17		1358	3824.947710000
17		43	3824.979367000
17		1358	3824.986947000
17		43	3825.024855000
17		1358	3825.026451000
17		1358	3825.066077000
17		43	3825.070959000
17		1358	3825.104752000
17		43	3825.117219000
17		1358	3825.143895000
17		43	3825.163173000
17		1358	3825.183544000
17		43	3825.209153000
17		1358	3825.222698000
17		43	3825.254993000
17		1358	3825.262684000
17		43	3825.300801000
17		1358	3825.302424000
17		1358	3825.340592000
17		43	3825.346823000
17		1358	3825.380170000
17		43	3825.392796000
17		1358	3825.420014000
17		43	3825.439313000
17		1358	3825.459208000
17		43	3825.485194000
17		1358	3825.497613000
17		48	3825.531341000
17		1358	3825.536704000
17		1358	3825.576446000
17		43	3825.576927000
17		1358	3825.615318000
17		43	3825.623536000
17		1358	3825.655799000
17		43	3825.669353000
17		1358	3825.685876000
17		43	3825.715027000
17		1358	3825.717798000
17		1358	3825.749721000
17		43	3825.760960000
17		1358	3825.781695000
17		43	3825.806671000
17		1358	3825.814039000
17		43	3825.852881000
17		1358	3825.865809000
17		43	3825.899345000
17		41	3825.899370000
17		37	3825.901022000
17		1358	3825.918990000
17		43	3825.945211000
17		1358	3825.971312000
17		43	3825.991092000
17		1358	3826.024029000
17		43	3826.037581000
17		1358	3826.062669000
17		43	3826.083431000
17		1358	3826.101689000
17		43	3826.128840000
17		1358	3826.142520000
17		43	3826.174881000
17		1358	3826.181788000
17		1358	3826.219995000
17		43	3826.221742000
17		1358	3826.260100000
17		43	3826.267106000
17		1358	3826.300850000
17		43	3826.313218000
17		1358	3826.341070000
17		43	3826.359065000
17		1358	3826.380936000
17		43	3826.405167000
17		1358	3826.419728000
17		43	3826.451554000
17		1358	3826.458578000
17		43	3826.497049000
17		1358	3826.498615000
17		1358	3826.537723000
17		43	3826.542741000
17		1358	3826.576604000
17		43	3826.589045000
17		1358	3826.616197000
17		43	3826.635114000
17		1358	3826.656394000
17		43	3826.681209000
17		1358	3826.696422000
17		43	3826.727504000
17		1358	3826.736801000
17		43	3826.773447000
17		1358	3826.777198000
17		48	3826.819061000
17		1358	3826.820654000
17		1358	3826.861072000
17		43	3826.865212000
17		1358	3826.900308000
17		43	3826.911080000
17		1358	3826.940534000
17		43	3826.957475000
17		1358	3826.980978000
17		43	3827.002969000
17		1358	3827.020629000
17		43	3827.049405000
17		1358	3827.060865000
17		43	3827.094923000
17		1358	3827.100818000
17		43	3827.141100000
17		1358	3827.142634000
17		43	3827.186891000
17		1358	3827.188650000
17		43	3827.232911000
17		1358	3827.234465000
17		48	3827.279086000
17		1358	3827.280477000
17		43	3827.324690000
17		1358	3827.334149000
17		43	3827.371751000
17		1358	3827.387092000
17		43	3827.417378000
17		1358	3827.440614000
17		43	3827.463376000
17		1358	3827.492364000
17		43	3827.509190000
17		1358	3827.532131000
17		43	3827.554651000
17		1358	3827.571774000
17		43	3827.601465000
17		1358	3827.611051000
17		43	3827.647076000
17		1358	3827.648631000
17		1358	3827.690213000
17		43	3827.693269000
17		1358	3827.729594000
17		43	3827.739195000
17		1358	3827.770913000
17		43	3827.784748000
17		1358	3827.811791000
17		43	3827.831040000
17		1358	3827.852386000
17		43	3827.877055000
17		1358	3827.892254000
17		43	3827.923469000
17		1358	3827.932546000
17		43	3827.969288000
17		1358	3827.970818000
17		1358	3828.010789000
17		43	3828.015111000
17		1358	3828.049850000
17		43	3828.060752000
17		1358	3828.089875000
17		43	3828.106841000
17		1358	3828.129888000
17		43	3828.152980000
17		1358	3828.170844000
17		48	3828.199073000
17		1358	3828.211022000
17		43	3828.244902000
17		1358	3828.251601000
17		43	3828.291214000
17		1358	3828.292132000
17		43	3828.336875000
17		1358	3828.338592000
17		43	3828.383389000
17		1358	3828.384456000
17		1358	3828.424231000
17		43	3828.428893000
17		1358	3828.463589000
17		43	3828.475365000
17		1358	3828.503506000
17		43	3828.520787000
17		1358	3828.543574000
17		43	3828.566714000
17		1358	3828.584348000
17		43	3828.613612000
17		1358	3828.616536000
17		43	3828.658608000
17		1358	3828.660600000
17		43	3828.704658000
17		1358	3828.706248000
17		43	3828.751882000
17		1358	3828.753643000
17		43	3828.797418000
17		1358	3828.807096000
17		43	3828.842832000
17		1358	3828.861279000
17		43	3828.889088000
17		1358	3828.914657000
17		43	3828.935383000
17		1358	3828.968344000
17		43	3828.980847000
17		1358	3829.006843000
17		43	3829.026820000
17		1358	3829.047421000
17		43	3829.073001000
17		1358	3829.088286000
17		48	3829.118889000
17		1358	3829.131727000
17		43	3829.165433000
17		1358	3829.173970000
17		43	3829.210968000
17		1358	3829.217319000
17		43	3829.256945000
17		1358	3829.258360000
17		43	3829.303450000
17		1358	3829.304078000
17		43	3829.349651000
17		1358	3829.350902000
17		43	3829.395432000
17		1358	3829.397313000
17		1358	3829.439715000
17		43	3829.441297000
17		1358	3829.482106000
17		43	3829.486936000
17		1358	3829.524640000
17		43	3829.533435000
17		1358	3829.567368000
17		43	3829.579065000
17		1358	3829.610786000
17		43	3829.625563000
17		1358	3829.652929000
17		43	3829.671088000
17		1358	3829.695847000
17		43	3829.717116000
17		1358	3829.739253000
17		43	3829.763276000
17		1358	3829.781739000
17		43	3829.809450000
17		1358	3829.824522000
17		43	3829.855082000
17		1358	3829.867823000
17		43	3829.900651000
17		1358	3829.910559000
17		43	3829.947182000
17		1358	3829.953268000
17		43	3829.993271000
17		1358	3829.994823000
17		1358	3830.038020000
17		48	3830.039556000
17		35	3830.053574000
17		1358	3830.079195000
17		43	3830.085106000
17		1358	3830.113179000
17		43	3830.131407000
17		1358	3830.147791000
17		43	3830.177495000
17		1358	3830.182520000
17		43	3830.222771000
17		1358	3830.224086000
17		43	3830.269244000
17		1358	3830.280304000
17		43	3830.315280000
17		1358	3830.337026000
17		43	3830.361556000
17		1358	3830.393982000
17		43	3830.407063000
17		1358	3830.450634000
17		43	3830.453265000
17		1358	3830.493080000
17		43	3830.498971000
17		1358	3830.535401000
17		43	3830.545540000
17		1358	3830.577452000
17		43	3830.591421000
17		1358	3830.619980000
17		43	3830.637561000
17		1358	3830.660828000
17		43	3830.683389000
17		1358	3830.702805000
17		43	3830.729084000
17		1358	3830.744473000
17		43	3830.775253000
17		1358	3830.786061000
17		43	3830.821628000
17		1358	3830.828695000
17		43	3830.867418000
17		1358	3830.868544000
17		1358	3830.911136000
17		43	3830.912980000
17		1358	3830.953801000
17		48	3830.959351000
17		35	3830.973476000
17		1358	3830.995881000
17		43	3831.005099000
17		1358	3831.037980000
17		43	3831.051298000
17		1358	3831.081061000
17		43	3831.097341000
17		1358	3831.121895000
17		43	3831.143172000
17		1358	3831.164069000
17		43	3831.189038000
17		1358	3831.205638000
17		43	3831.235134000
17		1358	3831.247890000
17		43	3831.280695000
17		1358	3831.289622000
17		43	3831.326885000
17		1358	3831.330976000
17		43	3831.372695000
17		1358	3831.372932000
17		1358	3831.414550000
17		43	3831.418809000
17		1358	3831.458202000
17		43	3831.464784000
17		1358	3831.500337000
17		43	3831.511212000
17		1358	3831.543646000
17		43	3831.557310000
17		1358	3831.577890000
17		43	3831.602666000
17		1358	3831.612705000
17		1358	3831.646282000
17		43	3831.649189000
17		1358	3831.679282000
17		43	3831.695392000
17		1358	3831.713960000
17		43	3831.741682000
17		1358	3831.770355000
17		43	3831.787152000
17		1358	3831.826792000
17		43	3831.833512000
17		48	3831.879128000
17		1358	3831.883726000
17		43	3831.925282000
17		1358	3831.926319000
17		1358	3831.968324000
17		43	3831.970847000
17		1358	3832.010501000
17		43	3832.017421000
17		1358	3832.052777000
17		43	3832.063533000
17		1358	3832.095639000
17		43	3832.109135000
17		1358	3832.138068000
17		43	3832.154742000
17		1358	3832.180167000
17		43	3832.201260000
17		1358	3832.221662000
17		43	3832.247234000
17		1358	3832.264238000
17		43	3832.292833000
17		1358	3832.305755000
17		43	3832.339301000
17		1358	3832.346966000
17		43	3832.385007000
17		1358	3832.389073000
17		43	3832.431116000
17		1358	3832.431227000
17		1358	3832.472247000
17		43	3832.477309000
17		1358	3832.514216000
17		43	3832.523803000
17		1358	3832.557132000
17		43	3832.569420000
17		1358	3832.599639000
17		43	3832.615404000
6	0		3832.624266000
6	0		3832.624309000
17		1358	3832.642109000
17		43	3832.660863000
17		43	3832.707174000
17		43	3832.753543000
17		48	3832.798863000
17		35	3832.812506000
17		43	3832.844819000
17		43	3832.890651000
17		1358	3832.892251000
17		43	3832.936767000
17		1358	3832.937822000
17		43	3832.983485000
17		1358	3832.984884000
17		43	3833.029213000
17		1358	3833.030586000
17		43	3833.074992000
17		1358	3833.076724000
17		1358	3833.119270000
17		43	3833.120674000
17		1358	3833.161281000
17		43	3833.167522000
17		1358	3833.202445000
17		43	3833.213383000
17		1358	3833.244634000
17		43	3833.259424000
17		1358	3833.285925000
17		43	3833.304706000
17		1358	3833.328360000
17		43	3833.351063000
17		1358	3833.370232000
17		43	3833.397485000
17		1358	3833.412367000
17		43	3833.443327000
17		1358	3833.452919000
17		1358	3833.486894000
17		43	3833.489687000
17		1358	3833.519839000
17		43	3833.534764000
17		1358	3833.554232000
17		43	3833.580988000
17		1358	3833.587109000
17		1358	3833.620663000
17		43	3833.627336000
17		1358	3833.654068000
17		43	3833.672904000
17		1358	3833.709662000
17		48	3833.719265000
17		35	3833.733311000
17		1358	3833.763238000
17		43	3833.764868000
17		43	3833.811305000
17		1358	3833.815282000
6	0		3833.825864000
6	0		3833.825912000
17		1358	3833.854137000
17		43	3833.857467000
6	0		3833.870653000
17		1358	3833.892046000
17		43	3833.903289000
17		1358	3833.930294000
17		43	3833.949412000
17		1358	3833.969136000
17		43	3833.995453000
17		1358	3834.007338000
17		43	3834.041149000
17		1358	3834.045461000
17		1358	3834.083266000
17		43	3834.087448000
17		1358	3834.122090000
17		43	3834.133385000
17		1358	3834.160663000
17		43	3834.179441000
17		1358	3834.198774000
17		43	3834.225436000
17		1358	3834.237619000
17		43	3834.270906000
17		1358	3834.275579000
17		1358	3834.313064000
17		43	3834.316788000
17		1358	3834.351936000
17		43	3834.363162000
17		1358	3834.390427000
17		43	3834.409071000
17		1358	3834.429252000
17		43	3834.455538000
17		1358	3834.467115000
17		43	3834.501410000
17		1358	3834.505810000
17		1358	3834.544275000
17		43	3834.547281000
17		1358	3834.581590000
17		43	3834.593408000
17		1358	3834.619887000
17		48	3834.638689000
17		35	3834.652724000
17		1358	3834.659319000
17		43	3834.684987000
17		1358	3834.697602000
17		43	3834.731481000
17		1358	3834.735751000
17		1358	3834.774343000
17		43	3834.776807000
17		1358	3834.812046000
17		43	3834.823414000
17		1358	3834.850051000
17		43	3834.869230000
17		1358	3834.888253000
17		43	3834.915526000
17		1163	3834.927407000
17		43	3834.961336000
17		43	3835.007536000
17		43	3835.053487000
17		43	3835.098868000
17		43	3835.144900000
17		43	3835.190953000
17		1042	3835.237370000
6	0		3835.237398000
6	0		3835.237406000
17		47	3835.238031000
6	0		3835.238410000
6	0		3835.238501000
17		156	3835.238749000
17		1353	3835.238761000
17		1358	3835.238781000
17		1358	3835.238798000
17		1358	3835.238808000
17		1358	3835.238813000
17		1358	3835.238817000
17		1358	3835.238823000
17		1358	3835.238827000
17		1358	3835.238833000
17		1358	3835.270532000
17		1358	3835.301059000
17		49	3835.329900000
17		35	3835.344039000
17		43	3835.374645000
17		43	3835.421297000
17		43	3835.466987000
17		43	3835.513461000
17		1358	3835.514837000
17		43	3835.558653000
17		1358	3835.560257000
17		43	3835.604966000
17		1358	3835.606150000
17		43	3835.651306000
17		1358	3835.652954000
17		43	3835.697239000
17		1358	3835.698896000
17		43	3835.743573000
17		1358	3835.745185000
17		43	3835.788816000
17		1358	3835.790467000
17		43	3835.835180000
17		1358	3835.837037000
17		43	3835.880781000
17		1358	3835.882409000
17		43	3835.927308000
17		1358	3835.928560000
17		43	3835.972683000
17		1358	3835.974193000
17		1358	3836.013960000
17		43	3836.019529000
17		1358	3836.051360000
17		43	3836.065206000
17		1358	3836.082632000
17		43	3836.111562000
17		1358	3836.113558000
17		43	3836.156682000
17		1358	3836.165714000
17		43	3836.202987000
17		1358	3836.217410000
17		48	3836.249003000
17		35	3836.263086000
17		1358	3836.269547000
17		43	3836.295034000
17		1358	3836.308909000
17		43	3836.340805000
17		1358	3836.347936000
17		43	3836.387227000
17		1358	3836.387987000
17		43	3836.433211000
17		1358	3836.434751000
17		43	3836.479009000
17		1358	3836.481185000
17		43	3836.524835000
17		1358	3836.526166000
17		1358	3836.565526000
17		43	3836.571253000
17		1358	3836.603731000
17		43	3836.616664000
17		1358	3836.642566000
17		43	3836.662957000
17		1358	3836.681889000
17		43	3836.709566000
17		1358	3836.721108000
17		43	3836.754927000
17		1358	3836.760425000
17		43	3836.801223000
17		1358	3836.803028000
17		43	3836.847427000
17		1358	3836.848673000
17		43	3836.893036000
17		1358	3836.893962000
17		43	3836.938866000
17		1358	3836.946112000
17		43	3836.985177000
17		1358	3836.997414000
17		43	3837.031217000
17		1358	3837.037505000
17		43	3837.077511000
17		1358	3837.078951000
17		1358	3837.116884000
17		43	3837.123487000
17		1358	3837.156363000
17		48	3837.169096000
17		35	3837.182851000
17		1358	3837.196049000
17		43	3837.215609000
17		1358	3837.236362000
17		43	3837.261146000
17		1358	3837.276928000
17		43	3837.306783000
17		1358	3837.317347000
17		43	3837.353055000
17		1358	3837.357909000
17		43	3837.399761000
17		1358	3837.401268000
17		43	3837.445410000
17		1358	3837.446829000
17		43	3837.491416000
17		1358	3837.492612000
17		43	3837.537145000
17		1358	3837.538669000
17		43	3837.582847000
17		1358	3837.583991000
17		1358	3837.616701000
17		43	3837.628922000
17		1358	3837.647701000
17		43	3837.675261000
17		1358	3837.701448000
17		43	3837.721142000
17		1358	3837.754444000
17		43	3837.766720000
17		1358	3837.794922000
17		43	3837.813614000
17		1358	3837.835276000
17		43	3837.859124000
17		1358	3837.875369000
17		43	3837.905399000
17		1358	3837.916344000
17		43	3837.950701000
17		1358	3837.957413000
17		43	3837.997424000
17		1358	3837.998928000
17		43	3838.042669000
17		1358	3838.044082000
17		48	3838.089121000
17		1358	3838.089828000
17		43	3838.135779000
17		1358	3838.136959000
17		1358	3838.177412000
17		43	3838.181247000
17		1358	3838.216617000
17		43	3838.227590000
17		1358	3838.257345000
17		43	3838.272625000
17		1358	3838.298569000
17		43	3838.319483000
17		1358	3838.339305000
17		43	3838.364860000
17		1358	3838.371247000
17		43	3838.411475000
17		1358	3838.412473000
17		43	3838.457409000
17		1358	3838.465536000
17		43	3838.503524000
17		1358	3838.518478000
17		43	3838.548980000
17		1358	3838.559228000
17		43	3838.595842000
17		1358	3838.600275000
17		43	3838.641509000
17		1358	3838.643059000
17		1358	3838.684255000
17		43	3838.687404000
17		1358	3838.722673000
17		43	3838.733397000
17		1358	3838.762799000
17		43	3838.778827000
17		1358	3838.803166000
17		43	3838.824729000
17		1358	3838.843746000
17		43	3838.871289000
17		1358	3838.884686000
17		43	3838.916940000
17		1358	3838.925355000
17		43	3838.962821000
17		1358	3838.964058000
17		48	3839.009595000
17		1358	3839.011234000
17		43	3839.055833000
17		1358	3839.057413000
17		43	3839.101419000
17		1358	3839.103067000
17		43	3839.147581000
17		1358	3839.148830000
17		1358	3839.181236000
17		43	3839.193137000
17		1358	3839.211950000
17		43	3839.239214000
17		1358	3839.265180000
17		43	3839.285165000
17		1358	3839.318383000
17		43	3839.331338000
17		1358	3839.358641000
17		43	3839.377502000
17		1358	3839.399010000
17		43	3839.422779000
17		1358	3839.439911000
17		43	3839.469176000
17		1358	3839.479869000
17		43	3839.515192000
17		1358	3839.519569000
17		43	3839.561018000
17		1358	3839.562998000
17		43	3839.606611000
17		1358	3839.608096000
17		43	3839.652978000
17		1358	3839.654490000
17		43	3839.699155000
17		1358	3839.700699000
17		1358	3839.741103000
17		43	3839.744668000
17		1358	3839.780973000
17		43	3839.791216000
17		1358	3839.821138000
17		43	3839.837063000
17		1358	3839.861267000
17		43	3839.883226000
17		1358	3839.893267000
17		48	3839.929477000
17		1358	3839.931203000
17		43	3839.975772000
17		1358	3839.985225000
17		43	3840.021327000
17		1358	3840.038838000
17		43	3840.067604000
17		1358	3840.078885000
17		43	3840.113178000
17		1358	3840.118866000
17		43	3840.159037000
17		1358	3840.160566000
17		43	3840.205382000
17		1358	3840.206704000
17		1358	3840.246957000
17		43	3840.250698000
17		1358	3840.286077000
17		43	3840.297324000
17		1358	3840.325941000
17		43	3840.343135000
17		1358	3840.365900000
17		43	3840.388954000
17		1358	3840.406267000
17		43	3840.434900000
17		1358	3840.446151000
17		43	3840.481378000
17		1358	3840.486975000
17		43	3840.527219000
17		1358	3840.528768000
17		43	3840.573079000
17		1358	3840.574684000
17		43	3840.618726000
17		1358	3840.619973000
17		43	3840.664734000
17		1358	3840.666247000
17		43	3840.710993000
17		1358	3840.719518000
17		43	3840.757138000
17		1358	3840.773043000
17		43	3840.803680000
17		1358	3840.813092000
17		48	3840.849209000
17		1358	3840.851211000
17		1358	3840.891182000
17		43	3840.895165000
17		1358	3840.930779000
17		43	3840.941321000
17		1358	3840.971195000
17		43	3840.986743000
17		1358	3841.011277000
17		43	3841.033288000
17		1358	3841.051510000
17		43	3841.095485000
17		1358	3841.097028000
17		43	3841.156686000
17		1358	3841.157900000
17		43	3841.219189000
17		1358	3841.221397000
17		43	3841.281230000
17		1358	3841.282674000
17		1358	3841.322949000
17		43	3841.343552000
17		1358	3841.363102000
17		43	3841.405169000
17		1358	3841.406840000
17		43	3841.467433000
17		1358	3841.469233000
17		43	3841.529113000
17		1358	3841.530197000
17		43	3841.591723000
17		1358	3841.593329000
17		43	3841.653408000
17		1358	3841.654890000
17		43	3841.714879000
17		1358	3841.716449000
17		43	3841.777065000
17		1358	3841.778671000
17		43	3841.838667000
17		1358	3841.841220000
17		43	3841.900992000
17		1358	3841.902592000
17		43	3841.962599000
17		1358	3841.964440000
17		48	3842.025019000
17		1358	3842.026933000
17		1358	3842.067139000
17		43	3842.086729000
17		1358	3842.106218000
17		43	3842.149458000
17		1358	3842.151042000
17		43	3842.210675000
17		1358	3842.211505000
17		43	3842.273502000
17		1358	3842.275074000
17		43	3842.335232000
17		1358	3842.336839000
17		43	3842.396830000
17		1358	3842.398473000
17		43	3842.459275000
17		1358	3842.460860000
17		43	3842.520827000
17		1358	3842.521949000
17		43	3842.582674000
17		1358	3842.584041000
17		43	3842.645273000
17		1358	3842.646898000
6	0		3842.648007000
6	0		3842.648085000
17		43	3842.707512000
17		219	3842.708276000
17		43	3842.769201000
6	0		3842.771529000
6	41		3842.777046000
17		43	3842.830827000
17		43	3842.892653000
6	0		3842.900052000
6	21		3842.900093000
6	0		3842.900108000
6	1080		3842.901326000
17		43	3842.954705000
17		1129	3843.017043000
17		41	3843.017690000
6	440		3843.024618000
17		159	3843.033696000
17		1353	3843.033729000
17		1358	3843.033732000
17		1358	3843.033736000
17		1358	3843.033740000
6	0		3843.066217000
17		1358	3843.073572000
17		1358	3843.113697000
17		49	3843.141486000
17		1358	3843.153729000
6	48		3843.189268000
6	0		3843.189307000
6	280		3843.194861000
17		43	3843.203337000
17		1358	3843.204940000
17		1358	3843.245359000
17		43	3843.265138000
17		1358	3843.285068000
6	16		3843.324331000
17		43	3843.326656000
17		1358	3843.328341000
6	0		3843.366222000
17		43	3843.388898000
17		1358	3843.390570000
17		43	3843.451398000
17		1358	3843.452992000
6	52		3843.489216000
6	0		3843.489258000
6	52		3843.489403000
17		43	3843.512956000
17		1358	3843.514687000
17		43	3843.575239000
17		1358	3843.576857000
6	100		3843.612511000
17		43	3843.637051000
17		1358	3843.638437000
6	0		3843.654229000
17		43	3843.699060000
17		1358	3843.700638000
17		43	3843.760618000
17		1358	3843.762256000
17		43	3843.823565000
17		1358	3843.825224000
17		43	3843.885473000
17		1358	3843.886767000
17		43	3843.947481000
17		1358	3843.949105000
17		1358	3844.003105000
17		43	3844.008904000
17		1358	3844.056377000
17		43	3844.071304000
17		1358	3844.110369000
17		43	3844.132704000
17		1358	3844.164535000
17		43	3844.194757000
17		1358	3844.218262000
17		43	3844.256664000
17		1358	3844.272277000
17		43	3844.319572000
17		1358	3844.327315000
17		48	3844.381493000
17		1358	3844.383103000
17		43	3844.442633000
17		1358	3844.444069000
17		43	3844.504772000
17		1358	3844.506356000
6	0		3844.532696000
6	0		3844.532733000
17		43	3844.566905000
17		1358	3844.578339000
17		43	3844.628718000
17		1358	3844.649764000
17		43	3844.691589000
17		1358	3844.704513000
17		43	3844.753081000
17		1358	3844.757421000
6	73		3844.810107000
17		1358	3844.811028000
6	73		3844.811206000
17		43	3844.814679000
17		1358	3844.863811000
17		43	3844.877378000
17		1358	3844.917788000
17		43	3844.938980000
17		1358	3844.971598000
17		43	3845.001195000
17		1358	3845.025326000
17		43	3845.062634000
17		1358	3845.062666000
17		1358	3845.063869000
17		1358	3845.079935000
17		33	3845.089036000
6	0		3845.124675000
17		43	3845.124704000
17		1358	3845.134022000
6	0		3845.187136000
17		43	3845.187170000
17		1358	3845.188935000
17		43	3845.249077000
17		1358	3845.250227000
17		43	3845.311114000
17		1358	3845.312700000
17		43	3845.373325000
17		43	3845.435061000
6	68		3845.448077000
1,17		1358	3845.497754000
1,17		33	3845.497784000
17		43	3845.497794000
17		1358	3845.499548000
17		43	3845.559578000
17		1358	3845.561273000
6	52		3845.571178000
6	0		3845.571222000
6	0		3845.571242000
6	0		3845.572857000
17		48	3845.621584000
17		1358	3845.622940000
17		43	3845.682984000
17		1358	3845.684399000
6	0		3845.695802000
17		1358	3845.738819000
17		43	3845.745028000
17		1358	3845.792175000
17		43	3845.807121000
17		1358	3845.845238000
17		43	3845.869404000
17		1358	3845.898497000
17		43	3845.931502000
17		1358	3845.950931000
17		43	3845.992652000
17		1358	3846.004285000
17		43	3846.055081000
17		1358	3846.056639000
17		1358	3846.110543000
17		43	3846.117589000
17		1358	3846.164370000
17		43	3846.179170000
17		1358	3846.217295000
17		43	3846.240737000
17		1358	3846.270450000
17		43	3846.302684000
17		1358	3846.323545000
17		43	3846.364680000
17		1358	3846.375872000
17		43	3846.426734000
17		1358	3846.428348000
17		1358	3846.482676000
17		43	3846.489281000
6	0		3846.534523000
6	0		3846.534580000
17		1358	3846.535439000
17		43	3846.550963000
17		1358	3846.589066000
17		43	3846.613625000
17		1358	3846.641691000
17		43	3846.675182000
17		1358	3846.683835000
17		1358	3846.726587000
17		43	3846.737151000
17		1358	3846.768814000
17		43	3846.798793000
17		1358	3846.810393000
17		1358	3846.853446000
17		48	3846.861108000
17		35	3846.875453000
17		1358	3846.895392000
17		43	3846.922826000
17		1358	3846.938887000
17		43	3846.984713000
17		1358	3847.009805000
17		43	3847.047441000
17		1358	3847.078749000
6	0		3847.081414000
6	41		3847.087168000
17		43	3847.109398000
17		1358	3847.149934000
17		43	3847.170888000
17		1358	3847.221083000
17		43	3847.233174000
6	0		3847.249013000
6	0		3847.249067000
6	0		3847.288569000
6	12		3847.288787000
17		1358	3847.291807000
6	0		3847.292106000
17		43	3847.295401000
6	0		3847.328052000
6	12		3847.328086000
6	0		3847.328097000
6	1		3847.328267000
6	4		3847.328280000
6	32		3847.328288000
6	0		3847.328300000
17		1358	3847.344590000
17		43	3847.356829000
6	0		3847.367496000
6	0		3847.367531000
6	0		3847.367541000
6	0		3847.367553000
17		1358	3847.396511000
17		43	3847.419225000
17		1358	3847.450160000
6	21		3847.479366000
6	0		3847.479403000
6	1080		3847.480352000
17		43	3847.480902000
17		1358	3847.502918000
17		43	3847.543542000
17		1358	3847.556035000
17		43	3847.605566000
17		1358	3847.607389000
17		1358	3847.662136000
17		43	3847.667329000
17		1358	3847.715849000
17		43	3847.729590000
17		1358	3847.767787000
17		43	3847.791277000
17		1358	3847.821016000
17		43	3847.853221000
17		1358	3847.874202000
17		43	3847.915319000
17		1358	3847.928163000
17		43	3847.977714000
17		1358	3847.979235000
6	440		3848.018696000
17		1358	3848.034075000
17		43	3848.039621000
6	0		3848.062211000
17		1358	3848.085907000
17		48	3848.100761000
17		35	3848.114271000
17		1358	3848.138791000
17		43	3848.163301000
17		1358	3848.192199000
17		43	3848.225004000
17		1358	3848.245068000
6	48		3848.278920000
6	0		3848.278957000
6	280		3848.283121000
17		43	3848.287375000
17		1358	3848.298269000
17		43	3848.349278000
17		1358	3848.350861000
17		1358	3848.403976000
17		43	3848.411751000
17		1358	3848.457124000
17		43	3848.473734000
17		1358	3848.510070000
17		43	3848.535672000
17		1358	3848.563039000
17		43	3848.596851000
17		1358	3848.616153000
6	16		3848.627698000
6	0		3848.629170000
6	0		3848.629187000
6	52		3848.656385000
6	52		3848.656491000
17		43	3848.659316000
17		1358	3848.669064000
6	0		3848.679888000
17		43	3848.720777000
17		1358	3848.722363000
6	0		3848.732526000
6	0		3848.732573000
6	100		3848.768174000
6	0		3848.769054000
17		1358	3848.774063000
17		43	3848.783258000
6	0		3848.818227000
17		1358	3848.827585000
17		43	3848.845305000
17		1358	3848.880766000
17		43	3848.906849000
17		1358	3848.933482000
17		43	3848.969164000
17		1358	3848.986987000
17		43	3849.031117000
17		1358	3849.039696000
17		1358	3849.092196000
17		43	3849.093402000
17		1358	3849.148422000
17		43	3849.154786000
17		1358	3849.188189000
17		43	3849.217310000
17		1358	3849.230072000
17		1358	3849.272843000
17		43	3849.278667000
17		1358	3849.314845000
17		48	3849.341057000
17		35	3849.355413000
17		1358	3849.357669000
17		1358	3849.399739000
17		43	3849.403398000
17		1358	3849.442927000
17		43	3849.465135000
17		1358	3849.512488000
17		43	3849.527347000
17		1358	3849.583128000
17		43	3849.588843000
17		43	3849.650723000
17		1358	3849.652446000
17		43	3849.713533000
17		1358	3849.725187000
17		43	3849.774686000
17		1358	3849.776076000
6	56		3849.810548000
6	0		3849.810597000
6	56		3849.811254000
6	0		3849.811306000
17		1358	3849.830937000
17		43	3849.837645000
17		41	3849.837676000
17		37	3849.838743000
17		1358	3849.883493000
17		43	3849.898709000
17		1358	3849.936324000
17		43	3849.960841000
17		1358	3849.990391000
17		43	3850.022933000
17		1358	3850.043246000
17		43	3850.084667000
17		1358	3850.095825000
17		43	3850.146789000
17		1358	3850.148281000
17		1358	3850.201766000
17		43	3850.209301000
17		1358	3850.254162000
17		43	3850.271262000
17		1358	3850.307279000
17		43	3850.333473000
17		1358	3850.360980000
6	0		3850.386717000
6	0		3850.386770000
6	0		3850.395403000
6	0		3850.395426000
17		43	3850.395433000
6	0		3850.395439000
6	0		3850.395443000
17		1358	3850.413671000
17		43	3850.457303000
17		1358	3850.466157000
17		43	3850.518941000
17		1358	3850.518968000
17		1358	3850.572873000
17		43	3850.581663000
6	68		3850.624318000
17		1358	3850.626443000
17		43	3850.643444000
6	0		3850.677115000
17		1358	3850.680120000
6	41		3850.683468000
17		43	3850.704925000
17		1358	3850.733846000
17		43	3850.767454000
17		1358	3850.787562000
17		43	3850.829191000
17		1358	3850.841347000
17		43	3850.890843000
17		1358	3850.891947000
6	0		3850.929756000
6	52		3850.930119000
6	0		3850.930131000
6	0		3850.931468000
17		1358	3850.946202000
17		43	3850.953436000
6	0		3850.973193000
6	21		3850.974194000
6	0		3850.974211000
6	1080		3850.975153000
17		1358	3850.999263000
17		43	3851.015374000
17		1358	3851.053031000
17		48	3851.077387000
17		35	3851.092056000
17		1358	3851.106963000
6	0		3851.123717000
6	0		3851.123756000
17		43	3851.139193000
17		1358	3851.160454000
6	0		3851.190396000
17		43	3851.201200000
17		1358	3851.214607000
17		43	3851.263453000
6	0		3851.264931000
17		1358	3851.268984000
6	440		3851.280655000
6	0		3851.322250000
17		43	3851.325672000
17		1358	3851.327170000
17		43	3851.387165000
17		1358	3851.388697000
17		1358	3851.442633000
17		43	3851.449224000
17		1358	3851.495571000
6	0		3851.509606000
6	0		3851.509653000
17		43	3851.510687000
6	0		3851.548663000
17		1358	3851.549255000
17		43	3851.572846000
17		1358	3851.602977000
6	48		3851.612056000
6	0		3851.612092000
6	280		3851.616027000
17		43	3851.635429000
17		1358	3851.646052000
17		43	3851.697183000
17		1358	3851.698036000
17		43	3851.759157000
17		1358	3851.761015000
17		43	3851.821098000
17		1358	3851.822624000
17		43	3851.883132000
17		1358	3851.884675000
6	0		3851.905949000
6	16		3851.927014000
17		43	3851.944898000
17		1358	3851.956944000
6	0		3851.970234000
17		43	3852.006881000
6	0		3852.009322000
6	0		3852.009366000
17		1358	3852.028314000
6	0		3852.053715000
17		43	3852.069132000
17		1358	3852.099940000
17		43	3852.131489000
17		1358	3852.171906000
17		43	3852.193446000
17		1358	3852.245836000
17		43	3852.255017000
6	52		3852.259866000
6	0		3852.259903000
6	52		3852.259990000
17		1358	3852.299968000
17		48	3852.316917000
17		35	3852.330933000
17		1358	3852.353983000
17		43	3852.379367000
17		1358	3852.407543000
17		43	3852.441188000
17		1358	3852.461782000
17		43	3852.502854000
17		1358	3852.516842000
6	84		3852.552447000
17		43	3852.565095000
17		1358	3852.570865000
6	0		3852.594220000
17		1358	3852.624470000
17		43	3852.626901000
17		1358	3852.679499000
17		43	3852.688672000
17		1358	3852.734928000
17		43	3852.750814000
17		1358	3852.789756000
17		43	3852.813142000
17		1358	3852.845014000
17		43	3852.874850000
17		1358	3852.900451000
17		43	3852.937224000
17		1358	3852.955540000
17		43	3852.998658000
17		1358	3853.010196000
17		43	3853.060743000
17		1358	3853.062302000
17		1358	3853.118165000
17		43	3853.123184000
17		1358	3853.172843000
17		43	3853.185477000
17		1358	3853.227640000
17		43	3853.247306000
17		1358	3853.283196000
17		43	3853.308941000
17		1358	3853.338970000
17		43	3853.370638000
17		1358	3853.394324000
17		43	3853.433207000
17		1358	3853.449760000
17		43	3853.495577000
17		1358	3853.505144000
17		48	3853.556888000
17		1358	3853.560842000
17		1358	3853.616041000
17		43	3853.618747000
17		1358	3853.670714000
17		43	3853.681306000
17		1358	3853.726115000
17		43	3853.742970000
17		1358	3853.781698000
17		43	3853.805464000
17		1358	3853.836578000
17		43	3853.866706000
17		1358	3853.891125000
17		43	3853.928695000
17		1358	3853.946247000
17		43	3853.990676000
17		1358	3854.001395000
17		43	3854.053432000
17		1358	3854.055082000
17		43	3854.114768000
17		1358	3854.115811000
17		43	3854.177456000
17		1358	3854.179005000
17		43	3854.239076000
17		1358	3854.239801000
17		43	3854.301493000
17		1358	3854.302797000
17		1358	3854.346978000
17		43	3854.363154000
17		1358	3854.390600000
17		43	3854.425129000
17		1358	3854.463759000
17		43	3854.486749000
17		1358	3854.537925000
17		43	3854.549044000
17		43	3854.611276000
17		1358	3854.611678000
6	68		3854.624209000
17		43	3854.672756000
17		1358	3854.684660000
17		43	3854.735387000
17		1358	3854.739799000
17		1358	3854.793806000
17		48	3854.797051000
17		35	3854.810223000
17		1358	3854.848533000
17		43	3854.858897000
17		1358	3854.903763000
6	52		3854.916188000
6	0		3854.916230000
6	0		3854.916251000
6	0		3854.917547000
17		43	3854.920839000
17		1358	3854.958381000
17		43	3854.982963000
17		1358	3855.013337000
17		43	3855.045569000
17		1358	3855.068679000
17		1358	3855.106831000
17		86	3855.106861000
17		1358	3855.115363000
17		630	3855.115399000
17		1358	3855.122886000
17		34	3855.139771000
17		1247	3855.168941000
17		43	3855.168972000
17		43	3855.168981000
17		35	3855.169955000
17		1358	3855.177169000
17		323	3855.179503000
17		33	3855.179744000
6	0		3855.207206000
17		43	3855.230948000
17		1358	3855.232993000
17		1358	3855.286459000
17		43	3855.292846000
17		1358	3855.340705000
17		43	3855.355576000
6	0		3855.368689000
6	0		3855.368742000
17		1358	3855.396317000
6	0		3855.407553000
6	12		3855.407876000
17		43	3855.416930000
6	0		3855.446658000
6	12		3855.446696000
6	0		3855.446710000
6	1		3855.446933000
6	4		3855.446957000
6	32		3855.446968000
6	0		3855.446982000
17		1358	3855.451367000
17		43	3855.478757000
6	0		3855.485643000
6	0		3855.485686000
6	0		3855.485763000
6	0		3855.485880000
6	0		3855.485898000
17		1358	3855.506765000
17		43	3855.541521000
17		1358	3855.561835000
17		43	3855.602995000
17		1358	3855.616424000
17		43	3855.665342000
17		1358	3855.672215000
17		43	3855.727590000
17		1358	3855.729099000
17		86	3855.789477000
17		41	3855.789499000
17		101	3855.790084000
17		41	3855.850821000
17		43	3855.913609000
17		41	3855.913684000
17		1358	3855.914663000
17		43	3855.974702000
17		43	3855.974728000
17		41	3855.974736000
17		33	3855.975426000
17		1358	3855.976267000
17		43	3856.036996000
17		1358	3856.038588000
17		43	3856.099571000
17		1358	3856.100648000
17		48	3856.160869000
17		1358	3856.162508000
17		43	3856.222876000
17		43	3856.285620000
17		43	3856.346999000
17		43	3856.408973000
17		43	3856.471235000
17		43	3856.532602000
17		41	3856.532629000
17		43	3856.595602000
17		1358	3856.597206000
17		43	3856.656672000
17		1358	3856.658207000
17		43	3856.719784000
17		1358	3856.721301000
17		43	3856.780658000
17		1358	3856.782215000
17		43	3856.842692000
17		1358	3856.844508000
17		43	3856.905510000
17		1358	3856.906463000
17		1358	3856.964333000
17		43	3856.967020000
17		1358	3857.021183000
17		43	3857.028628000
17		1358	3857.077107000
17		43	3857.091633000
17		1358	3857.134110000
17		43	3857.153696000
17		1358	3857.190861000
17		43	3857.215538000
17		1358	3857.247770000
17		43	3857.277328000
17		1358	3857.304490000
17		43	3857.339151000
17		1358	3857.361461000
17		48	3857.401024000
17		35	3857.414777000
17		1358	3857.418992000
17		43	3857.462749000
17		1358	3857.474892000
17		43	3857.525456000
17		1358	3857.532115000
17		43	3857.587269000
17		1358	3857.588773000
17		1358	3857.645888000
17		43	3857.649409000
17		1358	3857.703113000
17		43	3857.711048000
17		1358	3857.759762000
17		43	3857.773230000
17		1358	3857.804309000
17		43	3857.834986000
17		1358	3857.850303000
17		1358	3857.895565000
17		43	3857.897447000
17		1358	3857.941155000
17		43	3857.958844000
17		1358	3857.986253000
17		43	3858.021240000
17		1358	3858.063103000
17		43	3858.083484000
17		1358	3858.138162000
17		43	3858.144787000
17		43	3858.207446000
17		1358	3858.210454000
17		1358	3858.266025000
17		43	3858.269630000
17		1358	3858.320967000
17		43	3858.331581000
17		1358	3858.375364000
17		43	3858.392687000
17		1358	3858.431273000
17		43	3858.455454000
17		1358	3858.485859000
17		43	3858.517624000
17		1358	3858.540682000
17		43	3858.579136000
17		1358	3858.596225000
17		48	3858.641271000
17		1358	3858.649840000
17		43	3858.703518000
17		1358	3858.704435000
17		1358	3858.759583000
17		43	3858.765230000
17		1358	3858.814598000
17		43	3858.826771000
17		1358	3858.869572000
17		43	3858.889117000
17		1358	3858.925272000
17		43	3858.950811000
17		1358	3858.979510000
17		43	3859.013440000
17		1358	3859.034681000
17		43	3859.074848000
17		1358	3859.090033000
17		43	3859.137171000
17		1358	3859.144377000
17		1358	3859.198501000
17		43	3859.199167000
17		1358	3859.253917000
17		43	3859.261690000
17		1358	3859.309316000
17		43	3859.322633000
17		1358	3859.364190000
17		43	3859.385786000
17		1358	3859.418687000
17		43	3859.447386000
17		1358	3859.473597000
17		43	3859.508974000
17		1358	3859.528516000
17		43	3859.571371000
17		1358	3859.582353000
17		43	3859.632931000
17		1358	3859.637536000
17		1358	3859.692466000
17		43	3859.695461000
17		1358	3859.748225000
17		43	3859.756624000
17		1358	3859.791431000
17		43	3859.819240000
17		1358	3859.835844000
17		1358	3859.879015000
17		48	3859.880701000
17		35	3859.894952000
17		1358	3859.923171000
17		43	3859.943110000
17		1358	3859.966689000
17		43	3860.005375000
17		1358	3860.040358000
17		43	3860.066825000
17		1358	3860.112798000
17		43	3860.129542000
17		1358	3860.185858000
17		43	3860.190966000
17		43	3860.252954000
17		1358	3860.256339000
17		1358	3860.309358000
17		43	3860.315214000
17		1358	3860.362660000
17		43	3860.377563000
17		1358	3860.415963000
17		43	3860.439054000
17		1358	3860.469109000
17		43	3860.501431000
17		1358	3860.522378000
17		43	3860.562723000
17		1358	3860.575188000
17		43	3860.625112000
17		1358	3860.628836000
17		1358	3860.681282000
17		43	3860.686810000
17		1358	3860.734680000
17		43	3860.748782000
17		1358	3860.788129000
17		43	3860.810929000
17		1358	3860.841615000
17		43	3860.873312000
17		1358	3860.894720000
17		43	3860.934977000
17		1358	3860.947553000
17		43	3860.997032000
17		1358	3861.000170000
17		1358	3861.053559000
17		43	3861.058768000
17		1358	3861.106211000
17		48	3861.120742000
17		35	3861.134237000
17		1358	3861.160294000
17		43	3861.183605000
17		1358	3861.212836000
17		43	3861.245453000
17		1358	3861.266313000
17		43	3861.307353000
17		1358	3861.319055000
17		43	3861.368698000
17		1358	3861.372853000
17		1358	3861.425466000
17		43	3861.431371000
17		1358	3861.478431000
17		43	3861.492996000
17		1358	3861.531889000
17		43	3861.554871000
17		1358	3861.585151000
17		43	3861.617222000
17		1358	3861.638127000
17		43	3861.679667000
17		1358	3861.690715000
17		1358	3861.732590000
17		43	3861.741317000
17		1358	3861.775469000
17		43	3861.802701000
17		1358	3861.818322000
17		1358	3861.860637000
17		43	3861.864832000
17		1358	3861.903498000
17		43	3861.926820000
17		1358	3861.945271000
17		43	3861.988687000
17		1358	3862.015955000
17		43	3862.051384000
17		1358	3862.086757000
17		43	3862.113374000
17		1358	3862.158609000
17		43	3862.175079000
17		1358	3862.228429000
17		43	3862.236897000
17		1358	3862.282307000
17		43	3862.298646000
17		1358	3862.335563000
17		48	3862.361537000
17		35	3862.375059000
17		1358	3862.389183000
17		43	3862.423593000
17		1358	3862.441343000
17		43	3862.485410000
17		1358	3862.494827000
17		43	3862.547620000
17		1358	3862.547976000
17		1358	3862.601039000
17		43	3862.608939000
17		1358	3862.654064000
17		43	3862.671151000
17		1358	3862.706836000
17		43	3862.733410000
17		1358	3862.759988000
17		43	3862.794971000
17		1358	3862.812884000
17		43	3862.857039000
17		1358	3862.865138000
17		1358	3862.918708000
17		43	3862.919138000
17		1358	3862.971550000
17		43	3862.980749000
17		1358	3863.024992000
17		43	3863.042884000
17		1358	3863.078470000
17		43	3863.105079000
17		1358	3863.130870000
17		43	3863.167505000
17		1358	3863.184054000
17		43	3863.229090000
17		1358	3863.237750000
17		1358	3863.290914000
17		43	3863.291292000
17		1358	3863.343845000
17		43	3863.353003000
17		1358	3863.396553000
17		43	3863.415173000
17		1358	3863.449893000
17		43	3863.476807000
17		1358	3863.503352000
17		43	3863.539018000
17		1358	3863.556145000
17		48	3863.601488000
17		1358	3863.609364000
17		1358	3863.661935000
17		43	3863.662716000
17		1358	3863.715258000
17		43	3863.724935000
17		1358	3863.757955000
17		43	3863.787526000
17		1358	3863.800248000
17		1358	3863.843711000
17		43	3863.849298000
17		1358	3863.885156000
17		43	3863.911119000
17		1358	3863.928552000
17		43	3863.973207000
17		1358	3864.000893000
17		43	3864.034765000
17		1358	3864.073059000
17		43	3864.097009000
17		1358	3864.145334000
17		43	3864.159429000
17		1358	3864.217333000
17		43	3864.221396000
17		1358	3864.271125000
17		43	3864.283436000
17		1358	3864.324882000
17		43	3864.345598000
17		1358	3864.378616000
17		43	3864.407308000
17		1358	3864.431123000
17		43	3864.468977000
17		1358	3864.484076000
17		43	3864.531640000
17		1358	3864.537202000
17		1358	3864.590425000
17		43	3864.593240000
17		1358	3864.643595000
17		43	3864.654693000
17		1358	3864.698287000
17		43	3864.716849000
17		1358	3864.752298000
17		43	3864.779372000
17		1358	3864.806234000
17		48	3864.841808000
17		35	3864.855429000
17		1358	3864.859878000
17		43	3864.903619000
17		1358	3864.914297000
17		43	3864.965137000
17		1358	3864.968195000
17		1358	3865.021850000
17		43	3865.027398000
17		1358	3865.075036000
17		43	3865.089095000
17		1358	3865.129058000
17		43	3865.151303000
17		1358	3865.183592000
17		43	3865.213259000
17		1358	3865.238029000
17		43	3865.274796000
17		1358	3865.291688000
17		43	3865.337059000
17		1358	3865.345238000
17		43	3865.399190000
17		1358	3865.400800000
17		43	3865.461539000
17		1358	3865.463109000
17		43	3865.523297000
17		1358	3865.524836000
17		43	3865.585441000
17		1358	3865.587065000
17		43	3865.647072000
17		1358	3865.648611000
17		43	3865.709337000
17		1358	3865.710901000
17		1358	3865.754046000
17		43	3865.770783000
17		1358	3865.796503000
17		43	3865.833184000
17		1358	3865.840110000
17		43	3865.895138000
17		1358	3865.896706000
17		43	3865.957199000
17		1358	3865.968796000
17		43	3866.018963000
17		1358	3866.039711000
17		48	3866.080894000
17		35	3866.095544000
17		1358	3866.111070000
17		43	3866.142730000
17		1358	3866.183092000
17		43	3866.205245000
17		1358	3866.236321000
17		43	3866.267205000
17		1358	3866.290682000
17		43	3866.329582000
17		1358	3866.345299000
17		43	3866.391020000
17		1358	3866.398730000
17		1358	3866.453179000
17		43	3866.453441000
17		1358	3866.506277000
17		43	3866.514894000
17		1358	3866.560210000
17		43	3866.577464000
17		1358	3866.614710000
17		43	3866.639386000
17		1358	3866.668548000
17		43	3866.700921000
17		1358	3866.722411000
17		43	3866.762982000
17		1358	3866.776221000
17		43	3866.825728000
17		1358	3866.830612000
17		43	3866.887358000
17		1358	3866.888883000
17		43	3866.949078000
17		1358	3866.950354000
17		43	3867.011148000
17		1358	3867.012710000
17		43	3867.073472000
17		1358	3867.074997000
17		43	3867.134820000
17		1358	3867.136400000
17		1358	3867.190340000
17		43	3867.197190000
17		1358	3867.243077000
17		43	3867.259690000
17		1358	3867.297923000
17		48	3867.320782000
17		35	3867.335191000
17		1358	3867.351953000
17		43	3867.383026000
17		1358	3867.405213000
17		43	3867.445151000
17		1358	3867.459811000
17		43	3867.507351000
17		1358	3867.513217000
17		43	3867.569262000
17		1358	3867.570799000
17		43	3867.631424000
17		1358	3867.632914000
17		43	3867.693145000
17		1358	3867.694309000
17		43	3867.755021000
17		1358	3867.756522000
17		43	3867.817509000
17		1358	3867.819033000
17		1358	3867.862198000
17		43	3867.878826000
17		43	3867.941456000
17		43	3868.002686000
17		43	3868.064717000
17		43	3868.126671000
17		43	3868.188703000
17		43	3868.250881000
17		43	3868.313095000
17		1358	3868.314740000
17		43	3868.375224000
17		1358	3868.376741000
17		43	3868.436848000
17		1358	3868.438542000
17		43	3868.499382000
17		1358	3868.500921000
17		48	3868.560791000
17		1358	3868.562286000
17		1358	3868.607729000
17		43	3868.622936000
17		1358	3868.652905000
17		43	3868.684884000
17		1358	3868.697798000
17		1358	3868.740924000
17		43	3868.747140000
17		1358	3868.785934000
17		43	3868.809110000
17		1358	3868.830535000
17		43	3868.871233000
17		1358	3868.905018000
17		43	3868.933619000
6	0		3868.956262000
6	0		3868.956318000
17		1358	3868.979886000
6	0		3868.981519000
6	41		3868.986872000
17		43	3868.995397000
6	0		3869.011506000
6	21		3869.011537000
6	0		3869.011548000
6	1080		3869.012471000
6	0		3869.037082000
6	440		3869.046133000
17		1358	3869.053295000
17		43	3869.057055000
6	0		3869.086205000
6	48		3869.110828000
6	0		3869.110866000
6	280		3869.115027000
17		43	3869.119484000
17		1358	3869.127803000
6	0		3869.139607000
6	16		3869.151847000
17		43	3869.180866000
17		1358	3869.184124000
6	0		3869.194214000
6	52		3869.218862000
6	0		3869.218903000
6	52		3869.219050000
17		1358	3869.240318000
17		43	3869.243013000
6	84		3869.249866000
6	0		3869.290230000
17		1358	3869.296495000
17		43	3869.305440000
17		1358	3869.350473000
17		43	3869.366722000
17		1358	3869.403615000
17		43	3869.429173000
17		1358	3869.459140000
17		43	3869.490811000
17		1358	3869.513414000
17		43	3869.553273000
17		1358	3869.567704000
17		43	3869.614723000
17		1358	3869.622235000
17		1358	3869.677025000
17		43	3869.677063000
17		1358	3869.730685000
17		43	3869.739187000
17		1358	3869.786375000
17		48	3869.800766000
17		35	3869.814705000
17		1358	3869.840503000
17		43	3869.863441000
17		1358	3869.894744000
17		43	3869.925571000
17		1358	3869.949217000
17		43	3869.987018000
17		1358	3870.003438000
17		43	3870.048669000
17		1358	3870.058780000
17		43	3870.110798000
17		1358	3870.112346000
17		1358	3870.167575000
17		43	3870.172728000
17		1358	3870.221176000
17		43	3870.234747000
17		1358	3870.276649000
17		43	3870.297362000
17		1358	3870.330245000
17		43	3870.358820000
17		1358	3870.385273000
17		43	3870.421305000
17		1358	3870.439734000
17		43	3870.483458000
17		1358	3870.494280000
17		43	3870.545015000
17		1358	3870.548719000
17		1358	3870.592294000
17		43	3870.607406000
17		1358	3870.636026000
17		43	3870.669582000
17		1358	3870.679053000
17		1358	3870.723134000
17		43	3870.731221000
17		1358	3870.766931000
17		43	3870.793403000
17		1358	3870.809068000
17		43	3870.854953000
17		1358	3870.881817000
17		43	3870.917097000
17		1358	3870.954590000
17		43	3870.979184000
17		1358	3871.025711000
17		48	3871.040771000
17		35	3871.055029000
17		1358	3871.096667000
17		43	3871.102770000
17		1358	3871.149302000
17		43	3871.164813000
17		1358	3871.203306000
17		43	3871.227386000
17		1358	3871.256055000
17		43	3871.289313000
17		1358	3871.309468000
17		43	3871.351297000
17		1358	3871.362046000
17		43	3871.412710000
17		1358	3871.414997000
17		1358	3871.468466000
17		43	3871.475103000
17		1358	3871.521507000
17		43	3871.536670000
17		1358	3871.574896000
17		43	3871.599661000
17		1358	3871.628130000
6	68		3871.653648000
17		43	3871.661275000
6	52		3871.678336000
6	0		3871.678382000
6	0		3871.678403000
6	0		3871.679606000
17		1358	3871.681047000
6	0		3871.704226000
17		43	3871.722639000
17		1358	3871.734049000
17		43	3871.785204000
17		1358	3871.786842000
17		1358	3871.840170000
17		43	3871.847185000
17		1358	3871.893605000
17		43	3871.909239000
17		1358	3871.946974000
17		43	3871.970661000
17		1358	3871.999812000
17		43	3872.032960000
17		1358	3872.053119000
17		43	3872.095041000
17		1358	3872.105746000
17		43	3872.157186000
17		1358	3872.158737000
17		1358	3872.211949000
17		43	3872.219028000
17		1358	3872.265289000
17		48	3872.281048000
17		35	3872.295676000
17		1358	3872.319093000
17		43	3872.343654000
17		1358	3872.370833000
17		43	3872.405339000
17		1358	3872.424485000
17		43	3872.467118000
17		1358	3872.477004000
17		43	3872.528824000
17		1358	3872.530416000
17		1358	3872.572679000
17		43	3872.591229000
17		1358	3872.616139000
17		43	3872.652752000
17		1358	3872.657922000
17		1358	3872.700729000
17		43	3872.715394000
17		1358	3872.742465000
17		43	3872.777126000
17		1358	3872.785629000
17		43	3872.839166000
17		1358	3872.855936000
17		43	3872.900970000
17		1358	3872.927053000
17		43	3872.963061000
17		1358	3872.998091000
17		43	3873.025082000
17		1358	3873.069079000
17		43	3873.087146000
17		1358	3873.121950000
17		43	3873.149128000
17		1358	3873.175306000
17		43	3873.211037000
17		1358	3873.228779000
17		43	3873.273433000
17		1358	3873.280937000
17		1358	3873.334142000
17		43	3873.335211000
17		1358	3873.387824000
17		43	3873.397342000
17		1358	3873.441276000
17		43	3873.459018000
17		1358	3873.493426000
17		48	3873.521295000
17		35	3873.534491000
17		1358	3873.547246000
17		43	3873.583584000
17		1358	3873.600343000
17		43	3873.645355000
17		1358	3873.652766000
17		1358	3873.706130000
17		43	3873.707611000
17		1358	3873.759900000
17		43	3873.769462000
17		1358	3873.812713000
17		43	3873.831297000
17		1358	3873.864973000
17		43	3873.893262000
17		1358	3873.917802000
17		43	3873.954829000
17		1358	3873.971544000
17		43	3874.017184000
17		1358	3874.023802000
17		1358	3874.077713000
17		43	3874.078617000
17		1358	3874.130575000
17		43	3874.141132000
17		1358	3874.184841000
17		43	3874.203432000
17		1358	3874.238338000
17		43	3874.265209000
17		1358	3874.292477000
17		43	3874.327461000
17		1358	3874.346968000
17		43	3874.389606000
17		1358	3874.399664000
17		43	3874.451587000
17		1358	3874.453215000
17		1358	3874.505745000
17		43	3874.513345000
17		1358	3874.558895000
17		43	3874.575072000
17		1358	3874.601949000
17		43	3874.637107000
17		1358	3874.645212000
17		43	3874.699390000
17		1358	3874.700462000
17		48	3874.761470000
17		1358	3874.763056000
17		43	3874.822661000
17		1358	3874.835627000
17		43	3874.885290000
17		1358	3874.907380000
17		43	3874.947112000
17		1358	3874.980004000
17		43	3875.009565000
17		1358	3875.051376000
17		43	3875.071128000
17		637	3875.071152000
17		37	3875.072839000
17		101	3875.083059000
17		33	3875.083208000
17		1358	3875.105429000
17		43	3875.133012000
17		1358	3875.158463000
17		43	3875.194704000
17		1358	3875.211596000
17		43	3875.256792000
17		1358	3875.264716000
17		1358	3875.317727000
17		43	3875.318804000
17		1358	3875.370935000
17		43	3875.381031000
17		1358	3875.425030000
17		43	3875.443146000
17		1358	3875.479314000
17		43	3875.505323000
17		1358	3875.533354000
17		43	3875.567447000
17		1358	3875.587186000
17		43	3875.629290000
17		43	3875.629323000
17		41	3875.629332000
17		1358	3875.641579000
17		33	3875.654930000
17		43	3875.691607000
17		1358	3875.695487000
17		43	3875.752684000
17		1358	3875.754330000
17		43	3875.814795000
17		1358	3875.816453000
17		1358	3875.871021000
17		43	3875.876656000
17		1358	3875.924127000
17		43	3875.939289000
17		1358	3875.977545000
17		48	3876.001443000
17		35	3876.014926000
17		1358	3876.031524000
17		43	3876.062750000
17		1358	3876.086438000
17		43	3876.124884000
17		1358	3876.140608000
17		43	3876.186750000
17		1358	3876.195534000
17		43	3876.249061000
17		1358	3876.250644000
17		43	3876.310883000
17		1358	3876.312624000
17		43	3876.372932000
17		1358	3876.373790000
17		43	3876.434871000
17		1358	3876.436733000
17		43	3876.497162000
17		1358	3876.498594000
17		43	3876.559398000
17		1358	3876.560176000
17		1358	3876.603260000
17		43	3876.620759000
17		1358	3876.646021000
17		43	3876.683576000
17		1358	3876.689226000
17		43	3876.745465000
17		1358	3876.747148000
17		43	3876.807440000
17		1358	3876.819102000
17		43	3876.869956000
17		1358	3876.891864000
17		43	3876.931509000
17		1358	3876.964801000
17		43	3876.993479000
17		1358	3877.035687000
17		43	3877.055428000
17		1358	3877.090199000
17		43	3877.116953000
17		1358	3877.143685000
17		43	3877.179456000
17		1358	3877.197673000
17		48	3877.241299000
17		1358	3877.251638000
17		43	3877.302988000
17		1358	3877.304522000
17		1358	3877.359482000
17		43	3877.365146000
17		1358	3877.412352000
17		43	3877.426774000
17		1358	3877.466136000
17		43	3877.488763000
17		1358	3877.520710000
17		43	3877.551567000
17		1358	3877.574627000
17		43	3877.612980000
17		1358	3877.628814000
17		43	3877.674799000
17		1358	3877.682860000
17		43	3877.737098000
17		1358	3877.738668000
17		43	3877.799326000
17		1358	3877.801327000
17		43	3877.861009000
17		1358	3877.862118000
17		43	3877.923574000
17		1358	3877.925146000
17		43	3877.985515000
17		1358	3877.987137000
17		1358	3878.041104000
17		43	3878.047483000
17		1358	3878.094322000
17		43	3878.109436000
17		1358	3878.148596000
17		43	3878.171421000
17		1358	3878.202613000
17		43	3878.232736000
17		1358	3878.256981000
17		43	3878.294939000
17		1358	3878.310973000
17		43	3878.357156000
17		1358	3878.365174000
17		43	3878.419377000
17		1358	3878.420902000
17		48	3878.480986000
17		1358	3878.482797000
17		43	3878.543538000
17		1358	3878.545160000
17		43	3878.605251000
17		1358	3878.606839000
17		43	3878.667497000
17		1358	3878.668346000
17		1358	3878.713999000
17		43	3878.729303000
17		1358	3878.759006000
17		43	3878.791736000
17		1358	3878.834559000
17		43	3878.853345000
17		1358	3878.910064000
17		43	3878.915219000
17		43	3878.977525000
17		1358	3878.985744000
17		43	3879.039496000
17		1358	3879.041128000
17		1358	3879.099041000
17		43	3879.101031000
17		1358	3879.155675000
17		43	3879.163477000
17		416	3879.213071000
17		43	3879.225037000
17		43	3879.287402000
17		43	3879.349507000
17		43	3879.410684000
17		43	3879.473244000
6	0		3879.488736000
6	0		3879.488802000
6	0		3879.528178000
6	12		3879.528423000
17		43	3879.534901000
6	0		3879.567604000
6	12		3879.567772000
6	0		3879.567802000
6	1		3879.567950000
6	4		3879.567965000
6	32		3879.567973000
6	0		3879.567980000
17		43	3879.597075000
6	0		3879.606992000
6	0		3879.607031000
6	0		3879.607035000
6	0		3879.607110000
6	0		3879.607123000
17		43	3879.659194000
17		1040	3879.721060000
17		41	3879.721757000
17		155	3879.722920000
17		1353	3879.722986000
17		1358	3879.722991000
17		1358	3879.723004000
17		1358	3879.723007000
17		1358	3879.723011000
17		1358	3879.723014000
17		1358	3879.723017000
17		1358	3879.723020000
17		1358	3879.723023000
17		1358	3879.780377000
17		1358	3879.837038000
17		49	3879.845251000
17		35	3879.859318000
17		43	3879.907419000
17		43	3879.969150000
17		43	3880.030838000
17		43	3880.093007000
17		1358	3880.094626000
17		43	3880.154648000
17		1358	3880.156356000
17		43	3880.216624000
17		1358	3880.218232000
17		43	3880.279489000
17		1358	3880.281054000
17		43	3880.341643000
17		1358	3880.343164000
17		43	3880.403298000
17		1358	3880.404883000
17		43	3880.465620000
17		1358	3880.467279000
17		43	3880.527368000
17		1358	3880.528943000
17		43	3880.589507000
17		1358	3880.591078000
17		43	3880.651283000
17		1358	3880.652797000
17		1358	3880.709855000
17		43	3880.713655000
17		1358	3880.767033000
17		43	3880.775050000
17		1358	3880.825116000
17		43	3880.837147000
17		1358	3880.882560000
17		43	3880.899315000
17		1358	3880.928247000
17		43	3880.960858000
17		1358	3880.974212000
17		43	3881.023512000
17		1358	3881.050506000
17		48	3881.085497000
17		35	3881.099277000
17		1358	3881.126480000
17		43	3881.146785000
17		1358	3881.183202000
17		43	3881.208863000
17		1358	3881.239832000
17		43	3881.271412000
17		1358	3881.296831000
17		43	3881.333020000
17		1358	3881.353917000
17		43	3881.395206000
17		1358	3881.410719000
17		43	3881.457403000
17		1358	3881.467222000
17		43	3881.519492000
17		1358	3881.524353000
17		1358	3881.580934000
17		43	3881.581570000
17		1358	3881.636895000
17		43	3881.643170000
17		1358	3881.694143000
17		43	3881.705280000
17		1358	3881.750723000
17		43	3881.767430000
17		1358	3881.808120000
17		43	3881.829163000
17		1358	3881.866054000
17		43	3881.891701000
17		1358	3881.912387000
17		43	3881.953472000
17		1358	3881.958022000
17		43	3882.014927000
17		1358	3882.034493000
17		43	3882.077307000
17		1358	3882.111038000
17		43	3882.138777000
17		1358	3882.168914000
17		43	3882.201451000
17		1358	3882.224161000
17		43	3882.263270000
17		1358	3882.281609000
17		48	3882.325507000
17		1358	3882.336591000
17		43	3882.386811000
17		1358	3882.388337000
17		1358	3882.444416000
17		43	3882.449082000
17		1358	3882.497869000
17		43	3882.510845000
17		138	3882.553078000
17		43	3882.573029000
17		43	3882.635199000
17		43	3882.697330000
17		43	3882.759310000
17		43	3882.821820000
17		1040	3882.883589000
17		41	3882.884175000
17		156	3882.885084000
17		1353	3882.926468000
17		1358	3882.926505000
17		1358	3882.926509000
17		1358	3882.926512000
17		1358	3882.970538000
17		49	3883.007520000
17		1358	3883.014536000
17		43	3883.068695000
17		1358	3883.085644000
17		43	3883.130776000
17		1358	3883.138760000
17		1358	3883.192557000
17		43	3883.193079000
17		1358	3883.246687000
17		43	3883.254705000
17		1358	3883.301583000
17		43	3883.317187000
17		1358	3883.354873000
17		43	3883.378988000
17		1358	3883.406218000
17		43	3883.441210000
17		1358	3883.458952000
17		43	3883.502757000
17		1358	3883.509793000
17		1358	3883.561071000
17		43	3883.565699000
17		1358	3883.613578000
17		43	3883.627447000
17		1358	3883.666320000
17		43	3883.688973000
17		1358	3883.718310000
17		43	3883.751626000
17		1358	3883.771193000
17		43	3883.812879000
17		1358	3883.824239000
17		1358	3883.866741000
17		43	3883.875439000
17		1358	3883.908191000
17		43	3883.936878000
17		1358	3883.950267000
17		43	3883.999488000
17		1358	3884.019553000
17		43	3884.061539000
17		1358	3884.089752000
17		43	3884.122881000
17		1358	3884.142402000
17		43	3884.185035000
17		1358	3884.194647000
17		48	3884.246900000
17		1358	3884.247928000
17		43	3884.309029000
17		1358	3884.310398000
17		43	3884.371129000
17		1358	3884.372669000
17		43	3884.433545000
17		1358	3884.435230000
17		43	3884.494795000
17		1358	3884.496386000
17		1358	3884.549323000
17		43	3884.557391000
17		1358	3884.600283000
17		43	3884.618805000
17		1358	3884.652236000
17		43	3884.681528000
17		1358	3884.705288000
17		43	3884.743117000
17		1358	3884.757622000
17		47	3884.805316000
17		1358	3884.810041000
17		43	3884.866978000
17		1358	3884.868468000
17		43	3884.929415000
17		1358	3884.931029000
17		43	3884.991175000
17		1358	3885.001514000
17		43	3885.053216000
17		1358	3885.071431000
17		43	3885.114995000
17		1358	3885.124177000
17		43	3885.177265000
17		1358	3885.178882000
17		1358	3885.231958000
17		43	3885.239572000
17		1358	3885.282332000
17		43	3885.301224000
17		1358	3885.334640000
17		43	3885.362637000
17		1358	3885.386736000
17		43	3885.424656000
17		1358	3885.439296000
17		43	3885.487121000
17		1358	3885.491099000
17		43	3885.549037000
17		1358	3885.550120000
17		43	3885.611227000
17		1358	3885.612839000
17		43	3885.673334000
17		1358	3885.675517000
17		43	3885.735212000
17		1358	3885.736827000
17		43	3885.796918000
17		1358	3885.798420000
17		43	3885.858921000
17		1358	3885.860821000
17		43	3885.921539000
17		1358	3885.923143000
17		43	3885.982990000
17		1358	3885.993245000
17		48	3886.045429000
17		35	3886.059692000
17		1358	3886.061717000
17		43	3886.107493000
17		1358	3886.112877000
17		1358	3886.165358000
17		43	3886.169029000
17		1358	3886.217008000
17		43	3886.231661000
17		1358	3886.269715000
17		43	3886.293445000
17		1358	3886.321664000
17		43	3886.355215000
17		1358	3886.374243000
17		43	3886.416956000
17		1358	3886.427500000
17		43	3886.479408000
17		1358	3886.481792000
17		43	3886.540753000
17		1358	3886.542384000
17		43	3886.602974000
17		1358	3886.604559000
6	0		3886.653220000
6	0		3886.653279000
17		43	3886.664692000
17		1358	3886.666325000
17		1358	3886.718487000
17		43	3886.726697000
17		1358	3886.770714000
17		43	3886.788732000
17		1358	3886.822908000
6	0		3886.839591000
6	41		3886.845332000
17		43	3886.850754000
17		1358	3886.864940000
17		43	3886.913116000
17		1358	3886.914724000
17		43	3886.975277000
17		1358	3886.984617000
6	0		3887.031347000
6	21		3887.034754000
6	0		3887.034792000
6	1080		3887.035813000
17		43	3887.037131000
17		1358	3887.054939000
17		43	3887.099050000
17		1358	3887.107407000
17		43	3887.161134000
17		1358	3887.162668000
17		43	3887.223469000
17		1358	3887.224769000
6	440		3887.233142000
6	0		3887.274207000
17		48	3887.284750000
17		1358	3887.286153000
17		43	3887.346899000
17		1358	3887.348484000
17		1358	3887.401679000
17		43	3887.409276000
17		1358	3887.452895000
6	48		3887.460228000
6	0		3887.460264000
6	280		3887.464309000
17		43	3887.470880000
17		1358	3887.506044000
17		43	3887.533015000
17		1358	3887.558587000
17		43	3887.595541000
17		1358	3887.613421000
17		43	3887.656959000
6	16		3887.662871000
17		1358	3887.667469000
6	0		3887.706206000
17		43	3887.719528000
17		1358	3887.721459000
17		43	3887.780704000
17		1358	3887.782084000
17		43	3887.842644000
17		1358	3887.844312000
6	52		3887.892305000
6	0		3887.892346000
6	52		3887.892466000
17		43	3887.905118000
17		1358	3887.906341000
17		43	3887.966863000
17		1358	3887.978076000
17		43	3888.028774000
17		1358	3888.049832000
6	84		3888.084290000
17		43	3888.091453000
17		1358	3888.103851000
6	0		3888.126242000
17		43	3888.153068000
17		1358	3888.157381000
17		1358	3888.210269000
17		43	3888.215445000
17		1358	3888.262529000
17		43	3888.277490000
17		1237	3888.316775000
17		43	3888.338737000
17		43	3888.401010000
17		43	3888.463257000
17		48	3888.525206000
17		35	3888.539473000
17		43	3888.587380000
17		43	3888.648690000
17		1040	3888.711556000
17		41	3888.712207000
17		156	3888.712814000
17		1353	3888.712826000
17		1358	3888.712830000
17		1358	3888.712834000
17		1358	3888.712837000
17		1358	3888.766950000
17		1358	3888.820087000
17		49	3888.835689000
17		35	3888.849281000
17		1358	3888.872677000
17		43	3888.896735000
17		1358	3888.916183000
17		43	3888.959292000
17		1358	3888.960929000
17		43	3889.021343000
17		1358	3889.030898000
17		43	3889.083144000
17		1358	3889.101365000
17		43	3889.145177000
17		1358	3889.154693000
17		1358	3889.206928000
17		43	3889.207611000
17		1358	3889.259487000
17		43	3889.269135000
17		1358	3889.314092000
17		43	3889.330802000
17		1358	3889.367745000
17		43	3889.393435000
17		1358	3889.421487000
17		43	3889.455012000
17		1358	3889.474849000
17		43	3889.517679000
17		1358	3889.529670000
17		43	3889.579306000
17		1358	3889.583755000
17		43	3889.640964000
17		1358	3889.641767000
17		1358	3889.695572000
17		43	3889.703379000
17		1358	3889.749597000
17		43	3889.764822000
17		1358	3889.803199000
17		43	3889.826879000
17		1358	3889.857378000
17		43	3889.889316000
17		43	3889.951422000
17		43	3890.013334000
17		1358	3890.014938000
17		48	3890.074916000
17		1358	3890.076555000
6	68		3890.096643000
17		43	3890.137079000
17		1358	3890.138713000
17		43	3890.198761000
17		1358	3890.200895000
17		43	3890.261054000
17		1358	3890.262804000
6	52		3890.295055000
6	0		3890.295097000
6	0		3890.295118000
6	0		3890.296384000
17		43	3890.322977000
17		1358	3890.324537000
17		1358	3890.378657000
17		43	3890.384971000
17		1358	3890.431961000
17		43	3890.446876000
6	0		3890.482359000
17		1358	3890.484729000
17		43	3890.509450000
17		1358	3890.537626000
17		43	3890.570862000
17		1358	3890.590906000
17		43	3890.632775000
17		1358	3890.632802000
17		1358	3890.675350000
17		43	3890.694812000
17		1358	3890.718621000
17		43	3890.756858000
17		1358	3890.760526000
17		1358	3890.802967000
17		43	3890.818865000
17		1358	3890.844874000
17		43	3890.881080000
17		1358	3890.915757000
17		43	3890.943378000
17		1358	3890.986806000
17		43	3891.005227000
17		1358	3891.058033000
17		43	3891.067287000
17		1358	3891.129179000
17		43	3891.129579000
17		1358	3891.180872000
17		43	3891.191458000
17		1358	3891.233333000
17		43	3891.253107000
17		1358	3891.284548000
17		48	3891.315481000
17		35	3891.329587000
17		1358	3891.336834000
17		43	3891.376683000
17		1358	3891.387480000
17		43	3891.439175000
17		1358	3891.439471000
17		1358	3891.491049000
17		43	3891.500858000
17		1358	3891.542888000
17		43	3891.563335000
17		1358	3891.594560000
17		43	3891.625302000
17		1358	3891.646699000
17		43	3891.686903000
17		1358	3891.698583000
17		43	3891.749298000
17		1358	3891.750841000
17		1358	3891.801365000
17		43	3891.811250000
17		1358	3891.853416000
17		43	3891.873656000
17		1358	3891.904725000
17		43	3891.935402000
17		1358	3891.957403000
17		43	3891.997193000
17		1358	3892.008572000
17		43	3892.059582000
17		1358	3892.060349000
17		1358	3892.111469000
17		43	3892.120762000
17		1358	3892.164683000
17		43	3892.182693000
17		1358	3892.215321000
17		43	3892.245004000
17		1358	3892.267450000
17		43	3892.306731000
17		1358	3892.318691000
17		43	3892.368755000
17		1358	3892.370314000
17		1358	3892.421920000
17		43	3892.431023000
17		1358	3892.474889000
17		43	3892.493165000
17		1358	3892.526299000
17		48	3892.555311000
17		35	3892.569880000
17		1358	3892.577519000
17		43	3892.616737000
17		1358	3892.618283000
17		1358	3892.660424000
17		43	3892.678837000
17		1358	3892.701530000
17		43	3892.741506000
17		1358	3892.743015000
17		1358	3892.785431000
17		43	3892.802677000
17		1358	3892.826418000
17		43	3892.864833000
17		1358	3892.895525000
6	0		3892.912137000
6	0		3892.912175000
17		43	3892.926673000
17		1358	3892.964454000
17		43	3892.988729000
17		1358	3893.033708000
17		43	3893.050932000
17		1358	3893.103193000
17		43	3893.112939000
17		1358	3893.153768000
17		43	3893.175146000
17		1358	3893.206528000
17		43	3893.237070000
17		1358	3893.257608000
17		43	3893.299566000
17		1358	3893.310050000
17		43	3893.360844000
17		1358	3893.362405000
17		1358	3893.413531000
17		43	3893.423240000
17		1358	3893.464398000
17		43	3893.484733000
17		1358	3893.517000000
17		43	3893.546656000
17		1358	3893.567610000
17		43	3893.609345000
17		1358	3893.620348000
17		43	3893.670761000
17		1358	3893.671078000
17		1358	3893.723612000
17		43	3893.732739000
17		1358	3893.774581000
17		48	3893.795202000
17		35	3893.808948000
17		1358	3893.827021000
17		43	3893.857083000
17		1358	3893.877955000
17		43	3893.919576000
17		1358	3893.930148000
17		1358	3893.981783000
17		43	3893.981823000
17		1358	3894.033383000
17		43	3894.043611000
17		1358	3894.085459000
17		43	3894.104618000
17		1358	3894.137128000
17		43	3894.167564000
17		1358	3894.188857000
17		43	3894.229398000
17		1358	3894.240317000
17		43	3894.291216000
17		41	3894.291239000
17		1358	3894.292581000
17		1358	3894.344081000
17		43	3894.353447000
17		1358	3894.395321000
17		43	3894.415194000
17		571	3894.448067000
17		43	3894.476984000
17		43	3894.539312000
17		43	3894.601467000
17		43	3894.662677000
17		43	3894.724732000
17		43	3894.786878000
17		43	3894.849232000
17		41	3894.849256000
17		38	3894.849932000
17		43	3894.911148000
17		43	3894.973202000
17		1129	3895.035479000
17		41	3895.036150000
17		159	3895.036998000
17		1353	3895.037021000
17		1358	3895.037026000
17		1358	3895.037031000
17		1358	3895.037035000
17		1358	3895.037056000
17		1358	3895.037062000
17		1358	3895.037067000
17		1358	3895.037071000
17		1358	3895.037077000
17		1358	3895.079529000
17		685	3895.097291000
17		35	3895.099007000
17		74	3895.108060000
17		33	3895.108758000
17		1358	3895.121014000
17		49	3895.159454000
17		35	3895.174076000
17		43	3895.221504000
17		43	3895.283567000
17		43	3895.345589000
17		43	3895.406706000
17		1358	3895.407551000
17		43	3895.469364000
6	0		3895.469390000
6	0		3895.469398000
6	0		3895.470386000
6	0		3895.470494000
17		1358	3895.471094000
17		43	3895.531713000
17		1358	3895.533950000
17		43	3895.593577000
17		1358	3895.595879000
17		43	3895.655182000
17		1358	3895.657186000
17		43	3895.716896000
17		43	3895.716923000
17		41	3895.716929000
17		1358	3895.718512000
17		33	3895.743377000
17		43	3895.779075000
17		1358	3895.780668000
17		43	3895.840672000
17		1358	3895.841890000
17		43	3895.902996000
17		1358	3895.904576000
17		43	3895.965497000
17		1358	3895.967036000
17		43	3896.026879000
17		1358	3896.028508000
17		43	3896.089208000
17		1358	3896.090811000
17		43	3896.150992000
17		1358	3896.152624000
17		43	3896.213003000
17		1358	3896.223835000
17		43	3896.274836000
17		1358	3896.294870000
17		43	3896.336948000
17		1358	3896.348064000
17		48	3896.399112000
17		1358	3896.400681000
17		1358	3896.454569000
17		43	3896.461425000
17		1358	3896.508097000
17		43	3896.522864000
17		1358	3896.562537000
17		43	3896.585360000
17		1358	3896.616910000
17		43	3896.647092000
17		1358	3896.670510000
17		43	3896.709092000
17		1358	3896.724352000
17		43	3896.770716000
17		1358	3896.779314000
17		43	3896.833421000
17		1358	3896.835110000
17		43	3896.895544000
17		1358	3896.897145000
17		1358	3896.951886000
17		43	3896.957467000
17		1358	3897.007118000
6	0		3897.008326000
6	0		3897.008374000
17		43	3897.019175000
17		1358	3897.062369000
17		43	3897.081292000
17		1358	3897.106142000
17		43	3897.143737000
17		1358	3897.149913000
17		43	3897.205615000
17		1358	3897.222338000
6	0		3897.252955000
6	41		3897.258592000
17		43	3897.267053000
17		1358	3897.295283000
17		43	3897.329485000
17		1358	3897.349891000
17		43	3897.391465000
17		1358	3897.403861000
17		43	3897.453119000
17		1358	3897.458110000
6	0		3897.502863000
6	21		3897.505390000
6	0		3897.505434000
6	1080		3897.506412000
17		43	3897.515181000
17		1358	3897.516756000
17		43	3897.577370000
17		1358	3897.578948000
17		1358	3897.633770000
17		48	3897.639362000
17		35	3897.652891000
17		1358	3897.687298000
17		43	3897.700976000
17		1358	3897.741787000
6	440		3897.753395000
17		43	3897.763547000
6	0		3897.794209000
17		1358	3897.796495000
17		43	3897.825279000
17		1358	3897.850711000
17		43	3897.886746000
17		1358	3897.905543000
17		43	3897.948819000
17		1358	3897.961034000
17		43	3898.010848000
17		1358	3898.015232000
6	48		3898.038453000
6	0		3898.038491000
6	280		3898.042636000
17		43	3898.073020000
17		1358	3898.074189000
17		43	3898.135415000
17		1358	3898.137028000
17		43	3898.197722000
17		1358	3898.209158000
17		43	3898.259142000
17		1358	3898.281112000
6	16		3898.290264000
17		43	3898.321191000
6	0		3898.334209000
17		1358	3898.335117000
17		43	3898.383215000
17		1358	3898.389386000
17		1358	3898.443123000
17		43	3898.445256000
17		1358	3898.496291000
17		43	3898.507184000
17		1358	3898.551242000
17		43	3898.569376000
6	52		3898.578443000
6	0		3898.578483000
6	52		3898.578620000
17		1358	3898.605216000
17		43	3898.631401000
17		1358	3898.660143000
17		43	3898.693675000
17		1358	3898.714414000
17		43	3898.755217000
17		1358	3898.768566000
17		43	3898.816622000
17		1358	3898.822441000
6	84		3898.830053000
6	0		3898.870207000
17		48	3898.878703000
17		1358	3898.880328000
17		43	3898.940699000
17		1358	3898.941767000
17		43	3899.002660000
17		1358	3899.004248000
17		1358	3899.048585000
17		43	3899.065421000
17		1358	3899.091174000
17		43	3899.127001000
17		1358	3899.135317000
17		43	3899.189355000
17		1358	3899.208219000
17		43	3899.251544000
17		1358	3899.280784000
17		43	3899.312636000
17		1358	3899.335328000
17		43	3899.375011000
17		1358	3899.389192000
17		43	3899.437704000
17		1358	3899.444096000
17		43	3899.499383000
17		1358	3899.500916000
17		43	3899.561454000
17		1358	3899.562965000
17		43	3899.623057000
17		1358	3899.624648000
17		43	3899.685237000
17		1358	3899.686773000
17		1358	3899.741694000
17		43	3899.746898000
17		1358	3899.795241000
17		43	3899.808922000
17		1358	3899.849988000
17		43	3899.871518000
17		1358	3899.905052000
17		43	3899.933693000
17		1358	3899.959873000
17		43	3899.995675000
17		1358	3900.015238000
17		43	3900.057125000
17		1358	3900.059282000
17		48	3900.119404000
17		1358	3900.121025000
17		43	3900.181767000
17		1358	3900.194385000
17		43	3900.243426000
17		1358	3900.266328000
17		43	3900.305592000
17		1358	3900.321001000
17		43	3900.367482000
17		1358	3900.375593000
17		43	3900.429497000
17		1358	3900.431119000
17		1358	3900.485484000
17		43	3900.490811000
17		1358	3900.538404000
17		43	3900.553200000
17		1358	3900.593176000
17		43	3900.614678000
17		1358	3900.646553000
17		43	3900.677338000
17		1358	3900.700944000
17		43	3900.738738000
17		1358	3900.755048000
17		43	3900.801586000
17		1358	3900.809278000
17		43	3900.863218000
17		1358	3900.864756000
6	68		3900.881520000
17		43	3900.925466000
17		1358	3900.927041000
17		43	3900.986834000
17		1358	3900.987786000
6	0		3901.006225000
6	0		3901.006277000
6	52		3901.126021000
6	0		3901.126062000
6	0		3901.126141000
6	0		3901.127334000
6	0		3901.158813000
6	41		3901.164152000
17		43	3901.174684000
17		1358	3901.176589000
17		1358	3901.247735000
6	0		3901.294591000
6	21		3901.295569000
6	0		3901.295599000
6	1080		3901.296558000
17		1358	3901.319973000
17		43	3901.361673000
6	0		3901.371524000
17		1358	3901.391105000
6	440		3901.426397000
6	0		3901.470219000
17		43	3901.548492000
17		1358	3901.550100000
6	48		3901.615602000
6	0		3901.615657000
6	280		3901.619604000
17		43	3901.734838000
17		1358	3901.736511000
6	16		3901.780915000
6	0		3901.822214000
17		43	3901.922649000
17		1358	3901.923579000
6	52		3901.969176000
6	0		3901.969222000
6	52		3901.969337000
17		48	3902.109313000
17		1358	3902.110914000
6	100		3902.112032000
6	0		3902.154214000
17		43	3902.296198000
17		1358	3902.297722000
17		43	3902.483703000
17		41	3902.483734000
17		1358	3902.485350000
17		43	3902.670234000
17		1358	3902.671802000
17		43	3902.856884000
17		1358	3902.858802000
17		43	3903.044551000
17		1358	3903.045971000
17		43	3903.231723000
17		1358	3903.233563000
17		1358	3903.287081000
17		43	3903.418544000
17		1358	3903.419798000
17		43	3903.605745000
17		1358	3903.606710000
6	0		3903.609739000
6	0		3903.609795000
6	0		3903.649392000
6	12		3903.649683000
6	0		3903.688909000
6	12		3903.688945000
6	0		3903.688958000
6	1		3903.689159000
6	4		3903.689178000
6	32		3903.689187000
6	0		3903.689198000
6	68		3903.711153000
6	0		3903.728462000
6	0		3903.728515000
6	0		3903.728521000
6	0		3903.728569000
6	0		3903.728586000
17		43	3903.792524000
17		1358	3903.793092000
6	0		3903.804366000
6	0		3903.804420000
6	52		3903.865773000
6	0		3903.865816000
6	0		3903.866468000
6	0		3903.867052000
17		43	3903.979259000
17		1358	3903.980384000
17		43	3904.166596000
17		1358	3904.168088000
6	0		3904.258226000
17		43	3904.353755000
17		1358	3904.355150000
17		43	3904.540826000
17		1358	3904.542434000
6	0		3904.674216000
17		43	3904.727667000
17		1358	3904.728882000
6	0		3904.820761000
6	0		3904.820806000
6	0		3904.829320000
17		43	3904.914123000
17		1358	3904.915686000
17		43	3905.101069000
17		586	3905.101093000
17		35	3905.102118000
17		1358	3905.102581000
17		76	3905.110740000
17		33	3905.110773000
17		43	3905.288146000
17		43	3905.475458000
17		1358	3905.476767000
17		43	3905.661846000
17		1358	3905.663572000
6	0		3905.679578000
6	0		3905.679625000
6	0		3905.721807000
17		43	3905.849445000
17		1358	3905.851023000
17		43	3906.036969000
17		41	3906.037004000
17		1358	3906.038684000
17		76	3906.139151000
17		43	3906.223426000
17		48	3906.223449000
17		41	3906.223455000
17		1358	3906.225033000
17		33	3906.249040000
17		43	3906.410433000
17		1358	3906.411888000
17		1358	3906.455621000
17		1358	3906.498473000
17		1358	3906.539988000
17		43	3906.597864000
17		1358	3906.598684000
17		1358	3906.641776000
17		43	3906.784529000
17		1358	3906.786046000
17		1358	3906.828968000
17		41	3906.971286000
17		43	3906.971311000
17		1358	3906.972622000
17		1358	3907.015769000
17		43	3907.158521000
17		1358	3907.159953000
17		1358	3907.202811000
17		43	3907.345150000
17		1358	3907.346717000
17		1358	3907.390802000
17		43	3907.532463000
17		1358	3907.534038000
17		1358	3907.577235000
17		43	3907.719325000
17		1358	3907.720933000
17		1358	3907.764219000
17		43	3907.906517000
17		1358	3907.908125000
17		1358	3907.951783000
17		43	3908.093628000
17		1358	3908.094704000
17		1358	3908.137476000
17		1358	3908.180418000
17		1358	3908.224079000
17		43	3908.280183000
17		1358	3908.281789000
17		1358	3908.324968000
17		43	3908.467380000
17		1358	3908.469177000
17		1358	3908.513057000
17		43	3908.654702000
17		1358	3908.656307000
17		1358	3908.699862000
17		43	3908.841289000
17		1358	3908.842868000
17		1358	3908.886614000
17		43	3909.028556000
17		1358	3909.030184000
17		1358	3909.101758000
17		43	3909.215296000
17		1358	3909.216862000
17		1358	3909.289117000
17		43	3909.402454000
17		1358	3909.403179000
17		1358	3909.475107000
17		43	3909.588817000
17		1358	3909.590463000
17		1358	3909.661816000
17		43	3909.776527000
17		1358	3909.778223000
17		1358	3909.849786000
17		48	3909.963677000
17		1358	3909.965263000
17		1358	3910.020266000
17		43	3910.150312000
17		1358	3910.151850000
17		1358	3910.206416000
17		1358	3910.259086000
17		1358	3910.312644000
17		43	3910.337662000
17		1358	3910.365351000
17		1358	3910.419791000
17		43	3910.524279000
17		1358	3910.525868000
17		1358	3910.579755000
17		43	3910.710915000
17		1358	3910.712496000
17		1358	3910.766043000
17		43	3910.898112000
17		1358	3910.899700000
17		1358	3910.953292000
17		43	3911.084947000
17		41	3911.084971000
17		1358	3911.085911000
17		1358	3911.140107000
17		43	3911.271803000
17		1358	3911.273047000
17		1358	3911.327010000
17		43	3911.459354000
17		1358	3911.460927000
17		1358	3911.515175000
17		43	3911.646385000
17		1358	3911.647821000
6	0		3911.729045000
6	0		3911.729099000
6	0		3911.767885000
6	12		3911.768126000
6	0		3911.806969000
6	12		3911.807004000
6	0		3911.807016000
6	1		3911.807176000
6	4		3911.807188000
6	32		3911.807196000
6	0		3911.807208000
17		43	3911.833632000
17		1358	3911.835174000
6	0		3911.846106000
6	0		3911.846136000
6	0		3911.846228000
6	0		3911.846239000
17		43	3912.020333000
17		1358	3912.021920000
17		43	3912.207734000
17		1358	3912.209348000
17		43	3912.394419000
17		1358	3912.396034000
17		1358	3912.450402000
17		43	3912.580774000
17		1358	3912.582088000
17		43	3912.768297000
17		1358	3912.769132000
17		43	3912.955484000
17		1358	3912.957115000
17		43	3913.142761000
17		1358	3913.143631000
17		43	3913.328760000
17		1358	3913.330323000
17		43	3913.516060000
17		1358	3913.517651000
17		43	3913.702950000
17		41	3913.702973000
17		1358	3913.704038000
17		43	3913.890221000
17		1358	3913.891548000
17		43	3914.077597000
17		1358	3914.078806000
17		43	3914.264203000
17		1358	3914.265848000
17		43	3914.451532000
17		1358	3914.453253000
17		1358	3914.507240000
17		43	3914.638385000
17		1358	3914.640061000
17		43	3914.825435000
17		1358	3914.827043000
17		43	3915.012432000
17		1358	3915.014006000
17		43	3915.199090000
17		41	3915.199113000
17		1358	3915.200498000
17		43	3915.386270000
17		1358	3915.387889000
17		43	3915.572961000
17		1358	3915.574511000
17		43	3915.760333000
17		1358	3915.761772000
17		43	3915.946915000
17		1358	3915.948450000
17		43	3916.134151000
17		1358	3916.135816000
17		43	3916.321022000
17		1358	3916.322306000
17		43	3916.508440000
17		1358	3916.510061000
17		1358	3916.581521000
17		43	3916.695513000
17		1358	3916.697085000
17		43	3916.881931000
17		1358	3916.883576000
6	0		3917.061877000
6	0		3917.061926000
17		43	3917.069615000
17		43	3917.256287000
17		43	3917.443516000
17		43	3917.630664000
17		43	3917.817035000
17		43	3918.004135000
17		43	3918.191440000
17		43	3918.378690000
17		43	3918.565071000
17		43	3918.751804000
17		48	3918.939566000
17		39	3918.953509000
17		43	3919.125893000
17		43	3919.313298000
17		43	3919.500054000
17		43	3919.687618000
6	0		3919.846136000
6	0		3919.846193000
17		43	3919.873941000
6	0		3919.884866000
6	12		3919.885089000
6	0		3919.923443000
6	12		3919.923477000
6	0		3919.923488000
6	1		3919.923651000
6	4		3919.923664000
6	32		3919.923673000
6	0		3919.923681000
6	0		3919.961881000
6	0		3919.961918000
6	0		3919.961922000
6	0		3919.961970000
6	0		3919.961981000
6	0		3919.961995000
17		43	3920.061333000
17		43	3920.248618000
17		43	3920.435700000
17		43	3920.621976000
17		43	3920.809119000
17		43	3920.996017000
17		43	3921.183715000
17		43	3921.370100000
17		43	3921.557385000
17		43	3921.743782000
17		43	3921.931045000
17		43	3922.118209000
17		43	3922.305424000
17		43	3922.492620000
17		48	3922.679085000
17		1358	3922.680710000
17		43	3922.866276000
17		1358	3922.868899000
17		1358	3923.030341000
17		43	3923.053262000
17		1358	3923.190674000
17		43	3923.240628000
17		1358	3923.351916000
17		43	3923.427015000
17		1358	3923.513100000
17		43	3923.614451000
17		1358	3923.674688000
17		43	3923.801559000
17		1358	3923.834723000
17		43	3923.988670000
17		1358	3923.995216000
17		1358	3924.155278000
17		43	3924.174809000
17		1358	3924.315333000
17		43	3924.362611000
17		1358	3924.474710000
17		43	3924.549641000
17		1358	3924.635934000
17		43	3924.736140000
17		1358	3924.795673000
17		43	3924.923327000
17		1358	3924.956580000
17		43	3925.110626000
17		1358	3925.115982000
17		1358	3925.276828000
17		43	3925.297062000
17		1358	3925.437190000
17		43	3925.484633000
17		1358	3925.596886000
17		43	3925.671794000
17		1358	3925.758030000
17		43	3925.858503000
17		1358	3925.917570000
17		43	3926.045585000
17		1358	3926.077448000
17		43	3926.232351000
17		1358	3926.237972000
17		1358	3926.397647000
17		48	3926.419166000
17		35	3926.433294000
17		1358	3926.558534000
17		43	3926.605806000
17		1358	3926.718701000
17		43	3926.792903000
17		1358	3926.879012000
17		43	3926.980199000
17		1358	3927.038119000
17		43	3927.167252000
17		1358	3927.198408000
17		43	3927.354509000
17		1358	3927.359505000
17		1358	3927.519132000
17		43	3927.540817000
17		1358	3927.679421000
17		43	3927.728123000
17		1358	3927.840011000
17		43	3927.914986000
6	0		3927.963771000
6	0		3927.963825000
17		1358	3927.999572000
6	0		3928.002666000
6	12		3928.002960000
6	0		3928.041915000
6	12		3928.041968000
6	0		3928.041984000
6	1		3928.042201000
6	4		3928.042217000
6	32		3928.042225000
6	0		3928.042235000
6	0		3928.081069000
6	0		3928.081106000
6	0		3928.081110000
6	0		3928.081236000
6	0		3928.081248000
17		43	3928.102296000
17		1358	3928.128121000
17		1358	3928.255434000
17		43	3928.289512000
17		1358	3928.384487000
17		43	3928.475821000
17		1358	3928.512026000
17		1358	3928.641000000
17		43	3928.662826000
17		1358	3928.768521000
17		43	3928.850243000
17		1358	3928.981896000
17		43	3929.037176000
17		1358	3929.196224000
17		43	3929.224229000
17		1358	3929.409897000
17		43	3929.411520000
17		43	3929.598320000
17		1358	3929.622977000
17		1358	3929.782916000
17		43	3929.785506000
17		1358	3929.942784000
17		43	3929.972457000
17		1358	3930.103373000
17		48	3930.159272000
17		35	3930.172638000
17		1358	3930.263180000
17		43	3930.345920000
17		1358	3930.423868000
17		43	3930.532948000
17		1358	3930.583865000
17		43	3930.720255000
17		1358	3930.743907000
17		1358	3930.904111000
17		43	3930.907184000
17		1358	3931.063625000
17		43	3931.094249000
17		1358	3931.224243000
17		43	3931.281160000
17		1358	3931.384823000
17		43	3931.468547000
17		1358	3931.544582000
17		43	3931.655530000
17		1358	3931.705353000
6	0		3931.812709000
6	0		3931.812763000
17		43	3931.842000000
17		1358	3931.865344000
17		1358	3932.024746000
17		43	3932.028799000
6	0		3932.090585000
6	41		3932.096541000
17		1358	3932.184926000
17		43	3932.215994000
17		1358	3932.345178000
6	0		3932.373466000
6	21		3932.377921000
6	0		3932.377958000
6	1080		3932.378934000
17		43	3932.403111000
17		1358	3932.506066000
17		43	3932.590358000
6	0		3932.654990000
6	440		3932.655494000
17		1358	3932.665911000
6	0		3932.698240000
17		43	3932.777570000
17		1358	3932.826207000
17		43	3932.964560000
6	48		3932.976039000
6	0		3932.976083000
6	280		3932.980554000
17		1358	3932.985680000
17		1358	3933.145854000
17		43	3933.150839000
6	0		3933.257104000
6	16		3933.268168000
17		1358	3933.306659000
6	0		3933.310219000
17		43	3933.338274000
17		1358	3933.466540000
17		43	3933.525021000
6	52		3933.586075000
6	0		3933.586112000
6	52		3933.586245000
17		1358	3933.627142000
17		43	3933.712072000
6	84		3933.862304000
17		48	3933.899362000
6	0		3933.906211000
17		35	3933.913530000
17		43	3934.086665000
17		43	3934.272970000
17		43	3934.460147000
17		1358	3934.461873000
17		43	3934.647592000
17		1358	3934.648361000
17		43	3934.834416000
17		1358	3934.836044000
17		43	3935.021691000
17		1358	3935.023307000
17		43	3935.207906000
17		1358	3935.207931000
17		1358	3935.209098000
17		1358	3935.209712000
17		33	3935.234212000
17		43	3935.394942000
17		1358	3935.396529000
17		1358	3935.557709000
17		43	3935.582647000
17		1358	3935.717494000
6	68		3935.718812000
17		43	3935.769365000
17		1358	3935.877667000
17		694	3935.956352000
17		43	3935.956379000
17		35	3935.957204000
17		74	3935.969861000
17		33	3935.969897000
6	52		3935.994949000
6	0		3935.994998000
6	0		3935.995968000
6	0		3935.997369000
17		1358	3936.038985000
6	0		3936.082451000
6	0		3936.082508000
6	0		3936.121995000
6	12		3936.122283000
17		43	3936.143261000
6	0		3936.161811000
6	12		3936.161847000
6	0		3936.161860000
6	1		3936.162028000
6	4		3936.162042000
6	32		3936.162051000
6	0		3936.162062000
17		1358	3936.198607000
6	0		3936.201496000
6	0		3936.201525000
6	0		3936.201544000
6	0		3936.201558000
6	0		3936.274223000
17		43	3936.330467000
17		1358	3936.358043000
17		43	3936.517080000
17		1358	3936.518651000
17		1358	3936.679189000
17		43	3936.704409000
17		1358	3936.839676000
17		43	3936.891256000
17		592	3936.891291000
17		43	3936.891301000
17		35	3936.892157000
17		76	3936.901882000
17		33	3936.902555000
17		1358	3936.999046000
17		43	3937.078373000
17		1358	3937.159661000
17		43	3937.265483000
17		1358	3937.318658000
17		43	3937.452000000
17		1358	3937.479502000
17		48	3937.639198000
17		1358	3937.639229000
17		35	3937.652413000
17		1358	3937.800055000
17		43	3937.826341000
17		1358	3937.960225000
17		43	3938.013529000
17		43	3938.013558000
17		41	3938.013566000
17		33	3938.039420000
17		1358	3938.121004000
17		43	3938.199767000
17		1358	3938.279822000
17		43	3938.387509000
17		1358	3938.439949000
17		43	3938.574146000
17		1358	3938.600830000
17		1358	3938.760531000
17		43	3938.761207000
17		1358	3938.921429000
17		43	3938.948143000
17		1358	3939.084163000
17		43	3939.134760000
17		1358	3939.248210000
17		43	3939.322500000
17		1358	3939.411268000
17		43	3939.509644000
17		1358	3939.575689000
17		43	3939.696716000
17		1358	3939.739219000
17		43	3939.883549000
17		1358	3939.903259000
17		1358	3940.065784000
17		43	3940.069880000
17		1358	3940.229694000
17		43	3940.257013000
17		1358	3940.360411000
17		43	3940.443736000
17		1358	3940.490693000
17		1358	3940.622774000
17		43	3940.630869000
17		1358	3940.752727000
17		43	3940.818310000
17		1358	3940.884040000
17		43	3941.005286000
17		1358	3941.015356000
17		43	3941.192473000
17		1358	3941.232565000
17		48	3941.378851000
17		35	3941.393172000
17		1358	3941.451399000
17		43	3941.565991000
17		1358	3941.668979000
17		43	3941.752802000
17		1358	3941.887372000
17		43	3941.940324000
17		1358	3942.105832000
17		43	3942.127714000
17		1358	3942.268202000
17		43	3942.314188000
17		1358	3942.432473000
17		43	3942.501453000
17		1358	3942.595328000
17		43	3942.687970000
17		1358	3942.759228000
17		43	3942.875598000
17		1358	3942.923078000
17		43	3943.061793000
17		1358	3943.086034000
17		43	3943.249397000
17		1358	3943.250979000
17		1358	3943.412682000
17		43	3943.436488000
17		1358	3943.576735000
17		43	3943.623240000
17		1358	3943.740149000
17		43	3943.809931000
17		1358	3943.903897000
17		43	3943.997692000
17		1358	3944.067437000
17		43	3944.184480000
6	0		3944.202756000
6	0		3944.202812000
17		1358	3944.231677000
6	0		3944.242691000
6	12		3944.242914000
6	0		3944.282693000
6	12		3944.282726000
6	0		3944.282737000
6	1		3944.282890000
6	4		3944.282903000
6	32		3944.282911000
6	0		3944.282923000
6	0		3944.322747000
6	0		3944.322786000
6	0		3944.322792000
6	0		3944.322921000
6	0		3944.322975000
17		43	3944.371005000
17		1358	3944.394060000
17		43	3944.558067000
17		1358	3944.559712000
17		1358	3944.722091000
17		43	3944.745364000
17		1358	3944.886150000
17		43	3944.932787000
17		1358	3945.048878000
17		48	3945.119658000
17		35	3945.134004000
17		1358	3945.213245000
17		43	3945.306251000
17		1358	3945.375786000
17		43	3945.493085000
6	0		3945.666351000
6	0		3945.666427000
17		43	3945.680409000
17		43	3945.867687000
6	0		3945.886881000
6	41		3945.892393000
6	22		3945.895688000
6	0		3945.895730000
17		43	3946.053850000
6	0		3946.112257000
6	1080		3946.112303000
6	976		3946.114932000
6	0		3946.114965000
17		43	3946.241097000
17		1358	3946.242678000
6	0		3946.371704000
17		43	3946.428506000
17		1358	3946.430288000
17		43	3946.614902000
17		1358	3946.616492000
6	0		3946.696206000
6	0		3946.696273000
17		1358	3946.781950000
17		43	3946.801760000
6	48		3946.813696000
6	0		3946.813746000
6	388		3946.819380000
6	0		3946.861511000
6	41		3946.867086000
17		1358	3946.944793000
17		43	3946.989055000
6	0		3947.031952000
6	21		3947.032158000
6	0		3947.032170000
6	1080		3947.033163000
6	0		3947.039784000
17		1358	3947.107668000
17		43	3947.176003000
6	0		3947.198085000
6	440		3947.198201000
6	0		3947.242230000
17		1358	3947.271892000
17		43	3947.363214000
6	48		3947.407214000
6	0		3947.407255000
6	280		3947.411383000
17		1358	3947.434926000
17		43	3947.550354000
6	0		3947.576288000
17		1358	3947.598989000
6	16		3947.668744000
6	0		3947.710224000
17		43	3947.736762000
17		1358	3947.761772000
6	52		3947.875103000
6	0		3947.875141000
6	52		3947.875228000
17		43	3947.924433000
17		1358	3947.926037000
6	0		3948.040031000
6	84		3948.040069000
6	0		3948.082233000
17		1358	3948.089063000
17		43	3948.111311000
17		1358	3948.253548000
17		43	3948.298253000
17		1358	3948.416367000
6	16		3948.434719000
6	0		3948.478232000
17		43	3948.484965000
17		1358	3948.580648000
17		43	3948.672659000
17		1358	3948.710783000
17		1358	3948.841534000
17		48	3948.858809000
17		35	3948.872694000
17		1358	3948.973264000
17		43	3949.046013000
17		1358	3949.103220000
17		43	3949.232808000
17		1358	3949.234940000
17		1358	3949.365379000
17		43	3949.420621000
17		1358	3949.495228000
17		43	3949.607675000
6	0		3949.674247000
6	0		3949.674312000
17		1358	3949.713806000
17		43	3949.793916000
6	0		3949.814444000
6	41		3949.820251000
17		1358	3949.931990000
6	0		3949.960042000
6	21		3949.960075000
6	0		3949.960085000
6	1080		3949.961111000
17		43	3949.981558000
6	440		3950.101746000
6	0		3950.142226000
17		1358	3950.144908000
17		43	3950.168512000
6	48		3950.282016000
6	0		3950.282053000
6	280		3950.286291000
17		43	3950.355233000
17		1358	3950.359040000
6	16		3950.428562000
6	0		3950.470215000
6	68		3950.489313000
17		1358	3950.518800000
17		43	3950.542716000
6	52		3950.609994000
6	0		3950.610032000
6	52		3950.610127000
6	52		3950.654413000
6	0		3950.654456000
6	0		3950.654477000
6	0		3950.655693000
17		1358	3950.679682000
17		43	3950.729263000
6	84		3950.749866000
6	0		3950.790225000
6	0		3950.820518000
17		1358	3950.839352000
17		43	3950.916153000
6	52		3950.969972000
6	0		3950.970010000
6	52		3950.970144000
17		1358	3951.000220000
17		43	3951.103045000
17		1358	3951.160425000
6	0		3951.190586000
6	84		3951.191860000
6	0		3951.234205000
17		43	3951.290200000
17		1358	3951.321160000
17		43	3951.476956000
17		1358	3951.478583000
17		1358	3951.640010000
17		43	3951.664742000
17		1358	3951.800922000
17		43	3951.851583000
17		1358	3951.961514000
17		43	3952.038251000
17		1358	3952.121103000
17		43	3952.224953000
6	68		3952.276221000
17		1358	3952.282093000
17		43	3952.411790000
6	52		3952.415993000
6	0		3952.416042000
6	0		3952.416061000
6	0		3952.417692000
17		1358	3952.441565000
6	0		3952.557412000
17		48	3952.599609000
17		1358	3952.601256000
17		1358	3952.761796000
17		43	3952.786155000
17		1358	3952.921636000
17		43	3952.973192000
17		1358	3953.081810000
17		43	3953.160083000
6	52		3953.190740000
6	0		3953.200287000
6	0		3953.200337000
17		1358	3953.242611000
17		43	3953.347215000
17		1358	3953.403003000
6	52		3953.414429000
6	0		3953.414478000
6	0		3953.414508000
6	0		3953.415997000
17		43	3953.534100000
17		1358	3953.562785000
6	0		3953.635960000
17		43	3953.721030000
17		1358	3953.722484000
17		1358	3953.882539000
17		43	3953.908253000
17		1358	3954.042800000
17		43	3954.094917000
17		1358	3954.203317000
17		43	3954.282229000
17		1358	3954.363555000
17		43	3954.468800000
17		1358	3954.523878000
17		43	3954.656095000
17		1358	3954.684323000
17		43	3954.843380000
17		1358	3954.844819000
17		1358	3955.004303000
17		43	3955.030273000
17		1358	3955.164585000
17		43	3955.217494000
17		657	3955.217528000
17		35	3955.219084000
17		76	3955.230597000
17		33	3955.230858000
17		1358	3955.324994000
17		43	3955.403830000
17		1358	3955.485384000
17		43	3955.591384000
17		1358	3955.645836000
17		43	3955.778010000
17		1358	3955.805463000
17		1358	3955.965020000
17		43	3955.965356000
17		1358	3956.125820000
17		43	3956.152501000
17		1358	3956.253600000
17		48	3956.339355000
17		35	3956.353757000
17		1358	3956.382127000
17		1358	3956.510477000
17		43	3956.526701000
17		43	3956.526729000
17		41	3956.526736000
17		33	3956.552652000
17		1358	3956.637594000
17		43	3956.713385000
17		1358	3956.766916000
17		1358	3956.893871000
17		43	3956.900868000
17		504	3957.023144000
17		43	3957.087915000
17		43	3957.274722000
17		43	3957.461672000
17		43	3957.648073000
17		43	3957.835549000
17		43	3958.021755000
17		41	3958.021790000
17		33	3958.022396000
17		43	3958.209111000
17		43	3958.396407000
17		43	3958.583323000
17		1039	3958.770106000
17		41	3958.770751000
17		156	3958.771563000
17		1353	3958.771576000
17		1358	3958.771579000
17		1358	3958.771582000
17		1358	3958.932469000
17		1358	3959.093027000
17		49	3959.144417000
17		35	3959.158853000
17		1358	3959.254349000
17		43	3959.331354000
17		1358	3959.415384000
17		43	3959.517744000
17		1358	3959.576524000
17		1358	3959.703260000
17		43	3959.704814000
17		1358	3959.832794000
17		43	3959.891839000
17		1358	3959.959864000
17		43	3960.079185000
17		1358	3960.173647000
17		43	3960.266265000
6	0		3960.325093000
6	0		3960.325150000
6	0		3960.364860000
6	12		3960.365148000
17		1358	3960.381154000
6	0		3960.404366000
6	12		3960.404415000
6	0		3960.404427000
6	1		3960.405358000
6	4		3960.405395000
6	32		3960.405406000
6	0		3960.405416000
6	0		3960.444633000
6	0		3960.444680000
6	0		3960.444694000
6	0		3960.444742000
6	0		3960.444757000
6	0		3960.444781000
17		43	3960.453023000
17		1358	3960.537644000
17		43	3960.640398000
6	0		3960.643798000
6	0		3960.643860000
6	0		3960.660749000
6	41		3960.666607000
6	0		3960.683037000
6	21		3960.684849000
6	0		3960.684876000
6	1080		3960.685825000
17		1358	3960.694047000
6	0		3960.702124000
6	440		3960.702156000
6	0		3960.742242000
6	48		3960.758644000
6	0		3960.758694000
6	280		3960.762901000
6	0		3960.779216000
6	16		3960.817787000
17		43	3960.827266000
17		1358	3960.849202000
6	0		3960.858214000
6	52		3960.874623000
6	0		3960.874662000
6	52		3960.874763000
6	0		3960.891062000
6	84		3960.894580000
6	0		3960.938216000
17		1358	3961.004551000
17		43	3961.014585000
17		43	3961.107036000
17		1358	3961.161574000
17		43	3961.200364000
17		43	3961.293081000
17		1358	3961.318340000
17		43	3961.386067000
17		1358	3961.474291000
17		43	3961.479529000
17		43	3961.572577000
17		1358	3961.629845000
17		43	3961.664717000
17		43	3961.758138000
17		1358	3961.785557000
17		43	3961.851168000
17		1358	3961.941448000
17		48	3961.944020000
17		35	3961.957904000
17		43	3962.036844000
17		1358	3962.038452000
17		1358	3962.038476000
17		1358	3962.038479000
17		1358	3962.038482000
17		1358	3962.038486000
17		1358	3962.038489000
17		1358	3962.038492000
17		1358	3962.038495000
17		1358	3962.038498000
17		1358	3962.038502000
17		1358	3962.194946000
17		43	3962.223085000
17		43	3962.316214000
17		1358	3962.350344000
17		43	3962.408810000
17		1358	3962.462150000
17		43	3962.502545000
17		43	3962.595315000
17		1358	3962.627188000
17		43	3962.688557000
17		1358	3962.738618000
17		43	3962.781607000
17		1358	3962.847502000
17		43	3962.874142000
17		1358	3962.954141000
17		43	3962.966909000
17		1358	3963.058553000
17		43	3963.060074000
17		1131	3963.060102000
17		37	3963.061246000
17		183	3963.073378000
17		90	3963.073410000
6	68		3963.127371000
6	52		3963.143909000
6	0		3963.143956000
6	0		3963.143982000
6	0		3963.145205000
17		43	3963.152886000
17		1358	3963.161185000
6	0		3963.161598000
17		43	3963.245708000
17		1358	3963.261925000
17		43	3963.339003000
17		1358	3963.346209000
17		1358	3963.428822000
17		43	3963.432313000
17		1358	3963.512453000
17		43	3963.525255000
17		1358	3963.594643000
17		43	3963.617714000
17		1358	3963.676710000
17		43	3963.711302000
17		43	3963.711329000
17		41	3963.711336000
17		33	3963.737322000
17		1358	3963.759881000
17		43	3963.804029000
17		1358	3963.824954000
17		1358	3963.891514000
17		48	3963.897007000
17		35	3963.911449000
17		1358	3963.957328000
17		43	3963.989701000
17		1358	3964.067354000
17		43	3964.082905000
17		43	3964.176492000
17		1358	3964.178108000
17		1358	3964.260287000
17		43	3964.268625000
17		1358	3964.343763000
17		43	3964.362300000
17		1358	3964.426275000
17		43	3964.454880000
17		1358	3964.508823000
17		43	3964.548368000
17		1358	3964.591932000
17		43	3964.641100000
17		1358	3964.674095000
17		43	3964.734078000
17		1358	3964.756931000
17		43	3964.827400000
17		1358	3964.839680000
17		43	3964.920076000
17		1358	3964.921714000
17		1358	3965.004018000
17		43	3965.012865000
17		1358	3965.087781000
17		43	3965.106201000
6	0		3965.108692000
6	0		3965.108729000
17		1358	3965.169716000
17		43	3965.199008000
17		1358	3965.252697000
17		43	3965.291969000
17		1358	3965.318792000
17		1358	3965.384324000
17		43	3965.384630000
17		1358	3965.451199000
17		43	3965.478616000
17		1358	3965.560794000
17		43	3965.571440000
17		43	3965.664013000
17		1358	3965.670681000
17		1358	3965.753488000
17		48	3965.757347000
17		35	3965.771769000
17		1358	3965.836406000
17		43	3965.849973000
17		1358	3965.918818000
17		43	3965.942789000
17		1358	3966.001415000
17		43	3966.035975000
17		1358	3966.084187000
17		43	3966.128719000
17		1358	3966.166706000
17		43	3966.222431000
17		1358	3966.249141000
17		43	3966.315004000
17		1358	3966.332644000
17		43	3966.408505000
17		1358	3966.414690000
17		1358	3966.497984000
17		43	3966.500933000
17		1358	3966.580075000
17		43	3966.594497000
17		1358	3966.662402000
17		43	3966.687328000
17		1358	3966.745156000
17		43	3966.780450000
17		1358	3966.811421000
17		43	3966.873405000
17		1358	3966.877276000
17		43	3966.966578000
17		1358	3966.988033000
17		43	3967.058733000
17		1358	3967.097786000
17		43	3967.152403000
17		1358	3967.180475000
17		43	3967.245157000
17		1358	3967.263056000
17		43	3967.337876000
17		1358	3967.345413000
17		1358	3967.428291000
17		43	3967.431246000
17		1358	3967.510284000
17		43	3967.524567000
17		1358	3967.594137000
17		48	3967.617720000
17		35	3967.632138000
17		1358	3967.676842000
17		43	3967.710624000
17		1358	3967.758627000
17		43	3967.803325000
17		1358	3967.841350000
17		43	3967.895840000
17		1358	3967.924158000
17		43	3967.989447000
17		1358	3968.006505000
17		43	3968.082445000
17		1358	3968.089251000
17		1358	3968.172291000
17		43	3968.174935000
17		296	3968.254814000
17		43	3968.268534000
17		43	3968.360954000
6	0		3968.445981000
6	0		3968.446045000
17		43	3968.454159000
6	0		3968.485151000
6	12		3968.485388000
6	0		3968.524529000
6	12		3968.524731000
6	0		3968.524746000
6	1		3968.524923000
6	4		3968.524939000
6	32		3968.524950000
6	0		3968.524964000
17		43	3968.547380000
6	0		3968.563936000
6	0		3968.563972000
6	0		3968.564025000
6	0		3968.564144000
6	0		3968.564155000
17		43	3968.640529000
17		43	3968.733580000
17		43	3968.825925000
17		43	3968.919080000
17		1039	3969.012628000
17		41	3969.013357000
17		155	3969.014534000
17		1353	3969.014551000
17		1358	3969.014555000
17		1358	3969.014560000
17		1358	3969.014563000
17		1358	3969.014566000
17		1358	3969.014570000
17		1358	3969.014573000
17		1358	3969.014577000
17		1358	3969.097574000
17		1358	3969.181506000
17		49	3969.198468000
17		35	3969.212978000
17		1358	3969.264220000
17		43	3969.291295000
6	0		3969.304814000
6	0		3969.304866000
17		1358	3969.346375000
17		43	3969.384435000
17		1358	3969.429427000
6	0		3969.466672000
6	41		3969.473936000
17		43	3969.477594000
17		1358	3969.512512000
17		43	3969.569759000
17		1358	3969.595917000
6	21		3969.635355000
6	0		3969.635394000
6	0		3969.635413000
6	0		3969.635418000
6	1080		3969.636333000
17		43	3969.662829000
17		1358	3969.677342000
17		43	3969.756111000
17		1358	3969.760665000
6	440		3969.799762000
17		1358	3969.826579000
6	0		3969.842238000
17		43	3969.849542000
17		1358	3969.893207000
17		43	3969.942156000
17		1358	3969.959723000
6	0		3969.988741000
6	0		3969.988790000
6	48		3970.004234000
6	0		3970.004270000
6	280		3970.008841000
17		43	3970.035525000
17		1358	3970.071557000
17		43	3970.128193000
6	16		3970.174636000
17		1358	3970.182429000
6	0		3970.218210000
17		43	3970.220977000
6	0		3970.239687000
6	41		3970.245495000
17		1358	3970.266027000
17		43	3970.314634000
6	0		3970.330206000
6	0		3970.330262000
17		1358	3970.349867000
6	52		3970.380007000
6	0		3970.380047000
6	52		3970.380152000
17		43	3970.407544000
6	0		3970.414726000
6	41		3970.420296000
17		1358	3970.433698000
6	0		3970.496706000
17		43	3970.500238000
6	0		3970.504431000
6	21		3970.507509000
6	0		3970.507545000
6	21		3970.508760000
6	0		3970.508783000
6	1080		3970.509238000
6	1080		3970.509710000
6	84		3970.542766000
6	0		3970.586209000
17		43	3970.592658000
6	0		3970.593309000
6	440		3970.593364000
6	0		3970.634222000
17		43	3970.686139000
6	48		3970.718395000
6	0		3970.718436000
6	280		3970.722537000
6	440		3970.763331000
17		43	3970.779170000
17		1358	3970.780987000
6	0		3970.806217000
6	0		3970.806668000
6	16		3970.808544000
6	0		3970.850230000
17		43	3970.872338000
17		1358	3970.873909000
6	52		3970.934351000
6	0		3970.934392000
6	52		3970.934502000
17		43	3970.965203000
17		1358	3970.966793000
6	100		3971.019246000
6	48		3971.056870000
6	0		3971.056909000
17		48	3971.060930000
6	280		3971.061200000
6	0		3971.062202000
17		1358	3971.062630000
17		43	3971.150978000
17		1358	3971.152306000
17		43	3971.244095000
17		1358	3971.245124000
6	16		3971.323841000
17		43	3971.337607000
17		1358	3971.339169000
6	0		3971.366214000
17		43	3971.430316000
17		1358	3971.431995000
17		43	3971.523299000
17		1358	3971.542382000
17		43	3971.615720000
6	52		3971.616819000
6	0		3971.616850000
6	52		3971.616909000
17		1358	3971.653638000
17		43	3971.709590000
17		1358	3971.736180000
17		43	3971.801869000
17		1358	3971.818449000
6	84		3971.874853000
17		43	3971.895197000
17		1358	3971.902062000
6	0		3971.918209000
17		1358	3971.984583000
17		43	3971.987715000
17		1358	3972.067124000
17		43	3972.080709000
6	0		3972.168169000
6	0		3972.168217000
17		43	3972.174529000
6	0		3972.208936000
17		43	3972.267486000
17		1358	3972.268448000
17		43	3972.359742000
17		1358	3972.361311000
17		43	3972.452908000
17		1358	3972.454209000
17		43	3972.547028000
17		1358	3972.548620000
17		1358	3972.632143000
17		43	3972.639907000
17		1358	3972.715502000
17		43	3972.732314000
17		1358	3972.799309000
6	68		3972.815641000
17		43	3972.824735000
17		1358	3972.881913000
17		48	3972.918517000
17		35	3972.932327000
17		1358	3972.964215000
6	52		3972.978317000
6	0		3972.978368000
6	0		3972.978388000
6	0		3972.979602000
17		43	3973.011069000
17		1358	3973.047309000
17		43	3973.104364000
17		1358	3973.129673000
6	0		3973.140685000
17		43	3973.197411000
17		1358	3973.212551000
6	68		3973.290472000
17		43	3973.290770000
17		1358	3973.295025000
6	52		3973.374853000
6	0		3973.374905000
6	0		3973.374925000
6	0		3973.376198000
17		1358	3973.377836000
17		43	3973.383399000
17		1358	3973.460237000
6	0		3973.460267000
17		43	3973.475777000
17		1358	3973.543039000
17		43	3973.568848000
17		1358	3973.626416000
17		43	3973.662447000
17		1358	3973.708517000
17		43	3973.755034000
17		1358	3973.792390000
17		43	3973.847994000
17		1358	3973.874712000
17		43	3973.940919000
17		1358	3973.957100000
17		43	3974.033902000
17		1358	3974.039992000
17		1358	3974.123207000
17		43	3974.126686000
17		1358	3974.204574000
17		43	3974.220599000
6	68		3974.282749000
17		1358	3974.287218000
17		43	3974.312689000
17		1358	3974.370430000
17		43	3974.406418000
17		1358	3974.452691000
17		43	3974.499652000
17		1358	3974.535709000
6	52		3974.539413000
6	0		3974.539449000
6	0		3974.539468000
6	0		3974.540607000
17		43	3974.591864000
17		1358	3974.617548000
17		43	3974.685133000
17		1358	3974.700430000
17		48	3974.778411000
17		1358	3974.783650000
6	0		3974.791238000
17		1358	3974.866128000
17		43	3974.870989000
17		1358	3974.948681000
17		43	3974.964433000
17		1358	3975.013919000
17		43	3975.057499000
17		778	3975.057520000
17		35	3975.058968000
17		76	3975.068021000
17		33	3975.068053000
17		1358	3975.080308000
17		1358	3975.146061000
17		733	3975.150204000
17		43	3975.150328000
17		35	3975.151343000
17		45	3975.160545000
17		33	3975.160633000
17		1358	3975.212731000
17		43	3975.243366000
17		1358	3975.277854000
17		43	3975.336065000
17		1358	3975.387975000
17		43	3975.428925000
17		1358	3975.498097000
17		43	3975.522076000
17		43	3975.522100000
17		41	3975.522106000
17		33	3975.547684000
17		1358	3975.607239000
17		43	3975.615470000
17		43	3975.707825000
17		43	3975.707878000
17		41	3975.707885000
17		1358	3975.717456000
17		33	3975.733625000
17		1358	3975.799295000
17		43	3975.800656000
17		1358	3975.882569000
17		43	3975.894423000
17		1358	3975.964193000
17		43	3975.986779000
17		1358	3976.046500000
17		43	3976.080567000
17		1358	3976.129110000
17		43	3976.172752000
17		1358	3976.211615000
17		43	3976.266516000
17		1358	3976.294295000
17		43	3976.359017000
17		1358	3976.376417000
17		43	3976.452455000
17		1358	3976.458775000
17		1358	3976.541775000
17		43	3976.545611000
17		1358	3976.623284000
17		48	3976.638057000
17		35	3976.651999000
17		1358	3976.706692000
17		43	3976.731497000
17		1358	3976.788157000
17		43	3976.823925000
17		1358	3976.870943000
17		43	3976.917356000
17		1358	3976.953401000
17		43	3977.010386000
17		1358	3977.035403000
17		43	3977.103610000
17		1358	3977.118816000
17		43	3977.195739000
17		1358	3977.200091000
17		1358	3977.281997000
17		43	3977.289139000
17		1358	3977.365195000
17		43	3977.381738000
17		1358	3977.447614000
6	0		3977.475032000
17		43	3977.475066000
6	0		3977.475075000
6	0		3977.475985000
6	0		3977.476218000
17		1358	3977.528978000
17		43	3977.567874000
17		1358	3977.612144000
17		43	3977.661206000
17		1358	3977.694972000
17		43	3977.754228000
17		1358	3977.777314000
17		43	3977.847155000
17		276	3977.859591000
17		43	3977.940007000
6	0		3978.033058000
6	0		3978.033083000
6	399		3978.033090000
17		43	3978.033097000
6	0		3978.033351000
6	2840		3978.041671000
6	1420		3978.041726000
6	2840		3978.041780000
6	2840		3978.041791000
6	1420		3978.041825000
6	2840		3978.041884000
17		43	3978.126153000
17		43	3978.219075000
17		43	3978.313108000
17		1131	3978.405334000
17		41	3978.405975000
17		1358	3978.406884000
17		1358	3978.406899000
17		1358	3978.406902000
17		1358	3978.406906000
17		1358	3978.406909000
17		1358	3978.406912000
17		1358	3978.406915000
17		1358	3978.406918000
17		1358	3978.406921000
17		1358	3978.474077000
6	0		3978.498258000
6	1420		3978.498527000
6	1420		3978.508307000
17		1358	3978.539827000
6	0		3978.591173000
6	1420		3978.591403000
6	1420		3978.601184000
6	0		3978.684383000
6	1420		3978.684636000
6	1420		3978.694427000
6	0		3978.776815000
6	1420		3978.777033000
6	1420		3978.786831000
6	0		3978.869996000
6	1420		3978.870241000
6	1420		3978.880038000
6	0		3978.962670000
6	1420		3978.962939000
6	1420		3978.972711000
6	0		3979.056110000
6	1420		3979.056366000
6	1420		3979.066143000
6	0		3979.149293000
6	1420		3979.149561000
6	1420		3979.159364000
6	0		3979.241909000
6	1420		3979.242137000
6	1420		3979.251913000
6	0		3979.334811000
17		43	3979.334841000
6	1420		3979.335064000
6	1420		3979.344847000
17		49	3979.428695000
17		1358	3979.430284000
17		43	3979.521167000
17		1358	3979.540390000
17		43	3979.614417000
17		1358	3979.650550000
17		43	3979.707128000
17		1358	3979.760470000
17		43	3979.800044000
17		1358	3979.843852000
17		43	3979.893130000
17		1358	3979.926297000
17		43	3979.986161000
17		1358	3980.007866000
17		43	3980.079538000
17		1358	3980.090806000
17		43	3980.172146000
17		1358	3980.172513000
17		1358	3980.254853000
6	0		3980.265183000
6	1420		3980.265459000
6	0		3980.358356000
6	1420		3980.358598000
17		43	3980.450921000
17		1358	3980.452131000
6	0		3980.544138000
6	1420		3980.544433000
6	0		3980.637173000
6	1420		3980.637425000
6	0		3980.729799000
6	1420		3980.730035000
6	0		3980.823011000
6	1420		3980.823263000
6	0		3980.916178000
17		41	3980.916208000
6	1420		3980.916449000
17		37	3980.917696000
6	0		3981.009428000
6	1420		3981.009685000
6	0		3981.195374000
6	1420		3981.195641000
6	1420		3981.205431000
17		1179	3981.287747000
17		35	3981.288719000
17		107	3981.300192000
17		96	3981.300238000
6	0		3981.380951000
6	1420		3981.381207000
6	1420		3981.390989000
6	0		3981.566935000
6	1420		3981.567173000
6	1420		3981.576990000
6	0		3981.659961000
6	1420		3981.660188000
6	1420		3981.669968000
6	0		3981.691510000
6	0		3981.691560000
6	0		3981.845815000
6	1420		3981.846078000
6	1420		3981.855891000
6	0		3982.031852000
6	1420		3982.032108000
6	1420		3982.041883000
17		43	3982.125493000
17		1358	3982.127131000
17		43	3982.218214000
17		1358	3982.219828000
17		43	3982.311381000
17		1358	3982.312301000
17		43	3982.404467000
17		1358	3982.406070000
17		43	3982.497770000
17		1358	3982.499459000
17		43	3982.590485000
17		1358	3982.593676000
17		33	3982.643396000
17		43	3982.682984000
17		1179	3982.683009000
17		33	3982.683628000
17		1358	3982.684580000
17		43	3982.775862000
17		1358	3982.776469000
17		43	3982.869019000
17		1358	3982.870613000
17		43	3982.961711000
17		1358	3982.963727000
6	0		3983.148231000
17		43	3983.148268000
6	1420		3983.148514000
17		1358	3983.149951000
6	1420		3983.158278000
6	0		3983.240877000
6	1420		3983.241138000
6	0		3983.334070000
6	1420		3983.334305000
6	0		3983.427642000
6	1420		3983.427872000
6	0		3983.520260000
17		41	3983.520283000
17		39	3983.521893000
6	0		3983.613197000
6	0		3983.706390000
6	0		3983.799572000
6	0		3983.891769000
17		41	3983.891795000
17		43	3983.984987000
17		41	3983.985013000
17		33	3983.985633000
6	0		3984.077944000
6	0		3984.171150000
6	0		3984.264382000
6	0		3984.357568000
6	0		3984.357590000
6	0		3984.449837000
6	0		3984.543050000
6	0		3984.636231000
6	0		3984.729448000
6	0		3984.822638000
17		43	3984.914720000
17		43	3985.008622000
17		43	3985.100912000
17		43	3985.193970000
6	0		3985.258642000
6	0		3985.258689000
17		43	3985.287371000
17		41	3985.287394000
17		35	3985.287944000
17		41	3985.380448000
17		43	3985.380469000
17		43	3985.473291000
17		1358	3985.474972000
17		43	3985.566551000
17		1358	3985.567263000
17		43	3985.659822000
17		1358	3985.661453000
17		43	3985.751660000
17		1358	3985.752994000
6	0		3985.844944000
17		43	3985.938248000
17		1358	3985.939794000
6	0		3986.031132000
6	1420		3986.031360000
6	0		3986.124316000
6	1420		3986.124578000
6	0		3986.216951000
6	0		3986.216974000
6	1420		3986.217198000
6	1420		3986.226964000
17		43	3986.403307000
17		1358	3986.404615000
17		1358	3986.487306000
17		43	3986.496404000
17		1358	3986.570100000
17		43	3986.588821000
17		1358	3986.652438000
17		43	3986.681746000
17		1358	3986.735255000
6	0		3986.774972000
6	1420		3986.775246000
6	1420		3986.785014000
6	1420		3986.804600000
17		1358	3986.817580000
6	1420		3986.824160000
6	1420		3986.843749000
6	1420		3986.863307000
6	0		3986.867727000
6	1420		3986.882875000
17		1358	3986.899882000
6	1420		3986.902417000
6	1420		3986.922003000
6	1420		3986.941576000
6	0		3986.960982000
6	1420		3986.961128000
6	1420		3986.980699000
17		1358	3986.982777000
6	1420		3987.000280000
6	1420		3987.019834000
6	1420		3987.039441000
6	0		3987.054165000
6	1420		3987.058977000
17		1358	3987.064261000
6	1420		3987.078552000
6	1420		3987.098120000
6	1420		3987.117683000
6	1420		3987.137259000
17		1358	3987.146555000
17		43	3987.147239000
17		1358	3987.229636000
17		43	3987.239907000
17		1358	3987.294317000
17		43	3987.332955000
17		1358	3987.361369000
17		43	3987.426451000
17		1358	3987.428053000
17		1358	3987.491943000
17		48	3987.518681000
17		35	3987.531912000
17		1358	3987.558133000
6	0		3987.612390000
6	1420		3987.612670000
17		1358	3987.624261000
17		1358	3987.691096000
6	0		3987.704665000
6	1420		3987.704962000
17		1358	3987.756577000
6	0		3987.798334000
6	1420		3987.798608000
17		1358	3987.822418000
17		1358	3987.888422000
17		43	3987.890690000
17		1358	3987.953394000
6	0		3987.983676000
6	1420		3987.983905000
17		1358	3988.064124000
6	0		3988.076885000
6	1420		3988.077147000
6	0		3988.170479000
6	1420		3988.170748000
17		1358	3988.173221000
6	0		3988.263517000
17		43	3988.263546000
6	1420		3988.263743000
17		1358	3988.283482000
6	0		3988.356363000
6	1420		3988.356583000
17		1358	3988.393842000
6	0		3988.449366000
6	1420		3988.449582000
17		1358	3988.503034000
6	0		3988.635526000
6	1420		3988.635817000
6	1420		3988.645598000
17		43	3988.821433000
6	0		3988.821460000
6	1420		3988.821690000
17		1358	3988.822961000
6	0		3989.007456000
6	1420		3989.007700000
6	1420		3989.017481000
6	0		3989.192906000
6	1420		3989.193154000
6	1420		3989.202952000
17		43	3989.285954000
17		1358	3989.287766000
6	0		3989.472297000
6	1420		3989.472560000
6	1420		3989.482334000
6	0		3989.657853000
6	1420		3989.658084000
6	1420		3989.667867000
17		43	3989.750838000
17		1358	3989.752437000
17		43	3989.844032000
17		1358	3989.845597000
17		43	3989.936859000
17		1358	3989.937656000
17		43	3990.029801000
17		1358	3990.031377000
17		43	3990.122821000
17		1358	3990.124251000
17		43	3990.216684000
17		1358	3990.218304000
17		1358	3990.301234000
17		43	3990.402444000
17		1358	3990.403489000
6	0		3990.495466000
17		43	3990.495490000
17		1358	3990.497098000
17		43	3990.681610000
17		1358	3990.683106000
6	0		3990.773822000
17		43	3990.866967000
17		1358	3990.867938000
17		43	3990.960593000
17		1358	3990.962193000
17		43	3991.053291000
17		1358	3991.055002000
17		43	3991.239244000
17		1358	3991.240565000
6	0		3991.331671000
6	1420		3991.331919000
17		43	3991.518313000
17		1358	3991.519986000
6	1420		3991.521561000
6	0		3991.611609000
17		43	3991.703873000
17		1358	3991.705018000
17		48	3991.890262000
17		739	3991.891843000
6	1420		3991.900831000
6	0		3991.983495000
17		43	3991.983519000
6	0		3992.169475000
6	1420		3992.280121000
17		43	3992.354693000
6	0		3992.448632000
6	0		3992.634039000
17		43	3992.820178000
6	0		3992.913601000
6	0		3993.099021000
17		43	3993.285257000
17		43	3993.378477000
6	0		3993.378512000
17		43	3993.471507000
17		43	3993.563712000
17		43	3993.657094000
17		43	3993.750057000
17		43	3993.843247000
17		43	3993.935989000
17		43	3994.028752000
17		43	3994.122141000
17		43	3994.215223000
17		43	3994.308420000
17		43	3994.401484000
6	0		3994.493519000
6	0		3994.493576000
17		43	3994.586848000
6	0		3994.680137000
6	1420		3994.680384000
6	0		3994.684441000
6	41		3994.690735000
6	1420		3994.745580000
17		1133	3994.773167000
17		41	3994.773771000
17		154	3994.774634000
17		1353	3994.806554000
17		1358	3994.806594000
17		1358	3994.806599000
17		1358	3994.806602000
17		1358	3994.806605000
17		1358	3994.806608000
17		1358	3994.806611000
17		1358	3994.806615000
17		1358	3994.806617000
17		1358	3994.873607000
6	0		3994.881375000
6	21		3994.889727000
6	0		3994.889771000
6	1080		3994.890958000
17		1358	3994.939012000
6	0		3994.959079000
6	1420		3994.959318000
17		1358	3995.004641000
6	1420		3995.024520000
17		1358	3995.070631000
6	440		3995.086553000
6	0		3995.130227000
17		1358	3995.137536000
6	0		3995.145453000
17		49	3995.145487000
6	1420		3995.154878000
17		35	3995.159865000
17		43	3995.238535000
6	1420		3995.285251000
6	48		3995.320863000
6	0		3995.320909000
6	280		3995.324997000
17		43	3995.331125000
6	1420		3995.415631000
17		43	3995.424491000
17		43	3995.516875000
17		1358	3995.518467000
6	16		3995.528706000
6	1420		3995.546017000
6	0		3995.570232000
17		43	3995.610019000
17		1358	3995.611590000
6	1420		3995.676360000
17		43	3995.703188000
17		1358	3995.704770000
6	52		3995.760888000
6	0		3995.760925000
6	52		3995.761042000
17		43	3995.796628000
17		1358	3995.798250000
17		43	3995.888708000
17		1358	3995.890595000
6	100		3995.951690000
17		43	3995.982271000
17		1358	3995.983825000
6	0		3995.994217000
17		43	3996.075168000
17		1358	3996.076849000
17		1358	3996.160706000
17		43	3996.261059000
17		1358	3996.261631000
6	0		3996.354403000
6	1420		3996.354668000
6	1420		3996.419852000
17		43	3996.447591000
17		1358	3996.449400000
17		43	3996.540216000
17		1358	3996.541926000
6	0		3996.726487000
6	1420		3996.726790000
6	1420		3996.791947000
17		43	3996.912051000
6	0		3997.004949000
6	1420		3997.005204000
6	1420		3997.057365000
17		43	3997.098275000
6	1420		3997.161638000
6	1420		3997.265928000
17		43	3997.283792000
17		43	3997.377066000
17		1358	3997.378683000
17		43	3997.470487000
6	0		3997.470519000
17		1358	3997.506672000
17		43	3997.562978000
17		1358	3997.633722000
17		48	3997.656346000
17		35	3997.670010000
17		43	3997.748975000
17		1358	3997.762321000
17		1358	3997.890395000
6	0		3997.935279000
6	1420		3997.935565000
6	68		3997.989426000
17		1358	3998.017613000
17		43	3998.027764000
17		43	3998.120823000
17		1358	3998.144468000
6	52		3998.185521000
6	0		3998.185570000
6	0		3998.185595000
6	0		3998.186846000
17		1358	3998.245170000
6	0		3998.306934000
6	1420		3998.307212000
17		1358	3998.347006000
6	1420		3998.372379000
6	0		3998.377441000
17		1358	3998.447512000
6	0		3998.492884000
6	1420		3998.502742000
6	1420		3998.633153000
6	0		3998.679236000
6	1420		3998.763526000
17		43	3998.772379000
17		1358	3998.773972000
17		43	3998.864811000
6	1420		3998.893877000
17		1358	3998.944126000
17		43	3998.958510000
17		43	3999.051456000
17		1358	3999.114344000
17		43	3999.143731000
17		1358	3999.284409000
6	0		3999.307866000
6	0		3999.307950000
17		43	3999.329801000
17		1358	3999.411432000
6	0		3999.422946000
17		43	3999.422980000
6	1420		3999.423208000
6	0		3999.427097000
6	41		3999.434460000
17		1358	3999.537891000
6	0		3999.553594000
6	21		3999.553629000
6	0		3999.553643000
6	1080		3999.554685000
17		43	3999.609288000
17		1358	3999.665402000
6	440		3999.675384000
6	0		3999.702494000
6	1420		3999.702788000
6	0		3999.718221000
6	1420		3999.767950000
17		1358	3999.791776000
17		43	3999.794809000
6	48		3999.836778000
6	0		3999.836835000
6	280		3999.841289000
17		1358	3999.918866000
6	16		3999.967189000
6	0		3999.981480000
6	1420		3999.981733000
6	0		4000.010225000
17		1358	4000.045567000
6	1420		4000.046918000
6	52		4000.129049000
6	0		4000.129095000
6	52		4000.129220000
17		43	4000.167207000
17		1358	4000.172526000
6	100		4000.247825000
6	0		4000.260483000
6	0		4000.290224000
17		43	4000.352786000
17		1358	4000.354295000
17		43	4000.445816000
17		1358	4000.482395000
17		43	4000.539521000
6	0		4000.567719000
6	0		4000.567783000
6	0		4000.607298000
6	12		4000.607561000
17		1358	4000.610208000
17		43	4000.631788000
6	0		4000.646726000
6	12		4000.646760000
6	0		4000.646772000
6	1		4000.646932000
6	4		4000.646944000
6	32		4000.646952000
6	0		4000.646963000
6	0		4000.686054000
6	0		4000.686095000
6	0		4000.686125000
6	0		4000.686274000
6	0		4000.686289000
17		627	4000.737700000
17		43	4000.817767000
17		43	4000.911126000
6	0		4001.004345000
6	1420		4001.004625000
17		48	4001.097642000
17		35	4001.111685000
17		43	4001.190066000
6	0		4001.283238000
6	1420		4001.283488000
6	1420		4001.353525000
17		43	4001.376201000
17		43	4001.561930000
17		43	4001.655170000
17		43	4001.748348000
17		1135	4001.841404000
6	0		4001.841433000
6	1420		4001.841667000
17		42	4001.843043000
17		158	4001.844078000
17		1353	4001.844122000
17		1358	4001.844129000
17		1358	4001.844133000
17		1358	4001.844136000
17		1358	4001.844139000
17		1358	4001.844143000
17		1358	4001.844146000
17		1358	4001.947213000
6	68		4001.969893000
6	0		4002.027636000
6	1420		4002.028018000
17		1358	4002.048370000
6	1420		4002.083950000
6	52		4002.088894000
6	0		4002.088933000
6	0		4002.088949000
6	0		4002.090384000
17		1358	4002.150087000
6	1420		4002.196000000
6	0		4002.209219000
6	0		4002.212830000
17		49	4002.212860000
17		35	4002.226972000
17		43	4002.306620000
6	1420		4002.308062000
17		1358	4002.308201000
17		43	4002.399360000
6	1420		4002.420114000
17		1358	4002.477967000
17		43	4002.492479000
6	1420		4002.532148000
17		43	4002.585778000
6	1420		4002.644208000
17		1358	4002.648276000
17		43	4002.678478000
6	1420		4002.756248000
17		43	4002.771507000
17		1358	4002.776069000
17		43	4002.864675000
17		1358	4002.903726000
17		43	4002.957346000
17		1358	4003.030016000
17		43	4003.143328000
17		1358	4003.157150000
6	0		4003.235848000
17		1358	4003.282873000
17		43	4003.329502000
17		1358	4003.410150000
6	0		4003.514844000
6	1420		4003.515092000
17		1358	4003.537297000
17		43	4003.608123000
6	1420		4003.608471000
17		1358	4003.664255000
17		43	4003.701569000
17		1358	4003.792350000
6	0		4003.793763000
6	1420		4003.795203000
6	1420		4003.935278000
17		43	4003.980334000
17		1358	4003.981290000
6	0		4004.072754000
6	1420		4004.075351000
17		43	4004.166494000
17		1358	4004.168063000
6	1420		4004.215396000
17		43	4004.259528000
17		1358	4004.295314000
17		43	4004.351699000
17		1358	4004.423323000
17		43	4004.445538000
17		43	4004.538215000
17		1358	4004.550679000
17		43	4004.631454000
17		1358	4004.678301000
17		1358	4004.805186000
17		48	4004.816746000
17		35	4004.830668000
6	0		4004.909977000
6	1420		4004.910223000
17		1358	4004.932333000
6	1420		4004.982680000
17		43	4005.003216000
17		1358	4005.060125000
17		43	4005.096043000
17		586	4005.096069000
17		39	4005.097705000
17		76	4005.105233000
17		33	4005.105288000
17		1358	4005.162795000
6	0		4005.282160000
17		43	4005.282204000
6	1420		4005.282430000
17		1358	4005.283780000
6	1420		4005.354870000
17		43	4005.468236000
17		1358	4005.469806000
6	0		4005.561499000
6	1420		4005.561764000
6	1420		4005.644563000
17		43	4005.654201000
17		1027	4005.655740000
17		43	4005.746881000
17		43	4005.840132000
17		43	4005.933255000
17		43	4006.026569000
17		43	4006.212078000
6	0		4006.305290000
6	1420		4006.305558000
6	1420		4006.377995000
17		43	4006.398705000
17		43	4006.398728000
17		41	4006.398735000
17		33	4006.424837000
17		43	4006.491282000
17		1128	4006.584085000
17		41	4006.584703000
17		1358	4006.588675000
17		43	4006.676677000
17		1358	4006.715891000
6	0		4006.770189000
6	1420		4006.770476000
17		1358	4006.842709000
6	1420		4006.842865000
17		43	4006.863297000
17		1358	4006.970237000
6	0		4007.049344000
17		43	4007.049371000
6	1420		4007.049614000
17		1358	4007.097514000
6	1420		4007.132639000
17		1358	4007.224484000
6	0		4007.235307000
17		43	4007.235336000
6	0		4007.293965000
6	0		4007.294016000
17		49	4007.328511000
17		35	4007.342743000
17		1358	4007.351068000
6	0		4007.362489000
17		43	4007.421091000
17		1358	4007.477173000
17		1358	4007.604458000
17		43	4007.606795000
6	0		4007.700094000
6	1420		4007.700354000
17		1358	4007.730962000
6	1420		4007.772792000
17		43	4007.793136000
17		1358	4007.858479000
17		43	4007.978752000
17		1358	4007.984752000
6	0		4008.021822000
6	0		4008.072150000
6	1420		4008.072411000
17		1358	4008.111231000
6	1420		4008.144847000
17		43	4008.165227000
17		1358	4008.238063000
17		43	4008.258073000
17		1358	4008.339354000
17		43	4008.351267000
17		1358	4008.441041000
17		43	4008.444563000
17		43	4008.537312000
17		1358	4008.543001000
6	0		4008.629738000
6	1420		4008.630005000
6	1420		4008.687953000
17		1358	4008.711473000
17		43	4008.723331000
6	1420		4008.803846000
6	0		4008.815697000
17		43	4008.815724000
17		1358	4008.881597000
6	1420		4008.919728000
17		43	4009.001839000
6	1420		4009.035582000
17		1358	4009.050369000
6	0		4009.095201000
6	1420		4009.151468000
17		1358	4009.176597000
17		43	4009.188559000
17		43	4009.280862000
17		1358	4009.303272000
17		43	4009.374152000
17		1358	4009.430740000
17		43	4009.467588000
17		1358	4009.557085000
6	0		4009.653615000
6	1420		4009.653882000
17		1358	4009.684277000
6	1420		4009.726320000
17		43	4009.746246000
17		1358	4009.810359000
17		43	4009.931873000
17		1358	4009.937028000
6	0		4010.025102000
6	1420		4010.025346000
17		1358	4010.064598000
6	1420		4010.097765000
17		1358	4010.191480000
17		43	4010.210798000
6	0		4010.303791000
17		48	4010.303818000
6	1420		4010.304079000
17		35	4010.317621000
17		1358	4010.317649000
6	1420		4010.387477000
17		43	4010.397089000
17		1358	4010.445468000
17		43	4010.490033000
17		1358	4010.572308000
17		43	4010.582999000
17		1358	4010.700277000
17		43	4010.768972000
17		1358	4010.827109000
6	0		4010.862004000
17		43	4010.955453000
17		1358	4010.957110000
17		43	4011.048699000
17		1358	4011.084496000
17		43	4011.234071000
17		1358	4011.235736000
6	0		4011.327368000
6	1420		4011.327638000
17		43	4011.420389000
17		1358	4011.422785000
6	1420		4011.428515000
17		43	4011.606086000
17		1358	4011.607705000
6	0		4011.699401000
6	1420		4011.699661000
17		43	4011.792377000
17		1358	4011.793943000
6	1420		4011.832042000
17		43	4011.885287000
17		1358	4011.963468000
17		43	4011.978256000
17		43	4012.070948000
17		1358	4012.133248000
17		43	4012.164015000
17		43	4012.256898000
17		43	4012.443027000
17		1358	4012.444232000
6	0		4012.536256000
6	1420		4012.536551000
17		43	4012.629448000
17		1358	4012.631013000
6	1420		4012.637445000
17		43	4012.814781000
17		1358	4012.816340000
6	1420		4012.839181000
6	0		4012.908079000
17		1358	4012.944116000
17		43	4013.000840000
6	1420		4013.040952000
17		1358	4013.070623000
17		48	4013.094423000
17		35	4013.108269000
17		43	4013.187519000
17		1358	4013.197586000
6	1420		4013.242724000
17		43	4013.280100000
17		1358	4013.324719000
6	0		4013.373263000
6	1420		4013.444486000
17		746	4013.451354000
17		43	4013.466137000
6	0		4013.488356000
6	0		4013.488405000
6	1420		4013.646248000
17		43	4013.651853000
6	0		4013.744679000
17		43	4013.837940000
6	1420		4013.847989000
17		43	4013.931228000
17		1130	4014.024118000
17		41	4014.024778000
17		1358	4014.029254000
6	1420		4014.049822000
17		43	4014.117107000
17		1358	4014.156431000
6	0		4014.210591000
17		43	4014.210620000
6	1420		4014.251535000
17		1358	4014.283281000
6	0		4014.396393000
17		43	4014.396429000
17		1358	4014.410916000
6	1420		4014.412929000
17		49	4014.489587000
17		35	4014.504005000
17		1358	4014.536876000
6	1420		4014.574331000
17		1358	4014.664360000
17		43	4014.674693000
6	1420		4014.735750000
6	0		4014.767911000
17		1358	4014.790758000
17		43	4014.861397000
6	1420		4014.897150000
17		1358	4014.917768000
17		43	4014.954275000
17		1358	4015.044021000
6	1420		4015.058534000
17		663	4015.139858000
17		685	4015.139880000
17		43	4015.139886000
17		35	4015.140860000
17		33	4015.141167000
17		33	4015.141405000
17		76	4015.149648000
17		33	4015.149718000
17		45	4015.150121000
17		33	4015.150205000
17		1358	4015.171384000
6	1420		4015.219915000
6	0		4015.233084000
17		1358	4015.297471000
17		43	4015.326152000
17		1358	4015.424931000
6	1420		4015.488963000
17		43	4015.512041000
17		1358	4015.551069000
6	0		4015.605665000
17		1358	4015.678533000
17		43	4015.698524000
6	1420		4015.758037000
17		43	4015.790882000
17		1358	4015.804554000
17		41	4015.884506000
17		44	4015.884535000
17		44	4015.884542000
17		41	4015.884548000
17		33	4015.885152000
17		1358	4015.931189000
17		43	4015.976870000
6	1420		4016.027058000
17		1358	4016.058138000
6	0		4016.069703000
17		1358	4016.160354000
17		43	4016.162807000
6	1420		4016.228836000
17		43	4016.256593000
17		1358	4016.261208000
17		1358	4016.362273000
6	1420		4016.430632000
17		43	4016.441986000
17		1358	4016.463633000
6	0		4016.535048000
17		43	4016.535074000
17		43	4016.628020000
17		1358	4016.632004000
6	1420		4016.632327000
6	0		4016.687849000
6	0		4016.687928000
17		43	4016.720811000
17		765	4016.720840000
17		35	4016.721710000
6	0		4016.727252000
6	12		4016.727529000
17		107	4016.735414000
17		205	4016.735639000
6	0		4016.766499000
6	12		4016.766558000
6	0		4016.766574000
6	1		4016.766691000
6	4		4016.766707000
6	32		4016.766717000
6	0		4016.766730000
17		1358	4016.802120000
6	0		4016.805509000
6	0		4016.805609000
6	0		4016.805645000
6	0		4016.805716000
6	0		4016.805731000
6	1420		4016.834098000
17		43	4016.907548000
17		1358	4016.970852000
17		43	4017.000201000
6	1420		4017.035883000
6	0		4017.093385000
17		1358	4017.097120000
17		43	4017.186467000
17		1358	4017.224663000
6	1420		4017.237635000
17		43	4017.279497000
17		1358	4017.350648000
6	1420		4017.439386000
17		48	4017.464960000
17		1358	4017.477618000
17		43	4017.557935000
17		1358	4017.604175000
6	0		4017.651416000
17		44	4017.651443000
17		41	4017.651450000
6	1420		4017.651648000
17		33	4017.677251000
17		1358	4017.731889000
17		43	4017.744583000
6	1420		4017.842947000
17		1358	4017.858601000
17		43	4017.929911000
17		1358	4017.985000000
6	0		4018.023157000
6	1420		4018.044697000
6	0		4018.104126000
6	0		4018.104184000
17		1358	4018.111728000
17		43	4018.116498000
17		43	4018.209020000
17		1358	4018.238830000
6	1420		4018.246458000
17		1358	4018.365680000
6	0		4018.389228000
17		43	4018.394750000
6	41		4018.396784000
6	0		4018.488164000
6	1420		4018.488458000
17		1358	4018.491721000
17		43	4018.581374000
17		1358	4018.618907000
6	1420		4018.650816000
6	0		4018.681261000
6	21		4018.681294000
6	0		4018.681305000
6	1080		4018.682231000
17		1358	4018.746034000
17		43	4018.767183000
6	0		4018.860570000
6	1420		4018.860864000
17		1358	4018.872750000
17		43	4018.953587000
6	0		4018.965937000
6	440		4018.965972000
17		1358	4019.000463000
6	0		4019.006220000
17		43	4019.046233000
6	1420		4019.053481000
17		1358	4019.128318000
17		43	4019.231735000
17		1358	4019.255762000
6	48		4019.289748000
6	0		4019.289786000
6	280		4019.295302000
17		43	4019.324710000
17		1358	4019.382689000
6	0		4019.418264000
6	1420		4019.418508000
17		1358	4019.510270000
17		43	4019.511040000
6	1420		4019.519392000
6	0		4019.579601000
6	16		4019.605349000
17		1358	4019.637997000
6	0		4019.646239000
17		43	4019.696747000
17		1358	4019.766240000
17		43	4019.790344000
17		1358	4019.869127000
6	0		4019.883648000
6	52		4019.930118000
6	0		4019.930156000
6	52		4019.930289000
17		43	4019.976435000
17		1358	4019.978173000
17		43	4020.162438000
17		1358	4020.164520000
6	100		4020.214727000
6	0		4020.254849000
6	1420		4020.255095000
6	0		4020.258208000
17		1358	4020.335499000
17		43	4020.347859000
6	1420		4020.355982000
17		43	4020.440924000
17		1358	4020.504944000
17		48	4020.533916000
17		35	4020.548268000
17		1358	4020.675456000
17		43	4020.719740000
6	0		4020.812985000
6	1420		4020.813271000
17		1358	4020.844991000
17		43	4020.906062000
6	1420		4020.914181000
17		1358	4020.973675000
17		43	4020.999326000
17		43	4021.092029000
17		1358	4021.100342000
17		43	4021.154239000
17		43	4021.216551000
17		1358	4021.227770000
17		43	4021.340238000
17		1358	4021.351197000
6	0		4021.402404000
17		43	4021.402434000
6	1420		4021.402687000
17		43	4021.464538000
17		1358	4021.474167000
6	1420		4021.503547000
17		43	4021.587840000
17		1358	4021.597549000
6	0		4021.650040000
6	1420		4021.705297000
17		43	4021.711783000
17		1358	4021.720301000
17		43	4021.773712000
17		43	4021.836517000
17		1358	4021.843307000
17		43	4021.897691000
6	1420		4021.907065000
17		1358	4021.967438000
17		43	4022.021738000
6	0		4022.083882000
17		1358	4022.090173000
6	1420		4022.108860000
17		43	4022.145835000
17		1358	4022.213270000
17		43	4022.270198000
6	1420		4022.310784000
17		43	4022.332076000
17		1358	4022.336878000
6	0		4022.394085000
17		43	4022.394114000
17		48	4022.456268000
17		1358	4022.459416000
6	1420		4022.512389000
17		43	4022.579730000
17		1358	4022.581308000
6	0		4022.642009000
6	68		4022.683183000
17		43	4022.704525000
17		1358	4022.705438000
6	1420		4022.714119000
17		43	4022.766108000
17		1358	4022.829670000
17		43	4022.889641000
6	1420		4022.915867000
17		43	4022.951954000
17		1358	4022.953570000
6	52		4022.967649000
6	0		4022.967689000
6	0		4022.967709000
6	0		4022.968945000
6	0		4023.014522000
17		1358	4023.050823000
17		43	4023.076079000
6	1420		4023.117646000
17		1358	4023.148355000
17		43	4023.199849000
17		1358	4023.246223000
6	0		4023.253426000
17		43	4023.261817000
6	1420		4023.319482000
6	0		4023.323724000
17		1358	4023.345253000
17		43	4023.385726000
17		1358	4023.437613000
6	1420		4023.468376000
17		43	4023.509904000
17		1358	4023.514660000
17		43	4023.572012000
17		1358	4023.592967000
6	1420		4023.617363000
6	0		4023.634182000
17		1358	4023.669667000
17		43	4023.696580000
17		1358	4023.745833000
17		43	4023.758097000
6	1420		4023.766369000
17		1358	4023.820675000
17		43	4023.882605000
17		1358	4023.894985000
6	1420		4023.915331000
17		43	4023.944248000
17		1358	4023.969250000
6	0		4024.006237000
17		1358	4024.035792000
6	1420		4024.064335000
17		43	4024.067652000
17		1358	4024.101927000
17		43	4024.130512000
17		1358	4024.168313000
6	1420		4024.213320000
17		1358	4024.234742000
17		43	4024.254532000
17		1358	4024.299220000
17		43	4024.316000000
6	1420		4024.362315000
6	0		4024.378512000
17		48	4024.378554000
17		35	4024.392956000
17		1358	4024.409825000
17		43	4024.439740000
17		1358	4024.488082000
6	1420		4024.499250000
17		43	4024.564489000
17		1358	4024.565837000
17		43	4024.625654000
6	1420		4024.636188000
17		1358	4024.642529000
6	0		4024.688405000
17		1358	4024.716172000
17		43	4024.749615000
6	1420		4024.773143000
17		1358	4024.791040000
6	0		4024.807106000
6	0		4024.807161000
17		43	4024.812349000
6	0		4024.846448000
6	12		4024.846741000
17		1358	4024.865098000
6	0		4024.885957000
6	12		4024.885991000
6	0		4024.886002000
6	1		4024.886162000
6	4		4024.886206000
6	32		4024.886215000
6	0		4024.886228000
6	1420		4024.910113000
6	0		4024.925350000
6	0		4024.925394000
6	0		4024.925399000
6	0		4024.925486000
6	0		4024.925497000
6	0		4024.925565000
17		43	4024.936250000
17		1358	4024.937999000
6	0		4024.997898000
17		1358	4025.014169000
6	1420		4025.047061000
17		43	4025.060037000
17		1358	4025.088056000
17		43	4025.122263000
17		1358	4025.161575000
6	1420		4025.184017000
17		1358	4025.235940000
17		43	4025.246583000
17		43	4025.308209000
17		1358	4025.309856000
6	0		4025.370019000
6	1420		4025.370243000
17		1358	4025.384751000
6	0		4025.397473000
6	0		4025.397519000
17		43	4025.431999000
17		1358	4025.459306000
6	1420		4025.487096000
17		1358	4025.532301000
17		43	4025.556214000
17		1358	4025.607190000
17		43	4025.618445000
17		1358	4025.666887000
6	0		4025.680634000
6	1420		4025.680891000
17		1358	4025.726033000
17		43	4025.742279000
17		1358	4025.785162000
17		43	4025.804465000
6	1420		4025.819401000
17		1358	4025.884199000
17		43	4025.928596000
17		1358	4025.983577000
17		43	4025.989923000
6	0		4026.052095000
6	1420		4026.052318000
17		1358	4026.057976000
17		43	4026.113970000
17		1358	4026.132670000
6	1420		4026.151743000
17		43	4026.176143000
17		1358	4026.206205000
17		48	4026.237965000
17		35	4026.252711000
17		1358	4026.279861000
17		1358	4026.355005000
17		43	4026.362079000
6	0		4026.424473000
6	1420		4026.424735000
17		1358	4026.428253000
17		43	4026.486490000
17		1358	4026.503222000
6	1420		4026.507825000
17		43	4026.548427000
17		1358	4026.577720000
17		1358	4026.651161000
17		43	4026.672044000
17		1358	4026.725377000
17		43	4026.733662000
6	0		4026.795855000
6	1420		4026.796132000
17		1358	4026.800060000
17		43	4026.857986000
17		1358	4026.874064000
6	1420		4026.879190000
17		43	4026.920122000
17		1358	4026.948426000
17		43	4026.982466000
17		1358	4027.021821000
17		1358	4027.096484000
17		43	4027.106415000
17		43	4027.167836000
6	0		4027.230463000
6	1420		4027.230704000
17		43	4027.292341000
6	1420		4027.313785000
17		43	4027.353971000
17		1358	4027.355713000
17		1358	4027.355746000
17		43	4027.477957000
17		1358	4027.479701000
17		43	4027.540007000
17		1358	4027.555322000
6	0		4027.602196000
6	1420		4027.602510000
17		43	4027.664541000
17		1358	4027.666096000
6	1420		4027.668944000
17		43	4027.726318000
17		1358	4027.742273000
17		43	4027.788259000
6	1420		4027.801883000
17		1358	4027.817768000
6	0		4027.912208000
6	1420		4027.934792000
17		43	4027.974274000
17		1358	4027.976011000
17		43	4028.036620000
17		1358	4028.051102000
17		48	4028.098168000
17		35	4028.111398000
17		1358	4028.126916000
17		43	4028.160237000
17		1358	4028.202029000
17		43	4028.283643000
17		1358	4028.284688000
6	0		4028.346587000
17		43	4028.346612000
6	1420		4028.346867000
17		1358	4028.360030000
6	1420		4028.429975000
17		43	4028.470331000
17		1358	4028.471911000
6	0		4028.532557000
17		43	4028.594202000
17		1358	4028.595769000
6	1420		4028.596124000
17		43	4028.656431000
17		1358	4028.670637000
17		43	4028.718365000
17		1358	4028.745692000
6	1420		4028.762252000
17		43	4028.780006000
17		1358	4028.820689000
17		43	4028.842457000
17		1358	4028.880338000
17		43	4028.965783000
17		1358	4028.967389000
6	0		4029.028003000
6	1420		4029.028276000
17		43	4029.090373000
17		1358	4029.091992000
6	1420		4029.111461000
17		43	4029.152448000
17		1358	4029.192002000
17		43	4029.276263000
17		1358	4029.277888000
6	0		4029.337921000
6	1420		4029.338164000
17		1358	4029.353822000
17		43	4029.399998000
17		1358	4029.426728000
6	1420		4029.443678000
17		43	4029.461971000
17		1358	4029.502031000
17		43	4029.524020000
17		1358	4029.577059000
17		43	4029.648152000
17		1358	4029.652991000
6	0		4029.710650000
6	1420		4029.710916000
17		43	4029.772472000
17		1358	4029.773987000
6	1420		4029.794004000
17		43	4029.834217000
17		1358	4029.848881000
17		48	4029.958273000
17		1358	4029.959875000
17		43	4030.020188000
17		1358	4030.034287000
6	0		4030.082347000
6	1420		4030.082611000
17		43	4030.144519000
17		1358	4030.146104000
6	1420		4030.165674000
17		43	4030.205965000
17		1358	4030.221173000
17		1358	4030.296887000
17		43	4030.330277000
17		1358	4030.369853000
6	0		4030.392448000
6	1420		4030.392687000
17		43	4030.454201000
17		1358	4030.455889000
6	1420		4030.464762000
17		43	4030.516000000
17		1358	4030.517654000
17		43	4030.577976000
17		1358	4030.579560000
6	1420		4030.597725000
17		43	4030.702042000
17		1358	4030.703629000
6	1420		4030.730617000
6	0		4030.764462000
17		43	4030.825934000
17		1358	4030.827834000
17		43	4030.888033000
17		1358	4030.927762000
17		43	4030.950044000
17		1358	4031.003183000
17		43	4031.074350000
17		1358	4031.079642000
6	0		4031.136215000
6	1420		4031.136454000
17		43	4031.197680000
17		1358	4031.199297000
6	1420		4031.219569000
17		1358	4031.275794000
17		43	4031.321780000
17		1358	4031.352031000
6	0		4031.384205000
6	1420		4031.385696000
17		43	4031.446265000
17		1358	4031.447865000
17		43	4031.508063000
17		1358	4031.525327000
6	1420		4031.551866000
17		43	4031.570113000
17		1358	4031.602161000
17		43	4031.632206000
17		1358	4031.678496000
17		43	4031.755867000
17		1358	4031.757422000
6	0		4031.818249000
6	1420		4031.818503000
17		48	4031.879702000
17		1358	4031.881368000
6	1420		4031.901587000
17		43	4031.942091000
17		1358	4031.958431000
17		43	4032.065640000
17		1358	4032.067279000
17		43	4032.127768000
17		1358	4032.144229000
6	0		4032.189650000
17		43	4032.189677000
6	1420		4032.189950000
17		1358	4032.205202000
17		43	4032.252072000
17		1358	4032.267390000
6	1420		4032.272999000
17		43	4032.314529000
17		1358	4032.329420000
6	0		4032.346108000
6	0		4032.346159000
6	0		4032.386907000
17		43	4032.438015000
17		1358	4032.439689000
6	0		4032.500285000
6	1420		4032.500526000
17		43	4032.562128000
17		1358	4032.563358000
6	1420		4032.605350000
17		43	4032.624024000
17		1358	4032.639314000
17		43	4032.685824000
17		1358	4032.715809000
17		43	4032.810050000
17		1358	4032.811691000
17		43	4032.872012000
17		1358	4032.888537000
6	0		4032.934233000
6	1420		4032.934502000
17		43	4032.995756000
17		1358	4032.997277000
6	1420		4033.017573000
17		43	4033.057821000
17		1358	4033.074076000
6	0		4033.182562000
17		43	4033.182587000
6	1420		4033.183742000
17		1358	4033.184046000
17		43	4033.244418000
17		1358	4033.260698000
17		43	4033.306468000
6	1420		4033.316678000
17		1358	4033.337991000
17		43	4033.367870000
17		1358	4033.414370000
17		43	4033.430115000
6	1420		4033.449571000
17		1358	4033.490989000
17		48	4033.554457000
17		35	4033.567922000
17		1358	4033.567964000
6	1420		4033.582512000
6	0		4033.615635000
17		43	4033.678544000
17		43	4033.802471000
17		43	4033.864121000
17		1358	4033.865307000
6	0		4033.926452000
6	1420		4033.926746000
17		43	4033.988578000
17		1358	4033.990679000
6	1420		4034.009806000
17		43	4034.049772000
17		1358	4034.067466000
17		1358	4034.147482000
17		43	4034.173788000
6	1420		4034.175922000
17		1358	4034.227646000
6	0		4034.236286000
17		43	4034.298141000
17		1358	4034.308334000
6	1420		4034.342128000
17		1358	4034.387118000
17		43	4034.422449000
17		1358	4034.467385000
6	0		4034.484676000
6	1420		4034.508262000
17		43	4034.546609000
17		1358	4034.547322000
17		43	4034.608595000
17		1358	4034.627247000
6	1420		4034.674423000
17		1358	4034.707355000
17		43	4034.732511000
17		1358	4034.785936000
17		43	4034.793655000
6	1420		4034.840578000
6	0		4034.856504000
17		1358	4034.866043000
17		43	4034.917911000
17		1358	4034.946335000
17		43	4034.980203000
6	1420		4035.006729000
17		1358	4035.025922000
17		1358	4035.089870000
17		43	4035.104252000
17		1358	4035.153181000
17		43	4035.166046000
6	1420		4035.172885000
17		1358	4035.218152000
6	0		4035.228486000
17		43	4035.228517000
17		1358	4035.280786000
17		43	4035.289790000
6	1420		4035.339093000
17		1358	4035.345674000
17		1358	4035.409167000
17		43	4035.413749000
17		1358	4035.473207000
17		48	4035.476337000
17		35	4035.489742000
6	1420		4035.505240000
6	0		4035.538039000
17		1358	4035.579566000
17		43	4035.600383000
17		43	4035.661925000
6	1420		4035.671364000
17		1358	4035.686018000
17		43	4035.723869000
17		1358	4035.791574000
6	1420		4035.837527000
17		43	4035.848273000
17		1358	4035.895699000
17		43	4035.909738000
6	0		4035.972143000
17		1358	4035.973155000
6	1420		4036.003715000
17		43	4036.034064000
17		1358	4036.050380000
17		43	4036.095903000
17		1358	4036.127290000
6	1420		4036.169852000
17		1358	4036.203317000
17		43	4036.220513000
17		1358	4036.279176000
6	0		4036.281709000
6	1420		4036.336041000
17		43	4036.344411000
17		1358	4036.355209000
17		43	4036.406367000
17		1358	4036.430977000
6	1420		4036.502184000
17		1358	4036.506615000
17		43	4036.530430000
17		1358	4036.582342000
17		43	4036.591942000
6	0		4036.653857000
17		1358	4036.657865000
6	1420		4036.668356000
17		43	4036.715712000
17		1358	4036.734012000
17		43	4036.777676000
17		1358	4036.809872000
6	1420		4036.834495000
17		1358	4036.885653000
17		43	4036.901683000
17		1358	4036.961327000
17		43	4036.963810000
6	1420		4037.000650000
6	0		4037.025779000
17		1358	4037.037421000
17		43	4037.087863000
17		1358	4037.112390000
17		43	4037.149679000
6	1420		4037.166799000
17		1358	4037.189084000
17		43	4037.212582000
17		1358	4037.264241000
17		48	4037.274475000
17		35	4037.288518000
6	1420		4037.332962000
17		43	4037.336269000
17		1358	4037.340318000
6	0		4037.398416000
17		1358	4037.415534000
17		43	4037.460515000
17		1358	4037.491708000
6	1420		4037.499130000
17		43	4037.522111000
17		1358	4037.567860000
17		1358	4037.642898000
17		43	4037.646580000
6	1420		4037.665283000
17		43	4037.708394000
17		1358	4037.719376000
6	0		4037.770122000
17		1358	4037.794515000
6	1420		4037.831436000
17		43	4037.832052000
17		1358	4037.869992000
17		43	4037.893872000
17		1358	4037.946523000
6	1420		4037.997595000
17		43	4038.017935000
17		1358	4038.021949000
17		43	4038.079930000
17		1358	4038.098126000
6	0		4038.142480000
17		43	4038.142508000
6	1420		4038.163777000
17		1358	4038.173951000
17		43	4038.204390000
17		1358	4038.249518000
17		43	4038.266117000
17		1358	4038.325768000
6	1420		4038.329924000
17		43	4038.390042000
17		1358	4038.401913000
17		43	4038.452124000
17		1358	4038.477076000
6	0		4038.514248000
6	1420		4038.514535000
17		1358	4038.552957000
17		43	4038.576300000
6	1420		4038.629014000
17		1358	4038.629657000
17		43	4038.638257000
17		1358	4038.689324000
17		1358	4038.750429000
6	1420		4038.761950000
17		43	4038.762422000
17		1358	4038.810570000
17		43	4038.823924000
17		1358	4038.871122000
6	0		4038.886468000
6	1420		4038.894860000
17		1358	4038.931642000
17		43	4038.948325000
17		1358	4038.992288000
17		48	4039.009827000
17		35	4039.023236000
6	1420		4039.027783000
17		1358	4039.054614000
17		43	4039.072344000
17		43	4039.134069000
17		1358	4039.156954000
6	1420		4039.160698000
17		43	4039.196072000
6	0		4039.258234000
17		1358	4039.259552000
17		43	4039.319894000
17		1358	4039.360338000
17		43	4039.381879000
17		1358	4039.460369000
17		43	4039.505720000
17		1358	4039.562439000
6	0		4039.567851000
17		43	4039.629712000
17		1358	4039.637934000
17		43	4039.691890000
17		1358	4039.712774000
17		43	4039.754349000
17		1358	4039.789342000
17		1358	4039.865515000
17		43	4039.878456000
17		43	4039.939836000
17		1358	4039.941770000
6	0		4040.002297000
17		43	4040.002325000
6	1420		4040.002555000
17		1358	4040.019218000
17		43	4040.064089000
6	1420		4040.085632000
17		1358	4040.093945000
17		1358	4040.170130000
17		43	4040.188354000
17		1358	4040.246181000
17		43	4040.250235000
6	0		4040.312599000
6	1420		4040.312901000
17		1358	4040.323150000
17		43	4040.374524000
17		1358	4040.400075000
6	1420		4040.417967000
17		43	4040.436292000
17		1358	4040.476323000
17		43	4040.498039000
17		1358	4040.553041000
17		43	4040.560507000
17		48	4040.622287000
17		1358	4040.629614000
17		43	4040.684342000
17		1358	4040.707331000
17		43	4040.745835000
17		1358	4040.781934000
17		43	4040.808628000
17		1358	4040.857556000
17		43	4040.870391000
6	0		4040.927044000
6	0		4040.927099000
17		43	4040.931837000
17		1358	4040.932963000
6	0		4040.966239000
6	12		4040.966513000
6	0		4040.994552000
6	1420		4040.994809000
6	0		4041.005448000
6	12		4041.005541000
6	0		4041.005554000
6	1		4041.005740000
6	4		4041.005760000
6	32		4041.005768000
6	0		4041.005779000
17		1125	4041.009973000
6	0		4041.044554000
6	0		4041.044636000
6	0		4041.044641000
6	0		4041.044701000
6	0		4041.044715000
17		43	4041.056286000
6	1420		4041.061265000
17		43	4041.118339000
17		43	4041.180385000
6	1420		4041.194217000
17		43	4041.304405000
6	1420		4041.327135000
17		43	4041.365683000
6	0		4041.427918000
6	1420		4041.460043000
17		43	4041.490388000
17		43	4041.552443000
6	1420		4041.592979000
17		43	4041.614572000
17		43	4041.676169000
6	1420		4041.725908000
17		43	4041.738555000
17		43	4041.800241000
6	1420		4041.858813000
17		1039	4041.923961000
17		41	4041.924570000
17		1358	4041.926114000
17		1358	4041.926138000
17		1358	4041.926141000
17		1358	4041.926144000
17		1358	4041.926147000
17		1358	4041.926151000
17		1358	4041.926154000
17		1358	4041.926157000
17		1358	4041.926160000
17		1358	4041.926168000
6	0		4041.986566000
17		1358	4042.003151000
17		1358	4042.078510000
6	0		4042.110535000
6	1420		4042.110786000
17		1358	4042.153833000
6	1420		4042.221537000
17		1358	4042.230936000
6	0		4042.234221000
17		1358	4042.306133000
6	0		4042.358277000
17		43	4042.358315000
17		49	4042.419991000
17		1358	4042.421675000
6	1420		4042.443068000
17		43	4042.482361000
17		1358	4042.483994000
17		43	4042.544605000
17		1358	4042.546169000
17		43	4042.606263000
17		1358	4042.607852000
6	1420		4042.664597000
17		43	4042.668511000
17		1358	4042.669626000
17		43	4042.730266000
17		1358	4042.731907000
17		43	4042.792223000
17		1358	4042.793810000
17		43	4042.854235000
6	1420		4042.886120000
17		1358	4042.894168000
17		43	4042.915991000
17		43	4042.978284000
17		1358	4042.996372000
17		43	4043.040384000
6	1420		4043.052286000
17		1358	4043.097208000
17		43	4043.164449000
17		1358	4043.196871000
6	0		4043.225936000
6	1420		4043.226205000
17		43	4043.288444000
17		1358	4043.298725000
17		43	4043.350255000
17		1358	4043.374035000
6	1420		4043.384620000
17		43	4043.412133000
17		1358	4043.451113000
17		1358	4043.517249000
17		43	4043.536368000
17		1358	4043.581808000
17		43	4043.598103000
17		1358	4043.648011000
6	0		4043.660267000
6	1420		4043.660527000
17		1358	4043.714222000
17		43	4043.722293000
6	1420		4043.743619000
17		1358	4043.780798000
17		43	4043.784300000
17		43	4043.845842000
17		1358	4043.847357000
17		1358	4043.913151000
17		48	4043.970707000
17		1358	4043.979434000
17		43	4044.031735000
17		1358	4044.045345000
6	0		4044.093895000
6	1420		4044.094429000
17		1358	4044.111296000
17		43	4044.156551000
6	1420		4044.177549000
17		1358	4044.178227000
17		43	4044.217661000
17		1358	4044.244012000
17		1358	4044.310081000
17		43	4044.342213000
17		1358	4044.376579000
17		43	4044.403874000
17		1358	4044.443045000
6	0		4044.466049000
6	1420		4044.466292000
17		1358	4044.508477000
17		43	4044.528282000
6	1420		4044.549386000
17		43	4044.590340000
17		43	4044.651800000
17		43	4044.775865000
6	0		4044.838612000
6	1420		4044.838839000
17		43	4044.900512000
6	1420		4044.921936000
17		43	4044.962113000
17		43	4045.024102000
17		43	4045.086087000
17		1358	4045.086113000
17		1358	4045.087243000
6	1420		4045.088056000
17		33	4045.112121000
17		43	4045.148355000
17		43	4045.271762000
6	0		4045.333929000
6	1420		4045.334207000
17		43	4045.396000000
17		1358	4045.398248000
6	1420		4045.420412000
17		43	4045.458493000
17		1358	4045.464800000
17		43	4045.519723000
17		1358	4045.531990000
17		43	4045.581965000
17		1358	4045.599395000
17		48	4045.705649000
17		1358	4045.706848000
6	0		4045.767884000
6	1420		4045.768136000
6	1420		4045.851265000
6	0		4045.892628000
17		774	4045.954440000
17		41	4045.954468000
17		36	4045.955241000
17		76	4045.963831000
17		33	4045.964378000
6	1420		4046.017377000
6	0		4046.077810000
17		43	4046.139887000
17		1358	4046.141472000
6	1420		4046.183577000
17		1358	4046.209270000
17		43	4046.264418000
17		1358	4046.274617000
17		43	4046.326536000
17		1358	4046.341142000
6	1420		4046.349727000
17		43	4046.388349000
6	0		4046.388379000
17		1358	4046.407181000
17		43	4046.450074000
17		1358	4046.472937000
6	1420		4046.515860000
17		1358	4046.538861000
6	0		4046.573676000
17		44	4046.573708000
17		41	4046.573716000
17		33	4046.600123000
17		1358	4046.605238000
17		1358	4046.671474000
6	1420		4046.682030000
17		43	4046.698315000
17		1358	4046.737718000
6	0		4046.760559000
17		1358	4046.803084000
17		43	4046.822215000
6	1420		4046.848180000
17		1358	4046.869520000
17		43	4046.884281000
17		1358	4046.936244000
17		1358	4047.001921000
17		43	4047.008563000
6	1420		4047.014338000
17		1358	4047.067979000
17		43	4047.070232000
6	0		4047.132409000
17		1358	4047.134541000
6	1420		4047.180510000
17		43	4047.194236000
17		1358	4047.200920000
17		43	4047.255722000
17		1358	4047.267243000
17		43	4047.318249000
17		1358	4047.332701000
6	1420		4047.346643000
17		1358	4047.398766000
17		43	4047.442035000
17		1358	4047.464893000
17		43	4047.504166000
6	1420		4047.512820000
17		1358	4047.531432000
6	0		4047.566312000
17		1358	4047.598164000
17		43	4047.628817000
6	1420		4047.633891000
17		1358	4047.663149000
17		43	4047.690790000
17		1358	4047.729000000
6	1420		4047.754926000
17		1358	4047.794756000
17		43	4047.814275000
17		1358	4047.861586000
17		43	4047.875851000
17		1358	4047.927317000
6	0		4047.938033000
17		1358	4047.993549000
17		48	4048.000405000
17		35	4048.014070000
17		1358	4048.059720000
17		43	4048.062586000
17		43	4048.123932000
17		1358	4048.125564000
17		1358	4048.192727000
17		43	4048.247618000
17		1358	4048.258939000
17		43	4048.309766000
17		1358	4048.324747000
6	0		4048.372407000
6	1420		4048.372654000
17		1358	4048.391273000
17		43	4048.434011000
6	1420		4048.448319000
17		1358	4048.457473000
17		43	4048.496314000
17		1358	4048.510555000
17		1358	4048.561909000
17		1358	4048.615006000
17		43	4048.619732000
17		1358	4048.668366000
6	0		4048.681735000
17		43	4048.681762000
6	1420		4048.681957000
17		1358	4048.721338000
17		43	4048.743997000
6	1420		4048.757625000
17		1358	4048.773859000
17		43	4048.806460000
17		1358	4048.826556000
17		43	4048.868199000
17		1358	4048.879829000
17		43	4048.929790000
17		1358	4048.930952000
17		1358	4048.985866000
17		43	4048.991859000
17		1358	4049.038742000
6	0		4049.046518000
6	0		4049.046575000
17		43	4049.054009000
6	0		4049.085805000
6	12		4049.086066000
17		43	4049.115842000
6	0		4049.125298000
6	12		4049.125362000
6	0		4049.125374000
6	1		4049.125515000
6	4		4049.125536000
6	32		4049.125544000
6	0		4049.125552000
17		1358	4049.126968000
6	0		4049.164636000
6	0		4049.164669000
6	0		4049.164789000
6	0		4049.164874000
6	0		4049.164887000
17		43	4049.178007000
17		1358	4049.214936000
17		43	4049.240159000
17		1358	4049.303192000
17		43	4049.364196000
17		1358	4049.390917000
6	0		4049.426546000
6	1420		4049.426796000
17		1358	4049.479531000
17		43	4049.488296000
6	1420		4049.502466000
17		48	4049.549997000
17		35	4049.563851000
17		1358	4049.568481000
17		43	4049.612086000
17		1358	4049.633701000
6	1420		4049.653808000
17		43	4049.673794000
17		1358	4049.698956000
17		1358	4049.765953000
17		43	4049.797997000
6	1420		4049.805100000
17		1358	4049.831550000
6	0		4049.860375000
17		1358	4049.897455000
17		43	4049.921756000
6	1420		4049.956431000
17		692	4049.963113000
17		43	4049.983792000
17		43	4050.046195000
6	1420		4050.107761000
17		43	4050.107842000
17		43	4050.169816000
17		43	4050.231758000
6	1420		4050.259070000
17		43	4050.294035000
17		43	4050.356475000
17		43	4050.418577000
17		43	4050.541809000
6	0		4050.603663000
6	1420		4050.603933000
6	1420		4050.664444000
17		43	4050.666113000
17		43	4050.728551000
6	1420		4050.785548000
17		43	4050.851672000
6	1420		4050.906604000
17		43	4050.913765000
6	0		4050.976417000
6	1420		4051.027639000
17		43	4051.038160000
17		43	4051.099853000
6	1420		4051.148677000
17		1039	4051.161979000
17		41	4051.162585000
17		1358	4051.163448000
17		1358	4051.163473000
17		1358	4051.163478000
17		1358	4051.163482000
17		1358	4051.163486000
17		1358	4051.163497000
17		1358	4051.163501000
17		1358	4051.163506000
17		1358	4051.163510000
17		1358	4051.163515000
6	0		4051.224163000
17		1358	4051.230739000
17		1358	4051.295777000
6	0		4051.348196000
6	1420		4051.348454000
17		1358	4051.362506000
17		1358	4051.428253000
6	1420		4051.471516000
6	0		4051.472132000
17		1358	4051.493071000
6	0		4051.545842000
6	0		4051.545892000
17		1358	4051.559640000
6	0		4051.596469000
17		1358	4051.626139000
17		43	4051.657666000
6	1420		4051.673271000
17		1358	4051.691168000
17		49	4051.719784000
17		35	4051.734493000
17		1358	4051.756988000
6	0		4051.782261000
17		43	4051.782284000
17		1358	4051.823766000
17		43	4051.844174000
6	1420		4051.875028000
17		1358	4051.888678000
17		43	4051.905971000
17		1358	4051.954889000
17		43	4051.967792000
17		1358	4052.021220000
17		43	4052.029890000
6	1420		4052.076800000
17		1358	4052.086744000
17		43	4052.092610000
17		1358	4052.152706000
17		43	4052.153899000
17		43	4052.215945000
17		1358	4052.217601000
6	1420		4052.228113000
17		43	4052.278085000
17		1358	4052.284404000
17		43	4052.340468000
17		1358	4052.350384000
6	1420		4052.379421000
17		1358	4052.416357000
17		43	4052.464540000
17		1358	4052.481485000
17		43	4052.525795000
17		1358	4052.547850000
6	0		4052.587949000
6	1420		4052.588190000
17		1358	4052.614162000
17		43	4052.649947000
17		1358	4052.680192000
6	1420		4052.682056000
17		43	4052.712265000
17		1358	4052.745777000
17		43	4052.774247000
17		1358	4052.811568000
6	1420		4052.833392000
17		1358	4052.877378000
17		43	4052.897660000
17		1358	4052.942968000
17		43	4052.959681000
17		1358	4053.010060000
6	0		4053.021728000
6	1420		4053.021990000
17		1358	4053.076102000
17		43	4053.084005000
6	1420		4053.136039000
17		1358	4053.141472000
17		43	4053.146196000
17		1358	4053.207678000
17		48	4053.207779000
17		35	4053.221557000
17		1358	4053.260743000
17		43	4053.331943000
17		1358	4053.333583000
17		43	4053.394059000
17		1358	4053.395691000
17		43	4053.455817000
17		1358	4053.457345000
6	0		4053.518060000
6	1420		4053.518328000
17		43	4053.580246000
17		1358	4053.581831000
6	1420		4053.593972000
17		43	4053.642051000
17		1358	4053.643712000
17		43	4053.765917000
17		1358	4053.767594000
17		43	4053.827964000
17		1358	4053.855807000
6	0		4053.890124000
6	1420		4053.890367000
17		743	4053.943953000
17		43	4053.952051000
6	1420		4053.966069000
17		43	4054.014109000
17		43	4054.138444000
6	0		4054.199943000
17		43	4054.199967000
17		1171	4054.199978000
6	0		4054.200915000
17		36	4054.200944000
17		108	4054.212786000
17		79	4054.212832000
6	0		4054.262135000
6	1420		4054.262373000
17		43	4054.324070000
6	1420		4054.338044000
17		43	4054.385742000
17		43	4054.448160000
17		43	4054.571788000
17		41	4054.571808000
17		37	4054.573383000
6	0		4054.633960000
6	1420		4054.634240000
17		43	4054.696281000
6	1420		4054.709910000
17		43	4054.758540000
17		43	4054.820271000
17		43	4054.882699000
17		43	4054.944517000
17		43	4055.067919000
17		707	4055.067939000
17		36	4055.068803000
17		75	4055.078414000
17		33	4055.078457000
6	0		4055.130071000
6	1420		4055.130357000
17		43	4055.192057000
6	1420		4055.206009000
17		43	4055.253721000
17		43	4055.316122000
17		1129	4055.377754000
17		43	4055.378429000
17		159	4055.379031000
17		1353	4055.379104000
17		1358	4055.379116000
17		1358	4055.379120000
17		1358	4055.379125000
17		1358	4055.379129000
17		1358	4055.379133000
17		1358	4055.379138000
17		1358	4055.379143000
17		1358	4055.379147000
6	0		4055.440188000
17		41	4055.440219000
6	1420		4055.440454000
17		1358	4055.445243000
17		44	4055.501971000
17		41	4055.501996000
17		1358	4055.511392000
6	1420		4055.516067000
17		33	4055.527835000
17		1358	4055.576020000
6	0		4055.626313000
17		1358	4055.641824000
6	1420		4055.667506000
17		1358	4055.708031000
6	0		4055.749961000
17		44	4055.749994000
17		41	4055.750002000
17		1358	4055.772837000
17		33	4055.775779000
6	1420		4055.818725000
17		1358	4055.837971000
6	0		4055.874664000
17		49	4055.874695000
17		35	4055.888292000
17		1358	4055.903701000
17		43	4055.936368000
17		1358	4055.968367000
6	1420		4055.970043000
17		43	4055.997857000
17		1358	4056.034973000
17		43	4056.060339000
17		1358	4056.100434000
6	1420		4056.121704000
17		43	4056.122311000
17		1358	4056.165637000
17		43	4056.183900000
17		1358	4056.230686000
17		43	4056.245870000
6	1420		4056.272699000
17		1358	4056.295891000
17		43	4056.308001000
17		1358	4056.360877000
17		43	4056.370133000
6	1420		4056.424021000
17		1358	4056.427271000
17		1358	4056.491942000
17		43	4056.494091000
6	0		4056.556286000
17		43	4056.556311000
17		1358	4056.557833000
6	1420		4056.575333000
17		1358	4056.622491000
17		43	4056.680560000
17		1358	4056.688194000
6	1420		4056.696374000
17		43	4056.741759000
17		1358	4056.752876000
6	0		4056.803809000
17		1358	4056.819254000
17		43	4056.866090000
17		1358	4056.885037000
17		43	4056.928516000
17		1358	4056.951306000
17		43	4057.052524000
17		1358	4057.054446000
17		43	4057.113617000
17		1358	4057.120759000
6	0		4057.166515000
6	0		4057.166580000
6	0		4057.175846000
17		1358	4057.187286000
6	0		4057.205482000
6	12		4057.205741000
17		43	4057.237952000
6	0		4057.244497000
6	12		4057.244536000
6	0		4057.244551000
6	1		4057.244731000
6	4		4057.244750000
6	32		4057.244761000
6	0		4057.244774000
17		1358	4057.252914000
6	0		4057.283663000
6	0		4057.283697000
6	0		4057.283701000
6	0		4057.283799000
6	0		4057.283815000
17		43	4057.300511000
17		1358	4057.318770000
17		43	4057.423933000
17		1358	4057.424811000
17		48	4057.486153000
17		1358	4057.491486000
6	0		4057.548315000
6	1420		4057.548605000
17		43	4057.609792000
17		1358	4057.611321000
17		43	4057.671925000
17		1358	4057.673426000
17		43	4057.795739000
17		1358	4057.796753000
17		43	4057.857828000
17		1358	4057.859627000
17		43	4057.919932000
17		1358	4057.921435000
6	0		4057.982261000
6	1420		4057.982519000
17		43	4058.043810000
17		1358	4058.045412000
6	1420		4058.058189000
17		1358	4058.098651000
17		43	4058.167796000
17		1358	4058.169391000
17		43	4058.229746000
17		1358	4058.257819000
17		43	4058.291801000
17		1358	4058.346019000
17		43	4058.354224000
17		43	4058.416935000
6	0		4058.417004000
6	1420		4058.417212000
17		1358	4058.433532000
17		43	4058.477672000
17		1358	4058.521274000
17		43	4058.539943000
17		43	4058.602546000
17		1358	4058.608623000
17		43	4058.664544000
17		1358	4058.696535000
17		43	4058.725820000
17		1358	4058.761985000
17		43	4058.787867000
6	0		4058.822003000
6	0		4058.822054000
17		1358	4058.827119000
17		43	4058.850261000
17		1358	4058.891887000
17		43	4058.912474000
17		1358	4058.957251000
17		48	4058.974246000
17		35	4058.988360000
17		1358	4059.022608000
17		43	4059.036425000
17		1358	4059.089337000
17		43	4059.097864000
17		1358	4059.154014000
6	0		4059.159752000
6	1420		4059.160010000
6	0		4059.218720000
17		1358	4059.220145000
17		43	4059.222151000
6	1420		4059.235695000
17		1358	4059.284914000
17		43	4059.345853000
17		1358	4059.349563000
6	1420		4059.387030000
17		43	4059.408080000
17		1358	4059.414875000
17		43	4059.470291000
17		1358	4059.481356000
17		43	4059.532184000
6	1420		4059.538318000
17		1358	4059.546569000
6	0		4059.593801000
17		1358	4059.611949000
17		43	4059.655716000
17		1358	4059.676860000
6	1420		4059.689687000
17		43	4059.718268000
17		1358	4059.742921000
17		43	4059.780053000
6	0		4059.809133000
6	0		4059.809189000
17		1358	4059.809441000
6	1420		4059.841487000
17		43	4059.842079000
6	0		4059.845087000
6	24		4059.845134000
6	0		4059.845144000
6	41		4059.851973000
17		1358	4059.875215000
6	0		4059.887727000
6	1080		4059.887779000
6	1128		4059.887796000
17		43	4059.904129000
6	0		4059.923776000
6	0		4059.923828000
17		1358	4059.940092000
6	48		4059.959386000
6	280		4059.963794000
17		43	4059.966335000
6	1420		4059.992313000
17		1358	4060.004889000
6	0		4060.011022000
6	16		4060.011064000
17		43	4060.028689000
6	0		4060.054226000
17		1358	4060.070064000
6	64		4060.089974000
6	0		4060.090017000
6	64		4060.090107000
17		43	4060.090650000
6	96		4060.126596000
17		1358	4060.136332000
6	1420		4060.143648000
17		43	4060.151687000
6	0		4060.170223000
17		1358	4060.201630000
17		43	4060.213889000
17		1358	4060.267186000
17		1358	4060.332360000
17		43	4060.338500000
17		1358	4060.397434000
6	0		4060.399960000
6	1420		4060.400212000
17		43	4060.461656000
17		1358	4060.462648000
6	1420		4060.476085000
17		48	4060.524691000
17		1358	4060.528804000
17		43	4060.586401000
17		1358	4060.595680000
17		43	4060.647774000
17		1358	4060.662378000
6	0		4060.710080000
6	1420		4060.710331000
17		43	4060.772554000
17		1358	4060.774159000
6	1420		4060.786001000
17		43	4060.834618000
17		1358	4060.840375000
17		43	4060.896244000
17		1358	4060.906932000
17		43	4061.020709000
17		1358	4061.022700000
17		43	4061.082710000
17		1358	4061.089403000
6	0		4061.144036000
6	1420		4061.144264000
17		43	4061.205948000
17		1358	4061.207491000
6	1420		4061.219917000
17		43	4061.268484000
17		1358	4061.273870000
17		43	4061.392002000
17		1358	4061.393571000
17		43	4061.453847000
17		1358	4061.459864000
6	0		4061.516323000
6	1420		4061.516581000
17		1358	4061.525981000
17		43	4061.578269000
17		1358	4061.591331000
6	1420		4061.592241000
17		43	4061.640207000
17		1358	4061.658330000
17		43	4061.702385000
17		43	4061.764371000
17		43	4061.888075000
6	0		4061.950259000
6	1420		4061.950533000
17		43	4062.012214000
6	1420		4062.028290000
17		43	4062.073734000
17		43	4062.136402000
6	1420		4062.183759000
17		48	4062.259829000
17		35	4062.273789000
6	0		4062.322280000
6	1420		4062.339273000
17		43	4062.384251000
6	80		4062.420836000
17		43	4062.446447000
6	0		4062.457396000
6	0		4062.458895000
6	1420		4062.494747000
6	0		4062.495025000
17		43	4062.508386000
17		43	4062.632255000
6	1420		4062.650231000
6	0		4062.694525000
17		43	4062.756494000
6	1420		4062.805714000
17		43	4062.817754000
17		1358	4062.819531000
17		43	4062.880108000
17		1358	4062.886127000
6	1420		4062.961145000
17		43	4063.004370000
17		1358	4063.005874000
17		43	4063.066219000
17		1358	4063.071364000
6	1420		4063.116678000
6	0		4063.128491000
17		43	4063.190105000
17		1358	4063.192070000
6	1420		4063.272109000
6	0		4063.314422000
6	1420		4063.427629000
6	0		4063.437733000
6	0		4063.562247000
6	1420		4063.583072000
17		43	4063.686287000
17		1358	4063.687730000
6	1420		4063.707458000
6	0		4063.748442000
17		1358	4063.753945000
17		43	4063.809810000
17		1358	4063.818952000
6	1420		4063.831848000
17		43	4063.872198000
17		1358	4063.884419000
6	0		4063.934350000
17		1358	4063.950427000
6	1420		4063.956240000
17		43	4063.996509000
17		1358	4064.016321000
6	1420		4064.080616000
17		1358	4064.080797000
6	0		4064.119752000
17		1358	4064.146798000
6	0		4064.166497000
6	0		4064.166567000
6	0		4064.191425000
6	41		4064.196884000
6	1420		4064.205026000
17		1358	4064.211937000
6	0		4064.221271000
6	21		4064.224342000
6	0		4064.224388000
6	1080		4064.225339000
17		43	4064.244174000
6	0		4064.249660000
6	440		4064.249744000
17		1358	4064.276528000
6	0		4064.290211000
6	0		4064.306439000
6	48		4064.314650000
6	0		4064.314690000
6	280		4064.318604000
6	1420		4064.329388000
17		1358	4064.329843000
6	0		4064.342964000
17		43	4064.368576000
17		1309	4064.381921000
6	16		4064.392200000
17		43	4064.429987000
6	0		4064.434214000
6	1420		4064.453783000
6	52		4064.458596000
6	0		4064.458638000
6	52		4064.458741000
6	0		4064.483043000
6	84		4064.483095000
6	0		4064.526221000
17		43	4064.554415000
6	1420		4064.578213000
17		43	4064.616289000
6	0		4064.678786000
17		48	4064.739888000
17		35	4064.753760000
6	1420		4064.785483000
17		43	4064.802220000
17		43	4064.863709000
6	0		4064.926115000
17		43	4064.988142000
6	1420		4064.992775000
17		43	4065.050240000
17		43	4065.175308000
6	1420		4065.192755000
17		1040	4065.236112000
17		41	4065.236781000
17		151	4065.237680000
17		1353	4065.237782000
17		1358	4065.237790000
17		1358	4065.237793000
17		1358	4065.237796000
17		1358	4065.237799000
17		1358	4065.237802000
17		1358	4065.237805000
17		1358	4065.237809000
17		1358	4065.237812000
17		1358	4065.290892000
6	0		4065.298476000
17		1358	4065.342900000
6	1420		4065.392724000
17		1358	4065.395380000
6	0		4065.422481000
17		1358	4065.448454000
17		1358	4065.500508000
6	1420		4065.529383000
6	0		4065.546392000
17		49	4065.546417000
17		35	4065.560057000
17		43	4065.607730000
6	1420		4065.666043000
17		43	4065.670624000
17		43	4065.732260000
17		1358	4065.733759000
17		43	4065.794670000
17		1358	4065.796165000
6	1420		4065.802722000
17		43	4065.856296000
17		1358	4065.884250000
17		43	4065.918541000
6	1420		4065.939399000
17		1358	4065.951212000
17		43	4065.980515000
17		1358	4066.017840000
17		43	4066.042560000
6	1420		4066.076096000
17		1358	4066.084373000
17		43	4066.104381000
17		1358	4066.148927000
17		43	4066.165737000
17		1358	4066.214270000
17		1358	4066.280601000
17		43	4066.290476000
6	68		4066.324003000
17		1358	4066.345723000
6	52		4066.351762000
6	0		4066.351810000
6	0		4066.351835000
6	0		4066.351934000
6	1420		4066.352317000
17		43	4066.352633000
6	0		4066.353265000
6	0		4066.377635000
17		1358	4066.412049000
17		43	4066.414589000
17		1358	4066.478841000
6	0		4066.537789000
6	1420		4066.538047000
17		43	4066.599981000
17		1358	4066.601544000
6	1420		4066.606376000
17		43	4066.662305000
17		1358	4066.670860000
17		43	4066.786084000
17		1358	4066.788279000
6	0		4066.848921000
6	1420		4066.849181000
17		43	4066.910005000
17		1358	4066.912198000
6	1420		4066.917513000
17		1358	4066.982034000
17		43	4067.033730000
17		1358	4067.051803000
17		43	4067.096449000
17		1358	4067.121899000
17		48	4067.158614000
17		35	4067.172480000
17		1358	4067.192099000
17		43	4067.220385000
6	0		4067.220411000
6	1420		4067.220676000
17		1358	4067.261877000
17		43	4067.282445000
17		1358	4067.331911000
17		43	4067.406267000
17		1358	4067.407591000
17		43	4067.467920000
17		1358	4067.478098000
6	0		4067.530072000
6	1420		4067.530315000
17		43	4067.592343000
17		1358	4067.593862000
6	1420		4067.598668000
17		43	4067.716322000
17		1358	4067.717832000
17		43	4067.778119000
17		1358	4067.788162000
6	0		4067.840257000
17		43	4067.840285000
6	1420		4067.840508000
17		1358	4067.858303000
6	1420		4067.908854000
17		43	4067.963772000
17		1358	4067.965588000
17		43	4068.026276000
17		1358	4068.027817000
17		43	4068.088450000
17		1358	4068.089748000
6	0		4068.150262000
17		43	4068.150295000
6	1420		4068.150519000
17		1358	4068.151853000
17		43	4068.274115000
17		1358	4068.275779000
17		43	4068.336443000
17		1358	4068.368512000
17		43	4068.398165000
17		43	4068.459692000
17		1358	4068.461216000
6	0		4068.522504000
6	1420		4068.522766000
17		627	4068.554341000
6	1420		4068.577475000
17		43	4068.583738000
6	1420		4068.686771000
17		43	4068.707935000
17		43	4068.770118000
6	1420		4068.796126000
6	0		4068.832116000
17		48	4068.832144000
17		35	4068.846262000
6	1420		4068.905471000
17		43	4068.956468000
6	0		4068.984013000
6	0		4068.984073000
6	1420		4069.014815000
17		43	4069.017892000
6	0		4069.026437000
17		43	4069.080005000
6	0		4069.142692000
17		43	4069.204519000
17		43	4069.266519000
17		43	4069.327727000
17		43	4069.389852000
17		1129	4069.452070000
17		41	4069.452694000
17		159	4069.453462000
17		1353	4069.453542000
17		1358	4069.453547000
17		1358	4069.453550000
17		1358	4069.453554000
17		1358	4069.453556000
17		1358	4069.453559000
17		1358	4069.453563000
17		1358	4069.453566000
17		1358	4069.453569000
6	0		4069.514524000
6	1420		4069.514791000
17		1358	4069.523821000
6	1420		4069.583116000
17		1358	4069.592698000
6	0		4069.637636000
17		1358	4069.661556000
6	1420		4069.719787000
6	0		4069.762065000
17		49	4069.762089000
17		35	4069.776672000
17		43	4069.823731000
17		1358	4069.825641000
6	1420		4069.856481000
17		43	4069.885927000
17		1358	4069.895085000
17		43	4069.947716000
17		1358	4069.965787000
6	1420		4069.993147000
17		43	4070.010275000
17		1358	4070.036387000
17		43	4070.072433000
17		1358	4070.106508000
6	1420		4070.126605000
17		43	4070.134563000
17		1358	4070.176711000
17		43	4070.195815000
17		1358	4070.246329000
17		43	4070.257943000
17		1358	4070.316343000
17		43	4070.320563000
17		1358	4070.386592000
17		43	4070.443804000
17		1358	4070.456405000
6	0		4070.505677000
17		43	4070.505708000
6	1420		4070.505932000
17		1358	4070.526742000
17		43	4070.567626000
6	1420		4070.572647000
17		1358	4070.596143000
17		43	4070.691857000
17		1358	4070.693428000
6	0		4070.753756000
17		43	4070.816451000
17		1358	4070.818018000
17		43	4070.877712000
17		1358	4070.879321000
17		43	4071.002418000
17		1358	4071.003229000
17		43	4071.064502000
17		1358	4071.066139000
6	0		4071.125706000
6	1420		4071.126010000
17		43	4071.188236000
17		1358	4071.189859000
6	1420		4071.192662000
17		43	4071.250127000
6	0		4071.259501000
6	0		4071.259545000
17		1358	4071.283268000
6	0		4071.294960000
17		48	4071.311729000
17		35	4071.326643000
17		43	4071.374426000
17		1358	4071.375895000
17		43	4071.435983000
17		1358	4071.468976000
17		43	4071.498322000
6	0		4071.560496000
17		1358	4071.560596000
6	1420		4071.560742000
17		43	4071.621704000
6	1420		4071.627479000
17		1358	4071.629781000
17		43	4071.684444000
17		1358	4071.699106000
17		43	4071.746250000
17		1358	4071.771500000
17		43	4071.808548000
17		1358	4071.843951000
17		43	4071.870079000
17		1358	4071.915788000
17		43	4071.932495000
17		1358	4071.989088000
17		43	4072.056619000
17		1358	4072.060433000
6	0		4072.117783000
6	1420		4072.118019000
17		1358	4072.133530000
6	1420		4072.171406000
17		43	4072.180030000
17		1358	4072.205453000
17		43	4072.241796000
6	1420		4072.278156000
17		1358	4072.278769000
17		43	4072.303863000
17		1358	4072.352299000
17		43	4072.365913000
6	1420		4072.384917000
17		1358	4072.426088000
6	0		4072.428251000
17		43	4072.490299000
6	1420		4072.491668000
17		1358	4072.499864000
17		43	4072.552467000
17		1358	4072.573501000
6	1420		4072.598388000
17		43	4072.614132000
17		1358	4072.646544000
17		43	4072.675754000
6	1420		4072.705198000
17		1358	4072.720050000
17		43	4072.737946000
17		1358	4072.792796000
17		48	4072.800331000
6	1420		4072.811889000
17		35	4072.814668000
17		43	4072.862110000
17		1358	4072.865507000
17		1358	4072.938738000
17		43	4072.985801000
17		1358	4073.011520000
6	0		4073.048337000
17		43	4073.109868000
17		1358	4073.112616000
17		43	4073.233973000
17		1358	4073.235533000
6	0		4073.287003000
6	0		4073.287058000
17		43	4073.295905000
17		1358	4073.308528000
6	0		4073.326989000
6	12		4073.327212000
6	0		4073.357982000
17		43	4073.358008000
6	1420		4073.358228000
6	0		4073.366870000
6	12		4073.366900000
6	0		4073.366911000
6	1		4073.367022000
6	4		4073.367036000
6	32		4073.367045000
6	0		4073.367067000
17		1358	4073.381628000
6	0		4073.406526000
6	0		4073.406615000
6	0		4073.406641000
6	0		4073.406746000
6	0		4073.406759000
6	1420		4073.447188000
17		43	4073.481834000
17		1358	4073.483079000
17		43	4073.544281000
17		1358	4073.545798000
6	0		4073.605718000
6	1420		4073.625128000
17		43	4073.668037000
17		1358	4073.669183000
6	1420		4073.758576000
6	0		4073.776384000
6	0		4073.776426000
17		43	4073.792354000
17		1358	4073.793927000
17		43	4073.853799000
17		1358	4073.891263000
6	0		4073.916034000
6	1420		4073.916297000
17		43	4073.978360000
17		1358	4073.989592000
6	1420		4074.025468000
17		43	4074.040535000
17		1358	4074.086967000
17		43	4074.102730000
17		43	4074.164123000
17		1358	4074.184135000
17		43	4074.226197000
17		1358	4074.257630000
17		43	4074.288421000
17		1358	4074.329083000
17		43	4074.349797000
17		1358	4074.402324000
6	0		4074.412552000
6	1420		4074.412833000
17		1358	4074.474419000
17		43	4074.474495000
6	1420		4074.479546000
17		48	4074.536229000
17		1358	4074.545967000
17		1358	4074.618934000
17		43	4074.660261000
17		1358	4074.691674000
6	0		4074.722453000
6	1420		4074.722696000
17		43	4074.784288000
17		1358	4074.785790000
6	1420		4074.789441000
17		43	4074.845932000
17		1358	4074.858710000
17		43	4074.969940000
17		1358	4074.971536000
6	0		4075.032247000
6	1420		4075.032497000
17		43	4075.094559000
17		589	4075.094583000
17		36	4075.096123000
17		1358	4075.096149000
6	1420		4075.099227000
17		77	4075.104861000
17		33	4075.104984000
17		43	4075.155700000
6	0		4075.156400000
6	0		4075.156449000
17		1358	4075.169367000
6	0		4075.193184000
17		43	4075.218298000
17		979	4075.242515000
17		43	4075.280457000
17		43	4075.404134000
6	0		4075.466316000
6	1420		4075.466620000
17		43	4075.528413000
6	1420		4075.533321000
17		43	4075.590319000
17		43	4075.652468000
17		43	4075.776006000
6	0		4075.838197000
6	1420		4075.838457000
17		43	4075.900179000
6	1420		4075.905188000
17		43	4075.962280000
17		41	4076.024561000
6	1420		4076.038653000
17		43	4076.085916000
6	0		4076.147945000
17		44	4076.147979000
17		41	4076.147987000
6	1420		4076.172074000
17		33	4076.173700000
17		1129	4076.210328000
17		41	4076.211002000
17		1358	4076.211696000
17		1358	4076.211713000
17		1358	4076.211718000
17		1358	4076.211722000
17		1358	4076.211726000
17		1358	4076.211731000
17		1358	4076.211735000
17		1358	4076.211739000
17		1358	4076.211743000
17		1358	4076.211748000
17		1358	4076.270631000
6	1420		4076.305535000
6	0		4076.334112000
6	1420		4076.438961000
6	0		4076.458287000
6	1420		4076.572422000
6	0		4076.582166000
17		43	4076.582212000
17		1358	4076.583794000
17		49	4076.644450000
17		35	4076.658339000
6	0		4076.659334000
6	0		4076.659377000
17		1358	4076.680670000
6	1420		4076.705878000
17		43	4076.706507000
17		43	4076.767959000
17		1358	4076.777976000
17		43	4076.830057000
6	1420		4076.839308000
17		1358	4076.875833000
17		43	4076.892134000
17		43	4076.954273000
6	1420		4076.972759000
17		1358	4076.973673000
17		43	4077.016385000
17		1358	4077.047333000
17		43	4077.077941000
6	1420		4077.106226000
17		1358	4077.118722000
17		43	4077.139810000
17		1358	4077.191766000
17		43	4077.202159000
17		1358	4077.263432000
6	0		4077.325771000
6	1420		4077.326026000
17		1358	4077.336478000
6	1420		4077.379410000
17		1358	4077.408889000
17		43	4077.450358000
6	0		4077.450381000
17		1358	4077.480832000
6	1420		4077.486148000
17		43	4077.512129000
17		1358	4077.553614000
6	1420		4077.592913000
17		1358	4077.624617000
17		43	4077.636010000
17		1358	4077.698147000
6	0		4077.698239000
6	1420		4077.699655000
17		43	4077.759986000
17		1358	4077.771750000
6	1420		4077.806414000
17		43	4077.883737000
17		1358	4077.885282000
6	1420		4077.913158000
17		43	4077.945694000
17		1358	4077.958965000
6	0		4078.008640000
17		43	4078.070166000
17		1358	4078.071782000
17		43	4078.132505000
17		1358	4078.144910000
17		43	4078.194098000
17		1358	4078.218444000
17		43	4078.317982000
17		1358	4078.319323000
6	0		4078.379931000
17		48	4078.379959000
6	1420		4078.380183000
17		1358	4078.391723000
17		43	4078.442145000
17		1358	4078.464784000
6	1420		4078.469162000
17		43	4078.566402000
17		1358	4078.568299000
6	0		4078.627772000
6	1420		4078.647065000
17		43	4078.689818000
17		1358	4078.691226000
17		43	4078.752181000
17		1358	4078.765293000
6	1420		4078.780530000
17		43	4078.875944000
17		1358	4078.877647000
6	0		4078.938139000
6	1420		4078.938409000
17		43	4079.000046000
17		1358	4079.001583000
6	1420		4079.047421000
17		43	4079.123824000
17		1358	4079.125408000
17		43	4079.185759000
17		1358	4079.187312000
17		43	4079.247623000
17		1358	4079.285105000
17		43	4079.310420000
6	0		4079.310447000
6	1420		4079.310825000
17		1358	4079.382234000
17		43	4079.434072000
17		1358	4079.480326000
17		43	4079.496292000
6	0		4079.557725000
6	1420		4079.558005000
17		1301	4079.575612000
17		43	4079.619883000
6	1420		4079.624729000
17		43	4079.744246000
17		43	4079.806320000
6	0		4079.868608000
6	1420		4079.868863000
17		43	4079.930645000
6	1420		4079.935570000
17		43	4080.053927000
6	0		4080.115695000
6	1420		4080.115947000
17		43	4080.178558000
6	1420		4080.202463000
17		43	4080.240123000
17		48	4080.301893000
17		35	4080.316170000
17		43	4080.364153000
17		43	4080.426259000
6	0		4080.487745000
6	1420		4080.487998000
17		1039	4080.549795000
17		41	4080.550405000
17		1358	4080.552117000
17		1358	4080.552141000
17		1358	4080.552145000
17		1358	4080.552148000
17		1358	4080.552152000
17		1358	4080.552155000
17		1358	4080.552158000
17		1358	4080.552161000
17		1358	4080.552165000
17		1358	4080.552168000
6	1420		4080.554704000
17		1358	4080.625797000
6	0		4080.674167000
6	1420		4080.688145000
17		1358	4080.698556000
17		1358	4080.769815000
6	0		4080.798415000
6	1420		4080.821598000
6	0		4080.921806000
17		43	4080.921834000
6	1420		4080.955063000
17		49	4080.983712000
17		1358	4080.984860000
17		43	4081.046673000
17		1358	4081.057688000
6	1420		4081.088528000
17		43	4081.108087000
17		1358	4081.130284000
17		43	4081.153833000
17		43	4081.200601000
17		1358	4081.202796000
6	1420		4081.221945000
17		43	4081.246534000
17		1358	4081.275409000
17		43	4081.292128000
17		43	4081.337722000
17		1358	4081.347290000
6	1420		4081.355403000
17		43	4081.383774000
17		1358	4081.419953000
17		43	4081.475814000
17		1358	4081.492343000
6	0		4081.521971000
6	1420		4081.522252000
17		1358	4081.563502000
17		43	4081.568323000
17		43	4081.613740000
6	1420		4081.622275000
17		1358	4081.636480000
6	0		4081.705922000
6	0		4081.706292000
6	0		4081.706338000
17		1358	4081.707995000
17		43	4081.751990000
17		1358	4081.781148000
17		43	4081.798142000
17		1358	4081.839710000
17		43	4081.889950000
17		1358	4081.897441000
17		43	4081.935762000
17		1358	4081.955568000
6	0		4081.963930000
6	41		4081.969542000
6	0		4081.981915000
6	1420		4081.982189000
17		1358	4082.013818000
17		43	4082.027711000
17		1358	4082.072377000
17		43	4082.074091000
17		43	4082.119729000
17		1358	4082.129890000
17		43	4082.166163000
17		1358	4082.187225000
6	0		4082.212323000
6	1420		4082.212600000
6	0		4082.226766000
6	21		4082.226800000
6	0		4082.226811000
6	1080		4082.227721000
17		1358	4082.244865000
17		48	4082.258420000
17		35	4082.272064000
6	1420		4082.279300000
17		1358	4082.303537000
17		43	4082.350120000
17		1358	4082.361406000
17		43	4082.395865000
17		1358	4082.418256000
17		43	4082.442490000
17		1358	4082.476404000
6	440		4082.485495000
17		43	4082.488389000
6	0		4082.488424000
6	1420		4082.488709000
6	0		4082.526231000
17		43	4082.533659000
17		1358	4082.535284000
17		43	4082.580524000
17		1358	4082.592287000
17		1358	4082.637657000
17		43	4082.672410000
17		1358	4082.684226000
17		43	4082.718166000
17		1358	4082.730681000
17		43	4082.763937000
17		1358	4082.776152000
6	48		4082.783461000
6	0		4082.783501000
6	280		4082.787370000
6	0		4082.810120000
6	1420		4082.810384000
17		1358	4082.822787000
17		43	4082.856300000
17		1358	4082.868755000
6	1420		4082.877112000
17		1358	4082.915080000
17		43	4082.947655000
17		1358	4082.962161000
17		43	4082.994440000
17		1358	4083.007331000
6	1420		4083.010531000
17		43	4083.040217000
6	16		4083.048612000
17		1358	4083.084751000
17		43	4083.085691000
6	0		4083.090214000
6	0		4083.132166000
6	1420		4083.144000000
17		752	4083.162680000
17		43	4083.178055000
17		43	4083.224080000
17		43	4083.269971000
6	1420		4083.277435000
17		43	4083.316005000
6	52		4083.347410000
6	0		4083.347447000
6	52		4083.347529000
17		43	4083.362330000
17		48	4083.407938000
6	1420		4083.410899000
17		35	4083.422116000
17		43	4083.453824000
17		43	4083.500213000
6	1420		4083.544329000
6	0		4083.545597000
17		43	4083.592481000
6	84		4083.604889000
17		43	4083.637667000
6	0		4083.646218000
6	1420		4083.677788000
17		43	4083.683849000
17		43	4083.776181000
6	1420		4083.811227000
6	0		4083.822374000
17		1129	4083.822409000
17		41	4083.822988000
17		154	4083.823848000
17		1353	4083.823866000
17		1358	4083.823879000
17		1358	4083.823884000
17		1358	4083.823887000
17		1358	4083.823891000
17		1358	4083.823894000
17		1358	4083.823897000
17		1358	4083.823900000
17		1358	4083.823903000
17		1358	4083.878461000
6	0		4083.914369000
17		1358	4083.931225000
6	1420		4083.944692000
17		1358	4083.983368000
6	0		4084.006226000
17		1358	4084.036976000
17		43	4084.051676000
6	1420		4084.078142000
17		1358	4084.089896000
17		49	4084.097946000
17		43	4084.097977000
17		35	4084.111983000
17		1358	4084.143523000
6	0		4084.144211000
17		43	4084.144240000
17		43	4084.189798000
17		1358	4084.197323000
6	1420		4084.211587000
17		43	4084.235894000
17		1358	4084.251746000
17		43	4084.281728000
17		1358	4084.304673000
17		43	4084.328341000
6	1420		4084.345011000
17		1358	4084.357748000
17		43	4084.373835000
17		1358	4084.410322000
17		43	4084.419818000
17		1358	4084.463434000
17		43	4084.466543000
6	1420		4084.483916000
17		43	4084.511725000
17		1358	4084.516463000
17		43	4084.558050000
17		1358	4084.570362000
17		1358	4084.622460000
17		43	4084.649847000
17		1358	4084.675264000
6	0		4084.696019000
6	1420		4084.696278000
17		1358	4084.727896000
17		43	4084.742582000
6	1420		4084.763547000
17		1358	4084.781930000
17		43	4084.788520000
17		1358	4084.830368000
17		43	4084.834156000
17		1358	4084.879303000
17		43	4084.926494000
17		1358	4084.927856000
17		43	4084.972028000
17		1358	4084.977116000
17		1358	4085.016732000
6	0		4085.018248000
6	1420		4085.018512000
17		43	4085.064232000
17		1358	4085.065273000
6	1420		4085.085754000
17		43	4085.110603000
17		1358	4085.112983000
17		48	4085.156111000
17		1358	4085.157805000
17		43	4085.248042000
17		1358	4085.249463000
17		43	4085.293848000
17		1358	4085.315793000
17		43	4085.339680000
17		1358	4085.381932000
6	0		4085.386801000
6	1420		4085.387027000
17		43	4085.432482000
6	1420		4085.440838000
17		1358	4085.447589000
17		1358	4085.512737000
17		43	4085.524307000
6	1420		4085.548438000
17		43	4085.570120000
17		1358	4085.577874000
17		43	4085.616541000
17		1358	4085.627776000
6	1420		4085.656039000
17		43	4085.662007000
17		1358	4085.677422000
6	0		4085.684636000
6	0		4085.684674000
17		43	4085.708333000
6	0		4085.708360000
6	68		4085.721513000
17		1358	4085.725563000
17		43	4085.754491000
6	1420		4085.763646000
17		1358	4085.774786000
17		1358	4085.823188000
17		43	4085.845800000
17		1358	4085.873507000
6	0		4085.892187000
17		43	4085.937777000
17		1358	4085.939526000
6	52		4085.980783000
6	0		4085.980822000
6	0		4085.980910000
6	0		4085.981991000
17		43	4085.983991000
17		1358	4085.989940000
17		43	4086.030548000
17		636	4086.040089000
17		43	4086.076060000
6	0		4086.149373000
6	0		4086.149422000
6	0		4086.167869000
6	1420		4086.168128000
6	0		4086.184530000
17		43	4086.214096000
6	0		4086.239167000
6	1420		4086.257797000
17		43	4086.260353000
17		43	4086.352125000
17		43	4086.398413000
6	0		4086.444559000
6	1420		4086.444826000
17		48	4086.490621000
17		35	4086.505192000
17		43	4086.536052000
6	1420		4086.571676000
17		43	4086.627778000
17		43	4086.673790000
17		43	4086.720060000
17		43	4086.765952000
17		1129	4086.811990000
17		41	4086.812598000
17		158	4086.813348000
17		1353	4086.813368000
17		1358	4086.813371000
17		1358	4086.813402000
17		1358	4086.813407000
17		1358	4086.813411000
17		1358	4086.813414000
17		1358	4086.813416000
17		1358	4086.813420000
17		1358	4086.813423000
6	0		4086.858564000
6	1420		4086.858833000
17		1358	4086.863410000
17		1358	4086.912031000
6	1420		4086.926084000
6	0		4086.950033000
17		1358	4086.961956000
17		49	4086.996706000
17		35	4087.010838000
17		43	4087.041659000
17		1358	4087.042218000
6	1420		4087.060610000
17		43	4087.088419000
6	0		4087.088456000
17		1358	4087.090053000
17		43	4087.133910000
17		1358	4087.135534000
17		43	4087.180244000
17		1358	4087.181874000
6	1420		4087.195124000
17		43	4087.225911000
17		1358	4087.227445000
17		43	4087.272553000
17		1358	4087.293892000
17		43	4087.318599000
6	1420		4087.329631000
17		1358	4087.359022000
17		43	4087.364015000
17		1358	4087.423469000
17		43	4087.456306000
17		1358	4087.490396000
17		43	4087.501688000
17		1358	4087.538279000
6	0		4087.547868000
6	1420		4087.548143000
17		1358	4087.587811000
17		43	4087.594235000
6	1420		4087.615387000
17		1358	4087.635958000
17		43	4087.640031000
17		1358	4087.686059000
17		43	4087.732343000
17		1358	4087.736513000
17		43	4087.778211000
17		1358	4087.786447000
17		43	4087.823757000
17		1358	4087.837062000
6	0		4087.869971000
6	1420		4087.870243000
17		43	4087.916333000
17		1358	4087.917967000
6	1420		4087.937499000
17		1358	4087.968030000
17		43	4088.007706000
17		1358	4088.016195000
17		43	4088.054046000
17		1358	4088.065682000
17		43	4088.100336000
17		1358	4088.115213000
17		48	4088.145886000
17		35	4088.160571000
17		1358	4088.164761000
6	0		4088.192520000
6	1420		4088.192807000
17		43	4088.237632000
17		1358	4088.239134000
6	1420		4088.260054000
17		43	4088.330331000
17		1358	4088.331927000
17		43	4088.376679000
17		43	4088.422188000
17		1358	4088.423815000
17		43	4088.468393000
17		1358	4088.473069000
17		43	4088.514004000
17		1358	4088.522519000
6	0		4088.559866000
17		43	4088.559895000
6	1420		4088.560132000
17		1358	4088.572510000
6	0		4088.605999000
6	1420		4088.627394000
17		43	4088.651698000
17		1358	4088.653294000
17		43	4088.698510000
17		1358	4088.703727000
17		43	4088.743799000
17		1358	4088.753798000
6	1420		4088.761902000
17		43	4088.789751000
17		1358	4088.794459000
17		43	4088.836207000
17		1358	4088.837725000
17		43	4088.927852000
17		1358	4088.929439000
6	0		4088.974221000
6	1420		4088.974540000
17		43	4089.019696000
17		1358	4089.021300000
6	1420		4089.041873000
17		43	4089.065636000
17		1358	4089.087227000
17		43	4089.111884000
17		1358	4089.153787000
17		43	4089.158450000
17		1358	4089.204163000
17		43	4089.250465000
17		1358	4089.254026000
6	0		4089.295838000
17		43	4089.295865000
6	1420		4089.296082000
17		1358	4089.303764000
17		48	4089.342071000
17		1358	4089.353768000
17		43	4089.388061000
17		340	4089.403944000
17		43	4089.480089000
17		43	4089.526122000
17		43	4089.572312000
6	0		4089.618657000
6	1420		4089.618891000
17		43	4089.663669000
6	1420		4089.686134000
17		43	4089.756269000
17		43	4089.802370000
17		43	4089.848318000
17		43	4089.893915000
6	0		4089.940084000
17		1030	4089.940106000
17		43	4089.940113000
6	1420		4089.940347000
17		41	4089.940744000
17		151	4089.941336000
17		1358	4089.947560000
17		43	4089.985846000
17		1358	4089.997383000
6	1420		4090.007638000
17		43	4090.031903000
17		1358	4090.046869000
17		1358	4090.095777000
6	0		4090.124994000
6	1420		4090.142117000
17		1358	4090.144167000
17		49	4090.170184000
17		35	4090.184693000
17		1358	4090.193469000
17		43	4090.216258000
17		1358	4090.242204000
17		43	4090.262588000
6	1420		4090.276631000
17		1358	4090.291905000
6	0		4090.308592000
17		43	4090.308627000
17		1358	4090.339859000
17		43	4090.354165000
17		1358	4090.389312000
6	1420		4090.411131000
17		1358	4090.428788000
17		43	4090.446399000
17		1358	4090.467880000
17		43	4090.492506000
17		1358	4090.506829000
17		43	4090.538116000
6	1420		4090.545621000
17		1358	4090.546084000
6	0		4090.584276000
17		1358	4090.611108000
17		43	4090.630244000
17		43	4090.676137000
17		1358	4090.676383000
6	1420		4090.680170000
17		43	4090.722288000
17		1358	4090.741625000
17		1358	4090.790987000
17		43	4090.813659000
6	1420		4090.814662000
17		1358	4090.839621000
17		43	4090.859906000
17		1358	4090.889194000
17		43	4090.905679000
17		1358	4090.937503000
6	1420		4090.949173000
6	0		4090.952494000
17		1358	4090.986691000
17		43	4090.997710000
17		1358	4091.035669000
17		43	4091.043869000
6	1420		4091.083677000
17		1358	4091.085543000
17		1358	4091.134709000
17		43	4091.135730000
17		43	4091.181706000
17		1358	4091.183198000
6	1420		4091.218168000
6	0		4091.228737000
17		1358	4091.232286000
17		43	4091.274430000
17		1358	4091.281612000
17		43	4091.320564000
17		1358	4091.330232000
6	1420		4091.352699000
17		48	4091.366558000
17		35	4091.380078000
17		1358	4091.380116000
17		1358	4091.429513000
17		43	4091.458250000
17		1358	4091.480528000
6	1420		4091.487222000
17		43	4091.504533000
17		1358	4091.531830000
6	0		4091.549668000
17		43	4091.596001000
17		1358	4091.597552000
6	1420		4091.621714000
17		43	4091.641873000
17		1358	4091.648069000
17		43	4091.688164000
17		1358	4091.698793000
17		43	4091.733966000
17		1358	4091.750068000
6	1420		4091.756232000
17		43	4091.779896000
17		1358	4091.800832000
17		43	4091.826144000
17		1358	4091.851713000
6	0		4091.872386000
6	1420		4091.890715000
17		43	4091.918249000
17		1358	4091.919756000
17		43	4091.963783000
17		1358	4091.971043000
6	1420		4091.998315000
17		43	4092.009759000
17		1358	4092.011431000
17		43	4092.102619000
17		1358	4092.104200000
6	1420		4092.105921000
17		43	4092.148168000
17		1358	4092.149673000
6	0		4092.194450000
6	1420		4092.213520000
17		43	4092.240157000
17		1358	4092.241256000
17		43	4092.285753000
17		1358	4092.309060000
17		43	4092.332288000
17		1358	4092.377027000
17		43	4092.378557000
17		43	4092.424256000
17		1358	4092.425862000
6	0		4092.470507000
6	1420		4092.470783000
17		1358	4092.477980000
17		43	4092.516047000
17		622	4092.527777000
17		48	4092.562316000
6	1420		4092.563397000
17		35	4092.576785000
17		43	4092.654134000
17		43	4092.700034000
6	0		4092.746482000
6	1420		4092.748610000
17		43	4092.792321000
17		43	4092.883897000
6	1420		4092.887535000
17		43	4092.929791000
17		43	4092.975949000
17		43	4093.021928000
6	0		4093.068143000
17		43	4093.068169000
6	1420		4093.068401000
17		1129	4093.113833000
17		41	4093.114510000
17		155	4093.115236000
17		1353	4093.115253000
17		1358	4093.115256000
17		1358	4093.115259000
17		1358	4093.115262000
17		1358	4093.115266000
17		1358	4093.115269000
17		1358	4093.115272000
6	1420		4093.165381000
17		1358	4093.166490000
6	0		4093.205869000
17		1358	4093.215317000
17		1358	4093.266433000
6	0		4093.298626000
17		49	4093.298658000
6	1420		4093.304292000
17		35	4093.312748000
17		43	4093.343897000
17		1358	4093.345230000
17		43	4093.389794000
17		1358	4093.395356000
17		43	4093.436245000
6	1420		4093.443219000
17		1358	4093.446132000
17		43	4093.482238000
17		1358	4093.497339000
17		43	4093.528108000
17		1358	4093.548309000
17		43	4093.574450000
6	1420		4093.582136000
17		1358	4093.598625000
17		1358	4093.649633000
17		43	4093.665645000
17		1358	4093.699290000
17		43	4093.712370000
6	0		4093.712399000
6	1420		4093.721051000
17		1358	4093.749808000
17		43	4093.758526000
17		1358	4093.790749000
17		43	4093.849842000
17		1358	4093.851354000
17		43	4093.895816000
17		1358	4093.897370000
6	0		4093.941854000
6	1420		4093.942106000
17		43	4093.988199000
17		1358	4093.989225000
6	1420		4094.011574000
17		43	4094.034239000
17		1358	4094.057510000
17		43	4094.080356000
17		1358	4094.125909000
17		43	4094.172039000
17		1358	4094.194614000
17		43	4094.218414000
17		1358	4094.246801000
17		43	4094.264084000
17		1358	4094.299348000
6	0		4094.309959000
17		43	4094.309986000
6	1420		4094.310222000
17		1358	4094.351230000
17		43	4094.356207000
6	1420		4094.379683000
17		48	4094.402393000
17		1358	4094.404043000
17		43	4094.447877000
17		1358	4094.455241000
17		1358	4094.507108000
17		43	4094.539879000
17		1358	4094.556551000
6	0		4094.586480000
6	1420		4094.586729000
17		43	4094.631805000
17		1358	4094.633450000
6	1420		4094.657514000
17		43	4094.677794000
17		1358	4094.684421000
17		43	4094.724056000
17		1358	4094.735688000
17		43	4094.769694000
17		1358	4094.786719000
17		43	4094.815809000
17		1358	4094.838567000
17		43	4094.907874000
17		1358	4094.909470000
6	0		4094.954032000
17		43	4094.954061000
6	1420		4094.954269000
17		1358	4094.960772000
17		43	4094.999676000
17		1358	4095.012328000
6	1420		4095.024307000
17		43	4095.045729000
17		1358	4095.064575000
17		682	4095.092105000
17		43	4095.092131000
17		36	4095.093783000
17		75	4095.102712000
17		33	4095.103996000
17		1358	4095.115975000
17		43	4095.184223000
17		1358	4095.186315000
6	0		4095.189690000
6	0		4095.189729000
6	0		4095.229640000
6	1420		4095.229877000
17		43	4095.275940000
17		1358	4095.277254000
6	1420		4095.285902000
17		43	4095.321768000
17		1358	4095.328727000
17		43	4095.367824000
17		1358	4095.379536000
6	1420		4095.397951000
17		43	4095.413958000
17		1358	4095.431540000
17		43	4095.460280000
17		1358	4095.472892000
6	1420		4095.510021000
17		43	4095.552125000
17		636	4095.553160000
17		48	4095.598030000
17		35	4095.611731000
6	0		4095.644602000
17		43	4095.644626000
17		41	4095.644632000
17		44	4095.690164000
17		43	4095.690211000
17		41	4095.690219000
17		33	4095.716147000
17		43	4095.736237000
17		43	4095.828530000
6	0		4095.874068000
6	1420		4095.874309000
17		43	4095.919997000
6	1420		4095.944368000
17		43	4095.966155000
17		1119	4095.966195000
17		34	4095.966755000
17		1358	4095.968510000
17		1358	4096.020737000
17		43	4096.057660000
17		1358	4096.070646000
17		43	4096.104051000
17		1358	4096.120681000
6	0		4096.149818000
17		43	4096.149846000
6	1420		4096.150054000
17		1358	4096.172074000
17		1358	4096.222885000
6	1420		4096.224465000
6	0		4096.242154000
17		1358	4096.272937000
17		49	4096.288569000
17		35	4096.302514000
17		1358	4096.323552000
17		43	4096.334329000
6	1420		4096.364541000
17		1358	4096.374719000
17		43	4096.379757000
17		1358	4096.424673000
17		43	4096.425747000
17		1358	4096.475089000
6	1420		4096.504629000
17		43	4096.518323000
17		1358	4096.526141000
17		43	4096.564370000
6	0		4096.564399000
17		1358	4096.576722000
17		1358	4096.627094000
6	1420		4096.644706000
17		43	4096.656093000
17		1358	4096.677291000
17		43	4096.701838000
17		1358	4096.728656000
6	0		4096.747740000
17		1358	4096.779159000
6	1420		4096.784763000
17		43	4096.793766000
17		1358	4096.829308000
17		43	4096.839841000
17		1358	4096.880189000
17		43	4096.886425000
6	1420		4096.924835000
17		1358	4096.930719000
17		43	4096.932298000
17		43	4096.977760000
17		1358	4096.981524000
17		43	4097.024096000
6	0		4097.070270000
6	1420		4097.070531000
17		43	4097.116208000
17		43	4097.161688000
6	1420		4097.192300000
17		43	4097.207867000
17		1358	4097.209621000
17		43	4097.299868000
17		1358	4097.301467000
17		43	4097.345700000
17		1358	4097.353651000
6	0		4097.391867000
6	1420		4097.392138000
17		43	4097.437931000
17		1358	4097.438846000
6	1420		4097.455834000
17		48	4097.484095000
17		1358	4097.489868000
17		1358	4097.541076000
6	0		4097.576285000
6	1420		4097.583266000
17		1358	4097.591480000
17		43	4097.622388000
17		1358	4097.643194000
17		43	4097.668571000
17		1358	4097.693255000
6	1420		4097.710694000
17		1358	4097.743642000
17		43	4097.759960000
17		1358	4097.794254000
6	0		4097.806153000
6	1420		4097.838112000
17		1358	4097.845313000
17		43	4097.852572000
17		1358	4097.895190000
17		43	4097.898344000
17		1358	4097.946133000
6	1420		4097.965531000
17		43	4097.990488000
17		1358	4097.996761000
17		43	4098.035687000
17		1358	4098.047786000
17		43	4098.081920000
17		1358	4098.098004000
6	0		4098.128122000
6	1420		4098.128384000
17		1358	4098.148593000
17		43	4098.174347000
6	1420		4098.194937000
17		1358	4098.199390000
17		43	4098.219964000
17		1358	4098.250418000
6	1420		4098.296844000
17		1358	4098.299861000
17		43	4098.311652000
17		1358	4098.350129000
17		43	4098.357827000
6	1420		4098.398770000
17		1358	4098.401620000
6	0		4098.404548000
17		43	4098.449747000
17		1358	4098.451331000
17		43	4098.495753000
17		1358	4098.502873000
17		43	4098.542411000
17		1358	4098.543020000
17		1358	4098.583444000
17		1358	4098.624178000
17		43	4098.634512000
17		1358	4098.664470000
6	0		4098.679671000
6	1420		4098.679919000
17		1358	4098.704628000
17		43	4098.725753000
6	1420		4098.743655000
17		743	4098.745549000
17		43	4098.771975000
17		43	4098.864217000
17		48	4098.910236000
17		35	4098.924405000
6	0		4098.956363000
6	1420		4098.956599000
17		43	4099.002141000
6	1420		4099.020312000
17		43	4099.048544000
17		43	4099.094330000
17		43	4099.140534000
17		43	4099.185733000
17		43	4099.231758000
17		43	4099.324344000
6	0		4099.370248000
17		1039	4099.370274000
6	1420		4099.370507000
17		41	4099.370942000
17		151	4099.371766000
17		1353	4099.371785000
17		1358	4099.371788000
17		1358	4099.371791000
17		1358	4099.371795000
17		1358	4099.371798000
17		1358	4099.371801000
17		1358	4099.371804000
17		1358	4099.371807000
17		1358	4099.371821000
17		1358	4099.423899000
6	1420		4099.434235000
6	0		4099.462263000
17		1358	4099.473857000
17		1358	4099.524574000
17		49	4099.554293000
6	1420		4099.561674000
17		35	4099.568932000
17		43	4099.600468000
6	0		4099.600493000
17		43	4099.645927000
17		1358	4099.646593000
6	0		4099.659713000
6	0		4099.659759000
6	1420		4099.689072000
17		43	4099.692379000
17		1358	4099.693947000
17		43	4099.738136000
17		1358	4099.745963000
17		43	4099.784238000
17		1358	4099.796859000
6	1420		4099.816503000
17		43	4099.830099000
17		1358	4099.847886000
17		43	4099.875693000
17		1358	4099.899304000
17		43	4099.922060000
6	0		4099.942804000
6	41		4099.948353000
17		1358	4099.951204000
17		43	4099.968376000
17		1358	4100.003448000
17		43	4100.059638000
17		1358	4100.060964000
17		43	4100.105689000
17		1358	4100.112616000
6	0		4100.152416000
6	1420		4100.152678000
17		43	4100.197799000
17		1358	4100.198446000
6	1420		4100.203635000
6	0		4100.229737000
6	21		4100.229768000
6	0		4100.229779000
6	1080		4100.230707000
17		43	4100.244461000
17		1358	4100.253654000
17		43	4100.289749000
6	1420		4100.305584000
17		1358	4100.309159000
17		43	4100.335706000
17		1358	4100.352520000
6	0		4100.382217000
6	1420		4100.407531000
6	0		4100.427929000
17		43	4100.427968000
17		1358	4100.428546000
6	0		4100.428860000
17		43	4100.474095000
17		1358	4100.475718000
6	1420		4100.509451000
6	0		4100.512135000
6	440		4100.512175000
17		43	4100.520014000
17		1358	4100.549172000
6	0		4100.554223000
17		43	4100.566677000
6	1420		4100.611401000
17		48	4100.612209000
17		1358	4100.622626000
17		43	4100.658244000
17		1358	4100.695563000
17		43	4100.749718000
17		1358	4100.751565000
6	0		4100.796046000
17		1358	4100.804180000
6	48		4100.835665000
6	0		4100.835702000
6	280		4100.839775000
17		43	4100.842859000
17		1358	4100.858294000
17		43	4100.888433000
17		1358	4100.913789000
17		43	4100.934061000
17		1358	4100.968264000
6	0		4100.980209000
6	1420		4100.980424000
17		43	4101.026504000
17		1358	4101.028650000
6	1420		4101.044145000
17		43	4101.072662000
17		1358	4101.083869000
6	0		4101.121577000
6	16		4101.131768000
17		43	4101.163982000
17		1358	4101.165705000
6	0		4101.174225000
6	0		4101.210407000
6	1420		4101.210657000
17		43	4101.255870000
17		1358	4101.258161000
6	1420		4101.299007000
17		43	4101.301872000
17		1358	4101.313649000
17		43	4101.348495000
17		1358	4101.368199000
17		43	4101.394111000
17		1358	4101.423684000
17		43	4101.439764000
6	52		4101.455921000
6	0		4101.455957000
6	52		4101.456066000
17		1358	4101.478287000
17		43	4101.485829000
17		43	4101.531765000
17		1358	4101.533304000
17		43	4101.577819000
17		1358	4101.588322000
6	0		4101.623815000
6	1420		4101.624071000
17		1358	4101.642763000
17		43	4101.670243000
6	1420		4101.687793000
17		1358	4101.697449000
17		43	4101.715904000
6	100		4101.737710000
17		1358	4101.752382000
6	0		4101.778229000
17		43	4101.807788000
17		636	4101.809391000
6	0		4101.853975000
6	1420		4101.854231000
17		48	4101.900282000
17		35	4101.913725000
6	1420		4101.942625000
17		43	4101.946201000
17		43	4101.991779000
17		43	4102.038276000
17		43	4102.084103000
17		43	4102.129951000
17		1129	4102.221816000
17		41	4102.222362000
17		150	4102.223077000
17		1358	4102.230702000
6	0		4102.267672000
17		43	4102.267702000
6	1420		4102.267941000
17		1358	4102.285774000
17		43	4102.313915000
6	1420		4102.331669000
17		1358	4102.341060000
17		43	4102.360373000
17		1358	4102.394267000
17		1358	4102.448948000
6	0		4102.451825000
17		49	4102.451851000
6	1420		4102.459066000
17		35	4102.465930000
17		43	4102.498500000
17		1358	4102.502579000
17		1358	4102.557778000
6	1420		4102.586498000
17		43	4102.589716000
17		1358	4102.611690000
6	0		4102.635907000
17		1358	4102.665980000
17		43	4102.681994000
6	1420		4102.713920000
17		1358	4102.720532000
17		43	4102.728142000
17		43	4102.773767000
17		1358	4102.775315000
17		1358	4102.829086000
6	1420		4102.841348000
17		43	4102.866459000
17		1358	4102.882921000
6	0		4102.911708000
17		1358	4102.937472000
17		43	4102.957991000
6	1420		4102.968760000
17		1358	4102.992091000
17		43	4103.003686000
17		1358	4103.046368000
6	1420		4103.096190000
17		43	4103.096448000
17		1358	4103.099933000
17		43	4103.142574000
17		1358	4103.154755000
17		43	4103.188075000
17		1358	4103.209411000
6	0		4103.234255000
6	1420		4103.234487000
17		1358	4103.262956000
17		43	4103.279653000
17		1358	4103.317272000
6	1420		4103.325559000
17		43	4103.325947000
17		1358	4103.361008000
17		1358	4103.404286000
17		43	4103.418130000
6	1420		4103.427478000
17		1358	4103.447732000
17		43	4103.464201000
17		1358	4103.490940000
6	0		4103.510349000
6	1420		4103.529420000
17		43	4103.556228000
17		1358	4103.563931000
17		43	4103.601684000
17		1358	4103.636073000
6	68		4103.658459000
17		43	4103.694240000
17		1358	4103.708348000
17		43	4103.740241000
17		1358	4103.762520000
6	0		4103.785732000
6	1420		4103.786002000
17		1358	4103.817160000
17		48	4103.831915000
17		35	4103.846394000
6	1420		4103.849691000
17		1358	4103.871016000
17		43	4103.878480000
17		1358	4103.925518000
6	52		4103.946818000
6	0		4103.946866000
6	0		4103.946889000
6	0		4103.948298000
17		43	4103.970445000
17		1358	4103.980001000
17		43	4104.016334000
17		1358	4104.033914000
6	0		4104.062520000
6	1420		4104.062784000
17		1358	4104.088527000
17		43	4104.108118000
6	1420		4104.126487000
17		1358	4104.142265000
17		43	4104.153742000
17		1358	4104.196998000
17		43	4104.200329000
6	0		4104.230598000
17		1358	4104.251961000
17		43	4104.292238000
17		1358	4104.307284000
6	0		4104.338411000
6	1420		4104.338669000
17		1358	4104.361111000
17		43	4104.384555000
6	1420		4104.408125000
17		1358	4104.415965000
17		43	4104.429707000
17		1358	4104.471880000
17		43	4104.476026000
17		43	4104.522065000
17		1358	4104.527172000
17		1358	4104.582527000
17		43	4104.613818000
17		1358	4104.636088000
6	0		4104.659979000
6	1420		4104.660236000
17		43	4104.706321000
17		1358	4104.707857000
6	1420		4104.729694000
17		43	4104.752259000
17		1358	4104.762866000
17		43	4104.798296000
17		1358	4104.818021000
17		43	4104.843996000
17		1358	4104.873572000
17		43	4104.935847000
17		622	4104.937358000
6	0		4104.982024000
17		43	4104.982052000
6	1420		4104.982283000
17		43	4105.028184000
6	1420		4105.051731000
17		48	4105.074247000
17		588	4105.074272000
17		36	4105.075169000
17		77	4105.083852000
17		33	4105.083890000
17		35	4105.088405000
17		43	4105.119952000
17		43	4105.166375000
17		43	4105.257884000
6	0		4105.304578000
6	1420		4105.304826000
17		43	4105.350284000
6	1420		4105.374305000
17		43	4105.395911000
17		1129	4105.442140000
17		41	4105.442774000
17		150	4105.443965000
17		1353	4105.443991000
17		1358	4105.443996000
17		1358	4105.444001000
17		1358	4105.444005000
17		1358	4105.444009000
17		1358	4105.444014000
17		1358	4105.444018000
17		1358	4105.500088000
6	0		4105.534321000
17		44	4105.534349000
17		41	4105.534356000
6	1420		4105.534567000
17		1358	4105.555074000
17		33	4105.561049000
6	0		4105.626205000
17		49	4105.626243000
17		35	4105.640694000
6	1420		4105.652141000
17		43	4105.672534000
17		1358	4105.673725000
17		43	4105.718307000
17		1358	4105.729333000
17		43	4105.763812000
17		1358	4105.785334000
6	1420		4105.791038000
17		43	4105.810302000
17		1358	4105.841645000
17		43	4105.856273000
17		1358	4105.897548000
17		43	4105.901873000
6	1420		4105.929959000
17		43	4105.948302000
17		1358	4105.953564000
17		43	4105.994075000
17		1358	4106.008882000
6	0		4106.013572000
6	0		4106.013624000
17		1358	4106.064873000
17		43	4106.086147000
17		1358	4106.120244000
6	0		4106.132291000
6	1420		4106.132556000
17		43	4106.178409000
17		1358	4106.180387000
6	0		4106.202623000
6	1420		4106.207815000
6	41		4106.208017000
17		43	4106.223817000
17		1358	4106.236551000
17		43	4106.270165000
17		1358	4106.292331000
17		43	4106.315870000
17		1358	4106.348372000
17		43	4106.362468000
6	0		4106.396698000
6	21		4106.404230000
6	0		4106.404265000
17		1358	4106.404445000
6	1080		4106.405247000
6	0		4106.407722000
6	1420		4106.407967000
17		43	4106.453983000
17		1358	4106.455479000
6	1420		4106.485706000
17		43	4106.499971000
17		1358	4106.501472000
17		43	4106.546056000
17		1358	4106.547573000
17		43	4106.591705000
6	440		4106.599867000
17		1358	4106.622693000
6	0		4106.642212000
17		43	4106.683965000
17		1358	4106.697104000
6	0		4106.730249000
6	1420		4106.730530000
17		48	4106.776519000
17		1358	4106.778543000
6	1420		4106.799980000
17		43	4106.821848000
6	48		4106.830911000
6	0		4106.830949000
17		1358	4106.834724000
6	280		4106.837493000
17		43	4106.868233000
17		1358	4106.891066000
17		43	4106.914082000
17		1358	4106.946810000
17		43	4106.960092000
17		1358	4107.003487000
6	0		4107.006301000
6	1420		4107.006586000
6	16		4107.032410000
17		43	4107.052579000
17		1358	4107.059678000
6	0		4107.074236000
6	1420		4107.077786000
17		43	4107.098245000
17		1358	4107.115246000
17		43	4107.144193000
17		1358	4107.171414000
17		43	4107.190540000
17		1358	4107.227528000
6	52		4107.262973000
6	0		4107.263035000
6	52		4107.263141000
17		43	4107.281836000
17		1358	4107.283687000
6	0		4107.328383000
6	1420		4107.328651000
17		43	4107.373892000
17		1358	4107.375623000
6	1420		4107.384229000
17		43	4107.419901000
17		1358	4107.431800000
6	84		4107.457750000
17		43	4107.466483000
17		1358	4107.487844000
6	1420		4107.495348000
6	0		4107.498223000
17		43	4107.511966000
17		1358	4107.545006000
17		43	4107.604285000
17		1358	4107.605540000
6	1420		4107.606441000
6	0		4107.650395000
17		43	4107.650421000
17		1358	4107.661425000
17		43	4107.696367000
17		1358	4107.717772000
17		43	4107.742509000
17		1358	4107.773218000
17		43	4107.788157000
17		1358	4107.829719000
17		43	4107.880288000
17		1358	4107.885885000
6	0		4107.926600000
6	1420		4107.926831000
17		48	4107.972464000
17		1358	4107.974185000
6	1420		4107.996326000
17		43	4108.018079000
17		645	4108.019465000
17		43	4108.110572000
17		43	4108.155827000
6	0		4108.202083000
6	1420		4108.202328000
17		43	4108.248218000
6	1420		4108.274148000
17		43	4108.293691000
17		43	4108.340334000
17		43	4108.386295000
17		1129	4108.477902000
17		41	4108.478583000
17		1358	4108.481124000
6	0		4108.524099000
6	1420		4108.524374000
17		1358	4108.537227000
17		43	4108.570466000
17		1358	4108.592867000
6	1420		4108.593796000
17		1358	4108.647638000
6	0		4108.661874000
17		43	4108.661904000
17		1358	4108.702946000
17		49	4108.707760000
17		35	4108.721532000
6	1420		4108.732740000
17		43	4108.754430000
17		1358	4108.758568000
17		43	4108.799835000
17		1358	4108.813573000
6	0		4108.846056000
17		1358	4108.869265000
6	1420		4108.871630000
17		43	4108.891711000
17		1358	4108.923865000
17		43	4108.937622000
17		1358	4108.979462000
6	1420		4109.010567000
17		43	4109.029758000
17		1358	4109.034836000
17		43	4109.075858000
17		1358	4109.090266000
17		43	4109.121899000
17		1358	4109.144800000
6	1420		4109.149490000
6	0		4109.167893000
17		1358	4109.199787000
17		43	4109.213894000
17		1358	4109.255130000
17		43	4109.259839000
6	1420		4109.288403000
17		1358	4109.310352000
17		43	4109.351792000
17		1358	4109.365574000
17		43	4109.398318000
17		1358	4109.420969000
6	1420		4109.421884000
17		43	4109.444156000
17		1358	4109.475489000
6	0		4109.490243000
17		43	4109.490268000
17		1358	4109.519514000
6	68		4109.535105000
17		43	4109.535753000
6	1420		4109.555283000
17		1358	4109.563864000
17		1358	4109.607846000
17		43	4109.628476000
17		1358	4109.651597000
17		43	4109.673774000
6	1420		4109.688737000
17		43	4109.720051000
17		1358	4109.725759000
6	52		4109.733374000
6	0		4109.733423000
6	0		4109.733439000
6	0		4109.734836000
6	0		4109.766234000
17		1358	4109.799711000
17		43	4109.812461000
6	1420		4109.822207000
17		43	4109.857846000
17		1358	4109.872617000
6	0		4109.923543000
17		1358	4109.927523000
6	1420		4109.928920000
17		48	4109.949909000
17		35	4109.964168000
17		1358	4109.982590000
17		43	4109.995955000
6	1420		4110.035704000
17		1358	4110.037662000
17		43	4110.041641000
6	0		4110.087969000
17		1358	4110.093643000
17		43	4110.134005000
6	1420		4110.142449000
17		1358	4110.148410000
17		1358	4110.203617000
17		43	4110.226563000
17		1358	4110.258646000
17		43	4110.271992000
17		1358	4110.313271000
6	0		4110.318168000
6	1420		4110.318425000
17		43	4110.364454000
17		1358	4110.368906000
6	1420		4110.385185000
17		1358	4110.423337000
17		43	4110.456538000
17		1358	4110.478596000
17		43	4110.501888000
17		1358	4110.534175000
6	0		4110.548042000
6	1420		4110.548335000
17		1358	4110.589489000
17		43	4110.594684000
17		43	4110.640524000
17		1358	4110.644383000
6	1420		4110.649948000
17		43	4110.686616000
17		1358	4110.699435000
17		43	4110.732131000
17		1358	4110.754079000
17		1358	4110.809206000
17		43	4110.823649000
17		1358	4110.865054000
6	0		4110.870695000
6	1420		4110.870966000
17		43	4110.916467000
17		1358	4110.918082000
6	1420		4110.936659000
17		43	4110.962110000
17		1358	4110.975853000
17		1358	4111.030950000
17		43	4111.053978000
6	0		4111.067528000
6	0		4111.067571000
17		1358	4111.085226000
17		43	4111.099974000
6	0		4111.126503000
17		1358	4111.128904000
6	0		4111.146549000
6	1420		4111.146798000
17		742	4111.173589000
17		43	4111.192305000
6	1420		4111.212497000
17		43	4111.237722000
17		48	4111.284573000
17		35	4111.298967000
17		43	4111.329686000
17		43	4111.422342000
6	0		4111.468023000
6	1420		4111.468282000
17		43	4111.514501000
6	1420		4111.534004000
17		43	4111.560591000
17		43	4111.606256000
17		1039	4111.698450000
17		41	4111.699060000
17		151	4111.699774000
17		1353	4111.699780000
17		1358	4111.699797000
17		1358	4111.699802000
17		1358	4111.699805000
17		1358	4111.699812000
17		1358	4111.699816000
17		1358	4111.699819000
6	0		4111.743733000
6	1420		4111.743978000
17		1358	4111.755526000
6	1420		4111.809658000
17		1358	4111.811964000
6	0		4111.836541000
17		49	4111.836567000
17		35	4111.851134000
17		43	4111.881975000
17		43	4111.928051000
17		1358	4111.929623000
6	1420		4111.941011000
17		43	4111.974223000
17		1358	4111.974989000
17		43	4112.020074000
17		1358	4112.031938000
17		43	4112.066006000
6	1420		4112.072392000
17		1358	4112.088330000
17		43	4112.111983000
17		1358	4112.143983000
17		1358	4112.200653000
17		43	4112.203953000
6	0		4112.250099000
6	1420		4112.250367000
17		1358	4112.255567000
17		43	4112.296127000
17		1358	4112.312048000
6	1420		4112.335151000
17		43	4112.341740000
17		1358	4112.367516000
17		1358	4112.420411000
17		43	4112.433833000
17		1358	4112.472710000
17		43	4112.480489000
17		1358	4112.515162000
6	0		4112.525664000
6	1420		4112.525904000
17		43	4112.572554000
17		1358	4112.574143000
6	1420		4112.597892000
17		43	4112.618132000
17		1358	4112.643963000
17		43	4112.664124000
17		1358	4112.713691000
17		43	4112.756421000
17		1358	4112.783323000
17		43	4112.801828000
17		1358	4112.835457000
6	0		4112.848434000
17		43	4112.848463000
6	1420		4112.848699000
17		1358	4112.887992000
17		43	4112.894524000
6	1420		4112.914382000
17		1358	4112.939978000
17		43	4112.940067000
17		48	4112.986006000
17		1358	4112.992368000
17		1358	4113.044679000
17		43	4113.077888000
17		1358	4113.097048000
6	0		4113.124622000
6	1420		4113.124881000
17		43	4113.170304000
17		1358	4113.171293000
6	1420		4113.190575000
17		43	4113.216272000
17		1358	4113.223286000
17		43	4113.261651000
17		1358	4113.276026000
17		43	4113.308257000
17		1358	4113.328474000
17		43	4113.399864000
17		1358	4113.401856000
6	0		4113.446023000
6	1420		4113.446293000
17		43	4113.492139000
17		1358	4113.493729000
6	1420		4113.498819000
17		43	4113.537766000
17		1358	4113.546102000
17		43	4113.584101000
17		1358	4113.598951000
6	1420		4113.603926000
17		1358	4113.650691000
17		43	4113.676091000
17		1358	4113.702487000
6	1420		4113.709030000
6	0		4113.722267000
17		43	4113.768280000
17		1358	4113.769894000
17		43	4113.814346000
17		1358	4113.815846000
17		43	4113.859934000
17		1358	4113.886409000
17		43	4113.905847000
17		1358	4113.956180000
17		43	4113.997761000
17		1358	4114.025713000
6	0		4114.043698000
6	1420		4114.043959000
17		43	4114.090440000
17		1358	4114.092541000
6	1420		4114.109669000
17		43	4114.136409000
17		1358	4114.145523000
17		43	4114.227905000
17		1358	4114.229472000
6	0		4114.274549000
6	1420		4114.274833000
17		636	4114.282840000
17		43	4114.319684000
17		48	4114.365859000
6	1420		4114.372404000
17		35	4114.380126000
17		43	4114.411974000
17		43	4114.458111000
17		43	4114.504292000
17		43	4114.595807000
6	0		4114.641966000
6	1420		4114.642235000
17		43	4114.687941000
17		1119	4114.687971000
17		34	4114.688599000
17		33	4114.689313000
17		150	4114.689467000
17		1358	4114.697298000
6	1420		4114.707907000
17		43	4114.734191000
17		1358	4114.749830000
17		43	4114.780105000
17		1358	4114.801307000
6	0		4114.826274000
6	1420		4114.839276000
17		1358	4114.853822000
17		49	4114.872053000
17		35	4114.886669000
17		1358	4114.904563000
17		43	4114.917629000
17		1358	4114.945726000
6	0		4114.963927000
6	1420		4114.970652000
17		1358	4114.987526000
17		43	4115.009865000
17		1358	4115.028595000
17		43	4115.055907000
17		1358	4115.098140000
6	1420		4115.102017000
17		43	4115.148202000
17		1358	4115.166407000
17		43	4115.194245000
17		1358	4115.219029000
6	1420		4115.233382000
17		43	4115.240513000
17		1358	4115.270951000
6	0		4115.285760000
17		1358	4115.322190000
17		43	4115.331748000
6	1420		4115.364760000
17		1358	4115.374271000
17		43	4115.378371000
17		43	4115.424448000
17		1358	4115.426230000
17		1358	4115.477894000
6	1420		4115.496137000
17		43	4115.515702000
17		1358	4115.530154000
6	0		4115.560990000
6	0		4115.561050000
6	0		4115.561709000
17		1358	4115.581340000
6	0		4115.596626000
17		43	4115.608335000
6	1420		4115.627523000
17		1358	4115.632292000
17		43	4115.654436000
17		1358	4115.684142000
17		1358	4115.735237000
17		43	4115.746428000
6	1420		4115.758891000
17		1358	4115.787309000
17		43	4115.792356000
17		43	4115.837717000
17		1358	4115.839302000
6	0		4115.883864000
6	1420		4115.890241000
17		1358	4115.890711000
17		43	4115.930336000
17		1358	4115.942739000
17		43	4115.975920000
17		1358	4115.994976000
6	1420		4116.021664000
17		1358	4116.046257000
17		43	4116.068311000
17		1358	4116.098251000
17		43	4116.114809000
17		1358	4116.140793000
17		48	4116.160129000
17		35	4116.174998000
17		1358	4116.182812000
6	0		4116.206198000
17		43	4116.206239000
6	1420		4116.206459000
17		1358	4116.225409000
17		43	4116.252268000
6	1420		4116.259021000
17		1358	4116.295504000
17		43	4116.343724000
6	1420		4116.364117000
17		1358	4116.365239000
17		43	4116.389882000
17		1358	4116.418258000
17		43	4116.436334000
6	1420		4116.469224000
17		1358	4116.471058000
6	0		4116.481626000
17		43	4116.528188000
17		1358	4116.529659000
17		43	4116.574306000
17		1358	4116.581450000
17		43	4116.620086000
17		1358	4116.634124000
17		43	4116.665657000
17		1358	4116.686890000
17		43	4116.758012000
17		1358	4116.759844000
6	0		4116.804597000
6	1420		4116.804857000
17		43	4116.850013000
17		1358	4116.851620000
6	1420		4116.874342000
17		43	4116.896067000
17		1358	4116.904758000
17		43	4116.942058000
6	0		4116.988179000
6	1420		4117.013237000
17		43	4117.034380000
17		1358	4117.035934000
17		43	4117.079904000
17		1358	4117.088514000
17		43	4117.126151000
17		1358	4117.140847000
6	1420		4117.144599000
17		43	4117.171824000
17		1358	4117.193189000
17		43	4117.217785000
17		1358	4117.244955000
17		43	4117.264256000
17		1358	4117.297916000
17		48	4117.356385000
17		1358	4117.358036000
6	0		4117.402548000
6	1420		4117.402819000
17		43	4117.448253000
17		631	4117.449496000
6	1420		4117.468490000
17		43	4117.539832000
17		43	4117.585887000
6	0		4117.632252000
6	1420		4117.632560000
17		43	4117.678317000
17		43	4117.723965000
6	1420		4117.731226000
17		43	4117.769985000
17		43	4117.816404000
17		1128	4117.907887000
17		41	4117.908564000
17		150	4117.909292000
17		1353	4117.909314000
17		1358	4117.909331000
17		1358	4117.909339000
17		1358	4117.909342000
17		1358	4117.909346000
6	0		4117.954069000
6	1420		4117.954352000
17		1358	4117.963638000
6	0		4117.999604000
17		1358	4118.017695000
6	1420		4118.020023000
17		49	4118.045681000
17		35	4118.059888000
17		1358	4118.071440000
17		43	4118.092531000
17		1358	4118.124354000
17		43	4118.138035000
6	1420		4118.151393000
17		1358	4118.178514000
17		43	4118.184042000
17		43	4118.229810000
17		1358	4118.231428000
6	1420		4118.282774000
17		1358	4118.286092000
17		43	4118.322762000
17		1358	4118.339442000
17		43	4118.368354000
6	0		4118.368380000
17		1358	4118.392621000
6	1420		4118.414139000
17		1358	4118.446676000
17		43	4118.460306000
17		1358	4118.499937000
17		43	4118.506312000
17		1358	4118.552450000
6	0		4118.552494000
6	1420		4118.552734000
17		43	4118.598242000
17		1358	4118.605967000
17		43	4118.644106000
17		1358	4118.648082000
6	1420		4118.676899000
17		43	4118.736674000
17		1358	4118.738104000
17		43	4118.782381000
17		1358	4118.808581000
6	0		4118.827892000
6	1420		4118.828172000
17		43	4118.874243000
17		1358	4118.878712000
17		43	4118.919915000
6	1420		4118.924340000
17		1358	4118.931227000
17		43	4118.966469000
17		1358	4118.981985000
17		1358	4119.034171000
6	1420		4119.040431000
17		43	4119.058329000
17		1358	4119.086305000
17		43	4119.104082000
17		1358	4119.139094000
6	0		4119.149849000
6	1420		4119.156543000
17		43	4119.196442000
17		1358	4119.198064000
17		43	4119.241905000
17		1358	4119.250899000
6	1420		4119.272612000
17		48	4119.334109000
17		1358	4119.335822000
6	0		4119.380267000
6	1420		4119.388668000
17		43	4119.426016000
17		1358	4119.427657000
17		43	4119.472096000
17		1358	4119.480317000
6	1420		4119.504766000
17		1358	4119.532818000
17		43	4119.564141000
17		1358	4119.585477000
17		43	4119.609836000
17		1358	4119.637738000
6	0		4119.656067000
6	1420		4119.656289000
17		43	4119.702113000
17		1358	4119.703733000
6	1420		4119.713682000
17		43	4119.748393000
17		1358	4119.756361000
6	1420		4119.806529000
17		43	4119.839909000
17		1358	4119.841514000
6	0		4119.886046000
6	1420		4119.899406000
17		43	4119.931938000
17		1358	4119.933530000
17		43	4119.978570000
6	1420		4119.992289000
17		1358	4120.003765000
17		43	4120.069969000
17		1358	4120.074859000
6	1420		4120.085123000
17		43	4120.116060000
17		1358	4120.127420000
17		43	4120.161743000
17		1358	4120.180212000
6	0		4120.207822000
17		43	4120.207849000
17		1358	4120.232768000
17		43	4120.300234000
17		1358	4120.301791000
6	0		4120.346426000
6	1420		4120.346691000
17		43	4120.392084000
17		1358	4120.393657000
17		43	4120.484058000
17		1358	4120.484877000
6	0		4120.530260000
6	1420		4120.530544000
17		43	4120.576177000
17		1358	4120.578124000
6	1420		4120.584524000
17		43	4120.621801000
17		1358	4120.630930000
17		43	4120.714261000
17		636	4120.715919000
17		48	4120.760196000
17		35	4120.773995000
17		43	4120.806053000
17		43	4120.852421000
6	0		4120.852485000
6	1420		4120.852718000
17		43	4120.944147000
6	0		4120.990303000
6	1420		4120.990564000
17		43	4121.036287000
6	1420		4121.044511000
17		43	4121.127783000
6	1420		4121.152542000
17		1129	4121.173897000
17		41	4121.174553000
17		150	4121.175336000
17		1353	4121.175349000
17		1358	4121.175387000
17		1358	4121.175393000
17		1358	4121.175397000
17		1358	4121.175401000
17		1358	4121.175404000
17		1358	4121.217628000
6	0		4121.220066000
17		1358	4121.259440000
6	1420		4121.260445000
6	0		4121.311860000
17		49	4121.358283000
6	1420		4121.368368000
17		35	4121.372604000
17		43	4121.404247000
17		1358	4121.405803000
17		43	4121.450491000
6	0		4121.450518000
17		1358	4121.475733000
6	1420		4121.476279000
17		43	4121.496023000
17		43	4121.542318000
17		1358	4121.543812000
6	1420		4121.584295000
17		43	4121.588475000
17		1358	4121.597072000
17		43	4121.634411000
17		1358	4121.649239000
17		43	4121.680214000
6	1420		4121.692195000
17		1358	4121.701605000
17		1358	4121.752931000
6	0		4121.772122000
6	1420		4121.800150000
17		1358	4121.805476000
17		43	4121.818108000
17		1358	4121.857046000
17		43	4121.864544000
6	1420		4121.908158000
17		1358	4121.909963000
17		43	4121.956136000
17		1358	4121.962269000
6	0		4122.001865000
6	1420		4122.016021000
17		43	4122.048559000
17		1358	4122.050233000
17		43	4122.094149000
17		1358	4122.102657000
6	1420		4122.123982000
17		43	4122.186205000
17		1358	4122.186979000
17		43	4122.232121000
17		1358	4122.239496000
6	0		4122.278297000
17		43	4122.278323000
6	1420		4122.278557000
17		1358	4122.291391000
6	1420		4122.321742000
17		43	4122.324485000
17		1358	4122.343463000
6	1420		4122.408082000
17		43	4122.415712000
17		1358	4122.417751000
17		43	4122.461979000
17		1358	4122.462961000
6	1420		4122.494637000
6	0		4122.508215000
17		43	4122.553908000
17		1358	4122.555501000
6	1420		4122.580824000
17		48	4122.600003000
17		35	4122.613991000
17		1358	4122.624909000
6	1420		4122.667165000
17		43	4122.692211000
17		1358	4122.693731000
17		43	4122.738016000
17		1358	4122.746486000
6	0		4122.784238000
17		43	4122.829646000
17		1358	4122.830975000
17		43	4122.922167000
17		1358	4122.923857000
6	0		4122.968453000
6	1420		4122.968700000
17		43	4123.014047000
17		1358	4123.015694000
6	1420		4123.040706000
17		1358	4123.068378000
17		43	4123.106005000
17		1358	4123.120263000
6	0		4123.151792000
6	1420		4123.184594000
17		43	4123.198354000
17		1358	4123.199668000
17		43	4123.289956000
17		1358	4123.291525000
6	1420		4123.292531000
17		43	4123.336391000
17		1358	4123.343679000
17		43	4123.381802000
17		1358	4123.396494000
6	0		4123.427764000
17		43	4123.427791000
6	1420		4123.427998000
17		1358	4123.449381000
17		43	4123.519719000
17		1358	4123.521267000
6	0		4123.565963000
6	1420		4123.566190000
17		43	4123.612451000
17		1358	4123.614252000
6	1420		4123.620186000
17		43	4123.658274000
17		1358	4123.666259000
17		43	4123.749724000
17		1358	4123.751313000
17		1358	4123.793663000
6	0		4123.795872000
6	1420		4123.796119000
17		43	4123.841789000
17		1358	4123.843485000
6	1420		4123.850117000
17		43	4123.888288000
17		1358	4123.913889000
17		43	4123.980043000
17		1358	4123.983958000
17		43	4124.026132000
17		627	4124.036682000
6	0		4124.072364000
6	1420		4124.072626000
17		48	4124.118496000
6	1420		4124.126604000
17		35	4124.132142000
17		43	4124.210261000
17		43	4124.256303000
17		43	4124.301881000
6	0		4124.348037000
6	1420		4124.348280000
17		43	4124.393901000
6	1420		4124.402241000
17		43	4124.486448000
17		1039	4124.531779000
17		41	4124.532414000
17		151	4124.533140000
17		1353	4124.533200000
17		1358	4124.533208000
17		1358	4124.533211000
17		1358	4124.533215000
17		1358	4124.533218000
17		1358	4124.533222000
6	0		4124.577958000
6	1420		4124.578241000
17		1358	4124.585402000
6	1420		4124.632200000
17		1358	4124.638254000
6	0		4124.669926000
17		49	4124.716161000
17		35	4124.729646000
6	1420		4124.740168000
17		43	4124.761933000
17		1358	4124.763572000
17		43	4124.808409000
6	0		4124.808443000
17		1358	4124.816710000
6	1420		4124.848104000
17		43	4124.853753000
17		1358	4124.869604000
17		43	4124.900330000
17		1358	4124.911668000
17		43	4124.945777000
17		1358	4124.953852000
6	1420		4124.956032000
17		43	4124.991839000
17		1358	4124.996596000
17		43	4125.037927000
17		1358	4125.066686000
6	0		4125.084073000
6	1420		4125.084344000
17		43	4125.129945000
17		1358	4125.136740000
6	1420		4125.145670000
17		43	4125.222020000
17		1358	4125.223628000
6	1420		4125.227332000
17		43	4125.267998000
17		1358	4125.276504000
6	1420		4125.309031000
6	0		4125.313705000
17		43	4125.360168000
17		1358	4125.361752000
6	1420		4125.390701000
17		43	4125.406431000
17		1358	4125.414676000
17		43	4125.451993000
17		1358	4125.466863000
6	1420		4125.472358000
17		43	4125.544449000
17		1358	4125.546040000
6	1420		4125.554045000
17		43	4125.589979000
17		1358	4125.598417000
6	0		4125.636402000
17		43	4125.682576000
17		1358	4125.684188000
17		43	4125.774336000
17		1358	4125.775613000
6	0		4125.819848000
17		43	4125.819877000
6	1420		4125.820340000
17		1358	4125.828329000
6	1420		4125.888196000
17		43	4125.911673000
17		1358	4125.913340000
6	0		4125.958554000
17		48	4126.004514000
17		1358	4126.005671000
6	1420		4126.024326000
17		43	4126.049708000
17		1358	4126.050857000
6	1420		4126.126406000
17		43	4126.141753000
17		1358	4126.143330000
6	0		4126.187947000
6	1420		4126.228496000
17		43	4126.234577000
17		1358	4126.236494000
17		43	4126.279781000
17		1358	4126.306444000
17		43	4126.325676000
6	1420		4126.330602000
17		1358	4126.359757000
17		43	4126.417942000
17		1358	4126.419625000
6	0		4126.464215000
17		43	4126.510018000
17		1358	4126.511492000
17		43	4126.556122000
17		1358	4126.564259000
17		43	4126.601948000
17		1358	4126.616118000
6	0		4126.647737000
6	1420		4126.648013000
17		43	4126.694051000
17		1358	4126.695622000
6	1420		4126.699036000
17		43	4126.786224000
17		1358	4126.787798000
17		43	4126.832080000
6	0		4126.878238000
6	1420		4126.878483000
17		43	4126.924168000
17		1358	4126.925771000
6	1420		4126.929528000
17		43	4126.969731000
17		1358	4126.978615000
17		43	4127.015865000
17		1358	4127.031017000
17		43	4127.061623000
17		1358	4127.083418000
17		43	4127.108034000
17		1358	4127.135326000
17		43	4127.199807000
17		1358	4127.201359000
6	0		4127.245965000
6	1420		4127.246257000
17		43	4127.292289000
17		1358	4127.293850000
6	1420		4127.297265000
17		48	4127.338575000
17		35	4127.352614000
17		1358	4127.363616000
6	0		4127.383795000
6	1420		4127.399361000
17		43	4127.429916000
17		1358	4127.441928000
17		43	4127.476539000
17		1358	4127.500370000
6	1420		4127.501475000
17		43	4127.522156000
17		636	4127.559008000
17		43	4127.567785000
6	1420		4127.603606000
17		43	4127.614216000
6	1420		4127.705696000
17		43	4127.705902000
6	0		4127.752062000
17		43	4127.798099000
6	1420		4127.807774000
17		43	4127.889953000
6	1420		4127.909852000
17		43	4127.936084000
17		1120	4127.936107000
17		34	4127.936955000
17		1358	4127.937848000
6	0		4127.982535000
17		43	4127.982560000
17		1358	4127.995663000
6	1420		4128.011946000
17		1358	4128.054319000
6	0		4128.074378000
17		1358	4128.111624000
6	1420		4128.114031000
6	0		4128.166415000
17		1358	4128.168590000
17		49	4128.212042000
6	1420		4128.216101000
17		1358	4128.226617000
17		43	4128.258544000
17		1358	4128.284552000
6	1420		4128.318202000
17		43	4128.349776000
17		1358	4128.351507000
6	0		4128.396257000
17		43	4128.396282000
17		1358	4128.409750000
6	1420		4128.420318000
17		43	4128.488384000
17		1358	4128.489902000
6	1420		4128.514455000
6	0		4128.534548000
17		43	4128.580541000
17		1358	4128.581997000
6	1420		4128.608598000
17		1358	4128.639848000
17		43	4128.671928000
17		1358	4128.697938000
6	1420		4128.702750000
17		43	4128.717950000
17		1358	4128.755922000
6	0		4128.764202000
6	1420		4128.796902000
17		43	4128.810239000
17		1358	4128.811796000
17		1358	4128.870049000
6	1420		4128.891067000
17		43	4128.902092000
17		1358	4128.928530000
6	0		4128.948435000
17		1358	4128.984776000
6	1420		4128.985179000
17		43	4128.993682000
17		43	4129.040049000
17		1358	4129.041474000
6	1420		4129.060567000
17		1358	4129.100299000
6	0		4129.126576000
6	0		4129.126640000
17		43	4129.132251000
6	1420		4129.135845000
17		1358	4129.157433000
6	0		4129.178136000
6	0		4129.211096000
6	1420		4129.211160000
17		1358	4129.215372000
6	41		4129.217062000
17		43	4129.223688000
17		43	4129.270531000
17		1358	4129.272002000
6	1420		4129.286480000
6	0		4129.301193000
6	21		4129.301228000
6	0		4129.301238000
6	1080		4129.302251000
17		43	4129.318383000
17		1358	4129.330291000
6	1420		4129.361802000
17		43	4129.362001000
6	0		4129.386336000
6	440		4129.386407000
17		1358	4129.387305000
6	0		4129.408179000
6	0		4129.411126000
6	0		4129.411188000
6	0		4129.430230000
17		1358	4129.444216000
6	0		4129.450355000
6	12		4129.450604000
17		43	4129.454580000
6	1420		4129.487342000
6	0		4129.489360000
6	12		4129.489404000
6	0		4129.489414000
6	1		4129.489568000
6	4		4129.489586000
6	32		4129.489595000
6	0		4129.489606000
17		1358	4129.502026000
6	48		4129.514349000
6	0		4129.514384000
6	280		4129.518470000
6	0		4129.528260000
6	0		4129.528362000
6	0		4129.528381000
6	0		4129.528509000
6	0		4129.528524000
17		43	4129.546308000
17		1358	4129.560305000
6	0		4129.592523000
6	0		4129.602563000
6	16		4129.604869000
6	1420		4129.612882000
17		1358	4129.616795000
17		43	4129.638056000
6	0		4129.646217000
17		1358	4129.674287000
6	52		4129.730294000
6	0		4129.730326000
6	52		4129.730409000
17		48	4129.730523000
17		1358	4129.730958000
6	1420		4129.738498000
17		43	4129.775855000
17		1358	4129.789434000
6	84		4129.816116000
6	0		4129.821989000
6	1420		4129.832581000
17		1358	4129.846815000
6	0		4129.858217000
17		43	4129.867642000
17		1358	4129.904382000
6	1420		4129.926724000
17		43	4129.960574000
17		1358	4129.962073000
17		43	4130.005899000
17		1358	4130.019508000
6	1420		4130.020891000
6	0		4130.052708000
17		1358	4130.076260000
17		43	4130.098271000
6	1420		4130.115034000
17		1358	4130.133815000
17		43	4130.189975000
17		1358	4130.191081000
6	1420		4130.209191000
17		43	4130.236012000
17		1358	4130.237573000
17		43	4130.281863000
17		1358	4130.283533000
6	0		4130.328167000
6	1420		4130.328461000
17		1358	4130.330006000
17		43	4130.374084000
17		1358	4130.375741000
6	1420		4130.397500000
17		43	4130.465777000
17		1358	4130.467410000
17		43	4130.511717000
17		1358	4130.544782000
6	0		4130.557890000
6	1420		4130.558148000
17		43	4130.604006000
6	1420		4130.605253000
17		1358	4130.627638000
17		43	4130.650243000
17		1358	4130.709859000
17		43	4130.742232000
6	0		4130.788411000
6	1420		4130.788678000
17		1358	4130.792093000
17		43	4130.834345000
6	1420		4130.835765000
17		1358	4130.855140000
17		1358	4130.917446000
17		43	4130.926473000
17		43	4130.971967000
17		1358	4130.978984000
6	0		4131.018167000
6	1420		4131.018417000
17		1358	4131.041335000
17		43	4131.064223000
6	1420		4131.065482000
17		1358	4131.102406000
17		43	4131.110320000
17		1358	4131.164625000
17		48	4131.202251000
17		35	4131.216661000
17		1358	4131.226361000
17		43	4131.248203000
17		1358	4131.288504000
6	0		4131.294339000
6	1420		4131.294590000
6	0		4131.310954000
6	0		4131.311022000
6	1420		4131.341676000
6	0		4131.373464000
6	41		4131.380026000
17		43	4131.386280000
17		1358	4131.387875000
17		43	4131.431871000
17		1358	4131.450241000
6	0		4131.478404000
6	1420		4131.478671000
17		43	4131.524399000
17		1358	4131.525965000
6	1420		4131.529973000
6	0		4131.558205000
17		43	4131.616306000
17		1358	4131.617919000
6	21		4131.639437000
6	0		4131.639477000
6	1080		4131.640552000
17		43	4131.662165000
17		1358	4131.680116000
6	0		4131.708434000
6	1420		4131.708724000
17		1358	4131.741276000
17		43	4131.754601000
6	1420		4131.755950000
17		1358	4131.802176000
17		48	4131.846254000
17		37	4131.847832000
17		1358	4131.864465000
17		43	4131.891826000
6	68		4131.911122000
17		1358	4131.926467000
17		43	4131.938035000
6	1080		4131.938194000
17		43	4131.984420000
6	0		4131.984451000
6	1420		4131.984759000
17		1358	4131.988493000
6	52		4131.995256000
6	0		4131.995300000
6	0		4131.995323000
6	0		4131.996416000
6	440		4131.997959000
6	1420		4132.022402000
6	0		4132.038229000
17		1358	4132.050595000
6	0		4132.075848000
6	0		4132.080556000
6	1420		4132.097727000
17		43	4132.121937000
17		1358	4132.123527000
17		43	4132.168009000
6	1420		4132.173054000
17		1358	4132.185550000
6	0		4132.225752000
6	1420		4132.248373000
17		43	4132.259721000
17		1358	4132.260950000
6	0		4132.306541000
6	48		4132.332245000
6	0		4132.332295000
6	280		4132.336356000
17		43	4132.352133000
17		1358	4132.353761000
17		1358	4132.415591000
6	0		4132.432979000
6	16		4132.435725000
17		43	4132.443885000
17		1358	4132.477311000
6	0		4132.478207000
6	0		4132.490078000
6	1420		4132.490370000
17		43	4132.535872000
17		1358	4132.539401000
6	1420		4132.553125000
17		43	4132.582372000
17		1358	4132.589008000
17		43	4132.628223000
17		1358	4132.638638000
17		43	4132.720020000
17		1358	4132.721583000
6	0		4132.765700000
6	1420		4132.765959000
17		43	4132.811720000
6	1420		4132.813005000
17		1358	4132.813294000
17		43	4132.903625000
17		1358	4132.905195000
6	0		4132.950122000
6	1420		4132.950379000
17		43	4132.996404000
17		1358	4132.997718000
6	1420		4133.001303000
17		43	4133.088538000
17		1358	4133.090102000
6	52		4133.127202000
6	0		4133.127275000
6	52		4133.127376000
17		43	4133.134025000
17		1358	4133.152155000
6	84		4133.153439000
17		43	4133.180362000
6	0		4133.198227000
17		1358	4133.214340000
6	0		4133.226014000
17		43	4133.272513000
17		1358	4133.274069000
17		1358	4133.336230000
17		48	4133.364312000
17		35	4133.378851000
17		1358	4133.398246000
17		43	4133.410266000
17		43	4133.456548000
17		1358	4133.458162000
6	0		4133.501811000
6	1420		4133.502127000
17		1358	4133.520523000
17		1358	4133.581514000
17		43	4133.593757000
17		43	4133.639719000
17		1358	4133.641279000
6	0		4133.686152000
6	1420		4133.686417000
17		1358	4133.704590000
17		43	4133.732343000
6	1420		4133.733477000
17		1358	4133.765087000
17		43	4133.824178000
17		1358	4133.825720000
17		43	4133.870254000
17		1358	4133.888098000
17		43	4133.915869000
17		1358	4133.949940000
17		43	4133.962457000
6	0		4133.962485000
6	1420		4133.962741000
17		43	4134.007999000
17		1358	4134.011502000
17		43	4134.054037000
6	0		4134.064352000
6	0		4134.064386000
17		1358	4134.073093000
17		1358	4134.134388000
17		43	4134.146159000
17		43	4134.192361000
17		1358	4134.193866000
17		43	4134.237684000
17		1358	4134.256367000
6	0		4134.284400000
6	1420		4134.284664000
17		1358	4134.318662000
6	1420		4134.322313000
17		43	4134.329618000
17		1358	4134.378762000
6	1420		4134.397599000
17		43	4134.421840000
17		1358	4134.439963000
17		43	4134.467870000
6	1420		4134.472979000
17		1358	4134.501461000
17		43	4134.513782000
6	1420		4134.548293000
6	0		4134.559937000
17		1358	4134.562859000
17		43	4134.606491000
6	1420		4134.623596000
17		1358	4134.624303000
17		48	4134.652457000
17		35	4134.666842000
17		1358	4134.684958000
17		43	4134.698552000
6	1420		4134.698901000
17		43	4134.744125000
17		1358	4134.746014000
17		43	4134.790048000
17		1358	4134.795773000
17		1358	4134.845077000
17		43	4134.881867000
17		1358	4134.894112000
6	0		4134.927846000
6	1420		4134.928098000
17		1358	4134.942702000
17		43	4134.974244000
6	1420		4134.975156000
17		1358	4134.992004000
17		1358	4135.040114000
17		43	4135.066277000
17		1358	4135.089452000
6	0		4135.112256000
6	1420		4135.112530000
17		43	4135.158201000
6	1420		4135.163492000
17		1358	4135.170717000
17		43	4135.250128000
17		1358	4135.253150000
6	0		4135.296052000
17		43	4135.296078000
6	1420		4135.296301000
17		1358	4135.334571000
17		43	4135.342204000
6	1420		4135.351815000
17		1358	4135.416295000
17		43	4135.434062000
6	68		4135.466085000
17		1358	4135.477520000
17		43	4135.480419000
17		43	4135.525773000
17		1358	4135.538765000
6	0		4135.572097000
17		43	4135.572121000
6	1420		4135.572351000
17		1358	4135.600252000
17		1358	4135.660978000
17		43	4135.664029000
6	0		4135.709654000
6	1420		4135.709925000
17		1358	4135.723023000
17		43	4135.755900000
6	1420		4135.756983000
17		1358	4135.782974000
17		1358	4135.801669000
17		85	4135.801710000
17		1358	4135.810901000
17		630	4135.810944000
17		34	4135.835380000
17		1358	4135.844759000
17		1243	4135.848081000
17		43	4135.848108000
17		43	4135.848114000
17		35	4135.849168000
17		323	4135.858101000
17		33	4135.858141000
6	52		4135.871747000
6	0		4135.871815000
6	0		4135.872952000
17		1358	4135.906407000
6	0		4135.940523000
6	1420		4135.940824000
17		1358	4135.968852000
17		43	4135.985675000
6	1420		4135.987874000
17		1358	4136.029096000
17		48	4136.032067000
17		35	4136.045817000
17		1358	4136.090756000
17		43	4136.124074000
17		1358	4136.152501000
6	0		4136.170327000
6	1420		4136.170631000
17		43	4136.215911000
17		1358	4136.217519000
6	1420		4136.217640000
17		43	4136.261849000
17		1358	4136.279837000
6	0		4136.285999000
6	0		4136.286039000
6	0		4136.288286000
17		1358	4136.340867000
17		43	4136.354118000
17		43	4136.400036000
17		1358	4136.401667000
6	0		4136.446505000
17		1358	4136.463873000
17		43	4136.491846000
17		1358	4136.525897000
17		43	4136.584102000
17		1358	4136.586558000
17		86	4136.630386000
17		41	4136.630410000
17		713	4136.630415000
17		101	4136.631156000
17		33	4136.631548000
17		33	4136.631587000
17		101	4136.639819000
17		33	4136.639855000
17		1131	4136.676115000
17		43	4136.676144000
17		42	4136.676151000
17		1358	4136.676864000
17		37	4136.677097000
17		159	4136.688864000
17		286	4136.691944000
17		43	4136.722429000
17		41	4136.722461000
6	0		4136.722469000
6	1420		4136.722777000
17		34	4136.748787000
17		43	4136.768372000
17		1358	4136.769357000
17		43	4136.814141000
17		1358	4136.831110000
6	0		4136.859744000
6	1420		4136.860025000
17		43	4136.906444000
17		1358	4136.907370000
6	1420		4136.913980000
17		43	4136.952221000
17		1358	4136.969539000
17		43	4136.998090000
17		1358	4137.032015000
17		43	4137.090378000
17		1358	4137.094446000
6	0		4137.136590000
6	1420		4137.136855000
6	1420		4137.180036000
17		43	4137.181797000
17		1358	4137.183418000
17		43	4137.228056000
17		1358	4137.233719000
6	1420		4137.266415000
17		43	4137.274503000
17		1358	4137.284058000
17		43	4137.319653000
17		1358	4137.334207000
6	1420		4137.352753000
17		43	4137.366282000
17		1358	4137.384028000
17		41	4137.411820000
17		43	4137.411843000
17		48	4137.411848000
17		41	4137.411855000
17		35	4137.426300000
17		1358	4137.434196000
17		33	4137.437691000
17		43	4137.458432000
17		43	4137.458462000
17		41	4137.458470000
17		1358	4137.484211000
17		33	4137.484279000
17		43	4137.550006000
17		1358	4137.566246000
17		43	4137.595637000
6	0		4137.641890000
17		1358	4137.648168000
17		43	4137.687855000
17		1358	4137.730342000
17		43	4137.779724000
17		1358	4137.812851000
17		43	4137.825748000
17		43	4137.872126000
17		1358	4137.873730000
6	0		4137.918360000
6	1420		4137.918639000
17		1358	4137.936302000
6	1420		4137.972638000
17		43	4138.010249000
17		1358	4138.012483000
6	0		4138.056293000
17		43	4138.056319000
17		1358	4138.074341000
6	1420		4138.080587000
17		43	4138.101908000
17		1358	4138.137057000
17		43	4138.147860000
6	1420		4138.188515000
17		1358	4138.199260000
17		43	4138.239863000
17		1358	4138.262339000
17		43	4138.286518000
17		1358	4138.324072000
17		43	4138.332743000
17		43	4138.378354000
17		1358	4138.386793000
6	0		4138.423873000
17		43	4138.423908000
6	1420		4138.424441000
17		1358	4138.449489000
17		43	4138.470388000
6	1420		4138.478108000
17		1358	4138.510717000
17		43	4138.515961000
17		43	4138.561871000
17		1358	4138.571780000
17		1358	4138.633321000
17		48	4138.654189000
17		35	4138.668728000
6	0		4138.699778000
6	1420		4138.700047000
17		43	4138.745947000
6	1420		4138.754019000
17		43	4138.838325000
6	1420		4138.861964000
6	0		4138.883664000
17		43	4138.930517000
6	1420		4138.969918000
17		43	4138.976636000
17		43	4139.022293000
17		43	4139.068278000
17		1358	4139.069893000
6	1420		4139.077837000
17		43	4139.160088000
17		1358	4139.160842000
6	1420		4139.185817000
6	0		4139.206474000
17		43	4139.252326000
17		1358	4139.253993000
6	1420		4139.293728000
17		43	4139.298253000
17		1358	4139.315691000
17		43	4139.344051000
17		1358	4139.378015000
6	1420		4139.401686000
6	0		4139.436411000
17		1358	4139.438798000
17		1358	4139.500295000
6	1420		4139.509634000
6	0		4139.528279000
17		1358	4139.562177000
17		43	4139.573983000
6	1420		4139.617579000
17		43	4139.619932000
17		1358	4139.621610000
6	0		4139.666265000
17		1358	4139.683637000
17		43	4139.711892000
6	1420		4139.725516000
17		1358	4139.745212000
17		43	4139.804300000
17		1358	4139.805863000
6	1420		4139.835569000
17		43	4139.849915000
17		1358	4139.867741000
6	0		4139.896073000
17		1358	4139.929780000
17		43	4139.942044000
6	1420		4139.945589000
17		43	4139.987831000
17		1358	4139.988488000
17		1358	4140.050984000
6	1420		4140.055623000
17		43	4140.079669000
17		1358	4140.112721000
6	0		4140.125997000
6	1420		4140.165685000
17		43	4140.171781000
17		1358	4140.173454000
17		48	4140.217798000
17		35	4140.231987000
17		1358	4140.234906000
6	1420		4140.275726000
17		1358	4140.296528000
17		43	4140.310255000
17		43	4140.355888000
17		1358	4140.357351000
6	1420		4140.385769000
6	0		4140.402123000
17		43	4140.402149000
17		1358	4140.418681000
17		43	4140.447991000
17		1358	4140.479615000
6	1420		4140.495103000
17		43	4140.539935000
17		1358	4140.541724000
17		43	4140.586099000
17		1358	4140.602450000
6	1420		4140.604427000
6	0		4140.632260000
17		1358	4140.664209000
17		43	4140.677890000
6	1420		4140.713791000
17		1358	4140.725049000
17		43	4140.770186000
17		1358	4140.785529000
17		43	4140.815854000
6	1420		4140.823183000
17		1358	4140.834855000
6	0		4140.862007000
17		1358	4140.884138000
17		43	4140.907982000
6	1420		4140.932484000
17		1358	4140.933071000
17		43	4140.954255000
17		1358	4140.982464000
17		1358	4141.030670000
6	1420		4141.041830000
17		43	4141.045683000
17		1358	4141.079991000
17		43	4141.091889000
17		1358	4141.128622000
6	0		4141.138233000
17		43	4141.138258000
6	1420		4141.151173000
17		1358	4141.178204000
17		43	4141.200129000
17		1358	4141.227602000
6	1420		4141.260485000
17		1358	4141.275987000
17		43	4141.324288000
17		1358	4141.325819000
6	1420		4141.369845000
6	0		4141.386504000
17		1358	4141.406614000
17		43	4141.448521000
6	1420		4141.479192000
17		1358	4141.488497000
17		43	4141.509795000
17		1358	4141.570278000
6	1420		4141.588561000
17		43	4141.634562000
17		1358	4141.652294000
17		48	4141.696206000
6	1420		4141.697886000
17		35	4141.710194000
17		1358	4141.734258000
6	0		4141.757765000
6	1420		4141.807210000
17		1358	4141.814967000
17		43	4141.820581000
17		43	4141.882267000
6	1420		4141.894654000
17		1358	4141.897308000
17		43	4141.943763000
17		1358	4141.958191000
6	1420		4141.982153000
17		1358	4142.019014000
17		43	4142.068331000
6	1420		4142.069601000
17		1358	4142.080301000
6	0		4142.130515000
17		1358	4142.142419000
6	1420		4142.157103000
17		43	4142.192491000
17		1358	4142.202254000
6	1420		4142.244544000
17		43	4142.254332000
17		1358	4142.264093000
17		1358	4142.325236000
17		43	4142.378315000
17		1358	4142.386584000
17		43	4142.439802000
17		1358	4142.447545000
6	0		4142.501996000
17		1358	4142.508853000
17		43	4142.563799000
17		1358	4142.570397000
17		41	4142.625872000
17		37	4142.627498000
17		1358	4142.631055000
17		43	4142.688477000
17		1358	4142.692436000
17		43	4142.749777000
17		1358	4142.754776000
6	0		4142.811941000
6	1420		4142.812240000
17		1358	4142.815330000
17		43	4142.873950000
17		1358	4142.875559000
6	1420		4142.885113000
17		1358	4142.938012000
17		43	4142.998245000
17		1358	4142.999846000
6	0		4143.060422000
6	1420		4143.060674000
17		43	4143.122154000
17		1358	4143.123060000
6	1420		4143.140254000
17		43	4143.184127000
17		43	4143.245709000
6	0		4143.307906000
6	1420		4143.308181000
6	1420		4143.362851000
17		43	4143.369958000
17		1358	4143.371535000
17		43	4143.493698000
17		1358	4143.495793000
17		43	4143.555932000
17		1358	4143.560063000
6	0		4143.618196000
6	1420		4143.618489000
6	1420		4143.673149000
17		43	4143.680215000
17		1358	4143.681815000
6	0		4143.796932000
6	0		4143.796995000
17		43	4143.804186000
17		1358	4143.805353000
17		44	4143.866167000
17		38	4143.866920000
17		1358	4143.870511000
17		43	4143.928620000
17		1358	4143.934252000
6	0		4143.958773000
6	41		4143.964738000
17		43	4143.990493000
6	0		4143.990530000
6	1420		4143.990770000
17		1358	4143.999116000
17		43	4144.052464000
17		1358	4144.063362000
17		43	4144.114502000
6	0		4144.126129000
6	21		4144.126757000
6	0		4144.126784000
17		1358	4144.127160000
6	1080		4144.127923000
17		43	4144.176143000
17		1358	4144.191689000
17		43	4144.238511000
17		1358	4144.254816000
6	0		4144.289334000
6	440		4144.293947000
17		1358	4144.318430000
6	0		4144.334229000
17		43	4144.362149000
17		1358	4144.381661000
17		43	4144.424007000
17		1358	4144.446136000
6	0		4144.486187000
6	1420		4144.486466000
6	48		4144.495537000
6	0		4144.495579000
6	280		4144.500403000
6	1420		4144.541125000
17		43	4144.548781000
17		1358	4144.550341000
17		43	4144.610469000
17		1358	4144.615279000
6	0		4144.661695000
17		43	4144.733732000
17		1358	4144.734965000
6	0		4144.795921000
6	0		4144.919810000
6	16		4144.927197000
6	0		4144.970234000
17		43	4144.982470000
17		1358	4144.983539000
17		43	4145.043668000
17		1358	4145.045049000
17		43	4145.105660000
17		1358	4145.106493000
6	52		4145.131600000
6	0		4145.131645000
6	52		4145.131742000
6	0		4145.230269000
17		43	4145.230294000
6	1420		4145.230534000
17		1358	4145.231956000
17		43	4145.291842000
6	0		4145.292975000
17		1358	4145.293026000
6	84		4145.293607000
6	0		4145.334223000
17		43	4145.354082000
17		1358	4145.355469000
17		43	4145.416146000
17		1358	4145.416786000
6	0		4145.531538000
6	0		4145.531591000
17		43	4145.539892000
17		1358	4145.541056000
6	0		4145.571499000
6	12		4145.571734000
17		48	4145.602582000
6	0		4145.602612000
6	1420		4145.602855000
6	0		4145.611383000
6	12		4145.611411000
6	0		4145.611421000
6	1		4145.611548000
6	4		4145.611568000
6	32		4145.611578000
6	0		4145.611589000
17		35	4145.616375000
17		1358	4145.626622000
6	0		4145.651165000
6	0		4145.651200000
6	0		4145.651205000
6	0		4145.651229000
6	0		4145.651242000
17		43	4145.664339000
17		1358	4145.711496000
17		43	4145.725771000
17		43	4145.787875000
17		1358	4145.797030000
17		43	4145.849844000
17		1358	4145.882269000
17		43	4145.912168000
17		1358	4145.967375000
6	0		4145.973070000
6	0		4145.973106000
17		43	4145.974339000
17		1358	4146.051252000
6	0		4146.097898000
17		43	4146.097924000
6	1420		4146.098183000
17		1358	4146.135828000
6	1420		4146.152838000
17		43	4146.160224000
17		1358	4146.199265000
17		43	4146.222093000
17		1358	4146.263279000
17		43	4146.284508000
17		1358	4146.325327000
17		43	4146.346542000
17		1358	4146.388907000
17		43	4146.408453000
17		1358	4146.452233000
17		1358	4146.515325000
17		43	4146.532377000
17		1358	4146.578925000
17		43	4146.594524000
17		1358	4146.643135000
17		43	4146.656449000
6	0		4146.656483000
6	1420		4146.656764000
17		1358	4146.706863000
6	1420		4146.711427000
17		43	4146.717864000
17		1358	4146.771118000
17		43	4146.779820000
6	1420		4146.820748000
17		1358	4146.835418000
17		43	4146.903731000
17		1358	4146.904542000
6	1420		4146.930086000
17		43	4146.966155000
17		1358	4146.967787000
17		48	4147.028222000
17		1358	4147.031960000
6	1420		4147.039414000
17		43	4147.089878000
17		1358	4147.094629000
6	1420		4147.148766000
17		43	4147.151717000
17		1358	4147.158842000
6	0		4147.214133000
17		1358	4147.221365000
6	1420		4147.258133000
17		43	4147.275964000
17		1358	4147.284945000
6	1420		4147.367445000
17		43	4147.400172000
17		1358	4147.401759000
17		43	4147.461753000
17		1358	4147.465721000
17		43	4147.523843000
17		1358	4147.530678000
6	68		4147.585804000
17		43	4147.586409000
17		1358	4147.594569000
17		43	4147.648121000
17		339	4147.658508000
17		43	4147.709686000
6	52		4147.747256000
6	0		4147.747297000
6	0		4147.747365000
6	0		4147.748402000
17		43	4147.772461000
6	0		4147.772496000
6	1420		4147.772740000
17		43	4147.895994000
6	0		4147.909681000
6	0		4147.958400000
6	1420		4147.958619000
6	1420		4148.013300000
17		43	4148.020117000
17		43	4148.143726000
17		43	4148.205706000
6	0		4148.268167000
6	1420		4148.268432000
6	1420		4148.323118000
17		43	4148.330192000
17		43	4148.392246000
17		43	4148.515758000
6	0		4148.577870000
6	1420		4148.578141000
6	1420		4148.632825000
17		43	4148.639882000
17		43	4148.702267000
17		48	4148.764439000
17		35	4148.778042000
6	0		4148.826735000
6	1420		4148.826987000
6	1420		4148.881692000
17		43	4148.888468000
17		43	4148.949965000
17		43	4149.012044000
17		1039	4149.074083000
17		41	4149.074703000
17		156	4149.075437000
17		1353	4149.075466000
17		1358	4149.075482000
17		1358	4149.075487000
17		1358	4149.075491000
17		1358	4149.075494000
17		1358	4149.075497000
17		1358	4149.075502000
17		1358	4149.075505000
17		1358	4149.075508000
17		1358	4149.151189000
6	0		4149.198021000
6	1420		4149.198311000
17		1358	4149.225769000
6	1420		4149.253006000
17		1358	4149.300950000
6	0		4149.321737000
6	1420		4149.362285000
17		1358	4149.376118000
6	0		4149.445855000
17		1358	4149.449977000
6	1420		4149.471677000
17		1358	4149.525825000
6	0		4149.526117000
6	0		4149.526187000
6	0		4149.541251000
6	0		4149.541317000
6	0		4149.570145000
6	1420		4149.580980000
17		1358	4149.600258000
17		49	4149.632492000
17		35	4149.645704000
6	0		4149.689758000
6	1420		4149.690302000
17		43	4149.694485000
6	0		4149.694510000
6	41		4149.695997000
17		1358	4149.696124000
17		43	4149.756669000
6	1420		4149.799661000
17		43	4149.817673000
6	0		4149.830968000
6	15		4149.831017000
6	41		4149.838135000
6	21		4149.859506000
6	0		4149.859548000
6	0		4149.859577000
6	0		4149.859582000
6	1080		4149.860624000
17		43	4149.879857000
6	1420		4149.909032000
17		43	4149.941909000
17		43	4150.004273000
6	1420		4150.018320000
6	440		4150.024778000
6	0		4150.066354000
17		43	4150.066445000
6	0		4150.115473000
6	672		4150.115512000
6	1420		4150.127664000
17		43	4150.128448000
17		43	4150.190573000
6	48		4150.229382000
6	0		4150.229424000
6	280		4150.236437000
17		43	4150.252142000
17		43	4150.314345000
6	0		4150.376772000
6	1420		4150.377024000
6	16		4150.404910000
6	1420		4150.420779000
17		43	4150.437762000
6	0		4150.446214000
6	1420		4150.508249000
17		43	4150.562291000
17		1358	4150.563948000
6	1420		4150.595721000
6	52		4150.608916000
6	0		4150.608963000
6	52		4150.609072000
17		43	4150.624035000
17		1358	4150.639370000
6	0		4150.686220000
6	1420		4150.686550000
6	672		4150.699279000
6	0		4150.699320000
17		43	4150.747645000
17		1358	4150.749340000
6	1420		4150.770674000
6	84		4150.773530000
6	0		4150.814221000
6	1420		4150.858145000
17		43	4150.872314000
17		1358	4150.873347000
6	0		4150.933985000
6	1420		4150.945625000
17		1358	4150.948992000
17		43	4150.996573000
17		1358	4151.023976000
6	1420		4151.033072000
17		1358	4151.098780000
6	0		4151.120110000
6	1420		4151.120522000
17		1358	4151.173448000
6	1420		4151.208000000
6	0		4151.243880000
17		1358	4151.248662000
6	1420		4151.295485000
17		1358	4151.322743000
6	0		4151.367933000
6	1420		4151.382974000
17		1358	4151.398349000
6	1420		4151.470432000
17		1358	4151.473314000
17		43	4151.491876000
17		1358	4151.547293000
6	0		4151.553930000
6	1420		4151.616228000
17		43	4151.616592000
17		1358	4151.621720000
17		1358	4151.683043000
17		48	4151.739909000
17		1358	4151.741435000
6	1420		4151.761996000
6	0		4151.801725000
17		1358	4151.801755000
17		1358	4151.861193000
17		43	4151.864454000
6	0		4151.864480000
6	1420		4151.907840000
17		1358	4151.921872000
17		1358	4151.982177000
17		43	4151.988476000
17		1358	4152.041315000
17		43	4152.050616000
6	1420		4152.053593000
17		1358	4152.101106000
6	0		4152.111770000
17		1358	4152.160715000
17		43	4152.174250000
6	1420		4152.199416000
17		1358	4152.221391000
17		1358	4152.281140000
17		43	4152.297668000
17		1358	4152.340557000
6	1420		4152.345169000
6	0		4152.360742000
17		1358	4152.400394000
17		43	4152.422372000
17		1358	4152.460680000
6	1420		4152.490963000
17		43	4152.545978000
17		1358	4152.560304000
6	1420		4152.600307000
6	0		4152.608488000
17		1358	4152.660349000
17		43	4152.670607000
6	1420		4152.709648000
17		1358	4152.760285000
17		43	4152.794115000
6	1420		4152.812986000
17		43	4152.856357000
17		1358	4152.858728000
6	1420		4152.916361000
6	0		4152.918589000
17		43	4152.918620000
17		1358	4152.960092000
17		43	4152.979636000
6	1420		4153.016622000
17		43	4153.042240000
17		1358	4153.059062000
6	1420		4153.116885000
17		1358	4153.158975000
17		43	4153.166590000
6	1420		4153.217167000
17		43	4153.228342000
17		1358	4153.258640000
6	0		4153.289800000
6	1420		4153.317445000
17		1358	4153.333254000
17		43	4153.351794000
17		1358	4153.408041000
17		43	4153.414614000
6	1420		4153.417742000
6	68		4153.422906000
17		43	4153.476408000
17		1358	4153.483073000
6	1420		4153.518018000
17		1358	4153.557635000
6	52		4153.586213000
6	0		4153.586258000
6	0		4153.586283000
6	0		4153.587598000
17		43	4153.600389000
6	1420		4153.618295000
17		1358	4153.632659000
6	0		4153.651784000
6	0		4153.651876000
17		48	4153.662456000
17		35	4153.675963000
6	0		4153.690352000
6	12		4153.690567000
17		1358	4153.707164000
6	1420		4153.718606000
6	0		4153.723629000
6	0		4153.729162000
6	12		4153.729197000
6	0		4153.729209000
6	1		4153.729530000
6	4		4153.729549000
6	32		4153.729559000
6	0		4153.729570000
6	0		4153.750202000
6	0		4153.767998000
6	0		4153.768034000
6	0		4153.768039000
6	0		4153.768101000
6	0		4153.768113000
17		1358	4153.782618000
17		43	4153.785854000
6	1420		4153.818887000
17		43	4153.847914000
17		1358	4153.856800000
6	1420		4153.919154000
17		1358	4153.931268000
17		43	4153.972049000
17		1358	4154.007442000
17		43	4154.033744000
17		1358	4154.081984000
6	0		4154.095912000
6	1420		4154.096165000
6	1420		4154.146338000
17		1358	4154.156696000
17		43	4154.158194000
17		1358	4154.231377000
17		43	4154.282101000
17		1358	4154.306140000
6	0		4154.343916000
6	1420		4154.344175000
17		1358	4154.380635000
6	1420		4154.394363000
17		43	4154.406158000
17		1358	4154.455525000
17		43	4154.529785000
17		1358	4154.531371000
6	0		4154.592553000
17		43	4154.653775000
17		1358	4154.655388000
6	0		4154.733009000
6	0		4154.733064000
6	0		4154.772430000
17		43	4154.777856000
17		1358	4154.779472000
6	0		4154.840053000
17		43	4154.901858000
17		1358	4154.903060000
17		43	4154.963736000
17		1358	4154.978734000
6	0		4155.026548000
17		43	4155.087953000
17		773	4155.087975000
17		35	4155.089433000
17		1358	4155.089573000
17		76	4155.098074000
17		33	4155.098105000
17		43	4155.150101000
17		1358	4155.165395000
17		43	4155.274166000
17		1358	4155.275747000
6	0		4155.336351000
17		43	4155.398412000
17		41	4155.398433000
17		1358	4155.399490000
17		43	4155.521832000
17		1358	4155.524165000
17		43	4155.583915000
17		1358	4155.600528000
6	0		4155.646564000
17		43	4155.707727000
17		1358	4155.709340000
17		43	4155.831852000
17		1358	4155.833429000
6	0		4155.894017000
17		43	4155.956564000
17		867	4155.958225000
17		43	4156.017862000
6	0		4156.141822000
6	1420		4156.142077000
6	1420		4156.192230000
17		43	4156.204007000
17		43	4156.266585000
17		33	4156.300291000
17		43	4156.327712000
17		773	4156.327746000
17		33	4156.328322000
17		43	4156.451684000
6	0		4156.513888000
6	1420		4156.514182000
6	1420		4156.564314000
17		43	4156.576004000
17		43	4156.638395000
17		43	4156.699742000
17		43	4156.761861000
17		43	4156.823969000
17		43	4156.886408000
17		41	4156.886433000
17		43	4156.948556000
17		43	4156.948582000
17		41	4156.948590000
17		33	4156.949904000
17		43	4157.010639000
17		43	4157.072665000
17		48	4157.134472000
17		35	4157.148034000
17		43	4157.196382000
17		43	4157.258512000
17		43	4157.320467000
17		1039	4157.382503000
17		41	4157.383137000
17		151	4157.383893000
17		1353	4157.383984000
17		1358	4157.384009000
17		1358	4157.384013000
17		1358	4157.384016000
17		1358	4157.384020000
17		1358	4157.384023000
17		1358	4157.384026000
17		1358	4157.384029000
17		1358	4157.384033000
17		1358	4157.459719000
6	0		4157.505686000
17		41	4157.505715000
6	1420		4157.505955000
17		1358	4157.534134000
6	1420		4157.546081000
17		1358	4157.610254000
6	1420		4157.626267000
6	0		4157.630080000
17		49	4157.630110000
17		35	4157.643870000
17		43	4157.692004000
6	1420		4157.706498000
17		43	4157.754666000
17		1358	4157.755620000
6	1420		4157.786748000
17		43	4157.816382000
17		1358	4157.817126000
6	1420		4157.866954000
17		43	4157.878077000
17		1358	4157.879119000
17		43	4157.940211000
6	1420		4157.947165000
17		1358	4157.979584000
17		43	4158.001811000
6	1420		4158.027416000
17		43	4158.063854000
17		1358	4158.079850000
6	1420		4158.107636000
6	0		4158.125558000
6	0		4158.125614000
17		43	4158.126704000
17		1358	4158.179258000
6	1420		4158.187856000
17		43	4158.188165000
17		1358	4158.253742000
6	1420		4158.268063000
17		43	4158.312155000
17		1358	4158.329285000
6	1420		4158.348321000
6	0		4158.374492000
6	0		4158.379127000
6	41		4158.385780000
17		1358	4158.404320000
6	1420		4158.428535000
17		43	4158.435673000
17		1358	4158.478817000
6	1420		4158.508723000
17		1358	4158.554220000
6	0		4158.560242000
6	1420		4158.588978000
6	0		4158.594091000
6	0		4158.594208000
17		43	4158.622485000
17		1358	4158.628362000
6	0		4158.639022000
6	21		4158.639090000
6	0		4158.639105000
6	1080		4158.640182000
6	0		4158.713908000
6	41		4158.720154000
6	1420		4158.722683000
17		43	4158.745601000
17		1358	4158.747320000
6	0		4158.808120000
6	0		4158.839940000
6	21		4158.839976000
6	0		4158.839988000
6	1080		4158.841197000
6	1420		4158.856407000
17		43	4158.870516000
17		1358	4158.872185000
6	440		4158.912000000
17		43	4158.932155000
17		1358	4158.948193000
6	0		4158.954222000
6	440		4158.961105000
6	1420		4158.990105000
6	0		4158.994597000
6	0		4159.002238000
17		43	4159.056472000
17		1358	4159.058047000
6	48		4159.122207000
6	0		4159.122261000
6	1420		4159.123785000
6	280		4159.128054000
17		43	4159.180350000
17		1358	4159.182001000
6	48		4159.207479000
6	0		4159.207519000
6	280		4159.212028000
6	0		4159.241694000
6	16		4159.249935000
6	1420		4159.257518000
6	0		4159.290247000
17		43	4159.304389000
17		1358	4159.306023000
6	1420		4159.391229000
6	52		4159.409869000
6	0		4159.409913000
6	52		4159.410032000
17		43	4159.428451000
17		1358	4159.438684000
6	0		4159.490283000
6	16		4159.493969000
6	1420		4159.524936000
6	84		4159.529757000
6	0		4159.534207000
17		48	4159.552288000
17		1358	4159.553902000
6	0		4159.570255000
6	1420		4159.625206000
17		43	4159.676435000
17		1358	4159.678152000
6	1420		4159.725491000
6	0		4159.738366000
6	52		4159.787454000
6	0		4159.787494000
6	52		4159.787614000
17		43	4159.799910000
17		1358	4159.801556000
6	1420		4159.825778000
17		43	4159.923829000
17		1358	4159.925475000
6	1420		4159.926052000
6	0		4159.964530000
6	0		4159.964589000
6	0		4159.986009000
6	1420		4160.026346000
17		43	4160.048242000
17		1358	4160.050132000
6	116		4160.057085000
6	0		4160.098220000
17		43	4160.110342000
6	1420		4160.126603000
17		1358	4160.150382000
17		43	4160.172477000
6	1420		4160.226912000
6	0		4160.234266000
17		1358	4160.251496000
17		43	4160.296202000
6	1420		4160.327182000
17		1358	4160.351873000
17		43	4160.420247000
17		1358	4160.426999000
6	1420		4160.427467000
6	0		4160.482453000
6	1420		4160.527761000
17		43	4160.543770000
17		1358	4160.544394000
6	1420		4160.628017000
17		43	4160.667745000
17		1358	4160.669364000
6	1420		4160.728330000
6	0		4160.730575000
17		43	4160.792538000
17		1358	4160.793693000
6	1420		4160.828608000
17		43	4160.916137000
17		1358	4160.917725000
6	1420		4160.928877000
6	0		4160.978269000
6	1420		4161.029159000
17		43	4161.040430000
17		1358	4161.042076000
6	68		4161.079923000
6	1420		4161.129454000
17		43	4161.163682000
17		1358	4161.165365000
6	52		4161.199828000
6	0		4161.199888000
6	0		4161.199908000
6	0		4161.201076000
6	0		4161.226162000
6	1420		4161.229747000
17		43	4161.287667000
17		1358	4161.289291000
6	0		4161.321034000
6	1420		4161.330160000
6	0		4161.350243000
6	68		4161.411712000
17		43	4161.412465000
17		1358	4161.414123000
6	1420		4161.430290000
17		1179	4161.474420000
17		37	4161.475621000
17		107	4161.490701000
17		131	4161.490737000
6	1420		4161.530559000
17		43	4161.536042000
17		1358	4161.537656000
6	0		4161.598230000
6	1420		4161.630865000
17		43	4161.659995000
17		636	4161.661578000
6	52		4161.669457000
6	0		4161.669507000
6	0		4161.669524000
6	0		4161.671450000
17		43	4161.722133000
6	1420		4161.731133000
6	0		4161.768865000
6	0		4161.768937000
6	0		4161.807745000
6	12		4161.808037000
6	1420		4161.831429000
6	0		4161.846064000
6	0		4161.846761000
6	12		4161.846790000
6	0		4161.846804000
6	1		4161.846971000
6	4		4161.846989000
6	32		4161.847006000
6	0		4161.847017000
6	0		4161.885714000
6	0		4161.885797000
6	0		4161.885812000
6	0		4161.885890000
6	0		4161.885904000
17		48	4161.907765000
17		35	4161.921971000
6	0		4161.924631000
6	1420		4161.931718000
6	1420		4162.031998000
17		43	4162.032094000
6	0		4162.094268000
6	1420		4162.132276000
17		43	4162.156370000
6	1420		4162.232577000
17		43	4162.279898000
6	1420		4162.332861000
6	0		4162.342082000
6	1420		4162.433202000
17		43	4162.466250000
6	0		4162.527674000
17		43	4162.527701000
6	1420		4162.533398000
6	1420		4162.633691000
17		43	4162.652105000
6	0		4162.714279000
6	1420		4162.733983000
17		43	4162.775799000
6	1420		4162.834290000
17		43	4162.838469000
17		41	4162.838502000
17		33	4162.864667000
6	0		4162.899915000
6	1420		4162.934551000
17		43	4162.961892000
6	1420		4163.034828000
17		1131	4163.085900000
17		41	4163.086577000
17		154	4163.087364000
17		1353	4163.087387000
17		1358	4163.087391000
17		1358	4163.087396000
17		1358	4163.087401000
17		1358	4163.087405000
17		1358	4163.087409000
17		1358	4163.087413000
17		1358	4163.087418000
6	1420		4163.135100000
6	0		4163.148251000
17		1358	4163.167974000
6	1420		4163.235397000
17		1358	4163.245684000
6	0		4163.272566000
17		1358	4163.325148000
6	1420		4163.335661000
6	0		4163.396175000
6	1420		4163.436010000
6	0		4163.520560000
6	1420		4163.536225000
6	0		4163.643822000
6	0		4163.767974000
6	0		4163.892391000
17		49	4163.954287000
6	0		4163.958379000
6	0		4163.958431000
17		35	4163.968095000
6	0		4163.975336000
6	41		4163.982080000
6	0		4163.998449000
6	21		4163.998514000
6	0		4163.998524000
6	1080		4163.999479000
6	0		4164.015744000
6	440		4164.015832000
17		43	4164.016548000
17		1358	4164.017441000
6	0		4164.058227000
6	48		4164.074645000
6	0		4164.074683000
6	0		4164.078560000
17		43	4164.078593000
6	280		4164.078983000
6	0		4164.095347000
17		1358	4164.097474000
6	16		4164.123933000
17		43	4164.139738000
6	0		4164.166222000
17		1358	4164.176843000
6	52		4164.182614000
6	0		4164.182650000
6	52		4164.182723000
17		43	4164.201750000
6	84		4164.202502000
6	0		4164.246220000
17		1358	4164.256034000
17		43	4164.264071000
17		43	4164.326325000
17		1358	4164.335693000
17		43	4164.388422000
17		1358	4164.414923000
17		1358	4164.492938000
17		43	4164.512304000
17		1358	4164.571893000
6	0		4164.574498000
6	1420		4164.574765000
6	1420		4164.622429000
17		43	4164.636410000
17		1358	4164.651435000
17		43	4164.697678000
17		1358	4164.730332000
17		1358	4164.809439000
6	0		4164.821742000
6	1420		4164.822023000
6	1420		4164.869607000
17		43	4164.945757000
17		1358	4164.946752000
17		43	4165.008519000
6	0		4165.008548000
6	1420		4165.008815000
17		1358	4165.010159000
17		43	4165.069957000
17		1358	4165.073861000
17		43	4165.132571000
17		1358	4165.137740000
17		43	4165.194140000
17		1358	4165.201205000
17		43	4165.256500000
17		1358	4165.306490000
17		43	4165.318536000
17		1358	4165.411639000
6	0		4165.442098000
6	1420		4165.442347000
6	1420		4165.489965000
17		43	4165.503992000
17		1358	4165.517903000
17		43	4165.566508000
6	1420		4165.585189000
17		1358	4165.596574000
17		48	4165.628541000
17		35	4165.642103000
17		1358	4165.674894000
6	1420		4165.680406000
6	0		4165.752306000
17		1358	4165.754097000
6	1420		4165.775595000
17		43	4165.814084000
17		1358	4165.832275000
6	1420		4165.870809000
17		43	4165.937962000
17		1358	4165.939584000
6	1420		4165.965991000
17		43	4166.000296000
17		1358	4166.020198000
6	1420		4166.061199000
17		43	4166.062657000
6	0		4166.062682000
17		1358	4166.100137000
17		43	4166.123649000
6	1420		4166.156406000
17		1358	4166.179940000
17		43	4166.186520000
6	1420		4166.251637000
17		1358	4166.258203000
6	0		4166.310457000
17		1358	4166.337456000
6	1420		4166.346821000
17		43	4166.372595000
17		1358	4166.416582000
6	1420		4166.442038000
17		43	4166.496527000
17		1358	4166.498130000
6	1420		4166.537235000
17		43	4166.558546000
17		1358	4166.578485000
6	0		4166.619800000
6	1420		4166.632444000
17		43	4166.681974000
17		1358	4166.683577000
6	1420		4166.727629000
6	68		4166.771347000
6	52		4166.787784000
6	0		4166.787826000
6	0		4166.787844000
6	0		4166.789092000
6	0		4166.805428000
17		43	4166.806239000
17		1358	4166.807883000
6	1420		4166.822848000
6	0		4166.868378000
6	1420		4166.918044000
17		43	4166.930254000
17		1358	4166.931827000
6	1420		4167.013250000
17		43	4167.054403000
17		1358	4167.056414000
6	1420		4167.108492000
6	0		4167.115684000
17		43	4167.178073000
17		1358	4167.179446000
6	1420		4167.203689000
17		43	4167.240018000
17		1358	4167.241595000
6	1420		4167.298888000
6	0		4167.302209000
17		43	4167.364216000
17		1358	4167.365839000
6	1420		4167.394081000
17		43	4167.426286000
17		1358	4167.427968000
6	1420		4167.489279000
17		43	4167.550590000
17		1358	4167.552174000
6	1420		4167.584504000
6	0		4167.611773000
6	1420		4167.660650000
17		43	4167.673732000
6	1420		4167.736842000
17		48	4167.797991000
17		35	4167.812516000
6	1420		4167.812982000
6	0		4167.860242000
6	1420		4167.889177000
17		43	4167.922224000
6	1420		4167.965335000
6	1420		4168.041513000
17		43	4168.045861000
6	0		4168.108029000
6	1420		4168.117725000
6	1420		4168.193844000
17		43	4168.231955000
6	1420		4168.270052000
6	0		4168.294280000
6	1420		4168.346173000
17		43	4168.356293000
17		43	4168.417902000
17		1358	4168.419567000
6	1420		4168.422346000
6	0		4168.479765000
6	1420		4168.498513000
17		43	4168.541934000
17		1358	4168.543518000
6	1420		4168.625482000
17		43	4168.665776000
17		1358	4168.667393000
6	0		4168.727976000
6	1420		4168.752434000
17		43	4168.790128000
17		1358	4168.791733000
6	1420		4168.879368000
17		43	4168.914043000
17		1358	4168.915738000
6	0		4168.975853000
6	1420		4169.006326000
6	0		4169.099905000
6	1420		4169.133255000
6	0		4169.223726000
6	1420		4169.260199000
6	0		4169.348626000
6	1420		4169.387151000
6	0		4169.472596000
6	1420		4169.514077000
6	0		4169.596573000
6	1420		4169.609282000
17		43	4169.657743000
17		1358	4169.659358000
6	1420		4169.703962000
17		1358	4169.724037000
6	0		4169.782427000
17		1358	4169.786844000
6	1420		4169.794113000
17		43	4169.844346000
17		642	4169.849924000
6	1420		4169.877596000
6	0		4169.887560000
6	0		4169.887627000
6	0		4169.926533000
6	12		4169.926800000
6	1420		4169.961085000
6	0		4169.965568000
6	12		4169.965609000
6	0		4169.965624000
6	1		4169.965826000
6	4		4169.965851000
6	32		4169.965860000
6	0		4169.965870000
17		43	4169.968097000
6	0		4170.004578000
6	0		4170.004675000
6	0		4170.004682000
6	0		4170.004686000
6	0		4170.004700000
6	0		4170.030477000
17		43	4170.030506000
6	1420		4170.044567000
6	1420		4170.128030000
17		43	4170.154126000
6	1420		4170.211527000
6	0		4170.216410000
6	1420		4170.295016000
6	0		4170.340307000
6	1420		4170.378500000
6	0		4170.430161000
6	0		4170.430218000
6	1420		4170.461993000
6	0		4170.464128000
6	1420		4170.545478000
17		43	4170.587777000
6	1420		4170.628972000
6	0		4170.649982000
17		43	4170.712157000
17		43	4170.774438000
17		1129	4170.835818000
17		41	4170.836449000
17		1358	4170.837259000
17		1358	4170.837276000
17		1358	4170.837279000
17		1358	4170.837282000
17		1358	4170.837285000
17		1358	4170.837288000
17		1358	4170.837292000
17		1358	4170.837295000
17		1358	4170.837298000
17		1358	4170.837301000
6	0		4170.898021000
17		1358	4170.901138000
17		1358	4170.964070000
6	0		4171.022071000
17		1358	4171.027809000
17		1358	4171.090180000
6	0		4171.146531000
17		1358	4171.153428000
17		1358	4171.217011000
6	0		4171.269914000
6	1420		4171.270229000
17		1358	4171.280016000
6	1420		4171.311966000
17		1358	4171.342713000
6	0		4171.394351000
6	1420		4171.395430000
17		1358	4171.406840000
17		43	4171.455808000
6	1420		4171.478940000
17		49	4171.518670000
6	0		4171.518708000
17		1358	4171.519698000
6	1420		4171.562419000
17		43	4171.580253000
17		1358	4171.625890000
17		43	4171.641736000
17		43	4171.704667000
17		1358	4171.732088000
17		43	4171.766389000
17		43	4171.828376000
17		1358	4171.838319000
17		43	4171.890441000
17		1358	4171.942780000
17		43	4171.951703000
17		43	4172.014284000
17		1358	4172.048625000
17		43	4172.076077000
17		43	4172.137706000
17		1358	4172.153870000
17		43	4172.200081000
17		1358	4172.232580000
17		43	4172.262352000
17		1358	4172.311207000
17		43	4172.323967000
17		43	4172.385633000
17		1358	4172.390375000
17		1358	4172.470230000
17		43	4172.510564000
17		1358	4172.547819000
6	0		4172.571760000
6	1420		4172.572041000
6	1420		4172.613777000
17		1358	4172.627289000
17		43	4172.634096000
6	1420		4172.697251000
17		1358	4172.706506000
17		43	4172.757791000
6	1420		4172.780738000
17		1358	4172.784314000
6	0		4172.819985000
17		1358	4172.863605000
6	1420		4172.864223000
17		43	4172.881669000
17		1358	4172.942642000
17		43	4172.944568000
6	1420		4172.947711000
17		48	4173.005913000
17		1358	4173.014485000
6	1420		4173.031203000
17		43	4173.068206000
17		1358	4173.085690000
6	1420		4173.114709000
17		43	4173.130578000
17		1358	4173.157289000
6	0		4173.192007000
17		43	4173.192039000
6	1420		4173.198174000
17		1358	4173.229133000
17		43	4173.253637000
6	1420		4173.281651000
17		1358	4173.300725000
17		43	4173.316352000
6	1420		4173.365145000
17		1358	4173.372948000
17		43	4173.378545000
17		43	4173.439754000
17		1358	4173.444566000
6	1420		4173.448649000
17		43	4173.501988000
17		1358	4173.517043000
6	1420		4173.532131000
17		43	4173.564467000
17		1358	4173.588434000
6	1420		4173.615624000
17		1358	4173.660296000
6	0		4173.688042000
6	1420		4173.699081000
17		1358	4173.731965000
17		43	4173.750558000
6	1420		4173.782614000
17		1358	4173.803411000
17		43	4173.811703000
6	1420		4173.866079000
6	0		4173.873896000
17		1358	4173.875577000
17		43	4173.936401000
17		760	4173.946931000
6	1420		4173.949573000
17		43	4173.997766000
6	1420		4174.033032000
6	1420		4174.116499000
17		43	4174.121795000
6	0		4174.184003000
6	1420		4174.200024000
17		43	4174.246220000
6	1420		4174.283506000
6	1420		4174.367010000
17		43	4174.369960000
6	0		4174.432031000
6	1420		4174.450459000
17		43	4174.494423000
6	1420		4174.533929000
6	1420		4174.617438000
17		43	4174.617663000
6	0		4174.679856000
6	1420		4174.700930000
17		43	4174.742244000
6	1420		4174.784408000
17		48	4174.865713000
6	1420		4174.867875000
17		35	4174.879813000
6	0		4174.928360000
6	1420		4174.951371000
17		43	4174.990136000
6	1420		4175.034882000
17		710	4175.113928000
17		43	4175.113961000
17		35	4175.115519000
6	1420		4175.118358000
17		74	4175.124059000
17		33	4175.124097000
6	0		4175.176425000
6	1420		4175.201833000
17		43	4175.238145000
6	1420		4175.285338000
17		43	4175.361836000
6	1420		4175.368805000
6	0		4175.424044000
6	1420		4175.452291000
17		43	4175.486307000
6	1420		4175.535848000
17		1039	4175.609863000
17		41	4175.610617000
17		151	4175.611545000
17		1353	4175.611573000
17		1358	4175.611578000
17		1358	4175.611583000
17		1358	4175.611587000
17		1358	4175.611592000
17		1358	4175.611597000
17		1358	4175.611601000
17		1358	4175.611606000
17		1358	4175.611610000
6	0		4175.671849000
6	1420		4175.672180000
17		1358	4175.684432000
6	1420		4175.713907000
17		1358	4175.755962000
6	0		4175.795766000
6	1420		4175.797406000
17		1358	4175.830177000
6	1420		4175.881275000
17		1358	4175.899317000
6	0		4175.919887000
6	1420		4175.964369000
17		1358	4175.971958000
17		1358	4176.043701000
6	0		4176.043921000
6	1420		4176.047866000
17		1358	4176.115189000
6	1420		4176.131318000
6	0		4176.168001000
17		1358	4176.186718000
6	1420		4176.215505000
17		1358	4176.260927000
6	0		4176.292478000
6	1420		4176.298342000
17		1358	4176.330340000
6	1420		4176.381789000
17		1358	4176.401736000
6	0		4176.416669000
6	1420		4176.465281000
17		1358	4176.473215000
17		41	4176.478655000
6	0		4176.540474000
17		43	4176.540510000
17		41	4176.540517000
17		1358	4176.544562000
6	1420		4176.549563000
17		33	4176.566512000
17		1358	4176.616433000
6	1420		4176.633956000
6	0		4176.664566000
6	1420		4176.715741000
6	0		4176.787724000
6	1420		4176.799235000
17		49	4176.850294000
17		35	4176.864768000
6	1420		4176.882805000
17		43	4176.912806000
6	0		4176.912855000
17		1358	4176.914479000
6	1420		4176.966204000
17		43	4176.974402000
17		1358	4176.980637000
17		43	4177.036464000
17		1358	4177.038106000
6	1420		4177.049673000
17		43	4177.098261000
17		1358	4177.099947000
6	1420		4177.133180000
17		43	4177.160341000
17		1358	4177.161990000
6	1420		4177.216678000
17		43	4177.221720000
17		1358	4177.223366000
17		43	4177.284488000
17		1358	4177.285738000
6	1420		4177.300167000
17		43	4177.346204000
17		1358	4177.347936000
6	1420		4177.383637000
17		43	4177.407968000
17		1358	4177.417554000
17		43	4177.532278000
17		1358	4177.533965000
6	0		4177.593743000
17		43	4177.593777000
17		1358	4177.630836000
17		43	4177.718138000
17		1358	4177.728026000
6	0		4177.780801000
17		43	4177.841689000
17		1358	4177.843291000
17		43	4177.965788000
17		1358	4177.967426000
6	0		4178.007252000
6	0		4178.007325000
17		43	4178.027852000
6	0		4178.047235000
6	12		4178.047545000
17		1358	4178.064337000
6	0		4178.087334000
6	12		4178.087372000
6	0		4178.087386000
6	1		4178.087594000
6	4		4178.087610000
6	32		4178.087621000
6	0		4178.087630000
6	0		4178.090056000
6	0		4178.127464000
6	0		4178.127500000
6	0		4178.128563000
6	0		4178.128652000
17		41	4178.152214000
17		43	4178.152240000
17		33	4178.152936000
17		1358	4178.160908000
17		43	4178.276216000
17		1358	4178.277818000
6	0		4178.338548000
17		43	4178.400214000
17		1358	4178.401810000
17		43	4178.523978000
17		41	4178.524007000
17		1358	4178.525474000
6	0		4178.586462000
17		43	4178.647865000
17		1358	4178.649579000
17		43	4178.710584000
17		1358	4178.721743000
17		43	4178.772233000
17		1358	4178.794502000
6	0		4178.834400000
17		43	4178.896023000
17		1358	4178.897256000
6	0		4179.020311000
6	0		4179.144231000
17		43	4179.206637000
17		1358	4179.208260000
17		43	4179.330133000
17		1358	4179.331729000
17		43	4179.392298000
17		1358	4179.404830000
6	0		4179.454489000
6	1420		4179.459979000
6	1420		4179.497935000
17		43	4179.516327000
17		638	4179.517984000
17		43	4179.639794000
6	0		4179.702119000
6	1420		4179.702373000
6	1420		4179.744135000
17		43	4179.764565000
17		43	4179.825694000
17		43	4179.950216000
6	0		4180.011751000
17		43	4180.011781000
6	1420		4180.012071000
6	1420		4180.053743000
17		43	4180.073724000
17		43	4180.136183000
17		43	4180.198481000
17		43	4180.259665000
17		43	4180.321846000
17		43	4180.384230000
17		48	4180.447291000
17		37	4180.461002000
17		43	4180.508601000
17		43	4180.570609000
6	0		4180.572288000
6	0		4180.572374000
17		43	4180.631912000
17		43	4180.693855000
17		43	4180.755981000
17		43	4180.818311000
6	0		4180.862217000
6	41		4180.870701000
17		43	4180.884582000
17		43	4180.942294000
17		1120	4180.942327000
17		34	4180.943028000
17		33	4180.943715000
17		1358	4180.945657000
17		43	4181.004278000
17		1358	4181.018279000
17		1358	4181.090691000
6	0		4181.131008000
6	1420		4181.131316000
6	0		4181.164189000
17		1358	4181.164232000
6	21		4181.164265000
6	0		4181.164278000
6	1080		4181.165540000
6	1420		4181.173088000
17		43	4181.190520000
17		1358	4181.233613000
6	0		4181.251753000
6	1420		4181.256548000
17		1358	4181.305537000
6	1420		4181.340008000
6	0		4181.376045000
17		1358	4181.376215000
6	1420		4181.423481000
17		49	4181.437845000
17		1358	4181.448538000
6	0		4181.453722000
6	440		4181.453760000
6	0		4181.494233000
6	0		4181.499873000
6	0		4181.500025000
17		43	4181.500103000
6	1420		4181.506978000
17		1358	4181.519740000
6	0		4181.544005000
17		43	4181.562382000
6	1420		4181.590466000
17		1358	4181.592494000
17		1358	4181.663316000
6	1420		4181.673967000
17		43	4181.686246000
17		1358	4181.735346000
6	0		4181.748500000
6	1420		4181.757435000
6	48		4181.782353000
6	0		4181.782401000
6	280		4181.789389000
17		1358	4181.807248000
17		43	4181.809859000
6	1420		4181.840909000
6	0		4181.872089000
17		1358	4181.879511000
6	1420		4181.924384000
17		43	4181.934309000
17		1358	4181.950493000
6	1420		4182.007873000
17		1358	4182.008543000
17		43	4182.058149000
17		1358	4182.065572000
6	0		4182.077407000
6	1420		4182.091344000
6	16		4182.113115000
6	0		4182.120369000
17		1358	4182.124047000
6	0		4182.154262000
6	1420		4182.174873000
17		1358	4182.179703000
17		43	4182.181869000
17		1358	4182.238113000
6	1420		4182.258351000
17		1358	4182.296060000
17		43	4182.306440000
6	1420		4182.341805000
17		1358	4182.352262000
6	0		4182.368973000
17		1358	4182.410367000
6	1420		4182.425286000
17		43	4182.430108000
6	52		4182.443019000
6	0		4182.443067000
6	52		4182.443161000
17		1358	4182.467606000
17		43	4182.492537000
6	1420		4182.508775000
17		43	4182.554197000
17		1358	4182.563073000
6	1420		4182.592263000
6	0		4182.616420000
17		1358	4182.658849000
6	1420		4182.675751000
17		43	4182.677732000
6	84		4182.731166000
17		1358	4182.754250000
6	1420		4182.759248000
6	0		4182.774243000
17		43	4182.802398000
6	1420		4182.842713000
17		1358	4182.849788000
6	0		4182.863740000
6	1420		4182.926194000
17		43	4182.926206000
17		1358	4182.945480000
6	1420		4183.009672000
17		1358	4183.016867000
17		43	4183.050149000
17		1358	4183.088521000
6	1420		4183.093164000
17		43	4183.112503000
17		1358	4183.160810000
6	0		4183.173709000
6	1420		4183.176658000
17		1358	4183.232581000
17		43	4183.236428000
6	1420		4183.260147000
17		1358	4183.304084000
6	1420		4183.343635000
17		43	4183.360002000
17		1358	4183.375876000
17		43	4183.421919000
6	1420		4183.427102000
17		1358	4183.447504000
6	0		4183.484369000
6	1420		4183.510619000
17		1358	4183.519444000
17		48	4183.545880000
17		35	4183.559235000
17		1358	4183.590818000
6	1420		4183.594130000
17		43	4183.608735000
17		1358	4183.662621000
17		43	4183.669995000
6	0		4183.692731000
6	0		4183.692790000
6	0		4183.732208000
6	1420		4183.732483000
17		1358	4183.734316000
6	0		4183.738095000
6	1420		4183.774242000
17		43	4183.794551000
17		1358	4183.806146000
17		1358	4183.877813000
17		43	4183.917930000
17		1358	4183.949566000
6	0		4183.980342000
6	1420		4183.980638000
17		1358	4184.021782000
6	1420		4184.022339000
17		43	4184.041900000
17		1358	4184.093688000
17		43	4184.166279000
17		1358	4184.168122000
6	0		4184.228451000
6	1420		4184.228763000
6	1420		4184.262136000
6	1420		4184.328957000
17		43	4184.352393000
17		1358	4184.354042000
6	1420		4184.395735000
6	0		4184.414647000
6	1420		4184.462542000
17		43	4184.476260000
17		1358	4184.478072000
6	1420		4184.529306000
17		43	4184.599777000
17		1358	4184.601962000
17		43	4184.661881000
17		751	4184.674047000
6	0		4184.724430000
17		43	4184.724465000
6	1420		4184.728027000
6	1420		4184.758117000
6	68		4184.774869000
17		43	4184.848513000
6	0		4184.909763000
17		43	4184.971851000
6	52		4185.062960000
6	0		4185.063010000
6	0		4185.063036000
6	0		4185.064590000
17		43	4185.096357000
17		586	4185.096389000
17		37	4185.097465000
17		76	4185.105518000
17		33	4185.105567000
6	0		4185.158520000
6	1420		4185.158786000
6	1420		4185.214463000
17		43	4185.219975000
17		43	4185.344254000
6	0		4185.352882000
17		43	4185.406325000
6	0		4185.468547000
6	1420		4185.468825000
6	1420		4185.524528000
17		43	4185.530344000
17		43	4185.654192000
6	0		4185.716442000
6	1420		4185.716733000
6	1420		4185.758473000
17		48	4185.777755000
17		35	4185.791446000
17		43	4185.839978000
17		43	4185.964247000
17		1119	4185.964276000
17		34	4185.964925000
17		158	4185.965819000
17		1353	4185.990023000
6	0		4186.026444000
6	1420		4186.026731000
17		1358	4186.062420000
6	1420		4186.068497000
17		43	4186.087775000
6	0		4186.129358000
6	0		4186.129436000
17		1358	4186.133931000
17		43	4186.150002000
6	0		4186.168233000
6	12		4186.168486000
17		1358	4186.191525000
6	0		4186.207271000
6	12		4186.207313000
6	0		4186.207329000
6	1		4186.207549000
6	4		4186.207573000
6	32		4186.207582000
6	0		4186.207594000
6	0		4186.246680000
6	0		4186.246725000
6	0		4186.246731000
6	0		4186.246890000
6	0		4186.246904000
17		1358	4186.248539000
6	0		4186.274072000
6	1420		4186.274312000
17		1358	4186.306480000
6	1420		4186.316070000
17		1358	4186.364028000
17		43	4186.398398000
17		1358	4186.421493000
6	0		4186.460622000
6	1420		4186.460914000
17		1358	4186.478485000
6	1420		4186.502650000
17		1358	4186.535461000
17		43	4186.583986000
17		1358	4186.593194000
6	0		4186.646233000
6	1420		4186.646497000
6	1420		4186.688272000
17		1358	4186.688603000
17		43	4186.708060000
17		1358	4186.784267000
6	0		4186.832403000
17		43	4186.832508000
17		41	4186.832519000
6	1420		4186.832714000
17		33	4186.858415000
6	1420		4186.874454000
17		1358	4186.880738000
6	0		4186.956233000
17		1358	4186.975112000
17		1358	4187.071747000
6	0		4187.080560000
6	0		4187.097513000
6	0		4187.097583000
17		1358	4187.167823000
6	0		4187.204399000
6	0		4187.241434000
6	41		4187.249396000
17		1358	4187.262987000
17		49	4187.266188000
17		43	4187.266251000
17		35	4187.280315000
17		1358	4187.358549000
17		43	4187.389832000
6	0		4187.396654000
6	21		4187.397315000
6	0		4187.397369000
6	1080		4187.398840000
17		1358	4187.430783000
6	0		4187.451912000
17		1358	4187.502442000
17		43	4187.514190000
6	440		4187.550186000
17		1358	4187.574310000
17		43	4187.575731000
6	0		4187.594228000
17		43	4187.638038000
17		1358	4187.647114000
6	0		4187.700241000
17		1358	4187.719634000
6	48		4187.755850000
6	0		4187.755895000
6	280		4187.760814000
17		43	4187.762371000
17		1358	4187.791066000
17		43	4187.886464000
17		1358	4187.888274000
6	16		4187.933750000
17		43	4187.947796000
17		1358	4187.960431000
6	0		4187.974268000
6	0		4188.010350000
17		43	4188.072287000
17		1358	4188.073945000
6	52		4188.123465000
6	0		4188.123528000
6	52		4188.123718000
17		43	4188.196815000
17		1358	4188.198424000
17		43	4188.257770000
6	84		4188.271010000
17		1358	4188.271572000
6	0		4188.314270000
6	0		4188.319999000
6	1420		4188.320273000
17		43	4188.382630000
17		1358	4188.384163000
17		43	4188.443994000
17		1358	4188.456198000
6	0		4188.506613000
6	1420		4188.506893000
6	1420		4188.548660000
17		43	4188.629622000
17		1358	4188.631180000
17		43	4188.692476000
6	0		4188.692515000
6	1420		4188.692780000
17		1358	4188.703821000
17		43	4188.754529000
17		1358	4188.775905000
17		43	4188.816235000
17		1358	4188.848721000
17		43	4188.878045000
17		43	4188.940280000
17		1358	4188.940838000
17		48	4189.002599000
17		1358	4189.014094000
17		43	4189.064548000
17		1358	4189.086307000
17		43	4189.126625000
17		1358	4189.159066000
17		43	4189.187837000
17		1358	4189.231827000
17		43	4189.250517000
17		1358	4189.304597000
17		43	4189.312483000
17		43	4189.374029000
17		1358	4189.375636000
17		43	4189.436553000
17		1358	4189.448811000
17		43	4189.498111000
17		1358	4189.520665000
17		43	4189.560240000
17		1358	4189.591704000
17		1358	4189.663983000
17		43	4189.684316000
17		1358	4189.735003000
17		43	4189.746313000
17		1358	4189.805868000
6	0		4189.808562000
6	1420		4189.808897000
6	1420		4189.850615000
17		636	4189.877929000
17		43	4189.932457000
6	1420		4189.934093000
6	0		4189.993723000
6	1420		4190.017584000
17		43	4190.056900000
6	1420		4190.101100000
17		43	4190.117729000
17		43	4190.179713000
6	1420		4190.184540000
17		43	4190.242541000
6	1420		4190.268050000
17		43	4190.303896000
6	1420		4190.351516000
17		43	4190.366271000
17		43	4190.428487000
6	1420		4190.434999000
6	68		4190.470486000
17		48	4190.490192000
17		35	4190.504007000
6	1420		4190.518517000
17		43	4190.552368000
6	1420		4190.603555000
17		43	4190.614104000
6	0		4190.625640000
6	0		4190.625687000
17		43	4190.675875000
6	1420		4190.685463000
17		43	4190.737929000
6	1420		4190.768952000
17		43	4190.799842000
6	52		4190.813175000
6	0		4190.813239000
6	0		4190.814913000
6	1420		4190.852431000
17		43	4190.862415000
6	1420		4190.935905000
6	0		4190.986055000
6	1420		4191.019394000
17		1128	4191.048231000
17		41	4191.048853000
17		156	4191.049646000
17		1353	4191.049682000
17		1358	4191.049688000
17		1358	4191.049693000
17		1358	4191.049697000
17		1358	4191.049702000
17		1358	4191.049708000
17		1358	4191.049716000
17		1358	4191.049722000
17		1358	4191.049726000
6	1420		4191.102912000
17		1358	4191.113507000
6	0		4191.172376000
17		1358	4191.176466000
6	1420		4191.186381000
6	0		4191.202233000
17		1358	4191.239155000
6	1420		4191.269862000
6	0		4191.295924000
17		1358	4191.301388000
6	1420		4191.353366000
6	0		4191.361893000
17		1358	4191.363737000
6	0		4191.419859000
17		1358	4191.425717000
6	1420		4191.436816000
17		1358	4191.489939000
6	1420		4191.520440000
6	0		4191.544294000
17		1358	4191.551605000
6	1420		4191.603803000
17		1358	4191.614317000
6	0		4191.668274000
17		1358	4191.676731000
6	1420		4191.687281000
17		1358	4191.739919000
6	1420		4191.770782000
6	0		4191.791696000
6	1420		4191.854273000
6	0		4191.916118000
17		49	4191.916155000
17		35	4191.930315000
6	1420		4191.937749000
17		43	4191.978331000
17		1358	4191.979399000
6	0		4191.995145000
6	0		4191.995232000
6	1420		4192.021280000
6	0		4192.033157000
17		43	4192.040482000
17		1358	4192.085363000
17		43	4192.102166000
6	1420		4192.104723000
17		43	4192.164438000
6	1420		4192.188207000
17		1358	4192.189823000
17		43	4192.226241000
6	1420		4192.271692000
17		43	4192.288475000
17		1358	4192.293717000
17		43	4192.350245000
6	1420		4192.355171000
17		1358	4192.398291000
17		43	4192.412137000
6	1420		4192.438654000
17		1358	4192.502279000
6	1420		4192.522135000
17		43	4192.536339000
6	0		4192.598500000
17		43	4192.598532000
6	1420		4192.605640000
17		1358	4192.606627000
6	1420		4192.693435000
17		1358	4192.711683000
17		43	4192.721835000
6	0		4192.784071000
6	1420		4192.784347000
17		1358	4192.816102000
17		43	4192.846193000
6	1420		4192.869065000
17		1358	4192.919817000
6	1420		4192.956886000
17		43	4192.970226000
17		1358	4192.998934000
6	0		4193.032630000
6	1420		4193.044679000
17		1358	4193.076869000
17		43	4193.094250000
6	1420		4193.132489000
17		1358	4193.155146000
17		43	4193.218554000
6	1420		4193.220298000
17		1358	4193.233157000
6	0		4193.279819000
6	1420		4193.308101000
17		1358	4193.311650000
17		43	4193.342521000
17		1358	4193.389948000
6	1420		4193.395941000
17		43	4193.404656000
17		1358	4193.468072000
6	1420		4193.483742000
17		43	4193.528066000
17		1358	4193.546912000
6	0		4193.590305000
6	1420		4193.590595000
17		1358	4193.624800000
6	1420		4193.659349000
17		1358	4193.702865000
6	0		4193.714639000
6	1420		4193.747195000
17		43	4193.776403000
17		1358	4193.781508000
6	1420		4193.835003000
17		1358	4193.860044000
17		48	4193.899915000
17		35	4193.913488000
17		1358	4193.938633000
6	0		4193.961945000
6	1420		4193.962296000
6	1420		4194.010610000
17		1358	4194.016720000
17		43	4194.086124000
17		1358	4194.094706000
6	0		4194.148401000
6	1420		4194.148663000
17		1358	4194.173099000
6	1420		4194.192590000
17		43	4194.210159000
6	0		4194.248422000
6	0		4194.248479000
17		1358	4194.252077000
17		43	4194.272311000
6	0		4194.288038000
6	12		4194.288290000
6	0		4194.327696000
6	12		4194.327789000
6	0		4194.327804000
6	1		4194.328038000
6	4		4194.328058000
6	32		4194.328081000
6	0		4194.328091000
17		1358	4194.330079000
6	0		4194.334544000
6	1420		4194.334847000
6	0		4194.352551000
6	0		4194.352601000
6	0		4194.367558000
6	0		4194.367599000
6	0		4194.367627000
6	0		4194.367736000
6	0		4194.367752000
6	1420		4194.378739000
17		43	4194.396448000
17		1358	4194.408453000
17		1358	4194.486997000
6	0		4194.520004000
6	1420		4194.520327000
6	1420		4194.555444000
17		1358	4194.565574000
17		43	4194.582425000
6	1420		4194.625643000
17		1358	4194.644039000
6	1420		4194.695927000
17		43	4194.706143000
17		1358	4194.722124000
6	0		4194.768469000
6	1420		4194.768795000
17		1358	4194.800716000
17		43	4194.829658000
6	1420		4194.836454000
6	0		4194.857945000
6	0		4194.858003000
17		1358	4194.878758000
6	0		4194.896391000
17		43	4194.954159000
17		1358	4194.955699000
6	0		4195.016519000
6	1420		4195.016826000
17		1358	4195.034782000
6	1420		4195.051919000
17		43	4195.078527000
17		651	4195.078557000
17		35	4195.079657000
17		76	4195.088008000
17		33	4195.088221000
17		1358	4195.113257000
17		1358	4195.191663000
17		43	4195.201730000
6	0		4195.264892000
6	1420		4195.265208000
17		1358	4195.269822000
6	1420		4195.300316000
17		43	4195.326368000
17		1358	4195.348844000
17		1358	4195.426969000
17		43	4195.450318000
17		1358	4195.504845000
6	0		4195.512464000
17		43	4195.512491000
17		43	4195.574199000
17		1358	4195.582753000
17		1358	4195.661482000
17		43	4195.697845000
17		1358	4195.740102000
6	0		4195.760051000
6	1420		4195.760331000
17		1358	4195.817932000
6	1420		4195.818879000
17		43	4195.821670000
17		41	4195.883705000
17		37	4195.884891000
17		1358	4195.896609000
17		43	4195.945923000
17		1358	4195.975135000
6	0		4196.008088000
6	1420		4196.008362000
6	1420		4196.066893000
17		43	4196.070652000
17		1358	4196.072694000
17		43	4196.194237000
17		765	4196.194265000
17		35	4196.195393000
17		1358	4196.195739000
17		107	4196.207135000
17		47	4196.207356000
6	0		4196.256478000
6	1420		4196.256766000
6	1420		4196.315319000
17		43	4196.318029000
17		1358	4196.319576000
17		43	4196.379953000
17		1358	4196.398891000
6	0		4196.504500000
6	1420		4196.504821000
6	1420		4196.548717000
17		43	4196.566000000
17		1358	4196.567857000
17		43	4196.628162000
17		1358	4196.646642000
17		43	4196.690041000
17		1358	4196.725783000
6	0		4196.752229000
6	1420		4196.752529000
6	1420		4196.796421000
17		43	4196.814429000
17		1358	4196.815955000
17		43	4196.875823000
17		1358	4196.896095000
6	0		4196.999947000
17		43	4197.061696000
17		1358	4197.063254000
17		43	4197.123880000
17		1358	4197.142524000
6	0		4197.248008000
17		43	4197.310256000
17		1358	4197.310926000
17		43	4197.434465000
17		1358	4197.435931000
6	0		4197.495666000
17		43	4197.558396000
17		1358	4197.559950000
17		43	4197.682397000
17		1358	4197.683995000
6	0		4197.743861000
17		43	4197.806687000
17		1358	4197.807915000
17		1358	4197.887148000
17		43	4197.930372000
17		1358	4197.965736000
6	0		4197.992359000
17		43	4197.992403000
17		41	4197.992412000
17		33	4198.018890000
17		43	4198.054218000
17		1358	4198.055839000
17		48	4198.116358000
17		37	4198.130323000
17		1358	4198.134949000
17		43	4198.240533000
17		1358	4198.242140000
6	0		4198.301750000
17		43	4198.363801000
17		1358	4198.365426000
17		43	4198.425991000
17		1358	4198.427572000
17		43	4198.487787000
17		1358	4198.491261000
17		43	4198.549968000
17		1358	4198.554533000
6	0		4198.593511000
6	0		4198.593578000
17		43	4198.612075000
17		1358	4198.617842000
17		43	4198.674556000
17		1358	4198.680941000
6	0		4198.732651000
6	41		4198.738951000
17		43	4198.798242000
17		1358	4198.800220000
6	0		4198.860419000
6	0		4198.877593000
6	21		4198.877627000
6	0		4198.877636000
6	1080		4198.878833000
17		43	4198.922079000
17		1358	4198.923590000
17		1358	4198.987665000
6	440		4199.017621000
6	0		4199.046229000
6	0		4199.058213000
17		43	4199.108394000
17		41	4199.108420000
17		1358	4199.110015000
17		43	4199.169905000
17		43	4199.169940000
17		41	4199.169945000
17		1358	4199.173622000
17		33	4199.195708000
6	48		4199.196990000
6	0		4199.197036000
6	280		4199.201977000
6	0		4199.294330000
6	1420		4199.294629000
17		43	4199.356508000
17		1358	4199.357731000
6	16		4199.359282000
6	0		4199.402236000
17		43	4199.418347000
17		1358	4199.463480000
6	52		4199.541271000
6	0		4199.541315000
6	52		4199.541461000
6	0		4199.542037000
6	1420		4199.542255000
6	1420		4199.595914000
17		43	4199.604239000
17		1358	4199.606087000
17		43	4199.666495000
6	84		4199.680164000
17		1358	4199.711676000
6	0		4199.722235000
17		43	4199.728507000
17		1358	4199.816266000
6	0		4199.852338000
6	1420		4199.852597000
6	1420		4199.906278000
17		43	4199.914550000
17		1358	4199.921842000
17		43	4199.975724000
17		1358	4200.026973000
17		43	4200.038082000
17		48	4200.100193000
17		35	4200.114196000
17		1358	4200.132504000
17		43	4200.162509000
17		43	4200.223780000
17		1358	4200.237615000
17		43	4200.286331000
17		1358	4200.316092000
17		43	4200.348152000
17		1358	4200.394560000
17		43	4200.410513000
17		43	4200.472116000
17		1358	4200.474201000
17		43	4200.534459000
17		1358	4200.550983000
17		43	4200.595724000
17		1358	4200.629360000
17		43	4200.658274000
17		1358	4200.708034000
17		43	4200.719777000
17		43	4200.782475000
17		1358	4200.785696000
17		43	4200.843729000
17		1358	4200.864727000
17		43	4200.906028000
17		1358	4200.943022000
17		43	4200.968637000
17		1358	4201.021471000
17		43	4201.030387000
17		43	4201.091845000
17		1358	4201.099350000
17		1358	4201.177304000
17		1358	4201.255428000
17		43	4201.279348000
17		1358	4201.334445000
17		1358	4201.412827000
17		43	4201.466526000
17		1358	4201.490541000
17		1358	4201.568884000
6	0		4201.617595000
6	0		4201.617664000
17		1358	4201.646923000
6	0		4201.652873000
6	1420		4201.653162000
6	0		4201.666118000
6	1420		4201.706804000
17		1358	4201.726436000
17		1358	4201.804533000
6	1420		4201.814034000
17		43	4201.840796000
17		1358	4201.883050000
6	1420		4201.921308000
17		1358	4201.961137000
6	0		4201.967348000
6	0		4201.967400000
17		48	4202.026755000
6	1420		4202.028542000
17		35	4202.040580000
6	68		4202.055724000
6	1420		4202.135843000
6	52		4202.194540000
6	0		4202.194586000
6	0		4202.194613000
6	0		4202.196045000
6	0		4202.214356000
6	1420		4202.243087000
6	0		4202.334750000
6	1420		4202.350339000
6	0		4202.401006000
6	1420		4202.458415000
6	1420		4202.564878000
17		43	4202.588010000
6	1420		4202.672117000
17		43	4202.775317000
6	1420		4202.779404000
6	1420		4202.886638000
17		43	4202.961808000
6	1420		4202.993894000
6	1420		4203.101165000
6	0		4203.149279000
6	0		4203.149314000
6	1420		4203.208387000
6	1420		4203.315686000
17		43	4203.336727000
6	1420		4203.422977000
17		43	4203.523250000
6	1420		4203.530214000
6	1420		4203.637463000
17		43	4203.710737000
6	1420		4203.744717000
17		43	4203.897187000
17		43	4204.084500000
17		43	4204.270938000
17		43	4204.457919000
17		43	4204.645187000
17		43	4204.832360000
17		43	4205.019824000
17		43	4205.206143000
17		43	4205.393173000
17		43	4205.580650000
17		43	4205.766766000
17		41	4205.766787000
17		36	4205.767691000
17		43	4205.954339000
17		43	4206.141381000
6	0		4206.261538000
6	0		4206.261577000
17		43	4206.328122000
17		43	4206.514924000
17		43	4206.702254000
17		43	4206.889586000
6	1420		4206.898795000
17		43	4207.076459000
17		1358	4207.077547000
6	0		4207.262781000
6	0		4207.450537000
17		43	4207.637577000
17		1358	4207.638839000
17		43	4207.824116000
17		1358	4207.825730000
6	0		4208.011145000
17		43	4208.011173000
17		1358	4208.012720000
6	0		4208.198697000
17		43	4208.385477000
17		1358	4208.387110000
6	0		4208.571807000
6	0		4208.758811000
6	0		4208.946110000
6	0		4209.133444000
6	0		4209.320780000
6	0		4209.507079000
6	0		4209.694360000
6	1420		4209.694669000
6	0		4209.881246000
6	1420		4209.881530000
6	0		4210.068178000
6	1420		4210.068490000
6	0		4210.255048000
6	1420		4210.255326000
6	0		4210.441836000
6	1420		4210.442110000
6	0		4210.629207000
6	1420		4210.629451000
6	0		4210.816522000
6	1420		4210.816842000
6	0		4211.003551000
6	1420		4211.003856000
6	0		4211.190470000
6	1420		4211.190742000
6	0		4211.563851000
6	1420		4211.564170000
6	1420		4211.617766000
17		43	4211.938356000
17		1358	4211.939969000
17		1358	4212.019438000
17		1358	4212.097613000
6	0		4212.125536000
17		43	4212.125563000
6	1420		4212.125808000
17		1358	4212.175836000
6	1420		4212.179456000
17		1358	4212.254445000
17		43	4212.312160000
17		1358	4212.332137000
17		1358	4212.410882000
17		1358	4212.488749000
17		43	4212.498947000
17		1358	4212.567651000
17		1358	4212.645472000
17		43	4212.686229000
17		1358	4212.723677000
17		1358	4212.802102000
17		1358	4212.880272000
17		1358	4212.958493000
17		1358	4213.037639000
6	0		4213.059782000
6	1420		4213.060072000
6	1420		4213.113677000
17		1358	4213.115291000
17		1358	4213.193299000
6	1420		4213.220956000
17		1358	4213.272268000
6	1420		4213.328222000
17		1358	4213.350797000
17		1358	4213.428584000
6	0		4213.434518000
6	1420		4213.435490000
17		1358	4213.507069000
6	1420		4213.542747000
17		1358	4213.585435000
6	1420		4213.649987000
17		1358	4213.664782000
17		1358	4213.742706000
6	1420		4213.757222000
6	0		4213.808065000
17		1358	4213.820725000
6	1420		4213.864525000
17		1358	4213.899062000
6	1420		4213.971761000
17		1358	4213.977496000
17		1358	4214.055825000
6	1420		4214.079054000
17		1358	4214.134293000
6	0		4214.182226000
6	1420		4214.186305000
17		1358	4214.212567000
17		1358	4214.290917000
6	1420		4214.293537000
17		1358	4214.369144000
6	1420		4214.400807000
17		1358	4214.446939000
6	1420		4214.508093000
17		1358	4214.525751000
6	0		4214.556183000
17		1358	4214.604059000
6	1420		4214.615350000
6	1420		4214.722604000
17		43	4214.743562000
6	0		4214.743597000
17		1358	4214.744440000
17		1358	4214.824155000
6	1420		4214.829835000
17		43	4214.930221000
17		1358	4214.931866000
6	1420		4214.937100000
17		1358	4215.010845000
6	1420		4215.044361000
17		43	4215.117243000
17		688	4215.117265000
17		1358	4215.118672000
17		35	4215.119153000
17		74	4215.126934000
17		33	4215.126966000
6	1420		4215.151619000
17		1358	4215.197865000
6	1420		4215.258866000
6	1420		4215.366134000
6	1420		4215.473412000
17		48	4215.490744000
17		1358	4215.492521000
17		1358	4215.571852000
6	1420		4215.580674000
6	0		4215.678285000
6	1420		4215.687906000
6	1420		4215.795176000
17		43	4215.864935000
17		1358	4215.866537000
6	1420		4215.902446000
17		1358	4215.946808000
6	1420		4216.009709000
17		43	4216.052638000
17		1358	4216.054243000
6	1420		4216.116983000
17		1358	4216.133534000
6	1420		4216.224190000
17		43	4216.239270000
17		1358	4216.240888000
17		1358	4216.320364000
6	1420		4216.331467000
17		43	4216.426485000
17		1358	4216.428109000
6	1420		4216.438715000
17		1358	4216.506832000
6	1420		4216.546011000
17		43	4216.613081000
17		1358	4216.614702000
6	1420		4216.653269000
17		1358	4216.694202000
6	0		4216.704781000
6	0		4216.704835000
17		43	4216.800605000
17		1358	4216.801931000
17		1358	4216.880877000
6	0		4216.893755000
6	41		4216.900127000
17		43	4216.986963000
17		1358	4216.988605000
17		1358	4217.067034000
6	0		4217.088704000
6	21		4217.097015000
6	0		4217.097056000
6	1080		4217.098215000
17		1358	4217.146057000
17		43	4217.174675000
17		1358	4217.223962000
6	440		4217.294575000
17		1358	4217.303358000
6	0		4217.338234000
17		43	4217.361660000
17		1358	4217.381922000
17		1358	4217.459848000
6	48		4217.526817000
6	0		4217.526857000
6	280		4217.531181000
17		1358	4217.537726000
17		43	4217.547810000
17		1358	4217.616899000
17		1358	4217.695799000
6	0		4217.734855000
6	1420		4217.735140000
6	16		4217.739186000
6	0		4217.782234000
6	1420		4217.788778000
6	0		4217.921954000
6	1420		4217.922218000
6	52		4217.970841000
6	0		4217.970891000
6	52		4217.971022000
6	1420		4218.003308000
17		43	4218.109328000
17		1358	4218.110975000
6	100		4218.163007000
17		1358	4218.190480000
6	0		4218.206231000
17		43	4218.295839000
17		1358	4218.297423000
6	0		4218.370774000
6	0		4218.370832000
17		1358	4218.376896000
6	0		4218.410216000
6	12		4218.410464000
6	0		4218.449301000
6	12		4218.449339000
6	0		4218.449351000
6	1		4218.449523000
6	4		4218.449542000
6	32		4218.449574000
6	0		4218.449587000
6	0		4218.482872000
17		688	4218.482907000
6	1420		4218.483170000
17		33	4218.483550000
6	0		4218.488287000
6	0		4218.488380000
6	0		4218.488425000
6	0		4218.488466000
6	0		4218.488481000
6	1420		4218.536775000
17		43	4218.670230000
17		1358	4218.671727000
17		1358	4218.750565000
6	0		4218.857498000
6	1420		4218.857779000
6	1420		4218.911425000
17		43	4219.043781000
17		1358	4219.045147000
17		1358	4219.124189000
17		33	4219.145496000
17		43	4219.230868000
17		1358	4219.232449000
17		1358	4219.311775000
6	0		4219.418164000
6	1420		4219.418419000
6	1420		4219.472073000
17		43	4219.605549000
17		1358	4219.607209000
17		1358	4219.686632000
6	0		4219.791836000
17		43	4219.979116000
17		1358	4219.980152000
17		1358	4220.059283000
6	68		4220.145047000
6	0		4220.166676000
17		43	4220.166710000
17		1358	4220.168337000
17		1358	4220.247292000
6	52		4220.341414000
6	0		4220.341452000
6	0		4220.341470000
6	0		4220.342764000
17		43	4220.352837000
17		1358	4220.354461000
17		1358	4220.433720000
6	0		4220.531328000
6	0		4220.539906000
17		48	4220.727050000
17		1358	4220.728664000
17		1358	4220.808523000
6	0		4220.914543000
17		43	4221.100906000
17		1358	4221.102503000
17		1358	4221.181449000
6	0		4221.288404000
17		43	4221.474905000
17		1358	4221.476485000
17		1358	4221.555212000
17		43	4221.662118000
17		1358	4221.663143000
17		1358	4221.742550000
6	0		4221.770104000
6	0		4221.770159000
6	0		4221.848845000
17		43	4222.036114000
6	0		4222.223403000
17		43	4222.410601000
17		43	4222.596832000
6	0		4222.784269000
17		43	4222.971630000
6	0		4223.157931000
6	0		4223.345143000
17		43	4223.345182000
17		43	4223.532312000
17		43	4223.719610000
6	0		4223.906423000
6	0		4224.093612000
17		43	4224.280569000
17		43	4224.466907000
6	0		4224.654758000
17		43	4224.841340000
17		41	4225.028446000
17		688	4225.028471000
6	0		4225.028482000
17		35	4225.029181000
17		37	4225.030134000
17		43	4225.215166000
17		585	4225.215195000
17		39	4225.216147000
17		76	4225.224258000
17		33	4225.224292000
17		43	4225.589568000
17		43	4225.589591000
17		41	4225.589595000
6	0		4225.589605000
17		35	4225.590494000
17		43	4225.963062000
6	0		4226.150513000
6	0		4226.489589000
6	0		4226.489653000
6	0		4226.524111000
6	1420		4226.524369000
6	0		4226.528374000
6	12		4226.528641000
6	0		4226.567310000
6	12		4226.567349000
6	0		4226.567362000
6	1		4226.567546000
6	4		4226.567562000
6	32		4226.567572000
6	0		4226.567585000
6	0		4226.606186000
6	0		4226.606230000
6	0		4226.606299000
6	0		4226.606341000
6	0		4226.606357000
17		43	4226.711265000
17		43	4226.898365000
6	0		4227.271910000
6	1420		4227.272207000
6	1420		4227.325802000
6	1420		4227.433102000
6	1420		4227.540340000
17		43	4227.646706000
6	0		4227.833000000
17		43	4227.833029000
6	1420		4227.833314000
6	1420		4227.886905000
6	1420		4227.994186000
6	1420		4228.101434000
17		43	4228.206796000
6	0		4228.394108000
6	1420		4228.394392000
6	1420		4228.448030000
6	1420		4228.555313000
17		43	4228.581501000
6	0		4228.614777000
6	0		4228.614842000
6	1420		4228.662515000
6	0		4228.831613000
6	22		4228.832570000
6	0		4228.832601000
6	41		4228.837715000
17		43	4228.955230000
6	0		4229.054593000
6	1080		4229.054644000
6	976		4229.054668000
6	0		4229.098233000
17		43	4229.142411000
6	0		4229.142449000
6	1420		4229.142706000
6	1420		4229.196330000
6	0		4229.310569000
17		43	4229.515939000
6	0		4229.703403000
6	1420		4229.703650000
6	1420		4229.757264000
6	1420		4229.864566000
17		43	4229.890203000
17		585	4229.890234000
17		37	4229.890885000
6	48		4230.051271000
6	0		4230.051318000
6	388		4230.056852000
17		43	4230.264494000
6	0		4230.273494000
6	0		4230.450954000
6	1420		4230.451253000
6	1420		4230.504861000
6	0		4230.506781000
6	0		4230.506845000
6	0		4230.599727000
6	1420		4230.612124000
17		43	4230.637817000
6	1420		4230.719386000
17		43	4230.825468000
6	16		4230.995540000
17		43	4231.011775000
6	0		4231.038227000
17		43	4231.199193000
17		33	4231.333968000
17		43	4231.386308000
17		48	4231.572847000
17		37	4231.587183000
17		43	4231.760034000
17		43	4231.947685000
17		43	4232.134248000
17		43	4232.321572000
17		43	4232.507856000
17		43	4232.695039000
6	0		4232.882348000
6	1420		4232.882620000
6	1420		4232.936268000
6	0		4233.069709000
6	1420		4233.070008000
6	1420		4233.150756000
6	0		4233.256045000
6	1420		4233.258031000
6	1420		4233.365289000
6	0		4233.443468000
6	1420		4233.472526000
6	1420		4233.579832000
17		43	4233.629806000
6	52		4233.662341000
6	0		4233.662386000
6	52		4233.662525000
17		44	4233.817421000
6	0		4233.878643000
17		44	4234.004581000
6	84		4234.013932000
6	0		4234.054242000
6	0		4234.190981000
6	1420		4234.191283000
6	1420		4234.244922000
6	0		4234.378321000
6	1420		4234.378630000
6	1420		4234.459416000
17		45	4234.565560000
6	0		4234.608064000
6	0		4234.608136000
6	0		4234.647981000
6	12		4234.648321000
6	0		4234.688143000
6	12		4234.688187000
6	0		4234.688205000
6	1		4234.688373000
6	4		4234.688388000
6	32		4234.688397000
6	0		4234.688408000
6	0		4234.728090000
6	0		4234.728158000
6	0		4234.728271000
6	0		4234.728302000
6	0		4234.728317000
17		45	4234.751995000
6	0		4234.939052000
6	1420		4234.939341000
6	1420		4234.992960000
6	0		4235.126812000
6	1420		4235.127098000
6	1420		4235.207470000
17		45	4235.312766000
17		41	4235.500072000
17		45	4235.500115000
17		45	4235.687537000
17		45	4235.873801000
6	52		4236.059196000
6	0		4236.061098000
6	1420		4236.061423000
6	1420		4236.115052000
6	0		4236.248475000
6	1420		4236.248805000
6	0		4236.275135000
6	52		4236.278181000
6	0		4236.278228000
6	0		4236.278259000
6	0		4236.279801000
6	1420		4236.329551000
17		45	4236.434931000
6	0		4236.495164000
17		45	4236.622147000
17		45	4236.809444000
17		45	4236.996715000
17		50	4237.183091000
17		37	4237.197503000
17		45	4237.370287000
17		45	4237.557634000
17		44	4237.744618000
17		43	4237.930901000
17		43	4238.118150000
17		43	4238.305524000
17		1358	4238.306876000
17		43	4238.491881000
17		1030	4238.491911000
17		36	4238.492541000
17		1358	4238.494353000
17		44	4238.679574000
17		1358	4238.681158000
17		45	4238.866109000
17		1358	4238.867777000
17		1358	4238.946955000
17		41	4239.053124000
17		45	4239.053259000
17		42	4239.053271000
17		33	4239.054088000
6	0		4239.239867000
6	1420		4239.240204000
6	1420		4239.293820000
6	0		4239.426872000
6	1420		4239.427143000
6	1420		4239.508296000
6	0		4239.613846000
6	1420		4239.615551000
6	1420		4239.722850000
6	0		4239.800995000
6	1420		4239.830135000
6	1420		4239.937337000
6	0		4239.987965000
6	1420		4240.044617000
6	1420		4240.151869000
6	0		4240.175173000
6	1420		4240.259116000
6	0		4240.362465000
6	1420		4240.366365000
6	1420		4240.473610000
6	0		4240.548871000
6	1420		4240.580901000
6	1420		4240.688191000
6	0		4240.736301000
6	1420		4240.795431000
6	1420		4240.902688000
6	0		4240.923057000
6	1420		4241.009968000
6	0		4241.110380000
6	0		4241.110401000
6	1420		4241.117217000
6	1420		4241.224446000
6	0		4241.296873000
6	1420		4241.331719000
6	1420		4241.438942000
6	0		4241.484171000
6	1420		4241.546230000
6	1420		4241.653514000
6	0		4241.670934000
6	1420		4241.760744000
6	0		4241.858263000
6	1420		4241.868019000
6	1420		4241.975256000
6	0		4242.045561000
6	1420		4242.082538000
6	1420		4242.189760000
6	0		4242.232569000
6	1420		4242.297033000
6	1420		4242.404318000
6	0		4242.419472000
6	1420		4242.511560000
6	1420		4242.618827000
6	1420		4242.726066000
6	0		4242.793422000
6	1420		4242.833379000
6	1420		4242.940580000
17		43	4242.979921000
6	1420		4243.047830000
6	1420		4243.155123000
6	0		4243.167258000
6	1420		4243.262385000
6	1420		4243.369680000
6	1420		4243.476896000
6	0		4243.541042000
6	1420		4243.584165000
6	1420		4243.691426000
6	1420		4243.798674000
6	1420		4243.905926000
6	0		4243.915087000
6	1420		4244.013174000
6	1420		4244.120482000
6	0		4244.146898000
6	0		4244.146959000
6	1420		4244.227700000
6	0		4244.289020000
6	1420		4244.334999000
6	1420		4244.442227000
6	1420		4244.549496000
6	1420		4244.656802000
6	0		4244.663024000
6	1420		4244.764026000
6	1420		4244.871259000
6	1420		4244.978522000
6	0		4245.036893000
6	1420		4245.085786000
6	1420		4245.193043000
6	1420		4245.300297000
6	1420		4245.407565000
6	0		4245.411729000
6	1420		4245.514847000
6	1420		4245.622073000
6	1420		4245.729398000
6	0		4245.785748000
6	1420		4245.836588000
6	1420		4245.943868000
6	1420		4246.051138000
6	1420		4246.158405000
6	0		4246.159470000
6	1420		4246.265704000
6	1420		4246.372871000
6	1420		4246.480175000
6	0		4246.533432000
6	1420		4246.587419000
6	1420		4246.694667000
6	1420		4246.801935000
17		44	4246.907230000
17		1358	4246.908214000
6	1420		4246.909165000
17		1358	4246.987972000
6	1420		4247.016456000
17		1358	4247.066688000
6	0		4247.094518000
17		43	4247.094545000
6	1420		4247.123697000
17		1358	4247.144704000
17		1358	4247.223127000
6	1420		4247.230959000
17		43	4247.281209000
17		1358	4247.300894000
6	1420		4247.338214000
17		1358	4247.379032000
6	1420		4247.445536000
17		1358	4247.457897000
17		49	4247.467859000
17		41	4247.467887000
17		45	4247.467895000
17		1030	4247.467901000
17		42	4247.468820000
17		35	4247.468844000
17		1358	4247.538141000
6	1420		4247.552738000
17		1358	4247.616245000
17		43	4247.655726000
6	1420		4247.659987000
17		1358	4247.694776000
6	1420		4247.767279000
17		1358	4247.773093000
17		1358	4247.851471000
6	1420		4247.874508000
17		1358	4247.929411000
6	1420		4247.981787000
17		1358	4248.007212000
6	0		4248.029529000
17		1358	4248.085404000
6	1420		4248.089059000
17		1358	4248.164067000
6	1420		4248.196325000
17		1358	4248.242401000
6	1420		4248.303588000
17		1358	4248.321243000
17		1358	4248.398952000
6	0		4248.402959000
6	1420		4248.410798000
17		1358	4248.477147000
6	1420		4248.518083000
17		1358	4248.556115000
6	1420		4248.625343000
17		1358	4248.633732000
17		1358	4248.712061000
6	1420		4248.732602000
6	0		4248.777623000
17		1358	4248.790948000
6	1420		4248.839843000
17		1358	4248.868497000
17		1358	4248.946604000
6	1420		4248.947112000
17		1358	4249.026463000
6	1420		4249.054380000
17		1358	4249.104805000
6	0		4249.151633000
6	1420		4249.161635000
17		1358	4249.182392000
17		1358	4249.261110000
6	1420		4249.268900000
17		1358	4249.339730000
6	1420		4249.376159000
17		1358	4249.417936000
6	1420		4249.483413000
17		1358	4249.496586000
6	0		4249.525434000
17		1358	4249.574205000
6	1420		4249.590685000
17		1358	4249.653090000
6	1420		4249.697956000
17		1358	4249.731516000
6	1420		4249.805219000
17		1358	4249.808999000
17		1358	4249.887208000
6	0		4249.899554000
6	1420		4249.912459000
17		1358	4249.965688000
6	1420		4250.019740000
17		1358	4250.044008000
17		1358	4250.121934000
6	1420		4250.126949000
17		1358	4250.200233000
6	1420		4250.234213000
6	0		4250.273521000
17		1358	4250.279436000
6	1420		4250.341475000
17		1358	4250.357457000
17		1358	4250.435856000
6	1420		4250.448756000
6	0		4250.459837000
17		1358	4250.514111000
6	1420		4250.555983000
17		1358	4250.592057000
6	1420		4250.663254000
17		1358	4250.670161000
6	0		4250.729780000
6	0		4250.729834000
17		1358	4250.748485000
6	0		4250.769360000
6	12		4250.769675000
6	1420		4250.770498000
6	0		4250.808891000
6	12		4250.808925000
6	0		4250.808936000
6	1		4250.810511000
6	4		4250.810531000
6	32		4250.810538000
6	0		4250.810546000
17		1358	4250.826844000
6	0		4250.834619000
6	0		4250.849719000
6	0		4250.849758000
6	0		4250.849762000
6	0		4250.849793000
6	1420		4250.877794000
17		1358	4250.905391000
17		1358	4250.983356000
6	1420		4250.985079000
17		1358	4251.061864000
6	1420		4251.092280000
17		1358	4251.139914000
6	1420		4251.199555000
6	0		4251.208019000
17		1358	4251.218593000
17		1358	4251.296651000
6	1420		4251.306808000
17		1358	4251.374931000
6	1420		4251.414150000
17		1358	4251.453130000
6	1420		4251.521360000
17		1358	4251.532813000
6	0		4251.582734000
17		1358	4251.610914000
6	1420		4251.628592000
17		1358	4251.689108000
6	1420		4251.740217000
17		1358	4251.767865000
6	1420		4251.843107000
17		1358	4251.845889000
17		1358	4251.924345000
6	1420		4251.950375000
6	0		4251.956867000
17		1358	4252.002045000
6	1420		4252.057624000
17		1358	4252.080658000
17		1358	4252.158726000
6	1420		4252.164918000
6	1420		4252.272185000
6	0		4252.330491000
6	1420		4252.379418000
6	1420		4252.486678000
6	1420		4252.593924000
6	1420		4252.701192000
6	0		4252.704281000
6	1420		4252.808460000
6	1420		4252.915706000
6	1420		4253.022956000
6	0		4253.078165000
6	1420		4253.130241000
6	1420		4253.237625000
6	0		4253.452606000
6	0		4253.825896000
6	0		4254.200626000
6	0		4254.386973000
6	0		4254.574272000
6	0		4254.640930000
6	0		4254.640974000
6	0		4254.761562000
6	0		4254.947917000
6	0		4255.135229000
17		822	4255.135261000
17		35	4255.137399000
17		76	4255.173204000
17		33	4255.173237000
17		681	4255.322549000
6	0		4255.322589000
17		35	4255.323499000
17		45	4255.332769000
17		33	4255.332832000
6	0		4255.508887000
6	0		4255.696790000
6	0		4255.883169000
6	0		4256.070477000
6	0		4256.221158000
6	0		4256.221222000
6	0		4256.256755000
6	0		4256.444779000
6	0		4256.631044000
6	0		4256.818319000
6	0		4257.005775000
6	0		4257.192078000
6	0		4257.379413000
6	0		4257.566748000
6	0		4257.753041000
6	0		4257.940353000
6	0		4258.127675000
6	0		4258.314005000
6	0		4258.501335000
6	0		4258.688651000
6	0		4258.874979000
6	0		4259.062339000
6	0		4259.249713000
6	0		4259.436020000
6	0		4259.502644000
6	0		4259.502703000
6	0		4259.623302000
6	0		4259.810674000
6	0		4259.997016000
6	0		4259.997040000
6	0		4260.184326000
17		41	4260.184361000
17		45	4260.184369000
17		1032	4260.184375000
17		44	4260.185725000
17		35	4260.185755000
6	0		4260.371168000
6	0		4260.514252000
6	0		4260.514287000
6	0		4260.514309000
6	0		4260.558492000
6	0		4260.744812000
6	0		4260.808768000
6	0		4260.808826000
6	41		4260.814589000
17		43	4260.932073000
6	0		4261.108215000
6	21		4261.109358000
6	0		4261.109392000
6	1080		4261.110640000
6	0		4261.119316000
17		43	4261.211842000
6	0		4261.305699000
6	1420		4261.306003000
6	1420		4261.359622000
17		43	4261.397976000
6	0		4261.404563000
6	440		4261.405620000
6	0		4261.446227000
6	0		4261.491144000
6	1420		4261.491418000
6	1420		4261.574129000
17		43	4261.583707000
17		43	4261.676993000
6	48		4261.740284000
6	0		4261.740325000
6	280		4261.745809000
6	0		4261.769822000
6	1420		4261.770064000
17		43	4261.863395000
6	0		4261.956579000
6	1420		4261.956816000
6	0		4262.039909000
17		43	4262.049149000
6	16		4262.091137000
6	0		4262.134230000
6	0		4262.142348000
6	1420		4262.142617000
17		43	4262.234979000
17		43	4262.328172000
6	0		4262.421404000
6	1420		4262.421664000
6	52		4262.428119000
6	0		4262.428164000
6	52		4262.428317000
17		43	4262.513985000
6	0		4262.607069000
17		43	4262.607105000
6	1420		4262.607329000
6	0		4262.700488000
6	1420		4262.700736000
6	0		4262.722213000
6	100		4262.722252000
6	0		4262.766229000
17		43	4262.793157000
17		43	4262.886299000
6	0		4262.979550000
6	1420		4262.980029000
17		43	4263.072031000
6	0		4263.165577000
6	1420		4263.165821000
17		43	4263.258087000
17		43	4263.351316000
6	0		4263.444487000
6	1420		4263.444731000
17		43	4263.537060000
6	0		4263.630298000
6	1420		4263.630617000
17		43	4263.722827000
6	0		4263.816178000
6	1420		4263.816489000
17		43	4263.908782000
17		48	4264.002152000
17		36	4264.015568000
6	68		4264.077382000
6	0		4264.095355000
6	1420		4264.095613000
17		43	4264.187926000
6	0		4264.280857000
17		43	4264.280886000
6	1420		4264.281118000
6	52		4264.371974000
6	0		4264.372018000
6	0		4264.373001000
6	0		4264.373750000
6	0		4264.374224000
6	1420		4264.374464000
17		43	4264.467321000
17		43	4264.560054000
6	0		4264.653283000
6	1420		4264.653573000
6	0		4264.668792000
17		43	4264.745789000
6	0		4264.839078000
6	1420		4264.839333000
17		43	4264.931722000
17		43	4265.024865000
6	0		4265.118254000
17		793	4265.118280000
6	1420		4265.118517000
17		35	4265.119449000
17		76	4265.128072000
17		33	4265.128117000
17		43	4265.210795000
6	0		4265.303834000
6	1420		4265.304087000
17		43	4265.396911000
6	0		4265.489978000
6	1420		4265.490251000
6	0		4265.547774000
6	0		4265.547837000
17		43	4265.582908000
17		43	4265.676102000
6	0		4265.768887000
17		43	4265.768915000
6	1420		4265.769173000
6	0		4265.809989000
6	41		4265.816261000
6	0		4265.862455000
6	1420		4265.862706000
17		43	4265.954963000
6	0		4266.048183000
6	1420		4266.048444000
6	0		4266.078041000
6	21		4266.078078000
6	0		4266.078095000
6	1080		4266.079212000
17		43	4266.140743000
17		43	4266.234063000
6	0		4266.327253000
6	1420		4266.327522000
6	440		4266.341331000
6	0		4266.358642000
6	0		4266.358707000
6	0		4266.379917000
6	0		4266.382209000
6	41		4266.385519000
6	0		4266.406095000
6	21		4266.406129000
6	0		4266.406144000
6	1080		4266.407342000
17		43	4266.419767000
6	0		4266.427889000
6	440		4266.428009000
6	0		4266.470245000
6	48		4266.490874000
6	0		4266.490911000
6	280		4266.495081000
6	0		4266.512996000
6	1420		4266.513235000
6	0		4266.515654000
6	16		4266.545821000
6	0		4266.549801000
6	0		4266.549840000
6	0		4266.586242000
17		43	4266.606511000
6	52		4266.606793000
6	0		4266.606814000
6	52		4266.606889000
6	100		4266.627505000
6	48		4266.644001000
6	0		4266.644044000
6	280		4266.648423000
6	0		4266.670244000
6	0		4266.698780000
6	1420		4266.699027000
17		43	4266.791754000
6	0		4266.852450000
6	0		4266.852515000
17		43	4266.884922000
6	0		4266.892571000
6	12		4266.892820000
6	16		4266.913640000
6	0		4266.932410000
6	12		4266.932446000
6	0		4266.932458000
6	1		4266.932689000
6	4		4266.932710000
6	32		4266.932720000
6	0		4266.932731000
6	0		4266.954241000
6	0		4266.972234000
6	0		4266.972280000
6	0		4266.972287000
6	0		4266.972339000
6	0		4266.972356000
6	0		4266.972469000
6	0		4266.978479000
6	1420		4266.978732000
17		48	4267.071246000
17		35	4267.085742000
6	0		4267.164466000
6	1420		4267.164736000
6	52		4267.216247000
6	0		4267.216297000
6	52		4267.216401000
17		43	4267.257615000
17		43	4267.350581000
17		43	4267.443215000
6	100		4267.478317000
6	0		4267.522242000
6	0		4267.535906000
6	1420		4267.536163000
6	1420		4267.589772000
17		43	4267.628875000
17		43	4267.815461000
6	0		4267.815486000
6	1420		4267.815746000
6	0		4267.906491000
6	0		4267.906549000
17		43	4267.907834000
6	0		4268.079961000
17		43	4268.094337000
6	0		4268.187551000
6	1420		4268.187827000
6	1420		4268.241423000
17		43	4268.280200000
6	1420		4268.348708000
6	1420		4268.455934000
17		43	4268.466545000
17		43	4268.558758000
6	0		4268.652611000
6	1420		4268.652864000
6	1420		4268.706500000
17		43	4268.745234000
6	1420		4268.813764000
6	68		4268.865739000
6	52		4268.887465000
6	0		4268.887516000
6	0		4268.887543000
6	0		4268.888920000
6	0		4268.909458000
6	1420		4268.921064000
17		43	4268.930770000
6	0		4269.024359000
17		43	4269.024392000
6	1420		4269.028287000
17		43	4269.117172000
6	1420		4269.135545000
6	1420		4269.242817000
17		43	4269.303248000
6	1420		4269.350070000
6	0		4269.396471000
6	1420		4269.457324000
17		43	4269.489504000
6	1420		4269.564595000
17		43	4269.582260000
6	1420		4269.671822000
17		43	4269.768391000
6	1420		4269.779111000
6	0		4269.838671000
6	68		4269.854647000
6	0		4269.861601000
6	1420		4269.886377000
17		43	4269.953945000
6	1420		4269.993613000
6	1420		4270.100883000
6	52		4270.119115000
6	0		4270.119168000
6	0		4270.119252000
6	0		4270.120876000
17		48	4270.140610000
17		36	4270.154836000
6	1420		4270.208149000
17		45	4270.232759000
6	0		4270.326095000
6	1420		4270.326330000
6	0		4270.382655000
17		45	4270.419257000
6	1420		4270.422642000
6	1420		4270.529915000
17		45	4270.605283000
6	0		4270.626226000
6	1420		4270.637163000
6	0		4270.698061000
17		45	4270.698091000
17		1358	4270.699619000
6	1420		4270.744433000
17		45	4270.790971000
17		1358	4270.792507000
6	1420		4270.851692000
6	1420		4270.958923000
17		45	4270.977298000
17		1358	4270.978853000
6	1420		4271.066218000
6	0		4271.070528000
17		45	4271.163119000
17		1358	4271.164491000
6	1420		4271.173502000
17		45	4271.256232000
17		1358	4271.257704000
6	1420		4271.280746000
6	1420		4271.387987000
6	0		4271.442351000
6	1420		4271.495247000
6	0		4271.522227000
6	1420		4271.602526000
6	0		4271.627781000
6	1420		4271.709760000
6	0		4271.813783000
6	1420		4271.817016000
6	1420		4271.924283000
6	0		4272.000568000
6	1420		4272.031545000
6	1420		4272.138813000
6	0		4272.186053000
6	1420		4272.246070000
17		44	4272.278954000
17		41	4272.278976000
17		44	4272.278981000
17		45	4272.278986000
17		41	4272.278992000
17		33	4272.279713000
6	1420		4272.353330000
6	0		4272.372609000
6	1420		4272.460567000
6	0		4272.558106000
6	1420		4272.567843000
6	0		4272.651300000
6	1420		4272.675122000
6	0		4272.744536000
6	1420		4272.782385000
6	0		4272.836767000
6	1420		4272.889622000
6	0		4272.930006000
6	1420		4272.996884000
6	0		4273.023233000
6	1420		4273.104150000
6	0		4273.116472000
6	0		4273.208695000
6	1420		4273.211370000
6	0		4273.282241000
6	0		4273.301956000
6	1420		4273.318709000
6	0		4273.394892000
6	1420		4273.425915000
6	0		4273.488187000
6	1420		4273.533175000
6	0		4273.581429000
6	1420		4273.640454000
6	0		4273.673679000
6	1420		4273.747707000
6	0		4273.766929000
6	1420		4273.854967000
6	0		4273.860203000
6	0		4273.953463000
6	1420		4273.962253000
6	0		4274.045699000
6	1420		4274.069475000
6	0		4274.138757000
6	1420		4274.176720000
6	0		4274.231810000
17		44	4274.231849000
17		41	4274.231857000
17		33	4274.258136000
6	1420		4274.284020000
6	0		4274.325263000
6	1420		4274.391244000
6	0		4274.418525000
6	1420		4274.498527000
6	0		4274.510787000
6	0		4274.604037000
6	1420		4274.605761000
6	0		4274.697404000
6	1420		4274.713049000
6	0		4274.790706000
6	1420		4274.820293000
6	0		4274.882956000
6	1420		4274.927547000
6	0		4274.975875000
6	1420		4275.034808000
6	0		4275.069188000
6	1420		4275.142073000
6	0		4275.162405000
6	1420		4275.249322000
6	0		4275.254700000
6	0		4275.347824000
6	1420		4275.356576000
6	0		4275.440939000
6	1420		4275.463859000
6	0		4275.534149000
6	1420		4275.571069000
6	0		4275.627413000
6	1420		4275.678344000
6	0		4275.720620000
6	1420		4275.785641000
6	0		4275.812980000
6	1420		4275.892864000
6	0		4275.906199000
6	0		4275.999386000
6	1420		4276.000114000
6	0		4276.092438000
6	1420		4276.107378000
6	0		4276.184745000
6	1420		4276.214651000
6	0		4276.278023000
6	1420		4276.321890000
6	0		4276.371234000
6	1420		4276.429181000
6	0		4276.464447000
6	1420		4276.536417000
6	0		4276.556725000
6	1420		4276.643685000
6	0		4276.649956000
6	0		4276.743323000
6	1420		4276.750959000
6	0		4276.836397000
6	1420		4276.858205000
6	0		4276.866235000
6	0		4276.929686000
6	0		4276.929714000
6	1420		4276.965447000
6	0		4277.021752000
6	1420		4277.072709000
6	0		4277.115023000
6	1420		4277.179985000
6	0		4277.208250000
6	1420		4277.287250000
6	0		4277.301566000
6	0		4277.393804000
6	1420		4277.394480000
6	0		4277.486836000
6	1420		4277.501778000
6	0		4277.580092000
6	1420		4277.609038000
17		50	4277.672795000
17		1358	4277.674423000
6	1420		4277.716294000
17		1358	4277.753692000
6	0		4277.766520000
6	1420		4277.823521000
17		1358	4277.832210000
17		43	4277.859439000
17		1358	4277.910677000
6	1420		4277.930798000
6	0		4277.951753000
17		1358	4277.988074000
6	1420		4278.038035000
6	0		4278.045336000
17		1358	4278.066537000
17		1039	4278.137763000
17		41	4278.137788000
17		45	4278.137795000
17		35	4278.138363000
17		42	4278.138384000
6	1420		4278.145321000
17		1358	4278.146547000
17		1358	4278.224844000
6	0		4278.231179000
6	1420		4278.252568000
17		1358	4278.303279000
17		43	4278.323861000
6	1420		4278.359826000
17		1358	4278.381864000
6	0		4278.417167000
17		1358	4278.459750000
6	1420		4278.467096000
17		43	4278.509832000
17		1358	4278.538296000
6	1420		4278.574349000
6	0		4278.603012000
17		1358	4278.617510000
6	1420		4278.681622000
17		1358	4278.695512000
6	0		4278.695739000
17		1358	4278.774015000
6	1420		4278.788873000
6	0		4278.788965000
17		1358	4278.852447000
6	0		4278.881881000
6	1420		4278.896146000
17		1358	4278.931383000
6	0		4278.974813000
6	1420		4279.003393000
17		1358	4279.009169000
6	0		4279.068048000
17		1358	4279.087175000
6	1420		4279.110677000
6	0		4279.160701000
17		1358	4279.165468000
6	1420		4279.217930000
17		1358	4279.243708000
6	0		4279.254109000
17		1358	4279.322706000
6	1420		4279.325159000
6	0		4279.347371000
17		1358	4279.400327000
6	1420		4279.432427000
6	0		4279.439811000
17		1358	4279.478488000
6	0		4279.532941000
6	1420		4279.539678000
17		1358	4279.557305000
6	0		4279.626166000
17		1358	4279.636050000
6	1420		4279.646940000
17		1358	4279.714292000
6	0		4279.718826000
6	1420		4279.754240000
17		1358	4279.791878000
6	0		4279.811751000
6	1420		4279.861462000
17		1358	4279.870012000
6	0		4279.905287000
17		1358	4279.948594000
6	1420		4279.968743000
6	0		4279.998152000
17		1358	4280.027412000
6	1420		4280.075981000
6	0		4280.091342000
17		1358	4280.104830000
6	1420		4280.183240000
17		1358	4280.183809000
6	0		4280.183982000
17		1358	4280.261432000
6	0		4280.276791000
6	1420		4280.290490000
17		1358	4280.339701000
6	0		4280.370014000
6	1420		4280.397762000
17		1358	4280.418504000
6	0		4280.462928000
17		1358	4280.496930000
6	1420		4280.505005000
6	0		4280.533196000
6	0		4280.533262000
6	0		4280.556121000
17		1358	4280.575317000
6	1420		4280.612280000
6	0		4280.649511000
17		1358	4280.652877000
6	1420		4280.719540000
17		1358	4280.732265000
6	0		4280.742190000
6	0		4280.742252000
6	0		4280.783115000
6	41		4280.789202000
17		1358	4280.810468000
6	1420		4280.826796000
6	0		4280.835125000
17		1358	4280.888364000
6	0		4280.928327000
6	1420		4280.934077000
17		1358	4280.966330000
6	0		4281.021465000
6	0		4281.038620000
6	21		4281.039060000
6	0		4281.039090000
6	1080		4281.040134000
6	1420		4281.041296000
17		1358	4281.045532000
6	0		4281.114454000
17		1358	4281.123761000
6	1420		4281.148581000
17		1358	4281.202629000
6	1420		4281.255842000
17		1358	4281.280967000
6	0		4281.289078000
6	440		4281.294187000
6	0		4281.300119000
6	0		4281.334246000
17		1358	4281.359426000
6	1420		4281.363094000
17		1358	4281.437592000
6	1420		4281.470356000
6	0		4281.486546000
17		1169	4281.515950000
6	1420		4281.577610000
6	48		4281.583468000
6	0		4281.583506000
6	280		4281.588410000
6	0		4281.672063000
6	1420		4281.684883000
6	1420		4281.792134000
6	0		4281.837640000
6	16		4281.840053000
6	0		4281.858421000
6	0		4281.882243000
6	0		4281.893500000
6	0		4281.893554000
6	1420		4281.899389000
6	0		4281.977895000
6	41		4281.983430000
6	1420		4282.006662000
6	0		4282.043971000
6	0		4282.067512000
6	21		4282.067566000
6	0		4282.067582000
6	1080		4282.068680000
6	1420		4282.113903000
6	52		4282.131548000
6	0		4282.131586000
6	52		4282.131681000
6	0		4282.152767000
6	440		4282.152804000
6	0		4282.194236000
6	1420		4282.221187000
6	0		4282.230402000
6	48		4282.278356000
6	0		4282.278397000
6	280		4282.283957000
6	1420		4282.328421000
6	0		4282.368124000
6	16		4282.369778000
6	84		4282.382187000
6	0		4282.410241000
6	0		4282.415944000
6	0		4282.426222000
6	1420		4282.435682000
6	52		4282.494617000
6	0		4282.494655000
6	52		4282.494819000
6	1420		4282.542941000
6	84		4282.580882000
6	0		4282.602322000
6	0		4282.622222000
6	1420		4282.650214000
6	1420		4282.757460000
6	0		4282.787773000
6	1420		4282.864731000
6	1420		4282.971969000
6	0		4282.974212000
6	1420		4283.079232000
6	0		4283.159699000
6	1420		4283.186493000
6	1420		4283.293771000
6	0		4283.346035000
6	1420		4283.401021000
6	1420		4283.508312000
6	0		4283.532494000
6	1420		4283.615560000
6	0		4283.718074000
6	1420		4283.722779000
6	1420		4283.830066000
6	0		4283.904323000
6	1420		4283.937319000
6	0		4284.034233000
6	1420		4284.044612000
17		43	4284.089913000
6	1420		4284.151847000
6	0		4284.183165000
6	1420		4284.259085000
17		43	4284.275709000
6	1420		4284.366351000
17		43	4284.461807000
6	1420		4284.473595000
6	68		4284.485357000
6	0		4284.555536000
17		43	4284.555569000
6	1420		4284.580873000
17		43	4284.648413000
6	68		4284.683539000
6	1420		4284.688107000
6	52		4284.734137000
6	0		4284.734189000
6	0		4284.734266000
6	0		4284.735968000
6	52		4284.767650000
6	0		4284.767692000
6	0		4284.767714000
6	0		4284.769078000
6	1420		4284.795373000
17		43	4284.834084000
6	0		4284.853435000
6	1420		4284.901996000
6	0		4284.927361000
6	0		4284.984630000
6	1420		4285.008563000
17		49	4285.019809000
17		36	4285.033733000
17		43	4285.113332000
17		840	4285.113356000
17		36	4285.115166000
6	1420		4285.115196000
17		76	4285.123788000
17		33	4285.123843000
6	0		4285.206533000
6	1420		4285.221725000
17		43	4285.299533000
6	1420		4285.328344000
6	1420		4285.434939000
17		43	4285.485680000
6	1420		4285.541537000
17		43	4285.577895000
6	1420		4285.648093000
6	0		4285.671088000
6	1420		4285.754713000
17		43	4285.764473000
6	1420		4285.861284000
17		43	4285.950286000
6	1420		4285.967885000
6	0		4286.042793000
6	1420		4286.074529000
17		43	4286.136201000
6	1420		4286.181094000
17		43	4286.229118000
6	1420		4286.287670000
17		43	4286.321969000
6	1420		4286.372930000
6	0		4286.415207000
6	1420		4286.458215000
17		43	4286.508397000
6	1420		4286.543465000
6	1420		4286.628763000
17		43	4286.693981000
6	1420		4286.714038000
17		43	4286.787053000
6	1420		4286.799288000
6	0		4286.879767000
6	1420		4286.884612000
6	1420		4286.969818000
17		43	4286.973600000
6	1420		4287.055062000
6	1420		4287.140349000
17		43	4287.159431000
6	1420		4287.225650000
17		43	4287.252225000
6	1420		4287.310898000
6	0		4287.345531000
6	1420		4287.396183000
17		43	4287.438198000
6	1420		4287.481534000
6	1420		4287.566737000
17		43	4287.623933000
6	1420		4287.651988000
6	0		4287.717233000
6	1420		4287.737250000
17		43	4287.810603000
6	1420		4287.822503000
17		43	4287.902812000
6	1420		4287.907787000
6	1420		4287.993065000
17		48	4287.995845000
17		36	4288.009967000
6	1420		4288.078330000
6	0		4288.089523000
6	1420		4288.163613000
17		43	4288.182521000
6	1420		4288.248894000
6	1420		4288.334142000
17		43	4288.368084000
6	1420		4288.419403000
17		43	4288.460770000
6	1420		4288.504683000
6	0		4288.554012000
6	1420		4288.589948000
17		43	4288.647089000
6	1420		4288.675214000
6	1420		4288.760479000
17		43	4288.832856000
6	1420		4288.845763000
6	0		4288.926068000
6	1420		4288.931041000
6	1420		4289.016331000
17		43	4289.019000000
17		43	4289.111655000
17		43	4289.297909000
6	0		4289.391344000
17		43	4289.484476000
17		43	4289.669751000
6	0		4289.763178000
17		43	4289.856290000
17		43	4290.041698000
17		43	4290.134870000
6	0		4290.228188000
17		43	4290.321439000
17		43	4290.506821000
17		1035	4290.506844000
17		35	4290.507502000
17		34	4290.507590000
17		156	4290.508280000
17		1358	4290.516216000
17		1358	4290.579785000
6	0		4290.600054000
17		1358	4290.642629000
17		43	4290.693300000
17		1358	4290.704946000
17		1358	4290.767830000
17		43	4290.785878000
17		1358	4290.830260000
17		1358	4290.893442000
17		1358	4290.955230000
17		43	4290.972520000
6	0		4290.974856000
6	0		4290.974911000
6	0		4291.014209000
6	12		4291.014427000
17		1358	4291.018798000
6	0		4291.053467000
6	12		4291.053502000
6	0		4291.053512000
6	1		4291.053676000
6	4		4291.053692000
6	32		4291.053701000
6	0		4291.053719000
6	0		4291.064734000
17		1358	4291.081151000
6	0		4291.092764000
6	0		4291.092811000
6	0		4291.092817000
6	0		4291.092872000
6	0		4291.092886000
17		1358	4291.143583000
17		43	4291.158140000
17		1358	4291.206071000
17		1358	4291.268899000
17		1358	4291.332225000
17		43	4291.344562000
17		1358	4291.394518000
6	0		4291.436757000
17		1358	4291.456965000
17		1358	4291.519422000
17		43	4291.530346000
17		1358	4291.582743000
17		1358	4291.645869000
17		1358	4291.707961000
6	0		4291.716494000
17		1358	4291.770401000
17		1358	4291.832217000
17		1358	4291.895998000
6	0		4291.902053000
17		1358	4291.958204000
17		1358	4292.020979000
17		1358	4292.083195000
6	0		4292.087994000
17		1358	4292.147241000
17		1358	4292.209117000
17		1358	4292.271154000
6	0		4292.273959000
17		1358	4292.333926000
17		1358	4292.396505000
17		1358	4292.459384000
6	0		4292.460437000
17		1358	4292.522050000
17		1358	4292.584301000
6	0		4292.646568000
17		1358	4292.647402000
17		1358	4292.710327000
17		1358	4292.773341000
6	0		4292.831787000
17		1358	4292.835202000
17		1358	4292.897693000
17		1358	4292.960969000
6	0		4293.018207000
17		1358	4293.024141000
17		1358	4293.086323000
17		1358	4293.148422000
6	0		4293.203835000
17		1358	4293.210963000
17		1358	4293.274269000
17		1358	4293.337104000
6	0		4293.389730000
17		1358	4293.399489000
17		1358	4293.462333000
17		1358	4293.525056000
6	0		4293.575795000
17		1358	4293.587807000
17		1358	4293.650569000
17		1358	4293.712194000
6	0		4293.762076000
17		1358	4293.775301000
17		1358	4293.838352000
17		1358	4293.901276000
6	0		4293.947792000
17		1358	4293.963308000
17		1358	4294.026244000
17		466	4294.089178000
6	0		4294.133745000
6	0		4294.319809000
6	0		4294.506234000
6	0		4294.598981000
17		41	4294.599010000
17		44	4294.692210000
17		41	4294.692246000
17		33	4294.718248000
6	0		4294.784886000
6	0		4294.971011000
6	1420		4294.971268000
6	1420		4295.024549000
17		754	4295.063878000
17		36	4295.064849000
17		76	4295.072899000
17		33	4295.072938000
6	1420		4295.131144000
6	0		4295.157105000
6	1420		4295.237729000
6	0		4295.343220000
6	1420		4295.344344000
6	0		4295.436459000
6	1420		4295.450922000
6	1420		4295.557528000
6	0		4295.622380000
6	1420		4295.664121000
6	1420		4295.770688000
6	0		4295.808648000
6	1420		4295.877285000
6	1420		4295.983869000
6	0		4295.993837000
6	1420		4296.090440000
6	0		4296.180601000
6	1420		4296.197048000
6	1420		4296.303617000
6	0		4296.366510000
6	1420		4296.410231000
6	1420		4296.516811000
6	0		4296.551762000
6	1420		4296.623412000
6	1420		4296.729985000
6	0		4296.737905000
6	1420		4296.836587000
6	0		4296.924605000
6	1420		4296.943157000
6	1420		4297.049760000
6	0		4297.110615000
6	1420		4297.156351000
6	1420		4297.262944000
6	0		4297.296230000
6	1420		4297.369551000
6	1420		4297.476140000
6	0		4297.482107000
6	1420		4297.582718000
6	0		4297.667887000
6	1420		4297.689295000
6	1420		4297.795885000
6	0		4297.853795000
6	1420		4297.902507000
6	1420		4298.009069000
6	0		4298.040059000
6	0		4298.114226000
6	1420		4298.115687000
6	1420		4298.222278000
6	0		4298.226246000
6	1420		4298.328865000
6	0		4298.412003000
6	1420		4298.435458000
6	1420		4298.542048000
6	0		4298.598417000
17		49	4298.598449000
17		36	4298.612928000
6	1420		4298.648671000
17		43	4298.691576000
6	1420		4298.755228000
17		43	4298.784023000
6	1420		4298.861806000
17		43	4298.877721000
6	1420		4298.968424000
17		43	4298.970550000
17		43	4299.063019000
6	1420		4299.074999000
17		43	4299.156251000
6	1420		4299.181724000
17		43	4299.248786000
6	1420		4299.288199000
17		43	4299.342536000
6	1420		4299.394806000
17		43	4299.435106000
6	1420		4299.501391000
17		43	4299.527776000
6	1420		4299.607967000
17		43	4299.620919000
17		43	4299.714447000
17		43	4299.807526000
17		43	4299.899767000
17		43	4299.993003000
17		43	4300.086142000
17		43	4300.179245000
17		43	4300.272538000
17		43	4300.364743000
17		48	4300.458067000
17		35	4300.472061000
17		43	4300.551149000
17		43	4300.644443000
17		43	4300.737093000
17		43	4300.829952000
17		43	4300.923168000
17		43	4301.016409000
17		43	4301.109544000
17		43	4301.201761000
17		43	4301.294913000
17		43	4301.387958000
17		43	4301.481267000
17		43	4301.574463000
17		43	4301.667578000
17		43	4301.759979000
17		43	4301.853588000
17		43	4301.946450000
17		43	4302.039508000
17		43	4302.132587000
17		43	4302.224893000
17		48	4302.318033000
17		35	4302.332522000
17		43	4302.411331000
17		43	4302.503837000
17		43	4302.596904000
17		43	4302.690074000
17		43	4302.783179000
17		43	4302.876476000
17		43	4302.969571000
17		44	4303.061852000
17		44	4303.155069000
17		44	4303.248352000
17		44	4303.341612000
17		44	4303.434136000
17		1125	4303.434161000
17		34	4303.434783000
17		33	4303.435459000
17		1358	4303.437468000
17		1358	4303.517320000
17		44	4303.527461000
17		1358	4303.595866000
6	0		4303.619768000
6	1420		4303.620075000
6	1420		4303.673327000
17		1358	4303.673803000
6	0		4303.712996000
17		44	4303.713036000
17		41	4303.713045000
17		33	4303.739215000
17		1358	4303.752337000
6	1420		4303.779936000
6	0		4303.806361000
6	1420		4303.886514000
6	0		4303.898921000
6	0		4303.992107000
17		1171	4303.992131000
17		36	4303.993144000
6	1420		4303.993175000
17		108	4304.004944000
17		46	4304.004985000
6	0		4304.085350000
6	1420		4304.099689000
6	0		4304.178105000
6	1420		4304.206269000
6	0		4304.271296000
6	1420		4304.312906000
6	0		4304.363727000
6	1420		4304.419479000
6	0		4304.456906000
6	1420		4304.526060000
6	0		4304.550214000
6	1420		4304.632687000
6	0		4304.643041000
6	0		4304.736216000
6	1420		4304.739251000
6	0		4304.829463000
6	1420		4304.845823000
6	0		4304.921832000
6	1420		4304.952404000
6	0		4305.015280000
6	1420		4305.058971000
6	0		4305.108482000
6	1420		4305.165630000
6	0		4305.201418000
6	1420		4305.272164000
6	1420		4305.378784000
6	0		4305.386729000
6	1420		4305.485362000
6	0		4305.573482000
6	1420		4305.591975000
6	1420		4305.698556000
6	0		4305.758992000
6	1420		4305.805145000
6	0		4305.852262000
6	1420		4305.911720000
6	1420		4306.018319000
6	0		4306.038281000
6	1420		4306.124911000
6	0		4306.224386000
6	1420		4306.231483000
6	1420		4306.338089000
6	0		4306.410014000
6	1420		4306.444703000
6	1420		4306.551263000
6	0		4306.596273000
6	1420		4306.657868000
6	1420		4306.764441000
6	0		4306.782382000
6	1420		4306.871028000
6	0		4306.968538000
6	1420		4306.977628000
6	1420		4307.084233000
6	0		4307.093901000
6	0		4307.093963000
6	0		4307.132732000
6	12		4307.132977000
6	0		4307.154114000
6	0		4307.171215000
6	12		4307.171263000
6	0		4307.171276000
6	1		4307.171425000
6	4		4307.171440000
6	32		4307.171454000
6	0		4307.171462000
6	1420		4307.190818000
6	0		4307.209709000
6	0		4307.209861000
6	0		4307.209869000
6	0		4307.209872000
6	0		4307.209885000
6	1420		4307.297409000
6	0		4307.340346000
6	1420		4307.404010000
6	1420		4307.510625000
6	0		4307.526625000
6	1420		4307.617163000
17		43	4307.619152000
17		1358	4307.620920000
17		1358	4307.700352000
17		49	4307.712465000
6	0		4307.712501000
6	1420		4307.723764000
17		36	4307.725714000
17		1358	4307.777947000
17		43	4307.804657000
6	1420		4307.830367000
17		1358	4307.856638000
17		43	4307.898460000
17		1358	4307.935191000
6	1420		4307.936943000
17		1358	4308.012855000
6	1420		4308.043546000
6	0		4308.083857000
17		1358	4308.091288000
6	1420		4308.150138000
17		1358	4308.169801000
17		43	4308.176995000
17		1358	4308.247702000
6	1420		4308.256754000
17		43	4308.270049000
17		1358	4308.326096000
6	1420		4308.363288000
17		1358	4308.404583000
6	0		4308.456296000
17		41	4308.456341000
6	1420		4308.469883000
17		1358	4308.483311000
17		44	4308.548953000
17		41	4308.548978000
17		1358	4308.561999000
17		33	4308.574701000
6	1420		4308.576494000
17		1358	4308.639196000
6	0		4308.641732000
6	1420		4308.683083000
17		1358	4308.717780000
6	1420		4308.768383000
17		1358	4308.796833000
6	0		4308.828514000
6	1420		4308.853605000
17		1358	4308.875084000
6	1420		4308.938890000
17		1358	4308.953663000
6	0		4309.014013000
6	1420		4309.024182000
17		1358	4309.031682000
6	1420		4309.109429000
17		1358	4309.109927000
17		1358	4309.188260000
6	1420		4309.194711000
6	0		4309.200236000
17		1358	4309.267208000
6	1420		4309.279987000
17		1358	4309.345787000
6	1420		4309.365260000
6	0		4309.386455000
17		1358	4309.423110000
6	1420		4309.450541000
17		1358	4309.501952000
6	1420		4309.535821000
6	0		4309.572577000
17		1358	4309.579858000
6	1420		4309.621057000
17		1358	4309.658025000
6	1420		4309.706364000
17		1358	4309.736740000
6	0		4309.758499000
6	1420		4309.791637000
17		1358	4309.814784000
6	1420		4309.876874000
17		1358	4309.892927000
6	0		4309.944169000
6	1420		4309.962123000
17		1358	4309.971172000
6	1420		4310.047427000
17		1358	4310.050002000
17		1358	4310.129100000
6	0		4310.130617000
6	1420		4310.132676000
17		1358	4310.206330000
6	1420		4310.217944000
17		1358	4310.284694000
6	1420		4310.303222000
6	0		4310.316756000
17		1358	4310.362987000
6	1420		4310.388501000
17		1358	4310.441073000
6	1420		4310.473784000
6	0		4310.502022000
17		1358	4310.519606000
6	1420		4310.559042000
17		1358	4310.598442000
6	1420		4310.644325000
17		1358	4310.676834000
6	0		4310.687686000
6	1420		4310.729572000
17		1358	4310.754568000
6	1420		4310.814868000
17		1358	4310.833215000
6	0		4310.874300000
6	1420		4310.900148000
17		1358	4310.910846000
6	1420		4310.985393000
17		1358	4310.989856000
6	0		4311.060418000
17		788	4311.067859000
6	1420		4311.070634000
6	1420		4311.155916000
6	1420		4311.241198000
6	0		4311.246159000
6	1420		4311.326498000
6	0		4311.339603000
6	1420		4311.411725000
6	1420		4311.497010000
6	0		4311.525179000
6	1420		4311.582280000
6	1420		4311.667545000
17		43	4311.711427000
6	0		4311.711470000
6	1420		4311.752810000
17		43	4311.804112000
6	1420		4311.838098000
6	1420		4311.923354000
17		43	4311.989731000
6	1420		4312.008622000
6	0		4312.082935000
6	1420		4312.093903000
17		43	4312.175994000
6	1420		4312.179148000
6	1420		4312.264444000
17		43	4312.269500000
6	1420		4312.349709000
6	1420		4312.434994000
17		43	4312.454988000
6	1420		4312.520224000
6	0		4312.548529000
6	1420		4312.605497000
17		43	4312.641053000
6	1420		4312.690782000
6	1420		4312.776054000
17		43	4312.827528000
6	1420		4312.918172000
17		43	4312.919893000
6	0		4313.013715000
6	1420		4313.060276000
17		43	4313.105725000
17		43	4313.198963000
6	1420		4313.202403000
6	0		4313.292165000
6	1420		4313.344603000
17		43	4313.384959000
17		43	4313.478234000
6	1420		4313.486602000
6	1420		4313.628739000
17		43	4313.663884000
6	0		4313.757211000
6	1420		4313.770839000
17		43	4313.850460000
6	1420		4313.912956000
17		48	4314.036312000
17		36	4314.049879000
6	1420		4314.055078000
6	0		4314.129064000
6	1420		4314.197211000
17		43	4314.222301000
6	1420		4314.339302000
17		43	4314.408638000
6	1420		4314.481435000
6	0		4314.500864000
17		43	4314.593863000
6	1420		4314.623551000
6	1420		4314.765665000
17		43	4314.779996000
6	0		4314.873231000
17		43	4314.873264000
6	1420		4314.907766000
6	0		4314.929109000
6	0		4314.929158000
17		43	4314.966294000
6	1420		4315.049877000
17		653	4315.059560000
17		36	4315.060546000
17		77	4315.068549000
17		33	4315.068595000
17		43	4315.151999000
6	1420		4315.191989000
6	0		4315.212422000
6	0		4315.212506000
6	0		4315.245256000
6	0		4315.251915000
6	12		4315.252168000
6	0		4315.291429000
6	12		4315.291463000
6	0		4315.291474000
6	1		4315.291689000
6	4		4315.291722000
6	32		4315.291734000
6	0		4315.291748000
6	0		4315.330893000
6	0		4315.330929000
6	0		4315.330933000
6	0		4315.331157000
6	0		4315.331170000
6	1420		4315.334102000
17		43	4315.338434000
6	1420		4315.476228000
17		43	4315.523802000
6	0		4315.617077000
6	1420		4315.618325000
17		43	4315.709845000
6	1420		4315.760447000
17		43	4315.895736000
6	1420		4315.902572000
6	0		4315.989223000
6	1420		4316.044701000
17		43	4316.081859000
6	1420		4316.186796000
17		43	4316.268170000
6	1420		4316.328925000
6	0		4316.361353000
17		43	4316.454441000
6	1420		4316.470996000
6	0		4316.569979000
6	0		4316.570038000
6	0		4316.608360000
6	1420		4316.613129000
6	0		4316.639770000
17		43	4316.639814000
17		43	4316.733407000
6	1420		4316.755242000
17		43	4316.826624000
6	1420		4316.897401000
17		43	4317.011844000
6	0		4317.105202000
17		43	4317.198240000
17		48	4317.384551000
17		36	4317.398492000
6	0		4317.476838000
17		43	4317.569849000
17		43	4317.756272000
6	0		4317.849076000
17		1127	4317.849114000
17		42	4317.849766000
17		1358	4317.852430000
17		1358	4317.931256000
17		43	4317.941734000
17		1358	4318.010099000
17		1358	4318.088500000
17		43	4318.127919000
17		1358	4318.166391000
6	0		4318.221138000
17		1358	4318.244483000
17		43	4318.313825000
17		1358	4318.322653000
17		1358	4318.402361000
17		43	4318.406718000
17		1358	4318.480757000
6	0		4318.499971000
17		1358	4318.558830000
17		43	4318.592957000
17		1358	4318.637392000
17		1358	4318.715564000
17		43	4318.778808000
17		1358	4318.793247000
17		1358	4318.871524000
17		43	4318.871944000
17		1358	4318.949808000
6	0		4318.965151000
17		1358	4319.028089000
17		1358	4319.106748000
6	0		4319.151607000
17		1358	4319.184654000
17		1358	4319.263391000
6	0		4319.337076000
17		1358	4319.341599000
17		1358	4319.420040000
17		1358	4319.498976000
6	0		4319.523498000
6	0		4319.560882000
6	0		4319.560945000
17		1358	4319.576937000
17		1358	4319.655366000
6	0		4319.681153000
6	41		4319.687306000
6	0		4319.709439000
17		1358	4319.733496000
6	0		4319.806956000
6	21		4319.807005000
6	0		4319.807030000
6	1080		4319.808074000
17		1358	4319.811670000
17		1358	4319.889535000
6	0		4319.895064000
6	440		4319.927941000
17		1358	4319.967628000
6	0		4319.970207000
17		1358	4320.046795000
6	0		4320.081086000
6	48		4320.089958000
6	0		4320.089998000
6	280		4320.095382000
17		1358	4320.124402000
6	0		4320.174325000
17		1358	4320.202849000
6	16		4320.217650000
6	0		4320.258229000
17		1358	4320.281179000
17		1358	4320.359329000
6	0		4320.360429000
6	52		4320.377815000
6	0		4320.377856000
6	52		4320.377954000
17		1358	4320.437658000
6	84		4320.497683000
17		1358	4320.516566000
6	0		4320.538212000
6	0		4320.546231000
17		1358	4320.593920000
17		1358	4320.672969000
6	0		4320.732440000
17		1358	4320.751122000
17		1358	4320.829112000
17		1358	4320.908388000
6	0		4320.917715000
17		1358	4320.986614000
17		1358	4321.064678000
6	0		4321.104073000
17		1358	4321.143807000
17		1358	4321.221150000
6	0		4321.259505000
17		1358	4321.300394000
17		1358	4321.378113000
6	0		4321.383027000
17		1358	4321.456957000
6	0		4321.506745000
6	1420		4321.507018000
17		1358	4321.534566000
17		1358	4321.613019000
6	0		4321.631082000
6	1420		4321.631297000
6	1420		4321.684642000
17		1358	4321.690961000
6	0		4321.755380000
17		1358	4321.769525000
6	1420		4321.791202000
17		1358	4321.847674000
6	0		4321.879074000
17		44	4321.879106000
17		41	4321.879115000
6	1420		4321.897786000
17		33	4321.905695000
17		1358	4321.926019000
6	0		4322.003433000
6	1420		4322.004408000
17		1358	4322.004789000
17		1358	4322.082448000
6	1420		4322.111008000
6	0		4322.127269000
17		1358	4322.161127000
6	1420		4322.217570000
17		1358	4322.239788000
6	0		4322.251563000
17		1358	4322.317673000
6	1420		4322.324186000
6	0		4322.375147000
17		1358	4322.396213000
6	1420		4322.430756000
17		1358	4322.474318000
6	0		4322.499236000
6	1420		4322.537337000
17		1358	4322.552895000
17		767	4322.560951000
17		36	4322.562349000
17		108	4322.574381000
17		204	4322.574443000
6	0		4322.623467000
17		1358	4322.630655000
6	1420		4322.643936000
17		43	4322.685675000
17		49	4322.746878000
6	1420		4322.750502000
17		36	4322.760456000
6	0		4322.809315000
17		43	4322.809342000
6	68		4322.815605000
6	1420		4322.857114000
17		43	4322.871727000
17		43	4322.933477000
6	52		4322.935344000
6	0		4322.935392000
6	0		4322.935416000
6	0		4322.936939000
6	1420		4322.963703000
17		43	4322.995567000
6	0		4323.056721000
17		43	4323.056977000
6	1420		4323.070302000
17		43	4323.119071000
6	1420		4323.176884000
17		43	4323.181578000
17		43	4323.243261000
6	1420		4323.283534000
17		43	4323.305464000
6	0		4323.331949000
6	0		4323.332006000
17		43	4323.367416000
6	0		4323.371808000
6	12		4323.371979000
6	1420		4323.390066000
6	0		4323.411820000
6	12		4323.411852000
6	0		4323.411863000
6	1		4323.412000000
6	4		4323.412014000
6	32		4323.412023000
6	0		4323.412033000
17		43	4323.429068000
6	0		4323.451881000
6	0		4323.451920000
6	0		4323.451924000
6	0		4323.452084000
6	0		4323.452099000
17		43	4323.491416000
6	1420		4323.496659000
17		43	4323.553395000
6	1420		4323.603237000
17		43	4323.614692000
17		43	4323.677392000
6	1420		4323.709937000
17		43	4323.739514000
17		43	4323.801172000
6	1420		4323.816432000
17		43	4323.863237000
6	1420		4323.923038000
17		43	4323.924746000
17		48	4323.987428000
17		35	4324.000926000
6	1420		4324.029616000
17		43	4324.049286000
17		43	4324.110979000
6	1420		4324.136183000
17		43	4324.172916000
17		43	4324.235369000
6	1420		4324.242793000
17		43	4324.296759000
6	1420		4324.349416000
17		43	4324.358941000
17		43	4324.421589000
17		43	4324.482804000
17		43	4324.544890000
17		43	4324.607041000
17		43	4324.669288000
17		43	4324.730744000
17		43	4324.793537000
17		43	4324.854816000
17		43	4324.916987000
17		43	4324.979186000
17		43	4325.041674000
17		43	4325.103369000
17		43	4325.164867000
17		48	4325.226672000
17		35	4325.240408000
17		43	4325.288687000
17		43	4325.350858000
6	0		4325.412827000
6	1420		4325.413069000
6	1420		4325.455707000
17		43	4325.475264000
17		43	4325.537179000
6	1420		4325.540976000
6	0		4325.599326000
6	1420		4325.626267000
6	0		4325.661526000
6	1420		4325.711542000
17		43	4325.723172000
17		43	4325.785066000
6	1420		4325.796787000
6	0		4325.847427000
6	1420		4325.882066000
17		43	4325.909514000
6	1420		4325.967333000
6	0		4325.970676000
17		43	4326.032764000
6	1420		4326.052589000
6	0		4326.095163000
6	1420		4326.137881000
17		44	4326.156986000
17		44	4326.219245000
6	1420		4326.223143000
6	0		4326.281473000
17		44	4326.281497000
6	1420		4326.308451000
6	0		4326.342686000
6	1420		4326.393671000
17		44	4326.404768000
17		44	4326.466907000
17		1358	4326.468520000
6	1420		4326.478956000
6	0		4326.529677000
6	0		4326.530202000
6	1420		4326.564217000
17		44	4326.591468000
17		1358	4326.593100000
6	1420		4326.649498000
6	0		4326.652922000
17		44	4326.714664000
17		1358	4326.716263000
6	1420		4326.734744000
6	0		4326.777053000
6	1420		4326.820015000
6	0		4326.837542000
6	0		4326.837591000
17		44	4326.839290000
17		45	4326.839310000
17		41	4326.839316000
17		1358	4326.841145000
17		33	4326.865434000
17		45	4326.900753000
6	1420		4326.905332000
17		1358	4326.920192000
6	0		4326.962945000
6	1420		4326.990569000
6	0		4327.024877000
6	1420		4327.075823000
6	0		4327.087024000
6	0		4327.149321000
6	1420		4327.161116000
6	0		4327.211588000
6	1420		4327.246382000
6	0		4327.273365000
6	1420		4327.331634000
6	0		4327.397151000
6	1420		4327.416909000
6	1420		4327.502178000
6	0		4327.521341000
6	1420		4327.587437000
6	0		4327.644761000
6	1420		4327.672734000
6	1420		4327.758024000
6	0		4327.769243000
6	1420		4327.843273000
6	0		4327.892665000
6	1420		4327.928548000
6	1420		4328.013811000
6	0		4328.017028000
6	1420		4328.099075000
6	0		4328.141411000
6	1420		4328.184356000
6	0		4328.213813000
6	0		4328.213879000
6	0		4328.264808000
6	1420		4328.269601000
6	1420		4328.354876000
6	0		4328.389086000
6	0		4328.401094000
6	41		4328.407432000
6	1420		4328.497039000
6	0		4328.513510000
6	0		4328.594334000
6	21		4328.601781000
6	0		4328.601822000
6	1080		4328.602983000
6	0		4328.636709000
6	1420		4328.639137000
6	0		4328.760643000
6	1420		4328.781253000
6	440		4328.790705000
17		44	4328.822986000
17		1358	4328.824574000
6	0		4328.834235000
17		1358	4328.903932000
6	1420		4328.923365000
6	0		4328.947183000
17		1358	4328.982017000
17		43	4329.009107000
6	48		4329.021140000
6	0		4329.021187000
6	280		4329.027438000
17		1358	4329.060213000
6	1420		4329.065478000
17		48	4329.071103000
17		36	4329.085123000
6	0		4329.133309000
17		1358	4329.148536000
6	1420		4329.207597000
17		1358	4329.216761000
6	16		4329.219809000
17		43	4329.257434000
6	0		4329.257469000
6	0		4329.262227000
17		1358	4329.295747000
6	1420		4329.349701000
17		1358	4329.373354000
17		43	4329.381028000
6	0		4329.442850000
6	52		4329.449140000
6	0		4329.449181000
6	52		4329.449267000
17		1358	4329.451833000
6	1420		4329.491818000
17		1358	4329.530676000
6	0		4329.567173000
17		1358	4329.608181000
6	1420		4329.633931000
6	84		4329.639248000
6	0		4329.682235000
17		1358	4329.686854000
6	0		4329.691580000
17		1358	4329.764567000
6	1420		4329.776032000
6	0		4329.815439000
17		1358	4329.843586000
6	1420		4329.918165000
17		1358	4329.921640000
6	0		4329.938999000
17		1358	4330.000251000
6	1420		4330.024738000
6	0		4330.062672000
17		1358	4330.078783000
6	1420		4330.131325000
17		1358	4330.157617000
6	0		4330.187272000
17		1358	4330.235588000
6	1420		4330.237922000
6	0		4330.311423000
17		1358	4330.313567000
6	1420		4330.344512000
17		1358	4330.392020000
6	0		4330.434983000
6	1420		4330.451115000
17		1358	4330.470343000
17		1358	4330.548529000
6	1420		4330.557701000
6	0		4330.558778000
17		1358	4330.626900000
6	1420		4330.664298000
17		43	4330.682911000
17		1358	4330.705394000
6	0		4330.744896000
17		43	4330.744929000
6	1420		4330.752998000
17		1358	4330.783455000
6	1420		4330.841769000
17		1358	4330.862226000
17		43	4330.868869000
6	1420		4330.929555000
17		43	4330.930895000
17		1358	4330.940649000
6	0		4330.993031000
17		43	4330.993056000
6	1420		4331.017382000
17		1358	4331.018199000
17		1358	4331.097286000
6	1420		4331.105170000
17		43	4331.117527000
17		1358	4331.174806000
17		43	4331.179031000
6	1420		4331.192974000
6	0		4331.241305000
17		1358	4331.253154000
6	1420		4331.280829000
17		43	4331.303297000
17		1358	4331.332227000
17		43	4331.365310000
6	1420		4331.368608000
17		1358	4331.410404000
6	0		4331.452951000
6	0		4331.453014000
6	1420		4331.456447000
17		1358	4331.488056000
17		43	4331.488814000
6	0		4331.491895000
6	12		4331.492124000
6	68		4331.525750000
6	0		4331.530985000
6	12		4331.531033000
6	0		4331.531055000
6	1		4331.531250000
6	4		4331.531270000
6	32		4331.531279000
6	0		4331.531291000
6	1420		4331.544232000
17		43	4331.551361000
17		1358	4331.566953000
6	0		4331.570319000
6	0		4331.570361000
6	0		4331.570365000
6	0		4331.570482000
6	0		4331.570496000
6	0		4331.613713000
6	1420		4331.632036000
17		1358	4331.644937000
17		43	4331.675422000
6	52		4331.714492000
6	0		4331.714535000
6	0		4331.714556000
6	0		4331.715887000
6	1420		4331.719848000
17		1358	4331.723611000
17		43	4331.737299000
17		1358	4331.801392000
6	1420		4331.807660000
17		43	4331.861063000
17		1358	4331.879825000
6	1420		4331.895485000
6	0		4331.902738000
6	0		4331.923273000
17		1358	4331.958543000
6	1420		4331.983317000
17		43	4331.985302000
17		1358	4332.036979000
6	1420		4332.071092000
17		706	4332.109225000
17		43	4332.109272000
17		36	4332.110353000
17		1358	4332.115121000
17		75	4332.118527000
17		33	4332.118647000
6	1420		4332.158899000
6	0		4332.171482000
17		1358	4332.193209000
17		43	4332.233210000
6	1420		4332.246732000
17		1358	4332.271733000
17		48	4332.295534000
17		35	4332.309469000
6	1420		4332.334648000
17		1358	4332.350160000
17		43	4332.419656000
6	1420		4332.422336000
17		1358	4332.428023000
6	0		4332.480961000
17		1358	4332.506209000
6	1420		4332.510179000
17		43	4332.543542000
17		1358	4332.585554000
6	1420		4332.597977000
17		1358	4332.663660000
17		43	4332.667108000
6	1420		4332.685786000
17		43	4332.728866000
17		1358	4332.742347000
6	1420		4332.773596000
6	0		4332.791197000
17		1358	4332.819971000
17		43	4332.852761000
6	1420		4332.861413000
17		1358	4332.899018000
6	1420		4332.949230000
17		1358	4332.977218000
17		43	4332.977431000
6	1420		4333.037018000
6	0		4333.039660000
17		1358	4333.055734000
17		43	4333.101253000
6	1420		4333.124843000
17		1358	4333.150210000
17		43	4333.163371000
6	1420		4333.212658000
6	0		4333.225601000
17		1358	4333.246683000
17		43	4333.286996000
6	1420		4333.300487000
17		1358	4333.341132000
6	1420		4333.388268000
17		43	4333.411422000
17		1358	4333.437668000
17		43	4333.472972000
6	1420		4333.476118000
17		1358	4333.533553000
6	0		4333.535248000
6	1420		4333.563897000
17		43	4333.596986000
17		1358	4333.628160000
6	1420		4333.651725000
17		43	4333.720870000
17		1358	4333.722340000
6	1420		4333.739526000
6	0		4333.783300000
17		1358	4333.819898000
6	1420		4333.827346000
17		43	4333.844920000
6	1420		4333.915146000
17		1358	4333.915887000
17		43	4333.968819000
6	1420		4334.002971000
17		1358	4334.010388000
6	0		4334.031285000
6	1420		4334.090771000
17		43	4334.092877000
17		1358	4334.106585000
6	1420		4334.178589000
17		1358	4334.202458000
17		43	4334.216773000
6	1420		4334.266399000
6	0		4334.278719000
17		43	4334.278743000
17		1358	4334.298279000
6	1420		4334.354219000
17		1358	4334.393748000
17		43	4334.403518000
6	1420		4334.442034000
17		48	4334.465044000
17		35	4334.478990000
17		1358	4334.488971000
6	0		4334.526911000
6	1420		4334.529829000
17		1358	4334.584324000
17		43	4334.589128000
6	1420		4334.617650000
17		1358	4334.680009000
6	1420		4334.705457000
17		43	4334.713016000
6	0		4334.775302000
17		1358	4334.775459000
6	1420		4334.793268000
17		43	4334.837059000
17		1358	4334.872285000
6	1420		4334.881081000
17		41	4334.899470000
17		44	4334.960698000
17		43	4334.960737000
17		41	4334.960746000
17		1358	4334.967186000
6	1420		4334.968880000
17		33	4334.987224000
6	0		4335.022746000
6	1420		4335.056705000
17		1358	4335.062885000
17		43	4335.085306000
6	1420		4335.144508000
17		1358	4335.157667000
17		43	4335.208793000
6	1420		4335.232348000
17		1358	4335.254524000
6	0		4335.271051000
6	1420		4335.320152000
17		43	4335.332858000
17		1358	4335.349159000
6	1420		4335.408225000
17		1358	4335.444655000
17		43	4335.457543000
6	1420		4335.495781000
17		43	4335.519057000
17		1358	4335.540890000
6	0		4335.581243000
17		43	4335.581277000
6	1420		4335.583583000
17		1358	4335.636479000
6	1420		4335.671410000
17		43	4335.704705000
17		1358	4335.731778000
6	1420		4335.759193000
6	0		4335.766886000
17		1358	4335.827024000
17		43	4335.829403000
6	1420		4335.847019000
17		1358	4335.923264000
6	1420		4335.934841000
17		43	4335.952709000
6	0		4336.015335000
17		1358	4336.018476000
6	1420		4336.022616000
17		43	4336.077536000
6	1420		4336.110463000
17		1358	4336.113851000
6	1420		4336.198271000
17		43	4336.201526000
17		1358	4336.210189000
6	0		4336.262956000
6	1420		4336.286060000
17		1358	4336.305033000
17		43	4336.325601000
6	1420		4336.373875000
17		1358	4336.401152000
17		43	4336.449188000
17		1358	4336.496206000
6	0		4336.510812000
17		43	4336.573513000
17		1358	4336.592388000
17		1358	4336.687636000
17		43	4336.696791000
6	0		4336.758971000
17		48	4336.759003000
17		35	4336.773150000
17		1358	4336.783224000
17		1358	4336.879675000
17		43	4336.883029000
6	0		4336.945196000
17		1358	4336.974241000
17		43	4337.007399000
17		1358	4337.070296000
17		43	4337.131600000
17		1358	4337.165383000
6	0		4337.193011000
17		43	4337.254857000
17		1358	4337.261422000
17		1358	4337.357218000
6	0		4337.378904000
17		43	4337.441597000
17		1358	4337.452879000
17		1358	4337.548649000
17		43	4337.565001000
6	0		4337.627182000
17		1358	4337.644237000
17		43	4337.689400000
17		1358	4337.739789000
17		43	4337.813335000
17		1358	4337.834841000
6	0		4337.875663000
17		1358	4337.930583000
17		43	4337.937320000
17		43	4337.999122000
17		1358	4338.026023000
6	0		4338.061311000
17		1358	4338.122463000
17		43	4338.123374000
17		1358	4338.218070000
17		43	4338.246712000
6	0		4338.308719000
17		1358	4338.312762000
17		43	4338.371458000
17		1358	4338.408799000
17		43	4338.495158000
17		1358	4338.503807000
6	0		4338.556687000
17		1358	4338.599693000
17		43	4338.618952000
17		1358	4338.695562000
17		43	4338.742969000
17		1358	4338.791318000
6	0		4338.805157000
17		1358	4338.887417000
17		43	4338.928779000
17		1358	4338.982084000
6	0		4338.990977000
17		43	4339.053350000
17		1358	4339.078032000
17		1358	4339.173051000
17		43	4339.177326000
6	0		4339.239536000
17		1358	4339.269097000
17		48	4339.301669000
17		35	4339.315825000
17		43	4339.363175000
17		1358	4339.364699000
6	0		4339.425376000
6	1420		4339.425660000
17		1358	4339.460447000
17		43	4339.487017000
17		1358	4339.556624000
6	0		4339.571533000
6	0		4339.571587000
6	0		4339.610535000
6	12		4339.610765000
17		43	4339.610965000
6	0		4339.649584000
6	12		4339.649621000
6	0		4339.649632000
6	1		4339.649796000
6	4		4339.649810000
6	32		4339.649819000
6	0		4339.649831000
17		1358	4339.651751000
6	0		4339.673122000
6	1420		4339.673363000
6	0		4339.688641000
6	0		4339.688685000
6	0		4339.688751000
6	0		4339.689644000
6	0		4339.689664000
6	1420		4339.717265000
17		43	4339.735079000
17		1358	4339.747932000
17		1358	4339.842073000
17		43	4339.859462000
6	0		4339.920628000
6	1420		4339.920884000
17		1358	4339.938506000
6	1420		4339.964810000
17		43	4339.983060000
17		1358	4340.033920000
17		43	4340.107466000
17		1358	4340.129314000
6	0		4340.168711000
6	1420		4340.168975000
17		1358	4340.206581000
6	1420		4340.212886000
17		1358	4340.282274000
17		43	4340.293075000
6	0		4340.354683000
6	1420		4340.354909000
17		1358	4340.358999000
6	1420		4340.398833000
17		43	4340.416763000
17		1358	4340.435364000
17		1358	4340.511348000
6	0		4340.540983000
17		43	4340.541017000
6	1420		4340.541224000
6	1420		4340.585167000
17		1358	4340.588373000
17		43	4340.603413000
17		1358	4340.664316000
17		43	4340.664724000
17		43	4340.726754000
17		1358	4340.741957000
17		43	4340.788792000
17		43	4340.851417000
17		43	4340.913451000
17		43	4340.975144000
17		43	4341.036891000
17		43	4341.098879000
17		48	4341.161113000
17		35	4341.175594000
17		43	4341.223564000
17		43	4341.284845000
17		43	4341.346938000
17		43	4341.409070000
17		43	4341.471919000
6	0		4341.511520000
6	0		4341.511581000
17		43	4341.533494000
17		43	4341.595536000
17		43	4341.656702000
17		43	4341.719447000
6	0		4341.761647000
6	41		4341.768764000
17		43	4341.780944000
17		43	4341.843176000
17		43	4341.905347000
17		43	4341.967577000
6	0		4342.018813000
6	21		4342.023439000
6	0		4342.023485000
6	1080		4342.024585000
17		43	4342.029498000
17		43	4342.090866000
17		43	4342.152826000
17		43	4342.215117000
17		43	4342.277272000
6	440		4342.283663000
6	0		4342.326227000
17		43	4342.339422000
17		48	4342.400743000
17		35	4342.415301000
6	0		4342.446536000
6	0		4342.446593000
6	0		4342.462940000
6	1420		4342.463229000
6	1420		4342.507118000
17		43	4342.525313000
6	48		4342.576278000
6	0		4342.576324000
6	280		4342.580458000
17		43	4342.587413000
6	1420		4342.594922000
6	0		4342.610826000
6	41		4342.616701000
17		43	4342.649281000
6	1420		4342.682725000
6	0		4342.710987000
6	1420		4342.770538000
6	0		4342.773202000
6	0		4342.780617000
6	21		4342.784395000
6	0		4342.784453000
6	1080		4342.785486000
17		43	4342.834928000
6	16		4342.836996000
6	1420		4342.858341000
6	0		4342.878236000
6	0		4342.897504000
17		43	4342.897542000
6	1420		4342.946178000
17		43	4342.958612000
6	0		4342.982668000
6	440		4342.982851000
6	0		4343.021571000
6	0		4343.026233000
6	1420		4343.033984000
17		43	4343.083602000
6	1420		4343.121806000
6	52		4343.128314000
6	0		4343.128352000
6	52		4343.128457000
6	0		4343.134085000
6	0		4343.134145000
17		43	4343.145180000
6	48		4343.190145000
6	0		4343.190183000
6	280		4343.194388000
6	0		4343.207343000
6	1420		4343.209591000
17		43	4343.268893000
6	1420		4343.297418000
6	0		4343.331086000
6	0		4343.358293000
6	16		4343.378720000
6	100		4343.382067000
6	1420		4343.385205000
17		43	4343.392873000
6	0		4343.418610000
6	0		4343.422222000
6	0		4343.422244000
6	41		4343.424872000
6	0		4343.455649000
6	1420		4343.473041000
17		43	4343.517130000
6	1420		4343.560852000
6	0		4343.579475000
6	52		4343.586216000
6	0		4343.586252000
6	52		4343.586384000
17		43	4343.641350000
17		1358	4343.642690000
6	1420		4343.648703000
17		43	4343.703002000
17		1358	4343.704636000
6	0		4343.707773000
6	21		4343.707802000
6	0		4343.707812000
6	1080		4343.708833000
6	1420		4343.736489000
6	84		4343.750339000
6	0		4343.764837000
6	0		4343.794246000
6	1420		4343.824291000
6	0		4343.827032000
17		43	4343.888648000
17		1358	4343.890473000
6	1420		4343.912086000
17		43	4343.951619000
17		1358	4343.985085000
6	0		4343.991416000
6	440		4343.992499000
6	1420		4343.999924000
6	0		4344.038215000
6	0		4344.075392000
17		1358	4344.078022000
6	1420		4344.087736000
6	0		4344.137072000
6	0		4344.137099000
17		1358	4344.169750000
6	1420		4344.175543000
6	0		4344.198937000
6	0		4344.261121000
17		1358	4344.262152000
6	1420		4344.263371000
6	48		4344.321061000
6	0		4344.321098000
6	0		4344.323863000
6	280		4344.328202000
6	1420		4344.351176000
17		1358	4344.354299000
6	1420		4344.421409000
17		1358	4344.446616000
6	0		4344.446708000
6	1420		4344.491685000
17		1358	4344.539491000
6	1420		4344.561910000
6	0		4344.571778000
6	0		4344.611274000
6	16		4344.630149000
17		1358	4344.631149000
6	1420		4344.632128000
6	0		4344.670233000
6	0		4344.694976000
6	1420		4344.702392000
17		1358	4344.723755000
6	1420		4344.772640000
17		1358	4344.815967000
6	0		4344.819224000
6	1420		4344.842913000
17		43	4344.881463000
17		1358	4344.907988000
6	1420		4344.913137000
6	52		4344.953295000
6	0		4344.953333000
6	52		4344.953432000
6	1420		4344.983438000
17		1358	4345.000752000
17		43	4345.005404000
6	0		4345.005441000
6	1420		4345.053653000
17		587	4345.066984000
17		36	4345.068041000
17		77	4345.076535000
17		33	4345.076755000
17		1358	4345.092502000
6	1420		4345.123898000
6	0		4345.129169000
17		1358	4345.185609000
17		43	4345.191405000
6	1420		4345.194135000
6	84		4345.236794000
6	1420		4345.264383000
17		1358	4345.277182000
6	0		4345.278223000
17		43	4345.315462000
6	1420		4345.334624000
17		1358	4345.351496000
6	0		4345.376809000
6	1420		4345.404876000
17		1358	4345.425228000
17		48	4345.438992000
17		35	4345.452267000
6	1420		4345.475167000
17		1358	4345.498573000
6	68		4345.525945000
6	1420		4345.545411000
17		43	4345.562750000
17		1358	4345.571677000
6	1420		4345.615636000
6	0		4345.624886000
17		1358	4345.645707000
6	1420		4345.685886000
17		43	4345.686904000
17		1358	4345.719047000
6	1420		4345.756278000
6	52		4345.782217000
6	0		4345.782269000
6	0		4345.782295000
6	0		4345.783766000
17		1358	4345.794251000
6	0		4345.811424000
17		43	4345.811454000
6	1420		4345.826397000
17		1358	4345.867212000
6	68		4345.892705000
17		43	4345.934718000
17		1358	4345.940681000
6	1420		4345.943455000
6	0		4345.997082000
17		1358	4346.014806000
6	0		4346.033800000
6	52		4346.056727000
6	0		4346.056772000
6	0		4346.056797000
6	0		4346.058025000
17		43	4346.058855000
6	1420		4346.060528000
17		1358	4346.088368000
17		1358	4346.161995000
6	1420		4346.177647000
17		43	4346.182787000
17		1358	4346.235460000
6	0		4346.235679000
6	0		4346.245207000
6	1420		4346.294735000
17		1358	4346.309821000
17		43	4346.368973000
17		1358	4346.383613000
6	1420		4346.411827000
6	0		4346.431435000
17		1358	4346.457526000
17		43	4346.492800000
6	1420		4346.528901000
17		1358	4346.530913000
17		43	4346.617190000
6	1420		4346.645972000
17		1358	4346.653734000
6	0		4346.678840000
6	1420		4346.763049000
17		1358	4346.777095000
17		43	4346.803224000
6	0		4346.865164000
17		44	4346.865193000
17		41	4346.865199000
6	1420		4346.880140000
17		33	4346.891208000
17		1291	4346.899783000
17		43	4346.927496000
6	1420		4346.997237000
17		43	4347.051029000
6	0		4347.112783000
6	1420		4347.114294000
6	1420		4347.231408000
17		43	4347.236644000
6	0		4347.298842000
17		43	4347.298872000
6	1420		4347.348493000
17		43	4347.422635000
6	1420		4347.436278000
6	0		4347.485067000
6	1420		4347.524108000
17		43	4347.547532000
6	1420		4347.611914000
6	68		4347.654615000
17		43	4347.670701000
6	0		4347.691379000
6	0		4347.691434000
6	1420		4347.699762000
6	0		4347.730810000
6	12		4347.731092000
6	0		4347.733418000
6	0		4347.770299000
6	12		4347.770342000
6	0		4347.770358000
6	1		4347.770506000
6	4		4347.770524000
6	32		4347.770550000
6	0		4347.770561000
6	1420		4347.787550000
17		43	4347.795105000
6	0		4347.809765000
6	0		4347.809843000
6	0		4347.809852000
6	0		4347.809893000
6	0		4347.809907000
6	1420		4347.875356000
17		43	4347.918923000
6	52		4347.939209000
6	0		4347.939250000
6	0		4347.939265000
6	0		4347.940490000
6	1420		4347.963145000
6	0		4347.980769000
17		48	4348.043809000
6	1420		4348.050966000
17		35	4348.058220000
6	1420		4348.138876000
17		43	4348.167688000
6	0		4348.223621000
6	1420		4348.226606000
17		43	4348.228953000
6	0		4348.291098000
6	1420		4348.314408000
17		43	4348.353012000
6	1420		4348.402206000
17		43	4348.477706000
6	1420		4348.490046000
6	0		4348.538924000
6	1420		4348.577886000
17		43	4348.601334000
6	1420		4348.665650000
17		43	4348.724682000
6	1420		4348.753462000
17		43	4348.786759000
17		1040	4348.786786000
17		34	4348.787339000
17		1358	4348.788149000
6	1420		4348.841302000
6	0		4348.848969000
17		1358	4348.881733000
17		43	4348.911073000
6	1420		4348.929096000
17		1358	4348.974456000
6	1420		4349.016932000
17		43	4349.035237000
17		1358	4349.065632000
6	0		4349.097403000
6	1420		4349.104736000
17		1358	4349.158117000
17		43	4349.159043000
6	1420		4349.192535000
17		1358	4349.249451000
6	1420		4349.280347000
17		43	4349.282770000
17		1358	4349.342413000
6	0		4349.345235000
6	1420		4349.368154000
17		43	4349.406820000
17		1358	4349.434211000
6	1420		4349.455983000
17		1358	4349.527255000
6	0		4349.531421000
6	1420		4349.543777000
17		1358	4349.619058000
6	1420		4349.631604000
6	0		4349.655287000
17		1358	4349.710893000
6	1420		4349.719424000
6	0		4349.779363000
17		1358	4349.803383000
6	1420		4349.807214000
6	1420		4349.895052000
17		1358	4349.896060000
6	0		4349.903033000
6	0		4349.964754000
6	1420		4349.982817000
17		1358	4349.988193000
6	1420		4350.070643000
17		1358	4350.080039000
6	0		4350.089598000
17		1358	4350.172799000
6	0		4350.213599000
17		1358	4350.264636000
6	0		4350.337144000
17		1358	4350.357139000
17		1358	4350.448254000
6	0		4350.461542000
17		1358	4350.541000000
6	0		4350.584936000
17		1358	4350.633183000
17		49	4350.646765000
17		35	4350.660568000
17		1358	4350.724969000
17		43	4350.770876000
17		1358	4350.817888000
6	0		4350.833572000
17		43	4350.895344000
17		1358	4350.909557000
17		1358	4351.002449000
17		43	4351.018629000
6	0		4351.080833000
17		1358	4351.095019000
17		43	4351.142775000
17		1358	4351.186811000
17		43	4351.266874000
17		1358	4351.278772000
6	0		4351.329373000
17		1358	4351.371313000
17		43	4351.391149000
17		1358	4351.463597000
17		43	4351.514835000
17		1358	4351.556007000
6	0		4351.576878000
17		43	4351.576904000
6	1420		4351.577166000
17		1358	4351.648010000
17		43	4351.701469000
6	0		4351.701495000
6	1420		4351.701710000
17		1358	4351.740578000
17		43	4351.824737000
17		1358	4351.831301000
6	0		4351.887157000
6	1420		4351.887433000
17		1358	4351.923652000
6	1420		4351.931367000
17		43	4351.949413000
17		1358	4352.016120000
6	0		4352.072973000
6	1420		4352.073232000
17		1358	4352.109121000
6	1420		4352.117161000
17		43	4352.135254000
17		1358	4352.200795000
17		43	4352.259097000
17		1358	4352.292811000
6	0		4352.321395000
6	1420		4352.322142000
6	1420		4352.366033000
17		43	4352.383054000
17		1358	4352.384619000
17		43	4352.445412000
17		1358	4352.477334000
17		43	4352.507009000
17		43	4352.568705000
17		1358	4352.569839000
17		43	4352.631626000
17		1358	4352.662017000
17		43	4352.693226000
17		1358	4352.754908000
17		48	4352.755168000
17		35	4352.769179000
17		43	4352.817009000
17		1358	4352.847222000
17		43	4352.879390000
17		1358	4352.939071000
17		43	4352.941395000
17		43	4353.003321000
17		1358	4353.031055000
17		43	4353.065308000
17		1358	4353.123477000
17		43	4353.127235000
17		43	4353.188698000
17		1358	4353.215244000
17		43	4353.250714000
17		1358	4353.307441000
17		43	4353.313381000
17		1358	4353.399115000
6	0		4353.436976000
17		43	4353.437007000
6	1420		4353.437230000
6	1420		4353.481143000
17		1358	4353.492076000
17		43	4353.499226000
17		43	4353.561305000
6	1420		4353.568923000
17		1358	4353.584526000
6	1420		4353.656774000
17		1358	4353.675943000
17		43	4353.684760000
6	1420		4353.744561000
6	0		4353.747412000
17		1358	4353.769054000
17		43	4353.808908000
6	1420		4353.832365000
17		1358	4353.861209000
6	1420		4353.920172000
17		43	4353.933327000
17		1358	4353.953416000
6	0		4353.995546000
6	1420		4354.007974000
17		1358	4354.044964000
17		43	4354.056774000
6	1420		4354.095815000
17		43	4354.119278000
17		1358	4354.137433000
6	1420		4354.183623000
17		1358	4354.229754000
6	0		4354.242894000
6	1420		4354.271434000
17		43	4354.305010000
17		1358	4354.321717000
6	1420		4354.359234000
17		43	4354.366687000
17		1358	4354.413426000
17		48	4354.429440000
17		35	4354.443679000
6	1420		4354.447046000
17		43	4354.490773000
17		1358	4354.506031000
6	1420		4354.534873000
17		43	4354.553357000
17		1358	4354.597931000
17		43	4354.615009000
6	1420		4354.622677000
17		43	4354.677279000
17		1358	4354.690625000
6	1420		4354.710487000
17		43	4354.739044000
17		1358	4354.782979000
6	1420		4354.798296000
17		43	4354.800632000
17		43	4354.863464000
17		1358	4354.875227000
6	1420		4354.886093000
17		43	4354.925653000
6	1420		4354.973920000
6	0		4355.049331000
6	1420		4355.061729000
17		43	4355.111524000
6	1420		4355.149561000
17		43	4355.234719000
6	1420		4355.237347000
6	0		4355.297634000
6	1420		4355.325317000
17		43	4355.358702000
6	1420		4355.413010000
17		43	4355.421338000
6	0		4355.483491000
6	1420		4355.500814000
17		43	4355.545788000
6	1420		4355.588605000
17		43	4355.668938000
6	1420		4355.676410000
6	0		4355.731510000
6	1420		4355.764220000
17		43	4355.792670000
6	0		4355.810724000
6	0		4355.810777000
6	0		4355.849930000
6	12		4355.850155000
6	1420		4355.852014000
6	0		4355.889375000
6	12		4355.889409000
6	0		4355.889420000
6	1		4355.889570000
6	4		4355.889583000
6	32		4355.889591000
6	0		4355.889602000
17		43	4355.917358000
6	0		4355.928533000
6	0		4355.928568000
6	0		4355.928649000
6	0		4355.928869000
6	0		4355.928881000
6	1420		4355.939841000
6	0		4355.979591000
6	1420		4356.027676000
17		43	4356.041420000
6	1420		4356.115490000
17		43	4356.164863000
6	1420		4356.203303000
6	0		4356.227079000
17		43	4356.289532000
6	1420		4356.291089000
6	1420		4356.378912000
17		48	4356.413300000
17		1358	4356.414887000
6	1420		4356.466731000
6	0		4356.475486000
17		43	4356.537256000
17		1358	4356.538850000
6	1420		4356.554556000
17		43	4356.599351000
17		1358	4356.631821000
6	1420		4356.642359000
6	0		4356.658283000
6	0		4356.658347000
6	0		4356.661531000
17		43	4356.722675000
17		1358	4356.723809000
6	1420		4356.730204000
17		1358	4356.816390000
6	1420		4356.817959000
17		43	4356.847281000
6	1420		4356.905816000
17		1358	4356.909187000
6	0		4356.909523000
6	1420		4356.976054000
17		1358	4357.000986000
6	0		4357.032951000
6	1420		4357.046271000
17		1358	4357.092553000
6	1420		4357.116554000
6	0		4357.157206000
17		1358	4357.184535000
6	1420		4357.186777000
6	1420		4357.257040000
17		1358	4357.276799000
6	0		4357.281350000
6	1420		4357.327295000
17		1358	4357.369290000
6	1420		4357.397536000
6	0		4357.405024000
17		1358	4357.461584000
6	1420		4357.467760000
6	0		4357.510753000
6	0		4357.510809000
6	0		4357.529355000
6	1420		4357.538039000
17		1358	4357.553635000
6	0		4357.561484000
6	1420		4357.608284000
17		1358	4357.645711000
6	0		4357.653022000
6	1420		4357.678525000
17		1358	4357.738039000
6	1420		4357.748766000
6	0		4357.776972000
6	1420		4357.818996000
17		1358	4357.829997000
6	1420		4357.889261000
6	0		4357.901371000
17		1358	4357.921638000
6	1420		4357.959553000
17		1358	4358.014071000
17		43	4358.025377000
6	0		4358.025407000
6	1420		4358.028320000
6	1420		4358.097198000
17		1358	4358.106176000
17		43	4358.149516000
6	1420		4358.164946000
17		1358	4358.198324000
6	0		4358.210731000
6	1420		4358.232744000
17		43	4358.272681000
17		1358	4358.290639000
6	1420		4358.300543000
6	1420		4358.368314000
17		1358	4358.383147000
17		43	4358.396941000
6	1420		4358.436084000
6	0		4358.458722000
17		43	4358.458760000
17		1358	4358.474515000
6	1420		4358.503888000
17		1358	4358.567200000
6	1420		4358.571681000
6	0		4358.583370000
6	1420		4358.639489000
17		43	4358.645084000
17		1358	4358.659852000
17		1358	4358.751146000
6	1420		4358.752441000
17		43	4358.768748000
6	0		4358.830924000
17		1358	4358.844120000
6	1420		4358.865459000
17		43	4358.892894000
17		1358	4358.935493000
6	1420		4358.978422000
17		43	4359.016795000
17		1358	4359.028344000
6	0		4359.079019000
6	1420		4359.091407000
17		1358	4359.120486000
17		43	4359.202934000
6	1420		4359.204405000
17		1358	4359.211860000
6	0		4359.265180000
17		1358	4359.303725000
6	1420		4359.317389000
17		43	4359.327358000
17		1358	4359.396366000
6	1420		4359.430375000
17		43	4359.450802000
17		1358	4359.489352000
6	0		4359.512824000
6	1420		4359.543353000
17		494	4359.580911000
17		43	4359.636757000
6	1420		4359.656370000
6	0		4359.699375000
17		43	4359.760722000
6	1420		4359.769299000
17		43	4359.823064000
6	1420		4359.882299000
6	0		4359.884741000
6	1420		4359.995306000
17		48	4360.008697000
17		35	4360.022696000
6	0		4360.070737000
6	1420		4360.108246000
17		43	4360.132887000
6	1420		4360.221245000
17		43	4360.256966000
6	0		4360.318622000
17		43	4360.442731000
6	0		4360.505132000
17		43	4360.567141000
17		43	4360.691532000
6	0		4360.752791000
17		43	4360.876934000
6	0		4360.939282000
17		43	4361.001258000
17		43	4361.062830000
6	0		4361.124842000
17		43	4361.248910000
17		43	4361.311473000
6	0		4361.311507000
17		43	4361.435346000
6	0		4361.496790000
17		43	4361.558706000
17		43	4361.683062000
6	0		4361.745370000
17		43	4361.807582000
17		1119	4361.807608000
17		39	4361.808215000
17		1358	4361.810077000
17		1358	4361.903857000
17		43	4361.931260000
17		43	4361.993168000
17		1358	4361.994911000
6	0		4362.055566000
6	1420		4362.055863000
17		1358	4362.087844000
6	1420		4362.098220000
17		43	4362.117173000
17		1358	4362.179223000
17		43	4362.179444000
6	0		4362.241617000
6	1420		4362.241882000
17		1358	4362.271864000
6	1420		4362.284236000
17		43	4362.302868000
17		1358	4362.363780000
6	0		4362.427236000
6	1420		4362.427482000
17		1358	4362.456065000
6	1420		4362.469859000
17		1358	4362.548747000
6	0		4362.551268000
6	1420		4362.554584000
6	1420		4362.639332000
17		1358	4362.641580000
6	0		4362.674832000
17		43	4362.674859000
6	1420		4362.724071000
17		1358	4362.733569000
17		49	4362.737415000
17		35	4362.750784000
17		43	4362.799663000
6	1420		4362.808817000
17		1358	4362.824367000
17		43	4362.861266000
17		1358	4362.916449000
17		43	4362.922784000
6	0		4362.984979000
6	1420		4362.985241000
17		1358	4363.009366000
6	1420		4363.027604000
17		43	4363.046760000
17		1358	4363.101657000
6	1420		4363.112314000
17		43	4363.171216000
17		1358	4363.193556000
6	1420		4363.197050000
6	0		4363.232779000
6	1420		4363.281810000
17		1358	4363.286089000
17		43	4363.294685000
6	1420		4363.366521000
17		1358	4363.378173000
17		43	4363.418888000
6	1420		4363.451250000
17		1358	4363.470167000
6	0		4363.480690000
6	1420		4363.536002000
17		43	4363.542773000
17		1358	4363.561998000
6	1420		4363.620758000
17		1358	4363.635257000
6	0		4363.667443000
6	1420		4363.705489000
17		1358	4363.709770000
17		43	4363.728990000
17		1358	4363.784161000
6	1420		4363.790215000
17		43	4363.853818000
6	0		4363.853846000
17		1358	4363.855352000
6	1420		4363.874969000
6	0		4363.930053000
6	0		4363.930108000
17		1358	4363.930471000
6	1420		4363.959673000
6	0		4363.968726000
6	12		4363.968934000
17		43	4363.977383000
17		1358	4364.005072000
6	0		4364.007592000
6	12		4364.007639000
6	0		4364.007650000
6	1		4364.007799000
6	4		4364.007813000
6	32		4364.007823000
6	0		4364.007835000
17		43	4364.039085000
6	1420		4364.044434000
6	0		4364.046447000
6	0		4364.046488000
6	0		4364.046493000
6	0		4364.046570000
6	0		4364.046586000
17		1358	4364.077874000
6	0		4364.101380000
17		43	4364.101411000
6	1420		4364.129178000
17		1358	4364.151420000
6	1420		4364.213886000
17		1358	4364.225245000
17		43	4364.225349000
6	0		4364.287490000
6	1420		4364.298628000
17		1358	4364.298995000
17		43	4364.349371000
17		1358	4364.372715000
6	1420		4364.383374000
17		1358	4364.446182000
6	1420		4364.468089000
6	0		4364.472860000
17		1358	4364.520592000
17		43	4364.535307000
6	1420		4364.552841000
17		1358	4364.597316000
6	1420		4364.637568000
17		43	4364.658913000
17		1358	4364.718062000
6	0		4364.721726000
6	1420		4364.722285000
17		43	4364.783581000
6	1420		4364.807051000
17		1358	4364.839319000
6	1420		4364.891787000
17		43	4364.907147000
17		1358	4364.962480000
6	0		4364.969302000
6	1420		4364.976532000
17		48	4365.031033000
17		35	4365.045289000
6	1420		4365.061259000
17		1358	4365.085858000
17		1358	4365.092862000
17		1358	4365.094516000
17		33	4365.119287000
6	1420		4365.145983000
17		43	4365.155159000
17		1358	4365.208670000
17		43	4365.216994000
6	1420		4365.230733000
6	0		4365.279028000
17		43	4365.279061000
6	1420		4365.315485000
17		1358	4365.331676000
6	1420		4365.400214000
17		43	4365.403290000
17		1358	4365.454549000
6	0		4365.464804000
6	1420		4365.484914000
17		43	4365.526890000
17		1358	4365.546322000
6	1420		4365.569658000
17		1358	4365.638122000
17		43	4365.650840000
6	1420		4365.654412000
6	0		4365.713509000
17		1358	4365.730592000
6	1420		4365.739131000
17		43	4365.774899000
17		1358	4365.822645000
6	1420		4365.823859000
17		43	4365.899283000
6	1420		4365.908612000
17		1358	4365.915785000
6	0		4365.961532000
6	1420		4365.993348000
17		1358	4366.007327000
17		43	4366.023203000
6	1420		4366.078080000
17		43	4366.084646000
17		1358	4366.100063000
6	1420		4366.162826000
17		1358	4366.191691000
17		43	4366.209027000
6	1420		4366.247559000
6	0		4366.271246000
17		1358	4366.283720000
6	1420		4366.332299000
17		43	4366.332810000
17		1358	4366.375624000
6	1420		4366.417029000
6	0		4366.457043000
17		43	4366.457070000
17		1358	4366.468242000
6	1420		4366.501780000
17		43	4366.519386000
17		1358	4366.560103000
6	1420		4366.586505000
6	0		4366.643582000
17		1358	4366.652374000
6	1420		4366.671238000
17		43	4366.704749000
17		1358	4366.744781000
6	1420		4366.755997000
17		43	4366.829386000
17		1358	4366.837076000
6	0		4366.891028000
6	1420		4366.891262000
17		1358	4366.928022000
6	1420		4366.933620000
17		43	4367.015090000
17		1358	4367.020667000
17		726	4367.077458000
17		41	4367.077493000
6	0		4367.077506000
6	1420		4367.077757000
17		36	4367.078410000
17		77	4367.088007000
17		33	4367.088362000
17		1358	4367.112988000
17		43	4367.201273000
17		1358	4367.204891000
6	0		4367.262647000
6	1420		4367.262912000
17		1358	4367.297395000
6	1420		4367.305250000
17		43	4367.387494000
17		1358	4367.389170000
6	0		4367.448826000
6	1420		4367.449072000
17		1358	4367.482120000
6	1420		4367.491520000
17		48	4367.511401000
17		35	4367.524775000
17		1358	4367.573037000
17		43	4367.634837000
17		1358	4367.666009000
6	0		4367.697466000
6	1420		4367.697745000
6	1420		4367.740063000
17		1358	4367.758418000
17		43	4367.759398000
17		43	4367.820864000
17		1358	4367.850001000
6	0		4367.883053000
6	1420		4367.883273000
6	1420		4367.925661000
17		1358	4367.942191000
17		43	4367.945236000
17		1358	4368.034649000
6	0		4368.068879000
17		1358	4368.127118000
17		43	4368.130901000
17		1358	4368.219143000
17		43	4368.254662000
6	0		4368.270893000
6	0		4368.270941000
17		1358	4368.310545000
6	0		4368.317609000
17		43	4368.378962000
17		1358	4368.403434000
17		1358	4368.495870000
17		43	4368.503456000
6	0		4368.564649000
17		1358	4368.588070000
17		43	4368.627417000
17		1358	4368.680330000
17		43	4368.750668000
17		1358	4368.772060000
6	0		4368.812960000
17		1358	4368.864885000
17		43	4368.875317000
17		1358	4368.957093000
17		43	4368.999385000
17		1358	4369.048347000
6	0		4369.061466000
17		43	4369.061509000
17		1358	4369.140262000
17		43	4369.184744000
17		1358	4369.232231000
6	0		4369.246646000
17		43	4369.309582000
17		1358	4369.324549000
17		1358	4369.417264000
17		43	4369.432852000
6	0		4369.494803000
17		1358	4369.509038000
17		43	4369.556885000
17		1358	4369.602258000
17		44	4369.618785000
17		41	4369.618815000
17		33	4369.644940000
17		43	4369.681755000
17		1358	4369.696335000
17		43	4369.743404000
17		1358	4369.788592000
6	0		4369.792748000
6	0		4369.792810000
6	0		4369.805322000
6	0		4369.809523000
6	41		4369.815385000
6	0		4369.831606000
6	21		4369.831640000
6	0		4369.831651000
6	1080		4369.832718000
6	0		4369.848812000
6	440		4369.851969000
17		48	4369.867064000
17		35	4369.881807000
17		1358	4369.881838000
6	0		4369.894296000
6	48		4369.910506000
6	0		4369.910547000
6	280		4369.914851000
6	0		4369.931033000
6	16		4369.944280000
6	0		4369.986207000
17		43	4369.991080000
17		1358	4369.992612000
6	52		4370.002419000
6	0		4370.002463000
6	52		4370.002561000
6	84		4370.020794000
6	0		4370.053494000
6	1420		4370.053720000
6	0		4370.062236000
17		43	4370.115662000
17		1358	4370.117432000
17		43	4370.238632000
17		1358	4370.240238000
17		43	4370.300645000
17		1358	4370.333764000
6	0		4370.362700000
6	1420		4370.362951000
6	1420		4370.405356000
17		43	4370.425432000
17		1358	4370.426379000
17		43	4370.486728000
17		1358	4370.519608000
6	0		4370.548806000
6	1420		4370.549080000
6	1420		4370.591443000
17		43	4370.672868000
17		1358	4370.674381000
17		43	4370.735471000
6	0		4370.735513000
6	1420		4370.735794000
17		1358	4370.767336000
17		43	4370.796738000
17		1358	4370.842302000
17		43	4370.858876000
17		1358	4370.917009000
17		43	4370.921605000
17		43	4370.983267000
17		1358	4370.990920000
17		43	4371.045524000
17		1358	4371.066282000
17		43	4371.107297000
17		1358	4371.139924000
17		43	4371.168666000
17		1358	4371.213219000
17		43	4371.231318000
17		1358	4371.286508000
17		43	4371.293443000
17		43	4371.354747000
17		1358	4371.360228000
17		43	4371.417041000
17		1358	4371.434139000
17		48	4371.479534000
17		35	4371.494239000
17		1358	4371.508292000
17		43	4371.541476000
17		1358	4371.581932000
17		43	4371.602617000
17		1358	4371.655153000
17		43	4371.665117000
17		43	4371.727584000
17		1358	4371.778113000
17		43	4371.788645000
17		43	4371.851348000
17		1358	4371.901218000
17		43	4371.913626000
17		43	4371.975540000
17		1358	4372.024690000
17		43	4372.036824000
6	0		4372.048646000
6	0		4372.048733000
6	0		4372.088473000
6	12		4372.088757000
17		43	4372.099344000
17		709	4372.099374000
17		36	4372.100454000
17		75	4372.109332000
17		33	4372.109523000
6	0		4372.128347000
6	12		4372.128390000
6	0		4372.128401000
6	1		4372.128632000
6	4		4372.128660000
6	32		4372.128683000
6	0		4372.128699000
17		1358	4372.146861000
17		43	4372.161131000
6	0		4372.168194000
6	0		4372.168231000
6	0		4372.168237000
6	0		4372.168298000
6	0		4372.168322000
6	0		4372.223320000
6	1420		4372.223576000
6	1420		4372.257499000
17		1358	4372.269668000
6	1420		4372.325263000
17		43	4372.346981000
17		1358	4372.392183000
6	1420		4372.393034000
17		43	4372.409337000
6	1420		4372.460827000
6	0		4372.471483000
17		1358	4372.515230000
6	1420		4372.528606000
17		43	4372.595062000
6	1420		4372.596431000
17		1358	4372.638848000
6	0		4372.657547000
6	1420		4372.664208000
17		43	4372.719492000
17		1358	4372.730360000
6	1420		4372.731971000
6	68		4372.734862000
6	52		4372.751032000
6	0		4372.751070000
6	0		4372.751088000
6	0		4372.752808000
6	0		4372.768980000
17		43	4372.781656000
6	1420		4372.799783000
17		1358	4372.822499000
17		43	4372.842726000
6	1420		4372.867599000
17		43	4372.904746000
17		1358	4372.913745000
6	1420		4372.935363000
17		43	4372.967118000
6	1420		4373.003155000
17		48	4373.028862000
17		35	4373.043060000
6	1420		4373.070901000
17		43	4373.091674000
6	1420		4373.138713000
17		43	4373.153422000
6	1420		4373.206485000
17		43	4373.215198000
6	1420		4373.274296000
17		43	4373.276840000
17		43	4373.339082000
6	1420		4373.342072000
17		43	4373.400934000
6	1420		4373.409865000
17		43	4373.463519000
6	1420		4373.477637000
17		43	4373.525697000
6	1420		4373.545421000
17		44	4373.587367000
17		43	4373.587389000
17		41	4373.587396000
6	1420		4373.613219000
17		33	4373.613586000
17		43	4373.648730000
6	1420		4373.681036000
6	1420		4373.748822000
6	0		4373.773517000
6	1420		4373.816588000
17		43	4373.835325000
6	1420		4373.884349000
17		43	4373.958797000
6	1420		4373.997353000
6	0		4374.020965000
17		43	4374.082792000
17		1358	4374.083597000
6	1420		4374.110356000
6	0		4374.144988000
6	1420		4374.223307000
17		43	4374.269190000
17		1358	4374.270848000
6	0		4374.330748000
6	1420		4374.336314000
17		43	4374.393551000
17		1358	4374.395269000
6	1420		4374.449325000
6	0		4374.516850000
6	1420		4374.562277000
17		43	4374.578989000
17		1358	4374.580444000
6	1420		4374.675285000
17		43	4374.703001000
17		1358	4374.704522000
6	0		4374.764764000
6	1420		4374.788285000
6	0		4374.888746000
6	1420		4374.901230000
6	0		4375.012703000
6	1420		4375.014218000
17		601	4375.075259000
17		36	4375.076445000
17		77	4375.084612000
17		33	4375.084653000
6	1420		4375.127252000
6	0		4375.137609000
6	0		4375.217285000
6	0		4375.217323000
6	1420		4375.240189000
6	0		4375.261038000
6	1420		4375.353165000
6	0		4375.384754000
6	1420		4375.466179000
6	0		4375.508788000
6	1420		4375.579160000
6	0		4375.632815000
6	1420		4375.663905000
6	1420		4375.748649000
17		43	4375.757383000
6	0		4375.757421000
17		1358	4375.758730000
6	1420		4375.833372000
17		1358	4375.849267000
6	0		4375.881196000
6	1420		4375.911464000
17		1358	4375.939117000
17		43	4375.942624000
6	1420		4375.989563000
17		48	4376.004904000
17		35	4376.018894000
17		1358	4376.028849000
6	0		4376.067379000
6	1420		4376.067638000
17		1358	4376.117475000
6	1420		4376.145767000
17		43	4376.190970000
17		1358	4376.207165000
6	1420		4376.223880000
6	0		4376.253221000
17		1358	4376.297048000
6	1420		4376.301964000
17		43	4376.314775000
6	1420		4376.380132000
17		1358	4376.386741000
6	0		4376.439423000
6	1420		4376.458167000
17		1358	4376.475329000
17		44	4376.500761000
17		41	4376.500794000
17		33	4376.526701000
6	1420		4376.535570000
6	0		4376.562773000
17		1358	4376.565699000
6	1420		4376.612936000
17		1358	4376.655068000
6	0		4376.687418000
6	1420		4376.690325000
17		1358	4376.744307000
6	1420		4376.767676000
6	0		4376.810837000
17		1358	4376.833765000
6	1420		4376.845093000
6	1420		4376.922473000
17		1358	4376.922642000
6	0		4376.935462000
17		43	4376.996922000
6	1420		4376.999854000
17		1358	4377.012779000
6	1420		4377.077232000
17		1358	4377.101564000
17		43	4377.121436000
6	0		4377.121478000
6	1420		4377.154623000
17		1358	4377.191327000
6	1420		4377.232018000
17		43	4377.244878000
17		1358	4377.281027000
6	0		4377.307380000
6	1420		4377.309373000
17		43	4377.369277000
17		1358	4377.370875000
6	1420		4377.386751000
17		1358	4377.459474000
6	1420		4377.464166000
17		43	4377.493178000
6	1420		4377.541551000
17		1358	4377.549441000
6	0		4377.555532000
17		43	4377.616682000
6	1420		4377.618920000
17		1358	4377.639703000
6	1420		4377.696316000
17		1358	4377.729084000
17		43	4377.741052000
6	1420		4377.773710000
6	0		4377.803484000
17		1358	4377.818528000
6	1420		4377.851067000
17		43	4377.865121000
17		1358	4377.908458000
6	0		4377.927579000
6	1420		4377.928450000
17		43	4377.988868000
17		1358	4377.997890000
6	1420		4378.005862000
6	1420		4378.083265000
17		1358	4378.087643000
17		43	4378.112936000
6	1420		4378.160625000
6	0		4378.175281000
17		1358	4378.176765000
17		43	4378.237198000
6	1420		4378.237993000
17		1358	4378.265907000
6	1420		4378.315445000
17		1358	4378.355362000
17		43	4378.360992000
6	1420		4378.392777000
6	0		4378.422960000
17		1358	4378.445651000
6	1420		4378.470146000
17		43	4378.485203000
17		1358	4378.535841000
6	1420		4378.547545000
6	0		4378.609387000
17		1358	4378.623998000
6	1420		4378.624911000
17		43	4378.671111000
6	1420		4378.702311000
17		1358	4378.713949000
6	1420		4378.779724000
17		43	4378.794694000
17		1358	4378.803334000
6	1420		4378.857107000
6	0		4378.857787000
17		1358	4378.892894000
17		43	4378.918682000
6	1420		4378.934469000
17		1358	4378.982607000
6	1420		4379.011863000
17		43	4379.043095000
17		1358	4379.071974000
6	1420		4379.089239000
6	0		4379.105579000
17		48	4379.105619000
17		35	4379.120234000
17		1358	4379.161025000
6	1420		4379.166630000
17		43	4379.228941000
6	1420		4379.244037000
17		1358	4379.250140000
6	0		4379.290800000
6	1420		4379.321431000
17		1358	4379.340129000
17		43	4379.352826000
6	1420		4379.398828000
17		1358	4379.429559000
6	1420		4379.476170000
6	0		4379.477838000
17		1358	4379.518524000
17		43	4379.539094000
6	1420		4379.553570000
17		1358	4379.607950000
6	1420		4379.630943000
17		43	4379.663031000
17		1358	4379.697388000
6	1420		4379.708322000
6	0		4379.724787000
6	1420		4379.785697000
17		43	4379.786800000
17		1358	4379.788430000
6	1420		4379.863082000
17		1358	4379.876456000
17		43	4379.910815000
6	1420		4379.940484000
17		1358	4379.965956000
6	0		4379.973014000
6	1420		4380.017843000
17		43	4380.035481000
17		1358	4380.056345000
6	1420		4380.095246000
17		1358	4380.146434000
17		43	4380.158759000
6	1420		4380.172615000
6	0		4380.220947000
17		1358	4380.235423000
6	1420		4380.250014000
17		1358	4380.325136000
6	1420		4380.327374000
17		43	4380.344727000
6	1420		4380.404807000
6	0		4380.406910000
17		43	4380.406961000
17		1358	4380.414167000
6	1420		4380.482145000
17		1358	4380.504537000
17		43	4380.530727000
6	1420		4380.559534000
6	0		4380.593300000
17		1358	4380.593377000
6	1420		4380.636952000
17		43	4380.655111000
17		1358	4380.683558000
6	1420		4380.714324000
17		1358	4380.772445000
17		43	4380.778741000
6	1420		4380.791692000
6	0		4380.840967000
17		1358	4380.862220000
6	1420		4380.869139000
17		43	4380.903221000
6	1420		4380.946476000
17		1358	4380.951933000
17		43	4381.027436000
17		1358	4381.040923000
6	0		4381.089610000
6	1420		4381.089880000
6	1420		4381.128606000
17		1358	4381.130644000
17		43	4381.212836000
17		1358	4381.219810000
6	0		4381.259242000
6	1420		4381.259585000
6	1420		4381.298193000
17		43	4381.304969000
17		1358	4381.309751000
17		43	4381.397213000
17		1358	4381.398538000
6	0		4381.443558000
6	1420		4381.443807000
6	1420		4381.482531000
17		1358	4381.488037000
17		43	4381.489026000
17		48	4381.535484000
17		35	4381.549477000
17		1358	4381.578139000
6	0		4381.580665000
6	1420		4381.580935000
17		43	4381.627245000
6	1420		4381.637279000
17		1358	4381.667433000
6	0		4381.718886000
6	1420		4381.719161000
17		1358	4381.756513000
17		43	4381.765093000
6	1420		4381.792049000
17		1358	4381.846316000
17		43	4381.856955000
6	0		4381.902800000
6	1420		4381.903059000
17		1358	4381.935430000
6	1420		4381.946826000
17		43	4381.948948000
17		1358	4382.025425000
17		43	4382.040739000
6	0		4382.086887000
17		1358	4382.115249000
17		43	4382.132851000
17		1358	4382.203895000
17		43	4382.224810000
6	0		4382.271333000
17		1358	4382.293867000
17		43	4382.363210000
17		1358	4382.382946000
6	0		4382.409421000
17		43	4382.455432000
17		1358	4382.472275000
17		43	4382.501347000
6	0		4382.547027000
17		1358	4382.562867000
17		43	4382.592816000
17		1358	4382.652389000
17		43	4382.685415000
6	0		4382.731226000
17		1358	4382.742385000
17		43	4382.776861000
17		1353	4382.822836000
17		36	4382.823978000
17		1358	4382.831195000
17		879	4382.869234000
17		43	4382.869269000
17		115	4382.881910000
17		269	4382.881973000
6	0		4382.915026000
17		1358	4382.920545000
17		43	4383.006960000
17		1358	4383.008851000
6	0		4383.053379000
17		43	4383.099104000
17		1358	4383.100650000
17		1358	4383.189456000
17		43	4383.190742000
6	0		4383.236918000
17		1358	4383.278936000
17		43	4383.283347000
17		43	4383.329416000
17		1358	4383.368862000
6	0		4383.374673000
17		48	4383.421271000
17		35	4383.435325000
17		1358	4383.440009000
17		1358	4383.510836000
6	0		4383.513420000
17		43	4383.559123000
17		1358	4383.582429000
17		43	4383.605267000
17		1358	4383.654175000
6	0		4383.697087000
17		1358	4383.726289000
17		43	4383.743499000
17		43	4383.789407000
17		1358	4383.797609000
17		1358	4383.869714000
6	0		4383.881001000
17		43	4383.927263000
17		1358	4383.940401000
17		43	4383.973278000
17		1358	4384.012420000
6	0		4384.064854000
6	1420		4384.065104000
17		1358	4384.083845000
6	1420		4384.103814000
17		43	4384.111471000
17		1358	4384.156079000
17		43	4384.157007000
17		1358	4384.227301000
6	0		4384.249624000
6	1420		4384.249867000
6	1420		4384.288570000
17		43	4384.294916000
17		1358	4384.299134000
17		43	4384.341092000
17		1358	4384.370611000
6	0		4384.386716000
6	1420		4384.386949000
17		43	4384.432876000
17		1358	4384.441834000
6	1420		4384.443309000
17		1358	4384.513818000
17		43	4384.525121000
6	0		4384.571245000
6	1420		4384.571526000
17		1358	4384.585593000
6	1420		4384.610223000
17		43	4384.616909000
17		43	4384.662726000
17		1358	4384.705460000
17		43	4384.708718000
17		43	4384.754732000
17		43	4384.800732000
17		1358	4384.824278000
17		43	4384.846891000
17		43	4384.893394000
17		48	4384.939502000
17		1358	4384.943243000
17		43	4384.984991000
17		41	4384.985018000
17		44	4385.030861000
17		41	4385.030888000
17		33	4385.056863000
17		1358	4385.063201000
17		43	4385.077426000
17		43	4385.123282000
17		43	4385.169263000
17		1358	4385.181712000
17		43	4385.215408000
17		43	4385.260982000
17		1358	4385.301896000
17		43	4385.306831000
17		43	4385.352630000
17		43	4385.399516000
17		1358	4385.420394000
17		43	4385.445105000
17		43	4385.491188000
17		43	4385.536875000
17		1358	4385.538492000
17		43	4385.583131000
17		43	4385.628745000
17		1358	4385.651863000
17		43	4385.674836000
17		43	4385.721358000
17		1358	4385.765264000
6	0		4385.767486000
6	1420		4385.767751000
6	1420		4385.806437000
17		43	4385.813527000
17		43	4385.858649000
17		1358	4385.877693000
6	1420		4385.883818000
6	0		4385.951199000
17		1358	4385.960518000
6	1420		4385.961223000
17		43	4385.997381000
6	1420		4386.038610000
17		1358	4386.042546000
17		48	4386.042689000
17		35	4386.056562000
6	1420		4386.115997000
17		1358	4386.125691000
17		43	4386.134955000
6	0		4386.181194000
6	1420		4386.193368000
17		1358	4386.206498000
17		43	4386.227291000
6	1420		4386.270739000
17		1358	4386.287477000
17		43	4386.318813000
6	1420		4386.348117000
6	0		4386.364990000
17		1358	4386.369205000
17		43	4386.411393000
6	1420		4386.425539000
17		1358	4386.449417000
17		43	4386.457477000
6	1420		4386.502881000
17		43	4386.503250000
17		1358	4386.529180000
17		43	4386.548900000
6	1420		4386.580306000
17		43	4386.595301000
17		1358	4386.610151000
17		43	4386.640797000
6	1420		4386.657648000
17		43	4386.687513000
17		1358	4386.689110000
17		43	4386.733106000
6	1420		4386.735019000
17		1358	4386.770371000
17		43	4386.779228000
6	1420		4386.812422000
17		1358	4386.850478000
6	0		4386.871037000
6	1420		4386.889811000
17		43	4386.916809000
17		1358	4386.930615000
6	1420		4386.967178000
17		43	4387.009108000
17		1358	4387.010722000
6	1420		4387.044607000
6	0		4387.054735000
17		1358	4387.091538000
6	1420		4387.121986000
6	0		4387.125724000
6	0		4387.125770000
17		43	4387.146971000
17		1358	4387.172493000
6	0		4387.193407000
6	1420		4387.199347000
17		43	4387.238895000
17		1358	4387.251941000
6	1420		4387.276768000
17		43	4387.285045000
6	0		4387.331193000
17		1358	4387.332625000
6	1420		4387.338639000
17		43	4387.376849000
6	1420		4387.400548000
17		1358	4387.412610000
6	1420		4387.462452000
17		43	4387.468766000
17		1358	4387.492649000
6	0		4387.515007000
6	1420		4387.524361000
17		48	4387.561218000
17		1358	4387.572505000
6	1420		4387.586280000
6	1420		4387.648174000
17		43	4387.653469000
17		1358	4387.655095000
6	0		4387.698649000
6	1420		4387.710104000
17		1358	4387.733825000
17		43	4387.745370000
6	1420		4387.771986000
17		1358	4387.814104000
6	1420		4387.833909000
17		43	4387.837185000
6	0		4387.883310000
17		1358	4387.894360000
6	1420		4387.895779000
17		43	4387.929319000
6	1420		4387.957724000
17		1358	4387.974271000
6	1420		4388.019598000
17		43	4388.020852000
17		1358	4388.054471000
6	0		4388.066985000
6	1420		4388.081529000
17		43	4388.113246000
17		1358	4388.135672000
6	1420		4388.143416000
17		43	4388.158740000
6	0		4388.204905000
6	1420		4388.205305000
17		1358	4388.215920000
17		43	4388.250910000
6	1420		4388.267223000
17		1358	4388.296622000
6	1420		4388.329153000
17		43	4388.342664000
17		1358	4388.375932000
6	0		4388.389605000
6	1420		4388.432843000
17		43	4388.435366000
17		1358	4388.456371000
17		43	4388.526740000
6	1420		4388.535504000
17		1358	4388.537156000
6	0		4388.572929000
17		1358	4388.617272000
6	1420		4388.638696000
17		43	4388.665002000
17		1358	4388.697878000
6	0		4388.711136000
6	1420		4388.741875000
17		43	4388.757069000
17		1358	4388.778070000
6	1420		4388.845070000
17		43	4388.849450000
17		1358	4388.858716000
6	0		4388.894648000
17		1358	4388.938090000
6	1420		4388.948250000
17		43	4388.987469000
17		1358	4389.019131000
6	0		4389.033013000
6	1420		4389.051433000
17		43	4389.079459000
17		1358	4389.099386000
17		43	4389.124782000
6	1420		4389.154596000
6	0		4389.157052000
6	0		4389.157114000
6	0		4389.171162000
17		1358	4389.179672000
17		43	4389.217435000
6	1420		4389.257804000
17		1358	4389.260153000
6	0		4389.297826000
6	0		4389.311027000
6	41		4389.312463000
17		1358	4389.340110000
17		43	4389.355542000
6	1420		4389.360991000
17		1358	4389.421882000
17		48	4389.447297000
6	0		4389.452929000
6	21		4389.452966000
6	0		4389.452978000
6	1080		4389.454087000
17		35	4389.460894000
6	1420		4389.464161000
6	0		4389.493488000
17		1358	4389.500405000
17		43	4389.539536000
6	1420		4389.567323000
17		1358	4389.580208000
6	440		4389.594593000
6	0		4389.631655000
6	0		4389.638226000
6	1420		4389.644730000
17		1358	4389.661577000
17		43	4389.676734000
6	1420		4389.722098000
17		1358	4389.742427000
17		43	4389.768704000
6	48		4389.778663000
6	0		4389.778702000
6	280		4389.783219000
6	1420		4389.799505000
6	0		4389.814825000
17		1358	4389.822153000
17		43	4389.860824000
6	1420		4389.876867000
17		1358	4389.902562000
6	16		4389.926250000
17		43	4389.952826000
6	1420		4389.954252000
6	0		4389.970217000
17		1358	4389.982116000
6	0		4389.999109000
6	1420		4390.031683000
17		43	4390.045582000
17		1358	4390.062071000
6	1420		4390.109039000
6	52		4390.110606000
6	0		4390.110641000
6	52		4390.110779000
17		43	4390.136745000
17		1358	4390.143411000
6	0		4390.183396000
6	1420		4390.186398000
17		1358	4390.223396000
17		43	4390.228649000
6	84		4390.251324000
6	1420		4390.263795000
6	0		4390.294236000
17		1358	4390.303812000
17		43	4390.321074000
6	1420		4390.341176000
17		43	4390.366914000
17		1358	4390.384287000
6	0		4390.413540000
6	1420		4390.418550000
17		43	4390.459478000
17		1358	4390.463729000
6	1420		4390.495977000
17		1358	4390.543886000
17		43	4390.551181000
6	1420		4390.573330000
6	0		4390.597337000
17		600	4390.625937000
17		43	4390.643522000
6	1420		4390.650724000
6	1420		4390.728125000
17		43	4390.734914000
17		43	4390.781326000
6	1420		4390.806336000
6	0		4390.826707000
17		43	4390.826733000
6	1420		4390.882863000
17		43	4390.918801000
6	1420		4390.960285000
6	0		4390.965512000
17		43	4391.010824000
6	1420		4391.037632000
17		43	4391.103107000
6	1420		4391.115012000
6	0		4391.149317000
6	1420		4391.192403000
17		48	4391.194877000
17		35	4391.208701000
6	1420		4391.269784000
17		43	4391.287077000
6	0		4391.333463000
6	1420		4391.347155000
17		43	4391.379327000
6	1420		4391.424610000
17		43	4391.470970000
6	1420		4391.501929000
6	0		4391.517117000
17		43	4391.563223000
6	1420		4391.579325000
17		43	4391.654730000
6	1420		4391.656712000
6	0		4391.700901000
6	1420		4391.734095000
17		43	4391.746843000
17		1029	4391.746870000
17		34	4391.747401000
17		1358	4391.748158000
17		43	4391.793355000
6	1420		4391.811477000
17		1358	4391.829450000
6	0		4391.839501000
17		43	4391.885593000
6	1420		4391.888863000
17		1358	4391.909406000
6	1420		4391.966266000
17		43	4391.976862000
17		1358	4391.989913000
6	0		4392.022713000
6	1420		4392.043634000
17		43	4392.069141000
17		1358	4392.069771000
6	1420		4392.121015000
17		1358	4392.150646000
6	0		4392.160879000
17		43	4392.160913000
6	1420		4392.198410000
17		1358	4392.230451000
6	0		4392.253094000
6	1420		4392.275787000
17		1358	4392.311282000
6	0		4392.345536000
6	1420		4392.353203000
17		1358	4392.391316000
6	1420		4392.430578000
6	0		4392.436643000
17		1358	4392.472410000
6	68		4392.514054000
6	0		4392.528894000
17		1358	4392.552218000
6	0		4392.620672000
17		1358	4392.632113000
6	52		4392.654600000
6	0		4392.654664000
6	0		4392.654682000
6	0		4392.656319000
17		1358	4392.712711000
6	0		4392.713500000
17		1358	4392.793681000
6	0		4392.796780000
6	0		4392.805179000
17		49	4392.851324000
17		35	4392.864855000
17		1358	4392.873587000
17		1358	4392.937708000
17		43	4392.943018000
6	0		4392.989201000
6	1420		4392.989447000
17		1358	4393.002319000
17		43	4393.035141000
17		1358	4393.065470000
17		43	4393.126814000
17		1358	4393.129540000
6	0		4393.173505000
6	1420		4393.173762000
17		1358	4393.193885000
6	1420		4393.210915000
17		43	4393.218742000
17		1358	4393.258412000
17		43	4393.310746000
17		1358	4393.322518000
6	0		4393.357406000
6	1420		4393.357661000
17		1358	4393.387451000
6	1420		4393.394805000
17		43	4393.402729000
17		1358	4393.451638000
17		43	4393.495083000
17		1358	4393.515928000
6	0		4393.541116000
17		43	4393.541148000
6	1420		4393.541350000
6	1420		4393.578527000
17		1358	4393.579841000
17		43	4393.633667000
6	0		4393.633696000
17		1358	4393.644706000
6	1420		4393.652833000
17		43	4393.679173000
17		1358	4393.708601000
17		43	4393.725023000
17		43	4393.770729000
17		1358	4393.772481000
17		43	4393.816785000
17		1358	4393.836378000
17		43	4393.862700000
17		1358	4393.900389000
17		43	4393.908710000
17		43	4394.000745000
17		1358	4394.007587000
17		43	4394.046947000
17		43	4394.093349000
6	0		4394.093394000
6	1420		4394.093673000
17		1358	4394.112128000
6	1420		4394.130816000
6	0		4394.185310000
17		43	4394.185342000
6	1420		4394.205144000
17		1358	4394.213707000
17		48	4394.231392000
17		35	4394.245215000
17		43	4394.277044000
6	1420		4394.279476000
17		1358	4394.313295000
6	1420		4394.353794000
17		43	4394.369128000
17		1358	4394.387630000
6	0		4394.415404000
6	1420		4394.428118000
17		1358	4394.459930000
17		43	4394.461079000
6	1420		4394.502464000
17		43	4394.506973000
17		1358	4394.532347000
6	1420		4394.576776000
6	0		4394.598795000
17		1358	4394.603384000
17		43	4394.645016000
6	1420		4394.651147000
17		1358	4394.674130000
17		43	4394.691570000
6	1420		4394.725446000
17		1358	4394.744240000
17		43	4394.782807000
6	1420		4394.799749000
17		1358	4394.813521000
17		43	4394.829357000
6	1420		4394.874125000
17		43	4394.874764000
17		1358	4394.881491000
17		43	4394.921338000
6	0		4394.921364000
17		1358	4394.947835000
6	1420		4394.948393000
17		43	4395.012773000
17		1358	4395.013210000
6	1420		4395.022747000
6	0		4395.058855000
17		655	4395.058879000
17		36	4395.059936000
17		77	4395.068158000
17		33	4395.068224000
17		1358	4395.079426000
6	1420		4395.097097000
17		1358	4395.145812000
17		43	4395.150843000
6	1420		4395.171407000
6	0		4395.197231000
17		1358	4395.211823000
17		43	4395.242702000
6	1420		4395.245746000
17		1358	4395.278556000
6	1420		4395.320100000
17		43	4395.334798000
17		1358	4395.344580000
6	0		4395.381466000
6	1420		4395.394417000
17		1358	4395.410711000
17		43	4395.426931000
6	1420		4395.468727000
17		1358	4395.476821000
17		43	4395.518929000
17		1358	4395.541632000
6	1420		4395.543045000
6	0		4395.565195000
17		1358	4395.608503000
17		43	4395.611219000
6	1420		4395.617388000
17		1358	4395.674092000
6	1420		4395.691733000
17		43	4395.702627000
17		1358	4395.740687000
6	0		4395.749310000
6	1420		4395.766050000
17		43	4395.795116000
17		1358	4395.806665000
6	1420		4395.840395000
17		48	4395.840597000
17		35	4395.853908000
17		1358	4395.872729000
6	0		4395.886736000
6	1420		4395.914741000
17		43	4395.932832000
17		1358	4395.939589000
17		43	4395.979018000
6	1420		4395.989048000
17		1358	4396.005329000
17		767	4396.025200000
17		36	4396.026168000
6	1420		4396.063391000
17		43	4396.070718000
17		1358	4396.071065000
17		108	4396.078956000
17		276	4396.079002000
6	0		4396.117464000
17		44	4396.117504000
17		41	4396.117512000
17		1358	4396.137400000
6	1420		4396.137685000
17		33	4396.143226000
17		43	4396.163478000
6	0		4396.170690000
6	0		4396.170743000
17		1358	4396.203806000
6	0		4396.210670000
6	12		4396.210892000
6	1420		4396.212019000
6	0		4396.250453000
6	12		4396.250488000
6	0		4396.250501000
6	1		4396.250662000
6	4		4396.250682000
6	32		4396.250693000
6	0		4396.250707000
17		43	4396.255007000
17		1358	4396.269792000
6	1420		4396.286377000
6	0		4396.290425000
6	0		4396.290469000
6	0		4396.290574000
6	0		4396.290644000
6	0		4396.301373000
17		1358	4396.335957000
17		43	4396.346791000
6	1420		4396.360722000
17		1358	4396.402644000
6	1420		4396.435032000
17		43	4396.439079000
17		1358	4396.468179000
6	0		4396.484635000
6	1420		4396.509378000
17		43	4396.531468000
17		1358	4396.533055000
6	1420		4396.583676000
17		1358	4396.600575000
17		43	4396.622881000
6	1420		4396.658033000
17		1358	4396.666529000
6	0		4396.669194000
17		43	4396.714950000
17		1358	4396.731965000
6	1420		4396.732333000
17		43	4396.761051000
17		1358	4396.798571000
6	1420		4396.806715000
17		43	4396.806928000
6	0		4396.853217000
17		1358	4396.864812000
6	1420		4396.881026000
17		43	4396.899302000
17		1358	4396.930676000
6	1420		4396.955377000
17		43	4396.990744000
17		1358	4396.996676000
6	1420		4397.029677000
6	0		4397.036933000
17		1358	4397.063124000
17		43	4397.083048000
6	1420		4397.104014000
17		1358	4397.129565000
17		43	4397.174951000
6	1420		4397.178340000
17		1358	4397.195357000
6	0		4397.221123000
6	1420		4397.252661000
17		1358	4397.261959000
17		43	4397.267573000
6	1420		4397.312137000
17		1358	4397.327716000
17		43	4397.358698000
17		41	4397.358725000
6	1420		4397.371580000
17		1358	4397.393867000
6	0		4397.406054000
6	1420		4397.431049000
17		44	4397.451038000
17		43	4397.451068000
17		41	4397.451077000
17		1358	4397.459968000
17		33	4397.477626000
6	1420		4397.490551000
17		48	4397.497142000
17		35	4397.511775000
17		1358	4397.526090000
6	1420		4397.549988000
17		43	4397.589326000
17		1358	4397.590714000
6	1420		4397.609450000
6	0		4397.635475000
17		1358	4397.658970000
6	1420		4397.668899000
17		43	4397.680766000
17		1358	4397.723912000
6	1420		4397.728371000
17		43	4397.773163000
6	1420		4397.787839000
17		1358	4397.790851000
6	0		4397.818769000
6	1420		4397.847320000
17		1358	4397.856698000
17		43	4397.865045000
6	1420		4397.906797000
17		1358	4397.922378000
17		43	4397.956764000
6	1420		4397.966240000
17		1358	4397.988390000
6	0		4398.002667000
17		43	4398.002709000
6	1420		4398.025718000
17		1358	4398.054999000
6	1420		4398.085161000
17		43	4398.095003000
17		1358	4398.121388000
6	0		4398.141574000
6	1420		4398.144626000
17		43	4398.186664000
17		1358	4398.188232000
17		43	4398.232755000
6	1420		4398.243734000
17		1358	4398.253668000
17		1358	4398.319815000
17		43	4398.324894000
6	1420		4398.342853000
6	0		4398.371204000
17		1358	4398.385773000
6	0		4398.400677000
6	0		4398.400730000
17		43	4398.417303000
6	1420		4398.441959000
17		1358	4398.452244000
17		43	4398.508783000
17		1358	4398.518460000
6	1420		4398.541065000
6	0		4398.554967000
17		1358	4398.584828000
17		43	4398.601405000
6	1420		4398.640180000
17		1358	4398.650551000
17		43	4398.692871000
17		1358	4398.716334000
6	0		4398.739055000
6	1420		4398.739287000
17		1358	4398.781773000
17		43	4398.785539000
17		43	4398.831100000
6	1420		4398.838400000
17		1358	4398.847736000
6	0		4398.877352000
17		1358	4398.914216000
17		43	4398.923163000
6	1420		4398.937477000
17		1358	4398.980787000
17		43	4399.014766000
6	1420		4399.036601000
17		1358	4399.046210000
6	0		4399.061226000
17		43	4399.107482000
17		1358	4399.113022000
6	1420		4399.135686000
17		1358	4399.179275000
17		48	4399.199149000
17		35	4399.213333000
6	1420		4399.234794000
6	0		4399.244730000
17		1358	4399.245086000
17		43	4399.291268000
17		867	4399.311203000
6	1420		4399.333902000
17		43	4399.383174000
6	1420		4399.408258000
6	0		4399.429456000
17		43	4399.474767000
6	1420		4399.482655000
6	1420		4399.556878000
17		43	4399.567039000
6	0		4399.613336000
6	1420		4399.631221000
6	1420		4399.705548000
17		43	4399.705622000
6	0		4399.750780000
6	1420		4399.779923000
17		43	4399.796689000
17		43	4399.843274000
6	1420		4399.854225000
6	0		4399.888940000
6	1420		4399.928595000
17		43	4399.935373000
6	1420		4400.002891000
17		43	4400.027006000
6	0		4400.072719000
6	1420		4400.077241000
17		43	4400.119162000
6	1420		4400.151573000
17		43	4400.211038000
6	1420		4400.225881000
6	0		4400.257229000
6	1420		4400.300217000
17		43	4400.303137000
17		43	4400.349369000
17		43	4400.440814000
6	0		4400.486994000
17		43	4400.532975000
17		43	4400.578996000
17		43	4400.625299000
6	0		4400.671630000
17		43	4400.716624000
17		43	4400.763278000
17		1030	4400.763303000
17		34	4400.764029000
17		33	4400.764107000
17		155	4400.764798000
17		1358	4400.772058000
17		1358	4400.826388000
17		43	4400.854714000
17		1358	4400.878679000
6	0		4400.900864000
17		1358	4400.931391000
17		43	4400.947100000
17		1358	4400.984213000
17		43	4400.993587000
17		1358	4401.038057000
17		43	4401.084810000
17		1358	4401.090664000
6	0		4401.131013000
17		1358	4401.143428000
17		43	4401.177299000
17		1358	4401.196312000
17		43	4401.223628000
17		1358	4401.249122000
17		1358	4401.302066000
17		43	4401.315406000
17		1358	4401.354354000
6	0		4401.361826000
17		43	4401.406826000
17		1358	4401.408264000
17		1358	4401.460960000
6	0		4401.498912000
17		1358	4401.514174000
17		1358	4401.565908000
6	0		4401.590787000
17		1358	4401.619488000
17		1358	4401.672439000
6	0		4401.682934000
17		1358	4401.725733000
6	0		4401.775210000
6	1420		4401.775478000
17		1358	4401.777416000
17		1358	4401.830694000
6	0		4401.866865000
6	1420		4401.867107000
17		1358	4401.883807000
6	1420		4401.904302000
17		1358	4401.936902000
6	0		4401.958964000
6	1420		4401.978639000
17		1358	4401.989060000
17		1358	4402.042650000
6	0		4402.050937000
17		49	4402.050965000
6	1420		4402.052975000
17		35	4402.064733000
17		1358	4402.095110000
17		43	4402.096868000
6	1420		4402.127285000
17		43	4402.143258000
17		1358	4402.183740000
17		43	4402.189416000
6	1420		4402.201623000
17		43	4402.235198000
17		1358	4402.272246000
17		43	4402.280756000
17		43	4402.327512000
17		1358	4402.359808000
17		43	4402.372712000
17		43	4402.419027000
17		1358	4402.447833000
17		43	4402.465586000
17		43	4402.511636000
17		1358	4402.536869000
17		43	4402.557537000
17		43	4402.603286000
17		1358	4402.624056000
17		43	4402.649191000
17		43	4402.695434000
17		1358	4402.712615000
17		43	4402.741464000
17		43	4402.787051000
17		1358	4402.801616000
17		43	4402.833325000
17		43	4402.878819000
17		1358	4402.888838000
17		43	4402.925254000
17		48	4402.971335000
6	0		4402.971361000
6	1420		4402.971640000
17		1358	4402.977175000
6	1420		4403.008772000
17		1358	4403.043934000
17		43	4403.063247000
6	1420		4403.083114000
6	0		4403.109438000
17		1358	4403.111065000
17		43	4403.155386000
6	1420		4403.157421000
17		1358	4403.175962000
6	1420		4403.231782000
17		1358	4403.241826000
17		43	4403.247177000
17		43	4403.293008000
6	1420		4403.306119000
17		1358	4403.307951000
6	0		4403.339373000
17		1358	4403.373075000
6	1420		4403.380437000
17		43	4403.385290000
17		1358	4403.439896000
6	1420		4403.454772000
17		43	4403.476862000
17		1358	4403.490836000
6	0		4403.523153000
6	1420		4403.529084000
17		1358	4403.542950000
17		43	4403.569199000
17		1358	4403.593887000
6	1420		4403.603411000
17		43	4403.615157000
17		1358	4403.645851000
17		43	4403.661522000
6	1420		4403.677753000
17		1358	4403.696935000
17		43	4403.706952000
17		1358	4403.747715000
6	1420		4403.752078000
17		43	4403.753084000
17		43	4403.799320000
17		1358	4403.801730000
6	1420		4403.826414000
17		43	4403.845272000
17		1358	4403.850422000
6	1420		4403.900757000
17		1358	4403.901662000
17		43	4403.936934000
17		1358	4403.952736000
6	1420		4403.975077000
6	0		4403.983092000
17		1358	4404.004829000
17		43	4404.029291000
6	1420		4404.049427000
17		1358	4404.055484000
17		1358	4404.106830000
17		43	4404.120849000
6	1420		4404.123733000
17		1358	4404.157789000
6	0		4404.167196000
6	1420		4404.198103000
17		1358	4404.209747000
17		43	4404.212987000
17		1358	4404.260853000
6	1420		4404.272387000
6	0		4404.291428000
6	0		4404.291504000
17		43	4404.305306000
17		1358	4404.311732000
6	0		4404.331323000
6	12		4404.331619000
6	1420		4404.346728000
6	0		4404.350807000
17		1358	4404.363447000
6	0		4404.371454000
6	12		4404.371568000
6	0		4404.371584000
6	1		4404.371800000
6	4		4404.371824000
6	32		4404.371835000
6	0		4404.371848000
17		43	4404.397158000
6	0		4404.411661000
6	0		4404.411698000
6	0		4404.411703000
6	0		4404.411835000
6	0		4404.411848000
17		1358	4404.415862000
6	1420		4404.421076000
17		48	4404.442799000
17		35	4404.455938000
17		1358	4404.466533000
17		43	4404.488908000
6	1420		4404.495405000
17		1358	4404.517880000
6	0		4404.535080000
17		1358	4404.568993000
6	1420		4404.569710000
17		43	4404.581208000
17		1358	4404.620145000
6	1420		4404.644057000
17		1358	4404.672284000
17		43	4404.672645000
6	1420		4404.718391000
17		43	4404.718648000
17		1358	4404.723364000
6	0		4404.764789000
17		1358	4404.773821000
6	1420		4404.792714000
17		43	4404.811047000
17		1358	4404.825577000
6	1420		4404.867014000
17		1358	4404.876991000
17		43	4404.902904000
17		1358	4404.927726000
6	1420		4404.941398000
17		43	4404.948816000
17		1358	4404.979804000
6	0		4404.994960000
6	1420		4405.015682000
17		1358	4405.030194000
17		43	4405.041057000
17		772	4405.086630000
17		36	4405.087718000
6	1420		4405.090014000
17		77	4405.097316000
17		33	4405.097542000
17		43	4405.132871000
6	1420		4405.164372000
6	0		4405.179111000
17		43	4405.224906000
6	1420		4405.238686000
6	1420		4405.313037000
17		43	4405.316984000
6	0		4405.363481000
6	1420		4405.387377000
17		43	4405.409520000
17		43	4405.454663000
6	1420		4405.461668000
6	1420		4405.535998000
17		43	4405.546854000
6	0		4405.593371000
6	1420		4405.610342000
17		43	4405.639413000
6	1420		4405.684677000
17		43	4405.684837000
6	1420		4405.759014000
17		43	4405.777267000
6	0		4405.823452000
6	1420		4405.833341000
17		43	4405.869322000
6	1420		4405.907772000
17		43	4405.915478000
6	1420		4405.981996000
17		48	4406.007048000
17		35	4406.020924000
6	0		4406.053415000
17		43	4406.053439000
6	1420		4406.056306000
17		43	4406.099090000
6	1420		4406.130656000
17		43	4406.191183000
6	1420		4406.205040000
6	0		4406.237371000
6	1420		4406.264445000
17		43	4406.283355000
6	1420		4406.323906000
17		43	4406.375218000
6	1420		4406.383394000
17		43	4406.420744000
6	1420		4406.442839000
6	0		4406.466904000
6	1420		4406.502306000
17		43	4406.513042000
17		1358	4406.514898000
6	1420		4406.561771000
17		43	4406.605337000
17		1358	4406.607953000
6	1420		4406.621436000
17		43	4406.650776000
17		1358	4406.659971000
6	1420		4406.680691000
6	0		4406.696984000
17		1358	4406.711828000
6	1420		4406.740167000
17		43	4406.743267000
17		1358	4406.763418000
6	1420		4406.799603000
17		1358	4406.814821000
17		43	4406.835128000
17		41	4406.835150000
6	1420		4406.859092000
17		1358	4406.865931000
6	0		4406.881031000
17		44	4406.881060000
17		41	4406.881077000
17		33	4406.907453000
17		1358	4406.917375000
6	1420		4406.918542000
17		1358	4406.967933000
6	0		4406.973474000
6	1420		4406.978010000
17		1358	4407.020819000
6	1420		4407.037481000
6	0		4407.064680000
17		1358	4407.071787000
6	1420		4407.096963000
17		1358	4407.122941000
6	1420		4407.156396000
6	0		4407.156741000
17		1358	4407.173961000
6	0		4407.202906000
6	1420		4407.215881000
17		1358	4407.225780000
17		1358	4407.277198000
6	0		4407.295248000
6	1420		4407.314991000
17		1358	4407.327711000
17		1358	4407.379236000
6	0		4407.387172000
6	1420		4407.414080000
17		1358	4407.430395000
6	0		4407.478842000
17		1358	4407.482036000
6	1420		4407.513194000
17		1358	4407.532883000
6	0		4407.570757000
17		1358	4407.584126000
6	1420		4407.612270000
17		1358	4407.636054000
6	0		4407.662691000
17		1358	4407.686804000
6	1420		4407.711382000
17		1358	4407.737883000
6	0		4407.755524000
17		1358	4407.789881000
17		43	4407.800740000
6	1420		4407.807149000
17		1358	4407.842073000
17		1358	4407.892893000
17		43	4407.893481000
6	0		4407.893512000
6	1420		4407.902910000
17		1358	4407.943945000
17		43	4407.985113000
17		1358	4407.996056000
6	1420		4407.998633000
6	0		4408.031288000
17		1358	4408.046597000
17		43	4408.076976000
6	1420		4408.094385000
17		1358	4408.097886000
17		1358	4408.149036000
17		43	4408.169232000
6	1420		4408.190183000
17		774	4408.200226000
6	0		4408.215512000
17		43	4408.260696000
6	1420		4408.285854000
17		43	4408.353053000
6	1420		4408.380427000
17		43	4408.398795000
6	0		4408.444874000
17		48	4408.444911000
17		35	4408.458295000
6	1420		4408.474968000
17		43	4408.537273000
6	1420		4408.545287000
6	0		4408.583457000
6	1420		4408.615688000
17		43	4408.629529000
6	1420		4408.682341000
17		43	4408.721049000
6	1420		4408.749070000
6	0		4408.766735000
17		43	4408.813329000
6	1420		4408.815760000
6	1420		4408.882508000
17		43	4408.905156000
6	1420		4408.949191000
17		43	4408.951204000
6	0		4408.977741000
6	0		4408.977795000
6	0		4408.997008000
6	1420		4409.015943000
17		43	4409.042729000
6	1420		4409.082641000
17		43	4409.089241000
17		43	4409.181068000
17		43	4409.227132000
6	0		4409.273507000
17		43	4409.273540000
6	0		4409.301480000
6	41		4409.306817000
17		43	4409.320015000
6	0		4409.361207000
6	21		4409.362919000
6	0		4409.362949000
6	1080		4409.364024000
17		43	4409.410845000
6	440		4409.441996000
17		43	4409.457131000
6	0		4409.482210000
6	0		4409.503301000
17		43	4409.549283000
17		43	4409.595239000
17		43	4409.686785000
17		43	4409.732735000
6	48		4409.740013000
6	0		4409.740067000
6	280		4409.744368000
6	0		4409.779200000
17		43	4409.825351000
17		48	4409.871461000
17		35	4409.885692000
17		1119	4409.917368000
17		41	4409.917980000
17		1358	4409.918842000
17		43	4409.962931000
17		1358	4409.971986000
6	0		4410.009005000
17		43	4410.009030000
17		1358	4410.022329000
17		43	4410.055107000
6	0		4410.062730000
17		1358	4410.073678000
17		1358	4410.125742000
17		43	4410.147037000
17		1358	4410.176149000
6	0		4410.193227000
17		1358	4410.227674000
17		1358	4410.279674000
6	0		4410.285151000
6	16		4410.300479000
17		1358	4410.330536000
6	0		4410.342236000
6	52		4410.367212000
6	0		4410.367284000
6	52		4410.367385000
6	0		4410.376896000
6	1420		4410.377163000
17		1358	4410.381754000
17		1358	4410.433636000
6	0		4410.469228000
6	1420		4410.469497000
17		1358	4410.484610000
6	1420		4410.502884000
17		1358	4410.536385000
6	0		4410.561299000
6	1420		4410.569567000
17		1358	4410.587335000
6	1420		4410.636372000
17		1358	4410.639182000
6	0		4410.652797000
6	0		4410.677770000
17		1358	4410.689895000
17		43	4410.699674000
6	1420		4410.703041000
6	84		4410.724467000
17		1358	4410.741670000
17		49	4410.745535000
6	0		4410.745575000
17		35	4410.759196000
6	0		4410.766222000
6	1420		4410.769735000
17		43	4410.791019000
17		1358	4410.792640000
6	1420		4410.836441000
17		43	4410.837036000
17		1358	4410.843461000
17		43	4410.883640000
17		1358	4410.895166000
17		43	4410.929228000
17		1358	4410.946335000
17		43	4410.975402000
17		1358	4410.997312000
17		43	4411.021453000
17		1358	4411.048603000
17		43	4411.067438000
17		1358	4411.100194000
17		1358	4411.151567000
17		43	4411.158672000
17		1358	4411.202487000
17		43	4411.204750000
6	0		4411.250932000
6	1420		4411.251189000
17		1358	4411.255461000
6	1420		4411.284536000
17		43	4411.296851000
17		1358	4411.306555000
6	1420		4411.351259000
17		1358	4411.357633000
17		43	4411.388920000
17		1358	4411.408424000
6	1420		4411.418027000
6	0		4411.435083000
17		1358	4411.460434000
17		43	4411.481276000
6	1420		4411.484732000
17		1358	4411.510791000
17		43	4411.526972000
6	1420		4411.551479000
17		1358	4411.563097000
17		43	4411.572894000
17		1358	4411.613807000
6	1420		4411.618154000
6	0		4411.618770000
17		1358	4411.665156000
17		43	4411.665569000
6	1420		4411.684873000
17		1358	4411.716017000
6	1420		4411.751598000
17		43	4411.756918000
17		1358	4411.767869000
6	0		4411.803085000
6	1420		4411.818321000
17		1358	4411.819322000
17		43	4411.849208000
17		1358	4411.870650000
6	1420		4411.885036000
17		43	4411.895630000
17		1358	4411.921935000
17		43	4411.941218000
6	1420		4411.951760000
17		1358	4411.973077000
17		48	4411.987216000
17		35	4412.001264000
6	1420		4412.018494000
17		1358	4412.024291000
17		43	4412.033253000
17		1358	4412.075215000
17		43	4412.079201000
17		730	4412.079228000
17		36	4412.080251000
6	1420		4412.085198000
17		75	4412.089063000
17		33	4412.089118000
17		43	4412.125761000
17		1358	4412.127325000
6	1420		4412.151942000
17		43	4412.171594000
17		1358	4412.178804000
17		43	4412.216851000
6	1420		4412.218663000
17		1358	4412.230316000
6	0		4412.263193000
17		1358	4412.281254000
6	1420		4412.285350000
17		43	4412.309571000
17		1358	4412.332451000
6	1420		4412.352094000
17		1358	4412.373761000
17		43	4412.401358000
6	0		4412.412415000
6	0		4412.412478000
17		1358	4412.414712000
6	1420		4412.419078000
17		43	4412.447032000
6	0		4412.451746000
6	12		4412.452000000
17		1358	4412.455678000
6	1420		4412.485517000
6	0		4412.491334000
6	12		4412.491502000
6	0		4412.491523000
6	1		4412.491721000
6	4		4412.491743000
6	32		4412.491755000
6	0		4412.491769000
6	0		4412.493480000
17		1358	4412.496870000
6	0		4412.531009000
6	0		4412.531065000
6	0		4412.531169000
6	0		4412.531188000
17		1358	4412.537150000
17		43	4412.538690000
6	1420		4412.552240000
17		1358	4412.578114000
6	1420		4412.618979000
17		1358	4412.619052000
17		43	4412.630709000
17		1358	4412.660169000
6	0		4412.677547000
6	1420		4412.685662000
17		1358	4412.701759000
17		43	4412.722656000
17		1358	4412.742828000
6	1420		4412.752408000
17		43	4412.769560000
17		1358	4412.783122000
6	1420		4412.819115000
17		1358	4412.824908000
17		43	4412.860741000
17		1358	4412.865224000
6	1420		4412.885846000
17		1358	4412.907043000
6	0		4412.907507000
17		1358	4412.948726000
6	1420		4412.952559000
17		43	4412.953293000
17		1358	4412.989541000
17		43	4412.998871000
6	1420		4413.019276000
17		1358	4413.030684000
6	0		4413.044993000
6	68		4413.066484000
17		1358	4413.071500000
6	1420		4413.086015000
17		43	4413.091095000
17		1358	4413.112464000
17		43	4413.137519000
6	1420		4413.152714000
17		1267	4413.180496000
6	1420		4413.219460000
17		43	4413.228697000
6	1420		4413.272822000
6	0		4413.274956000
17		43	4413.320992000
6	1420		4413.326181000
6	1420		4413.379588000
6	52		4413.401776000
6	0		4413.401822000
6	0		4413.403309000
17		48	4413.413342000
17		35	4413.427338000
6	0		4413.430501000
6	0		4413.430546000
6	1420		4413.432931000
6	0		4413.433716000
17		43	4413.459252000
17		41	4413.459279000
6	1420		4413.486304000
6	0		4413.505193000
17		44	4413.505228000
17		41	4413.505237000
17		33	4413.531257000
6	1420		4413.539700000
17		43	4413.550656000
6	1420		4413.593082000
17		43	4413.643403000
6	1420		4413.646439000
6	0		4413.688662000
6	1420		4413.699811000
17		43	4413.735048000
17		1171	4413.735078000
17		36	4413.736088000
17		108	4413.746829000
17		245	4413.746988000
6	1420		4413.753209000
17		43	4413.780875000
6	1420		4413.806585000
6	1420		4413.859945000
17		43	4413.872885000
6	0		4413.919388000
17		43	4413.965516000
17		43	4414.056871000
6	0		4414.103069000
6	1420		4414.103356000
6	1420		4414.147842000
17		43	4414.149038000
17		43	4414.195036000
17		43	4414.287296000
6	0		4414.332689000
6	1420		4414.332973000
6	1420		4414.377447000
17		43	4414.379168000
17		43	4414.425591000
17		43	4414.517179000
17		43	4414.563182000
6	0		4414.609502000
6	1420		4414.609798000
6	1420		4414.654257000
17		43	4414.654659000
17		43	4414.746846000
6	0		4414.793008000
6	1420		4414.793234000
6	1420		4414.826632000
17		43	4414.839234000
17		43	4414.884945000
17		48	4414.976840000
17		35	4414.990266000
6	0		4415.022632000
6	1420		4415.022867000
6	1420		4415.056242000
17		43	4415.068910000
17		43	4415.115438000
17		43	4415.206808000
6	0		4415.253038000
17		1120	4415.253067000
6	1420		4415.253270000
17		41	4415.253698000
17		156	4415.254359000
17		1358	4415.261517000
6	1420		4415.286634000
17		43	4415.299460000
17		1358	4415.313909000
17		1358	4415.365903000
6	0		4415.391325000
6	1420		4415.391599000
17		1358	4415.416611000
6	1420		4415.424957000
17		1358	4415.468097000
6	0		4415.483363000
6	1420		4415.491681000
17		1358	4415.518866000
6	1420		4415.558434000
17		1358	4415.569941000
6	0		4415.575297000
17		1358	4415.621908000
6	1420		4415.625117000
6	0		4415.667506000
17		1358	4415.672471000
6	1420		4415.691846000
17		1358	4415.723838000
6	1420		4415.758560000
6	0		4415.758801000
17		44	4415.758829000
17		41	4415.758838000
17		1358	4415.776122000
17		33	4415.784835000
6	1420		4415.825264000
17		1358	4415.826470000
6	0		4415.851225000
17		1358	4415.877580000
6	1420		4415.892050000
17		1358	4415.929196000
6	0		4415.943508000
6	1420		4415.958752000
17		1358	4415.980555000
6	1420		4416.025463000
17		1358	4416.032417000
6	0		4416.035086000
17		1358	4416.083493000
6	1420		4416.092152000
6	0		4416.127010000
17		1358	4416.134781000
6	1420		4416.158909000
17		1358	4416.186959000
6	0		4416.219627000
6	1420		4416.225630000
17		1358	4416.238215000
17		1358	4416.289097000
6	1420		4416.292324000
6	0		4416.310681000
17		1358	4416.339855000
6	1420		4416.359021000
17		1358	4416.391440000
6	0		4416.403884000
17		49	4416.403924000
17		35	4416.417638000
6	1420		4416.425795000
17		1358	4416.442512000
17		43	4416.448737000
17		1358	4416.494186000
17		43	4416.541468000
6	0		4416.541500000
17		1358	4416.545138000
17		43	4416.587437000
17		1358	4416.596526000
17		43	4416.632903000
17		1358	4416.648328000
6	0		4416.679551000
17		1358	4416.699008000
17		43	4416.724712000
17		1358	4416.749980000
17		1358	4416.801561000
17		43	4416.816872000
17		1358	4416.852973000
6	0		4416.863047000
17		1358	4416.904955000
17		43	4416.909205000
17		43	4416.955300000
17		1358	4416.956817000
17		1358	4417.008122000
17		43	4417.047318000
17		1358	4417.058691000
6	0		4417.093243000
17		1358	4417.110051000
17		43	4417.138969000
17		1358	4417.161997000
17		1358	4417.213024000
17		43	4417.231308000
17		1358	4417.264297000
6	0		4417.277500000
17		1358	4417.315270000
17		43	4417.322657000
17		1358	4417.366170000
17		43	4417.368705000
17		1358	4417.418134000
17		43	4417.461430000
17		1358	4417.469003000
6	0		4417.507515000
17		43	4417.507546000
17		1358	4417.520388000
17		1358	4417.571547000
17		43	4417.599444000
17		1358	4417.622379000
17		43	4417.644652000
17		1358	4417.673870000
6	0		4417.690863000
6	1420		4417.691122000
17		1358	4417.725866000
17		43	4417.737523000
17		1358	4417.777658000
17		43	4417.828935000
17		1358	4417.829184000
6	0		4417.875114000
6	1420		4417.875354000
17		1358	4417.880589000
6	1420		4417.908709000
17		48	4417.921129000
17		1358	4417.931456000
17		43	4417.967146000
17		1358	4417.983039000
17		1358	4418.033771000
17		43	4418.059139000
17		1358	4418.085382000
6	0		4418.105357000
6	1420		4418.105635000
17		1358	4418.136366000
6	1420		4418.138976000
17		43	4418.150780000
17		1358	4418.187557000
17		1358	4418.238600000
17		43	4418.243019000
17		43	4418.288971000
17		43	4418.334986000
17		43	4418.381434000
6	0		4418.381463000
6	1420		4418.381732000
17		43	4418.427540000
17		43	4418.472926000
17		43	4418.519482000
17		43	4418.565484000
17		1358	4418.566895000
17		1358	4418.566922000
17		43	4418.610737000
17		1358	4418.612371000
17		43	4418.656973000
17		1358	4418.673344000
17		43	4418.703636000
17		1358	4418.734815000
17		43	4418.749511000
17		43	4418.795370000
17		1358	4418.797017000
17		43	4418.841191000
17		1358	4418.858345000
17		43	4418.887154000
17		1358	4418.917812000
17		43	4418.933527000
17		1358	4418.974292000
17		48	4418.978895000
17		35	4418.992500000
17		43	4419.025483000
17		272	4419.031168000
17		43	4419.070695000
17		43	4419.117234000
17		43	4419.163325000
17		43	4419.209525000
17		43	4419.254827000
17		43	4419.347093000
17		43	4419.393190000
6	0		4419.438786000
6	1420		4419.439042000
6	1420		4419.472676000
17		43	4419.485302000
6	1420		4419.539103000
17		43	4419.577330000
6	1420		4419.605826000
17		43	4419.623406000
17		43	4419.669150000
6	1420		4419.672553000
17		43	4419.714885000
6	1420		4419.739284000
6	0		4419.761046000
6	1420		4419.805984000
17		43	4419.807460000
6	1420		4419.872693000
17		43	4419.899273000
6	1420		4419.939439000
17		43	4419.944802000
6	0		4419.990955000
6	1420		4420.006141000
17		43	4420.037038000
6	1420		4420.072874000
17		43	4420.083386000
17		43	4420.128921000
6	1420		4420.139600000
17		48	4420.175172000
17		35	4420.188318000
6	1420		4420.206316000
17		43	4420.220785000
17		43	4420.267316000
6	1420		4420.273027000
17		43	4420.313453000
6	1420		4420.339745000
17		1129	4420.359069000
17		41	4420.359624000
17		156	4420.360367000
17		1353	4420.360437000
17		1358	4420.360447000
17		1358	4420.360452000
17		1358	4420.360456000
17		1358	4420.360461000
17		1358	4420.360465000
17		1358	4420.360470000
17		1358	4420.360474000
17		1358	4420.360480000
17		1358	4420.402029000
6	1420		4420.407028000
17		1358	4420.443895000
6	0		4420.451440000
6	1420		4420.473183000
17		1358	4420.483968000
17		1358	4420.525171000
6	1420		4420.539917000
6	0		4420.543532000
17		1358	4420.566193000
6	1420		4420.606618000
17		1358	4420.607871000
6	0		4420.635076000
17		1358	4420.648761000
6	1420		4420.659997000
17		1358	4420.689083000
6	1420		4420.713365000
6	0		4420.727458000
17		1358	4420.731288000
6	1420		4420.766751000
17		1358	4420.772316000
17		1358	4420.813219000
6	0		4420.819198000
6	1420		4420.820108000
17		1358	4420.854222000
6	1420		4420.873508000
17		1358	4420.894956000
6	0		4420.910865000
6	1420		4420.926880000
17		1358	4420.936664000
17		1358	4420.977039000
6	1420		4420.980295000
6	0		4421.003102000
17		1358	4421.018050000
6	1420		4421.033612000
17		49	4421.048836000
17		1358	4421.059682000
6	1420		4421.087018000
17		43	4421.095632000
17		1358	4421.127607000
6	1420		4421.140396000
6	0		4421.141301000
17		43	4421.141329000
17		43	4421.187369000
6	1420		4421.193767000
17		1358	4421.196059000
17		43	4421.233561000
6	1420		4421.247145000
17		1358	4421.264421000
17		43	4421.279170000
6	1420		4421.300504000
17		43	4421.325583000
17		1358	4421.332198000
6	1420		4421.353875000
17		43	4421.370759000
17		1358	4421.401385000
6	1420		4421.407251000
17		43	4421.416843000
6	1420		4421.460673000
17		43	4421.463410000
17		1358	4421.469287000
6	1420		4421.514028000
17		1358	4421.538167000
17		43	4421.554746000
6	1420		4421.567368000
6	0		4421.600769000
17		1358	4421.606275000
6	1420		4421.620782000
17		43	4421.646673000
6	1420		4421.674133000
17		1358	4421.674234000
17		43	4421.692979000
6	1420		4421.727524000
17		1358	4421.743216000
17		43	4421.784726000
17		1358	4421.811571000
6	1420		4421.816490000
6	0		4421.830745000
17		1358	4421.862947000
17		43	4421.876906000
6	1420		4421.905444000
17		1358	4421.914187000
17		43	4421.923158000
17		1358	4421.965693000
6	1420		4421.994399000
17		43	4422.014708000
17		1358	4422.016192000
6	0		4422.060873000
17		1358	4422.068415000
6	1420		4422.083375000
17		43	4422.107426000
17		1358	4422.119816000
17		43	4422.152707000
17		1358	4422.170964000
6	1420		4422.172294000
17		43	4422.198872000
17		1358	4422.222202000
6	0		4422.244691000
6	1420		4422.261289000
17		1358	4422.273744000
17		48	4422.291367000
17		35	4422.305173000
17		1358	4422.325257000
6	1420		4422.350223000
17		1358	4422.376002000
17		43	4422.382605000
17		1358	4422.427496000
6	0		4422.429409000
6	1420		4422.439218000
17		43	4422.474765000
17		1358	4422.479364000
6	1420		4422.505944000
17		43	4422.521355000
17		1358	4422.530551000
17		1358	4422.581379000
17		43	4422.612751000
17		1358	4422.632732000
6	0		4422.658907000
6	1420		4422.659166000
17		1358	4422.683676000
6	1420		4422.692522000
17		43	4422.705078000
17		1358	4422.735005000
17		1358	4422.786480000
17		43	4422.796809000
17		1358	4422.838095000
6	0		4422.842989000
6	1420		4422.843268000
6	1420		4422.876595000
17		1358	4422.889172000
17		43	4422.935195000
17		1358	4422.940077000
6	0		4422.981558000
17		43	4422.981586000
6	1420		4422.981794000
17		1358	4422.991677000
6	1420		4423.015187000
17		1358	4423.042941000
17		43	4423.073278000
17		1358	4423.094939000
6	0		4423.119472000
6	1420		4423.119698000
17		1358	4423.146448000
6	1420		4423.153076000
17		43	4423.165383000
17		1358	4423.197661000
6	0		4423.257173000
6	1420		4423.257423000
6	1420		4423.290783000
17		43	4423.303319000
17		1358	4423.304897000
17		43	4423.395038000
17		1358	4423.396677000
6	0		4423.440753000
6	1420		4423.441066000
6	1420		4423.474364000
17		43	4423.487029000
17		1358	4423.488371000
6	0		4423.579147000
6	1420		4423.579433000
6	1420		4423.612783000
17		43	4423.624923000
17		1358	4423.626555000
17		43	4423.716826000
17		1358	4423.719204000
17		43	4423.762702000
17		1358	4423.771485000
6	0		4423.809571000
6	1420		4423.809815000
6	1420		4423.843172000
17		43	4423.854718000
17		1358	4423.857095000
17		43	4423.901268000
17		1358	4423.909328000
17		43	4423.947134000
17		1358	4423.961591000
6	0		4423.992711000
6	1340		4423.992967000
17		48	4424.038791000
17		1358	4424.040378000
17		43	4424.085072000
17		1358	4424.092211000
17		43	4424.177575000
17		1358	4424.179164000
17		43	4424.223440000
17		1358	4424.231158000
6	0		4424.269797000
17		43	4424.315374000
17		283	4424.316962000
17		43	4424.407211000
17		43	4424.453365000
6	0		4424.499027000
17		43	4424.544765000
17		43	4424.590832000
17		43	4424.637013000
6	0		4424.683213000
17		43	4424.729419000
17		43	4424.775383000
17		43	4424.821605000
17		43	4424.912916000
6	0		4424.959076000
17		43	4425.005104000
17		43	4425.051190000
17		43	4425.097393000
6	0		4425.188770000
17		43	4425.235215000
17		43	4425.280941000
6	0		4425.319136000
6	0		4425.319191000
17		43	4425.373452000
6	0		4425.419094000
17		48	4425.419130000
17		35	4425.432520000
17		43	4425.464750000
17		43	4425.557096000
6	0		4425.603222000
6	0		4425.618333000
6	41		4425.625514000
17		43	4425.649530000
6	0		4425.741106000
17		43	4425.787070000
17		43	4425.832862000
6	0		4425.922961000
6	21		4425.924024000
6	0		4425.924058000
6	1080		4425.925392000
6	0		4425.925466000
17		43	4425.970750000
6	0		4426.062962000
17		43	4426.108917000
17		43	4426.154968000
17		43	4426.201055000
6	0		4426.223082000
6	440		4426.225357000
17		1120	4426.247059000
17		41	4426.247675000
17		156	4426.248400000
17		1358	4426.253937000
6	0		4426.266213000
6	0		4426.293620000
17		43	4426.293655000
17		1358	4426.295435000
17		1358	4426.336702000
17		43	4426.339415000
17		1358	4426.377788000
17		43	4426.385005000
17		1358	4426.419374000
6	0		4426.431488000
17		1358	4426.459496000
17		43	4426.477137000
17		1358	4426.500783000
17		43	4426.523436000
17		1358	4426.541931000
6	48		4426.564770000
6	0		4426.564810000
17		43	4426.568967000
6	280		4426.570145000
17		1358	4426.583007000
17		49	4426.616001000
17		1358	4426.624113000
17		43	4426.661274000
17		1358	4426.692894000
17		43	4426.707249000
17		43	4426.752998000
17		1358	4426.761110000
17		43	4426.799226000
17		1358	4426.829450000
17		43	4426.845227000
6	0		4426.867937000
17		43	4426.890898000
17		1358	4426.897584000
6	16		4426.910668000
17		43	4426.936835000
17		1358	4426.949718000
6	0		4426.954242000
17		43	4426.982684000
17		1358	4427.000040000
17		43	4427.028909000
17		1358	4427.051882000
17		43	4427.075674000
17		1358	4427.102899000
17		43	4427.121195000
17		1358	4427.146866000
17		43	4427.167090000
17		1358	4427.190882000
17		43	4427.212971000
17		1358	4427.234820000
6	52		4427.252177000
6	0		4427.252219000
6	52		4427.252349000
17		43	4427.258923000
17		1358	4427.279207000
17		43	4427.304968000
17		1358	4427.323074000
17		43	4427.351238000
17		1358	4427.367480000
17		43	4427.397310000
17		1358	4427.410477000
17		43	4427.442978000
17		1358	4427.454478000
17		43	4427.489567000
17		1358	4427.498199000
17		48	4427.535817000
17		1358	4427.542090000
6	0		4427.550100000
6	84		4427.555890000
17		43	4427.581615000
17		1358	4427.585748000
6	0		4427.598253000
17		43	4427.627483000
17		1358	4427.628445000
17		43	4427.673232000
17		1358	4427.674853000
17		1358	4427.718292000
17		43	4427.718667000
17		1358	4427.761591000
17		43	4427.765450000
17		1358	4427.805478000
17		43	4427.810839000
17		1358	4427.849406000
17		43	4427.856811000
17		1358	4427.893402000
17		43	4427.902767000
17		1358	4427.936988000
17		43	4427.949556000
17		1358	4427.980613000
17		43	4427.995337000
17		1358	4428.025000000
17		43	4428.040805000
17		154	4428.068082000
17		43	4428.087103000
17		43	4428.133089000
17		43	4428.179223000
17		43	4428.225861000
17		1128	4428.271054000
17		41	4428.271678000
17		156	4428.272346000
17		1353	4428.272354000
17		1358	4428.272382000
17		1358	4428.272387000
17		1358	4428.272390000
17		1358	4428.272393000
17		1358	4428.272396000
17		1358	4428.272399000
17		1358	4428.272402000
17		1358	4428.272406000
17		1358	4428.317832000
17		1358	4428.361696000
17		49	4428.363362000
17		35	4428.377558000
17		43	4428.408970000
17		43	4428.455021000
17		43	4428.501036000
17		1358	4428.502757000
6	0		4428.532591000
6	0		4428.532671000
17		43	4428.547165000
17		1358	4428.548529000
6	0		4428.571846000
6	12		4428.572177000
17		43	4428.592892000
17		1358	4428.607297000
6	0		4428.609856000
6	0		4428.611091000
6	12		4428.611121000
6	0		4428.611130000
6	1		4428.611347000
6	4		4428.611370000
6	32		4428.611382000
6	0		4428.611396000
17		43	4428.638697000
6	0		4428.650162000
6	0		4428.650317000
6	0		4428.650536000
6	0		4428.650552000
17		1358	4428.665777000
17		43	4428.685090000
17		1358	4428.711270000
17		43	4428.731035000
17		1358	4428.755802000
17		43	4428.776914000
17		1358	4428.799951000
17		43	4428.822914000
17		1358	4428.844998000
17		43	4428.869248000
17		1358	4428.889792000
17		43	4428.915526000
17		1358	4428.934589000
6	0		4428.960747000
17		43	4428.960802000
6	0		4428.961001000
17		1358	4428.978812000
17		43	4429.007374000
17		1358	4429.023287000
17		43	4429.052974000
17		1358	4429.067618000
17		43	4429.099417000
17		1358	4429.111122000
17		43	4429.145005000
17		1358	4429.155664000
17		43	4429.191450000
17		1358	4429.199398000
17		1358	4429.233317000
6	0		4429.236967000
17		43	4429.236995000
6	0		4429.238025000
17		1358	4429.268751000
17		48	4429.283116000
17		35	4429.296999000
17		1358	4429.304353000
17		43	4429.328838000
17		1358	4429.363091000
17		43	4429.375784000
17		43	4429.420788000
6	0		4429.420827000
6	0		4429.421421000
17		1358	4429.422391000
17		1358	4429.466960000
17		43	4429.467471000
17		1358	4429.510678000
17		43	4429.513454000
6	0		4429.542952000
17		1358	4429.554992000
6	0		4429.559141000
6	400		4429.559175000
17		43	4429.559186000
6	0		4429.559481000
6	68		4429.562939000
6	1379		4429.567264000
17		1358	4429.600463000
17		43	4429.605182000
17		1358	4429.644552000
6	0		4429.650872000
17		43	4429.650902000
17		1358	4429.686500000
17		43	4429.696752000
17		1358	4429.726458000
17		43	4429.743092000
17		1358	4429.767289000
6	0		4429.788763000
17		43	4429.788790000
17		1358	4429.808599000
17		43	4429.834884000
17		1358	4429.848585000
6	52		4429.860935000
6	0		4429.860979000
6	0		4429.861002000
6	0		4429.862551000
6	0		4429.881407000
17		1358	4429.889458000
17		43	4429.926933000
17		1358	4429.931314000
17		43	4429.972891000
17		1358	4429.974351000
17		43	4430.019404000
17		1358	4430.021490000
17		43	4430.065409000
17		1358	4430.077517000
17		43	4430.110853000
17		1358	4430.132806000
17		43	4430.156988000
6	0		4430.161358000
17		1358	4430.173798000
17		43	4430.203075000
17		1358	4430.215199000
6	0		4430.249183000
17		48	4430.249210000
6	0		4430.249616000
17		1358	4430.257109000
17		43	4430.295220000
17		1358	4430.298752000
17		1358	4430.339965000
17		43	4430.341597000
6	0		4430.341632000
6	0		4430.342063000
17		1358	4430.380668000
17		43	4430.387294000
17		1358	4430.421663000
17		43	4430.433652000
17		1358	4430.463188000
17		43	4430.479513000
17		1358	4430.505064000
6	0		4430.525701000
6	589		4430.525725000
17		43	4430.525736000
6	0		4430.526156000
6	2792		4430.526797000
6	2792		4430.526862000
6	2792		4430.526901000
6	2792		4430.526986000
6	2792		4430.527040000
17		1060	4430.547522000
17		43	4430.571339000
17		43	4430.617261000
6	0		4430.649781000
6	0		4430.662944000
17		43	4430.662969000
17		43	4430.709024000
17		43	4430.755152000
17		43	4430.801130000
17		43	4430.847164000
6	0		4430.892791000
6	1396		4430.893231000
6	1396		4430.898050000
6	0		4430.938748000
6	0		4430.938773000
6	1396		4430.939210000
6	1396		4430.944053000
6	1396		4430.953741000
6	1396		4430.963436000
6	0		4430.984686000
6	1396		4430.985137000
6	1396		4430.989994000
17		1060	4431.019071000
6	0		4431.031169000
6	1396		4431.031641000
6	1396		4431.036450000
6	0		4431.076765000
6	1396		4431.077272000
6	1396		4431.082105000
6	0		4431.122934000
6	1396		4431.123376000
6	1396		4431.128222000
6	0		4431.168729000
6	1396		4431.169181000
6	1396		4431.174023000
6	0		4431.215286000
6	1396		4431.215724000
6	1396		4431.220575000
6	0		4431.260905000
17		1119	4431.260934000
6	1396		4431.261326000
17		41	4431.261545000
17		1358	4431.262241000
6	1396		4431.266164000
17		1358	4431.296439000
6	0		4431.306768000
17		43	4431.306790000
17		1358	4431.328486000
6	0		4431.352862000
6	1396		4431.353335000
17		1358	4431.360670000
17		1358	4431.393647000
6	0		4431.398972000
6	1396		4431.399398000
17		1358	4431.425435000
6	0		4431.444813000
6	1396		4431.445304000
17		1358	4431.458121000
6	0		4431.490998000
6	1396		4431.491453000
6	0		4431.536768000
6	1396		4431.537263000
6	0		4431.582929000
6	1396		4431.583468000
6	0		4431.629111000
6	1396		4431.629573000
17		44	4431.674885000
17		1358	4431.676654000
6	0		4431.721038000
6	1396		4431.721492000
6	1396		4431.726346000
6	0		4431.812840000
6	1396		4431.813861000
6	1396		4431.818673000
6	0		4431.905176000
6	1396		4431.905616000
6	1396		4431.910476000
6	0		4431.997012000
6	1396		4431.997440000
6	1396		4432.002274000
6	0		4432.088718000
6	1396		4432.089157000
6	1396		4432.094028000
6	0		4432.180894000
17		44	4432.180923000
6	1396		4432.181371000
6	1396		4432.186205000
17		51	4432.227033000
17		1358	4432.228151000
17		44	4432.318870000
17		1358	4432.320264000
6	0		4432.365488000
17		45	4432.365515000
6	1396		4432.366161000
17		1358	4432.367089000
6	0		4432.410678000
6	1396		4432.411107000
17		45	4432.457191000
17		1358	4432.458348000
17		45	4432.503248000
17		1358	4432.504847000
6	0		4432.549058000
6	1396		4432.549537000
6	0		4432.595616000
17		45	4432.595650000
6	1396		4432.596100000
17		1358	4432.597325000
17		45	4432.641260000
17		1358	4432.642806000
6	0		4432.686885000
6	1396		4432.687358000
6	0		4432.733346000
6	1396		4432.733750000
6	0		4432.779006000
6	1396		4432.779469000
6	0		4432.825197000
6	1396		4432.825667000
17		45	4432.870997000
17		1358	4432.872759000
6	0		4432.917043000
6	1396		4432.917489000
6	0		4432.962809000
6	1396		4432.963239000
6	0		4433.008966000
6	1396		4433.009441000
6	0		4433.054926000
6	1396		4433.055374000
6	0		4433.101097000
6	1396		4433.101584000
6	0		4433.146991000
6	1396		4433.147470000
6	0		4433.192786000
6	1396		4433.193262000
6	0		4433.238984000
6	1396		4433.239453000
6	0		4433.285044000
6	1396		4433.285471000
6	0		4433.331385000
6	1396		4433.331833000
6	0		4433.423269000
6	1396		4433.423699000
6	1396		4433.428547000
17		43	4433.469420000
17		1358	4433.470616000
17		43	4433.514689000
17		1358	4433.516204000
17		43	4433.561106000
17		1358	4433.562170000
6	0		4433.606924000
6	1396		4433.607339000
6	1396		4433.612218000
17		43	4433.653483000
17		1358	4433.655027000
17		43	4433.699452000
17		1358	4433.710410000
6	0		4433.790908000
6	1396		4433.791376000
6	1396		4433.796225000
17		43	4433.836862000
17		1358	4433.838441000
17		43	4433.883246000
17		1358	4433.884905000
6	0		4433.975317000
6	1396		4433.975772000
6	1396		4433.980627000
6	0		4434.067115000
6	1396		4434.067540000
6	1396		4434.072367000
17		43	4434.113281000
17		1358	4434.114815000
6	0		4434.205221000
6	1396		4434.205711000
6	1396		4434.210560000
6	0		4434.297028000
6	1396		4434.297445000
6	1396		4434.302288000
6	0		4434.388720000
6	1396		4434.389213000
6	1396		4434.394022000
6	0		4434.481371000
6	1396		4434.481808000
6	1396		4434.486659000
6	0		4434.527180000
6	1396		4434.527647000
6	1396		4434.532473000
6	0		4434.618898000
6	1396		4434.619335000
6	1396		4434.624196000
17		43	4434.664900000
17		1358	4434.666491000
17		43	4434.711470000
17		1358	4434.713019000
17		43	4434.756978000
17		1358	4434.758548000
6	0		4434.849253000
6	1396		4434.849735000
17		43	4434.894893000
17		1358	4434.896487000
6	1396		4434.917229000
17		48	4434.940922000
17		1358	4434.942453000
6	0		4435.033141000
6	1396		4435.052324000
17		43	4435.078855000
17		589	4435.078882000
17		1358	4435.080370000
17		36	4435.080781000
17		77	4435.088439000
17		33	4435.088474000
17		43	4435.125559000
17		1358	4435.127069000
6	1396		4435.187395000
6	0		4435.217631000
6	0		4435.309058000
17		43	4435.309083000
17		1358	4435.310997000
6	1396		4435.322466000
6	0		4435.400908000
6	1396		4435.457562000
6	0		4435.493332000
6	0		4435.505529000
6	0		4435.505580000
6	0		4435.585239000
6	1396		4435.592615000
6	0		4435.677108000
6	0		4435.769632000
6	0		4435.860952000
17		43	4435.906958000
17		1358	4435.908592000
17		43	4435.952961000
17		1358	4435.964719000
17		43	4435.998700000
17		1358	4436.019593000
17		43	4436.090948000
17		1358	4436.092535000
6	0		4436.136678000
17		43	4436.182815000
17		1358	4436.184421000
17		43	4436.229256000
17		1358	4436.230464000
17		44	4436.274999000
17		41	4436.275030000
17		33	4436.301071000
6	0		4436.321119000
17		43	4436.321148000
17		1358	4436.322769000
17		43	4436.367020000
17		1358	4436.368536000
6	0		4436.413179000
6	1396		4436.413642000
6	1396		4436.436862000
6	0		4436.505371000
6	1396		4436.505815000
6	1396		4436.529720000
17		43	4436.551531000
17		1358	4436.552791000
17		43	4436.597124000
17		1358	4436.598693000
17		43	4436.643068000
17		1358	4436.644610000
17		43	4436.688854000
17		1358	4436.690330000
17		43	4436.734739000
17		1358	4436.736269000
17		43	4436.781491000
17		1358	4436.783080000
17		43	4436.827512000
17		1358	4436.828866000
17		43	4436.873217000
17		1358	4436.883591000
6	0		4436.965241000
6	1396		4436.965702000
6	1396		4436.988936000
6	1396		4437.035346000
6	0		4437.057447000
6	1396		4437.081759000
17		48	4437.103335000
17		1358	4437.104982000
6	1396		4437.128212000
17		1358	4437.146694000
17		43	4437.148925000
6	1396		4437.174789000
17		43	4437.194855000
17		1358	4437.195859000
6	1396		4437.221056000
17		43	4437.240838000
17		1358	4437.242154000
6	1396		4437.267490000
17		43	4437.287569000
17		1358	4437.289203000
6	1396		4437.313924000
17		43	4437.333614000
17		1358	4437.335242000
6	1396		4437.360367000
17		43	4437.379206000
17		1358	4437.380718000
6	1396		4437.406787000
6	1396		4437.453218000
6	0		4437.471315000
6	1396		4437.499682000
6	1396		4437.546089000
6	0		4437.563120000
6	1396		4437.592516000
17		43	4437.609521000
17		1358	4437.611220000
6	1396		4437.629672000
6	1396		4437.666789000
17		43	4437.701458000
6	0		4437.701509000
17		1358	4437.703264000
6	1396		4437.703922000
6	1396		4437.741095000
17		43	4437.747324000
17		1358	4437.748945000
6	1396		4437.778234000
6	0		4437.793589000
6	1396		4437.815384000
17		43	4437.838814000
17		1358	4437.840451000
6	1396		4437.852521000
17		43	4437.931008000
17		1358	4437.932626000
6	0		4437.977199000
6	1396		4437.977661000
6	1396		4438.008621000
17		43	4438.022904000
17		1358	4438.024499000
17		43	4438.114684000
17		1358	4438.116266000
6	0		4438.161044000
6	1396		4438.161498000
6	1396		4438.184720000
6	0		4438.253195000
6	1396		4438.253679000
6	1396		4438.277596000
6	0		4438.345035000
6	1396		4438.345464000
6	1396		4438.370444000
17		43	4438.391029000
6	0		4438.483099000
6	1396		4438.483550000
6	1396		4438.506774000
17		43	4438.529077000
6	0		4438.621506000
17		43	4438.621540000
6	1396		4438.621986000
17		1358	4438.623237000
6	1396		4438.645204000
6	0		4438.712699000
6	1396		4438.713176000
6	1396		4438.738064000
17		43	4438.759132000
17		1358	4438.759868000
17		43	4438.851310000
17		1358	4438.852478000
6	0		4438.897452000
6	1396		4438.897933000
6	1396		4438.921140000
17		43	4438.988748000
17		1358	4438.990314000
17		48	4439.035476000
6	0		4439.035507000
6	1396		4439.035957000
17		1358	4439.036705000
17		1358	4439.083350000
6	0		4439.127103000
6	1396		4439.127532000
17		1358	4439.128551000
6	1396		4439.150772000
17		1358	4439.173844000
6	0		4439.219298000
6	1396		4439.219771000
6	1396		4439.243623000
6	0		4439.311079000
6	1396		4439.311530000
6	1396		4439.336476000
6	0		4439.402951000
6	1396		4439.403400000
6	1396		4439.429352000
17		43	4439.494741000
17		1358	4439.496773000
6	0		4439.540958000
6	1396		4439.541411000
17		800	4439.543316000
6	1396		4439.564669000
6	0		4439.587256000
6	1396		4439.611066000
17		43	4439.632917000
6	1396		4439.657515000
17		43	4439.679225000
6	0		4439.771102000
6	1396		4439.771578000
6	1396		4439.794778000
17		43	4439.817586000
17		43	4439.908906000
6	0		4439.908935000
17		1030	4439.908943000
6	1396		4439.909347000
17		34	4439.909515000
17		33	4439.910094000
17		151	4439.910283000
17		1358	4439.916730000
17		43	4439.955534000
17		1358	4439.963622000
17		1358	4440.009384000
17		43	4440.046792000
17		1358	4440.055054000
6	0		4440.092988000
6	1396		4440.093444000
17		1358	4440.100843000
6	1396		4440.116684000
17		43	4440.139495000
17		1358	4440.146298000
17		1358	4440.192184000
6	0		4440.230760000
6	1396		4440.231309000
17		1358	4440.237873000
6	1396		4440.249784000
17		1358	4440.282969000
6	1396		4440.286943000
6	0		4440.323207000
6	1396		4440.324076000
17		1358	4440.328555000
6	1396		4440.361235000
17		1358	4440.374249000
6	1396		4440.398366000
6	0		4440.415583000
17		43	4440.415617000
17		1358	4440.418978000
6	1396		4440.435514000
17		1358	4440.464750000
6	1396		4440.472697000
17		43	4440.507047000
17		1358	4440.510595000
6	0		4440.553301000
6	1396		4440.553782000
17		1358	4440.555971000
6	1396		4440.584731000
17		1358	4440.601944000
6	0		4440.645187000
6	1396		4440.646662000
17		1358	4440.647643000
6	1396		4440.708546000
6	0		4440.737086000
6	1396		4440.770448000
17		49	4440.782662000
17		35	4440.797409000
17		43	4440.829508000
6	0		4440.829538000
17		1358	4440.831039000
6	1396		4440.832338000
17		43	4440.874713000
17		1358	4440.876226000
6	1396		4440.894341000
17		43	4440.920696000
17		1358	4440.922288000
6	1396		4440.956169000
17		43	4440.967647000
17		1358	4440.969742000
17		1358	4441.015428000
6	1396		4441.018071000
6	0		4441.059169000
17		43	4441.059198000
17		1358	4441.060815000
6	1396		4441.079977000
17		43	4441.105727000
17		1358	4441.105917000
6	1396		4441.141885000
17		43	4441.150914000
17		1358	4441.152540000
17		1358	4441.198213000
6	1396		4441.203779000
17		1358	4441.242592000
17		43	4441.242802000
6	1396		4441.250211000
17		1358	4441.288327000
6	1396		4441.296644000
6	0		4441.304924000
17		1358	4441.333630000
6	1396		4441.343080000
17		43	4441.366945000
17		1358	4441.379631000
6	1396		4441.389501000
17		1358	4441.424806000
6	1396		4441.435922000
17		1358	4441.471147000
6	0		4441.490704000
6	1396		4441.491164000
17		1358	4441.516446000
6	1396		4441.528807000
17		43	4441.553359000
17		1358	4441.562319000
17		1358	4441.608262000
17		1358	4441.653159000
17		43	4441.677475000
17		1358	4441.699225000
6	0		4441.738676000
6	1396		4441.739149000
17		1358	4441.744702000
6	1396		4441.762349000
17		1358	4441.790374000
17		43	4441.801145000
17		1358	4441.836206000
17		1358	4441.882522000
17		43	4441.924839000
17		1358	4441.926967000
17		1358	4441.974501000
6	0		4441.987089000
17		43	4441.987113000
6	1396		4441.987549000
6	1396		4442.010795000
17		1358	4442.019849000
17		1358	4442.066525000
17		43	4442.110844000
17		1358	4442.112485000
6	0		4442.127851000
6	0		4442.127901000
17		1358	4442.159046000
6	0		4442.172707000
17		41	4442.172740000
6	1396		4442.173174000
17		37	4442.173974000
6	1396		4442.196395000
17		43	4442.235183000
17		1358	4442.236806000
17		1358	4442.283480000
17		43	4442.358986000
17		622	4442.360589000
6	0		4442.421257000
6	1396		4442.421713000
6	1396		4442.444934000
17		43	4442.545159000
6	0		4442.607560000
17		43	4442.669495000
17		43	4442.792769000
6	0		4442.855181000
17		43	4442.917171000
17		43	4442.979497000
17		43	4443.040909000
6	0		4443.103110000
17		43	4443.164979000
17		43	4443.289288000
17		43	4443.350766000
6	0		4443.413279000
17		43	4443.474887000
17		43	4443.599357000
6	0		4443.661525000
17		43	4443.723517000
6	0		4443.791106000
6	0		4443.791160000
6	0		4443.797805000
6	0		4443.797863000
17		43	4443.847010000
6	0		4443.909193000
17		43	4443.971428000
17		41	4443.971452000
17		38	4443.972147000
6	0		4443.980217000
6	41		4443.986693000
17		43	4444.033728000
6	0		4444.094933000
17		43	4444.157536000
6	0		4444.175468000
6	21		4444.181156000
6	0		4444.181194000
6	1080		4444.182130000
17		43	4444.280848000
6	0		4444.288056000
6	0		4444.288115000
17		43	4444.343183000
6	0		4444.372693000
6	440		4444.377373000
6	41		4444.378391000
17		43	4444.404795000
6	0		4444.404820000
6	0		4444.422228000
6	0		4444.462616000
6	21		4444.462656000
6	0		4444.462670000
6	1080		4444.464052000
17		43	4444.467306000
6	0		4444.548274000
6	440		4444.548316000
6	0		4444.590238000
17		43	4444.590885000
6	48		4444.611037000
6	0		4444.611083000
6	280		4444.616985000
6	0		4444.652527000
6	0		4444.652593000
6	0		4444.653034000
6	48		4444.674492000
6	0		4444.674536000
6	280		4444.681021000
6	0		4444.691182000
6	12		4444.691446000
17		43	4444.714874000
6	0		4444.729919000
6	12		4444.729956000
6	0		4444.729968000
6	1		4444.730133000
6	4		4444.730147000
6	32		4444.730157000
6	0		4444.730201000
6	0		4444.765246000
6	16		4444.766822000
6	0		4444.768335000
6	0		4444.768358000
6	0		4444.768362000
6	0		4444.768426000
6	0		4444.768437000
6	0		4444.768477000
17		43	4444.777037000
6	0		4444.810217000
6	16		4444.816156000
17		43	4444.839273000
6	0		4444.858223000
6	52		4444.894488000
6	0		4444.894526000
6	52		4444.894618000
17		43	4444.901386000
6	84		4444.978843000
6	0		4445.022248000
6	0		4445.024933000
6	52		4445.047016000
6	0		4445.047055000
6	52		4445.047156000
17		43	4445.087044000
17		656	4445.087071000
17		36	4445.088121000
17		77	4445.096279000
17		33	4445.096329000
17		43	4445.149138000
17		43	4445.211405000
6	100		4445.241958000
17		43	4445.272986000
6	0		4445.282215000
6	0		4445.396791000
6	1396		4445.397259000
6	1396		4445.428199000
17		43	4445.459418000
17		1129	4445.521254000
17		43	4445.521970000
17		157	4445.522615000
17		1353	4445.522686000
17		1358	4445.522698000
17		1358	4445.522703000
17		1358	4445.522708000
17		1358	4445.522713000
17		1358	4445.522718000
17		1358	4445.522722000
17		1358	4445.522728000
17		1358	4445.522733000
17		1358	4445.587055000
6	0		4445.645269000
17		44	4445.645293000
17		41	4445.645300000
6	1396		4445.645731000
17		1358	4445.649841000
17		33	4445.671705000
6	1396		4445.676659000
17		1358	4445.713472000
6	0		4445.769308000
17		49	4445.769346000
6	1396		4445.769782000
17		35	4445.783027000
6	1396		4445.800714000
17		43	4445.831372000
6	1396		4445.862538000
17		43	4445.892860000
6	1396		4445.924405000
17		43	4445.955063000
17		1358	4445.956693000
6	1396		4445.986258000
17		43	4446.017504000
17		1358	4446.019024000
6	1396		4446.048089000
17		43	4446.079384000
17		1358	4446.083446000
6	1396		4446.109973000
17		43	4446.141384000
17		1358	4446.147576000
6	1396		4446.171806000
17		43	4446.203531000
17		1358	4446.212327000
6	1396		4446.233677000
17		43	4446.265200000
17		1358	4446.276275000
6	1396		4446.295492000
17		43	4446.327268000
17		1358	4446.341089000
6	1396		4446.357346000
17		43	4446.388710000
17		1358	4446.404760000
17		43	4446.512898000
17		1358	4446.514476000
6	0		4446.575097000
17		43	4446.575123000
6	1396		4446.575544000
17		1358	4446.579099000
6	1396		4446.606476000
6	0		4446.698954000
6	1396		4446.699443000
6	1396		4446.730382000
6	0		4446.822789000
6	1396		4446.823265000
6	1396		4446.854202000
17		43	4446.884723000
17		1358	4446.886259000
17		43	4447.009546000
17		1358	4447.011209000
6	0		4447.070802000
6	1396		4447.071245000
6	1396		4447.095998000
17		43	4447.133199000
17		1358	4447.134820000
6	1396		4447.145476000
6	1396		4447.194940000
17		43	4447.257069000
17		1358	4447.258753000
6	0		4447.319540000
6	1396		4447.320002000
6	68		4447.323946000
6	1396		4447.344756000
17		43	4447.380942000
17		1358	4447.382224000
6	68		4447.386454000
6	52		4447.408228000
6	0		4447.408271000
6	0		4447.408290000
6	0		4447.409486000
6	0		4447.413931000
6	0		4447.413969000
6	0		4447.493774000
17		43	4447.505603000
17		1358	4447.506667000
6	0		4447.567252000
6	52		4447.575261000
6	0		4447.575303000
6	0		4447.575319000
6	0		4447.576559000
17		43	4447.628804000
17		1358	4447.630322000
17		48	4447.691063000
17		1358	4447.692702000
17		43	4447.752990000
17		1358	4447.758072000
6	0		4447.765430000
6	0		4447.815145000
6	1396		4447.815602000
6	1396		4447.856862000
17		43	4447.877117000
17		1358	4447.879202000
6	0		4448.000768000
6	1396		4448.001209000
6	1396		4448.032127000
6	0		4448.125555000
6	1396		4448.126015000
6	1396		4448.156944000
17		43	4448.249369000
6	0		4448.249396000
6	1396		4448.249821000
17		1358	4448.250506000
17		43	4448.311243000
17		1358	4448.312808000
6	0		4448.435238000
6	1396		4448.435689000
6	1396		4448.466645000
17		43	4448.497329000
17		1358	4448.498522000
6	0		4448.620945000
6	1396		4448.621383000
6	1396		4448.652329000
17		43	4448.682920000
17		1358	4448.683952000
6	0		4448.807290000
6	1396		4448.807717000
6	1396		4448.838641000
17		43	4448.868765000
17		1358	4448.870072000
17		43	4448.930849000
17		1358	4448.934402000
17		43	4448.993373000
17		1358	4448.997520000
17		43	4449.055561000
17		1358	4449.060581000
17		1358	4449.124388000
6	0		4449.126302000
6	0		4449.126355000
6	0		4449.179343000
6	1396		4449.179784000
6	1396		4449.210728000
17		43	4449.240857000
17		1358	4449.242984000
6	0		4449.364846000
6	1396		4449.365304000
6	0		4449.392714000
6	1396		4449.396236000
6	41		4449.398467000
6	0		4449.489104000
6	1396		4449.489544000
6	1396		4449.520491000
17		43	4449.612635000
17		1358	4449.614003000
6	0		4449.664501000
6	21		4449.664542000
6	0		4449.664555000
6	1080		4449.665542000
6	0		4449.674936000
17		43	4449.674965000
6	1396		4449.675406000
17		1358	4449.699081000
6	0		4449.799449000
6	1396		4449.799899000
6	1396		4449.830826000
17		43	4449.861327000
17		1358	4449.862773000
6	0		4449.923505000
6	1396		4449.924012000
6	440		4449.935054000
6	1396		4449.954940000
6	0		4449.978224000
17		43	4449.985046000
17		1358	4449.986720000
6	0		4450.109266000
6	1396		4450.109735000
6	1396		4450.140714000
17		43	4450.171349000
17		1358	4450.172930000
17		43	4450.233042000
17		1358	4450.236906000
6	48		4450.244215000
6	0		4450.244255000
6	280		4450.248351000
17		43	4450.295017000
17		1358	4450.300816000
17		43	4450.357507000
17		1358	4450.365071000
17		48	4450.419155000
17		1358	4450.429494000
6	16		4450.522360000
6	0		4450.543172000
6	1396		4450.543630000
6	0		4450.566229000
6	1396		4450.568354000
17		43	4450.605236000
17		1358	4450.607152000
6	1396		4450.617962000
6	1396		4450.667314000
6	0		4450.729398000
6	1396		4450.729847000
6	1396		4450.766283000
6	52		4450.832135000
6	0		4450.832171000
6	52		4450.832241000
6	0		4450.852719000
17		43	4450.914694000
17		1358	4450.916284000
17		43	4450.976988000
17		1358	4450.981634000
6	0		4451.038766000
6	84		4451.098229000
6	0		4451.142243000
17		43	4451.162999000
17		1358	4451.164574000
6	0		4451.225159000
17		43	4451.349044000
17		1358	4451.350578000
6	0		4451.412468000
17		43	4451.534898000
17		1358	4451.536174000
17		43	4451.597470000
6	0		4451.597496000
17		1358	4451.601050000
17		43	4451.659700000
17		1358	4451.666420000
17		43	4451.721201000
17		1358	4451.732305000
17		43	4451.783560000
17		1358	4451.796765000
6	0		4451.907712000
17		43	4451.969367000
17		1358	4451.970977000
6	0		4452.031556000
6	1396		4452.032005000
6	1396		4452.062917000
17		691	4452.093243000
17		37	4452.094229000
17		75	4452.102812000
17		33	4452.102848000
6	0		4452.155496000
6	1396		4452.155949000
6	1396		4452.186867000
17		43	4452.217103000
17		43	4452.279596000
17		43	4452.341388000
17		1358	4452.342997000
17		43	4452.403570000
17		43	4452.465274000
17		1358	4452.466609000
17		43	4452.527506000
17		1358	4452.560808000
17		43	4452.589005000
17		43	4452.651018000
17		1358	4452.652986000
17		48	4452.713203000
17		35	4452.727339000
17		1358	4452.747127000
6	0		4452.769935000
6	0		4452.769989000
17		43	4452.775277000
6	0		4452.808827000
6	12		4452.809042000
6	0		4452.836732000
6	1396		4452.837192000
17		1358	4452.840658000
6	0		4452.848011000
6	12		4452.848041000
6	0		4452.848051000
6	1		4452.848181000
6	4		4452.848194000
6	32		4452.848202000
6	0		4452.848209000
6	1396		4452.868116000
6	0		4452.887055000
6	0		4452.887090000
6	0		4452.887403000
6	0		4452.887420000
17		45	4452.899268000
17		41	4452.899291000
17		33	4452.925408000
6	1396		4452.929956000
17		1358	4452.932093000
6	1396		4452.991819000
6	0		4453.023490000
17		43	4453.023517000
17		1358	4453.024958000
6	1396		4453.053682000
17		43	4453.085261000
6	1396		4453.115502000
17		1358	4453.119452000
17		43	4453.147121000
6	1396		4453.177381000
17		43	4453.209073000
17		1358	4453.210642000
6	1396		4453.239259000
17		43	4453.270823000
6	1396		4453.301065000
17		1358	4453.303956000
6	1396		4453.362916000
17		43	4453.395404000
6	0		4453.395428000
17		1358	4453.396324000
6	68		4453.400758000
6	1396		4453.424760000
6	1396		4453.486612000
17		1358	4453.490432000
6	0		4453.519281000
6	1396		4453.548457000
17		43	4453.580759000
17		767	4453.580781000
17		37	4453.581907000
17		1358	4453.582053000
17		108	4453.595668000
17		134	4453.595719000
6	1396		4453.610322000
6	52		4453.668996000
6	0		4453.669037000
6	0		4453.669057000
6	0		4453.670268000
6	1396		4453.672149000
17		1358	4453.676533000
17		43	4453.704609000
6	1396		4453.734008000
6	0		4453.766940000
17		1358	4453.769766000
6	1396		4453.795884000
6	1396		4453.857740000
17		1358	4453.862503000
17		43	4453.890814000
6	0		4453.936231000
6	0		4453.953005000
6	1396		4453.953476000
17		1358	4453.954680000
6	1396		4453.984427000
17		43	4454.015188000
17		1358	4454.048062000
6	0		4454.138878000
17		43	4454.138907000
6	1396		4454.139349000
17		1358	4454.140471000
6	1396		4454.170285000
17		1358	4454.216260000
17		43	4454.263451000
17		1358	4454.289071000
6	0		4454.325183000
6	1396		4454.325599000
6	1396		4454.356550000
17		43	4454.448764000
17		1358	4454.449508000
6	0		4454.510979000
17		41	4454.511010000
6	1396		4454.511430000
6	1396		4454.542371000
17		45	4454.572752000
17		43	4454.572783000
17		41	4454.572792000
17		1358	4454.574404000
17		33	4454.598489000
6	0		4454.696965000
6	1396		4454.697442000
6	1396		4454.728396000
17		43	4454.758802000
17		1358	4454.760373000
17		43	4454.882789000
17		1358	4454.884338000
6	0		4454.945002000
6	1396		4454.945464000
6	1396		4454.976388000
17		43	4455.068665000
17		1358	4455.069190000
6	0		4455.131356000
6	1396		4455.131808000
6	1396		4455.162741000
17		43	4455.193404000
17		1358	4455.194975000
17		48	4455.317275000
17		1358	4455.318481000
6	0		4455.378686000
6	1396		4455.379134000
6	1396		4455.403905000
17		43	4455.440890000
17		1358	4455.442857000
6	1396		4455.453377000
6	1396		4455.502841000
17		43	4455.503224000
17		1358	4455.536771000
17		43	4455.565459000
6	0		4455.565490000
6	1396		4455.565935000
17		1358	4455.630616000
6	0		4455.689356000
6	1396		4455.690658000
6	1396		4455.715370000
17		43	4455.750781000
17		1358	4455.752296000
6	0		4455.875088000
6	1396		4455.875665000
6	1396		4455.931584000
17		43	4455.936713000
6	0		4456.061489000
6	1396		4456.061902000
17		43	4456.123044000
6	1396		4456.155356000
17		43	4456.189020000
6	0		4456.309303000
6	1396		4456.309766000
17		43	4456.371548000
6	1396		4456.379085000
6	0		4456.495595000
6	1396		4456.496029000
17		43	4456.556785000
17		1358	4456.557852000
6	1396		4456.574832000
6	0		4456.681247000
6	1396		4456.681705000
6	1396		4456.742660000
17		43	4456.743443000
17		1358	4456.744602000
6	0		4456.867127000
6	1396		4456.867578000
6	1396		4456.910457000
17		43	4456.929230000
17		1358	4456.930812000
17		43	4457.053304000
17		1358	4457.054894000
6	0		4457.115435000
6	1396		4457.115888000
6	1396		4457.157851000
17		43	4457.239204000
17		1358	4457.240855000
6	0		4457.300667000
6	1396		4457.301123000
6	0		4457.424892000
6	1396		4457.425322000
6	1396		4457.472155000
6	0		4457.548836000
6	1396		4457.565759000
6	1396		4457.659394000
6	0		4457.673440000
17		43	4457.734726000
17		1358	4457.736342000
6	1396		4457.753023000
6	0		4457.797210000
17		1358	4457.830683000
6	1396		4457.846661000
17		43	4457.921404000
6	0		4457.921430000
17		1358	4457.922965000
6	1396		4457.940294000
17		1358	4458.015648000
6	1396		4458.033907000
6	0		4458.044755000
17		43	4458.107143000
17		1358	4458.107991000
6	1396		4458.127547000
17		43	4458.169239000
17		1358	4458.202106000
6	1396		4458.219157000
6	0		4458.293583000
17		1358	4458.294512000
6	1396		4458.310747000
17		43	4458.354641000
17		1358	4458.387938000
6	1396		4458.402376000
6	0		4458.479012000
17		1358	4458.481149000
6	1396		4458.493975000
17		1358	4458.574282000
6	0		4458.603558000
17		1358	4458.666631000
17		43	4458.726969000
17		1358	4458.759432000
6	0		4458.789155000
17		48	4458.850779000
17		1358	4458.851549000
17		1358	4458.945749000
6	0		4458.975002000
17		43	4458.975030000
17		43	4459.037055000
17		1358	4459.037990000
17		1358	4459.131839000
17		43	4459.161106000
6	0		4459.223270000
17		1358	4459.224528000
17		43	4459.285398000
17		1358	4459.318013000
17		43	4459.409413000
17		1358	4459.410952000
6	0		4459.470696000
6	1396		4459.471161000
17		1358	4459.503972000
6	1396		4459.516965000
17		43	4459.533163000
17		1358	4459.596513000
17		43	4459.656839000
17		1358	4459.689531000
6	0		4459.719105000
6	1396		4459.719580000
6	1396		4459.765376000
17		43	4459.780851000
17		1358	4459.782394000
17		43	4459.842644000
17		1358	4459.875068000
17		43	4459.905167000
17		43	4459.967404000
17		1358	4459.968760000
17		43	4460.029417000
17		1358	4460.061452000
17		43	4460.091159000
17		43	4460.153363000
17		1358	4460.154692000
17		43	4460.215008000
17		1358	4460.247640000
17		43	4460.277157000
17		1358	4460.340145000
17		43	4460.401159000
17		1358	4460.432360000
6	0		4460.463029000
6	1396		4460.463489000
6	1396		4460.500115000
17		43	4460.524655000
17		1358	4460.526239000
6	1396		4460.573419000
17		43	4460.587399000
17		1358	4460.619141000
6	1396		4460.646721000
6	0		4460.711181000
17		1358	4460.712856000
6	1396		4460.719986000
17		48	4460.773196000
17		35	4460.786594000
6	1396		4460.793261000
17		1358	4460.805219000
17		43	4460.835415000
6	1396		4460.866552000
17		43	4460.897539000
17		1358	4460.899072000
6	1396		4460.939859000
17		43	4460.959043000
17		1358	4460.990679000
6	1396		4461.013125000
17		43	4461.021185000
17		43	4461.083434000
17		1358	4461.083458000
6	1396		4461.086384000
17		43	4461.145566000
6	1396		4461.159690000
17		1358	4461.176210000
6	1396		4461.232971000
6	0		4461.268923000
17		1358	4461.269703000
6	1396		4461.306264000
17		43	4461.331250000
17		1358	4461.362297000
6	1396		4461.379563000
6	1396		4461.452835000
17		43	4461.454846000
17		1358	4461.456391000
6	0		4461.517241000
17		1358	4461.548284000
6	1396		4461.575034000
17		43	4461.579707000
17		1358	4461.640686000
6	1396		4461.697124000
6	0		4461.702883000
17		43	4461.702911000
17		1358	4461.733606000
6	0		4461.799845000
6	0		4461.799890000
6	1396		4461.819259000
17		1358	4461.825743000
17		43	4461.826792000
6	0		4461.889498000
17		1358	4461.919054000
6	1396		4461.941412000
17		43	4461.951240000
17		1358	4462.012756000
6	1396		4462.063547000
17		43	4462.074905000
17		1358	4462.104746000
6	0		4462.137032000
6	1396		4462.185719000
17		1358	4462.197658000
17		43	4462.260830000
6	1396		4462.277308000
17		1358	4462.291862000
6	0		4462.323127000
6	1396		4462.368934000
17		1358	4462.384216000
17		43	4462.385228000
6	1396		4462.460518000
17		1358	4462.477115000
17		43	4462.509447000
6	1396		4462.552149000
17		1358	4462.568844000
6	0		4462.570602000
6	1396		4462.643746000
17		1358	4462.662936000
17		43	4462.695134000
6	1396		4462.735346000
17		1358	4462.755560000
6	0		4462.757354000
17		43	4462.818913000
6	1396		4462.826959000
17		1358	4462.847724000
6	1396		4462.918567000
17		1358	4462.941336000
17		43	4462.943047000
6	0		4463.004792000
6	1396		4463.010195000
17		1358	4463.033485000
17		48	4463.067084000
17		35	4463.081367000
6	1396		4463.101810000
17		1358	4463.126827000
17		43	4463.128871000
6	1396		4463.193373000
17		1358	4463.219754000
17		43	4463.253042000
17		1358	4463.293498000
6	0		4463.315350000
6	1396		4463.315757000
17		1358	4463.367987000
6	1396		4463.376613000
17		43	4463.377106000
17		1358	4463.442045000
17		43	4463.500998000
17		1358	4463.516249000
6	0		4463.563489000
6	1396		4463.563939000
17		1358	4463.591013000
6	1396		4463.609767000
17		43	4463.624716000
17		1358	4463.665694000
17		43	4463.686983000
6	1396		4463.701357000
17		1358	4463.738568000
6	0		4463.749119000
6	1396		4463.792978000
17		43	4463.810704000
17		1358	4463.812166000
6	1396		4463.884555000
17		1358	4463.888006000
17		43	4463.935272000
17		1358	4463.962059000
6	1396		4463.976185000
6	0		4463.997494000
17		43	4464.059446000
6	1396		4464.067772000
17		1358	4464.085761000
6	1396		4464.159391000
17		43	4464.182697000
17		1358	4464.209869000
6	0		4464.244910000
6	1396		4464.250988000
17		43	4464.307201000
17		1358	4464.333115000
6	1396		4464.342626000
6	0		4464.412633000
6	0		4464.412687000
17		43	4464.430954000
6	1396		4464.434219000
17		1358	4464.457558000
6	0		4464.492846000
6	1396		4464.525835000
17		43	4464.554914000
17		1358	4464.581930000
6	0		4464.594692000
6	1396		4464.617405000
17		43	4464.678927000
17		1358	4464.704144000
6	1396		4464.709046000
6	0		4464.741118000
17		43	4464.741143000
17		1358	4464.797398000
6	1396		4464.800644000
17		43	4464.803200000
17		1358	4464.890876000
6	1396		4464.892249000
17		43	4464.927432000
17		1358	4464.983187000
6	0		4464.989022000
6	1396		4464.989473000
17		43	4465.051636000
6	1396		4465.075477000
17		1358	4465.076479000
17		43	4465.113170000
17		1358	4465.169312000
17		48	4465.236812000
17		35	4465.250308000
17		1358	4465.261378000
6	0		4465.299016000
6	1396		4465.299450000
6	1396		4465.345259000
17		1358	4465.354561000
17		43	4465.361586000
17		1358	4465.447327000
17		43	4465.485224000
17		1358	4465.540507000
6	0		4465.547170000
6	1396		4465.547615000
6	1396		4465.593450000
17		43	4465.608903000
17		1358	4465.633727000
17		1358	4465.726456000
17		43	4465.732775000
6	0		4465.794945000
6	1396		4465.795392000
17		1358	4465.819426000
6	1396		4465.841213000
17		1358	4465.912047000
17		43	4465.919433000
6	0		4465.981568000
6	1396		4465.982009000
17		1358	4466.005319000
6	1396		4466.027814000
17		43	4466.043644000
17		1358	4466.098006000
17		43	4466.167210000
17		1358	4466.190408000
6	0		4466.229593000
6	1396		4466.230051000
6	1396		4466.275863000
17		1358	4466.283856000
17		43	4466.353089000
17		1358	4466.376640000
6	0		4466.415513000
17		1358	4466.469409000
17		43	4466.477020000
17		1358	4466.562199000
17		43	4466.600949000
17		1358	4466.654500000
6	0		4466.662654000
17		43	4466.724689000
17		1358	4466.747834000
17		43	4466.786952000
17		1358	4466.840912000
6	0		4466.849184000
17		43	4466.911046000
17		1358	4466.932561000
17		1358	4467.026237000
6	0		4467.034857000
17		41	4467.034894000
17		37	4467.036349000
17		43	4467.097411000
17		1358	4467.118853000
17		43	4467.159716000
17		1358	4467.212379000
17		43	4467.221188000
17		1358	4467.305646000
6	0		4467.345005000
17		43	4467.406949000
17		1358	4467.408492000
17		43	4467.468981000
17		1358	4467.503011000
17		43	4467.530958000
17		1358	4467.596408000
6	0		4467.655554000
17		43	4467.716849000
17		1358	4467.717535000
17		43	4467.779139000
17		1358	4467.811338000
17		43	4467.840913000
6	0		4467.903185000
6	1396		4467.903655000
17		1358	4467.905128000
17		43	4467.964782000
17		1358	4467.999381000
17		43	4468.088796000
17		1358	4468.093668000
6	0		4468.150979000
6	1396		4468.151440000
6	1396		4468.197231000
17		43	4468.212938000
17		1358	4468.214543000
17		43	4468.275437000
17		1358	4468.308655000
6	0		4468.399205000
6	1396		4468.399658000
6	1396		4468.445490000
17		43	4468.461027000
17		1358	4468.462229000
17		43	4468.522897000
17		1358	4468.556283000
17		43	4468.585490000
17		43	4468.647475000
17		1358	4468.648731000
17		43	4468.708762000
17		1358	4468.743242000
17		43	4468.770952000
17		48	4468.833478000
17		1358	4468.834310000
6	0		4468.889740000
6	0		4468.889807000
17		43	4468.894659000
17		1358	4468.929111000
6	0		4468.929327000
6	12		4468.929518000
17		43	4468.957476000
6	0		4468.968553000
6	12		4468.968593000
6	0		4468.968606000
6	1		4468.968771000
6	4		4468.968786000
6	32		4468.968796000
6	0		4468.968809000
6	0		4469.007776000
6	0		4469.007814000
6	0		4469.007880000
6	0		4469.007885000
6	0		4469.007898000
17		43	4469.019450000
17		1358	4469.020845000
17		43	4469.081546000
17		1358	4469.114386000
17		43	4469.143092000
17		43	4469.204746000
17		1358	4469.206040000
17		43	4469.266917000
17		1358	4469.299568000
17		43	4469.329400000
17		43	4469.390793000
17		990	4469.391697000
6	0		4469.453270000
17		43	4469.453294000
6	1396		4469.453707000
6	1396		4469.499507000
17		43	4469.515211000
17		43	4469.576820000
6	1396		4469.591118000
6	0		4469.639427000
6	1396		4469.682723000
6	0		4469.701565000
17		43	4469.763008000
6	1396		4469.774341000
17		43	4469.825012000
6	1396		4469.865937000
6	0		4469.887110000
6	0		4469.948629000
6	1396		4469.957577000
17		43	4470.011299000
6	1396		4470.049159000
17		43	4470.072827000
17		43	4470.135329000
6	1396		4470.140785000
17		43	4470.196792000
6	1396		4470.232366000
17		43	4470.259091000
17		48	4470.321481000
6	1396		4470.323970000
17		35	4470.335352000
17		43	4470.382692000
6	1396		4470.415588000
17		43	4470.444919000
17		43	4470.506916000
6	1396		4470.507183000
17		1039	4470.569017000
17		41	4470.569631000
17		1358	4470.571570000
17		1358	4470.571584000
17		1358	4470.571588000
17		1358	4470.571591000
17		1358	4470.571594000
17		1358	4470.571598000
17		1358	4470.571601000
17		1358	4470.571604000
17		1358	4470.571607000
17		1358	4470.571610000
6	1396		4470.598794000
6	0		4470.631078000
17		1358	4470.664629000
6	1396		4470.690416000
6	0		4470.692692000
6	0		4470.754909000
17		1358	4470.758526000
6	1396		4470.782012000
6	0		4470.817101000
17		1358	4470.851937000
6	1396		4470.873633000
6	0		4470.878970000
6	0		4470.941149000
17		1358	4470.943427000
6	1396		4470.965215000
6	0		4471.003351000
17		1358	4471.036716000
6	1396		4471.056839000
6	0		4471.065168000
6	0		4471.127382000
6	0		4471.127409000
17		1358	4471.128836000
6	1396		4471.148447000
6	0		4471.189557000
17		1358	4471.222141000
6	1396		4471.240060000
6	0		4471.251359000
17		43	4471.313208000
17		1358	4471.314844000
6	0		4471.325890000
6	0		4471.325951000
6	1396		4471.331647000
6	0		4471.368517000
17		49	4471.375560000
6	0		4471.375594000
17		35	4471.389763000
17		1358	4471.407585000
6	1396		4471.423291000
17		43	4471.437346000
17		43	4471.499409000
17		1358	4471.501013000
6	1396		4471.514859000
17		43	4471.561464000
17		1358	4471.593834000
6	1396		4471.606492000
17		43	4471.623246000
17		43	4471.684735000
17		1358	4471.686309000
6	1396		4471.698063000
17		43	4471.746807000
17		1358	4471.780307000
6	1396		4471.789715000
17		43	4471.809345000
17		43	4471.871042000
17		1358	4471.871657000
6	1396		4471.881286000
17		43	4471.933172000
17		1358	4471.964968000
6	1396		4471.972924000
6	0		4471.982139000
6	0		4471.982209000
6	0		4472.007653000
6	41		4472.013489000
6	0		4472.038354000
6	21		4472.038434000
6	0		4472.038446000
6	1080		4472.039383000
17		43	4472.057233000
17		1358	4472.057570000
6	0		4472.064246000
6	440		4472.064294000
6	1396		4472.064477000
6	0		4472.106222000
6	0		4472.119362000
17		43	4472.119386000
6	48		4472.131109000
6	0		4472.131154000
6	280		4472.135198000
17		1358	4472.150985000
6	1396		4472.156148000
6	0		4472.160033000
6	16		4472.163687000
6	0		4472.206236000
6	52		4472.231087000
6	0		4472.231127000
6	52		4472.231251000
17		43	4472.243563000
17		1358	4472.245250000
6	1396		4472.247714000
6	84		4472.268872000
6	0		4472.304766000
6	0		4472.310218000
17		1358	4472.336265000
6	1396		4472.339342000
17		43	4472.366959000
17		1358	4472.429472000
6	1396		4472.430923000
17		43	4472.490840000
17		1358	4472.521308000
6	1396		4472.522559000
6	0		4472.552669000
6	1396		4472.614144000
17		43	4472.614886000
17		1358	4472.616459000
6	1396		4472.705787000
17		1358	4472.707034000
17		43	4472.738679000
6	1396		4472.797357000
17		1358	4472.800714000
6	0		4472.801352000
17		43	4472.862899000
6	1396		4472.888992000
17		1358	4472.894134000
17		1358	4472.979753000
6	1396		4472.980558000
17		43	4472.986826000
6	0		4473.049002000
17		1358	4473.064836000
6	1396		4473.072185000
17		43	4473.110958000
17		1358	4473.151392000
6	1396		4473.163781000
17		48	4473.173072000
17		35	4473.186989000
6	0		4473.235288000
6	1396		4473.237074000
17		1358	4473.237122000
17		43	4473.297327000
6	1396		4473.310412000
17		1358	4473.323969000
6	1396		4473.383683000
17		1358	4473.410239000
17		43	4473.421135000
6	1396		4473.456957000
6	0		4473.483607000
17		1358	4473.495835000
6	1396		4473.530213000
17		43	4473.545191000
17		1358	4473.582673000
6	1396		4473.603499000
17		1358	4473.668489000
17		43	4473.668641000
6	1396		4473.677914000
6	0		4473.730836000
6	1396		4473.750070000
17		1358	4473.753740000
17		43	4473.793063000
6	1396		4473.823385000
17		1358	4473.840138000
17		43	4473.917533000
17		1358	4473.926415000
6	0		4473.978732000
17		1358	4474.012563000
17		43	4474.040870000
17		1358	4474.098876000
17		43	4474.103202000
6	68		4474.118622000
6	52		4474.143655000
6	0		4474.143697000
6	0		4474.143719000
6	0		4474.145063000
6	0		4474.165338000
6	1396		4474.165794000
6	0		4474.169958000
17		1358	4474.184810000
6	1396		4474.226870000
17		43	4474.227289000
17		1358	4474.271175000
17		43	4474.351439000
17		1358	4474.356631000
6	0		4474.412704000
6	1396		4474.413151000
17		1358	4474.442388000
6	1396		4474.474258000
17		1358	4474.529105000
17		43	4474.537401000
6	0		4474.599531000
6	1396		4474.599968000
17		1358	4474.615513000
17		43	4474.661503000
17		1358	4474.701163000
6	1396		4474.718525000
17		43	4474.784657000
17		1358	4474.786240000
6	0		4474.847003000
6	1396		4474.847473000
17		1358	4474.873204000
17		43	4474.909458000
6	1396		4474.932279000
17		1358	4474.958907000
17		43	4474.971454000
17		1358	4475.045748000
17		43	4475.094948000
17		774	4475.094975000
17		37	4475.096501000
17		77	4475.106797000
17		33	4475.106832000
17		1358	4475.131451000
6	0		4475.157244000
17		43	4475.157280000
6	1396		4475.157699000
6	1396		4475.203492000
17		1358	4475.218474000
6	0		4475.280776000
6	1396		4475.295108000
17		1358	4475.304195000
17		43	4475.342791000
6	1396		4475.386714000
17		1358	4475.389615000
17		1358	4475.458714000
17		43	4475.467020000
17		1358	4475.528054000
6	0		4475.529173000
6	1396		4475.529638000
6	1396		4475.575466000
17		48	4475.590749000
17		1358	4475.596778000
17		1358	4475.665371000
17		43	4475.715585000
17		1358	4475.734785000
6	0		4475.777098000
6	1396		4475.777553000
17		1358	4475.803443000
6	1396		4475.823385000
17		43	4475.839233000
17		1358	4475.872417000
17		43	4475.962897000
17		1358	4475.964412000
6	0		4476.025164000
6	1396		4476.025630000
6	1396		4476.071455000
6	0		4476.087528000
6	0		4476.087558000
6	0		4476.087568000
6	0		4476.087854000
6	0		4476.087892000
6	0		4476.087929000
17		43	4476.149003000
17		1358	4476.150555000
6	0		4476.211079000
17		43	4476.211116000
6	1396		4476.211556000
6	1396		4476.257373000
17		1358	4476.266105000
17		43	4476.273453000
17		43	4476.334704000
17		1358	4476.381349000
17		43	4476.397568000
17		1358	4476.497462000
17		43	4476.520909000
6	0		4476.583308000
17		1358	4476.611295000
17		43	4476.645223000
17		43	4476.707064000
17		1358	4476.726511000
17		43	4476.831152000
17		1358	4476.842322000
6	0		4476.893398000
17		43	4476.954917000
17		1358	4476.956484000
17		1358	4477.041985000
17		43	4477.078833000
17		33	4477.111900000
17		1358	4477.128352000
6	0		4477.141313000
17		43	4477.141341000
17		43	4477.202775000
17		1358	4477.214363000
17		1358	4477.301006000
17		43	4477.326893000
17		774	4477.326921000
17		34	4477.327777000
17		1358	4477.387502000
6	0		4477.389351000
17		43	4477.450968000
17		1358	4477.473016000
17		45	4477.512756000
17		43	4477.512785000
17		41	4477.512796000
17		34	4477.513422000
17		1358	4477.558282000
17		48	4477.575286000
17		35	4477.589891000
17		1358	4477.645457000
6	0		4477.699339000
17		1358	4477.731038000
17		43	4477.760695000
17		1358	4477.817165000
17		43	4477.885310000
17		1358	4477.904221000
6	0		4477.946722000
17		43	4478.009388000
17		1358	4478.010895000
17		43	4478.071501000
17		1358	4478.098353000
17		43	4478.133044000
17		1358	4478.184632000
6	0		4478.257063000
17		43	4478.257091000
17		1358	4478.271625000
17		43	4478.319255000
17		1358	4478.358027000
17		43	4478.380984000
17		1358	4478.444666000
17		43	4478.504992000
17		1358	4478.531834000
6	0		4478.567374000
6	1396		4478.567820000
17		43	4478.629134000
17		1358	4478.630653000
17		43	4478.691273000
17		1358	4478.718010000
6	0		4478.815519000
6	1396		4478.815944000
6	1396		4478.868584000
17		43	4478.877434000
17		1358	4478.878602000
6	0		4479.001107000
6	1396		4479.001559000
17		43	4479.063317000
17		1358	4479.064902000
6	1396		4479.079137000
17		43	4479.125852000
17		1358	4479.152120000
17		43	4479.187087000
17		1358	4479.239198000
17		43	4479.249805000
17		43	4479.310643000
17		1358	4479.325627000
17		43	4479.372884000
17		1358	4479.412719000
17		42	4479.435530000
17		43	4479.435561000
17		48	4479.496853000
17		1358	4479.498892000
17		43	4479.559716000
17		1358	4479.584866000
17		43	4479.621662000
17		1358	4479.671349000
17		43	4479.684188000
17		43	4479.745145000
17		1146	4479.757638000
17		43	4479.807697000
17		43	4479.869252000
17		43	4479.931703000
17		43	4479.992731000
6	0		4480.036977000
6	0		4480.037045000
17		43	4480.055101000
17		43	4480.116695000
6	0		4480.170398000
6	41		4480.177265000
17		43	4480.178758000
17		43	4480.240929000
17		43	4480.303176000
6	0		4480.340910000
6	21		4480.341622000
6	0		4480.341651000
6	1080		4480.342693000
17		43	4480.365305000
17		43	4480.427060000
6	0		4480.489693000
6	1396		4480.490150000
6	1396		4480.542794000
17		43	4480.550672000
17		43	4480.613116000
6	1396		4480.648045000
6	0		4480.675383000
6	0		4480.737547000
6	1396		4480.753310000
6	1080		4480.770224000
17		43	4480.799420000
6	1396		4480.858606000
6	0		4480.860712000
6	0		4480.919898000
17		43	4480.922858000
6	1396		4480.963825000
6	0		4480.985002000
17		48	4480.985031000
6	440		4481.024630000
17		43	4481.047046000
6	0		4481.066231000
6	1396		4481.069114000
17		35	4481.100795000
17		43	4481.109262000
17		43	4481.171196000
6	1396		4481.174359000
6	48		4481.230565000
6	0		4481.230610000
17		43	4481.233401000
6	280		4481.234832000
6	1396		4481.279607000
17		43	4481.295509000
17		43	4481.357092000
6	1396		4481.384888000
6	0		4481.390214000
6	16		4481.394405000
17		1129	4481.419238000
17		41	4481.419818000
6	0		4481.438230000
6	0		4481.481108000
6	1396		4481.490162000
6	0		4481.543319000
6	52		4481.586336000
6	0		4481.586378000
6	52		4481.586479000
6	1396		4481.595435000
6	0		4481.604862000
6	0		4481.667021000
6	1396		4481.700663000
6	0		4481.729025000
6	0		4481.791273000
6	0		4481.791300000
6	1396		4481.805939000
6	0		4481.853325000
6	1396		4481.911206000
6	0		4481.915523000
6	0		4481.977391000
17		43	4481.977428000
6	52		4481.986206000
6	1396		4482.016471000
6	0		4482.038868000
6	0		4482.101419000
6	0		4482.117056000
6	1396		4482.121725000
6	84		4482.149310000
6	0		4482.190220000
6	0		4482.225235000
6	1396		4482.226999000
6	1396		4482.332291000
6	0		4482.349478000
6	1396		4482.437541000
6	0		4482.473234000
17		152	4482.503004000
17		1353	4482.503497000
17		1358	4482.503528000
17		1358	4482.503532000
17		1358	4482.503537000
17		1358	4482.503577000
17		1358	4482.503587000
17		1358	4482.503641000
17		1358	4482.503651000
17		1358	4482.503655000
17		1358	4482.503686000
6	1396		4482.542802000
17		1358	4482.568062000
6	0		4482.597273000
17		49	4482.597303000
17		35	4482.625069000
17		1358	4482.636983000
6	1396		4482.648064000
17		43	4482.658684000
17		43	4482.721309000
17		1358	4482.751006000
6	1396		4482.753315000
17		43	4482.783545000
17		1358	4482.837373000
17		43	4482.844710000
6	1396		4482.858559000
17		43	4482.906731000
17		1358	4482.922641000
17		43	4482.968943000
17		1358	4483.003360000
17		43	4483.030913000
17		1358	4483.080967000
17		43	4483.092924000
17		1171	4483.092951000
17		39	4483.094085000
17		108	4483.105659000
17		260	4483.105701000
17		43	4483.155582000
17		1358	4483.155761000
17		1358	4483.221930000
17		43	4483.278979000
17		1358	4483.287244000
6	0		4483.341279000
17		43	4483.341312000
6	1396		4483.341773000
17		1358	4483.352470000
6	1396		4483.383843000
17		1358	4483.413612000
17		43	4483.464931000
17		1358	4483.476540000
6	0		4483.527260000
6	1396		4483.527739000
17		1358	4483.537532000
17		43	4483.588831000
17		1358	4483.600578000
17		1358	4483.649630000
17		1358	4483.699509000
17		43	4483.712688000
17		1358	4483.748512000
17		43	4483.775708000
17		1358	4483.831299000
17		45	4483.837001000
17		43	4483.837024000
17		41	4483.837030000
17		33	4483.862984000
17		43	4483.899580000
6	0		4483.899607000
6	1396		4483.900070000
17		1358	4483.914484000
17		43	4483.961086000
17		1358	4483.975605000
17		43	4484.022659000
17		1358	4484.038099000
17		1358	4484.099644000
17		48	4484.146914000
17		35	4484.160822000
17		1358	4484.161993000
6	0		4484.209114000
6	1396		4484.209532000
17		1358	4484.224385000
6	1396		4484.262171000
17		43	4484.271474000
17		1358	4484.286363000
17		43	4484.333524000
17		1358	4484.348426000
17		43	4484.394732000
17		1358	4484.410907000
17		43	4484.457009000
17		1358	4484.472652000
17		43	4484.519283000
17		1358	4484.533881000
17		43	4484.581430000
6	0		4484.581460000
6	1396		4484.581900000
17		1358	4484.597185000
17		43	4484.643271000
17		1358	4484.657879000
17		43	4484.705519000
6	68		4484.706433000
17		1358	4484.706530000
17		1358	4484.758198000
17		43	4484.829533000
17		1358	4484.831330000
6	0		4484.858758000
6	52		4484.866402000
6	0		4484.866445000
6	0		4484.867597000
6	0		4484.867988000
17		43	4484.890644000
17		1358	4484.914497000
17		43	4484.952789000
6	0		4485.009711000
6	0		4485.009764000
17		43	4485.015404000
6	0		4485.015432000
6	1396		4485.015872000
17		1358	4485.017010000
6	0		4485.048745000
6	12		4485.049010000
17		43	4485.076971000
17		1358	4485.078245000
6	0		4485.087713000
6	12		4485.087756000
6	0		4485.087770000
6	1		4485.087963000
6	4		4485.087985000
6	32		4485.087995000
6	0		4485.088009000
6	0		4485.126608000
6	0		4485.126647000
6	0		4485.126683000
6	0		4485.126736000
6	0		4485.126752000
6	0		4485.201512000
17		43	4485.201538000
6	1396		4485.201976000
17		1358	4485.202169000
6	0		4485.250229000
6	1396		4485.254622000
17		43	4485.263046000
17		627	4485.264601000
17		43	4485.324856000
17		43	4485.387083000
6	0		4485.413601000
17		43	4485.448964000
6	0		4485.503474000
6	0		4485.503541000
17		43	4485.510948000
17		48	4485.635534000
17		35	4485.650545000
17		43	4485.697545000
6	0		4485.754204000
17		43	4485.759029000
6	41		4485.759662000
17		43	4485.821101000
6	0		4485.883723000
17		43	4485.883751000
6	1396		4485.884186000
17		43	4485.944669000
17		43	4486.006978000
6	0		4486.009812000
6	21		4486.010255000
6	0		4486.010267000
6	1080		4486.011307000
17		43	4486.068835000
6	0		4486.131248000
6	1396		4486.131693000
6	1396		4486.173806000
17		43	4486.192909000
6	1396		4486.257989000
6	0		4486.261777000
6	440		4486.262251000
6	0		4486.306222000
17		1129	4486.316886000
17		41	4486.317514000
17		156	4486.318510000
17		1353	4486.318532000
17		1358	4486.318536000
17		1358	4486.318540000
17		1358	4486.318544000
17		1358	4486.318548000
17		1358	4486.318552000
17		1358	4486.318557000
17		1358	4486.318561000
17		1358	4486.318566000
6	1396		4486.342220000
6	0		4486.379463000
17		1358	4486.381616000
17		1358	4486.443496000
6	0		4486.503309000
6	1396		4486.503752000
17		1358	4486.505828000
6	48		4486.555507000
6	0		4486.555551000
6	1396		4486.556361000
6	280		4486.560462000
17		49	4486.565488000
17		1358	4486.567179000
17		43	4486.627305000
17		1358	4486.628907000
17		43	4486.689455000
6	0		4486.689483000
6	1396		4486.689949000
17		1358	4486.690760000
17		43	4486.751350000
17		1358	4486.752925000
6	0		4486.810107000
6	16		4486.812077000
17		43	4486.813009000
17		1358	4486.814685000
6	0		4486.854246000
17		1358	4486.865650000
17		43	4486.874730000
17		1358	4486.914377000
17		43	4486.936962000
17		1358	4486.964557000
17		43	4486.998766000
17		1358	4487.046797000
17		43	4487.060805000
6	52		4487.102985000
6	0		4487.103023000
6	52		4487.103165000
17		1358	4487.130322000
17		43	4487.185080000
17		1358	4487.191883000
17		43	4487.247229000
17		1358	4487.253909000
6	0		4487.309401000
6	1396		4487.309881000
17		1358	4487.315836000
6	84		4487.354106000
6	1396		4487.362818000
17		43	4487.371138000
17		1358	4487.378133000
6	0		4487.394237000
17		43	4487.495441000
17		1358	4487.497784000
6	0		4487.556676000
6	1396		4487.557134000
17		1358	4487.560625000
6	1396		4487.610096000
17		43	4487.619033000
17		1358	4487.622731000
17		43	4487.681495000
17		1358	4487.685221000
17		43	4487.742938000
17		1358	4487.747645000
17		43	4487.805423000
17		1358	4487.810240000
17		43	4487.867020000
17		1358	4487.872964000
17		43	4487.929266000
17		1358	4487.930853000
17		43	4487.991527000
17		1358	4487.993397000
17		48	4488.053230000
17		35	4488.066419000
17		1358	4488.076595000
17		43	4488.114727000
17		1358	4488.160090000
17		43	4488.176814000
17		1358	4488.223067000
17		43	4488.238838000
17		1358	4488.285708000
6	0		4488.300933000
6	1396		4488.301391000
6	1396		4488.354362000
17		43	4488.362898000
17		1358	4488.364510000
17		43	4488.425585000
17		1358	4488.426354000
17		43	4488.549051000
17		1358	4488.550712000
6	0		4488.611346000
6	1396		4488.611810000
6	1396		4488.664778000
17		43	4488.672996000
17		1358	4488.674568000
17		43	4488.735626000
17		1358	4488.736705000
17		43	4488.797365000
17		1358	4488.798131000
17		43	4488.859039000
17		1358	4488.860606000
17		43	4488.921320000
17		1358	4488.922930000
6	68		4488.933607000
17		43	4488.983511000
17		1358	4488.985057000
17		43	4489.045217000
17		1204	4489.046641000
17		43	4489.107358000
17		43	4489.168968000
6	52		4489.182287000
6	0		4489.182326000
6	0		4489.182346000
6	0		4489.184019000
17		43	4489.231402000
6	0		4489.355533000
6	1396		4489.355978000
6	1396		4489.408971000
17		43	4489.417519000
6	0		4489.433284000
17		43	4489.479484000
17		43	4489.541505000
6	0		4489.665116000
6	1396		4489.665587000
6	1396		4489.718557000
17		48	4489.727313000
17		35	4489.741489000
17		43	4489.788755000
17		43	4489.850644000
17		43	4489.913436000
17		1119	4489.913464000
17		34	4489.914097000
17		33	4489.914952000
17		152	4489.916568000
17		1353	4489.953695000
17		43	4489.975521000
17		1358	4490.017028000
17		43	4490.037487000
17		1358	4490.078402000
17		1358	4490.140440000
6	0		4490.161000000
6	1396		4490.161463000
17		1358	4490.201766000
6	1396		4490.214427000
17		1358	4490.264473000
6	0		4490.285441000
17		49	4490.285483000
17		35	4490.299473000
6	1396		4490.320362000
17		1358	4490.326702000
17		43	4490.347224000
17		1358	4490.376220000
17		43	4490.409013000
17		1358	4490.425713000
6	1396		4490.426245000
17		43	4490.471530000
17		1358	4490.508454000
17		43	4490.533033000
17		1358	4490.591895000
17		43	4490.657184000
17		1358	4490.658737000
6	0		4490.669229000
6	0		4490.719478000
6	1396		4490.719939000
6	1396		4490.762323000
17		43	4490.781169000
17		1358	4490.782795000
6	1396		4490.847045000
17		43	4490.905246000
17		1358	4490.906819000
6	1396		4490.931786000
17		43	4490.967116000
17		1358	4490.968701000
6	0		4491.028721000
17		43	4491.028750000
17		1358	4491.031513000
17		43	4491.090952000
17		1358	4491.093771000
17		43	4491.153126000
17		1358	4491.156873000
6	0		4491.215327000
17		43	4491.215352000
17		1358	4491.219795000
6	0		4491.339603000
6	1396		4491.340041000
6	1396		4491.393012000
17		43	4491.401197000
17		1358	4491.402371000
17		43	4491.524838000
17		1358	4491.526381000
6	0		4491.587019000
6	1396		4491.587479000
6	1396		4491.640444000
17		43	4491.648650000
17		1358	4491.649341000
17		43	4491.710656000
17		1358	4491.712759000
17		43	4491.773513000
17		1358	4491.774202000
17		43	4491.835029000
17		1358	4491.836600000
17		43	4491.897320000
17		1358	4491.898142000
6	0		4492.021531000
17		48	4492.021557000
6	1396		4492.021990000
17		1358	4492.023375000
17		43	4492.083196000
17		713	4492.083233000
17		37	4492.084293000
17		1358	4492.091764000
17		75	4492.092192000
17		33	4492.092242000
6	1396		4492.094425000
6	0		4492.207327000
6	1396		4492.239294000
17		43	4492.269043000
17		1358	4492.270409000
17		43	4492.331466000
17		1358	4492.338925000
6	1396		4492.384135000
17		43	4492.393902000
17		1358	4492.406544000
17		43	4492.454787000
17		1358	4492.474787000
17		43	4492.516824000
17		1358	4492.542289000
17		43	4492.641628000
17		41	4492.641660000
17		45	4492.703376000
17		43	4492.703398000
17		41	4492.703408000
6	0		4492.703418000
6	1396		4492.703853000
17		33	4492.729640000
6	1396		4492.776273000
6	0		4492.827097000
17		43	4492.889580000
17		1358	4492.891225000
6	1396		4492.921146000
17		43	4492.950892000
17		1358	4492.959795000
17		43	4493.013568000
17		1358	4493.027730000
6	1396		4493.065992000
17		43	4493.075059000
17		1358	4493.095764000
6	0		4493.127801000
6	0		4493.127858000
17		43	4493.137084000
17		1358	4493.163008000
6	0		4493.166696000
6	12		4493.166947000
6	0		4493.199243000
6	0		4493.205737000
6	12		4493.205831000
6	0		4493.205845000
6	1		4493.205993000
6	4		4493.206007000
6	32		4493.206014000
6	0		4493.206022000
6	1396		4493.210837000
6	0		4493.244853000
6	0		4493.244891000
6	0		4493.244894000
6	0		4493.244907000
6	0		4493.244920000
17		43	4493.323099000
17		1358	4493.324357000
6	1396		4493.355721000
6	0		4493.385471000
17		1358	4493.391307000
17		43	4493.447070000
17		1358	4493.458479000
6	1396		4493.500577000
17		43	4493.509492000
17		1358	4493.525816000
17		1358	4493.592392000
17		43	4493.633094000
6	1396		4493.645428000
17		1358	4493.659685000
17		43	4493.694893000
17		1358	4493.726496000
6	0		4493.757220000
6	1396		4493.790296000
17		1358	4493.792918000
17		43	4493.819083000
17		1358	4493.859629000
17		1358	4493.926790000
6	1396		4493.935144000
17		48	4493.943071000
17		35	4493.957154000
17		1358	4493.993263000
6	0		4494.005628000
17		636	4494.060149000
17		43	4494.066836000
6	1396		4494.080026000
17		43	4494.129461000
6	1396		4494.224871000
17		43	4494.252840000
17		43	4494.315237000
6	1396		4494.369750000
6	0		4494.376723000
17		43	4494.439061000
6	1396		4494.478194000
17		43	4494.501234000
17		43	4494.563585000
6	1396		4494.586631000
17		1128	4494.687156000
17		47	4494.687881000
17		1358	4494.690017000
17		1358	4494.690046000
17		1358	4494.690050000
17		1358	4494.690053000
17		1358	4494.690056000
17		1358	4494.690059000
17		1358	4494.690062000
17		1358	4494.690065000
17		1358	4494.690068000
17		1358	4494.690072000
6	1396		4494.695115000
6	0		4494.749344000
17		1358	4494.757734000
6	1396		4494.803570000
17		1358	4494.824404000
6	0		4494.873163000
17		1358	4494.891705000
6	1396		4494.912010000
17		1358	4494.958254000
6	0		4494.996961000
17		43	4494.997003000
6	1396		4495.020484000
17		49	4495.058879000
17		35	4495.073407000
17		43	4495.120714000
17		43	4495.182882000
17		1358	4495.184387000
6	1396		4495.201278000
17		43	4495.244786000
17		1358	4495.246512000
17		43	4495.307389000
17		1358	4495.314333000
17		43	4495.368720000
17		1358	4495.370245000
6	1396		4495.382044000
17		1358	4495.424946000
17		43	4495.430785000
17		1358	4495.477517000
17		43	4495.493264000
6	1396		4495.506670000
17		1358	4495.531508000
17		43	4495.555140000
17		1358	4495.586213000
17		43	4495.678918000
17		1358	4495.680481000
6	0		4495.741181000
6	1396		4495.741620000
6	0		4495.793471000
6	0		4495.793514000
17		43	4495.803333000
6	1396		4495.803931000
17		1358	4495.805146000
17		43	4495.864976000
17		1358	4495.895639000
17		43	4495.988914000
17		1358	4495.990558000
6	0		4496.051453000
6	1396		4496.051953000
17		43	4496.112822000
6	1396		4496.114286000
17		43	4496.237500000
17		1358	4496.239041000
17		43	4496.299247000
17		1358	4496.317439000
6	0		4496.361478000
6	1396		4496.361951000
17		1358	4496.395629000
17		43	4496.422721000
6	1396		4496.424254000
17		1358	4496.473164000
17		43	4496.484895000
17		1358	4496.551493000
17		43	4496.609561000
17		1358	4496.629643000
17		43	4496.670882000
17		1358	4496.707622000
17		48	4496.732978000
17		35	4496.746971000
17		1358	4496.786704000
6	0		4496.795155000
6	1396		4496.795617000
6	1396		4496.857913000
17		43	4496.919046000
17		1358	4496.920566000
17		43	4496.981079000
17		1358	4496.998422000
17		43	4497.042767000
17		1358	4497.077420000
6	0		4497.104937000
6	1396		4497.105388000
6	1396		4497.167702000
17		43	4497.229342000
17		1358	4497.231030000
6	0		4497.291672000
6	1396		4497.292305000
17		1358	4497.309059000
17		43	4497.353592000
17		1358	4497.386583000
6	1396		4497.416943000
17		43	4497.476794000
17		1358	4497.478405000
17		43	4497.539224000
17		1358	4497.557524000
17		43	4497.601503000
17		1358	4497.635937000
6	0		4497.662717000
17		43	4497.662752000
6	1396		4497.663187000
17		1358	4497.714940000
17		43	4497.725113000
17		1358	4497.792707000
6	0		4497.849455000
6	1396		4497.849868000
17		43	4497.910815000
6	1396		4497.912165000
17		1358	4497.912445000
17		43	4497.972727000
17		1358	4497.990220000
17		43	4498.034629000
17		1358	4498.068717000
6	0		4498.159081000
17		43	4498.159110000
6	1396		4498.159539000
17		1358	4498.159777000
6	1396		4498.221841000
17		43	4498.282960000
17		744	4498.284549000
17		43	4498.344869000
6	0		4498.407042000
6	1396		4498.407512000
6	1396		4498.457377000
17		43	4498.469102000
17		43	4498.530738000
6	1396		4498.557035000
17		43	4498.592905000
6	1396		4498.656739000
17		48	4498.717455000
17		35	4498.731630000
17		43	4498.778910000
6	0		4498.841081000
17		43	4498.965166000
17		43	4499.026877000
17		1119	4499.026905000
17		34	4499.027579000
17		1358	4499.029392000
6	0		4499.088764000
6	1396		4499.089263000
17		1358	4499.107757000
17		43	4499.151492000
6	1396		4499.172347000
17		1358	4499.185077000
17		1358	4499.262630000
17		43	4499.274967000
6	0		4499.304030000
6	0		4499.304081000
6	0		4499.337298000
6	1396		4499.338465000
17		1358	4499.339802000
17		1358	4499.417054000
6	0		4499.423807000
6	41		4499.429667000
6	0		4499.461692000
6	1396		4499.463094000
17		1358	4499.494478000
6	0		4499.548869000
6	21		4499.548903000
6	0		4499.548913000
6	1080		4499.549884000
17		1358	4499.572725000
17		49	4499.585184000
6	1396		4499.587705000
17		35	4499.598977000
6	0		4499.647498000
17		1358	4499.650244000
6	440		4499.669430000
17		43	4499.709270000
6	0		4499.710200000
6	1396		4499.712293000
17		1358	4499.727837000
17		43	4499.770824000
17		1358	4499.805534000
6	48		4499.829461000
6	0		4499.829499000
17		43	4499.832855000
6	280		4499.833757000
6	1396		4499.836917000
17		1358	4499.883069000
6	0		4499.895032000
6	16		4499.956282000
17		43	4499.957091000
17		1358	4499.958676000
6	1396		4499.961514000
6	0		4499.998215000
17		43	4500.019260000
17		1358	4500.037067000
6	1396		4500.086132000
17		1358	4500.115769000
6	52		4500.117439000
6	0		4500.117471000
6	52		4500.117590000
17		43	4500.143493000
17		1358	4500.192826000
17		43	4500.205082000
6	1396		4500.210741000
6	84		4500.237792000
6	0		4500.267473000
17		1358	4500.270614000
6	0		4500.278233000
17		43	4500.329294000
17		1358	4500.347608000
17		1358	4500.425159000
17		43	4500.453096000
17		1358	4500.502557000
17		43	4500.514834000
6	0		4500.577005000
6	1396		4500.577473000
17		1358	4500.580925000
17		43	4500.639357000
17		1358	4500.657705000
17		43	4500.701336000
17		1358	4500.735028000
17		43	4500.762820000
17		1358	4500.812735000
6	0		4500.825500000
6	1396		4500.825961000
17		43	4500.887145000
6	1396		4500.888254000
17		1358	4500.889790000
17		43	4500.949135000
17		1358	4500.967371000
17		1358	4501.030641000
17		43	4501.072764000
17		1358	4501.091936000
17		43	4501.134825000
17		1358	4501.154822000
17		43	4501.197108000
17		1358	4501.217172000
6	0		4501.245867000
6	0		4501.245921000
6	0		4501.284845000
6	12		4501.285100000
6	0		4501.323854000
6	12		4501.323914000
6	0		4501.323929000
6	1		4501.324156000
6	4		4501.324182000
6	32		4501.324194000
6	0		4501.324209000
6	0		4501.362866000
6	0		4501.362954000
6	0		4501.362981000
6	0		4501.363107000
6	0		4501.363128000
6	0		4501.384236000
17		43	4501.384262000
6	1396		4501.384668000
17		1358	4501.385772000
6	1396		4501.446981000
6	1396		4501.571587000
17		48	4501.571787000
17		1358	4501.574040000
6	1396		4501.696193000
17		43	4501.758480000
17		1358	4501.760091000
6	0		4501.782068000
6	0		4501.782119000
6	1396		4501.820841000
17		43	4501.944918000
17		1358	4501.945812000
17		43	4502.132211000
17		1358	4502.133594000
6	0		4502.319473000
6	1396		4502.319922000
6	1396		4502.382234000
17		43	4502.505987000
17		1358	4502.507589000
6	68		4502.598721000
17		43	4502.693204000
17		41	4502.693230000
17		1358	4502.694798000
6	52		4502.717979000
6	0		4502.718019000
6	0		4502.718039000
6	0		4502.719319000
6	0		4502.839016000
17		43	4502.880243000
17		1358	4502.882466000
17		43	4503.067472000
17		1358	4503.069033000
17		43	4503.254103000
17		1358	4503.255677000
17		43	4503.441106000
17		1358	4503.442727000
6	1396		4503.593969000
6	0		4503.628312000
17		43	4503.815626000
17		1358	4503.817027000
6	0		4504.001930000
6	1396		4504.002394000
6	0		4504.189693000
6	1396		4504.190115000
6	1396		4504.239976000
17		43	4504.376206000
17		1358	4504.378278000
6	0		4504.563595000
6	1396		4504.564049000
6	1396		4504.613902000
17		43	4504.749785000
17		1358	4504.750877000
6	0		4504.937336000
17		43	4504.937363000
17		41	4504.937369000
17		1358	4504.939382000
17		43	4505.124018000
17		668	4505.124044000
17		37	4505.125667000
17		77	4505.134627000
17		33	4505.134827000
6	0		4505.311087000
6	1396		4505.311544000
6	0		4505.498654000
6	1396		4505.499105000
6	1396		4505.582199000
17		43	4505.684978000
17		43	4505.872534000
6	0		4505.916965000
6	0		4505.917021000
17		43	4506.058907000
6	0		4506.206547000
6	41		4506.211871000
17		43	4506.246041000
17		767	4506.433044000
17		43	4506.433071000
17		37	4506.434024000
17		108	4506.445893000
17		131	4506.446061000
6	0		4506.500068000
6	21		4506.500107000
6	0		4506.500118000
6	1080		4506.501290000
17		43	4506.619834000
17		1358	4506.621533000
6	0		4506.623760000
6	0		4506.623799000
6	0		4506.717544000
6	0		4506.756156000
6	0		4506.756207000
6	0		4506.790357000
6	440		4506.794822000
6	0		4506.806820000
6	0		4506.838236000
17		43	4506.993994000
17		1358	4506.995561000
6	48		4507.127143000
6	0		4507.127182000
6	280		4507.131394000
6	0		4507.180993000
6	0		4507.368301000
6	0		4507.419669000
6	16		4507.469780000
6	0		4507.510232000
6	0		4507.555620000
6	0		4507.701970000
6	0		4507.702010000
6	0		4507.741781000
17		43	4507.741812000
17		1358	4507.743424000
6	52		4507.800067000
6	0		4507.800106000
6	52		4507.800220000
17		1358	4507.821738000
17		1358	4507.899461000
6	0		4507.929356000
6	1396		4507.929809000
17		1358	4507.977104000
17		1358	4508.054139000
6	0		4508.089003000
6	100		4508.089042000
17		33	4508.099631000
17		43	4508.116200000
17		668	4508.116227000
17		34	4508.116875000
6	0		4508.130209000
17		1358	4508.131088000
17		1358	4508.209809000
17		1358	4508.286754000
17		45	4508.303127000
17		43	4508.303153000
17		41	4508.303161000
17		34	4508.303981000
17		1358	4508.364169000
17		1358	4508.441855000
6	0		4508.490273000
6	1396		4508.490751000
17		1358	4508.519342000
17		1358	4508.596342000
6	0		4508.677616000
6	1396		4508.678072000
6	0		4508.864432000
17		45	4508.864455000
6	1396		4508.864871000
17		34	4508.865072000
17		43	4509.050792000
17		41	4509.050826000
17		1358	4509.052070000
17		1358	4509.131036000
17		43	4509.238280000
17		1358	4509.239844000
17		1358	4509.317688000
6	0		4509.365315000
6	0		4509.365370000
6	0		4509.404856000
6	12		4509.405137000
17		43	4509.425427000
17		1358	4509.427039000
6	0		4509.444577000
6	12		4509.444670000
6	0		4509.444685000
6	1		4509.444919000
6	4		4509.444948000
6	32		4509.444958000
6	0		4509.444970000
6	0		4509.484231000
6	0		4509.484334000
6	0		4509.484360000
6	0		4509.484365000
6	0		4509.484378000
17		1358	4509.505372000
17		43	4509.612226000
17		1358	4509.613916000
17		1358	4509.692677000
17		43	4509.799041000
17		1358	4509.800761000
17		1358	4509.878908000
6	0		4509.986317000
6	1396		4509.986764000
6	1396		4510.049083000
17		43	4510.173240000
6	1396		4510.173683000
17		1358	4510.174241000
6	68		4510.216535000
17		1358	4510.252454000
6	1396		4510.298297000
17		42	4510.360057000
17		43	4510.360083000
17		1358	4510.361762000
6	1396		4510.422902000
17		1358	4510.440518000
6	52		4510.505360000
6	0		4510.505402000
6	0		4510.506356000
6	0		4510.506781000
6	1396		4510.547501000
17		43	4510.547725000
17		1358	4510.549321000
17		1358	4510.627228000
6	1396		4510.672137000
17		48	4510.734420000
17		1358	4510.736067000
6	0		4510.796057000
6	1396		4510.796706000
17		1358	4510.814917000
6	1396		4510.921325000
17		43	4510.921599000
17		1358	4510.923135000
17		1358	4511.001056000
17		43	4511.108552000
17		1358	4511.110821000
17		1358	4511.189367000
17		43	4511.295613000
17		1358	4511.297200000
17		1358	4511.376000000
6	0		4511.481963000
6	1396		4511.482413000
6	1396		4511.532266000
17		43	4511.669531000
17		1358	4511.670906000
17		1358	4511.749280000
17		1358	4511.826766000
6	0		4511.856157000
6	1396		4511.856584000
17		1358	4511.904741000
6	1396		4511.906450000
6	0		4512.043446000
6	1396		4512.043869000
6	1396		4512.105827000
17		43	4512.229909000
17		1358	4512.231485000
17		1358	4512.309906000
17		43	4512.417620000
17		1358	4512.419142000
17		1358	4512.497047000
17		43	4512.604705000
17		1358	4512.606529000
17		1358	4512.684831000
17		43	4512.791575000
17		1358	4512.793179000
17		1358	4512.855959000
17		43	4512.978356000
17		1358	4512.979864000
17		1358	4513.042998000
17		43	4513.165419000
17		1358	4513.166945000
17		1358	4513.230359000
17		43	4513.352600000
17		1358	4513.354149000
17		1358	4513.416991000
17		43	4513.538836000
17		1358	4513.540348000
17		1358	4513.603565000
17		43	4513.726308000
17		1358	4513.727901000
17		1358	4513.791141000
17		43	4513.913111000
17		1358	4513.914767000
17		1358	4513.977343000
6	0		4514.099801000
6	1396		4514.100306000
6	1396		4514.183367000
6	0		4514.287839000
6	1396		4514.349491000
6	0		4514.474050000
17		43	4514.474086000
6	1396		4514.474092000
17		1358	4514.475729000
17		1358	4514.579096000
6	1396		4514.598713000
17		43	4514.661100000
17		41	4514.661120000
17		37	4514.662737000
17		1358	4514.682532000
6	1396		4514.723345000
17		1358	4514.786576000
6	0		4514.848367000
6	1396		4514.848843000
6	1396		4514.972561000
17		43	4515.034848000
17		1358	4515.036466000
17		1358	4515.140451000
6	0		4515.222231000
17		43	4515.408833000
17		1358	4515.410230000
17		1358	4515.514318000
6	0		4515.596319000
17		43	4515.783585000
17		1358	4515.785177000
17		1358	4515.888942000
17		43	4515.970045000
17		1358	4515.992872000
17		1358	4516.096968000
6	0		4516.157590000
17		43	4516.344408000
17		1358	4516.346411000
17		1358	4516.424696000
6	0		4516.531054000
17		43	4516.718261000
17		1358	4516.720000000
17		1358	4516.798723000
6	0		4516.905594000
17		43	4517.092330000
17		1358	4517.093910000
17		1358	4517.172891000
17		43	4517.279545000
17		1358	4517.280422000
17		43	4517.466366000
17		1358	4517.468252000
17		43	4517.653130000
17		1358	4517.654742000
6	0		4517.789510000
6	0		4517.789575000
17		43	4517.840175000
17		1358	4517.841744000
6	0		4517.996965000
6	22		4517.998661000
6	0		4517.998695000
6	41		4518.002555000
6	0		4518.027188000
6	0		4518.209159000
6	1080		4518.209204000
6	0		4518.214452000
6	976		4518.219388000
6	0		4518.262218000
17		43	4518.401641000
17		1358	4518.403262000
6	0		4518.455174000
17		43	4518.588257000
17		1358	4518.589779000
17		43	4518.774878000
17		1358	4518.776396000
6	0		4518.962298000
17		43	4519.148862000
6	48		4519.149740000
6	0		4519.149770000
17		1358	4519.150516000
6	388		4519.156388000
6	0		4519.336220000
6	0		4519.362852000
6	0		4519.522779000
6	0		4519.710149000
6	1396		4519.710586000
17		43	4519.897336000
17		43	4520.084211000
17		43	4520.270855000
6	16		4520.375307000
6	0		4520.418225000
17		43	4520.457898000
17		48	4520.645271000
17		37	4520.659647000
17		43	4520.832666000
17		43	4521.019717000
17		43	4521.206595000
17		43	4521.393616000
17		43	4521.580181000
17		43	4521.767470000
17		43	4521.953810000
17		43	4522.141070000
17		43	4522.328248000
17		43	4522.515311000
6	52		4522.683294000
6	0		4522.683332000
6	52		4522.683413000
17		43	4522.702552000
17		43	4522.889162000
6	0		4522.889660000
6	84		4522.927543000
6	0		4522.970226000
17		43	4523.076354000
6	0		4523.262906000
6	1396		4523.263363000
6	1396		4523.336405000
6	0		4523.449983000
6	1396		4523.482538000
6	1396		4523.628615000
6	0		4523.636908000
17		41	4523.636929000
17		39	4523.638249000
6	1396		4523.774732000
6	0		4523.824332000
6	1396		4523.920820000
6	0		4523.974928000
6	0		4523.974997000
17		43	4524.011681000
6	0		4524.011711000
6	0		4524.011733000
6	0		4524.012012000
6	0		4524.012029000
6	1396		4524.066932000
6	0		4524.139807000
6	41		4524.145216000
17		43	4524.198339000
6	1396		4524.213005000
6	21		4524.308428000
6	0		4524.308470000
6	0		4524.308693000
6	0		4524.308705000
6	1080		4524.309497000
6	52		4524.314547000
6	0		4524.385608000
6	1396		4524.386050000
6	440		4524.475585000
6	1396		4524.505257000
6	0		4524.518237000
6	0		4524.560279000
17		43	4524.572464000
6	52		4524.573417000
6	0		4524.573442000
6	0		4524.573455000
6	0		4524.574686000
6	48		4524.681692000
6	0		4524.681729000
6	280		4524.685980000
6	0		4524.758911000
6	1396		4524.759350000
6	0		4524.781461000
6	1396		4524.832413000
6	16		4524.854582000
6	0		4524.898231000
6	0		4524.945793000
17		43	4524.945826000
6	1396		4524.978497000
6	52		4525.062952000
6	0		4525.062993000
6	52		4525.063089000
6	1396		4525.124661000
6	0		4525.133114000
6	100		4525.228210000
6	0		4525.270236000
6	1396		4525.270716000
17		43	4525.320045000
6	1396		4525.416822000
6	0		4525.486659000
6	0		4525.486724000
17		43	4525.507117000
6	0		4525.526713000
6	12		4525.527000000
6	0		4525.566799000
6	12		4525.566837000
6	0		4525.566850000
6	1		4525.567065000
6	4		4525.567084000
6	32		4525.567096000
6	0		4525.567120000
6	0		4525.606852000
6	0		4525.606894000
6	0		4525.606899000
6	0		4525.607053000
6	0		4525.607069000
17		43	4525.694339000
17		43	4525.881608000
17		43	4526.067774000
17		43	4526.254894000
17		43	4526.442282000
17		43	4526.629486000
17		43	4526.816568000
6	0		4526.975453000
6	0		4526.975512000
17		43	4527.003111000
17		43	4527.190295000
6	0		4527.235155000
6	41		4527.241949000
17		43	4527.377609000
6	0		4527.501623000
6	21		4527.508531000
6	0		4527.508573000
6	1080		4527.509795000
17		43	4527.564140000
6	68		4527.691147000
17		43	4527.751203000
6	440		4527.777906000
6	0		4527.818231000
6	52		4527.856296000
6	0		4527.856348000
6	0		4527.856866000
6	0		4527.857817000
17		43	4527.938506000
6	0		4528.022261000
6	48		4528.077852000
6	0		4528.077894000
6	280		4528.081914000
17		48	4528.125699000
17		37	4528.138837000
17		43	4528.312046000
17		1358	4528.313577000
6	16		4528.357657000
6	0		4528.398234000
17		43	4528.499387000
17		1358	4528.501031000
6	52		4528.657894000
6	0		4528.657930000
6	52		4528.658056000
17		43	4528.686396000
17		1358	4528.687864000
17		43	4528.873297000
17		1358	4528.874868000
6	84		4528.930208000
6	0		4528.974242000
17		43	4529.060275000
17		1358	4529.061882000
6	0		4529.247388000
6	1396		4529.247832000
6	1396		4529.320919000
6	0		4529.434342000
6	1396		4529.467013000
6	1396		4529.613091000
6	0		4529.621398000
6	1396		4529.759185000
6	0		4529.808499000
6	1396		4529.905315000
6	0		4529.994835000
6	1396		4530.051407000
6	0		4530.181789000
6	1396		4530.197488000
6	1396		4530.343604000
6	0		4530.368930000
6	1396		4530.489707000
6	0		4530.556049000
6	1396		4530.635832000
6	0		4530.743214000
6	0		4530.743233000
6	1396		4530.781917000
6	1396		4530.928011000
6	0		4530.930304000
6	1396		4531.074118000
6	0		4531.117477000
6	68		4531.137124000
6	1396		4531.220223000
6	0		4531.303794000
6	1396		4531.366312000
6	52		4531.404137000
6	0		4531.404181000
6	0		4531.404198000
6	0		4531.405396000
6	0		4531.490816000
6	1396		4531.512433000
6	1396		4531.658524000
6	0		4531.665022000
6	0		4531.677804000
6	1396		4531.804629000
6	0		4531.865064000
6	1396		4531.950730000
6	0		4532.052189000
17		1358	4532.052220000
17		1358	4532.053576000
17		35	4532.078446000
6	1396		4532.096897000
17		43	4532.239025000
17		1358	4532.240339000
6	1396		4532.242903000
17		1358	4532.328507000
6	1396		4532.389054000
17		1358	4532.414316000
17		43	4532.426288000
17		1358	4532.501753000
6	1396		4532.535168000
17		1358	4532.587775000
17		43	4532.613674000
17		1358	4532.675547000
6	1396		4532.681223000
17		1358	4532.762531000
17		43	4532.800199000
6	1396		4532.827323000
17		1358	4532.849423000
17		1358	4532.935935000
6	1396		4532.973467000
17		43	4532.986887000
17		1358	4533.022779000
17		1358	4533.108778000
6	1396		4533.119545000
6	0		4533.173935000
17		1358	4533.195722000
6	1396		4533.265674000
17		1358	4533.282022000
6	0		4533.361158000
17		1358	4533.369332000
6	1396		4533.411754000
17		1358	4533.455418000
17		1358	4533.543359000
6	0		4533.547716000
6	1396		4533.557862000
6	0		4533.595171000
6	0		4533.595237000
6	0		4533.607669000
6	0		4533.607741000
17		1358	4533.630396000
6	0		4533.646881000
6	12		4533.647110000
6	0		4533.686220000
6	12		4533.686255000
6	0		4533.686267000
6	1		4533.686441000
6	4		4533.686459000
6	32		4533.686469000
6	0		4533.686483000
6	1396		4533.703955000
17		1358	4533.717397000
6	0		4533.725412000
6	0		4533.725498000
6	0		4533.725598000
6	0		4533.725753000
6	0		4533.725774000
6	0		4533.734741000
17		1358	4533.803258000
6	1396		4533.850046000
17		1358	4533.889890000
6	0		4533.922062000
17		1358	4533.976919000
6	1396		4533.996160000
17		1358	4534.063047000
6	0		4534.109453000
6	1396		4534.142303000
17		1358	4534.150064000
17		1358	4534.237418000
6	1396		4534.288383000
6	0		4534.295713000
17		1358	4534.324334000
17		1358	4534.411582000
6	1396		4534.434450000
6	0		4534.482828000
17		1358	4534.497449000
6	1396		4534.580547000
17		1358	4534.584299000
6	0		4534.670166000
17		1358	4534.671466000
6	1396		4534.726672000
17		1358	4534.757825000
17		1358	4534.844255000
6	0		4534.856968000
6	0		4534.857002000
6	1396		4534.872764000
17		1358	4534.931200000
17		1358	4535.017469000
6	1396		4535.018842000
6	0		4535.043826000
17		1358	4535.104404000
6	1396		4535.164972000
17		1358	4535.192605000
6	0		4535.230938000
17		1358	4535.278692000
6	1396		4535.311056000
17		1358	4535.365435000
6	0		4535.417800000
17		1358	4535.451905000
6	1396		4535.457200000
17		1358	4535.538982000
6	1396		4535.603278000
6	0		4535.605101000
17		1358	4535.625386000
17		1358	4535.712645000
6	1396		4535.749377000
6	0		4535.791837000
17		1358	4535.799515000
17		1358	4535.885771000
6	1396		4535.895472000
17		1358	4535.973405000
6	0		4535.979509000
6	1396		4536.041591000
17		1358	4536.059534000
17		1358	4536.146343000
6	0		4536.166467000
6	1396		4536.187684000
17		1358	4536.233148000
17		1358	4536.320329000
6	1396		4536.333783000
6	0		4536.353461000
6	0		4536.353487000
6	0		4536.353911000
17		1358	4536.406677000
6	1396		4536.479871000
17		1358	4536.493595000
17		1358	4536.580264000
6	1396		4536.626003000
17		695	4536.727626000
17		41	4536.727673000
6	0		4536.727688000
17		39	4536.728720000
17		75	4536.737305000
17		33	4536.737351000
6	1396		4536.772104000
6	1396		4536.918207000
6	1396		4537.064284000
17		43	4537.101469000
6	0		4537.101501000
17		1358	4537.103106000
17		1358	4537.190510000
6	1396		4537.210392000
6	1396		4537.356497000
17		43	4537.475359000
6	0		4537.475392000
17		1358	4537.476969000
6	1396		4537.502595000
17		1358	4537.563943000
6	1396		4537.648849000
6	1396		4537.794782000
17		43	4537.849503000
6	0		4537.849541000
17		1358	4537.851127000
17		1358	4537.939214000
6	1396		4537.940911000
17		43	4538.036510000
17		1358	4538.038283000
6	1396		4538.087019000
17		1358	4538.126657000
6	1396		4538.233108000
6	1396		4538.379201000
17		43	4538.410413000
6	0		4538.410455000
17		1358	4538.411237000
17		1358	4538.499030000
6	1396		4538.525322000
17		43	4538.597184000
17		1358	4538.598714000
6	1396		4538.671422000
17		1358	4538.686689000
17		43	4538.784478000
6	0		4538.784506000
17		1358	4538.786053000
17		1358	4538.874359000
17		43	4539.158499000
6	0		4539.158526000
17		1358	4539.160138000
17		1358	4539.247556000
17		43	4539.344813000
17		1358	4539.346360000
17		1358	4539.433645000
17		48	4539.719704000
6	0		4539.719736000
17		1358	4539.721677000
17		1358	4539.809391000
17		43	4539.906617000
17		1358	4539.908938000
17		1358	4539.996945000
17		43	4540.280440000
6	0		4540.280468000
17		1358	4540.281977000
17		1358	4540.369663000
17		43	4540.654759000
6	0		4540.654793000
17		1358	4540.656386000
17		1358	4540.743694000
17		43	4540.840823000
17		1358	4540.842376000
17		1358	4540.930600000
17		43	4541.215475000
6	0		4541.215509000
17		1358	4541.217087000
17		1358	4541.286730000
17		43	4541.402585000
17		1358	4541.404217000
17		1358	4541.474729000
17		43	4541.589473000
6	0		4541.589501000
17		1358	4541.590539000
17		1358	4541.660700000
17		33	4541.720733000
6	0		4541.726813000
6	0		4541.726880000
6	0		4541.766436000
6	12		4541.766660000
17		695	4541.776521000
17		34	4541.777157000
6	0		4541.806126000
6	12		4541.806166000
6	0		4541.806177000
6	1		4541.806356000
6	4		4541.806369000
6	32		4541.806377000
6	0		4541.806388000
6	0		4541.845876000
6	0		4541.846001000
6	0		4541.846010000
6	0		4541.846144000
6	0		4541.846160000
17		43	4541.963461000
6	0		4541.963499000
17		1358	4541.964437000
17		1358	4542.034881000
17		43	4542.150647000
17		1358	4542.152011000
17		1358	4542.221861000
17		43	4542.524492000
6	0		4542.524528000
17		1358	4542.525580000
17		1358	4542.595473000
17		43	4542.711581000
17		1358	4542.713178000
17		1358	4542.783518000
17		43	4543.085545000
6	0		4543.085577000
17		43	4543.459417000
6	0		4543.459446000
17		43	4543.645753000
17		43	4544.020457000
6	0		4544.020480000
17		43	4544.394378000
6	0		4544.394410000
17		43	4544.768519000
6	0		4544.768555000
17		43	4544.954874000
17		43	4545.329419000
6	0		4545.329446000
17		48	4545.516716000
17		36	4545.531088000
17		43	4545.890464000
6	0		4545.890494000
17		43	4546.077143000
17		43	4546.451488000
6	0		4546.451517000
17		43	4546.825416000
6	0		4546.825449000
17		43	4547.199445000
6	0		4547.199475000
17		43	4547.385791000
17		43	4547.760460000
6	0		4547.760497000
6	1396		4547.760936000
6	1396		4547.833990000
17		43	4548.134472000
6	0		4548.134501000
6	1396		4548.134928000
6	1396		4548.207994000
17		43	4548.321673000
17		43	4548.695434000
6	0		4548.695471000
6	1396		4548.695897000
6	1396		4548.768991000
17		43	4548.882680000
17		43	4549.256440000
6	0		4549.256483000
6	1396		4549.256925000
6	1396		4549.329959000
17		43	4549.630476000
6	0		4549.630509000
6	1396		4549.630974000
6	0		4549.686752000
6	0		4549.686814000
6	1396		4549.704030000
6	0		4549.835228000
6	41		4549.842904000
6	0		4549.846837000
6	0		4549.846896000
6	0		4549.885836000
6	12		4549.886155000
6	0		4549.925080000
6	12		4549.925114000
6	0		4549.925124000
6	1		4549.925312000
6	4		4549.925332000
6	32		4549.925342000
6	0		4549.925354000
6	0		4549.964284000
6	0		4549.964319000
6	0		4549.964323000
6	0		4549.964484000
6	0		4549.964500000
17		43	4550.004535000
6	0		4550.004580000
6	1396		4550.005023000
6	0		4550.010428000
6	21		4550.010467000
6	0		4550.010482000
6	1080		4550.011476000
6	1396		4550.078055000
6	0		4550.159662000
6	440		4550.159778000
17		43	4550.191099000
6	0		4550.202223000
6	48		4550.350371000
6	0		4550.350412000
6	280		4550.354592000
6	0		4550.502787000
6	16		4550.504957000
6	0		4550.546219000
17		43	4550.565427000
6	0		4550.565458000
6	1396		4550.565892000
6	1396		4550.638957000
6	52		4550.694394000
6	0		4550.694433000
6	52		4550.694535000
6	84		4550.842734000
6	0		4550.886229000
17		43	4550.939480000
6	0		4550.939511000
6	1396		4550.939915000
6	1396		4551.013013000
17		44	4551.125930000
17		45	4551.313349000
17		599	4551.313378000
17		34	4551.314015000
17		33	4551.314041000
17		39	4551.314236000
17		77	4551.322963000
17		33	4551.323353000
6	0		4551.500403000
17		41	4551.500433000
6	1396		4551.500869000
17		37	4551.501661000
6	1396		4551.573934000
6	1396		4551.720042000
6	1396		4551.866149000
6	0		4551.874406000
6	1396		4552.012219000
17		44	4552.061450000
6	1396		4552.158308000
17		44	4552.248583000
6	0		4552.622330000
6	1396		4552.622804000
6	1396		4552.695856000
17		44	4552.809670000
6	68		4553.071140000
17		44	4553.183090000
6	0		4553.183114000
6	1396		4553.183571000
6	52		4553.246162000
6	0		4553.246203000
6	0		4553.246220000
6	0		4553.247618000
6	0		4553.370256000
6	1396		4553.370713000
6	0		4553.395762000
6	1396		4553.443778000
17		45	4553.557609000
17		45	4553.744719000
17		45	4554.118430000
6	0		4554.118457000
6	1396		4554.118971000
6	1396		4554.192028000
17		45	4554.492514000
6	0		4554.492548000
6	1396		4554.493006000
6	1396		4554.566061000
6	0		4554.865975000
6	1396		4554.866428000
6	1396		4554.939493000
17		45	4555.052819000
6	1396		4555.085585000
6	1396		4555.231705000
17		45	4555.239870000
17		45	4555.614482000
6	0		4555.614516000
6	1396		4555.614951000
6	1396		4555.688015000
17		45	4555.988528000
6	0		4555.988567000
6	1396		4555.989000000
6	1396		4556.062070000
6	0		4556.081631000
6	0		4556.081669000
17		45	4556.175434000
17		45	4556.362555000
17		45	4556.549719000
17		45	4556.735993000
17		45	4556.923574000
17		41	4556.923601000
17		36	4556.924203000
17		44	4557.110013000
17		43	4557.296794000
17		48	4557.484088000
17		37	4557.499076000
17		43	4557.670846000
17		44	4557.858665000
6	0		4557.964946000
6	0		4557.965024000
6	0		4558.004241000
6	12		4558.004485000
6	0		4558.043632000
6	12		4558.043675000
6	0		4558.043688000
6	1		4558.043817000
6	4		4558.043830000
6	32		4558.043839000
6	0		4558.043850000
17		44	4558.044764000
6	0		4558.083067000
6	0		4558.083105000
6	0		4558.083135000
6	0		4558.083149000
17		44	4558.232191000
17		45	4558.419712000
17		45	4558.606672000
17		45	4558.793042000
17		33	4558.978281000
17		45	4558.980426000
17		45	4559.166867000
6	0		4559.306894000
6	0		4559.306944000
17		45	4559.354103000
17		45	4559.541266000
17		42	4559.728687000
17		45	4559.728716000
17		45	4559.914802000
17		45	4560.102035000
17		45	4560.289306000
17		45	4560.476483000
17		1358	4560.478359000
17		45	4560.663046000
17		1358	4560.664765000
17		1358	4560.751989000
17		45	4560.849799000
17		1358	4560.851400000
17		44	4561.036794000
17		1358	4561.038474000
6	0		4561.223897000
6	1396		4561.224331000
6	1396		4561.297403000
6	0		4561.316720000
6	0		4561.409913000
6	1396		4561.443486000
6	0		4561.502846000
6	1396		4561.589609000
6	0		4561.595924000
6	0		4561.689186000
6	1396		4561.735695000
6	0		4561.782050000
6	0		4561.875199000
6	1396		4561.881802000
6	0		4561.968171000
6	1396		4562.027900000
6	0		4562.061171000
6	0		4562.154406000
6	1396		4562.174016000
6	0		4562.247344000
6	1396		4562.320123000
6	0		4562.340440000
6	0		4562.433589000
6	1396		4562.466219000
6	0		4562.525893000
6	0		4562.608447000
6	0		4562.608502000
6	1396		4562.612302000
6	0		4562.619047000
17		44	4562.619074000
17		44	4562.619083000
17		49	4562.619089000
17		44	4562.619094000
17		35	4562.644768000
6	0		4562.712041000
6	1396		4562.758407000
6	0		4562.797724000
6	41		4562.803583000
6	0		4562.804675000
6	0		4562.897865000
6	1396		4562.904511000
6	0		4562.990848000
6	0		4562.992557000
6	21		4563.002885000
6	0		4563.002925000
6	1080		4563.003865000
6	1396		4563.050625000
6	0		4563.083945000
6	0		4563.177121000
6	1396		4563.196718000
6	440		4563.200572000
6	0		4563.242244000
6	0		4563.270047000
6	1396		4563.342818000
6	0		4563.362719000
6	48		4563.431234000
6	0		4563.431274000
6	280		4563.435190000
6	0		4563.456323000
6	1396		4563.488943000
6	0		4563.549260000
6	16		4563.634807000
6	1396		4563.634999000
6	0		4563.642307000
6	0		4563.678210000
6	0		4563.735472000
6	1396		4563.781123000
6	0		4563.827713000
6	52		4563.867302000
6	0		4563.867340000
6	52		4563.867467000
6	0		4563.921555000
6	0		4563.921589000
6	1396		4563.927221000
6	0		4564.013850000
6	84		4564.066163000
6	1396		4564.073319000
6	0		4564.106238000
6	0		4564.107608000
6	0		4564.199831000
6	1396		4564.219446000
6	0		4564.293115000
6	1396		4564.365544000
6	0		4564.386382000
6	0		4564.479461000
6	1396		4564.511625000
6	1396		4564.657762000
6	0		4564.665603000
17		46	4564.665631000
17		48	4564.758082000
17		1358	4564.758967000
6	1396		4564.803852000
17		1358	4564.847003000
17		43	4564.850887000
17		1358	4564.934189000
17		43	4564.944168000
6	1396		4564.949968000
17		1358	4565.020087000
17		43	4565.037484000
6	1396		4565.096035000
17		1358	4565.107179000
17		594	4565.129918000
17		43	4565.129942000
17		37	4565.130905000
17		77	4565.139555000
17		33	4565.139587000
17		1358	4565.193589000
6	1396		4565.242154000
17		1358	4565.279961000
6	0		4565.316078000
17		1358	4565.367149000
6	1396		4565.388239000
17		1358	4565.453649000
6	0		4565.501722000
6	1396		4565.534338000
17		1358	4565.541492000
17		1358	4565.627794000
6	1396		4565.680451000
6	0		4565.687924000
17		1358	4565.714656000
17		1358	4565.801772000
6	1396		4565.826559000
6	0		4565.874201000
6	68		4565.882302000
17		1358	4565.887938000
6	1396		4565.972667000
17		1358	4565.975151000
6	0		4566.060453000
17		1358	4566.061987000
6	52		4566.076546000
6	0		4566.076587000
6	0		4566.076604000
6	0		4566.077933000
6	0		4566.084661000
6	0		4566.084723000
6	1396		4566.118752000
6	0		4566.124573000
6	12		4566.124830000
17		1358	4566.148101000
6	0		4566.164578000
6	12		4566.164612000
6	0		4566.164626000
6	1		4566.164784000
6	4		4566.164800000
6	32		4566.164811000
6	0		4566.164824000
6	0		4566.204528000
6	0		4566.204573000
6	0		4566.204578000
6	0		4566.204607000
6	0		4566.204622000
17		1358	4566.234409000
6	0		4566.245879000
6	1396		4566.264855000
6	0		4566.266775000
17		1358	4566.321308000
6	0		4566.339127000
17		1358	4566.409228000
6	1396		4566.410930000
6	0		4566.431931000
17		1358	4566.495758000
6	0		4566.525068000
6	1396		4566.557076000
17		1358	4566.582140000
6	0		4566.618304000
17		1358	4566.668823000
6	1396		4566.703177000
6	0		4566.710744000
17		1358	4566.755432000
6	0		4566.803767000
17		1358	4566.842276000
6	1396		4566.849278000
6	0		4566.896996000
17		1358	4566.929460000
6	0		4566.989796000
6	1396		4566.995364000
17		1358	4567.015485000
6	0		4567.082818000
17		1358	4567.102336000
6	1396		4567.141469000
6	0		4567.175789000
17		1358	4567.190601000
6	0		4567.269019000
17		1358	4567.276619000
6	1396		4567.287587000
6	0		4567.362322000
17		1358	4567.364004000
6	1396		4567.433685000
17		1358	4567.449810000
17		43	4567.455052000
17		1358	4567.536494000
6	0		4567.548472000
6	1396		4567.579789000
17		1358	4567.605530000
17		43	4567.641214000
17		1358	4567.675731000
6	1396		4567.725896000
17		43	4567.734075000
17		1358	4567.744446000
17		1358	4567.814848000
6	0		4567.826745000
6	1396		4567.871987000
17		1358	4567.883924000
17		43	4567.920225000
17		1358	4567.953170000
6	0		4567.990167000
6	0		4567.990207000
6	0		4568.012730000
6	1396		4568.018060000
17		1358	4568.022194000
17		1358	4568.092125000
17		45	4568.106359000
17		43	4568.106386000
17		41	4568.106393000
17		33	4568.132964000
17		1358	4568.161855000
6	1396		4568.164176000
17		43	4568.199510000
17		1358	4568.231185000
6	0		4568.291718000
17		1358	4568.300014000
6	1396		4568.310274000
17		1358	4568.369849000
17		43	4568.385182000
17		1358	4568.439098000
6	1396		4568.456396000
6	0		4568.478360000
17		1358	4568.508694000
17		43	4568.570733000
17		1358	4568.578525000
6	1396		4568.602504000
17		1321	4568.647909000
6	0		4568.664195000
6	1396		4568.748605000
17		43	4568.757266000
17		43	4568.850204000
6	1396		4568.894693000
6	0		4568.943479000
17		43	4569.036195000
6	1396		4569.040786000
17		43	4569.129196000
6	1396		4569.186916000
6	0		4569.222428000
17		43	4569.315376000
6	1396		4569.332998000
6	0		4569.408062000
6	1396		4569.482982000
17		43	4569.501633000
17		43	4569.594376000
6	1396		4569.633004000
6	0		4569.687323000
17		48	4569.780447000
6	1396		4569.782930000
17		36	4569.794761000
6	0		4569.872705000
6	1396		4569.932939000
17		43	4569.966087000
17		43	4570.059092000
6	1396		4570.082912000
6	0		4570.152654000
6	1396		4570.230258000
17		43	4570.245166000
6	0		4570.337717000
6	1396		4570.377616000
17		43	4570.431586000
17		43	4570.524029000
6	1396		4570.524985000
6	0		4570.617248000
6	1396		4570.672351000
17		43	4570.710364000
17		43	4570.802885000
6	1396		4570.819724000
6	0		4570.896077000
6	1396		4570.967105000
17		43	4570.988978000
6	0		4571.082559000
6	1396		4571.114459000
17		43	4571.174816000
6	1396		4571.261812000
6	0		4571.268033000
17		43	4571.361189000
6	1396		4571.409187000
17		43	4571.454190000
6	0		4571.546701000
6	1396		4571.556546000
17		43	4571.639921000
6	1396		4571.703928000
6	0		4571.733135000
17		43	4571.826565000
6	1396		4571.851288000
17		43	4571.919467000
6	1396		4571.998655000
6	0		4572.011761000
17		43	4572.104971000
17		691	4572.105005000
17		37	4572.106125000
17		75	4572.114344000
17		33	4572.114404000
6	1396		4572.146015000
17		43	4572.198108000
6	0		4572.291772000
6	1396		4572.293364000
17		43	4572.383860000
6	1396		4572.440773000
6	0		4572.476742000
17		43	4572.476779000
17		43	4572.570057000
6	1396		4572.588115000
6	0		4572.616380000
6	0		4572.616449000
6	0		4572.633218000
6	41		4572.638835000
6	0		4572.655095000
6	21		4572.660508000
6	0		4572.660541000
6	1080		4572.661582000
17		48	4572.663151000
17		36	4572.677476000
6	0		4572.677782000
6	440		4572.677884000
6	0		4572.718246000
6	48		4572.734539000
6	0		4572.734582000
6	1396		4572.735470000
6	280		4572.738730000
6	0		4572.755086000
6	0		4572.756513000
6	16		4572.762831000
6	0		4572.806239000
6	52		4572.822658000
6	0		4572.822704000
6	52		4572.822842000
6	84		4572.840453000
17		43	4572.848838000
6	0		4572.882223000
17		43	4572.941960000
17		43	4573.035109000
6	0		4573.128423000
17		43	4573.221443000
17		43	4573.313685000
6	0		4573.407001000
17		43	4573.500497000
17		43	4573.593291000
6	0		4573.685762000
17		43	4573.778744000
6	0		4573.871973000
17		1039	4573.965080000
17		41	4573.965703000
17		156	4573.966498000
17		1353	4573.966631000
17		1358	4573.966636000
17		1358	4573.966640000
17		1358	4573.966643000
17		1358	4573.966646000
17		1358	4573.966649000
17		1358	4573.966652000
17		1358	4573.966657000
17		1358	4573.966661000
6	0		4574.057966000
17		1358	4574.074489000
6	0		4574.150810000
17		1358	4574.180255000
6	0		4574.205208000
6	0		4574.205268000
6	0		4574.244027000
6	0		4574.244055000
6	12		4574.244266000
6	0		4574.283093000
6	12		4574.283125000
6	0		4574.283135000
6	1		4574.283295000
6	4		4574.283314000
6	32		4574.283322000
6	0		4574.283333000
17		1358	4574.287135000
6	0		4574.322054000
6	0		4574.322092000
6	0		4574.322096000
6	0		4574.322162000
6	0		4574.322173000
6	0		4574.322210000
6	0		4574.337427000
17		1358	4574.393810000
6	0		4574.430105000
17		1358	4574.499986000
6	0		4574.523319000
17		1358	4574.606277000
6	0		4574.616565000
6	0		4574.708995000
17		1358	4574.713443000
6	0		4574.801835000
17		1358	4574.819713000
6	0		4574.895032000
17		1358	4574.925933000
6	0		4574.988225000
17		1358	4575.033193000
6	0		4575.081037000
17		644	4575.081063000
17		37	4575.082167000
6	68		4575.086418000
17		77	4575.091560000
17		33	4575.091672000
6	52		4575.102912000
6	0		4575.102953000
6	0		4575.102974000
6	0		4575.104475000
6	0		4575.120710000
17		1358	4575.140369000
6	0		4575.174604000
17		1358	4575.245801000
6	0		4575.267088000
17		1358	4575.353243000
6	0		4575.360280000
6	0		4575.453503000
6	0		4575.453546000
6	0		4575.453555000
6	0		4575.453839000
6	0		4575.453864000
17		1358	4575.459107000
6	0		4575.546237000
17		1358	4575.565608000
6	0		4575.638788000
17		1358	4575.672643000
6	0		4575.731984000
6	1396		4575.732427000
17		1358	4575.779403000
6	0		4575.824725000
6	1396		4575.825144000
17		1358	4575.885825000
6	0		4575.917950000
6	1396		4575.953469000
17		1358	4575.993032000
6	0		4576.010737000
17		1358	4576.098871000
6	1396		4576.100799000
6	0		4576.104494000
17		45	4576.104519000
17		41	4576.104526000
17		33	4576.130844000
6	0		4576.197437000
17		1358	4576.204814000
6	1396		4576.248182000
6	0		4576.290454000
17		1358	4576.312682000
6	1396		4576.395563000
17		1358	4576.418652000
6	0		4576.476219000
17		1358	4576.524859000
6	1396		4576.542932000
17		49	4576.569520000
17		35	4576.583721000
17		1358	4576.632733000
17		43	4576.662454000
6	0		4576.662488000
6	1396		4576.690321000
17		43	4576.755100000
17		1358	4576.809331000
6	1396		4576.837662000
17		43	4576.848476000
17		43	4576.940820000
6	1396		4576.985043000
17		1358	4576.987214000
17		43	4577.034083000
17		43	4577.127552000
17		1358	4577.163800000
17		43	4577.220651000
17		43	4577.313164000
17		1358	4577.341941000
17		43	4577.406372000
6	0		4577.416131000
6	0		4577.416196000
17		43	4577.499446000
17		1358	4577.518917000
6	0		4577.561447000
6	41		4577.567305000
17		43	4577.592431000
17		43	4577.685238000
17		1358	4577.697163000
6	0		4577.712266000
6	21		4577.712300000
6	0		4577.712310000
6	1080		4577.713373000
17		43	4577.778296000
6	440		4577.859429000
17		43	4577.871405000
17		1358	4577.873099000
6	0		4577.902226000
17		43	4577.963696000
6	48		4578.047093000
6	0		4578.047131000
6	280		4578.051545000
17		1358	4578.052212000
17		43	4578.057318000
17		45	4578.150451000
17		43	4578.150476000
17		41	4578.150483000
17		33	4578.176772000
6	16		4578.202001000
17		1358	4578.230738000
6	0		4578.242222000
17		43	4578.243544000
17		43	4578.335950000
6	52		4578.387160000
6	0		4578.387197000
6	52		4578.387285000
17		1358	4578.407891000
17		48	4578.429249000
17		35	4578.443264000
17		43	4578.522059000
6	84		4578.532175000
6	0		4578.574218000
17		1358	4578.585750000
17		43	4578.615515000
17		43	4578.708032000
17		1358	4578.762760000
6	0		4578.800822000
6	1396		4578.801294000
6	1396		4578.874982000
17		43	4578.894057000
17		1358	4578.940651000
6	0		4578.986821000
6	1396		4579.022348000
17		43	4579.080013000
17		1358	4579.118456000
6	1396		4579.169735000
6	0		4579.172825000
17		43	4579.266058000
17		1358	4579.295539000
6	1396		4579.317084000
17		43	4579.359134000
17		1358	4579.428965000
6	0		4579.452250000
17		43	4579.452272000
6	1396		4579.464459000
6	0		4579.545466000
17		1358	4579.562598000
6	1396		4579.611818000
17		43	4579.637884000
17		1358	4579.695566000
6	0		4579.731394000
6	1396		4579.759171000
17		43	4579.823786000
17		1358	4579.829484000
6	1396		4579.906564000
17		43	4579.916951000
17		1358	4579.962234000
6	0		4580.010191000
6	1396		4580.053936000
17		1358	4580.094579000
17		43	4580.102954000
6	0		4580.196162000
6	1396		4580.201282000
17		1358	4580.227830000
17		43	4580.289016000
17		1358	4580.332081000
6	1396		4580.348666000
6	0		4580.382155000
17		1358	4580.436123000
6	0		4580.475379000
6	1396		4580.496015000
17		1358	4580.540687000
17		43	4580.568521000
6	68		4580.604421000
17		1358	4580.643270000
6	1396		4580.643348000
17		43	4580.662033000
17		1358	4580.747987000
6	52		4580.751189000
6	0		4580.751230000
6	0		4580.751256000
6	0		4580.752462000
17		43	4580.753887000
6	1396		4580.790760000
17		43	4580.846676000
17		1358	4580.851615000
6	0		4580.897300000
6	1396		4580.938159000
17		43	4580.940107000
17		1358	4580.955575000
17		43	4581.033076000
17		1358	4581.059226000
6	1396		4581.085495000
17		48	4581.126067000
17		35	4581.140416000
17		1358	4581.164040000
17		43	4581.218957000
6	1396		4581.232841000
17		1358	4581.267089000
17		43	4581.312289000
17		1358	4581.372088000
6	1396		4581.380213000
17		43	4581.405459000
17		1358	4581.475648000
6	0		4581.497638000
6	1396		4581.527574000
17		1358	4581.579689000
6	0		4581.591240000
6	1396		4581.674960000
17		43	4581.683976000
17		1358	4581.684061000
6	0		4581.777316000
17		1358	4581.787716000
6	1396		4581.822312000
17		43	4581.870256000
17		1358	4581.892221000
6	0		4581.962698000
6	1396		4581.969679000
17		1358	4581.994877000
17		43	4582.056147000
17		1358	4582.099764000
6	1396		4582.117050000
6	0		4582.149294000
17		1358	4582.202797000
17		43	4582.242114000
6	1396		4582.264414000
17		1358	4582.307337000
6	0		4582.324065000
6	0		4582.324125000
6	0		4582.335595000
17		43	4582.335630000
6	0		4582.363351000
6	12		4582.363603000
6	0		4582.402652000
6	12		4582.402792000
6	0		4582.402805000
6	1		4582.402997000
6	4		4582.403016000
6	32		4582.403025000
6	0		4582.403037000
17		1358	4582.411353000
6	1396		4582.411749000
6	0		4582.427909000
6	0		4582.441962000
6	0		4582.441993000
6	0		4582.441997000
6	0		4582.442099000
6	0		4582.442115000
6	0		4582.442190000
17		1358	4582.515140000
17		43	4582.521137000
6	1396		4582.559150000
6	0		4582.613892000
17		1358	4582.619042000
6	1396		4582.706526000
17		43	4582.706709000
17		1358	4582.722624000
6	0		4582.799915000
17		1358	4582.826267000
6	1396		4582.853888000
17		43	4582.893069000
17		1358	4582.931225000
6	0		4582.986352000
6	1396		4583.001255000
17		1358	4583.034389000
17		43	4583.079598000
17		1358	4583.138561000
6	1396		4583.148641000
6	0		4583.171898000
17		1358	4583.241869000
17		43	4583.265223000
6	1396		4583.295969000
17		1358	4583.346489000
17		43	4583.357767000
6	1396		4583.443345000
17		1358	4583.449886000
6	0		4583.450930000
17		43	4583.544284000
17		1358	4583.554111000
6	1396		4583.590764000
6	0		4583.637455000
17		1358	4583.658094000
17		43	4583.730265000
6	1396		4583.738078000
17		1358	4583.762339000
6	0		4583.823564000
17		1358	4583.865812000
6	1396		4583.885453000
17		43	4583.915795000
17		1358	4583.970309000
6	0		4584.008993000
6	1396		4584.032837000
17		1358	4584.073550000
17		43	4584.101918000
17		1358	4584.178145000
6	1396		4584.180202000
6	0		4584.195120000
17		1358	4584.282116000
17		43	4584.288464000
6	1396		4584.327533000
17		48	4584.381330000
17		1358	4584.385636000
6	0		4584.474592000
6	1396		4584.474895000
17		1358	4584.489245000
17		43	4584.567024000
17		1358	4584.593588000
6	1396		4584.622284000
6	0		4584.660438000
17		1358	4584.697118000
17		43	4584.753507000
6	1396		4584.769662000
17		1358	4584.801684000
17		43	4584.846360000
17		1358	4584.905079000
6	1396		4584.917026000
17		1358	4585.009804000
17		43	4585.032397000
6	0		4585.032424000
6	1396		4585.064360000
17		1358	4585.112599000
17		755	4585.125324000
17		37	4585.126351000
17		77	4585.134558000
17		33	4585.135261000
6	1396		4585.211746000
17		1358	4585.216962000
17		43	4585.217936000
6	0		4585.311192000
17		43	4585.311219000
17		1358	4585.320484000
6	1396		4585.359097000
17		43	4585.404256000
17		1358	4585.425493000
6	1396		4585.506468000
17		1358	4585.528700000
17		43	4585.590026000
17		1358	4585.632834000
6	1396		4585.653852000
6	0		4585.683198000
17		1358	4585.736550000
17		43	4585.776094000
6	1396		4585.801209000
17		1358	4585.841202000
17		43	4585.868697000
17		1358	4585.945868000
6	1396		4585.948563000
17		1358	4586.048898000
17		43	4586.054876000
6	1396		4586.095971000
6	0		4586.148399000
17		1358	4586.152903000
17		43	4586.241214000
6	1396		4586.243303000
17		1358	4586.256537000
17		43	4586.334274000
17		1358	4586.360817000
6	1396		4586.390682000
17		1358	4586.464324000
17		43	4586.519841000
6	1396		4586.538033000
17		1358	4586.568602000
6	0		4586.613618000
17		43	4586.613644000
6	1396		4586.685416000
17		43	4586.798714000
6	1396		4586.832779000
17		43	4586.891803000
6	0		4586.985667000
17		43	4587.078393000
6	0		4587.192984000
6	0		4587.193038000
17		43	4587.263772000
17		48	4587.356835000
17		35	4587.370566000
6	0		4587.450300000
6	0		4587.494153000
6	41		4587.499736000
17		43	4587.543007000
17		43	4587.729284000
6	0		4587.798808000
6	21		4587.798846000
6	0		4587.798861000
6	1080		4587.799798000
6	0		4587.822567000
17		43	4587.915587000
6	0		4587.979623000
6	0		4587.979678000
17		43	4588.007757000
6	0		4588.027493000
6	0		4588.099610000
6	440		4588.099647000
17		43	4588.101035000
6	0		4588.142231000
6	0		4588.194339000
17		43	4588.287313000
17		43	4588.380462000
6	48		4588.442439000
6	0		4588.442482000
6	280		4588.446973000
17		43	4588.565866000
6	0		4588.659571000
6	0		4588.746472000
17		43	4588.752222000
6	16		4588.757257000
6	0		4588.798219000
17		43	4588.845306000
17		43	4589.030853000
6	52		4589.097835000
6	0		4589.097878000
6	52		4589.097972000
6	0		4589.124040000
17		43	4589.217258000
6	84		4589.397777000
17		43	4589.403368000
6	0		4589.438218000
6	0		4589.495708000
17		43	4589.495734000
17		43	4589.588797000
17		43	4589.775270000
17		43	4589.868284000
6	0		4589.961608000
17		43	4590.054602000
17		45	4590.239928000
17		43	4590.239965000
17		41	4590.239974000
17		33	4590.266075000
6	0		4590.333408000
17		48	4590.426260000
17		35	4590.440337000
17		43	4590.519563000
17		43	4590.704813000
6	0		4590.798231000
6	1396		4590.798702000
17		43	4590.891350000
6	68		4590.978948000
17		43	4590.984080000
17		43	4591.077313000
6	0		4591.170533000
6	1396		4591.170981000
6	1396		4591.244665000
17		43	4591.263503000
6	52		4591.278624000
6	0		4591.278663000
6	0		4591.279722000
6	0		4591.280363000
17		43	4591.355923000
6	0		4591.454948000
6	0		4591.454999000
17		43	4591.542196000
6	0		4591.581005000
6	0		4591.635645000
6	1396		4591.636091000
6	1396		4591.709778000
17		43	4591.727682000
17		1267	4591.729348000
6	1396		4591.857177000
17		43	4591.914609000
6	1396		4592.004529000
17		43	4592.006900000
6	0		4592.100121000
6	1396		4592.151886000
17		43	4592.193087000
6	1396		4592.299233000
17		43	4592.379369000
6	1396		4592.446629000
6	0		4592.471728000
17		1353	4592.565152000
17		80	4592.565175000
17		37	4592.566250000
17		115	4592.578133000
17		222	4592.578450000
6	1396		4592.593979000
6	0		4592.658397000
6	1396		4592.741363000
6	0		4592.844073000
17		1030	4592.844100000
17		41	4592.844704000
17		1358	4592.848223000
6	1396		4592.888712000
17		1358	4592.953948000
6	0		4593.030555000
17		43	4593.030579000
6	1396		4593.036070000
17		1358	4593.057087000
6	1396		4593.153994000
17		1358	4593.161055000
6	0		4593.216559000
17		1358	4593.264700000
6	1396		4593.271855000
17		1358	4593.369216000
6	1396		4593.389767000
6	0		4593.402524000
17		1358	4593.472421000
17		45	4593.494969000
17		41	4593.494992000
6	1396		4593.507680000
17		33	4593.520825000
17		1358	4593.577553000
6	0		4593.588257000
6	1396		4593.625547000
17		1358	4593.680724000
17		43	4593.680853000
6	1396		4593.743448000
17		49	4593.773792000
17		1358	4593.785195000
6	1396		4593.861346000
6	0		4593.867009000
17		1358	4593.888414000
17		43	4593.960167000
6	1396		4593.979244000
17		1358	4593.992515000
17		1358	4594.096125000
6	1396		4594.097110000
17		43	4594.146022000
17		1358	4594.201046000
6	1396		4594.215032000
6	0		4594.239702000
17		1358	4594.304271000
17		43	4594.332603000
17		1358	4594.408255000
6	1396		4594.411526000
17		43	4594.424729000
17		1358	4594.511714000
6	0		4594.518259000
6	1396		4594.608070000
17		43	4594.611143000
17		1358	4594.616504000
17		1358	4594.719428000
17		43	4594.796791000
6	1396		4594.804565000
17		1358	4594.823766000
6	0		4594.890023000
17		1358	4594.928020000
17		43	4594.983148000
6	1396		4595.001078000
17		1358	4595.032139000
17		636	4595.075799000
17		37	4595.077182000
17		77	4595.085563000
17		33	4595.085605000
17		1358	4595.135040000
6	0		4595.168948000
17		43	4595.168992000
6	1396		4595.197594000
17		1358	4595.239565000
17		43	4595.262626000
17		1358	4595.343007000
6	1396		4595.394088000
17		1358	4595.447823000
17		43	4595.448021000
6	0		4595.541255000
6	1396		4595.541473000
17		1358	4595.551610000
17		43	4595.634268000
17		1358	4595.655380000
6	1396		4595.688826000
17		43	4595.727349000
17		1358	4595.758853000
6	1396		4595.836195000
17		1358	4595.863824000
17		43	4595.913184000
17		1358	4595.966934000
6	1396		4595.983564000
6	0		4596.006533000
17		1358	4596.070800000
17		43	4596.099010000
6	1396		4596.130956000
17		1358	4596.175097000
17		43	4596.192218000
6	1396		4596.278300000
17		1358	4596.279600000
17		43	4596.378155000
17		1358	4596.382762000
6	1396		4596.425663000
6	0		4596.471392000
17		1358	4596.487555000
17		43	4596.564166000
6	1396		4596.573052000
17		1358	4596.591116000
17		1358	4596.694457000
6	1396		4596.720399000
17		43	4596.750511000
17		1358	4596.798765000
17		43	4596.842780000
6	1396		4596.867759000
17		1358	4596.902440000
6	0		4596.936385000
17		1358	4597.006730000
6	1396		4597.015124000
17		45	4597.029683000
17		48	4597.029715000
17		41	4597.029723000
17		35	4597.043345000
17		33	4597.055585000
17		1358	4597.110509000
17		43	4597.122360000
6	1396		4597.162494000
17		1358	4597.215426000
17		43	4597.307748000
17		1358	4597.318043000
17		43	4597.400819000
17		1358	4597.422642000
6	0		4597.494549000
6	1396		4597.495007000
17		1358	4597.526489000
6	1396		4597.568699000
17		43	4597.587020000
17		1358	4597.630367000
17		1358	4597.734498000
17		43	4597.772782000
17		1358	4597.838677000
17		43	4597.865905000
17		1358	4597.921820000
6	0		4597.959400000
6	1396		4597.959887000
17		1358	4598.003966000
6	1396		4598.033558000
17		43	4598.052587000
17		1358	4598.086951000
17		43	4598.145570000
17		1358	4598.170065000
17		43	4598.238386000
17		1358	4598.254501000
6	0		4598.331597000
6	1396		4598.332035000
17		1358	4598.337611000
6	1396		4598.405713000
17		1358	4598.420011000
17		43	4598.423806000
6	0		4598.445376000
6	0		4598.445447000
6	0		4598.485733000
6	12		4598.485968000
17		1358	4598.503478000
6	0		4598.525698000
6	12		4598.525743000
6	0		4598.525757000
6	1		4598.525946000
6	4		4598.525964000
6	32		4598.525975000
6	0		4598.525988000
6	0		4598.565637000
6	0		4598.565672000
6	0		4598.565676000
6	0		4598.565765000
6	0		4598.565775000
6	0		4598.565909000
17		1358	4598.586657000
17		43	4598.609848000
17		1358	4598.670220000
6	0		4598.703154000
6	1396		4598.703635000
6	1396		4598.777372000
17		43	4598.795679000
17		1358	4598.809450000
17		43	4598.888796000
17		1358	4598.948582000
17		43	4599.074949000
17		1358	4599.088296000
6	0		4599.168259000
17		43	4599.260712000
17		1358	4599.261318000
17		43	4599.353918000
17		1358	4599.401121000
17		43	4599.540445000
17		1358	4599.542045000
6	0		4599.633014000
17		43	4599.633043000
17		1358	4599.646552000
17		43	4599.725827000
17		1358	4599.751020000
17		48	4599.912345000
17		1358	4599.914281000
6	0		4600.004715000
17		47	4600.098093000
17		1358	4600.099622000
17		43	4600.190865000
17		1358	4600.204710000
17		43	4600.284051000
17		1358	4600.309113000
17		43	4600.470131000
17		1358	4600.471783000
6	0		4600.563376000
17		43	4600.656456000
17		1358	4600.657681000
17		43	4600.749688000
17		1358	4600.762151000
17		43	4600.842416000
17		1358	4600.866531000
17		43	4600.934845000
17		1358	4600.971425000
17		43	4601.027825000
17		1358	4601.076572000
6	0		4601.121051000
17		43	4601.213944000
17		1358	4601.215118000
17		43	4601.307034000
17		1358	4601.320230000
17		43	4601.400495000
17		1358	4601.425421000
17		43	4601.585766000
17		1358	4601.587288000
6	0		4601.679168000
6	1396		4601.679622000
6	1396		4601.753312000
17		43	4601.772586000
17		1358	4601.774209000
17		43	4601.865528000
17		1358	4601.878972000
17		43	4601.958534000
17		1358	4601.984163000
17		43	4602.051461000
6	0		4602.055154000
6	0		4602.055207000
17		1358	4602.088764000
6	0		4602.237251000
6	1396		4602.237691000
6	1396		4602.311408000
17		43	4602.330243000
17		1358	4602.331876000
17		43	4602.422882000
17		1358	4602.436299000
17		43	4602.516371000
17		1358	4602.540378000
17		48	4602.608719000
17		35	4602.622823000
17		1358	4602.643841000
17		43	4602.701742000
17		1358	4602.748432000
17		43	4602.795304000
17		1358	4602.852132000
17		43	4602.887866000
17		1358	4602.956779000
17		43	4602.981091000
17		767	4602.981112000
17		37	4602.982106000
17		108	4602.996440000
17		286	4602.996507000
17		1358	4603.060439000
17		43	4603.074227000
17		1358	4603.164449000
17		43	4603.166841000
17		43	4603.259896000
17		1358	4603.268723000
17		43	4603.353008000
17		1358	4603.371793000
17		43	4603.446074000
17		1358	4603.476319000
17		43	4603.539220000
17		1358	4603.580208000
17		43	4603.631941000
17		1358	4603.684129000
17		43	4603.724795000
17		43	4603.818366000
17		43	4603.911563000
17		43	4604.004577000
17		43	4604.096895000
6	0		4604.190270000
6	1396		4604.190686000
6	1396		4604.264378000
6	0		4604.283488000
17		43	4604.375660000
6	1396		4604.411735000
17		43	4604.468692000
6	1396		4604.559109000
17		43	4604.562289000
6	0		4604.655547000
6	1396		4604.706486000
6	0		4604.747883000
17		48	4604.841048000
6	1396		4604.853897000
17		35	4604.855262000
17		43	4604.934544000
6	1396		4605.001229000
17		43	4605.027588000
17		43	4605.120424000
6	1396		4605.148586000
17		43	4605.212797000
6	1396		4605.295945000
17		43	4605.305759000
17		45	4605.399284000
17		43	4605.399314000
17		41	4605.399321000
17		33	4605.424957000
6	1396		4605.443303000
17		43	4605.492343000
17		43	4605.585693000
6	1396		4605.590680000
17		43	4605.677717000
17		1358	4605.679282000
6	1396		4605.738047000
17		43	4605.770910000
17		1358	4605.772651000
17		43	4605.864531000
17		1358	4605.877764000
6	1396		4605.885414000
17		43	4605.957169000
17		1358	4605.982908000
6	1396		4606.032800000
17		43	4606.049928000
17		1358	4606.087037000
6	0		4606.143252000
6	1396		4606.180141000
6	0		4606.236460000
6	1396		4606.327491000
6	0		4606.328933000
6	0		4606.328960000
6	0		4606.422066000
6	1396		4606.474863000
6	0		4606.515272000
6	0		4606.608479000
6	1396		4606.622246000
6	0		4606.700699000
6	1396		4606.769601000
6	0		4606.793742000
6	0		4606.887030000
6	1396		4606.917025000
6	0		4606.980289000
6	1396		4607.064355000
17		43	4607.073445000
17		1358	4607.075026000
6	0		4607.165839000
17		1358	4607.180116000
6	1396		4607.211691000
17		43	4607.259446000
17		1358	4607.284007000
17		43	4607.351956000
6	1396		4607.359081000
17		1358	4607.387214000
6	0		4607.445450000
17		1358	4607.491737000
6	1396		4607.506454000
17		43	4607.537794000
17		182	4607.595077000
6	0		4607.631028000
6	1396		4607.653810000
17		43	4607.724210000
6	1396		4607.801211000
6	0		4607.817472000
6	0		4607.909679000
6	1396		4607.948555000
6	0		4608.003402000
6	1396		4608.095912000
6	0		4608.096438000
6	1396		4608.243280000
6	0		4608.282540000
17		43	4608.374871000
6	1396		4608.390637000
17		48	4608.467993000
17		35	4608.481810000
6	1396		4608.534267000
6	0		4608.561188000
17		43	4608.654659000
6	1396		4608.677884000
6	1396		4608.821531000
17		43	4608.839777000
17		1118	4608.839808000
17		34	4608.840468000
17		1358	4608.841156000
6	0		4608.932745000
17		43	4608.932774000
17		1358	4608.945983000
6	1396		4608.965146000
17		43	4609.026488000
17		1358	4609.050101000
6	1396		4609.108742000
6	0		4609.118723000
17		1358	4609.154215000
6	1396		4609.252377000
17		1358	4609.258616000
6	0		4609.304760000
17		1358	4609.361865000
6	1396		4609.396015000
6	0		4609.407849000
6	0		4609.407913000
17		1358	4609.466292000
6	0		4609.491475000
6	0		4609.492285000
6	41		4609.499864000
6	1396		4609.539617000
17		1358	4609.569999000
6	0		4609.583969000
6	21		4609.584009000
6	0		4609.584022000
6	1080		4609.585192000
6	0		4609.669291000
6	440		4609.669336000
17		1358	4609.674022000
6	0		4609.677311000
6	1396		4609.683275000
6	0		4609.710236000
17		1358	4609.777102000
6	48		4609.794393000
6	0		4609.794437000
6	280		4609.798730000
6	1396		4609.826857000
6	0		4609.863688000
17		1358	4609.881694000
6	0		4609.882805000
6	16		4609.884560000
6	0		4609.926222000
17		49	4609.955932000
17		35	4609.970010000
6	1396		4609.970490000
17		1358	4609.985247000
6	52		4610.010300000
6	0		4610.010344000
6	52		4610.010497000
17		43	4610.049599000
17		1358	4610.089406000
6	100		4610.094614000
6	1396		4610.114145000
6	0		4610.138226000
17		1358	4610.193650000
17		43	4610.234708000
6	1396		4610.257722000
17		1358	4610.297386000
6	0		4610.328727000
6	1396		4610.394414000
17		1358	4610.400729000
17		43	4610.421531000
17		1358	4610.505523000
17		43	4610.513723000
6	1396		4610.531065000
17		43	4610.607202000
17		1358	4610.608831000
6	1396		4610.667767000
6	0		4610.700018000
17		1358	4610.712967000
6	1396		4610.777083000
17		43	4610.793515000
17		1358	4610.816898000
6	1396		4610.886409000
17		1358	4610.920911000
17		43	4610.979632000
6	1396		4610.995784000
17		1358	4611.024695000
17		43	4611.072114000
6	1396		4611.104280000
17		1358	4611.128691000
6	0		4611.165340000
6	1396		4611.212678000
17		1358	4611.232177000
17		43	4611.258213000
6	1396		4611.321145000
17		1358	4611.336451000
6	1396		4611.429622000
17		1358	4611.440108000
17		43	4611.443910000
6	0		4611.537551000
6	1396		4611.538041000
17		1358	4611.544373000
6	68		4611.560489000
17		43	4611.629891000
6	1396		4611.646528000
17		1358	4611.648239000
6	52		4611.651499000
6	0		4611.651548000
6	0		4611.651575000
6	0		4611.652908000
17		43	4611.722912000
6	0		4611.737210000
6	1396		4611.755027000
17		1358	4611.761797000
17		1358	4611.876015000
17		43	4611.909370000
6	1396		4611.935793000
17		1358	4611.988389000
6	0		4612.002615000
17		43	4612.002640000
17		1358	4612.101948000
6	1396		4612.116553000
17		43	4612.188006000
17		1358	4612.215310000
17		43	4612.281620000
6	1396		4612.297336000
17		1358	4612.328328000
6	0		4612.373972000
17		1358	4612.441278000
17		43	4612.466761000
6	1396		4612.478114000
17		1358	4612.554694000
17		43	4612.653142000
6	1396		4612.658891000
17		1358	4612.667931000
6	0		4612.746390000
17		1358	4612.781688000
17		43	4612.839342000
6	1396		4612.839659000
17		1358	4612.894248000
6	1396		4612.975243000
17		1358	4613.007612000
17		48	4613.024925000
17		35	4613.038414000
6	0		4613.118144000
6	1396		4613.118620000
17		1332	4613.121063000
17		43	4613.210886000
6	1396		4613.246421000
6	0		4613.397026000
17		43	4613.397069000
6	1396		4613.397498000
17		43	4613.490411000
6	1396		4613.517587000
17		43	4613.676127000
6	0		4613.769473000
6	1396		4613.769936000
6	1396		4613.837722000
17		43	4613.862593000
17		43	4614.048224000
6	0		4614.141600000
17		741	4614.141627000
6	1396		4614.142067000
17		38	4614.143214000
17		75	4614.154408000
17		33	4614.154446000
6	1396		4614.209878000
17		43	4614.234543000
17		43	4614.420352000
17		43	4614.513125000
6	0		4614.567017000
6	0		4614.567081000
6	0		4614.606260000
6	0		4614.606298000
6	12		4614.606683000
6	1396		4614.606703000
6	0		4614.645726000
6	12		4614.645779000
6	0		4614.645793000
6	1		4614.645983000
6	4		4614.646002000
6	32		4614.646014000
6	0		4614.646028000
6	1396		4614.674489000
6	0		4614.684818000
6	0		4614.684855000
6	0		4614.684860000
6	0		4614.684863000
6	0		4614.684875000
17		43	4614.699476000
17		43	4614.792390000
17		43	4614.885257000
6	0		4614.978470000
6	0		4614.978489000
6	0		4614.978515000
17		43	4615.071576000
17		43	4615.163726000
17		43	4615.350143000
6	0		4615.443526000
17		43	4615.536548000
17		43	4615.628694000
17		43	4615.815163000
6	0		4615.908503000
17		43	4616.001598000
17		1119	4616.094269000
17		41	4616.094866000
17		1358	4616.098006000
17		43	4616.187246000
17		1358	4616.188730000
17		1358	4616.280235000
6	0		4616.280435000
6	0		4616.369759000
6	0		4616.369805000
17		1358	4616.370479000
17		1358	4616.461300000
6	0		4616.466002000
17		1358	4616.551670000
6	0		4616.558727000
6	0		4616.591236000
6	0		4616.591293000
6	0		4616.631852000
6	22		4616.632273000
6	0		4616.632295000
6	41		4616.637488000
17		1358	4616.642660000
17		41	4616.652415000
6	0		4616.673684000
6	1080		4616.673725000
6	976		4616.674170000
6	0		4616.714990000
6	0		4616.718231000
17		1358	4616.733054000
17		46	4616.745384000
17		41	4616.745405000
6	0		4616.745413000
6	1396		4616.745917000
6	48		4616.758775000
6	0		4616.758811000
6	388		4616.764353000
17		33	4616.771391000
6	0		4616.806346000
6	16		4616.806380000
17		1358	4616.823711000
6	0		4616.838269000
6	1396		4616.838736000
6	0		4616.850235000
6	52		4616.886032000
6	0		4616.886078000
6	52		4616.886217000
17		1358	4616.913835000
6	0		4616.921850000
6	68		4616.921899000
6	52		4616.922614000
17		43	4616.931165000
6	1396		4616.949268000
6	84		4616.963247000
17		1358	4617.005419000
6	0		4617.006218000
17		49	4617.024216000
17		35	4617.038258000
6	0		4617.116920000
17		43	4617.116954000
6	1396		4617.117369000
17		1358	4617.156416000
17		43	4617.210519000
17		43	4617.303577000
17		1358	4617.307247000
17		43	4617.396089000
17		1358	4617.458491000
17		43	4617.489626000
17		43	4617.581959000
17		1358	4617.609172000
17		43	4617.675088000
17		1358	4617.722143000
6	0		4617.767941000
6	1396		4617.768414000
17		1358	4617.835802000
6	1396		4617.836171000
17		43	4617.861415000
17		1358	4617.949042000
6	0		4617.954756000
6	1396		4617.971771000
17		43	4618.047141000
17		1358	4618.062046000
6	1396		4618.107323000
6	0		4618.140374000
17		1358	4618.175982000
17		43	4618.233347000
6	1396		4618.242903000
17		1358	4618.288590000
6	0		4618.326571000
17		43	4618.326596000
6	1396		4618.378482000
17		1358	4618.402605000
17		43	4618.418939000
17		43	4618.512024000
6	1396		4618.514052000
17		1358	4618.515284000
6	52		4618.586783000
17		43	4618.605125000
17		1358	4618.628898000
6	52		4618.632523000
6	0		4618.632570000
6	0		4618.632590000
6	0		4618.634007000
6	1396		4618.649644000
6	0		4618.677415000
17		43	4618.697672000
17		1358	4618.741914000
6	1396		4618.785207000
6	0		4618.791343000
17		1358	4618.855883000
17		43	4618.884229000
6	1396		4618.920793000
17		1358	4618.968726000
6	0		4618.977499000
6	1396		4619.056362000
17		43	4619.069720000
17		1358	4619.082644000
6	0		4619.162936000
6	1396		4619.191930000
17		1358	4619.194527000
17		43	4619.255903000
17		1358	4619.308390000
6	1396		4619.327508000
6	0		4619.349244000
17		1358	4619.421820000
17		43	4619.445133000
6	1396		4619.463096000
17		1358	4619.535557000
6	0		4619.535761000
6	1396		4619.598663000
17		48	4619.628026000
17		35	4619.641867000
17		1358	4619.647810000
6	0		4619.721224000
17		43	4619.721253000
6	1396		4619.734222000
17		1358	4619.761777000
6	0		4619.814581000
6	1396		4619.869815000
17		1358	4619.875100000
17		43	4619.907303000
17		1358	4619.987922000
17		43	4620.000278000
6	1396		4620.005388000
6	0		4620.093450000
17		1358	4620.102442000
6	1396		4620.140934000
17		43	4620.185732000
17		1358	4620.214791000
6	1396		4620.276526000
6	0		4620.279588000
17		1358	4620.327916000
17		43	4620.371874000
6	1396		4620.412097000
17		1358	4620.440959000
6	0		4620.465783000
6	1396		4620.547679000
17		1358	4620.554377000
17		43	4620.557733000
6	0		4620.650943000
17		1358	4620.667371000
6	1396		4620.683240000
17		43	4620.744089000
17		1358	4620.781257000
6	1396		4620.818823000
6	0		4620.836853000
17		1358	4620.893998000
17		43	4620.930076000
6	1396		4620.954407000
17		1358	4621.008351000
17		43	4621.023327000
6	1396		4621.089981000
17		43	4621.116569000
6	0		4621.116611000
17		1358	4621.120848000
6	0		4621.209602000
6	1396		4621.225539000
17		1358	4621.234078000
17		43	4621.302318000
17		1358	4621.346980000
6	1396		4621.361089000
17		43	4621.426439000
17		1358	4621.461323000
6	0		4621.487703000
6	1396		4621.496700000
17		43	4621.549735000
17		744	4621.574438000
6	1396		4621.632252000
17		43	4621.673894000
17		43	4621.735823000
6	1396		4621.767826000
6	0		4621.798036000
17		43	4621.860215000
6	1396		4621.903416000
17		43	4621.984031000
6	1396		4622.038990000
6	0		4622.046239000
17		43	4622.108475000
17		43	4622.170625000
6	1396		4622.174539000
6	0		4622.231829000
17		48	4622.293838000
17		35	4622.307787000
6	1396		4622.310105000
17		43	4622.356289000
6	1396		4622.445696000
17		43	4622.480088000
6	0		4622.542274000
6	1396		4622.581271000
17		43	4622.604106000
6	0		4622.686642000
6	0		4622.686711000
6	1396		4622.716852000
6	0		4622.725699000
6	12		4622.725891000
17		43	4622.727639000
6	0		4622.764959000
6	12		4622.765039000
6	0		4622.765054000
6	1		4622.765257000
6	4		4622.765280000
6	32		4622.765288000
6	0		4622.765298000
6	0		4622.790304000
6	0		4622.804179000
6	0		4622.804283000
6	0		4622.804310000
6	0		4622.804316000
6	0		4622.804328000
17		43	4622.852226000
6	1396		4622.852395000
17		43	4622.976452000
6	1396		4622.987983000
17		43	4623.037639000
6	0		4623.100467000
17		43	4623.161626000
17		1128	4623.223875000
17		41	4623.224475000
17		157	4623.225498000
17		1353	4623.225522000
17		1358	4623.225526000
17		1358	4623.225529000
17		1358	4623.225533000
17		1358	4623.225536000
17		1358	4623.225539000
17		1358	4623.225543000
17		1358	4623.225545000
17		1358	4623.225549000
6	0		4623.286068000
17		1358	4623.317216000
17		1358	4623.407515000
6	0		4623.410376000
6	0		4623.410396000
6	0		4623.410403000
6	0		4623.410643000
6	0		4623.410657000
17		1358	4623.498068000
6	0		4623.534098000
17		1358	4623.589122000
6	0		4623.658552000
6	1396		4623.659045000
17		1358	4623.678789000
17		1358	4623.769501000
6	0		4623.782201000
6	1396		4623.782646000
6	1396		4623.851604000
17		1358	4623.860855000
6	0		4623.906384000
17		49	4623.906411000
17		35	4623.920225000
17		1358	4623.951033000
17		43	4623.968459000
6	1396		4623.980002000
17		43	4624.030262000
17		43	4624.092304000
17		1358	4624.102711000
17		43	4624.154600000
17		43	4624.215885000
17		1358	4624.253551000
17		43	4624.278256000
17		43	4624.340557000
17		43	4624.402002000
17		1358	4624.403523000
17		43	4624.464123000
17		43	4624.525757000
17		1358	4624.555209000
17		43	4624.587956000
17		43	4624.650421000
17		1358	4624.704941000
17		43	4624.774037000
17		1358	4624.814843000
6	0		4624.836288000
17		43	4624.836317000
6	1396		4624.836741000
6	1396		4624.900942000
17		1358	4624.923451000
6	0		4624.960291000
17		43	4624.960317000
17		43	4625.021740000
17		1358	4625.029329000
6	1396		4625.029369000
17		785	4625.083913000
17		38	4625.085595000
17		78	4625.094504000
17		34	4625.094581000
17		1358	4625.094957000
17		43	4625.146239000
6	1396		4625.157747000
17		1358	4625.161471000
17		43	4625.208348000
17		1358	4625.226240000
17		43	4625.270477000
6	0		4625.270513000
6	1396		4625.286110000
17		1358	4625.292066000
17		48	4625.332480000
17		35	4625.346873000
17		1358	4625.357632000
17		43	4625.394409000
6	1396		4625.414500000
17		1358	4625.422924000
17		43	4625.455936000
17		1358	4625.489183000
6	1396		4625.542909000
17		1358	4625.554335000
6	0		4625.580045000
17		1358	4625.620490000
17		43	4625.642584000
6	1396		4625.671309000
17		1358	4625.686092000
17		43	4625.703758000
17		1358	4625.750792000
17		46	4625.766044000
17		1358	4625.766084000
17		1358	4625.774987000
17		630	4625.775030000
17		33	4625.792275000
6	1396		4625.799673000
17		1358	4625.816883000
17		87	4625.828138000
17		41	4625.828173000
17		43	4625.828182000
17		34	4625.854358000
17		1358	4625.883157000
6	0		4625.890347000
6	1396		4625.928075000
17		1358	4625.948278000
17		43	4625.952515000
17		1358	4626.013547000
17		43	4626.014513000
6	1396		4626.056479000
17		43	4626.075684000
17		1358	4626.078761000
17		43	4626.137815000
17		1358	4626.145999000
6	1396		4626.184878000
6	0		4626.200190000
17		1358	4626.211201000
17		43	4626.262279000
17		1358	4626.276760000
6	1396		4626.313257000
17		43	4626.324313000
17		1358	4626.342048000
17		1358	4626.407391000
6	1396		4626.441619000
17		43	4626.448414000
17		1358	4626.473855000
17		43	4626.509802000
17		1358	4626.538489000
6	1396		4626.570044000
6	0		4626.572330000
17		1358	4626.605065000
17		43	4626.634318000
17		1358	4626.669757000
17		43	4626.696350000
6	1396		4626.698432000
17		1358	4626.735244000
17		86	4626.758007000
17		41	4626.758037000
17		1046	4626.758047000
17		101	4626.758404000
17		33	4626.758705000
17		33	4626.758723000
17		627	4626.767815000
17		236	4626.767858000
17		1358	4626.801304000
6	1396		4626.826834000
17		1358	4626.866772000
17		43	4626.881773000
17		1358	4626.932906000
17		43	4626.944249000
6	1396		4626.955211000
17		1358	4626.997790000
6	0		4627.006523000
17		1358	4627.063235000
17		43	4627.068524000
6	1396		4627.083605000
17		1358	4627.130182000
17		43	4627.130504000
17		1358	4627.195337000
6	1396		4627.211986000
17		48	4627.254305000
17		1358	4627.260776000
17		43	4627.316219000
17		1358	4627.325985000
6	1396		4627.340379000
6	0		4627.378378000
17		1358	4627.391558000
17		43	4627.439845000
17		1358	4627.457752000
6	1396		4627.468782000
17		1358	4627.522584000
17		43	4627.564480000
17		1358	4627.588905000
6	1396		4627.597148000
17		43	4627.625813000
17		1358	4627.654148000
6	0		4627.688567000
17		1358	4627.719382000
6	1396		4627.725609000
17		43	4627.750615000
17		1358	4627.785846000
17		43	4627.812138000
17		1358	4627.851216000
6	1396		4627.853952000
17		1358	4627.917122000
17		43	4627.936322000
17		1358	4627.982100000
17		43	4627.998507000
17		1358	4628.048516000
6	0		4628.059688000
6	1396		4628.060151000
17		1358	4628.113972000
17		42	4628.121686000
17		43	4628.121710000
17		43	4628.121716000
6	1396		4628.124329000
17		33	4628.147427000
17		1358	4628.179103000
17		43	4628.183788000
17		41	4628.183819000
17		1358	4628.245776000
6	0		4628.278181000
6	0		4628.278229000
17		43	4628.308027000
17		1358	4628.309643000
17		43	4628.370021000
17		1358	4628.376434000
6	0		4628.432191000
6	1396		4628.432636000
17		1358	4628.441704000
17		43	4628.493740000
6	1396		4628.496817000
17		1358	4628.506913000
17		43	4628.556129000
17		1358	4628.573906000
17		1358	4628.639215000
17		43	4628.680811000
17		1358	4628.705317000
17		43	4628.741751000
17		1358	4628.756809000
6	0		4628.787294000
6	0		4628.787359000
6	0		4628.803925000
6	1396		4628.804387000
17		1358	4628.809300000
6	1396		4628.855740000
17		1358	4628.862480000
17		43	4628.866150000
17		1358	4628.914565000
17		43	4628.927832000
6	1396		4628.958449000
17		1358	4628.966612000
17		1358	4629.018791000
6	0		4629.038004000
6	41		4629.043314000
17		43	4629.051891000
6	1396		4629.061154000
17		1358	4629.071813000
6	0		4629.114678000
17		1358	4629.125324000
6	1396		4629.163866000
17		48	4629.176567000
17		1358	4629.178730000
17		43	4629.238402000
17		1358	4629.240234000
6	1396		4629.266591000
6	0		4629.293655000
6	21		4629.298680000
6	0		4629.298719000
6	1080		4629.299728000
17		43	4629.361789000
17		1358	4629.363192000
17		43	4629.423866000
17		1358	4629.451083000
6	0		4629.486712000
17		43	4629.548367000
17		1358	4629.548834000
6	440		4629.553355000
6	0		4629.594217000
17		43	4629.610579000
17		1358	4629.636696000
17		43	4629.734013000
17		1358	4629.735535000
17		43	4629.796173000
17		1358	4629.824153000
6	48		4629.844654000
6	0		4629.844705000
6	280		4629.848767000
17		43	4629.857748000
17		1358	4629.912516000
6	0		4629.920243000
17		43	4629.920273000
17		41	4629.920281000
17		33	4629.920611000
6	1396		4629.920695000
17		1358	4630.001138000
6	1396		4630.006294000
17		43	4630.044158000
17		1358	4630.090307000
17		43	4630.105643000
6	16		4630.114322000
17		1358	4630.156652000
6	0		4630.158215000
17		43	4630.167611000
17		1358	4630.222806000
17		43	4630.230394000
6	0		4630.230431000
6	1396		4630.230855000
17		1358	4630.289067000
17		43	4630.354323000
17		1358	4630.355832000
6	52		4630.408617000
6	0		4630.408653000
6	52		4630.408766000
6	0		4630.416628000
6	1396		4630.417071000
17		43	4630.478084000
17		1358	4630.479693000
6	1396		4630.481265000
17		43	4630.540253000
17		1358	4630.546226000
17		43	4630.601698000
17		1358	4630.612982000
6	84		4630.662909000
17		43	4630.665559000
17		1358	4630.680490000
6	0		4630.706241000
17		43	4630.726162000
17		1358	4630.747364000
6	0		4630.806118000
6	0		4630.806196000
6	0		4630.845320000
6	12		4630.845619000
6	0		4630.849822000
17		48	4630.849847000
17		1358	4630.850962000
6	0		4630.884804000
6	12		4630.884845000
6	0		4630.884859000
6	1		4630.885105000
6	4		4630.885130000
6	32		4630.885153000
6	0		4630.885171000
17		43	4630.911965000
17		1358	4630.917223000
6	0		4630.924219000
6	0		4630.924309000
6	0		4630.924322000
6	0		4630.924586000
6	0		4630.924616000
17		43	4630.974249000
17		1358	4630.983971000
17		1171	4631.035845000
17		38	4631.036921000
17		108	4631.049589000
17		272	4631.049628000
17		43	4631.098256000
17		1358	4631.099824000
17		43	4631.160037000
17		1358	4631.166144000
6	0		4631.222259000
17		43	4631.284514000
17		1358	4631.286056000
17		43	4631.345654000
17		1358	4631.352766000
17		43	4631.469960000
17		1358	4631.471463000
17		43	4631.531836000
17		1358	4631.538785000
6	0		4631.594017000
17		43	4631.656056000
17		1358	4631.657639000
17		43	4631.718262000
17		1358	4631.724266000
17		43	4631.780072000
17		1358	4631.790911000
17		43	4631.842485000
17		1358	4631.855861000
17		43	4631.904110000
17		1358	4631.922368000
17		43	4631.966322000
17		1358	4631.988015000
17		1358	4632.053508000
17		43	4632.089875000
17		1358	4632.118740000
6	0		4632.152075000
6	1396		4632.152521000
17		43	4632.214332000
17		1358	4632.215830000
17		43	4632.275943000
17		1358	4632.282338000
17		43	4632.337870000
17		1358	4632.349291000
17		43	4632.461697000
17		1358	4632.462808000
17		48	4632.523709000
17		1358	4632.529083000
6	0		4632.585747000
17		43	4632.585776000
6	1396		4632.586201000
17		1358	4632.595273000
6	1396		4632.650383000
17		43	4632.709664000
17		1358	4632.710834000
17		43	4632.771815000
17		1358	4632.777309000
17		43	4632.833883000
17		1358	4632.844308000
6	68		4632.870502000
17		43	4632.896447000
6	0		4632.896477000
6	1396		4632.896911000
17		1358	4632.910987000
17		43	4632.957750000
17		1358	4632.977866000
17		43	4633.020410000
17		1358	4633.045119000
17		46	4633.081835000
17		43	4633.081865000
17		41	4633.081874000
17		33	4633.107744000
17		1358	4633.111861000
6	52		4633.121164000
6	0		4633.121219000
6	0		4633.121302000
6	0		4633.122542000
17		43	4633.144406000
17		1358	4633.178599000
17		43	4633.206257000
17		1358	4633.245243000
17		43	4633.267971000
17		1358	4633.311979000
17		43	4633.330720000
6	0		4633.372934000
17		1358	4633.377975000
17		43	4633.392526000
17		1358	4633.444331000
17		43	4633.454389000
17		1358	4633.510867000
17		43	4633.515666000
17		1358	4633.577892000
17		43	4633.578082000
17		43	4633.640145000
17		1358	4633.644565000
17		43	4633.702249000
17		1358	4633.711203000
17		43	4633.763930000
17		1358	4633.777198000
17		48	4633.826447000
17		35	4633.840741000
17		1358	4633.842355000
17		43	4633.888488000
17		1358	4633.907789000
6	0		4633.949753000
6	1396		4633.950243000
17		1358	4633.973501000
17		43	4634.012283000
6	1396		4634.014405000
17		1358	4634.038800000
17		43	4634.073686000
17		1358	4634.105543000
17		43	4634.136076000
6	1396		4634.142782000
17		1358	4634.170060000
17		43	4634.197830000
17		1358	4634.236192000
17		43	4634.260413000
6	1396		4634.271186000
17		1358	4634.301485000
6	0		4634.321825000
17		43	4634.321850000
17		1358	4634.354099000
6	0		4634.384044000
6	1396		4634.399580000
17		1358	4634.406395000
17		43	4634.446482000
17		1358	4634.459748000
17		43	4634.507845000
17		1358	4634.513912000
6	1396		4634.527971000
17		43	4634.570092000
17		1358	4634.571739000
6	0		4634.632450000
6	1396		4634.656358000
17		43	4634.694139000
17		1358	4634.695718000
17		43	4634.756543000
17		1358	4634.758147000
6	1396		4634.784749000
17		43	4634.818039000
17		1358	4634.818935000
17		43	4634.880162000
17		1358	4634.881742000
6	1396		4634.913144000
17		43	4634.942257000
17		1358	4634.943812000
17		43	4635.004607000
17		1358	4635.032389000
6	1396		4635.041525000
17		43	4635.066087000
17		1358	4635.120915000
17		43	4635.127907000
6	1396		4635.169936000
17		43	4635.190082000
17		1358	4635.209941000
17		48	4635.252070000
17		35	4635.265919000
17		1358	4635.298808000
17		43	4635.314074000
17		43	4635.375961000
17		1358	4635.385961000
17		43	4635.438137000
17		1358	4635.473519000
17		43	4635.500344000
17		43	4635.561873000
6	0		4635.624145000
6	1396		4635.624588000
17		43	4635.685899000
6	1396		4635.688783000
6	0		4635.748065000
17		43	4635.810097000
6	1396		4635.817184000
17		43	4635.872311000
6	0		4635.934614000
6	1396		4635.945574000
17		43	4635.995667000
6	0		4636.057979000
6	1396		4636.073956000
17		43	4636.119872000
17		43	4636.182189000
6	1396		4636.202360000
6	0		4636.244470000
17		43	4636.306523000
6	1396		4636.330746000
17		43	4636.367950000
17		43	4636.430073000
6	1396		4636.459142000
6	0		4636.492345000
17		43	4636.554386000
6	1396		4636.587525000
6	0		4636.615709000
17		43	4636.677869000
6	1396		4636.715936000
17		43	4636.739931000
6	0		4636.802483000
6	1396		4636.844313000
17		43	4636.864415000
6	0		4636.925714000
6	1396		4636.972720000
17		43	4636.988740000
17		48	4637.050117000
17		35	4637.063871000
6	1396		4637.101115000
6	0		4637.112313000
17		43	4637.174249000
17		1358	4637.175156000
6	1396		4637.229494000
6	0		4637.235979000
17		43	4637.297893000
17		1358	4637.299402000
6	1396		4637.357873000
17		43	4637.359624000
17		1358	4637.366035000
17		43	4637.421976000
17		1358	4637.432560000
17		43	4637.483913000
6	1396		4637.486260000
17		1358	4637.498489000
6	0		4637.545837000
6	0		4637.607987000
6	1396		4637.614678000
6	0		4637.670007000
6	0		4637.732213000
6	1396		4637.743064000
6	0		4637.794357000
6	0		4637.856454000
6	1396		4637.871463000
6	0		4637.979919000
6	1396		4637.999851000
6	0		4638.042137000
6	1396		4638.128228000
6	0		4638.166555000
6	1396		4638.256635000
17		43	4638.289976000
17		1358	4638.291599000
6	0		4638.352118000
17		1358	4638.357942000
6	1396		4638.385025000
17		43	4638.413911000
17		1358	4638.423577000
17		1358	4638.490194000
6	1396		4638.513407000
17		43	4638.537767000
17		1358	4638.555056000
6	0		4638.599771000
17		43	4638.599803000
17		1358	4638.619949000
6	1396		4638.641805000
17		1358	4638.686916000
17		43	4638.723930000
17		1358	4638.751786000
6	1396		4638.770202000
6	0		4638.786396000
17		1358	4638.817919000
17		1358	4638.883237000
6	1396		4638.898584000
6	0		4638.910354000
6	0		4638.925815000
6	0		4638.925877000
17		1358	4638.948048000
6	0		4638.964778000
6	12		4638.965101000
6	0		4639.004221000
6	12		4639.004270000
6	0		4639.004285000
6	1		4639.004448000
6	4		4639.004464000
6	32		4639.004476000
6	0		4639.004489000
17		1358	4639.014992000
6	1396		4639.026972000
6	0		4639.034456000
6	0		4639.043379000
6	0		4639.043467000
6	0		4639.043491000
6	0		4639.043562000
6	0		4639.043573000
17		1358	4639.080007000
17		1358	4639.145685000
6	1396		4639.155381000
17		43	4639.158379000
17		1358	4639.211028000
6	0		4639.219684000
17		43	4639.219712000
17		1358	4639.263458000
17		43	4639.282301000
6	1396		4639.283737000
17		1358	4639.316969000
17		43	4639.343915000
17		1358	4639.368620000
6	1396		4639.412143000
17		1358	4639.420491000
17		43	4639.468062000
17		1358	4639.473516000
17		1358	4639.526675000
17		43	4639.529904000
6	1396		4639.540542000
17		1358	4639.577938000
6	0		4639.592161000
17		1358	4639.632100000
17		43	4639.654392000
6	1396		4639.668942000
17		1358	4639.684046000
17		43	4639.716457000
17		1358	4639.735874000
17		1358	4639.788679000
6	1396		4639.797326000
17		43	4639.840089000
17		1358	4639.841634000
17		1358	4639.893932000
17		48	4639.902300000
17		35	4639.916848000
6	1396		4639.925716000
6	0		4639.930270000
6	0		4639.930321000
17		1358	4639.946100000
6	0		4639.964458000
17		1358	4639.998497000
17		43	4640.026457000
17		1358	4640.050930000
6	1396		4640.054106000
17		43	4640.087769000
17		1358	4640.138192000
17		43	4640.150447000
6	1396		4640.182514000
17		43	4640.211830000
17		1358	4640.226450000
6	0		4640.274205000
6	1396		4640.310897000
17		1358	4640.313950000
17		43	4640.335741000
17		43	4640.398158000
17		1358	4640.399939000
6	1396		4640.413600000
17		1358	4640.488896000
6	1396		4640.516302000
17		43	4640.521821000
17		1358	4640.575436000
17		43	4640.583748000
6	1396		4640.619027000
6	0		4640.645956000
17		1358	4640.662882000
17		43	4640.708530000
6	1396		4640.721740000
17		1358	4640.751372000
17		43	4640.770259000
6	1396		4640.824422000
17		43	4640.832575000
17		1358	4640.838864000
17		1358	4640.925931000
6	1396		4640.927120000
17		43	4640.956280000
17		1358	4641.013410000
6	0		4641.018494000
6	1396		4641.029840000
17		1358	4641.079046000
17		43	4641.079676000
6	1396		4641.132561000
17		43	4641.142543000
17		1358	4641.144235000
17		43	4641.204054000
17		1358	4641.210648000
6	1396		4641.235260000
17		1358	4641.276289000
17		43	4641.327666000
17		1358	4641.341838000
17		43	4641.389728000
17		1358	4641.407090000
6	0		4641.452392000
6	1396		4641.452847000
17		1358	4641.473107000
17		43	4641.514422000
17		1358	4641.538098000
17		43	4641.576423000
6	1396		4641.577608000
17		1358	4641.604370000
17		48	4641.638347000
17		35	4641.652123000
17		1358	4641.670243000
17		1358	4641.735126000
17		43	4641.762501000
17		1358	4641.801126000
6	0		4641.823653000
6	1396		4641.824093000
17		1358	4641.866271000
17		43	4641.886194000
6	1396		4641.920007000
17		1358	4641.933139000
17		43	4641.947653000
17		1358	4641.997787000
17		43	4642.010139000
17		1358	4642.063496000
6	0		4642.072460000
6	1396		4642.091163000
17		1358	4642.133521000
17		43	4642.133771000
17		1358	4642.201788000
6	1396		4642.219572000
17		43	4642.257771000
17		1358	4642.270707000
6	0		4642.319974000
17		1358	4642.340271000
6	1396		4642.347984000
17		43	4642.381999000
17		1358	4642.408996000
6	1396		4642.476354000
17		1358	4642.478671000
17		43	4642.506078000
17		1358	4642.547809000
6	0		4642.568362000
6	1396		4642.604755000
17		1358	4642.616572000
17		43	4642.630306000
17		1358	4642.686343000
17		43	4642.692117000
6	1396		4642.733148000
17		1358	4642.755587000
17		43	4642.815683000
17		1358	4642.823984000
6	0		4642.878446000
17		43	4642.878476000
6	1396		4642.878884000
17		1358	4642.893885000
17		1358	4642.962490000
6	1396		4642.990874000
17		43	4643.002245000
17		1358	4643.032097000
17		43	4643.064273000
17		1358	4643.102371000
6	0		4643.126510000
6	1396		4643.126977000
17		43	4643.187632000
17		1358	4643.189284000
6	1396		4643.249634000
17		43	4643.250238000
17		1358	4643.258802000
17		43	4643.311799000
17		1358	4643.329350000
17		43	4643.436481000
17		1358	4643.438085000
17		43	4643.497732000
17		1358	4643.507878000
6	0		4643.560597000
6	1396		4643.561064000
17		48	4643.622532000
17		1358	4643.623994000
6	1396		4643.625759000
17		43	4643.684391000
17		1358	4643.694274000
17		43	4643.746137000
17		1358	4643.763888000
17		1358	4643.833859000
17		43	4643.870285000
17		1358	4643.903412000
6	0		4643.932443000
6	1396		4643.932905000
17		43	4643.993789000
17		1104	4643.995307000
6	1396		4643.997572000
17		43	4644.056252000
17		43	4644.117967000
6	0		4644.214955000
6	0		4644.215003000
17		43	4644.242301000
6	0		4644.251258000
17		43	4644.304412000
6	0		4644.366624000
17		43	4644.428561000
17		43	4644.489765000
17		43	4644.614060000
6	0		4644.676142000
17		43	4644.676171000
17		43	4644.738345000
17		43	4644.861687000
17		43	4644.923736000
6	0		4644.986118000
17		43	4645.048134000
17		43	4645.110347000
17		43	4645.233756000
17		43	4645.295905000
6	0		4645.358084000
17		48	4645.420250000
17		35	4645.435024000
17		43	4645.482353000
17		43	4645.544440000
6	0		4645.605659000
17		43	4645.667869000
17		43	4645.730044000
17		43	4645.792034000
17		43	4645.854226000
17		43	4645.978621000
6	0		4646.039856000
6	1396		4646.040300000
17		43	4646.102000000
6	1396		4646.104994000
17		43	4646.163679000
17		43	4646.226301000
17		43	4646.288472000
17		1032	4646.349605000
17		43	4646.349628000
17		41	4646.350155000
17		1358	4646.352225000
17		1358	4646.408492000
6	0		4646.411970000
6	1396		4646.412399000
17		1358	4646.464043000
6	1396		4646.477112000
17		1358	4646.519964000
6	0		4646.536171000
17		43	4646.536209000
17		1358	4646.574756000
17		49	4646.598600000
6	1396		4646.606462000
17		35	4646.612624000
17		1358	4646.629030000
17		43	4646.660087000
17		1358	4646.721459000
6	1396		4646.735824000
17		43	4646.784148000
17		1358	4646.790568000
6	0		4646.846318000
17		1358	4646.860535000
6	1396		4646.865200000
17		43	4646.907771000
17		1358	4646.929769000
17		43	4646.970421000
6	1396		4646.994559000
17		1358	4646.999634000
6	0		4647.044052000
6	0		4647.044112000
17		1358	4647.067267000
6	0		4647.082778000
6	12		4647.083280000
17		43	4647.093818000
6	0		4647.122005000
6	12		4647.122049000
6	0		4647.122062000
6	1		4647.122269000
6	4		4647.122284000
6	32		4647.122290000
6	0		4647.122298000
6	1396		4647.123906000
17		1358	4647.136597000
17		43	4647.155983000
6	0		4647.160916000
6	0		4647.160959000
6	0		4647.160965000
6	0		4647.161043000
6	0		4647.161079000
17		1358	4647.206339000
6	0		4647.218362000
6	1396		4647.253308000
17		1358	4647.275882000
17		43	4647.279670000
17		1358	4647.344637000
6	1396		4647.382688000
17		43	4647.404088000
17		1358	4647.413650000
6	0		4647.466355000
17		1358	4647.481939000
6	1396		4647.486150000
17		43	4647.527907000
17		1358	4647.550974000
6	1396		4647.589640000
17		43	4647.590379000
17		1358	4647.621129000
17		1358	4647.689832000
6	1396		4647.693127000
17		43	4647.714525000
17		1358	4647.758834000
17		43	4647.776130000
6	1396		4647.796629000
17		1358	4647.828722000
6	0		4647.838411000
17		43	4647.900126000
6	1396		4647.900128000
17		1358	4647.901771000
17		43	4647.962419000
17		1358	4647.972229000
17		43	4648.086468000
17		1358	4648.087799000
17		43	4648.147992000
17		1358	4648.158023000
6	0		4648.210236000
17		43	4648.210263000
6	1396		4648.210678000
6	1396		4648.275361000
17		43	4648.333973000
17		1358	4648.335616000
17		43	4648.395825000
17		1358	4648.397429000
6	0		4648.458262000
6	1396		4648.458712000
17		48	4648.519812000
17		1358	4648.521524000
6	1396		4648.534119000
17		43	4648.644393000
17		1358	4648.645183000
6	0		4648.705842000
6	1396		4648.706280000
17		43	4648.768377000
17		1358	4648.769167000
6	1396		4648.792839000
17		43	4648.830532000
17		1358	4648.839148000
17		43	4648.892417000
17		1358	4648.909409000
17		43	4648.954426000
17		1358	4648.979779000
6	0		4649.078297000
6	1396		4649.078741000
17		43	4649.140342000
17		1358	4649.141937000
6	1396		4649.143432000
17		1358	4649.212134000
17		43	4649.263948000
17		1358	4649.281488000
6	0		4649.326139000
6	1396		4649.326597000
17		43	4649.387963000
17		1358	4649.389233000
6	1396		4649.402179000
17		43	4649.512569000
17		1358	4649.514410000
6	0		4649.574221000
6	1396		4649.574696000
17		43	4649.636579000
17		1358	4649.638257000
6	1396		4649.660890000
17		43	4649.697924000
17		1358	4649.708025000
17		43	4649.760232000
17		1358	4649.778617000
17		43	4649.883842000
6	0		4649.946565000
6	1396		4649.947013000
17		43	4650.008201000
17		1358	4650.009780000
6	1396		4650.011715000
17		43	4650.070448000
17		1358	4650.093243000
17		43	4650.132059000
17		1358	4650.176579000
6	0		4650.194191000
6	1396		4650.194648000
17		43	4650.255953000
17		1358	4650.259753000
6	1396		4650.270460000
17		43	4650.379868000
17		1358	4650.381592000
6	0		4650.442097000
6	1396		4650.442561000
17		43	4650.503789000
17		1358	4650.505319000
6	1396		4650.529189000
17		48	4650.565782000
17		1358	4650.571677000
17		43	4650.689985000
17		1358	4650.691545000
6	0		4650.752431000
6	1396		4650.752907000
17		43	4650.813903000
17		1358	4650.815498000
6	1396		4650.817590000
17		43	4650.876167000
17		1358	4650.926298000
17		43	4650.999787000
17		1358	4651.037577000
6	0		4651.062078000
17		43	4651.062105000
6	1396		4651.062531000
6	1396		4651.114283000
17		1358	4651.121313000
17		43	4651.185760000
17		1358	4651.205073000
6	1396		4651.217793000
6	0		4651.248455000
17		43	4651.310293000
17		1358	4651.311808000
6	1396		4651.321265000
17		43	4651.372296000
17		1358	4651.394672000
6	1396		4651.424759000
17		43	4651.496104000
17		1358	4651.497261000
6	1396		4651.528263000
6	0		4651.558503000
17		43	4651.620491000
17		1358	4651.621258000
17		43	4651.681679000
17		1358	4651.705083000
6	0		4651.805777000
6	1396		4651.806243000
17		43	4651.868432000
17		1358	4651.870002000
6	1396		4651.892486000
17		43	4651.930580000
17		1358	4651.953097000
17		43	4651.991971000
17		1358	4652.036705000
6	0		4652.053807000
17		43	4652.116107000
17		1358	4652.119916000
17		43	4652.240100000
17		1358	4652.241950000
6	0		4652.301925000
6	1396		4652.302388000
17		43	4652.364420000
17		1358	4652.366040000
6	1396		4652.366554000
17		43	4652.426391000
17		1358	4652.449744000
17		43	4652.550087000
17		1358	4652.552528000
6	0		4652.612076000
6	1396		4652.612525000
17		48	4652.674067000
17		1358	4652.675662000
6	1396		4652.676701000
17		43	4652.735720000
17		1358	4652.742578000
17		43	4652.797797000
17		1358	4652.810265000
17		43	4652.859927000
17		1358	4652.876826000
17		43	4652.922039000
17		1358	4652.942922000
6	0		4652.984549000
6	1396		4652.985011000
17		43	4653.046582000
6	1396		4653.049194000
17		1358	4653.053807000
17		43	4653.108208000
17		1358	4653.164915000
6	1396		4653.177569000
17		43	4653.231953000
17		1358	4653.275936000
6	0		4653.294130000
6	1396		4653.305959000
17		43	4653.356140000
17		1358	4653.357735000
17		43	4653.418441000
6	1396		4653.434368000
17		1358	4653.441821000
17		43	4653.480103000
17		1358	4653.524632000
17		43	4653.542134000
6	1396		4653.562761000
17		1358	4653.607887000
6	0		4653.666224000
6	1396		4653.691146000
17		43	4653.728257000
17		1358	4653.729864000
17		43	4653.790400000
17		1358	4653.812840000
6	1396		4653.819540000
17		43	4653.851905000
17		1358	4653.895820000
6	0		4653.914131000
6	1396		4653.947938000
17		43	4653.976163000
17		1358	4653.978316000
6	1396		4654.076314000
17		1358	4654.100119000
17		43	4654.100146000
17		1358	4654.101453000
17		1358	4654.102085000
17		33	4654.126595000
17		43	4654.161976000
17		1358	4654.186383000
6	0		4654.224149000
6	1396		4654.224593000
17		43	4654.286531000
17		1358	4654.288192000
6	1396		4654.333116000
17		43	4654.410335000
17		1358	4654.411594000
17		48	4654.471925000
17		35	4654.485544000
17		1358	4654.495172000
6	0		4654.534133000
6	1396		4654.534634000
17		43	4654.596486000
17		1358	4654.598083000
6	1396		4654.598784000
17		43	4654.720248000
17		1358	4654.721625000
6	0		4654.782105000
17		746	4654.782130000
17		41	4654.782139000
6	1396		4654.782575000
17		38	4654.783267000
17		77	4654.791918000
17		33	4654.791963000
17		43	4654.844142000
17		1358	4654.845829000
6	1396		4654.855595000
17		43	4654.906302000
17		1358	4654.917636000
17		43	4655.030070000
17		1358	4655.031684000
6	0		4655.092427000
17		790	4655.092462000
6	1396		4655.092909000
17		38	4655.093371000
17		80	4655.101719000
17		33	4655.101906000
17		43	4655.154345000
17		1358	4655.156015000
6	1396		4655.157092000
17		43	4655.216434000
17		1358	4655.275377000
17		43	4655.339844000
17		1358	4655.395027000
6	0		4655.402074000
6	1396		4655.402549000
17		43	4655.464285000
6	1396		4655.466724000
17		1358	4655.513715000
17		46	4655.526525000
17		41	4655.526555000
17		33	4655.552242000
17		43	4655.588326000
17		1358	4655.603972000
6	0		4655.650708000
6	1396		4655.651185000
17		43	4655.712521000
17		1358	4655.714141000
6	1396		4655.723519000
17		43	4655.774270000
17		1358	4655.804493000
17		46	4655.836396000
17		41	4655.836426000
17		33	4655.862112000
17		43	4655.898170000
17		728	4655.899818000
6	0		4655.960565000
6	1396		4655.961162000
6	1396		4656.012511000
17		43	4656.022164000
6	1396		4656.115238000
6	0		4656.146248000
17		43	4656.209189000
6	1396		4656.217940000
17		43	4656.269903000
6	1396		4656.320649000
17		43	4656.393952000
6	1396		4656.423323000
6	0		4656.456164000
17		43	4656.517703000
17		1128	4656.580422000
17		41	4656.581089000
17		1358	4656.581932000
17		1358	4656.581955000
17		1358	4656.581959000
17		1358	4656.581962000
17		1358	4656.672095000
6	0		4656.704399000
6	1396		4656.704850000
6	0		4656.766616000
6	1396		4656.790441000
6	0		4656.890275000
17		43	4656.890303000
17		1358	4656.891364000
17		49	4656.952526000
6	1396		4656.961630000
17		35	4656.965825000
17		1358	4656.980741000
17		43	4657.013638000
17		1358	4657.069215000
17		43	4657.075979000
6	1396		4657.132808000
17		43	4657.138461000
17		1358	4657.157995000
17		43	4657.200241000
17		1358	4657.246317000
6	1396		4657.304033000
6	0		4657.323903000
17		1358	4657.335594000
17		43	4657.386337000
6	1396		4657.419293000
17		1358	4657.423916000
17		1358	4657.507117000
17		43	4657.510264000
6	1396		4657.534586000
17		43	4657.572411000
6	0		4657.572440000
17		1358	4657.589353000
6	1396		4657.649847000
17		1358	4657.671667000
17		43	4657.695987000
17		1358	4657.754244000
6	0		4657.757933000
17		43	4657.757961000
6	1396		4657.765155000
17		43	4657.819652000
17		1358	4657.836256000
6	1396		4657.880449000
17		1358	4657.920038000
17		43	4657.943630000
6	1396		4657.995725000
17		1358	4658.002734000
17		43	4658.006057000
6	0		4658.068233000
17		1358	4658.084781000
6	1396		4658.111028000
17		43	4658.130152000
17		1358	4658.167603000
6	1396		4658.226318000
17		1358	4658.250573000
17		43	4658.254245000
17		43	4658.316050000
17		1358	4658.332715000
6	1396		4658.341582000
6	0		4658.378305000
17		1358	4658.398242000
17		43	4658.440149000
6	1396		4658.456874000
17		1358	4658.465108000
17		1358	4658.531233000
17		43	4658.563721000
6	1396		4658.572150000
17		1358	4658.597696000
6	0		4658.626041000
17		1358	4658.663269000
6	1396		4658.687435000
17		43	4658.688380000
17		1358	4658.729991000
6	1396		4658.802744000
17		43	4658.812100000
17		1171	4658.812124000
17		38	4658.813233000
17		108	4658.825822000
17		144	4658.825872000
17		1358	4658.841210000
6	0		4658.874285000
6	1396		4658.918029000
17		48	4658.935828000
17		35	4658.949277000
17		1358	4658.951938000
17		43	4658.998383000
6	1396		4659.033308000
17		1358	4659.061170000
17		43	4659.122502000
17		1358	4659.144686000
6	1396		4659.148634000
6	0		4659.183697000
17		1358	4659.227303000
17		43	4659.246086000
6	1396		4659.263865000
17		43	4659.308633000
17		1358	4659.310199000
6	1396		4659.379161000
17		1358	4659.394570000
17		43	4659.431704000
17		1358	4659.476262000
17		43	4659.493909000
6	0		4659.555916000
6	1396		4659.556380000
17		1358	4659.559706000
6	1396		4659.614026000
17		43	4659.618049000
17		1358	4659.642925000
17		46	4659.679724000
17		41	4659.679751000
17		33	4659.706243000
17		43	4659.742479000
17		1358	4659.744164000
6	0		4659.803687000
6	1396		4659.804551000
6	1396		4659.862197000
17		43	4659.866437000
17		1358	4659.867486000
17		43	4659.928461000
17		1358	4659.950713000
17		43	4659.989618000
17		1358	4660.034128000
6	0		4660.052322000
6	1396		4660.052777000
6	1396		4660.110421000
17		43	4660.114367000
17		1358	4660.116021000
17		43	4660.238252000
17		1358	4660.239515000
6	0		4660.299753000
6	1396		4660.300200000
6	1396		4660.346298000
17		43	4660.361751000
17		1358	4660.363623000
17		43	4660.424480000
6	1396		4660.438543000
17		1358	4660.447407000
6	1396		4660.530771000
17		43	4660.547781000
17		1358	4660.549145000
6	0		4660.610423000
6	1396		4660.622996000
17		43	4660.672608000
17		1358	4660.674246000
6	1396		4660.715221000
17		43	4660.734557000
17		1358	4660.757947000
6	0		4660.858311000
17		43	4660.920300000
17		1358	4660.921906000
17		48	4660.982486000
17		35	4660.996123000
17		1358	4661.005478000
17		1358	4661.088324000
6	0		4661.106271000
6	1396		4661.106757000
17		43	4661.168581000
17		1358	4661.170253000
6	1396		4661.183602000
17		43	4661.230246000
17		1358	4661.236514000
6	0		4661.353969000
6	1396		4661.354442000
17		43	4661.416324000
17		1358	4661.418184000
6	1396		4661.452608000
17		43	4661.539923000
17		1358	4661.541640000
6	0		4661.602245000
6	1396		4661.602678000
17		43	4661.663891000
17		1358	4661.665478000
6	1396		4661.683166000
17		43	4661.788284000
17		1358	4661.789321000
6	0		4661.849693000
6	1396		4661.850152000
17		43	4661.912349000
6	1396		4661.913743000
17		1358	4661.913943000
17		43	4661.974493000
17		1358	4661.997772000
17		43	4662.036225000
17		1358	4662.080310000
17		43	4662.159808000
17		1358	4662.161183000
6	0		4662.222019000
6	1396		4662.222473000
17		1358	4662.245836000
6	1396		4662.280115000
17		43	4662.284448000
17		1358	4662.328592000
17		43	4662.407837000
17		1358	4662.411772000
6	0		4662.470163000
6	1396		4662.470693000
6	1396		4662.528299000
17		43	4662.532181000
17		1358	4662.533183000
17		43	4662.656405000
17		1358	4662.658369000
6	0		4662.717749000
6	1396		4662.718267000
6	1396		4662.775869000
17		43	4662.779956000
17		1358	4662.781622000
6	0		4662.904202000
17		43	4662.904236000
17		1358	4662.904878000
17		43	4662.966117000
17		1358	4662.988290000
17		43	4663.028130000
17		1358	4663.071729000
17		43	4663.090509000
17		1358	4663.155094000
6	0		4663.163248000
6	0		4663.163313000
6	0		4663.202196000
6	12		4663.202447000
17		48	4663.214348000
17		35	4663.228802000
17		1358	4663.238707000
6	0		4663.240896000
6	12		4663.240995000
6	0		4663.241006000
6	1		4663.241160000
6	4		4663.241173000
6	32		4663.241184000
6	0		4663.241195000
6	0		4663.276513000
6	0		4663.279679000
6	0		4663.279813000
6	0		4663.279832000
6	0		4663.279845000
17		43	4663.337846000
17		1358	4663.339715000
17		43	4663.400297000
17		1358	4663.423233000
6	0		4663.523688000
6	1396		4663.524331000
6	1396		4663.581989000
17		43	4663.586588000
17		1358	4663.588948000
17		43	4663.648241000
17		1358	4663.673018000
6	0		4663.772478000
6	1396		4663.772932000
6	1396		4663.830603000
17		43	4663.834436000
17		1358	4663.836979000
17		43	4663.896055000
17		1358	4663.920146000
17		43	4663.958122000
17		1358	4664.003261000
17		43	4664.020289000
17		43	4664.082516000
17		1358	4664.086028000
17		43	4664.143682000
17		1358	4664.167907000
17		43	4664.206258000
17		1358	4664.251261000
17		1358	4664.317727000
6	0		4664.329693000
6	1396		4664.330131000
17		1358	4664.383160000
6	1396		4664.387759000
17		43	4664.392444000
17		1358	4664.450053000
17		43	4664.454604000
6	1396		4664.503062000
17		1358	4664.516549000
6	0		4664.578239000
17		1358	4664.582126000
6	1396		4664.618344000
17		43	4664.639721000
17		1358	4664.648233000
17		43	4664.702022000
6	1396		4664.733632000
17		1358	4664.759105000
17		43	4664.764338000
17		43	4664.826352000
6	1396		4664.848903000
17		1358	4664.869855000
17		43	4664.887691000
17		43	4664.950582000
6	1396		4664.964194000
17		444	4664.979778000
17		48	4665.073939000
6	1396		4665.079482000
17		35	4665.088397000
6	0		4665.135735000
6	1396		4665.194762000
17		43	4665.197682000
6	1396		4665.310057000
17		43	4665.321991000
17		43	4665.384541000
6	0		4665.445958000
6	1396		4665.446413000
6	0		4665.492285000
6	0		4665.492365000
17		43	4665.507720000
6	0		4665.515169000
6	41		4665.520693000
6	1396		4665.540627000
6	0		4665.542828000
6	21		4665.543765000
6	0		4665.543779000
6	1080		4665.544711000
6	0		4665.566845000
6	440		4665.566973000
17		43	4665.569729000
6	0		4665.610227000
6	0		4665.632368000
6	48		4665.632377000
6	0		4665.632403000
6	280		4665.636519000
6	1396		4665.655903000
6	0		4665.658668000
6	16		4665.663047000
17		43	4665.694408000
6	0		4665.706220000
6	52		4665.728382000
6	0		4665.728423000
6	52		4665.728525000
6	100		4665.750677000
6	1396		4665.771230000
6	0		4665.794214000
17		1039	4665.818144000
17		41	4665.818764000
17		155	4665.819576000
17		1353	4665.819601000
17		1358	4665.819607000
17		1358	4665.819613000
17		1358	4665.819632000
17		1358	4665.819636000
17		1358	4665.819641000
17		1358	4665.819645000
17		1358	4665.819650000
17		1358	4665.819654000
6	0		4665.880599000
6	1396		4665.886487000
17		1358	4665.899064000
17		1358	4665.978060000
6	1396		4666.001791000
6	0		4666.004457000
17		1358	4666.057634000
6	1396		4666.117061000
6	0		4666.127860000
6	0		4666.190144000
17		43	4666.190192000
6	1396		4666.226406000
17		49	4666.252180000
17		35	4666.266380000
17		43	4666.313953000
17		1358	4666.315457000
6	1396		4666.335741000
17		43	4666.375679000
17		1358	4666.394519000
17		43	4666.438241000
6	1396		4666.445056000
17		1358	4666.474616000
17		43	4666.499847000
6	1396		4666.546573000
17		1358	4666.553616000
17		43	4666.562002000
17		43	4666.623987000
17		1358	4666.631316000
6	1396		4666.648043000
17		43	4666.685926000
17		1358	4666.710925000
17		43	4666.748123000
6	1396		4666.749506000
17		1358	4666.789924000
17		1358	4666.868045000
17		43	4666.872482000
6	0		4666.872517000
6	1396		4666.872984000
6	1396		4666.932193000
17		43	4666.934280000
6	0		4667.050161000
6	0		4667.050217000
17		43	4667.057769000
6	0		4667.119946000
6	1396		4667.120399000
6	1396		4667.161003000
17		43	4667.182013000
6	1396		4667.242215000
6	0		4667.244437000
17		43	4667.306412000
6	1396		4667.323393000
6	0		4667.347502000
6	41		4667.353699000
6	1396		4667.404585000
17		43	4667.429670000
6	68		4667.431799000
6	52		4667.453985000
6	0		4667.454028000
6	0		4667.454048000
6	0		4667.455298000
6	0		4667.477444000
6	0		4667.492042000
17		43	4667.553992000
17		1358	4667.555749000
17		43	4667.616344000
17		1358	4667.617434000
6	0		4667.650526000
6	21		4667.650564000
6	0		4667.650579000
6	1080		4667.651683000
17		43	4667.739703000
17		1358	4667.741352000
6	0		4667.802019000
6	1396		4667.802500000
17		43	4667.863878000
17		1358	4667.865774000
6	1396		4667.870156000
17		43	4667.926049000
17		1358	4667.945679000
6	0		4667.948581000
6	440		4667.948618000
6	0		4667.990218000
6	0		4668.050199000
6	1396		4668.050620000
6	1396		4668.106950000
6	0		4668.174396000
6	1396		4668.208409000
6	0		4668.236631000
6	48		4668.286496000
6	0		4668.286541000
6	280		4668.291757000
6	1396		4668.309913000
17		48	4668.360411000
6	0		4668.360443000
17		1358	4668.361353000
6	1396		4668.411376000
17		43	4668.422201000
17		1358	4668.441182000
17		43	4668.484913000
6	1396		4668.512882000
17		1358	4668.519773000
6	0		4668.588040000
17		1358	4668.599323000
6	16		4668.604187000
17		43	4668.607976000
6	1396		4668.614372000
6	0		4668.646228000
6	0		4668.669869000
17		1358	4668.677987000
6	1396		4668.715844000
17		43	4668.731700000
17		1358	4668.756470000
6	1396		4668.817331000
17		1358	4668.835801000
6	0		4668.856015000
17		1358	4668.915042000
6	1396		4668.918782000
6	52		4668.942788000
6	0		4668.942827000
6	52		4668.942902000
6	0		4668.980547000
17		1358	4668.993174000
6	1396		4669.020279000
17		43	4669.042568000
17		1358	4669.073457000
6	1396		4669.121782000
17		1358	4669.150768000
17		43	4669.165963000
6	1396		4669.223244000
6	0		4669.228426000
17		1358	4669.229895000
6	84		4669.239743000
6	0		4669.282232000
17		43	4669.290530000
17		1358	4669.310081000
6	1396		4669.324726000
17		1358	4669.387627000
17		43	4669.413980000
6	1396		4669.426213000
17		1358	4669.467250000
6	0		4669.476498000
6	0		4669.476520000
6	0		4669.476525000
6	0		4669.476868000
6	0		4669.476890000
6	1396		4669.527705000
17		43	4669.537983000
17		1358	4669.545997000
6	0		4669.569957000
17		1358	4669.624166000
6	1396		4669.629203000
6	0		4669.652349000
17		43	4669.662505000
17		1358	4669.704201000
17		43	4669.724217000
17		1358	4669.782885000
6	0		4669.786626000
6	1396		4669.787098000
6	1396		4669.837873000
17		43	4669.848566000
17		1358	4669.861924000
17		1358	4669.940774000
17		43	4669.972309000
17		1358	4670.019387000
6	0		4670.034520000
6	1396		4670.034969000
6	1396		4670.085728000
17		43	4670.096582000
17		1287	4670.098253000
17		43	4670.219952000
6	0		4670.282268000
6	1396		4670.282684000
6	0		4670.327245000
6	1396		4670.333442000
17		43	4670.344088000
6	0		4670.391532000
6	0		4670.391598000
6	0		4670.431873000
17		43	4670.468056000
6	0		4670.511808000
6	41		4670.517238000
6	0		4670.529693000
6	1396		4670.530148000
6	1396		4670.580896000
17		43	4670.592519000
6	0		4670.592549000
6	0		4670.638477000
6	21		4670.638513000
6	0		4670.638524000
6	1080		4670.639518000
17		43	4670.653770000
6	0		4670.716397000
6	440		4670.760192000
17		48	4670.778444000
17		35	4670.792167000
6	0		4670.802232000
17		43	4670.840516000
6	0		4670.901696000
6	1396		4670.902129000
6	48		4670.922167000
6	0		4670.922223000
6	280		4670.926192000
6	1396		4670.952887000
17		43	4671.026325000
6	16		4671.048748000
17		43	4671.088572000
6	0		4671.090217000
6	68		4671.136737000
17		43	4671.150402000
6	0		4671.150435000
6	1396		4671.150893000
6	52		4671.210307000
6	0		4671.210347000
6	52		4671.210438000
6	0		4671.273974000
17		1128	4671.274007000
17		41	4671.274622000
17		157	4671.275514000
17		1353	4671.275542000
17		1358	4671.275580000
17		1358	4671.275591000
17		1358	4671.275596000
17		1358	4671.275601000
17		1358	4671.275607000
17		1358	4671.275612000
17		1358	4671.275617000
17		1358	4671.275622000
6	84		4671.330439000
6	0		4671.335808000
17		1358	4671.355570000
6	0		4671.374221000
6	0		4671.397983000
17		1358	4671.434708000
6	52		4671.439032000
6	0		4671.439074000
6	0		4671.440151000
6	0		4671.441563000
6	0		4671.460101000
17		1358	4671.513491000
6	0		4671.522270000
6	1396		4671.522713000
17		1358	4671.592015000
6	0		4671.646162000
6	1396		4671.646651000
17		1358	4671.671122000
6	1396		4671.697397000
17		43	4671.708380000
6	0		4671.738666000
17		1358	4671.749468000
17		49	4671.769946000
17		43	4671.769971000
17		35	4671.784382000
17		1358	4671.813336000
6	0		4671.832082000
17		43	4671.832111000
6	1396		4671.832558000
17		1358	4671.877386000
17		43	4671.893743000
17		1358	4671.941475000
17		43	4671.955673000
17		1358	4672.005115000
17		43	4672.018034000
17		1358	4672.068961000
17		43	4672.080672000
17		1358	4672.132895000
17		43	4672.142798000
17		1358	4672.197008000
17		43	4672.204706000
17		43	4672.266524000
17		1358	4672.302937000
17		43	4672.328688000
17		43	4672.390199000
17		1358	4672.408465000
17		43	4672.452274000
17		43	4672.513984000
17		1358	4672.514074000
6	0		4672.576158000
6	1396		4672.576617000
17		1358	4672.619885000
6	1396		4672.627351000
17		43	4672.638552000
17		1358	4672.724527000
6	1396		4672.728855000
17		43	4672.762028000
17		1358	4672.803807000
17		43	4672.824169000
6	1396		4672.830306000
6	68		4672.834468000
17		1358	4672.873783000
6	0		4672.886478000
6	1396		4672.931847000
17		1358	4672.942401000
17		43	4672.948122000
6	52		4672.956837000
6	0		4672.956879000
6	0		4672.956899000
6	0		4672.958410000
17		43	4673.009773000
17		1358	4673.011375000
6	1396		4673.033303000
17		43	4673.071887000
6	0		4673.078472000
17		1358	4673.082600000
17		48	4673.133756000
6	1396		4673.134759000
17		35	4673.147605000
17		1358	4673.152575000
17		43	4673.196081000
17		1358	4673.221907000
6	1396		4673.236265000
17		43	4673.258106000
17		1358	4673.292600000
17		43	4673.320413000
6	1396		4673.337736000
17		1358	4673.361135000
17		43	4673.381898000
17		1358	4673.431009000
6	0		4673.440845000
6	0		4673.440916000
17		1358	4673.500650000
17		43	4673.506164000
6	0		4673.567709000
6	1396		4673.568177000
17		1358	4673.570786000
6	1396		4673.618920000
6	0		4673.626638000
17		43	4673.630075000
6	41		4673.632291000
17		1358	4673.640988000
17		1358	4673.710293000
17		43	4673.754261000
17		1358	4673.779362000
6	0		4673.816427000
6	1396		4673.816840000
6	0		4673.817998000
6	21		4673.827471000
6	0		4673.827522000
6	1080		4673.828527000
17		1358	4673.849594000
6	1396		4673.867581000
17		43	4673.877680000
17		1358	4673.919239000
17		1358	4673.989326000
17		43	4674.002527000
6	440		4674.032771000
17		1358	4674.059856000
17		43	4674.063745000
6	0		4674.074220000
6	0		4674.126649000
6	1396		4674.127144000
17		1358	4674.127902000
6	1396		4674.177849000
17		43	4674.188468000
17		1358	4674.198508000
6	48		4674.259974000
6	0		4674.260012000
6	280		4674.265866000
17		1358	4674.267965000
17		43	4674.311740000
17		1358	4674.337917000
6	0		4674.374517000
6	1396		4674.374965000
17		589	4674.409930000
6	1396		4674.425707000
17		43	4674.436200000
6	16		4674.456156000
6	0		4674.498223000
17		43	4674.560231000
17		43	4674.622271000
6	52		4674.683931000
6	0		4674.683971000
6	52		4674.684100000
17		43	4674.684486000
6	0		4674.745737000
6	1396		4674.746213000
6	1396		4674.786808000
17		43	4674.807766000
6	1396		4674.867984000
6	100		4674.877508000
6	0		4674.918204000
17		43	4674.932243000
6	1396		4674.949182000
17		43	4674.994280000
17		48	4675.056316000
17		35	4675.071090000
6	0		4675.118112000
6	1396		4675.118562000
6	1396		4675.159176000
17		43	4675.180392000
17		43	4675.242074000
17		43	4675.304573000
17		43	4675.365906000
6	0		4675.427664000
17		43	4675.489815000
17		43	4675.614545000
17		43	4675.676545000
17		43	4675.737957000
6	0		4675.800373000
17		1128	4675.800417000
6	1396		4675.800807000
17		41	4675.800980000
17		1358	4675.802918000
17		1358	4675.802961000
17		1358	4675.802966000
17		1358	4675.802971000
17		1358	4675.802975000
17		1358	4675.802980000
17		1358	4675.802985000
17		1358	4675.802992000
17		1358	4675.802997000
17		1358	4675.803003000
17		1358	4675.859904000
6	1396		4675.868486000
17		1358	4675.914832000
6	0		4675.924360000
17		1358	4675.971494000
6	1396		4676.003783000
17		1358	4676.026682000
6	0		4676.048113000
17		1358	4676.083426000
6	1396		4676.105264000
17		1358	4676.138685000
6	0		4676.171715000
17		1358	4676.195000000
6	1396		4676.206733000
6	0		4676.295837000
17		43	4676.295864000
6	1396		4676.308232000
17		49	4676.357661000
17		1358	4676.358632000
6	1396		4676.409743000
17		43	4676.420571000
17		1358	4676.453334000
17		43	4676.482080000
6	1396		4676.511189000
17		43	4676.543736000
17		1358	4676.545356000
17		43	4676.606407000
6	1396		4676.612683000
17		1358	4676.640149000
6	0		4676.657880000
6	0		4676.657917000
17		43	4676.668756000
6	1396		4676.714156000
17		43	4676.730771000
17		1358	4676.732147000
17		43	4676.793276000
6	68		4676.793309000
17		1358	4676.803182000
6	1396		4676.815632000
17		43	4676.854290000
17		1358	4676.872038000
17		43	4676.916013000
17		1358	4676.942800000
6	52		4676.979583000
6	0		4676.979620000
6	0		4676.979638000
6	0		4676.981331000
17		1358	4677.012819000
17		43	4677.040479000
6	0		4677.040515000
6	1396		4677.040952000
17		1358	4677.081965000
17		43	4677.102092000
17		1358	4677.151688000
6	0		4677.166989000
17		1358	4677.222179000
17		43	4677.226123000
17		43	4677.288334000
17		1358	4677.289944000
6	0		4677.350043000
6	1396		4677.350500000
17		1358	4677.360873000
6	1396		4677.401247000
17		43	4677.412439000
17		1358	4677.430394000
17		43	4677.473738000
17		1358	4677.500324000
17		1358	4677.571062000
6	0		4677.597767000
17		43	4677.597797000
6	1396		4677.598248000
17		1358	4677.640289000
6	1396		4677.648995000
17		43	4677.722218000
17		1358	4677.722957000
6	0		4677.784607000
6	1396		4677.785058000
17		43	4677.846208000
17		1358	4677.847390000
6	1396		4677.851921000
17		43	4677.970412000
17		1358	4677.972192000
6	0		4678.032850000
6	1396		4678.033310000
6	1396		4678.084048000
17		48	4678.093891000
17		1358	4678.095278000
17		43	4678.156288000
17		1358	4678.166652000
17		43	4678.280049000
17		1358	4678.281545000
17		43	4678.342253000
17		1358	4678.352081000
17		43	4678.403866000
17		1358	4678.422505000
6	0		4678.465843000
6	1396		4678.466307000
6	1396		4678.517044000
17		43	4678.528087000
17		1358	4678.529146000
17		43	4678.590345000
17		1358	4678.599198000
17		43	4678.652492000
17		1358	4678.669609000
17		1358	4678.739413000
17		43	4678.775700000
17		1358	4678.809349000
6	0		4678.837890000
6	1396		4678.838320000
17		43	4678.899886000
17		1358	4678.901143000
17		43	4678.961725000
17		1358	4678.971593000
17		43	4679.024422000
17		1289	4679.041942000
17		43	4679.148202000
6	0		4679.210499000
6	1396		4679.210967000
6	1396		4679.267098000
17		43	4679.271737000
6	0		4679.282116000
6	0		4679.282188000
6	0		4679.321513000
6	12		4679.321762000
6	0		4679.360861000
6	12		4679.361077000
6	0		4679.361107000
6	1		4679.361292000
6	4		4679.361309000
6	32		4679.361320000
6	0		4679.361332000
6	0		4679.395719000
17		43	4679.395748000
6	1396		4679.396178000
6	0		4679.400247000
6	0		4679.400283000
6	0		4679.400447000
6	0		4679.400655000
6	0		4679.400672000
17		43	4679.458395000
6	1396		4679.491545000
6	0		4679.581685000
17		41	4679.581715000
17		37	4679.583170000
6	1396		4679.603803000
17		43	4679.644059000
17		43	4679.706220000
6	1396		4679.716072000
17		43	4679.768231000
17		43	4679.830411000
17		43	4679.892555000
6	0		4680.015938000
6	1396		4680.016385000
6	1396		4680.072504000
17		43	4680.077995000
17		43	4680.139796000
17		43	4680.201842000
17		43	4680.264216000
17		43	4680.388359000
17		43	4680.450401000
6	0		4680.450432000
6	1396		4680.450884000
17		1127	4680.511769000
17		43	4680.512430000
17		154	4680.513060000
17		1353	4680.513083000
17		1358	4680.513089000
17		1358	4680.513093000
17		1358	4680.513120000
17		1358	4680.513125000
17		1358	4680.513130000
17		1358	4680.513135000
17		1358	4680.513149000
17		1358	4680.513154000
17		1358	4680.570030000
17		1358	4680.625424000
6	0		4680.636051000
6	1396		4680.636520000
6	1396		4680.681425000
17		1358	4680.682331000
17		1358	4680.737444000
6	0		4680.759763000
6	1396		4680.771210000
17		1358	4680.793147000
17		1358	4680.848551000
6	1396		4680.861000000
6	0		4680.884663000
17		1358	4680.904259000
6	1396		4680.950782000
6	0		4681.007722000
6	1396		4681.040552000
17		49	4681.069801000
17		1358	4681.071221000
6	1396		4681.130349000
17		43	4681.132559000
6	0		4681.132604000
17		1358	4681.165553000
17		43	4681.194561000
6	1396		4681.220148000
17		43	4681.255687000
17		1358	4681.260100000
6	1396		4681.309949000
17		43	4681.317673000
17		1358	4681.353563000
17		43	4681.364491000
17		43	4681.409942000
17		1358	4681.447222000
17		43	4681.456037000
17		43	4681.501983000
17		1358	4681.540213000
17		43	4681.548362000
17		43	4681.593707000
17		1358	4681.633422000
6	0		4681.685894000
17		1358	4681.702723000
17		43	4681.731922000
17		43	4681.777787000
17		43	4681.870481000
17		43	4681.916273000
6	0		4681.961715000
6	0		4681.978272000
6	0		4681.978325000
17		43	4682.008514000
6	0		4682.060619000
6	41		4682.065956000
6	0		4682.100104000
17		43	4682.100132000
6	1396		4682.100556000
17		43	4682.191663000
6	0		4682.238257000
6	1396		4682.238724000
17		43	4682.284284000
6	1396		4682.294843000
6	0		4682.355449000
6	21		4682.360860000
6	0		4682.360906000
6	1080		4682.361919000
17		43	4682.376631000
17		1358	4682.378242000
17		48	4682.422110000
17		1358	4682.424239000
17		43	4682.468419000
6	0		4682.468446000
6	1396		4682.468895000
17		1358	4682.486532000
17		43	4682.514332000
17		1358	4682.547438000
17		43	4682.559983000
17		1358	4682.609555000
6	0		4682.652007000
6	1396		4682.652470000
6	1396		4682.708578000
17		43	4682.743795000
17		1358	4682.745738000
6	0		4682.770899000
6	440		4682.775106000
6	0		4682.789957000
17		1358	4682.794289000
6	0		4682.818223000
6	1396		4682.820825000
17		43	4682.835811000
17		1358	4682.842963000
17		43	4682.881988000
17		1358	4682.892992000
17		43	4682.928194000
6	1396		4682.933058000
17		1358	4682.941272000
17		1358	4682.989540000
6	0		4683.019796000
17		1358	4683.038000000
6	1396		4683.045284000
6	48		4683.049412000
6	0		4683.049471000
6	280		4683.053435000
17		43	4683.065726000
17		1358	4683.086648000
17		43	4683.112369000
6	1396		4683.157524000
17		1358	4683.166916000
17		43	4683.204560000
17		1358	4683.248075000
17		43	4683.249670000
6	1396		4683.269771000
6	0		4683.296479000
17		1358	4683.328768000
17		43	4683.342193000
6	1396		4683.373738000
17		43	4683.388103000
17		1358	4683.409355000
6	0		4683.434138000
17		43	4683.434169000
17		1358	4683.470028000
6	1396		4683.477702000
17		43	4683.480481000
17		1358	4683.530816000
6	280		4683.554234000
17		43	4683.572086000
6	1396		4683.581696000
17		1358	4683.590082000
17		43	4683.617981000
17		1358	4683.649756000
6	0		4683.664556000
6	0		4683.672712000
6	1396		4683.685646000
6	16		4683.689856000
17		1358	4683.708158000
17		43	4683.709883000
6	0		4683.714431000
6	0		4683.730232000
6	52		4683.760656000
6	0		4683.760693000
6	52		4683.760819000
17		1358	4683.766798000
6	1396		4683.789607000
17		43	4683.802454000
17		1358	4683.826596000
17		48	4683.847789000
17		35	4683.861848000
17		1358	4683.885390000
6	1396		4683.893596000
6	0		4683.894066000
6	100		4683.911437000
6	0		4683.913147000
6	0		4683.913176000
17		43	4683.939751000
17		645	4683.944818000
6	1396		4683.997547000
17		43	4684.032229000
17		43	4684.077891000
6	1396		4684.101530000
6	0		4684.124126000
17		43	4684.124149000
17		43	4684.169862000
6	1396		4684.205493000
17		43	4684.262512000
17		43	4684.308034000
6	1396		4684.309457000
6	0		4684.354308000
17		1038	4684.400415000
17		41	4684.401058000
17		151	4684.401944000
17		1353	4684.401970000
17		1358	4684.401987000
17		1358	4684.401991000
17		1358	4684.401994000
17		1358	4684.401997000
17		1358	4684.402000000
17		1358	4684.402004000
17		1358	4684.402007000
17		1358	4684.402010000
6	1396		4684.413438000
17		1358	4684.461791000
6	0		4684.491940000
6	1396		4684.517419000
17		1358	4684.520825000
6	0		4684.538581000
17		1358	4684.580135000
17		49	4684.583743000
17		35	4684.597360000
6	1396		4684.621367000
17		43	4684.630115000
17		1358	4684.639254000
17		43	4684.676493000
17		1358	4684.698375000
17		43	4684.722375000
6	1396		4684.725353000
17		1358	4684.758623000
17		43	4684.768468000
17		43	4684.813895000
17		1358	4684.818093000
6	1396		4684.829313000
6	100		4684.840683000
6	0		4684.840721000
17		43	4684.859887000
17		1358	4684.877813000
17		43	4684.906560000
17		1358	4684.937271000
17		43	4684.951980000
17		1358	4684.995975000
17		1358	4685.044267000
17		43	4685.044386000
6	0		4685.044416000
6	1396		4685.044840000
17		1358	4685.089884000
17		1358	4685.090127000
17		1358	4685.091164000
17		33	4685.116051000
17		43	4685.136020000
17		1358	4685.137657000
17		43	4685.181909000
17		1358	4685.216736000
6	0		4685.228034000
6	1396		4685.228478000
17		43	4685.274030000
6	1396		4685.280472000
17		1358	4685.296579000
17		43	4685.365767000
17		1358	4685.369856000
6	68		4685.397464000
17		43	4685.411921000
17		1358	4685.424314000
6	0		4685.458242000
6	1396		4685.458692000
17		1358	4685.478468000
6	1396		4685.500291000
17		43	4685.503649000
17		1358	4685.533351000
17		43	4685.549646000
6	1396		4685.583473000
17		1358	4685.587394000
17		43	4685.596097000
17		1358	4685.640964000
17		43	4685.641752000
6	1396		4685.666629000
17		1358	4685.696545000
17		43	4685.734261000
17		1358	4685.749956000
17		604	4685.780074000
17		41	4685.780100000
17		38	4685.781068000
17		82	4685.789245000
17		33	4685.789361000
17		1358	4685.804895000
17		48	4685.826144000
17		35	4685.839748000
17		1358	4685.858341000
17		43	4685.871932000
6	52		4685.888642000
6	0		4685.888690000
6	0		4685.890525000
17		1358	4685.913942000
6	0		4685.918107000
17		43	4685.964329000
17		1358	4685.969722000
17		43	4686.009753000
17		1358	4686.025034000
17		43	4686.055764000
17		1358	4686.080708000
6	0		4686.101765000
6	1396		4686.102223000
17		43	4686.147997000
17		1358	4686.149144000
6	1396		4686.171522000
17		43	4686.239824000
17		1358	4686.241152000
6	0		4686.286156000
6	1396		4686.310172000
6	0		4686.322651000
6	0		4686.325165000
6	0		4686.325213000
17		43	4686.332325000
17		1358	4686.334263000
17		43	4686.378427000
17		1358	4686.389640000
6	1396		4686.414130000
17		43	4686.470532000
17		1358	4686.472123000
17		46	4686.516324000
17		43	4686.516352000
17		41	4686.516362000
17		1358	4686.527258000
17		33	4686.542412000
17		43	4686.562497000
17		1358	4686.571238000
17		43	4686.608421000
17		1358	4686.614794000
17		43	4686.654605000
6	0		4686.654638000
6	1396		4686.655079000
17		1358	4686.659404000
17		43	4686.700232000
17		1358	4686.702665000
17		43	4686.746498000
17		1358	4686.776233000
17		43	4686.838337000
17		627	4686.848528000
6	0		4686.883719000
6	1396		4686.884138000
17		43	4686.929784000
6	1396		4686.936118000
17		43	4687.022489000
17		43	4687.068395000
6	0		4687.113801000
6	1396		4687.114253000
17		48	4687.160078000
6	1396		4687.166237000
17		35	4687.174078000
17		43	4687.206455000
17		43	4687.251850000
17		43	4687.298048000
17		43	4687.344321000
17		43	4687.390193000
6	0		4687.402204000
6	0		4687.402261000
17		43	4687.435901000
6	0		4687.441553000
6	12		4687.441747000
6	0		4687.481004000
6	12		4687.481037000
6	0		4687.481048000
6	1		4687.481274000
6	4		4687.481295000
6	32		4687.481303000
6	0		4687.481310000
17		1127	4687.481801000
17		41	4687.482426000
17		154	4687.483308000
17		1353	4687.483334000
17		1358	4687.483338000
17		1358	4687.483341000
17		1358	4687.483344000
17		1358	4687.483347000
17		1358	4687.483350000
17		1358	4687.483353000
17		1358	4687.483357000
6	0		4687.520592000
6	0		4687.520638000
6	0		4687.520644000
6	0		4687.520727000
6	0		4687.520744000
6	0		4687.527967000
6	1396		4687.528416000
17		1358	4687.538696000
6	1396		4687.580416000
17		1358	4687.592629000
6	0		4687.620216000
17		1358	4687.647262000
17		49	4687.666385000
17		35	4687.680128000
6	1396		4687.684382000
17		43	4687.711961000
17		1358	4687.713484000
17		43	4687.758434000
6	0		4687.758460000
17		1358	4687.768793000
6	977		4687.788340000
17		43	4687.803975000
17		1358	4687.824555000
17		43	4687.850386000
6	1396		4687.861127000
17		1358	4687.879798000
17		43	4687.895822000
17		1358	4687.934688000
17		43	4687.941964000
17		43	4687.987932000
17		1358	4687.988391000
17		1358	4688.042836000
17		43	4688.079785000
17		1358	4688.097303000
6	0		4688.126275000
6	1396		4688.126764000
17		1358	4688.150995000
17		43	4688.172683000
6	1396		4688.178719000
17		1358	4688.205630000
17		43	4688.218410000
17		1358	4688.260877000
17		43	4688.310320000
17		1358	4688.316491000
6	0		4688.356365000
17		43	4688.356392000
6	1396		4688.356837000
17		1358	4688.360679000
6	1396		4688.398428000
17		43	4688.401707000
17		1358	4688.403527000
6	1396		4688.481608000
17		43	4688.493871000
17		1358	4688.495444000
17		43	4688.539727000
6	1396		4688.564773000
6	0		4688.566515000
6	0		4688.566552000
17		1358	4688.568816000
17		43	4688.586592000
6	0		4688.632299000
17		43	4688.632326000
17		1358	4688.642087000
17		43	4688.678273000
17		1358	4688.714903000
17		1358	4688.770306000
17		43	4688.770384000
6	0		4688.816500000
6	1396		4688.816907000
17		1358	4688.824513000
17		48	4688.861677000
17		35	4688.875152000
17		1358	4688.879999000
17		43	4688.907725000
17		1358	4688.934923000
17		1358	4688.989758000
17		43	4689.000103000
17		1358	4689.044665000
6	0		4689.046250000
6	1396		4689.046660000
17		43	4689.091904000
6	1396		4689.098652000
17		1358	4689.100514000
17		43	4689.184021000
17		1358	4689.185730000
6	0		4689.230257000
6	1396		4689.230708000
17		43	4689.276498000
17		1358	4689.278109000
6	1396		4689.306609000
17		43	4689.321815000
17		1358	4689.333194000
6	0		4689.355702000
6	0		4689.355761000
17		43	4689.367715000
17		1358	4689.388088000
17		43	4689.414364000
17		1358	4689.443553000
17		43	4689.505684000
17		1358	4689.507120000
17		43	4689.551746000
17		1358	4689.562538000
17		43	4689.598353000
17		1358	4689.618043000
17		43	4689.644417000
6	0		4689.644471000
17		1358	4689.673195000
17		1358	4689.727588000
6	0		4689.735987000
6	1396		4689.736430000
17		43	4689.781839000
17		1358	4689.783506000
6	1396		4689.788418000
17		43	4689.828535000
17		1358	4689.838153000
17		43	4689.920281000
17		1358	4689.921950000
6	0		4689.965672000
6	1396		4689.966127000
17		43	4690.012118000
17		627	4690.013709000
6	1396		4690.018136000
17		43	4690.058163000
17		43	4690.104145000
17		43	4690.150430000
17		48	4690.195644000
17		35	4690.209347000
17		43	4690.242559000
6	0		4690.248707000
6	0		4690.248761000
17		43	4690.288446000
17		1119	4690.288472000
17		34	4690.289089000
17		1358	4690.290347000
17		1358	4690.345451000
17		43	4690.379935000
17		1358	4690.399978000
6	0		4690.426111000
6	1396		4690.426551000
17		1358	4690.454790000
6	1396		4690.468159000
17		43	4690.472190000
17		1358	4690.508249000
17		43	4690.518264000
6	1396		4690.551333000
17		1358	4690.562710000
17		43	4690.564042000
6	0		4690.610271000
17		1358	4690.617222000
6	1396		4690.634511000
17		49	4690.656062000
17		35	4690.669906000
17		1358	4690.671157000
17		43	4690.702718000
6	1396		4690.717679000
17		1358	4690.725902000
17		43	4690.748416000
17		1358	4690.780641000
6	1396		4690.800855000
17		1358	4690.834378000
17		43	4690.839822000
6	1396		4690.884045000
6	0		4690.886023000
17		1358	4690.888694000
17		43	4690.932288000
17		1358	4690.943335000
17		1358	4690.997538000
17		43	4691.023664000
17		1358	4691.052183000
17		43	4691.069698000
17		1358	4691.106209000
6	0		4691.116133000
6	1396		4691.116578000
17		1358	4691.160572000
17		43	4691.162423000
6	1396		4691.168593000
17		1358	4691.215199000
17		43	4691.253708000
17		1358	4691.268680000
6	0		4691.300541000
6	1396		4691.300997000
17		1358	4691.322835000
17		43	4691.346024000
6	1396		4691.376512000
17		1358	4691.378157000
17		43	4691.438426000
17		1358	4691.439332000
17		43	4691.484328000
17		1358	4691.485908000
17		43	4691.529896000
17		1358	4691.531513000
6	0		4691.576066000
17		43	4691.576100000
6	1396		4691.576549000
17		1358	4691.577708000
17		43	4691.622596000
17		1358	4691.624173000
17		43	4691.714419000
17		1358	4691.715153000
6	0		4691.759680000
6	1396		4691.760118000
17		43	4691.806168000
17		1358	4691.807829000
17		43	4691.852258000
17		1358	4691.862422000
6	0		4691.943905000
17		43	4691.943930000
6	1396		4691.944368000
17		1358	4691.945556000
17		43	4691.989729000
17		1358	4692.000260000
6	1396		4692.007128000
17		48	4692.036065000
17		35	4692.050191000
17		1358	4692.056238000
17		43	4692.082409000
17		1358	4692.111548000
17		43	4692.128401000
17		1358	4692.166436000
17		43	4692.220585000
17		1358	4692.222106000
17		43	4692.265835000
17		1358	4692.277267000
17		43	4692.312358000
17		1358	4692.332048000
6	0		4692.357689000
6	1396		4692.358143000
17		43	4692.404191000
17		1358	4692.404842000
6	1396		4692.420905000
17		43	4692.450612000
17		1358	4692.460561000
17		43	4692.541776000
17		1358	4692.543007000
6	0		4692.588098000
6	1396		4692.588592000
17		1358	4692.598632000
17		43	4692.634457000
17		1358	4692.652584000
6	1396		4692.671983000
17		43	4692.680233000
17		1358	4692.707942000
17		43	4692.726678000
17		1358	4692.763289000
17		43	4692.772364000
17		1358	4692.817947000
17		43	4692.818270000
17		43	4692.864566000
17		1358	4692.873343000
17		1358	4692.929673000
17		43	4692.955982000
17		1358	4692.983400000
6	0		4693.002145000
6	1396		4693.002601000
17		43	4693.048599000
17		1358	4693.050177000
6	1396		4693.065372000
17		43	4693.093627000
17		754	4693.095213000
17		43	4693.186519000
6	0		4693.231769000
6	1396		4693.232257000
17		43	4693.277726000
6	1396		4693.291331000
17		48	4693.324550000
17		35	4693.338158000
17		43	4693.370523000
6	1396		4693.391778000
17		43	4693.416479000
17		43	4693.462038000
6	1396		4693.492205000
17		43	4693.508195000
17		43	4693.599723000
6	0		4693.646485000
17		1130	4693.646517000
17		41	4693.647156000
17		158	4693.647968000
17		1353	4693.648036000
17		1358	4693.648045000
17		1358	4693.648048000
17		1358	4693.648052000
17		1358	4693.648055000
17		1358	4693.648058000
17		1358	4693.648061000
17		1358	4693.703680000
6	0		4693.738433000
6	1396		4693.738926000
17		1358	4693.757469000
6	1396		4693.801676000
17		1358	4693.812084000
6	0		4693.830318000
17		49	4693.830348000
17		35	4693.844346000
17		43	4693.876627000
17		1358	4693.878468000
17		43	4693.922570000
6	1396		4693.927220000
17		43	4693.967773000
17		1358	4693.969748000
17		43	4694.014569000
17		1358	4694.025238000
6	1396		4694.052734000
17		43	4694.059756000
17		708	4694.059782000
17		38	4694.060759000
17		81	4694.068863000
17		33	4694.068914000
17		1358	4694.079784000
17		43	4694.105886000
17		1358	4694.134830000
17		43	4694.151817000
17		1358	4694.190840000
17		43	4694.198001000
6	0		4694.227909000
6	0		4694.227975000
17		1358	4694.246524000
17		43	4694.289813000
17		1358	4694.301903000
6	0		4694.336026000
6	1396		4694.336478000
17		43	4694.382245000
17		1358	4694.384558000
6	1396		4694.399236000
17		1358	4694.436453000
17		43	4694.474418000
6	0		4694.479401000
6	41		4694.484712000
17		1358	4694.486603000
17		43	4694.519654000
17		1358	4694.536499000
6	0		4694.566446000
17		46	4694.566470000
17		41	4694.566478000
6	1396		4694.566877000
17		1358	4694.586811000
17		33	4694.592221000
17		43	4694.611984000
6	1396		4694.650324000
17		43	4694.658250000
17		43	4694.704482000
6	0		4694.735600000
6	21		4694.736538000
6	0		4694.736566000
6	1080		4694.737540000
17		43	4694.750530000
6	1396		4694.775869000
17		43	4694.795984000
17		43	4694.888195000
17		1358	4694.889836000
6	1396		4694.901423000
6	0		4694.934028000
17		43	4694.980573000
17		1358	4694.982226000
6	0		4694.988641000
6	440		4694.988735000
17		48	4695.026743000
6	1396		4695.026922000
6	0		4695.030219000
17		1358	4695.033994000
17		43	4695.072262000
17		1358	4695.086136000
17		43	4695.118221000
17		1358	4695.136302000
6	1396		4695.152501000
6	0		4695.164159000
17		1358	4695.186322000
17		1358	4695.236806000
17		43	4695.256076000
6	1396		4695.278027000
6	48		4695.281189000
6	0		4695.281236000
6	280		4695.285346000
17		1358	4695.288544000
6	0		4695.302249000
17		1358	4695.338685000
17		43	4695.347864000
17		1358	4695.388732000
6	1396		4695.403562000
17		1358	4695.439081000
17		43	4695.439936000
17		43	4695.486113000
17		1358	4695.489637000
6	1396		4695.529107000
17		43	4695.532352000
6	0		4695.532375000
6	0		4695.537189000
6	16		4695.539222000
17		1358	4695.540383000
6	0		4695.582214000
17		1358	4695.591610000
17		43	4695.624474000
17		1358	4695.641142000
6	1396		4695.654638000
17		43	4695.669750000
17		692	4695.692002000
6	0		4695.716645000
17		43	4695.762328000
6	1396		4695.781186000
17		43	4695.808164000
6	52		4695.833230000
6	0		4695.833274000
6	52		4695.833425000
17		43	4695.854372000
17		43	4695.900419000
6	1396		4695.905733000
17		43	4695.946049000
6	0		4695.992184000
6	1396		4696.031286000
17		43	4696.038369000
17		43	4696.084296000
6	100		4696.085240000
6	0		4696.126232000
17		43	4696.129722000
6	1396		4696.156798000
17		1128	4696.175758000
17		41	4696.176386000
17		154	4696.177118000
17		1353	4696.177214000
17		1358	4696.177226000
17		1358	4696.177230000
17		1358	4696.177234000
17		1358	4696.177238000
17		1358	4696.177243000
17		1358	4696.177247000
17		1358	4696.177252000
17		1358	4696.177256000
6	0		4696.222365000
17		1358	4696.228624000
17		1358	4696.279073000
6	1396		4696.282354000
6	0		4696.314123000
17		1358	4696.329943000
17		49	4696.360258000
17		35	4696.373575000
17		43	4696.406362000
6	1396		4696.407875000
17		43	4696.452481000
6	0		4696.452520000
17		43	4696.498367000
17		1358	4696.500418000
6	1396		4696.509073000
17		43	4696.543636000
17		1358	4696.545227000
17		43	4696.590205000
17		1358	4696.596579000
6	1396		4696.610247000
17		43	4696.636431000
17		1358	4696.637666000
17		43	4696.682530000
17		1358	4696.684230000
6	1396		4696.694463000
17		43	4696.728047000
17		1358	4696.729114000
17		43	4696.774695000
17		1358	4696.776328000
6	1396		4696.778653000
17		43	4696.820253000
17		1358	4696.844400000
6	1396		4696.862872000
17		43	4696.865829000
17		43	4696.912059000
17		1358	4696.913373000
6	1396		4696.947114000
6	0		4696.958702000
17		1358	4696.981704000
17		43	4697.004495000
17		1358	4697.049432000
17		43	4697.096581000
17		1358	4697.100927000
17		43	4697.141598000
17		1358	4697.151903000
6	0		4697.187761000
6	1396		4697.188217000
17		43	4697.234244000
17		1358	4697.234886000
6	1396		4697.258373000
17		43	4697.279886000
17		1358	4697.286369000
17		43	4697.372486000
17		1358	4697.373881000
17		43	4697.417692000
17		1358	4697.425189000
6	0		4697.463830000
6	1396		4697.464332000
17		48	4697.510525000
17		1358	4697.512106000
6	1396		4697.516971000
17		43	4697.602418000
17		1358	4697.603025000
6	0		4697.647809000
17		43	4697.647833000
6	1396		4697.648243000
17		1358	4697.654317000
17		43	4697.694244000
17		1358	4697.705742000
6	1396		4697.727569000
17		43	4697.740328000
17		1358	4697.757272000
17		43	4697.786067000
17		1358	4697.808139000
17		43	4697.878318000
17		1358	4697.879932000
6	0		4697.923766000
6	1396		4697.924209000
17		43	4697.970493000
17		1358	4697.971504000
6	1396		4697.976847000
17		43	4698.016014000
6	68		4698.022494000
17		1358	4698.022832000
17		43	4698.062266000
17		1358	4698.073829000
17		43	4698.154064000
17		1358	4698.154841000
6	0		4698.199903000
6	1396		4698.200626000
17		43	4698.246344000
17		1358	4698.247846000
6	1396		4698.253247000
6	52		4698.273926000
6	0		4698.273970000
6	0		4698.274054000
6	0		4698.275209000
17		43	4698.292062000
17		1358	4698.292753000
17		43	4698.338156000
17		1358	4698.339307000
6	0		4698.384353000
6	1396		4698.384795000
17		43	4698.429689000
17		1358	4698.431230000
6	1396		4698.463801000
17		43	4698.476138000
17		1358	4698.477682000
17		43	4698.522083000
6	0		4698.525752000
17		1358	4698.545577000
17		43	4698.613776000
17		1358	4698.615339000
6	0		4698.660097000
6	1396		4698.660542000
17		43	4698.706593000
17		1358	4698.707686000
6	1396		4698.713187000
17		43	4698.752165000
17		1358	4698.759196000
17		48	4698.798240000
17		645	4698.810230000
17		43	4698.890400000
6	0		4698.935834000
17		43	4698.935863000
6	1396		4698.936246000
17		43	4698.981987000
6	1396		4698.988891000
17		43	4699.074328000
6	0		4699.120527000
6	1396		4699.120985000
17		43	4699.166370000
6	1396		4699.199414000
17		43	4699.212485000
17		43	4699.257697000
17		43	4699.350031000
6	0		4699.396374000
6	1396		4699.396806000
17		1042	4699.442371000
17		41	4699.443033000
17		1358	4699.443872000
17		1358	4699.443892000
17		1358	4699.443897000
17		1358	4699.443901000
17		1358	4699.443905000
17		1358	4699.443909000
17		1358	4699.443913000
17		1358	4699.443917000
6	1396		4699.449475000
17		1358	4699.495416000
6	0		4699.533884000
17		1358	4699.545443000
6	1396		4699.554707000
6	0		4699.626268000
6	1396		4699.659968000
17		43	4699.672235000
17		49	4699.717707000
17		1358	4699.719377000
6	0		4699.764129000
17		43	4699.764155000
6	1396		4699.765218000
17		1358	4699.770116000
17		43	4699.809773000
17		1358	4699.821272000
17		43	4699.856111000
6	1396		4699.870488000
17		1358	4699.873059000
17		43	4699.902276000
17		1358	4699.923947000
17		43	4699.948236000
17		1358	4699.975098000
6	1396		4699.975743000
17		43	4699.994111000
17		1358	4700.026398000
17		1358	4700.078061000
17		43	4700.085731000
17		1358	4700.128921000
17		43	4700.132215000
17		1358	4700.170091000
6	0		4700.178363000
6	1396		4700.178797000
6	1396		4700.220882000
17		43	4700.270263000
17		1358	4700.272471000
6	1396		4700.305091000
6	0		4700.316449000
17		43	4700.362430000
17		1358	4700.363967000
6	1396		4700.389298000
17		43	4700.408435000
17		1358	4700.432832000
6	1396		4700.473518000
17		43	4700.500402000
17		1358	4700.502031000
17		43	4700.546042000
17		1358	4700.553582000
6	1396		4700.557718000
17		43	4700.592015000
17		1358	4700.604520000
6	0		4700.638144000
17		43	4700.683732000
17		1358	4700.685391000
17		43	4700.729748000
17		1358	4700.736978000
17		43	4700.776502000
17		1358	4700.786851000
17		1358	4700.837413000
6	0		4700.868360000
6	1396		4700.868820000
17		43	4700.914030000
17		1358	4700.914725000
6	1396		4700.939004000
17		43	4701.006112000
17		1358	4701.007122000
6	0		4701.052447000
6	1396		4701.079366000
17		48	4701.098444000
17		1358	4701.099222000
6	1396		4701.184628000
17		43	4701.190387000
17		1358	4701.192263000
17		43	4701.235712000
17		1358	4701.243971000
6	0		4701.282631000
6	1396		4701.289876000
17		43	4701.328169000
17		1358	4701.329311000
17		43	4701.373974000
17		1358	4701.381274000
6	1396		4701.395155000
17		43	4701.420409000
17		1358	4701.432995000
17		43	4701.466349000
17		1358	4701.483465000
17		1358	4701.533756000
17		43	4701.557726000
17		1358	4701.583884000
6	0		4701.604115000
17		43	4701.650047000
17		1358	4701.651626000
17		43	4701.741857000
17		1358	4701.743476000
6	0		4701.788081000
6	1396		4701.788505000
17		43	4701.834082000
17		1358	4701.836447000
6	1396		4701.841161000
17		43	4701.879864000
17		1358	4701.881548000
17		43	4701.971727000
17		1358	4701.973309000
6	0		4702.017861000
17		43	4702.017890000
6	1396		4702.018337000
17		1358	4702.041470000
17		43	4702.064431000
6	1396		4702.070947000
17		1358	4702.110291000
17		43	4702.110678000
17		43	4702.156244000
17		1358	4702.178614000
17		43	4702.202386000
17		760	4702.229793000
17		43	4702.247818000
17		43	4702.293951000
17		48	4702.386278000
17		35	4702.400013000
6	0		4702.431664000
6	1396		4702.432157000
17		43	4702.478443000
6	1396		4702.484779000
17		43	4702.524532000
6	1396		4702.590020000
17		43	4702.615720000
6	0		4702.662436000
17		43	4702.662476000
6	1396		4702.695321000
17		43	4702.708379000
17		1134	4702.753810000
17		41	4702.754481000
17		159	4702.755424000
17		1353	4702.755441000
17		1358	4702.755454000
17		1358	4702.755458000
17		1358	4702.755462000
17		1358	4702.755470000
17		1358	4702.755475000
17		1358	4702.755479000
17		1358	4702.755483000
6	1396		4702.800540000
17		1358	4702.806792000
6	0		4702.845902000
17		1358	4702.857919000
6	1396		4702.905808000
6	0		4702.937604000
17		49	4702.937632000
17		35	4702.951305000
17		43	4702.984122000
17		1358	4702.985679000
6	1396		4703.011087000
17		43	4703.030694000
17		1358	4703.037160000
17		43	4703.075655000
17		1358	4703.088923000
6	1396		4703.116343000
17		43	4703.122245000
17		1358	4703.140416000
17		43	4703.168356000
17		1358	4703.191674000
17		43	4703.214644000
6	1396		4703.221606000
17		1358	4703.243968000
17		43	4703.260084000
17		1358	4703.293596000
17		1358	4703.343823000
17		43	4703.351793000
17		1358	4703.395273000
17		43	4703.398413000
6	0		4703.398461000
6	1396		4703.398880000
17		1358	4703.446353000
17		43	4703.489987000
17		1358	4703.497617000
6	0		4703.522051000
6	0		4703.522111000
6	0		4703.536005000
6	1396		4703.536520000
6	0		4703.561575000
6	12		4703.561867000
17		43	4703.581855000
17		1358	4703.583460000
6	1396		4703.589097000
6	0		4703.601185000
6	12		4703.601221000
6	0		4703.601232000
6	1		4703.601441000
6	4		4703.601467000
6	32		4703.601478000
6	0		4703.601492000
17		43	4703.628034000
17		1358	4703.629783000
6	0		4703.640729000
6	0		4703.640767000
6	0		4703.640836000
6	0		4703.640849000
17		43	4703.719889000
17		1358	4703.721710000
17		43	4703.766018000
17		1358	4703.766740000
6	0		4703.812150000
6	1396		4703.812627000
17		43	4703.857860000
17		1358	4703.859507000
6	1396		4703.865231000
17		43	4703.903789000
17		1358	4703.927858000
17		43	4703.950391000
17		1358	4703.995632000
17		43	4704.041687000
17		1358	4704.045462000
17		43	4704.087733000
17		1358	4704.096514000
6	0		4704.133860000
6	1396		4704.134336000
17		1358	4704.147245000
6	1396		4704.178366000
17		48	4704.179855000
17		35	4704.194226000
17		1358	4704.197938000
6	1396		4704.266412000
17		43	4704.272174000
17		1358	4704.273545000
17		43	4704.318493000
17		1358	4704.325248000
6	1396		4704.354423000
17		43	4704.363726000
17		1358	4704.377011000
6	0		4704.409915000
17		43	4704.456318000
17		1358	4704.457984000
17		43	4704.502532000
17		1358	4704.509044000
17		43	4704.548225000
17		1358	4704.559956000
17		43	4704.594191000
17		1358	4704.611243000
17		43	4704.639806000
17		1358	4704.663167000
6	0		4704.685630000
6	1396		4704.686046000
17		43	4704.732091000
17		1358	4704.733737000
6	1396		4704.741100000
17		43	4704.824249000
17		1358	4704.826445000
6	0		4704.870195000
6	1396		4704.870627000
17		43	4704.915821000
17		1358	4704.917715000
6	1396		4704.961189000
17		43	4704.961790000
17		1358	4704.969802000
17		43	4705.054268000
17		674	4705.054299000
17		1358	4705.055299000
17		38	4705.056064000
17		84	4705.063803000
17		33	4705.063835000
17		43	4705.100149000
17		1358	4705.106246000
17		43	4705.145973000
17		1358	4705.147579000
17		1358	4705.189822000
17		43	4705.192399000
17		1358	4705.229291000
17		43	4705.238415000
6	0		4705.238448000
6	1396		4705.238919000
17		1358	4705.271001000
17		43	4705.329853000
17		1358	4705.330907000
6	0		4705.376602000
6	1396		4705.377060000
17		43	4705.422003000
17		1358	4705.423612000
6	1396		4705.432090000
17		48	4705.514312000
17		1358	4705.515883000
6	0		4705.559994000
6	1396		4705.560473000
17		43	4705.606264000
17		1358	4705.607728000
6	1396		4705.652192000
17		46	4705.652511000
17		43	4705.652533000
17		41	4705.652540000
17		1358	4705.659219000
17		33	4705.678327000
17		43	4705.698272000
17		1358	4705.710734000
17		43	4705.744305000
17		1358	4705.761662000
17		43	4705.789949000
17		1358	4705.813438000
17		43	4705.836321000
17		1358	4705.865026000
17		43	4705.881765000
17		1358	4705.916238000
17		43	4705.928177000
17		1358	4705.967888000
6	0		4705.973971000
6	1396		4705.974427000
17		43	4706.020146000
17		1358	4706.021772000
6	1396		4706.029461000
17		43	4706.111873000
17		1358	4706.113487000
6	0		4706.158079000
6	1396		4706.158549000
17		43	4706.203795000
17		1358	4706.205588000
6	1396		4706.249568000
17		43	4706.295864000
17		1358	4706.298252000
17		43	4706.341931000
17		1358	4706.349909000
17		43	4706.388326000
17		1358	4706.401333000
6	0		4706.434119000
17		43	4706.434155000
6	1396		4706.434585000
17		1358	4706.452248000
17		43	4706.479728000
17		1358	4706.503716000
17		43	4706.526584000
17		1358	4706.555116000
17		1358	4706.606232000
17		43	4706.618399000
17		1358	4706.657980000
6	0		4706.663620000
6	1396		4706.664075000
17		43	4706.710104000
17		1358	4706.711522000
6	1396		4706.719101000
17		48	4706.802348000
17		1358	4706.803563000
6	0		4706.848569000
6	1396		4706.848997000
17		43	4706.893897000
17		1358	4706.895138000
6	1396		4706.939213000
17		43	4706.940083000
17		1358	4706.962984000
17		43	4706.986285000
17		1358	4707.031281000
17		43	4707.078470000
17		1358	4707.099179000
17		43	4707.124486000
17		1358	4707.150847000
17		43	4707.170416000
17		1358	4707.202976000
17		43	4707.216211000
17		1358	4707.254030000
6	0		4707.262354000
6	1396		4707.262844000
17		1358	4707.305233000
6	1396		4707.306821000
17		43	4707.308350000
17		1358	4707.355684000
6	1396		4707.394883000
17		43	4707.400261000
17		1358	4707.406609000
6	0		4707.446513000
6	1396		4707.482932000
17		43	4707.492014000
17		1358	4707.493609000
6	1396		4707.570943000
17		43	4707.583924000
17		1358	4707.584590000
17		43	4707.630268000
17		1358	4707.635755000
6	1396		4707.658983000
17		43	4707.675905000
17		1358	4707.687820000
6	0		4707.710653000
6	0		4707.710715000
17		43	4707.722404000
6	0		4707.722432000
17		1358	4707.739683000
17		43	4707.767975000
17		1358	4707.790697000
17		43	4707.814025000
17		1358	4707.842229000
17		43	4707.860417000
17		1358	4707.893009000
6	0		4707.906021000
17		43	4707.952140000
17		1358	4707.953893000
17		43	4708.044149000
17		1358	4708.045258000
6	0		4708.090412000
6	1396		4708.090850000
17		48	4708.136341000
17		1358	4708.137855000
6	1396		4708.150498000
17		43	4708.227784000
17		1358	4708.228669000
17		43	4708.273782000
17		1358	4708.275649000
6	0		4708.320035000
6	1396		4708.320507000
17		43	4708.365791000
17		1358	4708.367384000
6	1396		4708.389211000
17		43	4708.411666000
17		1358	4708.413276000
17		43	4708.458346000
17		1358	4708.481198000
17		43	4708.504221000
6	0		4708.530850000
6	0		4708.530913000
6	0		4708.531079000
6	0		4708.531123000
17		1358	4708.550227000
17		43	4708.550278000
17		43	4708.595692000
17		1358	4708.618298000
17		1358	4708.669314000
17		43	4708.688522000
6	0		4708.692138000
17		1358	4708.719974000
6	0		4708.733753000
6	1396		4708.734213000
17		1358	4708.770827000
17		43	4708.780119000
6	0		4708.780751000
6	41		4708.785977000
6	1396		4708.793879000
17		1358	4708.820622000
17		43	4708.825916000
17		1358	4708.872685000
6	1396		4708.913217000
17		43	4708.917975000
17		1358	4708.924575000
6	0		4708.964575000
17		43	4709.009835000
17		1358	4709.010866000
6	1396		4709.032569000
6	0		4709.035333000
6	21		4709.042429000
6	0		4709.042466000
6	1080		4709.043421000
17		43	4709.055843000
17		1358	4709.062355000
17		43	4709.101730000
17		1358	4709.113763000
17		43	4709.148388000
6	1396		4709.151907000
17		1358	4709.165406000
17		43	4709.193983000
17		1358	4709.215811000
17		1358	4709.266570000
17		43	4709.286116000
6	440		4709.300096000
17		1358	4709.316370000
6	0		4709.332252000
6	1396		4709.332694000
6	0		4709.342227000
17		43	4709.377754000
17		1358	4709.378897000
6	1396		4709.392367000
17		48	4709.423876000
17		1358	4709.429982000
17		43	4709.516340000
17		1358	4709.517980000
17		43	4709.562247000
17		1358	4709.569534000
6	48		4709.591582000
6	0		4709.591620000
6	280		4709.595863000
6	0		4709.608411000
6	1396		4709.608871000
17		43	4709.653821000
17		1358	4709.655479000
6	1396		4709.668543000
17		43	4709.699910000
17		1358	4709.707563000
17		43	4709.791917000
17		1358	4709.793505000
17		1358	4709.835308000
17		43	4709.837818000
6	16		4709.850257000
17		1358	4709.875604000
17		43	4709.884177000
6	0		4709.894221000
17		1358	4709.917399000
6	0		4709.930308000
6	1396		4709.930744000
17		43	4709.975820000
17		1358	4709.977411000
6	1396		4709.990396000
17		43	4710.067761000
17		1358	4710.069010000
17		43	4710.113722000
17		1358	4710.137285000
6	52		4710.143570000
6	0		4710.143607000
6	52		4710.143728000
17		43	4710.160073000
6	0		4710.205716000
6	1396		4710.206157000
17		1358	4710.206483000
17		767	4710.252573000
17		43	4710.252604000
17		38	4710.253638000
6	1396		4710.253866000
17		111	4710.266493000
17		74	4710.266540000
17		43	4710.343879000
17		1358	4710.345445000
6	1396		4710.349368000
17		43	4710.389833000
6	100		4710.395202000
17		1358	4710.406330000
17		43	4710.436490000
6	0		4710.438213000
6	1396		4710.444855000
17		1358	4710.467096000
17		43	4710.482479000
17		1358	4710.527173000
6	0		4710.527617000
17		43	4710.574398000
17		1358	4710.586588000
17		1358	4710.645452000
17		43	4710.666028000
17		1358	4710.705759000
17		43	4710.711672000
6	0		4710.758546000
6	1396		4710.758989000
17		1358	4710.766087000
17		48	4710.804435000
17		41	4710.804467000
17		35	4710.818067000
17		1358	4710.827420000
6	1396		4710.838556000
17		46	4710.850402000
17		41	4710.850426000
17		33	4710.876232000
17		43	4710.895832000
17		1358	4710.897474000
6	0		4710.941670000
17		43	4710.987690000
17		1358	4710.988966000
6	1396		4710.997681000
17		43	4711.080140000
17		1358	4711.081099000
6	1396		4711.117053000
17		43	4711.126096000
17		1358	4711.141338000
17		43	4711.172056000
17		1358	4711.202210000
6	0		4711.218383000
17		43	4711.218410000
6	1396		4711.236382000
17		1358	4711.262951000
17		43	4711.310258000
17		1358	4711.322357000
17		43	4711.356541000
17		1358	4711.381741000
6	0		4711.402013000
6	1396		4711.402428000
17		1358	4711.429866000
17		43	4711.448199000
6	1396		4711.475062000
17		1358	4711.478370000
17		43	4711.494383000
17		1358	4711.527820000
17		43	4711.586134000
17		1358	4711.587641000
6	0		4711.632541000
6	1396		4711.632982000
17		43	4711.678238000
17		1358	4711.679797000
6	1396		4711.713765000
17		43	4711.724118000
17		1358	4711.760305000
17		43	4711.816318000
17		1358	4711.840611000
17		43	4711.861920000
17		1358	4711.900966000
6	0		4711.907858000
17		43	4711.907893000
6	1396		4711.908324000
17		43	4711.954051000
17		1358	4711.961440000
6	1396		4711.967986000
17		1358	4712.022845000
17		43	4712.046045000
17		1358	4712.082594000
17		43	4712.092099000
17		48	4712.137745000
17		1358	4712.144075000
6	0		4712.184170000
6	1396		4712.184621000
17		1358	4712.204698000
17		43	4712.230260000
6	1396		4712.244291000
17		1358	4712.264770000
17		43	4712.321988000
17		1358	4712.325398000
17		43	4712.368076000
17		1358	4712.386357000
17		43	4712.413776000
17		1358	4712.446462000
6	0		4712.460109000
6	1396		4712.460586000
17		43	4712.505689000
17		1358	4712.507426000
6	1396		4712.520236000
17		43	4712.551759000
17		1358	4712.567965000
6	68		4712.589380000
17		43	4712.598660000
17		1358	4712.627926000
17		43	4712.644222000
17		1358	4712.688973000
6	0		4712.690474000
6	1396		4712.690921000
17		43	4712.736290000
17		1358	4712.749907000
6	1396		4712.758937000
17		43	4712.828322000
17		1358	4712.830257000
6	52		4712.841236000
6	0		4712.841274000
6	0		4712.841293000
6	0		4712.842496000
17		43	4712.874514000
17		1358	4712.890946000
17		43	4712.920553000
17		1358	4712.951916000
17		43	4712.966422000
6	0		4712.966449000
6	1396		4712.966875000
6	1396		4713.014604000
17		43	4713.057914000
6	0		4713.091822000
6	0		4713.104074000
6	1396		4713.110102000
17		43	4713.150201000
17		43	4713.196392000
17		1358	4713.197560000
6	1396		4713.205583000
17		43	4713.287766000
17		1358	4713.289333000
6	1396		4713.301067000
6	0		4713.334350000
17		43	4713.380381000
17		1358	4713.381368000
6	1396		4713.396531000
17		43	4713.426413000
17		1358	4713.441596000
17		48	4713.471738000
17		35	4713.485426000
6	1396		4713.492001000
17		1358	4713.502280000
6	0		4713.563727000
6	1396		4713.587497000
17		43	4713.655835000
17		1358	4713.657336000
6	1396		4713.682983000
6	0		4713.702069000
17		1358	4713.718089000
17		43	4713.748280000
17		1358	4713.777352000
6	1396		4713.778436000
17		1358	4713.837806000
17		43	4713.839613000
6	0		4713.886160000
17		1358	4713.896798000
17		43	4713.932662000
6	1396		4713.937571000
17		1358	4713.956916000
17		43	4713.978230000
17		1358	4714.016757000
6	0		4714.024374000
17		43	4714.070057000
17		1358	4714.076747000
6	1396		4714.096700000
17		1358	4714.136692000
17		43	4714.162274000
17		1358	4714.196410000
17		43	4714.207684000
6	1396		4714.242476000
6	0		4714.254123000
17		1358	4714.256208000
17		43	4714.299955000
17		1358	4714.315874000
17		43	4714.346400000
6	1396		4714.348411000
17		1358	4714.374575000
17		1358	4714.434234000
17		43	4714.437692000
6	1396		4714.449276000
17		43	4714.484353000
17		1358	4714.494431000
17		43	4714.529769000
17		1358	4714.543074000
6	1396		4714.550181000
6	0		4714.575957000
17		1358	4714.590445000
17		43	4714.622403000
17		1358	4714.638045000
6	1396		4714.651035000
17		1358	4714.685276000
17		43	4714.714387000
17		1358	4714.733704000
6	1396		4714.751924000
17		43	4714.760301000
17		1358	4714.781560000
6	0		4714.806428000
17		1358	4714.828649000
17		43	4714.851753000
6	1396		4714.852761000
17		1358	4714.876822000
17		43	4714.897765000
17		1358	4714.924717000
6	1396		4714.953645000
17		43	4714.990038000
17		1358	4715.004236000
17		48	4715.035751000
17		35	4715.049447000
6	1396		4715.054517000
6	0		4715.081729000
17		1358	4715.084098000
17		43	4715.127816000
6	1396		4715.155387000
17		1358	4715.163420000
17		43	4715.174187000
17		1358	4715.243603000
6	1396		4715.256264000
17		43	4715.265854000
6	0		4715.311834000
17		1358	4715.323449000
6	1396		4715.357142000
17		43	4715.357624000
17		1358	4715.402002000
17		43	4715.404146000
6	1396		4715.458030000
17		1358	4715.462623000
17		43	4715.496524000
17		1358	4715.522701000
17		43	4715.542016000
6	1396		4715.558891000
17		1358	4715.582551000
6	0		4715.588276000
17		43	4715.634007000
17		1358	4715.641763000
6	1396		4715.659790000
17		1358	4715.701123000
17		43	4715.726143000
6	1396		4715.760652000
17		1358	4715.761470000
6	0		4715.772509000
17		43	4715.818908000
17		1358	4715.820939000
6	1396		4715.861536000
17		43	4715.864508000
17		1358	4715.880269000
17		1358	4715.939822000
17		43	4715.955652000
6	1396		4715.962395000
17		1358	4715.999651000
6	0		4716.001916000
17		43	4716.001946000
17		1358	4716.060693000
6	1396		4716.063271000
17		43	4716.094226000
17		1358	4716.120031000
17		43	4716.140384000
6	1396		4716.164173000
17		1358	4716.179434000
6	0		4716.186531000
17		43	4716.231958000
17		1358	4716.239413000
6	1396		4716.265026000
17		43	4716.277930000
17		1358	4716.298856000
6	0		4716.324408000
6	0		4716.324734000
17		1358	4716.358404000
6	1396		4716.365905000
17		43	4716.369790000
6	0		4716.416386000
17		1358	4716.418100000
6	0		4716.462395000
17		43	4716.462434000
6	0		4716.462699000
6	1396		4716.466776000
17		1358	4716.478344000
17		48	4716.508347000
17		35	4716.522642000
17		1358	4716.537880000
6	1396		4716.567646000
17		1358	4716.597804000
17		43	4716.600307000
17		43	4716.645983000
17		1358	4716.657757000
6	1396		4716.668528000
6	0		4716.692374000
17		43	4716.692401000
17		1358	4716.717217000
17		43	4716.737693000
6	1396		4716.769394000
17		1358	4716.777216000
17		43	4716.830445000
17		1358	4716.836396000
6	1396		4716.870278000
6	0		4716.875736000
17		1358	4716.896069000
17		43	4716.921708000
17		1358	4716.955557000
17		43	4716.968213000
6	1396		4716.971128000
17		1358	4717.015226000
17		43	4717.060350000
6	1396		4717.072018000
17		1358	4717.075664000
17		43	4717.106190000
17		1358	4717.135804000
6	0		4717.152436000
6	1396		4717.172880000
17		1358	4717.195166000
17		43	4717.198071000
17		41	4717.244204000
17		37	4717.245791000
17		1358	4717.254776000
6	1396		4717.273765000
17		43	4717.290575000
17		1358	4717.314362000
17		43	4717.336007000
6	1396		4717.354451000
17		1358	4717.374085000
6	0		4717.381715000
17		43	4717.428394000
17		1358	4717.434142000
6	1396		4717.435148000
17		1358	4717.494214000
6	1396		4717.515885000
17		43	4717.520211000
17		1358	4717.553633000
6	0		4717.566383000
6	1396		4717.596584000
17		43	4717.612199000
17		1358	4717.613805000
17		43	4717.657792000
17		1358	4717.673381000
6	1396		4717.677385000
17		1358	4717.733096000
17		43	4717.750518000
6	1396		4717.757978000
17		1358	4717.792876000
17		43	4717.796257000
6	1396		4717.838669000
6	0		4717.842418000
17		1358	4717.852333000
17		43	4717.887975000
17		1358	4717.912573000
17		1358	4717.972228000
17		43	4717.980001000
17		43	4718.026352000
17		1358	4718.031729000
6	0		4718.072435000
17		41	4718.072457000
6	1396		4718.072850000
17		39	4718.074023000
17		1358	4718.080191000
17		43	4718.118116000
17		1358	4718.128048000
6	1396		4718.140150000
17		1358	4718.175792000
17		43	4718.210128000
17		1358	4718.222387000
6	0		4718.256264000
17		1358	4718.271481000
6	1396		4718.274603000
17		43	4718.302534000
17		1358	4718.318409000
17		43	4718.347841000
17		1358	4718.367578000
6	1396		4718.409106000
17		43	4718.439931000
17		1358	4718.441552000
6	0		4718.486520000
17		43	4718.531918000
17		1358	4718.533563000
6	1396		4718.543606000
17		43	4718.624522000
17		1358	4718.626128000
6	1396		4718.644493000
17		43	4718.669811000
17		1358	4718.706597000
6	0		4718.715966000
6	1396		4718.745371000
17		43	4718.761892000
17		1358	4718.787180000
6	1396		4718.846250000
6	0		4718.854476000
17		43	4718.854505000
17		1358	4718.867554000
17		43	4718.900364000
17		1358	4718.927952000
17		43	4718.945841000
6	1396		4718.947107000
17		547	4718.988436000
17		43	4718.992317000
17		41	4718.992346000
17		39	4718.993629000
17		43	4719.037690000
6	1396		4719.048028000
17		43	4719.130135000
17		43	4719.176364000
6	0		4719.221720000
17		43	4719.268589000
17		43	4719.313826000
17		43	4719.360153000
17		43	4719.452211000
6	0		4719.498594000
17		43	4719.498617000
17		43	4719.544489000
17		43	4719.589681000
6	0		4719.643283000
6	0		4719.643334000
17		43	4719.682113000
6	0		4719.682636000
6	12		4719.682847000
6	0		4719.721839000
6	12		4719.721871000
6	0		4719.721883000
6	1		4719.722009000
6	4		4719.722022000
6	32		4719.722029000
6	0		4719.722036000
6	0		4719.728455000
6	0		4719.760913000
6	0		4719.760953000
6	0		4719.760959000
6	0		4719.760981000
6	0		4719.760995000
17		43	4719.774463000
17		43	4719.865922000
6	0		4719.912075000
6	1396		4719.912525000
17		1048	4719.958381000
17		43	4719.959018000
17		156	4719.959640000
6	1396		4719.962952000
17		1358	4719.967987000
17		43	4720.003986000
17		1358	4720.029133000
17		43	4720.049831000
17		1358	4720.088244000
6	0		4720.095727000
6	1396		4720.096223000
17		49	4720.142001000
17		1358	4720.148271000
6	1396		4720.164715000
6	0		4720.187654000
17		1358	4720.207679000
17		43	4720.234469000
6	1396		4720.265620000
17		1358	4720.267993000
17		43	4720.280032000
17		43	4720.326269000
17		1358	4720.326943000
6	1396		4720.366486000
17		1358	4720.386580000
17		43	4720.417895000
17		1358	4720.446421000
6	0		4720.464204000
6	1396		4720.467343000
17		1358	4720.506894000
17		43	4720.509891000
17		1358	4720.566885000
6	1396		4720.568203000
17		43	4720.602484000
17		1358	4720.626581000
17		43	4720.647677000
6	1396		4720.669103000
17		1358	4720.685837000
6	0		4720.693875000
17		43	4720.693903000
17		43	4720.739986000
17		1358	4720.745817000
6	1396		4720.769973000
17		1358	4720.792943000
17		43	4720.832280000
17		1358	4720.841415000
6	1396		4720.870829000
17		43	4720.878188000
17		1358	4720.889788000
6	0		4720.924420000
17		1358	4720.968400000
17		43	4720.970030000
6	1396		4720.971713000
17		1358	4721.048489000
17		43	4721.062147000
6	1396		4721.072581000
17		43	4721.107820000
17		1358	4721.127738000
6	0		4721.154196000
6	1396		4721.173466000
17		1358	4721.187108000
17		43	4721.200164000
17		43	4721.246291000
17		1358	4721.247761000
6	1396		4721.274342000
17		1358	4721.308245000
17		43	4721.337787000
17		1358	4721.367892000
6	1396		4721.375233000
6	0		4721.383706000
17		1358	4721.427634000
17		43	4721.430456000
6	1396		4721.476087000
17		1358	4721.486633000
17		43	4721.521974000
17		1358	4721.546174000
6	1396		4721.556778000
6	0		4721.568285000
17		1358	4721.607750000
17		48	4721.614275000
17		35	4721.628190000
6	1396		4721.637512000
17		43	4721.660124000
17		1358	4721.669567000
6	1396		4721.718205000
17		1358	4721.731888000
17		43	4721.751914000
17		1358	4721.793991000
17		43	4721.798114000
6	1396		4721.798898000
6	0		4721.844587000
17		1358	4721.856278000
6	1396		4721.879616000
17		43	4721.889724000
17		1358	4721.917922000
17		43	4721.982313000
17		1358	4721.983999000
6	0		4722.028492000
17		43	4722.028527000
6	1396		4722.028968000
17		1358	4722.045715000
17		43	4722.074205000
6	1396		4722.096215000
17		1358	4722.107226000
17		43	4722.166279000
17		1358	4722.167728000
6	0		4722.211731000
6	1396		4722.230708000
17		43	4722.257864000
17		1358	4722.259911000
17		43	4722.304766000
17		1358	4722.310295000
6	1396		4722.331605000
17		43	4722.395692000
17		1358	4722.397300000
6	0		4722.442357000
6	1396		4722.442822000
17		43	4722.488355000
17		1358	4722.489905000
6	1396		4722.533342000
17		43	4722.533972000
17		1358	4722.573177000
17		43	4722.625677000
17		1358	4722.655234000
6	0		4722.671985000
6	1396		4722.672440000
17		43	4722.718478000
17		1358	4722.720030000
6	1396		4722.735074000
17		1358	4722.782618000
17		43	4722.810389000
17		1358	4722.843562000
17		43	4722.855790000
6	0		4722.902084000
6	1396		4722.902546000
17		1358	4722.905854000
6	0		4722.935515000
6	0		4722.935565000
17		43	4722.948103000
6	1396		4722.952977000
17		1358	4722.967852000
17		43	4723.040035000
17		1358	4723.041656000
6	0		4723.086384000
6	1396		4723.086850000
17		48	4723.131946000
17		1358	4723.133337000
6	1396		4723.154744000
17		43	4723.177958000
17		1358	4723.195647000
17		43	4723.269887000
17		1358	4723.271467000
6	0		4723.316199000
6	1396		4723.316682000
17		43	4723.361848000
17		1358	4723.362661000
17		43	4723.407744000
17		1358	4723.424660000
17		43	4723.453910000
17		1358	4723.486646000
6	0		4723.500072000
6	1396		4723.500523000
17		43	4723.545895000
17		1358	4723.547440000
6	1396		4723.552506000
17		43	4723.591656000
17		1358	4723.610289000
17		43	4723.683763000
17		1358	4723.685838000
6	0		4723.729972000
6	1396		4723.730424000
17		43	4723.776147000
17		1358	4723.777471000
6	1396		4723.782388000
17		43	4723.822495000
17		1358	4723.838927000
17		43	4723.913692000
17		1358	4723.915140000
17		43	4723.960364000
17		1358	4723.964719000
17		43	4724.006045000
17		1358	4724.014466000
6	0		4724.052224000
6	1396		4724.052698000
6	1396		4724.094300000
17		43	4724.098053000
17		1358	4724.099673000
17		43	4724.144071000
6	1396		4724.177474000
17		1358	4724.182440000
17		43	4724.189789000
6	0		4724.235952000
6	1396		4724.260673000
17		1358	4724.264986000
17		43	4724.282137000
6	1396		4724.343816000
17		1358	4724.346835000
17		43	4724.374515000
17		1358	4724.408682000
17		43	4724.420202000
6	1396		4724.426984000
17		48	4724.466068000
17		1358	4724.471045000
17		43	4724.512475000
6	0		4724.512500000
17		1358	4724.532499000
17		1358	4724.594411000
6	0		4724.603851000
6	1396		4724.604317000
17		43	4724.650264000
17		1358	4724.656112000
17		43	4724.742530000
17		1358	4724.744847000
6	0		4724.788083000
17		43	4724.788109000
6	1396		4724.788544000
17		1358	4724.806909000
6	1396		4724.840572000
17		43	4724.880246000
17		1358	4724.881769000
17		43	4724.925785000
17		1358	4724.943819000
6	0		4724.972529000
6	1396		4724.973011000
17		43	4725.018384000
17		1358	4725.020540000
6	1396		4725.048455000
17		43	4725.064396000
17		792	4725.064419000
17		38	4725.066092000
17		85	4725.074183000
17		33	4725.074223000
17		1358	4725.082351000
17		43	4725.109713000
17		1358	4725.143808000
17		43	4725.202122000
17		1358	4725.205952000
17		43	4725.248069000
17		1358	4725.268545000
6	0		4725.294417000
6	1396		4725.294877000
17		43	4725.339765000
17		1358	4725.341413000
17		43	4725.431842000
17		1358	4725.433555000
6	0		4725.478044000
17		43	4725.478084000
6	1396		4725.478511000
17		1358	4725.483240000
17		43	4725.523811000
6	1396		4725.530514000
17		1358	4725.532770000
17		46	4725.570250000
17		33	4725.596823000
17		43	4725.616502000
17		41	4725.616532000
17		1358	4725.618093000
17		43	4725.662094000
17		1358	4725.700724000
17		43	4725.708189000
6	0		4725.737495000
6	0		4725.737543000
17		43	4725.754386000
6	0		4725.754419000
6	1396		4725.754833000
17		1358	4725.783694000
6	0		4725.822977000
17		48	4725.846064000
17		35	4725.860431000
17		1358	4725.866939000
17		43	4725.891945000
17		1358	4725.927019000
6	0		4725.938357000
6	1396		4725.938820000
17		43	4725.984467000
17		1358	4725.988186000
6	1396		4725.990812000
17		1358	4726.050470000
17		43	4726.076164000
6	1396		4726.094785000
17		1358	4726.112060000
17		43	4726.121695000
17		43	4726.168164000
17		1358	4726.173714000
6	0		4726.213744000
6	1396		4726.214185000
17		1358	4726.235908000
17		43	4726.259928000
6	1396		4726.281921000
17		1358	4726.296974000
17		43	4726.305990000
17		1358	4726.358473000
6	1396		4726.365114000
17		43	4726.397875000
17		1358	4726.424561000
6	0		4726.444199000
6	1396		4726.448290000
17		43	4726.489995000
17		1358	4726.490001000
17		1358	4726.555440000
17		43	4726.582410000
17		1358	4726.621513000
17		43	4726.627674000
6	0		4726.673978000
6	1396		4726.674446000
17		1358	4726.687811000
17		43	4726.719948000
6	1396		4726.726405000
17		1358	4726.753457000
17		43	4726.811804000
17		1358	4726.819965000
17		43	4726.857819000
17		1358	4726.886298000
6	0		4726.904615000
6	1396		4726.905035000
17		43	4726.949684000
17		1358	4726.950988000
6	1396		4726.957025000
17		43	4726.996538000
17		1358	4727.018306000
17		43	4727.042366000
17		1358	4727.084502000
17		43	4727.087802000
6	0		4727.133954000
6	1396		4727.134407000
17		893	4727.151014000
17		43	4727.179983000
6	1396		4727.186384000
17		48	4727.272522000
17		35	4727.285903000
17		43	4727.317712000
17		43	4727.364003000
6	0		4727.409728000
6	1396		4727.410199000
17		43	4727.456836000
6	1396		4727.462184000
17		43	4727.548042000
17		43	4727.593761000
6	0		4727.640183000
17		1139	4727.640207000
6	1396		4727.640660000
17		41	4727.640834000
17		159	4727.642010000
17		1353	4727.642054000
17		1358	4727.642058000
17		1358	4727.642062000
17		1358	4727.642065000
17		1358	4727.642068000
17		1358	4727.642072000
6	1396		4727.692637000
17		1358	4727.706620000
6	0		4727.731684000
6	0		4727.761609000
6	0		4727.761665000
17		1358	4727.771191000
6	1396		4727.796607000
6	0		4727.800651000
6	12		4727.800874000
6	0		4727.824606000
17		49	4727.824640000
17		35	4727.838391000
6	0		4727.839726000
6	12		4727.839768000
6	0		4727.839778000
6	1		4727.839921000
6	4		4727.839934000
6	32		4727.839942000
6	0		4727.839954000
17		43	4727.869646000
17		1358	4727.871009000
6	0		4727.878852000
6	0		4727.878887000
6	0		4727.878891000
6	0		4727.878945000
6	0		4727.878958000
6	1396		4727.900574000
17		43	4727.915850000
17		1358	4727.935875000
17		43	4727.962054000
17		1358	4728.000003000
6	1396		4728.004541000
17		43	4728.008287000
17		43	4728.053746000
17		1358	4728.064161000
17		43	4728.100017000
17		1358	4728.129014000
17		1358	4728.192006000
17		43	4728.192262000
6	0		4728.238728000
17		43	4728.238758000
6	1396		4728.239202000
17		1358	4728.256636000
17		43	4728.284337000
6	1396		4728.291171000
17		1358	4728.319992000
17		1358	4728.372436000
17		43	4728.376443000
17		43	4728.421852000
17		1358	4728.422774000
6	0		4728.468084000
6	1396		4728.468568000
17		1358	4728.475135000
6	1396		4728.510931000
17		43	4728.514108000
17		1358	4728.527894000
17		43	4728.560183000
17		1358	4728.578857000
6	1396		4728.595668000
17		43	4728.606498000
17		1358	4728.621246000
6	0		4728.656708000
6	0		4728.656753000
17		1358	4728.661392000
6	1396		4728.680420000
17		43	4728.697758000
17		1358	4728.703264000
6	0		4728.743936000
17		1358	4728.745226000
17		43	4728.790451000
17		1358	4728.791944000
17		43	4728.836685000
17		1358	4728.862681000
17		43	4728.882614000
17		43	4728.928262000
17		1358	4728.933626000
6	0		4728.974397000
6	1396		4728.974873000
17		1358	4729.003991000
17		48	4729.020056000
6	1396		4729.027815000
17		35	4729.033243000
17		43	4729.066143000
17		1358	4729.073134000
17		1358	4729.125921000
17		43	4729.157685000
17		1358	4729.178655000
17		43	4729.204144000
17		1358	4729.230954000
6	0		4729.250332000
6	1396		4729.250785000
17		43	4729.296497000
17		1358	4729.298058000
6	1396		4729.303741000
17		43	4729.341887000
17		1358	4729.350476000
17		43	4729.387888000
17		1358	4729.404134000
17		43	4729.434579000
17		1358	4729.456919000
17		43	4729.480358000
17		1358	4729.510294000
17		43	4729.526391000
17		1358	4729.562920000
6	0		4729.571738000
6	1396		4729.572189000
17		43	4729.618188000
17		1358	4729.619763000
6	1396		4729.625144000
17		43	4729.663928000
17		1358	4729.672421000
17		43	4729.710277000
17		1358	4729.725823000
17		43	4729.755780000
17		1358	4729.778014000
17		43	4729.848435000
17		1358	4729.850006000
6	0		4729.894650000
6	1396		4729.895103000
17		43	4729.940628000
17		1358	4729.942659000
6	1396		4729.948079000
17		43	4729.986274000
17		1358	4729.996036000
17		43	4730.032133000
17		1358	4730.048570000
17		43	4730.078316000
17		1358	4730.101025000
17		43	4730.123919000
17		1358	4730.154456000
6	0		4730.216167000
17		48	4730.216197000
6	1396		4730.216637000
17		35	4730.230251000
17		43	4730.261926000
6	1396		4730.269619000
17		43	4730.308358000
17		43	4730.353992000
17		43	4730.399975000
17		43	4730.492274000
17		1358	4730.493590000
6	0		4730.538534000
6	1396		4730.538943000
17		43	4730.583630000
17		1358	4730.584224000
6	1396		4730.591903000
17		43	4730.630115000
17		1358	4730.637432000
17		43	4730.676492000
17		1358	4730.690050000
17		43	4730.721645000
17		1358	4730.742013000
17		1358	4730.793809000
6	0		4730.814577000
6	1396		4730.815046000
17		1358	4730.845371000
17		43	4730.860262000
6	1396		4730.861470000
17		1358	4730.897481000
17		43	4730.906133000
17		1358	4730.949492000
6	0		4730.952310000
6	1396		4730.954347000
17		43	4730.998231000
17		1358	4731.001448000
17		43	4731.044151000
6	1396		4731.047199000
17		1358	4731.053597000
17		43	4731.089713000
17		1358	4731.105263000
17		43	4731.135628000
6	1396		4731.140061000
17		1358	4731.156716000
17		1358	4731.208057000
17		43	4731.228234000
6	1396		4731.232939000
17		1358	4731.259960000
6	0		4731.273742000
17		1358	4731.312603000
17		43	4731.320226000
17		557	4731.364042000
17		43	4731.365850000
17		43	4731.458395000
6	0		4731.504245000
6	1396		4731.504769000
17		48	4731.549796000
6	1396		4731.562760000
17		35	4731.563491000
17		43	4731.641872000
17		43	4731.687842000
6	0		4731.734688000
6	1396		4731.735177000
17		43	4731.780362000
6	1396		4731.794909000
17		1128	4731.826466000
17		41	4731.827090000
17		160	4731.827769000
17		1353	4731.827795000
17		1358	4731.827799000
17		1358	4731.827802000
17		1358	4731.827806000
17		1358	4731.827809000
17		1358	4731.827812000
17		1358	4731.827816000
17		1358	4731.827819000
17		1358	4731.827822000
17		1358	4731.870010000
17		1358	4731.912069000
6	0		4731.918395000
6	1396		4731.918825000
17		1358	4731.952678000
17		1358	4731.995135000
6	0		4732.009825000
17		43	4732.009850000
6	1396		4732.027064000
17		49	4732.056083000
17		43	4732.056112000
17		35	4732.070289000
17		43	4732.102347000
6	1396		4732.143167000
17		43	4732.148461000
17		43	4732.194496000
17		1358	4732.196372000
17		43	4732.240540000
17		1358	4732.242270000
6	1396		4732.259235000
17		43	4732.285676000
17		1358	4732.294826000
17		43	4732.332455000
17		1358	4732.346898000
17		43	4732.378140000
17		1358	4732.399452000
17		43	4732.424342000
17		1358	4732.452419000
17		43	4732.470645000
17		1171	4732.470677000
17		38	4732.471717000
17		111	4732.485141000
17		55	4732.485196000
17		1358	4732.504372000
17		43	4732.515742000
17		1358	4732.557100000
17		43	4732.608499000
17		1358	4732.609808000
6	0		4732.653743000
6	1396		4732.654166000
17		1358	4732.662377000
6	1396		4732.712204000
17		43	4732.745746000
17		1358	4732.747409000
17		43	4732.792361000
6	0		4732.792390000
17		1358	4732.799805000
6	1396		4732.828307000
17		43	4732.883677000
17		1358	4732.885314000
17		43	4732.930134000
17		1358	4732.938563000
17		43	4732.976264000
17		1358	4732.990875000
17		46	4733.021683000
17		43	4733.021713000
17		41	4733.021720000
17		1358	4733.043133000
17		33	4733.047508000
17		43	4733.068525000
6	0		4733.068561000
6	1396		4733.069038000
17		1358	4733.095666000
17		48	4733.114422000
17		35	4733.127776000
17		1358	4733.149341000
17		43	4733.160127000
17		1358	4733.202088000
17		43	4733.252400000
17		1358	4733.253955000
6	0		4733.297729000
6	1396		4733.298179000
17		43	4733.344402000
17		1358	4733.346000000
6	1396		4733.356215000
17		43	4733.389751000
17		1358	4733.391282000
17		43	4733.435669000
17		1358	4733.436998000
17		43	4733.482265000
17		1358	4733.483988000
17		43	4733.528280000
17		1358	4733.530000000
17		43	4733.574119000
17		1358	4733.599736000
6	0		4733.620518000
6	1396		4733.620980000
17		43	4733.666244000
17		1358	4733.669451000
6	1396		4733.678989000
17		43	4733.712209000
17		1358	4733.739481000
17		43	4733.758414000
17		1358	4733.791884000
17		43	4733.803738000
17		1358	4733.845594000
17		43	4733.895887000
17		1358	4733.897024000
6	0		4733.942344000
6	1396		4733.942804000
17		43	4733.988279000
17		1358	4733.989462000
6	1396		4734.000847000
17		43	4734.034092000
17		1358	4734.042378000
17		43	4734.080635000
17		756	4734.080664000
17		38	4734.081668000
17		83	4734.090022000
17		33	4734.090147000
17		1358	4734.094758000
17		43	4734.126515000
17		1358	4734.147131000
17		1358	4734.199576000
17		43	4734.217966000
17		1358	4734.251046000
6	0		4734.264130000
6	1396		4734.264581000
17		43	4734.310256000
17		1358	4734.311852000
6	1396		4734.322645000
17		48	4734.355648000
17		1358	4734.364861000
17		43	4734.401737000
17		1358	4734.417081000
17		43	4734.448167000
17		1358	4734.469600000
17		43	4734.540106000
17		1358	4734.541620000
6	0		4734.586280000
6	1396		4734.586697000
17		46	4734.632408000
17		43	4734.632431000
17		41	4734.632438000
17		1358	4734.633649000
6	1396		4734.644740000
17		33	4734.658106000
17		43	4734.677919000
17		1358	4734.689073000
17		43	4734.724251000
17		1358	4734.745162000
17		43	4734.770445000
17		1358	4734.801247000
17		1358	4734.856969000
17		43	4734.862310000
6	0		4734.908477000
6	1396		4734.908929000
17		1358	4734.911906000
17		43	4734.953725000
17		1358	4734.968717000
6	1396		4734.970776000
17		43	4735.000460000
17		1358	4735.013748000
17		43	4735.046021000
17		1358	4735.058292000
17		43	4735.091920000
17		1358	4735.103851000
17		43	4735.184316000
17		1358	4735.185454000
6	0		4735.230458000
6	1396		4735.230902000
17		43	4735.275729000
17		1358	4735.277389000
6	1396		4735.292753000
17		43	4735.322577000
17		1358	4735.352697000
17		43	4735.368443000
17		43	4735.414492000
17		1358	4735.426898000
17		43	4735.460200000
17		1358	4735.482543000
17		43	4735.505831000
17		1358	4735.537359000
6	0		4735.552004000
6	1396		4735.552474000
17		1358	4735.593579000
17		48	4735.598518000
6	1396		4735.601965000
17		35	4735.612659000
17		43	4735.644022000
17		1358	4735.648785000
17		43	4735.690384000
6	1396		4735.700936000
17		1358	4735.704505000
17		43	4735.735941000
17		1358	4735.759166000
6	1396		4735.799879000
17		1358	4735.815580000
17		43	4735.827909000
17		1358	4735.870639000
6	0		4735.874027000
6	0		4735.880339000
6	0		4735.880420000
6	0		4735.919609000
6	12		4735.919854000
17		43	4735.919950000
17		1358	4735.926887000
6	0		4735.959046000
6	12		4735.959079000
6	0		4735.959089000
6	1		4735.959233000
6	4		4735.959244000
6	32		4735.959253000
6	0		4735.959263000
17		43	4735.966538000
17		1358	4735.983726000
6	0		4735.998362000
6	0		4735.998419000
6	0		4735.998425000
6	0		4735.998484000
6	0		4735.998498000
17		43	4736.012136000
17		1358	4736.039924000
17		522	4736.096079000
17		43	4736.104160000
6	0		4736.150516000
6	1396		4736.150981000
17		43	4736.196061000
6	1396		4736.212816000
17		43	4736.288262000
17		43	4736.334255000
6	0		4736.380602000
6	1396		4736.381058000
17		43	4736.425669000
6	1396		4736.460232000
17		43	4736.472316000
17		43	4736.518435000
17		43	4736.564786000
17		1128	4736.609977000
17		41	4736.610610000
17		153	4736.611508000
17		1353	4736.636409000
17		1358	4736.636449000
17		1358	4736.636453000
17		1358	4736.636456000
17		1358	4736.636460000
17		1358	4736.636463000
17		1358	4736.636467000
17		1358	4736.680902000
6	0		4736.701890000
6	1396		4736.702350000
17		1358	4736.724644000
6	1396		4736.764193000
17		1358	4736.769771000
6	0		4736.794513000
17		49	4736.794545000
17		35	4736.808083000
17		43	4736.840094000
17		1358	4736.842108000
17		43	4736.886111000
6	1396		4736.887878000
17		1358	4736.916198000
17		43	4736.932184000
6	0		4736.946134000
6	0		4736.946191000
17		43	4736.978379000
17		1358	4736.990649000
6	1396		4737.011612000
17		43	4737.024465000
17		1358	4737.046463000
17		43	4737.069869000
17		1358	4737.102030000
17		43	4737.115939000
17		1358	4737.156329000
17		43	4737.207763000
17		1358	4737.212026000
6	0		4737.253913000
6	1396		4737.254367000
17		1358	4737.267202000
17		43	4737.300474000
6	1396		4737.316226000
17		1358	4737.323041000
17		43	4737.346367000
17		1358	4737.377476000
17		1358	4737.427699000
17		43	4737.437848000
17		1358	4737.478045000
17		43	4737.483881000
17		1358	4737.529755000
6	0		4737.530435000
6	1396		4737.530894000
17		43	4737.575877000
17		1358	4737.579543000
6	1396		4737.592746000
17		43	4737.622628000
17		1358	4737.630243000
17		43	4737.668551000
17		1358	4737.681105000
17		43	4737.714454000
17		1358	4737.731534000
17		43	4737.759871000
17		1358	4737.782117000
6	0		4737.806054000
6	1396		4737.806495000
17		1358	4737.833850000
17		43	4737.852608000
6	1396		4737.868357000
17		1358	4737.883518000
17		43	4737.898098000
17		1358	4737.934701000
17		48	4737.943818000
17		35	4737.957044000
17		1358	4737.986542000
17		43	4737.989928000
17		43	4738.036069000
17		1358	4738.037729000
17		1358	4738.089289000
17		43	4738.128053000
17		1358	4738.139658000
6	0		4738.173728000
6	1396		4738.174192000
17		43	4738.219840000
17		1358	4738.221010000
6	1396		4738.223639000
17		43	4738.266198000
17		1358	4738.267697000
17		43	4738.311770000
17		1358	4738.313692000
6	1396		4738.322610000
17		43	4738.358250000
17		1358	4738.360237000
17		43	4738.403944000
17		1358	4738.405708000
6	1396		4738.421587000
6	0		4738.450595000
17		43	4738.495875000
17		1358	4738.497090000
6	1396		4738.520541000
17		43	4738.542108000
17		1358	4738.565714000
17		43	4738.587677000
6	1396		4738.631690000
17		1358	4738.633870000
17		43	4738.633914000
17		43	4738.680056000
17		1358	4738.685518000
17		43	4738.726125000
17		1358	4738.737927000
6	1396		4738.742824000
17		1358	4738.788077000
17		43	4738.818194000
17		1358	4738.838016000
6	0		4738.863768000
17		43	4738.910454000
17		1358	4738.911659000
17		43	4738.955851000
17		1358	4738.962564000
17		43	4739.048075000
17		1358	4739.049746000
6	0		4739.094487000
6	1396		4739.094945000
17		1358	4739.101096000
17		43	4739.140205000
17		1358	4739.152576000
6	1396		4739.187543000
17		48	4739.231682000
17		1358	4739.233748000
6	0		4739.277929000
17		43	4739.324295000
17		1358	4739.325877000
17		43	4739.369915000
6	1396		4739.372772000
17		1358	4739.377694000
17		43	4739.415951000
17		1358	4739.428787000
17		43	4739.508047000
17		1358	4739.508901000
6	1396		4739.511702000
17		43	4739.554245000
17		1358	4739.561083000
17		43	4739.599968000
17		1358	4739.612362000
17		43	4739.646319000
17		1358	4739.663947000
6	0		4739.692066000
6	1396		4739.692501000
17		1358	4739.715494000
17		43	4739.738162000
17		1358	4739.766779000
17		43	4739.783702000
6	1396		4739.789551000
17		1358	4739.818450000
17		43	4739.875898000
17		1358	4739.877996000
17		43	4739.922142000
17		1358	4739.923736000
6	0		4739.968498000
6	1396		4739.968953000
17		43	4740.014099000
17		1358	4740.015712000
17		43	4740.060374000
6	1396		4740.067370000
17		1358	4740.083921000
17		43	4740.105950000
17		1358	4740.152117000
17		43	4740.198269000
17		1358	4740.220403000
17		43	4740.243785000
17		1358	4740.271785000
6	0		4740.289948000
17		43	4740.289976000
6	1396		4740.290427000
17		1358	4740.322906000
17		43	4740.335834000
6	1396		4740.359883000
17		1358	4740.374572000
17		43	4740.382354000
17		1358	4740.426494000
17		48	4740.473860000
17		1358	4740.477618000
17		43	4740.519913000
17		1358	4740.529001000
17		43	4740.565890000
17		1358	4740.579922000
6	0		4740.612630000
6	1396		4740.613095000
17		43	4740.658296000
17		1358	4740.659097000
6	1396		4740.682551000
17		43	4740.750263000
17		1358	4740.752280000
17		43	4740.796233000
17		1358	4740.803659000
17		43	4740.842553000
17		1358	4740.855230000
17		43	4740.887805000
17		1358	4740.906879000
6	0		4740.933831000
17		43	4740.933859000
6	1396		4740.934289000
17		1358	4740.958224000
6	1396		4741.003778000
17		43	4741.026460000
17		1358	4741.028162000
17		43	4741.072023000
17		1358	4741.079528000
17		43	4741.118405000
17		1358	4741.131243000
17		43	4741.164450000
6	0		4741.164485000
6	1396		4741.164908000
17		1358	4741.182950000
17		43	4741.209807000
17		1358	4741.234467000
17		43	4741.301938000
17		1358	4741.303567000
6	0		4741.348201000
6	1396		4741.348656000
17		43	4741.409939000
17		1358	4741.411503000
6	1396		4741.420501000
17		43	4741.472101000
17		1358	4741.473687000
17		43	4741.533879000
17		1358	4741.535756000
17		43	4741.596027000
17		1358	4741.604451000
17		43	4741.657714000
17		1358	4741.672236000
6	0		4741.719877000
6	1396		4741.720320000
17		48	4741.782440000
17		1358	4741.784028000
6	1396		4741.789771000
17		43	4741.843686000
17		1358	4741.845253000
17		43	4741.905992000
17		1358	4741.907572000
17		43	4742.029960000
17		43	4742.092058000
17		43	4742.153993000
6	0		4742.215743000
6	1396		4742.216209000
17		43	4742.278298000
17		43	4742.402383000
17		43	4742.463699000
17		1358	4742.465361000
17		43	4742.525854000
17		1358	4742.526879000
6	0		4742.588493000
17		41	4742.588521000
6	1396		4742.588970000
17		37	4742.590108000
17		43	4742.650259000
17		1358	4742.651695000
6	1396		4742.658412000
17		43	4742.773705000
17		1358	4742.775288000
17		43	4742.835842000
17		1358	4742.837481000
17		1358	4742.888578000
6	0		4742.897662000
6	1396		4742.898136000
17		1358	4742.939720000
6	0		4742.956619000
6	0		4742.956669000
17		43	4742.959694000
6	1396		4742.967585000
17		1358	4742.990078000
6	0		4742.997041000
17		43	4743.021784000
17		1358	4743.040665000
17		1358	4743.091304000
6	1396		4743.106511000
17		1358	4743.142719000
17		43	4743.146006000
17		1358	4743.193401000
6	0		4743.208549000
17		1358	4743.242866000
6	1396		4743.245445000
17		43	4743.269698000
17		1358	4743.294030000
17		43	4743.332038000
17		1358	4743.344878000
6	1396		4743.384360000
17		43	4743.394368000
17		1127	4743.396291000
17		43	4743.456603000
6	0		4743.517776000
6	1396		4743.523272000
17		43	4743.579981000
17		43	4743.642544000
6	1396		4743.662210000
17		43	4743.703718000
17		43	4743.828137000
17		43	4743.889871000
17		43	4743.952019000
6	0		4744.000092000
6	0		4744.000145000
6	0		4744.013771000
6	1396		4744.014262000
6	0		4744.039468000
6	12		4744.039744000
17		43	4744.076327000
6	0		4744.079123000
6	12		4744.079156000
6	0		4744.079169000
6	1		4744.079341000
6	4		4744.079356000
6	32		4744.079364000
6	0		4744.079376000
6	1396		4744.083717000
6	0		4744.118729000
6	0		4744.118773000
6	0		4744.118780000
6	0		4744.118873000
6	0		4744.118886000
17		43	4744.138930000
17		1038	4744.199946000
17		41	4744.200541000
17		144	4744.201586000
17		1353	4744.201614000
17		1358	4744.201619000
17		1358	4744.201625000
17		1358	4744.201629000
17		1358	4744.201634000
17		1358	4744.201639000
17		1358	4744.201643000
17		1358	4744.201648000
17		1358	4744.201652000
17		1358	4744.253723000
6	0		4744.262320000
6	1396		4744.262772000
17		1358	4744.303545000
17		1358	4744.353775000
6	1396		4744.361550000
6	0		4744.386253000
17		1358	4744.405108000
17		49	4744.448460000
17		35	4744.462315000
6	1396		4744.500458000
17		43	4744.510362000
17		1358	4744.511951000
17		43	4744.572560000
6	0		4744.572599000
17		1358	4744.574135000
17		43	4744.634394000
17		1358	4744.635969000
6	1396		4744.639371000
17		43	4744.696472000
17		1358	4744.698062000
17		43	4744.757696000
17		1358	4744.759993000
6	1396		4744.778275000
17		43	4744.820336000
17		1358	4744.821961000
17		43	4744.881786000
17		1358	4744.883629000
17		43	4744.944211000
17		1358	4744.945696000
17		43	4745.005887000
17		1358	4745.007482000
17		43	4745.067964000
17		1358	4745.069565000
17		43	4745.129897000
17		1358	4745.131532000
17		43	4745.191865000
17		1358	4745.193643000
6	0		4745.254059000
6	1396		4745.254513000
6	0		4745.304862000
6	0		4745.304923000
17		43	4745.315931000
17		1358	4745.317588000
6	1396		4745.323982000
17		43	4745.440234000
17		43	4745.502047000
17		1358	4745.503674000
17		43	4745.563956000
17		1358	4745.565528000
6	0		4745.588075000
6	41		4745.593572000
6	0		4745.626203000
6	1396		4745.626692000
6	1396		4745.682268000
17		43	4745.688188000
17		1358	4745.689665000
17		43	4745.749817000
17		1358	4745.751409000
6	1396		4745.793385000
17		43	4745.874575000
17		1358	4745.876192000
6	0		4745.876272000
6	21		4745.876290000
6	0		4745.876298000
6	1080		4745.877213000
6	1396		4745.904507000
17		48	4745.935806000
17		1358	4745.937898000
17		43	4745.998698000
17		1358	4746.000349000
17		1358	4746.059407000
17		43	4746.060423000
6	0		4746.060446000
17		43	4746.122503000
17		1358	4746.124087000
6	0		4746.159512000
6	440		4746.162870000
17		43	4746.183897000
17		1358	4746.185403000
6	0		4746.206213000
17		43	4746.307909000
17		1358	4746.309505000
6	0		4746.370124000
6	1396		4746.370578000
17		43	4746.431655000
17		1358	4746.433266000
6	48		4746.488893000
6	0		4746.488931000
6	280		4746.493005000
17		43	4746.493816000
17		1358	4746.494957000
6	0		4746.618351000
6	1396		4746.618784000
17		43	4746.680367000
17		1358	4746.681444000
6	1396		4746.688248000
17		43	4746.742306000
17		1358	4746.743921000
6	0		4746.774672000
6	16		4746.785707000
6	0		4746.826223000
17		43	4746.866423000
17		1358	4746.868054000
6	0		4746.928426000
17		43	4746.928449000
6	1396		4746.928865000
17		1358	4746.929810000
17		43	4746.990188000
17		1358	4746.992265000
6	1396		4746.998315000
17		43	4747.052232000
17		1358	4747.053010000
6	52		4747.108480000
6	0		4747.108519000
6	52		4747.108618000
17		43	4747.113773000
17		1358	4747.114614000
6	1396		4747.137294000
17		43	4747.176544000
17		1358	4747.177923000
17		43	4747.238550000
17		1358	4747.256586000
17		43	4747.361908000
17		1358	4747.363683000
6	100		4747.390530000
17		43	4747.423971000
6	0		4747.434230000
17		636	4747.443036000
6	0		4747.446513000
6	0		4747.446570000
6	0		4747.486137000
6	1396		4747.486602000
17		43	4747.548396000
6	1396		4747.556070000
17		48	4747.672842000
17		35	4747.686904000
6	0		4747.691832000
6	15		4747.691951000
6	41		4747.698686000
17		43	4747.734255000
6	0		4747.796449000
17		43	4747.796475000
6	1396		4747.796880000
17		43	4747.857763000
6	1396		4747.866322000
6	0		4747.943997000
17		43	4747.982597000
17		43	4748.044001000
6	0		4748.106277000
6	1396		4748.106737000
17		43	4748.168221000
6	1396		4748.176207000
17		43	4748.230029000
17		1129	4748.291910000
17		41	4748.292582000
17		141	4748.293260000
17		1353	4748.293284000
17		1358	4748.293290000
17		1358	4748.293295000
17		1358	4748.293299000
17		1358	4748.293302000
17		1358	4748.293306000
17		1358	4748.293310000
17		1358	4748.293315000
17		1358	4748.352406000
17		1358	4748.411547000
6	0		4748.415871000
6	1396		4748.416346000
17		1358	4748.470648000
6	1396		4748.490020000
6	0		4748.540247000
6	0		4748.631373000
6	0		4748.631436000
6	1396		4748.637400000
6	0		4748.664053000
17		49	4748.664077000
17		35	4748.677755000
6	856		4748.710145000
17		43	4748.725817000
17		1358	4748.727105000
6	1396		4748.783521000
17		43	4748.787885000
17		1358	4748.789251000
6	0		4748.789814000
6	41		4748.795519000
17		43	4748.849853000
17		1358	4748.851405000
6	0		4748.854362000
6	0		4748.854402000
17		43	4748.912435000
17		1358	4748.914438000
6	1396		4748.929606000
6	0		4748.953590000
6	21		4748.953701000
6	0		4748.953716000
6	1080		4748.954774000
17		43	4748.974532000
17		1358	4748.976131000
17		43	4749.036008000
17		1358	4749.038142000
6	1396		4749.075702000
17		43	4749.098630000
17		1358	4749.100282000
6	0		4749.112952000
6	440		4749.113502000
6	0		4749.154223000
17		43	4749.160054000
17		1358	4749.161875000
17		43	4749.222553000
17		1358	4749.224128000
17		1358	4749.271730000
6	48		4749.312580000
6	0		4749.312618000
6	280		4749.316602000
17		43	4749.346050000
17		1358	4749.346888000
6	0		4749.408312000
6	0		4749.474687000
6	16		4749.485447000
6	0		4749.526232000
17		43	4749.532365000
6	0		4749.593753000
6	1396		4749.594216000
17		43	4749.656132000
17		1358	4749.657881000
6	68		4749.662438000
6	1396		4749.667249000
6	52		4749.684318000
6	0		4749.684354000
6	52		4749.684449000
17		43	4749.718539000
17		43	4749.780424000
17		1358	4749.781126000
6	84		4749.842578000
6	871		4749.850306000
6	0		4749.850346000
6	1080		4749.851326000
6	0		4749.886220000
17		43	4749.904496000
17		1358	4749.906083000
6	52		4749.945608000
6	0		4749.945650000
6	0		4749.945671000
6	0		4749.946929000
17		43	4749.965830000
17		1358	4749.978796000
6	0		4750.028555000
6	1396		4750.029039000
17		43	4750.090008000
17		1358	4750.091612000
6	0		4750.096585000
6	80		4750.096785000
6	312		4750.097517000
6	1396		4750.102067000
17		43	4750.152150000
17		1358	4750.163372000
17		43	4750.214319000
6	0		4750.230089000
17		1358	4750.235504000
17		48	4750.276505000
17		35	4750.290500000
17		1358	4750.307967000
6	16		4750.343551000
17		1358	4750.379122000
6	0		4750.386218000
17		43	4750.400425000
17		1358	4750.450495000
6	0		4750.462584000
6	1396		4750.463027000
17		1358	4750.522983000
17		43	4750.524629000
6	1396		4750.536093000
17		43	4750.586247000
17		1358	4750.594303000
6	64		4750.631539000
6	0		4750.631577000
6	64		4750.631685000
17		43	4750.648258000
17		1358	4750.667024000
6	1396		4750.682215000
17		1358	4750.737722000
17		43	4750.771982000
17		1358	4750.809833000
6	1396		4750.828289000
6	0		4750.834165000
6	80		4750.877063000
6	80		4750.877682000
17		43	4750.896461000
17		1358	4750.898128000
17		43	4750.958574000
17		1358	4750.971159000
6	1396		4750.974388000
17		43	4751.019622000
17		1358	4751.043194000
17		43	4751.081748000
17		1358	4751.115462000
6	1396		4751.120492000
6	96		4751.123070000
6	0		4751.166232000
17		1358	4751.187859000
17		43	4751.205724000
17		1358	4751.260324000
6	0		4751.268315000
6	1396		4751.268780000
17		43	4751.330691000
17		1358	4751.332335000
6	68		4751.389579000
17		43	4751.392469000
17		1358	4751.405138000
6	1396		4751.412701000
17		43	4751.515698000
17		1358	4751.516966000
17		43	4751.578080000
17		1358	4751.579927000
6	0		4751.588283000
6	0		4751.640383000
6	1396		4751.640860000
6	52		4751.699383000
6	0		4751.699421000
6	0		4751.699489000
6	0		4751.700890000
17		43	4751.702087000
17		1358	4751.703504000
6	1396		4751.713867000
17		43	4751.764171000
17		1358	4751.766324000
6	0		4751.859027000
17		43	4751.888533000
17		1358	4751.890126000
17		43	4751.950112000
17		1358	4751.985765000
6	0		4752.011671000
17		43	4752.011701000
6	1396		4752.012121000
17		48	4752.074123000
17		1358	4752.082062000
6	1396		4752.085173000
6	0		4752.119354000
6	0		4752.119424000
17		1358	4752.155161000
6	0		4752.158401000
6	12		4752.158612000
6	0		4752.197642000
6	12		4752.197713000
6	0		4752.197729000
17		43	4752.197788000
6	1		4752.197922000
6	4		4752.197934000
6	32		4752.197944000
6	0		4752.197956000
17		1358	4752.226950000
6	0		4752.236938000
6	0		4752.236971000
6	0		4752.236975000
6	0		4752.237751000
6	0		4752.237789000
17		43	4752.260230000
17		1358	4752.299251000
6	0		4752.322402000
6	1396		4752.322860000
17		43	4752.383740000
17		1358	4752.384439000
6	1396		4752.395909000
17		43	4752.446230000
17		1358	4752.456567000
17		43	4752.569942000
17		1358	4752.571509000
6	0		4752.632257000
6	1396		4752.632708000
17		43	4752.693771000
17		1358	4752.695341000
6	1396		4752.705839000
17		43	4752.755896000
17		1358	4752.768002000
17		43	4752.818319000
17		1358	4752.840263000
17		43	4752.880542000
17		1358	4752.912316000
6	0		4752.941824000
6	1396		4752.942287000
17		43	4753.004462000
17		1358	4753.005362000
6	1396		4753.015331000
17		43	4753.066509000
17		1358	4753.077938000
17		43	4753.127757000
17		1358	4753.149780000
17		43	4753.252002000
17		1358	4753.253624000
6	80		4753.281002000
6	0		4753.313749000
6	1396		4753.314221000
17		43	4753.375833000
17		1358	4753.377374000
6	1396		4753.387247000
17		43	4753.438309000
17		1358	4753.450285000
17		43	4753.561829000
17		1358	4753.563407000
6	0		4753.624235000
6	1396		4753.625256000
17		43	4753.686489000
17		1358	4753.688084000
6	1396		4753.698340000
17		43	4753.748570000
17		1358	4753.750827000
17		1358	4753.809315000
6	80		4753.858218000
17		43	4753.871736000
17		1358	4753.873612000
6	0		4753.933900000
6	1396		4753.934361000
6	1396		4753.992823000
17		48	4753.995840000
17		1358	4753.997411000
17		43	4754.058253000
17		1358	4754.093111000
6	0		4754.103506000
6	1396		4754.109687000
17		43	4754.119955000
17		467	4754.189283000
6	1396		4754.226655000
17		43	4754.243973000
6	0		4754.306134000
6	1396		4754.343450000
17		43	4754.368090000
17		43	4754.429757000
6	1396		4754.460350000
17		43	4754.553639000
6	0		4754.615929000
6	1396		4754.616377000
17		43	4754.677898000
17		43	4754.740516000
6	1396		4754.771999000
6	0		4754.864443000
17		43	4754.925710000
6	1396		4754.966833000
17		43	4754.988224000
17		1029	4754.988257000
17		34	4754.988879000
17		33	4754.989758000
17		1358	4754.991388000
17		43	4755.050586000
17		1358	4755.070651000
6	0		4755.111813000
17		610	4755.111842000
17		38	4755.113635000
17		87	4755.121505000
17		33	4755.121546000
17		1358	4755.150179000
6	1396		4755.161633000
17		1358	4755.229785000
6	96		4755.230389000
6	0		4755.230424000
6	0		4755.236069000
17		1358	4755.307372000
6	1396		4755.356445000
6	0		4755.360387000
17		1358	4755.387434000
17		43	4755.422186000
17		1358	4755.466019000
17		49	4755.484363000
17		35	4755.497504000
17		1358	4755.544075000
17		46	4755.546075000
6	0		4755.546099000
17		43	4755.546105000
17		41	4755.546109000
6	1396		4755.551243000
17		33	4755.571908000
17		43	4755.608279000
17		1358	4755.623778000
6	1396		4755.697345000
17		1358	4755.702915000
17		43	4755.731954000
17		1358	4755.781857000
17		43	4755.794115000
6	1396		4755.826714000
6	0		4755.856380000
17		1358	4755.860775000
17		43	4755.917833000
17		1358	4755.939241000
6	1396		4755.951325000
17		43	4755.980387000
17		1358	4756.018110000
17		43	4756.042455000
6	1396		4756.075947000
17		1358	4756.097161000
17		43	4756.166515000
17		1358	4756.175793000
6	1396		4756.200519000
6	0		4756.227745000
17		1358	4756.254468000
17		43	4756.289974000
6	1396		4756.325156000
17		1358	4756.333719000
17		1358	4756.412474000
17		43	4756.414097000
6	1396		4756.449775000
17		43	4756.476040000
17		1358	4756.491496000
6	0		4756.538263000
17		1358	4756.570902000
6	1396		4756.574366000
17		43	4756.599658000
17		1358	4756.648697000
6	1396		4756.698981000
17		43	4756.723830000
17		1358	4756.728345000
17		43	4756.785629000
17		1358	4756.807039000
6	1396		4756.823669000
6	0		4756.847778000
17		1358	4756.886151000
17		43	4756.909890000
6	1396		4756.948207000
17		1358	4756.965293000
17		1358	4757.028211000
17		43	4757.033783000
6	1396		4757.072820000
17		1358	4757.091903000
17		43	4757.096224000
17		1358	4757.154219000
6	0		4757.158479000
6	1396		4757.197434000
17		1358	4757.217235000
17		43	4757.220457000
6	80		4757.267731000
17		1358	4757.280930000
6	1396		4757.322024000
17		1358	4757.343050000
17		43	4757.344210000
17		1358	4757.406670000
6	0		4757.406748000
6	1396		4757.446658000
17		48	4757.468543000
17		35	4757.482780000
17		1358	4757.511734000
6	0		4757.513059000
6	96		4757.513085000
6	0		4757.513095000
17		43	4757.530048000
6	1396		4757.571253000
17		1358	4757.617004000
17		43	4757.654296000
6	1396		4757.695860000
6	0		4757.716632000
17		1358	4757.722448000
17		43	4757.778418000
6	1396		4757.820460000
17		1358	4757.827927000
17		43	4757.839873000
17		1358	4757.906757000
6	1396		4757.945074000
17		43	4757.964410000
17		1358	4757.985798000
17		43	4758.026164000
17		1358	4758.064445000
6	1396		4758.069682000
6	0		4758.088429000
17		1358	4758.143399000
17		43	4758.150121000
6	1396		4758.194321000
17		1358	4758.222168000
17		43	4758.274728000
17		1358	4758.301688000
6	1396		4758.318892000
17		43	4758.336160000
17		1358	4758.380247000
6	0		4758.398370000
6	1396		4758.443521000
17		1358	4758.460397000
17		43	4758.460560000
17		1358	4758.539281000
6	1396		4758.568136000
17		43	4758.584458000
17		1358	4758.619964000
6	0		4758.645662000
6	1396		4758.692726000
17		1358	4758.698902000
17		43	4758.708203000
17		1358	4758.778719000
6	1396		4758.817396000
17		43	4758.832371000
17		722	4758.858616000
17		43	4758.893949000
6	0		4758.956090000
6	1396		4758.956567000
17		43	4759.018025000
6	1396		4759.041651000
17		43	4759.080034000
6	1396		4759.141352000
17		43	4759.142234000
6	0		4759.203789000
6	1396		4759.241044000
17		43	4759.266136000
17		43	4759.328683000
6	1396		4759.340722000
6	1396		4759.440443000
17		48	4759.451791000
17		35	4759.465652000
6	80		4759.490096000
6	0		4759.513967000
17		43	4759.576011000
17		43	4759.638271000
6	64		4759.735473000
6	0		4759.735539000
6	0		4759.735558000
6	0		4759.737454000
17		43	4759.761705000
6	0		4759.823806000
6	1396		4759.824261000
17		43	4759.886101000
6	1396		4759.907382000
17		43	4759.948453000
17		1119	4759.948480000
17		34	4759.949119000
17		1358	4759.950227000
17		43	4760.009885000
17		1358	4760.030818000
6	0		4760.071696000
6	1396		4760.073508000
17		1358	4760.110480000
17		1358	4760.190041000
6	0		4760.195988000
6	1396		4760.198114000
6	0		4760.258208000
17		1358	4760.270615000
6	0		4760.320470000
6	1396		4760.322711000
6	0		4760.334429000
6	0		4760.334471000
17		1358	4760.350999000
17		1358	4760.429247000
6	0		4760.443772000
6	1396		4760.447338000
6	0		4760.503604000
17		1358	4760.509349000
17		49	4760.568481000
6	0		4760.568526000
6	1396		4760.571932000
17		35	4760.582494000
17		1358	4760.588518000
17		43	4760.630599000
17		1358	4760.653739000
6	1396		4760.687228000
17		1358	4760.716577000
17		43	4760.753923000
17		1358	4760.779837000
6	1396		4760.802502000
6	0		4760.816171000
17		43	4760.816196000
17		1358	4760.844061000
17		43	4760.877902000
17		1358	4760.907796000
6	1396		4760.917794000
17		1358	4760.972245000
17		43	4761.002089000
6	1396		4761.033092000
17		1358	4761.035068000
17		43	4761.064423000
6	0		4761.126527000
17		1358	4761.142101000
6	1396		4761.148372000
17		43	4761.188487000
17		1358	4761.247752000
6	1396		4761.263642000
17		43	4761.312032000
17		1358	4761.354521000
17		43	4761.373829000
6	0		4761.435980000
17		1358	4761.460653000
17		43	4761.497800000
17		43	4761.560497000
17		1358	4761.566365000
17		1358	4761.646822000
17		43	4761.683732000
17		1358	4761.726626000
17		43	4761.745952000
17		1358	4761.805765000
6	0		4761.808442000
17		43	4761.808465000
6	1396		4761.808892000
17		1358	4761.886574000
17		43	4761.932259000
17		1358	4761.965752000
17		43	4761.994071000
17		1358	4762.045356000
6	0		4762.056237000
6	1396		4762.056675000
6	1396		4762.114293000
6	0		4762.115308000
6	0		4762.115357000
17		43	4762.117860000
17		1358	4762.125322000
6	0		4762.199925000
17		1358	4762.205399000
6	41		4762.205450000
17		43	4762.242011000
17		1358	4762.284127000
6	0		4762.289624000
6	21		4762.289706000
6	0		4762.289717000
6	1080		4762.290659000
17		43	4762.304170000
17		1358	4762.364072000
17		48	4762.366708000
6	0		4762.374836000
6	440		4762.375517000
17		35	4762.379869000
6	0		4762.418225000
17		43	4762.428497000
6	0		4762.428527000
6	1396		4762.428967000
17		1358	4762.443900000
17		43	4762.490541000
6	48		4762.502441000
6	0		4762.502484000
6	280		4762.506519000
17		1358	4762.524414000
17		43	4762.552398000
6	0		4762.590761000
6	16		4762.595765000
17		1358	4762.603621000
17		43	4762.613846000
6	0		4762.638215000
17		43	4762.676188000
17		1358	4762.682848000
6	52		4762.722404000
6	0		4762.722443000
6	52		4762.722531000
17		43	4762.737980000
17		1358	4762.763485000
6	0		4762.800250000
6	1396		4762.800683000
6	84		4762.807488000
17		1358	4762.842507000
6	0		4762.850233000
6	1396		4762.858307000
17		1358	4762.923132000
17		43	4762.924450000
6	1396		4762.973599000
17		43	4762.986398000
17		1358	4763.001792000
17		43	4763.047794000
17		1358	4763.082153000
6	1396		4763.088884000
17		43	4763.110435000
6	0		4763.110469000
17		1358	4763.160924000
6	0		4763.198588000
6	0		4763.198646000
6	1396		4763.204178000
17		43	4763.234133000
17		1358	4763.241804000
17		43	4763.296421000
6	1396		4763.319464000
17		1358	4763.320910000
6	0		4763.339376000
6	41		4763.346065000
17		43	4763.358037000
17		1358	4763.400758000
17		43	4763.420516000
6	0		4763.420544000
6	1396		4763.434749000
17		1358	4763.480461000
17		43	4763.482136000
6	0		4763.486477000
6	21		4763.486561000
6	0		4763.486576000
6	1080		4763.487743000
17		43	4763.543967000
6	1396		4763.550030000
17		1358	4763.560319000
6	0		4763.606164000
6	440		4763.628160000
17		1358	4763.639878000
6	1396		4763.665334000
17		43	4763.667751000
6	0		4763.670224000
17		1358	4763.719417000
6	1396		4763.780616000
17		43	4763.791752000
17		1358	4763.799700000
6	48		4763.810658000
6	0		4763.810695000
6	280		4763.814782000
17		43	4763.853871000
17		732	4763.879494000
6	1396		4763.895901000
6	0		4763.916806000
17		48	4763.978338000
17		35	4763.991792000
6	0		4763.995473000
6	16		4764.005795000
6	1396		4764.011177000
6	0		4764.046229000
17		43	4764.102310000
6	1396		4764.126470000
6	0		4764.163680000
6	52		4764.186714000
6	0		4764.186752000
6	52		4764.186826000
17		43	4764.226621000
6	1396		4764.241749000
17		43	4764.288017000
6	0		4764.327143000
6	84		4764.327451000
6	1396		4764.333976000
6	0		4764.370210000
17		43	4764.412221000
6	1396		4764.426230000
6	0		4764.473962000
17		43	4764.473993000
17		1119	4764.474000000
17		34	4764.474661000
17		33	4764.475460000
17		138	4764.475628000
17		1358	4764.484672000
6	1396		4764.518450000
17		43	4764.536395000
17		1358	4764.550951000
6	1396		4764.610672000
17		1358	4764.612316000
17		43	4764.660321000
17		1358	4764.676791000
6	1396		4764.702927000
6	0		4764.721848000
17		1358	4764.740082000
17		43	4764.784078000
17		1358	4764.804581000
6	68		4764.804897000
17		43	4764.845639000
17		1358	4764.868195000
6	52		4764.889169000
6	0		4764.889212000
6	0		4764.889245000
6	0		4764.890501000
17		1358	4764.932127000
6	0		4764.970693000
6	1396		4764.971144000
6	0		4764.974691000
17		1358	4764.995888000
6	1396		4765.048025000
17		1358	4765.060039000
6	0		4765.094389000
17		1358	4765.123420000
6	0		4765.156280000
17		1358	4765.186401000
6	1396		4765.201725000
17		49	4765.218517000
17		35	4765.232664000
17		1358	4765.251266000
17		43	4765.280614000
17		43	4765.341692000
6	1396		4765.355476000
17		1358	4765.357638000
6	0		4765.404265000
17		1358	4765.464322000
17		43	4765.465953000
6	1396		4765.509204000
17		43	4765.527700000
17		43	4765.652600000
6	0		4765.652630000
6	1396		4765.660836000
17		43	4765.714203000
17		43	4765.776571000
6	1396		4765.812502000
17		43	4765.838341000
6	1396		4765.926278000
17		43	4765.961954000
6	0		4766.024074000
6	1396		4766.039971000
17		43	4766.085868000
17		43	4766.148004000
17		1358	4766.149670000
17		1358	4766.149727000
6	1396		4766.153721000
6	1396		4766.267474000
17		43	4766.271757000
17		1358	4766.273605000
6	0		4766.334183000
6	1396		4766.381205000
17		43	4766.395867000
17		1358	4766.397454000
17		43	4766.458499000
17		1358	4766.478891000
6	1396		4766.494944000
6	0		4766.582415000
6	68		4766.599198000
6	1396		4766.608660000
6	0		4766.706120000
6	1396		4766.722397000
6	52		4766.742847000
6	0		4766.742887000
6	0		4766.742908000
6	0		4766.744496000
17		43	4766.830161000
17		1358	4766.831636000
6	1396		4766.836136000
6	0		4766.884897000
6	0		4766.891918000
17		43	4766.891951000
17		1358	4766.896891000
6	1396		4766.949874000
17		1358	4766.961148000
6	0		4767.015892000
17		1358	4767.025385000
6	1396		4767.063598000
17		43	4767.077765000
17		1358	4767.090480000
17		1358	4767.154511000
6	1396		4767.177350000
17		43	4767.202795000
17		1358	4767.218640000
6	0		4767.263938000
17		43	4767.263969000
17		1358	4767.284004000
6	1396		4767.291090000
17		1358	4767.348014000
6	0		4767.387671000
6	1396		4767.404828000
17		1358	4767.412799000
17		48	4767.450247000
17		35	4767.463498000
17		1358	4767.476460000
6	1396		4767.518541000
17		43	4767.573767000
17		1358	4767.583878000
6	1396		4767.632300000
6	0		4767.635989000
17		1358	4767.691812000
17		43	4767.698543000
6	1396		4767.746029000
17		43	4767.760550000
17		1358	4767.799866000
6	1396		4767.859771000
17		43	4767.884472000
17		1358	4767.906512000
17		43	4767.945917000
6	1396		4767.973501000
6	0		4768.008169000
17		1216	4768.013436000
17		43	4768.069748000
6	1396		4768.087251000
17		43	4768.131677000
6	1396		4768.200984000
6	0		4768.255755000
17		43	4768.255786000
6	1396		4768.314729000
17		43	4768.318146000
6	0		4768.362479000
6	0		4768.362536000
6	0		4768.379317000
17		43	4768.379999000
6	41		4768.386333000
6	0		4768.402443000
6	21		4768.402476000
6	0		4768.402486000
6	1080		4768.403595000
6	0		4768.419782000
6	440		4768.419854000
6	1396		4768.428464000
6	0		4768.462226000
6	48		4768.478391000
6	0		4768.478431000
6	280		4768.483305000
6	0		4768.499505000
17		43	4768.503830000
6	16		4768.506146000
6	1396		4768.542217000
6	0		4768.546266000
6	52		4768.562477000
6	0		4768.562518000
6	52		4768.562653000
6	0		4768.566100000
6	100		4768.585924000
6	0		4768.626223000
17		43	4768.628575000
6	1396		4768.655922000
17		43	4768.752036000
6	1396		4768.769672000
6	0		4768.814472000
17		43	4768.876133000
6	1396		4768.883416000
6	1396		4768.997115000
17		1038	4769.000273000
17		41	4769.000863000
17		127	4769.001536000
17		1353	4769.001648000
17		1358	4769.001664000
17		1358	4769.001669000
17		1358	4769.001673000
17		1358	4769.001678000
17		1358	4769.001683000
17		1358	4769.001688000
17		1358	4769.001692000
17		1358	4769.001696000
6	0		4769.062513000
17		1358	4769.082531000
6	1396		4769.110894000
17		1358	4769.164116000
6	0		4769.186283000
6	1396		4769.224623000
17		1358	4769.244616000
6	0		4769.310210000
17		1358	4769.324978000
6	1396		4769.338358000
6	0		4769.372413000
17		1358	4769.405305000
6	1396		4769.452072000
17		1358	4769.485278000
6	0		4769.496515000
17		43	4769.496542000
17		49	4769.558753000
17		43	4769.558781000
6	1396		4769.565835000
17		1358	4769.566612000
17		43	4769.620580000
17		1358	4769.646399000
6	1396		4769.679557000
17		43	4769.682196000
17		1358	4769.727975000
17		43	4769.744046000
6	1396		4769.793310000
17		43	4769.806233000
17		1358	4769.808309000
17		43	4769.868564000
17		1358	4769.887959000
6	1396		4769.898584000
17		43	4769.930261000
17		1358	4769.968878000
17		43	4769.992099000
6	1396		4770.003815000
17		1358	4770.049599000
17		43	4770.054306000
6	1396		4770.109075000
17		43	4770.115978000
17		1358	4770.130471000
17		1358	4770.210390000
17		43	4770.240355000
6	0		4770.240382000
6	1396		4770.240832000
17		1358	4770.290436000
6	1396		4770.298577000
17		43	4770.302416000
17		43	4770.363809000
17		1358	4770.371872000
6	68		4770.407247000
6	52		4770.423563000
6	0		4770.423621000
6	0		4770.423642000
6	0		4770.424766000
6	0		4770.426065000
6	1396		4770.426513000
6	0		4770.440944000
17		1358	4770.452357000
6	1396		4770.468626000
17		43	4770.488151000
17		1358	4770.533466000
6	1396		4770.552883000
17		43	4770.612114000
17		41	4770.612135000
17		1358	4770.613704000
6	0		4770.674271000
6	1396		4770.674717000
17		1358	4770.693958000
6	1396		4770.721266000
17		43	4770.735989000
17		1358	4770.775055000
17		43	4770.797680000
17		1358	4770.852756000
17		43	4770.921901000
17		1358	4770.931690000
6	0		4770.984257000
17		1358	4771.009323000
17		43	4771.046016000
17		1358	4771.088258000
17		43	4771.107627000
17		1358	4771.167687000
17		43	4771.231919000
17		1358	4771.246614000
6	0		4771.294296000
17		43	4771.294329000
6	1396		4771.294753000
17		1358	4771.326587000
6	1396		4771.364941000
17		43	4771.417791000
17		1358	4771.419354000
17		43	4771.480206000
17		1358	4771.499179000
6	0		4771.541814000
6	1396		4771.542263000
17		43	4771.604308000
17		1358	4771.605540000
6	1396		4771.610552000
17		43	4771.728003000
17		1358	4771.730316000
6	0		4771.790181000
6	1396		4771.790633000
6	1396		4771.843244000
17		43	4771.852525000
17		1358	4771.853730000
17		41	4771.914389000
17		38	4771.915146000
17		43	4771.976089000
17		1358	4771.978020000
6	0		4772.037905000
6	1396		4772.038375000
6	1396		4772.091001000
17		43	4772.100535000
17		1358	4772.102244000
17		43	4772.224312000
17		1358	4772.225711000
6	0		4772.285681000
17		43	4772.285708000
6	1396		4772.286098000
17		1358	4772.289036000
6	1396		4772.338745000
17		43	4772.348153000
17		1358	4772.352373000
17		43	4772.409970000
17		1358	4772.416032000
17		43	4772.471653000
17		647	4772.520968000
17		43	4772.534249000
17		43	4772.596629000
17		43	4772.658445000
17		43	4772.781934000
6	0		4772.844116000
6	1396		4772.844573000
6	1396		4772.897219000
17		43	4772.906168000
17		43	4772.968546000
6	0		4773.092135000
17		43	4773.092168000
6	1396		4773.092607000
6	1396		4773.145263000
17		43	4773.153901000
6	0		4773.277951000
6	1396		4773.278399000
17		43	4773.339992000
6	1396		4773.355760000
17		43	4773.402493000
6	0		4773.526334000
6	1396		4773.526793000
6	1396		4773.579446000
17		43	4773.588292000
17		43	4773.650517000
17		48	4773.773969000
17		35	4773.788545000
6	0		4773.836298000
6	1396		4773.836765000
6	1396		4773.889399000
17		43	4773.897718000
17		1128	4773.960019000
17		41	4773.960714000
17		139	4773.961372000
17		1353	4773.961400000
17		1358	4773.961405000
17		1358	4773.961450000
17		1358	4773.961462000
17		1358	4773.961468000
17		1358	4773.961473000
17		1358	4773.961480000
17		1358	4773.961487000
17		1358	4773.961493000
17		1358	4774.040402000
6	0		4774.084218000
17		712	4774.084248000
6	1396		4774.084686000
17		38	4774.085842000
17		83	4774.094219000
17		33	4774.094527000
17		1358	4774.120297000
6	1396		4774.137315000
17		1358	4774.198280000
6	0		4774.208219000
6	1396		4774.242577000
17		1358	4774.276388000
6	0		4774.331955000
6	1396		4774.347846000
17		1358	4774.354259000
17		1358	4774.433012000
6	1396		4774.453097000
6	0		4774.455918000
17		1358	4774.512635000
6	1396		4774.558359000
6	0		4774.579876000
17		49	4774.579903000
17		35	4774.593873000
17		43	4774.642039000
17		1358	4774.643569000
6	1396		4774.663638000
17		43	4774.704042000
17		1358	4774.722546000
17		43	4774.765868000
6	1396		4774.768902000
17		1358	4774.802558000
17		43	4774.827911000
17		1358	4774.882703000
17		43	4774.889829000
17		43	4774.951875000
17		1358	4774.962893000
6	0		4774.977816000
6	0		4774.977866000
17		43	4775.013870000
17		1358	4775.042296000
17		43	4775.076599000
17		712	4775.076623000
17		34	4775.077444000
6	0		4775.118807000
17		1358	4775.120562000
17		34	4775.137227000
17		690	4775.138521000
17		43	4775.138539000
17		40	4775.139509000
17		87	4775.148320000
17		33	4775.148593000
17		46	4775.200190000
17		41	4775.200212000
17		1358	4775.200363000
17		34	4775.200805000
17		43	4775.261842000
17		1358	4775.277507000
6	0		4775.324107000
17		1358	4775.356390000
17		43	4775.385841000
17		1358	4775.435196000
17		43	4775.510430000
6	0		4775.510467000
17		1358	4775.512014000
17		1358	4775.591105000
17		43	4775.634221000
17		1358	4775.669957000
17		43	4775.696293000
17		1358	4775.749570000
6	0		4775.758498000
6	1396		4775.758951000
17		43	4775.820028000
17		1358	4775.827867000
17		1358	4775.905698000
17		43	4775.944088000
17		1358	4775.983652000
6	0		4776.006580000
17		43	4776.006634000
6	1396		4776.007062000
17		1358	4776.073336000
6	1396		4776.073377000
17		43	4776.130061000
17		1358	4776.142750000
17		43	4776.192273000
17		1358	4776.222058000
6	0		4776.241608000
6	0		4776.241677000
6	0		4776.253878000
17		48	4776.253912000
17		690	4776.253920000
6	1396		4776.254466000
17		36	4776.254853000
17		35	4776.267760000
6	0		4776.280705000
6	12		4776.281025000
17		1358	4776.285896000
17		43	4776.316282000
6	0		4776.319735000
6	12		4776.319768000
6	0		4776.319778000
6	1		4776.319995000
6	4		4776.320011000
6	32		4776.320018000
6	0		4776.320026000
17		1358	4776.349412000
6	0		4776.358634000
6	0		4776.358674000
6	0		4776.358678000
6	0		4776.358797000
6	0		4776.358841000
17		42	4776.378254000
17		42	4776.378281000
17		48	4776.378290000
17		42	4776.378297000
17		43	4776.378303000
17		34	4776.378891000
17		1358	4776.412852000
17		43	4776.440197000
17		1358	4776.477025000
17		43	4776.502327000
17		1358	4776.540774000
17		43	4776.564393000
17		1358	4776.604403000
17		43	4776.626282000
17		1358	4776.668376000
17		43	4776.688176000
17		1358	4776.732002000
17		43	4776.749720000
17		1358	4776.795358000
17		43	4776.811703000
17		43	4776.873906000
17		1358	4776.900725000
6	0		4776.936290000
17		43	4776.936317000
6	1396		4776.936749000
6	1396		4776.989397000
17		43	4776.998488000
17		1358	4777.006502000
17		43	4777.059914000
6	1396		4777.094680000
17		1358	4777.110723000
6	0		4777.122165000
17		43	4777.184313000
6	1396		4777.199933000
17		1358	4777.214744000
6	0		4777.246645000
6	1396		4777.305174000
17		43	4777.308842000
17		1358	4777.320409000
17		43	4777.369784000
17		1358	4777.398538000
6	1396		4777.410450000
6	0		4777.432107000
17		1358	4777.477266000
17		43	4777.494008000
6	1396		4777.515705000
17		1358	4777.555099000
17		43	4777.555708000
17		43	4777.618413000
6	1396		4777.620970000
17		1358	4777.633417000
17		48	4777.679649000
17		35	4777.693253000
17		1358	4777.708726000
6	1396		4777.726221000
17		43	4777.741800000
17		1358	4777.784589000
17		43	4777.804693000
6	1396		4777.831507000
17		1358	4777.858984000
17		43	4777.866261000
17		43	4777.928615000
17		1358	4777.931794000
17		43	4777.990110000
17		1358	4778.004311000
6	0		4778.052320000
6	1396		4778.052751000
17		1358	4778.073220000
6	0		4778.113876000
6	1396		4778.114336000
17		1358	4778.144700000
17		43	4778.175668000
17		1358	4778.215561000
6	0		4778.238320000
6	1396		4778.238783000
17		1358	4778.286215000
17		43	4778.299818000
17		1358	4778.356682000
6	0		4778.361938000
6	1396		4778.362379000
17		43	4778.423711000
17		1358	4778.427404000
6	0		4778.485964000
6	1396		4778.486422000
17		1358	4778.499197000
17		43	4778.547687000
17		1358	4778.569056000
17		43	4778.610346000
17		1358	4778.640364000
6	0		4778.672501000
6	1396		4778.672946000
17		1358	4778.711057000
6	1396		4778.715069000
17		43	4778.733752000
17		1358	4778.781598000
6	0		4778.795758000
17		43	4778.795809000
6	1396		4778.799264000
17		1358	4778.852410000
6	0		4778.858528000
6	1396		4778.883481000
17		43	4778.919664000
17		1358	4778.923232000
6	1396		4778.967650000
17		43	4778.981681000
17		1358	4778.994216000
6	0		4779.044535000
6	1396		4779.051882000
17		1358	4779.065288000
17		43	4779.106628000
17		1358	4779.136015000
6	0		4779.167883000
6	1396		4779.168375000
17		43	4779.230686000
17		1358	4779.232321000
17		43	4779.291775000
17		1358	4779.304432000
17		43	4779.353785000
17		1358	4779.376836000
6	0		4779.415978000
17		43	4779.478241000
17		1358	4779.479835000
6	0		4779.539667000
6	1396		4779.540138000
17		48	4779.602465000
17		35	4779.616692000
17		43	4779.664430000
6	0		4779.726762000
6	1396		4779.727234000
17		43	4779.788514000
6	1396		4779.797425000
17		43	4779.912383000
6	0		4779.912412000
6	1396		4779.937775000
17		43	4780.035989000
6	1396		4780.078155000
17		43	4780.098216000
17		43	4780.160444000
6	0		4780.160493000
6	1396		4780.218518000
17		43	4780.283868000
6	1396		4780.323767000
6	0		4780.346282000
17		43	4780.408458000
17		767	4780.408482000
17		41	4780.409647000
6	1396		4780.429062000
17		115	4780.492572000
17		37	4780.492614000
17		43	4780.531934000
6	1396		4780.534266000
6	0		4780.594108000
6	1396		4780.639551000
17		43	4780.656521000
17		43	4780.718104000
6	1396		4780.744824000
6	0		4780.780593000
17		43	4780.842756000
6	1396		4780.850066000
17		43	4780.903901000
17		1358	4780.905308000
6	1396		4780.955393000
17		43	4781.027872000
17		1358	4781.029471000
17		43	4781.090133000
17		1358	4781.101188000
6	0		4781.151636000
17		43	4781.151672000
6	1396		4781.152086000
17		1358	4781.172883000
17		43	4781.214662000
17		41	4781.214698000
17		37	4781.217131000
17		1358	4781.244259000
6	0		4781.337912000
6	1396		4781.338368000
6	1396		4781.391031000
6	0		4781.461915000
6	1396		4781.496290000
6	0		4781.586120000
6	1396		4781.601522000
17		41	4781.647893000
6	1396		4781.706817000
6	0		4781.709900000
17		47	4781.709924000
17		41	4781.709931000
17		33	4781.735796000
6	1396		4781.812069000
6	0		4781.834622000
6	1396		4781.917314000
6	0		4781.957887000
17		43	4782.020612000
17		1358	4782.022226000
6	1396		4782.022575000
17		43	4782.082339000
17		1358	4782.093381000
6	1396		4782.127883000
17		43	4782.144419000
6	0		4782.144444000
17		1358	4782.164572000
17		1358	4782.235271000
17		43	4782.268044000
17		1358	4782.305945000
17		43	4782.329768000
17		1358	4782.377096000
6	0		4782.392629000
17		1358	4782.447642000
6	0		4782.516396000
17		1358	4782.518634000
17		1358	4782.589449000
6	0		4782.640144000
17		1358	4782.660144000
17		1358	4782.730870000
6	0		4782.764569000
6	1396		4782.764988000
17		1358	4782.801867000
6	1396		4782.817619000
17		43	4782.826309000
17		1358	4782.872877000
17		1358	4782.943239000
17		43	4782.950125000
6	0		4783.012173000
6	1396		4783.012616000
17		1358	4783.015071000
6	1396		4783.065283000
17		43	4783.074625000
17		1358	4783.085132000
17		43	4783.135664000
17		1358	4783.155728000
17		43	4783.198566000
17		1358	4783.226878000
17		43	4783.260221000
17		1358	4783.297593000
17		43	4783.322421000
17		1358	4783.369004000
17		43	4783.383837000
17		1358	4783.439515000
17		43	4783.446436000
17		43	4783.507971000
17		1358	4783.509407000
17		1358	4783.581494000
17		43	4783.631677000
17		1358	4783.651680000
6	0		4783.694272000
6	1396		4783.694764000
17		1358	4783.722731000
6	1396		4783.747396000
17		43	4783.756123000
17		1358	4783.793515000
17		43	4783.817802000
6	1396		4783.852641000
17		1358	4783.864220000
17		1358	4783.935987000
17		43	4783.942310000
6	1396		4783.957904000
6	0		4784.004682000
17		1358	4784.006119000
6	1396		4784.063184000
17		48	4784.066454000
17		1358	4784.077008000
17		43	4784.128657000
17		1358	4784.147545000
6	1396		4784.168417000
17		43	4784.190390000
17		1358	4784.218823000
17		43	4784.251693000
6	0		4784.257382000
6	0		4784.257439000
6	1396		4784.273684000
17		1358	4784.289363000
17		43	4784.314142000
6	0		4784.359888000
6	0		4784.359939000
17		1358	4784.360739000
17		43	4784.375974000
6	1396		4784.378961000
6	0		4784.385305000
6	41		4784.391555000
6	0		4784.398237000
6	12		4784.398454000
17		1358	4784.431188000
6	0		4784.436807000
6	12		4784.436844000
6	0		4784.436859000
6	1		4784.437036000
6	4		4784.437057000
6	32		4784.437070000
6	0		4784.437085000
17		43	4784.437860000
6	0		4784.475358000
6	0		4784.475402000
6	0		4784.475515000
6	0		4784.475803000
6	0		4784.475817000
6	1396		4784.484221000
17		43	4784.500424000
17		1358	4784.501998000
6	0		4784.536748000
6	21		4784.537968000
6	0		4784.537993000
6	1080		4784.539040000
17		1358	4784.573262000
6	1396		4784.589501000
17		43	4784.623891000
6	0		4784.630299000
6	0		4784.630356000
17		1358	4784.643438000
6	0		4784.686097000
6	1396		4784.694745000
6	440		4784.695898000
17		1358	4784.714300000
6	0		4784.738218000
17		43	4784.748544000
17		1358	4784.785773000
6	1396		4784.800043000
6	0		4784.816683000
6	41		4784.822080000
17		1358	4784.856309000
17		43	4784.872365000
6	48		4784.882939000
6	0		4784.882979000
6	280		4784.888188000
6	1396		4784.905282000
17		1358	4784.926858000
6	0		4784.933702000
17		43	4784.996176000
17		1358	4784.997798000
6	0		4785.008125000
6	1396		4785.010539000
6	21		4785.012528000
6	0		4785.012565000
6	1080		4785.013906000
6	16		4785.038854000
17		1358	4785.068591000
6	0		4785.082230000
6	1396		4785.115809000
17		43	4785.119901000
17		1358	4785.139816000
17		43	4785.182039000
6	440		4785.206413000
17		1358	4785.210205000
6	1396		4785.221059000
6	0		4785.244248000
6	0		4785.250228000
17		1358	4785.280888000
17		43	4785.306239000
6	1396		4785.326326000
17		1358	4785.351975000
17		1358	4785.423513000
17		43	4785.430381000
6	1396		4785.431589000
6	48		4785.436466000
6	0		4785.436502000
6	280		4785.441120000
17		43	4785.491981000
17		1358	4785.493622000
6	1396		4785.536848000
6	0		4785.554135000
17		1358	4785.565183000
17		43	4785.615988000
17		1358	4785.635001000
6	16		4785.635692000
6	1396		4785.642131000
6	52		4785.648688000
6	0		4785.648751000
6	52		4785.648836000
6	0		4785.678212000
17		1358	4785.706020000
17		43	4785.740426000
6	1396		4785.747379000
17		1358	4785.777469000
6	84		4785.786618000
17		43	4785.801838000
6	0		4785.830236000
17		1358	4785.847623000
6	1396		4785.852624000
6	0		4785.863924000
17		48	4785.863952000
6	52		4785.864463000
6	0		4785.864487000
6	52		4785.864558000
17		35	4785.878007000
17		1358	4785.918776000
6	1396		4785.957912000
17		43	4785.988082000
17		1358	4785.989371000
17		43	4786.050241000
6	100		4786.050601000
17		1358	4786.060851000
6	1396		4786.063176000
6	0		4786.094238000
6	0		4786.112240000
17		1358	4786.131090000
6	1396		4786.168416000
17		43	4786.173929000
17		1358	4786.202387000
17		1358	4786.258814000
6	1396		4786.273704000
17		43	4786.297724000
17		1358	4786.315994000
17		43	4786.360174000
17		1358	4786.373290000
6	0		4786.421689000
6	1396		4786.422148000
17		1358	4786.429385000
17		43	4786.484368000
17		1358	4786.485945000
17		1358	4786.542668000
17		1358	4786.598942000
17		43	4786.608041000
17		1358	4786.655647000
17		43	4786.670260000
17		1358	4786.712794000
6	0		4786.732408000
17		43	4786.732442000
6	1396		4786.732873000
17		1358	4786.768461000
6	1396		4786.790533000
17		1358	4786.826055000
17		43	4786.856036000
17		1358	4786.882735000
17		43	4786.918394000
17		1358	4786.939587000
6	0		4786.980555000
6	1396		4786.980999000
17		1358	4786.995998000
6	1396		4787.038640000
17		43	4787.041748000
17		1358	4787.052437000
17		1358	4787.147684000
6	1396		4787.153923000
17		43	4787.165713000
17		43	4787.228250000
17		1358	4787.241557000
6	1396		4787.269208000
6	0		4787.290578000
17		1358	4787.335967000
17		43	4787.352408000
6	1396		4787.384535000
17		41	4787.414399000
17		37	4787.415970000
17		1358	4787.430712000
17		43	4787.475825000
6	1396		4787.499796000
17		1358	4787.524781000
17		43	4787.537742000
6	0		4787.600250000
6	1396		4787.615083000
17		1358	4787.619824000
17		43	4787.662690000
17		1358	4787.714141000
17		43	4787.724035000
6	1396		4787.730373000
17		43	4787.786589000
17		1358	4787.807821000
6	0		4787.848033000
6	1396		4787.848489000
17		1358	4787.903025000
17		43	4787.910131000
6	68		4787.944810000
6	1396		4787.960944000
17		1358	4787.996985000
17		43	4788.034603000
17		1358	4788.068530000
17		43	4788.095843000
17		1358	4788.138741000
6	0		4788.158006000
6	1396		4788.158477000
17		1358	4788.210106000
6	1396		4788.216120000
17		43	4788.220194000
17		1358	4788.281305000
17		43	4788.282336000
6	68		4788.322227000
6	68		4788.344649000
17		1358	4788.353709000
17		43	4788.405746000
17		1358	4788.424927000
6	0		4788.426615000
6	0		4788.426664000
17		43	4788.467893000
6	0		4788.471905000
17		1358	4788.497030000
17		43	4788.530153000
6	52		4788.539561000
6	0		4788.539612000
6	0		4788.539636000
6	0		4788.540819000
17		1358	4788.568489000
6	52		4788.575380000
6	0		4788.575428000
6	0		4788.577029000
17		43	4788.592418000
6	0		4788.592449000
6	1396		4788.592880000
17		1358	4788.640185000
17		43	4788.653742000
17		1358	4788.712229000
6	0		4788.726918000
17		43	4788.777722000
17		1358	4788.783278000
6	0		4788.839913000
17		1358	4788.853713000
17		43	4788.902590000
17		1358	4788.925028000
17		43	4788.964081000
17		1358	4788.996881000
17		43	4789.026277000
17		1358	4789.068035000
17		48	4789.150453000
17		1358	4789.152057000
6	0		4789.154223000
6	0		4789.211731000
17		43	4789.274451000
17		1358	4789.276039000
6	0		4789.296818000
17		43	4789.336577000
17		1358	4789.348200000
17		43	4789.460467000
17		1358	4789.462088000
6	0		4789.522095000
17		43	4789.522129000
17		1358	4789.534594000
17		43	4789.646072000
17		1358	4789.647696000
6	0		4789.708282000
17		43	4789.769932000
17		1358	4789.771533000
17		43	4789.893963000
17		1358	4789.895813000
17		43	4789.956077000
17		1358	4789.967317000
6	0		4790.018273000
17		43	4790.080581000
17		1358	4790.082247000
17		43	4790.203721000
17		1358	4790.205345000
6	0		4790.265919000
6	1396		4790.266387000
17		43	4790.328516000
17		1358	4790.330120000
17		43	4790.390006000
17		1358	4790.401775000
17		43	4790.452435000
17		1358	4790.473884000
17		43	4790.514122000
17		1358	4790.545811000
6	0		4790.576343000
6	1396		4790.576803000
6	1396		4790.634441000
17		43	4790.638244000
17		1358	4790.639512000
17		43	4790.699690000
17		1358	4790.711584000
17		43	4790.761795000
17		1358	4790.783263000
17		43	4790.824029000
17		1358	4790.855550000
17		43	4790.885658000
17		1358	4790.928254000
17		48	4791.010496000
17		1358	4791.012078000
17		43	4791.071701000
17		1358	4791.083178000
17		43	4791.134355000
17		1358	4791.154820000
17		43	4791.196764000
6	0		4791.196795000
6	1396		4791.197245000
17		1358	4791.227186000
17		43	4791.258262000
17		1358	4791.298793000
17		43	4791.320578000
17		1358	4791.371030000
17		43	4791.382223000
17		1358	4791.441031000
17		43	4791.444571000
17		43	4791.506522000
17		1358	4791.511830000
17		43	4791.568562000
17		1358	4791.582583000
17		43	4791.630096000
17		1358	4791.654271000
17		43	4791.692548000
17		1358	4791.724322000
17		43	4791.754632000
17		1358	4791.795346000
17		43	4791.815680000
17		1358	4791.866622000
17		43	4791.877673000
17		1358	4791.938596000
17		43	4791.939914000
6	0		4792.002080000
6	1396		4792.002565000
17		1358	4792.007672000
6	1396		4792.060171000
17		43	4792.064229000
17		1358	4792.078441000
17		43	4792.126530000
17		1358	4792.149601000
6	1396		4792.175466000
17		43	4792.187790000
17		1358	4792.220550000
17		43	4792.249748000
6	1396		4792.290761000
17		1358	4792.291614000
6	0		4792.311916000
17		1358	4792.362186000
6	0		4792.374119000
6	1396		4792.406046000
17		1358	4792.433490000
17		48	4792.436392000
17		35	4792.450568000
6	0		4792.477034000
6	0		4792.477089000
17		43	4792.498598000
17		1358	4792.503481000
6	0		4792.516236000
6	12		4792.516509000
6	1396		4792.521324000
6	0		4792.555761000
6	12		4792.555801000
6	0		4792.555816000
6	1		4792.556003000
6	4		4792.556020000
6	32		4792.556030000
6	0		4792.556043000
17		43	4792.559946000
17		1358	4792.574628000
6	0		4792.595100000
6	0		4792.595165000
6	0		4792.595192000
6	0		4792.595354000
6	0		4792.595387000
17		43	4792.622058000
6	1396		4792.636608000
17		1358	4792.645476000
17		43	4792.683776000
17		1358	4792.715946000
17		43	4792.745852000
6	1396		4792.751887000
17		1358	4792.787568000
17		43	4792.807921000
17		1358	4792.858128000
6	1396		4792.867175000
6	0		4792.870143000
17		1358	4792.928833000
17		43	4792.932595000
6	1396		4792.982476000
17		43	4792.994391000
17		1358	4793.000181000
17		43	4793.055853000
17		1358	4793.056152000
6	1396		4793.097756000
17		1358	4793.113183000
17		43	4793.118192000
17		1358	4793.169101000
17		43	4793.180688000
6	1396		4793.213044000
17		1358	4793.226211000
17		43	4793.242383000
17		1358	4793.283481000
17		43	4793.304381000
6	1396		4793.328337000
17		1358	4793.339651000
17		43	4793.365707000
17		1358	4793.397014000
17		43	4793.427996000
6	1396		4793.443625000
17		1358	4793.452946000
17		43	4793.490278000
17		1358	4793.509478000
6	0		4793.552425000
6	1396		4793.558894000
17		1358	4793.566992000
17		43	4793.613733000
6	1396		4793.674199000
6	0		4793.675796000
17		43	4793.738389000
6	1396		4793.789465000
17		43	4793.799842000
6	0		4793.862008000
6	1396		4793.904748000
17		48	4793.923969000
17		35	4793.937894000
6	0		4793.986141000
6	1396		4793.996999000
17		43	4794.048117000
6	1396		4794.089233000
17		43	4794.110399000
6	0		4794.171671000
6	1396		4794.181460000
17		43	4794.233863000
6	1396		4794.273692000
17		43	4794.295755000
6	0		4794.358157000
6	1396		4794.365910000
17		43	4794.420218000
6	1396		4794.458152000
6	0		4794.482451000
17		43	4794.482490000
17		43	4794.544570000
6	1396		4794.550382000
6	0		4794.605771000
6	1396		4794.642611000
17		43	4794.668178000
17		43	4794.730048000
6	1396		4794.734830000
6	0		4794.792411000
6	1396		4794.827079000
17		43	4794.854123000
6	0		4794.915685000
6	1396		4794.919298000
17		43	4794.978578000
6	1396		4795.011534000
17		43	4795.039833000
6	0		4795.102268000
6	1396		4795.103754000
17		43	4795.164350000
6	1396		4795.196003000
17		43	4795.226132000
6	1396		4795.288238000
6	0		4795.288401000
17		43	4795.350527000
6	1396		4795.380463000
6	0		4795.412383000
6	1396		4795.472686000
17		43	4795.474578000
17		1358	4795.475871000
17		43	4795.536145000
17		1358	4795.537459000
6	1396		4795.564917000
6	1396		4795.657164000
17		43	4795.660383000
6	0		4795.660413000
17		1358	4795.661313000
17		43	4795.721702000
17		1358	4795.733125000
6	1396		4795.810852000
17		48	4795.846215000
17		1358	4795.847613000
6	0		4795.908369000
6	0		4795.951468000
6	0		4795.951525000
6	1396		4795.964594000
6	0		4795.987101000
6	0		4796.032065000
6	1396		4796.118329000
6	0		4796.156493000
6	1396		4796.272060000
6	0		4796.279872000
6	0		4796.404593000
6	1396		4796.425782000
6	0		4796.528312000
6	1396		4796.579507000
6	0		4796.651977000
6	0		4796.714160000
6	1396		4796.733236000
6	0		4796.837712000
6	1396		4796.885928000
6	0		4796.962381000
6	1396		4797.030775000
17		43	4797.086727000
17		1358	4797.088341000
6	1396		4797.133495000
17		1358	4797.146574000
6	0		4797.148219000
17		43	4797.148247000
17		1358	4797.202933000
6	1396		4797.230884000
6	0		4797.233978000
6	0		4797.234021000
17		1358	4797.260828000
6	0		4797.272419000
17		1358	4797.317973000
6	1396		4797.326641000
17		43	4797.334251000
17		1358	4797.376309000
17		43	4797.396000000
6	1396		4797.422391000
17		1358	4797.432845000
17		1358	4797.490022000
6	1396		4797.518129000
17		43	4797.520468000
17		1358	4797.547455000
6	0		4797.581688000
17		1358	4797.603794000
6	1396		4797.613875000
17		1358	4797.661728000
6	0		4797.706245000
6	1396		4797.709614000
17		1358	4797.718958000
17		1358	4797.775413000
6	1396		4797.805390000
6	0		4797.830347000
17		1358	4797.833452000
17		1358	4797.890498000
6	1396		4797.901104000
17		1358	4797.948399000
6	0		4797.953924000
6	1396		4797.996871000
17		1358	4798.004795000
17		43	4798.015924000
17		1358	4798.062771000
6	0		4798.078511000
6	1396		4798.092607000
17		43	4798.140280000
17		1358	4798.158094000
6	1396		4798.188357000
17		43	4798.201852000
17		1358	4798.253200000
6	1396		4798.284092000
17		43	4798.326827000
17		1358	4798.349227000
6	1396		4798.379860000
6	0		4798.387660000
17		43	4798.387691000
17		1358	4798.444018000
6	1396		4798.475608000
17		43	4798.512226000
17		1358	4798.539463000
6	1396		4798.571356000
6	0		4798.574431000
17		1358	4798.634714000
17		43	4798.635706000
6	1396		4798.667103000
17		43	4798.697962000
17		1358	4798.730465000
6	1396		4798.762844000
17		43	4798.821845000
17		1358	4798.824798000
6	1396		4798.858635000
17		43	4798.883979000
17		1358	4798.921412000
6	0		4798.946303000
17		43	4798.946328000
6	1396		4798.954335000
17		1358	4799.016598000
6	1396		4799.050099000
17		43	4799.069622000
17		1358	4799.087572000
17		43	4799.131942000
6	1396		4799.145838000
17		1358	4799.158786000
6	0		4799.194134000
17		1358	4799.231031000
6	1396		4799.241608000
17		43	4799.256437000
17		1358	4799.302624000
17		48	4799.318052000
17		35	4799.332649000
6	1396		4799.337353000
17		1358	4799.374414000
6	1396		4799.433099000
17		43	4799.441803000
17		1358	4799.445564000
6	0		4799.504516000
17		1358	4799.516798000
6	1396		4799.528853000
17		43	4799.565822000
17		1358	4799.588179000
6	1396		4799.624582000
17		43	4799.628129000
17		1358	4799.660859000
6	1396		4799.720322000
17		1358	4799.732546000
17		43	4799.751851000
17		1358	4799.803385000
6	0		4799.813842000
17		43	4799.813869000
6	1396		4799.816068000
17		1358	4799.874380000
6	1396		4799.911823000
17		43	4799.938144000
17		1358	4799.946051000
6	0		4800.000312000
6	1396		4800.007567000
17		1358	4800.018227000
17		43	4800.062270000
17		161	4800.088645000
6	1396		4800.103314000
17		43	4800.185769000
6	1396		4800.199059000
6	0		4800.247986000
6	1396		4800.294824000
17		43	4800.310300000
6	1396		4800.390564000
17		43	4800.433901000
6	1396		4800.486297000
6	0		4800.496095000
17		43	4800.558496000
6	1396		4800.582064000
6	0		4800.596665000
6	0		4800.596721000
6	0		4800.635655000
6	12		4800.635890000
6	0		4800.674832000
6	12		4800.674865000
6	0		4800.674875000
6	1		4800.675027000
6	4		4800.675040000
6	32		4800.675048000
6	0		4800.675057000
6	1396		4800.677805000
17		43	4800.682154000
6	0		4800.714061000
6	0		4800.714098000
6	0		4800.714103000
6	0		4800.714106000
6	0		4800.714118000
6	0		4800.744364000
6	1396		4800.773570000
17		43	4800.806297000
17		43	4800.868093000
6	1396		4800.869315000
6	0		4800.930300000
6	1396		4800.965067000
17		43	4800.991777000
17		43	4801.054596000
6	1396		4801.060804000
6	1396		4801.156549000
17		43	4801.177923000
6	0		4801.240091000
6	1396		4801.252273000
17		43	4801.302251000
6	1396		4801.348042000
17		43	4801.488891000
17		48	4801.676580000
6	0		4801.676614000
6	1396		4801.677024000
17		35	4801.689940000
17		43	4802.050442000
6	0		4802.050472000
6	1396		4802.050922000
17		1029	4802.237659000
17		41	4802.238266000
17		1358	4802.239059000
17		1358	4802.313056000
17		1358	4802.384321000
17		43	4802.423742000
6	0		4802.423774000
6	1396		4802.424210000
17		1358	4802.455641000
17		1358	4802.527462000
17		1358	4802.599167000
17		1358	4802.670127000
17		1358	4802.741379000
17		43	4802.798418000
6	0		4802.798446000
6	1396		4802.798899000
17		1358	4802.813508000
17		1358	4802.885436000
17		1358	4802.955863000
17		1358	4803.027513000
17		1358	4803.099258000
17		1358	4803.171608000
17		43	4803.172399000
6	0		4803.172427000
17		1358	4803.241927000
17		1358	4803.313817000
17		1358	4803.386201000
17		1358	4803.457132000
17		1358	4803.528684000
17		43	4803.546389000
6	0		4803.546415000
17		1358	4803.601438000
17		1358	4803.671628000
17		1358	4803.744019000
17		1358	4803.814303000
17		1358	4803.886097000
17		43	4803.920421000
6	0		4803.920449000
17		1358	4803.957646000
17		1358	4804.030018000
17		1358	4804.101918000
17		1358	4804.172881000
17		1358	4804.244379000
6	0		4804.294642000
17		1358	4804.315889000
17		1358	4804.386982000
17		1358	4804.458524000
6	0		4804.667892000
17		41	4804.667920000
17		37	4804.669522000
6	0		4805.042268000
17		657	4805.229556000
17		39	4805.231155000
17		87	4805.239085000
17		33	4805.239123000
6	0		4805.416350000
6	0		4805.790024000
6	0		4806.164592000
6	0		4806.190527000
6	0		4806.190595000
6	0		4806.435014000
6	15		4806.435083000
6	41		4806.441214000
6	0		4806.538155000
6	1396		4806.538582000
17		657	4806.725016000
17		34	4806.725668000
6	0		4806.759737000
6	0		4806.759792000
17		33	4806.874711000
6	0		4806.912108000
17		43	4806.912148000
6	1396		4806.912622000
6	1396		4806.960493000
6	0		4807.014685000
6	41		4807.021371000
17		49	4807.099488000
17		1358	4807.100636000
6	41		4807.138225000
6	856		4807.246295000
6	0		4807.275940000
6	21		4807.281015000
6	0		4807.281056000
6	1080		4807.282376000
17		43	4807.285909000
17		1358	4807.287491000
17		1358	4807.359710000
6	0		4807.382417000
6	440		4807.537520000
6	0		4807.578237000
17		43	4807.660448000
6	0		4807.660476000
6	1396		4807.660908000
17		1358	4807.662322000
6	48		4807.832827000
6	0		4807.832880000
6	280		4807.836894000
17		43	4807.846820000
17		1358	4807.848879000
17		43	4808.033796000
6	16		4808.103046000
6	0		4808.146251000
17		43	4808.221483000
6	52		4808.400821000
6	0		4808.400859000
6	52		4808.400939000
17		43	4808.407841000
6	0		4808.595587000
6	1396		4808.596043000
6	1396		4808.643933000
6	84		4808.655511000
6	0		4808.698241000
6	0		4808.715538000
6	0		4808.715595000
6	0		4808.755146000
6	12		4808.755384000
17		43	4808.782353000
6	0		4808.794933000
6	12		4808.794978000
6	0		4808.794989000
6	1		4808.795195000
6	4		4808.795221000
6	32		4808.795230000
6	0		4808.795242000
6	0		4808.834848000
6	0		4808.834882000
6	0		4808.834885000
6	0		4808.835184000
6	0		4808.835209000
6	871		4808.942312000
6	0		4808.942378000
6	1080		4808.943595000
17		43	4808.969462000
6	0		4809.148752000
6	0		4809.148796000
17		43	4809.155836000
6	0		4809.187766000
6	80		4809.187940000
6	312		4809.188586000
17		43	4809.343035000
6	16		4809.433507000
6	0		4809.474245000
17		43	4809.530317000
17		43	4809.716733000
17		657	4809.716760000
17		36	4809.717374000
6	64		4809.718475000
6	0		4809.718505000
6	64		4809.718589000
17		43	4809.904564000
6	80		4809.962733000
6	80		4809.963400000
17		43	4810.091532000
17		87	4810.162216000
6	96		4810.207743000
6	0		4810.250212000
17		43	4810.278537000
6	68		4810.300716000
17		43	4810.464830000
17		41	4810.464859000
17		39	4810.466936000
6	52		4810.555466000
6	0		4810.555515000
6	0		4810.555588000
6	0		4810.557102000
17		43	4810.651915000
6	0		4810.811619000
17		43	4810.839411000
17		43	4811.026608000
17		43	4811.213199000
17		43	4811.400419000
17		43	4811.587560000
17		43	4811.773773000
17		43	4811.960901000
6	80		4812.134558000
17		43	4812.148676000
17		43	4812.335704000
6	96		4812.378872000
6	0		4812.378930000
17		43	4812.522048000
17		47	4812.708766000
17		43	4812.708795000
17		41	4812.708802000
17		36	4812.709421000
6	0		4812.896106000
17		42	4812.896143000
6	1396		4812.896573000
6	1396		4812.944444000
6	1396		4813.040220000
6	0		4813.083458000
6	1396		4813.135922000
6	1396		4813.231691000
6	0		4813.269750000
6	1396		4813.327459000
6	1396		4813.423181000
17		43	4813.457039000
17		1358	4813.458260000
6	1396		4813.518979000
6	1396		4813.614692000
17		43	4813.644528000
17		1358	4813.645721000
6	1396		4813.710434000
6	1396		4813.806205000
17		43	4813.831273000
17		1358	4813.831965000
6	1396		4813.901945000
6	1396		4813.997686000
6	0		4814.017823000
6	1396		4814.093429000
6	1396		4814.189175000
17		43	4814.205230000
17		735	4814.205267000
17		41	4814.206263000
17		1358	4814.206838000
17		83	4814.214846000
17		33	4814.215136000
17		1358	4814.265260000
6	1396		4814.284908000
17		1358	4814.322457000
6	1396		4814.380693000
17		1358	4814.380934000
17		43	4814.392183000
17		1358	4814.438816000
6	1396		4814.476401000
17		1358	4814.494695000
17		1358	4814.553187000
6	1396		4814.572161000
6	0		4814.579486000
17		1358	4814.610498000
17		1358	4814.667315000
6	1396		4814.667901000
17		1358	4814.725588000
6	1396		4814.763659000
6	0		4814.766024000
17		44	4814.766045000
17		1358	4814.783315000
17		1358	4814.839792000
6	1396		4814.859418000
17		1358	4814.897412000
6	80		4814.908187000
6	0		4814.952791000
6	1396		4814.955143000
17		1358	4814.955480000
17		1358	4815.013761000
6	1396		4815.050926000
17		1358	4815.069984000
6	0		4815.090717000
6	0		4815.090767000
17		1358	4815.127845000
6	0		4815.140226000
17		700	4815.140256000
17		39	4815.141275000
6	1396		4815.146639000
17		87	4815.149265000
17		33	4815.149356000
17		1358	4815.186099000
6	1396		4815.242394000
17		1358	4815.242959000
17		1358	4815.300071000
6	0		4815.327387000
6	1396		4815.338138000
17		1358	4815.358228000
17		1358	4815.414910000
6	1396		4815.433885000
6	80		4815.458236000
17		1358	4815.472807000
6	0		4815.514133000
6	1396		4815.529623000
17		1358	4815.530780000
17		1358	4815.588048000
6	1396		4815.625402000
17		1358	4815.644994000
6	0		4815.701299000
6	96		4815.702629000
6	0		4815.702672000
17		1358	4815.703516000
6	1396		4815.721121000
17		1358	4815.761167000
6	1396		4815.816879000
17		1358	4815.817676000
17		1358	4815.875540000
6	0		4815.887871000
6	1396		4815.912606000
17		1358	4815.933895000
6	1396		4816.008387000
6	0		4816.075182000
6	1396		4816.104114000
6	1396		4816.199870000
17		43	4816.261990000
17		1358	4816.262930000
6	1396		4816.295628000
17		1358	4816.320660000
6	1396		4816.391373000
6	0		4816.448768000
6	1396		4816.487121000
6	1396		4816.582865000
6	0		4816.635951000
17		43	4816.635977000
17		1358	4816.636919000
6	1396		4816.678617000
17		1358	4816.695523000
6	1396		4816.774373000
6	0		4816.823398000
6	0		4816.836170000
6	0		4816.836230000
6	1396		4816.870104000
6	0		4816.875130000
6	12		4816.875385000
6	0		4816.914303000
6	12		4816.914335000
6	0		4816.914346000
6	1		4816.914499000
6	4		4816.914516000
6	32		4816.914524000
6	0		4816.914532000
6	0		4816.953521000
6	0		4816.953558000
6	0		4816.953610000
6	0		4816.953649000
6	0		4816.953661000
6	1396		4816.965844000
6	0		4817.010570000
6	1396		4817.061586000
6	1396		4817.157349000
17		48	4817.197322000
17		1358	4817.198927000
6	1396		4817.253084000
17		1358	4817.257870000
6	80		4817.309134000
6	1396		4817.348849000
6	0		4817.384540000
6	1396		4817.444580000
6	1396		4817.540336000
6	64		4817.553459000
6	0		4817.553509000
6	0		4817.555487000
6	0		4817.571437000
6	1396		4817.636069000
6	1396		4817.731821000
6	0		4817.799565000
6	1396		4817.827573000
6	1396		4817.923335000
6	0		4817.944784000
17		42	4817.944813000
6	1396		4818.019076000
6	1396		4818.114822000
17		49	4818.131747000
17		43	4818.131772000
17		43	4818.131778000
17		1358	4818.132935000
17		33	4818.157986000
17		1358	4818.191946000
6	1396		4818.210578000
6	0		4818.281706000
6	0		4818.281756000
6	1396		4818.306345000
17		43	4818.319247000
17		1358	4818.320889000
17		1358	4818.379382000
6	1396		4818.402071000
6	1396		4818.497803000
6	0		4818.525880000
6	0		4818.525945000
17		43	4818.693612000
6	0		4818.693636000
6	1396		4818.694077000
17		1358	4818.695181000
6	0		4818.739399000
6	41		4818.744925000
6	22		4818.747213000
6	0		4818.747249000
17		1358	4818.753598000
6	0		4818.959036000
6	1080		4818.959079000
6	976		4818.967716000
6	0		4818.967747000
17		43	4819.067514000
6	0		4819.067545000
6	1396		4819.067993000
17		1358	4819.069081000
17		1358	4819.127181000
6	0		4819.212195000
17		43	4819.254379000
17		1358	4819.256013000
17		1358	4819.314950000
17		43	4819.628531000
6	0		4819.628568000
6	1396		4819.629009000
17		1358	4819.629628000
17		1358	4819.688048000
17		43	4819.814952000
17		1358	4819.816524000
6	48		4819.821990000
6	0		4819.822034000
6	388		4819.830040000
17		1358	4819.875404000
6	0		4820.043968000
6	16		4820.059926000
6	0		4820.102226000
17		43	4820.189529000
6	0		4820.189574000
17		1358	4820.191130000
17		1358	4820.250071000
17		1358	4820.307327000
17		1358	4820.364108000
17		43	4820.563444000
6	0		4820.563481000
17		1358	4820.565044000
17		1358	4820.623898000
17		43	4820.937447000
6	0		4820.937473000
17		1358	4820.938868000
17		1358	4820.997679000
17		43	4821.124490000
17		1358	4821.126418000
17		1358	4821.184720000
17		33	4821.478888000
17		43	4821.498508000
6	0		4821.498539000
17		1358	4821.500083000
17		1358	4821.596564000
17		43	4821.872578000
6	0		4821.872617000
17		1358	4821.874231000
17		1358	4821.971448000
17		43	4822.059027000
17		700	4822.059052000
17		34	4822.059691000
17		1358	4822.067616000
17		1358	4822.164518000
17		43	4822.433642000
6	0		4822.433667000
17		1358	4822.435322000
17		1358	4822.531964000
17		43	4822.620828000
17		41	4822.620850000
17		1358	4822.628325000
17		1358	4822.725604000
17		47	4822.806880000
17		41	4822.806904000
17		34	4822.807503000
17		43	4822.994524000
6	0		4822.994558000
17		1358	4822.995203000
6	52		4823.057878000
6	0		4823.057927000
6	52		4823.058048000
17		1358	4823.091340000
6	0		4823.310319000
17		43	4823.368457000
6	0		4823.368485000
17		1358	4823.370802000
17		1358	4823.466969000
17		1358	4823.562843000
17		1358	4823.659653000
17		43	4823.742478000
6	0		4823.742506000
17		1358	4823.755202000
6	84		4823.788811000
6	0		4823.830227000
17		1358	4823.852183000
17		48	4823.929180000
17		35	4823.943241000
17		1358	4823.947747000
17		346	4824.043781000
17		43	4824.303423000
6	0		4824.303450000
17		43	4824.677436000
6	0		4824.677480000
17		43	4824.864088000
6	0		4824.954672000
6	0		4824.954736000
6	0		4824.994441000
6	12		4824.994676000
6	0		4825.034383000
6	12		4825.034417000
6	0		4825.034426000
6	1		4825.034559000
6	4		4825.034572000
6	32		4825.034580000
6	0		4825.034590000
6	0		4825.074325000
6	0		4825.074380000
6	0		4825.074420000
6	0		4825.074436000
17		662	4825.238464000
17		43	4825.238492000
6	0		4825.238504000
17		41	4825.239896000
17		87	4825.248048000
17		33	4825.249643000
17		43	4825.424665000
17		1353	4825.424692000
17		41	4825.425655000
17		68	4825.611830000
17		97	4825.623900000
17		198	4825.625651000
17		43	4825.799414000
6	0		4825.799441000
6	52		4826.164740000
17		43	4826.173424000
6	0		4826.173453000
6	0		4826.378424000
6	52		4826.427573000
6	0		4826.427621000
6	0		4826.427647000
6	0		4826.429123000
17		43	4826.547508000
6	0		4826.547534000
6	0		4826.643693000
6	0		4826.921065000
17		43	4827.295525000
6	0		4827.295550000
17		43	4827.669476000
6	0		4827.669509000
6	0		4828.043378000
17		43	4828.417376000
6	0		4828.417408000
17		43	4828.791469000
6	0		4828.791499000
6	1396		4828.791921000
6	0		4829.164736000
17		41	4829.164771000
6	1396		4829.165205000
17		37	4829.166325000
6	1396		4829.213044000
6	1396		4829.308797000
6	0		4829.380307000
6	0		4829.380357000
6	1396		4829.404544000
6	0		4829.539377000
6	1396		4829.539838000
6	1396		4829.596055000
6	1396		4829.691796000
17		43	4829.726114000
6	1396		4829.787528000
6	0		4829.913436000
6	1396		4829.913851000
6	1396		4829.979027000
6	1396		4830.074794000
17		43	4830.100097000
6	1396		4830.170541000
6	0		4830.473711000
17		41	4830.473746000
6	1396		4830.474205000
17		36	4830.474385000
6	0		4830.489343000
6	0		4830.489394000
6	1396		4830.522088000
6	1396		4830.617824000
6	1396		4830.713586000
6	0		4830.848365000
6	1396		4830.848807000
6	1396		4830.905104000
6	1396		4831.000822000
6	1396		4831.096585000
6	0		4831.222541000
6	1396		4831.222975000
6	1396		4831.288078000
6	1396		4831.383805000
6	1396		4831.479580000
6	0		4831.596636000
6	1396		4831.597068000
6	1396		4831.671075000
6	1396		4831.766802000
6	1396		4831.862578000
17		43	4831.970544000
6	0		4831.970572000
6	1396		4831.971017000
6	1396		4832.054072000
17		43	4832.157173000
6	0		4832.531458000
6	1396		4832.531927000
6	1396		4832.579810000
6	1396		4832.675546000
17		43	4832.718249000
6	1396		4832.771309000
17		33	4832.797464000
17		43	4832.905012000
6	0		4833.074833000
6	0		4833.074901000
6	0		4833.113215000
6	12		4833.113454000
6	0		4833.151763000
6	12		4833.151794000
6	0		4833.151805000
6	1		4833.151931000
6	4		4833.151952000
6	32		4833.151961000
6	0		4833.151971000
6	0		4833.190111000
6	0		4833.190177000
6	0		4833.190204000
6	0		4833.190294000
6	0		4833.190308000
6	0		4833.279441000
6	1396		4833.279886000
6	1396		4833.327785000
6	1396		4833.423535000
6	1396		4833.519269000
17		43	4833.653483000
6	0		4833.653519000
6	1396		4833.653952000
6	1396		4833.710762000
17		43	4834.027491000
6	0		4834.027528000
6	1396		4834.027962000
6	1396		4834.075837000
17		43	4834.214781000
17		43	4834.401486000
17		43	4834.588641000
6	0		4834.774943000
6	1396		4834.775399000
6	1396		4834.823303000
17		43	4834.962146000
6	0		4834.969702000
6	0		4834.969760000
6	0		4835.090692000
6	41		4835.096277000
17		43	4835.148694000
6	0		4835.216792000
6	21		4835.216871000
6	0		4835.216888000
6	1080		4835.218077000
17		43	4835.336748000
6	440		4835.339115000
6	0		4835.382204000
6	48		4835.502671000
6	0		4835.502709000
6	280		4835.508839000
17		43	4835.524014000
6	16		4835.632185000
6	0		4835.674246000
17		43	4835.710160000
6	52		4835.794734000
6	0		4835.794775000
6	52		4835.794922000
17		43	4835.897276000
6	84		4835.915393000
6	0		4835.958237000
17		43	4836.084379000
17		43	4836.270914000
17		41	4836.270953000
17		39	4836.271993000
17		43	4836.457914000
17		43	4836.645741000
17		43	4836.832100000
17		43	4837.019291000
17		42	4837.206556000
17		43	4837.206581000
17		43	4837.393355000
17		41	4837.393380000
17		38	4837.394200000
17		43	4837.580256000
17		44	4837.766745000
17		44	4837.954020000
17		45	4838.141394000
6	68		4838.269382000
17		45	4838.327838000
6	52		4838.389979000
6	0		4838.390021000
6	0		4838.390040000
6	0		4838.391187000
6	0		4838.511841000
17		45	4838.515012000
17		45	4838.702266000
17		45	4838.889511000
17		45	4839.075841000
17		45	4839.263173000
17		45	4839.450566000
17		45	4839.637617000
17		45	4839.824742000
17		1121	4839.824770000
17		38	4839.825397000
17		33	4839.825423000
17		139	4839.825973000
17		45	4840.011220000
17		1358	4840.012857000
17		45	4840.198307000
17		1358	4840.199944000
17		44	4840.385655000
17		1358	4840.387063000
17		42	4840.572049000
17		49	4840.572072000
17		42	4840.572076000
17		50	4840.572094000
17		43	4840.572101000
17		36	4840.572796000
17		1358	4840.573854000
17		1358	4840.647537000
6	0		4840.758919000
6	1396		4840.759388000
6	1396		4840.807263000
6	1396		4840.902989000
6	0		4840.946298000
6	1396		4840.998730000
6	1396		4841.094509000
6	0		4841.132836000
6	1396		4841.190265000
6	0		4841.192361000
6	0		4841.192417000
6	0		4841.231680000
6	12		4841.231940000
6	0		4841.271264000
6	12		4841.271306000
6	0		4841.271327000
6	1		4841.271504000
6	4		4841.271520000
6	32		4841.271529000
6	0		4841.271540000
6	1396		4841.285983000
6	0		4841.310647000
6	0		4841.310775000
6	0		4841.310802000
6	0		4841.310865000
6	0		4841.310883000
6	0		4841.320174000
6	1396		4841.381739000
6	1396		4841.477495000
6	0		4841.506830000
6	1396		4841.573262000
6	1396		4841.669001000
6	0		4841.694128000
6	1396		4841.764738000
6	1396		4841.860495000
6	0		4841.880891000
6	1396		4841.956268000
6	1396		4842.051983000
6	0		4842.068228000
6	1396		4842.147746000
6	1396		4842.243509000
6	0		4842.254844000
6	1396		4842.339215000
6	1396		4842.434967000
6	0		4842.442226000
6	1396		4842.530736000
6	1396		4842.626452000
6	0		4842.628972000
6	1396		4842.722225000
6	0		4842.816285000
6	1396		4842.817982000
6	1396		4842.913723000
6	0		4843.002823000
6	1396		4843.009458000
6	1396		4843.105235000
6	0		4843.190328000
6	1396		4843.200942000
6	1396		4843.296705000
6	0		4843.376852000
6	1396		4843.392444000
6	1396		4843.488203000
6	0		4843.564271000
6	1396		4843.583947000
6	1396		4843.679693000
6	0		4843.751505000
6	1396		4843.775451000
6	1396		4843.871184000
6	0		4843.938517000
6	1396		4843.966925000
6	1396		4844.062674000
6	0		4844.125406000
6	1396		4844.158410000
6	1396		4844.254182000
6	1396		4844.349925000
6	1396		4844.445684000
6	0		4844.498745000
6	1396		4844.541432000
6	1396		4844.637182000
6	0		4844.686257000
6	1396		4844.732902000
6	1396		4844.828667000
6	1396		4844.924400000
6	1396		4845.020154000
6	0		4845.060205000
17		782	4845.060239000
17		43	4845.061360000
17		87	4845.070678000
17		33	4845.071725000
6	1396		4845.115910000
6	1396		4845.211641000
6	1396		4845.307416000
6	1396		4845.403156000
6	0		4845.434257000
6	1396		4845.498905000
6	1396		4845.594646000
6	1396		4845.690386000
6	1396		4845.786133000
6	0		4845.808244000
6	1396		4845.881888000
6	1396		4845.977646000
6	1396		4846.073427000
6	1396		4846.169131000
6	0		4846.182267000
6	1396		4846.264854000
6	1396		4846.360627000
6	0		4846.556260000
6	0		4846.929920000
17		44	4846.929950000
17		41	4846.929957000
17		45	4846.929961000
17		1119	4846.929966000
17		45	4846.930575000
17		38	4846.930601000
6	0		4847.304294000
6	0		4847.677947000
6	0		4848.052543000
6	0		4848.426161000
6	1396		4848.426645000
6	0		4848.800318000
17		43	4848.800351000
6	1396		4848.800773000
17		1358	4848.801968000
6	1396		4848.848661000
17		1358	4848.874620000
17		1358	4848.946110000
17		43	4848.987164000
17		1358	4849.018790000
17		1358	4849.090438000
17		1358	4849.162846000
17		43	4849.173929000
17		1358	4849.234332000
17		1358	4849.305554000
6	0		4849.311959000
6	0		4849.312026000
6	0		4849.350777000
6	12		4849.351552000
17		43	4849.360801000
17		1358	4849.377551000
6	0		4849.390340000
6	12		4849.390383000
6	0		4849.390398000
6	1		4849.390598000
6	4		4849.390620000
6	32		4849.390628000
6	0		4849.390639000
6	0		4849.429408000
6	0		4849.429449000
6	0		4849.429456000
6	0		4849.429672000
6	0		4849.429710000
17		1358	4849.449175000
17		1358	4849.521613000
17		43	4849.547917000
17		1358	4849.594187000
17		1358	4849.666218000
17		43	4849.735546000
17		1358	4849.737056000
17		1358	4849.809787000
17		1358	4849.880832000
6	0		4849.921862000
17		1358	4849.952659000
17		1358	4850.024649000
17		1358	4850.097130000
6	0		4850.109463000
17		1358	4850.169369000
17		1358	4850.240747000
6	0		4850.295774000
17		1358	4850.312663000
17		1358	4850.384495000
17		1358	4850.456501000
6	0		4850.482848000
17		1358	4850.528188000
17		1358	4850.599369000
6	0		4850.670164000
6	0		4850.670221000
17		1358	4850.672151000
17		1358	4850.744289000
17		1358	4850.816492000
6	0		4850.856816000
17		1358	4850.887783000
17		1358	4850.959533000
17		1358	4851.031818000
6	0		4851.044033000
17		1358	4851.103612000
17		1358	4851.175230000
6	0		4851.230842000
17		1358	4851.247232000
17		1358	4851.319817000
17		1358	4851.390804000
6	0		4851.418119000
17		1358	4851.463091000
17		1358	4851.534973000
6	0		4851.605254000
17		1358	4851.606733000
17		1358	4851.677854000
17		1358	4851.750408000
6	0		4851.791725000
17		1358	4851.823176000
17		1358	4851.894367000
17		1358	4851.965699000
6	0		4851.978964000
17		1358	4852.038469000
17		1358	4852.109390000
6	0		4852.165697000
17		1358	4852.181530000
17		1358	4852.253283000
17		781	4852.324659000
6	0		4852.352968000
6	1396		4852.353416000
6	0		4852.540351000
6	1396		4852.540782000
6	0		4852.727648000
6	1396		4852.728113000
6	0		4852.914475000
6	1396		4852.914926000
17		1171	4853.101406000
6	0		4853.101435000
6	1396		4853.101884000
17		41	4853.102852000
17		117	4853.115223000
17		235	4853.117276000
6	0		4853.474993000
6	1396		4853.475457000
6	1396		4853.523350000
6	0		4853.849066000
6	1396		4853.849548000
6	1396		4853.897445000
6	0		4854.223165000
17		758	4854.223191000
6	1396		4854.223614000
17		41	4854.224789000
17		83	4854.232611000
17		33	4854.234288000
6	1396		4854.271492000
6	0		4854.597252000
6	1396		4854.597742000
6	1396		4854.645628000
6	0		4854.971401000
6	1396		4854.971862000
6	1396		4855.019756000
6	0		4855.345477000
6	1396		4855.345981000
6	1396		4855.393875000
6	0		4855.718941000
6	1396		4855.719409000
6	1396		4855.767267000
6	0		4855.906166000
6	1396		4855.906687000
6	1396		4855.958772000
6	0		4856.280504000
6	1396		4856.280991000
6	1396		4856.328891000
6	0		4856.654650000
6	1396		4856.655133000
6	1396		4856.703016000
6	0		4857.028750000
6	1396		4857.029225000
6	1396		4857.077096000
6	0		4857.402776000
6	1396		4857.403223000
6	0		4857.431212000
6	0		4857.431269000
6	1396		4857.451118000
6	0		4857.470973000
6	12		4857.471246000
6	0		4857.510857000
6	12		4857.510897000
6	0		4857.510912000
6	1		4857.511141000
6	4		4857.511168000
6	32		4857.511196000
6	0		4857.511210000
6	0		4857.522250000
6	0		4857.522295000
6	0		4857.550889000
6	0		4857.550935000
6	0		4857.550941000
6	0		4857.551000000
6	0		4857.551016000
6	0		4857.775820000
6	1396		4857.776311000
6	1396		4857.824175000
17		42	4857.963600000
17		49	4857.963628000
17		43	4857.963637000
17		819	4857.963643000
17		33	4857.964766000
17		33	4857.964789000
17		87	4857.973010000
17		33	4857.975011000
6	0		4858.149934000
6	1396		4858.150432000
6	1396		4858.198280000
6	0		4858.523968000
6	1396		4858.524472000
6	1396		4858.572332000
6	0		4858.898057000
6	1396		4858.898530000
6	1396		4858.946420000
6	0		4859.272275000
6	1396		4859.272729000
6	1396		4859.320593000
6	0		4859.646214000
17		41	4859.646252000
17		45	4859.646261000
17		1109	4859.646268000
6	1396		4859.646671000
17		35	4859.646918000
17		34	4859.648382000
17		169	4859.666263000
17		1358	4859.676778000
6	1396		4859.694547000
17		1358	4859.750237000
17		1358	4859.821708000
17		1358	4859.893202000
17		1358	4859.965735000
6	0		4860.020311000
6	1396		4860.020776000
17		1358	4860.037173000
6	1396		4860.068663000
17		1358	4860.108787000
6	1396		4860.164400000
17		1358	4860.180462000
17		1358	4860.253082000
6	1396		4860.260156000
17		1358	4860.325146000
6	0		4860.394089000
6	1396		4860.394553000
17		1358	4860.397141000
6	1396		4860.451681000
17		1358	4860.468443000
17		1358	4860.540224000
6	1396		4860.547419000
17		43	4860.580739000
6	1396		4860.643150000
6	0		4860.768046000
6	1396		4860.768525000
6	1396		4860.834677000
6	1396		4860.930405000
6	1396		4861.026153000
6	1396		4861.121889000
17		43	4861.142680000
6	0		4861.142706000
6	1396		4861.217638000
6	1396		4861.313415000
6	1396		4861.409134000
17		43	4861.422234000
6	1396		4861.504879000
17		43	4861.515431000
6	0		4861.515461000
6	1396		4861.600626000
17		43	4861.607714000
6	1396		4861.696400000
17		43	4861.701387000
6	1396		4861.792130000
17		43	4861.794202000
6	0		4861.827251000
6	0		4861.827301000
17		43	4861.886868000
6	1396		4861.887861000
17		43	4861.980086000
6	1396		4861.983611000
17		43	4862.072670000
6	1396		4862.079373000
17		43	4862.166312000
6	1396		4862.175124000
17		43	4862.259158000
6	1396		4862.270863000
17		43	4862.351889000
6	1396		4862.366611000
17		43	4862.445605000
6	1396		4862.462350000
17		43	4862.538448000
6	1396		4862.558117000
17		43	4862.631136000
6	1396		4862.653841000
17		43	4862.723898000
6	1396		4862.749589000
17		43	4862.817585000
6	1396		4862.845382000
17		43	4862.910409000
6	1396		4862.941085000
17		48	4863.003630000
17		36	4863.017379000
6	1396		4863.036850000
17		43	4863.095886000
6	1396		4863.132597000
17		43	4863.189564000
6	1396		4863.228404000
17		43	4863.282347000
6	1396		4863.324101000
17		43	4863.375197000
6	1396		4863.419827000
17		43	4863.468009000
6	1396		4863.515571000
17		43	4863.560736000
6	1396		4863.611322000
17		43	4863.654412000
6	1396		4863.707136000
17		43	4863.747044000
6	1396		4863.802832000
17		43	4863.839878000
6	1396		4863.898563000
17		43	4863.933524000
6	1396		4863.994338000
17		43	4864.026363000
6	1396		4864.090126000
17		43	4864.119127000
6	1396		4864.185815000
17		43	4864.211879000
6	1396		4864.281542000
17		43	4864.305485000
6	1396		4864.377312000
17		43	4864.398580000
6	0		4864.480900000
6	0		4864.480987000
17		43	4864.491130000
6	0		4864.506426000
6	41		4864.512017000
6	0		4864.536960000
6	21		4864.538492000
6	0		4864.538523000
6	1080		4864.539482000
6	0		4864.564317000
6	440		4864.564405000
17		43	4864.584371000
6	0		4864.606231000
6	48		4864.631093000
6	0		4864.631136000
6	280		4864.637833000
6	0		4864.662709000
6	16		4864.668761000
17		43	4864.677569000
6	0		4864.710235000
6	52		4864.735129000
6	0		4864.735171000
6	52		4864.735250000
6	84		4864.760112000
17		43	4864.769789000
6	0		4864.802232000
17		48	4864.862885000
17		35	4864.876998000
17		43	4864.956195000
17		43	4865.048803000
17		43	4865.142139000
17		43	4865.235121000
17		43	4865.328321000
17		43	4865.421284000
6	0		4865.514465000
6	1396		4865.514910000
6	0		4865.550969000
6	0		4865.551022000
6	1396		4865.562784000
6	0		4865.590144000
6	12		4865.590382000
6	0		4865.606671000
6	0		4865.629572000
6	12		4865.629820000
6	0		4865.629836000
6	1		4865.629990000
6	4		4865.630004000
6	32		4865.630012000
6	0		4865.630021000
6	1396		4865.658536000
6	0		4865.669193000
6	0		4865.669274000
6	0		4865.669281000
6	0		4865.669306000
6	0		4865.669319000
6	0		4865.699843000
6	1396		4865.754290000
6	0		4865.793077000
6	1396		4865.850037000
6	0		4865.885808000
17		47	4865.885835000
17		41	4865.885840000
17		927	4865.885847000
17		33	4865.886958000
17		33	4865.886982000
17		87	4865.895622000
17		33	4865.897033000
6	1396		4865.945793000
6	0		4865.978867000
6	0		4866.072344000
6	0		4866.165512000
6	0		4866.257735000
6	0		4866.350915000
17		47	4866.350938000
17		41	4866.350943000
17		33	4866.377868000
6	0		4866.444170000
6	0		4866.537399000
6	0		4866.630617000
6	0		4866.722826000
6	68		4866.761455000
6	52		4866.787708000
6	0		4866.787762000
6	0		4866.787779000
6	0		4866.789036000
6	0		4866.813903000
6	0		4866.815994000
6	0		4866.909211000
6	0		4867.002419000
6	0		4867.095425000
6	0		4867.280986000
6	0		4867.467447000
6	0		4867.652866000
6	0		4867.839260000
6	0		4868.025711000
6	0		4868.211087000
17		47	4868.304108000
17		41	4868.304132000
17		33	4868.330657000
6	0		4868.397404000
6	0		4868.583493000
6	0		4868.769080000
17		767	4868.861885000
17		39	4868.862896000
17		117	4868.874918000
17		103	4868.876953000
6	0		4868.955099000
6	0		4869.141413000
17		49	4869.141463000
17		35	4869.154883000
17		43	4869.234197000
17		43	4869.420911000
6	0		4869.420937000
6	0		4869.430640000
6	0		4869.430681000
17		43	4869.513531000
17		43	4869.606574000
17		43	4869.791737000
6	0		4869.885789000
17		43	4869.978322000
17		43	4870.164389000
17		44	4870.256733000
17		1358	4870.258379000
6	0		4870.350336000
6	1396		4870.350778000
6	1396		4870.398639000
17		44	4870.442753000
17		1358	4870.444755000
17		44	4870.629081000
17		1358	4870.630643000
6	0		4870.722532000
6	1396		4870.723011000
6	1396		4870.770884000
17		44	4870.815180000
17		1358	4870.816839000
17		1358	4870.889876000
6	0		4871.001381000
6	1396		4871.001854000
6	1396		4871.049728000
6	0		4871.187223000
6	1396		4871.187659000
6	1396		4871.241229000
6	0		4871.372706000
6	1396		4871.373124000
6	1396		4871.432712000
6	0		4871.559159000
6	1396		4871.559623000
6	1396		4871.624221000
6	0		4871.744713000
6	1396		4871.745147000
6	1396		4871.815750000
6	0		4871.931149000
6	1396		4871.931603000
6	1396		4872.007219000
6	0		4872.116680000
6	1396		4872.117110000
6	1396		4872.198679000
6	0		4872.303206000
6	1396		4872.303663000
6	1396		4872.390204000
6	0		4872.488693000
6	1396		4872.489164000
6	1396		4872.581681000
6	0		4872.675036000
6	1396		4872.677445000
6	1396		4872.773188000
6	0		4872.860994000
6	1396		4872.868936000
6	1396		4872.964663000
6	0		4873.047432000
6	1396		4873.060423000
6	1396		4873.156164000
6	0		4873.232926000
6	1396		4873.251919000
6	1396		4873.347656000
6	0		4873.419063000
6	1396		4873.443427000
6	0		4873.512241000
6	1396		4873.539160000
6	1396		4873.634919000
6	0		4873.669883000
6	0		4873.669943000
6	0		4873.698621000
6	0		4873.709056000
6	12		4873.709282000
6	1396		4873.730635000
6	0		4873.748394000
6	12		4873.748426000
6	0		4873.748436000
6	1		4873.748567000
6	4		4873.748587000
6	32		4873.748596000
6	0		4873.748605000
6	0		4873.787707000
6	0		4873.787743000
6	0		4873.788015000
6	0		4873.788050000
6	1396		4873.826402000
6	0		4873.884021000
6	1396		4873.922174000
6	1396		4874.017907000
6	0		4874.069660000
6	1396		4874.113667000
6	1396		4874.209417000
6	0		4874.256163000
6	1396		4874.305157000
6	1396		4874.400893000
6	0		4874.441781000
6	1396		4874.496663000
6	1396		4874.592406000
6	0		4874.628130000
6	1396		4874.688142000
6	0		4874.813771000
6	1396		4874.814212000
6	1396		4874.879638000
6	0		4874.999990000
17		47	4875.000019000
17		41	4875.000027000
6	1396		4875.000407000
17		33	4875.028163000
6	1396		4875.071136000
17		47	4875.093890000
17		41	4875.093920000
17		33	4875.120324000
17		43	4875.185853000
17		1358	4875.187489000
17		1358	4875.260042000
6	0		4875.279353000
6	1396		4875.279790000
17		1358	4875.332452000
6	0		4875.372524000
6	1396		4875.372991000
17		1358	4875.403487000
6	1396		4875.423411000
17		43	4875.464686000
17		1358	4875.476305000
6	1396		4875.519177000
17		1358	4875.547462000
17		43	4875.557793000
6	1396		4875.614899000
17		1358	4875.619919000
6	0		4875.651015000
17		1358	4875.691965000
6	1396		4875.710668000
6	0		4875.744578000
17		1358	4875.764030000
6	1396		4875.806421000
17		1358	4875.835461000
17		43	4875.837173000
6	1396		4875.902158000
17		1358	4875.907462000
17		43	4875.929795000
17		1358	4875.979270000
6	1396		4875.997897000
6	0		4876.023036000
17		1358	4876.051428000
6	1396		4876.093662000
6	0		4876.115989000
17		1358	4876.122143000
6	1396		4876.194559000
17		1358	4876.194972000
6	0		4876.209288000
17		1358	4876.266639000
6	1396		4876.285186000
6	0		4876.302559000
17		1358	4876.339078000
6	1396		4876.380884000
6	0		4876.394811000
17		1358	4876.410171000
6	1396		4876.476645000
17		1358	4876.482962000
6	0		4876.488272000
17		1358	4876.554622000
6	1396		4876.572431000
6	0		4876.580750000
17		1358	4876.626286000
6	1396		4876.668144000
6	0		4876.673968000
17		1358	4876.697730000
6	1396		4876.763868000
6	0		4876.766719000
17		1358	4876.769961000
17		1358	4876.842520000
6	1396		4876.859641000
6	0		4876.859852000
17		1358	4876.914462000
6	0		4876.952766000
6	1396		4876.955377000
17		1358	4876.985620000
6	0		4877.046002000
6	0		4877.046029000
6	1396		4877.051130000
17		1358	4877.056998000
17		1358	4877.129550000
6	0		4877.138877000
6	1396		4877.146875000
17		1358	4877.200752000
6	0		4877.232025000
6	1396		4877.242631000
17		1358	4877.272446000
6	0		4877.299379000
6	0		4877.299445000
6	0		4877.324814000
6	1396		4877.338379000
17		1358	4877.345903000
17		1358	4877.417342000
6	0		4877.418003000
6	1396		4877.434117000
17		1358	4877.488764000
6	0		4877.510915000
6	1396		4877.529868000
17		1358	4877.560673000
6	0		4877.604037000
6	1396		4877.625632000
17		1358	4877.632301000
6	0		4877.697255000
17		1358	4877.704381000
6	1396		4877.721488000
17		1358	4877.775839000
6	0		4877.789944000
6	1396		4877.817122000
17		1358	4877.847454000
6	0		4877.882724000
6	1396		4877.912858000
17		1358	4877.920905000
6	0		4877.975935000
17		1358	4877.992550000
6	1396		4878.008616000
17		1358	4878.064340000
6	0		4878.069387000
6	1396		4878.104355000
17		1358	4878.135606000
6	15		4878.146180000
6	0		4878.161957000
6	1396		4878.200110000
17		1358	4878.207944000
6	0		4878.255191000
17		1358	4878.278912000
6	1396		4878.295864000
6	0		4878.306234000
6	0		4878.348167000
17		1358	4878.350812000
6	1396		4878.391612000
17		1358	4878.422741000
6	0		4878.441140000
6	1396		4878.487384000
17		1358	4878.495329000
6	0		4878.534359000
6	0		4878.564566000
17		1358	4878.567435000
6	41		4878.570536000
6	1396		4878.583087000
6	0		4878.626949000
17		1358	4878.639397000
6	1396		4878.678854000
17		1358	4878.710942000
6	0		4878.719710000
6	1396		4878.774601000
17		1358	4878.782713000
6	0		4878.813005000
6	0		4878.828940000
17		1358	4878.854873000
6	1396		4878.870390000
6	0		4878.905809000
6	856		4878.926554000
17		1358	4878.926587000
6	1396		4878.966083000
17		1358	4878.998004000
6	0		4878.999000000
6	1396		4879.061842000
17		1358	4879.070909000
6	0		4879.092310000
17		1358	4879.142804000
6	1396		4879.157612000
6	0		4879.184950000
17		1358	4879.214224000
6	1396		4879.253387000
6	0		4879.277739000
17		1358	4879.285880000
6	1396		4879.349084000
17		1358	4879.358364000
6	0		4879.370971000
17		1358	4879.429164000
6	1396		4879.444827000
6	0		4879.463957000
17		1358	4879.501088000
6	1396		4879.540602000
6	0		4879.556985000
17		1358	4879.573232000
6	1396		4879.636318000
17		1358	4879.645764000
6	0		4879.650097000
6	0		4879.650116000
17		1358	4879.717268000
6	1396		4879.732067000
6	0		4879.743326000
17		1358	4879.789727000
6	1396		4879.827829000
6	0		4879.836083000
17		1358	4879.860960000
6	1396		4879.923577000
17		43	4879.929498000
17		1358	4879.931281000
17		1358	4880.004683000
6	1396		4880.019309000
17		43	4880.021991000
17		1358	4880.076814000
6	0		4880.114942000
6	1396		4880.115063000
17		1358	4880.148187000
17		43	4880.208136000
6	1396		4880.210808000
17		1358	4880.220697000
17		1358	4880.292712000
6	0		4880.300806000
6	1396		4880.306561000
17		1358	4880.365571000
17		48	4880.393939000
6	1396		4880.402290000
17		36	4880.407982000
17		1358	4880.436101000
6	0		4880.487165000
6	1396		4880.498042000
17		1358	4880.508002000
17		1358	4880.579326000
17		43	4880.579924000
6	1396		4880.593805000
17		1358	4880.651247000
6	0		4880.672752000
6	1396		4880.689546000
17		1358	4880.723045000
17		43	4880.766331000
6	1396		4880.785287000
17		1358	4880.796346000
6	0		4880.859565000
17		1358	4880.867322000
6	1396		4880.881025000
17		1358	4880.939769000
17		43	4880.951707000
6	1396		4880.976791000
17		1358	4881.011580000
17		43	4881.044942000
6	1396		4881.072538000
17		1358	4881.082617000
6	0		4881.138253000
17		1358	4881.154887000
6	1396		4881.168283000
17		1358	4881.226486000
17		43	4881.230807000
6	1396		4881.264016000
6	871		4881.270715000
6	0		4881.270752000
6	1080		4881.271729000
17		1358	4881.298424000
6	0		4881.323767000
17		43	4881.323795000
6	1396		4881.359780000
17		1358	4881.371624000
6	0		4881.416915000
17		1358	4881.443029000
6	1396		4881.455544000
17		43	4881.510276000
17		1358	4881.514507000
6	1396		4881.551287000
17		1358	4881.586158000
17		43	4881.603098000
6	1396		4881.647006000
17		1358	4881.658361000
6	0		4881.696633000
17		1358	4881.730091000
6	1396		4881.742769000
6	0		4881.788730000
6	0		4881.788801000
17		43	4881.788858000
17		1358	4881.801250000
6	0		4881.828113000
6	12		4881.828398000
6	1396		4881.838522000
6	0		4881.867409000
6	12		4881.867443000
6	0		4881.867454000
6	1		4881.867632000
6	4		4881.867652000
6	32		4881.867661000
6	0		4881.867671000
17		1358	4881.873589000
6	0		4881.882231000
6	0		4881.906593000
6	0		4881.906629000
6	0		4881.906633000
6	0		4881.906745000
6	0		4881.906779000
6	1396		4881.934275000
17		1358	4881.945861000
17		43	4881.974987000
17		1358	4882.017890000
6	1396		4882.029995000
6	0		4882.068324000
17		1358	4882.090149000
6	1396		4882.125771000
17		1358	4882.161019000
17		43	4882.161592000
6	1396		4882.221551000
17		1358	4882.233232000
17		43	4882.254291000
17		1358	4882.305499000
6	1396		4882.317250000
6	0		4882.346827000
17		1358	4882.377219000
6	1396		4882.413011000
17		43	4882.440358000
17		1358	4882.449106000
6	1396		4882.508778000
17		1358	4882.520837000
6	0		4882.533617000
17		1358	4882.592616000
6	1396		4882.604513000
17		43	4882.625909000
17		1358	4882.665345000
6	1396		4882.700242000
6	0		4882.719187000
17		43	4882.719235000
17		1358	4882.736807000
6	1396		4882.796002000
17		1358	4882.808370000
17		43	4882.811710000
17		1358	4882.879896000
6	1396		4882.891747000
6	0		4882.904968000
17		1358	4882.952327000
6	1396		4882.987495000
17		43	4882.997844000
17		1358	4883.023852000
6	1396		4883.083247000
6	0		4883.091087000
17		1358	4883.096634000
17		1358	4883.167755000
6	1396		4883.179011000
17		43	4883.183681000
17		1358	4883.239994000
6	1396		4883.274744000
6	0		4883.277496000
17		1358	4883.312017000
17		43	4883.370313000
6	1396		4883.370460000
17		1358	4883.383720000
17		1358	4883.455311000
17		48	4883.463420000
6	1396		4883.466221000
17		36	4883.477445000
17		1358	4883.527140000
6	0		4883.556238000
6	1396		4883.561987000
17		1358	4883.599034000
17		43	4883.649382000
6	1396		4883.657725000
17		1358	4883.670982000
6	0		4883.742558000
17		1358	4883.742689000
6	1396		4883.753478000
17		1358	4883.814932000
17		43	4883.834840000
6	1080		4883.842212000
6	1396		4883.849208000
17		1358	4883.887053000
6	0		4883.928636000
6	1396		4883.944978000
17		1358	4883.958076000
17		43	4884.021338000
17		1358	4884.029843000
6	1396		4884.040718000
17		1358	4884.101922000
6	0		4884.114558000
17		43	4884.114593000
6	1396		4884.136459000
17		1358	4884.173895000
17		43	4884.207104000
6	1396		4884.232215000
17		1358	4884.246748000
6	0		4884.300357000
17		1358	4884.318339000
6	1396		4884.327963000
17		1358	4884.390330000
17		43	4884.393048000
6	1396		4884.423706000
17		1358	4884.461433000
6	0		4884.485659000
6	1396		4884.519468000
17		1358	4884.534124000
17		43	4884.579123000
17		1358	4884.604888000
6	1396		4884.615199000
17		43	4884.672384000
17		1358	4884.677570000
6	1396		4884.710935000
17		1358	4884.734519000
6	0		4884.765623000
17		1358	4884.793277000
6	1396		4884.806698000
17		1358	4884.849991000
17		43	4884.857909000
6	1396		4884.902466000
17		1358	4884.907899000
6	0		4884.951563000
17		1358	4884.965034000
17		1358	4885.022914000
17		43	4885.044156000
17		1358	4885.079887000
17		1358	4885.137352000
6	0		4885.137633000
17		1358	4885.195069000
17		43	4885.230306000
17		1358	4885.251932000
17		1358	4885.309966000
17		43	4885.323276000
17		1358	4885.367995000
6	0		4885.416469000
17		1358	4885.424624000
17		1358	4885.482647000
17		43	4885.508942000
17		1358	4885.540183000
17		1358	4885.598106000
6	0		4885.601797000
17		43	4885.601831000
17		1358	4885.654685000
6	0		4885.694782000
17		1358	4885.712946000
17		1358	4885.770451000
17		43	4885.788015000
17		1358	4885.826856000
17		43	4885.880718000
17		1358	4885.885251000
17		1358	4885.943065000
6	0		4885.974306000
17		1358	4885.999730000
17		1358	4886.057792000
17		43	4886.067102000
17		1358	4886.115541000
6	0		4886.160316000
17		1358	4886.172861000
17		1358	4886.230274000
17		43	4886.253150000
17		1358	4886.287703000
17		1358	4886.346515000
6	0		4886.346699000
17		44	4886.438733000
17		1358	4886.440364000
17		1358	4886.499517000
17		49	4886.531786000
17		36	4886.546238000
17		1358	4886.555694000
17		1358	4886.613660000
6	0		4886.624890000
17		44	4886.717996000
17		1358	4886.719558000
17		1358	4886.777640000
6	0		4886.811304000
17		44	4886.904147000
17		1358	4886.905735000
17		1358	4886.964876000
6	0		4886.996933000
17		44	4886.996960000
17		1358	4887.020724000
17		1358	4887.078974000
17		44	4887.090011000
17		1358	4887.136528000
6	0		4887.183350000
17		1358	4887.194474000
17		45	4887.275801000
17		1358	4887.277417000
17		1358	4887.336347000
6	0		4887.369038000
17		45	4887.461830000
17		1358	4887.462982000
17		1358	4887.522326000
6	0		4887.555069000
17		45	4887.648589000
17		1358	4887.650861000
6	1080		4887.682209000
17		1358	4887.709294000
17		45	4887.740724000
17		1358	4887.766857000
17		1358	4887.825992000
6	0		4887.834105000
17		45	4887.927270000
17		1358	4887.928924000
17		1358	4887.987365000
6	0		4888.020030000
17		45	4888.112746000
17		1358	4888.114878000
17		1358	4888.173439000
6	0		4888.206677000
17		45	4888.299254000
17		1358	4888.301076000
17		1358	4888.360070000
6	0		4888.392012000
17		45	4888.392040000
17		1358	4888.417876000
17		1358	4888.476100000
17		45	4888.485469000
17		1358	4888.533781000
6	0		4888.578435000
17		45	4888.671128000
17		1358	4888.672717000
6	0		4888.764517000
17		45	4888.857125000
17		1358	4888.858100000
17		45	4888.950286000
17		1358	4888.951999000
17		45	4889.136393000
6	0		4889.136420000
17		1358	4889.137721000
17		45	4889.322141000
17		1358	4889.323749000
6	0		4889.415658000
17		45	4889.508189000
17		1358	4889.509796000
17		50	4889.600743000
17		1358	4889.607095000
17		45	4889.787443000
17		1358	4889.788314000
6	0		4889.879697000
17		45	4889.879725000
17		1358	4889.885472000
6	0		4889.907654000
6	0		4889.907712000
6	0		4889.946130000
6	12		4889.946392000
6	0		4889.984855000
6	12		4889.984888000
6	0		4889.984898000
6	1		4889.985090000
6	4		4889.985113000
6	32		4889.985121000
6	0		4889.985129000
6	0		4890.023580000
6	0		4890.023617000
6	0		4890.023705000
6	0		4890.023722000
17		45	4890.065789000
17		45	4890.158883000
6	0		4890.252603000
17		45	4890.345262000
17		45	4890.530833000
6	0		4890.623980000
17		45	4890.717264000
17		45	4890.810609000
17		45	4890.995844000
6	0		4891.089569000
17		45	4891.182260000
17		45	4891.275520000
17		45	4891.367829000
6	0		4891.460995000
17		45	4891.553987000
17		45	4891.740352000
6	0		4891.832715000
17		45	4891.925741000
17		45	4892.019045000
17		45	4892.205280000
6	0		4892.297904000
17		45	4892.391442000
17		45	4892.576942000
6	0		4892.633641000
6	0		4892.633699000
17		50	4892.669704000
17		37	4892.683915000
6	0		4892.763393000
17		45	4892.763422000
6	1396		4892.763858000
6	1396		4892.811735000
6	0		4892.889171000
6	41		4892.894640000
6	1396		4892.907469000
17		45	4892.948771000
6	0		4893.041974000
6	1396		4893.042424000
6	1396		4893.098959000
17		45	4893.135054000
6	0		4893.149853000
6	21		4893.156266000
6	0		4893.156302000
6	1080		4893.157339000
6	1396		4893.194738000
17		45	4893.228298000
6	1396		4893.290502000
17		45	4893.413738000
6	440		4893.417594000
6	0		4893.458244000
6	0		4893.507503000
6	1396		4893.507990000
6	1396		4893.555877000
17		45	4893.600361000
6	1396		4893.651606000
6	48		4893.713457000
6	0		4893.713501000
6	280		4893.717618000
6	1396		4893.747353000
17		45	4893.785921000
17		45	4893.878861000
6	0		4893.972288000
6	1396		4893.972745000
6	16		4893.976931000
6	0		4894.018232000
6	1396		4894.020626000
17		45	4894.064880000
17		712	4894.064912000
17		39	4894.066786000
17		83	4894.074824000
17		33	4894.074874000
6	1396		4894.116370000
17		45	4894.158241000
6	1396		4894.212105000
6	0		4894.250845000
6	52		4894.273443000
6	0		4894.273484000
6	52		4894.273595000
6	1396		4894.307859000
17		45	4894.344632000
6	1396		4894.403624000
17		45	4894.437341000
6	1396		4894.499356000
6	84		4894.535290000
6	0		4894.578240000
6	1396		4894.595125000
17		45	4894.622943000
6	0		4894.715837000
6	1396		4894.716304000
6	1396		4894.786600000
17		45	4894.809503000
6	1396		4894.882349000
6	1396		4894.978102000
17		45	4894.995778000
17		45	4895.088221000
17		610	4895.088251000
17		39	4895.089868000
17		87	4895.098887000
17		33	4895.099248000
6	0		4895.180778000
6	1396		4895.181223000
6	1396		4895.229121000
17		45	4895.274444000
6	1396		4895.324879000
6	1080		4895.362230000
6	1396		4895.420630000
17		45	4895.460055000
6	0		4895.553252000
17		45	4895.553291000
6	1396		4895.553690000
6	1396		4895.612113000
17		50	4895.646267000
17		37	4895.660689000
17		45	4895.832229000
6	0		4895.925450000
6	1396		4895.925896000
6	1396		4895.973796000
17		45	4896.017823000
6	0		4896.144491000
6	0		4896.144567000
17		45	4896.204497000
17		45	4896.297020000
6	0		4896.300434000
6	41		4896.306231000
6	0		4896.356373000
6	0		4896.356430000
6	0		4896.390252000
6	1396		4896.390782000
6	1396		4896.438603000
6	0		4896.462449000
6	21		4896.462494000
6	0		4896.462511000
6	1080		4896.463752000
17		45	4896.482872000
6	0		4896.542438000
6	41		4896.549599000
6	440		4896.620950000
6	68		4896.653762000
6	0		4896.662215000
17		45	4896.669305000
6	0		4896.735613000
6	21		4896.737138000
6	0		4896.737164000
6	1080		4896.738380000
6	0		4896.762632000
6	1396		4896.763097000
6	1396		4896.810964000
6	48		4896.817186000
6	0		4896.817223000
6	280		4896.823811000
17		45	4896.854827000
6	52		4896.921636000
6	0		4896.921680000
6	0		4896.921703000
6	0		4896.923466000
6	440		4896.936715000
17		45	4896.948226000
6	0		4896.978234000
6	16		4896.984840000
6	0		4897.026249000
17		45	4897.041625000
6	0		4897.133825000
6	1396		4897.134302000
6	48		4897.164245000
6	0		4897.164284000
6	280		4897.168273000
6	0		4897.178654000
6	52		4897.182069000
6	0		4897.182115000
6	1396		4897.182134000
6	52		4897.182247000
17		45	4897.227393000
6	84		4897.337203000
6	16		4897.362980000
6	0		4897.378257000
6	0		4897.406238000
17		45	4897.412718000
17		45	4897.506051000
6	52		4897.592271000
6	0		4897.592313000
6	52		4897.592428000
6	0		4897.599242000
6	1396		4897.600205000
6	1396		4897.648088000
17		45	4897.692251000
6	84		4897.785933000
6	0		4897.826226000
17		45	4897.877831000
6	0		4897.971049000
6	1396		4897.971489000
6	1396		4898.019394000
17		45	4898.064189000
17		45	4898.156727000
17		45	4898.343263000
6	0		4898.436466000
6	1396		4898.436939000
6	1396		4898.484829000
17		45	4898.528976000
17		45	4898.622373000
17		50	4898.715441000
17		37	4898.729519000
6	0		4898.807825000
6	1396		4898.808311000
6	1396		4898.856196000
17		45	4898.901176000
17		45	4899.087020000
6	0		4899.180347000
6	1396		4899.181459000
6	1396		4899.229309000
17		45	4899.272797000
17		45	4899.366224000
6	68		4899.536864000
17		45	4899.552247000
6	0		4899.645622000
6	1396		4899.646069000
6	52		4899.692523000
6	0		4899.692575000
6	0		4899.692948000
6	1396		4899.693948000
6	0		4899.694391000
17		45	4899.737794000
6	0		4899.849757000
17		45	4899.924536000
6	68		4899.984340000
6	0		4900.016749000
6	1396		4900.017215000
6	1396		4900.065105000
17		45	4900.109780000
6	1396		4900.160847000
6	52		4900.172715000
6	0		4900.172761000
6	0		4900.172781000
6	0		4900.174276000
6	1396		4900.256593000
17		45	4900.296194000
6	0		4900.360248000
17		45	4900.389144000
6	0		4900.482347000
6	1396		4900.482798000
6	1396		4900.530672000
17		45	4900.575321000
6	1396		4900.626431000
6	1396		4900.722184000
17		45	4900.760818000
17		45	4900.854516000
6	0		4900.947566000
17		45	4900.947591000
6	1396		4900.948008000
6	1396		4900.995883000
17		45	4901.039829000
17		45	4901.133216000
17		45	4901.226389000
17		45	4901.319486000
17		45	4901.412545000
17		50	4901.504796000
17		37	4901.518151000
17		45	4901.597984000
17		45	4901.691385000
17		45	4901.784518000
17		45	4901.876761000
17		45	4901.969910000
17		45	4902.063044000
17		45	4902.156145000
17		45	4902.249405000
17		45	4902.342455000
17		45	4902.434703000
17		45	4902.527772000
17		45	4902.621004000
17		45	4902.714093000
17		45	4902.807274000
17		45	4902.899757000
17		45	4902.993552000
17		45	4903.085925000
17		45	4903.179539000
17		45	4903.272303000
17		50	4903.365524000
17		36	4903.379555000
17		45	4903.458523000
17		45	4903.551087000
17		45	4903.644211000
17		45	4903.737316000
17		45	4903.830534000
17		45	4903.923640000
17		45	4904.015787000
17		45	4904.109067000
17		45	4904.202241000
17		45	4904.295424000
17		45	4904.388539000
17		45	4904.480650000
17		45	4904.574022000
17		45	4904.667152000
17		45	4904.760541000
17		45	4904.852723000
17		45	4904.945889000
17		45	4905.039285000
17		45	4905.132446000
17		50	4905.225557000
17		36	4905.239606000
17		45	4905.317773000
17		45	4905.411070000
17		45	4905.504157000
17		45	4905.597256000
17		45	4905.690515000
17		45	4905.782698000
17		1358	4905.783942000
17		45	4905.875841000
17		1358	4905.907424000
17		45	4905.968759000
17		1358	4906.031145000
17		45	4906.061846000
17		1358	4906.154355000
17		45	4906.154741000
6	0		4906.247866000
6	1396		4906.248322000
17		1358	4906.277145000
6	1396		4906.296221000
6	0		4906.341088000
17		1358	4906.376143000
6	1396		4906.391968000
6	0		4906.434087000
17		1358	4906.472591000
6	1396		4906.487703000
6	0		4906.526957000
17		1358	4906.569542000
6	1396		4906.583448000
6	0		4906.619754000
17		1358	4906.666129000
6	1396		4906.679209000
6	0		4906.712972000
17		1358	4906.763900000
6	1396		4906.774952000
6	0		4906.805756000
17		1358	4906.861331000
6	1396		4906.870715000
6	0		4906.898798000
17		1358	4906.958182000
6	1396		4906.966436000
6	0		4906.991774000
17		1358	4907.054783000
6	1396		4907.062204000
6	0		4907.085012000
17		1358	4907.152472000
6	1396		4907.157940000
6	0		4907.178062000
6	0		4907.178108000
17		1358	4907.250016000
6	1396		4907.253697000
6	0		4907.271518000
17		41	4907.271544000
17		1358	4907.346832000
6	1396		4907.349441000
17		47	4907.363711000
17		41	4907.363732000
17		33	4907.390010000
17		1358	4907.443605000
6	1396		4907.445167000
6	0		4907.456959000
17		1358	4907.540476000
6	1396		4907.540890000
6	0		4907.549888000
6	0		4907.549921000
6	1396		4907.636657000
17		1358	4907.638583000
6	0		4907.643429000
6	1396		4907.732462000
17		1358	4907.735288000
6	0		4907.736449000
6	1396		4907.828183000
17		1358	4907.832123000
6	0		4907.922688000
6	1396		4907.923916000
17		1358	4907.929974000
6	1396		4908.019668000
17		1358	4908.027758000
6	0		4908.108559000
6	1396		4908.115410000
17		1358	4908.124137000
17		47	4908.201489000
17		41	4908.201514000
6	1396		4908.211155000
17		1358	4908.221072000
17		33	4908.227264000
6	0		4908.293781000
6	1396		4908.306915000
17		1358	4908.317617000
6	1396		4908.402663000
17		1358	4908.415847000
6	0		4908.480149000
6	1396		4908.498397000
17		1358	4908.512469000
6	1396		4908.594159000
17		1358	4908.610203000
6	0		4908.665966000
6	1396		4908.689900000
17		1358	4908.706859000
6	1396		4908.785661000
17		1358	4908.804319000
6	0		4908.852417000
6	1396		4908.881417000
17		1358	4908.901180000
6	1396		4908.977156000
17		1358	4908.998671000
6	0		4909.037713000
6	1396		4909.072896000
17		1358	4909.095487000
6	1396		4909.168649000
17		485	4909.192929000
6	0		4909.223983000
6	1396		4909.264381000
6	1396		4909.360138000
6	0		4909.409873000
6	1396		4909.455901000
6	1396		4909.551637000
6	0		4909.596431000
6	1396		4909.647371000
6	1396		4909.743178000
6	0		4909.781872000
6	1396		4909.838885000
6	1396		4909.934639000
6	0		4909.968312000
6	1396		4910.030353000
6	1396		4910.126146000
6	0		4910.153791000
6	1396		4910.221880000
6	1396		4910.317604000
6	0		4910.340289000
6	1396		4910.413359000
6	1080		4910.466238000
6	1396		4910.509111000
6	0		4910.525876000
6	1396		4910.604855000
6	1396		4910.700599000
6	0		4910.712132000
6	1396		4910.796347000
6	0		4910.805378000
6	1396		4910.892106000
6	1396		4910.987842000
6	0		4910.991610000
6	1396		4911.083612000
6	0		4911.177026000
6	1396		4911.179322000
6	1396		4911.275090000
6	0		4911.362781000
6	1396		4911.370833000
6	1396		4911.466596000
17		44	4911.549314000
6	1396		4911.562314000
6	0		4911.642159000
17		43	4911.642208000
6	1396		4911.658088000
17		43	4911.735809000
6	1396		4911.753850000
6	0		4911.772982000
6	0		4911.773048000
17		43	4911.827693000
6	1396		4911.849574000
6	1396		4911.945332000
6	0		4911.984859000
6	41		4911.990841000
17		43	4912.013997000
6	1396		4912.041081000
6	0		4912.107019000
6	1396		4912.136806000
17		43	4912.200458000
6	0		4912.202086000
6	21		4912.203946000
6	0		4912.203975000
6	1080		4912.205131000
6	1396		4912.232552000
6	1396		4912.328330000
17		43	4912.386018000
6	440		4912.417304000
6	1396		4912.424074000
6	0		4912.458214000
6	0		4912.478931000
6	1396		4912.519822000
17		43	4912.572541000
6	1396		4912.615558000
17		43	4912.664839000
6	48		4912.669578000
6	0		4912.669624000
6	280		4912.675200000
6	1396		4912.711297000
6	0		4912.758088000
6	1396		4912.807077000
17		48	4912.850747000
17		36	4912.864241000
6	16		4912.889559000
6	1396		4912.902814000
6	0		4912.930202000
6	1396		4912.998551000
17		43	4913.036851000
6	1396		4913.094298000
6	0		4913.130069000
6	52		4913.141480000
6	0		4913.141526000
6	52		4913.141662000
6	1396		4913.190053000
17		43	4913.223638000
6	1396		4913.285819000
6	84		4913.353245000
6	1396		4913.381528000
6	0		4913.394242000
17		43	4913.408837000
6	1396		4913.477291000
6	0		4913.502067000
6	1396		4913.573039000
17		43	4913.595636000
6	1396		4913.668793000
6	1396		4913.764530000
17		43	4913.780800000
6	1396		4913.860269000
6	0		4913.874056000
6	1396		4913.956038000
17		43	4913.966711000
6	1396		4914.051782000
6	1396		4914.147527000
17		43	4914.152878000
6	1396		4914.243303000
6	0		4914.246211000
17		43	4914.246257000
6	1396		4914.339002000
6	0		4914.431945000
6	1396		4914.434752000
17		43	4914.525414000
6	1396		4914.530493000
6	1396		4914.626241000
17		43	4914.711031000
6	1396		4914.722023000
6	0		4914.803915000
6	1396		4914.817756000
17		43	4914.897452000
6	1396		4914.913508000
6	1396		4915.009243000
17		43	4915.083144000
6	1396		4915.104977000
6	0		4915.175954000
6	1396		4915.200729000
17		43	4915.269376000
6	1396		4915.296497000
6	1396		4915.392249000
17		43	4915.455091000
6	1396		4915.488889000
6	0		4915.547840000
6	1396		4915.583738000
17		43	4915.641262000
6	1396		4915.679481000
6	68		4915.745479000
6	1396		4915.775230000
6	0		4915.827628000
17		43	4915.827663000
6	1396		4915.871001000
17		43	4915.919757000
6	52		4915.958182000
6	0		4915.958232000
6	0		4915.958254000
6	0		4915.959443000
6	1396		4915.966714000
6	1396		4916.062467000
17		43	4916.105748000
17		1029	4916.105771000
17		35	4916.106395000
17		1358	4916.106976000
6	1396		4916.158245000
6	0		4916.170712000
6	0		4916.198998000
17		1358	4916.204893000
6	1396		4916.253984000
17		43	4916.292635000
17		1358	4916.301922000
6	1396		4916.349720000
17		1358	4916.398954000
6	1396		4916.445481000
17		43	4916.477798000
17		1358	4916.496875000
6	1396		4916.541236000
6	0		4916.571043000
17		1358	4916.593800000
6	1396		4916.636947000
17		43	4916.664490000
17		1358	4916.690678000
6	1396		4916.732702000
17		1358	4916.787707000
6	1396		4916.828478000
17		43	4916.849816000
17		1358	4916.885971000
6	1396		4916.924218000
6	0		4916.943056000
17		1358	4916.982707000
6	1396		4917.019958000
17		43	4917.036558000
17		1358	4917.079888000
6	1396		4917.115708000
17		1358	4917.177029000
6	1396		4917.211463000
17		43	4917.221806000
17		1358	4917.273977000
6	1396		4917.307325000
6	0		4917.315344000
17		43	4917.315374000
17		1358	4917.371306000
6	1396		4917.402961000
17		1358	4917.467785000
6	1396		4917.498701000
6	0		4917.501421000
17		1358	4917.565358000
6	0		4917.642529000
6	0		4917.642596000
17		1358	4917.662630000
6	0		4917.686872000
6	0		4917.727464000
6	41		4917.734872000
17		1358	4917.759572000
6	0		4917.810221000
6	0		4917.810260000
6	0		4917.818862000
6	21		4917.818897000
6	0		4917.818908000
6	1080		4917.820112000
17		1358	4917.856651000
6	0		4917.873152000
6	0		4917.904100000
6	440		4917.904141000
6	0		4917.946216000
17		1358	4917.953714000
6	48		4918.030178000
6	0		4918.030217000
6	280		4918.036742000
17		1358	4918.051363000
6	0		4918.059238000
6	0		4918.121419000
6	16		4918.122984000
17		1358	4918.148498000
6	0		4918.166238000
6	0		4918.245009000
17		1358	4918.245349000
6	52		4918.250234000
6	0		4918.250276000
6	52		4918.250425000
6	84		4918.334420000
6	0		4918.339477000
17		1358	4918.342168000
6	0		4918.378240000
17		1358	4918.438998000
6	0		4918.524127000
17		1358	4918.537515000
17		1358	4918.634174000
6	0		4918.710094000
17		1358	4918.730946000
17		1358	4918.828219000
6	0		4918.896516000
17		1358	4918.925563000
17		1358	4919.023265000
6	0		4919.082079000
17		1358	4919.119694000
17		1358	4919.216963000
6	0		4919.268301000
17		1358	4919.314336000
17		1358	4919.411406000
6	0		4919.453756000
17		1358	4919.508525000
17		1358	4919.605895000
6	0		4919.639980000
17		1358	4919.702973000
6	68		4919.750316000
17		1358	4919.799904000
6	0		4919.826478000
6	52		4919.834443000
6	0		4919.834484000
6	0		4919.834502000
6	0		4919.835808000
17		1358	4919.897319000
6	0		4919.919824000
17		1358	4919.993839000
6	0		4920.011797000
17		1358	4920.091978000
17		1358	4920.189286000
6	0		4920.198431000
17		1358	4920.285938000
17		1358	4920.382803000
6	0		4920.384491000
17		1358	4920.481226000
6	0		4920.570464000
17		1358	4920.578015000
6	0		4920.612851000
6	0		4920.612907000
17		1358	4920.674840000
6	0		4920.756512000
17		1358	4920.771485000
6	0		4920.853734000
6	41		4920.859625000
17		1358	4920.869238000
6	0		4920.941979000
17		1358	4920.965791000
6	0		4921.034967000
17		1358	4921.063357000
6	0		4921.099569000
6	21		4921.099602000
6	0		4921.099613000
6	1080		4921.100580000
17		1358	4921.159959000
6	0		4921.220809000
17		1358	4921.257582000
6	0		4921.340801000
6	440		4921.342108000
17		1358	4921.355210000
6	0		4921.382216000
6	0		4921.407076000
17		1358	4921.452088000
6	0		4921.531530000
17		1358	4921.548806000
6	48		4921.621645000
6	0		4921.621684000
6	280		4921.625698000
17		1358	4921.645273000
6	0		4921.655225000
17		1358	4921.743307000
6	0		4921.778748000
17		1358	4921.840399000
6	0		4921.865515000
6	16		4921.868185000
6	0		4921.902795000
6	0		4921.910228000
17		1358	4921.938085000
6	0		4922.027565000
17		1358	4922.034043000
17		1358	4922.132002000
6	52		4922.149649000
6	0		4922.149694000
6	52		4922.149855000
6	0		4922.151504000
6	1396		4922.151981000
17		1358	4922.228789000
6	0		4922.275372000
6	1396		4922.275852000
17		1358	4922.325743000
6	1396		4922.327813000
6	84		4922.389204000
6	0		4922.399490000
17		1358	4922.423142000
6	0		4922.430208000
6	1396		4922.431772000
17		1358	4922.520556000
6	0		4922.523178000
6	1396		4922.535789000
17		1358	4922.617801000
6	1396		4922.639740000
6	0		4922.647215000
17		1358	4922.715021000
6	1396		4922.740623000
6	0		4922.771458000
17		1358	4922.811909000
6	1396		4922.840300000
6	0		4922.895406000
17		1358	4922.909335000
6	1396		4922.940001000
6	0		4922.956710000
17		1358	4923.006212000
17		49	4923.019160000
17		36	4923.033237000
6	1396		4923.036264000
6	1396		4923.132550000
17		43	4923.143399000
6	0		4923.143426000
6	1396		4923.228852000
17		43	4923.267079000
6	1396		4923.325162000
6	0		4923.329243000
17		43	4923.391205000
6	1396		4923.421488000
17		43	4923.515006000
6	1396		4923.517722000
6	0		4923.577445000
6	1396		4923.614012000
17		43	4923.639195000
6	1396		4923.710305000
17		43	4923.763390000
6	1396		4923.806601000
6	0		4923.825243000
17		43	4923.887097000
6	1396		4923.902883000
17		43	4923.949227000
6	1396		4923.999165000
6	0		4924.011421000
17		43	4924.073191000
6	1396		4924.095472000
6	1396		4924.191760000
17		43	4924.197065000
6	0		4924.259225000
6	1396		4924.288048000
17		43	4924.321229000
6	68		4924.351791000
6	1396		4924.384332000
17		43	4924.444973000
6	1396		4924.480623000
6	0		4924.506939000
17		43	4924.568978000
6	1396		4924.576912000
6	52		4924.591204000
6	0		4924.591255000
6	0		4924.591282000
6	0		4924.592814000
6	1396		4924.673213000
17		43	4924.692694000
6	0		4924.754669000
6	1396		4924.769475000
17		43	4924.816690000
6	0		4924.833694000
6	1396		4924.865774000
17		43	4924.878644000
17		43	4924.941440000
6	1396		4924.962094000
17		43	4925.003332000
6	1396		4925.058335000
17		43	4925.064856000
17		611	4925.064887000
17		39	4925.066473000
17		87	4925.074920000
17		33	4925.074959000
17		48	4925.127606000
17		36	4925.142362000
6	1396		4925.154625000
17		43	4925.189183000
6	1396		4925.250902000
17		43	4925.250983000
17		43	4925.313171000
6	1396		4925.347224000
17		43	4925.374982000
17		43	4925.437436000
6	1396		4925.443522000
17		43	4925.499435000
6	1396		4925.539807000
17		43	4925.560672000
17		43	4925.623085000
6	1396		4925.636096000
17		43	4925.685210000
17		43	4925.747374000
17		43	4925.809612000
17		43	4925.870871000
17		43	4925.932806000
17		43	4925.994984000
17		43	4926.057083000
17		43	4926.119162000
17		43	4926.181243000
17		43	4926.243456000
17		43	4926.305478000
17		48	4926.366784000
17		35	4926.380706000
17		43	4926.428756000
17		43	4926.490974000
17		43	4926.553087000
17		43	4926.615043000
17		43	4926.677303000
17		43	4926.739431000
17		43	4926.801459000
17		43	4926.863565000
17		43	4926.924839000
17		43	4926.987059000
17		44	4927.049052000
17		44	4927.111037000
17		44	4927.173226000
17		44	4927.235430000
17		44	4927.297447000
17		44	4927.358640000
17		45	4927.420904000
17		45	4927.483069000
6	0		4927.545672000
6	1396		4927.546121000
6	1396		4927.594277000
17		45	4927.607391000
6	0		4927.668687000
6	1396		4927.690565000
17		50	4927.730845000
17		36	4927.745444000
6	1396		4927.786929000
6	0		4927.793048000
6	0		4927.855355000
17		45	4927.855380000
6	1396		4927.883135000
17		45	4927.917432000
6	1396		4927.979414000
6	0		4927.979550000
17		45	4928.040752000
17		1358	4928.042298000
6	1396		4928.075721000
6	0		4928.102943000
17		45	4928.164936000
17		1358	4928.166079000
6	1396		4928.172007000
6	0		4928.227300000
6	1396		4928.268313000
17		45	4928.289276000
17		1358	4928.290252000
6	0		4928.351294000
6	1396		4928.364587000
17		45	4928.412869000
17		1358	4928.414008000
6	1396		4928.460885000
6	0		4928.475103000
17		45	4928.537304000
17		1358	4928.538905000
6	1396		4928.557179000
6	0		4928.599010000
17		1358	4928.636957000
6	1396		4928.653465000
6	0		4928.660772000
6	0		4928.722909000
17		1358	4928.733746000
6	1396		4928.749753000
6	0		4928.785085000
17		1358	4928.830580000
6	1396		4928.846037000
6	0		4928.847249000
6	0		4928.909607000
17		1358	4928.928897000
6	1396		4928.942337000
6	0		4928.970827000
17		1358	4929.025579000
6	0		4929.033375000
6	1396		4929.038611000
17		1358	4929.122635000
6	1396		4929.134912000
6	0		4929.157101000
17		1358	4929.219324000
6	0		4929.219511000
6	1396		4929.231196000
17		1358	4929.318129000
6	1396		4929.327493000
6	0		4929.342808000
17		1358	4929.414226000
6	1396		4929.423774000
6	0		4929.467237000
17		1358	4929.511916000
6	1396		4929.520077000
6	0		4929.591568000
17		1358	4929.608696000
6	1396		4929.616348000
17		1358	4929.705733000
6	1396		4929.712627000
6	0		4929.715084000
6	0		4929.718757000
6	0		4929.718791000
17		1358	4929.803423000
6	1396		4929.808934000
6	0		4929.839513000
17		47	4929.839541000
17		41	4929.839547000
17		33	4929.865339000
17		1358	4929.900253000
6	1396		4929.905219000
6	0		4929.962692000
17		1358	4929.997161000
6	1396		4930.001511000
6	0		4930.028829000
6	0		4930.028886000
6	0		4930.068559000
6	12		4930.068853000
6	0		4930.087057000
17		1358	4930.093779000
6	1396		4930.097796000
6	0		4930.108174000
6	12		4930.108220000
6	0		4930.108234000
6	1		4930.108495000
6	4		4930.108519000
6	32		4930.108530000
6	0		4930.108544000
6	0		4930.147843000
6	0		4930.147903000
6	0		4930.147910000
6	0		4930.148053000
6	0		4930.148067000
17		1358	4930.191656000
6	1396		4930.194070000
6	0		4930.211224000
17		1358	4930.288554000
6	344		4930.290361000
6	1396		4930.314095000
6	0		4930.334679000
17		1358	4930.385661000
6	1396		4930.410392000
6	0		4930.459039000
17		1358	4930.482247000
6	1396		4930.506694000
17		1358	4930.580756000
6	0		4930.583198000
6	1396		4930.602965000
17		44	4930.644916000
17		1358	4930.677169000
6	1396		4930.699265000
17		43	4930.769390000
6	0		4930.769437000
17		1358	4930.774576000
6	1396		4930.795541000
17		1358	4930.871876000
6	1396		4930.891853000
6	0		4930.892960000
17		43	4930.955042000
17		1358	4930.969979000
6	1396		4930.988128000
17		43	4931.017330000
17		1358	4931.065809000
6	0		4931.078906000
6	1396		4931.084407000
17		43	4931.141013000
17		1358	4931.162782000
6	1396		4931.180712000
17		43	4931.264906000
6	1396		4931.277006000
17		1358	4931.324949000
6	0		4931.327644000
6	1396		4931.373296000
17		43	4931.389226000
6	1396		4931.469576000
17		1358	4931.487072000
17		43	4931.512775000
6	1396		4931.565869000
6	0		4931.575532000
17		43	4931.637149000
17		1358	4931.648378000
6	1396		4931.662143000
6	1396		4931.758440000
17		43	4931.760730000
17		1358	4931.810439000
6	0		4931.822908000
6	1396		4931.854739000
17		43	4931.884683000
6	1396		4931.951018000
17		1358	4931.972981000
17		43	4932.009085000
6	1396		4932.047317000
6	0		4932.071551000
17		48	4932.071577000
17		36	4932.085408000
17		1358	4932.134985000
6	1396		4932.143596000
17		43	4932.194703000
6	1396		4932.239892000
6	0		4932.257035000
17		1358	4932.296071000
17		43	4932.319233000
6	1396		4932.336173000
6	1396		4932.432463000
17		43	4932.442824000
17		1358	4932.458710000
6	0		4932.505023000
6	1396		4932.528761000
17		43	4932.567221000
17		1358	4932.620715000
6	1396		4932.625049000
17		43	4932.691232000
6	1396		4932.721340000
6	0		4932.753612000
17		1358	4932.783017000
17		43	4932.814705000
6	1396		4932.817620000
6	1396		4932.913906000
17		43	4932.938933000
17		1358	4932.943884000
6	0		4933.001322000
6	1396		4933.010247000
17		43	4933.063082000
17		1358	4933.106017000
6	1396		4933.106474000
17		43	4933.124787000
6	0		4933.186978000
6	1396		4933.202779000
17		43	4933.249082000
17		1358	4933.268477000
6	1396		4933.299077000
6	0		4933.311240000
17		43	4933.373500000
6	0		4933.373528000
17		1358	4933.389714000
6	1396		4933.395329000
6	1396		4933.491669000
17		43	4933.497452000
6	0		4933.497485000
17		1358	4933.510745000
6	1396		4933.587942000
17		43	4933.621047000
17		1358	4933.632822000
6	0		4933.683627000
6	1396		4933.684210000
17		43	4933.745095000
17		445	4933.754599000
6	1396		4933.780501000
17		43	4933.868952000
6	1396		4933.876811000
6	0		4933.931172000
6	1396		4933.973099000
17		43	4933.992971000
17		705	4934.054715000
17		39	4934.055838000
17		83	4934.065533000
17		33	4934.066241000
6	1396		4934.069361000
17		43	4934.117367000
6	1396		4934.165676000
6	0		4934.178764000
17		43	4934.240993000
6	1396		4934.261970000
6	1396		4934.358250000
17		43	4934.365189000
6	0		4934.426718000
6	1396		4934.454534000
17		48	4934.488688000
17		36	4934.503010000
6	1396		4934.550838000
6	0		4934.613214000
6	1396		4934.647110000
17		43	4934.675095000
6	1396		4934.743411000
17		43	4934.798854000
6	1396		4934.839708000
6	0		4934.861010000
6	1396		4934.935968000
17		43	4934.985237000
6	1396		4935.032271000
6	0		4935.047428000
6	1396		4935.128558000
17		43	4935.170696000
6	1396		4935.224857000
6	0		4935.232960000
17		43	4935.294917000
6	1396		4935.321146000
6	1396		4935.417452000
6	0		4935.419528000
17		43	4935.481157000
6	1396		4935.513707000
6	0		4935.605258000
17		43	4935.605286000
6	1396		4935.610006000
6	1396		4935.706316000
17		43	4935.728660000
6	0		4935.790771000
17		43	4935.915032000
6	0		4935.977374000
17		43	4936.100759000
6	0		4936.162910000
17		1112	4936.162938000
17		42	4936.163601000
17		1358	4936.167258000
17		43	4936.224932000
17		1358	4936.285408000
6	0		4936.348904000
17		1358	4936.402224000
17		43	4936.410875000
17		1358	4936.520236000
17		43	4936.535603000
6	0		4936.596742000
17		1358	4936.636747000
6	0		4936.721101000
17		43	4936.721128000
17		1358	4936.753547000
17		43	4936.783169000
17		1358	4936.870757000
17		43	4936.906778000
6	0		4936.969124000
17		1358	4936.988147000
6	0		4937.093369000
17		47	4937.093401000
17		41	4937.093411000
17		1358	4937.104803000
17		33	4937.119749000
6	0		4937.217250000
17		1358	4937.222134000
17		1358	4937.340110000
6	0		4937.341547000
17		1358	4937.455999000
6	0		4937.464742000
6	1396		4937.467178000
6	1396		4937.514233000
6	0		4937.527496000
17		1358	4937.573986000
6	1396		4937.608382000
6	0		4937.650956000
17		1358	4937.691017000
6	1396		4937.702546000
6	0		4937.775297000
6	1396		4937.796693000
17		1358	4937.807950000
6	1396		4937.890851000
6	0		4937.899454000
17		1358	4937.924942000
6	1396		4937.985009000
6	0		4938.023391000
17		1358	4938.042410000
6	1396		4938.079169000
6	0		4938.147254000
17		43	4938.147291000
6	0		4938.149254000
6	0		4938.149305000
17		1358	4938.158853000
6	1396		4938.173327000
6	0		4938.188875000
6	12		4938.189114000
17		49	4938.209076000
17		35	4938.223435000
6	0		4938.228699000
6	12		4938.228735000
6	0		4938.228746000
6	1		4938.228946000
6	4		4938.228961000
6	32		4938.228967000
6	0		4938.228975000
6	1396		4938.267471000
6	0		4938.268437000
6	0		4938.268469000
6	0		4938.268504000
6	0		4938.268517000
17		43	4938.270756000
17		1358	4938.276399000
17		43	4938.332916000
6	1396		4938.361597000
17		1358	4938.393481000
17		43	4938.394747000
6	1396		4938.455778000
17		43	4938.456676000
17		1358	4938.510280000
17		43	4938.519197000
6	1396		4938.549931000
17		43	4938.581497000
17		1358	4938.627940000
17		43	4938.643329000
6	1396		4938.644057000
17		43	4938.705347000
17		1358	4938.744802000
17		43	4938.767534000
17		43	4938.829158000
17		1358	4938.862089000
6	0		4938.952658000
6	1396		4938.953124000
17		1358	4938.979143000
6	1396		4939.000200000
17		43	4939.015286000
6	1396		4939.094429000
17		1358	4939.096299000
17		43	4939.139104000
6	1396		4939.188518000
6	0		4939.201103000
17		1358	4939.213276000
6	1396		4939.282663000
17		43	4939.325407000
6	0		4939.325451000
17		1358	4939.331346000
6	1396		4939.376820000
17		1358	4939.446939000
17		43	4939.448976000
6	1396		4939.470970000
6	0		4939.511383000
17		1358	4939.564784000
6	1396		4939.565077000
17		43	4939.573271000
17		43	4939.635502000
6	1396		4939.659281000
17		1358	4939.682111000
6	0		4939.696836000
6	1396		4939.753486000
17		1358	4939.792977000
17		43	4939.820783000
6	1396		4939.847577000
6	0		4939.883342000
17		1358	4939.903652000
6	1396		4939.941729000
17		43	4939.944925000
17		1358	4940.014555000
6	1396		4940.035871000
17		43	4940.069165000
17		1358	4940.125329000
6	1396		4940.130027000
6	0		4940.131293000
17		48	4940.193274000
17		35	4940.207029000
6	1396		4940.224187000
17		1358	4940.235937000
17		43	4940.317178000
6	1396		4940.318318000
17		1358	4940.346438000
17		43	4940.378675000
6	1396		4940.412495000
6	0		4940.440825000
17		1358	4940.457830000
17		43	4940.503208000
6	1396		4940.506635000
17		1358	4940.568622000
6	1396		4940.600800000
6	0		4940.627091000
17		1358	4940.679115000
17		43	4940.689168000
6	1396		4940.694924000
17		43	4940.751120000
6	1396		4940.789104000
17		1358	4940.789991000
6	0		4940.813334000
17		43	4940.875161000
6	1396		4940.883299000
17		1358	4940.901744000
6	1080		4940.930228000
6	1396		4940.977409000
17		43	4940.998718000
17		1358	4941.012475000
6	0		4941.060883000
6	1396		4941.071563000
17		43	4941.122797000
17		1358	4941.123855000
6	1396		4941.165713000
17		1358	4941.233921000
6	0		4941.247214000
6	1396		4941.259855000
17		43	4941.309138000
17		1358	4941.344663000
6	1396		4941.354017000
17		43	4941.433314000
6	1396		4941.448161000
17		1358	4941.455949000
6	0		4941.495731000
6	1396		4941.542334000
17		43	4941.557588000
17		1358	4941.565721000
6	1396		4941.636470000
17		1358	4941.676428000
17		43	4941.680743000
6	1396		4941.730626000
6	0		4941.742988000
17		43	4941.743013000
17		1358	4941.787570000
6	1396		4941.824782000
6	0		4941.847394000
6	0		4941.847460000
6	0		4941.867053000
6	0		4941.888492000
17		1358	4941.899227000
6	1396		4941.918941000
17		43	4941.929134000
17		1358	4942.009667000
6	1396		4942.013071000
17		43	4942.053368000
6	1396		4942.107232000
6	0		4942.115489000
17		1358	4942.120205000
17		43	4942.176686000
6	1396		4942.201375000
17		1358	4942.231363000
6	1396		4942.295539000
17		43	4942.300654000
17		1358	4942.342352000
6	0		4942.362887000
6	1396		4942.389710000
17		43	4942.425468000
17		1358	4942.453590000
6	1396		4942.465011000
6	1396		4942.540351000
6	0		4942.549393000
17		1358	4942.563995000
17		43	4942.610757000
6	1396		4942.615657000
17		1358	4942.674834000
6	1396		4942.690974000
17		48	4942.734975000
17		35	4942.748406000
6	1396		4942.766299000
17		1358	4942.786245000
6	0		4942.797380000
6	1396		4942.841631000
17		43	4942.859522000
17		1358	4942.896722000
6	1396		4942.916953000
17		43	4942.921130000
6	0		4942.983431000
6	1396		4942.992258000
17		1358	4943.007465000
17		43	4943.045279000
6	1396		4943.067574000
17		1358	4943.118206000
6	1396		4943.142909000
17		43	4943.169048000
6	1396		4943.218233000
17		1358	4943.229258000
6	0		4943.231296000
6	1396		4943.293629000
17		1358	4943.339916000
17		43	4943.354773000
6	1396		4943.368867000
6	0		4943.417546000
6	1396		4943.444184000
17		1358	4943.450302000
17		43	4943.479205000
6	1396		4943.519529000
17		1358	4943.561409000
6	1396		4943.594820000
17		43	4943.603030000
6	0		4943.665299000
6	1396		4943.670155000
17		1358	4943.672036000
17		43	4943.727549000
6	1396		4943.745463000
17		1358	4943.783709000
6	1396		4943.820785000
17		43	4943.850945000
17		1358	4943.894595000
6	0		4943.913234000
17		43	4943.913259000
6	1396		4943.946319000
17		1358	4943.983205000
6	0		4944.036754000
17		1358	4944.071090000
6	1396		4944.071843000
17		43	4944.098781000
17		1358	4944.160243000
6	1396		4944.197407000
17		43	4944.222742000
17		1358	4944.248323000
6	0		4944.284898000
17		1358	4944.338050000
17		43	4944.347558000
17		1358	4944.426460000
17		43	4944.470768000
17		1358	4944.514822000
6	0		4944.532991000
17		1358	4944.603123000
17		43	4944.657292000
17		1358	4944.692211000
6	0		4944.718797000
17		1358	4944.780731000
17		43	4944.781441000
17		1358	4944.869156000
6	0		4944.905371000
17		1358	4944.959067000
17		43	4944.967695000
17		43	4945.029202000
17		1358	4945.047121000
6	0		4945.091095000
17		802	4945.091128000
17		39	4945.092110000
17		87	4945.099899000
17		33	4945.099976000
17		1358	4945.135301000
17		43	4945.214691000
17		1358	4945.224093000
6	0		4945.276891000
17		1358	4945.312920000
17		48	4945.339453000
17		35	4945.353390000
17		1358	4945.401417000
6	0		4945.463000000
17		43	4945.525018000
17		1358	4945.549373000
17		43	4945.648850000
17		1358	4945.697269000
6	0		4945.710999000
17		43	4945.834671000
17		1358	4945.844719000
6	0		4945.897644000
6	1396		4945.898161000
17		43	4945.959035000
17		1358	4945.993197000
6	0		4946.082870000
6	1396		4946.083316000
6	1396		4946.130415000
17		1358	4946.140745000
17		43	4946.145562000
17		43	4946.207098000
6	0		4946.269223000
6	0		4946.269277000
6	0		4946.269394000
6	1396		4946.269824000
17		1358	4946.289261000
6	0		4946.308164000
6	12		4946.308418000
6	1396		4946.318715000
17		43	4946.331536000
6	0		4946.347358000
6	12		4946.347472000
6	0		4946.347487000
6	1		4946.347817000
6	4		4946.347834000
6	32		4946.347842000
6	0		4946.347854000
6	0		4946.386687000
6	0		4946.386723000
6	0		4946.386792000
6	0		4946.386936000
6	0		4946.386950000
17		1358	4946.435919000
17		43	4946.455144000
17		43	4946.517260000
6	0		4946.578427000
6	0		4946.578481000
6	0		4946.579568000
6	1396		4946.580012000
17		1358	4946.583999000
6	1396		4946.627114000
17		43	4946.640882000
17		1358	4946.731246000
17		43	4946.765482000
6	0		4946.819040000
6	15		4946.819094000
6	41		4946.824934000
17		43	4946.827487000
17		1358	4946.879649000
17		43	4946.888885000
17		43	4946.951498000
6	0		4946.951523000
6	1396		4946.951973000
17		1358	4946.990941000
17		43	4947.013539000
6	0		4947.065251000
17		43	4947.075396000
17		1358	4947.101701000
17		43	4947.137476000
17		43	4947.199116000
17		1358	4947.211893000
17		47	4947.261639000
17		43	4947.261664000
17		41	4947.261671000
17		33	4947.288789000
17		1358	4947.317211000
17		48	4947.323379000
17		35	4947.337138000
17		43	4947.385702000
17		1358	4947.417216000
17		43	4947.447306000
17		43	4947.509652000
17		1358	4947.514017000
6	856		4947.550619000
17		43	4947.570668000
17		1358	4947.609214000
17		43	4947.633215000
17		43	4947.695041000
17		1358	4947.704160000
6	0		4947.757263000
6	1396		4947.757727000
17		1358	4947.799763000
6	1396		4947.804815000
17		43	4947.819116000
6	0		4947.881218000
17		1358	4947.895005000
6	1396		4947.898934000
6	0		4947.943247000
17		43	4947.943272000
17		1358	4947.989664000
6	1396		4947.993115000
6	0		4948.005442000
17		43	4948.067593000
17		1358	4948.084918000
6	1396		4948.087249000
6	0		4948.128762000
17		1358	4948.180219000
6	1396		4948.181389000
17		43	4948.191561000
6	0		4948.253302000
17		1358	4948.274703000
6	1396		4948.275531000
6	871		4948.282265000
6	0		4948.282311000
6	1080		4948.283330000
17		43	4948.314697000
6	1396		4948.369712000
17		1358	4948.370253000
6	0		4948.376955000
17		43	4948.439568000
6	1396		4948.463846000
17		1358	4948.465475000
17		43	4948.500724000
6	0		4948.511300000
6	0		4948.511361000
6	0		4948.523462000
6	80		4948.523569000
6	312		4948.524276000
6	1396		4948.558050000
17		1358	4948.561127000
6	0		4948.563049000
17		43	4948.624782000
6	1396		4948.652166000
17		1358	4948.656711000
6	0		4948.662037000
6	41		4948.667543000
17		43	4948.686756000
6	1396		4948.746323000
17		43	4948.748909000
17		1358	4948.749985000
6	16		4948.764693000
6	0		4948.806230000
17		43	4948.811673000
6	0		4948.817969000
6	21		4948.818009000
6	0		4948.818019000
6	1080		4948.818978000
6	1396		4948.840476000
17		1358	4948.846600000
17		43	4948.873493000
6	1396		4948.934658000
17		43	4948.935170000
6	0		4948.969703000
6	440		4948.969790000
17		48	4948.997035000
6	0		4949.010230000
17		35	4949.011061000
6	1396		4949.028779000
6	0		4949.059221000
17		43	4949.121021000
6	1396		4949.122929000
6	48		4949.160769000
6	0		4949.160805000
6	280		4949.166895000
6	0		4949.183584000
6	1396		4949.217075000
17		43	4949.245365000
6	0		4949.307563000
6	1396		4949.311228000
6	0		4949.317659000
6	16		4949.321065000
6	64		4949.326249000
6	0		4949.326297000
6	64		4949.326384000
6	0		4949.362209000
17		43	4949.369073000
17		1215	4949.369100000
17		39	4949.370205000
17		117	4949.382791000
17		156	4949.383116000
6	1396		4949.405406000
6	0		4949.431594000
17		43	4949.492708000
6	1396		4949.499555000
6	52		4949.512649000
6	0		4949.512686000
6	52		4949.512791000
6	0		4949.555337000
6	80		4949.566391000
6	80		4949.566912000
6	1396		4949.593726000
17		43	4949.617067000
6	84		4949.663190000
6	0		4949.679205000
6	1396		4949.687848000
6	0		4949.706230000
17		43	4949.741188000
6	1396		4949.782034000
6	0		4949.803450000
6	0		4949.865376000
17		43	4949.865410000
6	1396		4949.876177000
6	0		4949.927480000
6	1396		4949.970311000
17		43	4949.988828000
17		1358	4949.990419000
6	1396		4950.064447000
17		43	4950.113414000
6	0		4950.113456000
17		1358	4950.114854000
6	80		4950.146221000
6	1396		4950.158629000
17		43	4950.237039000
17		1358	4950.239035000
6	1396		4950.252773000
6	0		4950.299520000
6	1396		4950.346924000
17		43	4950.360885000
17		1358	4950.362336000
6	0		4950.383524000
6	1396		4950.441079000
17		43	4950.485468000
17		1358	4950.486279000
6	1396		4950.535236000
6	0		4950.547138000
6	1396		4950.629376000
6	0		4950.671153000
6	1396		4950.723527000
6	0		4950.794996000
17		47	4950.795020000
17		41	4950.795027000
6	1396		4950.817683000
17		33	4950.821750000
6	96		4950.850122000
6	0		4950.890216000
6	1396		4950.911894000
6	0		4950.919434000
6	1396		4951.005998000
6	0		4951.042673000
6	1396		4951.100149000
6	0		4951.167006000
6	1396		4951.194282000
6	1396		4951.288458000
17		43	4951.290767000
17		1358	4951.292328000
6	0		4951.352946000
6	1396		4951.382611000
17		1358	4951.387721000
17		43	4951.415498000
6	1396		4951.476767000
17		43	4951.476927000
17		1358	4951.483621000
6	0		4951.539080000
6	1396		4951.570919000
17		1358	4951.579483000
17		43	4951.662714000
6	68		4951.663559000
6	1396		4951.665041000
17		1358	4951.673981000
6	0		4951.724760000
6	1396		4951.759209000
17		1358	4951.769125000
17		43	4951.787305000
6	52		4951.814151000
6	0		4951.814191000
6	0		4951.814273000
6	0		4951.815437000
6	1396		4951.848875000
17		1358	4951.864818000
6	0		4951.911261000
6	1396		4951.938537000
17		1358	4951.959480000
6	0		4951.965799000
6	1396		4952.028201000
6	0		4952.034938000
17		1358	4952.054996000
6	1396		4952.117886000
17		1358	4952.149442000
6	0		4952.159372000
6	1396		4952.207612000
17		1358	4952.244984000
6	0		4952.283079000
6	1396		4952.297181000
17		1358	4952.339226000
6	1396		4952.386878000
17		43	4952.406674000
17		1358	4952.434628000
6	0		4952.469464000
6	1396		4952.476550000
17		1358	4952.530004000
17		43	4952.530828000
6	1396		4952.566208000
17		1358	4952.625006000
17		48	4952.655337000
6	1396		4952.655839000
17		35	4952.669187000
6	0		4952.717489000
17		1358	4952.720328000
6	1396		4952.745515000
17		43	4952.779777000
6	0		4952.787636000
6	0		4952.787690000
17		1358	4952.815537000
6	1396		4952.835197000
17		43	4952.841393000
6	0		4952.841426000
17		1358	4952.910225000
6	1396		4952.924876000
6	0		4952.931110000
6	41		4952.936616000
17		43	4952.964991000
6	80		4952.993102000
17		1358	4953.006482000
6	1396		4953.014531000
6	0		4953.027254000
6	0		4953.079757000
6	21		4953.079790000
6	0		4953.079799000
6	1080		4953.080881000
17		43	4953.089082000
17		1358	4953.101580000
6	1396		4953.104197000
6	1396		4953.193873000
17		1358	4953.195819000
17		43	4953.213307000
6	440		4953.224081000
6	0		4953.233544000
6	96		4953.233699000
6	0		4953.233713000
6	0		4953.266216000
6	0		4953.275665000
6	1396		4953.283520000
17		1358	4953.291074000
6	0		4953.298431000
6	0		4953.298496000
17		43	4953.337565000
6	1396		4953.355256000
17		1358	4953.385919000
6	48		4953.409315000
6	0		4953.409363000
6	280		4953.413730000
6	1396		4953.426995000
17		43	4953.460669000
17		1358	4953.481145000
6	1396		4953.498709000
6	0		4953.522714000
6	16		4953.562427000
6	1396		4953.570487000
17		1358	4953.576290000
17		43	4953.585268000
6	0		4953.606220000
6	1396		4953.642203000
17		1358	4953.671767000
6	0		4953.709394000
17		43	4953.709466000
6	1396		4953.713913000
6	41		4953.715408000
6	52		4953.749413000
6	0		4953.749472000
6	52		4953.749582000
17		1358	4953.766222000
6	0		4953.771330000
17		43	4953.771357000
6	1396		4953.785665000
6	1396		4953.857402000
17		1358	4953.862187000
6	84		4953.893106000
17		43	4953.895717000
6	1396		4953.929121000
6	0		4953.934228000
17		1358	4953.956840000
6	0		4953.957740000
6	0		4953.979871000
6	21		4953.983918000
6	0		4953.983972000
6	1080		4953.985096000
6	1396		4954.000882000
6	440		4954.017150000
17		43	4954.019519000
17		1358	4954.051474000
6	0		4954.070223000
6	1396		4954.072593000
17		43	4954.143217000
6	1396		4954.144308000
17		1358	4954.147308000
6	0		4954.205405000
6	1396		4954.216069000
17		1358	4954.242009000
17		43	4954.266807000
6	1396		4954.287819000
17		1358	4954.337962000
6	1396		4954.359529000
6	48		4954.365445000
6	0		4954.365490000
6	280		4954.369957000
6	0		4954.387914000
6	0		4954.387994000
17		43	4954.391035000
6	0		4954.427273000
6	12		4954.427671000
17		1358	4954.433146000
6	0		4954.453253000
6	80		4954.453985000
6	0		4954.466962000
6	12		4954.467070000
6	0		4954.467082000
6	1		4954.467244000
6	4		4954.467269000
6	32		4954.467281000
6	0		4954.467295000
6	1396		4954.479110000
6	0		4954.506513000
6	0		4954.506567000
6	0		4954.506611000
6	0		4954.506682000
6	0		4954.506700000
17		43	4954.514913000
17		1358	4954.528257000
6	1396		4954.598662000
17		1358	4954.623419000
17		43	4954.639106000
6	0		4954.669912000
6	0		4954.701316000
6	1396		4954.718218000
17		1358	4954.718295000
17		1358	4954.813314000
17		43	4954.825557000
6	1396		4954.837774000
6	0		4954.886869000
17		43	4954.886900000
17		1358	4954.908887000
6	1396		4954.957333000
6	80		4954.978207000
17		1358	4955.004015000
17		48	4955.011118000
6	16		4955.023161000
17		35	4955.024642000
6	0		4955.066215000
6	0		4955.073375000
6	1396		4955.076902000
17		1358	4955.098998000
6	68		4955.111141000
17		43	4955.135011000
17		1358	4955.193423000
6	1396		4955.196461000
6	52		4955.254327000
6	0		4955.254379000
6	0		4955.254403000
6	0		4955.255977000
6	0		4955.258809000
17		1358	4955.288771000
6	1396		4955.316001000
17		43	4955.320962000
17		1358	4955.383876000
6	0		4955.399089000
6	1396		4955.435590000
17		43	4955.444919000
17		1358	4955.479244000
6	0		4955.507114000
6	80		4955.522248000
6	1396		4955.555141000
17		43	4955.569005000
17		1358	4955.573663000
6	52		4955.594160000
6	0		4955.594207000
6	52		4955.594322000
6	112		4955.610596000
6	0		4955.610655000
17		1358	4955.668884000
6	1396		4955.674711000
6	0		4955.693453000
17		43	4955.755232000
6	0		4955.762575000
17		1358	4955.764946000
6	1396		4955.794262000
17		1358	4955.860420000
17		43	4955.878796000
6	1396		4955.883951000
6	0		4955.941248000
17		43	4955.941273000
17		1358	4955.954990000
6	1396		4955.973601000
6	0		4955.974380000
6	84		4955.976884000
6	0		4956.018253000
17		1358	4956.050563000
6	1396		4956.063261000
6	0		4956.065050000
17		43	4956.127540000
17		1358	4956.144850000
6	1396		4956.152940000
17		1358	4956.240370000
6	1396		4956.242591000
17		43	4956.250951000
6	0		4956.313139000
6	1396		4956.332273000
17		1358	4956.335343000
17		43	4956.375274000
6	1396		4956.421940000
17		1358	4956.430401000
17		43	4956.498891000
6	1396		4956.511577000
17		1358	4956.525687000
6	0		4956.561046000
6	1396		4956.601242000
17		1358	4956.620500000
17		43	4956.623202000
6	1396		4956.690914000
17		1358	4956.715473000
17		43	4956.746809000
6	1396		4956.780601000
6	0		4956.808947000
17		1358	4956.810361000
6	1396		4956.870266000
17		43	4956.871017000
17		1358	4956.905994000
17		43	4956.932632000
6	1396		4956.959923000
17		43	4956.995217000
17		1358	4957.000938000
6	1396		4957.049636000
6	0		4957.057497000
17		1358	4957.095741000
17		43	4957.119313000
6	1396		4957.139247000
17		1358	4957.192241000
6	1396		4957.228909000
17		43	4957.243624000
17		1358	4957.286698000
17		43	4957.305059000
6	1396		4957.318579000
6	0		4957.367310000
17		1358	4957.381642000
6	1396		4957.408257000
17		48	4957.428866000
6	80		4957.436069000
17		35	4957.443222000
17		1358	4957.476857000
6	1396		4957.497902000
17		43	4957.553184000
17		1358	4957.571968000
6	1396		4957.587582000
6	0		4957.615431000
17		1358	4957.667196000
6	0		4957.676376000
6	64		4957.676420000
6	0		4957.676435000
6	0		4957.676463000
6	1396		4957.677210000
6	0		4957.677809000
17		43	4957.677913000
17		1358	4957.762474000
17		43	4957.801127000
6	68		4957.803078000
17		1358	4957.858113000
17		43	4957.862910000
6	0		4957.917700000
6	0		4957.925622000
17		43	4957.925657000
17		1358	4957.953120000
17		1358	4958.047299000
17		43	4958.049559000
6	0		4958.110959000
17		1358	4958.142999000
17		43	4958.172853000
17		1358	4958.237912000
17		43	4958.297255000
17		1358	4958.332750000
6	0		4958.359499000
17		1358	4958.409415000
17		43	4958.421102000
6	52		4958.473488000
6	0		4958.473538000
6	0		4958.475059000
17		1358	4958.486037000
17		43	4958.545071000
6	0		4958.549427000
6	0		4958.549479000
6	0		4958.554168000
17		1358	4958.561360000
6	0		4958.607379000
17		1358	4958.637295000
17		1358	4958.714150000
17		43	4958.730791000
17		1358	4958.789926000
6	0		4958.793746000
17		43	4958.855407000
17		1358	4958.866612000
17		1358	4958.942238000
6	0		4958.979314000
17		43	4958.979341000
17		1358	4959.018468000
17		43	4959.040694000
17		145	4959.094232000
17		43	4959.165584000
6	0		4959.226925000
17		43	4959.289468000
17		43	4959.413307000
6	0		4959.475651000
17		43	4959.536804000
17		43	4959.660955000
6	0		4959.722780000
6	1396		4959.723247000
17		48	4959.785236000
17		35	4959.798871000
17		43	4959.909237000
6	0		4959.970708000
17		43	4959.970735000
6	1396		4959.971186000
6	1396		4960.016016000
17		43	4960.095219000
6	0		4960.156953000
6	1396		4960.157417000
6	1396		4960.202245000
17		43	4960.219589000
17		43	4960.342845000
6	0		4960.405154000
6	1396		4960.405614000
6	1396		4960.450458000
17		43	4960.467458000
17		43	4960.528752000
17		43	4960.591041000
17		43	4960.653187000
17		43	4960.715463000
17		43	4960.777489000
17		43	4960.839470000
17		43	4960.900869000
17		43	4960.962995000
17		43	4961.025245000
17		43	4961.087303000
17		43	4961.149666000
17		43	4961.211059000
17		43	4961.273201000
17		1029	4961.273223000
17		34	4961.273819000
17		33	4961.273988000
17		1358	4961.275939000
17		43	4961.334802000
17		1358	4961.366962000
6	0		4961.396965000
6	1396		4961.397635000
6	1396		4961.433529000
17		1358	4961.455707000
6	0		4961.459068000
6	1396		4961.505251000
6	0		4961.521249000
17		1358	4961.544532000
6	1396		4961.577003000
6	0		4961.582697000
17		1358	4961.633066000
6	0		4961.644728000
6	1396		4961.648705000
6	0		4961.706748000
6	1396		4961.720427000
17		1358	4961.723335000
6	0		4961.768731000
17		43	4961.768759000
6	1396		4961.792179000
17		1358	4961.811011000
17		49	4961.831001000
17		35	4961.844615000
6	1396		4961.863898000
17		43	4961.893055000
17		1358	4961.900533000
6	1396		4961.935651000
6	0		4961.954959000
17		1358	4961.989533000
6	1396		4962.007389000
6	0		4962.016706000
17		1358	4962.078338000
6	0		4962.078890000
17		43	4962.078915000
6	1396		4962.079071000
17		43	4962.140738000
6	1396		4962.150830000
17		1358	4962.168055000
6	0		4962.202943000
6	1396		4962.222581000
17		1358	4962.257086000
17		43	4962.265249000
6	0		4962.327498000
6	1396		4962.342140000
17		1358	4962.346551000
6	0		4962.388768000
17		1358	4962.434625000
17		43	4962.450960000
6	1396		4962.461686000
6	0		4962.513348000
17		1358	4962.524391000
17		43	4962.574754000
6	1396		4962.581263000
17		1358	4962.612624000
6	0		4962.637101000
17		43	4962.699017000
17		1358	4962.700555000
6	1396		4962.700788000
6	0		4962.761242000
6	0		4962.780638000
6	0		4962.780685000
17		1358	4962.790722000
6	1396		4962.820398000
6	0		4962.821622000
17		43	4962.823112000
17		1358	4962.880126000
6	0		4962.885466000
6	1396		4962.939940000
17		43	4962.946898000
17		1358	4962.968647000
6	1396		4963.029598000
17		1358	4963.058217000
6	0		4963.071101000
6	1396		4963.119290000
17		43	4963.132870000
17		1358	4963.146551000
17		43	4963.194819000
6	1396		4963.208940000
17		1358	4963.236152000
6	0		4963.257033000
6	1396		4963.298618000
17		43	4963.319306000
17		1358	4963.325069000
17		43	4963.380990000
6	1396		4963.388283000
17		1358	4963.414323000
6	1396		4963.477924000
17		1358	4963.503139000
17		43	4963.505411000
6	0		4963.505464000
6	1396		4963.567589000
17		1358	4963.592442000
17		43	4963.628803000
6	1396		4963.657295000
17		1358	4963.680720000
17		43	4963.690748000
6	1396		4963.746981000
6	0		4963.753167000
17		1358	4963.770159000
17		43	4963.815412000
6	1396		4963.836606000
17		1358	4963.858904000
6	1396		4963.926286000
17		43	4963.939407000
17		1358	4963.949167000
6	0		4964.000692000
6	1396		4964.015923000
17		1358	4964.036834000
17		43	4964.063464000
6	1396		4964.105590000
17		48	4964.124660000
17		1358	4964.126235000
6	0		4964.186991000
6	1396		4964.195249000
17		1358	4964.214805000
17		43	4964.249471000
6	1396		4964.284909000
17		1358	4964.304179000
17		43	4964.373625000
6	1396		4964.374575000
17		1358	4964.392915000
6	0		4964.434818000
6	1396		4964.464259000
17		1358	4964.464405000
17		43	4964.497322000
17		1358	4964.535514000
6	1396		4964.553932000
17		1358	4964.607502000
17		43	4964.620858000
17		1358	4964.677975000
6	0		4964.683027000
6	1396		4964.683468000
6	1396		4964.733251000
17		43	4964.745182000
17		1358	4964.749620000
17		1358	4964.820964000
17		43	4964.869282000
17		1358	4964.892197000
6	0		4964.931494000
6	1396		4964.931969000
6	1396		4964.976831000
17		43	4964.993101000
17		1358	4965.011505000
17		713	4965.055270000
17		39	4965.057159000
17		87	4965.064896000
17		33	4965.064934000
17		43	4965.116741000
17		1358	4965.130008000
6	0		4965.179362000
17		43	4965.179394000
6	1396		4965.179803000
6	1396		4965.224671000
17		1358	4965.247402000
17		43	4965.302754000
6	0		4965.364947000
6	1396		4965.365414000
17		1358	4965.367208000
6	1396		4965.410263000
17		43	4965.427281000
17		1358	4965.485150000
17		43	4965.551606000
17		1358	4965.573616000
6	0		4965.612840000
6	1396		4965.613290000
6	1396		4965.658128000
17		1358	4965.663327000
17		43	4965.675051000
17		1358	4965.753146000
17		43	4965.798775000
17		1358	4965.842257000
6	0		4965.860644000
6	1396		4965.861090000
6	1396		4965.905953000
17		43	4965.923194000
17		1358	4965.931130000
17		1358	4966.020238000
17		43	4966.047524000
17		1358	4966.108830000
6	0		4966.109560000
17		43	4966.109586000
6	1396		4966.110016000
6	1396		4966.154880000
17		43	4966.170835000
17		1358	4966.197423000
17		43	4966.233112000
17		1358	4966.287058000
6	0		4966.356776000
6	1396		4966.357220000
17		1358	4966.375336000
6	1396		4966.402082000
17		48	4966.419396000
17		35	4966.433010000
17		1358	4966.465038000
17		43	4966.481346000
17		43	4966.543709000
17		1358	4966.553418000
17		1358	4966.643384000
6	0		4966.666900000
6	1396		4966.667349000
6	1396		4966.712184000
17		47	4966.729079000
17		43	4966.729112000
17		41	4966.729120000
17		1358	4966.730724000
17		33	4966.755614000
17		43	4966.791477000
17		1358	4966.821492000
6	0		4966.914904000
6	1396		4966.915360000
6	1396		4966.951233000
17		43	4966.976879000
17		1358	4966.978276000
6	1396		4967.022963000
6	1396		4967.094676000
17		43	4967.100970000
17		1358	4967.102369000
6	0		4967.163152000
17		43	4967.224700000
17		1358	4967.226611000
17		1358	4967.315793000
6	0		4967.349067000
17		43	4967.411119000
17		1358	4967.411892000
17		43	4967.473173000
17		1358	4967.501703000
17		43	4967.535306000
17		1358	4967.592228000
6	0		4967.658688000
17		43	4967.720715000
17		1358	4967.722291000
17		43	4967.783144000
17		1358	4967.811639000
17		43	4967.845443000
17		1358	4967.901474000
6	0		4967.969286000
17		43	4968.031082000
17		1358	4968.032723000
17		43	4968.093085000
17		1358	4968.122355000
6	0		4968.216756000
17		43	4968.216785000
17		1358	4968.218351000
17		43	4968.278921000
17		1358	4968.308793000
6	0		4968.340083000
6	0		4968.340166000
17		43	4968.341617000
6	0		4968.357117000
6	41		4968.362469000
6	0		4968.378640000
6	21		4968.382639000
6	0		4968.382676000
6	1080		4968.383693000
17		1358	4968.398604000
6	0		4968.399759000
6	440		4968.399901000
17		43	4968.403224000
6	0		4968.442213000
6	48		4968.458325000
6	0		4968.458367000
6	280		4968.462970000
6	0		4968.479134000
17		1358	4968.488323000
6	16		4968.493630000
6	0		4968.527196000
6	0		4968.538223000
6	52		4968.554385000
6	0		4968.554432000
6	52		4968.554586000
6	100		4968.588795000
17		48	4968.589035000
17		1358	4968.589908000
6	0		4968.630215000
17		43	4968.650794000
17		1358	4968.662438000
6	0		4968.774968000
6	1396		4968.775455000
6	1396		4968.820264000
17		43	4968.837327000
17		1358	4968.839578000
6	0		4968.960996000
6	1396		4968.961477000
6	1396		4969.006310000
17		43	4969.023298000
17		1358	4969.025145000
17		43	4969.085186000
17		1358	4969.097306000
17		43	4969.146716000
17		43	4969.209606000
17		1358	4969.216487000
17		43	4969.271198000
17		43	4969.333312000
17		1358	4969.334555000
17		43	4969.395537000
17		1358	4969.455405000
17		43	4969.457265000
17		43	4969.519175000
17		1358	4969.573563000
17		43	4969.581363000
17		43	4969.643333000
17		1358	4969.691505000
17		43	4969.705350000
17		43	4969.767337000
17		1358	4969.781288000
17		43	4969.829262000
17		1358	4969.870477000
17		43	4969.890734000
6	0		4969.953037000
6	1396		4969.953525000
17		1358	4969.959471000
6	1396		4969.998377000
6	0		4970.015383000
17		1358	4970.048027000
17		43	4970.076878000
6	1396		4970.088024000
17		1358	4970.137885000
6	0		4970.138854000
6	1396		4970.177680000
6	0		4970.201378000
17		1358	4970.226022000
17		43	4970.263066000
6	1396		4970.267343000
17		1358	4970.315616000
17		48	4970.325266000
17		35	4970.340011000
6	1396		4970.357031000
17		43	4970.386955000
17		1358	4970.403734000
6	1396		4970.446683000
17		43	4970.449262000
17		1358	4970.493039000
6	0		4970.507903000
6	0		4970.507963000
17		43	4970.510959000
6	1396		4970.536344000
6	0		4970.547512000
6	12		4970.547720000
17		43	4970.573152000
17		1358	4970.581860000
6	0		4970.586851000
6	12		4970.586891000
6	0		4970.586901000
6	1		4970.587062000
6	4		4970.587083000
6	32		4970.587092000
6	0		4970.587105000
6	1396		4970.626025000
6	0		4970.626075000
6	0		4970.626107000
6	0		4970.626151000
6	0		4970.626227000
6	0		4970.626236000
6	0		4970.626281000
17		43	4970.635685000
17		1358	4970.671734000
17		43	4970.697463000
6	1396		4970.715776000
6	0		4970.759484000
17		43	4970.759515000
17		1358	4970.760647000
6	1396		4970.805349000
17		43	4970.820757000
17		1358	4970.849766000
6	68		4970.867884000
6	0		4970.882951000
6	52		4970.885599000
6	0		4970.885637000
6	0		4970.885654000
6	0		4970.887163000
6	1396		4970.894997000
6	0		4970.903295000
17		1358	4970.938163000
17		43	4970.944986000
6	1396		4970.984679000
6	0		4971.007543000
17		1358	4971.028107000
17		43	4971.068982000
6	1396		4971.074330000
17		1358	4971.116254000
6	0		4971.131513000
6	1396		4971.164006000
17		43	4971.193302000
17		1358	4971.205617000
6	1396		4971.253673000
6	0		4971.255445000
17		1358	4971.294256000
17		43	4971.317013000
6	1396		4971.343320000
6	0		4971.378662000
17		1358	4971.383633000
6	1396		4971.433001000
17		43	4971.441303000
17		1358	4971.472078000
6	0		4971.503432000
6	1396		4971.522663000
17		1358	4971.562040000
17		43	4971.565353000
6	1396		4971.612315000
6	0		4971.627532000
17		1358	4971.651521000
17		43	4971.688734000
6	1396		4971.701997000
17		1358	4971.739349000
6	0		4971.751010000
6	1396		4971.791641000
6	0		4971.812730000
17		43	4971.812761000
17		43	4971.874782000
6	1396		4971.881352000
6	0		4971.937271000
6	1396		4971.970987000
17		43	4971.998694000
6	1396		4972.060652000
6	0		4972.061493000
17		43	4972.123242000
6	1396		4972.150331000
6	0		4972.185488000
6	1396		4972.240000000
17		48	4972.247610000
17		35	4972.261784000
6	1396		4972.329641000
17		43	4972.371492000
6	0		4972.371522000
6	1396		4972.431752000
17		43	4972.494895000
6	1396		4972.533837000
6	0		4972.557093000
17		1112	4972.557123000
17		34	4972.557711000
17		43	4972.619477000
6	1396		4972.635919000
6	1396		4972.738016000
17		43	4972.743255000
17		1358	4972.744622000
6	0		4972.804797000
17		43	4972.804835000
17		1358	4972.805699000
6	1396		4972.840182000
6	1396		4972.921780000
17		43	4972.929167000
17		1358	4972.930632000
6	0		4972.991416000
6	1396		4973.003459000
17		43	4973.052963000
17		1358	4973.054612000
6	1396		4973.085114000
6	1396		4973.166798000
17		43	4973.177281000
17		1358	4973.179092000
6	0		4973.239592000
6	1396		4973.248457000
6	1396		4973.330146000
6	0		4973.363052000
6	1396		4973.411799000
6	0		4973.487612000
6	1396		4973.493519000
6	1396		4973.575154000
6	0		4973.611139000
6	1396		4973.656833000
6	0		4973.735618000
6	1396		4973.738490000
6	1396		4973.820185000
6	0		4973.859012000
6	1396		4973.896772000
17		43	4973.921446000
17		1358	4973.922790000
17		43	4973.983295000
17		1358	4974.013281000
6	1396		4974.019593000
17		1358	4974.101819000
6	0		4974.107086000
6	1396		4974.142405000
17		49	4974.169645000
17		35	4974.183969000
17		1358	4974.190962000
17		43	4974.231162000
6	1396		4974.258273000
17		1358	4974.280137000
6	0		4974.293399000
17		1358	4974.369287000
6	1396		4974.374147000
17		43	4974.417463000
6	0		4974.417490000
17		1358	4974.457942000
6	1396		4974.490062000
6	0		4974.541429000
17		1358	4974.547145000
6	1396		4974.605903000
17		1358	4974.635385000
6	0		4974.664738000
6	1396		4974.721808000
17		1358	4974.724953000
6	0		4974.789482000
17		1358	4974.813769000
6	1396		4974.837656000
17		1358	4974.902790000
6	0		4974.913144000
6	1396		4974.953579000
17		1358	4974.992265000
17		43	4975.037446000
6	0		4975.037491000
6	1396		4975.040450000
17		1358	4975.081373000
17		665	4975.098927000
17		43	4975.098957000
17		39	4975.099850000
17		87	4975.108064000
17		33	4975.108104000
6	1396		4975.127344000
17		1358	4975.169415000
6	1396		4975.214259000
17		43	4975.223453000
17		1358	4975.259110000
6	0		4975.284800000
6	1396		4975.300282000
17		43	4975.347388000
17		1358	4975.347731000
6	1396		4975.386302000
17		43	4975.408776000
17		1358	4975.437505000
17		43	4975.470864000
6	1396		4975.472342000
17		1358	4975.525332000
6	0		4975.533125000
6	1396		4975.558350000
17		43	4975.594679000
17		1358	4975.615357000
6	1396		4975.644377000
17		1358	4975.704243000
17		43	4975.719545000
6	1396		4975.730398000
6	0		4975.780773000
17		1358	4975.793353000
6	1396		4975.816448000
17		43	4975.843470000
17		1358	4975.882287000
6	1396		4975.902474000
17		43	4975.966753000
17		1358	4975.971645000
17		43	4976.028676000
17		1358	4976.060320000
6	0		4976.091047000
17		1358	4976.148879000
17		43	4976.153488000
17		1358	4976.238070000
17		43	4976.277353000
17		1358	4976.327217000
6	0		4976.339515000
17		47	4976.401207000
17		43	4976.401232000
17		41	4976.401241000
17		1358	4976.416493000
17		33	4976.427695000
17		1358	4976.513128000
17		43	4976.524998000
6	0		4976.587559000
17		43	4976.587591000
17		1358	4976.609366000
6	0		4976.630008000
6	0		4976.630063000
6	0		4976.667358000
17		1358	4976.705788000
17		43	4976.710679000
6	0		4976.773182000
17		1358	4976.802508000
17		48	4976.835248000
17		35	4976.849443000
17		1358	4976.899141000
17		43	4976.958728000
17		1358	4976.996052000
6	0		4977.021543000
6	1396		4977.022003000
17		43	4977.083125000
17		735	4977.083156000
17		39	4977.084208000
17		1358	4977.092363000
17		83	4977.092936000
17		33	4977.092989000
17		1358	4977.188227000
17		43	4977.207271000
6	0		4977.269070000
6	1396		4977.269524000
17		1358	4977.285258000
6	1396		4977.312540000
17		43	4977.330806000
17		1358	4977.381276000
17		43	4977.454816000
17		1358	4977.478069000
6	0		4977.517038000
6	1396		4977.517512000
6	1396		4977.560492000
17		1358	4977.575229000
17		43	4977.579489000
17		43	4977.641281000
17		1358	4977.671359000
17		43	4977.702681000
17		43	4977.764675000
17		1358	4977.768197000
17		43	4977.826647000
17		1196	4977.826670000
17		39	4977.827781000
17		88	4977.843051000
17		212	4977.843213000
17		1358	4977.864480000
17		43	4977.888707000
17		43	4977.950768000
17		1358	4977.959638000
17		43	4978.012855000
17		1358	4978.051297000
17		43	4978.075007000
6	0		4978.098353000
6	0		4978.098403000
6	0		4978.130801000
17		43	4978.137632000
17		1358	4978.139175000
17		43	4978.199076000
17		1358	4978.231113000
17		41	4978.261432000
17		1358	4978.322264000
17		47	4978.322811000
17		43	4978.322832000
17		41	4978.322839000
17		33	4978.349176000
17		43	4978.385537000
17		1358	4978.412149000
6	0		4978.446721000
6	0		4978.447133000
17		1358	4978.503336000
17		43	4978.509026000
17		48	4978.570763000
17		35	4978.584954000
17		1358	4978.593431000
6	0		4978.627570000
6	0		4978.627634000
17		43	4978.632782000
6	0		4978.667179000
6	12		4978.667451000
17		1358	4978.683181000
6	0		4978.694962000
6	0		4978.695413000
6	0		4978.706876000
6	12		4978.706912000
6	0		4978.706923000
6	1		4978.707074000
6	4		4978.707087000
6	32		4978.707095000
6	0		4978.707106000
6	0		4978.746417000
6	0		4978.746449000
6	0		4978.746469000
6	0		4978.746561000
6	0		4978.746573000
6	0		4978.746605000
17		1358	4978.773952000
17		43	4978.819021000
17		1358	4978.864654000
17		43	4978.881113000
17		47	4978.943598000
17		43	4978.943630000
6	0		4978.943644000
17		41	4978.943650000
6	0		4978.944091000
17		1358	4978.955212000
17		33	4978.969619000
17		43	4979.005371000
17		1358	4979.045829000
17		43	4979.067099000
6	0		4979.129046000
17		43	4979.129073000
6	0		4979.130397000
17		1358	4979.135478000
17		43	4979.191322000
17		1358	4979.226086000
17		43	4979.252886000
17		43	4979.315575000
17		1358	4979.317429000
6	0		4979.376907000
17		43	4979.376940000
6	0		4979.377793000
17		1358	4979.407120000
17		43	4979.439144000
17		1358	4979.497178000
17		43	4979.501492000
17		43	4979.563552000
17		1358	4979.587371000
17		43	4979.624739000
17		1358	4979.660615000
17		43	4979.686831000
17		1358	4979.732242000
6	0		4979.749159000
6	517		4979.749186000
17		43	4979.749197000
6	0		4979.749658000
6	2048		4979.752367000
6	2640		4979.752414000
17		1358	4979.805099000
17		43	4979.810689000
17		43	4979.873368000
17		1358	4979.876918000
6	0		4979.934935000
6	517		4979.934962000
17		48	4979.934972000
6	0		4979.935424000
6	2048		4979.938021000
6	2640		4979.938071000
17		35	4979.948777000
17		1358	4979.949858000
17		43	4979.997176000
17		1358	4980.021803000
17		43	4980.059015000
17		1358	4980.093431000
17		43	4980.121153000
17		1358	4980.166150000
17		43	4980.182943000
17		43	4980.245443000
17		1358	4980.286429000
6	0		4980.306768000
6	0		4980.306795000
6	0		4980.368978000
17		1358	4980.401031000
6	0		4980.430727000
6	64		4980.430753000
6	92		4980.430761000
6	336		4980.430766000
6	0		4980.431546000
6	563		4980.432060000
6	2840		4980.438802000
6	4260		4980.438862000
6	1420		4980.454274000
6	1420		4980.469604000
6	1420		4980.485080000
17		43	4980.493365000
6	1420		4980.500395000
6	1420		4980.515772000
17		1358	4980.516800000
6	1420		4980.531159000
6	1420		4980.546505000
17		43	4980.554882000
6	1420		4980.561946000
6	1420		4980.577257000
6	1420		4980.592650000
6	1420		4980.608059000
6	0		4980.617087000
6	0		4980.617117000
6	1420		4980.623427000
17		1358	4980.629498000
6	1420		4980.638785000
6	1420		4980.654176000
6	0		4980.679460000
6	0		4980.740980000
6	64		4980.741011000
17		1358	4980.741199000
6	0		4980.746538000
17		43	4980.803441000
17		1358	4980.854075000
17		43	4980.864815000
17		43	4980.927180000
17		1358	4980.938072000
17		43	4980.989343000
17		1358	4981.023464000
17		43	4981.051375000
17		1358	4981.106599000
6	31		4981.113061000
17		43	4981.113099000
6	1420		4981.113571000
6	1420		4981.121277000
6	0		4981.175488000
6	1420		4981.175993000
6	1420		4981.183683000
17		1358	4981.191585000
6	0		4981.236786000
6	1420		4981.237297000
6	1420		4981.244990000
17		1358	4981.276266000
6	0		4981.299135000
6	1420		4981.299626000
6	1420		4981.307306000
17		1358	4981.360254000
6	0		4981.360838000
6	1420		4981.361365000
6	1420		4981.369073000
6	0		4981.422703000
6	1420		4981.423261000
6	1420		4981.430927000
17		1358	4981.444967000
6	0		4981.468658000
6	1420		4981.469180000
6	1420		4981.476860000
6	0		4981.515127000
6	1420		4981.515673000
6	1420		4981.523332000
17		1358	4981.529684000
6	0		4981.561251000
6	1420		4981.561755000
6	1420		4981.569501000
6	0		4981.607389000
6	1420		4981.607946000
17		1358	4981.613344000
6	1420		4981.615636000
17		1358	4981.698080000
17		43	4981.699396000
6	0		4981.699425000
6	1420		4981.699934000
6	1420		4981.707615000
17		1358	4981.782167000
6	0		4981.791342000
6	1420		4981.791913000
6	1420		4981.799576000
6	1420		4981.814979000
6	1420		4981.830357000
17		1358	4981.867279000
6	0		4981.882894000
6	1420		4981.883501000
6	1420		4981.891104000
6	1420		4981.906496000
6	1420		4981.921894000
17		1358	4981.951374000
6	0		4981.975427000
6	1420		4981.975924000
6	1420		4981.983625000
6	1420		4981.998998000
6	1420		4982.014368000
6	64		4982.021474000
6	0		4982.021956000
17		1358	4982.035650000
17		43	4982.066840000
6	0		4982.113026000
6	1420		4982.113550000
17		1358	4982.120648000
6	1420		4982.121224000
6	1420		4982.136609000
6	1420		4982.152019000
17		1358	4982.203652000
17		43	4982.205402000
6	0		4982.205428000
6	1420		4982.205962000
6	1420		4982.213598000
17		43	4982.250758000
17		1358	4982.289491000
17		43	4982.296751000
17		43	4982.343581000
17		1358	4982.372600000
6	0		4982.435045000
6	1420		4982.435594000
6	1420		4982.443258000
17		1358	4982.457490000
6	0		4982.526980000
6	1420		4982.527940000
6	1420		4982.535628000
17		1358	4982.541493000
17		48	4982.572868000
17		35	4982.586775000
6	0		4982.619056000
6	1420		4982.619562000
17		1358	4982.626632000
6	0		4982.665260000
6	1420		4982.665767000
17		1358	4982.710656000
17		43	4982.710837000
6	0		4982.757085000
6	1420		4982.757641000
17		1358	4982.795545000
6	0		4982.803248000
6	1420		4982.803754000
17		43	4982.848832000
17		1358	4982.879456000
6	0		4982.894771000
6	1420		4982.895265000
6	0		4982.940976000
6	1420		4982.941492000
17		1358	4982.963511000
6	0		4982.986620000
6	1420		4982.987117000
6	0		4983.032950000
6	1420		4983.033509000
17		1358	4983.047190000
17		43	4983.079499000
6	0		4983.124704000
6	1420		4983.125303000
17		1358	4983.132097000
6	0		4983.170668000
6	1420		4983.171176000
17		1358	4983.216408000
6	0		4983.216649000
6	1420		4983.217121000
6	0		4983.262797000
6	1420		4983.263335000
17		1358	4983.301283000
17		43	4983.309322000
6	0		4983.354817000
6	1420		4983.355340000
17		1358	4983.385192000
6	0		4983.400992000
6	1420		4983.401514000
6	0		4983.447573000
6	1420		4983.448084000
17		1358	4983.469982000
17		43	4983.492628000
6	0		4983.539203000
17		43	4983.539237000
6	1420		4983.539746000
17		1358	4983.553268000
6	0		4983.585523000
6	1420		4983.586038000
6	0		4983.630755000
6	1420		4983.631226000
17		1358	4983.638393000
17		43	4983.676699000
17		1358	4983.722456000
6	0		4983.722662000
6	1420		4983.723153000
6	0		4983.768838000
6	1420		4983.769361000
17		1358	4983.807053000
6	0		4983.815443000
6	1420		4983.816062000
6	0		4983.861613000
6	1420		4983.862197000
17		1358	4983.891507000
17		43	4983.906886000
6	0		4983.953067000
6	1420		4983.953584000
17		1358	4983.976446000
6	0		4983.998873000
6	1420		4983.999398000
6	0		4984.044746000
6	1420		4984.045295000
6	0		4984.090938000
6	1420		4984.091550000
17		43	4984.136714000
17		1358	4984.138422000
6	0		4984.182763000
6	1420		4984.183279000
6	0		4984.228925000
6	1420		4984.229435000
6	0		4984.274756000
6	1420		4984.275274000
6	0		4984.320975000
6	1420		4984.321542000
17		43	4984.366825000
17		1358	4984.368474000
6	0		4984.412961000
6	1420		4984.413489000
17		43	4984.458771000
17		1358	4984.460398000
6	0		4984.504958000
6	1420		4984.505483000
6	0		4984.550802000
6	1420		4984.551327000
6	0		4984.596982000
6	1420		4984.597521000
17		43	4984.642831000
17		1358	4984.644425000
6	0		4984.688751000
6	1420		4984.689235000
6	0		4984.734930000
6	1420		4984.735433000
17		43	4984.780703000
17		1358	4984.782311000
6	0		4984.826859000
6	1420		4984.827430000
17		1358	4984.851460000
6	0		4984.872786000
6	1420		4984.873306000
17		43	4984.918836000
17		1358	4984.920429000
6	0		4984.964711000
6	1420		4984.965208000
6	0		4985.010887000
6	1420		4985.011488000
17		43	4985.056815000
17		1358	4985.057788000
6	0		4985.103359000
6	1420		4985.103891000
17		43	4985.149091000
17		1358	4985.150731000
6	0		4985.195452000
6	1420		4985.195957000
17		43	4985.241039000
17		1358	4985.243146000
6	0		4985.287346000
6	1420		4985.287881000
17		43	4985.333204000
17		1358	4985.335299000
6	0		4985.379391000
17		43	4985.424721000
17		1358	4985.448278000
6	0		4985.471091000
6	0		4985.517127000
17		48	4985.562835000
17		1358	4985.564441000
6	0		4985.608722000
6	0		4985.654893000
17		43	4985.700951000
17		1358	4985.702497000
6	0		4985.747273000
17		43	4985.792728000
17		1358	4985.816176000
6	0		4985.838831000
17		43	4985.838857000
6	0		4985.884688000
17		1358	4985.929196000
6	0		4985.930808000
17		43	4985.977376000
6	0		4986.023006000
17		1358	4986.042318000
17		43	4986.068755000
6	0		4986.114771000
17		1358	4986.127619000
6	0		4986.161260000
17		43	4986.207246000
17		1358	4986.212888000
6	0		4986.253611000
17		43	4986.299243000
17		1358	4986.300844000
6	0		4986.345135000
6	0		4986.391284000
17		43	4986.437303000
17		1358	4986.438046000
17		43	4986.483363000
17		1358	4986.522969000
6	0		4986.529280000
6	0		4986.575410000
17		43	4986.620721000
17		1358	4986.622318000
6	0		4986.666924000
6	0		4986.712705000
6	0		4986.747232000
6	0		4986.747289000
17		43	4986.758754000
17		1358	4986.760015000
6	0		4986.786336000
6	12		4986.786558000
6	0		4986.804739000
17		43	4986.804778000
6	0		4986.825635000
6	12		4986.825679000
6	0		4986.825691000
6	1		4986.825853000
6	4		4986.825866000
6	32		4986.825873000
6	0		4986.825881000
17		1358	4986.845404000
6	0		4986.850782000
6	0		4986.864868000
6	0		4986.864910000
6	0		4986.864916000
6	0		4986.864992000
6	0		4986.865009000
6	0		4986.896932000
6	0		4986.943102000
17		43	4986.989065000
17		1358	4986.990287000
6	0		4987.035467000
6	0		4987.080758000
6	0		4987.126887000
6	0		4987.173072000
17		43	4987.219062000
17		1358	4987.220109000
6	0		4987.265853000
17		43	4987.311206000
17		1358	4987.312842000
6	0		4987.403292000
17		43	4987.495374000
6	0		4987.495401000
17		1358	4987.496938000
6	0		4987.587390000
17		43	4987.633452000
17		1358	4987.635037000
17		43	4987.725227000
17		1358	4987.726766000
6	0		4987.771554000
17		43	4987.817074000
17		1358	4987.818659000
6	0		4987.909115000
6	1420		4987.909618000
6	1420		4987.917305000
17		48	4987.954691000
17		1358	4987.956268000
17		43	4988.001463000
17		1358	4988.041500000
6	0		4988.046669000
6	1420		4988.047175000
6	1420		4988.054849000
17		43	4988.092683000
17		1358	4988.126434000
17		43	4988.185521000
17		1358	4988.212535000
17		43	4988.230811000
17		43	4988.277400000
6	0		4988.277430000
6	1420		4988.277956000
17		1358	4988.298361000
17		43	4988.322774000
17		43	4988.369342000
17		1358	4988.383767000
17		43	4988.414670000
17		43	4988.460825000
17		1358	4988.467178000
17		43	4988.506939000
17		1358	4988.552230000
17		43	4988.553206000
17		43	4988.599264000
17		1358	4988.637277000
17		43	4988.645796000
17		43	4988.690695000
17		1358	4988.721411000
17		43	4988.737201000
17		43	4988.782879000
17		1358	4988.805504000
17		43	4988.829100000
17		43	4988.874684000
17		1358	4988.889707000
17		43	4988.921326000
17		48	4988.967145000
17		1358	4988.975119000
17		43	4989.013032000
17		1358	4989.058227000
17		43	4989.059171000
17		43	4989.105385000
17		1358	4989.145936000
6	0		4989.150729000
6	1420		4989.151237000
6	1420		4989.158910000
6	1420		4989.174346000
6	1420		4989.189704000
17		43	4989.197526000
6	1420		4989.205088000
6	1420		4989.220461000
17		1358	4989.227212000
6	1420		4989.235821000
17		43	4989.243000000
6	1420		4989.251189000
6	1420		4989.266578000
6	1420		4989.281962000
6	1420		4989.297356000
17		1358	4989.312764000
6	1420		4989.312809000
6	1420		4989.328102000
6	0		4989.335470000
6	1420		4989.343490000
6	1420		4989.358854000
6	1420		4989.374265000
17		43	4989.380860000
6	1420		4989.389605000
17		1358	4989.395872000
6	1420		4989.404999000
6	1420		4989.420403000
17		43	4989.426817000
6	1420		4989.435763000
6	1420		4989.451175000
6	1420		4989.466519000
17		1358	4989.480709000
6	1420		4989.481896000
6	1420		4989.497296000
6	1420		4989.512665000
17		43	4989.518847000
6	1420		4989.528017000
6	1420		4989.543415000
6	1420		4989.558761000
17		1358	4989.564471000
17		43	4989.564999000
6	1420		4989.574167000
6	1420		4989.589548000
6	1420		4989.604950000
17		43	4989.610661000
6	1420		4989.620303000
17		1358	4989.633189000
6	1420		4989.635706000
6	1420		4989.651087000
17		43	4989.657401000
6	0		4989.657443000
6	1420		4989.666431000
6	1420		4989.681844000
6	1420		4989.697222000
17		1358	4989.699526000
17		43	4989.703365000
6	1420		4989.712566000
6	1420		4989.727960000
6	1420		4989.743339000
17		43	4989.749669000
17		1358	4989.766677000
17		43	4989.795554000
17		1358	4989.834510000
17		43	4989.840833000
17		43	4989.886878000
17		1358	4989.902408000
17		43	4989.933434000
17		1358	4989.970037000
6	0		4990.006880000
6	0		4990.006925000
6	0		4990.025514000
6	1420		4990.026047000
6	1420		4990.033722000
17		1358	4990.036908000
17		1358	4990.104004000
6	0		4990.117411000
6	1420		4990.117936000
6	1420		4990.125628000
17		1358	4990.172422000
6	0		4990.209137000
6	1420		4990.209661000
6	1420		4990.217337000
17		1358	4990.239342000
17		43	4990.254737000
6	0		4990.346985000
6	1420		4990.347474000
6	1420		4990.355169000
6	1420		4990.370548000
6	1420		4990.385932000
6	0		4990.439388000
6	1420		4990.439911000
6	1420		4990.447602000
6	1420		4990.462977000
6	1420		4990.478387000
17		43	4990.530821000
6	0		4990.576991000
6	1420		4990.577465000
6	1420		4990.585165000
6	0		4990.668666000
6	1420		4990.669190000
6	1420		4990.676844000
6	0		4990.761245000
6	1420		4990.761769000
6	1420		4990.769459000
6	0		4990.840397000
6	0		4990.840465000
17		48	4990.853007000
17		35	4990.866800000
6	0		4990.899173000
6	1420		4990.899653000
6	1420		4990.907342000
6	0		4990.990762000
6	1420		4990.991242000
6	1420		4990.998925000
6	0		4991.083234000
17		43	4991.083263000
6	1420		4991.083765000
6	1420		4991.091439000
6	0		4991.098754000
6	41		4991.104071000
6	0		4991.174866000
6	1420		4991.175376000
6	1420		4991.183052000
6	0		4991.267535000
6	1420		4991.268050000
6	1420		4991.275672000
6	0		4991.359050000
6	1420		4991.359533000
6	0		4991.361891000
6	21		4991.364013000
6	0		4991.364038000
6	1080		4991.365123000
6	1420		4991.367215000
17		43	4991.405046000
6	0		4991.496795000
6	1420		4991.497351000
6	1420		4991.505020000
6	0		4991.589439000
6	1420		4991.589934000
6	1420		4991.597654000
6	440		4991.627220000
17		43	4991.634681000
6	0		4991.670236000
6	0		4991.727197000
6	1420		4991.727760000
6	1420		4991.735360000
6	0		4991.818799000
6	1420		4991.819324000
6	1420		4991.827005000
6	0		4991.837803000
6	0		4991.837863000
17		43	4991.911207000
6	48		4991.928016000
6	0		4991.928048000
6	280		4991.932044000
6	0		4991.957553000
6	1420		4991.958080000
6	0		4991.961641000
6	1420		4991.965752000
6	41		4991.968166000
6	0		4992.048695000
6	1420		4992.049205000
6	1420		4992.056871000
6	0		4992.091698000
6	21		4992.091763000
6	0		4992.091779000
6	1080		4992.092758000
17		43	4992.095530000
17		43	4992.141174000
17		43	4992.187516000
6	16		4992.202142000
6	440		4992.216243000
17		43	4992.233256000
17		1358	4992.234801000
6	0		4992.246218000
6	0		4992.258231000
6	0		4992.324955000
17		43	4992.324986000
6	1420		4992.325447000
17		1358	4992.326542000
6	1420		4992.333130000
6	1420		4992.348499000
6	1420		4992.363887000
17		43	4992.371080000
6	48		4992.381464000
6	0		4992.381514000
6	280		4992.386557000
17		1358	4992.412043000
6	0		4992.461729000
6	37		4992.461755000
6	0		4992.463465000
6	1420		4992.463998000
6	1420		4992.471704000
6	52		4992.504048000
6	0		4992.504090000
6	52		4992.504181000
17		43	4992.509499000
17		1358	4992.511019000
6	16		4992.512782000
6	0		4992.554231000
6	0		4992.601421000
6	1420		4992.601903000
6	1420		4992.609597000
17		43	4992.646858000
17		1358	4992.648335000
6	52		4992.677572000
6	0		4992.677608000
6	52		4992.677713000
6	0		4992.738800000
6	1420		4992.739303000
6	1420		4992.746973000
6	84		4992.762027000
6	84		4992.801262000
6	0		4992.802202000
6	0		4992.831394000
6	1420		4992.831889000
6	1420		4992.839560000
6	0		4992.846217000
6	0		4992.922954000
6	1420		4992.923467000
6	1420		4992.931134000
6	0		4993.015529000
6	1420		4993.016033000
6	1420		4993.023713000
6	0		4993.107105000
6	1420		4993.107589000
6	1420		4993.115455000
6	0		4993.198878000
6	1420		4993.199387000
6	1420		4993.207060000
6	0		4993.291448000
6	1420		4993.291980000
6	1420		4993.299648000
6	0		4993.383087000
6	1420		4993.383589000
6	1420		4993.391275000
6	0		4993.474897000
6	1420		4993.475401000
6	1420		4993.483104000
6	0		4993.567577000
6	1420		4993.568077000
6	1420		4993.575746000
6	0		4993.659098000
6	1420		4993.659569000
6	1420		4993.667261000
6	0		4993.750676000
6	1420		4993.751200000
6	1420		4993.758870000
6	0		4993.843244000
6	1420		4993.843776000
6	1420		4993.851453000
6	0		4993.934900000
6	1420		4993.935395000
6	1420		4993.943079000
6	1420		4993.958478000
6	1420		4993.973863000
6	0		4994.027271000
6	1420		4994.027741000
6	1420		4994.035443000
6	0		4994.118929000
6	1420		4994.119433000
6	1420		4994.127103000
6	0		4994.211488000
6	1420		4994.211983000
6	1420		4994.219647000
6	0		4994.256780000
6	1420		4994.257287000
6	1420		4994.264946000
6	1420		4994.280328000
6	1420		4994.295699000
6	0		4994.349110000
6	1420		4994.349596000
6	1420		4994.357280000
17		43	4994.394790000
17		1358	4994.396786000
17		1358	4994.464786000
17		43	4994.487516000
6	0		4994.487552000
6	1420		4994.488025000
17		1358	4994.532330000
6	0		4994.578768000
6	1420		4994.579270000
17		1358	4994.600130000
17		1358	4994.668164000
17		43	4994.670721000
6	1420		4994.714916000
6	0		4994.717616000
17		1358	4994.735215000
17		1358	4994.803346000
17		43	4994.809393000
6	0		4994.854724000
6	1420		4994.865208000
6	0		4994.866411000
6	0		4994.866469000
17		1358	4994.869652000
6	0		4994.905866000
6	12		4994.906122000
17		1358	4994.937356000
6	0		4994.945561000
6	12		4994.945597000
6	0		4994.945607000
6	1		4994.945739000
6	4		4994.945753000
6	32		4994.945758000
6	0		4994.945768000
17		43	4994.947478000
6	0		4994.985139000
6	0		4994.985184000
6	0		4994.985189000
6	0		4994.985247000
6	0		4994.985263000
6	0		4994.992704000
6	68		4995.001868000
17		1358	4995.005248000
6	1420		4995.015491000
6	68		4995.039571000
17		1358	4995.072346000
6	0		4995.085064000
17		1358	4995.140269000
6	52		4995.163199000
6	0		4995.163241000
6	0		4995.163260000
6	0		4995.164732000
6	1420		4995.165792000
6	0		4995.176916000
17		1358	4995.207088000
6	52		4995.259896000
6	0		4995.259947000
6	0		4995.260024000
6	0		4995.261619000
6	0		4995.269527000
17		1358	4995.274227000
6	0		4995.288167000
6	1420		4995.316126000
17		1358	4995.342240000
6	0		4995.360602000
17		1358	4995.409311000
6	0		4995.452794000
17		1358	4995.477697000
6	0		4995.519357000
6	0		4995.545102000
17		1358	4995.545112000
17		1358	4995.612246000
6	0		4995.638268000
17		1358	4995.679500000
6	0		4995.729089000
17		1358	4995.746741000
17		1358	4995.814839000
6	0		4995.821291000
17		1358	4995.881841000
6	0		4995.913132000
17		1358	4995.949194000
6	0		4995.959278000
17		1358	4996.017782000
6	0		4996.050699000
17		1358	4996.084085000
6	0		4996.143524000
17		1358	4996.152630000
17		1358	4996.219277000
6	0		4996.235043000
17		1358	4996.286715000
6	0		4996.326802000
17		1358	4996.355074000
6	0		4996.419492000
17		1358	4996.421683000
17		1358	4996.490191000
6	0		4996.511049000
17		1358	4996.556830000
6	0		4996.603332000
17		1358	4996.624581000
6	0		4996.695058000
6	0		4996.787376000
6	1420		4996.787956000
17		43	4996.879280000
17		1358	4996.880188000
6	0		4996.925167000
17		43	4996.925202000
6	1420		4996.925692000
17		1358	4996.993664000
17		48	4997.017007000
17		35	4997.031307000
6	0		4997.063177000
6	1420		4997.063679000
6	1420		4997.088743000
17		1358	4997.106259000
17		43	4997.109544000
17		43	4997.155479000
17		1358	4997.218335000
17		43	4997.246801000
6	0		4997.293048000
6	1420		4997.293599000
6	1420		4997.318620000
17		1358	4997.331158000
17		43	4997.338818000
17		43	4997.385371000
17		43	4997.430642000
17		122	4997.443676000
17		43	4997.523123000
17		43	4997.569166000
6	0		4997.615430000
6	1420		4997.616000000
6	1420		4997.640996000
17		43	4997.661558000
17		43	4997.706667000
17		43	4997.799579000
17		43	4997.845595000
17		43	4997.890820000
17		43	4997.937051000
17		43	4997.983151000
17		43	4998.029423000
6	0		4998.029453000
6	1420		4998.029929000
17		43	4998.075496000
17		43	4998.121063000
17		43	4998.167432000
17		48	4998.212843000
17		35	4998.227232000
17		43	4998.259782000
17		43	4998.305526000
17		43	4998.351546000
17		43	4998.396857000
17		43	4998.442958000
17		43	4998.489014000
17		43	4998.535121000
6	0		4998.571019000
17		43	4998.581097000
17		1030	4998.581128000
17		34	4998.581698000
17		33	4998.581955000
17		1358	4998.584204000
17		1358	4998.669821000
17		43	4998.673142000
6	0		4998.719259000
6	1420		4998.719769000
6	1420		4998.744829000
17		1358	4998.753512000
17		43	4998.765449000
6	1420		4998.794966000
17		1358	4998.826552000
6	1420		4998.845132000
6	0		4998.857378000
6	1420		4998.895275000
17		1358	4998.900205000
17		43	4998.903479000
6	1420		4998.945385000
17		43	4998.949420000
17		1358	4998.972859000
6	1420		4998.995531000
6	0		4999.041731000
6	1420		4999.045649000
17		1358	4999.046067000
17		43	4999.087530000
6	1420		4999.095831000
17		1358	4999.119420000
6	1420		4999.145942000
6	0		4999.179003000
17		1358	4999.191620000
6	1420		4999.196096000
17		43	4999.224823000
6	1420		4999.246216000
17		1358	4999.265572000
17		49	4999.271225000
17		35	4999.284939000
6	1420		4999.296382000
17		43	4999.317373000
6	0		4999.317405000
17		1358	4999.338469000
6	1420		4999.346525000
6	1420		4999.396636000
6	0		4999.408890000
17		1358	4999.410826000
6	1420		4999.446808000
17		43	4999.454713000
17		1358	4999.485156000
6	1420		4999.496962000
6	1420		4999.547070000
17		43	4999.547177000
17		1358	4999.557861000
6	0		4999.593619000
6	1420		4999.597218000
17		1358	4999.631089000
17		43	4999.639361000
6	1420		4999.647361000
6	0		4999.685600000
6	1420		4999.697511000
17		1358	4999.703198000
17		43	4999.730971000
6	1420		4999.747631000
17		1358	4999.776700000
6	1420		4999.797779000
6	0		4999.823023000
6	1420		4999.847918000
17		1358	4999.849544000
17		43	4999.869029000
6	1420		4999.898036000
17		1358	4999.922536000
6	1420		4999.948216000
17		43	4999.961411000
17		1358	4999.995218000
6	1420		4999.998312000
6	0		5000.006683000
6	1420		5000.048478000
17		43	5000.053552000
17		1358	5000.069361000
6	1420		5000.098636000
17		1358	5000.141279000
6	0		5000.144923000
6	1420		5000.148774000
17		43	5000.191521000
6	1420		5000.198883000
17		1358	5000.215254000
6	1420		5000.249029000
17		43	5000.283360000
17		1358	5000.288308000
6	1420		5000.299165000
6	0		5000.329579000
6	1420		5000.349315000
17		1358	5000.361148000
6	1420		5000.399480000
17		43	5000.420863000
17		1358	5000.434089000
6	1420		5000.449601000
6	0		5000.467333000
6	1420		5000.499732000
17		1358	5000.507162000
17		43	5000.513001000
6	1420		5000.549861000
17		1358	5000.579403000
6	1420		5000.600017000
6	0		5000.605400000
17		43	5000.605423000
6	1420		5000.650159000
17		1358	5000.653084000
17		43	5000.697395000
6	1420		5000.700284000
17		1358	5000.726605000
6	0		5000.743547000
6	1420		5000.750431000
17		1358	5000.798635000
6	1420		5000.800565000
17		43	5000.834881000
6	1420		5000.850692000
17		1358	5000.872150000
6	0		5000.881059000
6	1420		5000.900850000
17		43	5000.927366000
17		1358	5000.945118000
6	1420		5000.950996000
6	1420		5001.001112000
17		1358	5001.018443000
6	0		5001.019476000
6	1420		5001.051281000
17		43	5001.065594000
17		1358	5001.091185000
6	1420		5001.101420000
6	1420		5001.151573000
17		43	5001.156948000
17		1358	5001.163976000
6	1420		5001.201668000
6	0		5001.203325000
17		1358	5001.238206000
17		43	5001.249007000
6	1420		5001.251816000
6	1420		5001.301963000
17		1358	5001.311145000
6	0		5001.341350000
6	1420		5001.352082000
17		1358	5001.382981000
17		48	5001.387136000
17		35	5001.401300000
6	1420		5001.402233000
6	1420		5001.452389000
17		1358	5001.457927000
17		43	5001.479343000
6	1420		5001.502536000
6	0		5001.525517000
17		1358	5001.529894000
6	1420		5001.552646000
17		43	5001.570970000
17		1358	5001.602807000
6	1420		5001.602851000
6	0		5001.617112000
6	1420		5001.652955000
17		43	5001.663258000
17		1358	5001.675696000
6	1420		5001.703075000
17		1358	5001.748365000
6	0		5001.755522000
6	1420		5001.755998000
17		43	5001.801585000
6	1420		5001.803358000
17		1358	5001.822262000
17		43	5001.892685000
17		1358	5001.894147000
6	0		5001.938866000
6	1420		5001.939402000
6	1420		5001.964443000
17		1358	5001.967228000
17		43	5002.031515000
17		1358	5002.041194000
6	0		5002.076789000
6	1420		5002.077269000
6	1420		5002.102358000
17		1358	5002.114248000
17		43	5002.123466000
17		1358	5002.187334000
6	0		5002.214903000
6	1420		5002.215409000
6	1420		5002.240471000
17		1358	5002.260018000
17		43	5002.261486000
17		1358	5002.333153000
17		43	5002.353508000
6	0		5002.398681000
6	1420		5002.399232000
17		1358	5002.407253000
6	1420		5002.424268000
17		43	5002.445370000
17		1358	5002.479472000
6	0		5002.536921000
6	1420		5002.537457000
17		1358	5002.538180000
6	1420		5002.562527000
17		43	5002.583108000
17		1358	5002.596025000
17		43	5002.628873000
17		1358	5002.655181000
6	0		5002.675442000
6	1420		5002.675940000
6	1420		5002.700994000
17		1358	5002.713365000
17		43	5002.766781000
17		1358	5002.772109000
6	0		5002.812987000
6	1420		5002.813528000
17		1358	5002.830210000
6	1420		5002.838562000
17		43	5002.859388000
17		1358	5002.888792000
17		1358	5002.947230000
6	0		5002.951198000
6	1420		5002.951702000
6	1420		5002.976776000
6	0		5002.986967000
6	0		5002.987033000
17		43	5002.996820000
17		1358	5003.005379000
6	0		5003.025970000
6	12		5003.026219000
17		1358	5003.063458000
6	0		5003.065292000
6	12		5003.065323000
6	0		5003.065335000
6	1		5003.065520000
6	4		5003.065539000
6	32		5003.065550000
6	0		5003.065564000
17		43	5003.088637000
6	0		5003.104444000
6	0		5003.104488000
6	0		5003.104557000
6	0		5003.104579000
17		1358	5003.122267000
6	0		5003.134930000
6	1420		5003.135466000
6	1420		5003.160512000
17		1358	5003.179980000
17		43	5003.226735000
17		1358	5003.239104000
6	0		5003.273434000
6	1420		5003.273981000
6	1420		5003.294051000
17		43	5003.319445000
6	1420		5003.334187000
17		1358	5003.336874000
6	1420		5003.374271000
6	0		5003.411356000
6	1420		5003.414394000
17		1358	5003.434048000
6	1420		5003.454524000
17		43	5003.456847000
17		1358	5003.531864000
17		48	5003.549053000
17		35	5003.563535000
6	0		5003.594990000
17		43	5003.595027000
6	1420		5003.595503000
6	1420		5003.615532000
17		1358	5003.628168000
6	0		5003.687613000
6	1420		5003.688132000
6	1420		5003.708217000
17		1358	5003.726193000
17		43	5003.732964000
17		1358	5003.823146000
17		43	5003.825375000
6	0		5003.870666000
6	1420		5003.871142000
6	1420		5003.891197000
17		1358	5003.921675000
17		43	5003.963567000
17		43	5004.009904000
6	0		5004.009934000
17		1358	5004.017823000
17		1358	5004.091926000
6	0		5004.101261000
6	1420		5004.101751000
17		43	5004.147223000
17		1358	5004.165123000
17		43	5004.192818000
17		1358	5004.236888000
6	0		5004.285303000
6	1420		5004.285840000
17		1358	5004.310811000
6	1420		5004.319258000
17		43	5004.331325000
17		43	5004.377461000
17		1358	5004.384013000
17		1358	5004.456476000
6	0		5004.469438000
17		43	5004.514705000
17		1358	5004.529936000
17		1358	5004.602212000
17		43	5004.607173000
6	0		5004.653674000
6	0		5004.673663000
6	0		5004.673726000
17		1358	5004.674978000
17		43	5004.698770000
17		1358	5004.748772000
17		43	5004.791097000
17		1358	5004.821347000
6	0		5004.837264000
6	0		5004.861634000
6	41		5004.867134000
17		43	5004.883026000
17		1358	5004.895695000
17		43	5004.928733000
17		1358	5004.968279000
6	0		5005.020725000
17		1358	5005.040509000
6	0		5005.054565000
6	21		5005.056508000
6	0		5005.056531000
6	1080		5005.057785000
17		43	5005.067131000
17		1358	5005.067163000
17		1358	5005.068777000
17		33	5005.093695000
17		43	5005.112671000
17		1358	5005.114576000
17		1358	5005.188034000
17		43	5005.204767000
6	0		5005.251436000
6	440		5005.254319000
17		1358	5005.260003000
17		43	5005.297695000
6	0		5005.298199000
17		1358	5005.333348000
17		48	5005.343442000
17		35	5005.357516000
6	0		5005.388789000
17		1358	5005.405985000
17		43	5005.435067000
17		1358	5005.479357000
17		43	5005.481186000
6	48		5005.485625000
6	0		5005.485668000
6	280		5005.489797000
17		43	5005.527508000
17		1358	5005.552230000
6	0		5005.618915000
17		1358	5005.625400000
17		43	5005.665592000
6	16		5005.682901000
17		1358	5005.698390000
17		43	5005.711533000
6	0		5005.726213000
17		1358	5005.772043000
6	0		5005.803193000
17		1358	5005.844550000
17		43	5005.894988000
6	52		5005.913670000
6	0		5005.913705000
6	52		5005.913805000
17		1358	5005.918201000
6	0		5005.941170000
17		1358	5005.990514000
17		43	5006.032810000
17		1358	5006.064122000
6	0		5006.078969000
6	100		5006.109328000
17		43	5006.125456000
17		1358	5006.137406000
6	0		5006.150246000
17		1358	5006.209212000
6	0		5006.217230000
17		43	5006.262863000
17		1358	5006.283050000
6	0		5006.355239000
17		43	5006.355271000
6	1420		5006.355768000
17		1358	5006.356359000
6	1420		5006.380833000
17		43	5006.401384000
17		1358	5006.430265000
6	0		5006.492970000
6	1420		5006.493460000
6	1420		5006.518553000
17		43	5006.539174000
17		1358	5006.540779000
17		43	5006.584842000
17		322	5006.615426000
17		43	5006.630893000
17		43	5006.722758000
17		43	5006.769414000
6	0		5006.769447000
6	1420		5006.769902000
17		43	5006.861340000
6	0		5006.907502000
6	1420		5006.908020000
6	1420		5006.933077000
17		43	5006.953550000
17		43	5006.999504000
17		48	5007.045328000
17		35	5007.059126000
17		43	5007.091474000
17		43	5007.137585000
17		43	5007.182679000
17		43	5007.228663000
17		43	5007.274691000
17		43	5007.320856000
17		778	5007.366897000
17		41	5007.366926000
17		39	5007.367896000
17		87	5007.377081000
17		33	5007.377235000
17		43	5007.413161000
17		43	5007.459252000
17		43	5007.505436000
17		43	5007.550786000
17		43	5007.597006000
6	68		5007.604195000
17		43	5007.643161000
17		43	5007.689018000
17		43	5007.735159000
17		43	5007.781275000
6	52		5007.795709000
6	0		5007.795746000
6	0		5007.795764000
6	0		5007.797031000
17		43	5007.827224000
17		43	5007.873296000
17		43	5007.919489000
17		43	5007.964669000
6	0		5007.984519000
17		48	5008.010778000
17		35	5008.025232000
17		43	5008.057040000
17		1112	5008.057064000
17		34	5008.057630000
17		33	5008.058249000
17		143	5008.058333000
17		1358	5008.066339000
17		43	5008.103496000
17		1358	5008.126073000
17		1358	5008.184495000
17		43	5008.194812000
6	0		5008.241224000
17		43	5008.241252000
6	1420		5008.241748000
17		1358	5008.242098000
6	1420		5008.266830000
17		1358	5008.300634000
6	1420		5008.316967000
6	0		5008.333287000
17		1358	5008.359384000
6	1420		5008.367103000
17		43	5008.378653000
6	1420		5008.417265000
17		1358	5008.417366000
17		43	5008.425465000
6	1420		5008.467383000
17		1358	5008.476360000
6	0		5008.516847000
6	1420		5008.517524000
17		1358	5008.535201000
17		49	5008.563402000
17		47	5008.563430000
17		41	5008.563437000
6	0		5008.563446000
6	1420		5008.567663000
17		35	5008.576894000
17		33	5008.589174000
17		1358	5008.593072000
17		43	5008.609458000
6	1420		5008.617795000
17		43	5008.655428000
6	1420		5008.667919000
17		1358	5008.690337000
17		43	5008.700991000
6	1420		5008.718086000
6	1420		5008.768222000
17		1358	5008.787578000
17		43	5008.792833000
6	1420		5008.818393000
6	0		5008.838658000
17		43	5008.838688000
6	1420		5008.868517000
17		1358	5008.885060000
6	1420		5008.918631000
17		43	5008.930939000
6	1420		5008.968775000
6	0		5008.977129000
17		1358	5008.982503000
6	1420		5009.018929000
6	1420		5009.069087000
17		43	5009.069254000
17		1358	5009.080172000
6	0		5009.115468000
6	1420		5009.119190000
17		1358	5009.152908000
17		43	5009.161390000
6	1420		5009.169438000
6	1420		5009.219470000
17		1358	5009.226566000
17		43	5009.252903000
6	1420		5009.269648000
6	0		5009.299240000
17		1358	5009.299269000
6	1420		5009.319834000
17		43	5009.345226000
6	1420		5009.369906000
17		1358	5009.371575000
6	1420		5009.420043000
6	0		5009.437030000
17		1358	5009.445754000
6	1420		5009.470194000
17		43	5009.483388000
17		1358	5009.518159000
6	1420		5009.520306000
6	1420		5009.570498000
6	0		5009.574783000
17		1358	5009.592188000
6	0		5009.599418000
6	0		5009.599475000
6	1420		5009.620613000
17		43	5009.620904000
17		1358	5009.664347000
6	1420		5009.670724000
6	0		5009.712718000
6	1420		5009.720872000
17		1358	5009.737499000
17		43	5009.758867000
6	1420		5009.771000000
17		1358	5009.811038000
6	1420		5009.821154000
6	0		5009.844140000
6	15		5009.844200000
6	41		5009.849564000
6	0		5009.851736000
6	1420		5009.871291000
17		1358	5009.883362000
17		43	5009.897471000
6	1420		5009.921448000
17		1358	5009.956009000
6	510		5009.963773000
6	0		5009.963811000
6	1420		5009.971602000
6	0		5009.988931000
17		43	5009.988962000
6	1420		5010.021742000
17		1358	5010.030012000
6	1420		5010.071876000
17		43	5010.081204000
6	0		5010.094096000
17		1358	5010.102772000
6	1420		5010.121966000
6	0		5010.127405000
6	1420		5010.172130000
17		1358	5010.176272000
17		43	5010.219527000
6	1420		5010.222250000
17		1358	5010.249630000
6	0		5010.264682000
6	1420		5010.272389000
17		43	5010.310805000
17		1358	5010.321432000
6	1420		5010.322548000
6	1420		5010.372697000
17		1358	5010.395450000
6	0		5010.403053000
6	1420		5010.422811000
17		43	5010.448767000
17		1358	5010.468224000
6	1420		5010.472952000
6	1420		5010.523106000
17		1358	5010.541039000
17		48	5010.541166000
17		35	5010.555085000
6	1420		5010.573255000
6	0		5010.587472000
17		1358	5010.614783000
6	1420		5010.623435000
17		43	5010.633513000
6	856		5010.657722000
6	1420		5010.673549000
17		1358	5010.687591000
6	1420		5010.723706000
6	0		5010.724999000
17		1358	5010.760363000
17		43	5010.770782000
6	1420		5010.773796000
6	1420		5010.823937000
17		1358	5010.833851000
17		43	5010.863079000
6	1420		5010.874093000
17		1358	5010.906464000
6	0		5010.909532000
6	1420		5010.924233000
17		43	5010.955265000
6	1420		5010.974383000
17		1358	5010.979495000
6	0		5011.001550000
6	1420		5011.024573000
17		43	5011.046768000
17		1358	5011.052156000
6	1420		5011.074621000
6	0		5011.105974000
6	0		5011.106040000
17		1358	5011.125151000
6	0		5011.139102000
6	1420		5011.139608000
6	0		5011.145807000
6	12		5011.146029000
6	1420		5011.174917000
17		43	5011.185346000
6	0		5011.185884000
6	12		5011.185910000
6	0		5011.185918000
6	1		5011.186067000
6	4		5011.186081000
6	32		5011.186089000
6	0		5011.186100000
17		1358	5011.199274000
6	0		5011.225986000
6	0		5011.226029000
6	0		5011.226034000
6	0		5011.226330000
6	0		5011.226348000
17		1358	5011.271193000
17		43	5011.277630000
6	0		5011.282990000
6	0		5011.323320000
17		1358	5011.345074000
6	0		5011.369710000
6	1420		5011.370232000
6	1420		5011.395265000
17		43	5011.415477000
17		1358	5011.417045000
6	0		5011.460833000
6	1420		5011.461361000
6	871		5011.474039000
6	0		5011.474094000
6	1080		5011.475091000
17		1358	5011.490626000
6	1420		5011.495580000
17		43	5011.507593000
17		1171	5011.552972000
17		39	5011.554073000
17		1358	5011.564512000
17		117	5011.570673000
17		149	5011.570775000
6	0		5011.599238000
6	1420		5011.599792000
6	1420		5011.619837000
17		1358	5011.636895000
17		43	5011.645077000
6	1420		5011.659980000
6	1420		5011.700052000
17		1358	5011.709410000
17		43	5011.736679000
6	0		5011.782836000
6	1420		5011.783339000
17		1358	5011.783367000
6	1420		5011.803398000
17		43	5011.828848000
17		1358	5011.856009000
6	0		5011.921420000
6	1420		5011.921937000
17		1358	5011.929161000
6	1420		5011.941980000
17		43	5011.967454000
17		1358	5012.002344000
17		43	5012.058763000
17		1358	5012.075322000
6	0		5012.104994000
6	1420		5012.105527000
6	1420		5012.125582000
17		1358	5012.149165000
6	1080		5012.194283000
17		43	5012.197426000
17		1358	5012.221078000
6	0		5012.242671000
17		43	5012.289554000
17		1358	5012.294498000
17		96	5012.367984000
6	0		5012.380967000
6	1420		5012.381471000
6	1420		5012.414923000
17		43	5012.427445000
17		43	5012.473161000
6	0		5012.519455000
6	1420		5012.519983000
6	1420		5012.553393000
17		43	5012.610856000
6	0		5012.657032000
6	1420		5012.657537000
6	1420		5012.690958000
17		48	5012.703206000
17		35	5012.716872000
6	0		5012.795421000
6	1420		5012.795944000
6	1420		5012.829359000
17		43	5012.841212000
17		43	5012.932737000
6	1080		5012.962225000
6	0		5012.979070000
6	1420		5012.979607000
6	1420		5013.004697000
17		43	5013.025300000
6	0		5013.117384000
6	1420		5013.117945000
6	1420		5013.142953000
17		43	5013.163446000
6	0		5013.209473000
17		43	5013.209513000
17		43	5013.254864000
6	0		5013.347221000
6	1420		5013.347740000
6	1420		5013.372801000
17		43	5013.393528000
17		43	5013.438896000
6	0		5013.485314000
17		41	5013.485351000
6	1420		5013.485826000
6	1420		5013.510866000
17		47	5013.530953000
17		43	5013.530989000
17		33	5013.557302000
17		41	5013.577025000
6	0		5013.668885000
17		43	5013.668918000
6	1420		5013.669416000
6	1420		5013.694450000
6	0		5013.760864000
6	1420		5013.761390000
6	1420		5013.794728000
17		43	5013.807047000
17		43	5013.899335000
6	0		5013.945584000
17		43	5013.990868000
17		1121	5014.082999000
17		41	5014.083626000
17		1358	5014.086507000
6	0		5014.129274000
17		1358	5014.159690000
17		43	5014.174899000
17		43	5014.220965000
17		1358	5014.233345000
17		1358	5014.306466000
6	0		5014.312771000
17		43	5014.358842000
17		1358	5014.380541000
17		43	5014.404864000
17		43	5014.451280000
17		1358	5014.452868000
6	1080		5014.466225000
17		1358	5014.525759000
6	0		5014.543246000
17		1358	5014.598995000
6	0		5014.635664000
17		1358	5014.671700000
6	0		5014.727230000
17		1358	5014.744123000
17		1358	5014.818305000
6	0		5014.818898000
6	0		5014.864782000
17		1358	5014.890706000
6	0		5014.957206000
17		1358	5014.963961000
17		1358	5015.036816000
6	0		5015.049402000
17		1358	5015.109554000
6	0		5015.141418000
6	1420		5015.141898000
17		1358	5015.183899000
6	0		5015.233389000
6	1420		5015.233873000
17		1358	5015.256177000
6	1420		5015.269780000
6	0		5015.324818000
17		43	5015.324855000
17		1358	5015.329433000
6	1420		5015.341559000
17		49	5015.371018000
17		35	5015.385254000
17		1358	5015.402394000
6	1420		5015.413398000
17		43	5015.417133000
17		43	5015.462836000
17		1358	5015.474959000
17		43	5015.508800000
17		1358	5015.549338000
17		43	5015.555127000
17		43	5015.601434000
17		1358	5015.621600000
17		43	5015.646773000
17		43	5015.692853000
17		1358	5015.694323000
17		43	5015.739003000
17		1358	5015.767562000
17		43	5015.785535000
17		43	5015.831001000
17		1358	5015.840955000
17		43	5015.877299000
17		1358	5015.912883000
17		43	5015.923266000
17		43	5015.969407000
17		1358	5015.986589000
17		1358	5016.059456000
17		43	5016.060785000
6	0		5016.106955000
6	1420		5016.107451000
17		1358	5016.133855000
6	1420		5016.136156000
17		43	5016.153124000
6	1420		5016.193583000
17		1358	5016.205988000
17		43	5016.244922000
6	1420		5016.251037000
17		1358	5016.278217000
6	0		5016.291425000
6	1420		5016.308482000
17		43	5016.337044000
17		1358	5016.348857000
6	1420		5016.365957000
17		1358	5016.417865000
6	1420		5016.423432000
17		43	5016.429157000
6	0		5016.475507000
17		43	5016.475535000
6	1420		5016.480848000
17		1358	5016.486026000
17		48	5016.521450000
17		35	5016.535435000
6	1420		5016.538324000
17		1358	5016.555055000
17		43	5016.567214000
6	1420		5016.595739000
17		43	5016.613397000
17		1358	5016.625173000
6	1420		5016.653224000
17		43	5016.659065000
17		1358	5016.694527000
17		43	5016.705402000
6	1420		5016.710646000
17		43	5016.750689000
17		1358	5016.763079000
6	1420		5016.768094000
6	1420		5016.825543000
17		1358	5016.832110000
17		43	5016.843297000
6	1420		5016.882994000
6	0		5016.889481000
17		1358	5016.902039000
6	1420		5016.940453000
17		1358	5016.971021000
17		43	5016.981342000
6	1420		5016.997890000
6	0		5017.027716000
17		1358	5017.040255000
6	1420		5017.055347000
17		43	5017.072947000
17		713	5017.072975000
17		39	5017.074731000
17		83	5017.084199000
17		33	5017.084487000
17		1358	5017.109063000
6	1420		5017.151097000
17		43	5017.165270000
17		1358	5017.179163000
6	0		5017.211772000
6	1420		5017.246842000
17		1358	5017.247524000
17		43	5017.257509000
17		1358	5017.317263000
6	1420		5017.342569000
6	0		5017.349171000
17		43	5017.349196000
17		1358	5017.386332000
6	1420		5017.438307000
17		1358	5017.441560000
17		43	5017.441590000
6	1080		5017.474243000
6	0		5017.486744000
17		1358	5017.496702000
17		43	5017.533184000
6	1420		5017.534045000
17		1358	5017.552394000
17		1358	5017.607418000
17		43	5017.624801000
6	1420		5017.629804000
17		1358	5017.662493000
6	0		5017.670980000
17		43	5017.716820000
17		1358	5017.719243000
6	1420		5017.725546000
17		1358	5017.773506000
6	1420		5017.797359000
6	0		5017.809014000
17		1358	5017.829329000
17		43	5017.854598000
6	1420		5017.869211000
17		1358	5017.884428000
17		1358	5017.939368000
6	1420		5017.940976000
17		43	5017.947247000
6	0		5017.993709000
17		1358	5017.995266000
6	1420		5018.012788000
17		43	5018.039010000
6	1420		5018.084608000
17		1358	5018.088214000
17		43	5018.130749000
6	1420		5018.156441000
6	0		5018.177609000
17		47	5018.177637000
17		41	5018.177644000
17		1358	5018.180204000
17		33	5018.203661000
17		48	5018.222770000
6	1420		5018.228236000
17		35	5018.236538000
17		1358	5018.272765000
6	1420		5018.300070000
17		43	5018.314820000
6	0		5018.361815000
17		1358	5018.364950000
6	1420		5018.371851000
17		43	5018.407568000
6	1420		5018.443653000
17		1358	5018.456767000
17		43	5018.499102000
6	1420		5018.515471000
6	0		5018.545259000
17		1358	5018.549055000
6	1420		5018.587294000
17		43	5018.591566000
17		43	5018.637542000
6	1420		5018.659089000
17		43	5018.729297000
6	1420		5018.730914000
17		43	5018.775241000
6	1420		5018.802719000
6	0		5018.821491000
17		43	5018.867193000
6	1420		5018.874523000
17		43	5018.913078000
6	1420		5018.946336000
17		43	5019.004815000
6	0		5019.050997000
6	1420		5019.051501000
6	1420		5019.089979000
17		43	5019.097077000
17		43	5019.143401000
6	1420		5019.161813000
17		43	5019.189201000
6	1420		5019.233629000
6	0		5019.235550000
17		43	5019.281611000
6	1420		5019.305427000
6	0		5019.372932000
6	1420		5019.377205000
17		43	5019.419056000
6	1420		5019.449046000
17		43	5019.511251000
17		1358	5019.512524000
6	1420		5019.520850000
6	0		5019.556776000
6	1420		5019.592624000
17		43	5019.603143000
17		1358	5019.604758000
6	1420		5019.664469000
17		43	5019.694777000
17		1036	5019.696375000
6	1420		5019.736255000
6	0		5019.740950000
6	1420		5019.808086000
17		43	5019.832703000
6	0		5019.879517000
6	1420		5019.879868000
17		48	5019.925351000
17		35	5019.940291000
6	1420		5019.951708000
17		1112	5019.971057000
17		41	5019.971643000
17		1358	5019.974501000
6	0		5020.017219000
6	1420		5020.023512000
17		1358	5020.044929000
6	1420		5020.095333000
6	0		5020.109403000
17		1358	5020.114276000
6	1420		5020.167160000
17		1358	5020.183001000
6	0		5020.200727000
6	1420		5020.238990000
17		1358	5020.252654000
6	0		5020.293383000
6	1420		5020.310793000
17		1358	5020.321557000
6	1420		5020.382584000
6	0		5020.385004000
17		1358	5020.390767000
6	1420		5020.454420000
17		1358	5020.459448000
6	0		5020.477252000
17		43	5020.523449000
6	0		5020.523479000
6	1420		5020.526215000
17		1358	5020.533513000
6	1420		5020.598034000
17		1358	5020.598566000
6	0		5020.615006000
17		43	5020.661468000
17		1358	5020.667367000
6	1420		5020.669818000
17		1358	5020.737319000
6	1420		5020.741617000
17		43	5020.752971000
6	0		5020.799212000
17		1358	5020.805293000
6	1420		5020.813468000
17		1358	5020.875868000
6	1420		5020.885299000
6	0		5020.891063000
17		43	5020.937074000
17		1358	5020.944423000
6	1420		5020.957071000
17		49	5020.983296000
17		35	5020.997628000
17		1358	5021.013252000
6	1420		5021.028857000
6	0		5021.029598000
17		43	5021.075435000
17		1358	5021.082406000
6	1420		5021.100740000
17		1358	5021.152162000
17		43	5021.167323000
6	1420		5021.172508000
6	0		5021.213585000
17		1358	5021.221251000
6	1420		5021.244297000
17		43	5021.258816000
17		1358	5021.290680000
6	1420		5021.313490000
6	0		5021.351254000
17		43	5021.351282000
17		1358	5021.359825000
6	1420		5021.382675000
17		43	5021.396651000
17		1358	5021.429062000
6	1420		5021.451814000
17		43	5021.489210000
17		1358	5021.498315000
6	1420		5021.521003000
6	0		5021.535412000
17		1358	5021.566873000
17		43	5021.581358000
6	1420		5021.590213000
17		1358	5021.636240000
6	1420		5021.659342000
17		43	5021.672875000
17		1358	5021.706271000
6	0		5021.719065000
6	1420		5021.728538000
17		43	5021.764808000
17		1358	5021.775338000
6	1420		5021.797677000
17		43	5021.810863000
17		1358	5021.844418000
6	1420		5021.866871000
17		43	5021.902841000
17		1358	5021.912693000
6	1420		5021.936014000
6	0		5021.949275000
17		1358	5021.983064000
17		43	5021.995385000
6	1420		5022.005172000
17		1358	5022.052407000
6	1420		5022.074363000
17		43	5022.086755000
17		1358	5022.120861000
6	0		5022.132948000
17		43	5022.179372000
17		1358	5022.190345000
17		43	5022.224662000
17		1358	5022.260254000
6	0		5022.270762000
17		43	5022.316800000
17		1358	5022.328391000
17		1358	5022.398069000
17		43	5022.408677000
6	0		5022.455485000
17		1358	5022.468128000
17		43	5022.501564000
17		1358	5022.536353000
17		43	5022.592685000
17		1358	5022.605940000
6	0		5022.638862000
17		1358	5022.674153000
17		48	5022.685278000
17		35	5022.699472000
17		1358	5022.744331000
17		43	5022.776790000
17		1358	5022.813911000
6	0		5022.822778000
17		43	5022.869345000
17		1358	5022.882320000
17		1358	5022.950965000
17		43	5022.961029000
6	0		5023.007722000
17		1358	5023.021396000
17		43	5023.053177000
17		1358	5023.089848000
17		43	5023.098833000
6	0		5023.145202000
6	1420		5023.145685000
17		1358	5023.159124000
17		43	5023.191268000
17		1358	5023.228072000
17		43	5023.283525000
17		1358	5023.298571000
6	0		5023.328715000
6	1420		5023.329214000
6	1420		5023.363825000
17		1358	5023.366861000
17		43	5023.374752000
17		1358	5023.436154000
17		43	5023.467248000
17		1358	5023.504666000
6	0		5023.513644000
6	1420		5023.514126000
6	1420		5023.548699000
17		43	5023.559028000
17		1358	5023.575238000
6	1080		5023.618230000
17		1358	5023.644181000
17		43	5023.651334000
17		43	5023.697453000
17		1358	5023.712726000
17		43	5023.743409000
6	0		5023.743440000
6	1420		5023.743922000
17		1358	5023.781787000
17		43	5023.789132000
17		43	5023.835610000
17		1358	5023.851672000
17		43	5023.881444000
17		1358	5023.921136000
17		43	5023.926962000
17		43	5023.972774000
17		1358	5023.989459000
17		43	5024.018794000
17		1358	5024.058174000
17		48	5024.064936000
17		35	5024.079345000
17		43	5024.111459000
17		1358	5024.128135000
17		43	5024.157769000
17		1358	5024.197143000
17		43	5024.202857000
17		43	5024.249374000
6	0		5024.253076000
6	0		5024.253127000
17		1358	5024.266199000
17		1358	5024.335123000
17		43	5024.341485000
17		43	5024.387383000
17		1358	5024.404500000
17		43	5024.432841000
17		826	5024.474224000
6	0		5024.478986000
6	1420		5024.479493000
6	1420		5024.514070000
17		43	5024.525384000
17		43	5024.570674000
6	1420		5024.583248000
17		43	5024.617289000
6	1420		5024.652440000
6	0		5024.662630000
6	1420		5024.721610000
17		43	5024.754958000
6	1420		5024.790816000
17		43	5024.800656000
17		43	5024.847464000
6	1420		5024.859958000
6	0		5024.892627000
6	1420		5024.929133000
17		43	5024.939389000
17		43	5024.985545000
6	1420		5024.998283000
6	0		5025.006486000
6	0		5025.006544000
17		43	5025.031555000
6	0		5025.041515000
6	1420		5025.067500000
17		43	5025.077535000
17		43	5025.123177000
6	1420		5025.136674000
17		43	5025.169040000
6	1420		5025.205821000
17		48	5025.214742000
17		35	5025.228388000
17		43	5025.261171000
6	1420		5025.274959000
17		43	5025.307277000
6	1420		5025.344130000
17		1041	5025.353297000
17		41	5025.353920000
17		1358	5025.354605000
17		1358	5025.354628000
17		1358	5025.354634000
17		1358	5025.354639000
17		1358	5025.354643000
17		1358	5025.354648000
17		1358	5025.354653000
17		1358	5025.354657000
17		1358	5025.354660000
17		1358	5025.354681000
6	1420		5025.413320000
17		1358	5025.424573000
6	0		5025.445100000
6	1420		5025.482496000
17		1358	5025.493700000
6	0		5025.536992000
6	1420		5025.551655000
17		1358	5025.563196000
6	1420		5025.620836000
6	0		5025.628676000
17		1358	5025.631889000
6	1420		5025.690027000
17		1358	5025.701350000
6	0		5025.721344000
6	1420		5025.759156000
17		1358	5025.770613000
6	0		5025.813559000
6	1420		5025.828333000
17		1358	5025.839526000
6	1420		5025.897536000
6	0		5025.904663000
17		1358	5025.908373000
6	1420		5025.966687000
17		1358	5025.977673000
6	0		5025.996879000
17		49	5025.996905000
17		35	5026.011326000
6	1420		5026.035849000
17		43	5026.042869000
17		1358	5026.046528000
17		43	5026.089229000
17		1358	5026.103136000
6	1420		5026.105035000
17		43	5026.134998000
17		1358	5026.157360000
6	1420		5026.174209000
17		43	5026.181444000
17		1358	5026.212440000
17		43	5026.227025000
6	1420		5026.243381000
17		1358	5026.269028000
17		43	5026.272764000
6	1420		5026.312531000
17		43	5026.319221000
17		1358	5026.323985000
17		43	5026.364812000
17		1358	5026.380006000
6	1420		5026.381711000
17		43	5026.411183000
17		1358	5026.434178000
6	1420		5026.450876000
17		1358	5026.489679000
17		43	5026.503048000
6	1420		5026.520036000
17		1358	5026.545487000
6	0		5026.549329000
6	1420		5026.589230000
17		43	5026.594734000
17		1358	5026.600703000
17		43	5026.640624000
17		1358	5026.655213000
6	1420		5026.658355000
6	0		5026.687153000
6	1420		5026.727547000
17		43	5026.733101000
17		1358	5026.747343000
6	1420		5026.796736000
17		43	5026.825458000
6	0		5026.825489000
17		1358	5026.840293000
6	1420		5026.865906000
17		43	5026.917445000
17		1358	5026.932056000
6	1420		5026.935062000
6	0		5026.962669000
6	1420		5027.004242000
17		43	5027.009299000
17		1358	5027.024508000
6	1420		5027.073438000
17		43	5027.100804000
17		1358	5027.117102000
6	1420		5027.142549000
6	0		5027.147199000
17		43	5027.193138000
17		1358	5027.209220000
6	1420		5027.211732000
6	0		5027.227919000
6	0		5027.227977000
6	0		5027.267583000
6	12		5027.267867000
6	1420		5027.280927000
17		43	5027.285112000
17		1358	5027.301130000
6	0		5027.307183000
6	12		5027.307226000
6	0		5027.307240000
6	1		5027.307392000
6	4		5027.307408000
6	32		5027.307415000
6	0		5027.307424000
17		48	5027.331319000
17		35	5027.345292000
6	0		5027.347060000
6	0		5027.347096000
6	0		5027.347104000
6	0		5027.347197000
6	0		5027.347214000
6	1420		5027.350074000
17		1358	5027.370266000
6	0		5027.376665000
6	1420		5027.419261000
17		43	5027.423549000
17		1358	5027.438765000
6	1420		5027.488452000
17		1358	5027.508175000
6	0		5027.515341000
17		43	5027.515365000
6	1420		5027.543742000
17		43	5027.560878000
17		1358	5027.576979000
6	1420		5027.599130000
17		1358	5027.646765000
17		43	5027.652814000
6	1420		5027.654429000
17		43	5027.698829000
6	1420		5027.709750000
17		1358	5027.715501000
6	0		5027.745158000
6	1420		5027.765112000
17		1358	5027.783863000
17		43	5027.790679000
6	1420		5027.820482000
17		1358	5027.852629000
6	1420		5027.875763000
17		43	5027.883046000
17		1358	5027.921647000
6	0		5027.929316000
6	1420		5027.931122000
17		43	5027.975329000
6	1420		5027.986475000
17		1358	5027.990846000
17		1358	5028.059954000
17		43	5028.067160000
17		43	5028.113429000
17		731	5028.128709000
6	0		5028.159572000
17		43	5028.251219000
6	0		5028.296699000
6	1420		5028.297189000
17		43	5028.343230000
6	1420		5028.343315000
17		43	5028.389463000
6	0		5028.434797000
6	1420		5028.435541000
17		43	5028.526942000
6	1420		5028.527772000
6	0		5028.573461000
17		43	5028.619267000
6	1420		5028.619992000
17		43	5028.711374000
6	1420		5028.712219000
6	0		5028.757639000
6	1420		5028.804455000
17		43	5028.848750000
6	0		5028.894901000
6	1420		5028.896697000
17		43	5028.941097000
6	1420		5028.988954000
17		43	5029.033249000
6	1420		5029.058100000
6	0		5029.079380000
17		48	5029.124742000
6	1420		5029.127261000
17		35	5029.138663000
6	1420		5029.196451000
17		43	5029.216788000
6	0		5029.262934000
6	1420		5029.265589000
17		43	5029.309010000
6	1420		5029.334764000
6	0		5029.355490000
17		43	5029.401382000
6	1420		5029.403977000
6	1420		5029.473132000
17		43	5029.493572000
6	0		5029.538714000
6	1420		5029.542295000
17		43	5029.584798000
6	1420		5029.611451000
17		43	5029.676916000
6	0		5029.723076000
6	1420		5029.723625000
6	1420		5029.758190000
17		43	5029.815521000
17		1121	5029.860750000
17		41	5029.861431000
17		144	5029.862294000
17		1353	5029.862397000
17		1358	5029.862409000
17		1358	5029.862413000
17		1358	5029.862418000
17		1358	5029.862422000
17		1358	5029.862425000
17		1358	5029.862429000
17		1358	5029.862432000
17		1358	5029.862435000
6	0		5029.906962000
6	1420		5029.907539000
17		1358	5029.932537000
6	1420		5029.942116000
6	0		5029.999498000
17		1358	5030.001893000
6	1420		5030.011272000
17		1358	5030.070299000
6	1420		5030.080421000
6	0		5030.090813000
17		1358	5030.139645000
6	1420		5030.149605000
6	0		5030.183086000
17		1358	5030.207978000
6	1420		5030.218790000
6	0		5030.275215000
17		1358	5030.277134000
6	1420		5030.287961000
17		1358	5030.346368000
6	1420		5030.357129000
6	0		5030.367434000
17		1358	5030.415464000
6	1420		5030.426296000
6	0		5030.458721000
17		1358	5030.484200000
6	1420		5030.495467000
6	0		5030.550969000
17		1358	5030.553114000
6	1420		5030.564619000
17		1358	5030.622367000
6	1420		5030.633822000
6	0		5030.643060000
17		1358	5030.691533000
6	1420		5030.702986000
6	0		5030.735440000
17		1358	5030.760660000
6	1420		5030.772153000
17		49	5030.780766000
17		35	5030.794865000
17		43	5030.826739000
17		1358	5030.828697000
6	1420		5030.841316000
6	0		5030.872974000
17		43	5030.873006000
17		1358	5030.898419000
6	1420		5030.910484000
17		43	5030.918977000
17		43	5030.964992000
17		1358	5030.966550000
6	1420		5030.979669000
17		43	5031.011060000
17		1358	5031.035816000
6	1420		5031.048846000
17		43	5031.057012000
17		43	5031.103248000
17		1358	5031.104888000
6	1420		5031.118033000
17		43	5031.149319000
17		1358	5031.174390000
6	1420		5031.187163000
17		43	5031.195362000
17		43	5031.241259000
17		1358	5031.242666000
6	1420		5031.256318000
6	0		5031.286690000
17		1358	5031.311905000
17		43	5031.333496000
17		1358	5031.381784000
17		43	5031.425052000
17		1358	5031.450740000
6	0		5031.471211000
17		43	5031.517226000
17		1358	5031.518935000
17		1358	5031.588957000
17		43	5031.609196000
6	0		5031.655392000
17		1358	5031.657625000
17		43	5031.701395000
17		1358	5031.726480000
17		43	5031.792770000
17		1358	5031.793631000
6	0		5031.839007000
17		1358	5031.864461000
17		43	5031.884936000
17		1358	5031.933855000
17		43	5031.977004000
17		1358	5032.002373000
6	0		5032.023350000
17		43	5032.069306000
17		1358	5032.070400000
17		48	5032.114855000
17		1358	5032.126125000
6	0		5032.160850000
17		1358	5032.181133000
17		43	5032.206718000
17		1358	5032.236690000
17		1358	5032.292216000
17		43	5032.299188000
6	0		5032.345618000
17		1358	5032.347578000
17		43	5032.391519000
17		1358	5032.402507000
17		1358	5032.457428000
17		43	5032.482770000
17		1358	5032.513608000
6	0		5032.528904000
17		1358	5032.568278000
17		43	5032.575034000
17		1358	5032.623522000
17		43	5032.666881000
17		1358	5032.677960000
6	0		5032.713045000
6	1420		5032.713583000
17		1358	5032.734373000
6	1420		5032.748167000
17		43	5032.759601000
17		1358	5032.789587000
17		43	5032.851313000
17		1358	5032.880918000
6	0		5032.897644000
6	1420		5032.898183000
6	1420		5032.932765000
17		43	5032.943514000
17		1358	5032.973481000
17		43	5032.989168000
17		43	5033.034914000
17		1358	5033.064953000
17		43	5033.081191000
17		43	5033.127393000
6	0		5033.127419000
6	1420		5033.127901000
17		1358	5033.157098000
17		43	5033.173310000
17		43	5033.219274000
17		1052	5033.248699000
17		43	5033.265464000
17		43	5033.310891000
17		43	5033.356958000
17		43	5033.403105000
17		48	5033.449151000
17		35	5033.463436000
17		43	5033.495263000
17		43	5033.540741000
17		43	5033.587308000
17		43	5033.632938000
17		43	5033.679011000
17		43	5033.724977000
17		43	5033.771338000
17		43	5033.817438000
17		43	5033.863498000
17		43	5033.908790000
17		43	5033.954838000
17		43	5034.047230000
6	0		5034.092839000
17		43	5034.092867000
6	1420		5034.093333000
6	1420		5034.127921000
17		43	5034.139476000
6	1420		5034.197073000
6	0		5034.230654000
6	1420		5034.266301000
17		43	5034.277249000
17		43	5034.323376000
6	1420		5034.335472000
6	1420		5034.404618000
17		43	5034.414835000
17		1121	5034.460925000
17		41	5034.461548000
17		144	5034.462239000
17		1353	5034.462262000
17		1358	5034.462272000
17		1358	5034.462275000
17		1358	5034.462278000
17		1358	5034.462281000
17		1358	5034.462284000
17		1358	5034.462288000
17		1358	5034.462291000
17		1358	5034.462294000
6	1420		5034.473794000
6	0		5034.507141000
17		1358	5034.526022000
6	1420		5034.542949000
17		1358	5034.588565000
6	0		5034.599292000
6	1420		5034.612128000
17		1358	5034.652283000
6	1420		5034.681305000
6	0		5034.691743000
17		1358	5034.712708000
17		49	5034.736741000
6	1420		5034.750441000
17		35	5034.750487000
17		1358	5034.775386000
17		43	5034.783195000
6	1420		5034.819669000
6	0		5034.829449000
17		43	5034.829480000
17		1358	5034.837828000
17		43	5034.874732000
6	1420		5034.888815000
17		1358	5034.900236000
17		43	5034.920831000
6	1420		5034.957933000
17		1358	5034.962534000
17		43	5034.967394000
17		43	5035.012691000
17		1358	5035.024167000
6	1420		5035.027134000
17		43	5035.059311000
17		592	5035.059337000
17		39	5035.061122000
17		87	5035.068794000
17		33	5035.068836000
17		1358	5035.087204000
6	1420		5035.096310000
17		43	5035.104864000
17		1358	5035.149370000
6	1420		5035.165462000
17		43	5035.196799000
17		1358	5035.211434000
6	1420		5035.234664000
6	0		5035.242964000
17		1358	5035.273873000
17		43	5035.288920000
6	1420		5035.303814000
17		1358	5035.337275000
6	1420		5035.373023000
17		43	5035.381387000
17		1358	5035.398735000
6	0		5035.427726000
6	1420		5035.442145000
17		1358	5035.462011000
17		43	5035.473647000
6	0		5035.497152000
6	0		5035.497210000
6	1420		5035.511319000
17		1358	5035.523968000
6	0		5035.536407000
17		43	5035.565337000
17		1358	5035.586024000
6	0		5035.611708000
6	1420		5035.612272000
17		1358	5035.644906000
6	1420		5035.649663000
6	1080		5035.650215000
17		43	5035.657448000
17		43	5035.703073000
17		1358	5035.704366000
6	0		5035.749322000
6	1420		5035.749842000
17		1358	5035.764558000
6	1420		5035.788039000
17		43	5035.795671000
17		1358	5035.823607000
17		43	5035.841220000
17		1358	5035.882879000
17		47	5035.887097000
17		41	5035.887125000
17		33	5035.913538000
17		1358	5035.928994000
17		43	5035.933223000
17		1358	5035.976829000
6	0		5035.979430000
6	1420		5035.979927000
6	1420		5036.007609000
17		1358	5036.024223000
17		43	5036.025230000
6	1420		5036.062987000
17		1358	5036.072208000
17		48	5036.116717000
6	1420		5036.118283000
17		1358	5036.118397000
6	0		5036.162760000
6	1420		5036.173617000
17		1358	5036.197697000
17		43	5036.209582000
6	1420		5036.228946000
17		1358	5036.276673000
17		43	5036.301530000
6	0		5036.347499000
17		1358	5036.356346000
17		43	5036.392629000
17		1358	5036.434319000
17		43	5036.484812000
17		1358	5036.494009000
6	0		5036.531008000
6	1420		5036.531556000
17		1358	5036.553221000
17		43	5036.577293000
17		1358	5036.612599000
17		43	5036.623586000
17		43	5036.669109000
17		1358	5036.670241000
6	0		5036.715285000
6	1420		5036.715825000
17		1358	5036.730887000
6	1420		5036.753322000
17		43	5036.760677000
17		1358	5036.789341000
17		1358	5036.849344000
17		43	5036.853287000
6	0		5036.898821000
6	1420		5036.899335000
17		1358	5036.908407000
6	1420		5036.936819000
17		43	5036.945642000
17		1358	5036.967702000
17		43	5036.991084000
17		1358	5037.027064000
17		43	5037.036914000
17		43	5037.083476000
17		1358	5037.085083000
17		1358	5037.146181000
6	0		5037.175677000
6	1420		5037.176199000
17		1358	5037.204104000
6	1420		5037.213738000
17		43	5037.221299000
17		1358	5037.264193000
17		43	5037.313467000
17		1358	5037.324662000
6	0		5037.358696000
6	1420		5037.359190000
6	1420		5037.396699000
17		43	5037.404864000
17		1358	5037.407001000
17		43	5037.497244000
17		1358	5037.498856000
6	0		5037.543320000
17		43	5037.543347000
6	1420		5037.543812000
17		1358	5037.558209000
6	1420		5037.581626000
17		43	5037.588970000
17		1358	5037.618393000
17		48	5037.635130000
17		35	5037.649546000
17		1358	5037.679193000
17		43	5037.680616000
17		1358	5037.739135000
17		43	5037.772927000
17		1358	5037.799514000
17		43	5037.819374000
17		1358	5037.859425000
17		43	5037.865408000
6	0		5037.865440000
6	1420		5037.865930000
17		1358	5037.919494000
17		43	5037.956840000
17		1358	5037.980196000
6	0		5038.003042000
6	1420		5038.003577000
6	1420		5038.041069000
17		43	5038.049772000
17		1358	5038.050934000
17		43	5038.095736000
17		767	5038.097229000
17		43	5038.186715000
6	0		5038.232825000
17		43	5038.232853000
6	1420		5038.233325000
6	1420		5038.270842000
17		43	5038.279081000
17		43	5038.325366000
17		43	5038.371461000
6	0		5038.386355000
6	0		5038.386402000
17		43	5038.462929000
6	0		5038.509068000
6	1420		5038.509567000
6	1420		5038.547065000
17		43	5038.555091000
17		43	5038.601463000
6	0		5038.692814000
6	1420		5038.693372000
6	1420		5038.730864000
17		43	5038.739219000
17		43	5038.785241000
17		43	5038.877529000
6	0		5038.922797000
6	1420		5038.923319000
6	1420		5038.960790000
17		43	5038.968938000
17		48	5039.015163000
17		35	5039.029441000
17		43	5039.061222000
17		43	5039.107225000
17		43	5039.199339000
17		43	5039.245579000
6	0		5039.290850000
6	1420		5039.291364000
6	1420		5039.321323000
6	1420		5039.381312000
17		1039	5039.383192000
17		41	5039.383820000
17		139	5039.384451000
17		1353	5039.384564000
17		1358	5039.384576000
17		1358	5039.384582000
17		1358	5039.384587000
17		1358	5039.384592000
17		1358	5039.384597000
17		1358	5039.384602000
17		1358	5039.384605000
17		1358	5039.384610000
6	0		5039.428772000
6	1420		5039.441328000
17		1358	5039.444530000
6	1420		5039.501297000
17		1358	5039.504382000
6	0		5039.520988000
6	1420		5039.561298000
17		1358	5039.563915000
6	0		5039.613454000
6	1420		5039.621319000
17		1358	5039.622357000
6	1420		5039.681272000
17		1358	5039.681651000
6	0		5039.704878000
17		1358	5039.740626000
6	1420		5039.741237000
6	0		5039.796611000
17		1358	5039.800651000
6	1420		5039.801231000
17		1358	5039.859169000
6	0		5039.889003000
17		49	5039.889042000
17		35	5039.902501000
17		1358	5039.918484000
17		43	5039.935322000
17		1358	5039.976961000
17		43	5039.981104000
17		43	5040.027394000
17		1358	5040.037261000
17		43	5040.073099000
17		1358	5040.097294000
17		43	5040.119552000
17		1358	5040.156803000
17		43	5040.164823000
17		43	5040.211217000
17		1358	5040.216267000
17		43	5040.257143000
17		1358	5040.274327000
17		43	5040.303411000
17		1358	5040.334376000
17		1358	5040.393170000
17		43	5040.394867000
6	0		5040.441604000
17		1358	5040.452759000
17		43	5040.487547000
17		1358	5040.511890000
17		43	5040.533228000
17		1358	5040.570671000
6	0		5040.579372000
6	1420		5040.579902000
17		43	5040.625346000
17		1358	5040.630262000
17		1358	5040.689045000
17		43	5040.717435000
6	0		5040.717469000
6	1420		5040.717945000
17		1358	5040.748497000
17		43	5040.763580000
17		1358	5040.809049000
17		43	5040.854869000
17		1358	5040.856657000
6	0		5040.901058000
6	1420		5040.901634000
6	1420		5040.939100000
17		43	5040.947397000
17		1358	5040.948938000
17		43	5040.993477000
17		1358	5040.995598000
17		43	5041.039352000
17		1358	5041.044247000
17		48	5041.084902000
17		35	5041.098493000
17		1358	5041.124082000
17		43	5041.130737000
17		43	5041.177293000
17		1358	5041.204036000
17		43	5041.223514000
17		43	5041.269281000
17		1358	5041.284120000
17		43	5041.315332000
17		43	5041.361232000
17		1358	5041.362084000
17		43	5041.407243000
17		1358	5041.422065000
17		43	5041.453345000
17		1358	5041.480844000
17		1358	5041.540327000
17		43	5041.577685000
17		1358	5041.599353000
17		43	5041.639158000
17		1358	5041.659006000
6	0		5041.700841000
6	1420		5041.701374000
17		1358	5041.717615000
6	1420		5041.738894000
17		43	5041.763357000
17		1358	5041.777394000
6	1420		5041.813860000
17		43	5041.825234000
17		1358	5041.836449000
17		43	5041.887609000
6	1420		5041.888825000
17		627	5041.895179000
6	1420		5041.963809000
6	0		5042.011601000
17		43	5042.011632000
6	1420		5042.038846000
17		43	5042.073036000
6	1420		5042.113801000
17		43	5042.134952000
6	1420		5042.188808000
17		43	5042.197133000
17		43	5042.258894000
6	1420		5042.263771000
17		43	5042.321429000
6	1420		5042.338760000
17		48	5042.383429000
17		35	5042.399073000
6	1420		5042.413771000
17		43	5042.445098000
17		43	5042.507138000
17		43	5042.568968000
17		1112	5042.569003000
17		34	5042.569743000
17		33	5042.569975000
17		139	5042.570649000
17		1358	5042.578232000
17		43	5042.630713000
17		1358	5042.637464000
17		43	5042.693595000
17		1358	5042.694912000
17		1358	5042.755353000
17		1358	5042.814056000
17		43	5042.817357000
17		1358	5042.872165000
6	0		5042.878738000
17		43	5042.878777000
6	1420		5042.879311000
6	1420		5042.916802000
17		1358	5042.930967000
17		1358	5042.989545000
17		43	5043.002957000
17		1358	5043.048239000
6	0		5043.065178000
6	1420		5043.065732000
6	1420		5043.103220000
17		1358	5043.107380000
17		43	5043.127161000
17		1358	5043.166327000
17		1358	5043.224790000
6	0		5043.251021000
6	1420		5043.251547000
17		1358	5043.283386000
6	1420		5043.289071000
17		1358	5043.341871000
6	0		5043.348647000
6	0		5043.348713000
6	0		5043.375233000
6	1420		5043.375756000
6	0		5043.388270000
6	12		5043.388518000
17		1358	5043.401337000
6	0		5043.427287000
6	12		5043.427327000
6	0		5043.427342000
6	1		5043.427807000
6	4		5043.428061000
6	32		5043.428082000
6	0		5043.428096000
6	1420		5043.439029000
17		1358	5043.459451000
6	0		5043.466733000
6	0		5043.466810000
6	0		5043.466948000
6	0		5043.467003000
6	0		5043.467021000
6	0		5043.499558000
6	1420		5043.513986000
17		1358	5043.518429000
17		49	5043.560759000
17		35	5043.575287000
17		1358	5043.577450000
6	1420		5043.588973000
17		43	5043.623259000
17		1358	5043.624884000
6	0		5043.685552000
17		43	5043.685590000
6	1420		5043.686088000
17		1358	5043.687199000
6	1420		5043.723913000
17		43	5043.747669000
17		1358	5043.752017000
17		43	5043.809023000
17		1358	5043.810044000
17		1358	5043.857358000
17		43	5043.870731000
17		1358	5043.905624000
6	0		5043.995189000
6	1420		5043.995757000
6	1420		5044.025724000
17		43	5044.057589000
17		1358	5044.058577000
6	1420		5044.085723000
17		43	5044.119057000
17		1358	5044.138158000
17		43	5044.181630000
17		1358	5044.217594000
6	0		5044.305127000
17		43	5044.366850000
17		1358	5044.368562000
17		43	5044.429348000
17		1358	5044.431008000
17		43	5044.491397000
17		1358	5044.493015000
17		43	5044.615568000
17		1358	5044.617188000
6	0		5044.676763000
6	1420		5044.677272000
6	1420		5044.714794000
17		43	5044.738755000
17		43	5044.801340000
6	0		5044.863557000
6	1420		5044.864095000
6	1420		5044.901600000
17		43	5044.925058000
6	1420		5044.976548000
17		41	5044.987537000
17		37	5044.989216000
17		43	5045.049380000
6	1420		5045.051550000
17		43	5045.111781000
6	0		5045.172973000
6	1420		5045.173554000
6	1420		5045.211000000
17		43	5045.235537000
6	1420		5045.285977000
17		43	5045.359281000
6	1420		5045.360973000
6	0		5045.421596000
6	1420		5045.435935000
17		43	5045.482859000
6	1420		5045.510926000
17		43	5045.545502000
17		43	5045.607065000
17		43	5045.668798000
6	0		5045.793184000
17		43	5045.854718000
17		43	5045.917081000
17		43	5045.978943000
17		1358	5045.981324000
17		43	5046.040845000
17		1358	5046.042210000
17		43	5046.103476000
6	0		5046.103515000
6	1420		5046.104048000
17		1358	5046.105085000
17		43	5046.165209000
17		1358	5046.166619000
17		43	5046.227646000
17		1358	5046.229257000
6	0		5046.350744000
6	1420		5046.351284000
6	1420		5046.397622000
6	0		5046.475078000
6	1420		5046.490199000
6	1420		5046.582835000
6	0		5046.598718000
6	1420		5046.675430000
6	0		5046.723491000
6	1420		5046.768044000
6	0		5046.847644000
6	0		5046.971083000
17		43	5047.033093000
17		1358	5047.034822000
17		1358	5047.094343000
17		43	5047.095294000
17		1358	5047.153763000
17		1358	5047.212283000
17		43	5047.219475000
6	0		5047.219510000
17		1358	5047.271116000
17		43	5047.280751000
17		1358	5047.329398000
17		1358	5047.387433000
6	0		5047.404925000
17		1358	5047.446321000
17		1358	5047.504398000
6	0		5047.529044000
6	1420		5047.529580000
17		1358	5047.563229000
6	1420		5047.575859000
17		1358	5047.622210000
6	0		5047.653329000
6	1420		5047.668477000
17		1358	5047.681011000
17		48	5047.715567000
17		35	5047.728957000
17		1358	5047.739318000
6	1420		5047.761074000
17		43	5047.777415000
17		622	5047.798317000
17		43	5047.839448000
17		43	5047.900832000
17		43	5047.962849000
17		43	5048.024903000
17		43	5048.086982000
17		43	5048.149253000
17		43	5048.211486000
17		43	5048.334967000
17		1112	5048.334998000
17		34	5048.335597000
17		33	5048.335686000
17		139	5048.336235000
17		1358	5048.343458000
6	0		5048.397143000
17		43	5048.397170000
6	1420		5048.397635000
17		1358	5048.403448000
6	1420		5048.443957000
17		1358	5048.461677000
17		1358	5048.520413000
17		43	5048.521050000
6	1420		5048.536567000
17		1358	5048.579416000
17		43	5048.583396000
6	0		5048.583430000
6	1420		5048.629163000
17		1358	5048.638780000
17		1358	5048.696836000
17		49	5048.707750000
6	1420		5048.721772000
17		35	5048.722064000
17		1358	5048.754321000
17		43	5048.769177000
17		1358	5048.813902000
6	1420		5048.814367000
6	0		5048.830856000
17		1358	5048.872303000
17		43	5048.892689000
6	1420		5048.907017000
17		1358	5048.930711000
17		1358	5048.989648000
6	1420		5048.999629000
17		43	5049.017446000
17		1358	5049.048731000
17		43	5049.079138000
6	1420		5049.092222000
17		1358	5049.107541000
6	0		5049.141220000
17		43	5049.141255000
17		1358	5049.165916000
6	1420		5049.184881000
17		1358	5049.224379000
17		43	5049.265572000
6	1420		5049.277447000
17		1358	5049.282853000
17		43	5049.326768000
17		1358	5049.342488000
6	1420		5049.370071000
6	0		5049.389884000
17		1358	5049.400457000
17		43	5049.450748000
17		1358	5049.459852000
6	1420		5049.462677000
17		43	5049.512861000
17		1358	5049.517669000
6	1420		5049.555276000
17		1358	5049.577078000
17		1358	5049.635138000
17		43	5049.637443000
6	1420		5049.647872000
17		1358	5049.694452000
6	0		5049.699623000
6	1420		5049.740519000
17		1358	5049.740977000
17		43	5049.760803000
17		1358	5049.787489000
17		43	5049.823150000
6	1420		5049.833139000
17		1358	5049.835310000
17		1358	5049.881652000
6	1420		5049.925733000
17		1358	5049.927920000
17		43	5049.947145000
17		1358	5049.975726000
6	0		5050.009658000
6	1420		5050.018315000
17		1358	5050.021847000
17		1358	5050.068772000
17		43	5050.071655000
6	1420		5050.110942000
6	0		5050.114122000
6	0		5050.114209000
17		1358	5050.116659000
17		43	5050.133314000
6	0		5050.142604000
17		1358	5050.194522000
17		43	5050.194691000
6	0		5050.256877000
6	1420		5050.257400000
17		1358	5050.272719000
6	0		5050.294909000
6	0		5050.294955000
6	1420		5050.303716000
17		43	5050.319394000
17		1358	5050.351317000
17		43	5050.381229000
17		1358	5050.429303000
17		43	5050.505261000
17		1358	5050.506933000
17		1358	5050.566086000
17		48	5050.567389000
17		35	5050.582054000
17		1358	5050.624000000
6	0		5050.629636000
6	1420		5050.630129000
6	1420		5050.676420000
17		1358	5050.682888000
17		43	5050.690961000
17		1358	5050.742137000
17		43	5050.815565000
17		1358	5050.817080000
17		43	5050.877981000
17		1358	5050.879554000
6	0		5050.939214000
6	1420		5050.939736000
6	1420		5050.976806000
17		43	5051.000905000
17		1358	5051.002446000
6	1420		5051.050907000
6	1420		5051.124976000
17		43	5051.125164000
17		1358	5051.126478000
6	0		5051.187264000
17		43	5051.187302000
17		1358	5051.187842000
6	1420		5051.199025000
17		43	5051.248927000
17		1358	5051.251262000
6	1420		5051.273118000
17		43	5051.311312000
17		1358	5051.312869000
17		43	5051.435758000
17		622	5051.437291000
6	0		5051.468238000
6	0		5051.468306000
17		43	5051.496687000
6	0		5051.507130000
6	12		5051.507363000
6	0		5051.546165000
6	12		5051.546253000
6	0		5051.546269000
6	1		5051.546439000
6	4		5051.546459000
6	32		5051.546470000
6	0		5051.546484000
6	0		5051.558797000
6	0		5051.585248000
6	0		5051.585295000
6	0		5051.585302000
6	0		5051.585309000
6	0		5051.585325000
17		43	5051.620844000
17		43	5051.683243000
17		43	5051.807567000
17		43	5051.868790000
6	0		5051.930988000
6	1420		5051.931486000
17		43	5051.993163000
6	1420		5051.993255000
17		43	5052.117332000
17		43	5052.179549000
17		43	5052.241464000
17		43	5052.303074000
6	0		5052.365387000
6	1420		5052.365910000
6	1420		5052.412215000
17		48	5052.489428000
17		35	5052.503760000
17		43	5052.551539000
17		43	5052.613646000
6	0		5052.613676000
6	1420		5052.614196000
17		43	5052.674812000
6	0		5052.799423000
6	1420		5052.799949000
6	1420		5052.846269000
17		43	5052.861249000
6	0		5052.984860000
6	1420		5052.985350000
6	1420		5053.031630000
17		43	5053.047351000
17		43	5053.109211000
17		43	5053.233238000
6	0		5053.295527000
17		43	5053.295555000
17		1029	5053.295562000
6	1420		5053.296028000
17		34	5053.296185000
17		1358	5053.297090000
6	1420		5053.342312000
17		1358	5053.344746000
17		43	5053.356828000
17		1358	5053.391522000
17		1358	5053.439356000
6	0		5053.480984000
6	1420		5053.481488000
17		1358	5053.486270000
6	1420		5053.527841000
17		1358	5053.532422000
17		1358	5053.579586000
6	0		5053.604900000
6	1420		5053.620433000
17		1358	5053.626389000
17		1358	5053.672879000
6	1420		5053.713038000
17		1358	5053.720788000
6	0		5053.728861000
17		1358	5053.767720000
6	1420		5053.805635000
17		1358	5053.814342000
6	0		5053.853201000
17		1358	5053.861494000
6	1420		5053.898249000
17		1358	5053.907718000
17		1358	5053.955506000
6	0		5053.977159000
17		1358	5054.001992000
17		49	5054.039365000
17		1358	5054.048437000
17		1358	5054.126961000
17		43	5054.163087000
17		1358	5054.205685000
6	0		5054.225574000
17		43	5054.225604000
17		1358	5054.283392000
17		43	5054.348811000
17		1358	5054.362422000
6	0		5054.411021000
17		1358	5054.440173000
17		43	5054.473086000
17		1358	5054.518382000
17		43	5054.535456000
17		1358	5054.577107000
17		1358	5054.635956000
17		43	5054.659571000
17		1358	5054.694406000
17		43	5054.720757000
17		1358	5054.755040000
6	0		5054.783000000
6	1420		5054.783512000
6	1420		5054.837490000
17		43	5054.845307000
17		1358	5054.846900000
17		43	5054.906996000
17		1358	5054.908443000
6	0		5054.962696000
6	0		5054.962758000
6	0		5055.009735000
17		43	5055.030962000
17		1358	5055.031805000
17		43	5055.093093000
17		1358	5055.094624000
6	0		5055.155257000
17		43	5055.155294000
6	1420		5055.155795000
17		1358	5055.156926000
6	1420		5055.209760000
17		43	5055.217022000
17		1358	5055.218523000
17		43	5055.279227000
17		1358	5055.280847000
17		43	5055.340688000
17		43	5055.403001000
17		43	5055.465321000
17		43	5055.527447000
17		43	5055.589511000
17		48	5055.650824000
17		1358	5055.651704000
17		43	5055.712911000
17		1358	5055.724528000
17		43	5055.775153000
17		1358	5055.797026000
17		43	5055.837431000
17		1358	5055.869878000
17		43	5055.898970000
17		1358	5055.942570000
17		1358	5056.009391000
6	0		5056.023126000
6	1420		5056.023632000
6	1420		5056.066871000
17		1358	5056.074403000
17		43	5056.084936000
17		1358	5056.139340000
17		43	5056.146913000
6	1420		5056.153156000
17		1358	5056.205308000
17		43	5056.208774000
6	1420		5056.239566000
17		43	5056.270927000
17		1358	5056.272728000
6	1420		5056.325847000
17		1358	5056.339504000
17		43	5056.394885000
17		1358	5056.404499000
6	1420		5056.412248000
6	0		5056.457075000
6	1420		5056.498575000
17		43	5056.518733000
17		1358	5056.520343000
17		43	5056.581219000
6	1420		5056.584921000
17		1358	5056.586515000
17		43	5056.642744000
17		1358	5056.652972000
6	1420		5056.671311000
17		43	5056.704808000
17		756	5056.719701000
17		43	5056.766707000
17		43	5056.828995000
17		43	5056.891105000
6	0		5057.015559000
6	1420		5057.016117000
6	1420		5057.070114000
17		43	5057.076685000
17		1358	5057.076717000
17		1358	5057.078204000
17		33	5057.103036000
17		43	5057.139599000
17		43	5057.262958000
6	0		5057.325330000
6	1420		5057.325855000
6	1420		5057.379840000
17		48	5057.387243000
17		35	5057.401729000
17		43	5057.511622000
17		43	5057.573431000
6	0		5057.635605000
6	1420		5057.636136000
6	1420		5057.690089000
17		43	5057.758762000
6	0		5057.820734000
6	1420		5057.821258000
17		43	5057.882776000
6	1420		5057.905987000
17		1121	5058.006944000
17		41	5058.007514000
17		145	5058.008364000
17		1353	5058.008389000
17		1358	5058.008394000
17		1358	5058.008398000
17		1358	5058.008403000
17		1358	5058.008407000
17		1358	5058.008411000
17		1358	5058.008415000
17		1358	5058.008419000
17		1358	5058.008424000
17		1358	5058.061821000
6	0		5058.069601000
6	1420		5058.070140000
17		1358	5058.114121000
17		1358	5058.166534000
17		691	5058.192967000
17		41	5058.193002000
17		39	5058.194056000
17		83	5058.211202000
17		33	5058.211236000
17		1358	5058.219193000
6	0		5058.255339000
6	1420		5058.255884000
17		1358	5058.270775000
6	1420		5058.313126000
6	0		5058.379651000
6	1420		5058.427613000
6	0		5058.503797000
6	1420		5058.542123000
17		49	5058.565015000
17		35	5058.578723000
17		43	5058.627307000
17		1358	5058.628712000
6	1420		5058.656656000
6	0		5058.689309000
17		43	5058.689334000
17		1358	5058.716259000
17		43	5058.751087000
6	1420		5058.771168000
17		43	5058.812722000
17		43	5058.875474000
6	1420		5058.885668000
17		43	5058.937581000
17		43	5058.999096000
17		43	5059.061214000
17		43	5059.123488000
17		43	5059.246774000
17		47	5059.309480000
17		43	5059.309511000
17		41	5059.309519000
17		1358	5059.311261000
17		33	5059.335244000
17		43	5059.371031000
17		1358	5059.377689000
6	0		5059.432681000
6	1420		5059.433198000
6	1420		5059.490466000
17		43	5059.495005000
17		1358	5059.497107000
6	0		5059.587130000
6	0		5059.587184000
6	1420		5059.604926000
6	0		5059.619469000
6	0		5059.626577000
6	12		5059.626802000
6	0		5059.666196000
6	12		5059.666243000
6	0		5059.666258000
6	1		5059.666417000
6	4		5059.666431000
6	32		5059.666439000
6	0		5059.666449000
6	0		5059.705764000
6	0		5059.705807000
6	0		5059.705813000
6	0		5059.705818000
6	0		5059.705834000
6	1080		5059.714235000
6	1420		5059.719419000
17		43	5059.742718000
6	0		5059.742744000
6	0		5059.743249000
17		1358	5059.744356000
6	0		5059.804930000
17		1358	5059.811275000
6	1420		5059.833957000
17		43	5059.866726000
17		1358	5059.876530000
17		1358	5059.941756000
6	1420		5059.948513000
6	0		5059.959405000
6	0		5059.990938000
17		1358	5060.007134000
17		43	5060.053204000
6	1420		5060.062955000
17		1358	5060.072944000
17		43	5060.115560000
17		1358	5060.138429000
6	1420		5060.177456000
17		1358	5060.203852000
6	0		5060.238931000
17		43	5060.238970000
17		1358	5060.268187000
6	1420		5060.291979000
17		1358	5060.334315000
6	0		5060.363408000
17		1358	5060.399571000
6	1420		5060.406500000
17		43	5060.425575000
17		1332	5060.464925000
17		48	5060.486822000
17		35	5060.500824000
6	1420		5060.521274000
17		43	5060.610800000
6	1420		5060.635510000
6	0		5060.672706000
17		43	5060.672745000
6	1420		5060.750027000
17		43	5060.797060000
6	0		5060.859480000
6	1420		5060.864506000
17		43	5060.921515000
6	1420		5060.979023000
17		43	5060.982984000
6	1420		5061.093562000
17		43	5061.106640000
17		43	5061.168886000
6	1420		5061.208047000
6	0		5061.231221000
17		43	5061.293440000
6	1420		5061.322575000
17		1120	5061.417087000
17		41	5061.417724000
17		146	5061.419016000
17		1353	5061.419103000
17		1358	5061.419113000
17		1358	5061.419118000
17		1358	5061.419122000
17		1358	5061.419128000
17		1358	5061.419133000
17		1358	5061.419139000
17		1358	5061.419144000
17		1358	5061.419148000
6	1420		5061.437045000
6	0		5061.479294000
17		1358	5061.485819000
17		1358	5061.551574000
6	1420		5061.551616000
6	0		5061.603233000
17		1358	5061.615864000
6	1420		5061.643170000
17		1358	5061.681089000
6	0		5061.727587000
6	1420		5061.734748000
17		1358	5061.748142000
17		1358	5061.812864000
6	1420		5061.826385000
6	0		5061.851703000
17		1358	5061.877998000
17		49	5061.913192000
6	1420		5061.917968000
17		35	5061.927401000
17		1358	5061.943512000
17		43	5061.975417000
6	1420		5062.009602000
17		1358	5062.009769000
6	0		5062.036786000
17		43	5062.036821000
17		1358	5062.074588000
17		43	5062.099132000
6	1420		5062.101187000
17		1358	5062.140244000
17		43	5062.161066000
6	1420		5062.184382000
17		1358	5062.205082000
17		43	5062.222846000
6	1420		5062.267547000
17		1358	5062.271088000
17		43	5062.285510000
17		1358	5062.336918000
17		43	5062.347462000
6	1420		5062.350724000
17		1358	5062.401732000
17		43	5062.409111000
6	1420		5062.433939000
17		1358	5062.467072000
17		43	5062.470770000
6	1420		5062.517111000
17		1358	5062.532418000
17		43	5062.594827000
17		1358	5062.596373000
6	1420		5062.600276000
6	0		5062.656981000
17		1358	5062.663775000
6	1420		5062.683459000
17		43	5062.719103000
17		1358	5062.729211000
17		1358	5062.794656000
17		43	5062.842818000
17		1358	5062.859737000
6	0		5062.905097000
6	1420		5062.905638000
17		43	5062.967558000
17		1358	5062.968673000
6	1420		5062.974913000
17		43	5063.028911000
17		1358	5063.030472000
6	0		5063.049375000
6	0		5063.049438000
1,6			5063.134422000
17		43	5063.152690000
17		1358	5063.154261000
6	0		5063.215079000
6	1420		5063.215591000
17		43	5063.276788000
17		1358	5063.278386000
6	1420		5063.284891000
17		43	5063.401233000
17		1358	5063.402830000
17		43	5063.463183000
17		842	5063.464924000
6	0		5063.525377000
6	1420		5063.525915000
6	1420		5063.577886000
17		43	5063.587621000
17		48	5063.711401000
17		35	5063.725509000
6	0		5063.773593000
17		43	5063.773624000
6	1420		5063.774154000
6	1420		5063.826140000
17		43	5063.834814000
17		43	5063.958762000
6	0		5064.020972000
6	1420		5064.021484000
6	1420		5064.073428000
17		43	5064.083278000
17		43	5064.207078000
17		43	5064.269120000
6	0		5064.331455000
6	1420		5064.331961000
6	0		5064.344772000
6	0		5064.344832000
6	0		5064.370438000
6	41		5064.377621000
6	1420		5064.383960000
17		43	5064.393502000
6	0		5064.402889000
6	0		5064.402955000
6	0		5064.403037000
6	21		5064.403058000
6	0		5064.403066000
6	1080		5064.404159000
6	0		5064.429227000
6	440		5064.430550000
6	0		5064.478213000
6	48		5064.503335000
6	0		5064.503377000
6	280		5064.508360000
17		43	5064.516837000
6	0		5064.533423000
6	16		5064.537398000
6	0		5064.578251000
17		43	5064.578898000
6	52		5064.603380000
6	0		5064.603425000
6	52		5064.603599000
6	100		5064.632779000
17		43	5064.641052000
6	0		5064.647347000
6	41		5064.654560000
6	0		5064.674239000
6	0		5064.703254000
6	1420		5064.703766000
6	1420		5064.755796000
17		43	5064.765404000
17		43	5064.827318000
17		43	5064.889407000
6	0		5064.898952000
6	21		5064.908671000
6	0		5064.908709000
6	1080		5064.909759000
6	0		5064.950729000
6	1420		5064.951260000
6	1420		5065.003267000
17		43	5065.012717000
17		602	5065.075215000
17		39	5065.076250000
17		87	5065.084709000
17		33	5065.084754000
17		43	5065.136846000
6	440		5065.154255000
6	0		5065.198211000
17		1121	5065.199135000
17		41	5065.199768000
17		1358	5065.200572000
17		1358	5065.200608000
17		1358	5065.200614000
17		1358	5065.200619000
17		1358	5065.200624000
17		1358	5065.200629000
17		1358	5065.200635000
17		1358	5065.200642000
17		1358	5065.200647000
17		1358	5065.200653000
6	0		5065.261305000
6	1420		5065.261843000
17		1358	5065.266867000
6	1420		5065.313783000
17		1358	5065.332515000
6	0		5065.385485000
17		1358	5065.397398000
6	1420		5065.417806000
6	48		5065.442634000
6	0		5065.442690000
6	280		5065.447355000
17		1358	5065.463183000
6	0		5065.508721000
6	1420		5065.521756000
17		1358	5065.529508000
17		1358	5065.594114000
6	1420		5065.625728000
6	0		5065.632991000
17		1358	5065.660121000
6	16		5065.699032000
17		1358	5065.724736000
6	1420		5065.729694000
6	0		5065.742228000
6	0		5065.757584000
6	1420		5065.833685000
6	0		5065.881822000
6	1420		5065.937653000
17		47	5065.942713000
17		43	5065.942740000
17		41	5065.942748000
17		33	5065.968451000
6	52		5065.986666000
6	0		5065.986712000
6	52		5065.986815000
17		49	5066.005460000
6	0		5066.005487000
17		1358	5066.007023000
6	1420		5066.041603000
17		43	5066.066904000
17		1358	5066.073286000
17		43	5066.129215000
17		1358	5066.139456000
6	1420		5066.145600000
17		43	5066.190619000
17		1358	5066.204643000
6	100		5066.233274000
6	1420		5066.249550000
17		43	5066.253430000
17		1358	5066.271487000
6	0		5066.274214000
17		43	5066.315180000
17		1358	5066.335862000
6	1420		5066.353510000
17		43	5066.377206000
17		1358	5066.401345000
6	68		5066.424761000
17		43	5066.439390000
6	52		5066.449887000
6	0		5066.449932000
6	0		5066.449954000
6	0		5066.451464000
6	1420		5066.457460000
17		1358	5066.467365000
6	0		5066.476578000
17		43	5066.501377000
17		1358	5066.531719000
17		1358	5066.598082000
17		43	5066.625230000
17		1358	5066.663565000
6	0		5066.686707000
6	1420		5066.687217000
6	0		5066.725657000
6	0		5066.725728000
6	1420		5066.739200000
17		43	5066.748998000
17		1358	5066.750587000
6	0		5066.810943000
17		43	5066.811498000
6	41		5066.816769000
17		1358	5066.816806000
6	0		5066.902137000
6	21		5066.902184000
6	0		5066.902200000
6	1080		5066.903489000
17		43	5066.934789000
17		1358	5066.936197000
6	0		5066.987722000
6	440		5066.987767000
6	0		5066.997565000
17		43	5066.997599000
17		1358	5067.002287000
6	0		5067.030237000
17		43	5067.058918000
17		1358	5067.068589000
6	48		5067.114593000
6	0		5067.114635000
6	280		5067.120461000
17		43	5067.183490000
17		1358	5067.184338000
6	0		5067.204727000
6	16		5067.206669000
17		43	5067.245380000
6	0		5067.250218000
17		1358	5067.251128000
6	0		5067.306800000
6	52		5067.334447000
6	0		5067.334483000
6	52		5067.334646000
6	100		5067.418913000
6	0		5067.430737000
6	0		5067.462228000
17		43	5067.493533000
17		43	5067.616909000
17		43	5067.679179000
6	0		5067.706649000
6	0		5067.706700000
6	0		5067.741744000
6	0		5067.745665000
6	12		5067.745914000
6	0		5067.785015000
6	12		5067.785051000
6	0		5067.785063000
6	1		5067.785280000
6	4		5067.785305000
6	32		5067.785315000
6	0		5067.785329000
17		48	5067.803563000
17		1358	5067.805236000
6	0		5067.824191000
6	0		5067.824265000
6	0		5067.824307000
6	0		5067.824408000
6	0		5067.824428000
17		43	5067.926680000
17		816	5067.928271000
17		43	5067.988985000
6	0		5068.050685000
6	1420		5068.051203000
17		43	5068.113387000
17		43	5068.175670000
17		43	5068.236812000
17		43	5068.299446000
6	0		5068.299477000
6	1420		5068.299974000
17		43	5068.361154000
6	0		5068.485571000
6	1420		5068.486045000
6	1420		5068.538069000
17		43	5068.546660000
17		43	5068.609390000
6	68		5068.632925000
17		43	5068.671520000
17		43	5068.732779000
17		43	5068.794795000
17		43	5068.856842000
6	52		5068.884044000
6	0		5068.884087000
6	0		5068.884107000
6	0		5068.885530000
17		43	5068.919014000
6	68		5068.955857000
17		1040	5068.980694000
17		41	5068.981315000
17		1358	5068.982014000
17		1358	5068.982037000
17		1358	5068.982041000
17		1358	5068.982045000
17		1358	5068.982049000
17		1358	5068.982052000
17		1358	5068.982056000
17		1358	5068.982059000
17		1358	5068.982063000
17		1358	5068.982066000
6	52		5069.040233000
6	0		5069.040283000
6	0		5069.040310000
6	0		5069.041962000
17		1358	5069.062852000
6	0		5069.105473000
6	1420		5069.106004000
6	0		5069.126183000
6	0		5069.129944000
17		1358	5069.142747000
6	1420		5069.157978000
17		1358	5069.221652000
6	0		5069.228893000
17		43	5069.228924000
6	1420		5069.261949000
17		49	5069.290838000
17		35	5069.305254000
17		43	5069.353212000
6	1420		5069.365938000
17		43	5069.415055000
6	1420		5069.469897000
17		43	5069.477294000
17		1358	5069.478915000
17		43	5069.539392000
17		1358	5069.541135000
6	1420		5069.573871000
17		43	5069.600712000
17		1358	5069.621953000
17		43	5069.663372000
6	1420		5069.677808000
17		1358	5069.703272000
17		43	5069.725394000
17		1358	5069.781757000
6	1420		5069.781809000
17		43	5069.786635000
17		43	5069.848947000
17		1358	5069.861974000
6	1420		5069.885798000
17		1358	5069.940287000
17		43	5069.972974000
6	1420		5069.989712000
17		1358	5070.020107000
6	0		5070.034784000
6	1420		5070.093708000
17		43	5070.097421000
17		1358	5070.099434000
17		1358	5070.176283000
6	1420		5070.197643000
6	0		5070.220881000
17		1358	5070.255944000
6	1420		5070.301633000
17		43	5070.345330000
17		1358	5070.346927000
6	1420		5070.405606000
17		43	5070.407380000
6	0		5070.407416000
17		1358	5070.426675000
6	1420		5070.509603000
17		43	5070.530992000
17		1358	5070.532583000
6	0		5070.593281000
6	1420		5070.613554000
17		43	5070.655026000
17		1358	5070.656616000
6	1420		5070.717509000
17		1358	5070.736721000
17		43	5070.779044000
17		1358	5070.814519000
6	1420		5070.821487000
6	0		5070.841268000
17		43	5070.902676000
17		1358	5070.904254000
6	1420		5070.925451000
17		43	5071.026761000
17		1358	5071.028289000
6	1420		5071.029424000
6	0		5071.089045000
6	1420		5071.133433000
17		43	5071.151116000
17		1358	5071.152682000
17		48	5071.212941000
17		35	5071.227430000
6	1420		5071.237371000
17		1358	5071.258216000
17		43	5071.336825000
6	1420		5071.341293000
17		1358	5071.363694000
6	0		5071.399236000
6	1420		5071.445285000
17		43	5071.460924000
17		1358	5071.468915000
6	1420		5071.549255000
17		43	5071.585010000
17		1358	5071.586877000
6	0		5071.646851000
6	1420		5071.653219000
17		43	5071.709040000
17		1358	5071.710602000
6	1420		5071.757159000
17		43	5071.771473000
17		1358	5071.789619000
6	0		5071.832678000
6	1420		5071.840336000
17		43	5071.894850000
17		1358	5071.896600000
6	1420		5071.923553000
17		43	5071.957422000
17		1358	5071.976227000
6	1420		5072.006708000
17		43	5072.081056000
17		1358	5072.082713000
6	1420		5072.089898000
6	0		5072.143438000
6	1420		5072.173084000
17		43	5072.205185000
17		1358	5072.206113000
6	1420		5072.256223000
6	0		5072.329667000
6	1420		5072.339404000
17		43	5072.390660000
17		1358	5072.392277000
6	1420		5072.422609000
6	1420		5072.505770000
17		43	5072.515089000
17		1358	5072.516660000
6	0		5072.577245000
6	1420		5072.588967000
17		43	5072.638949000
17		1358	5072.640393000
17		43	5072.762972000
17		1358	5072.765011000
6	0		5072.825134000
6	1420		5072.825671000
17		43	5072.887277000
17		1358	5072.888875000
6	1420		5072.894964000
6	0		5073.010874000
17		43	5073.010910000
17		1358	5073.012539000
6	1420		5073.033656000
17		43	5073.073334000
17		731	5073.092474000
6	1420		5073.172255000
17		43	5073.196815000
6	0		5073.258681000
6	1420		5073.310878000
17		43	5073.320658000
17		43	5073.445266000
6	1420		5073.449502000
6	0		5073.502247000
6	0		5073.502314000
6	0		5073.507580000
6	1420		5073.588139000
17		48	5073.631038000
17		35	5073.644706000
6	1420		5073.692110000
6	0		5073.693513000
6	1420		5073.796106000
17		43	5073.826256000
6	0		5073.879456000
6	1420		5073.900024000
17		43	5074.003229000
6	1420		5074.003991000
6	0		5074.064755000
6	1420		5074.107972000
17		43	5074.127221000
17		43	5074.189235000
6	1420		5074.211932000
17		43	5074.251477000
6	0		5074.312721000
6	1420		5074.315940000
17		43	5074.375425000
17		1111	5074.375460000
17		34	5074.376130000
17		1358	5074.376821000
17		1358	5074.456236000
17		43	5074.499338000
6	0		5074.500012000
6	0		5074.500046000
17		1358	5074.536204000
6	0		5074.560801000
17		1358	5074.614366000
6	0		5074.684910000
17		1358	5074.693522000
6	0		5074.760674000
6	15		5074.760745000
6	41		5074.768095000
17		1358	5074.771986000
6	0		5074.809049000
17		1358	5074.851109000
17		1358	5074.929085000
6	0		5074.933623000
17		1358	5075.007174000
6	0		5075.028677000
6	0		5075.056696000
17		670	5075.056726000
6	1420		5075.057302000
17		39	5075.057721000
17		87	5075.066076000
17		33	5075.066147000
17		1358	5075.086885000
6	1420		5075.110612000
17		1358	5075.165497000
6	0		5075.181519000
6	1420		5075.213286000
17		49	5075.242758000
17		1358	5075.244426000
17		43	5075.305351000
6	1420		5075.317244000
17		1358	5075.324431000
17		43	5075.367511000
17		1358	5075.404320000
17		43	5075.428809000
17		1358	5075.482549000
17		43	5075.491362000
17		43	5075.553561000
17		1358	5075.561745000
17		43	5075.615526000
17		1358	5075.640243000
17		43	5075.677357000
17		1358	5075.719323000
17		47	5075.738703000
17		41	5075.738726000
17		33	5075.764520000
17		1358	5075.797601000
17		43	5075.800972000
6	0		5075.826425000
6	0		5075.826498000
6	0		5075.863269000
6	1420		5075.863802000
6	0		5075.865735000
6	12		5075.866055000
17		1358	5075.876923000
6	0		5075.905282000
6	12		5075.905339000
6	0		5075.905353000
6	1		5075.909828000
6	4		5075.909869000
6	32		5075.909881000
6	0		5075.909893000
6	1420		5075.915798000
17		43	5075.924661000
6	0		5075.949101000
6	0		5075.949152000
6	0		5075.949159000
6	0		5075.949207000
6	0		5075.949225000
17		1358	5075.955024000
6	1420		5076.019849000
17		1358	5076.034201000
17		43	5076.049077000
6	0		5076.110849000
17		1358	5076.112598000
6	1420		5076.123675000
17		43	5076.172905000
17		1358	5076.174736000
6	1420		5076.227711000
17		43	5076.235494000
17		1358	5076.239126000
17		43	5076.297441000
17		1358	5076.303229000
6	1420		5076.331701000
17		43	5076.360481000
17		1358	5076.408762000
17		43	5076.420791000
6	1420		5076.435614000
17		43	5076.483464000
17		1358	5076.514358000
6	1420		5076.539594000
17		43	5076.607088000
17		1358	5076.619399000
6	1420		5076.643526000
6	0		5076.669294000
17		1358	5076.698709000
17		43	5076.731210000
6	1420		5076.747539000
17		1358	5076.777261000
6	1420		5076.851475000
17		43	5076.854689000
17		1358	5076.856301000
6	0		5076.916917000
17		48	5076.916953000
17		35	5076.931013000
17		1358	5076.934824000
6	1420		5076.955458000
17		1358	5077.012737000
17		43	5077.040965000
6	1420		5077.059421000
17		1358	5077.092612000
6	0		5077.103162000
6	1420		5077.163386000
17		43	5077.165121000
17		1358	5077.172541000
17		43	5077.226885000
17		1358	5077.251850000
6	1420		5077.267387000
17		43	5077.350926000
17		1358	5077.352548000
6	1420		5077.371425000
6	0		5077.413347000
17		43	5077.413375000
17		1358	5077.432233000
6	1420		5077.475295000
17		43	5077.537606000
17		1358	5077.538485000
6	856		5077.552089000
6	1420		5077.579243000
6	0		5077.598946000
17		43	5077.661622000
17		1358	5077.662922000
6	1420		5077.683277000
6	1420		5077.766438000
17		43	5077.784882000
17		1358	5077.787273000
6	0		5077.847104000
6	1420		5077.849578000
17		43	5077.909592000
17		1358	5077.911244000
6	1420		5077.932834000
17		43	5077.970899000
17		1358	5077.991368000
6	1420		5078.015954000
17		43	5078.095338000
17		1358	5078.097660000
6	1420		5078.099124000
6	0		5078.157590000
6	1420		5078.182292000
17		43	5078.218844000
17		1358	5078.219966000
6	1420		5078.265498000
17		43	5078.343020000
17		1358	5078.343832000
6	1420		5078.348673000
17		43	5078.405028000
17		1358	5078.406682000
6	0		5078.467448000
6	1420		5078.489887000
17		43	5078.529656000
17		1358	5078.531307000
17		43	5078.591372000
17		1358	5078.594466000
6	1420		5078.631139000
6	0		5078.652870000
17		43	5078.715680000
17		1358	5078.717343000
6	1420		5078.772323000
17		43	5078.838801000
17		1358	5078.840092000
6	0		5078.901201000
6	1420		5078.913598000
17		43	5079.025208000
17		1358	5079.026841000
6	1420		5079.054764000
6	0		5079.087372000
17		48	5079.149240000
17		776	5079.149272000
17		1358	5079.150021000
17		39	5079.150398000
6	1420		5079.160709000
17		117	5079.162781000
17		230	5079.162828000
6	1420		5079.266647000
17		43	5079.273019000
6	0		5079.335221000
6	1420		5079.372538000
17		43	5079.397662000
6	1420		5079.478453000
6	0		5079.521456000
6	1420		5079.584429000
17		43	5079.585684000
6	1420		5079.690282000
17		43	5079.706968000
6	0		5079.768741000
17		43	5079.768771000
6	1420		5079.796248000
17		43	5079.892997000
6	1420		5079.902156000
17		43	5079.955495000
6	0		5079.955536000
17		1358	5079.957119000
6	1420		5080.008060000
6	24		5080.033032000
17		43	5080.079654000
17		1358	5080.081257000
6	1420		5080.114016000
6	0		5080.140870000
17		43	5080.203487000
17		1358	5080.205201000
6	1420		5080.219924000
6	1420		5080.325852000
17		43	5080.326877000
17		1358	5080.328712000
6	0		5080.389485000
6	1420		5080.431752000
17		43	5080.450731000
17		41	5080.450765000
17		1358	5080.452327000
17		47	5080.512850000
17		41	5080.512884000
17		1358	5080.531926000
6	1420		5080.537753000
17		33	5080.544373000
6	0		5080.575070000
17		1358	5080.610776000
6	1420		5080.643637000
17		1358	5080.689499000
6	0		5080.699358000
6	1420		5080.749587000
17		1358	5080.768350000
6	0		5080.823138000
17		1358	5080.847340000
6	1420		5080.855459000
17		1358	5080.926141000
6	0		5080.947107000
6	1420		5080.961391000
17		1358	5081.004548000
17		43	5081.009535000
6	1420		5081.067345000
17		1358	5081.083167000
17		43	5081.133501000
6	0		5081.133537000
17		1358	5081.162667000
6	1420		5081.172557000
17		1358	5081.241791000
17		43	5081.256829000
6	1420		5081.277863000
6	0		5081.319202000
17		1358	5081.320084000
6	24		5081.339981000
6	0		5081.340020000
6	1420		5081.383093000
17		1358	5081.399569000
17		43	5081.442937000
17		1358	5081.477263000
6	1420		5081.488335000
6	0		5081.505168000
17		1358	5081.556588000
17		43	5081.566907000
6	1420		5081.593609000
17		1358	5081.634943000
17		43	5081.691021000
6	1420		5081.698862000
17		1358	5081.714108000
6	0		5081.753479000
17		1358	5081.792649000
6	1420		5081.804166000
17		43	5081.815638000
17		1358	5081.872299000
6	1420		5081.908752000
6	871		5081.915893000
6	0		5081.915942000
6	1080		5081.917001000
6	0		5081.918352000
17		43	5081.938767000
17		1358	5081.949868000
17		48	5082.001140000
17		35	5082.015338000
17		1358	5082.028514000
6	0		5082.063417000
17		1358	5082.107412000
17		43	5082.124915000
6	0		5082.178757000
17		1358	5082.186372000
17		43	5082.248805000
17		1358	5082.265686000
6	0		5082.310985000
17		1358	5082.343647000
17		43	5082.373054000
17		1358	5082.423291000
17		43	5082.435120000
17		1358	5082.501129000
17		43	5082.558876000
17		1358	5082.579905000
6	0		5082.621733000
17		1358	5082.658547000
17		43	5082.683245000
17		1358	5082.738316000
17		43	5082.745231000
17		43	5082.806905000
17		1358	5082.815832000
6	0		5082.869134000
17		1358	5082.896085000
17		43	5082.931385000
17		1358	5082.973272000
17		1358	5083.053599000
17		43	5083.054943000
6	0		5083.117149000
6	1420		5083.117665000
17		1358	5083.131288000
6	1420		5083.167533000
17		43	5083.179490000
17		1358	5083.210230000
17		43	5083.240956000
17		1358	5083.290191000
17		43	5083.365654000
17		1358	5083.367173000
6	0		5083.426892000
6	1420		5083.427432000
17		1358	5083.446891000
6	1420		5083.477276000
17		43	5083.488921000
17		1358	5083.525145000
17		43	5083.551340000
17		1358	5083.604795000
17		43	5083.612662000
6	0		5083.649186000
6	0		5083.649247000
17		43	5083.675599000
17		1358	5083.683719000
17		43	5083.737546000
17		1358	5083.762481000
17		43	5083.799417000
6	0		5083.810704000
6	41		5083.816957000
17		1358	5083.825390000
17		48	5083.861110000
17		35	5083.874725000
17		1358	5083.888968000
17		43	5083.922774000
17		1358	5083.951562000
6	0		5083.979210000
6	21		5083.979408000
6	0		5083.979421000
6	1080		5083.980511000
17		43	5083.985278000
17		1358	5084.015094000
17		43	5084.047012000
17		1358	5084.078741000
17		43	5084.109617000
17		1358	5084.140760000
6	440		5084.141990000
17		43	5084.171323000
6	0		5084.182236000
17		1358	5084.204271000
17		43	5084.233378000
17		1358	5084.266491000
17		43	5084.294842000
17		1358	5084.329531000
6	48		5084.343740000
6	0		5084.343785000
6	280		5084.349513000
17		1358	5084.393072000
17		43	5084.419411000
17		1358	5084.456108000
6	0		5084.481603000
6	1420		5084.482213000
6	16		5084.516488000
17		1358	5084.519404000
6	1420		5084.532066000
17		43	5084.543558000
6	0		5084.558218000
17		1358	5084.581912000
17		43	5084.605448000
6	1420		5084.631771000
17		1358	5084.645401000
17		1358	5084.707068000
6	52		5084.719600000
6	0		5084.719639000
6	52		5084.719748000
17		43	5084.729059000
6	1420		5084.731464000
17		1358	5084.771342000
6	0		5084.791641000
6	1420		5084.831156000
17		1358	5084.832918000
17		43	5084.852880000
6	84		5084.880110000
17		1358	5084.896770000
17		43	5084.915499000
6	0		5084.922209000
6	1420		5084.930811000
17		43	5084.977180000
17		1358	5085.000611000
6	1420		5085.030535000
17		43	5085.039339000
17		43	5085.101008000
17		1358	5085.106803000
6	1420		5085.130201000
17		43	5085.163099000
17		1358	5085.210306000
17		43	5085.225416000
6	1420		5085.229874000
17		43	5085.286873000
17		1358	5085.313477000
6	1420		5085.329614000
17		48	5085.349268000
17		35	5085.363801000
17		43	5085.411190000
17		1358	5085.412882000
6	1420		5085.429313000
17		43	5085.473268000
17		1358	5085.509617000
6	1420		5085.528968000
17		43	5085.534663000
6	0		5085.553778000
6	0		5085.553837000
17		43	5085.596696000
17		1358	5085.605957000
6	1420		5085.628696000
17		43	5085.658751000
17		1358	5085.676258000
6	1420		5085.728357000
17		1358	5085.746896000
17		43	5085.783243000
17		1358	5085.816242000
6	1420		5085.828092000
6	0		5085.845455000
17		1358	5085.885196000
17		43	5085.906794000
6	1420		5085.927729000
17		1358	5085.954017000
17		1358	5086.024255000
6	1420		5086.027426000
17		43	5086.031581000
17		43	5086.093149000
17		1358	5086.093165000
6	1420		5086.127133000
6	0		5086.155385000
17		1358	5086.163582000
17		43	5086.216871000
6	1420		5086.226780000
17		1358	5086.232114000
17		43	5086.279598000
17		1358	5086.301872000
6	1420		5086.326495000
17		43	5086.340820000
17		1358	5086.370958000
6	0		5086.403042000
6	1420		5086.426231000
17		1358	5086.440687000
17		43	5086.464714000
17		1358	5086.509933000
6	1420		5086.525884000
6	0		5086.562248000
17		1358	5086.579718000
17		43	5086.589099000
6	1420		5086.625587000
17		1358	5086.649059000
6	0		5086.651301000
17		43	5086.712809000
17		1358	5086.718349000
6	1420		5086.725253000
17		1358	5086.787997000
6	1420		5086.824955000
17		43	5086.836936000
17		1358	5086.857777000
6	0		5086.899419000
6	1420		5086.924641000
17		1358	5086.926417000
17		43	5086.961496000
17		1358	5086.995847000
6	1420		5087.024308000
17		1358	5087.065632000
6	68		5087.084344000
17		43	5087.085071000
6	1420		5087.124024000
17		1358	5087.135025000
6	0		5087.147305000
17		1358	5087.204122000
17		43	5087.209505000
6	1420		5087.223699000
6	52		5087.244535000
6	0		5087.244591000
6	0		5087.244710000
6	0		5087.246215000
17		1358	5087.273097000
6	1420		5087.323381000
17		48	5087.332726000
17		1358	5087.343502000
6	0		5087.394864000
6	0		5087.407886000
17		1358	5087.412051000
6	1420		5087.423070000
17		43	5087.456939000
17		1358	5087.482083000
6	1420		5087.522775000
17		1358	5087.550729000
17		43	5087.580768000
17		1358	5087.621118000
6	1420		5087.622541000
6	0		5087.643156000
17		1358	5087.689988000
17		43	5087.705069000
6	1420		5087.722193000
17		1358	5087.760105000
17		43	5087.767417000
6	1420		5087.821851000
17		1358	5087.829507000
17		43	5087.891111000
17		1358	5087.899341000
6	1420		5087.921570000
6	0		5087.953393000
17		1358	5087.967654000
17		43	5088.015107000
6	1420		5088.021248000
17		1358	5088.037398000
17		1358	5088.106602000
6	1420		5088.120927000
17		43	5088.138834000
17		1358	5088.175821000
17		43	5088.201163000
6	1420		5088.220637000
17		1358	5088.245993000
6	0		5088.263336000
17		1358	5088.314196000
6	1420		5088.320311000
17		43	5088.324741000
17		1358	5088.384413000
6	1420		5088.420033000
17		43	5088.448796000
17		1358	5088.453465000
6	0		5088.511500000
17		43	5088.511526000
6	1420		5088.519696000
17		1358	5088.523787000
17		43	5088.573250000
6	0		5088.578235000
17		1358	5088.592000000
6	1420		5088.619382000
17		1358	5088.662448000
17		43	5088.696859000
6	0		5088.697643000
6	41		5088.703853000
6	1420		5088.719065000
17		1358	5088.731277000
17		43	5088.758819000
17		1358	5088.800567000
6	1420		5088.818763000
6	0		5088.820777000
6	0		5088.824280000
6	21		5088.836369000
6	0		5088.836408000
6	1080		5088.837513000
17		1358	5088.869618000
17		43	5088.883027000
6	1420		5088.918465000
17		1358	5088.939605000
6	440		5088.994091000
17		43	5089.006986000
17		1358	5089.008900000
6	1420		5089.018169000
6	0		5089.034239000
6	0		5089.069156000
17		41	5089.069187000
17		37	5089.070635000
17		1358	5089.079212000
6	1420		5089.117836000
17		43	5089.131591000
17		1358	5089.147481000
6	48		5089.184265000
6	0		5089.184310000
6	280		5089.188782000
17		43	5089.193342000
17		1358	5089.217010000
6	1420		5089.217546000
17		1358	5089.287111000
6	1420		5089.297315000
17		43	5089.317510000
17		1358	5089.355309000
6	1420		5089.377039000
6	0		5089.378836000
17		1358	5089.425034000
17		43	5089.441369000
6	1420		5089.456798000
17		1358	5089.494376000
17		43	5089.503430000
6	1420		5089.536561000
17		1358	5089.564907000
17		43	5089.564925000
6	1420		5089.616298000
6	0		5089.627111000
17		1358	5089.633873000
17		43	5089.688665000
17		1358	5089.702978000
17		43	5089.751496000
17		1358	5089.771851000
17		1358	5089.841997000
17		43	5089.875194000
17		1358	5089.911655000
6	0		5089.937441000
17		43	5089.999161000
17		1358	5090.000230000
17		43	5090.061621000
17		1358	5090.070861000
17		43	5090.185355000
17		1358	5090.187214000
6	0		5090.247518000
17		43	5090.309548000
17		1358	5090.310838000
17		43	5090.433217000
17		1358	5090.434834000
17		43	5090.495208000
17		1358	5090.504627000
6	0		5090.557382000
17		43	5090.619070000
17		1358	5090.620225000
17		43	5090.681425000
17		1358	5090.689884000
17		43	5090.743225000
17		1358	5090.760232000
6	0		5090.805402000
17		43	5090.867548000
17		1358	5090.869317000
17		48	5090.990628000
17		1358	5090.992137000
6	68		5091.041235000
6	52		5091.041381000
17		43	5091.052729000
17		1358	5091.062831000
6	0		5091.114663000
17		43	5091.177119000
17		1358	5091.179041000
6	100		5091.188797000
6	0		5091.230233000
17		43	5091.301267000
17		1358	5091.302899000
6	0		5091.362709000
17		43	5091.425252000
17		1358	5091.426246000
17		43	5091.487555000
17		1358	5091.496341000
17		43	5091.610766000
6	0		5091.673038000
17		43	5091.673075000
17		43	5091.735106000
17		43	5091.858651000
6	0		5091.921096000
6	0		5091.951124000
6	0		5091.951178000
17		43	5091.983016000
6	0		5091.990539000
6	12		5091.990800000
6	0		5092.029758000
6	12		5092.029792000
6	0		5092.029806000
6	1		5092.029963000
6	4		5092.029982000
6	32		5092.029991000
6	0		5092.030002000
17		43	5092.045221000
6	0		5092.069220000
6	0		5092.069266000
6	0		5092.069273000
6	0		5092.069277000
6	0		5092.069294000
17		43	5092.169452000
6	0		5092.231139000
17		43	5092.292911000
17		43	5092.354961000
17		43	5092.479446000
6	0		5092.541624000
6	1420		5092.542136000
6	1420		5092.591985000
17		43	5092.602808000
6	68		5092.684607000
17		43	5092.726867000
6	0		5092.788635000
17		43	5092.788662000
6	1420		5092.789140000
6	52		5092.834597000
6	0		5092.834648000
6	0		5092.836048000
6	0		5092.836282000
6	1420		5092.838972000
17		43	5092.913369000
6	0		5092.974779000
6	1420		5092.975318000
17		48	5093.037394000
6	1420		5093.038342000
17		35	5093.051365000
17		43	5093.098854000
17		43	5093.160786000
17		43	5093.222786000
17		43	5093.284915000
17		43	5093.347571000
17		43	5093.409309000
17		43	5093.471435000
17		43	5093.533720000
17		43	5093.594740000
17		43	5093.656978000
17		43	5093.718996000
17		43	5093.781347000
17		43	5093.843177000
17		43	5093.904814000
17		43	5093.967332000
17		1358	5093.968783000
17		43	5094.029026000
17		1358	5094.039434000
17		43	5094.091061000
17		1358	5094.110049000
17		43	5094.152972000
17		1358	5094.179679000
17		43	5094.215470000
17		1358	5094.250452000
6	0		5094.339023000
6	1420		5094.339560000
6	1420		5094.389387000
6	0		5094.462879000
6	1420		5094.489091000
6	0		5094.586633000
6	1420		5094.588817000
17		48	5094.649796000
17		598	5094.651457000
6	1420		5094.688495000
17		43	5094.711279000
17		43	5094.772717000
6	1420		5094.788181000
17		43	5094.834814000
6	1420		5094.887867000
6	0		5094.959397000
6	1420		5094.987595000
6	0		5095.083128000
6	1420		5095.087232000
17		1041	5095.144921000
17		41	5095.145612000
17		145	5095.146542000
17		1353	5095.146565000
17		1358	5095.146568000
17		1358	5095.146597000
17		1358	5095.146603000
17		1358	5095.146606000
17		1358	5095.146609000
17		1358	5095.146613000
17		1358	5095.146616000
17		1358	5095.146619000
6	1420		5095.186924000
6	0		5095.207101000
17		1358	5095.217142000
17		1358	5095.286633000
6	1420		5095.286673000
6	0		5095.330692000
17		1358	5095.356998000
6	1420		5095.386336000
17		43	5095.393510000
17		49	5095.456790000
6	0		5095.456823000
17		35	5095.471178000
6	1420		5095.486011000
17		43	5095.516910000
17		1358	5095.518537000
17		1358	5095.518575000
17		43	5095.579553000
17		1358	5095.580734000
6	1420		5095.585756000
17		43	5095.641221000
17		1358	5095.650679000
6	1420		5095.685399000
17		43	5095.703464000
17		1358	5095.720632000
17		43	5095.765290000
6	1420		5095.785112000
17		1358	5095.790181000
17		43	5095.827432000
17		1358	5095.860838000
6	1420		5095.884781000
17		43	5095.888717000
17		1358	5095.931508000
17		43	5095.951288000
17		1358	5096.002328000
17		43	5096.075092000
17		1358	5096.076786000
17		43	5096.137116000
17		1358	5096.147212000
6	0		5096.199325000
6	1420		5096.199840000
6	1420		5096.239710000
17		43	5096.260885000
17		1358	5096.262295000
6	1420		5096.319469000
6	0		5096.385316000
17		43	5096.385351000
17		1358	5096.386944000
6	1420		5096.399221000
17		43	5096.447462000
17		1358	5096.456895000
6	1420		5096.478992000
17		43	5096.508812000
17		1358	5096.527448000
6	1420		5096.558707000
17		43	5096.633172000
17		1358	5096.634626000
6	0		5096.695447000
17		43	5096.757321000
17		1358	5096.759261000
6	0		5096.834231000
17		43	5096.881100000
17		1358	5096.882676000
17		43	5096.943027000
17		1358	5096.944561000
6	0		5097.005502000
6	1420		5097.006072000
17		43	5097.066812000
17		714	5097.066838000
17		1358	5097.068333000
17		39	5097.068602000
6	1420		5097.072602000
17		83	5097.076823000
17		33	5097.076863000
17		48	5097.129448000
17		35	5097.142601000
17		1358	5097.161478000
17		43	5097.191142000
17		43	5097.252855000
17		1358	5097.253696000
17		1358	5097.347010000
6	0		5097.376962000
17		43	5097.376990000
6	1420		5097.377502000
6	1420		5097.427350000
17		1358	5097.440074000
17		43	5097.500690000
17		1358	5097.510339000
6	0		5097.563486000
6	1420		5097.564001000
17		43	5097.624629000
17		1358	5097.625344000
6	1420		5097.626693000
17		43	5097.748985000
17		1358	5097.750389000
6	0		5097.811295000
6	1420		5097.811771000
6	1420		5097.861645000
17		43	5097.873608000
17		1358	5097.874220000
17		43	5097.935089000
17		1358	5097.944186000
17		43	5097.997537000
17		1358	5098.014842000
17		43	5098.058687000
17		1358	5098.085130000
17		43	5098.182984000
17		41	5098.183010000
17		1358	5098.184485000
6	0		5098.245485000
17		47	5098.245514000
17		41	5098.245527000
6	1420		5098.245987000
17		33	5098.271341000
6	1420		5098.295865000
17		43	5098.307151000
17		1358	5098.308665000
17		43	5098.369053000
17		1358	5098.378861000
17		43	5098.431074000
17		1358	5098.448693000
6	0		5098.555167000
6	1420		5098.555643000
6	1420		5098.605492000
17		43	5098.617322000
17		1358	5098.618835000
6	0		5098.674517000
6	0		5098.674577000
17		1358	5098.689425000
17		43	5098.740763000
17		1358	5098.758149000
6	0		5098.802983000
6	1420		5098.803512000
6	1420		5098.853346000
17		43	5098.864805000
17		1358	5098.866368000
6	0		5098.988815000
6	1420		5098.989302000
17		43	5099.050805000
17		1358	5099.052491000
6	1420		5099.052722000
17		43	5099.112943000
17		1358	5099.122853000
17		48	5099.175103000
17		35	5099.189357000
17		1358	5099.193524000
17		43	5099.237094000
17		1358	5099.263955000
17		43	5099.298922000
17		1358	5099.333987000
6	0		5099.423508000
6	1420		5099.423987000
6	1420		5099.473836000
17		43	5099.484668000
17		1358	5099.486449000
17		43	5099.547135000
17		1358	5099.548739000
17		43	5099.609310000
17		1358	5099.610861000
6	0		5099.733479000
17		43	5099.733513000
17		1358	5099.735477000
17		43	5099.795411000
17		1358	5099.829200000
17		43	5099.857329000
17		1358	5099.922250000
6	0		5099.980804000
6	1420		5099.981309000
17		43	5100.043085000
17		1358	5100.044741000
6	1420		5100.047511000
17		43	5100.166758000
17		1358	5100.168853000
6	0		5100.229716000
6	1420		5100.230231000
17		43	5100.290721000
17		1358	5100.292668000
6	1420		5100.312309000
17		43	5100.353586000
17		1358	5100.363182000
17		43	5100.414919000
17		1358	5100.433101000
17		43	5100.477600000
17		1358	5100.503500000
6	0		5100.601021000
17		43	5100.663291000
17		1358	5100.664923000
17		43	5100.725616000
17		1358	5100.735251000
17		43	5100.787333000
17		1358	5100.804981000
17		43	5100.848767000
17		1358	5100.883676000
17		43	5100.911280000
17		1358	5100.962275000
17		48	5101.034808000
17		1358	5101.040514000
6	0		5101.097135000
6	1420		5101.097705000
17		43	5101.159070000
17		1358	5101.159893000
6	1420		5101.163902000
17		43	5101.283404000
17		1358	5101.285058000
6	0		5101.345695000
6	1420		5101.346240000
17		43	5101.406769000
17		1358	5101.408326000
6	1420		5101.428715000
17		43	5101.593920000
17		1358	5101.595460000
17		1358	5101.673439000
17		43	5101.781341000
17		1358	5101.782967000
17		43	5101.968250000
17		1358	5101.969819000
17		1358	5102.032204000
17		43	5102.155629000
17		1358	5102.156400000
17		43	5102.343037000
17		1358	5102.344688000
17		43	5102.528949000
17		1358	5102.530683000
17		43	5102.903488000
6	0		5102.903520000
6	1420		5102.904032000
17		1358	5102.904802000
6	1420		5102.970221000
6	1420		5103.102599000
17		43	5103.277031000
17		1358	5103.278423000
6	0		5103.464412000
6	1420		5103.464927000
6	1420		5103.531113000
17		43	5103.651014000
17		1358	5103.652322000
17		43	5104.025089000
17		1358	5104.026851000
17		43	5104.212545000
6	0		5104.212577000
6	1420		5104.213048000
17		1358	5104.213555000
6	1420		5104.266005000
17		43	5104.399344000
17		1358	5104.401340000
17		43	5104.586667000
17		1358	5104.588622000
17		1358	5104.666661000
6	0		5104.770246000
17		43	5104.772802000
17		1358	5104.773487000
17		43	5104.960027000
17		1358	5104.960767000
17		43	5105.147131000
17		771	5105.147160000
17		39	5105.148091000
17		1358	5105.148723000
17		87	5105.156860000
17		33	5105.156896000
6	0		5105.334600000
6	0		5105.335102000
17		48	5105.521444000
17		35	5105.535703000
6	0		5105.707786000
6	1420		5105.708320000
6	1420		5105.796614000
6	1420		5105.973129000
17		43	5106.082257000
6	1420		5106.149688000
6	0		5106.268918000
6	1420		5106.326188000
6	1420		5106.502720000
17		43	5106.643765000
6	1420		5106.679258000
17		43	5106.830501000
17		771	5106.830525000
6	0		5106.830539000
17		34	5106.831181000
6	1420		5106.855784000
17		33	5106.933900000
6	1420		5107.032311000
6	1420		5107.164725000
17		43	5107.204232000
6	0		5107.391702000
6	1420		5107.392186000
6	1420		5107.458385000
17		43	5107.577874000
17		41	5107.577909000
17		37	5107.579157000
6	1420		5107.590781000
6	1420		5107.723190000
17		43	5107.765132000
17		1358	5107.766887000
17		1358	5107.844696000
17		43	5107.952643000
17		1358	5107.953708000
17		1358	5108.016117000
6	0		5108.071098000
6	0		5108.071163000
17		1358	5108.078848000
6	0		5108.110490000
6	12		5108.110710000
17		43	5108.139811000
17		41	5108.139837000
17		1358	5108.141396000
6	0		5108.149607000
6	12		5108.149648000
6	0		5108.149661000
6	1		5108.149904000
6	4		5108.149931000
6	32		5108.149943000
6	0		5108.149963000
6	0		5108.188867000
6	0		5108.188940000
6	0		5108.188947000
6	0		5108.188959000
6	0		5108.188974000
17		1358	5108.203181000
17		1358	5108.264476000
17		47	5108.326280000
17		43	5108.326306000
17		41	5108.326313000
17		1358	5108.326320000
17		34	5108.326911000
17		1358	5108.388173000
17		1358	5108.449522000
17		1358	5108.512129000
17		1358	5108.574160000
17		1358	5108.636762000
6	0		5108.701037000
6	0		5108.980725000
6	0		5108.980785000
6	0		5109.074821000
6	0		5109.201952000
6	22		5109.202804000
6	0		5109.202845000
6	41		5109.209882000
6	0		5109.430893000
6	1080		5109.430955000
6	976		5109.433001000
6	0		5109.448265000
6	0		5109.474250000
6	0		5109.692093000
6	0		5109.822238000
17		42	5109.822267000
6	0		5110.196603000
6	48		5110.208489000
6	0		5110.208534000
6	388		5110.214144000
6	0		5110.435839000
6	0		5110.570267000
6	1420		5110.570828000
6	0		5110.583011000
6	0		5110.583051000
6	1420		5110.637025000
6	0		5110.944737000
6	1420		5110.945256000
6	1420		5111.011438000
17		43	5111.130987000
17		1358	5111.132259000
17		1303	5111.194482000
17		43	5111.318213000
17		41	5111.318247000
17		34	5111.319327000
6	16		5111.352809000
6	0		5111.394238000
17		43	5111.505082000
17		43	5111.691731000
17		43	5111.878996000
17		43	5112.066160000
17		43	5112.253556000
17		43	5112.439771000
17		43	5112.626971000
17		43	5112.814393000
17		43	5113.000855000
17		1113	5113.000880000
17		34	5113.001497000
17		33	5113.001645000
17		147	5113.002132000
17		1358	5113.010168000
17		1358	5113.073643000
17		1358	5113.134696000
17		43	5113.187873000
17		1358	5113.197184000
17		1358	5113.258258000
17		1358	5113.320875000
6	0		5113.322688000
6	0		5113.322745000
17		43	5113.375078000
17		1358	5113.382340000
17		1358	5113.444949000
17		1358	5113.506102000
6	0		5113.562452000
6	1420		5113.562945000
17		1358	5113.568680000
6	1420		5113.629149000
17		1358	5113.630432000
17		1358	5113.692465000
6	0		5113.741078000
6	0		5113.741148000
6	0		5113.748823000
17		1358	5113.754376000
6	1420		5113.761543000
17		1358	5113.816675000
17		1358	5113.878077000
6	1420		5113.893999000
6	0		5113.928728000
6	41		5113.936629000
6	0		5113.936862000
17		1358	5113.941275000
17		1358	5114.001908000
6	1420		5114.026386000
17		1358	5114.064216000
6	52		5114.079649000
6	0		5114.079694000
6	52		5114.079800000
6	0		5114.123246000
6	0		5114.124189000
17		1358	5114.126401000
6	21		5114.131847000
6	0		5114.131887000
6	1080		5114.133119000
6	1420		5114.158770000
17		1358	5114.187668000
17		1358	5114.249979000
6	1420		5114.291201000
6	0		5114.301635000
6	84		5114.303725000
17		43	5114.311088000
17		1358	5114.312721000
6	440		5114.327262000
6	0		5114.346229000
6	0		5114.370260000
17		1358	5114.373714000
6	1420		5114.423571000
17		1358	5114.435233000
17		49	5114.497522000
17		1358	5114.498033000
17		35	5114.511182000
6	1420		5114.555997000
6	48		5114.557873000
6	0		5114.557917000
17		1358	5114.559856000
6	280		5114.563381000
6	0		5114.623802000
17		1358	5114.662896000
17		43	5114.684327000
6	1420		5114.689707000
6	16		5114.757994000
17		1358	5114.766834000
6	0		5114.798254000
6	1420		5114.820759000
17		1358	5114.869280000
17		43	5114.871094000
6	1420		5114.953182000
17		1358	5114.972829000
6	52		5114.985859000
6	0		5114.985907000
6	52		5114.986020000
17		43	5115.058158000
17		677	5115.058210000
17		41	5115.059139000
17		87	5115.067382000
17		33	5115.067435000
17		1358	5115.075856000
6	1420		5115.085603000
6	84		5115.176737000
17		1358	5115.179058000
6	1420		5115.217975000
6	0		5115.218200000
17		43	5115.245232000
17		1358	5115.283162000
6	1420		5115.350384000
17		1358	5115.385823000
17		43	5115.432559000
6	1420		5115.482794000
17		1358	5115.488587000
17		1358	5115.592977000
6	1420		5115.615155000
17		43	5115.619406000
17		1358	5115.695713000
6	1420		5115.747555000
17		1358	5115.797970000
17		43	5115.806337000
6	1420		5115.879987000
17		1358	5115.901628000
17		43	5115.992841000
17		1358	5116.005540000
6	1420		5116.012344000
17		1358	5116.109022000
6	1420		5116.144773000
6	0		5116.180623000
6	0		5116.189782000
6	0		5116.189847000
17		1358	5116.212673000
6	0		5116.228715000
6	12		5116.229037000
6	0		5116.267975000
6	12		5116.268018000
6	0		5116.268033000
6	1		5116.268286000
6	4		5116.268316000
6	32		5116.268329000
6	0		5116.268346000
6	1420		5116.277192000
6	52		5116.297653000
6	0		5116.307058000
6	0		5116.307138000
6	0		5116.307165000
6	0		5116.307258000
6	0		5116.307275000
17		1358	5116.314558000
17		43	5116.366884000
6	1420		5116.409925000
17		1358	5116.418559000
17		1358	5116.495727000
6	52		5116.530683000
6	0		5116.530734000
6	0		5116.530763000
6	0		5116.532430000
6	1420		5116.541945000
6	0		5116.554258000
17		1358	5116.572609000
17		1358	5116.650392000
6	1420		5116.674373000
17		1358	5116.727771000
17		43	5116.741567000
6	0		5116.753520000
17		1358	5116.805606000
6	1420		5116.806779000
17		1358	5116.883153000
17		43	5116.928334000
6	1420		5116.939173000
17		1358	5116.960405000
6	68		5116.968990000
17		1358	5117.038353000
6	1420		5117.071576000
17		43	5117.115051000
17		1358	5117.116860000
6	52		5117.166002000
6	0		5117.166051000
6	0		5117.166075000
6	0		5117.167469000
17		1358	5117.192705000
6	1420		5117.203985000
17		1358	5117.270616000
6	0		5117.302406000
6	1420		5117.336381000
17		1358	5117.347164000
6	0		5117.354974000
6	1420		5117.468818000
17		43	5117.488764000
17		41	5117.488790000
17		1358	5117.490350000
6	1420		5117.601203000
17		43	5117.676293000
17		1358	5117.677912000
6	1420		5117.733621000
6	0		5117.862842000
6	1420		5117.865969000
6	1420		5117.998378000
17		43	5118.050295000
17		1358	5118.051918000
6	1420		5118.130808000
17		43	5118.237072000
17		1358	5118.239568000
6	1420		5118.263179000
6	1420		5118.395572000
6	0		5118.424474000
6	1420		5118.527997000
17		43	5118.610982000
17		1358	5118.612573000
6	1420		5118.660400000
6	1420		5118.792796000
17		43	5118.798135000
17		1358	5118.800073000
6	1420		5118.925193000
6	0		5118.985317000
17		43	5118.985351000
17		1358	5118.987151000
6	1420		5119.057612000
17		33	5119.125157000
17		43	5119.171758000
17		1358	5119.172907000
6	1420		5119.189976000
6	1420		5119.322392000
6	0		5119.359703000
6	1420		5119.454776000
17		43	5119.545813000
17		1358	5119.547156000
6	1420		5119.587203000
17		43	5119.733508000
17		677	5119.733557000
17		36	5119.734440000
17		1358	5119.735123000
6	0		5119.920143000
6	1420		5119.920681000
17		43	5120.106884000
17		1358	5120.108538000
17		43	5120.293997000
17		1358	5120.295478000
6	0		5120.481367000
6	1420		5120.481913000
17		43	5120.668755000
17		1358	5120.670533000
17		43	5120.854940000
17		1358	5120.856256000
6	0		5121.042243000
6	1420		5121.042764000
17		43	5121.228940000
17		1358	5121.230656000
6	0		5121.415904000
17		43	5121.603556000
17		1358	5121.605145000
6	0		5121.790030000
17		47	5121.977471000
17		43	5121.977502000
17		41	5121.977511000
17		34	5121.978829000
17		1358	5121.979155000
17		43	5122.164275000
17		1358	5122.164826000
6	0		5122.350808000
17		43	5122.538309000
17		1358	5122.539978000
6	0		5122.724893000
17		43	5122.724922000
17		1358	5122.726567000
6	0		5122.911985000
17		41	5122.912026000
17		39	5122.913478000
17		43	5123.099051000
17		1358	5123.100602000
6	0		5123.286331000
17		43	5123.473053000
17		1358	5123.475102000
17		43	5123.660492000
17		1358	5123.661787000
6	0		5123.847737000
17		43	5124.034442000
17		1358	5124.036047000
6	0		5124.221515000
17		43	5124.408470000
17		1353	5124.408497000
17		41	5124.409614000
17		1358	5124.410035000
17		273	5124.595452000
6	0		5124.595482000
17		126	5124.608078000
17		286	5124.610762000
17		43	5124.782642000
17		43	5124.969440000
17		602	5125.156271000
17		41	5125.157275000
17		87	5125.165641000
17		33	5125.167396000
17		43	5125.343442000
6	0		5125.343469000
17		43	5125.717161000
6	0		5125.904553000
17		43	5125.904589000
17		43	5126.278192000
17		43	5126.465493000
6	0		5126.465525000
17		43	5126.838776000
17		43	5127.026485000
6	0		5127.026527000
17		43	5127.400199000
17		43	5127.587569000
6	0		5127.587605000
17		43	5127.961363000
6	0		5128.148687000
17		43	5128.334930000
17		43	5128.522277000
17		48	5128.896056000
17		39	5128.910591000
6	0		5129.083411000
17		41	5129.083446000
17		36	5129.084074000
17		43	5129.270387000
17		43	5129.643959000
6	0		5129.831418000
17		33	5129.834237000
17		43	5130.017800000
17		43	5130.392103000
6	0		5130.500602000
6	0		5130.500654000
6	0		5130.579432000
6	1420		5130.579942000
6	0		5130.583917000
6	1420		5130.648841000
6	1420		5130.786622000
6	1420		5130.924431000
6	0		5130.953535000
6	1420		5131.062220000
17		43	5131.139890000
6	1420		5131.199985000
6	0		5131.300792000
6	0		5131.300848000
6	1420		5131.337749000
6	0		5131.338390000
6	1420		5131.475550000
17		43	5131.513970000
6	0		5131.701292000
6	1420		5131.701808000
6	1420		5131.770692000
6	1420		5131.908477000
6	1420		5132.046265000
6	0		5132.075329000
6	1420		5132.184067000
17		43	5132.262490000
6	0		5132.309291000
6	0		5132.309346000
6	1420		5132.321816000
6	0		5132.349676000
6	12		5132.349971000
6	0		5132.389739000
6	12		5132.389771000
6	0		5132.389782000
6	1		5132.389994000
6	4		5132.390014000
6	32		5132.390029000
6	0		5132.390045000
6	0		5132.429779000
6	0		5132.429820000
6	0		5132.429871000
6	0		5132.429891000
6	1420		5132.459606000
6	1420		5132.597386000
6	0		5132.636435000
6	1420		5132.735197000
17		43	5132.822911000
6	1420		5132.872947000
17		43	5133.009890000
6	1420		5133.010730000
6	1420		5133.148540000
6	0		5133.196820000
17		42	5133.196850000
6	1420		5133.286308000
17		43	5133.383952000
6	1420		5133.424105000
6	1420		5133.561889000
6	1420		5133.699668000
6	0		5133.758280000
6	1420		5133.837430000
17		41	5133.945207000
17		39	5133.946510000
6	1420		5133.975256000
6	1420		5134.113045000
17		43	5134.132099000
6	1420		5134.250859000
6	0		5134.319817000
6	1420		5134.388581000
17		43	5134.506595000
6	1420		5134.526422000
6	1420		5134.664150000
6	1420		5134.801963000
17		43	5134.880084000
17		43	5135.067002000
6	0		5135.067043000
17		654	5135.067054000
6	1420		5135.067525000
17		43	5135.068018000
17		87	5135.075976000
17		34	5135.077629000
6	1420		5135.136440000
17		43	5135.440992000
17		43	5135.628583000
6	0		5135.628611000
6	1420		5135.629141000
6	1420		5135.698035000
17		43	5136.002321000
17		43	5136.189511000
6	0		5136.189542000
6	1420		5136.190054000
17		43	5136.376425000
17		43	5136.563689000
17		43	5136.749958000
17		43	5136.937297000
17		1358	5136.938875000
17		43	5137.124635000
17		1358	5137.125556000
17		43	5137.310850000
17		767	5137.310877000
17		43	5137.311935000
17		1358	5137.312449000
17		117	5137.323766000
17		98	5137.326095000
17		42	5137.498265000
17		43	5137.498294000
17		1358	5137.499906000
17		49	5137.685350000
17		49	5137.685379000
17		43	5137.685388000
17		1358	5137.686998000
17		35	5137.711217000
6	0		5137.757094000
6	0		5137.757150000
17		44	5137.872433000
17		712	5137.872466000
17		33	5137.873574000
17		33	5137.873618000
17		54	5137.881947000
17		33	5137.881992000
6	0		5138.036111000
6	15		5138.036168000
6	41		5138.042588000
6	0		5138.058821000
6	1420		5138.059327000
6	1420		5138.114475000
6	1420		5138.224681000
6	0		5138.246065000
6	0		5138.321460000
6	1420		5138.334883000
6	0		5138.433276000
6	1420		5138.445087000
6	1420		5138.555336000
6	0		5138.620569000
6	1420		5138.665545000
6	1420		5138.775759000
6	0		5138.806980000
6	1420		5138.885968000
6	856		5138.939231000
6	0		5138.994383000
6	1420		5138.996220000
6	1420		5139.106468000
6	0		5139.180856000
6	0		5139.180879000
6	1420		5139.216712000
6	1420		5139.326936000
6	0		5139.368184000
6	1420		5139.437075000
6	1420		5139.547325000
6	0		5139.555551000
6	1420		5139.657549000
6	0		5139.741943000
6	1420		5139.767782000
6	1420		5139.878024000
6	0		5139.929259000
6	1420		5139.988211000
6	1420		5140.098468000
6	0		5140.115872000
6	1420		5140.208694000
6	0		5140.303139000
6	1420		5140.318875000
6	1420		5140.429118000
6	0		5140.490486000
6	1420		5140.539314000
6	1420		5140.649583000
6	0		5140.676828000
6	1420		5140.759790000
6	0		5140.864536000
6	1420		5140.869998000
6	1420		5140.980243000
6	0		5141.051546000
6	1420		5141.090461000
6	1420		5141.200665000
6	0		5141.238390000
6	1420		5141.310871000
6	1420		5141.421094000
6	1420		5141.531364000
6	0		5141.612726000
6	1420		5141.641576000
6	1420		5141.751785000
6	0		5141.785077000
6	0		5141.785151000
6	1420		5141.862004000
6	0		5141.924391000
6	41		5141.930100000
6	1420		5141.972210000
6	0		5141.986281000
6	0		5142.068853000
6	21		5142.075395000
6	0		5142.075437000
6	1080		5142.076603000
6	1420		5142.082471000
6	1420		5142.192701000
6	440		5142.215378000
6	0		5142.258219000
6	1420		5142.302915000
6	871		5142.350765000
6	0		5142.350820000
6	1080		5142.352060000
6	0		5142.360133000
6	0		5142.394916000
6	0		5142.394976000
6	48		5142.396927000
6	0		5142.396960000
6	280		5142.401246000
6	1420		5142.413116000
6	1420		5142.523334000
6	0		5142.556702000
6	41		5142.563118000
6	0		5142.580489000
6	16		5142.586465000
6	0		5142.630240000
6	1420		5142.633585000
6	0		5142.724593000
6	21		5142.724639000
6	0		5142.724653000
6	1080		5142.725690000
6	0		5142.733927000
6	1420		5142.743793000
6	52		5142.768939000
6	0		5142.768980000
6	52		5142.769128000
6	1420		5142.853981000
6	0		5142.887461000
6	440		5142.888963000
6	0		5142.907752000
6	84		5142.907790000
6	0		5142.930231000
6	0		5142.950230000
6	1420		5142.964258000
6	1420		5143.074467000
6	48		5143.091635000
6	0		5143.091673000
6	280		5143.096038000
6	0		5143.108501000
6	1080		5143.138219000
6	1420		5143.184705000
6	0		5143.257668000
6	16		5143.259592000
6	1420		5143.294900000
6	0		5143.302231000
6	52		5143.463658000
6	0		5143.463696000
6	52		5143.463855000
6	0		5143.482390000
6	84		5143.625425000
6	0		5143.666228000
6	0		5143.856706000
17		42	5143.856734000
17		49	5143.856741000
17		42	5143.856745000
17		33	5143.882541000
6	1080		5144.002242000
6	0		5144.230346000
6	0		5144.603983000
6	68		5144.740497000
17		43	5144.791289000
17		1358	5144.792950000
6	52		5144.879240000
6	0		5144.879283000
6	0		5144.879304000
6	0		5144.880434000
17		1358	5144.887365000
17		43	5144.978321000
17		43	5144.978355000
17		1358	5144.979964000
6	0		5145.019071000
17		1358	5145.072909000
17		49	5145.165241000
17		43	5145.165271000
17		43	5145.165277000
17		1358	5145.166692000
17		33	5145.192728000
6	0		5145.210855000
6	0		5145.210913000
17		1358	5145.258733000
17		1358	5145.352372000
17		48	5145.352530000
17		35	5145.366279000
17		1358	5145.444980000
6	0		5145.460370000
6	41		5145.466970000
17		1358	5145.537511000
17		47	5145.541130000
17		43	5145.541158000
17		41	5145.541168000
17		33	5145.567640000
17		1358	5145.631590000
6	1080		5145.698246000
6	0		5145.716294000
6	21		5145.716844000
6	0		5145.716880000
6	1080		5145.718131000
17		1358	5145.723894000
17		1358	5145.817254000
17		1358	5145.910360000
6	0		5145.913535000
6	68		5145.926517000
6	0		5145.968291000
6	440		5145.969908000
17		1358	5146.003403000
6	0		5146.010243000
6	52		5146.088058000
6	0		5146.088100000
6	0		5146.088118000
6	0		5146.089280000
17		1358	5146.096338000
17		1358	5146.189970000
6	0		5146.250761000
6	48		5146.259373000
6	0		5146.259421000
6	280		5146.263570000
17		1358	5146.282401000
6	0		5146.286813000
17		1358	5146.375571000
17		1358	5146.467909000
6	0		5146.512035000
6	16		5146.514727000
6	0		5146.558234000
17		1358	5146.561736000
17		1358	5146.654042000
6	0		5146.661582000
17		1358	5146.747805000
6	52		5146.807175000
6	0		5146.807213000
6	52		5146.807305000
17		1358	5146.841230000
17		1358	5146.933103000
17		1358	5147.026505000
6	0		5147.034780000
6	100		5147.056180000
6	0		5147.098239000
17		1358	5147.119960000
17		1358	5147.212442000
17		1358	5147.305997000
17		1358	5147.398678000
6	0		5147.409018000
17		1358	5147.491995000
17		1358	5147.584528000
17		1358	5147.678347000
17		1358	5147.770789000
6	0		5147.783041000
17		1358	5147.863077000
17		1358	5147.956527000
17		1358	5148.050201000
17		1358	5148.143129000
6	0		5148.157075000
6	0		5148.221662000
6	0		5148.221717000
17		1358	5148.236451000
17		1358	5148.329918000
6	0		5148.342149000
6	41		5148.349274000
17		1358	5148.421311000
6	0		5148.431152000
6	0		5148.431207000
6	0		5148.469714000
6	21		5148.469749000
6	0		5148.469760000
6	0		5148.470265000
6	12		5148.470530000
6	1080		5148.470910000
6	0		5148.509250000
6	12		5148.509285000
6	0		5148.509296000
6	1		5148.509491000
6	4		5148.509512000
6	32		5148.509521000
6	0		5148.509532000
17		1358	5148.514644000
6	0		5148.531471000
6	0		5148.548195000
6	0		5148.548236000
6	0		5148.548267000
6	0		5148.548283000
6	440		5148.591524000
17		1358	5148.607622000
6	0		5148.634230000
17		1358	5148.701201000
6	48		5148.754681000
6	0		5148.754719000
6	280		5148.759029000
17		1358	5148.794114000
6	16		5148.882035000
17		1358	5148.887214000
6	0		5148.904856000
6	0		5148.922226000
17		1358	5148.979637000
6	52		5149.042680000
6	0		5149.042724000
6	52		5149.042837000
17		1358	5149.072834000
6	100		5149.163312000
17		1358	5149.166902000
6	0		5149.206223000
6	68		5149.238644000
6	0		5149.279419000
6	1080		5149.314239000
6	52		5149.487376000
6	0		5149.487427000
6	0		5149.487449000
6	0		5149.489098000
6	0		5149.653143000
6	1420		5149.653702000
6	1420		5149.722574000
6	0		5149.738317000
6	0		5150.027233000
6	1420		5150.027718000
6	1420		5150.096635000
6	0		5150.401302000
6	1420		5150.401818000
6	1420		5150.470740000
6	0		5150.775429000
6	1420		5150.775911000
6	1420		5150.844850000
6	0		5151.149543000
6	1420		5151.150046000
6	1420		5151.218942000
6	68		5151.291956000
6	0		5151.354680000
6	0		5151.354737000
6	52		5151.412519000
6	0		5151.412573000
6	0		5151.412599000
6	0		5151.414439000
6	0		5151.523585000
6	1420		5151.524092000
6	0		5151.536670000
6	1420		5151.592975000
6	0		5151.897644000
6	1420		5151.898235000
6	1420		5151.967091000
6	0		5152.084138000
6	1420		5152.104847000
6	1420		5152.242661000
6	0		5152.458308000
6	1420		5152.458821000
6	1420		5152.527727000
6	0		5152.832424000
6	1420		5152.832933000
6	1420		5152.901837000
6	0		5153.206500000
6	1420		5153.207033000
6	1420		5153.275920000
6	0		5153.580591000
6	1420		5153.581093000
6	1420		5153.650009000
6	0		5153.954630000
6	1420		5153.955138000
6	1420		5154.024050000
6	0		5154.327830000
6	1420		5154.328402000
6	1420		5154.397285000
17		41	5154.514816000
17		45	5154.514848000
17		1115	5154.514857000
17		43	5154.515449000
17		34	5154.515500000
17		43	5154.703097000
17		1358	5154.705217000
17		1358	5154.799380000
17		43	5154.889569000
6	0		5154.889609000
6	1420		5154.890146000
17		43	5155.075676000
17		837	5155.075710000
17		39	5155.077462000
17		87	5155.086063000
17		33	5155.086196000
17		43	5155.263205000
17		43	5155.450192000
17		43	5155.637372000
17		43	5155.823781000
17		43	5156.010856000
17		43	5156.198217000
6	1080		5156.226231000
17		43	5156.385283000
17		43	5156.572680000
17		43	5156.758996000
17		43	5156.946140000
17		43	5157.133551000
17		43	5157.319774000
17		43	5157.507118000
17		43	5157.694257000
17		43	5157.881596000
17		43	5158.067969000
17		48	5158.255188000
17		35	5158.268983000
17		43	5158.442372000
17		43	5158.629035000
17		43	5158.816239000
6	0		5158.962721000
6	0		5158.962770000
17		43	5159.003563000
17		43	5159.189888000
17		43	5159.377227000
17		43	5159.564462000
17		43	5159.750818000
17		43	5159.938042000
17		43	5160.125328000
17		43	5160.312699000
17		43	5160.499032000
17		43	5160.686199000
17		43	5160.873521000
17		43	5161.059746000
17		43	5161.247106000
17		43	5161.434254000
17		43	5161.526787000
17		43	5161.619823000
17		48	5161.713067000
17		35	5161.727630000
17		43	5161.806247000
17		43	5161.899120000
17		43	5161.991866000
17		1358	5161.993091000
17		43	5162.084916000
17		1358	5162.086480000
6	0		5162.177816000
17		43	5162.177839000
6	1420		5162.178318000
17		1358	5162.179414000
6	1420		5162.233465000
6	0		5162.270939000
6	1420		5162.343657000
6	0		5162.363983000
6	1420		5162.453887000
6	0		5162.457141000
6	0		5162.550487000
6	1420		5162.564082000
6	0		5162.642710000
6	1420		5162.674343000
6	0		5162.736771000
6	1420		5162.784549000
6	0		5162.828915000
6	1420		5162.894790000
6	0		5162.922134000
6	1420		5163.005012000
6	0		5163.015289000
6	0		5163.108668000
6	1420		5163.115239000
6	0		5163.200858000
6	1420		5163.225455000
6	0		5163.293815000
6	1420		5163.335662000
6	0		5163.386998000
17		41	5163.387040000
17		45	5163.387050000
17		41	5163.387568000
6	1420		5163.445877000
17		1119	5163.480227000
6	0		5163.480254000
17		34	5163.480829000
6	1420		5163.556108000
6	0		5163.573448000
6	1420		5163.666347000
6	0		5163.666499000
6	0		5163.759412000
6	1420		5163.776595000
6	1420		5163.886764000
6	0		5163.945096000
6	1420		5163.997031000
6	1420		5164.107215000
6	0		5164.131591000
6	1420		5164.217446000
6	0		5164.317039000
6	1420		5164.327681000
6	1420		5164.437886000
6	0		5164.503244000
6	1420		5164.548119000
6	0		5164.551203000
6	0		5164.551258000
6	0		5164.590989000
6	12		5164.591283000
6	0		5164.630352000
6	12		5164.630396000
6	0		5164.630410000
6	1		5164.630618000
6	4		5164.630638000
6	32		5164.630648000
6	0		5164.630660000
6	1420		5164.658332000
6	0		5164.669752000
6	0		5164.669794000
6	0		5164.669800000
6	0		5164.669865000
6	0		5164.669881000
6	0		5164.689197000
17		43	5164.689231000
6	1420		5164.768569000
17		43	5164.782169000
17		1358	5164.783188000
17		43	5164.875555000
17		1358	5164.877119000
6	1420		5164.878753000
17		47	5164.968101000
17		41	5164.968122000
17		1358	5164.970292000
6	1420		5164.989015000
17		33	5164.993849000
17		43	5165.061478000
17		791	5165.061503000
17		39	5165.062449000
17		1358	5165.062959000
17		87	5165.071466000
17		33	5165.071536000
6	1420		5165.099233000
6	0		5165.153766000
17		43	5165.153795000
17		1358	5165.155110000
6	1420		5165.209476000
17		1358	5165.249248000
6	1420		5165.319664000
17		43	5165.340042000
17		1358	5165.341632000
6	1420		5165.429926000
6	0		5165.432931000
17		1358	5165.436238000
17		1358	5165.527825000
6	1420		5165.540111000
6	0		5165.618832000
17		1358	5165.620752000
6	1420		5165.650332000
17		1358	5165.714328000
6	1420		5165.760606000
6	0		5165.804820000
17		1358	5165.807768000
6	1420		5165.870810000
17		1358	5165.900634000
6	0		5165.991262000
17		1358	5165.994413000
6	1420		5166.054524000
17		1358	5166.086432000
6	0		5166.176973000
17		1358	5166.179328000
6	1420		5166.238268000
17		1358	5166.272879000
6	0		5166.363131000
17		43	5166.363157000
17		1358	5166.364730000
6	1420		5166.421947000
6	0		5166.446175000
6	0		5166.446237000
17		1358	5166.458839000
6	0		5166.549412000
17		1358	5166.550930000
6	1420		5166.605717000
6	0		5166.607745000
17		1358	5166.644087000
6	0		5166.735225000
17		1358	5166.738190000
6	1420		5166.789431000
17		1358	5166.831050000
6	0		5166.920933000
17		1358	5166.923960000
6	1420		5166.973161000
17		1358	5167.016362000
6	0		5167.106705000
17		1358	5167.109198000
6	1420		5167.156874000
17		1358	5167.203084000
6	0		5167.293437000
17		1358	5167.296413000
6	1420		5167.340596000
17		1358	5167.389740000
6	0		5167.479099000
17		1358	5167.481770000
6	1420		5167.524305000
17		49	5167.572018000
17		1358	5167.573527000
17		1358	5167.649208000
6	1420		5167.662099000
17		43	5167.665015000
17		1358	5167.723465000
6	0		5167.757720000
17		1358	5167.798528000
6	1420		5167.799870000
17		43	5167.850930000
17		1358	5167.872822000
6	1420		5167.937649000
17		41	5167.943804000
17		1358	5167.947759000
17		1358	5168.021589000
17		47	5168.036892000
17		43	5168.036914000
17		41	5168.036918000
17		33	5168.063022000
6	1420		5168.075442000
17		1358	5168.095820000
6	0		5168.130155000
17		1358	5168.170232000
6	1420		5168.213233000
17		43	5168.223500000
17		1358	5168.245209000
17		1358	5168.319398000
6	1420		5168.351004000
17		1358	5168.394482000
17		43	5168.408808000
17		1358	5168.467281000
6	1420		5168.488776000
6	0		5168.502035000
17		1358	5168.542382000
17		43	5168.595473000
17		1358	5168.617016000
6	1420		5168.626600000
17		1358	5168.691201000
6	1420		5168.764365000
17		1358	5168.765832000
17		43	5168.781128000
17		1358	5168.840334000
17		43	5168.874412000
6	1420		5168.902158000
17		1358	5168.914874000
6	0		5168.966763000
17		1358	5168.988542000
6	1420		5169.039919000
17		43	5169.059795000
17		1358	5169.063201000
17		1358	5169.137977000
6	1420		5169.177742000
17		1358	5169.211910000
17		43	5169.245863000
17		1358	5169.286467000
6	1420		5169.315494000
6	0		5169.339531000
17		1358	5169.361965000
17		43	5169.432091000
17		1358	5169.433671000
6	1420		5169.453276000
17		1358	5169.510163000
17		43	5169.525296000
17		1358	5169.584677000
6	1420		5169.591096000
17		43	5169.618408000
17		1358	5169.658826000
6	0		5169.711623000
6	1420		5169.728855000
17		1358	5169.733110000
6	1080		5169.794239000
17		43	5169.804139000
17		1358	5169.808138000
6	1420		5169.851676000
17		1358	5169.882174000
17		43	5169.897405000
17		1358	5169.956422000
6	1420		5169.974453000
17		1358	5170.031152000
17		43	5170.082831000
6	1420		5170.097283000
17		1358	5170.105274000
17		43	5170.176138000
17		1358	5170.180228000
6	1420		5170.220072000
17		1358	5170.253998000
6	0		5170.268752000
17		1358	5170.328933000
6	1420		5170.342883000
17		43	5170.362364000
17		1358	5170.403258000
17		43	5170.455126000
6	1420		5170.465712000
17		1358	5170.527224000
6	1420		5170.588475000
17		48	5170.641577000
17		1358	5170.651988000
6	1420		5170.711298000
17		43	5170.733947000
17		1358	5170.775386000
6	0		5170.826709000
6	1420		5170.834098000
6	0		5170.871200000
6	0		5170.871238000
17		1358	5170.899726000
17		43	5170.919746000
6	1420		5170.956907000
17		1358	5171.023646000
6	1420		5171.079734000
17		43	5171.106278000
17		1358	5171.147324000
17		43	5171.199103000
6	1420		5171.202507000
17		1106	5171.271297000
6	0		5171.291757000
6	1420		5171.325336000
17		43	5171.385479000
6	1420		5171.448140000
17		43	5171.477996000
6	0		5171.546128000
6	0		5171.546186000
6	0		5171.563048000
6	41		5171.568806000
6	1420		5171.570921000
6	0		5171.584984000
6	21		5171.585018000
6	0		5171.585028000
6	1080		5171.586030000
6	0		5171.602050000
6	440		5171.602085000
6	0		5171.642242000
6	48		5171.658310000
6	0		5171.658353000
17		43	5171.664693000
6	280		5171.665554000
6	0		5171.681677000
6	1420		5171.693732000
6	16		5171.701389000
6	0		5171.742239000
17		43	5171.756887000
6	52		5171.758316000
6	0		5171.758350000
6	52		5171.758455000
6	116		5171.774550000
6	1420		5171.816567000
6	0		5171.818232000
6	0		5171.850320000
6	1420		5171.939363000
17		43	5171.943302000
17		43	5172.035780000
6	1420		5172.062161000
6	1420		5172.184939000
17		43	5172.222643000
6	1420		5172.307765000
17		43	5172.315148000
6	0		5172.408206000
17		43	5172.408236000
6	1420		5172.430568000
6	1420		5172.553375000
17		43	5172.594320000
6	1420		5172.676171000
17		43	5172.687172000
6	0		5172.780642000
6	1420		5172.798977000
17		43	5172.873017000
6	1420		5172.921842000
17		43	5172.966252000
17		43	5173.152446000
17		43	5173.245681000
6	0		5173.337884000
17		48	5173.431043000
17		35	5173.445492000
17		43	5173.524143000
17		43	5173.710218000
17		43	5173.803168000
6	0		5173.896568000
17		43	5173.896599000
6	68		5173.921146000
6	52		5173.941663000
6	0		5173.941715000
6	0		5173.941735000
6	0		5173.943158000
6	0		5173.959286000
17		43	5174.081871000
17		43	5174.175128000
6	0		5174.268387000
17		43	5174.361591000
17		43	5174.453732000
6	0		5174.526140000
6	0		5174.526200000
6	0		5174.558271000
17		43	5174.640054000
17		43	5174.733252000
6	0		5174.825716000
17		43	5174.918747000
17		43	5175.012060000
17		43	5175.197749000
17		43	5175.291295000
6	0		5175.384535000
17		43	5175.384566000
17		43	5175.476717000
17		43	5175.663011000
6	0		5175.756414000
17		43	5175.849350000
17		43	5175.941769000
17		48	5176.128593000
17		35	5176.142648000
17		43	5176.220967000
6	0		5176.314222000
17		43	5176.407300000
17		44	5176.593595000
17		44	5176.686025000
6	0		5176.779281000
17		45	5176.872483000
17		1122	5176.965038000
17		42	5176.965625000
17		1358	5176.969699000
17		45	5177.058073000
17		685	5177.058123000
17		39	5177.059156000
17		83	5177.068113000
17		33	5177.068252000
17		1358	5177.103624000
6	0		5177.151311000
17		1358	5177.236272000
17		45	5177.244063000
17		1358	5177.367565000
17		44	5177.429841000
17		1358	5177.499027000
6	0		5177.523243000
17		43	5177.616304000
17		1358	5177.631688000
17		1358	5177.764198000
17		43	5177.802270000
6	0		5177.894732000
17		43	5177.987834000
17		43	5178.174280000
6	0		5178.267504000
6	1420		5178.267997000
6	1420		5178.329707000
17		43	5178.360201000
6	1420		5178.452197000
6	0		5178.453412000
6	1420		5178.575028000
6	0		5178.639000000
6	1420		5178.697836000
6	0		5178.778688000
6	0		5178.778754000
6	1420		5178.820610000
6	0		5178.825279000
6	1420		5178.943436000
6	0		5179.011268000
6	0		5179.043405000
6	41		5179.049897000
6	1420		5179.066259000
6	1420		5179.189052000
6	0		5179.196830000
6	1420		5179.311837000
6	0		5179.314335000
6	21		5179.314373000
6	0		5179.314387000
6	1080		5179.315720000
6	0		5179.382810000
6	1420		5179.434658000
6	1420		5179.557469000
6	0		5179.568701000
17		43	5179.568741000
6	440		5179.588946000
6	0		5179.630238000
17		49	5179.662320000
17		47	5179.662353000
17		41	5179.662365000
17		35	5179.677304000
6	1420		5179.680275000
17		33	5179.688185000
17		43	5179.755188000
6	1420		5179.803079000
17		43	5179.848580000
17		1358	5179.850202000
6	48		5179.903294000
6	0		5179.903333000
6	280		5179.908871000
6	1420		5179.925916000
17		43	5179.941643000
17		1358	5179.943288000
17		43	5180.034265000
6	1420		5180.048710000
17		1358	5180.076719000
17		43	5180.127298000
6	1420		5180.171476000
6	16		5180.179373000
17		1358	5180.209746000
17		43	5180.220426000
6	0		5180.222244000
6	1420		5180.294307000
17		1358	5180.343176000
6	0		5180.405983000
6	1420		5180.417090000
6	52		5180.486813000
6	0		5180.486855000
6	52		5180.486955000
6	1420		5180.539924000
6	0		5180.592651000
6	1420		5180.662709000
6	0		5180.672312000
6	0		5180.672373000
6	0		5180.712481000
6	12		5180.712737000
6	0		5180.752666000
6	12		5180.752701000
6	0		5180.752716000
6	1		5180.752854000
6	4		5180.752869000
6	32		5180.752880000
6	0		5180.752894000
6	100		5180.756614000
6	0		5180.778254000
6	1420		5180.785495000
6	0		5180.792709000
6	0		5180.792753000
6	0		5180.792759000
6	0		5180.792763000
6	0		5180.792777000
6	0		5180.792835000
6	0		5180.798252000
6	1420		5180.908320000
6	0		5180.964005000
6	1420		5181.031155000
6	0		5181.150647000
6	1420		5181.153928000
6	1420		5181.276750000
6	0		5181.336376000
6	1420		5181.399555000
6	0		5181.522078000
6	1420		5181.522323000
17		43	5181.615389000
17		1358	5181.616989000
6	1420		5181.645191000
17		1358	5181.750156000
6	1420		5181.767937000
17		43	5181.801296000
17		1358	5181.881907000
6	1420		5181.890761000
6	0		5181.894642000
17		43	5181.987305000
6	1420		5182.013597000
17		1358	5182.014188000
17		43	5182.080469000
6	0		5182.080501000
6	1420		5182.136379000
17		1358	5182.146757000
6	1420		5182.259182000
17		43	5182.266064000
17		1358	5182.278749000
6	0		5182.358755000
6	1420		5182.381992000
17		1358	5182.411937000
6	1420		5182.504806000
17		1358	5182.544180000
6	0		5182.545587000
6	1420		5182.627604000
17		1358	5182.676073000
6	0		5182.731384000
6	1420		5182.750392000
6	68		5182.805825000
17		1358	5182.808803000
6	1420		5182.873217000
6	0		5182.917318000
17		1358	5182.940867000
6	1420		5182.996064000
6	52		5183.070551000
6	0		5183.070597000
6	0		5183.070677000
6	0		5183.072290000
17		1358	5183.072376000
6	0		5183.103552000
6	1420		5183.118835000
17		1358	5183.204508000
6	1420		5183.241651000
17		43	5183.288989000
17		1358	5183.336610000
6	0		5183.344821000
6	1420		5183.364461000
6	0		5183.382293000
17		1358	5183.469134000
17		43	5183.474747000
6	1420		5183.487241000
17		1358	5183.601195000
6	1420		5183.610041000
17		43	5183.661370000
6	1420		5183.732850000
17		1358	5183.734239000
6	0		5183.754576000
6	1420		5183.855680000
17		1358	5183.866671000
17		43	5183.939827000
6	1420		5183.978468000
17		1358	5183.999046000
6	0		5184.033177000
6	1420		5184.101277000
17		43	5184.126346000
17		1358	5184.131024000
6	1420		5184.224127000
17		1358	5184.262988000
17		43	5184.312246000
6	1420		5184.346866000
17		1358	5184.394540000
6	0		5184.405370000
17		43	5184.405397000
6	1420		5184.469928000
17		1358	5184.526774000
17		43	5184.591124000
6	1420		5184.592463000
17		1358	5184.659519000
6	0		5184.684322000
6	1420		5184.715309000
17		48	5184.776961000
17		35	5184.790566000
17		1358	5184.791864000
6	1420		5184.813567000
6	1420		5184.911769000
17		1358	5184.923829000
17		43	5184.962997000
6	1420		5185.010024000
6	0		5185.056303000
17		1358	5185.057222000
6	1420		5185.108262000
17		43	5185.149421000
17		1358	5185.188700000
6	1420		5185.206508000
6	1420		5185.304746000
17		1358	5185.320998000
17		43	5185.334935000
6	1420		5185.402974000
6	0		5185.428370000
17		1358	5185.453357000
6	1420		5185.501254000
17		43	5185.521267000
17		1358	5185.585484000
6	1420		5185.599503000
6	1420		5185.697725000
17		43	5185.706835000
17		1358	5185.717414000
6	1420		5185.795969000
6	0		5185.800204000
17		1358	5185.849634000
17		43	5185.893259000
6	1420		5185.894264000
17		1358	5185.982708000
6	1420		5185.992463000
17		43	5186.078847000
6	1420		5186.090696000
17		1358	5186.114212000
6	0		5186.172048000
6	1420		5186.188981000
17		1358	5186.247006000
17		43	5186.265414000
6	1420		5186.287163000
6	0		5186.358592000
17		1358	5186.379077000
6	1420		5186.385399000
17		43	5186.451419000
17		1358	5186.511761000
6	1420		5186.549171000
17		43	5186.637108000
17		1358	5186.643983000
6	1420		5186.712944000
6	0		5186.729955000
17		1358	5186.775444000
17		43	5186.823234000
6	1420		5186.876661000
17		1358	5186.907649000
17		43	5187.009276000
17		1358	5187.039848000
6	1420		5187.040398000
6	0		5187.102459000
17		1358	5187.171951000
17		43	5187.195638000
6	1420		5187.204142000
17		1358	5187.304972000
6	1420		5187.367878000
17		43	5187.381329000
17		1358	5187.436719000
6	0		5187.474602000
6	1420		5187.531654000
17		43	5187.567283000
17		1358	5187.568774000
6	1420		5187.695396000
17		1358	5187.701533000
17		43	5187.752818000
17		1358	5187.834677000
6	0		5187.846026000
6	1420		5187.859145000
17		1358	5187.966813000
6	1420		5188.022876000
17		43	5188.032255000
17		1358	5188.098061000
6	0		5188.125441000
17		43	5188.125470000
6	1420		5188.186623000
17		1358	5188.230113000
17		43	5188.311003000
6	1420		5188.350408000
17		1358	5188.362760000
6	0		5188.404533000
17		1358	5188.494785000
17		48	5188.590211000
17		35	5188.603740000
17		1358	5188.627289000
6	0		5188.683533000
17		1358	5188.759586000
17		43	5188.776655000
6	0		5188.793748000
6	0		5188.793805000
6	0		5188.833010000
6	12		5188.833235000
6	0		5188.872157000
6	12		5188.872188000
6	0		5188.872199000
6	1		5188.872352000
6	4		5188.872368000
6	32		5188.872379000
6	0		5188.872392000
17		1358	5188.892465000
6	0		5188.911266000
6	0		5188.911308000
6	0		5188.911315000
6	0		5188.911436000
6	0		5188.911454000
17		43	5188.961839000
17		1358	5189.024750000
6	0		5189.055076000
17		1358	5189.156832000
17		43	5189.241275000
17		1358	5189.288306000
6	0		5189.334496000
17		1358	5189.420253000
17		43	5189.427513000
17		1358	5189.553235000
17		43	5189.612821000
17		918	5189.684903000
6	0		5189.705722000
17		43	5189.892375000
6	0		5189.985562000
17		43	5189.985605000
17		43	5190.170824000
6	0		5190.264251000
17		43	5190.357341000
17		43	5190.542897000
6	0		5190.636066000
17		43	5190.728969000
17		43	5190.915378000
17		43	5191.007839000
6	0		5191.101007000
17		43	5191.194025000
17		43	5191.380500000
6	0		5191.472740000
6	1420		5191.473297000
6	1420		5191.534670000
17		43	5191.566047000
17		43	5191.659231000
6	0		5191.752378000
6	1420		5191.752878000
6	1420		5191.814289000
17		43	5191.845498000
17		43	5191.937676000
17		48	5192.124067000
17		35	5192.138123000
6	0		5192.217371000
6	1420		5192.217855000
6	1420		5192.279268000
17		43	5192.309950000
17		43	5192.495907000
6	0		5192.589542000
6	1420		5192.590070000
6	1420		5192.651480000
17		43	5192.682241000
17		43	5192.774872000
17		43	5192.867985000
17		43	5192.961520000
17		1111	5192.961543000
17		34	5192.962178000
17		1358	5192.963031000
17		43	5193.054105000
17		1358	5193.096691000
17		43	5193.147516000
17		1358	5193.228871000
17		43	5193.240133000
17		43	5193.333230000
17		43	5193.426359000
17		1358	5193.427102000
17		43	5193.519131000
17		1358	5193.521311000
6	0		5193.704789000
6	1420		5193.705336000
6	1420		5193.766734000
6	1420		5193.889509000
6	0		5193.891362000
6	1420		5194.012325000
6	0		5194.077193000
6	1420		5194.135108000
6	1420		5194.257950000
6	0		5194.263558000
17		49	5194.355775000
17		1358	5194.357363000
6	1420		5194.380761000
17		43	5194.449502000
17		1358	5194.490180000
6	1420		5194.503536000
17		43	5194.542261000
17		1358	5194.622945000
6	1420		5194.626328000
17		43	5194.634896000
6	1420		5194.749225000
17		1358	5194.755743000
6	0		5194.820999000
6	1420		5194.871983000
17		1358	5194.888109000
6	1420		5194.994776000
6	0		5195.006744000
17		1358	5195.020116000
17		636	5195.100089000
17		39	5195.101760000
17		87	5195.110932000
17		33	5195.110970000
6	1420		5195.117561000
17		1358	5195.153134000
6	0		5195.193740000
6	1420		5195.240384000
17		1358	5195.285289000
17		43	5195.286540000
6	1420		5195.363199000
17		1358	5195.417459000
6	1420		5195.461430000
17		43	5195.472377000
6	0		5195.472403000
17		1358	5195.550263000
6	1420		5195.559707000
6	1420		5195.657905000
6	0		5195.658013000
6	0		5195.658047000
17		43	5195.658114000
17		1358	5195.682354000
6	0		5195.751303000
6	1420		5195.756151000
17		1358	5195.814362000
6	1420		5195.854387000
17		43	5195.936823000
17		1358	5195.946072000
6	1420		5195.952622000
6	0		5196.030291000
6	1420		5196.050897000
17		1358	5196.078601000
17		43	5196.123280000
6	1420		5196.149153000
17		1358	5196.210806000
6	1420		5196.247406000
17		47	5196.308916000
17		43	5196.308956000
17		41	5196.308966000
17		33	5196.335091000
17		1358	5196.342796000
6	0		5196.402085000
6	1420		5196.411121000
17		1358	5196.474960000
17		43	5196.495228000
6	1420		5196.574891000
17		1358	5196.607664000
17		43	5196.681035000
17		1358	5196.713129000
6	1420		5196.738621000
6	0		5196.774254000
17		1358	5196.819654000
17		43	5196.866731000
6	1420		5196.902334000
6	0		5196.912360000
6	0		5196.912432000
17		1358	5196.924677000
6	1080		5196.930227000
6	0		5196.951811000
6	12		5196.952052000
17		43	5196.959909000
6	0		5196.991418000
6	12		5196.991453000
6	0		5196.991464000
6	1		5196.991661000
6	4		5196.991682000
6	32		5196.991691000
6	0		5196.991701000
17		1358	5197.030620000
6	0		5197.031022000
6	0		5197.031053000
6	0		5197.031114000
6	0		5197.031125000
6	0		5197.053255000
6	1420		5197.066121000
17		1358	5197.135816000
6	1420		5197.229879000
17		43	5197.239107000
17		1358	5197.241108000
6	0		5197.332488000
17		1358	5197.349310000
6	1420		5197.393609000
17		43	5197.424666000
17		1358	5197.454059000
6	1420		5197.516440000
17		1358	5197.560111000
17		43	5197.610862000
6	0		5197.637392000
6	0		5197.637457000
6	1420		5197.639250000
17		1358	5197.665223000
6	0		5197.704590000
6	1420		5197.762005000
17		1358	5197.842377000
6	0		5197.865484000
6	15		5197.865577000
6	41		5197.871361000
6	1420		5197.885238000
17		43	5197.890375000
6	0		5197.982756000
6	1420		5198.007646000
17		1358	5198.017577000
17		43	5198.075966000
6	0		5198.102252000
6	1420		5198.130455000
17		1358	5198.195662000
6	1420		5198.253244000
17		43	5198.261967000
6	0		5198.354994000
17		1358	5198.371322000
6	1420		5198.376057000
17		48	5198.447885000
17		35	5198.461552000
6	1420		5198.498885000
17		1358	5198.547338000
6	1420		5198.621678000
17		43	5198.634353000
6	856		5198.648206000
17		1358	5198.723394000
17		43	5198.727049000
6	0		5198.820031000
17		43	5198.820068000
6	1420		5198.820536000
17		1358	5198.856423000
6	1420		5198.881951000
17		1358	5198.988249000
17		43	5199.005937000
17		43	5199.098755000
17		1358	5199.120964000
6	0		5199.192059000
6	1420		5199.192566000
17		1358	5199.253453000
6	1420		5199.253932000
17		43	5199.285408000
17		1358	5199.385160000
17		43	5199.471409000
17		1358	5199.517509000
17		43	5199.563759000
17		1358	5199.648976000
6	0		5199.657014000
6	1420		5199.657551000
6	1420		5199.718968000
17		43	5199.750302000
17		1358	5199.781899000
17		1358	5199.913572000
17		43	5199.936228000
6	0		5200.029585000
6	1420		5200.030059000
17		1358	5200.045910000
6	1420		5200.091488000
17		43	5200.122481000
17		1358	5200.179118000
17		43	5200.307792000
17		1358	5200.309402000
6	0		5200.401123000
17		1358	5200.443196000
17		43	5200.494471000
17		1358	5200.576089000
6	0		5200.587107000
17		43	5200.680453000
17		1358	5200.708014000
17		1358	5200.839043000
17		43	5200.866339000
6	0		5200.958899000
17		1358	5200.971994000
17		43	5201.144784000
17		1358	5201.146316000
6	0		5201.237872000
17		43	5201.330757000
17		1358	5201.332190000
17		43	5201.517437000
17		1358	5201.518389000
6	0		5201.609938000
17		43	5201.702687000
17		1358	5201.704200000
17		48	5201.796152000
17		35	5201.810230000
17		1358	5201.837277000
17		43	5201.981840000
17		1358	5201.983447000
6	871		5202.052249000
6	0		5202.052295000
6	1080		5202.053421000
6	0		5202.075137000
17		43	5202.168491000
17		1358	5202.170013000
17		43	5202.261165000
17		1358	5202.303217000
6	0		5202.446738000
6	1420		5202.447227000
6	1420		5202.508654000
17		43	5202.540366000
17		1358	5202.542004000
17		43	5202.633020000
17		1358	5202.684079000
6	1080		5202.722249000
17		43	5202.819352000
17		1358	5202.826248000
6	0		5202.911671000
6	1420		5202.912169000
6	1420		5202.973611000
17		43	5203.005271000
17		1358	5203.006882000
17		43	5203.098096000
17		1358	5203.148946000
17		43	5203.191554000
17		43	5203.284397000
17		1358	5203.290582000
17		43	5203.377466000
6	1080		5203.426230000
17		1358	5203.432315000
17		43	5203.470143000
17		43	5203.562818000
17		1358	5203.574279000
17		43	5203.656556000
17		1358	5203.710946000
17		43	5203.749688000
17		43	5203.842521000
17		1358	5203.846748000
17		43	5203.935503000
17		1358	5203.984358000
17		43	5204.028211000
17		1358	5204.121237000
17		43	5204.121572000
17		48	5204.213909000
17		35	5204.228894000
17		1358	5204.258288000
17		1358	5204.394261000
6	0		5204.399827000
6	1420		5204.400377000
6	1420		5204.461773000
17		43	5204.492715000
17		1358	5204.531234000
6	1420		5204.584565000
17		43	5204.586271000
17		1358	5204.641189000
17		43	5204.679078000
6	1420		5204.707382000
17		1358	5204.750339000
6	1420		5204.830214000
6	1080		5204.834227000
17		1358	5204.859294000
6	0		5204.864834000
6	1420		5204.952968000
17		43	5204.957910000
17		1358	5204.969623000
6	0		5205.031990000
6	0		5205.032064000
17		43	5205.050964000
6	0		5205.071825000
6	12		5205.072055000
6	1420		5205.075807000
17		1358	5205.078779000
6	0		5205.111635000
6	12		5205.111673000
6	0		5205.111683000
6	1		5205.111846000
6	4		5205.111860000
6	32		5205.111870000
6	0		5205.111883000
17		675	5205.144303000
17		43	5205.144330000
17		39	5205.145256000
6	0		5205.151231000
6	0		5205.151330000
6	0		5205.151392000
6	0		5205.151523000
6	0		5205.151535000
17		87	5205.153737000
17		33	5205.154256000
17		1358	5205.188053000
6	1420		5205.198616000
17		43	5205.237243000
6	0		5205.241345000
6	0		5205.241398000
17		1358	5205.297310000
6	1420		5205.321421000
17		43	5205.330097000
17		43	5205.422844000
6	1420		5205.444207000
6	0		5205.465830000
6	41		5205.471944000
17		43	5205.516154000
6	1420		5205.566985000
17		43	5205.609010000
6	1420		5205.689810000
6	0		5205.696419000
6	21		5205.698621000
6	0		5205.698668000
6	1080		5205.700077000
17		43	5205.702363000
17		43	5205.795555000
6	1420		5205.812613000
6	440		5205.924782000
6	1420		5205.935438000
6	0		5205.966232000
6	0		5205.981097000
6	1420		5206.058238000
17		43	5206.074059000
6	1420		5206.181043000
6	48		5206.190664000
6	0		5206.190712000
6	280		5206.195243000
17		43	5206.260020000
6	1420		5206.303830000
6	0		5206.353471000
17		43	5206.353502000
6	1420		5206.426654000
6	16		5206.426786000
6	0		5206.470234000
17		43	5206.538882000
17		1358	5206.540223000
6	1420		5206.549455000
6	0		5206.632361000
6	1420		5206.672280000
6	52		5206.694673000
6	0		5206.694710000
6	52		5206.694862000
17		43	5206.724748000
17		1358	5206.726378000
6	1420		5206.795062000
17		47	5206.911401000
17		43	5206.911434000
17		41	5206.911442000
17		1358	5206.912998000
6	1420		5206.917881000
6	84		5206.922995000
17		33	5206.937127000
6	0		5206.966236000
17		48	5207.004414000
17		35	5207.017861000
6	1420		5207.040683000
17		1358	5207.044201000
6	0		5207.097837000
6	1420		5207.163487000
17		43	5207.190490000
17		1358	5207.192078000
6	1420		5207.286304000
6	0		5207.376656000
6	1420		5207.409097000
6	1420		5207.531914000
6	0		5207.562562000
6	1420		5207.654721000
6	1080		5207.682226000
6	0		5207.748117000
6	1420		5207.777554000
6	1420		5207.900308000
6	0		5207.934108000
6	1420		5207.998553000
6	1420		5208.096785000
6	0		5208.119977000
6	1420		5208.195042000
17		43	5208.212975000
17		1358	5208.214720000
6	1420		5208.293290000
17		1358	5208.345241000
6	1420		5208.391551000
6	0		5208.398738000
17		1358	5208.475391000
17		43	5208.491754000
6	1420		5208.499141000
17		1358	5208.606247000
6	1420		5208.606700000
17		43	5208.677749000
6	1420		5208.714357000
17		1358	5208.736114000
6	0		5208.771404000
6	1420		5208.819436000
17		1358	5208.866641000
6	68		5208.874583000
6	1420		5208.924544000
17		43	5208.956875000
17		1358	5208.996145000
6	1420		5209.029629000
6	0		5209.050259000
6	52		5209.101473000
6	0		5209.101511000
6	0		5209.101529000
6	0		5209.103204000
17		1358	5209.126346000
6	1420		5209.134712000
17		43	5209.143014000
6	0		5209.236191000
6	1420		5209.239838000
17		1358	5209.256381000
6	0		5209.327565000
6	1420		5209.344936000
17		1358	5209.386400000
6	0		5209.421923000
6	1420		5209.450037000
17		1358	5209.516422000
6	0		5209.608623000
6	1420		5209.614970000
17		1358	5209.646211000
17		1358	5209.776134000
6	1420		5209.779906000
6	0		5209.794635000
17		1358	5209.906369000
6	1420		5209.944918000
17		43	5209.980374000
6	0		5209.980401000
17		1358	5210.035695000
6	1420		5210.109836000
17		43	5210.165920000
17		1358	5210.166379000
6	0		5210.259413000
6	1420		5210.274729000
17		1358	5210.295942000
17		43	5210.352540000
17		1358	5210.426398000
6	1420		5210.437311000
17		43	5210.537799000
17		1358	5210.556387000
6	1420		5210.599887000
6	0		5210.631028000
17		1358	5210.686375000
6	1420		5210.762440000
17		1358	5210.816515000
17		43	5210.816715000
6	0		5210.909914000
6	1420		5210.924993000
17		1358	5210.946371000
17		43	5211.003033000
17		1358	5211.077736000
6	1420		5211.087581000
17		43	5211.188937000
17		1358	5211.206461000
6	1420		5211.250145000
6	0		5211.282265000
17		1358	5211.337519000
6	1420		5211.372047000
17		43	5211.375504000
17		1358	5211.466360000
6	1420		5211.494004000
6	0		5211.561199000
17		43	5211.561231000
17		1358	5211.597132000
17		1358	5211.726443000
17		43	5211.746865000
6	0		5211.840059000
17		1358	5211.857316000
17		43	5211.933162000
17		1358	5211.986587000
17		1358	5212.117906000
17		43	5212.118980000
17		43	5212.212350000
17		1358	5212.246535000
6	0		5212.305545000
17		1358	5212.377328000
17		48	5212.397909000
17		35	5212.411466000
17		1358	5212.506637000
17		43	5212.583945000
17		1358	5212.637404000
6	0		5212.677141000
17		1358	5212.767112000
17		43	5212.769682000
17		1358	5212.897422000
17		43	5212.956614000
17		1358	5213.027382000
17		43	5213.049043000
6	0		5213.141932000
17		43	5213.141960000
6	0		5213.151994000
6	0		5213.152058000
17		1358	5213.157550000
6	0		5213.191158000
6	12		5213.191423000
6	0		5213.230613000
6	12		5213.230656000
6	0		5213.230671000
6	1		5213.230866000
6	4		5213.230886000
6	32		5213.230896000
6	0		5213.230907000
6	0		5213.270043000
6	0		5213.270143000
6	0		5213.270152000
6	0		5213.270189000
6	0		5213.270212000
6	0		5213.270292000
17		1358	5213.288460000
6	1080		5213.314228000
17		43	5213.327953000
17		1358	5213.417561000
6	0		5213.421181000
6	1420		5213.421712000
6	1420		5213.482703000
17		43	5213.513925000
17		1358	5213.548460000
17		1358	5213.677719000
17		43	5213.699784000
17		43	5213.793205000
17		1358	5213.808400000
6	0		5213.886384000
6	1420		5213.886960000
17		1358	5213.937796000
6	1420		5213.947871000
17		43	5213.978940000
17		1358	5214.068689000
17		43	5214.164917000
17		1358	5214.197983000
6	0		5214.258257000
6	1420		5214.258755000
6	1420		5214.319689000
17		1358	5214.328514000
17		43	5214.351302000
17		1358	5214.458309000
17		43	5214.537168000
17		1358	5214.588148000
17		43	5214.629818000
17		1358	5214.717626000
17		43	5214.722706000
17		43	5214.816522000
6	0		5214.816548000
6	1420		5214.817088000
17		1358	5214.848442000
17		43	5214.909339000
17		1358	5214.977728000
17		43	5215.001914000
17		43	5215.095217000
17		654	5215.095245000
17		39	5215.096337000
17		87	5215.104738000
17		33	5215.104787000
17		1358	5215.108232000
17		48	5215.188335000
17		35	5215.202205000
17		1358	5215.238422000
17		43	5215.281460000
17		1358	5215.368515000
17		43	5215.373722000
17		43	5215.466793000
17		1358	5215.498509000
17		43	5215.559892000
17		1358	5215.628602000
17		43	5215.652729000
17		43	5215.746037000
17		1353	5215.746067000
17		39	5215.747123000
17		1358	5215.759415000
17		60	5215.838850000
17		95	5215.856011000
17		287	5215.856048000
17		1358	5215.888150000
6	0		5215.931831000
17		43	5215.931865000
6	1420		5215.932380000
6	1420		5215.993307000
17		1358	5216.019519000
17		43	5216.025523000
6	1420		5216.115267000
17		43	5216.117903000
17		1358	5216.148463000
6	1420		5216.237162000
17		1358	5216.252862000
17		43	5216.303699000
17		1358	5216.356835000
6	1420		5216.359064000
6	0		5216.397346000
17		1358	5216.460463000
6	1420		5216.481027000
17		43	5216.490545000
17		1358	5216.564038000
17		43	5216.583483000
6	1420		5216.602924000
17		1358	5216.669023000
6	1420		5216.724870000
6	0		5216.769551000
17		1358	5216.773133000
6	1420		5216.846756000
17		43	5216.862249000
17		1358	5216.876093000
17		43	5216.955115000
6	1420		5216.968690000
17		1358	5216.980434000
17		43	5217.048339000
17		1358	5217.084537000
6	1420		5217.090674000
17		43	5217.141173000
17		1358	5217.188743000
6	1420		5217.212634000
17		1358	5217.293622000
17		43	5217.326874000
6	1420		5217.334434000
17		1358	5217.396168000
17		47	5217.419702000
17		41	5217.419727000
17		33	5217.445883000
6	1420		5217.456341000
17		1358	5217.500805000
17		43	5217.513648000
6	0		5217.513693000
6	1420		5217.578270000
17		1358	5217.604520000
17		43	5217.605782000
17		48	5217.698809000
6	1420		5217.700163000
17		35	5217.712313000
17		1358	5217.777867000
17		43	5217.792757000
17		41	5217.792779000
6	1420		5217.822123000
17		47	5217.884914000
17		43	5217.884938000
17		33	5217.911593000
6	1420		5217.944027000
17		1358	5217.951613000
17		43	5217.977905000
17		41	5217.977927000
6	1420		5218.065966000
17		1358	5218.124369000
6	0		5218.164417000
6	1420		5218.187883000
17		43	5218.257071000
6	1420		5218.309812000
6	1420		5218.431715000
17		43	5218.443114000
6	0		5218.536305000
6	1420		5218.553621000
17		43	5218.629180000
6	1420		5218.675549000
17		43	5218.721786000
6	1420		5218.797472000
17		43	5218.907835000
6	1420		5218.919394000
6	0		5219.001182000
6	1420		5219.041385000
17		43	5219.093750000
6	1420		5219.163235000
6	0		5219.250574000
6	0		5219.250621000
17		43	5219.279761000
6	1420		5219.285130000
6	0		5219.372978000
6	1420		5219.407100000
17		43	5219.466458000
6	1420		5219.529106000
6	1420		5219.650896000
17		43	5219.652174000
6	0		5219.745258000
17		43	5219.745294000
6	1420		5219.772833000
17		43	5219.838494000
6	1420		5219.894762000
6	1420		5220.016707000
17		43	5220.024073000
6	0		5220.117315000
6	1420		5220.138634000
17		43	5220.210316000
6	1420		5220.260523000
6	1420		5220.382448000
17		43	5220.395831000
6	0		5220.489046000
6	1420		5220.504364000
17		43	5220.581995000
17		1358	5220.583534000
6	1420		5220.626299000
6	1420		5220.748210000
17		43	5220.768568000
17		1358	5220.769385000
6	0		5220.860802000
6	1420		5220.870113000
17		1358	5220.897608000
17		48	5220.953719000
17		35	5220.967617000
6	1420		5220.992066000
17		1358	5221.025166000
6	1420		5221.113978000
6	0		5221.139722000
17		1358	5221.151573000
17		43	5221.233392000
6	1420		5221.235841000
17		1358	5221.279624000
6	1420		5221.357790000
17		1358	5221.406880000
17		43	5221.419122000
6	1420		5221.479732000
6	0		5221.512500000
17		1358	5221.533658000
6	1420		5221.601627000
6	0		5221.636147000
17		1358	5221.661739000
6	1420		5221.723565000
6	0		5221.760280000
17		1358	5221.788111000
6	1420		5221.845465000
6	0		5221.883664000
17		1358	5221.916776000
6	0		5221.946236000
6	1420		5221.967378000
17		1358	5222.043597000
6	0		5222.070033000
6	1420		5222.089311000
17		1358	5222.170715000
6	0		5222.193943000
6	1420		5222.211203000
17		1358	5222.298692000
6	0		5222.317644000
6	1420		5222.333155000
17		1358	5222.425111000
6	0		5222.441728000
6	1420		5222.455078000
17		1358	5222.553000000
6	0		5222.566480000
6	1420		5222.576985000
17		1358	5222.680572000
17		43	5222.689911000
6	1420		5222.694658000
6	0		5222.752076000
17		1358	5222.806801000
6	1420		5222.812352000
17		43	5222.875753000
6	1420		5222.930055000
17		1358	5222.934618000
6	0		5222.937946000
17		43	5222.999896000
6	1420		5223.047757000
17		1358	5223.061292000
17		43	5223.123725000
6	1420		5223.165450000
6	0		5223.185901000
17		1358	5223.189325000
17		43	5223.248083000
6	1420		5223.283088000
17		1358	5223.316700000
17		43	5223.372026000
6	1420		5223.400789000
6	0		5223.434205000
17		1358	5223.443639000
17		43	5223.496142000
6	1420		5223.518477000
17		1358	5223.571225000
17		43	5223.619963000
6	1420		5223.636155000
6	0		5223.682058000
17		43	5223.682093000
17		1358	5223.697996000
6	1420		5223.753838000
17		43	5223.805814000
17		1358	5223.825765000
6	0		5223.868289000
6	1420		5223.871512000
17		43	5223.930043000
17		1358	5223.954258000
6	1420		5223.989258000
17		43	5224.053653000
17		1358	5224.080070000
6	1420		5224.107023000
6	0		5224.115896000
17		43	5224.178491000
17		1358	5224.208626000
6	1420		5224.225336000
17		43	5224.301722000
17		1358	5224.334721000
6	1420		5224.342270000
6	0		5224.363936000
17		43	5224.426029000
6	1420		5224.459975000
17		1358	5224.462717000
17		43	5224.549881000
6	1420		5224.577683000
6	1080		5224.578232000
17		1358	5224.589991000
6	0		5224.612390000
17		43	5224.674327000
6	1420		5224.695338000
17		1358	5224.716626000
17		48	5224.797782000
17		35	5224.811714000
6	1420		5224.813022000
17		1358	5224.844370000
6	0		5224.860199000
17		43	5224.921721000
6	1420		5224.930696000
17		1358	5224.971640000
6	0		5224.983953000
17		43	5225.045853000
6	1420		5225.048395000
17		1358	5225.073689000
6	1420		5225.166110000
17		43	5225.169931000
17		1358	5225.175709000
6	0		5225.232591000
17		1358	5225.277742000
6	1420		5225.283745000
17		43	5225.294064000
17		1358	5225.379059000
6	1420		5225.401442000
17		43	5225.417742000
6	0		5225.479924000
17		1358	5225.481080000
6	1420		5225.519153000
17		43	5225.542033000
17		1358	5225.583123000
6	1420		5225.636807000
17		43	5225.666125000
17		1358	5225.684849000
6	0		5225.728424000
6	1420		5225.754498000
17		1358	5225.785645000
17		43	5225.790078000
6	1420		5225.872190000
17		1358	5225.888369000
17		43	5225.914120000
6	0		5225.976195000
6	1420		5225.989864000
17		1358	5225.990683000
17		43	5226.037860000
17		1358	5226.091977000
17		43	5226.099895000
6	1420		5226.107585000
6	0		5226.162400000
17		1358	5226.193259000
17		43	5226.223866000
6	1420		5226.225241000
17		1358	5226.295663000
6	1420		5226.342947000
6	0		5226.347712000
17		1358	5226.397538000
17		43	5226.410243000
6	1420		5226.460632000
17		1358	5226.498851000
17		43	5226.533857000
6	1420		5226.575927000
6	0		5226.596600000
17		1358	5226.600509000
17		43	5226.658237000
6	1420		5226.691206000
17		1358	5226.702679000
17		43	5226.782024000
17		1358	5226.804687000
6	1420		5226.806479000
6	0		5226.844422000
17		43	5226.905934000
17		1358	5226.907639000
6	1420		5226.921778000
17		43	5227.030267000
6	1420		5227.037060000
17		1358	5227.075694000
6	0		5227.092548000
6	1420		5227.152356000
17		43	5227.153999000
17		48	5227.216554000
17		35	5227.230886000
6	0		5227.236666000
6	0		5227.236719000
17		707	5227.243701000
6	1420		5227.267634000
17		43	5227.277837000
6	0		5227.340125000
6	1420		5227.382919000
17		43	5227.402301000
6	0		5227.429789000
6	0		5227.429845000
6	1420		5227.498227000
6	0		5227.514361000
6	41		5227.521683000
17		43	5227.526402000
6	0		5227.570557000
6	0		5227.587721000
6	0		5227.606206000
6	21		5227.607125000
6	0		5227.607149000
6	1080		5227.608291000
6	1420		5227.613507000
17		43	5227.649784000
6	0		5227.692396000
6	440		5227.692660000
6	1420		5227.728797000
6	0		5227.734218000
17		43	5227.774113000
6	48		5227.818329000
6	0		5227.818365000
6	280		5227.822741000
6	0		5227.836260000
6	1420		5227.844100000
17		43	5227.898223000
6	0		5227.906861000
6	16		5227.912384000
6	0		5227.954223000
6	1420		5227.959392000
17		43	5228.022581000
6	52		5228.038340000
6	0		5228.038378000
6	52		5228.038685000
6	1420		5228.074678000
17		43	5228.083751000
6	100		5228.122848000
6	0		5228.146433000
6	0		5228.166209000
6	1420		5228.189965000
17		43	5228.208034000
6	1420		5228.305245000
17		43	5228.332421000
6	0		5228.393706000
17		43	5228.393730000
6	1420		5228.420541000
17		43	5228.518020000
17		1028	5228.518047000
17		34	5228.518670000
17		1358	5228.519401000
6	1420		5228.535812000
6	0		5228.580559000
17		1358	5228.631703000
17		43	5228.642363000
6	1420		5228.651088000
17		1358	5228.742791000
17		43	5228.765850000
6	1420		5228.766353000
17		43	5228.827845000
17		1358	5228.853726000
6	1420		5228.881712000
6	0		5228.890015000
17		43	5228.952004000
17		1358	5228.961068000
6	1420		5228.996970000
17		1358	5229.069252000
6	0		5229.076569000
6	1420		5229.112280000
17		43	5229.137693000
17		1358	5229.175868000
17		43	5229.200178000
6	1420		5229.227547000
6	0		5229.262357000
17		1358	5229.284162000
6	1420		5229.342833000
6	0		5229.385658000
17		1358	5229.391159000
6	1420		5229.458118000
17		1358	5229.499695000
6	0		5229.510586000
6	1420		5229.573427000
17		1358	5229.606476000
6	0		5229.634262000
6	1420		5229.665638000
17		1358	5229.714786000
6	1420		5229.757862000
6	0		5229.758125000
17		1358	5229.821878000
6	1420		5229.850080000
6	0		5229.882439000
6	0		5229.928136000
6	0		5229.928193000
17		1358	5229.929855000
6	1420		5229.942336000
17		49	5229.943870000
17		35	5229.957993000
6	1420		5230.034574000
17		1358	5230.037777000
17		43	5230.068251000
6	0		5230.117833000
6	41		5230.125331000
6	1420		5230.126772000
6	0		5230.130552000
17		1358	5230.145863000
17		43	5230.192114000
6	1420		5230.219035000
17		1358	5230.252598000
6	1420		5230.311255000
6	0		5230.314630000
17		43	5230.315812000
6	21		5230.320681000
6	0		5230.320713000
6	1080		5230.321737000
17		1358	5230.360838000
6	0		5230.377720000
6	1420		5230.403479000
17		43	5230.440092000
17		1358	5230.467852000
6	1420		5230.495723000
6	440		5230.511533000
6	0		5230.554234000
17		43	5230.563943000
17		1358	5230.576005000
6	1420		5230.587942000
6	0		5230.626288000
6	1420		5230.680193000
17		1358	5230.683503000
17		43	5230.688393000
6	48		5230.743514000
6	0		5230.743553000
6	280		5230.748377000
17		43	5230.749765000
6	68		5230.761941000
6	1420		5230.772422000
17		1358	5230.791870000
6	0		5230.812057000
6	52		5230.846147000
6	0		5230.846201000
6	0		5230.846230000
6	0		5230.847823000
6	1420		5230.864654000
17		43	5230.874400000
17		1358	5230.899620000
6	0		5230.931948000
6	16		5230.944977000
6	1420		5230.956896000
6	0		5230.986209000
17		43	5230.998414000
6	0		5230.998461000
17		1358	5231.006882000
6	1420		5231.049170000
17		1358	5231.114546000
17		43	5231.121886000
6	1420		5231.141365000
6	0		5231.159100000
6	0		5231.159141000
6	52		5231.175551000
6	0		5231.175595000
6	52		5231.175745000
6	0		5231.184052000
17		1358	5231.221569000
6	1420		5231.233582000
17		43	5231.246547000
6	1420		5231.325807000
17		1358	5231.329858000
6	84		5231.367121000
17		43	5231.371176000
6	0		5231.410238000
6	1420		5231.418070000
6	0		5231.432525000
17		1358	5231.436774000
17		43	5231.494423000
17		1358	5231.545010000
6	1420		5231.571736000
6	0		5231.618505000
17		1358	5231.652157000
17		43	5231.680007000
6	1420		5231.725476000
17		1358	5231.761069000
17		43	5231.803823000
6	0		5231.866873000
17		1358	5231.867827000
6	1420		5231.879216000
17		43	5231.929017000
17		1358	5231.976145000
17		43	5231.990479000
6	1420		5232.032911000
6	0		5232.051661000
17		1358	5232.082775000
17		43	5232.114266000
6	1420		5232.186617000
17		1358	5232.190911000
17		43	5232.238200000
17		1358	5232.298623000
6	0		5232.300357000
6	1420		5232.340321000
17		1358	5232.406894000
17		48	5232.424236000
17		35	5232.437860000
6	0		5232.477123000
6	0		5232.477187000
6	0		5232.486447000
6	1420		5232.494022000
17		1358	5232.513880000
17		43	5232.548122000
17		1358	5232.621817000
6	1420		5232.645708000
17		43	5232.671835000
17		1358	5232.728849000
6	0		5232.734255000
17		43	5232.796260000
6	1420		5232.797335000
17		1358	5232.836806000
6	0		5232.903347000
6	41		5232.909453000
17		43	5232.920051000
17		1358	5232.944755000
6	1420		5232.945989000
6	0		5232.982660000
17		43	5233.044334000
17		1358	5233.052880000
6	1420		5233.094687000
17		1358	5233.159405000
6	0		5233.168157000
6	0		5233.169038000
6	21		5233.171289000
6	0		5233.171319000
6	1080		5233.172339000
6	1420		5233.206191000
6	440		5233.224852000
17		43	5233.229663000
6	0		5233.266207000
17		1358	5233.267638000
17		43	5233.292505000
6	1420		5233.317692000
17		43	5233.353965000
17		1358	5233.374750000
6	0		5233.416079000
6	1420		5233.429167000
17		43	5233.478195000
17		1358	5233.482725000
6	1420		5233.538532000
17		1358	5233.590901000
17		43	5233.602046000
6	48		5233.612118000
6	0		5233.612160000
6	280		5233.616376000
6	1420		5233.647863000
17		43	5233.664191000
17		1358	5233.698268000
6	0		5233.726332000
6	68		5233.750031000
6	1420		5233.757167000
17		43	5233.788698000
17		1358	5233.806766000
6	1420		5233.866500000
17		43	5233.911804000
17		1358	5233.913281000
6	52		5233.947061000
6	0		5233.947104000
6	0		5233.947132000
6	0		5233.948218000
6	0		5233.974001000
6	1420		5233.975872000
17		1358	5234.022007000
17		43	5234.036700000
6	1420		5234.085173000
17		43	5234.098061000
17		708	5234.098088000
17		39	5234.099722000
17		83	5234.108063000
17		33	5234.108272000
17		1358	5234.128828000
6	0		5234.137492000
6	0		5234.144354000
6	1420		5234.194532000
17		43	5234.221849000
17		1358	5234.238148000
6	0		5234.284032000
6	1420		5234.303854000
17		1358	5234.344675000
17		43	5234.346212000
6	1420		5234.413232000
6	16		5234.445618000
17		1358	5234.452870000
17		43	5234.470142000
6	0		5234.486222000
6	1420		5234.522562000
6	0		5234.532323000
17		1358	5234.560026000
17		43	5234.593946000
6	1420		5234.631896000
17		48	5234.656229000
17		1358	5234.668041000
6	52		5234.709587000
6	0		5234.709640000
6	52		5234.709755000
6	1420		5234.741247000
17		1358	5234.774924000
17		43	5234.780270000
6	0		5234.842405000
6	1420		5234.850561000
17		1358	5234.882886000
17		43	5234.903674000
6	0		5234.948082000
6	1420		5234.959910000
17		1358	5234.989998000
6	84		5235.012577000
17		43	5235.028314000
6	0		5235.054232000
6	1420		5235.069255000
6	0		5235.090537000
17		1358	5235.097896000
17		43	5235.151900000
6	1420		5235.178617000
17		1358	5235.206052000
17		43	5235.276509000
6	1420		5235.287941000
17		1358	5235.312992000
6	0		5235.337694000
17		43	5235.400412000
17		1358	5235.420835000
17		43	5235.461767000
6	0		5235.524333000
17		1358	5235.527951000
17		43	5235.586402000
17		1358	5235.635933000
17		43	5235.710376000
17		1358	5235.743130000
6	0		5235.771662000
17		43	5235.834265000
17		1358	5235.851810000
17		47	5235.895836000
17		41	5235.895860000
17		33	5235.921746000
17		43	5235.958047000
17		1358	5235.958302000
6	0		5236.020240000
17		1358	5236.065560000
17		43	5236.082496000
17		1358	5236.174081000
17		43	5236.206036000
6	0		5236.268502000
17		1358	5236.280920000
17		43	5236.330454000
17		1358	5236.388969000
17		43	5236.454283000
17		1358	5236.496113000
6	0		5236.516506000
6	1420		5236.516997000
17		43	5236.577815000
17		1358	5236.605211000
17		43	5236.702501000
17		1358	5236.711417000
6	0		5236.764188000
6	1420		5236.764711000
17		1358	5236.819020000
6	1420		5236.819389000
17		43	5236.825910000
17		43	5236.887755000
17		1358	5236.927247000
6	0		5236.949928000
6	1420		5236.950474000
17		48	5237.011646000
17		35	5237.025990000
17		1358	5237.033991000
6	1420		5237.038075000
17		43	5237.136340000
6	68		5237.140625000
17		1358	5237.142137000
6	0		5237.197707000
6	1420		5237.198169000
17		1358	5237.228057000
6	1420		5237.256754000
17		43	5237.260348000
6	0		5237.273818000
6	0		5237.273871000
6	0		5237.313204000
6	12		5237.313454000
17		1358	5237.315367000
17		43	5237.322082000
6	0		5237.352386000
6	12		5237.352440000
6	0		5237.352452000
6	1		5237.352632000
6	4		5237.352653000
6	32		5237.352665000
6	0		5237.352679000
17		43	5237.383627000
6	0		5237.391526000
6	0		5237.391620000
6	0		5237.391673000
6	0		5237.391891000
6	0		5237.391920000
6	52		5237.397313000
6	0		5237.397351000
6	0		5237.398623000
17		1358	5237.400460000
17		43	5237.445801000
6	0		5237.477853000
6	0		5237.477894000
17		1358	5237.486456000
6	0		5237.491610000
17		43	5237.508518000
17		43	5237.570496000
17		1358	5237.572014000
17		43	5237.631992000
17		1358	5237.659085000
17		43	5237.694393000
17		1358	5237.745168000
17		43	5237.756517000
17		43	5237.818598000
17		1358	5237.831306000
17		43	5237.879716000
17		1358	5237.916855000
17		1358	5238.003043000
17		43	5238.004122000
17		43	5238.066189000
17		1358	5238.089036000
6	0		5238.128699000
6	1420		5238.129194000
17		1358	5238.175321000
6	1420		5238.183838000
17		43	5238.190439000
17		1358	5238.260969000
6	1420		5238.293199000
17		43	5238.314206000
17		1358	5238.347216000
6	0		5238.376899000
6	1420		5238.402525000
17		1358	5238.433258000
17		43	5238.438693000
6	1420		5238.511852000
17		1358	5238.518981000
17		43	5238.561695000
17		1358	5238.605034000
6	1420		5238.621202000
6	0		5238.624562000
17		43	5238.686361000
6	1420		5238.730540000
17		1358	5238.748007000
17		48	5238.809892000
17		35	5238.824073000
6	1420		5238.839903000
17		43	5238.872745000
17		1358	5238.889977000
17		43	5238.934457000
6	0		5238.934503000
6	1420		5238.949213000
17		43	5238.996230000
17		1358	5239.027997000
17		43	5239.058483000
6	1420		5239.058559000
17		43	5239.120314000
17		1358	5239.127656000
6	1420		5239.167905000
17		43	5239.182107000
17		1358	5239.223988000
17		43	5239.244540000
6	1420		5239.277253000
17		43	5239.306484000
17		917	5239.319073000
6	1420		5239.386576000
17		43	5239.429915000
6	0		5239.492106000
6	1420		5239.495928000
17		43	5239.554116000
6	1420		5239.605255000
17		43	5239.616179000
6	0		5239.677670000
6	1420		5239.714590000
17		43	5239.739666000
6	1420		5239.823966000
17		43	5239.863998000
17		43	5239.926332000
6	1420		5239.933297000
6	0		5239.988322000
17		1112	5239.988348000
17		41	5239.989066000
17		1358	5239.992012000
6	1420		5240.042632000
17		1358	5240.079023000
17		43	5240.111951000
6	1420		5240.151978000
17		1358	5240.165115000
6	0		5240.174463000
17		43	5240.235627000
17		1358	5240.250800000
6	1420		5240.261295000
17		1358	5240.337588000
17		43	5240.359932000
6	1420		5240.370652000
6	0		5240.422121000
17		1358	5240.423046000
6	1420		5240.479991000
17		43	5240.483961000
17		1358	5240.509240000
6	1420		5240.590939000
17		1358	5240.596260000
17		43	5240.608413000
6	0		5240.670316000
17		43	5240.670342000
17		1358	5240.681697000
6	1420		5240.698669000
17		1358	5240.767079000
6	0		5240.794307000
6	1420		5240.808020000
17		1358	5240.853999000
6	1420		5240.917350000
6	0		5240.918544000
17		1358	5240.940165000
17		1358	5241.025180000
6	1420		5241.026683000
6	0		5241.042035000
17		43	5241.042062000
17		49	5241.104371000
17		1358	5241.110947000
6	1420		5241.136007000
17		1358	5241.198002000
17		43	5241.227721000
6	1420		5241.245355000
17		1358	5241.284051000
6	0		5241.290358000
17		43	5241.352500000
6	1420		5241.354702000
17		1358	5241.368990000
17		43	5241.413909000
17		1358	5241.456072000
6	1420		5241.464083000
17		43	5241.538298000
17		1358	5241.541516000
6	1420		5241.573393000
6	0		5241.600102000
17		1358	5241.628037000
17		43	5241.662579000
6	1420		5241.682717000
17		1358	5241.714089000
17		43	5241.786410000
6	1420		5241.792208000
17		1358	5241.799998000
6	0		5241.847673000
17		1358	5241.886202000
6	1420		5241.901397000
17		43	5241.910227000
17		1358	5241.972008000
6	1420		5242.004942000
17		43	5242.033850000
17		1358	5242.057990000
6	0		5242.096339000
6	1420		5242.108094000
17		1358	5242.144040000
17		43	5242.158288000
6	1420		5242.211427000
17		1358	5242.230910000
17		43	5242.282579000
6	1420		5242.314768000
17		1358	5242.316119000
17		43	5242.344324000
17		1358	5242.401928000
6	0		5242.406507000
6	1420		5242.418101000
17		43	5242.468185000
17		1358	5242.488324000
6	1420		5242.521444000
17		1358	5242.574151000
17		43	5242.591841000
6	1420		5242.624778000
6	0		5242.654643000
17		1358	5242.660037000
17		43	5242.716091000
6	1420		5242.728127000
17		1358	5242.746670000
6	1420		5242.831479000
17		1358	5242.832272000
17		43	5242.839950000
17		43	5242.901738000
17		1358	5242.917992000
6	1420		5242.934799000
6	0		5242.963837000
17		43	5242.963863000
17		1358	5243.005167000
6	1420		5243.038140000
17		43	5243.088497000
17		1358	5243.089837000
6	1420		5243.141505000
6	0		5243.149660000
17		1358	5243.176661000
17		43	5243.211677000
6	1420		5243.244847000
17		1358	5243.263017000
17		48	5243.336302000
6	1420		5243.348181000
17		1358	5243.349114000
17		43	5243.398287000
17		1358	5243.435232000
6	1420		5243.451519000
6	0		5243.460522000
17		1358	5243.521146000
17		43	5243.521822000
6	1420		5243.554884000
17		1358	5243.606972000
17		43	5243.646088000
6	1420		5243.658232000
17		1358	5243.692997000
6	0		5243.708670000
6	1420		5243.761529000
17		43	5243.770333000
17		1358	5243.778330000
6	1420		5243.864886000
17		1358	5243.865026000
17		43	5243.893856000
17		1358	5243.951095000
6	0		5243.956377000
6	1420		5243.968224000
17		43	5244.018426000
17		1358	5244.037267000
6	1420		5244.050892000
17		43	5244.079690000
17		1358	5244.123839000
6	1420		5244.133532000
17		43	5244.141955000
6	0		5244.204112000
17		1358	5244.209249000
6	1420		5244.216256000
17		43	5244.266139000
17		1358	5244.295693000
6	1420		5244.298872000
6	1420		5244.381550000
17		1358	5244.382119000
17		43	5244.390249000
6	0		5244.452571000
6	1420		5244.464226000
17		1358	5244.467202000
17		43	5244.514574000
6	1420		5244.546894000
17		1358	5244.553274000
6	1420		5244.629576000
17		43	5244.637730000
17		1358	5244.640097000
17		43	5244.700035000
6	1420		5244.712249000
17		1358	5244.726040000
6	0		5244.762509000
6	1420		5244.794937000
17		1358	5244.811083000
17		43	5244.824282000
6	1420		5244.877575000
17		1358	5244.897840000
17		43	5244.947897000
6	1420		5244.960231000
17		1358	5244.983671000
6	0		5245.010325000
6	1420		5245.042902000
17		1358	5245.069262000
17		43	5245.071959000
17		776	5245.071990000
17		39	5245.072927000
17		87	5245.081061000
17		33	5245.081142000
6	1420		5245.125579000
17		1358	5245.156160000
17		43	5245.195702000
17		1358	5245.241735000
6	0		5245.258509000
17		43	5245.258536000
6	1420		5245.259044000
17		43	5245.320194000
17		1358	5245.327574000
6	1420		5245.346029000
17		1358	5245.414226000
17		48	5245.444514000
17		35	5245.457940000
17		1358	5245.500384000
6	0		5245.505746000
6	1420		5245.506250000
17		43	5245.567893000
17		1358	5245.585741000
6	1420		5245.621602000
17		1358	5245.673298000
17		43	5245.691845000
6	0		5245.754238000
17		1358	5245.758243000
6	1420		5245.759362000
17		43	5245.815861000
17		1358	5245.827185000
17		1358	5245.896331000
6	1420		5245.897135000
17		43	5245.940299000
17		1358	5245.964970000
17		43	5246.002343000
17		1358	5246.033197000
6	0		5246.064828000
17		1358	5246.102237000
17		43	5246.126569000
17		1358	5246.171154000
17		1358	5246.240790000
17		43	5246.250261000
17		1358	5246.309185000
6	0		5246.312208000
17		43	5246.312237000
17		1358	5246.378268000
17		43	5246.435999000
17		1358	5246.447211000
6	0		5246.497770000
17		1358	5246.515699000
17		1358	5246.584201000
17		43	5246.621974000
17		1358	5246.653256000
6	0		5246.683703000
17		1358	5246.722171000
17		43	5246.746377000
17		1358	5246.790899000
17		43	5246.870086000
17		1358	5246.906298000
6	0		5246.932659000
17		43	5246.993674000
17		1358	5247.020327000
17		43	5247.117954000
17		1358	5247.135248000
6	0		5247.180163000
17		43	5247.242556000
17		1358	5247.249627000
17		1358	5247.364236000
17		43	5247.365841000
6	0		5247.427723000
6	0		5247.442352000
6	0		5247.442410000
17		1358	5247.479220000
17		43	5247.491045000
17		43	5247.551704000
17		41	5247.551735000
17		1358	5247.593406000
17		47	5247.613803000
17		41	5247.613829000
17		33	5247.639481000
6	0		5247.675970000
6	0		5247.695238000
6	41		5247.702665000
17		1358	5247.709818000
17		43	5247.737780000
17		1358	5247.824156000
17		48	5247.862283000
17		35	5247.876175000
6	0		5247.924526000
6	1420		5247.925010000
17		1358	5247.938868000
6	0		5247.955268000
6	21		5247.969650000
6	0		5247.969704000
6	1080		5247.970661000
6	1420		5247.976675000
17		43	5247.986474000
17		1358	5248.024136000
17		43	5248.047887000
17		1358	5248.110311000
6	1080		5248.134225000
17		43	5248.172366000
17		1358	5248.197244000
6	440		5248.232428000
6	0		5248.233919000
6	1420		5248.234400000
6	0		5248.274222000
17		1358	5248.282145000
6	1420		5248.286068000
17		43	5248.296318000
17		43	5248.358550000
17		1358	5248.368134000
17		1358	5248.455179000
17		43	5248.482465000
6	48		5248.526746000
6	0		5248.526784000
6	280		5248.530929000
17		1358	5248.540338000
17		43	5248.543688000
6	0		5248.606060000
6	1420		5248.606538000
17		1358	5248.626559000
6	1420		5248.658250000
17		43	5248.667724000
17		1358	5248.713003000
17		43	5248.730756000
17		43	5248.792396000
17		1358	5248.798515000
6	16		5248.810843000
6	0		5248.854203000
17		43	5248.854540000
17		1358	5248.884362000
17		43	5248.915733000
17		1358	5248.970891000
17		43	5248.977951000
17		43	5249.040294000
17		1358	5249.057300000
17		43	5249.101735000
6	52		5249.106769000
6	0		5249.106804000
6	52		5249.106884000
17		1358	5249.143232000
17		43	5249.164534000
17		43	5249.226222000
17		1358	5249.227161000
17		43	5249.287969000
17		1358	5249.315364000
17		43	5249.350980000
6	84		5249.363758000
17		1358	5249.400829000
6	0		5249.406237000
17		48	5249.412409000
17		35	5249.426016000
17		43	5249.474339000
17		1358	5249.487214000
17		43	5249.536735000
17		1358	5249.567353000
17		43	5249.598139000
17		1358	5249.647786000
17		43	5249.660609000
17		43	5249.722277000
17		1358	5249.728298000
17		43	5249.783940000
17		1358	5249.808402000
17		43	5249.845682000
17		1358	5249.888310000
17		1358	5249.969151000
17		43	5249.969597000
6	0		5250.032981000
6	1420		5250.033482000
17		1358	5250.049244000
6	1420		5250.085159000
17		43	5250.093919000
17		1358	5250.130409000
17		43	5250.156379000
6	1420		5250.188508000
17		1358	5250.209732000
17		43	5250.217813000
17		1358	5250.290254000
6	1420		5250.291831000
17		43	5250.342142000
17		1358	5250.370211000
6	1420		5250.395196000
6	0		5250.404314000
17		43	5250.404341000
17		1358	5250.450443000
17		43	5250.465973000
6	1420		5250.498558000
17		43	5250.527709000
17		1358	5250.531458000
6	1420		5250.601898000
17		1358	5250.611327000
17		43	5250.651842000
17		1358	5250.692359000
6	1420		5250.705234000
6	0		5250.713772000
17		1358	5250.772310000
17		43	5250.776568000
6	1420		5250.808539000
17		43	5250.837765000
17		1358	5250.852310000
17		43	5250.899895000
6	1420		5250.911884000
17		1358	5250.931991000
17		48	5250.962450000
17		35	5250.976351000
17		1358	5251.014107000
6	1420		5251.015195000
17		43	5251.024229000
17		43	5251.086401000
6	1420		5251.118588000
17		43	5251.148416000
17		43	5251.209864000
6	1420		5251.221900000
17		43	5251.271905000
6	1420		5251.325302000
17		43	5251.334216000
17		43	5251.396480000
6	1420		5251.428572000
17		43	5251.458259000
17		43	5251.519903000
6	1420		5251.531924000
6	68		5251.555801000
17		43	5251.582243000
6	1420		5251.635270000
17		43	5251.644388000
6	1420		5251.738641000
17		43	5251.767973000
6	52		5251.816499000
6	0		5251.816540000
6	0		5251.816560000
6	0		5251.818264000
6	0		5251.830129000
6	1420		5251.841976000
17		43	5251.892080000
6	1420		5251.945296000
17		43	5252.016418000
6	1420		5252.048628000
6	0		5252.070782000
17		43	5252.077741000
6	0		5252.140100000
17		43	5252.140125000
6	1420		5252.151972000
6	1080		5252.226227000
6	1420		5252.255325000
17		43	5252.264452000
6	0		5252.325773000
6	1420		5252.358639000
17		43	5252.388019000
6	1420		5252.462011000
17		43	5252.512061000
6	1420		5252.565330000
17		48	5252.574388000
17		1358	5252.575288000
6	0		5252.635811000
6	1420		5252.668686000
17		43	5252.698553000
17		1358	5252.700173000
6	1420		5252.771999000
17		43	5252.822319000
17		1358	5252.823330000
6	1420		5252.875365000
6	0		5252.884619000
17		43	5252.946484000
17		1358	5252.947435000
6	0		5252.975871000
6	0		5252.975919000
6	1420		5252.978682000
17		43	5253.008154000
17		1171	5253.008182000
17		39	5253.009255000
17		117	5253.021768000
17		157	5253.021813000
17		1358	5253.028789000
6	1420		5253.082022000
6	0		5253.132243000
6	0		5253.133169000
6	1420		5253.185382000
6	0		5253.255840000
6	1420		5253.288715000
6	0		5253.380191000
6	1420		5253.392061000
6	0		5253.394097000
6	0		5253.394149000
6	0		5253.433519000
6	12		5253.434547000
6	0		5253.473642000
6	12		5253.473682000
6	0		5253.473708000
6	1		5253.473900000
6	4		5253.473919000
6	32		5253.473929000
6	0		5253.473939000
6	1420		5253.495387000
6	0		5253.504495000
6	0		5253.512928000
6	0		5253.512967000
6	0		5253.513049000
6	0		5253.513062000
6	1420		5253.598735000
6	0		5253.628316000
6	0		5253.690507000
6	1420		5253.702067000
6	1420		5253.805426000
6	0		5253.814468000
6	1420		5253.908753000
6	0		5253.938123000
17		43	5253.999998000
17		1358	5254.001399000
6	1420		5254.010241000
17		1358	5254.066947000
6	1420		5254.111725000
17		43	5254.124433000
6	0		5254.124463000
17		1358	5254.131260000
17		1358	5254.194231000
6	1420		5254.213204000
17		43	5254.248424000
17		1358	5254.258761000
6	0		5254.310649000
6	1420		5254.314682000
17		1358	5254.322815000
17		43	5254.372180000
17		1358	5254.387137000
6	1420		5254.416158000
17		47	5254.434226000
17		41	5254.434253000
17		1358	5254.451681000
17		33	5254.460049000
17		43	5254.496406000
17		1358	5254.516279000
6	1420		5254.517653000
6	0		5254.558567000
17		1358	5254.580114000
6	1420		5254.619120000
17		1358	5254.645353000
6	0		5254.682672000
17		1358	5254.709326000
6	1420		5254.720600000
17		1358	5254.773366000
6	0		5254.806089000
6	1420		5254.822076000
17		1358	5254.837437000
17		1358	5254.902408000
6	1420		5254.921773000
6	0		5254.929925000
17		1358	5254.965992000
6	1420		5255.021472000
17		1358	5255.030423000
6	0		5255.054350000
17		1358	5255.093676000
17		43	5255.115645000
6	1420		5255.121155000
17		1358	5255.158221000
6	1420		5255.220834000
17		43	5255.240177000
17		1358	5255.265635000
6	0		5255.302342000
6	1420		5255.320567000
17		43	5255.363832000
17		1358	5255.372388000
6	1420		5255.420267000
17		43	5255.425900000
17		1358	5255.479670000
6	1420		5255.519933000
17		43	5255.549881000
17		1358	5255.586895000
6	0		5255.612188000
17		43	5255.612218000
6	1420		5255.619627000
17		43	5255.674105000
17		1358	5255.694451000
6	1420		5255.719313000
17		43	5255.798561000
17		1358	5255.799466000
6	1420		5255.819023000
17		43	5255.860032000
17		1358	5255.908474000
6	1420		5255.918084000
6	0		5255.922433000
17		43	5255.984238000
17		1358	5256.014568000
6	1420		5256.017220000
17		48	5256.108618000
6	1420		5256.116318000
17		1358	5256.122400000
17		43	5256.169726000
6	1420		5256.215413000
17		1358	5256.229070000
6	0		5256.231887000
17		43	5256.294270000
6	1420		5256.314540000
17		1358	5256.336238000
6	1420		5256.413658000
17		1358	5256.417250000
17		43	5256.418604000
17		43	5256.479822000
17		1358	5256.496454000
6	1420		5256.512742000
6	0		5256.542012000
17		1358	5256.577562000
6	1420		5256.592033000
17		43	5256.604127000
17		1358	5256.658687000
17		43	5256.666385000
6	1420		5256.671329000
17		43	5256.728380000
17		1358	5256.737775000
6	1420		5256.750588000
6	0		5256.789772000
17		1358	5256.818358000
6	1420		5256.829895000
17		43	5256.851836000
17		1358	5256.898296000
6	1420		5256.909173000
17		43	5256.976016000
17		1358	5256.977460000
6	1420		5256.988481000
6	0		5257.037785000
17		1358	5257.058974000
6	1420		5257.067751000
17		43	5257.099789000
17		1358	5257.139551000
6	1420		5257.147028000
17		1358	5257.219883000
17		43	5257.223855000
6	1420		5257.226270000
6	0		5257.286327000
17		1358	5257.300524000
6	1420		5257.305603000
17		43	5257.348475000
17		1358	5257.381030000
6	1420		5257.384901000
17		1358	5257.461209000
6	1420		5257.464175000
17		43	5257.471882000
6	0		5257.534059000
17		1358	5257.540357000
6	1420		5257.543454000
17		43	5257.596002000
17		1358	5257.621684000
6	1420		5257.622738000
17		1358	5257.701611000
6	1420		5257.701983000
17		43	5257.720181000
17		1358	5257.781814000
6	0		5257.782108000
17		43	5257.782135000
6	1420		5257.834165000
17		1358	5257.862021000
6	0		5257.905654000
17		1358	5257.942653000
6	1420		5257.966287000
17		43	5257.968162000
17		1358	5258.022801000
6	0		5258.043144000
17		43	5258.092303000
6	1420		5258.098428000
17		1358	5258.103428000
6	0		5258.154457000
17		1358	5258.183768000
17		43	5258.216017000
6	1420		5258.230574000
17		1358	5258.264582000
17		48	5258.339990000
17		1358	5258.343984000
6	1420		5258.362745000
17		43	5258.402006000
17		1358	5258.424460000
6	0		5258.464170000
6	1420		5258.494877000
17		1358	5258.504733000
17		43	5258.525844000
17		1358	5258.586191000
6	1420		5258.627035000
17		43	5258.650341000
17		1358	5258.665485000
6	0		5258.712488000
17		1358	5258.745441000
6	1420		5258.759172000
17		43	5258.773849000
17		1358	5258.825803000
6	1420		5258.891309000
17		43	5258.898080000
17		1358	5258.905913000
6	0		5258.960160000
17		43	5258.960187000
17		1358	5258.986939000
6	1420		5259.023462000
17		1358	5259.066334000
17		43	5259.083778000
6	1420		5259.122577000
6	0		5259.146013000
17		1358	5259.147370000
17		43	5259.207962000
6	1420		5259.221669000
17		1358	5259.227341000
17		1358	5259.307924000
6	1420		5259.320935000
17		43	5259.331666000
17		1358	5259.388490000
6	0		5259.394501000
6	1420		5259.419886000
17		43	5259.456033000
17		1358	5259.468086000
6	1420		5259.518987000
17		1358	5259.548347000
17		43	5259.580305000
6	1420		5259.618090000
17		1358	5259.629139000
6	0		5259.641840000
17		43	5259.704394000
17		1358	5259.709516000
6	1420		5259.717193000
17		1358	5259.789623000
6	1420		5259.816310000
17		43	5259.828543000
17		1358	5259.869622000
6	0		5259.889785000
6	1420		5259.915392000
17		1358	5259.950652000
17		43	5259.951865000
6	1420		5260.014518000
17		1358	5260.029884000
17		43	5260.076234000
17		1358	5260.111038000
6	1420		5260.113629000
6	0		5260.138197000
17		43	5260.138231000
17		1358	5260.191451000
6	1420		5260.212706000
17		43	5260.261745000
17		1358	5260.271406000
6	0		5260.324063000
17		1358	5260.351653000
17		43	5260.386531000
17		1358	5260.431960000
17		43	5260.447844000
17		1358	5260.512472000
17		48	5260.571821000
17		35	5260.586004000
17		1358	5260.593302000
6	0		5260.634012000
17		1358	5260.673460000
17		43	5260.696435000
6	0		5260.726585000
6	0		5260.726648000
17		1358	5260.753813000
17		43	5260.757762000
17		1358	5260.833766000
17		43	5260.882201000
17		1358	5260.913822000
17		43	5260.944031000
6	0		5260.968714000
6	15		5260.968770000
6	41		5260.975094000
17		1358	5260.994450000
6	0		5261.006279000
17		43	5261.067768000
17		1358	5261.073982000
17		1358	5261.154984000
17		43	5261.192349000
6	0		5261.217325000
17		1358	5261.235612000
6	0		5261.254519000
17		1358	5261.315548000
17		43	5261.315726000
17		43	5261.377670000
17		1358	5261.395531000
17		1358	5261.476550000
17		43	5261.501726000
6	0		5261.514447000
6	0		5261.514503000
6	0		5261.554076000
6	12		5261.554381000
17		1358	5261.556648000
6	0		5261.564232000
6	0		5261.593943000
6	12		5261.593976000
6	0		5261.593987000
6	1		5261.594196000
6	4		5261.594215000
6	32		5261.594223000
6	0		5261.594234000
17		43	5261.625897000
6	0		5261.633779000
6	0		5261.633815000
6	0		5261.633835000
6	0		5261.633849000
17		1358	5261.637274000
6	0		5261.662321000
6	0		5261.662380000
17		43	5261.688078000
17		1358	5261.716975000
6	856		5261.781239000
17		1358	5261.798017000
17		43	5261.812153000
6	0		5261.823266000
6	41		5261.828935000
6	0		5261.874770000
17		1358	5261.877496000
17		43	5261.936391000
17		1358	5261.958254000
6	21		5261.988909000
6	0		5261.988961000
6	1080		5261.989981000
6	0		5261.990247000
6	0		5261.990261000
17		1358	5262.037720000
17		43	5262.059754000
17		1358	5262.118788000
17		43	5262.121989000
6	440		5262.151340000
6	0		5262.184282000
6	0		5262.194230000
17		1358	5262.198822000
17		43	5262.246595000
17		1358	5262.279955000
17		43	5262.308342000
6	48		5262.354404000
6	0		5262.354442000
6	280		5262.358574000
17		1358	5262.359204000
6	0		5262.370536000
17		43	5262.432553000
17		1358	5262.439964000
17		1358	5262.520154000
6	16		5262.524644000
17		43	5262.556532000
6	0		5262.566220000
17		958	5262.600589000
17		48	5262.617901000
17		35	5262.631795000
6	0		5262.680097000
6	1420		5262.680638000
6	52		5262.726929000
6	0		5262.726971000
6	52		5262.727069000
17		43	5262.742378000
17		43	5262.865758000
6	84		5262.888798000
6	0		5262.928535000
6	1420		5262.929032000
6	0		5262.930216000
6	1420		5262.978600000
17		43	5262.990550000
17		43	5263.114041000
17		43	5263.176186000
6	0		5263.238475000
6	1420		5263.238958000
6	1420		5263.288549000
17		43	5263.300421000
17		43	5263.361866000
17		43	5263.424272000
17		43	5263.486118000
17		43	5263.548114000
17		43	5263.610408000
6	0		5263.610438000
6	1420		5263.610918000
17		43	5263.672495000
17		43	5263.734128000
17		43	5263.796303000
17		43	5263.858403000
17		43	5263.920471000
17		43	5263.982774000
17		43	5264.044546000
17		43	5264.106143000
17		48	5264.168187000
17		35	5264.181616000
17		43	5264.230474000
17		43	5264.292069000
17		43	5264.354193000
17		43	5264.416295000
17		43	5264.478621000
17		43	5264.539800000
17		43	5264.601946000
17		43	5264.663943000
17		43	5264.726082000
17		43	5264.788392000
17		43	5264.850533000
17		1039	5264.912107000
17		41	5264.912738000
17		1358	5264.915680000
17		43	5264.973934000
17		1358	5264.980774000
17		43	5265.035747000
17		1358	5265.044417000
17		659	5265.097757000
17		39	5265.100646000
17		87	5265.108642000
17		33	5265.108676000
17		1358	5265.109739000
6	0		5265.159937000
6	1420		5265.160491000
17		1358	5265.173415000
6	871		5265.189673000
6	0		5265.189745000
6	1080		5265.190737000
6	1420		5265.210046000
17		1358	5265.237742000
6	0		5265.284455000
17		1358	5265.302028000
6	1420		5265.309153000
17		1358	5265.366792000
6	0		5265.408016000
17		43	5265.408048000
6	1420		5265.408234000
6	0		5265.432742000
6	80		5265.433219000
6	312		5265.433821000
17		49	5265.470444000
17		35	5265.484392000
6	1420		5265.507394000
6	68		5265.527870000
17		43	5265.531790000
17		47	5265.594231000
17		43	5265.594257000
17		41	5265.594261000
6	1420		5265.606450000
17		33	5265.620724000
17		43	5265.655945000
17		1358	5265.657511000
6	52		5265.688457000
6	0		5265.688498000
6	0		5265.688666000
6	0		5265.690091000
6	1420		5265.705546000
17		43	5265.779967000
17		1358	5265.781507000
6	1420		5265.804682000
6	0		5265.842195000
6	0		5265.850038000
6	1420		5265.903799000
17		43	5265.904129000
17		1358	5265.904752000
6	0		5265.966331000
6	0		5265.966388000
17		1358	5265.986278000
6	0		5265.989011000
6	41		5265.994827000
6	80		5265.997214000
6	1420		5266.002882000
6	0		5266.016989000
6	21		5266.017022000
6	0		5266.017034000
6	1080		5266.018288000
17		43	5266.028082000
6	0		5266.040447000
6	440		5266.043693000
17		1358	5266.066149000
6	0		5266.086222000
6	0		5266.090328000
6	1420		5266.101968000
6	48		5266.108407000
6	0		5266.108451000
6	280		5266.112652000
6	312		5266.114243000
6	0		5266.134837000
6	16		5266.143981000
6	0		5266.186228000
6	1420		5266.201091000
6	52		5266.208376000
6	0		5266.208411000
6	52		5266.208485000
6	0		5266.214454000
6	100		5266.230681000
6	0		5266.274233000
17		43	5266.276389000
17		1358	5266.277736000
6	1420		5266.300206000
17		1358	5266.359008000
6	1420		5266.399321000
17		43	5266.400534000
17		1358	5266.439123000
6	0		5266.461725000
6	1420		5266.498408000
17		1358	5266.519778000
17		43	5266.586121000
6	1420		5266.597555000
17		1358	5266.599243000
17		43	5266.648423000
6	0		5266.648460000
17		1358	5266.679766000
6	1420		5266.696653000
6	80		5266.724947000
6	0		5266.724989000
17		1358	5266.760506000
17		43	5266.771837000
6	1420		5266.795749000
6	312		5266.818240000
6	0		5266.834011000
17		1358	5266.840711000
6	1420		5266.894877000
17		1358	5266.921617000
17		43	5266.958010000
6	1420		5266.993959000
17		1358	5267.001395000
6	0		5267.020154000
6	16		5267.061588000
17		1358	5267.081815000
17		43	5267.081967000
6	1420		5267.093060000
17		1358	5267.161444000
6	1420		5267.192183000
17		43	5267.206242000
17		1358	5267.242074000
6	0		5267.267806000
17		43	5267.267834000
6	1420		5267.291270000
17		1358	5267.323445000
6	1420		5267.390388000
17		43	5267.391974000
17		1358	5267.403302000
17		43	5267.454446000
6	0		5267.454487000
17		1358	5267.483320000
6	1420		5267.489508000
17		1358	5267.563333000
17		43	5267.577683000
6	1420		5267.588583000
6	64		5267.625145000
6	0		5267.639767000
17		1358	5267.643132000
6	1420		5267.687727000
17		43	5267.701822000
17		1358	5267.723567000
6	1420		5267.786834000
17		1358	5267.804369000
17		48	5267.825854000
17		35	5267.839742000
17		1358	5267.884427000
6	1420		5267.885925000
6	0		5267.887758000
17		43	5267.950309000
17		1358	5267.964610000
6	1420		5267.985026000
17		43	5268.012375000
17		1358	5268.044898000
6	1420		5268.084121000
17		1358	5268.125489000
17		43	5268.135755000
6	1420		5268.183235000
6	312		5268.194223000
6	0		5268.197880000
17		1358	5268.205677000
17		43	5268.260456000
6	1420		5268.282322000
17		1358	5268.285487000
6	80		5268.301322000
6	0		5268.301382000
6	64		5268.301500000
17		1358	5268.365583000
6	1420		5268.381467000
6	0		5268.383720000
17		43	5268.383751000
6	68		5268.418695000
6	0		5268.436319000
6	52		5268.440945000
6	0		5268.440985000
6	0		5268.441007000
6	0		5268.442633000
17		43	5268.445928000
17		1358	5268.446021000
6	0		5268.464785000
6	1420		5268.480575000
17		43	5268.508023000
17		1358	5268.527508000
6	1420		5268.579658000
17		1358	5268.591507000
17		43	5268.631728000
17		767	5268.631764000
17		39	5268.633529000
17		117	5268.646214000
17		46	5268.646253000
17		1358	5268.654507000
6	1420		5268.678793000
6	0		5268.693978000
17		1358	5268.718911000
17		43	5268.756171000
6	1420		5268.777859000
17		1358	5268.783690000
17		1358	5268.847893000
6	1420		5268.876980000
17		43	5268.879963000
17		1358	5268.912405000
6	0		5268.942391000
6	1420		5268.976087000
17		1358	5268.976740000
17		43	5269.003884000
17		1358	5269.040509000
17		43	5269.066069000
6	1420		5269.075187000
17		1358	5269.147695000
6	1420		5269.174304000
17		43	5269.190377000
6	0		5269.252024000
17		1358	5269.254717000
6	1420		5269.273400000
17		43	5269.313834000
6	64		5269.314223000
17		1358	5269.360837000
6	1420		5269.372519000
17		43	5269.437920000
17		1358	5269.468612000
6	0		5269.500391000
17		43	5269.500419000
6	1420		5269.500865000
6	0		5269.556300000
6	80		5269.556406000
6	80		5269.557038000
6	1420		5269.570730000
17		1358	5269.575450000
17		43	5269.624311000
17		1358	5269.655411000
17		43	5269.685722000
17		1358	5269.735847000
6	0		5269.747878000
6	1420		5269.748405000
6	1420		5269.788059000
6	96		5269.799224000
17		43	5269.810507000
17		1358	5269.816807000
6	0		5269.842206000
6	1420		5269.867348000
17		1358	5269.896847000
17		48	5269.934135000
6	1420		5269.946644000
17		35	5269.948098000
17		1358	5269.977922000
6	0		5269.996328000
6	1420		5270.025923000
17		1358	5270.057891000
17		47	5270.058517000
17		43	5270.058549000
17		41	5270.058576000
17		33	5270.084873000
6	1420		5270.105283000
17		43	5270.120529000
17		1358	5270.137845000
17		1358	5270.217800000
17		43	5270.244148000
17		1358	5270.297642000
6	0		5270.306390000
6	1420		5270.306894000
6	1420		5270.346537000
17		43	5270.367919000
17		1358	5270.379499000
17		43	5270.429760000
17		1358	5270.459056000
17		1358	5270.539535000
17		43	5270.553928000
6	0		5270.616079000
17		1358	5270.619815000
17		43	5270.678573000
17		1358	5270.699883000
17		43	5270.740172000
17		1358	5270.780439000
17		43	5270.801809000
17		1358	5270.859809000
6	0		5270.863991000
6	1420		5270.864517000
17		43	5270.926056000
6	1420		5270.930574000
17		1358	5270.940364000
17		1358	5271.021720000
17		43	5271.050014000
17		1358	5271.100967000
6	0		5271.112209000
6	1420		5271.112703000
17		43	5271.174198000
17		1358	5271.181293000
6	1420		5271.194864000
17		1358	5271.262140000
6	0		5271.298252000
17		43	5271.360239000
17		1358	5271.361552000
17		43	5271.422476000
17		1358	5271.442208000
17		43	5271.483655000
17		1358	5271.523874000
6	0		5271.608359000
17		43	5271.670337000
17		1358	5271.671906000
17		43	5271.794275000
17		1358	5271.795921000
6	0		5271.856771000
17		43	5271.918400000
17		1358	5271.919982000
17		43	5271.980388000
17		1358	5272.001070000
6	0		5272.104596000
17		48	5272.104630000
17		1358	5272.106259000
17		43	5272.165833000
17		1358	5272.187259000
17		43	5272.228455000
17		1358	5272.267941000
6	0		5272.352414000
6	80		5272.397922000
17		43	5272.414315000
17		1358	5272.415918000
17		43	5272.476531000
17		1358	5272.497208000
17		43	5272.537729000
17		1358	5272.579275000
17		43	5272.600490000
6	112		5272.640138000
6	0		5272.640190000
17		1358	5272.661064000
17		43	5272.662737000
17		43	5272.724452000
17		1358	5272.742616000
17		43	5272.785920000
17		1358	5272.823721000
17		1358	5272.903668000
6	0		5272.910137000
6	1420		5272.910660000
6	1420		5272.960240000
17		43	5272.972432000
17		1358	5272.984158000
17		43	5273.034019000
17		1358	5273.049195000
17		1358	5273.113536000
17		43	5273.157668000
17		1358	5273.178232000
6	0		5273.219982000
6	1420		5273.220480000
6	1420		5273.270046000
17		43	5273.282540000
17		1358	5273.284138000
17		43	5273.344326000
17		230	5273.349604000
17		43	5273.405772000
17		43	5273.468000000
17		43	5273.530225000
17		43	5273.592312000
17		43	5273.654553000
17		48	5273.715831000
17		35	5273.729835000
17		43	5273.777957000
17		43	5273.840303000
17		43	5273.902404000
17		43	5273.964516000
6	80		5273.985853000
17		43	5274.025795000
17		43	5274.088203000
17		714	5274.088230000
17		39	5274.089357000
17		83	5274.097894000
17		33	5274.097926000
17		43	5274.149991000
17		43	5274.212112000
6	112		5274.227944000
6	0		5274.228017000
17		43	5274.274457000
6	0		5274.397841000
6	1420		5274.398420000
6	1420		5274.447974000
17		43	5274.460138000
17		43	5274.522358000
6	1420		5274.547105000
17		43	5274.584575000
6	1420		5274.646177000
6	0		5274.708591000
6	1420		5274.745307000
17		1121	5274.769672000
17		41	5274.770330000
17		147	5274.770957000
17		1353	5274.770977000
17		1358	5274.770982000
17		1358	5274.770995000
17		1358	5274.771001000
17		1358	5274.771006000
17		1358	5274.771011000
17		1358	5274.771015000
17		1358	5274.771020000
17		1358	5274.771025000
17		47	5274.831918000
17		41	5274.831943000
6	1420		5274.844409000
17		1358	5274.851910000
17		33	5274.857797000
17		1358	5274.931898000
6	1420		5274.943509000
6	0		5274.956275000
17		1358	5275.013376000
6	1420		5275.042615000
6	0		5275.080575000
17		625	5275.080609000
17		39	5275.081691000
17		87	5275.090204000
17		33	5275.090245000
17		1358	5275.093033000
6	1420		5275.141739000
17		49	5275.141837000
17		35	5275.155775000
17		1358	5275.173737000
17		43	5275.204361000
6	1420		5275.240868000
17		1358	5275.253527000
6	0		5275.266164000
17		43	5275.266363000
17		43	5275.327827000
17		1358	5275.334091000
6	1420		5275.339950000
17		43	5275.389953000
17		1358	5275.413764000
6	1420		5275.439039000
17		43	5275.452442000
17		1358	5275.493893000
17		43	5275.513741000
6	1420		5275.538172000
17		1358	5275.574663000
17		43	5275.576371000
6	1420		5275.637265000
17		43	5275.638000000
17		1358	5275.655707000
17		1358	5275.735881000
6	1420		5275.736346000
17		43	5275.761820000
17		1358	5275.815874000
17		43	5275.824162000
6	0		5275.886333000
6	1420		5275.886833000
17		1358	5275.895904000
6	1420		5275.926492000
17		43	5275.948231000
17		1358	5275.975871000
6	1420		5276.005826000
17		47	5276.009869000
17		41	5276.009896000
17		33	5276.036394000
17		1358	5276.055872000
17		43	5276.072232000
6	1420		5276.085079000
6	0		5276.134412000
17		1358	5276.136010000
6	1420		5276.164384000
17		43	5276.196267000
17		1358	5276.217372000
6	1420		5276.243643000
17		1358	5276.291761000
17		43	5276.320359000
17		1358	5276.367565000
17		43	5276.381960000
17		1358	5276.442868000
6	0		5276.444169000
17		43	5276.444191000
17		1358	5276.518443000
17		43	5276.567734000
17		1358	5276.594708000
6	0		5276.629943000
17		1358	5276.670192000
17		43	5276.692413000
17		1358	5276.743801000
17		1358	5276.805252000
17		43	5276.816153000
6	80		5276.849586000
17		1358	5276.864901000
17		48	5276.878265000
17		35	5276.892165000
17		1358	5276.925225000
6	0		5276.940464000
6	1420		5276.940964000
17		1358	5276.985578000
6	1420		5276.996390000
17		43	5277.001851000
17		1358	5277.046214000
6	64		5277.091612000
6	0		5277.091663000
6	0		5277.091675000
6	0		5277.093330000
17		1358	5277.105801000
17		43	5277.126121000
17		1358	5277.166524000
6	0		5277.188286000
6	1420		5277.188798000
6	1420		5277.244134000
17		43	5277.249912000
17		1358	5277.266623000
6	0		5277.335393000
17		1358	5277.367943000
17		43	5277.373922000
6	0		5277.436302000
6	1420		5277.436964000
17		1358	5277.466976000
6	1420		5277.492222000
17		43	5277.498104000
17		1358	5277.568649000
17		43	5277.621765000
17		1358	5277.643693000
6	0		5277.683984000
17		43	5277.684010000
6	1420		5277.684468000
6	1420		5277.739872000
17		43	5277.745950000
17		43	5277.808737000
17		43	5277.870337000
17		1358	5277.872220000
17		43	5277.932505000
17		1358	5277.934074000
17		43	5277.994729000
17		1358	5278.009926000
17		43	5278.055797000
17		1358	5278.085959000
17		43	5278.118619000
17		1358	5278.161689000
17		43	5278.180348000
17		1358	5278.237928000
17		43	5278.242046000
17		1358	5278.313909000
17		43	5278.366199000
17		1358	5278.390565000
6	0		5278.428351000
6	1420		5278.428861000
6	1420		5278.484242000
17		43	5278.490152000
17		1358	5278.491755000
17		43	5278.551801000
17		1358	5278.568368000
17		1358	5278.643989000
6	0		5278.675826000
6	1420		5278.676335000
6	1420		5278.731738000
17		48	5278.738255000
17		1358	5278.739850000
17		43	5278.800178000
17		1358	5278.815856000
17		43	5278.924304000
17		1358	5278.925811000
6	0		5278.986545000
6	1420		5278.987041000
6	1420		5279.042409000
17		43	5279.048212000
17		1358	5279.049844000
17		43	5279.110047000
17		1358	5279.126886000
6	0		5279.234361000
6	1420		5279.234876000
6	1420		5279.290267000
17		43	5279.296455000
17		1358	5279.297820000
17		43	5279.358612000
17		1358	5279.375049000
17		43	5279.420300000
17		1358	5279.451161000
17		43	5279.482849000
17		1358	5279.527707000
6	0		5279.538610000
6	0		5279.538649000
17		43	5279.544501000
17		1358	5279.604237000
17		43	5279.606196000
17		43	5279.668466000
17		1358	5279.679017000
17		1358	5279.755116000
6	0		5279.792461000
6	1420		5279.792957000
17		1358	5279.830635000
6	1420		5279.848320000
17		43	5279.854473000
17		1358	5279.905778000
17		43	5279.916454000
17		1358	5279.967235000
17		43	5279.977930000
17		1358	5280.028378000
6	0		5280.101770000
17		43	5280.163788000
17		1358	5280.165411000
17		43	5280.225935000
17		1358	5280.227587000
17		43	5280.287734000
17		1358	5280.329225000
6	0		5280.411803000
17		43	5280.473779000
17		1358	5280.475806000
17		1358	5280.576791000
6	0		5280.598155000
6	1420		5280.598657000
6	1420		5280.654024000
17		43	5280.660793000
17		1358	5280.677110000
17		48	5280.722825000
17		35	5280.737130000
17		1358	5280.753112000
17		43	5280.784503000
17		1358	5280.829166000
17		43	5280.846440000
17		1358	5280.905786000
17		43	5280.908535000
17		43	5280.970301000
17		1358	5280.982302000
17		43	5281.032410000
17		1358	5281.058730000
17		1358	5281.134169000
17		43	5281.156269000
17		1358	5281.210239000
6	0		5281.217634000
6	1420		5281.218115000
6	1420		5281.273544000
17		43	5281.280237000
17		1358	5281.286319000
17		43	5281.342055000
17		1358	5281.362994000
17		43	5281.404679000
17		1358	5281.439421000
17		43	5281.466443000
17		1358	5281.514722000
17		43	5281.527845000
17		43	5281.574128000
17		1358	5281.589746000
17		43	5281.620410000
17		1358	5281.665783000
6	0		5281.712062000
6	1420		5281.712530000
17		1358	5281.740823000
17		43	5281.757702000
6	1420		5281.767931000
17		43	5281.804659000
17		1358	5281.815354000
17		43	5281.850365000
6	1420		5281.878703000
17		1358	5281.890696000
17		43	5281.896444000
17		43	5281.942067000
17		1358	5281.966654000
17		43	5281.988408000
6	1420		5281.989464000
17		48	5282.033968000
17		1358	5282.041705000
6	1420		5282.100215000
17		1358	5282.117106000
6	0		5282.126287000
17		43	5282.172360000
17		1358	5282.192595000
6	1420		5282.210981000
17		43	5282.218603000
17		43	5282.264132000
17		1358	5282.267820000
17		43	5282.310614000
6	1420		5282.321755000
17		1358	5282.343064000
17		43	5282.356267000
17		43	5282.401933000
17		1358	5282.418310000
6	1420		5282.432496000
17		43	5282.494244000
17		1358	5282.494508000
6	0		5282.540412000
6	1420		5282.543286000
17		1358	5282.570049000
17		43	5282.585994000
17		1358	5282.644870000
6	1420		5282.654036000
17		43	5282.678612000
17		1358	5282.719776000
17		43	5282.724127000
6	0		5282.770102000
17		43	5282.770138000
6	1420		5282.770609000
17		1358	5282.794930000
17		43	5282.862475000
17		1358	5282.870938000
6	1420		5282.875566000
17		43	5282.907887000
17		1358	5282.946575000
6	0		5282.954027000
6	1420		5282.986339000
17		43	5282.999875000
17		1358	5283.021293000
17		43	5283.092474000
17		1358	5283.096176000
6	1420		5283.097060000
17		43	5283.138338000
17		1358	5283.157094000
6	0		5283.184638000
6	1420		5283.207881000
17		1358	5283.216974000
17		43	5283.230240000
17		1358	5283.276928000
6	1420		5283.318623000
17		43	5283.321792000
17		1358	5283.337401000
17		43	5283.368080000
17		1358	5283.397321000
6	0		5283.414257000
6	1420		5283.429395000
17		1358	5283.457623000
17		48	5283.460429000
17		35	5283.474330000
17		43	5283.505933000
17		1358	5283.518349000
6	1420		5283.539441000
17		43	5283.551761000
6	0		5283.597912000
17		1358	5283.617900000
17		43	5283.644373000
6	1420		5283.649467000
17		1358	5283.718575000
17		43	5283.736580000
6	1420		5283.759545000
17		43	5283.781694000
17		1358	5283.819642000
6	0		5283.828327000
6	1420		5283.869557000
17		43	5283.873975000
17		1358	5283.918971000
17		43	5283.966154000
6	1420		5283.979630000
17		43	5284.011961000
17		1358	5284.018464000
6	0		5284.058375000
17		1358	5284.088750000
6	1420		5284.089639000
17		43	5284.104237000
17		43	5284.150101000
17		1358	5284.160876000
6	1420		5284.199685000
17		1358	5284.231193000
17		43	5284.242352000
17		43	5284.288408000
17		1358	5284.302014000
6	0		5284.333954000
17		43	5284.333986000
6	1420		5284.334435000
17		1358	5284.373589000
6	1420		5284.419761000
17		43	5284.426019000
17		1358	5284.444618000
6	0		5284.472225000
17		1358	5284.515515000
17		43	5284.517866000
6	1420		5284.529842000
17		1358	5284.586386000
17		43	5284.609787000
6	1420		5284.639874000
6	0		5284.655952000
17		1358	5284.657806000
17		43	5284.702151000
17		1358	5284.729312000
17		43	5284.747992000
6	1420		5284.749914000
17		1358	5284.799861000
17		43	5284.840114000
6	1420		5284.859966000
17		1358	5284.871145000
6	0		5284.886270000
17		48	5284.932349000
17		1358	5284.941499000
6	1420		5284.969990000
17		43	5284.978542000
17		1358	5285.013038000
17		43	5285.070420000
17		709	5285.070449000
17		39	5285.071366000
6	1420		5285.080056000
17		87	5285.080306000
17		33	5285.080621000
17		1358	5285.084179000
6	0		5285.115680000
17		43	5285.115706000
17		1358	5285.154815000
17		43	5285.162200000
6	1420		5285.190093000
17		43	5285.253761000
6	0		5285.299915000
6	1420		5285.300123000
17		43	5285.345866000
17		43	5285.392018000
6	1420		5285.410210000
17		43	5285.484360000
6	1420		5285.520249000
6	0		5285.529778000
17		43	5285.576532000
17		1358	5285.578958000
17		43	5285.621647000
17		1358	5285.622754000
6	1420		5285.630248000
6	0		5285.636843000
6	0		5285.636905000
6	0		5285.676039000
6	12		5285.676269000
17		43	5285.713807000
17		41	5285.713841000
6	0		5285.715213000
6	12		5285.715257000
6	0		5285.715266000
17		1358	5285.715759000
6	1		5285.716513000
6	4		5285.716537000
6	32		5285.716557000
6	0		5285.716571000
6	1420		5285.740329000
6	0		5285.755394000
6	0		5285.755430000
6	0		5285.755435000
6	0		5285.755602000
6	0		5285.755615000
6	0		5285.760082000
17		47	5285.760113000
17		41	5285.760121000
17		33	5285.785874000
17		43	5285.806661000
17		1358	5285.808283000
6	1420		5285.850326000
17		43	5285.852240000
17		1358	5285.880915000
6	0		5285.944279000
6	1420		5285.960392000
6	0		5286.035805000
6	1420		5286.070424000
17		43	5286.082003000
17		1358	5286.083068000
17		1358	5286.154939000
6	1420		5286.158493000
17		43	5286.173829000
6	0		5286.219931000
17		1358	5286.225782000
6	1420		5286.244831000
17		43	5286.266237000
17		1358	5286.297119000
6	1420		5286.331171000
17		43	5286.358440000
17		1358	5286.367826000
6	0		5286.404572000
6	1420		5286.417546000
17		1358	5286.439935000
17		43	5286.495908000
6	1420		5286.503881000
17		1358	5286.510401000
17		43	5286.542387000
6	0		5286.542415000
17		1358	5286.581355000
6	1420		5286.590230000
17		48	5286.633816000
17		35	5286.647991000
17		1358	5286.651670000
6	0		5286.680559000
17		1358	5286.723875000
17		43	5286.726114000
6	1420		5286.734160000
17		1358	5286.794357000
17		43	5286.818570000
6	0		5286.863731000
17		1358	5286.865543000
6	1420		5286.878096000
17		43	5286.909731000
17		1358	5286.936072000
6	1420		5286.986026000
17		43	5287.002383000
17		1358	5287.007203000
6	0		5287.048526000
17		1358	5287.078805000
6	1420		5287.093992000
17		43	5287.094518000
17		43	5287.140173000
17		1358	5287.149977000
6	1420		5287.201922000
17		1358	5287.220472000
17		43	5287.232219000
17		43	5287.277773000
17		1358	5287.291194000
6	1420		5287.309883000
6	0		5287.323992000
17		1358	5287.361943000
17		43	5287.369804000
17		1171	5287.369829000
17		39	5287.370895000
17		117	5287.388634000
17		174	5287.388711000
6	1420		5287.416462000
17		1358	5287.433727000
17		43	5287.461799000
17		1358	5287.504608000
17		43	5287.507815000
6	1420		5287.523037000
6	0		5287.554003000
17		1358	5287.575376000
17		43	5287.600131000
6	1420		5287.629647000
17		1358	5287.646278000
17		43	5287.692161000
17		1358	5287.717113000
6	1420		5287.731117000
17		43	5287.737952000
6	0		5287.783837000
17		43	5287.783873000
17		41	5287.783880000
17		1358	5287.788471000
17		47	5287.829847000
17		41	5287.829874000
6	1420		5287.832573000
17		1358	5287.845449000
17		33	5287.855736000
17		1358	5287.901861000
17		43	5287.922142000
6	1420		5287.934063000
17		1358	5287.958039000
17		43	5287.967946000
6	0		5288.014192000
17		43	5288.014224000
17		1358	5288.014317000
6	1420		5288.035557000
17		1358	5288.072042000
17		43	5288.105780000
17		1358	5288.127975000
6	1420		5288.137051000
17		48	5288.152149000
17		35	5288.166101000
17		1358	5288.185461000
6	0		5288.198446000
6	1420		5288.238510000
17		1358	5288.241776000
17		43	5288.243823000
17		1358	5288.298649000
17		43	5288.336073000
6	1420		5288.339988000
17		43	5288.381688000
17		1358	5288.393250000
6	0		5288.428394000
6	1420		5288.441458000
17		43	5288.474406000
17		1358	5288.486878000
17		43	5288.520603000
6	1420		5288.542963000
17		1358	5288.579148000
17		43	5288.612108000
6	1420		5288.644415000
17		43	5288.657762000
17		1358	5288.671440000
6	0		5288.704108000
17		1358	5288.740526000
6	1420		5288.745932000
17		43	5288.749705000
17		43	5288.796325000
17		1358	5288.809478000
17		43	5288.841811000
6	1420		5288.847377000
17		1358	5288.878372000
6	0		5288.887989000
17		43	5288.934579000
17		1358	5288.945027000
6	1420		5288.948872000
17		1358	5289.010988000
17		43	5289.026269000
6	1420		5289.050361000
6	0		5289.072484000
17		1358	5289.077892000
17		43	5289.118076000
17		1358	5289.145806000
6	1420		5289.151853000
17		1358	5289.210207000
17		43	5289.210361000
6	1420		5289.253388000
17		43	5289.255738000
17		1358	5289.277763000
6	0		5289.301910000
17		1358	5289.344092000
17		43	5289.348016000
6	1420		5289.354820000
17		1358	5289.410809000
17		43	5289.440509000
6	1420		5289.456263000
17		1358	5289.475826000
17		43	5289.486016000
6	0		5289.532204000
17		1358	5289.543697000
6	1420		5289.557766000
17		43	5289.578511000
17		1358	5289.609675000
17		48	5289.624119000
17		35	5289.638595000
6	1420		5289.659225000
17		43	5289.669823000
17		1358	5289.675484000
6	0		5289.715609000
17		1358	5289.742658000
6	1420		5289.760702000
17		43	5289.761879000
17		1358	5289.809402000
17		43	5289.854190000
6	1420		5289.862239000
17		1358	5289.875292000
17		43	5289.900468000
17		1358	5289.941194000
6	0		5289.945744000
6	1420		5289.963654000
17		43	5289.992286000
17		1358	5290.008720000
6	1420		5290.065128000
17		1358	5290.074387000
17		43	5290.084436000
17		43	5290.129774000
17		1358	5290.141279000
6	1420		5290.166624000
6	0		5290.175926000
17		1358	5290.208117000
17		43	5290.221901000
6	1420		5290.247791000
17		1358	5290.274627000
17		43	5290.313940000
6	1420		5290.328968000
17		1358	5290.339977000
17		43	5290.359969000
6	0		5290.406129000
17		1358	5290.406137000
17		43	5290.406157000
6	1420		5290.410195000
17		1358	5290.473480000
6	1420		5290.491374000
17		43	5290.498259000
17		1358	5290.539223000
17		43	5290.544553000
6	1420		5290.572549000
6	0		5290.589761000
17		1358	5290.606095000
17		43	5290.635873000
17		1358	5290.672500000
6	1420		5290.707892000
17		43	5290.728604000
17		1358	5290.739404000
17		43	5290.773726000
17		1358	5290.805005000
6	0		5290.819875000
6	1420		5290.843172000
17		43	5290.866213000
17		1358	5290.871542000
17		1358	5290.939058000
17		43	5290.957664000
6	1420		5290.978522000
6	0		5291.004391000
17		1358	5291.004942000
17		43	5291.049805000
17		1358	5291.071247000
17		48	5291.096010000
17		35	5291.110108000
6	1420		5291.113808000
17		1358	5291.138092000
6	0		5291.188503000
17		43	5291.188535000
17		1358	5291.203888000
17		43	5291.234427000
6	1420		5291.249134000
17		1358	5291.270603000
17		43	5291.326109000
17		1358	5291.336231000
6	1420		5291.350635000
17		43	5291.371973000
17		1358	5291.389339000
6	0		5291.418137000
17		1358	5291.442984000
6	0		5291.447139000
6	0		5291.447174000
6	1420		5291.452089000
17		43	5291.463646000
17		1358	5291.496458000
17		43	5291.510263000
17		1358	5291.549603000
6	1420		5291.553561000
17		43	5291.601691000
17		1358	5291.603237000
17		43	5291.648041000
6	1420		5291.655041000
17		1358	5291.656317000
6	0		5291.694597000
17		1358	5291.709147000
17		43	5291.740422000
6	1420		5291.756533000
17		1358	5291.762694000
17		43	5291.786256000
17		1358	5291.850805000
17		43	5291.877955000
17		43	5291.923956000
17		1358	5291.940204000
6	0		5291.970503000
17		43	5291.970542000
17		43	5292.016386000
17		1358	5292.028506000
17		43	5292.108022000
17		1358	5292.117104000
17		43	5292.153949000
6	0		5292.200497000
6	1420		5292.201019000
17		1358	5292.205592000
17		43	5292.246405000
17		1358	5292.270664000
17		43	5292.291777000
17		1358	5292.334741000
17		43	5292.383847000
17		1358	5292.400326000
6	0		5292.430250000
6	1420		5292.430773000
17		1358	5292.465516000
17		48	5292.475742000
6	1420		5292.481494000
17		35	5292.489543000
17		43	5292.521814000
17		1358	5292.530243000
17		1358	5292.596056000
17		43	5292.614407000
17		43	5292.660217000
17		1358	5292.661790000
17		43	5292.706339000
17		1358	5292.722598000
17		43	5292.751945000
17		415	5292.783236000
6	0		5292.798135000
6	1420		5292.798642000
17		43	5292.843689000
6	1420		5292.849366000
17		43	5292.889712000
17		43	5292.935940000
6	1420		5292.950888000
17		43	5292.982028000
6	1420		5293.052347000
17		43	5293.074490000
6	0		5293.120182000
17		1029	5293.120212000
17		41	5293.120826000
17		1358	5293.123474000
6	1420		5293.153821000
17		43	5293.166498000
17		1358	5293.185821000
6	1080		5293.186210000
17		43	5293.212016000
17		1358	5293.247324000
6	1420		5293.255326000
17		43	5293.257981000
17		43	5293.304079000
17		1358	5293.309342000
6	1420		5293.356771000
17		1358	5293.369109000
6	0		5293.395775000
6	0		5293.416980000
17		1358	5293.430624000
6	1420		5293.458271000
6	0		5293.487987000
17		43	5293.488017000
17		1358	5293.492434000
17		49	5293.534164000
17		35	5293.548003000
17		1358	5293.553735000
6	1420		5293.559732000
17		1358	5293.615728000
17		43	5293.626297000
6	1420		5293.661197000
17		43	5293.671934000
17		1358	5293.676861000
6	0		5293.718327000
17		43	5293.718352000
17		1358	5293.738195000
6	0		5293.756554000
6	0		5293.756610000
6	1420		5293.762777000
6	0		5293.795653000
6	12		5293.795957000
17		1358	5293.799016000
17		43	5293.810282000
6	0		5293.834891000
6	12		5293.834970000
6	0		5293.834983000
6	1		5293.835178000
6	4		5293.835198000
6	32		5293.835209000
6	0		5293.835219000
17		43	5293.856242000
17		1358	5293.860997000
6	1420		5293.864144000
6	0		5293.874010000
6	0		5293.874096000
6	0		5293.874104000
6	0		5293.874158000
6	0		5293.874182000
6	0		5293.902599000
17		1358	5293.922604000
17		43	5293.948547000
6	1420		5293.965680000
17		1358	5293.983542000
17		43	5293.993679000
17		1358	5294.044789000
6	1420		5294.067140000
17		43	5294.085790000
17		1358	5294.105629000
6	0		5294.131615000
17		1358	5294.166892000
6	1420		5294.168630000
17		43	5294.177766000
17		43	5294.223876000
17		1358	5294.228578000
6	1420		5294.270070000
17		1358	5294.290388000
17		43	5294.315768000
17		1358	5294.352333000
17		43	5294.361825000
6	1420		5294.371561000
6	0		5294.407686000
17		1358	5294.412929000
17		43	5294.453792000
6	1420		5294.473064000
17		1358	5294.473559000
17		43	5294.500085000
17		1358	5294.535121000
17		43	5294.545697000
6	1420		5294.574537000
6	0		5294.592445000
17		1358	5294.596662000
17		43	5294.637700000
17		1358	5294.658820000
6	1420		5294.676011000
17		43	5294.683706000
17		1358	5294.720216000
17		1358	5294.768245000
17		43	5294.775913000
6	1420		5294.777461000
17		1358	5294.818313000
6	0		5294.822595000
17		1358	5294.867656000
17		43	5294.868471000
6	1420		5294.878985000
17		48	5294.914548000
17		1358	5294.916243000
17		1358	5294.965545000
6	1420		5294.980461000
17		43	5295.005786000
17		1358	5295.014364000
6	0		5295.051941000
17		1358	5295.063249000
6	1420		5295.081950000
17		43	5295.098246000
17		1358	5295.112477000
17		43	5295.144122000
6	1420		5295.183414000
17		1358	5295.194405000
17		43	5295.235713000
17		1358	5295.275588000
6	0		5295.281773000
6	1420		5295.284860000
17		43	5295.327696000
17		1358	5295.357766000
17		43	5295.373965000
6	1420		5295.386361000
17		1358	5295.439610000
17		43	5295.466457000
6	1420		5295.487835000
17		43	5295.511757000
17		1358	5295.521595000
6	0		5295.558201000
17		1358	5295.583514000
6	1420		5295.589315000
17		43	5295.604371000
17		1358	5295.643621000
17		43	5295.650301000
6	1420		5295.690803000
17		1358	5295.705056000
17		43	5295.742303000
17		1358	5295.767036000
6	1420		5295.771998000
17		43	5295.788286000
17		1358	5295.828532000
6	0		5295.834459000
6	1420		5295.853201000
17		43	5295.879925000
17		1358	5295.889600000
6	1420		5295.934354000
17		1358	5295.951384000
17		43	5295.971747000
17		1358	5296.011836000
6	1420		5296.015530000
6	0		5296.017891000
17		43	5296.063841000
17		1358	5296.073151000
6	1420		5296.096737000
17		740	5296.134908000
17		43	5296.156212000
6	0		5296.202363000
6	1420		5296.202834000
17		43	5296.247651000
17		43	5296.294129000
6	1420		5296.314269000
17		43	5296.385733000
6	0		5296.431855000
6	1420		5296.450145000
17		48	5296.477795000
17		35	5296.491584000
17		43	5296.524335000
6	1420		5296.586251000
17		43	5296.615807000
17		1030	5296.615832000
17		40	5296.616485000
17		1358	5296.617267000
6	0		5296.662877000
17		1358	5296.680186000
17		43	5296.707655000
6	1420		5296.722397000
17		1358	5296.742205000
17		43	5296.800459000
17		1358	5296.802001000
6	1420		5296.824482000
6	0		5296.846168000
6	35		5296.846216000
17		1358	5296.865220000
17		43	5296.891953000
17		1358	5296.925909000
6	1420		5296.926556000
17		43	5296.983917000
17		1358	5296.985578000
6	1420		5297.028668000
6	0		5297.030094000
17		1358	5297.048104000
17		1358	5297.109500000
6	0		5297.122446000
6	0		5297.130737000
6	1420		5297.130772000
17		43	5297.168572000
17		1358	5297.170725000
17		49	5297.213771000
17		35	5297.227527000
17		1358	5297.232802000
6	1420		5297.232837000
6	0		5297.259740000
17		43	5297.259772000
17		1358	5297.293331000
6	0		5297.306437000
6	1420		5297.334933000
17		43	5297.352549000
17		1358	5297.353852000
17		1358	5297.416311000
6	1420		5297.430677000
17		43	5297.444596000
6	0		5297.444625000
17		1358	5297.477740000
17		43	5297.490018000
6	1420		5297.526467000
17		1358	5297.539578000
17		43	5297.581869000
17		1358	5297.599912000
6	1420		5297.622202000
6	0		5297.628064000
17		1358	5297.661220000
17		43	5297.674377000
6	1420		5297.717948000
17		43	5297.720402000
17		1358	5297.721896000
17		1358	5297.772137000
17		43	5297.812705000
6	1420		5297.813665000
17		1358	5297.820868000
17		43	5297.858190000
17		1358	5297.870045000
6	0		5297.904341000
6	1420		5297.909404000
17		1358	5297.920168000
17		43	5297.950386000
17		1358	5297.968346000
6	1420		5298.005173000
17		1358	5298.017694000
17		43	5298.041749000
17		1358	5298.067566000
17		43	5298.087732000
6	1420		5298.100889000
17		1358	5298.115321000
6	0		5298.134041000
17		1358	5298.165060000
17		43	5298.180742000
6	1420		5298.196621000
17		1358	5298.214116000
17		43	5298.226356000
17		43	5298.271876000
6	1420		5298.292403000
17		1358	5298.295499000
6	0		5298.318108000
17		43	5298.364498000
17		1358	5298.377987000
6	1420		5298.388140000
17		43	5298.456397000
17		1358	5298.457957000
6	1420		5298.483876000
17		43	5298.502268000
17		1358	5298.541113000
6	0		5298.548414000
6	1420		5298.579644000
17		43	5298.594453000
17		1358	5298.623700000
17		48	5298.640186000
17		35	5298.654417000
6	1420		5298.675360000
17		1358	5298.684026000
17		43	5298.732085000
17		1358	5298.745540000
17		43	5298.777893000
17		1358	5298.807619000
6	0		5298.824046000
17		1358	5298.868600000
17		43	5298.870345000
17		43	5298.915740000
17		1358	5298.929810000
17		43	5298.962097000
17		1358	5298.991216000
17		43	5299.008077000
17		1358	5299.051899000
6	0		5299.053720000
17		43	5299.100151000
17		1358	5299.113709000
17		1358	5299.175520000
17		43	5299.192437000
17		1358	5299.237006000
17		43	5299.237816000
6	0		5299.284446000
6	1420		5299.284947000
17		1358	5299.298349000
17		43	5299.330510000
17		1358	5299.358508000
17		1358	5299.420823000
17		43	5299.421859000
6	0		5299.468211000
6	1420		5299.468691000
17		1358	5299.481502000
17		43	5299.514458000
6	1420		5299.516556000
17		1358	5299.543889000
17		739	5299.604648000
17		43	5299.605750000
17		43	5299.651805000
17		43	5299.697786000
6	0		5299.744030000
17		43	5299.744057000
6	1420		5299.744533000
17		43	5299.790299000
17		43	5299.835937000
17		43	5299.882050000
17		48	5299.927700000
17		35	5299.941472000
17		43	5299.974504000
17		43	5300.065992000
17		43	5300.112231000
17		43	5300.158447000
6	0		5300.204660000
6	1420		5300.205198000
17		43	5300.249647000
6	1420		5300.253067000
17		1039	5300.342199000
17		41	5300.342972000
17		1358	5300.343801000
17		1358	5300.343832000
17		1358	5300.343836000
17		1358	5300.343840000
17		1358	5300.343843000
17		1358	5300.343847000
17		1358	5300.343851000
17		1358	5300.343855000
17		1358	5300.343858000
17		1358	5300.343861000
6	1420		5300.348772000
6	0		5300.387683000
17		1358	5300.406623000
6	1420		5300.444527000
17		1358	5300.466841000
6	0		5300.480461000
17		43	5300.480490000
17		49	5300.525686000
17		35	5300.539789000
6	1420		5300.540287000
17		43	5300.572227000
17		43	5300.618527000
6	1420		5300.636038000
17		43	5300.663632000
17		1358	5300.665195000
17		43	5300.710040000
17		1358	5300.711591000
6	1420		5300.731793000
17		43	5300.756365000
17		1358	5300.761828000
17		43	5300.802002000
17		1358	5300.809923000
6	1420		5300.827518000
17		43	5300.848081000
17		1358	5300.886110000
17		43	5300.893795000
17		1358	5300.961645000
17		43	5300.985939000
6	0		5301.032089000
6	1420		5301.032579000
17		1358	5301.033581000
17		43	5301.078131000
6	1420		5301.080436000
17		1358	5301.089134000
17		1358	5301.144313000
6	0		5301.170500000
6	1420		5301.176230000
17		1358	5301.199239000
17		43	5301.216507000
17		1358	5301.253894000
17		43	5301.262251000
6	1420		5301.271965000
17		1358	5301.309581000
17		43	5301.354353000
17		1358	5301.366079000
17		43	5301.400455000
6	0		5301.400483000
6	1420		5301.400950000
17		1358	5301.421701000
17		43	5301.492264000
17		1358	5301.493852000
6	0		5301.538352000
17		43	5301.538380000
6	1420		5301.538895000
17		1358	5301.549356000
17		43	5301.584404000
6	1420		5301.586750000
17		1358	5301.605313000
17		43	5301.675854000
17		1358	5301.677449000
17		43	5301.721800000
17		1358	5301.734033000
6	0		5301.767953000
6	1420		5301.768419000
17		48	5301.814266000
17		1358	5301.815848000
6	1420		5301.816283000
17		43	5301.860248000
17		1358	5301.871290000
6	0		5301.875446000
6	0		5301.875506000
6	0		5301.914263000
6	12		5301.914511000
17		43	5301.952421000
6	0		5301.953232000
6	12		5301.953288000
6	0		5301.953298000
6	1		5301.953461000
6	4		5301.953483000
6	32		5301.953510000
6	0		5301.953521000
17		1358	5301.953962000
6	0		5301.992213000
6	0		5301.992307000
6	0		5301.992314000
6	0		5301.992352000
6	0		5301.992364000
6	0		5301.992468000
17		43	5301.998219000
17		1358	5302.009704000
6	0		5302.044440000
6	1420		5302.044941000
6	1420		5302.083223000
17		43	5302.089945000
17		1358	5302.091478000
17		43	5302.136166000
17		1358	5302.147254000
6	1420		5302.159826000
17		43	5302.228054000
17		1358	5302.229581000
6	1420		5302.236393000
6	0		5302.274075000
17		43	5302.274101000
17		1358	5302.275639000
17		43	5302.320435000
17		1358	5302.349548000
17		43	5302.366136000
17		1358	5302.423488000
17		43	5302.457850000
17		1358	5302.498427000
6	0		5302.504059000
6	1420		5302.504575000
17		43	5302.549770000
6	1420		5302.552455000
17		1358	5302.554506000
17		43	5302.595726000
17		1358	5302.611075000
17		43	5302.641774000
17		1358	5302.666502000
6	0		5302.733850000
6	1420		5302.734324000
17		43	5302.780492000
17		1358	5302.782007000
6	1420		5302.782150000
17		43	5302.826450000
17		1358	5302.838267000
17		43	5302.917799000
17		1358	5302.919293000
6	0		5302.963941000
6	1420		5302.964426000
17		43	5303.010312000
17		1358	5303.011596000
6	1420		5303.012288000
17		43	5303.056568000
17		740	5303.067574000
17		43	5303.102328000
6	0		5303.194250000
6	1420		5303.194788000
17		48	5303.240083000
6	1420		5303.242646000
17		35	5303.254096000
17		43	5303.285896000
17		43	5303.331999000
17		43	5303.423772000
6	0		5303.469945000
6	1420		5303.470461000
17		43	5303.515895000
6	1420		5303.518306000
17		43	5303.561609000
17		43	5303.653634000
6	0		5303.700224000
17		1121	5303.700257000
6	1420		5303.700758000
17		41	5303.700856000
17		146	5303.701767000
17		1353	5303.701846000
17		1358	5303.701852000
17		1358	5303.701856000
17		1358	5303.701859000
17		1358	5303.701862000
17		1358	5303.701866000
17		1358	5303.701869000
17		1358	5303.747114000
6	1420		5303.748610000
17		1358	5303.791051000
6	0		5303.792313000
6	1420		5303.844383000
6	0		5303.883748000
17		49	5303.930153000
17		1358	5303.931844000
6	1420		5303.940092000
17		43	5303.975845000
17		1358	5304.006823000
6	0		5304.022467000
17		43	5304.022516000
6	1420		5304.035849000
17		43	5304.068274000
17		1358	5304.080390000
17		43	5304.114095000
6	1420		5304.131572000
17		1358	5304.136864000
17		43	5304.160563000
17		1358	5304.191762000
17		43	5304.206154000
6	1420		5304.227337000
17		1358	5304.246784000
17		43	5304.251944000
17		43	5304.297885000
17		1358	5304.299447000
6	1420		5304.303957000
17		1358	5304.357299000
6	0		5304.390530000
17		43	5304.390562000
6	1420		5304.391024000
17		1358	5304.411451000
17		43	5304.436357000
17		1358	5304.466743000
17		1358	5304.516571000
17		43	5304.528061000
17		1358	5304.567543000
6	0		5304.574251000
6	1420		5304.574782000
17		43	5304.619719000
17		1358	5304.621367000
6	1420		5304.638575000
17		43	5304.711787000
17		1358	5304.713421000
17		47	5304.757871000
17		1358	5304.764872000
6	0		5304.804056000
6	1420		5304.804580000
17		43	5304.850357000
17		1358	5304.851897000
6	1420		5304.862013000
17		43	5304.895826000
17		1358	5304.903500000
17		43	5304.987685000
17		1358	5304.989245000
6	0		5305.034238000
6	1420		5305.034756000
17		43	5305.079895000
17		1358	5305.080861000
6	1420		5305.082582000
17		43	5305.126618000
17		1358	5305.132171000
17		43	5305.172010000
17		1358	5305.172787000
17		1358	5305.213799000
17		43	5305.264047000
17		1358	5305.265849000
6	0		5305.310458000
6	1420		5305.311005000
17		43	5305.356241000
17		1358	5305.357830000
17		43	5305.402114000
17		1358	5305.426908000
17		43	5305.494252000
17		1358	5305.495854000
6	0		5305.540552000
6	1420		5305.541064000
17		43	5305.586142000
17		1358	5305.587783000
17		43	5305.632167000
17		1358	5305.638825000
17		43	5305.724103000
17		1358	5305.725631000
6	0		5305.770394000
6	1420		5305.770920000
17		43	5305.815867000
17		1358	5305.817386000
6	1420		5305.824883000
17		43	5305.862542000
17		43	5305.908080000
17		1358	5305.909656000
17		43	5305.999841000
17		1358	5306.001430000
17		43	5306.045819000
17		1358	5306.052903000
17		43	5306.092242000
17		1358	5306.104691000
6	0		5306.138410000
6	1420		5306.138929000
6	1420		5306.182070000
17		48	5306.183950000
17		1358	5306.185483000
17		43	5306.230244000
17		1358	5306.236384000
6	1420		5306.268446000
17		43	5306.275736000
17		1358	5306.287510000
6	1420		5306.354792000
17		43	5306.367818000
17		1358	5306.369323000
6	0		5306.414200000
6	1420		5306.441145000
17		43	5306.460409000
17		1358	5306.461883000
17		43	5306.506246000
17		1358	5306.513165000
17		43	5306.551960000
17		1358	5306.554211000
17		1358	5306.596052000
6	0		5306.644565000
6	1420		5306.645072000
17		43	5306.689739000
17		1358	5306.691112000
6	1420		5306.699059000
17		43	5306.736339000
17		1358	5306.759358000
17		43	5306.827643000
17		1358	5306.829028000
6	0		5306.873981000
6	1420		5306.874484000
17		43	5306.920248000
17		1358	5306.921407000
6	1420		5306.928412000
17		43	5307.011774000
17		1358	5307.013349000
17		43	5307.057688000
17		1358	5307.065027000
17		43	5307.104420000
17		1358	5307.116524000
17		43	5307.150411000
6	0		5307.150444000
6	1420		5307.150951000
17		1358	5307.167537000
17		43	5307.242036000
17		1358	5307.243606000
6	0		5307.287851000
17		43	5307.287873000
6	1420		5307.288365000
17		1358	5307.295815000
17		43	5307.333763000
6	1420		5307.342316000
17		1358	5307.347179000
17		43	5307.426278000
17		1358	5307.427873000
6	0		5307.471691000
6	1420		5307.472205000
17		43	5307.518153000
17		1358	5307.519771000
6	1420		5307.558219000
17		48	5307.564222000
17		1358	5307.571731000
17		43	5307.610226000
17		1358	5307.623238000
17		43	5307.702483000
17		1358	5307.703469000
17		43	5307.747701000
17		1358	5307.755217000
6	0		5307.793880000
6	1420		5307.794373000
17		43	5307.840464000
17		1358	5307.842195000
6	1420		5307.848353000
17		43	5307.932456000
17		1358	5307.934113000
17		43	5307.977675000
17		1358	5307.985471000
6	0		5308.023777000
17		43	5308.023802000
6	1420		5308.024312000
17		1358	5308.037218000
6	1420		5308.078248000
17		43	5308.116824000
17		1358	5308.118360000
17		43	5308.162438000
17		1358	5308.163950000
17		43	5308.208660000
6	0		5308.208693000
6	1420		5308.209193000
17		1358	5308.232214000
17		43	5308.254274000
17		1358	5308.300004000
17		43	5308.346363000
17		1358	5308.367875000
6	0		5308.392674000
6	1420		5308.393248000
6	1420		5308.436339000
17		43	5308.437721000
17		1358	5308.439309000
17		43	5308.484475000
17		1358	5308.490022000
6	1420		5308.522748000
17		43	5308.576050000
17		1358	5308.577299000
6	1420		5308.609088000
6	0		5308.622328000
17		43	5308.668529000
17		1358	5308.670154000
17		43	5308.714486000
17		1358	5308.721465000
17		43	5308.760376000
17		1358	5308.773087000
17		43	5308.805650000
17		1358	5308.825001000
17		48	5308.852233000
17		35	5308.865533000
17		1358	5308.876175000
6	0		5308.898524000
6	1420		5308.899014000
6	1420		5308.952996000
17		43	5308.990230000
17		1358	5308.991599000
17		43	5309.035890000
17		1130	5309.043159000
6	0		5309.082568000
6	1420		5309.083041000
17		43	5309.127688000
6	1420		5309.168873000
17		43	5309.220251000
17		43	5309.266244000
17		43	5309.312340000
17		43	5309.358416000
6	0		5309.358449000
6	1420		5309.358950000
17		43	5309.403994000
6	0		5309.496768000
6	1420		5309.497286000
17		1039	5309.542122000
17		41	5309.542759000
17		139	5309.543593000
17		1353	5309.543667000
17		1358	5309.543677000
17		1358	5309.543682000
17		1358	5309.543687000
17		1358	5309.543692000
17		1358	5309.543697000
6	1420		5309.551255000
17		1358	5309.585706000
17		1358	5309.625892000
6	0		5309.634320000
6	1420		5309.659220000
6	0		5309.726252000
17		49	5309.726280000
17		35	5309.740059000
6	1420		5309.767157000
17		43	5309.771647000
17		1358	5309.773315000
17		43	5309.818324000
17		1358	5309.841610000
17		43	5309.864356000
6	1420		5309.875107000
17		1358	5309.909578000
17		43	5309.909981000
17		43	5309.956561000
17		1358	5309.961799000
6	1420		5309.983048000
6	0		5309.993064000
6	0		5309.993119000
17		43	5310.001712000
17		1358	5310.013527000
6	0		5310.032196000
6	12		5310.032465000
17		1358	5310.063775000
6	0		5310.071621000
6	12		5310.071842000
6	0		5310.071854000
6	1		5310.072036000
6	4		5310.072059000
6	32		5310.072066000
6	0		5310.072074000
17		43	5310.093641000
6	0		5310.111116000
6	0		5310.111153000
6	0		5310.111272000
6	0		5310.111395000
6	0		5310.111408000
17		1358	5310.115480000
17		43	5310.140397000
6	0		5310.140425000
6	1420		5310.140919000
17		1358	5310.166921000
6	0		5310.232310000
6	1420		5310.232824000
17		43	5310.278158000
6	1420		5310.306885000
17		43	5310.323942000
17		1358	5310.325300000
17		43	5310.370027000
17		1358	5310.388762000
17		43	5310.416418000
17		1358	5310.452763000
6	0		5310.462522000
6	1420		5310.463035000
17		43	5310.508104000
6	1420		5310.522770000
17		43	5310.554079000
17		43	5310.599947000
17		1358	5310.601525000
17		43	5310.691828000
17		1358	5310.693462000
6	0		5310.738047000
6	1420		5310.738557000
6	1420		5310.792531000
17		43	5310.829887000
17		1358	5310.832350000
17		43	5310.875664000
17		1358	5310.895680000
17		43	5310.922408000
6	0		5310.922435000
6	1420		5310.922953000
17		1358	5310.959089000
6	0		5311.014498000
6	1420		5311.015007000
17		1358	5311.022815000
17		48	5311.060560000
17		35	5311.074468000
17		1358	5311.086016000
6	1420		5311.101249000
17		43	5311.106095000
17		1358	5311.149747000
6	0		5311.151653000
6	1420		5311.194154000
17		43	5311.198000000
17		1358	5311.212774000
17		43	5311.244228000
17		1358	5311.275269000
6	1420		5311.286993000
17		43	5311.336455000
17		1358	5311.337959000
6	1420		5311.368670000
6	0		5311.382588000
17		1358	5311.402225000
17		43	5311.428238000
6	1420		5311.450347000
17		1358	5311.465126000
17		43	5311.474386000
17		1358	5311.528518000
17		43	5311.565835000
17		1358	5311.591700000
6	0		5311.612002000
6	1420		5311.612529000
17		1358	5311.654831000
17		43	5311.657978000
6	1420		5311.663541000
17		43	5311.704153000
17		1358	5311.718010000
17		1358	5311.781671000
17		43	5311.796052000
6	0		5311.842231000
6	1420		5311.842730000
17		1358	5311.844536000
17		43	5311.888278000
6	1420		5311.893777000
17		1358	5311.906912000
17		43	5311.934606000
17		1358	5311.971094000
17		43	5311.980076000
17		43	5312.026541000
17		1358	5312.034578000
6	0		5312.072188000
6	1420		5312.072726000
17		1358	5312.097810000
17		43	5312.118216000
6	1420		5312.123782000
17		1358	5312.160723000
17		43	5312.209857000
17		1358	5312.223548000
17		43	5312.255844000
17		1358	5312.286945000
6	0		5312.302039000
6	1420		5312.302599000
17		43	5312.348418000
17		1358	5312.350013000
6	1420		5312.353602000
17		1358	5312.400206000
17		43	5312.440147000
17		1358	5312.450985000
17		48	5312.486250000
17		35	5312.500016000
17		1358	5312.502122000
17		43	5312.532142000
17		627	5312.552048000
6	0		5312.578698000
6	1420		5312.579207000
17		43	5312.624363000
6	1420		5312.630259000
17		43	5312.670493000
17		43	5312.716533000
17		43	5312.761626000
6	0		5312.808081000
6	1420		5312.808597000
17		43	5312.854040000
6	1420		5312.859646000
17		43	5312.945925000
17		43	5312.992211000
17		1121	5313.038494000
17		41	5313.039164000
17		148	5313.039847000
17		1353	5313.039873000
17		1358	5313.039877000
17		1358	5313.039880000
17		1358	5313.039883000
17		1358	5313.039887000
17		1358	5313.039890000
17		1358	5313.039894000
17		1358	5313.039898000
17		1358	5313.039901000
6	0		5313.083637000
6	1420		5313.084126000
17		1358	5313.090035000
6	1420		5313.135149000
17		1358	5313.138772000
6	0		5313.176439000
17		1358	5313.187678000
17		43	5313.222338000
6	1420		5313.237253000
17		49	5313.268183000
17		43	5313.268210000
17		35	5313.282565000
17		43	5313.314416000
6	0		5313.314445000
6	1420		5313.339363000
17		43	5313.360532000
17		43	5313.406428000
6	1420		5313.441464000
17		43	5313.451722000
17		1358	5313.452817000
17		1358	5313.452843000
17		43	5313.497637000
17		1358	5313.499230000
6	1420		5313.523120000
17		43	5313.543928000
17		1358	5313.561619000
17		43	5313.590307000
17		1358	5313.624632000
17		43	5313.635774000
17		1358	5313.686481000
17		43	5313.727814000
17		1358	5313.747785000
6	0		5313.774002000
6	1420		5313.774488000
17		1358	5313.809503000
17		43	5313.819946000
17		43	5313.866543000
17		1358	5313.871430000
17		1358	5313.933942000
6	0		5313.957883000
6	1420		5313.958386000
17		43	5314.004246000
17		1358	5314.005759000
6	1420		5314.026464000
17		43	5314.050399000
6	0		5314.050439000
17		1358	5314.067777000
17		1358	5314.095903000
17		43	5314.095934000
17		1358	5314.097345000
17		33	5314.122278000
17		1358	5314.130033000
6	1420		5314.162580000
17		43	5314.188399000
17		1358	5314.192132000
17		43	5314.233831000
17		1358	5314.254709000
17		43	5314.280454000
17		1358	5314.316622000
17		43	5314.325944000
6	0		5314.372452000
6	1420		5314.372935000
17		1358	5314.379506000
17		48	5314.418169000
6	1420		5314.423971000
17		35	5314.432345000
17		1358	5314.442185000
17		43	5314.463639000
17		1358	5314.504701000
17		43	5314.510578000
17		1358	5314.566298000
17		43	5314.602600000
17		1358	5314.627599000
6	0		5314.648362000
17		43	5314.648386000
6	1420		5314.648837000
17		1358	5314.676581000
17		711	5314.694570000
17		41	5314.694593000
17		39	5314.695684000
6	1420		5314.699888000
17		83	5314.704172000
17		33	5314.704218000
17		43	5314.740215000
17		1358	5314.741554000
17		43	5314.832258000
17		1358	5314.833799000
17		43	5314.878243000
17		1358	5314.914063000
17		43	5314.924356000
6	0		5314.970488000
6	1420		5314.970995000
17		1358	5314.994194000
17		43	5315.015943000
17		593	5315.061985000
17		39	5315.063111000
17		87	5315.072857000
17		33	5315.073038000
17		1358	5315.074597000
17		43	5315.107867000
17		1358	5315.135494000
17		43	5315.154091000
17		1358	5315.196847000
17		43	5315.200112000
17		43	5315.246280000
17		1358	5315.257579000
6	0		5315.291738000
6	1420		5315.292234000
17		1358	5315.318433000
17		43	5315.338013000
17		41	5315.338032000
6	1420		5315.343285000
17		1358	5315.378570000
17		47	5315.384159000
17		41	5315.384182000
17		33	5315.409990000
17		43	5315.430341000
17		1358	5315.438801000
17		43	5315.476174000
17		1358	5315.499709000
6	0		5315.522342000
6	1420		5315.522854000
17		1358	5315.559849000
17		47	5315.568373000
17		43	5315.568395000
17		41	5315.568402000
6	1420		5315.573883000
17		33	5315.594365000
17		43	5315.613874000
17		1358	5315.620859000
17		43	5315.659889000
6	1420		5315.675969000
17		1358	5315.681853000
17		48	5315.706185000
17		35	5315.720206000
17		1358	5315.740915000
17		43	5315.752117000
17		1358	5315.801206000
17		43	5315.844512000
17		1358	5315.860852000
6	0		5315.889760000
6	1420		5315.890292000
17		1358	5315.920936000
17		43	5315.935869000
6	1420		5315.941338000
17		1358	5315.980915000
17		43	5315.982083000
17		43	5316.028110000
17		1358	5316.041792000
17		1358	5316.102818000
17		43	5316.120222000
17		1358	5316.161908000
6	0		5316.166361000
6	1420		5316.166877000
17		43	5316.212131000
6	1420		5316.217923000
17		1358	5316.222519000
17		43	5316.304262000
17		1358	5316.305907000
17		43	5316.350247000
17		1358	5316.354343000
17		43	5316.396130000
17		1358	5316.403793000
6	0		5316.441790000
6	1420		5316.442356000
17		1358	5316.451285000
6	1420		5316.483183000
17		43	5316.488452000
17		1358	5316.498425000
6	1420		5316.564871000
17		43	5316.580562000
17		1358	5316.582124000
17		43	5316.626015000
6	1420		5316.646531000
17		1358	5316.662520000
17		43	5316.672267000
17		43	5316.717924000
17		1358	5316.742627000
6	0		5316.764081000
6	0		5316.770647000
6	0		5316.770709000
17		1358	5316.804107000
17		43	5316.856249000
17		1358	5316.863078000
17		43	5316.902333000
17		1358	5316.923668000
17		43	5316.948464000
17		1358	5316.984248000
17		43	5316.994411000
6	0		5316.994443000
6	1420		5316.994968000
6	0		5317.012905000
6	15		5317.012957000
6	41		5317.018602000
17		48	5317.039989000
17		1358	5317.044676000
6	0		5317.086398000
6	1420		5317.086914000
17		1358	5317.105414000
17		43	5317.131814000
6	1420		5317.148069000
17		1358	5317.165490000
17		43	5317.224011000
17		1358	5317.226302000
6	0		5317.260469000
6	0		5317.270247000
6	1420		5317.270802000
17		43	5317.315643000
17		1358	5317.316961000
6	1420		5317.352263000
17		43	5317.362250000
17		1358	5317.377976000
17		43	5317.408437000
17		1358	5317.439560000
17		43	5317.454333000
17		43	5317.499921000
17		1358	5317.501462000
17		43	5317.545919000
17		1358	5317.561816000
17		1358	5317.621845000
17		43	5317.638198000
17		1358	5317.681260000
6	0		5317.684343000
6	1420		5317.684852000
17		43	5317.730595000
6	1420		5317.740976000
17		1358	5317.742544000
17		43	5317.776159000
17		1358	5317.803558000
17		43	5317.821696000
6	856		5317.825127000
17		1358	5317.864726000
6	0		5317.867944000
6	1420		5317.868482000
17		43	5317.913927000
17		1358	5317.925415000
6	1420		5317.965462000
17		43	5318.006537000
17		1358	5318.007756000
17		43	5318.052545000
17		1358	5318.056662000
17		43	5318.097883000
17		1358	5318.105801000
6	0		5318.144129000
17		43	5318.144156000
6	1420		5318.144645000
17		1358	5318.186492000
17		43	5318.190503000
17		43	5318.235753000
17		1358	5318.266644000
6	0		5318.328157000
6	1420		5318.328659000
17		1358	5318.347441000
17		48	5318.374122000
6	1420		5318.384775000
17		35	5318.388360000
17		43	5318.419669000
17		1358	5318.426916000
17		43	5318.466632000
17		1358	5318.488193000
17		43	5318.512207000
17		1358	5318.547795000
6	0		5318.557705000
6	1420		5318.558231000
17		43	5318.604390000
17		1358	5318.606039000
6	1420		5318.614364000
17		43	5318.650499000
17		385	5318.666974000
17		43	5318.696415000
17		43	5318.788559000
17		43	5318.833803000
6	0		5318.880221000
6	1420		5318.880693000
17		43	5318.926075000
6	1420		5318.936839000
17		43	5319.018125000
17		43	5319.064182000
17		43	5319.110264000
6	0		5319.155690000
6	1420		5319.156192000
6	1420		5319.201075000
17		43	5319.201891000
17		1039	5319.247966000
17		41	5319.248559000
17		147	5319.249223000
17		1353	5319.249246000
17		1358	5319.249251000
17		1358	5319.249267000
17		1358	5319.249271000
17		1358	5319.249275000
17		1358	5319.249278000
17		1358	5319.249281000
6	1420		5319.290876000
6	0		5319.294496000
17		1358	5319.310437000
17		1358	5319.369449000
6	1420		5319.380626000
6	0		5319.385928000
17		1358	5319.430159000
17		49	5319.432433000
17		35	5319.446984000
6	1420		5319.470544000
17		43	5319.478494000
17		1358	5319.489610000
6	0		5319.524375000
17		43	5319.524409000
17		1358	5319.550579000
6	1420		5319.560262000
17		43	5319.570017000
17		1358	5319.611019000
17		43	5319.616592000
6	1420		5319.650021000
17		43	5319.662190000
17		1358	5319.671930000
17		43	5319.708259000
17		1358	5319.721095000
17		1358	5319.768364000
17		43	5319.800446000
17		1358	5319.816101000
17		43	5319.846334000
6	0		5319.892458000
6	1420		5319.892962000
17		1358	5319.895916000
17		43	5319.937672000
6	1420		5319.945873000
17		1358	5319.976045000
17		43	5320.030295000
17		1358	5320.055243000
17		43	5320.076338000
17		1358	5320.110128000
6	0		5320.121697000
6	1420		5320.122233000
17		1358	5320.166595000
17		43	5320.167816000
6	1420		5320.175191000
17		1358	5320.221430000
17		43	5320.260444000
17		1358	5320.277710000
17		43	5320.306530000
17		1358	5320.333930000
17		43	5320.351963000
17		1358	5320.389671000
6	0		5320.398352000
6	1420		5320.398823000
17		43	5320.444492000
17		1358	5320.446491000
6	1420		5320.451816000
17		1358	5320.501243000
17		43	5320.536261000
17		1358	5320.556549000
17		43	5320.582397000
17		1358	5320.613389000
17		43	5320.627882000
17		239	5320.670272000
6	0		5320.673864000
6	1420		5320.674358000
17		48	5320.720411000
6	1420		5320.727328000
17		35	5320.733599000
17		43	5320.811783000
17		43	5320.857966000
17		43	5320.904119000
17		43	5320.949862000
6	0		5320.995947000
6	1420		5320.996456000
17		43	5321.042112000
6	1420		5321.049439000
17		43	5321.088181000
17		43	5321.133766000
17		1112	5321.133792000
17		34	5321.134411000
17		1358	5321.135317000
17		43	5321.180556000
17		1358	5321.192334000
6	0		5321.225724000
6	1420		5321.226269000
17		1358	5321.247000000
6	1420		5321.279183000
17		1358	5321.301531000
6	0		5321.318385000
17		1358	5321.356604000
6	1420		5321.385121000
17		49	5321.410257000
17		1358	5321.411999000
17		43	5321.456415000
6	0		5321.456447000
17		1358	5321.456454000
6	1420		5321.491085000
17		1358	5321.499815000
17		1358	5321.544654000
17		43	5321.548030000
17		1358	5321.588267000
6	0		5321.594260000
6	1420		5321.596974000
17		1358	5321.632925000
17		43	5321.640529000
17		1358	5321.677650000
17		43	5321.685945000
6	1420		5321.702905000
17		1358	5321.751340000
17		43	5321.778075000
6	1420		5321.787632000
17		43	5321.823978000
17		1358	5321.825525000
6	0		5321.870283000
6	1420		5321.872392000
17		1358	5321.898228000
17		43	5321.915796000
6	1420		5321.957139000
17		43	5321.962414000
17		1358	5321.971100000
17		43	5322.008445000
17		1358	5322.027238000
17		43	5322.054415000
17		1358	5322.082141000
17		43	5322.100499000
17		1358	5322.137236000
6	0		5322.145706000
6	1420		5322.146221000
17		1358	5322.191954000
17		43	5322.192331000
6	1420		5322.199187000
17		1358	5322.247865000
17		43	5322.284176000
17		1358	5322.302273000
6	0		5322.330360000
6	1420		5322.330877000
17		1358	5322.357435000
17		43	5322.376585000
6	1420		5322.411029000
17		1358	5322.412970000
17		1358	5322.467725000
17		43	5322.468370000
17		43	5322.513641000
17		1358	5322.523356000
17		43	5322.559771000
17		1358	5322.579641000
6	0		5322.606637000
17		43	5322.606665000
6	1420		5322.607919000
17		1358	5322.634261000
17		1358	5322.689316000
17		43	5322.698352000
6	0		5322.744122000
6	1420		5322.744582000
17		1358	5322.746026000
17		48	5322.789879000
6	1420		5322.797559000
17		1358	5322.802313000
17		1358	5322.857851000
17		43	5322.881700000
17		1358	5322.912934000
6	0		5322.927967000
6	1420		5322.928455000
17		43	5322.974149000
17		1358	5322.975776000
6	1420		5323.009397000
17		43	5323.019955000
17		1358	5323.031593000
17		43	5323.066429000
17		1358	5323.087880000
17		43	5323.111815000
17		1358	5323.144954000
17		43	5323.204573000
17		1358	5323.205698000
17		43	5323.249987000
17		1358	5323.251725000
6	0		5323.296128000
6	1420		5323.296664000
17		43	5323.342128000
17		1358	5323.343686000
6	1420		5323.349600000
17		43	5323.433887000
17		1358	5323.435412000
17		43	5323.479667000
17		1358	5323.510164000
6	0		5323.525869000
6	1420		5323.526353000
17		43	5323.572543000
6	1420		5323.579293000
17		1358	5323.584126000
17		1358	5323.657560000
17		43	5323.664420000
17		43	5323.710563000
17		1358	5323.731351000
17		43	5323.756000000
17		1358	5323.787194000
17		43	5323.802397000
6	0		5323.802424000
6	1420		5323.802871000
17		1358	5323.843012000
17		43	5323.848513000
17		1358	5323.897498000
17		43	5323.939835000
17		1358	5323.952990000
6	0		5323.985981000
6	1420		5323.986484000
17		1358	5324.008630000
17		43	5324.032193000
6	1420		5324.039443000
17		1358	5324.063115000
17		43	5324.077801000
17		1358	5324.119038000
6	0		5324.170436000
6	1420		5324.170953000
17		48	5324.215999000
17		1358	5324.216780000
6	1420		5324.251287000
17		43	5324.262001000
17		1358	5324.272807000
17		43	5324.308109000
17		1358	5324.328041000
17		1358	5324.382663000
17		43	5324.400491000
17		1358	5324.438533000
17		43	5324.446399000
17		43	5324.492010000
17		1358	5324.493560000
6	0		5324.538154000
6	1420		5324.538623000
17		1358	5324.549668000
17		43	5324.583913000
17		1358	5324.604803000
17		43	5324.676176000
17		1358	5324.678188000
17		43	5324.722255000
17		1358	5324.734544000
6	0		5324.768597000
6	1420		5324.769056000
17		43	5324.813803000
17		1358	5324.815317000
6	1420		5324.822034000
17		43	5324.906322000
17		1358	5324.907436000
17		43	5324.952265000
17		1358	5324.953689000
6	0		5324.958574000
6	0		5324.958627000
17		1358	5324.995959000
17		43	5324.997622000
17		1358	5325.040734000
17		43	5325.044404000
6	0		5325.044439000
6	1420		5325.044930000
6	0		5325.082618000
17		1358	5325.085898000
6	41		5325.089645000
17		43	5325.136096000
17		1358	5325.137139000
17		43	5325.182205000
17		1358	5325.211236000
6	0		5325.213483000
6	21		5325.213515000
6	0		5325.213527000
6	1080		5325.214531000
17		43	5325.228323000
17		43	5325.274653000
17		1358	5325.284913000
6	0		5325.319832000
6	1420		5325.320324000
6	440		5325.338475000
17		1358	5325.359660000
17		43	5325.366204000
6	1420		5325.373282000
6	0		5325.382228000
17		1358	5325.432307000
17		43	5325.458571000
6	1420		5325.479205000
17		1358	5325.488492000
17		48	5325.503789000
6	48		5325.506043000
6	0		5325.506085000
6	280		5325.510527000
17		35	5325.517493000
17		1358	5325.543985000
17		43	5325.549865000
6	0		5325.596686000
6	1420		5325.597183000
17		1358	5325.600047000
6	16		5325.636781000
17		43	5325.642352000
17		1358	5325.656292000
6	0		5325.678229000
17		43	5325.688216000
6	1420		5325.691054000
17		1358	5325.711136000
17		43	5325.734381000
17		1358	5325.766676000
17		43	5325.780270000
6	52		5325.802052000
6	0		5325.802097000
6	52		5325.802249000
17		1358	5325.822031000
17		43	5325.872312000
17		1358	5325.878924000
6	0		5325.918637000
6	1420		5325.919106000
6	84		5325.928926000
17		43	5325.963667000
17		1358	5325.965414000
6	0		5325.970234000
6	1420		5325.972068000
17		43	5326.056525000
17		1358	5326.058060000
17		43	5326.102415000
6	0		5326.113371000
6	0		5326.113432000
17		1293	5326.116620000
6	0		5326.148659000
6	1420		5326.149180000
6	0		5326.152872000
6	12		5326.153156000
6	0		5326.192183000
6	12		5326.192219000
6	0		5326.192231000
6	1		5326.192401000
6	4		5326.192416000
6	32		5326.192424000
6	0		5326.192432000
17		43	5326.194027000
6	1420		5326.202135000
6	0		5326.231579000
6	0		5326.231620000
6	0		5326.231687000
6	0		5326.231703000
17		43	5326.240306000
17		43	5326.286447000
17		43	5326.332334000
17		43	5326.378456000
17		43	5326.423802000
6	0		5326.470098000
6	1420		5326.470597000
17		43	5326.516195000
6	1420		5326.525994000
17		43	5326.608208000
17		1039	5326.654446000
17		41	5326.655047000
17		1358	5326.655951000
17		1358	5326.655975000
17		1358	5326.655978000
17		1358	5326.655982000
17		1358	5326.655985000
17		1358	5326.655988000
17		1358	5326.655991000
17		1358	5326.655994000
6	0		5326.699903000
6	1420		5326.700419000
17		1358	5326.703119000
6	1420		5326.755793000
6	0		5326.791675000
17		43	5326.838885000
6	1420		5326.866588000
17		49	5326.884244000
17		1358	5326.886005000
17		43	5326.930572000
6	0		5326.930599000
17		1358	5326.964579000
17		43	5326.975774000
6	1420		5326.977293000
17		43	5327.021848000
17		1358	5327.042300000
17		43	5327.068536000
6	1420		5327.088073000
17		43	5327.114805000
17		1358	5327.119550000
17		43	5327.160193000
17		1358	5327.177739000
17		1358	5327.235818000
17		43	5327.251982000
17		1358	5327.291720000
6	0		5327.298156000
6	1420		5327.298689000
6	1420		5327.342969000
17		1358	5327.349949000
17		43	5327.390360000
17		1358	5327.407351000
6	1420		5327.431588000
17		43	5327.435866000
17		1358	5327.463918000
6	0		5327.482010000
17		1358	5327.519346000
6	1420		5327.520189000
17		43	5327.528194000
6	68		5327.550559000
17		1358	5327.574979000
6	1420		5327.608803000
17		43	5327.620547000
17		1358	5327.631894000
17		43	5327.665865000
6	52		5327.674463000
6	0		5327.674503000
6	0		5327.674529000
6	0		5327.676384000
17		1358	5327.688454000
6	1420		5327.697414000
17		43	5327.712087000
17		1358	5327.743758000
6	0		5327.757774000
17		43	5327.757801000
6	0		5327.800202000
17		1358	5327.800245000
17		43	5327.850482000
17		1358	5327.857350000
17		43	5327.895653000
17		1358	5327.913284000
6	0		5327.941785000
6	1420		5327.942253000
17		1358	5327.969226000
17		43	5327.988296000
6	1420		5328.014221000
17		1358	5328.024874000
17		43	5328.034243000
17		1358	5328.081953000
17		43	5328.126345000
17		1358	5328.139281000
6	0		5328.172579000
6	1420		5328.173064000
17		48	5328.217697000
17		1358	5328.219284000
17		43	5328.264084000
6	1420		5328.266086000
17		1358	5328.276893000
17		43	5328.356181000
17		1358	5328.357740000
17		43	5328.402247000
17		1358	5328.415230000
17		43	5328.447954000
17		1358	5328.471809000
6	0		5328.494591000
6	1420		5328.495070000
17		1358	5328.517593000
17		43	5328.540069000
6	1420		5328.549070000
17		1358	5328.562395000
17		43	5328.631656000
17		1358	5328.633203000
17		43	5328.678887000
17		1358	5328.708802000
17		43	5328.723814000
6	0		5328.770401000
6	1420		5328.770893000
17		1358	5328.784845000
17		43	5328.816475000
6	1420		5328.824875000
17		1358	5328.861218000
17		43	5328.908541000
17		1358	5328.919128000
17		43	5328.954557000
17		1358	5328.976146000
17		43	5329.000479000
17		1358	5329.032948000
17		43	5329.046382000
17		1358	5329.090403000
6	0		5329.092527000
6	1420		5329.093030000
17		43	5329.137878000
6	1420		5329.147016000
17		1358	5329.147333000
17		43	5329.184166000
17		1358	5329.204778000
17		43	5329.229984000
17		1358	5329.261127000
17		43	5329.276095000
17		755	5329.318088000
6	0		5329.321712000
6	1420		5329.322232000
17		43	5329.368374000
6	1420		5329.376203000
17		43	5329.460534000
17		48	5329.505690000
17		35	5329.520313000
17		43	5329.552019000
17		43	5329.598394000
6	0		5329.598422000
6	1420		5329.598887000
17		43	5329.643706000
6	1420		5329.652873000
6	0		5329.736577000
6	1420		5329.760841000
17		43	5329.782505000
17		43	5329.828101000
6	1420		5329.868765000
17		1038	5329.873733000
17		41	5329.874386000
17		1358	5329.875356000
17		1358	5329.875381000
17		1358	5329.875386000
17		1358	5329.875390000
17		1358	5329.875395000
17		1358	5329.875399000
17		1358	5329.875403000
17		1358	5329.875408000
17		1358	5329.875412000
17		1358	5329.875417000
17		1358	5329.932810000
6	0		5329.965866000
6	1420		5329.976693000
17		1358	5329.988707000
17		1358	5330.044802000
6	0		5330.058146000
6	1420		5330.084642000
6	0		5330.150436000
17		43	5330.150463000
6	1420		5330.192595000
17		49	5330.196596000
17		1358	5330.198117000
17		43	5330.242054000
17		1358	5330.254852000
17		43	5330.288192000
6	1420		5330.300524000
17		1358	5330.311218000
17		43	5330.334229000
17		1358	5330.368237000
17		43	5330.380179000
6	1420		5330.408509000
17		1358	5330.423496000
17		43	5330.426426000
17		43	5330.471746000
17		1358	5330.479264000
6	1420		5330.516419000
17		43	5330.518026000
17		1358	5330.535243000
17		43	5330.563729000
17		1358	5330.592855000
17		43	5330.610373000
17		1358	5330.648524000
17		43	5330.701810000
17		1358	5330.703619000
6	0		5330.747866000
17		43	5330.747894000
6	1420		5330.748354000
17		1358	5330.760052000
6	1420		5330.791604000
17		1358	5330.816804000
6	0		5330.840092000
17		1358	5330.873250000
6	1420		5330.877898000
17		43	5330.886040000
17		1358	5330.929182000
17		43	5330.932454000
6	1420		5330.964255000
17		1358	5330.982638000
17		43	5331.024474000
17		1358	5331.035327000
6	1420		5331.050604000
17		43	5331.069807000
17		1358	5331.087919000
6	0		5331.115830000
17		43	5331.115857000
17		1358	5331.141539000
17		43	5331.162152000
17		1358	5331.194154000
17		1358	5331.246864000
17		43	5331.254340000
17		1358	5331.299859000
17		43	5331.300125000
17		1358	5331.342629000
17		48	5331.345943000
17		35	5331.359876000
17		1358	5331.384478000
17		43	5331.392404000
6	0		5331.392433000
6	1420		5331.393017000
17		1358	5331.427944000
17		1358	5331.469584000
17		43	5331.483818000
17		1358	5331.513033000
6	0		5331.529996000
6	1420		5331.530460000
17		43	5331.576487000
17		1358	5331.577281000
6	1420		5331.584446000
17		43	5331.622262000
17		1358	5331.648421000
17		43	5331.713624000
17		1358	5331.720358000
6	0		5331.760011000
6	1420		5331.760546000
17		43	5331.805683000
17		1358	5331.807191000
6	1420		5331.814461000
17		1358	5331.878805000
17		43	5331.898574000
17		43	5331.944012000
17		1358	5331.949927000
17		43	5331.989656000
17		1358	5332.003879000
17		43	5332.036381000
6	0		5332.036414000
6	1420		5332.036902000
17		1358	5332.056839000
17		43	5332.082159000
17		1358	5332.109640000
17		43	5332.128051000
17		1358	5332.163257000
17		43	5332.174080000
17		1358	5332.216120000
17		43	5332.266313000
17		1358	5332.269243000
17		43	5332.312254000
17		1358	5332.322196000
17		43	5332.358520000
17		1358	5332.375565000
6	0		5332.403710000
6	1420		5332.404250000
17		1358	5332.427825000
17		43	5332.449890000
6	1420		5332.458210000
17		1358	5332.480938000
17		43	5332.496546000
17		50	5332.535037000
17		43	5332.542104000
6	0		5332.588497000
6	1420		5332.588954000
17		48	5332.634517000
17		35	5332.648321000
6	1420		5332.674102000
17		43	5332.726396000
17		43	5332.772368000
6	0		5332.789578000
6	0		5332.789631000
17		43	5332.817857000
6	0		5332.864005000
6	1420		5332.864509000
17		43	5332.909776000
6	1420		5332.918511000
6	0		5332.929164000
6	41		5332.934550000
17		43	5332.955699000
17		43	5333.001676000
17		43	5333.047949000
6	0		5333.073720000
6	21		5333.073771000
6	0		5333.073783000
6	1080		5333.074847000
17		43	5333.093964000
17		43	5333.140099000
6	440		5333.216758000
17		43	5333.232274000
6	0		5333.258224000
6	0		5333.277739000
6	1420		5333.278290000
17		1122	5333.323853000
17		41	5333.324458000
17		156	5333.325278000
17		1353	5333.325309000
17		1358	5333.325314000
17		1358	5333.325318000
17		1358	5333.325323000
17		1358	5333.325327000
17		1358	5333.325333000
17		1358	5333.325337000
17		1358	5333.325342000
17		1358	5333.325345000
6	1420		5333.332205000
17		1358	5333.379137000
6	48		5333.397384000
6	0		5333.397422000
6	280		5333.401550000
6	0		5333.415620000
17		1358	5333.432146000
6	1420		5333.440184000
17		1358	5333.485360000
6	0		5333.508595000
17		1358	5333.538984000
6	16		5333.545101000
6	1420		5333.548110000
17		49	5333.554165000
17		35	5333.568471000
6	0		5333.586207000
17		43	5333.600603000
17		1358	5333.602162000
6	0		5333.645695000
17		43	5333.645725000
17		1358	5333.647255000
6	1420		5333.656048000
17		43	5333.692319000
17		1358	5333.701047000
6	52		5333.725305000
6	0		5333.725345000
6	52		5333.725449000
17		43	5333.738270000
17		1358	5333.755204000
6	1420		5333.763992000
17		43	5333.784075000
17		1358	5333.809310000
17		43	5333.830032000
17		1358	5333.852504000
6	84		5333.864669000
6	1420		5333.871939000
17		43	5333.876482000
17		1358	5333.895886000
6	0		5333.906239000
17		43	5333.922014000
17		1358	5333.940041000
17		43	5333.968084000
17		1358	5333.983694000
17		43	5334.060027000
17		1358	5334.061499000
6	0		5334.106337000
6	1420		5334.106980000
17		1358	5334.133997000
6	1420		5334.150050000
17		43	5334.151752000
17		43	5334.198253000
17		1358	5334.203982000
6	1420		5334.236372000
17		1358	5334.276080000
17		43	5334.290810000
6	1420		5334.322764000
17		43	5334.336097000
17		1358	5334.345538000
6	0		5334.382261000
17		1358	5334.398804000
6	1420		5334.409104000
17		43	5334.428029000
17		1358	5334.452206000
17		43	5334.474186000
6	1420		5334.495445000
17		1358	5334.506645000
17		43	5334.566030000
17		1358	5334.568463000
17		43	5334.611783000
17		1358	5334.622777000
6	0		5334.657971000
17		43	5334.704191000
17		1358	5334.705778000
17		48	5334.750058000
17		1358	5334.759432000
17		43	5334.795918000
17		1358	5334.812971000
17		1358	5334.867365000
17		43	5334.887736000
17		1358	5334.919837000
6	0		5334.933896000
6	1420		5334.934390000
6	0		5334.938376000
6	0		5334.938436000
17		43	5334.980128000
17		1358	5334.981233000
6	1420		5335.006385000
17		43	5335.071980000
17		1358	5335.072719000
6	0		5335.118118000
6	1420		5335.150333000
6	0		5335.152863000
17		43	5335.164097000
17		1358	5335.165090000
6	0		5335.166512000
6	41		5335.172144000
17		43	5335.210055000
17		1358	5335.219539000
6	1420		5335.258228000
17		43	5335.302012000
17		1358	5335.302784000
6	0		5335.347789000
6	0		5335.348288000
6	0		5335.366189000
17		43	5335.394037000
17		1358	5335.395243000
6	0		5335.399965000
6	21		5335.403801000
6	0		5335.403839000
6	1080		5335.404915000
17		43	5335.440477000
17		1358	5335.449376000
17		43	5335.486549000
17		1358	5335.503321000
17		43	5335.531633000
17		1358	5335.557578000
17		43	5335.578367000
17		1358	5335.611301000
17		43	5335.623907000
6	440		5335.635723000
17		1358	5335.664418000
17		43	5335.670466000
6	0		5335.682209000
17		1358	5335.718099000
17		43	5335.762104000
17		1358	5335.770979000
6	0		5335.808477000
6	0		5335.809028000
17		1358	5335.812568000
17		43	5335.854199000
17		1358	5335.856200000
6	48		5335.909970000
6	0		5335.910010000
6	280		5335.916108000
6	68		5335.916886000
17		43	5335.946321000
17		1358	5335.947764000
17		43	5335.992032000
17		1358	5335.993691000
6	0		5336.038249000
6	0		5336.038757000
6	52		5336.056136000
6	0		5336.056180000
6	0		5336.056198000
6	0		5336.057655000
17		43	5336.083954000
17		1358	5336.085530000
17		48	5336.130044000
17		35	5336.144378000
6	16		5336.148583000
17		1358	5336.156772000
17		43	5336.176427000
6	0		5336.190223000
6	0		5336.196767000
17		43	5336.222204000
17		1358	5336.228289000
17		43	5336.268238000
17		1358	5336.281801000
17		43	5336.314555000
17		1358	5336.334678000
17		43	5336.359866000
17		1358	5336.388070000
17		43	5336.406009000
6	52		5336.418011000
6	0		5336.418048000
6	52		5336.418154000
17		1358	5336.441096000
17		43	5336.452276000
17		1358	5336.494375000
17		43	5336.498302000
17		43	5336.543759000
17		1358	5336.547528000
17		43	5336.590008000
17		1358	5336.600205000
17		1358	5336.635989000
17		43	5336.636015000
17		1358	5336.637931000
17		1358	5336.644309000
17		1358	5336.644345000
17		1358	5336.644349000
17		376	5336.644354000
6	84		5336.646966000
17		1358	5336.653945000
17		43	5336.682501000
6	0		5336.690221000
17		1358	5336.707512000
17		43	5336.728157000
17		1358	5336.760222000
17		43	5336.773797000
17		1358	5336.812124000
17		43	5336.820700000
17		1358	5336.865044000
17		43	5336.866271000
17		43	5336.912622000
17		1358	5336.912657000
17		1358	5336.913439000
17		1358	5336.918720000
6	0		5336.957815000
17		43	5336.957843000
6	0		5336.958940000
17		1358	5336.972134000
17		43	5337.004251000
17		1358	5337.024740000
17		1358	5337.050162000
17		1358	5337.077824000
17		49	5337.096511000
17		1358	5337.131287000
17		49	5337.141950000
17		1358	5337.184357000
6	0		5337.188373000
17		49	5337.188402000
17		91	5337.188410000
17		77	5337.188415000
17		359	5337.188423000
17		1358	5337.189094000
17		101	5337.189115000
6	0		5337.189128000
17		35	5337.189515000
17		1267	5337.197177000
17		33	5337.208541000
17		48	5337.233743000
17		1358	5337.235288000
6	0		5337.263734000
17		43	5337.279620000
17		1358	5337.290516000
17		43	5337.325787000
17		1358	5337.343404000
17		43	5337.371966000
17		1358	5337.395583000
17		43	5337.417852000
17		1358	5337.450155000
17		167	5337.464358000
17		33	5337.464858000
6	0		5337.489016000
17		1358	5337.502319000
6	0		5337.510145000
6	517		5337.510168000
17		43	5337.510208000
6	0		5337.510479000
6	2836		5337.517533000
6	3833		5337.517584000
17		1358	5337.555469000
17		43	5337.555700000
17		43	5337.602452000
17		119	5337.608506000
17		43	5337.647745000
17		43	5337.693952000
6	0		5337.740406000
17		41	5337.740430000
17		41	5337.740437000
17		41	5337.740442000
6	517		5337.740447000
6	0		5337.740738000
6	2836		5337.748040000
6	2836		5337.748086000
6	997		5337.748113000
17		45	5337.785719000
17		51	5337.785745000
17		33	5337.786196000
6	0		5337.832018000
17		43	5337.832050000
17		43	5337.877988000
17		43	5337.924264000
17		43	5337.970249000
6	0		5338.015745000
17		43	5338.015772000
17		43	5338.061825000
6	0		5338.107822000
17		1112	5338.107846000
17		41	5338.108477000
17		1358	5338.109230000
17		1358	5338.152796000
6	0		5338.153980000
17		1358	5338.195565000
6	0		5338.199921000
17		1358	5338.237444000
6	0		5338.246553000
6	0		5338.246586000
6	64		5338.246595000
6	608		5338.247210000
17		1358	5338.280105000
17		43	5338.291758000
17		1358	5338.321909000
6	0		5338.338248000
6	0		5338.384447000
17		1358	5338.392624000
6	0		5338.429914000
17		1358	5338.463868000
6	0		5338.476122000
6	0		5338.522461000
6	64		5338.522493000
6	608		5338.523203000
17		1358	5338.534879000
17		1358	5338.568665000
17		43	5338.568694000
17		49	5338.568703000
17		1358	5338.571812000
17		1358	5338.571880000
17		1358	5338.571886000
17		1358	5338.571890000
17		202	5338.571895000
17		35	5338.582925000
17		1358	5338.605584000
17		43	5338.614405000
17		1358	5338.658237000
17		43	5338.660103000
17		43	5338.706460000
6	0		5338.706507000
17		1358	5338.712345000
17		43	5338.752523000
17		1358	5338.765159000
6	68		5338.778515000
17		43	5338.798158000
17		1358	5338.798213000
17		1358	5338.798922000
17		1358	5338.818128000
6	0		5338.844448000
17		43	5338.844487000
6	0		5338.844724000
17		1358	5338.869970000
17		43	5338.890706000
17		1358	5338.923205000
17		43	5338.936728000
6	0		5338.936754000
17		1358	5338.976559000
17		1358	5338.982042000
6	52		5339.008607000
6	0		5339.008649000
6	0		5339.008671000
6	0		5339.009877000
17		49	5339.028327000
17		1358	5339.029197000
6	0		5339.073726000
17		49	5339.073764000
6	0		5339.073994000
17		1358	5339.083195000
17		49	5339.120011000
17		91	5339.120043000
17		78	5339.120050000
17		499	5339.120058000
17		35	5339.120474000
17		1358	5339.121161000
17		1358	5339.121185000
17		1358	5339.121190000
17		1358	5339.121193000
17		1358	5339.121198000
17		1358	5339.121202000
17		1358	5339.121206000
17		1358	5339.121211000
17		1358	5339.121215000
17		1358	5339.121217000
17		1358	5339.134128000
17		1358	5339.135969000
17		1358	5339.145256000
6	0		5339.148743000
17		1358	5339.157308000
17		43	5339.165732000
17		1358	5339.169007000
17		1358	5339.181479000
17		1358	5339.189185000
17		1358	5339.193214000
17		1358	5339.204423000
17		43	5339.212329000
17		1358	5339.216510000
17		1358	5339.229013000
6	0		5339.237649000
17		1358	5339.240515000
17		1358	5339.241811000
17		1358	5339.252702000
17		43	5339.257868000
17		1358	5339.264692000
17		1358	5339.276402000
17		1358	5339.288161000
17		1358	5339.295236000
17		1358	5339.300867000
17		43	5339.304480000
17		1358	5339.312017000
17		1358	5339.324254000
17		1358	5339.336241000
17		1358	5339.347002000
17		1358	5339.348154000
17		168	5339.350143000
17		34	5339.351003000
17		1358	5339.360048000
17		1358	5339.371482000
6	0		5339.381057000
17		1358	5339.382752000
17		1358	5339.394990000
6	0		5339.396259000
6	517		5339.396287000
17		43	5339.396297000
6	0		5339.396513000
6	2792		5339.397652000
6	2387		5339.397686000
17		1358	5339.401550000
17		1358	5339.407250000
17		1358	5339.418808000
17		1358	5339.430498000
17		43	5339.442154000
17		1358	5339.442537000
17		1358	5339.454077000
17		1358	5339.454225000
17		1358	5339.466123000
17		43	5339.487835000
17		1358	5339.508223000
17		43	5339.534273000
17		1358	5339.560631000
6	0		5339.579688000
6	517		5339.579718000
17		43	5339.579729000
6	0		5339.580025000
6	2792		5339.581088000
6	2387		5339.581138000
17		1358	5339.614532000
17		41	5339.625995000
17		41	5339.626023000
17		43	5339.626031000
17		1358	5339.627499000
17		1358	5339.640250000
17		1358	5339.665778000
17		45	5339.672427000
17		1358	5339.673921000
17		1358	5339.687134000
17		41	5339.718729000
17		1358	5339.719161000
17		1358	5339.719374000
17		1358	5339.732841000
17		42	5339.763913000
17		1358	5339.765263000
17		1358	5339.772776000
17		1358	5339.777748000
17		42	5339.810045000
17		1358	5339.811384000
17		1358	5339.824376000
17		1358	5339.826072000
6	0		5339.826702000
6	0		5339.826732000
17		42	5339.856087000
17		1358	5339.856694000
17		1358	5339.869429000
17		1358	5339.878596000
17		42	5339.902261000
17		1358	5339.903684000
17		1358	5339.916732000
17		42	5339.948002000
17		1358	5339.949313000
17		1358	5339.961529000
17		42	5339.993882000
17		1358	5339.995312000
17		1358	5340.007993000
17		42	5340.039728000
17		1358	5340.040918000
17		1358	5340.053880000
17		42	5340.086095000
17		1358	5340.087514000
17		1358	5340.100151000
17		43	5340.132352000
17		42	5340.132383000
17		1358	5340.132887000
17		1358	5340.134052000
17		1358	5340.145291000
6	0		5340.178209000
17		42	5340.178242000
17		1358	5340.179639000
17		1358	5340.191818000
17		42	5340.224354000
17		1358	5340.225839000
17		1358	5340.238465000
17		42	5340.270342000
17		1358	5340.271235000
17		1358	5340.283415000
17		48	5340.316055000
17		1358	5340.317641000
17		46	5340.361695000
17		1358	5340.362782000
17		1358	5340.374628000
17		42	5340.408206000
17		1358	5340.409876000
17		1358	5340.422903000
17		42	5340.453827000
17		1358	5340.454351000
17		1358	5340.466581000
17		42	5340.499903000
17		1358	5340.501379000
17		1358	5340.514473000
6	991		5340.524576000
17		42	5340.545725000
17		1358	5340.547082000
17		1358	5340.559815000
17		43	5340.591839000
17		1358	5340.593455000
17		42	5340.637929000
17		1358	5340.638314000
17		1358	5340.650542000
6	991		5340.652950000
17		41	5340.684113000
17		1358	5340.685661000
17		1358	5340.698458000
17		1358	5340.710241000
17		1358	5340.721732000
6	517		5340.729960000
17		42	5340.729988000
6	0		5340.730208000
17		1358	5340.733784000
17		1358	5340.746029000
17		43	5340.776715000
6	517		5340.776752000
6	0		5340.777029000
17		1358	5340.778288000
17		42	5340.822217000
17		1358	5340.823614000
17		1358	5340.836115000
17		42	5340.868193000
17		1358	5340.869601000
17		1358	5340.882230000
17		42	5340.914157000
17		1358	5340.915518000
17		1358	5340.928177000
17		42	5340.960213000
17		1358	5340.961150000
17		1358	5340.973611000
17		42	5341.006402000
17		1358	5341.007824000
17		1358	5341.020631000
17		43	5341.052425000
17		1358	5341.054036000
17		41	5341.098118000
17		42	5341.098150000
17		1358	5341.099509000
17		37	5341.099938000
17		1358	5341.111733000
6	0		5341.144278000
17		42	5341.144309000
17		1358	5341.144871000
17		42	5341.190125000
17		1358	5341.191500000
17		42	5341.235770000
17		1358	5341.237123000
6	0		5341.281828000
17		41	5341.281852000
17		37	5341.283584000
6	0		5341.327662000
6	0		5341.374408000
6	0		5341.374430000
6	64		5341.374434000
6	0		5341.374641000
17		43	5341.420485000
17		1358	5341.422474000
17		42	5341.465776000
17		1358	5341.467101000
17		42	5341.512115000
17		1358	5341.513468000
17		42	5341.558238000
17		1358	5341.559572000
17		42	5341.619770000
17		1358	5341.621102000
17		42	5341.681684000
17		1358	5341.683132000
17		43	5341.744314000
17		1358	5341.745575000
17		43	5341.805821000
17		42	5341.805851000
17		1358	5341.806841000
17		1358	5341.807260000
17		43	5341.867930000
17		1358	5341.869501000
6	0		5341.929697000
6	0		5341.991861000
6	0		5342.054044000
6	0		5342.115669000
6	64		5342.115697000
6	0		5342.115952000
17		43	5342.178091000
17		1358	5342.179626000
17		42	5342.240242000
17		1358	5342.241389000
17		42	5342.301919000
17		1358	5342.302701000
17		43	5342.363971000
17		1358	5342.365310000
17		41	5342.425947000
17		1358	5342.427297000
17		43	5342.488255000
17		41	5342.488289000
17		1358	5342.489087000
17		1358	5342.489809000
17		41	5342.549776000
17		1358	5342.550734000
17		41	5342.612023000
17		1358	5342.613132000
17		41	5342.673918000
17		41	5342.673946000
17		39	5342.675463000
17		1358	5342.675605000
17		43	5342.736453000
17		1358	5342.738035000
17		41	5342.798058000
17		1358	5342.799465000
17		41	5342.860192000
17		1358	5342.861614000
17		41	5342.922524000
17		1358	5342.923128000
17		43	5342.984039000
17		41	5342.984071000
17		39	5342.984780000
17		1358	5342.984858000
17		41	5343.046642000
17		1358	5343.047408000
17		41	5343.108182000
17		1358	5343.109540000
17		43	5343.170144000
17		41	5343.170212000
17		1358	5343.171648000
17		1358	5343.171677000
17		41	5343.231694000
17		1358	5343.232719000
17		41	5343.294269000
17		1358	5343.294918000
17		41	5343.356070000
17		1358	5343.357182000
17		41	5343.417904000
17		1358	5343.418721000
17		41	5343.480451000
17		1358	5343.481265000
17		41	5343.542544000
17		1358	5343.543001000
17		41	5343.604323000
17		1358	5343.604935000
17		41	5343.666132000
17		1358	5343.667557000
17		41	5343.728097000
17		1358	5343.729029000
17		41	5343.790249000
17		1358	5343.791640000
17		43	5343.852130000
17		42	5343.914298000
17		1358	5343.915263000
17		1358	5343.927596000
17		43	5343.976186000
17		1358	5343.977392000
17		43	5344.038076000
17		1358	5344.039304000
17		43	5344.099715000
17		1358	5344.100364000
17		43	5344.162271000
17		1358	5344.163440000
17		43	5344.224151000
6	64		5344.224179000
6	0		5344.224435000
17		1358	5344.225673000
17		43	5344.286310000
17		40	5344.287055000
17		47	5344.347940000
17		1358	5344.349697000
17		41	5344.410094000
17		1358	5344.411718000
17		41	5344.472056000
17		1358	5344.473125000
17		41	5344.534167000
17		1358	5344.535903000
17		41	5344.595662000
17		1358	5344.596743000
17		1358	5344.609176000
17		41	5344.657824000
17		1358	5344.659116000
17		41	5344.720215000
17		1358	5344.721527000
6	0		5344.782472000
17		41	5344.844058000
17		1358	5344.845702000
17		42	5344.906248000
17		1358	5344.907692000
17		43	5344.967976000
17		43	5345.029946000
17		1358	5345.030343000
6	0		5345.092320000
17		1358	5345.092347000
17		1358	5345.093009000
17		33	5345.118078000
17		43	5345.154668000
17		43	5345.154691000
17		1358	5345.155615000
17		1358	5345.167805000
17		43	5345.216398000
17		1358	5345.217553000
17		43	5345.278126000
17		1358	5345.279800000
17		43	5345.340447000
6	64		5345.340476000
6	0		5345.340780000
17		1358	5345.341961000
17		43	5345.402006000
17		1358	5345.403439000
17		43	5345.464187000
17		1358	5345.465106000
17		43	5345.525825000
17		43	5345.588311000
17		1358	5345.589721000
17		43	5345.650254000
17		1358	5345.651660000
17		42	5345.712389000
17		1358	5345.713797000
17		1358	5345.726058000
17		48	5345.773734000
17		1358	5345.775179000
17		43	5345.836197000
17		1358	5345.837229000
17		43	5345.898192000
17		1358	5345.899377000
17		43	5345.960364000
17		1358	5345.961217000
17		43	5346.022494000
17		1358	5346.023948000
17		43	5346.084600000
17		1358	5346.085812000
17		43	5346.146054000
17		43	5346.208569000
17		1358	5346.209401000
17		43	5346.270161000
17		1358	5346.271569000
17		43	5346.332415000
17		1358	5346.333791000
17		43	5346.393646000
17		1358	5346.395014000
17		43	5346.456057000
17		1358	5346.457441000
17		43	5346.517800000
17		43	5346.517828000
17		1358	5346.519371000
17		43	5346.579855000
17		1358	5346.581407000
17		43	5346.642435000
17		1358	5346.643542000
17		43	5346.703633000
17		1358	5346.705245000
17		43	5346.766777000
17		1358	5346.768091000
17		43	5346.828370000
17		43	5346.889815000
17		43	5346.952435000
17		1358	5346.953778000
17		43	5347.014599000
17		43	5347.076066000
17		43	5347.138431000
17		1358	5347.139179000
17		43	5347.200268000
17		1358	5347.201617000
17		43	5347.261869000
17		43	5347.261900000
17		1358	5347.263214000
17		1358	5347.263431000
17		48	5347.323748000
17		1358	5347.325175000
17		43	5347.385832000
17		1358	5347.387350000
17		43	5347.448388000
17		1358	5347.449774000
17		43	5347.510349000
17		1358	5347.511684000
17		43	5347.571840000
17		1358	5347.573264000
17		43	5347.633875000
17		1358	5347.635416000
17		43	5347.696519000
17		1358	5347.697880000
17		43	5347.758618000
17		1358	5347.759286000
17		43	5347.820440000
17		1358	5347.822483000
17		43	5347.882362000
17		1358	5347.883049000
17		43	5347.943665000
17		1358	5347.944801000
17		43	5348.006103000
17		1358	5348.006643000
17		1358	5348.019223000
17		43	5348.068537000
17		1358	5348.070099000
17		43	5348.130844000
17		1358	5348.132466000
17		43	5348.192238000
17		1358	5348.192978000
17		43	5348.254571000
17		1358	5348.255870000
17		43	5348.316545000
17		1358	5348.317343000
17		43	5348.378097000
17		1358	5348.379426000
17		43	5348.440515000
17		1358	5348.441418000
17		43	5348.501737000
17		1358	5348.503081000
17		43	5348.564174000
17		1358	5348.565151000
17		43	5348.626250000
17		1358	5348.626924000
17		43	5348.688206000
17		1358	5348.689453000
17		43	5348.750187000
17		1358	5348.751569000
17		1358	5348.764769000
17		48	5348.811939000
17		1358	5348.812557000
17		43	5348.873809000
17		1358	5348.874943000
17		43	5348.935799000
17		1358	5348.936639000
17		43	5348.998248000
17		43	5349.060521000
17		43	5349.122458000
17		43	5349.184379000
17		43	5349.246472000
17		43	5349.307791000
17		43	5349.369695000
17		43	5349.431727000
17		43	5349.493945000
17		43	5349.555720000
17		43	5349.618213000
17		43	5349.680275000
1,17		1358	5349.741721000
1,17		33	5349.741748000
17		43	5349.803983000
17		43	5349.865830000
17		43	5349.927947000
17		43	5349.990149000
17		43	5350.052175000
17		48	5350.114436000
17		35	5350.140204000
17		43	5350.176472000
6	0		5350.235323000
6	0		5350.235389000
17		43	5350.238316000
6	0		5350.275127000
6	12		5350.275378000
17		43	5350.300409000
6	0		5350.314687000
6	12		5350.314746000
6	0		5350.314758000
6	1		5350.314931000
6	4		5350.314951000
6	32		5350.314961000
6	0		5350.314973000
6	0		5350.354295000
6	0		5350.354334000
6	0		5350.354338000
6	0		5350.354414000
6	0		5350.354426000
17		43	5350.362567000
6	0		5350.412061000
6	0		5350.412122000
17		43	5350.423731000
17		43	5350.485876000
17		43	5350.548274000
6	0		5350.599067000
6	41		5350.604802000
17		43	5350.610129000
17		43	5350.672292000
17		43	5350.734253000
6	0		5350.791489000
17		43	5350.796466000
6	21		5350.801119000
6	0		5350.801163000
6	1080		5350.802233000
17		43	5350.857729000
17		43	5350.919843000
17		43	5350.981967000
6	440		5350.997448000
6	0		5351.038226000
17		43	5351.044221000
17		43	5351.106482000
17		43	5351.168555000
6	48		5351.224906000
6	0		5351.224955000
6	280		5351.229081000
17		43	5351.229708000
17		43	5351.291802000
17		48	5351.353937000
17		34	5351.379907000
17		43	5351.416410000
6	16		5351.419880000
6	0		5351.462214000
17		43	5351.478105000
17		43	5351.540437000
17		43	5351.602528000
17		1358	5351.604129000
6	52		5351.648852000
6	0		5351.648898000
6	52		5351.648977000
17		1358	5351.657808000
17		43	5351.664374000
17		43	5351.664434000
17		1358	5351.710985000
17		43	5351.726057000
6	0		5351.735034000
6	0		5351.735069000
17		1358	5351.764484000
17		43	5351.788163000
17		1358	5351.817324000
6	84		5351.843690000
17		43	5351.850561000
17		1358	5351.870333000
6	0		5351.886222000
17		43	5351.912486000
17		1358	5351.923553000
17		43	5351.974409000
17		1358	5351.977087000
17		1358	5352.030208000
17		43	5352.035987000
17		1358	5352.083166000
17		43	5352.098854000
17		1358	5352.136088000
17		43	5352.160194000
17		1358	5352.189913000
17		43	5352.222237000
17		1358	5352.242456000
17		43	5352.284276000
17		1358	5352.294409000
17		43	5352.346031000
17		43	5352.346078000
17		1358	5352.347649000
17		1358	5352.401048000
17		43	5352.407865000
17		1358	5352.454040000
17		43	5352.470227000
17		1358	5352.507756000
17		43	5352.532148000
17		1358	5352.560041000
17		43	5352.593860000
17		1358	5352.613217000
17		43	5352.656180000
17		43	5352.718161000
17		48	5352.780464000
17		34	5352.806215000
17		43	5352.842576000
17		43	5352.904259000
17		43	5352.966428000
17		43	5353.028630000
17		1358	5353.029970000
17		43	5353.089986000
17		1358	5353.091282000
17		1358	5353.103538000
17		43	5353.152081000
17		1358	5353.153396000
17		42	5353.213626000
17		1358	5353.215260000
17		43	5353.276544000
17		1358	5353.278134000
17		1358	5353.332245000
17		48	5353.337945000
17		35	5353.351787000
17		1358	5353.385779000
17		43	5353.400347000
17		1358	5353.439092000
17		43	5353.462044000
17		1358	5353.492230000
17		43	5353.524074000
17		1358	5353.545257000
17		43	5353.585775000
17		1358	5353.598461000
17		43	5353.648310000
17		1358	5353.651742000
6	68		5353.698971000
17		1358	5353.705521000
17		43	5353.710039000
17		1358	5353.758411000
17		43	5353.772064000
17		1358	5353.810877000
17		43	5353.834591000
17		1044	5353.864742000
6	52		5353.890095000
6	0		5353.890132000
6	0		5353.890149000
6	0		5353.891518000
17		43	5353.896627000
17		43	5353.958147000
17		43	5354.020580000
6	0		5354.078128000
17		43	5354.082055000
17		43	5354.144544000
17		43	5354.206301000
17		43	5354.268157000
17		43	5354.330322000
17		43	5354.392459000
17		41	5354.454381000
17		1358	5354.455804000
17		1358	5354.468930000
17		1358	5354.480162000
17		1358	5354.491823000
17		1358	5354.503725000
17		1358	5354.515372000
17		41	5354.516457000
17		1358	5354.527806000
17		1358	5354.539521000
17		1358	5354.551070000
17		1358	5354.562992000
17		1358	5354.575209000
17		41	5354.578257000
17		1358	5354.586628000
17		1358	5354.598626000
17		1358	5354.610929000
17		1358	5354.622456000
17		1358	5354.634232000
17		41	5354.640500000
17		1358	5354.646354000
17		1358	5354.658781000
17		1358	5354.669986000
17		1358	5354.682159000
17		1358	5354.693805000
17		43	5354.702613000
17		1358	5354.706538000
17		1358	5354.718078000
17		1358	5354.729503000
17		1358	5354.741402000
17		1358	5354.753310000
17		43	5354.764419000
17		1358	5354.764788000
17		1358	5354.777330000
17		1358	5354.789836000
17		1358	5354.800933000
17		1358	5354.812426000
17		1358	5354.825054000
17		48	5354.826685000
17		1358	5354.836299000
17		35	5354.840021000
17		1358	5354.848430000
17		1358	5354.860877000
17		1358	5354.872731000
17		1358	5354.884486000
17		43	5354.888441000
17		1358	5354.896301000
17		1358	5354.907966000
17		1358	5354.920224000
17		1358	5354.931635000
17		1358	5354.943221000
17		43	5354.949921000
17		1358	5354.955304000
17		1358	5354.967186000
17		1358	5354.978900000
17		1358	5354.990851000
17		1358	5355.003735000
17		43	5355.012456000
17		1358	5355.014615000
17		1358	5355.027154000
17		1358	5355.038660000
17		1358	5355.050395000
17		1358	5355.061984000
17		1358	5355.073596000
17		43	5355.074069000
17		1358	5355.085709000
17		1358	5355.097976000
17		1358	5355.109467000
17		1358	5355.121458000
17		1358	5355.133705000
17		43	5355.135930000
17		1358	5355.145046000
17		1358	5355.157871000
17		1358	5355.169617000
17		1358	5355.181216000
17		1358	5355.193541000
17		43	5355.198035000
17		1358	5355.204641000
17		1358	5355.216470000
17		1358	5355.228471000
17		1358	5355.240403000
17		1358	5355.252001000
17		43	5355.259850000
17		1358	5355.264371000
17		1358	5355.322577000
17		88	5355.322607000
17		1358	5355.331960000
17		630	5355.331995000
17		34	5355.356203000
17		1245	5355.383705000
17		35	5355.384866000
17		323	5355.393401000
17		33	5355.393454000
17		1038	5355.446484000
17		41	5355.446517000
17		41	5355.446526000
17		41	5355.447193000
17		1358	5355.447344000
17		150	5355.448062000
17		1353	5355.448086000
17		1358	5355.448091000
17		1358	5355.448095000
17		1358	5355.448099000
17		1358	5355.448105000
17		1358	5355.448109000
17		1358	5355.448113000
17		1358	5355.448118000
17		1358	5355.448123000
17		1358	5355.460122000
17		41	5355.508560000
17		1358	5355.510237000
17		1358	5355.514154000
17		41	5355.570278000
17		1358	5355.570906000
17		1358	5355.579614000
17		41	5355.632539000
17		1358	5355.633391000
17		1358	5355.644730000
17		41	5355.693712000
17		1358	5355.694681000
17		1358	5355.710442000
17		41	5355.756214000
17		1358	5355.756737000
17		1358	5355.775428000
17		41	5355.817659000
17		1358	5355.818054000
17		1358	5355.839417000
17		46	5355.879724000
17		1358	5355.880449000
17		1358	5355.904501000
17		41	5355.942552000
17		1358	5355.943792000
17		1358	5355.969740000
17		41	5356.003736000
17		1358	5356.004777000
17		1358	5356.017510000
17		1358	5356.035592000
17		41	5356.065873000
17		1358	5356.066620000
17		1358	5356.100349000
17		41	5356.127852000
17		1358	5356.128997000
17		1358	5356.166004000
17		41	5356.190575000
17		1358	5356.191701000
17		1358	5356.230939000
17		41	5356.252278000
17		1358	5356.253256000
17		1358	5356.295954000
17		41	5356.314201000
17		1358	5356.314826000
17		1358	5356.360492000
17		41	5356.376146000
17		1358	5356.378692000
17		1358	5356.425820000
17		41	5356.438553000
17		1358	5356.439425000
17		1358	5356.491591000
17		41	5356.499825000
17		1358	5356.500215000
17		1358	5356.556079000
17		41	5356.561709000
17		1358	5356.562576000
17		1358	5356.621627000
17		41	5356.623986000
17		1358	5356.624897000
17		41	5356.685856000
17		1358	5356.686439000
17		1358	5356.686851000
17		41	5356.747959000
17		1358	5356.749325000
17		1358	5356.751613000
17		1358	5356.762214000
17		41	5356.809855000
17		1358	5356.810651000
17		1358	5356.817691000
17		41	5356.872343000
17		1358	5356.873615000
17		1358	5356.881182000
17		41	5356.933787000
17		1358	5356.934361000
17		1358	5356.946577000
17		41	5356.996176000
17		1358	5356.996754000
17		1358	5357.012011000
17		41	5357.057804000
17		1358	5357.059508000
17		1358	5357.077261000
17		46	5357.120319000
17		1358	5357.121318000
17		1358	5357.142462000
17		41	5357.182357000
17		1358	5357.183478000
17		1358	5357.207904000
17		41	5357.243696000
17		1358	5357.244447000
17		1358	5357.272901000
17		41	5357.305978000
17		1358	5357.307389000
17		1358	5357.338674000
17		41	5357.367874000
17		1358	5357.368717000
17		1358	5357.402231000
17		41	5357.429809000
17		1358	5357.430272000
17		1358	5357.467674000
17		41	5357.492251000
17		1358	5357.493387000
17		1358	5357.505895000
17		1358	5357.533586000
17		41	5357.553852000
17		1358	5357.554650000
17		1358	5357.598702000
17		41	5357.615736000
17		1358	5357.616567000
17		1358	5357.663097000
17		41	5357.677706000
17		1358	5357.678500000
17		1358	5357.729296000
17		41	5357.740412000
17		1358	5357.740447000
17		1358	5357.741291000
17		1358	5357.741872000
17		1358	5357.794363000
17		41	5357.802269000
17		1358	5357.803110000
17		1358	5357.859538000
17		41	5357.864371000
17		1358	5357.865819000
17		1358	5357.923101000
17		41	5357.925741000
17		1358	5357.926668000
17		41	5357.988325000
17		1358	5357.988399000
17		1358	5357.989678000
17		41	5358.049934000
17		1358	5358.051372000
17		1358	5358.054248000
17		42	5358.111803000
17		1358	5358.113232000
17		627	5358.119226000
17		42	5358.174403000
17		1358	5358.175814000
17		1358	5358.188320000
17		42	5358.236394000
17		1358	5358.237859000
17		42	5358.298444000
17		1358	5358.299945000
17		47	5358.359806000
17		1358	5358.361355000
17		42	5358.422027000
17		1358	5358.423077000
17		42	5358.484799000
17		1358	5358.485662000
17		42	5358.546492000
17		1358	5358.547007000
17		42	5358.608351000
17		1358	5358.609239000
17		43	5358.670316000
17		1358	5358.670844000
17		43	5358.732459000
17		1358	5358.733433000
17		43	5358.793999000
17		1358	5358.795363000
17		43	5358.856049000
17		1358	5358.857503000
17		1358	5358.870647000
17		43	5358.918454000
17		1358	5358.919742000
17		43	5358.979895000
17		1358	5358.981426000
17		43	5359.041875000
17		1358	5359.042657000
17		43	5359.104079000
17		1358	5359.104774000
17		43	5359.165728000
17		1358	5359.166593000
17		43	5359.228028000
17		1358	5359.229046000
17		43	5359.290033000
17		1358	5359.290065000
17		1358	5359.290897000
17		1358	5359.352230000
17		81	5359.352254000
6	0		5359.352264000
6	0		5359.353494000
17		1358	5359.360863000
17		630	5359.360893000
17		34	5359.385424000
1,17		1358	5359.413745000
1,17		630	5359.413789000
1,17		34	5359.413797000
1,17		35	5359.413802000
1,17		323	5359.476119000
1,17		33	5359.476141000
17		43	5359.476147000
17		49	5359.476155000
17		43	5359.476160000
17		35	5359.490297000
17		43	5359.538323000
6	0		5359.538385000
6	0		5359.538859000
17		43	5359.600203000
17		1358	5359.600228000
17		1358	5359.600908000
6	0		5359.654922000
17		43	5359.662116000
17		43	5359.724168000
17		43	5359.786407000
6	0		5359.843997000
17		43	5359.848576000
17		1358	5359.901147000
17		43	5359.910124000
17		43	5359.971655000
17		43	5360.034371000
17		43	5360.095968000
17		43	5360.157951000
17		1358	5360.220337000
17		43	5360.220366000
17		1358	5360.221001000
17		43	5360.282456000
17		48	5360.282485000
17		35	5360.308280000
6	0		5360.344233000
17		43	5360.344260000
6	0		5360.344724000
17		43	5360.405797000
17		43	5360.467968000
17		43	5360.530970000
6	0		5360.531005000
6	0		5360.531511000
17		43	5360.591907000
17		43	5360.653700000
17		43	5360.716090000
17		43	5360.777931000
17		1358	5360.821826000
17		43	5360.840201000
17		43	5360.902088000
17		43	5360.964517000
17		43	5360.964537000
17		43	5361.026185000
17		43	5361.088574000
17		43	5361.150574000
17		43	5361.211986000
17		43	5361.273913000
17		43	5361.336145000
17		43	5361.398593000
17		1358	5361.398625000
17		1358	5361.399408000
17		48	5361.459870000
17		35	5361.474233000
17		43	5361.521683000
17		43	5361.583891000
17		43	5361.645670000
17		43	5361.708266000
17		43	5361.708291000
17		43	5361.770151000
17		43	5361.832085000
17		43	5361.894550000
17		43	5361.956348000
17		43	5362.018211000
17		43	5362.079762000
17		43	5362.141898000
17		43	5362.203932000
17		43	5362.265993000
17		43	5362.328437000
6	0		5362.328462000
6	0		5362.328950000
17		43	5362.389801000
17		43	5362.389836000
17		48	5362.452163000
17		35	5362.477681000
17		43	5362.514236000
6	0		5362.556029000
17		43	5362.576568000
6	0		5362.576595000
6	0		5362.577069000
17		1358	5362.599912000
17		43	5362.638234000
17		1358	5362.639352000
17		43	5362.700584000
17		43	5362.762423000
17		1358	5362.811347000
17		43	5362.824611000
17		43	5362.886637000
17		43	5362.948119000
17		1358	5362.982780000
17		43	5363.009878000
17		43	5363.071673000
17		43	5363.071699000
17		43	5363.134027000
17		1358	5363.153916000
17		43	5363.196109000
17		43	5363.258078000
17		1358	5363.319800000
17		43	5363.319834000
17		1358	5363.325685000
17		43	5363.382389000
17		43	5363.443917000
17		1358	5363.496886000
17		43	5363.505934000
17		43	5363.568023000
17		43	5363.630256000
17		1358	5363.667144000
17		43	5363.692154000
17		43	5363.754496000
17		43	5363.816335000
17		1358	5363.838484000
17		48	5363.878216000
17		35	5363.892372000
17		43	5363.939664000
17		43	5364.002569000
17		1358	5364.009098000
17		43	5364.064616000
17		43	5364.125850000
6	0		5364.148548000
6	0		5364.148615000
17		1358	5364.180503000
17		43	5364.188248000
17		43	5364.249708000
17		43	5364.311644000
17		1358	5364.351142000
1,17		1358	5364.374159000
6	0		5364.374912000
6	0		5364.400031000
6	41		5364.407218000
17		43	5364.436515000
17		43	5364.498190000
17		43	5364.498216000
17		1358	5364.522578000
17		43	5364.560140000
17		43	5364.621973000
6	0		5364.658370000
6	21		5364.658882000
6	0		5364.658898000
6	1080		5364.659807000
17		43	5364.683818000
17		1358	5364.692799000
17		43	5364.745943000
17		48	5364.807843000
17		34	5364.833999000
17		1358	5364.864707000
17		43	5364.870513000
6	0		5364.899232000
6	0		5364.899289000
6	0		5364.911891000
6	440		5364.913353000
17		43	5364.932006000
6	0		5364.954210000
17		1038	5364.994603000
17		43	5364.994633000
17		41	5364.995255000
17		155	5364.995899000
17		1353	5364.995931000
17		1358	5364.995937000
17		1358	5364.995942000
17		1358	5365.035167000
17		43	5365.056279000
17		1358	5365.056323000
17		1358	5365.057937000
17		1358	5365.062245000
17		1358	5365.064735000
17		1358	5365.064759000
17		1358	5365.064763000
17		382	5365.064766000
17		43	5365.117625000
17		1358	5365.128041000
6	0		5365.158277000
6	41		5365.163875000
17		43	5365.179746000
17		1358	5365.206194000
6	48		5365.206222000
6	0		5365.206240000
6	280		5365.213306000
17		43	5365.242061000
17		43	5365.304311000
17		1358	5365.358191000
17		43	5365.366188000
17		1358	5365.366217000
17		1358	5365.366688000
17		1358	5365.377414000
6	0		5365.422589000
6	21		5365.424091000
6	0		5365.424127000
6	1080		5365.425178000
6	0		5365.428173000
17		43	5365.428200000
6	0		5365.429073000
6	0		5365.464421000
6	16		5365.466820000
17		43	5365.490636000
6	0		5365.510228000
17		43	5365.552174000
17		43	5365.613634000
17		43	5365.676290000
6	440		5365.684443000
6	0		5365.726227000
6	0		5365.729823000
17		43	5365.738459000
6	52		5365.761326000
6	0		5365.761366000
6	52		5365.761441000
17		43	5365.799863000
17		43	5365.861983000
17		43	5365.924102000
17		1358	5365.966941000
6	48		5365.984990000
6	0		5365.985028000
17		43	5365.987290000
17		1358	5365.987315000
17		1358	5365.987881000
6	280		5365.989039000
6	84		5366.012390000
17		43	5366.047811000
6	0		5366.054227000
17		48	5366.110097000
17		34	5366.135845000
17		43	5366.172264000
6	0		5366.234426000
6	747		5366.234451000
17		43	5366.234461000
6	0		5366.234973000
6	355		5366.242471000
6	16		5366.264237000
1,17		1358	5366.295806000
1,17		630	5366.295834000
1,17		34	5366.295843000
6	0		5366.295853000
6	0		5366.306232000
6	747		5366.358019000
1,17		1358	5366.358042000
6	0		5366.358051000
6	0		5366.358055000
6	0		5366.358477000
6	355		5366.365934000
1,17		1358	5366.420301000
6	0		5366.420326000
6	0		5366.420828000
1,17		1358	5366.482466000
6	52		5366.564980000
6	0		5366.565015000
6	52		5366.565107000
17		42	5366.730293000
17		41	5366.791691000
6	84		5366.823900000
17		41	5366.853717000
6	0		5366.866218000
17		41	5366.915769000
17		41	5366.977964000
17		41	5367.039915000
17		41	5367.102090000
17		41	5367.164526000
17		1358	5367.164550000
17		1358	5367.165143000
17		41	5367.226440000
6	0		5367.288477000
17		41	5367.288506000
17		41	5367.349692000
17		41	5367.411825000
17		1358	5367.412564000
17		49	5367.474362000
17		41	5367.474394000
17		1358	5367.476012000
17		1358	5367.476086000
17		43	5367.536075000
17		1358	5367.542943000
17		43	5367.598212000
17		1358	5367.607322000
17		43	5367.660269000
17		1358	5367.672237000
17		41	5367.721668000
17		1358	5367.723035000
17		1358	5367.736941000
17		1358	5367.784204000
17		1358	5367.802114000
17		43	5367.846023000
17		1358	5367.867341000
17		49	5367.907784000
17		1358	5367.933494000
17		49	5367.970079000
17		1358	5367.998506000
17		173	5368.032117000
17		1215	5368.032144000
17		630	5368.032954000
17		34	5368.033256000
17		1358	5368.063383000
17		430	5368.069449000
17		43	5368.093751000
6	68		5368.123934000
17		1358	5368.128781000
17		168	5368.155942000
17		41	5368.155972000
17		33	5368.156640000
17		1358	5368.158031000
17		1358	5368.193147000
17		1307	5368.217640000
17		35	5368.218128000
17		1358	5368.258122000
6	0		5368.280284000
6	0		5368.280308000
6	517		5368.280315000
17		41	5368.280322000
6	0		5368.280783000
17		1358	5368.281712000
6	2836		5368.288203000
6	2836		5368.288242000
6	1141		5368.288287000
17		1358	5368.323102000
17		172	5368.341721000
17		37	5368.342361000
6	52		5368.375706000
6	0		5368.375751000
6	0		5368.376164000
6	0		5368.377028000
17		1358	5368.389357000
17		1311	5368.403780000
17		39	5368.404274000
17		1358	5368.453985000
6	0		5368.466221000
6	0		5368.466257000
6	74		5368.466264000
6	74		5368.466268000
6	0		5368.466273000
6	92		5368.466278000
6	910		5368.467069000
6	31		5368.467095000
6	910		5368.467100000
6	0		5368.467105000
17		1358	5368.519603000
17		176	5368.527702000
17		41	5368.528167000
17		1358	5368.584524000
17		41	5368.589857000
17		1358	5368.591324000
6	0		5368.627929000
17		1358	5368.649370000
17		1358	5368.651507000
17		46	5368.652016000
17		33	5368.678103000
17		1358	5368.711235000
17		43	5368.713913000
17		1358	5368.714137000
17		1358	5368.769691000
17		43	5368.776479000
17		1358	5368.778017000
17		1358	5368.828853000
17		43	5368.838072000
17		1358	5368.844446000
17		1358	5368.888249000
17		41	5368.899924000
17		1358	5368.909961000
17		1358	5368.948124000
17		43	5368.962466000
17		1358	5368.975568000
17		1358	5369.007293000
17		43	5369.024385000
17		1358	5369.040605000
17		1358	5369.066403000
17		43	5369.086475000
17		1358	5369.105560000
17		1358	5369.125179000
17		43	5369.148117000
17		1358	5369.170540000
17		1358	5369.184737000
17		41	5369.210545000
17		43	5369.210574000
17		1358	5369.235462000
17		1358	5369.244027000
17		43	5369.271979000
17		1358	5369.300950000
17		1358	5369.303286000
17		45	5369.334514000
17		43	5369.334535000
17		41	5369.335107000
17		1358	5369.362611000
17		1358	5369.365946000
17		41	5369.395857000
17		1358	5369.421379000
17		1358	5369.430534000
17		43	5369.458129000
17		1358	5369.480576000
17		1358	5369.495864000
17		43	5369.519969000
17		1358	5369.540260000
17		1358	5369.561542000
17		41	5369.581856000
17		1358	5369.599076000
17		1358	5369.626354000
6	0		5369.644048000
17		1358	5369.658255000
17		1358	5369.692243000
6	0		5369.706265000
17		1358	5369.718136000
6	68		5369.738324000
17		1358	5369.756288000
6	0		5369.767934000
17		1358	5369.777803000
17		1358	5369.821210000
6	0		5369.829654000
17		1358	5369.836359000
17		1358	5369.886815000
6	0		5369.892038000
6	74		5369.892068000
6	910		5369.892948000
17		1358	5369.895676000
17		1358	5369.951559000
17		43	5369.954188000
17		1358	5369.954950000
6	52		5369.997304000
6	0		5369.997346000
6	0		5369.997412000
6	0		5369.998798000
17		1358	5370.013910000
17		43	5370.015752000
17		1358	5370.017300000
17		1358	5370.069095000
17		1358	5370.073766000
6	1227		5370.078200000
6	31		5370.078231000
17		48	5370.078240000
6	0		5370.078708000
6	356		5370.087700000
6	31		5370.087996000
6	39		5370.088057000
17		35	5370.092449000
17		1358	5370.121281000
17		1358	5370.132574000
6	0		5370.140432000
6	0		5370.140463000
17		1358	5370.173440000
17		1358	5370.191527000
17		43	5370.201950000
17		1358	5370.226313000
17		1358	5370.251337000
6	0		5370.257449000
17		43	5370.263806000
17		1358	5370.277111000
17		1358	5370.309949000
17		41	5370.325638000
17		1358	5370.329872000
17		1358	5370.369909000
17		1358	5370.381275000
17		43	5370.388232000
17		1358	5370.417588000
17		1358	5370.434117000
17		41	5370.450506000
17		1358	5370.464230000
17		1358	5370.485804000
17		41	5370.512374000
17		1358	5370.513686000
17		1358	5370.538379000
17		1358	5370.559921000
17		43	5370.574207000
17		1358	5370.590644000
17		1358	5370.606923000
17		41	5370.636428000
17		1358	5370.642471000
17		1358	5370.653962000
17		1358	5370.695230000
17		43	5370.697623000
17		41	5370.697652000
17		1358	5370.701144000
17		1358	5370.747406000
17		1358	5370.749268000
17		43	5370.760503000
17		1358	5370.795930000
17		1358	5370.800411000
17		41	5370.822420000
17		1358	5370.843633000
17		1358	5370.851881000
17		43	5370.883852000
17		1358	5370.890964000
17		1358	5370.905952000
17		1358	5370.938292000
17		41	5370.946022000
17		1358	5370.958411000
17		1358	5370.986010000
17		43	5371.008570000
17		1358	5371.010220000
17		1358	5371.033494000
17		1358	5371.065109000
17		41	5371.070090000
17		1358	5371.080922000
17		1358	5371.117574000
17		1358	5371.127865000
17		43	5371.131804000
17		1358	5371.171059000
17		1358	5371.175915000
17		41	5371.193921000
17		1358	5371.223452000
17		43	5371.256185000
17		1358	5371.258111000
17		1358	5371.269958000
17		1358	5371.318415000
17		41	5371.318572000
17		1358	5371.348201000
17		1358	5371.364991000
17		43	5371.380421000
17		41	5371.380448000
17		1358	5371.413234000
17		1358	5371.436882000
17		43	5371.442239000
17		1358	5371.460170000
17		41	5371.503708000
17		1358	5371.507485000
17		1358	5371.526178000
17		43	5371.566298000
17		1358	5371.586105000
17		1358	5371.616105000
17		41	5371.628211000
17		1358	5371.665699000
17		41	5371.690291000
17		1358	5371.744551000
17		43	5371.752027000
17		1358	5371.753696000
17		41	5371.814576000
17		1358	5371.823157000
17		43	5371.876029000
17		1358	5371.878083000
17		1358	5371.902455000
17		41	5371.938246000
17		1358	5371.981793000
17		43	5371.999679000
17		1358	5372.001211000
17		1358	5372.060991000
17		46	5372.061842000
17		33	5372.087494000
17		43	5372.124574000
17		41	5372.124595000
17		1358	5372.126741000
17		1358	5372.139174000
17		43	5372.185631000
17		1358	5372.216020000
17		1358	5372.218504000
17		41	5372.248225000
17		1358	5372.297561000
17		43	5372.309734000
17		1358	5372.311205000
17		41	5372.371658000
17		1358	5372.376323000
17		48	5372.434229000
17		1358	5372.435837000
17		1358	5372.455405000
17		41	5372.496263000
17		1358	5372.535078000
17		43	5372.558526000
17		1358	5372.560059000
17		1358	5372.613828000
17		41	5372.620200000
17		43	5372.682372000
6	0		5372.682414000
17		1358	5372.683941000
17		1358	5372.692393000
17		41	5372.744297000
17		1358	5372.771558000
17		43	5372.806410000
17		1358	5372.808026000
17		1358	5372.830957000
17		41	5372.867848000
17		1358	5372.890557000
17		41	5372.930209000
17		1358	5372.950577000
17		43	5372.991856000
17		1358	5372.992964000
17		43	5373.053907000
17		1040	5373.059995000
6	0		5373.075521000
6	0		5373.075575000
6	0		5373.116049000
6	39		5373.116078000
17		41	5373.116088000
17		1358	5373.116475000
6	0		5373.120912000
17		43	5373.178117000
17		41	5373.240134000
17		1358	5373.241093000
17		43	5373.302272000
6	0		5373.321167000
6	15		5373.321234000
6	41		5373.329729000
17		41	5373.364079000
17		1358	5373.364372000
17		43	5373.426411000
17		41	5373.487841000
17		1358	5373.488970000
17		43	5373.550001000
6	0		5373.576101000
17		41	5373.612060000
17		1358	5373.613497000
17		43	5373.674139000
17		41	5373.674165000
17		1358	5373.675783000
17		43	5373.736078000
17		41	5373.797707000
17		1358	5373.798600000
17		43	5373.860390000
17		41	5373.921926000
17		1358	5373.922286000
17		43	5373.984156000
17		41	5374.046390000
17		1358	5374.047724000
17		43	5374.108581000
6	856		5374.143104000
17		41	5374.169686000
17		1358	5374.171064000
17		43	5374.232068000
17		41	5374.294063000
17		1358	5374.294604000
17		43	5374.355800000
17		46	5374.355828000
17		1358	5374.356832000
17		43	5374.418458000
17		41	5374.480018000
17		1358	5374.481451000
17		43	5374.542064000
17		41	5374.604454000
17		1358	5374.605936000
17		41	5374.666108000
17		1358	5374.667739000
17		43	5374.728047000
17		41	5374.789806000
17		1358	5374.791149000
17		48	5374.852128000
17		35	5374.865743000
17		41	5374.914548000
17		1358	5374.915799000
17		43	5374.975954000
17		41	5375.037875000
17		1358	5375.038828000
17		43	5375.100142000
6	695		5375.100183000
17		41	5375.100195000
6	0		5375.100705000
17		1358	5375.101324000
6	114		5375.110163000
6	31		5375.110798000
6	39		5375.110851000
17		43	5375.161641000
17		41	5375.223903000
17		1358	5375.224861000
17		43	5375.286119000
17		41	5375.348183000
17		1358	5375.350061000
17		43	5375.410404000
17		41	5375.472359000
17		1358	5375.473703000
17		43	5375.534587000
17		41	5375.595904000
17		1358	5375.597334000
17		41	5375.658536000
17		1358	5375.659911000
17		43	5375.719749000
17		41	5375.782250000
17		1358	5375.783747000
17		1358	5375.843840000
17		43	5375.844447000
17		41	5375.906651000
17		1358	5375.909846000
17		41	5375.967937000
17		1358	5375.968836000
17		43	5376.030262000
17		41	5376.092261000
17		1358	5376.093491000
17		41	5376.153964000
17		1358	5376.155354000
17		43	5376.216290000
17		41	5376.278518000
17		1358	5376.279049000
17		43	5376.339955000
17		41	5376.402308000
17		1358	5376.403595000
17		43	5376.463830000
17		46	5376.463863000
17		1358	5376.466098000
17		41	5376.526273000
17		1358	5376.527508000
17		43	5376.588510000
17		42	5376.649677000
17		1358	5376.650210000
17		42	5376.711681000
17		1029	5376.711705000
17		41	5376.712286000
17		1358	5376.712813000
17		1358	5376.714928000
17		43	5376.774525000
17		1358	5376.797152000
17		41	5376.836136000
17		1358	5376.837237000
17		1358	5376.877724000
17		43	5376.898378000
17		1358	5376.959187000
17		41	5376.959843000
17		1358	5376.961259000
17		43	5377.022848000
17		1358	5377.039245000
17		41	5377.084777000
17		1358	5377.086095000
17		1358	5377.120060000
17		41	5377.146718000
17		1358	5377.147370000
17		1358	5377.201508000
17		43	5377.208566000
17		41	5377.208590000
17		1358	5377.209459000
17		43	5377.270113000
17		1358	5377.282520000
17		41	5377.331788000
17		1358	5377.332832000
17		1358	5377.364218000
17		41	5377.393728000
17		1358	5377.395101000
17		1358	5377.445012000
17		43	5377.456582000
17		41	5377.518290000
17		1358	5377.519183000
17		1358	5377.525537000
17		43	5377.580401000
17		1358	5377.606000000
17		41	5377.641768000
17		1358	5377.643245000
17		1358	5377.686847000
17		41	5377.704435000
17		1358	5377.705633000
17		43	5377.766306000
17		1358	5377.767912000
17		41	5377.827809000
17		1358	5377.828129000
17		1358	5377.848951000
17		41	5377.890194000
17		1358	5377.891506000
17		1358	5377.930921000
17		1358	5377.951207000
17		43	5377.952235000
17		1358	5378.010686000
17		43	5378.014238000
17		41	5378.076143000
17		1358	5378.077317000
17		1358	5378.091353000
17		41	5378.138139000
17		1358	5378.138521000
17		1358	5378.172651000
17		41	5378.200526000
17		1358	5378.201878000
17		1358	5378.254119000
17		41	5378.262286000
17		1358	5378.263769000
17		46	5378.324340000
17		1358	5378.324756000
17		1358	5378.335051000
17		42	5378.386016000
17		1358	5378.387189000
17		1358	5378.416028000
17		42	5378.448337000
17		1358	5378.449501000
17		1358	5378.496019000
17		42	5378.510634000
17		1358	5378.511633000
17		1358	5378.571329000
17		42	5378.572342000
17		1358	5378.577056000
17		1358	5378.630548000
17		43	5378.634454000
17		1358	5378.658622000
17		1358	5378.690407000
17		42	5378.696206000
17		1358	5378.739805000
17		41	5378.758569000
17		41	5378.820074000
17		1358	5378.820847000
17		41	5378.882138000
17		1358	5378.901690000
17		41	5378.944100000
17		1358	5378.981970000
17		41	5379.005948000
17		1358	5379.063308000
17		41	5379.068133000
6	0		5379.130491000
6	39		5379.130512000
17		41	5379.130519000
6	0		5379.135912000
17		1358	5379.144333000
17		41	5379.192595000
17		1358	5379.225110000
17		41	5379.254580000
17		41	5379.316119000
17		41	5379.378233000
6	0		5379.418498000
6	0		5379.418559000
6	0		5379.435828000
17		41	5379.441004000
6	41		5379.442914000
6	0		5379.459370000
6	21		5379.464648000
6	0		5379.464688000
6	1080		5379.465745000
6	0		5379.482067000
6	440		5379.482169000
17		42	5379.502521000
6	0		5379.522237000
6	48		5379.538661000
6	0		5379.538708000
6	280		5379.543234000
6	0		5379.559531000
6	16		5379.564195000
17		47	5379.564656000
17		33	5379.591035000
6	0		5379.606266000
6	52		5379.622657000
6	0		5379.622708000
6	52		5379.622876000
17		42	5379.626295000
6	100		5379.644642000
6	0		5379.686215000
17		42	5379.688956000
17		42	5379.750110000
17		42	5379.812367000
17		43	5379.874452000
17		42	5379.936518000
17		41	5379.998014000
17		43	5380.060553000
17		41	5380.060577000
17		41	5380.122166000
17		49	5380.183700000
17		43	5380.183726000
17		35	5380.197694000
17		41	5380.246405000
17		43	5380.308098000
17		43	5380.370303000
17		41	5380.431787000
17		43	5380.494429000
17		41	5380.556701000
17		43	5380.618250000
17		41	5380.680597000
17		43	5380.742395000
17		41	5380.804293000
17		43	5380.865774000
17		41	5380.865821000
17		43	5380.927730000
17		41	5380.989848000
17		43	5381.052050000
17		41	5381.114158000
17		43	5381.176296000
17		43	5381.237893000
17		41	5381.300010000
17		43	5381.361856000
17		41	5381.424233000
17		43	5381.486261000
17		43	5381.548556000
17		47	5381.548578000
17		33	5381.574419000
17		42	5381.610313000
17		43	5381.671769000
6	68		5381.677448000
6	52		5381.693897000
6	0		5381.693941000
6	0		5381.693966000
6	0		5381.695511000
6	0		5381.711838000
17		42	5381.733851000
17		43	5381.796345000
17		42	5381.858087000
17		43	5381.920106000
17		42	5381.982254000
17		43	5382.044292000
17		43	5382.106499000
17		43	5382.167724000
17		43	5382.229904000
17		48	5382.292597000
17		42	5382.292623000
17		35	5382.306081000
17		41	5382.354261000
17		43	5382.416525000
17		41	5382.478390000
17		1358	5382.479855000
17		43	5382.539753000
17		41	5382.602045000
17		1358	5382.602525000
17		41	5382.664145000
17		1358	5382.665670000
17		43	5382.725841000
17		41	5382.787790000
17		1358	5382.788637000
17		43	5382.849953000
17		41	5382.912025000
17		1358	5382.912895000
17		43	5382.974133000
17		43	5383.036234000
17		1358	5383.037521000
17		43	5383.098192000
17		1358	5383.118829000
17		43	5383.159758000
17		1358	5383.200463000
17		43	5383.221900000
17		1358	5383.282787000
17		43	5383.284016000
17		41	5383.345838000
17		1358	5383.347250000
17		1358	5383.364650000
17		1358	5383.406989000
17		41	5383.407951000
17		573	5383.446528000
17		1358	5383.466370000
17		41	5383.470043000
17		1358	5383.526025000
17		41	5383.532067000
17		1358	5383.584796000
17		41	5383.594114000
17		1358	5383.643626000
17		43	5383.655705000
17		1358	5383.703533000
17		43	5383.718476000
6	0		5383.718507000
6	0		5383.719491000
17		1358	5383.762199000
17		43	5383.780016000
17		1358	5383.821900000
17		43	5383.841760000
17		41	5383.841799000
17		1358	5383.881768000
17		43	5383.904627000
17		1358	5383.940354000
6	0		5383.965981000
17		46	5383.966014000
6	0		5383.966313000
17		33	5383.992495000
17		1358	5384.000609000
17		43	5384.028586000
17		1358	5384.059401000
17		41	5384.090019000
17		1358	5384.118348000
17		41	5384.151673000
17		1358	5384.178088000
17		41	5384.214361000
17		1358	5384.236930000
17		41	5384.276173000
17		1358	5384.296603000
17		41	5384.338041000
17		1358	5384.355072000
17		41	5384.399973000
17		1358	5384.414534000
17		41	5384.462152000
17		1358	5384.473984000
17		41	5384.523885000
17		1358	5384.533821000
17		41	5384.586082000
17		1358	5384.592209000
17		41	5384.648028000
17		1358	5384.651407000
17		41	5384.710505000
17		1358	5384.711915000
17		1358	5384.769900000
17		41	5384.771627000
17		1358	5384.829428000
17		41	5384.834264000
17		1358	5384.888434000
17		41	5384.896000000
17		1358	5384.935464000
17		41	5384.957620000
17		1358	5384.983754000
17		41	5385.019719000
17		1358	5385.031001000
17		1358	5385.078950000
17		41	5385.082237000
6	599		5385.082266000
6	0		5385.082757000
6	69		5385.091600000
6	31		5385.094703000
6	39		5385.097552000
17		1358	5385.125558000
17		41	5385.144089000
17		1358	5385.172840000
17		41	5385.205799000
17		1358	5385.220170000
17		1358	5385.267302000
17		46	5385.268019000
17		33	5385.293519000
17		1358	5385.315320000
17		41	5385.330376000
17		1358	5385.361716000
17		41	5385.392561000
17		1358	5385.441190000
17		41	5385.453997000
17		41	5385.516338000
17		1358	5385.519927000
17		41	5385.578479000
17		1358	5385.599679000
17		41	5385.640525000
17		1358	5385.677347000
6	0		5385.701844000
6	39		5385.701873000
6	439		5385.701882000
6	0		5385.702378000
