protocol,tcp_bytes,quic_bytes,real_time
6	0		0.000000000
6	0		0.000029000
6	0		0.000038000
6	0		0.000045000
6	0		0.000051000
6	0		0.001704000
6	0		0.001727000
6	0		0.001773000
6	0		0.001983000
6	0		0.002089000
6	0		0.187314000
6	0		0.187346000
6	0		0.187352000
6	0		0.187361000
6	0		0.187367000
6	0		0.187374000
6	0		0.187393000
6	0		0.188324000
6	0		0.188792000
6	0		0.188816000
6	0		0.188886000
6	0		0.189276000
6	0		0.189320000
6	0		0.189405000
6	0		0.303246000
6	0		0.303660000
6	0		0.305630000
6	0		0.307357000
6	0		0.309367000
6	0		0.374675000
6	0		0.374702000
6	0		0.374707000
6	0		0.374711000
6	0		0.374718000
6	0		0.489862000
6	0		0.491897000
6	0		0.492619000
6	0		0.493738000
6	0		0.493755000
6	0		0.497475000
6	0		0.497978000
6	0		0.561295000
6	0		0.561324000
6	0		0.561328000
6	0		0.561335000
6	0		0.561340000
6	0		0.561344000
6	0		0.561349000
6	0		0.561353000
6	0		0.561357000
6	0		0.561362000
6	0		0.561369000
6	0		0.561373000
6	517		0.561378000
6	0		0.563128000
6	2836		0.563773000
6	2836		0.563816000
6	1001		0.563823000
6	0		0.748714000
6	0		0.748747000
6	0		0.748754000
6	0		0.748759000
6	0		0.748764000
6	0		0.748769000
6	0		0.748773000
6	0		1.122283000
6	0		1.122312000
6	0		1.122328000
6	0		1.123395000
6	0		1.308827000
6	0		1.308864000
6	0		1.308874000
6	0		1.308880000
6	0		1.310260000
6	0		1.310296000
6	0		1.310524000
6	0		1.426868000
6	0		1.496220000
6	0		1.496254000
6	0		1.497527000
6	0		1.612048000
6	0		1.615163000
6	0		1.618446000
6	0		1.683384000
6	0		1.683412000
6	0		1.683418000
6	0		1.683424000
6	0		1.683429000
6	0		1.683433000
6	517		1.683438000
6	517		1.683443000
6	0		1.684429000
6	0		1.684883000
6	1418		1.685341000
6	1418		1.685357000
6	1630		1.685426000
6	2836		1.685817000
6	1418		1.685831000
6	1418		1.685878000
6	1143		1.685893000
6	0		1.798704000
6	517		1.870290000
6	517		1.870332000
6	64		1.870342000
6	92		1.870348000
6	0		1.871708000
6	0		1.872182000
6	608		1.872296000
6	31		1.872328000
6	2836		1.872518000
6	2836		1.872543000
6	1142		1.872588000
6	2836		1.872631000
6	1629		1.872672000
6	1256		2.057336000
6	0		2.057373000
6	0		2.064132000
6	574		2.224348000
6	1418		2.224400000
6	614		2.224405000
6	91		2.232012000
6	39		2.232462000
6	0		2.244028000
6	0		2.244055000
6	0		2.244061000
6	517		2.244068000
6	0		2.245234000
6	2836		2.245825000
6	2836		2.245849000
6	1144		2.245875000
6	1256		2.431281000
6	0		2.431312000
6	517		2.431318000
6	0		2.432724000
6	0		2.433024000
6	1143		2.454706000
6	0		2.618218000
6	517		2.618251000
6	517		2.618260000
6	0		2.618267000
6	0		2.618272000
6	74		2.618278000
6	918		2.619550000
6	0		2.619578000
6	0		2.619765000
6	1142		2.627356000
6	211		2.650422000
6	92		2.805335000
6	312		2.805365000
6	32		2.805374000
6	0		2.805383000
6	517		2.805394000
6	0		2.806394000
6	31		2.806635000
6	0		2.806684000
6	813		2.813076000
6	180		2.813109000
6	263		2.813113000
6	39		2.813140000
6	1412		2.992053000
6	0		2.992081000
6	0		2.993471000
6	0		3.179258000
6	517		3.179305000
6	0		3.180774000
6	0		3.366245000
6	0		3.366271000
6	0		3.366276000
6	74		3.366285000
6	92		3.366289000
6	519		3.366294000
6	0		3.367932000
6	31		3.368197000
6	910		3.368388000
6	1144		3.375458000
6	1095		3.409709000
6	1418		3.409749000
6	1418		3.432725000
6	39		3.449422000
6	1418		3.455717000
6	1418		3.478820000
6	1418		3.501825000
6	1418		3.524822000
6	1418		3.547849000
6	517		3.553261000
6	32		3.553289000
6	0		3.553295000
6	31		3.553301000
6	0		3.554344000
6	0		3.554672000
6	0		3.554872000
6	1418		3.570885000
6	1418		3.593920000
6	1418		3.616953000
6	1418		3.639986000
6	1418		3.663018000
6	1418		3.686098000
6	1418		3.709127000
6	1418		3.732110000
6	0		3.740394000
6	1418		3.755144000
6	1418		3.778263000
6	1418		3.802405000
6	0		3.927357000
6	519		3.927386000
6	0		3.928801000
6	0		4.114094000
6	39		4.266522000
6	0		4.301275000
6	1287		4.488078000
6	0		4.488105000
6	74		4.488110000
6	0		4.489458000
6	0		4.489653000
6	910		4.489839000
6	0		4.675223000
6	0		4.862312000
6	510		4.862349000
6	517		4.862359000
6	0		4.863395000
6	0		4.863830000
6	685		5.049246000
6	0		5.049277000
6	0		5.049286000
6	74		5.049292000
6	0		5.049298000
6	0		5.050684000
6	0		5.050852000
6	918		5.050929000
6	1418		5.103137000
6	0		5.236344000
6	0		5.423312000
6	0		5.423339000
6	0		5.423345000
6	39		5.423349000
6	0		5.424681000
6	0		5.610036000
6	74		5.610058000
6	0		5.611629000
6	0		5.797003000
6	0		5.984359000
6	74		5.984393000
6	0		5.985692000
6	949		6.122717000
6	0		6.170998000
6	0		6.358308000
6	74		6.358329000
6	0		6.359451000
6	910		6.359978000
6	0		6.544909000
6	31		6.544940000
6	0		6.546171000
6	1418		6.546322000
6	0		6.732324000
6	0		6.732357000
6	0		6.732374000
6	685		6.732407000
6	0		6.733759000
6	0		6.919134000
6	0		6.919158000
6	0		6.919162000
6	0		6.919169000
6	39		6.919173000
6	0		6.920409000
6	0		7.106592000
6	0		7.106630000
6	31		7.106639000
6	442		7.108055000
6	0		7.111638000
6	0		7.293023000
6	910		7.362936000
6	0		7.480293000
6	70		7.480319000
6	0		7.481681000
6	0		7.667183000
17		1358	7.667220000
17		1358	7.669949000
17		1358	7.669967000
17		1358	7.670015000
17		1358	7.670021000
17		396	7.670025000
6	313		7.854449000
6	0		7.854488000
6	0		7.854494000
6	74		7.854499000
6	0		7.855832000
6	0		7.855874000
6	333		7.856444000
6	1418		7.861249000
6	1418		7.884306000
6	1418		7.907333000
6	1418		7.930381000
6	1418		7.953403000
17		1358	7.969931000
6	1418		7.976427000
6	1418		7.999467000
6	1418		8.022502000
17		1358	8.041781000
6	0		8.041821000
17		1358	8.043148000
6	1418		8.045516000
6	1418		8.068549000
6	0		8.228286000
6	74		8.228313000
6	74		8.228319000
6	0		8.229736000
6	1418		8.229762000
6	0		8.230183000
6	1418		8.241262000
6	918		8.281613000
6	0		8.415033000
17		1358	8.415072000
17		1358	8.416358000
6	1418		8.416420000
6	1418		8.427961000
6	0		8.602387000
6	39		8.602414000
6	0		8.603621000
6	1418		8.603782000
6	1418		8.615301000
6	0		8.789711000
6	1418		8.791083000
6	1418		8.802666000
6	0		8.976068000
6	1418		8.977519000
6	1418		8.988981000
17		1358	9.017418000
6	0		9.163443000
6	313		9.163481000
6	1418		9.164839000
6	1418		9.176359000
6	0		9.199444000
6	0		9.350353000
6	1418		9.351812000
6	1418		9.363309000
6	0		9.537478000
6	1418		9.538869000
6	1418		9.550388000
17		1358	9.724314000
6	0		9.724347000
17		1358	9.725692000
6	1418		9.725722000
6	1418		9.737245000
6	0		9.911262000
6	1418		9.912648000
6	1418		9.924169000
6	0		10.285168000
6	1418		10.286558000
6	1418		10.298078000
6	1418		10.321126000
6	1171		10.344171000
6	0		10.659811000
6	0		10.846152000
6	0		10.846177000
6	0		10.846182000
17		1358	10.926666000
6	0		11.033053000
6	910		11.183275000
6	0		11.220595000
6	0		11.220630000
6	0		11.222028000
6	0		11.407324000
6	0		11.407374000
6	0		11.409067000
6	0		11.523942000
6	0		11.593980000
6	0		11.712040000
17		1358	11.781377000
6	0		11.781414000
6	39		11.781421000
6	116		11.781430000
6	97		11.781436000
6	102		11.781444000
6	0		11.782871000
6	0		11.782903000
6	0		11.782915000
6	0		11.782918000
6	118		11.783788000
6	1418		11.784773000
6	1418		11.807835000
6	1418		11.830869000
6	1418		11.853893000
6	1418		11.876967000
6	1418		11.899993000
6	1418		11.923004000
6	0		11.968316000
1,17		1358	12.155381000
6	0		12.155414000
6	0		12.156915000
1,17		1358	12.342266000
6	0		12.342313000
6	0		12.343587000
1,17		1358	12.528825000
1,17		1358	12.717112000
1,17		396	12.717138000
6	0		12.717156000
6	0		12.718158000
6	0		12.902915000
6	0		12.904453000
6	0		13.021259000
6	0		13.090705000
6	0		13.209388000
6	0		13.277002000
6	0		13.464367000
6	0		13.651211000
6	0		13.651240000
6	0		13.652296000
1,17		1358	13.838261000
6	0		13.838289000
6	0		13.839771000
6	0		14.025001000
6	0		14.188825000
6	0		14.212171000
6	0		14.212205000
6	0		14.213658000
6	0		14.360101000
6	0		14.399371000
6	0		14.399401000
6	0		14.400936000
1,17		1358	14.586320000
6	0		14.773656000
6	0		14.959972000
6	0		15.147259000
6	0		15.334623000
6	0		15.520900000
1,17		1358	15.708165000
6	0		15.708194000
6	0		15.709454000
6	0		15.889088000
6	0		15.895324000
6	0		15.895350000
6	0		15.896869000
6	0		16.082336000
6	0		16.269544000
6	0		16.456990000
6	0		16.643286000
6	0		16.830603000
6	0		17.017939000
6	0		17.204206000
1,17		1358	17.391486000
6	0		17.578435000
6	0		17.757261000
6	0		17.764965000
6	0		17.952785000
6	0		18.139049000
6	0		18.139073000
6	0		18.140792000
6	0		18.326208000
6	0		18.456353000
6	0		18.513385000
1,17		1358	18.513413000
6	0		18.513422000
6	0		18.514710000
6	0		18.700144000
6	0		18.887440000
6	0		19.074755000
6	0		19.261017000
6	0		19.448295000
6	1418		19.449702000
6	0		19.635079000
6	0		19.635101000
6	0		19.636094000
6	1418		19.636456000
6	0		19.822448000
6	1418		19.823908000
6	0		19.921470000
6	0		20.009398000
6	0		20.009425000
6	0		20.010806000
6	1418		20.010843000
1,17		1358	20.196056000
6	0		20.383009000
6	0		20.383046000
6	0		20.383053000
6	0		20.383057000
6	0		20.383061000
6	517		20.383066000
6	517		20.383071000
6	0		20.383077000
6	0		20.384413000
6	1418		20.384442000
6	0		20.384815000
6	2836		20.384880000
6	2836		20.384916000
6	1820		20.384968000
6	2836		20.385466000
6	2836		20.385517000
6	1820		20.385583000
6	0		20.570348000
6	1418		20.571749000
6	0		20.757318000
6	1418		20.758739000
6	0		20.944278000
6	1418		20.945714000
6	0		21.318337000
6	1418		21.319748000
6	1418		21.331268000
6	0		21.692003000
6	0		21.692038000
6	0		21.692053000
6	1418		21.693391000
6	1418		21.704914000
6	0		21.879872000
6	0		21.879900000
6	0		21.879907000
6	0		21.879913000
6	517		21.879919000
6	517		21.879923000
6	0		21.880932000
6	0		21.881306000
6	2836		21.881577000
6	1502		21.881626000
6	2836		21.882270000
6	1418		21.882327000
6	85		21.882339000
6	0		22.252967000
6	1418		22.254352000
6	1418		22.265869000
6	1418		22.288918000
6	1418		22.311980000
6	1418		22.334981000
6	1418		22.358022000
6	1418		22.381059000
6	1418		22.404073000
6	1418		22.427119000
6	0		22.440264000
6	0		22.440291000
6	1418		22.450202000
6	1418		22.473182000
6	1418		22.496221000
6	1418		22.519253000
6	1418		22.542292000
6	1418		22.565312000
6	1418		22.588347000
6	1418		22.611461000
6	0		22.627688000
6	1418		22.634417000
6	1418		22.657442000
6	1418		22.680497000
6	1418		22.703497000
6	1418		22.726558000
6	1418		22.749595000
6	1418		22.772623000
6	1418		22.795779000
6	1418		22.818670000
6	1418		22.841713000
6	1418		22.864750000
6	1418		22.887847000
6	1418		22.910804000
6	1418		22.933852000
6	1418		22.956880000
6	1418		22.979908000
6	0		23.001276000
6	1418		23.002944000
6	1418		23.025980000
6	1418		23.049019000
6	0		23.188480000
6	0		23.188502000
6	0		23.375792000
6	0		23.562126000
6	0		23.749363000
6	0		23.936658000
6	64		23.936695000
6	92		23.936703000
6	608		23.938361000
6	31		23.938395000
6	0		24.122981000
6	0		24.310013000
6	0		24.497301000
6	0		24.684651000
6	0		24.871441000
6	0		24.871468000
6	64		24.871475000
6	608		24.873496000
6	0		25.058144000
6	1418		25.059586000
6	0		25.245071000
6	1418		25.246476000
6	0		25.432392000
6	1418		25.433822000
6	0		25.619145000
6	1418		25.620538000
6	0		25.806363000
6	1418		25.807743000
6	0		25.993227000
6	1418		25.994594000
6	0		26.180008000
6	1418		26.181386000
6	0		26.367347000
6	0		26.554054000
6	0		26.741382000
6	0		26.741414000
6	64		26.741422000
6	92		26.741427000
6	608		26.743210000
6	31		26.743245000
6	0		26.928698000
6	0		27.115023000
6	0		27.302285000
6	0		27.302314000
6	64		27.302322000
6	608		27.304009000
6	0		27.489468000
6	0		27.676787000
6	0		27.863116000
6	0		28.050440000
6	0		28.237790000
6	0		28.424123000
6	0		28.611840000
6	39		28.611876000
6	0		28.618163000
6	0		28.798382000
6	0		28.985832000
6	0		29.172160000
6	0		29.359456000
6	0		29.546763000
6	0		29.733149000
6	0		29.920465000
6	0		30.107735000
6	0		30.294024000
6	0		30.481319000
6	0		30.668586000
6	0		30.855899000
6	0		31.042169000
6	0		31.229484000
6	0		31.416800000
6	0		31.416838000
6	0		31.603090000
6	0		31.790410000
6	0		31.977729000
6	0		32.164052000
6	0		32.351180000
6	0		32.538464000
6	0		32.725767000
6	0		32.912071000
6	0		33.099381000
6	0		33.286695000
6	1418		33.288081000
6	0		33.472999000
6	1418		33.474391000
6	1418		33.485895000
6	0		33.660767000
6	1418		33.662275000
6	1418		33.673785000
6	0		33.847236000
6	1418		33.848631000
6	1418		33.860130000
6	372		34.034354000
6	31		34.034383000
6	0		34.034394000
6	0		34.036216000
6	528		34.036245000
6	1418		34.036249000
6	1418		34.206049000
6	0		34.221330000
6	1418		34.222739000
6	1418		34.234293000
6	1418		34.375884000
6	0		34.408255000
6	1418		34.409650000
6	1418		34.421159000
6	1418		34.545752000
6	1418		34.715533000
6	0		34.782351000
6	1418		34.783860000
6	1418		34.795442000
6	1418		34.818391000
6	1418		34.841431000
6	1418		34.885332000
6	1418		35.055158000
6	0		35.156869000
6	1418		35.158256000
6	1418		35.169763000
6	1418		35.192807000
6	1418		35.215862000
6	1418		35.224968000
6	1418		35.394851000
6	533		35.530254000
6	31		35.530279000
6	0		35.530286000
6	0		35.530293000
6	0		35.531551000
6	1418		35.531662000
6	648		35.532923000
6	1418		35.532948000
6	1418		35.532953000
6	1418		35.532962000
6	1418		35.543202000
6	1418		35.564623000
6	1418		35.724844000
6	1418		35.734418000
6	1418		35.904251000
6	0		35.904341000
6	1418		35.905770000
6	1418		35.916717000
6	1418		35.917221000
6	1418		35.940266000
6	1418		35.963308000
6	1418		35.986389000
6	1418		36.009384000
6	1418		36.032454000
6	1418		36.055452000
6	1418		36.074093000
6	1418		36.078475000
6	1418		36.101501000
6	1418		36.108609000
6	1418		36.124555000
6	1418		36.147576000
6	1418		36.170649000
6	1418		36.193648000
6	1418		36.216718000
6	1418		36.239714000
6	1418		36.243890000
6	1418		36.262730000
6	0		36.278000000
6	1418		36.285832000
6	1418		36.300487000
6	1418		36.308816000
6	1418		36.331846000
6	1418		36.354870000
6	1418		36.377911000
6	1418		36.400927000
6	1418		36.413731000
6	1418		36.423991000
6	1418		36.447007000
6	1418		36.470037000
6	1418		36.492363000
6	1418		36.583544000
6	0		36.652541000
6	1418		36.653930000
6	1418		36.665446000
6	1418		36.684239000
6	1410		36.753348000
6	0		36.839396000
6	1418		36.876136000
6	0		37.026007000
6	1418		37.068016000
6	0		37.213368000
6	0		37.213395000
6	1418		37.214830000
6	36		37.259884000
6	0		37.587612000
6	1418		37.589062000
6	1418		37.600572000
6	0		37.774889000
6	0		38.148681000
6	1418		38.150122000
6	1418		38.161589000
6	0		38.334997000
6	0		38.522329000
6	0		38.896878000
6	1418		38.898342000
6	1418		38.909859000
6	0		39.270496000
6	1418		39.271884000
6	1418		39.283384000
6	0		39.457369000
6	0		39.644288000
6	0		40.018582000
6	1418		40.019993000
6	1418		40.031500000
6	0		40.392181000
6	1418		40.393568000
6	1418		40.405074000
6	0		40.579901000
6	0		40.953282000
6	0		40.953310000
6	0		41.140749000
6	0		41.327142000
6	0		41.327175000
6	0		41.514441000
6	0		42.075201000
6	0		42.075227000
6	0		42.262511000
6	0		42.823286000
6	0		42.823319000
6	0		43.010620000
6	0		43.384316000
6	0		43.758893000
6	0		44.132452000
6	0		44.693353000
6	0		44.693400000
6	0		44.880614000
6	0		45.254156000
6	0		45.628739000
6	0		46.002258000
6	0		46.563261000
6	0		46.563285000
6	0		46.750533000
6	0		47.123947000
6	0		47.498504000
6	0		48.059384000
6	0		48.246253000
6	0		48.433899000
6	0		48.620331000
6	0		49.181241000
6	0		49.181264000
6	1418		49.182630000
6	0		49.368312000
6	39		49.368341000
6	0		49.375096000
17		1358	49.555325000
6	191		49.555360000
6	0		49.555369000
6	0		49.556780000
6	248		49.557909000
17		1358	49.558120000
17		1358	49.558133000
17		1358	49.558137000
17		1358	49.558206000
17		297	49.558212000
6	1418		49.586807000
17		1358	49.742207000
6	0		49.742244000
17		1358	49.743693000
6	1418		49.756584000
6	1418		49.926417000
6	0		49.929669000
6	39		49.929695000
6	0		49.936534000
17		1358	50.044091000
6	1418		50.096230000
6	0		50.115902000
17		1358	50.115941000
6	1418		50.117372000
17		1358	50.117427000
6	1418		50.128827000
6	1418		50.266074000
6	1418		50.435965000
6	0		50.490789000
6	1418		50.492172000
6	1418		50.503714000
6	1418		50.605707000
17		1358	50.717386000
6	1418		50.775518000
6	0		50.864284000
6	1418		50.865653000
6	1418		50.877250000
6	1418		50.945357000
6	1418		51.115174000
6	0		51.237982000
6	1418		51.239397000
6	1418		51.250884000
6	1418		51.284987000
17		1358	51.425413000
17		1358	51.426784000
6	1418		51.454808000
6	0		51.612721000
6	1418		51.614132000
6	1418		51.624614000
6	1418		51.625627000
6	1418		51.648676000
6	1418		51.671737000
6	1418		51.794469000
6	1418		51.964260000
6	0		51.986078000
6	1418		51.987477000
6	1418		51.999069000
6	1418		52.022022000
6	1418		52.045064000
6	1418		52.134076000
6	1019		52.303905000
6	0		52.360603000
6	1418		52.362066000
6	1418		52.373532000
6	1418		52.396555000
6	1418		52.419608000
6	1418		52.442630000
6	1418		52.465686000
6	1418		52.488705000
6	1418		52.511915000
6	1418		52.534754000
17		1358	52.547402000
6	0		52.547440000
6	1418		52.557812000
6	1418		52.580858000
6	1418		52.603861000
6	1418		52.626998000
6	1418		52.649990000
6	1418		52.672977000
6	1418		52.696002000
6	1418		52.719037000
17		49	52.734559000
6	1418		52.742050000
6	1418		52.765092000
6	1418		52.788122000
6	1418		52.811171000
6	1418		52.834243000
6	1418		52.857231000
6	1418		52.880255000
6	1418		52.903292000
17		49	52.921851000
6	1418		52.926325000
6	1418		52.949361000
6	1418		52.972383000
6	1418		52.995452000
17		172	53.108800000
17		630	53.110414000
17		34	53.135607000
17		101	53.151187000
6	0		53.295482000
17		168	53.482001000
17		33	53.483429000
6	0		53.669352000
6	0		53.856249000
17		170	54.043565000
17		35	54.044891000
6	0		54.417302000
17		172	54.603963000
17		37	54.605273000
6	0		54.791079000
6	1418		54.792510000
6	1418		54.804002000
6	0		55.165699000
6	0		55.539290000
6	1418		55.540701000
6	1418		55.552207000
17		174	55.912984000
17		39	55.914357000
6	0		56.100266000
6	0		56.474644000
6	1418		56.476060000
6	1418		56.487552000
6	0		56.848206000
6	0		57.035252000
6	0		57.036952000
6	0		57.222797000
6	1418		57.224206000
6	1418		57.235757000
17		176	57.596526000
17		41	57.597894000
6	0		57.783833000
17		1358	57.912442000
6	0		58.344279000
6	0		58.531312000
6	0		58.718803000
6	0		58.905125000
6	0		59.279738000
6	0		59.465164000
6	0		59.651600000
6	39		59.651625000
17		390	59.651633000
17		45	59.653421000
17		1354	59.656382000
6	0		59.658321000
17		1358	59.742946000
17		1358	59.829463000
6	0		59.837326000
17		1358	59.915765000
17		1358	60.002327000
6	0		60.023157000
17		1358	60.088606000
6	0		60.115884000
6	0		60.117785000
17		1358	60.174820000
6	0		60.209122000
17		1358	60.261525000
17		1358	60.347876000
6	0		60.394940000
17		1358	60.434099000
17		1358	60.520621000
6	0		60.581472000
17		1358	60.607833000
6	0		60.674163000
6	0		60.675548000
17		1358	60.693578000
6	0		60.767340000
17		1358	60.780313000
17		1358	60.866581000
17		1358	60.952747000
6	0		60.952848000
17		1358	61.039590000
17		1358	61.125451000
6	0		61.139247000
6	0		61.139274000
6	0		61.140482000
17		1358	61.212524000
17		1358	61.298480000
6	0		61.325149000
17		566	61.385214000
6	0		61.511621000
6	0		61.697154000
6	0		61.883663000
6	0		62.069020000
6	0		62.255443000
17		41	62.348070000
17		41	62.348099000
6	0		62.441271000
6	1418		62.442648000
6	1418		62.454175000
6	1418		62.477212000
6	0		62.627728000
6	1418		62.629114000
6	1418		62.640634000
6	1418		62.663681000
6	1418		62.686711000
6	0		62.813212000
6	1418		62.814614000
6	1418		62.826119000
6	1418		62.849179000
6	1418		62.872196000
6	0		62.999838000
6	1418		63.001353000
6	1418		63.012820000
6	1418		63.035855000
6	1418		63.058922000
17		43	63.185141000
17		43	63.185163000
6	0		63.185180000
6	0		63.185189000
6	0		63.186898000
6	0		63.187028000
6	0		63.278523000
17		47	63.278551000
6	0		63.278565000
6	0		63.279632000
6	1418		63.279907000
6	1418		63.291486000
17		33	63.305511000
17		43	63.371822000
6	0		63.463947000
17		44	63.463979000
6	0		63.465296000
6	0		63.491461000
6	0		63.491496000
17		44	63.556913000
6	0		63.587422000
17		44	63.650386000
17		44	63.743349000
6	0		63.770936000
17		44	63.836696000
17		44	63.929010000
17		44	64.022520000
17		43	64.115231000
6	0		64.115252000
6	0		64.116559000
17		44	64.208259000
6	0		64.208290000
6	0		64.208298000
6	0		64.209328000
6	0		64.209765000
17		44	64.300913000
17		44	64.394509000
6	0		64.394536000
6	0		64.395570000
17		44	64.486927000
17		44	64.580515000
17		44	64.673687000
17		44	64.766652000
17		44	64.859201000
17		43	64.952567000
17		216	64.952598000
17		33	64.954452000
17		33	64.954474000
17		1354	64.954884000
17		1358	64.954900000
17		1358	64.954905000
17		1358	64.954909000
17		1358	65.041934000
6	0		65.138424000
6	1418		65.139842000
6	1418		65.151350000
6	1418		65.174402000
6	1418		65.197414000
6	1418		65.220471000
6	1418		65.243496000
6	1418		65.266513000
6	1418		65.289615000
6	1418		65.312617000
6	0		65.324019000
6	1418		65.335635000
6	1418		65.358656000
6	1418		65.381695000
6	1418		65.404736000
6	1418		65.427811000
6	1418		65.450781000
6	1418		65.473827000
6	1418		65.496874000
6	0		65.510146000
6	1418		65.519906000
6	1418		65.542946000
6	1418		65.565953000
6	1418		65.589004000
6	1418		65.612025000
6	1418		65.635049000
6	1418		65.658087000
6	1418		65.681149000
6	0		65.696479000
6	1418		65.704159000
6	1418		65.727191000
6	1418		65.750228000
6	1418		65.773263000
6	1418		65.796284000
6	1418		65.819380000
6	1418		65.842395000
6	1418		65.865460000
6	0		65.882708000
6	1418		65.888425000
6	1418		65.911488000
6	1418		65.934482000
6	1418		65.957516000
6	1418		65.980575000
6	1418		66.003592000
6	1418		66.026632000
6	1418		66.049662000
6	0		66.068016000
6	1418		66.072679000
6	1418		66.095781000
6	1418		66.118847000
6	1418		66.141794000
6	0		66.147671000
6	0		66.160947000
6	0		66.162379000
6	1418		66.164813000
6	1418		66.187857000
6	1418		66.210894000
6	0		66.211409000
6	1418		66.233977000
6	0		66.235510000
6	0		66.254256000
6	0		66.254282000
6	0		66.254291000
6	0		66.255313000
6	0		66.255577000
6	1418		66.256931000
6	1418		66.280009000
6	1418		66.303025000
6	1418		66.326059000
6	0		66.347437000
6	0		66.347466000
6	0		66.347471000
6	517		66.347477000
6	517		66.347483000
6	0		66.348815000
6	0		66.348891000
6	1418		66.349071000
6	1418		66.349172000
6	3262		66.349246000
6	4680		66.349534000
6	1418		66.372129000
6	1418		66.395163000
6	0		66.427113000
6	517		66.440272000
6	0		66.440304000
6	0		66.440309000
6	0		66.441335000
6	0		66.441635000
6	1418		66.441679000
6	2836		66.442021000
6	1418		66.442040000
6	85		66.442053000
6	1418		66.453202000
6	0		66.533284000
6	0		66.533313000
6	0		66.533318000
6	0		66.533325000
6	0		66.533329000
6	517		66.533334000
17		41	66.533341000
6	0		66.533356000
6	0		66.534742000
6	0		66.534765000
17		1358	66.534868000
6	2836		66.535364000
6	1503		66.535391000
17		1358	66.621435000
17		43	66.626204000
6	0		66.626244000
6	1418		66.627591000
17		33	66.653464000
17		1358	66.707918000
17		41	66.719429000
17		1358	66.794847000
17		41	66.812046000
17		1358	66.881505000
17		41	66.904924000
17		1358	66.967845000
17		41	66.998488000
17		1358	67.054041000
17		1358	67.140812000
6	0		67.184468000
6	1418		67.185930000
6	1418		67.197383000
17		1358	67.227035000
17		1358	67.312843000
6	0		67.370437000
6	1418		67.371856000
6	1418		67.383371000
17		1358	67.399854000
17		1358	67.485689000
6	0		67.556376000
6	1418		67.557780000
6	1418		67.569291000
17		1358	67.572175000
17		53	67.658754000
6	0		67.742546000
6	1418		67.743942000
6	1418		67.755453000
6	0		67.927937000
6	1418		67.929338000
6	1418		67.940878000
6	0		68.114356000
6	1418		68.115812000
6	1418		68.127334000
6	0		68.300784000
6	1418		68.302164000
6	1418		68.313682000
6	0		68.486137000
6	1418		68.487537000
6	1418		68.499099000
6	0		68.672623000
6	1418		68.674045000
6	1418		68.685589000
6	0		68.858095000
6	1418		68.859496000
6	1418		68.871004000
6	0		69.044489000
6	1418		69.045863000
6	1418		69.057384000
6	0		69.230864000
6	1418		69.232248000
6	1418		69.243769000
6	0		69.416316000
6	1418		69.417724000
6	1418		69.429233000
6	0		69.602029000
6	1418		69.603432000
6	1418		69.614948000
6	0		69.695071000
6	1418		69.696504000
6	1418		69.708015000
6	0		69.881535000
6	1418		69.882948000
6	1418		69.894616000
6	0		70.067055000
6	1418		70.068422000
6	1418		70.080029000
6	0		70.253516000
6	1418		70.254930000
6	1418		70.266430000
6	0		70.438928000
6	1418		70.440332000
6	1418		70.451953000
6	0		70.625534000
6	1418		70.626974000
6	1418		70.638455000
6	0		70.811005000
6	1418		70.812538000
6	1418		70.824049000
6	0		70.997577000
6	1418		70.998961000
6	1418		71.010480000
6	0		71.090756000
6	0		71.183015000
6	1418		71.184455000
6	1418		71.195967000
6	1418		71.219000000
6	1418		71.242043000
6	0		71.369627000
6	0		71.369670000
6	1418		71.371075000
6	1418		71.382584000
6	0		71.461887000
6	0		71.555092000
6	1418		71.556484000
6	1418		71.567989000
17		1358	71.632659000
6	0		71.741171000
6	1418		71.742550000
6	1418		71.754151000
6	0		71.927636000
6	1418		71.929009000
6	1418		71.940532000
6	0		72.019826000
6	0		72.112984000
6	0		72.206140000
6	0		72.299355000
6	64		72.299376000
6	92		72.299381000
6	608		72.301184000
6	31		72.301209000
6	0		72.392511000
6	0		72.485637000
6	0		72.578334000
6	0		72.578361000
6	64		72.578365000
6	608		72.579946000
6	85		72.610908000
6	517		72.671301000
6	0		72.672687000
6	0		72.764480000
6	0		72.764507000
6	0		72.950293000
6	517		72.950321000
6	0		72.950329000
6	0		72.951712000
6	85		73.018345000
6	0		73.043699000
6	0		73.136028000
6	0		73.136064000
6	64		73.136072000
6	92		73.136078000
6	0		73.137464000
6	0		73.137489000
6	608		73.137806000
6	31		73.137834000
17		41	73.322019000
6	0		73.415486000
6	0		73.508749000
6	0		73.601334000
6	0		73.601363000
6	64		73.601369000
6	0		73.601377000
6	0		73.602791000
6	608		73.602966000
17		41	73.693919000
17		41	73.880134000
17		41	73.973287000
17		41	74.066722000
17		41	74.159442000
17		41	74.252325000
6	0		74.252356000
6	0		74.438621000
17		41	74.531525000
17		41	74.624621000
6	0		74.810302000
17		41	74.903088000
17		41	74.996210000
6	0		75.182375000
17		41	75.275735000
17		216	75.275762000
17		36	75.277540000
17		1354	75.280289000
17		1358	75.367437000
17		1358	75.453909000
6	0		75.461805000
17		1358	75.539595000
17		1358	75.626449000
6	0		75.647060000
17		1358	75.713005000
17		1358	75.798635000
6	0		75.833428000
17		1358	75.885278000
17		1358	75.971589000
6	0		76.019684000
17		1358	76.058749000
17		1358	76.145014000
6	0		76.205296000
17		1358	76.231609000
17		1358	76.317968000
6	0		76.391075000
17		1358	76.403749000
17		1358	76.490977000
17		1358	76.576910000
6	0		76.577293000
17		778	76.663120000
6	0		76.763692000
6	0		76.949400000
6	0		77.135475000
6	0		77.227857000
6	0		77.414022000
6	0		77.600406000
6	0		77.785881000
6	0		77.972335000
6	1418		77.973716000
6	0		78.158431000
6	1418		78.159850000
6	1418		78.171364000
6	1418		78.194474000
6	1418		78.217506000
6	0		78.343931000
6	1418		78.345324000
6	1418		78.356843000
6	1418		78.379872000
6	1418		78.402915000
6	0		78.530345000
6	1418		78.531745000
6	1418		78.543255000
6	1418		78.566286000
6	1418		78.589315000
6	0		78.716785000
6	1418		78.718176000
6	1418		78.729697000
6	1418		78.752749000
6	1418		78.775772000
6	0		78.902214000
6	1418		78.903604000
6	1418		78.915160000
6	1418		78.938214000
6	1418		78.961205000
6	0		79.088319000
6	0		79.088353000
6	1418		79.089702000
6	0		79.089995000
6	1418		79.101195000
6	1418		79.124259000
6	1418		79.147343000
6	0		79.274274000
6	1418		79.275682000
6	1418		79.287198000
6	1418		79.367605000
6	0		79.373629000
6	0		79.460177000
6	1418		79.461626000
6	1418		79.473156000
17		42	79.553295000
6	64		79.553333000
6	0		79.554459000
6	0		79.738960000
6	1418		79.740376000
6	1418		79.751873000
6	0		79.925517000
6	1418		79.926995000
6	1418		79.938459000
6	1418		80.018256000
6	672		80.018298000
6	31		80.018308000
6	0		80.018315000
6	0		80.018322000
6	233		80.018329000
6	0		80.018336000
6	0		80.019572000
6	0		80.019604000
6	0		80.019608000
6	559		80.021937000
6	525		80.021963000
6	39		80.022020000
6	0		80.111650000
6	0		80.111682000
6	0		80.111688000
17		42	80.111697000
6	31		80.111702000
6	0		80.118100000
6	895		80.184095000
6	1418		80.194548000
6	2836		80.194587000
17		46	80.203891000
17		33	80.230962000
17		42	80.297272000
17		43	80.390131000
17		43	80.483171000
17		43	80.576277000
6	0		80.576311000
6	0		80.578081000
17		43	80.669651000
17		43	80.762248000
17		42	80.854940000
17		43	80.948446000
17		43	81.041640000
17		43	81.134652000
17		43	81.226915000
17		43	81.320327000
17		43	81.413235000
17		42	81.506652000
6	0		81.506679000
6	0		81.506686000
6	0		81.506691000
6	0		81.508073000
6	0		81.508131000
6	0		81.508577000
6	0		81.692092000
6	1418		81.693494000
6	1418		81.705009000
6	1418		81.728043000
6	1418		81.751081000
6	1418		81.774103000
6	1418		81.797226000
6	1418		81.820161000
6	1418		81.843217000
6	1418		81.866244000
6	0		81.878611000
6	1418		81.889274000
6	1418		81.912317000
6	1418		81.935349000
6	1418		81.958375000
6	1418		81.981401000
6	1418		82.004474000
6	1418		82.027502000
6	1418		82.050503000
6	0		82.064781000
6	1418		82.073585000
6	1418		82.096586000
6	1418		82.119613000
6	1418		82.142636000
6	1418		82.165658000
6	1418		82.188703000
6	1418		82.211753000
6	1418		82.234766000
6	0		82.250089000
6	1418		82.257785000
6	1418		82.280846000
6	1418		82.303875000
6	1418		82.326897000
6	1418		82.349924000
6	1418		82.372975000
6	1418		82.396044000
6	1418		82.419100000
6	0		82.436324000
6	1418		82.442074000
6	1418		82.465091000
6	1418		82.488137000
6	1418		82.511180000
6	1418		82.534205000
6	1418		82.557235000
6	1418		82.580288000
6	1418		82.603303000
6	0		82.622685000
6	1418		82.626333000
6	1418		82.649405000
6	1418		82.672412000
6	1418		82.695446000
6	1418		82.718473000
6	1418		82.741512000
6	1418		82.764554000
6	1418		82.787652000
6	0		82.807942000
6	1418		82.810732000
6	1418		82.833694000
6	1418		82.856680000
6	1418		82.879719000
6	1418		82.902734000
6	1418		82.925786000
6	1418		82.948827000
6	0		82.994102000
6	1418		82.995495000
6	1418		83.007006000
6	1418		83.030054000
6	1418		83.053093000
6	0		83.180681000
6	1418		83.182083000
6	1418		83.193593000
6	1418		83.216650000
6	1418		83.239668000
6	0		83.366203000
6	1418		83.367677000
6	1418		83.379149000
6	1418		83.402172000
6	1418		83.425204000
6	0		83.552780000
6	1418		83.554167000
6	1418		83.565681000
6	1418		83.588728000
6	1418		83.611764000
6	0		83.738213000
6	1418		83.739646000
6	1418		83.751188000
6	1418		83.774212000
6	1418		83.797303000
6	0		83.924300000
6	0		83.924326000
6	1418		83.925682000
6	0		83.925709000
6	1418		83.937187000
6	1418		83.960237000
6	1418		83.983307000
6	0		84.109897000
6	1418		84.111302000
6	1418		84.122810000
6	1418		84.145870000
6	1418		84.168881000
6	0		84.203179000
6	0		84.203202000
6	0		84.204609000
6	0		84.205083000
6	0		84.296333000
6	1418		84.297726000
6	1418		84.309218000
6	1418		84.332262000
6	1418		84.355310000
6	0		84.481860000
6	1418		84.483245000
6	1418		84.494815000
6	1418		84.517791000
6	1418		84.540840000
6	0		84.575175000
6	0		84.668267000
6	0		84.668293000
6	39		84.668298000
6	0		84.668306000
6	0		84.669309000
6	312		84.669396000
6	0		84.761292000
6	0		84.761320000
6	1418		84.762703000
6	1418		84.774205000
6	0		84.854603000
6	0		84.947800000
6	0		85.040344000
6	0		85.040374000
6	0		85.040379000
6	0		85.226626000
6	1418		85.228020000
6	1418		85.239630000
6	1418		85.262590000
6	1418		85.285640000
6	0		85.412089000
6	1418		85.413476000
6	1418		85.425006000
6	1418		85.448025000
6	1418		85.471063000
6	0		85.598691000
6	1418		85.600089000
6	1418		85.611611000
6	1418		85.634620000
6	961		85.657685000
6	0		85.784256000
6	0		85.877425000
6	0		86.063688000
6	0		86.249256000
6	0		86.434983000
6	0		86.621299000
6	0		86.807728000
6	0		86.993115000
6	0		87.179698000
6	0		87.364916000
6	0		87.551372000
6	0		87.737772000
6	0		87.923138000
6	0		88.109504000
6	0		88.295609000
6	0		88.481097000
6	0		88.667483000
6	0		88.852876000
6	0		89.039280000
6	0		89.225616000
6	0		89.411404000
6	0		89.597791000
6	0		89.783189000
6	0		89.969555000
6	0		90.155504000
6	0		90.340900000
6	0		90.434509000
6	0		90.619906000
6	0		90.806260000
6	0		90.992481000
6	0		91.177892000
6	0		91.364323000
6	0		91.550810000
6	0		91.736197000
6	0		91.922558000
6	0		92.108259000
6	0		92.294113000
6	0		92.480365000
6	0		92.666453000
6	0		92.851837000
6	0		93.038246000
6	0		93.224580000
6	0		93.410012000
6	0		93.410037000
6	39		93.410042000
6	0		93.411177000
6	0		93.595980000
6	0		93.782780000
6	0		93.968139000
6	0		94.154423000
6	0		94.339875000
6	0		94.526100000
6	0		94.711866000
6	39		94.711921000
6	0		94.711931000
6	0		94.711937000
6	0		94.713312000
6	0		94.713595000
6	0		94.713649000
6	269		94.805348000
6	0		94.806744000
6	1418		94.897969000
6	711		94.897994000
6	0		94.899375000
6	0		94.899390000
6	160		95.002506000
6	1418		95.003802000
6	1418		95.026841000
6	1418		95.049870000
6	1418		95.072909000
6	1418		95.096026000
6	1418		95.118976000
6	1418		95.142033000
6	1418		95.165070000
6	1418		95.188078000
6	1418		95.211176000
6	1418		95.234130000
6	1418		95.257190000
6	1418		95.280218000
6	1418		95.303247000
6	1418		95.326320000
6	1418		95.349307000
6	1418		95.372366000
6	1418		95.395462000
6	30		95.418400000
6	0		95.735293000
6	0		95.735318000
6	0		95.735332000
6	0		95.735341000
6	0		95.735348000
6	0		95.735354000
6	0		95.736311000
6	0		95.736395000
6	0		95.737129000
6	0		95.737461000
6	0		96.040933000
6	0		96.043352000
6	0		96.043558000
6	0		96.044490000
6	0		96.665335000
6	0		96.665341000
6	0		96.666329000
6	0		96.666558000
6	0		96.758284000
6	0		96.758323000
6	332		96.758336000
6	0		96.759325000
6	0		96.759795000
6	0		96.760244000
6	1418		96.851293000
6	0		96.852786000
6	1418		96.944221000
6	665		96.944250000
6	0		96.944259000
6	0		96.944266000
6	0		96.944286000
6	0		96.944293000
6	0		96.945296000
6	0		96.945579000
6	0		96.945654000
6	0		96.945705000
6	0		96.945713000
6	71		96.951921000
6	93		96.952439000
6	0		97.037249000
6	0		97.037281000
6	0		97.038596000
6	0		97.060253000
6	0		97.061139000
6	0		97.129953000
6	0		97.223542000
6	0		97.251511000
6	0		97.316860000
6	0		97.339634000
6	0		97.408930000
6	0		97.502109000
6	0		97.595293000
6	0		97.688309000
6	0		97.688335000
6	0		97.688354000
6	0		97.689390000
6	0		97.689465000
6	0		97.781732000
6	0		97.873938000
6	0		97.873972000
6	0		97.875767000
6	0		97.967036000
6	0		97.967063000
6	0		97.968343000
6	0		98.153755000
6	0		98.246066000
6	0		98.339231000
6	0		98.432483000
6	0		98.525675000
6	0		98.618678000
6	0		98.618707000
6	39		98.618712000
6	131		98.618734000
6	0		98.620211000
6	0		98.684548000
6	0		98.707639000
6	1418		98.710928000
6	563		98.710950000
6	0		98.710963000
6	0		98.710968000
6	0		98.711939000
6	0		98.711953000
6	0		98.712413000
6	0		98.804656000
6	0		98.804661000
6	0		98.804668000
6	0		98.804672000
6	517		98.804677000
6	517		98.804681000
6	0		98.805722000
6	0		98.805755000
6	2836		98.806790000
6	1854		98.806818000
6	2836		98.807114000
6	1418		98.807123000
6	436		98.807144000
6	517		98.896862000
6	517		98.896895000
6	0		98.897889000
6	0		98.898316000
6	2836		98.898447000
6	1696		98.898490000
6	2836		98.899039000
6	1696		98.899060000
6	72		99.051932000
6	1418		99.052481000
6	1418		99.075542000
6	1418		99.098571000
6	189		99.121604000
6	0		99.269288000
6	0		99.270595000
6	0		99.641838000
6	0		99.641845000
6	0		99.641850000
6	0		99.641855000
6	0		99.724488000
6	0		99.734265000
6	0		99.734295000
6	0		99.735594000
6	0		99.735629000
6	0		99.915989000
6	0		99.920236000
6	0		99.920261000
6	0		99.921551000
6	0		99.921568000
6	280		100.664648000
6	0		100.671314000
6	1374		100.756833000
6	0		100.758325000
6	68		100.764442000
6	93		100.764956000
17		1358	101.408332000
17		1358	101.411319000
17		1358	101.411422000
17		1358	101.411430000
17		1096	101.411434000
6	67		101.501631000
6	1031		101.501668000
6	0		101.501689000
6	0		101.501699000
6	0		101.502763000
6	0		101.502786000
6	0		101.594092000
6	517		101.594114000
6	0		101.595440000
6	2836		101.596253000
6	2836		101.596268000
6	1820		101.596329000
6	232		101.660725000
6	295		101.669532000
6	0		101.686829000
6	517		101.686837000
6	0		101.688218000
6	2836		101.689045000
6	1418		101.689074000
6	153		101.689109000
6	123		101.691648000
17		1358	101.711124000
17		1358	101.780052000
17		1358	101.781641000
6	0		101.873144000
6	0		101.873149000
6	0		101.873156000
6	517		101.873161000
6	0		101.873166000
6	0		101.874632000
6	2836		101.875347000
6	1572		101.875375000
6	0		101.966367000
6	0		101.971335000
6	0		102.059245000
6	0		102.059272000
6	0		102.059277000
6	0		102.059282000
6	0		102.059286000
6	517		102.059291000
6	0		102.060718000
6	2836		102.061484000
6	1418		102.061520000
6	1418		102.061564000
6	1820		102.061588000
6	0		102.152556000
6	0		102.152563000
6	0		102.152577000
6	0		102.152584000
6	0		102.152592000
6	0		102.153150000
6	0		102.153165000
6	0		102.153401000
17		1358	102.245471000
17		1358	102.247080000
6	0		102.431626000
6	0		102.453867000
6	0		102.453906000
6	0		102.453943000
6	0		102.524012000
6	0		102.617309000
6	0		102.710499000
6	74		102.710524000
6	934		102.711796000
6	0		102.803126000
17		1358	102.847273000
6	0		102.896322000
6	0		102.896349000
6	0		102.989203000
6	74		102.989229000
6	934		102.990539000
6	0		103.082257000
6	0		103.082284000
6	0		103.082292000
6	0		103.082298000
6	0		103.082859000
6	0		103.082881000
6	0		103.082885000
6	0		103.174982000
6	0		103.268328000
6	0		103.268352000
6	64		103.268357000
6	92		103.268362000
6	608		103.270131000
6	31		103.270154000
6	0		103.361427000
6	0		103.453918000
17		1358	103.453947000
17		1358	103.455504000
6	0		103.547132000
6	0		103.547157000
6	64		103.547163000
6	608		103.549072000
6	0		103.640078000
6	0		103.733489000
6	0		103.826299000
6	0		103.919357000
6	0		103.919383000
6	39		103.919388000
6	0		103.926238000
6	0		104.105817000
6	0		104.105825000
6	0		104.198088000
6	0		104.198114000
6	0		104.198119000
17		1358	104.291425000
17		49	104.384203000
17		173	104.477029000
17		630	104.478830000
17		34	104.504431000
17		101	104.518285000
6	0		104.570352000
6	0		104.663698000
6	0		104.755922000
6	0		104.849206000
6	0		104.942397000
6	0		105.035124000
6	0		105.035162000
6	64		105.035173000
6	92		105.035181000
6	608		105.036948000
6	31		105.036970000
6	0		105.101903000
6	0		105.101946000
6	0		105.101995000
6	0		105.128323000
6	0		105.128358000
6	0		105.128367000
6	0		105.128374000
6	0		105.128944000
6	0		105.128971000
6	0		105.128974000
6	0		105.221239000
6	0		105.314630000
6	0		105.314656000
6	39		105.314662000
6	74		105.314668000
6	92		105.314673000
6	0		105.315832000
6	0		105.316484000
6	862		105.316521000
6	31		105.316540000
17		169	105.406864000
17		33	105.408404000
17		171	105.500099000
17		35	105.501618000
6	0		105.592924000
6	0		105.686114000
6	0		105.779375000
6	0		105.779406000
6	0		105.779415000
6	74		105.779421000
6	0		105.786300000
6	0		105.872589000
6	0		105.965769000
6	0		106.057974000
6	0		106.151161000
6	0		106.244453000
6	0		106.337089000
6	0		106.337118000
6	0		106.337126000
6	0		106.337131000
6	64		106.337139000
6	517		106.337145000
6	517		106.337151000
6	0		106.337710000
6	0		106.337728000
6	608		106.338761000
6	2792		106.338943000
6	2387		106.338995000
6	2792		106.339475000
6	1396		106.339511000
6	991		106.339528000
6	517		106.430256000
6	0		106.430300000
17		173	106.430312000
6	0		106.430322000
6	0		106.430839000
17		37	106.431872000
6	2792		106.432192000
6	2387		106.432255000
6	0		106.437399000
6	0		106.439181000
6	0		106.522964000
6	0		106.522971000
6	0		106.522976000
17		175	106.616243000
6	0		106.616283000
17		39	106.617766000
6	0		106.709121000
6	0		106.739350000
6	0		106.740301000
6	499		106.802569000
6	31		106.802602000
6	0		106.804063000
6	572		106.805002000
6	60		106.805021000
6	39		106.805090000
17		177	106.895317000
6	0		106.895359000
17		41	106.896854000
6	603		107.266953000
6	0		107.266985000
6	0		107.266996000
6	0		107.267005000
6	522		107.267014000
17		41	107.267030000
6	639		107.269175000
6	1418		107.269201000
6	2836		107.269209000
6	412		107.269298000
6	1418		107.269308000
17		41	107.360263000
6	31		107.360288000
6	0		107.360296000
6	31		107.360300000
6	0		107.360306000
6	931		107.362863000
6	0		107.367363000
6	1418		107.378223000
6	39		107.424318000
6	0		107.453246000
6	0		107.453274000
6	0		107.462116000
6	1418		107.487372000
6	0		107.545900000
6	0		107.596537000
6	1418		107.596585000
6	0		107.639099000
6	1418		107.705681000
6	0		107.732286000
6	0		107.732319000
6	64		107.732330000
6	0		107.737970000
6	1418		107.814800000
6	1396		107.825191000
6	0		107.825220000
6	0		107.825845000
6	0		107.917996000
6	1418		107.923982000
6	0		108.011342000
6	0		108.011369000
6	0		108.012735000
6	1303		108.033098000
6	0		108.104030000
6	64		108.104054000
6	0		108.110020000
6	1396		108.197241000
6	0		108.197276000
6	0		108.197895000
6	0		108.290180000
6	0		108.383357000
6	0		108.476230000
6	0		108.476269000
6	0		108.476279000
6	64		108.476284000
6	517		108.476290000
6	517		108.476297000
6	0		108.481927000
6	0		108.483434000
6	0		108.485128000
6	2792		108.485758000
6	2386		108.485786000
6	2792		108.486579000
6	2386		108.486608000
6	0		108.848282000
6	0		108.848295000
6	0		109.033869000
6	39		109.033876000
6	0		109.040564000
6	0		109.498979000
6	0		109.500613000
6	0		109.778307000
6	0		109.778338000
6	0		109.779559000
6	0		109.871289000
6	0		109.964074000
6	0		110.057269000
6	0		110.057291000
6	0		110.150460000
6	0		110.429074000
6	0		110.429120000
6	0		110.522734000
6	0		110.614903000
6	0		110.614909000
6	39		110.614915000
6	0		110.621180000
6	0		110.801583000
6	0		110.987113000
6	97		111.173664000
6	0		111.175159000
6	106		111.176129000
6	1418		111.177021000
6	1418		111.200084000
6	1418		111.223188000
6	1418		111.246161000
6	0		111.266388000
6	1418		111.269173000
6	821		111.292223000
6	412		111.359556000
6	0		111.360155000
6	2792		111.382882000
6	2792		111.382929000
6	2792		111.382974000
6	1396		111.398053000
6	1396		111.413077000
6	1396		111.428081000
6	1396		111.443132000
6	1396		111.458148000
6	1396		111.473179000
6	1396		111.488203000
6	1396		111.503248000
6	1396		111.518261000
6	1396		111.533279000
6	0		111.545267000
6	1396		111.548306000
6	1396		111.563340000
6	1396		111.578392000
6	1396		111.593427000
6	1396		111.608435000
6	1396		111.623473000
6	1396		111.638499000
6	1396		111.653513000
6	1396		111.668550000
6	1396		111.683570000
6	1396		111.698605000
6	1396		111.713642000
6	1396		111.728651000
6	1396		111.743672000
6	1396		111.758696000
6	1396		111.773720000
6	1396		111.788751000
6	1396		111.803774000
6	1396		111.818801000
6	296		111.824282000
6	0		111.824310000
6	39		111.824314000
6	98		111.824322000
6	0		111.824859000
6	106		111.827052000
6	1418		111.827913000
6	0		111.830179000
6	1396		111.833820000
6	1396		111.848856000
6	1418		111.850931000
6	1396		111.863928000
6	2792		111.866677000
6	2792		111.866724000
6	2792		111.866751000
6	1418		111.873973000
6	1396		111.878915000
6	0		111.879090000
6	1396		111.882446000
6	1396		111.893956000
6	1418		111.897007000
6	1396		111.898130000
6	1396		111.908967000
6	1396		111.913769000
6	1418		111.920049000
6	1396		111.924003000
6	1396		111.929422000
6	1396		111.939032000
6	1418		111.943091000
6	1396		111.945105000
6	1396		111.954041000
6	1396		111.960783000
6	1418		111.966120000
6	1396		111.969082000
6	1396		111.976425000
6	1418		111.989159000
6	1396		111.992084000
6	1396		112.007778000
6	0		112.010042000
6	1418		112.012179000
6	1396		112.023417000
6	1418		112.035207000
6	1396		112.039065000
6	1396		112.054759000
6	1418		112.058264000
6	1396		112.070380000
6	1418		112.081267000
6	1396		112.086041000
6	1396		112.101705000
6	0		112.103047000
6	1418		112.104320000
6	1396		112.117409000
6	1418		112.127398000
6	1396		112.133029000
6	1396		112.148697000
6	1418		112.150364000
6	1396		112.164341000
6	1418		112.173425000
6	1396		112.180017000
6	1396		112.195712000
6	0		112.195936000
6	0		112.195955000
6	64		112.195960000
6	1418		112.196434000
6	0		112.208285000
6	1396		112.211347000
6	1418		112.219533000
6	1396		112.227078000
6	1418		112.242527000
6	1396		112.242650000
6	1396		112.258341000
6	1418		112.265567000
6	1396		112.274013000
6	1418		112.288600000
6	0		112.288803000
6	1396		112.289641000
6	1396		112.305378000
6	1418		112.311674000
6	1396		112.320990000
6	1418		112.334661000
6	1396		112.336644000
6	1396		112.352298000
6	1418		112.357686000
6	1396		112.367988000
6	1418		112.380717000
6	0		112.382017000
6	1396		112.383603000
6	1396		112.399291000
6	1418		112.403737000
6	1396		112.414951000
6	1418		112.426787000
6	1396		112.430604000
6	1396		112.446271000
6	146		112.449816000
6	1396		112.461924000
6	0		112.475274000
6	1396		112.477620000
6	0		112.567942000
6	64		112.567967000
6	0		112.582364000
6	1396		113.126031000
6	426		113.126058000
6	0		113.133129000
6	0		113.133166000
6	2792		113.163255000
6	2792		113.163309000
6	2582		113.163316000
6	1396		113.218915000
6	312		113.218947000
6	0		113.218957000
6	0		113.218963000
6	0		113.225072000
6	0		113.225101000
6	0		113.227755000
6	0		113.227776000
6	1396		113.254707000
6	2792		113.254749000
6	1691		113.254792000
6	130		113.869900000
6	642		113.869926000
6	0		113.871839000
6	68		113.877361000
6	93		113.877888000
17		1183	114.986545000
17		45	114.987883000
17		517	115.148893000
17		203	115.148935000
17		205	115.148954000
6	0		116.008969000
6	0		116.102165000
6	0		116.195369000
6	0		116.288549000
6	0		116.288574000
6	0		116.381725000
6	0		116.474672000
6	39		116.474699000
6	0		116.481361000
6	312		117.497345000
6	0		117.506341000
6	426		117.683330000
6	0		117.690834000
6	1396		118.413571000
17		1183	118.799261000
17		43	118.800357000
6	1396		118.926134000
6	1186		119.075142000
6	295		119.075648000
17		33	119.509885000
6	0		119.603112000
6	0		119.603168000
6	0		119.791339000
6	0		119.852917000
6	0		120.039251000
6	0		120.535690000
6	0		120.597314000
6	0		120.783529000
6	0		120.969104000
6	0		121.217742000
6	0		121.465474000
6	0		121.650964000
6	0		121.837477000
6	0		121.961771000
6	0		122.146769000
6	0		122.271705000
6	0		122.457183000
6	0		122.581521000
6	0		122.767009000
6	0		122.829193000
6	0		123.015625000
6	0		123.138910000
6	0		123.263278000
6	0		123.449814000
6	0		123.573103000
6	0		123.759582000
6	0		123.882963000
6	0		124.069616000
6	64		124.131350000
6	0		124.140208000
6	0		124.192830000
6	0		124.378977000
6	0		124.503301000
6	0		124.626898000
6	0		125.123043000
6	0		125.124369000
6	0		125.247210000
6	0		125.309391000
6	0		125.371019000
6	0		125.433181000
6	0		125.495485000
6	0		125.495509000
6	100		125.495516000
6	106		125.495523000
6	0		125.497169000
6	105		125.497906000
6	1418		125.498827000
6	1418		125.521915000
6	1418		125.544956000
17		1358	125.557678000
6	1418		125.567969000
17		1358	125.569972000
17		1358	125.570007000
17		1358	125.570012000
17		1358	125.570016000
17		204	125.570020000
6	1418		125.591008000
6	1418		125.614023000
17		1358	125.619307000
6	0		125.619344000
6	0		125.619366000
17		1358	125.622930000
17		1358	125.622957000
17		1358	125.622962000
17		1358	125.622966000
17		201	125.622970000
6	1418		125.637063000
6	1418		125.660115000
6	1418		125.683140000
6	1418		125.706199000
6	1418		125.729215000
6	0		125.743598000
6	1418		125.752257000
6	1418		125.775259000
6	1418		125.798305000
17		1358	125.805282000
6	0		125.805314000
6	0		125.806727000
17		1358	125.816477000
6	1418		125.821338000
6	1418		125.844376000
6	1418		125.867392000
6	1396		125.867581000
6	0		125.875039000
6	1418		125.890445000
6	1418		125.913475000
17		1358	125.923308000
6	424		125.929788000
6	548		125.936496000
6	0		125.937215000
6	1396		125.980871000
6	1396		125.987640000
17		1358	125.991121000
17		1358	125.993140000
6	1396		126.001189000
6	1396		126.014745000
6	1396		126.028359000
6	1186		126.041933000
6	1396		126.053371000
6	409		126.053398000
6	0		126.053404000
6	0		126.053410000
6	0		126.053439000
6	0		126.054343000
6	1396		126.076678000
6	2792		126.076724000
6	1042		126.076737000
17		1358	126.116922000
6	0		126.177729000
17		43	126.177735000
17		41	126.177741000
17		33	126.178848000
6	1396		126.238901000
6	316		126.238934000
6	0		126.247823000
6	0		126.247862000
6	1396		126.248966000
6	1396		126.263723000
6	1396		126.279686000
6	1396		126.295709000
6	0		126.301017000
6	1396		126.311613000
6	1396		126.327576000
6	1396		126.343602000
6	1396		126.359454000
6	0		126.363198000
6	0		126.363226000
17		1358	126.363239000
17		1358	126.374289000
6	1396		126.375433000
6	1396		126.391387000
6	1396		126.407386000
6	1396		126.423314000
17		1358	126.425677000
6	0		126.425705000
17		1358	126.426869000
6	1396		126.439326000
6	1396		126.455253000
6	1396		126.471156000
17		41	126.486839000
6	131		126.486886000
6	664		126.486891000
6	1396		126.487141000
6	0		126.488579000
6	68		126.497920000
6	93		126.498438000
6	1396		126.503109000
6	1396		126.519082000
6	1396		126.535095000
6	1396		126.550982000
6	1396		126.566947000
6	1396		126.582955000
6	1396		126.598865000
6	1396		126.614821000
6	1396		126.630760000
6	1396		126.646755000
6	1396		126.662712000
6	1396		126.678698000
6	1396		126.694632000
6	1396		126.710576000
6	1396		126.726512000
6	1396		126.742488000
6	1396		126.758636000
6	1396		126.774489000
6	1396		126.790430000
6	1396		126.806329000
6	1396		126.822294000
6	1396		126.838242000
6	1396		126.854209000
6	1396		126.870230000
6	1396		126.886165000
6	1396		126.902131000
6	1396		126.918089000
6	1396		126.933985000
6	1396		126.949949000
17		1358	126.976114000
17		1358	127.028039000
6	0		127.107366000
6	0		127.169457000
6	0		127.230911000
6	0		127.293101000
6	0		127.355463000
17		1358	127.417107000
17		49	127.479365000
17		49	127.541270000
17		170	127.603022000
17		538	127.614352000
17		102	127.636065000
17		1358	127.665173000
6	0		127.665204000
17		1358	127.667537000
6	0		127.727616000
6	39		127.727649000
6	0		127.734388000
17		1358	127.788887000
17		49	127.850925000
17		49	127.913784000
17		173	127.974949000
17		538	127.975761000
17		33	128.001534000
17		96	128.001576000
6	0		128.037288000
6	0		128.160906000
6	0		128.223121000
6	0		128.285256000
6	0		128.347405000
6	0		128.409571000
6	0		128.471723000
6	0		128.533066000
17		166	128.595246000
17		34	128.607574000
6	0		128.657360000
6	0		128.719060000
6	0		128.781095000
6	0		128.843255000
6	0		128.904877000
6	0		128.967523000
17		170	128.967555000
17		34	128.968656000
17		1358	129.029314000
6	0		129.029357000
17		1358	129.032121000
17		1358	129.032156000
17		286	129.032163000
17		1358	129.032169000
17		1358	129.032174000
6	0		129.091126000
17		172	129.153276000
17		36	129.154411000
6	0		129.214919000
6	0		129.277428000
17		1358	129.277452000
17		1358	129.278979000
6	137		129.339392000
6	39		129.339415000
6	0		129.339420000
6	0		129.340790000
6	0		129.340815000
6	39		129.340865000
6	104		129.343248000
6	1418		129.350113000
6	0		129.401547000
6	1418		129.443696000
6	0		129.525147000
6	1418		129.537263000
17		1358	129.579228000
6	0		129.587314000
6	1418		129.630819000
6	0		129.649095000
6	0		129.711255000
6	1418		129.724399000
6	1418		129.818013000
17		168	129.835178000
17		36	129.849434000
17		1358	129.897552000
17		1358	129.899052000
6	1418		129.911577000
6	1418		130.005242000
6	0		130.021257000
6	0		130.022328000
6	0		130.083085000
6	1396		130.091951000
6	1418		130.098655000
6	0		130.144911000
6	0		130.144936000
6	1396		130.153773000
6	1095		130.161706000
6	1418		130.192234000
6	0		130.207312000
6	1418		130.285793000
6	0		130.331136000
6	1354		130.379387000
6	0		130.393324000
6	0		130.454916000
17		1358	130.499100000
17		1358	130.513228000
6	0		130.578832000
17		170	130.640909000
17		38	130.652842000
6	0		130.702882000
6	0		130.765216000
6	0		130.827438000
6	0		130.951745000
17		174	131.013075000
17		38	131.014756000
6	0		131.075029000
17		1358	131.075056000
17		1358	131.076541000
6	0		131.137210000
6	0		131.261176000
6	0		131.322998000
6	0		131.323022000
17		1358	131.344026000
6	0		131.385184000
6	0		131.447669000
6	0		131.571003000
6	0		131.633158000
6	0		131.695316000
6	0		131.819682000
6	0		131.880835000
6	0		131.943007000
6	0		132.067348000
6	0		132.129532000
6	0		132.191280000
17		1358	132.277453000
6	0		132.315251000
6	0		132.439288000
6	0		132.563175000
6	0		132.687517000
6	0		132.873018000
17		1358	132.935240000
6	0		132.997294000
6	0		133.121622000
6	0		133.307130000
6	0		133.431437000
6	0		133.617130000
17		172	133.741506000
17		40	133.753765000
17		176	133.865187000
17		40	133.866875000
17		41	134.609241000
17		41	134.609274000
17		178	134.732801000
17		41	134.733470000
17		41	134.919579000
17		41	134.919586000
6	0		135.662988000
6	0		135.662998000
6	0		135.663007000
6	0		135.663014000
6	0		135.663987000
6	0		135.664202000
6	0		135.664424000
6	0		135.664736000
6	0		135.725011000
6	0		135.726067000
1,17		1358	135.787530000
1,17		1358	135.849457000
1,17		286	135.849481000
1,17		1358	135.911183000
6	0		135.968965000
6	0		135.970283000
6	0		135.972097000
6	0		135.972162000
1,17		1358	135.973298000
6	0		136.028932000
1,17		1358	136.407126000
6	0		136.469448000
6	0		136.531477000
6	0		136.654979000
6	0		136.654985000
6	0		136.654992000
6	0		136.654998000
6	0		136.656109000
6	0		136.656211000
6	0		136.656316000
6	0		136.656411000
6	0		136.717213000
17		1266	136.717240000
6	0		136.717250000
6	0		136.718530000
17		43	136.727223000
17		1358	136.729517000
17		1358	136.783794000
17		1358	136.837973000
17		777	136.891966000
6	0		136.903287000
1,17		1358	137.026860000
6	0		137.089004000
6	0		137.151671000
6	0		137.337260000
6	0		137.460883000
6	0		137.647354000
6	0		137.771397000
6	0		137.833622000
6	0		137.895045000
17		1335	137.895079000
17		45	137.895814000
17		684	137.927354000
6	0		137.956858000
17		1358	137.960054000
6	0		138.019336000
17		1358	138.023474000
6	0		138.080957000
6	39		138.080989000
17		1358	138.086465000
6	0		138.087083000
1,17		1358	138.142842000
17		1358	138.149496000
17		43	138.205270000
17		1358	138.211923000
17		1358	138.273762000
17		1358	138.336342000
17		1358	138.399783000
17		1358	138.461953000
17		1358	138.525013000
17		43	138.577719000
6	0		138.639423000
6	0		138.639430000
6	0		138.639435000
6	0		138.639439000
6	0		138.640538000
6	0		138.640879000
6	0		138.641050000
6	0		138.641081000
6	0		138.763271000
6	0		138.764747000
6	0		139.507194000
6	0		139.507203000
6	0		139.507208000
6	0		139.507214000
6	517		139.507221000
6	517		139.507226000
6	0		139.508681000
6	0		139.508921000
6	2836		139.509421000
6	1418		139.509463000
6	496		139.509484000
6	2836		139.510075000
6	1914		139.510104000
6	517		139.569068000
6	517		139.569098000
6	0		139.570169000
6	0		139.570646000
6	2836		139.571294000
6	1914		139.571330000
6	2836		139.571716000
6	1914		139.571762000
6	0		139.631330000
6	517		139.631336000
6	0		139.632878000
6	2836		139.634029000
6	1914		139.634070000
6	0		139.940988000
6	0		139.940994000
6	0		139.941001000
6	0		139.941007000
6	0		140.065282000
6	0		140.251244000
6	0		140.252256000
6	0		140.871237000
6	0		140.871246000
6	0		140.871251000
6	0		140.871256000
6	0		140.932871000
17		41	140.995064000
17		45	141.056973000
17		33	141.092542000
17		42	141.181616000
17		42	141.305539000
17		42	141.429174000
17		41	141.865107000
17		45	141.925542000
17		42	141.925586000
17		33	141.951512000
17		42	141.987403000
17		42	142.049641000
17		42	142.110959000
17		42	142.172821000
17		42	142.235007000
17		1358	142.235780000
17		42	142.297427000
17		1358	142.299017000
17		42	142.358835000
17		1358	142.362795000
17		42	142.421076000
17		1358	142.426063000
6	0		142.483199000
6	0		142.483237000
6	0		142.483252000
6	0		142.483263000
17		42	142.483275000
17		1358	142.490014000
6	0		142.607496000
6	0		143.722945000
6	0		143.785228000
6	0		143.847515000
6	0		143.847544000
6	64		143.847552000
6	92		143.847557000
6	0		143.847563000
6	0		143.847570000
6	0		143.847577000
6	0		143.848651000
6	0		143.848815000
6	0		143.848868000
6	608		143.849258000
6	31		143.849275000
6	0		144.653627000
6	0		144.714801000
6	0		144.777018000
6	0		144.777062000
6	64		144.777070000
6	608		144.778412000
17		904	146.885142000
17		35	146.895028000
17		177	146.896608000
17		1354	146.896634000
17		1358	146.896639000
17		1358	146.896643000
17		148	146.896647000
17		33	146.896652000
17		1358	147.505513000
17		87	147.505547000
17		1358	147.508552000
17		630	147.508582000
17		34	147.533451000
17		396	147.567343000
17		41	147.567372000
17		1358	147.569019000
17		35	147.569500000
17		1354	147.570109000
17		1358	147.570162000
17		1358	147.570167000
17		1358	147.570171000
17		1358	147.570175000
17		1358	147.570179000
17		1358	147.580327000
17		1358	147.591224000
17		1358	147.600474000
17		1358	147.610459000
17		1358	147.620900000
17		41	147.629241000
17		1358	147.630373000
17		1358	147.630938000
17		1358	147.640465000
17		1358	147.651271000
17		1358	147.661250000
17		1358	147.670470000
17		1358	147.680491000
17		1358	147.691107000
17		41	147.691108000
17		1358	147.695245000
17		1358	147.700656000
17		1358	147.711166000
17		1358	147.721410000
17		1358	147.731252000
17		1358	147.740695000
17		1358	147.751220000
17		41	147.753096000
17		1358	147.757667000
17		1358	147.760495000
17		1358	147.771215000
17		1358	147.780630000
17		1358	147.790936000
17		1358	147.801535000
17		1358	147.811064000
17		1358	147.820098000
17		1358	147.820805000
17		1358	147.830764000
17		1358	147.840743000
17		1358	147.850805000
6	131		147.877069000
6	39		147.877078000
6	785		147.877085000
6	0		147.878697000
6	0		147.878727000
6	0		147.878731000
6	39		147.878734000
17		1358	147.883203000
6	68		147.885380000
6	93		147.885914000
6	39		147.887430000
17		1358	147.946414000
17		1358	148.008194000
17		1358	148.070972000
17		1358	148.133165000
17		1358	148.195813000
17		1358	148.258998000
17		1358	148.321973000
17		1358	148.383605000
17		1358	148.446774000
17		1358	148.508512000
17		1284	148.572450000
6	0		149.179193000
6	0		149.180571000
6	0		149.984827000
6	0		149.984835000
6	0		149.984839000
6	826		149.984845000
6	31		149.984850000
6	0		149.986284000
6	534		149.987137000
6	1418		149.987159000
6	2836		149.987166000
17		43	150.047264000
6	0		150.047321000
17		33	150.082816000
6	1418		150.100343000
17		41	150.109556000
17		41	150.171568000
6	1418		150.213486000
17		41	150.233552000
17		41	150.233577000
17		86	150.295381000
17		41	150.295408000
17		101	150.297444000
17		1358	150.303696000
6	1418		150.326770000
17		41	150.357008000
17		41	150.357037000
17		1358	150.384500000
17		43	150.419643000
17		33	150.421650000
6	1418		150.439803000
17		1358	150.464673000
17		41	150.481491000
17		41	150.543382000
17		1358	150.545477000
6	1418		150.552956000
17		41	150.604907000
17		1358	150.626894000
6	1418		150.666119000
17		41	150.666817000
17		1358	150.706515000
17		41	150.729027000
6	1418		150.779279000
17		1358	150.788005000
17		41	150.790915000
17		41	150.853730000
17		1358	150.867779000
6	1418		150.892438000
17		41	150.915229000
17		1358	150.948974000
17		41	150.977381000
6	1418		151.005598000
17		1358	151.029608000
17		41	151.039368000
17		41	151.100830000
17		1358	151.109862000
6	1418		151.118728000
17		41	151.163679000
17		1358	151.190060000
17		41	151.225102000
6	1418		151.231911000
17		1358	151.270679000
17		41	151.287470000
6	1418		151.345088000
17		41	151.349662000
17		1358	151.351681000
17		41	151.411201000
17		1358	151.432298000
6	1418		151.458241000
17		41	151.474015000
17		1358	151.508698000
17		41	151.535210000
17		41	151.535245000
6	1418		151.571393000
17		1358	151.582666000
17		41	151.597641000
17		1358	151.653011000
17		41	151.659579000
6	1418		151.684550000
17		45	151.721144000
17		1358	151.721241000
17		34	151.748666000
6	0		151.783584000
6	0		151.783609000
17		41	151.783616000
6	0		151.784943000
6	0		151.784970000
17		1358	151.787270000
6	1418		151.797700000
17		41	151.845594000
17		1358	151.849907000
17		41	151.907498000
17		1358	151.911270000
17		41	151.968904000
17		1358	151.970939000
6	0		152.031572000
17		41	152.031599000
17		1358	152.032345000
6	0		152.033751000
17		1358	152.092403000
17		41	152.092852000
17		1358	152.150677000
17		41	152.155201000
17		1358	152.208561000
17		41	152.217357000
17		1358	152.264920000
17		41	152.279587000
17		1358	152.317451000
17		41	152.340835000
17		1358	152.370728000
17		41	152.403395000
17		1358	152.423549000
17		41	152.464805000
17		280	152.475367000
6	0		152.527608000
6	0		152.527640000
6	0		152.527648000
17		41	152.527655000
6	0		152.528822000
6	0		152.529026000
6	0		152.589118000
6	0		152.589145000
6	0		152.589151000
6	39		152.589156000
17		45	152.589162000
6	0		152.596213000
17		33	152.615752000
17		41	152.651099000
17		41	152.713089000
17		41	152.775486000
17		41	152.836785000
17		41	152.899515000
17		41	152.961482000
17		41	153.023550000
17		41	153.084809000
17		41	153.146970000
17		41	153.209295000
17		896	153.209323000
17		33	153.210158000
17		1358	153.210927000
17		1358	153.210946000
17		1358	153.210951000
17		1358	153.210956000
17		1358	153.210960000
17		1358	153.210964000
17		1358	153.210968000
17		1358	153.210972000
17		1358	153.210976000
17		1358	153.210979000
17		1358	153.210983000
17		1358	153.274889000
17		1358	153.337305000
17		1358	153.399742000
17		1358	153.461556000
17		1358	153.525206000
17		1358	153.587865000
17		1358	153.649915000
17		1358	153.713212000
17		1358	153.775389000
17		1358	153.838966000
17		1358	153.900824000
17		1358	153.963877000
17		1358	154.025659000
17		1358	154.088349000
17		1358	154.151036000
17		1358	154.214040000
17		1358	154.276622000
17		1358	154.339067000
17		1358	154.401077000
17		1358	154.463955000
17		1358	154.527415000
17		1358	154.589280000
17		114	154.634768000
17		36	154.636792000
17		1358	154.651846000
17		1358	154.714771000
17		1358	154.777336000
17		1358	154.839727000
6	0		154.883166000
6	1418		154.884237000
17		1358	154.903469000
6	1418		154.940815000
6	0		154.945280000
17		1358	154.964996000
6	0		155.007315000
17		1358	155.027978000
6	1418		155.053961000
6	0		155.069491000
17		1358	155.090317000
17		1358	155.152556000
6	1418		155.167132000
6	0		155.192998000
17		1358	155.215652000
6	0		155.254940000
17		41	155.254974000
17		1358	155.278821000
6	1418		155.280265000
17		41	155.317016000
17		1358	155.341187000
6	0		155.379187000
6	39		155.379218000
6	1418		155.393433000
17		1358	155.403082000
17		41	155.441282000
17		1358	155.467346000
6	0		155.503291000
6	1418		155.506601000
17		1358	155.527939000
17		41	155.565517000
17		1358	155.591778000
6	0		155.619836000
6	1418		155.619879000
17		41	155.627255000
17		677	155.654226000
6	0		155.689204000
6	1418		155.732945000
17		41	155.750834000
6	1418		155.846080000
6	0		155.875144000
17		41	155.875175000
6	1418		155.959216000
17		41	155.999525000
17		41	156.061365000
6	1418		156.072384000
6	0		156.122816000
17		41	156.184942000
6	1418		156.185548000
6	1418		156.298716000
17		41	156.309124000
6	0		156.371465000
6	1418		156.411878000
17		41	156.433350000
6	1418		156.525036000
17		41	156.557526000
6	0		156.619822000
6	1418		156.638248000
17		41	156.681381000
17		41	156.743269000
6	1418		156.751364000
6	1418		156.864508000
17		41	156.867256000
6	0		156.867284000
6	0		156.868568000
6	0		156.929027000
6	1418		156.977658000
17		41	156.991656000
17		41	157.053240000
6	1418		157.090825000
17		41	157.176822000
6	1418		157.203992000
17		45	157.239004000
17		35	157.266070000
6	0		157.301346000
6	1418		157.317140000
17		41	157.363163000
17		41	157.425113000
6	1418		157.430314000
17		41	157.487662000
6	1418		157.543490000
17		41	157.549294000
17		41	157.611617000
6	1418		157.656630000
17		41	157.673650000
17		41	157.735721000
6	1418		157.769990000
17		41	157.796832000
17		41	157.858976000
6	1418		157.882953000
17		41	157.921699000
17		222	157.921724000
17		35	157.923860000
17		34	157.923907000
17		1354	157.924206000
17		1358	157.924234000
17		1358	157.924254000
17		1358	157.924264000
17		1358	157.924271000
17		1358	157.924276000
17		1358	157.924284000
17		1358	157.924289000
17		1358	157.924294000
17		1358	157.924303000
17		1358	157.973752000
17		44	157.982982000
6	1418		157.996119000
17		33	158.009259000
17		1358	158.022041000
17		41	158.045054000
17		1358	158.070864000
17		41	158.106982000
6	1418		158.109258000
17		1358	158.120727000
17		1358	158.168728000
17		41	158.169907000
17		464	158.218202000
6	1418		158.222553000
17		41	158.231355000
17		41	158.293392000
6	1418		158.335588000
17		41	158.355417000
17		41	158.417303000
6	0		158.417333000
6	0		158.418768000
6	1418		158.448757000
17		41	158.479389000
17		41	158.541174000
6	1418		158.561928000
17		41	158.603280000
6	1418		158.675081000
17		41	158.727429000
6	1418		158.788236000
6	1418		158.901401000
17		41	158.914003000
6	1418		159.014599000
6	1418		159.127771000
17		41	159.161012000
6	1418		159.240875000
17		41	159.347146000
6	0		159.409297000
6	0		159.410902000
17		41	159.533111000
17		41	159.780878000
17		41	159.905086000
17		41	160.090894000
6	0		160.215236000
6	0		160.216455000
17		41	160.339547000
17		46	160.524995000
17		33	160.551173000
17		41	160.711487000
17		41	160.959046000
17		41	161.145583000
17		41	161.331155000
17		41	161.517448000
17		41	161.702930000
17		41	161.889417000
17		41	162.136969000
17		41	162.323536000
17		41	162.571109000
17		41	162.757422000
17		41	162.942940000
17		41	163.067300000
17		41	163.315061000
17		41	163.501484000
17		41	163.811164000
6	0		163.935692000
17		41	164.058988000
17		41	164.245204000
6	39		164.307251000
6	0		164.308349000
6	0		164.369779000
17		41	164.554858000
6	0		164.740832000
17		46	164.740862000
17		33	164.766782000
6	131		164.803049000
6	39		164.803074000
6	0		164.804574000
6	0		164.804607000
6	39		164.804657000
6	1384		164.865289000
6	0		164.872137000
6	68		164.872417000
6	93		164.873198000
6	39		164.874726000
17		41	164.926973000
17		41	165.175245000
6	0		165.237912000
17		41	165.422871000
6	0		165.609620000
17		41	165.671353000
17		41	165.795428000
17		37	165.797413000
17		41	165.919223000
6	0		166.042807000
17		41	166.167386000
17		816	166.229250000
17		36	166.229911000
17		156	166.252532000
17		1358	166.260376000
17		34	166.306474000
17		1358	166.323294000
17		41	166.352887000
17		1358	166.386929000
17		1358	166.449064000
6	0		166.477503000
17		41	166.601443000
17		1358	166.603147000
6	0		166.787726000
6	0		166.849853000
6	0		166.851505000
6	0		167.159749000
6	0		167.469395000
6	0		167.779240000
6	0		168.089734000
6	0		168.336869000
6	0		168.399134000
6	0		168.461283000
6	0		168.523452000
6	0		168.585635000
6	0		168.646808000
6	0		168.708917000
6	0		168.771085000
6	0		168.833256000
6	0		168.895368000
6	0		168.957515000
6	0		169.019704000
6	0		169.080909000
6	0		169.142998000
6	0		169.204866000
17		41	169.204894000
6	1418		169.205930000
17		44	169.267477000
17		35	169.269418000
17		41	169.329896000
17		41	169.391493000
17		41	169.453457000
17		41	169.515559000
17		41	169.577657000
17		41	169.638979000
17		41	169.700952000
17		41	169.763074000
17		41	169.824902000
6	0		169.887041000
6	1418		169.888149000
17		41	169.949633000
17		41	170.011238000
6	0		170.073776000
6	1418		170.074871000
17		41	170.135641000
17		41	170.196807000
6	0		170.259475000
6	1418		170.260549000
6	0		170.321629000
6	1418		170.322716000
6	0		170.382998000
6	1418		170.430298000
6	0		170.445183000
6	0		170.506854000
6	1418		170.543446000
6	0		170.569090000
6	0		170.631253000
6	1418		170.656623000
6	0		170.755337000
6	1418		170.769767000
6	0		170.879234000
6	39		170.879259000
6	0		170.879265000
6	1418		170.882939000
6	0		170.886117000
6	1418		170.996085000
6	1418		171.109311000
6	1418		171.222405000
17		41	171.251001000
17		1358	171.252730000
17		1358	171.316364000
6	1418		171.335633000
17		44	171.375172000
17		1358	171.377744000
17		42	171.436865000
17		41	171.436895000
17		1358	171.442011000
17		41	171.499407000
17		1358	171.503557000
17		41	171.561104000
17		1358	171.566103000
17		1358	171.630194000
17		1358	171.691822000
6	0		171.747493000
17		41	171.747517000
6	0		171.748829000
17		1358	171.755073000
17		1358	171.817254000
17		41	171.871205000
17		1358	171.879439000
17		1358	171.941635000
17		1358	172.005575000
17		1358	172.067822000
17		1358	172.130349000
17		1358	172.192817000
17		1358	172.255013000
17		1358	172.319006000
17		1358	172.380944000
17		1358	172.443650000
17		1358	172.505724000
17		1358	172.567974000
17		1358	172.630918000
17		1358	172.694467000
17		1358	172.756247000
17		1358	172.819356000
17		1358	172.881089000
17		1358	172.944047000
17		1358	173.007614000
17		1358	173.069743000
17		1358	173.132042000
17		1358	173.195236000
17		1358	173.256922000
17		1358	173.319906000
17		1358	173.383436000
6	0		173.421319000
6	1418		173.422435000
17		1358	173.445318000
6	1418		173.478974000
17		1358	173.507538000
6	0		173.546232000
17		1358	173.570449000
6	1418		173.592116000
6	0		173.607387000
17		1358	173.632852000
6	0		173.669485000
17		1358	173.696213000
6	1418		173.705355000
6	0		173.730900000
17		1358	173.758389000
6	0		173.793067000
6	1418		173.818444000
17		1358	173.820793000
6	0		173.855134000
17		1358	173.883763000
6	0		173.917286000
6	1418		173.931600000
17		1358	173.946052000
6	0		173.979711000
17		579	174.008012000
6	1418		174.044768000
6	1418		174.157911000
6	1418		174.271101000
6	0		174.350858000
6	1418		174.384238000
6	1418		174.497460000
6	1418		174.610548000
6	0		174.660798000
6	1418		174.723714000
17		41	174.784873000
6	1418		174.836877000
6	1418		174.950038000
6	0		175.033251000
17		41	175.033277000
6	0		175.033284000
6	0		175.033291000
6	0		175.034563000
6	0		175.042777000
6	1418		175.063187000
6	1418		175.176356000
17		41	175.219355000
6	1418		175.289506000
6	1418		175.402692000
17		41	175.404965000
6	1418		175.515831000
6	1418		175.628990000
17		41	175.653206000
6	1418		175.742157000
17		41	175.839625000
6	1418		175.855314000
6	1418		175.968461000
17		41	176.025625000
6	1418		176.081627000
6	1418		176.194784000
17		41	176.273130000
6	1418		176.307967000
6	1418		176.421127000
17		41	176.459153000
6	1418		176.534275000
17		41	176.645346000
6	1418		176.647418000
6	1418		176.760585000
17		41	176.831104000
6	1418		176.873748000
6	1418		176.986900000
17		41	177.017363000
6	1418		177.100069000
17		41	177.203311000
6	1418		177.213232000
6	1418		177.326396000
6	1418		177.439539000
17		41	177.451217000
6	1418		177.552735000
17		46	177.637344000
17		33	177.663760000
6	1418		177.665912000
6	1418		177.779031000
17		41	177.823488000
17		41	178.071507000
17		41	178.257168000
17		41	178.381265000
17		41	178.628833000
17		41	178.815830000
17		41	179.001540000
17		41	179.248785000
17		41	179.419086000
17		41	179.556812000
17		41	179.741388000
17		41	179.833590000
17		41	179.971129000
17		41	180.155253000
17		41	180.292925000
17		41	180.431634000
17		41	180.615842000
17		41	180.753278000
17		41	180.891690000
17		46	181.028861000
17		33	181.055540000
6	0		181.121267000
17		41	181.213083000
6	0		181.305502000
17		41	181.397580000
17		41	181.581490000
6	0		181.673831000
17		41	181.765077000
17		41	181.903675000
6	0		181.995108000
17		41	182.134107000
6	0		182.271022000
17		41	182.271062000
17		899	182.271073000
17		33	182.271777000
17		1358	182.272814000
17		1358	182.336326000
17		1358	182.398734000
17		41	182.409037000
17		1358	182.461455000
17		1358	182.523844000
6	0		182.546895000
17		1358	182.587258000
17		41	182.639159000
17		1358	182.649990000
17		1358	182.712101000
6	0		182.731280000
6	0		182.732324000
17		1358	182.774655000
17		41	182.776968000
6	0		182.823137000
17		1358	182.836867000
17		1358	182.899901000
17		1358	182.962441000
17		1358	183.024882000
17		1358	183.087808000
6	0		183.099497000
17		1358	183.149828000
17		1358	183.212244000
6	0		183.237276000
6	0		183.246169000
17		1358	183.275661000
6	0		183.329107000
17		1358	183.338064000
17		1358	183.400427000
17		1358	183.463383000
17		1358	183.526140000
6	0		183.558963000
17		1358	183.589226000
17		1358	183.651794000
17		1358	183.713819000
17		1358	183.776171000
6	0		183.789252000
17		1358	183.838802000
17		1358	183.901855000
17		1358	183.964434000
17		1358	184.026895000
6	0		184.064968000
17		1358	184.089680000
17		1358	184.152297000
17		1358	184.214815000
17		1358	184.277778000
6	0		184.295218000
17		1358	184.340483000
17		1358	184.402819000
17		1358	184.465214000
6	0		184.525631000
17		1278	184.527993000
6	0		184.754842000
6	0		184.985005000
6	0		185.261740000
6	0		185.445349000
6	0		185.537421000
6	0		185.676172000
6	0		185.813402000
6	0		185.859255000
6	0		185.997155000
6	0		186.089108000
6	0		186.181429000
6	0		186.319266000
6	0		186.365464000
6	0		186.502872000
6	0		186.594870000
6	1418		186.595952000
6	0		186.687319000
6	1418		186.688378000
6	0		186.825176000
6	1418		186.826238000
6	0		186.963157000
6	1418		186.964221000
6	0		187.101584000
6	1418		187.102669000
6	0		187.147745000
6	1418		187.159246000
6	0		187.284913000
6	1418		187.285985000
6	0		187.331245000
6	0		187.331272000
6	0		187.333304000
6	1418		187.385551000
6	0		187.469007000
6	1418		187.498730000
6	0		187.561228000
6	1418		187.611889000
6	0		187.745428000
6	1418		187.746479000
6	0		188.021297000
6	1418		188.022359000
17		44	188.481631000
17		33	188.509136000
17		41	188.527370000
17		41	188.573351000
17		41	188.618791000
17		41	188.665085000
17		41	188.710866000
17		41	188.757130000
17		41	188.803011000
17		41	188.849117000
17		41	188.895825000
17		41	188.941406000
17		41	188.987382000
17		41	189.033511000
17		41	189.078970000
17		41	189.124897000
17		41	189.170877000
17		41	189.217025000
17		41	189.263189000
17		41	189.309220000
17		41	189.355337000
17		46	189.401162000
17		33	189.427435000
17		41	189.447579000
17		41	189.493459000
17		41	189.539538000
17		41	189.585756000
17		41	189.630907000
17		41	189.676995000
17		41	189.723097000
17		41	189.769336000
17		41	189.815437000
17		41	189.861988000
17		41	189.907333000
17		41	189.954071000
6	0		189.999240000
6	0		189.999248000
6	0		189.999253000
6	0		189.999258000
6	131		189.999265000
6	39		189.999272000
6	0		189.999287000
17		825	189.999295000
17		36	190.000148000
6	0		190.000535000
6	0		190.000556000
6	0		190.000762000
6	0		190.000771000
6	0		190.000778000
6	0		190.000783000
6	95		190.000973000
17		122	190.001161000
17		1354	190.001215000
17		1358	190.001228000
17		1358	190.001234000
6	0		190.001425000
17		1358	190.045277000
17		1358	190.047848000
17		1358	190.048319000
17		1358	190.048400000
17		1329	190.048415000
17		70	190.048421000
17		1358	190.064715000
17		1358	190.127343000
6	0		190.228825000
6	0		190.230218000
6	0		190.304252000
17		1358	190.321116000
17		1358	190.322292000
6	85		190.367613000
6	0		190.368717000
6	0		190.536414000
17		1358	190.623285000
6	0		190.643268000
6	0		190.644291000
17		1358	190.918932000
17		1358	190.920182000
6	0		190.965483000
6	1418		190.966569000
6	0		191.011385000
6	0		191.012440000
6	1418		191.023026000
6	1418		191.135935000
6	0		191.241324000
6	0		191.241347000
6	0		191.243004000
6	1418		191.248826000
6	1418		191.361705000
6	0		191.425180000
6	1418		191.474622000
17		1358	191.520235000
6	1418		191.587508000
6	0		191.609173000
6	1418		191.700409000
6	1418		191.813298000
6	0		191.839283000
6	1418		191.926211000
6	1418		192.039090000
6	0		192.115480000
17		1358	192.115490000
17		1358	192.116661000
6	1418		192.151987000
6	1418		192.264900000
6	1418		192.377804000
6	1418		192.490712000
6	1418		192.603607000
6	1418		192.716509000
6	0		192.805370000
6	1418		192.829398000
6	0		192.851353000
6	0		192.851383000
17		41	192.851395000
17		1358	192.853338000
6	0		192.897279000
6	0		192.897316000
6	517		192.897327000
17		44	192.897337000
6	39		192.897346000
6	0		192.898387000
6	2836		192.899062000
6	1503		192.899175000
6	0		192.904157000
17		1358	192.916990000
6	1418		192.942299000
17		41	192.943110000
17		1358	192.980047000
17		41	192.989406000
6	0		193.035850000
17		41	193.035907000
17		1358	193.041822000
6	1418		193.055196000
17		1358	193.081177000
17		1358	193.104817000
17		49	193.127269000
17		1358	193.167626000
6	1418		193.168061000
17		165	193.172832000
17		41	193.172864000
17		630	193.174315000
17		34	193.199504000
17		101	193.215395000
17		41	193.219136000
17		1358	193.229999000
6	0		193.256101000
6	0		193.265281000
6	0		193.266918000
6	1418		193.280991000
17		1358	193.292843000
17		1358	193.355306000
6	1418		193.393906000
17		41	193.403076000
17		1358	193.417340000
17		1358	193.479895000
6	1418		193.506793000
17		1358	193.542973000
6	0		193.587406000
6	517		193.587432000
6	0		193.589108000
6	2836		193.589819000
6	1503		193.589894000
17		1358	193.606238000
6	1418		193.619708000
17		1358	193.668334000
6	0		193.725368000
17		1358	193.731480000
6	1418		193.732563000
17		1358	193.793799000
17		167	193.817614000
17		33	193.818812000
6	1418		193.845522000
17		1358	193.855477000
17		1358	193.918238000
6	1418		193.958373000
17		1358	193.981423000
17		1358	194.043952000
6	875		194.071291000
17		1358	194.106673000
17		1358	194.168906000
17		1358	194.231908000
6	0		194.276907000
17		1358	194.294414000
17		1358	194.357191000
17		1358	194.419353000
17		169	194.461594000
17		35	194.462784000
17		1358	194.482097000
17		1358	194.544745000
17		1358	194.607074000
17		1358	194.670494000
17		1358	194.732723000
17		1358	194.795424000
17		1358	194.858329000
17		1358	194.920068000
17		1358	194.984169000
17		1358	195.046475000
17		171	195.058949000
17		37	195.060087000
17		1358	195.108405000
17		1358	195.170844000
17		1358	195.233244000
6	0		195.243316000
6	0		195.244366000
6	0		195.289079000
17		1358	195.295903000
17		1358	195.359239000
6	0		195.381332000
17		1358	195.421767000
17		1358	195.484547000
17		1358	195.546358000
17		583	195.609066000
6	0		195.887475000
6	0		195.933751000
6	0		196.485676000
17		173	196.623126000
17		39	196.624263000
6	754		196.853729000
6	0		196.855094000
6	1418		196.898888000
6	448		196.898920000
6	0		196.900276000
6	0		196.900301000
6	189		196.905486000
6	31		196.907006000
6	39		196.907495000
6	0		197.083398000
17		1358	197.174884000
17		1358	197.185336000
17		1358	197.185371000
17		1358	197.185377000
17		1358	197.185381000
17		206	197.185384000
17		86	197.221102000
17		1278	197.221140000
6	0		197.589662000
17		1358	197.802116000
17		175	198.049250000
17		41	198.050442000
6	0		198.187024000
6	0		198.692931000
6	85		198.903602000
6	0		199.106966000
6	517		199.107004000
6	0		199.108023000
6	0		199.108342000
6	0		199.244860000
6	0		199.751285000
17		41	199.842899000
6	0		199.981328000
6	0		200.027403000
6	0		200.072894000
6	0		200.072927000
6	64		200.072936000
6	92		200.072943000
6	501		200.072949000
6	0		200.073945000
6	0		200.073973000
6	0		200.073976000
6	608		200.074246000
6	31		200.074499000
6	624		200.076785000
6	1418		200.076813000
6	980		200.076818000
6	39		200.157299000
17		41	200.165174000
17		1358	200.165203000
17		1358	200.173321000
17		41	200.394993000
17		41	200.578865000
6	0		200.625321000
6	517		200.625358000
6	0		200.626728000
17		41	200.763121000
6	85		200.807253000
17		41	200.947258000
17		41	200.993277000
17		41	201.085814000
17		41	201.176788000
17		1358	201.176815000
17		1358	201.223102000
17		85	201.223130000
17		1358	201.234015000
17		1358	201.234056000
17		1358	201.234061000
17		1358	201.234065000
17		204	201.234070000
6	1396		201.269272000
6	0		201.283298000
6	320		201.315499000
6	0		201.315536000
6	0		201.315541000
6	0		201.324337000
6	1396		201.325305000
6	1396		201.340283000
6	1396		201.356255000
6	1012		201.372196000
17		41	201.407474000
17		1358	201.499350000
17		1358	201.508432000
17		41	201.545734000
17		41	201.775166000
17		1358	201.808710000
17		41	201.959296000
6	0		202.051618000
17		1358	202.097401000
17		1358	202.107374000
17		41	202.189716000
6	0		202.327183000
6	0		202.327208000
6	0		202.373374000
6	0		202.418827000
6	64		202.418866000
17		41	202.418873000
6	0		202.420243000
6	608		202.420723000
17		41	202.649318000
17		1358	202.707921000
17		46	202.833535000
17		33	202.860732000
6	0		202.879666000
6	0		202.925293000
6	0		202.926482000
17		41	203.063005000
17		41	203.247293000
17		1358	203.293126000
17		1358	203.302034000
17		41	203.431285000
6	0		203.568946000
17		41	203.660945000
17		41	203.845149000
6	0		203.891255000
6	39		203.891282000
6	0		203.892365000
17		41	203.983502000
17		41	204.167234000
17		41	204.351586000
17		1358	204.502466000
17		41	204.535224000
17		41	204.627346000
17		41	204.811473000
17		41	204.995017000
17		41	205.179238000
17		1358	205.179266000
6	39		205.206334000
17		41	205.317697000
17		41	205.501249000
17		41	205.684865000
17		41	205.869803000
17		41	205.960932000
17		41	206.145362000
17		46	206.328885000
17		33	206.355366000
17		33	206.481942000
17		41	206.513020000
17		41	206.696867000
6	131		206.835568000
6	39		206.835575000
6	0		206.837028000
6	39		206.837230000
6	1418		206.881139000
6	0		206.888152000
6	1418		206.927329000
6	0		206.928784000
6	1418		206.973517000
6	0		206.974951000
6	1418		207.019122000
6	512		207.019150000
17		41	207.019162000
17		41	207.019172000
6	0		207.020565000
6	0		207.020597000
6	68		207.083464000
6	93		207.083982000
17		41	207.203440000
17		41	207.294844000
17		41	207.341137000
17		41	207.433069000
17		898	207.433097000
17		33	207.433762000
17		1358	207.434763000
17		1358	207.498542000
17		41	207.524858000
17		1358	207.561612000
17		1358	207.623642000
17		41	207.662934000
17		1358	207.685641000
6	459		208.472358000
6	0		208.629350000
6	0		208.675248000
6	0		208.675272000
6	39		208.675277000
6	0		208.676675000
1,17		1358	208.904992000
1,17		1358	208.951108000
1,17		1358	208.997196000
1,17		1358	209.043359000
1,17		206	209.043386000
17		43	209.641133000
6	0		210.055724000
6	0		210.101671000
6	0		210.101697000
6	0		210.101702000
6	31		210.101709000
6	0		210.107981000
6	0		210.147553000
6	0		210.193306000
6	0		210.193331000
6	39		210.193336000
6	0		210.194439000
1,17		1358	210.239537000
6	0		210.239576000
1,17		1358	210.285232000
6	0		210.469286000
6	0		210.515425000
6	0		210.561150000
6	0		210.561192000
6	745		210.561206000
6	199		210.561220000
6	0		210.561232000
6	0		210.562319000
6	0		210.562607000
6	0		210.562618000
6	67		210.564714000
6	31		210.565234000
6	1396		210.607275000
6	0		210.621298000
6	320		210.653500000
6	64		210.653532000
6	0		210.654924000
6	0		210.662384000
6	1396		210.674443000
6	1396		210.682461000
6	1396		210.698371000
6	1012		210.714312000
6	0		210.745769000
6	0		210.883186000
6	0		210.883211000
6	0		210.883221000
6	0		210.883228000
17		45	210.883236000
6	137		210.884645000
17		44	211.159133000
17		1358	211.160856000
17		41	211.205087000
17		1358	211.224051000
17		41	211.251445000
17		1358	211.287362000
17		1358	211.349799000
17		41	211.389015000
17		1358	211.412602000
17		41	211.435459000
17		1358	211.474957000
17		1358	211.536747000
17		1358	211.600845000
17		1358	211.662573000
17		1358	211.725323000
17		1358	211.788270000
17		1358	211.850892000
17		1358	211.913297000
17		1358	211.976126000
17		1358	212.038648000
17		1358	212.100940000
17		1358	212.163840000
17		1358	212.225847000
17		1358	212.289836000
17		1358	212.351964000
6	0		212.354805000
17		1358	212.414306000
17		1358	212.476797000
17		1358	212.539264000
17		1358	212.601558000
17		1358	212.664571000
17		1358	212.727265000
17		1358	212.789583000
17		106	212.852197000
6	0		213.689274000
6	0		213.690585000
6	0		215.069059000
6	0		215.069067000
6	0		215.069072000
6	662		215.069077000
6	67		215.073413000
6	31		215.073907000
6	0		215.115206000
6	0		215.161361000
6	0		215.207520000
6	0		215.253280000
6	39		215.253304000
6	0		215.260178000
17		1358	215.299463000
6	665		215.299494000
6	629		215.299502000
6	0		215.301096000
6	0		215.301123000
17		1358	215.302404000
17		1358	215.302487000
17		1358	215.302496000
17		956	215.302501000
6	69		215.303467000
6	67		215.304016000
6	70		215.305103000
6	31		215.306243000
6	643		215.345652000
6	0		215.352166000
6	835		215.390813000
6	0		215.392240000
6	69		215.393956000
6	31		215.394492000
6	0		215.482948000
6	0		215.485016000
17		1358	215.529781000
17		1358	215.531248000
6	80		215.574925000
6	0		215.575972000
6	358		215.576902000
6	1418		215.605319000
6	1418		215.721720000
17		41	215.759107000
17		1358	215.832153000
6	1418		215.838138000
17		41	215.943582000
6	1418		215.954530000
6	0		215.989258000
6	0		215.989289000
6	0		215.990593000
6	0		215.990896000
6	1418		216.070935000
17		41	216.127258000
17		1358	216.127288000
17		1358	216.128742000
6	1418		216.187406000
6	1418		216.303753000
17		41	216.311234000
6	1418		216.420143000
6	1418		216.536537000
17		41	216.541127000
6	1418		216.652953000
17		41	216.725186000
17		1358	216.728965000
6	1359		216.769339000
17		41	216.909056000
6	0		217.047367000
17		41	217.047408000
6	0		217.048797000
17		41	217.231293000
17		1358	217.323306000
17		1358	217.324769000
17		41	217.461435000
17		41	217.644898000
17		41	217.829330000
17		41	218.013075000
17		41	218.242825000
17		41	218.381381000
17		1358	218.525809000
17		46	218.565072000
17		33	218.591734000
17		41	218.749339000
17		41	218.932934000
17		41	219.163399000
17		1358	219.254832000
17		41	219.347954000
17		898	219.392821000
17		36	219.393561000
17		129	219.394240000
17		1358	219.400596000
17		1358	219.463991000
17		1358	219.526768000
17		41	219.531081000
17		1358	219.589328000
17		1358	219.651527000
17		41	219.669579000
17		1358	219.714356000
6	0		219.715583000
6	0		219.716829000
17		1358	219.777960000
17		1358	219.840360000
17		41	219.899741000
17		1358	219.901949000
17		1358	219.964829000
6	0		219.990839000
6	0		219.992569000
6	0		220.018366000
17		1358	220.027611000
17		41	220.083234000
17		1358	220.090807000
17		1358	220.153215000
17		1358	220.215939000
17		41	220.267287000
17		1358	220.277828000
6	0		220.294192000
17		1358	220.340113000
17		1358	220.403068000
17		41	220.451163000
17		1358	220.465972000
17		1358	220.528764000
17		1358	220.590839000
17		1358	220.653418000
17		41	220.681107000
17		1358	220.716002000
6	0		220.727274000
6	0		220.728656000
17		1358	220.779268000
17		41	220.819521000
17		1358	220.841708000
17		1358	220.904794000
17		1358	220.966577000
6	0		221.002891000
6	0		221.004618000
17		1358	221.029733000
17		1358	221.092006000
17		1358	221.155593000
17		1358	221.217449000
17		1358	221.279769000
17		1358	221.342138000
6	0		221.371434000
6	0		221.372766000
17		1358	221.405216000
17		1358	221.468251000
17		1358	221.531164000
17		1358	221.593646000
17		1358	221.656240000
17		1358	221.717954000
17		1358	221.780367000
17		1358	221.844555000
17		1358	221.906625000
17		1358	221.969314000
17		1358	222.031799000
17		1358	222.093609000
17		1358	222.157291000
17		1358	222.219567000
17		1358	222.282271000
17		1358	222.344283000
17		1358	222.407249000
17		1358	222.469357000
17		1358	222.532529000
17		1358	222.595753000
17		1358	222.657462000
17		1358	222.719963000
6	0		222.751363000
6	0		222.752857000
17		1358	222.782249000
17		1358	222.844656000
17		1358	222.908128000
17		1358	222.970421000
6	0		223.027331000
6	0		223.029072000
6	31		224.150314000
6	0		224.754016000
6	0		225.030183000
6	0		225.096968000
6	663		225.096976000
6	67		225.100468000
6	31		225.100963000
1,17		1358	225.189203000
1,17		1358	225.235273000
1,17		1358	225.280869000
1,17		956	225.327356000
6	0		225.327388000
6	39		225.327396000
6	570		225.327402000
6	0		225.328857000
6	562		225.373223000
6	875		225.373254000
6	0		225.373264000
6	0		225.374669000
6	69		225.376595000
6	31		225.377142000
6	39		225.377642000
6	69		225.378289000
6	31		225.379397000
6	590		225.419426000
6	69		225.423186000
6	31		225.423703000
1,17		1358	225.787445000
6	0		225.925019000
6	0		225.971158000
6	0		226.247288000
1,17		1358	226.523586000
6	1396		226.614823000
6	432		226.614861000
6	0		226.614872000
6	0		226.624138000
6	1396		226.624738000
6	1396		226.639649000
6	1396		226.655609000
6	1042		226.671890000
6	0		226.891056000
6	0		227.028973000
6	0		227.030207000
6	0		227.075194000
1,17		1358	227.166917000
6	0		227.213274000
6	0		227.259330000
6	0		227.261092000
6	0		227.304836000
6	0		227.397398000
17		41	227.397427000
17		35	227.399302000
1,17		1358	227.442923000
6	0		227.442955000
6	39		227.442962000
6	0		227.449292000
17		41	227.535197000
17		44	227.581270000
17		41	227.581301000
17		35	227.583038000
17		41	227.627709000
17		41	227.673228000
17		41	227.719253000
17		41	227.765381000
6	0		227.811605000
6	771		227.811647000
17		41	227.811661000
6	0		227.812883000
6	367		227.813557000
17		41	227.857605000
17		41	227.903536000
17		41	227.949058000
6	0		227.995148000
6	0		227.995171000
6	771		227.995177000
17		41	227.995188000
6	0		227.996910000
6	367		227.997295000
17		41	228.041541000
17		41	228.087390000
17		41	228.133408000
6	0		228.179657000
17		41	228.179683000
17		41	228.225636000
17		41	228.270836000
17		41	228.316847000
17		41	228.362991000
17		41	228.409063000
17		46	228.455471000
17		35	228.482087000
6	0		228.501404000
17		41	228.501437000
17		41	228.546826000
17		41	228.593235000
17		41	228.639396000
6	0		228.685588000
17		41	228.685627000
17		41	228.730904000
17		41	228.776883000
17		41	228.823010000
17		41	228.869129000
17		41	228.915246000
17		41	228.961293000
17		41	229.007353000
17		41	229.053136000
17		41	229.099649000
17		41	229.145291000
17		41	229.190978000
17		41	229.237132000
17		41	229.283141000
17		41	229.329394000
17		46	229.375416000
17		35	229.402143000
17		41	229.421598000
17		41	229.467349000
17		41	229.513521000
17		41	229.558941000
17		41	229.605548000
17		41	229.650856000
17		41	229.696838000
17		41	229.743060000
17		41	229.789136000
6	0		229.835208000
17		42	229.835238000
17		1358	229.837000000
17		42	229.881371000
17		1358	229.900403000
17		42	229.927370000
17		1358	229.963990000
17		43	229.973584000
17		43	230.019203000
17		1358	230.027741000
6	0		230.065098000
6	0		230.065105000
6	0		230.065110000
6	0		230.066466000
6	0		230.075012000
17		1358	230.091120000
6	0		231.307225000
6	0		231.951383000
6	0		232.181287000
6	0		232.272840000
6	0		232.272875000
6	69		232.272885000
6	368		232.275613000
6	211		232.278561000
6	0		232.364885000
6	39		232.364891000
6	0		232.372143000
6	0		232.411273000
6	0		233.469226000
6	0		233.514861000
6	0		233.560848000
6	0		233.606963000
17		42	233.606976000
17		44	233.606985000
17		42	233.607574000
6	1396		233.653092000
6	435		233.653129000
6	551		233.653141000
6	0		233.654555000
6	0		233.661942000
6	547		233.699303000
6	0		233.700786000
6	71		233.703687000
6	31		233.704220000
6	39		233.704721000
6	1396		233.712917000
6	1396		233.720889000
6	1396		233.736833000
6	1066		233.745214000
6	71		233.747878000
6	31		233.748408000
6	1396		233.752823000
6	1396		233.768770000
6	1396		233.784744000
6	1396		233.800680000
6	1396		233.816637000
6	1396		233.832593000
6	1396		233.848544000
6	1396		233.864513000
6	1396		233.880452000
6	1396		233.896431000
6	1396		233.912389000
6	1396		233.928347000
6	0		233.929216000
6	0		233.929222000
6	0		233.930262000
6	1396		233.944320000
6	1396		233.960267000
6	0		233.975154000
6	1396		233.976214000
6	1396		233.992197000
6	1396		234.008165000
6	0		234.020884000
6	0		234.020911000
6	74		234.020918000
6	74		234.020922000
6	934		234.022471000
6	934		234.022633000
6	1396		234.024095000
6	1396		234.040058000
6	1396		234.056018000
17		42	234.067468000
6	1396		234.071955000
6	1396		234.087934000
6	1396		234.103880000
17		41	234.112836000
6	1396		234.119840000
6	1396		234.135802000
6	1396		234.151775000
17		41	234.159463000
6	1396		234.167722000
6	1396		234.183704000
6	1396		234.199789000
17		41	234.204836000
6	1396		234.215605000
6	1396		234.231558000
6	1396		234.247569000
6	1396		234.263462000
6	1396		234.279472000
6	1396		234.295376000
6	1396		234.311335000
6	1396		234.327308000
17		41	234.343031000
6	1396		234.343254000
6	1396		234.359242000
6	1396		234.375218000
6	1396		234.391142000
6	1396		234.407169000
6	1396		234.423082000
6	1396		234.439022000
6	1396		234.455033000
6	1396		234.470979000
6	1396		234.486890000
6	1396		234.502847000
6	1396		234.518826000
6	1396		234.534754000
6	1396		234.550758000
6	1396		234.566696000
6	1396		234.582666000
6	1396		234.598621000
6	1396		234.614637000
6	1396		234.630535000
6	1396		234.646495000
6	1396		234.662443000
6	1396		234.678443000
6	1396		234.694365000
6	1396		234.710319000
6	1396		234.726276000
6	1396		234.742225000
6	1396		234.758173000
6	1396		234.774175000
6	1396		234.790192000
6	1396		234.806075000
6	1396		234.822023000
6	1396		234.837996000
6	1396		234.853946000
6	1396		234.869901000
6	1396		234.885867000
6	1396		234.901833000
6	1396		234.917778000
6	1396		234.933747000
6	1396		234.949688000
6	1396		234.965645000
6	1396		234.981591000
6	1396		234.997593000
6	1396		235.013521000
6	1396		235.029493000
6	1396		235.045455000
6	1396		235.061417000
6	1396		235.077378000
6	1396		235.093319000
6	1396		235.109298000
6	1396		235.125294000
6	1396		235.141211000
6	565		235.157181000
6	0		236.735298000
6	0		236.736593000
6	0		239.589261000
6	0		239.590282000
6	0		240.333279000
6	660		240.333323000
6	69		240.336640000
6	31		240.337166000
6	684		240.395428000
6	597		240.395453000
6	0		240.396891000
6	71		240.398534000
6	31		240.399028000
6	71		240.399540000
6	31		240.400715000
6	73		242.240899000
6	132		242.255381000
6	0		242.262204000
6	1418		242.317498000
6	0		242.319019000
6	1418		242.379653000
6	0		242.381096000
6	1418		242.440920000
6	0		242.442411000
6	1418		242.503470000
6	0		242.504956000
6	1418		242.565329000
6	0		242.566776000
6	1418		242.627479000
6	0		242.628914000
6	1418		242.689242000
6	0		242.690819000
17		34	242.735718000
6	1418		242.751495000
6	1418		242.751529000
6	0		242.752960000
6	0		242.752989000
6	152		242.813238000
17		41	242.813270000
6	0		242.814737000
17		35	242.814944000
6	73		242.820006000
6	69		242.823391000
6	62		242.823944000
6	31		242.824936000
17		41	245.045419000
6	0		245.416895000
6	39		245.416920000
6	0		245.424181000
6	0		245.541359000
6	0		245.603718000
6	0		245.727068000
6	0		245.789251000
6	0		245.851404000
6	0		245.975737000
6	0		246.099095000
6	0		246.161260000
6	73		246.264816000
6	0		246.285603000
6	0		246.409447000
6	0		246.532816000
6	0		246.657120000
6	0		246.781515000
6	0		246.843682000
6	0		246.967029000
6	0		247.091372000
6	0		247.215614000
6	56		247.240793000
6	0		247.241013000
6	0		247.339318000
6	0		247.463631000
6	0		247.586926000
6	0		247.711269000
6	0		247.773441000
6	56		247.820135000
6	0		247.820431000
6	0		247.835287000
6	0		247.897737000
6	0		248.021459000
6	0		248.021498000
6	598		248.021507000
6	217		248.021513000
6	0		248.022946000
6	0		248.022981000
6	71		248.025839000
6	31		248.026393000
6	39		248.026889000
6	0		248.035629000
6	1396		248.082925000
6	435		248.082950000
6	0		248.092750000
6	0		248.092786000
6	1396		248.093312000
6	1396		248.105959000
6	1396		248.119514000
6	1396		248.133107000
6	1396		248.146621000
6	1396		248.160197000
6	1396		248.173760000
6	1396		248.187325000
6	1396		248.200896000
6	1396		248.214459000
6	1396		248.228031000
6	1396		248.241621000
6	1396		248.255162000
6	1396		248.268827000
6	1396		248.282299000
6	1396		248.295904000
6	1396		248.309471000
6	1396		248.322979000
6	1396		248.336536000
6	1396		248.350123000
6	1396		248.363680000
6	1396		248.377235000
6	1396		248.390872000
6	1396		248.404362000
6	1396		248.417995000
6	1396		248.431515000
6	1396		248.445154000
6	1396		248.458709000
6	1396		248.472203000
6	1396		248.485781000
6	1396		248.499444000
6	1396		248.512977000
6	1396		248.526480000
6	1396		248.540050000
6	1396		248.553620000
6	1396		248.567186000
6	1396		248.580730000
6	1396		248.594300000
6	1396		248.607915000
6	1396		248.621441000
6	1396		248.635012000
6	1396		248.648569000
6	1396		248.662137000
6	1396		248.675719000
6	1396		248.689265000
6	0		249.754602000
6	0		252.650636000
17		41	253.725081000
17		37	253.726853000
6	129		254.073308000
17		33	254.575092000
6	0		255.151322000
6	0		255.152640000
6	0		255.957387000
6	0		255.958589000
6	0		256.949279000
6	0		256.950364000
6	0		257.165924000
6	435		258.003354000
6	0		258.012816000
6	0		258.846636000
6	1396		259.878072000
6	39		260.502362000
6	0		261.041322000
6	0		261.042719000
6	217		262.343435000
6	0		262.344880000
6	0		262.591765000
6	635		262.591770000
6	0		262.593179000
6	1418		262.653741000
6	34		262.653766000
6	0		262.653771000
6	0		262.653777000
6	0		262.653781000
17		42	262.653788000
6	0		262.653793000
6	0		262.653798000
6	0		262.653804000
6	0		262.655101000
6	0		262.655122000
6	0		262.655154000
6	0		262.655159000
6	71		262.656626000
6	31		262.657181000
6	0		262.715107000
6	1396		262.777116000
6	0		262.777146000
6	39		262.777153000
6	0		262.777157000
6	0		262.784142000
6	0		262.786545000
6	1396		262.786571000
6	0		262.839817000
6	1396		262.849327000
6	0		262.901004000
6	1396		262.910517000
6	0		262.963839000
6	1396		262.973364000
6	0		263.025077000
6	1396		263.034574000
6	0		263.086838000
6	1396		263.096309000
6	0		263.149023000
6	1396		263.158482000
6	0		263.210828000
6	1396		263.220268000
6	0		263.273003000
6	1396		263.282516000
6	0		263.335697000
6	1396		263.345147000
6	0		263.397014000
6	1396		263.406658000
6	0		263.458944000
6	1396		263.468387000
6	0		263.521161000
6	1396		263.530642000
6	0		263.582877000
6	1396		263.592347000
6	0		263.645191000
6	1396		263.654645000
6	0		263.707229000
6	0		263.707255000
6	1396		263.716767000
6	1396		263.723550000
6	0		263.831037000
6	1396		263.840483000
6	1396		263.847263000
6	0		263.955757000
6	1396		263.965332000
6	1396		263.971990000
6	0		264.079423000
6	1396		264.088858000
6	1396		264.095707000
6	0		264.203158000
6	0		264.203181000
17		898	264.203194000
17		40	264.203910000
17		1358	264.206113000
6	1396		264.212622000
6	1396		264.219387000
6	0		264.232958000
17		1358	264.266669000
17		1358	264.327394000
17		1358	264.388572000
17		1358	264.448409000
17		1358	264.508357000
17		1358	264.568967000
17		1358	264.629276000
17		1358	264.690775000
17		1358	264.749476000
17		1358	264.810087000
6	597		264.823441000
6	219		264.823450000
6	0		264.824892000
6	0		264.824915000
6	71		264.826867000
6	31		264.827369000
6	39		264.827871000
17		1358	264.870628000
17		1358	264.931741000
17		1358	264.991077000
17		1358	265.052017000
17		1358	265.112709000
17		1358	265.172747000
17		1358	265.233074000
17		1358	265.293476000
17		1358	265.353541000
17		1358	265.414113000
17		44	265.443312000
6	0		265.443321000
17		1358	265.474380000
17		1358	265.534593000
17		1358	265.594745000
17		1358	265.655398000
17		1358	265.715006000
17		1358	265.776399000
17		1358	265.836591000
17		1358	265.897722000
17		1358	265.956993000
17		1358	266.017212000
17		1358	266.077944000
17		1358	266.139149000
17		1358	266.198803000
17		1358	266.258867000
17		1358	266.319944000
17		1358	266.380604000
17		1358	266.439948000
17		1358	266.499796000
17		1358	266.560719000
17		1358	266.621205000
17		1358	266.681096000
17		1358	266.741470000
17		1358	266.802862000
17		1358	266.862723000
17		1358	266.923986000
17		1358	266.983500000
17		1358	267.043686000
17		1358	267.103950000
17		1358	267.164895000
17		1358	267.224611000
17		1358	267.284826000
17		1358	267.346068000
17		1358	267.406316000
17		1358	267.466201000
17		1358	267.526814000
17		1358	267.586731000
17		1358	267.647604000
6	0		268.729399000
6	56		269.881336000
6	0		270.775283000
6	0		270.777141000
6	0		272.076874000
6	0		272.078514000
6	0		272.573347000
6	0		272.574491000
6	0		273.232348000
6	0		274.123392000
6	0		274.124722000
6	0		275.425369000
6	73		275.536986000
6	56		275.690322000
6	0		277.967782000
6	0		277.967808000
6	0		278.028974000
6	0		278.029004000
6	0		278.587331000
6	0		278.587344000
17		41	278.587356000
6	0		278.587376000
17		43	278.587385000
6	0		278.588216000
17		40	278.588693000
6	0		278.588710000
6	0		278.595004000
6	0		278.834923000
6	0		278.844533000
6	0		278.899704000
6	0		279.147537000
17		42	279.392847000
17		42	279.454868000
6	0		279.517379000
6	0		279.518412000
6	0		279.578983000
17		42	279.641408000
6	0		279.641443000
6	0		279.648703000
17		43	279.703231000
17		43	279.765502000
17		43	279.827710000
6	0		279.889745000
17		43	279.889774000
6	0		279.899328000
17		43	279.950994000
17		43	280.013088000
17		43	280.075337000
6	0		280.136816000
6	0		280.136852000
6	0		280.136861000
6	39		280.136867000
17		43	280.136878000
6	0		280.144139000
17		43	280.199521000
17		43	280.260984000
17		43	280.323166000
17		43	280.385281000
17		43	280.447584000
17		43	280.509538000
6	56		280.537070000
6	0		280.540843000
17		43	280.571672000
17		43	280.633604000
17		48	280.694800000
17		33	280.721682000
17		43	280.756982000
17		43	280.819552000
17		43	281.066892000
17		43	281.314846000
17		43	281.625317000
6	0		281.625352000
6	0		281.632585000
17		43	281.873308000
6	0		281.873337000
6	0		281.882901000
17		43	282.183239000
17		43	282.431212000
17		43	282.679510000
17		43	282.989312000
17		43	283.236789000
17		43	283.546932000
6	0		283.683672000
17		43	283.795513000
6	0		283.939543000
17		43	284.105616000
17		43	284.353176000
17		43	284.601238000
6	694		284.787061000
6	0		284.788499000
6	1418		284.849255000
6	37		284.849291000
6	0		284.850740000
6	0		284.850776000
6	71		284.852564000
6	31		284.853106000
6	39		284.853620000
17		43	284.911280000
17		43	285.158902000
17		43	285.469397000
17		48	285.779662000
17		33	285.805873000
6	0		285.903334000
6	0		285.910549000
17		43	286.026966000
6	0		286.151358000
6	0		286.160924000
17		43	286.275280000
6	0		286.399378000
6	0		286.399961000
17		43	286.522892000
17		43	286.833170000
17		43	287.143048000
17		43	287.391259000
17		43	287.701016000
17		43	287.949186000
6	0		287.949212000
6	0		287.950546000
17		43	288.197307000
17		43	288.445116000
17		43	288.755106000
17		43	289.065118000
17		43	289.313214000
6	73		289.559187000
17		43	289.622928000
17		43	289.808926000
6	0		289.955653000
17		43	290.118974000
6	0		290.211526000
17		43	290.429287000
6	0		290.919784000
6	0		292.289328000
6	0		292.290411000
6	0		293.839382000
6	0		293.839425000
6	0		293.840657000
6	0		293.840857000
6	0		294.087342000
6	0		294.094565000
6	0		294.335373000
6	0		294.344953000
6	56		294.559538000
6	0		294.562846000
6	0		295.575077000
6	0		295.575110000
6	0		295.576200000
6	0		295.576485000
6	0		297.683346000
6	0		297.684729000
17		41	300.105096000
17		35	300.107310000
6	0		300.125467000
6	0		301.601008000
6	0		301.601023000
6	0		301.601031000
6	0		301.601035000
6	0		301.601063000
6	0		301.601070000
6	517		301.601078000
6	0		301.608268000
6	2792		301.610158000
6	2386		301.610205000
6	517		301.787984000
6	0		301.788017000
17		41	301.788027000
6	0		301.788056000
6	0		301.788064000
6	39		301.788068000
6	0		301.789255000
6	0		301.795380000
6	0		301.797571000
6	2792		301.800133000
6	2386		301.800189000
6	0		303.658139000
6	0		303.659482000
6	0		303.845275000
6	0		303.845288000
6	0		303.846337000
6	0		303.846524000
17		893	305.715309000
17		38	305.716076000
17		162	305.742897000
17		1354	305.742936000
17		1358	305.742940000
17		1358	305.742944000
17		1358	305.742949000
17		1358	305.742953000
17		1358	305.742957000
17		1358	305.742962000
17		100	305.742965000
17		33	305.742968000
6	0		305.787034000
17		897	305.902483000
17		38	305.903268000
17		62	305.904166000
17		1358	305.907821000
17		1358	305.969851000
6	0		305.977993000
17		1358	306.029380000
6	0		306.089202000
17		1358	306.089638000
17		1358	306.150109000
17		1358	306.210928000
17		1358	306.270244000
6	0		306.276153000
6	0		306.277421000
17		1358	306.331148000
17		1358	306.391731000
17		1358	306.452716000
17		1358	306.511754000
17		1358	306.573049000
17		1358	306.632998000
17		1358	306.694211000
17		1358	306.753864000
17		1358	306.813999000
17		1358	306.874944000
17		1358	306.935323000
17		1358	306.994624000
17		1358	307.055643000
17		1358	307.115920000
17		1358	307.176452000
17		1358	307.236785000
17		1358	307.297005000
17		1358	307.357952000
6	0		307.397976000
17		1358	307.418104000
17		1358	307.477694000
17		1358	307.538404000
17		1358	307.598864000
17		1358	307.659764000
17		1358	307.719164000
17		1358	307.779378000
17		1358	307.840461000
17		136	307.900643000
6	0		308.146330000
6	0		308.147403000
6	0		311.138568000
6	0		311.140285000
6	0		311.886208000
6	0		311.887393000
6	0		313.382316000
6	0		313.383376000
6	658		314.878157000
6	39		314.878165000
6	206		314.878170000
6	0		314.879822000
6	0		314.879863000
6	39		314.880229000
6	71		314.881607000
6	31		314.882166000
6	39		314.882737000
6	0		316.374273000
6	0		316.375668000
6	0		316.935392000
6	0		316.936407000
6	0		317.122354000
6	0		317.122360000
6	0		317.123678000
6	0		317.123909000
6	0		318.935997000
6	73		320.023433000
6	0		320.123182000
6	0		321.849733000
6	0		323.106036000
6	0		323.854258000
6	0		324.788852000
6	0		324.788860000
6	51		324.788867000
6	0		324.788871000
6	0		324.790100000
6	0		324.790365000
6	0		324.790707000
6	56		325.023679000
6	0		325.025891000
17		893	326.284879000
17		37	326.287256000
6	0		327.594515000
6	0		327.594544000
6	0		331.521131000
6	0		331.521140000
6	0		331.528857000
6	0		331.531060000
6	0		332.067315000
6	0		332.067493000
6	0		332.643100000
17		41	332.643143000
6	0		332.643153000
17		56	332.643158000
17		37	332.644846000
6	0		332.650970000
6	0		332.651856000
6	0		332.955670000
6	0		332.955743000
6	0		333.017122000
6	0		333.025561000
6	0		333.332390000
6	0		333.765397000
6	0		333.765422000
6	0		333.773217000
6	0		333.774102000
6	0		333.952389000
6	0		333.960871000
17		106	334.700000000
6	0		334.754176000
6	0		335.636021000
6	0		335.636053000
6	0		335.643888000
6	0		335.644696000
6	0		335.972393000
6	0		336.009340000
6	0		336.017729000
6	0		337.699691000
6	0		337.699745000
6	0		339.936418000
6	0		339.936430000
6	0		339.944244000
6	0		339.945075000
6	0		340.068390000
6	0		340.310451000
6	0		340.318942000
6	0		341.058436000
6	0		341.060459000
6	73		341.661821000
6	0		342.085760000
6	0		342.449545000
6	0		343.115371000
6	0		343.115377000
6	0		343.115382000
6	0		343.116666000
6	0		343.116863000
6	0		343.117245000
6	56		343.512324000
6	0		343.971661000
6	0		343.971718000
6	0		344.797892000
6	0		344.798899000
6	0		344.983658000
6	0		344.984955000
6	0		344.986004000
6	0		345.101843000
6	0		345.172187000
6	0		345.174208000
6	0		345.286939000
1,17		35	345.546145000
6	0		345.546179000
6	0		345.920137000
6	0		345.921196000
6	0		346.107434000
6	0		346.108460000
6	56		346.662175000
6	0		346.664245000
6	73		346.815158000
6	0		347.229796000
6	0		347.229803000
6	0		347.230820000
6	0		347.230936000
6	73		347.271295000
6	0		347.790298000
6	0		347.791665000
6	0		348.118669000
6	0		348.164015000
6	0		348.164039000
6	0		348.164045000
6	0		348.165025000
6	0		348.171867000
6	0		348.172741000
6	0		348.351330000
6	0		348.359730000
6	129		349.602617000
6	0		349.829830000
6	0		351.156391000
6	0		351.157696000
6	56		351.815620000
6	0		351.817332000
6	0		352.091431000
6	0		352.092766000
6	0		352.215004000
6	56		352.271615000
6	0		352.273732000
6	0		352.277988000
6	0		352.279347000
6	0		353.213271000
6	0		353.214229000
6	0		355.363411000
6	0		355.410667000
6	0		356.101813000
6	0		356.643710000
6	0		356.643753000
6	0		356.644352000
6	0		357.327440000
6	0		357.328568000
6	0		359.384045000
6	0		359.385119000
6	0		359.819502000
6	0		360.128356000
6	0		360.129504000
6	0		360.407329000
6	0		360.408460000
6	1396		362.274909000
6	0		362.274964000
6	1396		362.275532000
6	0		362.275565000
6	0		363.941374000
6	0		364.220404000
6	0		364.220413000
6	0		364.228223000
6	0		364.229120000
6	129		364.242687000
6	0		364.498904000
6	0		364.507296000
6	0		367.173475000
6	0		367.537544000
6	0		368.134329000
6	0		368.726683000
6	129		369.187411000
6	73		369.350022000
6	0		369.614301000
6	0		369.614329000
6	0		369.615914000
6	0		369.615972000
1,17		38	370.823212000
1,17		162	371.102281000
1,17		1354	371.102309000
1,17		1358	371.195760000
1,17		1358	371.288321000
1,17		1358	371.381698000
6	0		371.660377000
6	0		371.661534000
1,17		1358	371.846407000
6	0		372.032562000
6	0		372.033614000
6	129		372.107532000
1,17		1358	372.961873000
1,17		1358	373.892099000
6	56		374.350269000
6	0		374.352063000
1,17		1358	374.822692000
6	180		375.191084000
1,17		1358	375.844905000
6	0		375.938120000
6	0		375.938154000
6	0		375.938160000
6	0		375.938165000
6	0		375.938170000
6	0		375.938178000
6	0		375.938183000
6	0		375.938187000
6	0		375.939238000
6	0		375.939261000
6	0		375.939265000
6	0		376.031844000
6	0		376.031849000
6	0		376.031854000
6	0		376.031858000
6	0		376.031864000
6	0		376.031867000
6	0		376.031873000
6	517		376.031878000
6	0		376.039932000
6	2792		376.042086000
6	2386		376.042131000
6	517		376.124058000
6	517		376.124092000
6	0		376.132449000
6	0		376.132753000
6	2792		376.134066000
6	2386		376.134084000
6	5178		376.134365000
6	0		376.310318000
6	0		376.311780000
6	0		376.496439000
6	0		376.497763000
6	0		377.984953000
6	0		377.984960000
6	0		380.216312000
6	0		380.216362000
6	0		380.495794000
6	0		381.332385000
6	129		381.651276000
6	0		381.983555000
6	0		381.984640000
6	0		382.355050000
6	0		382.356461000
6	0		382.726939000
6	0		382.728491000
6	0		383.564348000
6	0		384.587118000
6	0		384.587123000
6	0		385.331516000
6	0		385.331545000
6	0		385.331553000
6	771		385.331558000
6	0		385.332929000
6	367		385.333745000
6	771		385.424235000
6	0		385.425560000
6	367		385.426168000
6	0		385.702958000
6	0		385.702966000
6	0		385.982317000
6	0		385.983428000
6	0		386.212751000
6	0		386.447513000
6	0		386.447555000
6	0		387.191361000
6	0		387.193183000
6	0		387.842258000
6	0		387.843793000
6	0		388.307153000
6	0		388.678897000
6	0		388.678904000
6	0		388.678912000
6	0		388.772043000
6	0		389.237148000
6	0		389.237156000
6	0		390.260076000
6	0		390.269028000
6	0		390.572163000
6	0		391.190612000
6	0		391.283369000
6	0		391.292295000
6	0		391.468887000
6	0		393.236309000
6	0		393.245264000
6	0		395.096595000
6	0		395.300203000
6	0		395.349988000
6	0		395.400699000
6	0		395.839927000
6	0		395.839934000
6	0		395.839939000
6	56		396.683738000
6	56		396.835827000
6	0		397.514337000
6	0		397.523280000
6	0		399.932738000
6	0		400.676021000
6	0		400.862389000
6	0		400.863383000
6	0		401.572175000
6	129		402.596703000
6	0		405.698135000
6	0		405.707074000
6	0		405.977753000
6	0		405.977760000
6	0		405.977766000
6	0		405.985685000
6	0		405.986228000
6	0		405.986472000
6	0		406.307468000
6	0		406.307515000
6	0		406.308095000
6	0		408.022961000
6	0		408.022996000
6	0		408.674304000
6	56		411.859300000
6	0		413.988153000
6	0		414.161145000
6	0		414.163275000
6	0		414.905254000
6	0		414.906848000
6	0		415.277332000
6	0		415.277341000
6	0		415.278690000
6	0		415.278946000
6	0		415.749384000
6	0		415.831369000
6	0		416.021168000
6	0		417.137065000
6	0		418.439215000
6	0		418.440256000
6	0		421.818315000
6	0		421.827608000
17		1358	422.624552000
17		85	422.624579000
17		1358	422.628207000
17		1358	422.628246000
17		1358	422.628266000
17		1358	422.628271000
17		198	422.628275000
17		1347	422.686585000
6	0		423.740319000
6	0		423.987982000
6	0		424.794591000
6	0		424.795916000
6	0		425.042524000
6	0		425.043832000
6	0		425.101379000
6	0		425.348294000
17		1358	425.629035000
17		1358	425.662117000
17		1358	425.663905000
6	0		425.848337000
6	0		425.849951000
6	0		426.096340000
6	0		426.097636000
17		1358	426.654065000
17		1358	426.716273000
17		86	426.716311000
6	0		426.716328000
6	0		426.717526000
17		1358	426.719219000
17		1358	426.719247000
17		1358	426.719254000
17		1358	426.719260000
17		209	426.719266000
6	0		426.902224000
6	0		426.902802000
17		1358	426.964176000
17		1358	426.965796000
6	0		427.022317000
6	0		427.206434000
17		1358	427.267401000
17		1358	427.522537000
17		1358	427.524233000
6	0		427.646326000
6	0		427.646953000
6	0		427.832313000
6	0		427.833731000
6	0		427.894442000
6	0		427.895030000
6	0		428.080311000
6	0		428.081690000
17		1358	428.125021000
17		1358	428.762009000
17		1358	428.763648000
6	0		429.692298000
6	0		429.692877000
6	0		429.853418000
6	0		429.902425000
6	0		429.940309000
6	0		429.940866000
17		1358	429.964098000
6	0		430.109098000
6	73		430.388253000
17		1358	430.621955000
6	0		431.118473000
6	0		431.694279000
6	0		432.048741000
6	0		432.050483000
6	0		432.358280000
6	0		432.359919000
6	56		432.804683000
6	0		433.102306000
6	0		433.103369000
6	0		433.846375000
6	0		433.847018000
6	0		433.998435000
6	0		434.094030000
6	0		434.094599000
6	0		434.776617000
6	0		434.838043000
6	0		434.838073000
6	0		434.838081000
6	0		434.838087000
6	0		434.838102000
6	0		434.838107000
6	517		434.838114000
6	0		434.847601000
6	2792		434.849712000
6	2386		434.849767000
6	0		434.900040000
6	56		435.388091000
6	0		435.390278000
6	0		435.954555000
6	0		436.061383000
6	0		436.140242000
6	0		436.140249000
6	0		436.140255000
6	0		436.381128000
6	0		436.450671000
6	0		436.450676000
6	0		436.450684000
6	0		437.902260000
6	0		440.294168000
6	0		440.295508000
6	0		440.542328000
6	0		440.544011000
6	0		441.658539000
6	0		442.030360000
6	0		442.030948000
6	0		442.340054000
6	0		442.340618000
6	0		443.517915000
6	0		445.191982000
6	0		445.191988000
6	0		445.378367000
6	0		445.379973000
6	0		445.812422000
6	0		445.812434000
6	0		447.001096000
6	0		447.548688000
6	0		448.605099000
6	0		448.605180000
6	0		450.190324000
6	0		450.702367000
6	0		453.500799000
1,17		1358	454.306130000
1,17		1358	454.368303000
1,17		1358	454.430500000
1,17		1358	454.492686000
1,17		198	454.492711000
6	0		455.112462000
6	0		455.114066000
6	0		455.235938000
6	747		455.235952000
6	0		455.237289000
6	355		455.238341000
6	0		455.416443000
6	0		455.484041000
6	747		455.484049000
6	0		455.485443000
6	355		455.486523000
6	0		455.546272000
6	73		455.588422000
6	0		455.794256000
1,17		1358	456.166269000
6	0		456.166311000
6	0		456.167796000
1,17		1358	456.228110000
6	0		456.414762000
6	0		456.662566000
6	0		457.220188000
6	517		457.220207000
6	0		457.221179000
6	2792		457.222260000
6	2387		457.222293000
1,17		1358	457.344700000
1,17		1358	457.405878000
6	0		457.716165000
6	517		457.716173000
6	0		457.716764000
6	2792		457.717788000
6	2387		457.717838000
6	0		457.902613000
6	0		458.026072000
6	0		458.150288000
6	0		458.152023000
1,17		1358	458.522158000
6	0		458.646502000
6	0		458.831958000
6	0		458.894161000
6	0		459.080716000
1,17		1358	459.885828000
6	0		460.134704000
6	0		460.134709000
6	0		460.134716000
6	0		460.161118000
6	0		460.195941000
6	0		460.258679000
6	0		460.260392000
6	0		460.319867000
6	0		460.382782000
6	0		460.444079000
6	0		460.444113000
6	0		460.453264000
6	0		460.505859000
6	0		460.505906000
6	64		460.505910000
6	517		460.505915000
6	0		460.507611000
6	2836		460.508135000
6	1418		460.508205000
6	1418		460.508226000
6	1143		460.508275000
6	0		460.520158000
6	1396		460.567876000
6	0		460.567911000
6	0		460.567919000
6	0		460.567925000
6	74		460.567930000
6	74		460.567937000
6	0		460.567943000
6	0		460.567947000
6	0		460.569317000
6	910		460.569753000
6	910		460.569908000
6	0		460.569917000
6	0		460.576817000
6	92		460.630113000
6	0		460.630140000
6	31		460.631847000
6	0		460.692125000
6	0		460.754286000
6	0		460.755599000
6	0		460.816697000
6	64		460.816744000
6	0		460.822192000
6	0		460.877993000
6	0		460.940666000
6	0		461.002246000
6	0		461.002272000
6	64		461.002279000
6	0		461.008348000
6	0		461.064151000
6	0		461.064180000
6	517		461.064189000
6	0		461.073030000
6	2792		461.074814000
6	2386		461.074842000
6	0		461.126103000
6	0		461.188150000
6	0		461.250389000
6	0		461.313147000
6	0		461.313173000
6	435		461.313181000
6	0		461.313187000
6	74		461.313191000
6	910		461.315208000
6	0		461.322109000
6	2792		461.355180000
6	2792		461.355236000
6	2792		461.355250000
6	0		461.374431000
6	1418		461.435978000
6	0		461.443370000
6	428		461.497870000
6	0		461.497900000
6	0		461.497908000
6	31		461.497917000
6	0		461.497928000
6	0		461.499461000
6	0		461.499477000
6	403		461.501126000
6	31		461.501155000
6	39		461.501189000
6	69		461.501797000
6	31		461.501852000
6	1396		461.538943000
6	0		461.560273000
6	0		461.622502000
6	0		461.684271000
6	64		461.684312000
6	0		461.684318000
6	0		461.698589000
6	1396		461.722460000
6	0		461.746340000
6	0		461.807950000
6	0		461.870103000
6	1396		461.906055000
6	0		461.932314000
6	0		461.994638000
6	0		462.055823000
6	1396		462.089659000
6	0		462.117971000
6	39		462.118002000
6	0		462.125341000
6	0		462.180524000
6	0		462.241903000
6	1396		462.273234000
6	0		462.304287000
6	1396		462.334432000
6	0		462.366725000
6	1396		462.375729000
6	1396		462.417066000
6	0		462.428340000
6	1396		462.458433000
6	1396		462.499817000
6	1396		462.539422000
6	0		462.551856000
6	1396		462.577306000
6	1396		462.615167000
6	1396		462.653103000
6	0		462.676074000
6	1396		462.690889000
6	1396		462.728791000
6	1396		462.766670000
6	0		462.800246000
6	1396		462.804692000
6	1396		462.842487000
6	1396		462.880290000
6	1396		462.918169000
6	0		462.924004000
6	1396		462.956038000
6	1396		462.985694000
6	1396		463.015347000
6	1396		463.036979000
6	0		463.048055000
6	1396		463.058747000
6	391		463.080317000
6	0		463.667938000
6	0		463.730119000
6	0		463.792293000
6	0		463.854448000
6	0		463.916574000
6	0		463.977880000
6	0		464.040054000
6	0		464.102196000
6	0		464.164377000
6	0		464.226558000
6	0		464.288741000
6	0		464.349935000
6	0		464.349962000
6	1396		464.412106000
6	323		464.412132000
6	0		464.422636000
6	1396		464.432693000
6	1396		464.444262000
6	1396		464.465924000
6	1396		464.487588000
6	1396		464.509289000
6	1396		464.530932000
6	1396		464.552591000
6	1396		464.574260000
6	1396		464.595960000
6	1396		464.617679000
6	1396		464.639311000
6	1396		464.660865000
6	1396		464.682714000
6	1396		464.704228000
6	1396		464.725878000
6	1396		464.747614000
6	1396		464.769265000
17		1358	464.784513000
17		1358	464.787230000
17		1358	464.787258000
17		1358	464.787263000
17		1358	464.787267000
17		393	464.787271000
6	1396		464.790872000
6	1396		464.812541000
6	1396		464.834188000
6	593		464.846513000
6	199		464.846547000
6	0		464.848146000
6	0		464.848166000
6	1396		464.855878000
6	69		464.868421000
6	31		464.868508000
6	39		464.869466000
6	1396		464.877540000
6	1396		464.899234000
6	1396		464.920866000
6	1396		464.942531000
6	1396		464.964193000
6	1396		464.985839000
6	1396		465.007495000
6	1396		465.029184000
6	1396		465.050827000
6	1396		465.072499000
17		1358	465.086884000
6	1396		465.094168000
17		1358	465.094214000
17		1358	465.095268000
6	1396		465.115919000
6	1396		465.137512000
6	1396		465.159149000
6	1396		465.180835000
6	1396		465.202465000
6	1396		465.224126000
6	1396		465.245785000
6	1396		465.267451000
6	1396		465.289125000
6	1396		465.310824000
6	1396		465.332476000
6	1396		465.354102000
6	1396		465.375803000
6	1396		465.397567000
6	1396		465.419096000
6	1396		465.440780000
6	1396		465.462494000
6	1396		465.484077000
6	1396		465.505776000
6	1396		465.527432000
6	1396		465.549082000
6	1396		465.570773000
6	1396		465.592358000
6	1396		465.614164000
6	1396		465.635721000
6	0		465.652007000
6	1396		465.657376000
6	1396		465.679060000
17		1358	465.695611000
6	1396		465.700716000
6	0		465.714000000
17		1358	465.714025000
17		1358	465.715104000
6	1396		465.722475000
6	1396		465.744076000
6	1396		465.765688000
6	0		465.776213000
6	1396		465.787382000
6	1396		465.809026000
6	1396		465.830709000
6	1396		465.837814000
6	0		465.846660000
6	1396		465.852369000
6	1396		465.874046000
6	1396		465.895728000
6	428		465.900076000
6	0		465.900104000
6	0		465.908868000
6	1070		465.917334000
6	1396		465.959771000
6	2792		465.959830000
6	1396		465.959841000
6	1396		465.959854000
6	1396		465.959857000
6	0		465.962099000
6	1396		465.972538000
6	723		465.985245000
6	0		466.024291000
6	0		466.148791000
6	0		466.209975000
6	0		466.272123000
6	0		466.396160000
6	0		466.457970000
6	0		466.520110000
6	0		466.644547000
6	0		466.706720000
6	0		466.830160000
6	0		466.891893000
17		1358	466.891920000
17		1358	466.893119000
6	0		466.954229000
6	428		466.954258000
6	0		466.963909000
17		1358	467.078007000
17		49	467.140739000
6	723		467.172930000
17		49	467.202016000
17		173	467.264146000
17		630	467.265569000
17		34	467.291106000
17		101	467.296369000
6	0		467.326345000
6	0		467.387822000
6	0		467.450105000
6	0		467.574170000
6	0		467.574199000
6	39		467.574204000
6	0		467.581204000
6	0		467.636366000
6	0		467.698665000
6	0		467.822338000
6	0		467.946252000
6	0		468.070576000
6	0		468.256209000
17		169	468.380440000
6	0		468.380473000
17		33	468.381597000
17		171	468.566220000
17		35	468.567394000
6	0		468.628432000
6	1396		468.690303000
6	0		468.699960000
6	0		468.814398000
6	0		468.938766000
6	1396		469.027891000
6	0		469.124387000
6	0		469.309929000
6	0		469.434228000
6	0		469.558692000
6	0		469.682284000
6	0		469.806301000
6	0		469.930666000
6	0		470.053964000
6	0		470.302650000
6	0		470.550286000
6	0		470.674720000
17		173	470.798090000
17		37	470.799211000
17		1358	470.826667000
6	0		470.860242000
17		175	470.922384000
17		39	470.923480000
6	0		471.045942000
6	0		471.108225000
6	0		471.232475000
6	0		471.355836000
6	0		471.417992000
6	0		471.542341000
6	1396		471.604263000
6	435		471.604291000
6	0		471.604298000
6	0		471.614804000
6	0		471.614848000
6	1396		471.625496000
6	1396		471.636439000
6	1396		471.658143000
6	0		471.666579000
6	1396		471.679798000
6	1396		471.701452000
6	1396		471.723114000
6	0		471.728417000
6	1396		471.744775000
6	1396		471.766437000
6	1396		471.788111000
6	0		471.790402000
6	1396		471.809783000
6	1396		471.831487000
6	0		471.851861000
6	1396		471.853064000
6	1396		471.874743000
6	1396		471.896417000
6	0		471.914044000
6	1396		471.918074000
6	1396		471.939741000
6	1396		471.961386000
6	0		471.976105000
6	0		471.976134000
6	1396		471.983140000
6	1396		472.004745000
6	1396		472.026413000
6	1396		472.048069000
6	1396		472.069686000
6	1396		472.091388000
6	1396		472.113011000
6	1396		472.134705000
6	1396		472.157744000
6	1396		472.178077000
6	1396		472.199797000
6	1396		472.221450000
6	1396		472.243022000
6	135		472.264719000
17		177	472.286111000
17		41	472.287345000
6	0		472.409970000
17		41	472.409999000
17		41	472.410003000
6	0		472.534415000
17		43	472.596698000
6	0		472.658274000
6	0		472.720658000
6	0		472.781860000
6	0		472.844043000
6	0		472.906249000
6	0		472.968401000
6	0		473.030598000
6	0		473.092772000
6	0		473.153934000
6	0		473.216209000
6	0		473.278334000
6	0		473.340506000
6	0		473.402657000
6	0		473.463867000
6	0		473.525935000
6	0		473.588095000
6	0		473.650228000
6	0		473.712511000
6	0		473.774721000
6	0		473.836001000
6	0		473.898185000
6	0		473.960349000
6	0		474.022616000
6	0		474.084359000
6	0		474.146596000
6	0		474.208792000
6	0		474.270006000
6	0		474.332032000
6	0		474.394189000
6	0		474.518723000
6	0		474.518746000
17		1354	474.518754000
17		39	474.520247000
17		179	474.579938000
17		360	474.582579000
17		33	474.582634000
6	1396		474.642627000
6	439		474.642657000
6	0		474.653191000
6	1396		474.701706000
6	1396		474.712512000
6	1396		474.734146000
6	1396		474.755839000
6	1396		474.777510000
6	1396		474.799149000
6	1396		474.820797000
17		571	474.828125000
17		39	474.829354000
17		47	474.831565000
17		33	474.831681000
6	1396		474.842494000
6	1396		474.864142000
6	1396		474.885815000
6	1396		474.907474000
6	1396		474.929149000
6	1396		474.950767000
6	1396		474.972466000
6	1396		474.994133000
6	1396		475.015795000
6	1396		475.037476000
6	1396		475.059093000
6	1396		475.080760000
6	1396		475.102533000
6	1396		475.124085000
6	1396		475.145730000
6	1396		475.167398000
6	1396		475.189111000
6	1396		475.210729000
6	1396		475.232385000
6	1396		475.254067000
6	1396		475.275736000
6	1396		475.297413000
6	1396		475.319135000
6	1396		475.340734000
6	1396		475.362378000
6	1396		475.384031000
6	1396		475.405754000
6	1396		475.427376000
6	1396		475.449033000
6	1396		475.470690000
6	1396		475.492366000
6	1396		475.514013000
6	1130		475.535700000
17		43	475.882393000
17		41	475.882402000
17		33	475.908735000
6	0		476.192628000
6	0		476.316683000
6	0		476.377881000
6	0		476.439940000
6	0		476.563959000
6	0		476.626113000
6	0		476.688266000
17		43	476.749998000
17		41	476.750035000
17		33	476.776400000
6	0		476.812246000
6	0		476.873847000
6	0		476.936402000
6	0		477.060546000
6	0		477.122376000
6	0		477.183874000
6	0		477.246054000
6	0		477.308236000
6	0		477.432289000
6	0		477.494469000
6	0		477.556665000
6	0		477.679967000
6	0		477.742102000
6	0		477.804253000
6	0		477.928409000
6	0		477.990536000
6	0		478.052845000
6	0		478.176137000
6	0		478.238326000
6	0		478.300607000
6	0		478.423932000
6	0		478.486747000
6	0		478.547892000
6	0		478.672236000
6	0		478.734415000
6	0		478.796576000
6	0		478.919938000
6	0		478.919966000
6	0		478.981862000
6	0		479.106037000
6	0		479.168189000
6	0		479.292264000
6	0		479.354104000
6	1396		479.416293000
6	439		479.416332000
6	0		479.426851000
6	1396		479.478732000
6	418		479.478760000
6	0		479.480187000
6	1396		479.481050000
6	1396		479.481106000
6	1396		479.481122000
6	1043		479.481133000
6	1396		479.539351000
6	1396		479.550117000
6	1396		479.571731000
6	1396		479.593429000
6	1396		479.615072000
6	1396		479.636741000
6	1396		479.658416000
6	1396		479.680087000
6	1396		479.701736000
6	1396		479.723400000
6	1396		479.745155000
6	1396		479.766720000
6	1396		479.788362000
6	1396		479.810044000
6	1396		479.831734000
6	1396		479.853395000
6	1396		479.875072000
6	1396		479.896733000
6	1396		479.918389000
6	1396		479.940026000
6	1396		479.961698000
6	1396		479.983328000
6	1396		480.005036000
6	1396		480.026710000
6	1396		480.048391000
6	1396		480.070006000
6	1396		480.091698000
6	1396		480.113335000
6	1396		480.135022000
6	1396		480.156672000
6	1396		480.178333000
6	1396		480.199993000
6	1396		480.221634000
6	1396		480.243336000
6	1396		480.264971000
6	1396		480.286626000
6	1396		480.308286000
6	1396		480.329980000
6	1396		480.351640000
6	1396		480.373337000
6	1396		480.394980000
6	1396		480.416624000
6	1396		480.438297000
6	922		480.459932000
6	0		480.536311000
6	0		480.582596000
6	0		480.628767000
6	0		480.673918000
6	0		480.720141000
6	0		480.766411000
6	0		480.903989000
6	0		480.950092000
6	0		480.995930000
6	0		481.042599000
6	0		481.088777000
6	0		481.226232000
6	0		481.272592000
6	0		481.272619000
6	0		481.318802000
6	0		481.363984000
6	0		481.410149000
6	0		481.456313000
6	0		481.502473000
6	0		481.548268000
6	0		481.640195000
6	0		481.732068000
6	0		481.824321000
6	0		481.917066000
6	0		482.008212000
6	0		482.100293000
6	0		482.192681000
6	0		482.284016000
6	0		482.376255000
6	0		482.468540000
6	0		482.559908000
6	0		482.605930000
6	0		482.698219000
6	0		482.790540000
6	1396		482.836683000
6	306		482.836709000
6	0		482.837286000
6	2792		482.871176000
6	1396		482.967859000
6	1396		483.064540000
6	0		483.112830000
6	0		483.158147000
6	1396		483.161207000
6	0		483.250445000
6	1396		483.257897000
6	0		483.342299000
6	1396		483.354689000
6	1396		483.404737000
6	1396		483.448884000
6	1396		483.489942000
6	0		483.526016000
6	1396		483.531030000
6	1396		483.572039000
6	1396		483.613083000
6	1396		483.651221000
6	1396		483.689385000
6	0		483.710249000
6	1396		483.727517000
6	1396		483.765571000
6	0		483.802819000
6	1396		483.803696000
6	1396		483.841825000
6	1396		483.879970000
17		1354	483.894080000
17		35	483.895449000
6	1396		483.912023000
17		205	483.940443000
6	1396		483.944108000
17		189	483.947031000
17		42	483.947078000
6	1396		483.976201000
6	0		483.986588000
6	1396		484.008257000
6	1396		484.040362000
6	1396		484.072433000
6	1396		484.104506000
6	0		484.123818000
6	1396		484.136567000
6	1396		484.168666000
6	1396		484.200730000
6	1396		484.230623000
6	1396		484.260364000
6	0		484.262209000
6	1396		484.290264000
6	1396		484.319937000
6	1396		484.349812000
6	1396		484.378240000
6	1396		484.406742000
6	1396		484.435228000
6	0		484.446620000
6	1396		484.463733000
6	1396		484.492216000
6	1396		484.520733000
6	1396		484.549238000
6	1396		484.577759000
6	0		484.584096000
6	1396		484.606215000
6	1396		484.634697000
6	1396		484.663267000
17		41	484.676721000
6	1396		484.688632000
6	1095		484.714117000
6	0		484.721893000
17		43	484.813888000
17		41	484.813911000
17		33	484.840059000
6	0		484.860641000
6	0		484.952107000
6	0		485.044215000
6	0		485.135958000
6	0		485.228247000
6	0		485.274329000
6	0		485.320485000
6	0		485.366619000
6	0		485.412779000
6	0		485.457998000
6	0		485.504153000
6	0		485.596015000
6	0		485.688261000
6	0		485.734347000
6	0		485.780482000
6	0		485.826697000
6	0		485.871970000
6	0		485.918110000
6	0		485.964223000
6	0		486.056601000
6	0		486.102738000
6	0		486.193999000
6	1396		486.240153000
6	422		486.240182000
6	0		486.240775000
6	1396		486.241591000
6	1396		486.260172000
6	1396		486.279553000
6	1396		486.298920000
6	1396		486.318286000
6	1396		486.337652000
6	1396		486.357037000
6	1396		486.376403000
6	1396		486.395800000
6	1396		486.415230000
6	1396		486.434548000
6	1396		486.453901000
6	1396		486.473285000
6	1396		486.492654000
6	1396		486.512048000
6	1396		486.531407000
6	1396		486.550781000
6	0		486.562303000
6	1396		486.570142000
6	1396		486.589537000
6	0		486.608309000
6	1396		486.608884000
6	1396		486.628282000
6	1396		486.647699000
6	1396		486.667034000
6	1396		486.686413000
6	0		486.700251000
6	1396		486.705776000
6	1396		486.725153000
6	1396		486.744534000
6	1396		486.763902000
6	1396		486.783281000
6	0		486.791912000
6	1396		486.802649000
6	1396		486.822028000
6	1396		486.841406000
6	1396		486.860797000
6	1396		486.880167000
6	1396		486.899535000
6	1396		486.918976000
6	0		486.930652000
6	1396		486.938280000
6	1396		486.957653000
6	277		486.977017000
6	0		487.022138000
6	0		487.160697000
6	0		487.252393000
6	0		487.390221000
6	0		487.481958000
6	0		487.574002000
6	0		487.712478000
6	0		487.804094000
6	0		487.942570000
6	0		488.033903000
6	0		488.126345000
6	0		488.218601000
6	0		488.356178000
6	0		488.494715000
6	0		488.586084000
6	0		488.631978000
6	1396		488.678182000
6	307		488.678213000
6	0		488.678826000
6	1396		488.814898000
6	1396		488.824561000
6	1396		488.843968000
6	1396		488.863327000
6	1396		488.882689000
6	1396		488.902066000
6	1396		488.921444000
6	1396		488.940835000
6	1396		488.960232000
6	1396		488.979583000
6	1396		488.999010000
6	0		489.000220000
6	1396		489.018316000
6	1396		489.037747000
6	0		489.046078000
6	1396		489.057120000
6	1396		489.075659000
6	0		489.092216000
6	1396		489.094386000
6	1396		489.112863000
6	1396		489.131408000
6	1396		489.149952000
6	1396		489.168536000
6	0		489.184217000
6	1396		489.187175000
6	1396		489.205714000
6	1396		489.224289000
6	1396		489.242859000
6	1396		489.261435000
6	0		489.276680000
6	1396		489.280008000
6	1396		489.298610000
6	1396		489.317207000
6	1396		489.335792000
6	1396		489.354340000
6	1396		489.372900000
6	1396		489.391490000
6	1396		489.410103000
6	0		489.413805000
6	1396		489.428672000
6	1396		489.447216000
6	1396		489.465779000
6	1396		489.484363000
6	1396		489.502953000
6	0		489.506642000
6	1396		489.521510000
6	1396		489.540114000
6	1396		489.558675000
6	1396		489.577276000
6	1396		489.595870000
6	1396		489.614410000
6	1396		489.633003000
6	0		489.644240000
6	1396		489.651570000
6	1396		489.670243000
6	1095		489.688717000
6	0		489.736092000
6	0		489.873856000
6	0		490.012404000
6	0		490.104687000
6	0		490.242209000
6	0		490.334754000
6	0		490.379952000
6	0		490.472221000
6	0		490.564242000
6	0		490.656820000
6	0		490.794112000
6	0		490.886320000
6	0		490.978543000
6	0		491.069843000
6	0		491.162072000
6	0		491.254443000
6	0		491.346796000
6	0		491.392303000
6	1396		491.438104000
6	422		491.438137000
6	0		491.438724000
6	1396		491.642180000
6	1396		491.650818000
6	1396		491.668290000
6	1396		491.685792000
6	1396		491.703231000
6	1396		491.720746000
6	1396		491.738192000
6	1396		491.755650000
6	1396		491.773113000
6	1396		491.790606000
6	1396		491.808083000
6	1396		491.825588000
6	1396		491.843007000
6	1396		491.860488000
6	1396		491.877958000
6	1396		491.895445000
6	1396		491.912893000
6	1396		491.930379000
6	0		491.943886000
6	1396		491.947844000
6	1396		491.965325000
6	1396		491.982794000
6	0		491.990167000
6	1396		492.000246000
6	1396		492.017781000
6	1396		492.035208000
6	0		492.036301000
6	1396		492.052672000
6	1396		492.070143000
6	0		492.082505000
6	1396		492.087599000
6	1396		492.105090000
6	1396		492.122598000
6	0		492.128648000
6	1396		492.140035000
6	1396		492.157508000
6	1396		492.174971000
6	1396		492.192457000
6	1396		492.209942000
6	0		492.219923000
6	1396		492.227392000
6	1396		492.244891000
6	1396		492.262334000
6	0		492.266235000
6	1396		492.279831000
6	1396		492.297281000
6	0		492.312627000
6	1396		492.314762000
6	1396		492.332239000
6	1396		492.349693000
6	0		492.357801000
6	1396		492.367219000
6	1377		492.384661000
6	0		492.450094000
6	0		492.496283000
6	0		492.542463000
6	0		492.588283000
6	0		492.680231000
6	0		492.726413000
6	0		492.726441000
6	0		492.772605000
6	0		492.863920000
6	0		492.910294000
6	0		492.956474000
6	0		493.002815000
6	0		493.093914000
6	0		493.140081000
6	0		493.186300000
6	0		493.232418000
6	0		493.323942000
6	0		493.370072000
6	0		493.416211000
6	0		493.462372000
6	0		493.508543000
6	0		493.554706000
6	0		493.599878000
6	0		493.646076000
6	0		493.692261000
6	0		493.738389000
6	0		493.784557000
6	0		493.875934000
6	0		493.922098000
6	0		493.968236000
6	0		494.014360000
6	0		494.014384000
6	0		494.060252000
6	0		494.106397000
6	1396		494.152564000
6	422		494.152593000
6	0		494.153218000
6	1396		494.216549000
6	1396		494.241769000
6	1396		494.292179000
6	1396		494.342700000
6	1396		494.393111000
6	0		494.428243000
6	1396		494.443507000
6	0		494.474272000
6	1396		494.493957000
6	1396		494.544387000
6	1396		494.594809000
6	0		494.612268000
6	1396		494.645326000
6	1396		494.695798000
6	0		494.704672000
6	1396		494.746153000
6	1396		494.796551000
6	0		494.796981000
6	1396		494.846999000
6	1396		494.897437000
6	0		494.934407000
6	1396		494.947886000
6	1396		494.998382000
6	1396		495.048774000
6	0		495.071827000
6	1396		495.099186000
6	1396		495.149617000
6	1396		495.200076000
6	0		495.210113000
6	1396		495.250494000
6	1396		495.300944000
6	0		495.301925000
6	1396		495.351489000
6	0		495.394389000
6	1396		495.401807000
6	1396		495.452253000
6	1396		495.502677000
6	0		495.532694000
6	1396		495.553135000
6	1396		495.603620000
6	0		495.624285000
6	1396		495.654019000
6	0		495.716478000
6	1396		495.717104000
6	1396		495.754896000
6	0		495.854684000
6	1396		495.855297000
6	1396		495.875459000
6	1396		495.915818000
6	0		495.945796000
6	1396		495.956194000
6	1396		495.996530000
6	1396		496.036893000
6	0		496.084323000
6	0		496.222509000
6	1396		496.223130000
6	1396		496.256764000
6	0		496.314169000
6	1396		496.324004000
6	639		496.374445000
6	0		496.497934000
6	0		496.590460000
6	0		496.636676000
6	0		496.819930000
6	0		496.911970000
6	0		496.958316000
6	1396		497.004455000
6	307		497.004480000
6	0		497.005070000
6	1396		497.043937000
6	1396		497.069136000
6	1396		497.119594000
6	1396		497.169997000
6	1396		497.220433000
6	0		497.234350000
6	1396		497.270880000
6	1396		497.321314000
6	0		497.326442000
6	1396		497.371758000
6	1396		497.422203000
6	0		497.464411000
6	1396		497.472647000
6	1396		497.523058000
6	0		497.556029000
6	1396		497.573490000
6	1396		497.623936000
6	1396		497.674384000
6	0		497.694420000
6	1396		497.724825000
6	1396		497.775257000
6	1396		497.825741000
6	0		497.832869000
6	1396		497.876135000
6	0		497.924542000
6	1396		497.926548000
6	1396		497.977087000
6	1396		498.027426000
6	0		498.061902000
6	1396		498.067794000
6	1396		498.108117000
6	1396		498.148479000
6	1396		498.188843000
6	0		498.199900000
6	1396		498.229191000
6	1396		498.269555000
6	0		498.292778000
6	1396		498.309952000
6	1396		498.377153000
6	0		498.430615000
6	0		498.568137000
6	1396		498.568745000
6	1396		498.596261000
6	0		498.614481000
6	1396		498.651281000
6	1396		498.706386000
6	0		498.752668000
6	1396		498.761382000
6	1396		498.816352000
6	0		498.844314000
6	1396		498.871386000
6	0		498.936248000
6	1396		498.936859000
6	0		499.028340000
6	1396		499.028963000
6	1396		499.056475000
6	0		499.166509000
6	1396		499.167138000
6	1396		499.194657000
6	0		499.304312000
6	1396		499.304934000
6	1396		499.332440000
6	0		499.442725000
6	1396		499.443386000
6	1396		499.470900000
6	0		499.580318000
6	1396		499.580925000
6	0		499.672286000
6	1396		499.672944000
6	1095		499.700438000
6	0		499.763897000
6	0		499.902391000
6	0		500.039918000
6	0		500.132736000
6	1396		500.177914000
6	422		500.177944000
6	0		500.178614000
6	1396		500.220571000
6	1396		500.248081000
6	1396		500.303089000
6	1396		500.358124000
6	0		500.408545000
6	1396		500.413136000
6	1396		500.468179000
6	1396		500.523210000
6	0		500.546551000
6	1396		500.578239000
6	1396		500.633238000
6	0		500.638781000
6	1396		500.688270000
6	1396		500.743298000
6	0		500.776485000
6	1396		500.798335000
6	1396		500.853343000
6	1396		500.908355000
6	0		500.914219000
6	1396		500.963439000
6	0		501.005880000
6	1396		501.018440000
6	1396		501.073439000
6	1396		501.128437000
6	0		501.143852000
6	1396		501.183469000
6	1396		501.238491000
6	0		501.282131000
6	1396		501.293522000
6	1396		501.348544000
6	1396		501.403577000
6	0		501.420564000
6	1396		501.458604000
6	1396		501.513633000
6	0		501.557930000
6	1396		501.568641000
6	1396		501.623705000
6	0		501.696215000
6	1396		501.696823000
6	1396		501.722696000
6	1396		501.766824000
6	1396		501.810754000
6	0		501.834072000
6	1396		501.854765000
6	1396		501.898779000
6	0		501.972241000
6	0		502.156094000
6	1396		502.156795000
6	1396		502.184373000
6	0		502.202076000
6	1396		502.239353000
6	1396		502.294371000
6	0		502.294874000
6	1396		502.349380000
6	513		502.404453000
6	0		502.432333000
6	0		502.524264000
6	0		502.616300000
6	0		502.708409000
6	0		502.754667000
6	1396		502.799854000
6	422		502.799883000
6	0		502.800506000
6	1396		502.801600000
6	1396		502.856247000
6	1396		502.911996000
6	1396		502.967743000
6	0		503.030157000
6	1396		503.030755000
6	1396		503.079352000
6	1396		503.134971000
6	0		503.168560000
6	1396		503.190737000
6	1396		503.246480000
6	1396		503.302218000
6	0		503.305907000
6	1396		503.357975000
6	1396		503.413709000
6	0		503.443937000
6	1396		503.458305000
6	1396		503.502913000
6	0		503.536764000
6	1396		503.547508000
6	0		503.582239000
6	1396		503.592119000
6	1396		503.636694000
6	0		503.674261000
6	1396		503.711032000
6	0		503.766408000
6	1396		503.785354000
6	1396		503.843442000
6	0		503.903894000
6	1396		503.904515000
6	1396		503.959473000
6	0		504.042021000
6	1396		504.042641000
6	1396		504.075610000
6	0		504.134022000
6	1396		504.134717000
6	1396		504.191616000
6	0		504.272001000
6	1396		504.272621000
6	1396		504.307708000
6	0		504.410664000
6	1396		504.411274000
6	1396		504.440299000
6	0		504.548231000
6	1396		504.548851000
6	1396		504.577875000
6	0		504.686438000
6	1396		504.687196000
6	1396		504.716215000
17		1358	504.824797000
6	0		504.824827000
6	1396		504.825587000
17		1358	504.826657000
17		33	504.851594000
6	1396		504.854592000
6	0		504.962198000
6	1396		504.962811000
6	1396		504.991887000
6	0		505.100277000
6	1396		505.100893000
6	1396		505.129924000
6	0		505.238606000
6	1396		505.239227000
6	1396		505.268255000
17		581	505.284633000
17		41	505.284640000
17		35	505.286095000
17		76	505.287945000
17		33	505.288116000
6	0		505.376448000
6	1396		505.377078000
6	1396		505.400284000
6	1396		505.446720000
6	1396		505.493160000
6	0		505.514318000
6	1396		505.539570000
6	0		505.606032000
6	0		505.697990000
6	1396		505.698593000
6	1396		505.737360000
17		43	505.744477000
17		41	505.744502000
17		33	505.771098000
6	0		505.882686000
6	1396		505.883318000
6	1396		505.912346000
6	0		505.973784000
6	1396		505.974392000
6	1396		506.028416000
6	0		506.158077000
6	1396		506.158767000
6	1396		506.187779000
6	0		506.296283000
6	1396		506.296858000
6	0		506.388252000
6	1396		506.388886000
6	1396		506.417881000
6	0		506.480343000
6	1396		506.480966000
6	1396		506.533943000
6	0		506.572278000
6	0		506.573320000
6	0		506.664686000
6	1396		506.665326000
6	1396		506.694350000
6	0		506.802006000
6	0		506.802036000
6	1396		506.802625000
6	0		506.804044000
6	1396		506.833538000
6	0		506.893996000
6	1396		506.895395000
6	1396		506.957228000
6	0		507.032678000
6	267		507.033303000
6	0		507.170296000
6	0		507.308538000
6	0		507.400737000
6	1396		507.445918000
6	307		507.445948000
6	0		507.446550000
6	1396		507.634093000
6	1396		507.665066000
6	1396		507.726863000
6	0		507.768521000
6	1396		507.788700000
6	1396		507.850548000
6	0		507.906253000
6	1396		507.912399000
6	1396		507.994874000
6	1396		508.077340000
6	0		508.090462000
6	1396		508.139238000
6	1396		508.201029000
6	0		508.227793000
6	1396		508.262876000
6	1396		508.324746000
6	1396		508.386593000
6	0		508.411800000
6	1396		508.448427000
6	1396		508.510269000
6	0		508.549993000
6	1396		508.572133000
6	1396		508.633980000
6	0		508.734664000
6	1396		508.735271000
6	1396		508.766181000
6	0		508.871970000
6	1396		508.872569000
6	1396		508.897324000
6	1396		508.946807000
6	1396		508.996284000
6	0		509.010378000
6	0		509.147843000
6	1396		509.148464000
6	1396		509.179511000
6	0		509.286005000
6	1396		509.286619000
6	1396		509.317587000
6	0		509.470212000
6	1396		509.470832000
6	1396		509.501747000
6	0		509.608261000
6	1396		509.608867000
6	1396		509.639810000
6	0		509.746388000
6	1396		509.746967000
6	0		509.792263000
6	1396		509.792888000
6	0		509.884242000
6	1396		509.884924000
6	0		510.022506000
6	1396		510.023151000
6	1396		510.047887000
6	1396		510.097357000
6	1396		510.146819000
6	0		510.160078000
6	0		510.297903000
6	1396		510.298520000
6	1396		510.329458000
6	0		510.436090000
6	1396		510.436713000
6	1396		510.467642000
6	0		510.574245000
6	1396		510.574864000
6	0		510.666143000
6	1396		510.666766000
6	1396		510.697684000
6	0		510.850142000
6	1396		510.850747000
6	1396		510.881678000
6	0		511.034387000
6	1095		511.035006000
6	0		511.218488000
6	0		511.356486000
6	1396		511.402393000
6	422		511.402420000
6	0		511.403013000
6	1396		511.465857000
6	1396		511.500562000
6	1396		511.570021000
6	0		511.632421000
6	1396		511.639531000
6	1396		511.708942000
6	1396		511.778379000
6	0		511.816405000
17		749	511.816440000
17		35	511.817829000
17		74	511.820801000
17		33	511.820824000
6	1396		511.870999000
6	0		511.954093000
6	1396		511.963606000
17		43	512.000717000
17		41	512.000725000
17		33	512.026938000
6	1396		512.033063000
6	1396		512.102553000
6	1396		512.171986000
6	0		512.183923000
6	1396		512.241425000
6	1396		512.310893000
6	0		512.368348000
6	1396		512.380331000
6	1396		512.449797000
6	0		512.506187000
6	1396		512.519252000
6	1396		512.588714000
6	0		512.690258000
6	1396		512.690852000
6	1396		512.727704000
6	0		512.828372000
6	1396		512.828968000
6	0		512.966097000
6	1396		512.966680000
6	1396		513.001421000
6	0		513.104257000
6	1396		513.104857000
6	0		513.150244000
6	1396		513.150814000
6	1396		513.209743000
6	0		513.334527000
6	1396		513.335150000
6	1396		513.362908000
6	1396		513.418486000
6	0		513.472319000
6	1396		513.474035000
6	0		513.564353000
6	1396		513.564977000
6	0		513.748105000
6	1396		513.748703000
6	1396		513.783413000
6	0		513.886137000
6	1396		513.886749000
6	1396		513.922348000
6	0		514.116421000
6	1396		514.117128000
6	0		514.208619000
6	1396		514.209246000
6	1396		514.246073000
6	0		514.254296000
6	1396		514.319773000
6	0		514.484677000
6	1396		514.485287000
6	1396		514.524310000
6	0		514.621843000
6	1396		514.622460000
6	1396		514.680532000
6	0		514.852593000
6	1396		514.853169000
6	1396		514.884436000
6	1396		514.946910000
6	0		514.989983000
6	1396		515.009390000
6	0		515.174158000
6	1396		515.174770000
6	1396		515.213784000
6	0		515.311889000
6	1396		515.312509000
6	1396		515.369277000
6	0		515.496658000
6	1396		515.497271000
6	1396		515.535951000
6	0		515.634302000
6	995		515.634889000
6	1396		515.680112000
6	307		515.680142000
6	0		515.680721000
6	1396		515.681428000
6	6980		515.681600000
6	1396		515.778588000
6	0		515.863945000
6	1396		515.875618000
6	0		515.956724000
6	1396		515.972662000
6	0		516.002016000
6	0		516.048175000
6	1396		516.069694000
6	0		516.094087000
6	0		516.140239000
6	1396		516.166700000
6	0		516.186066000
6	0		516.232205000
6	1396		516.263753000
6	1396		516.327549000
6	1396		516.367532000
6	0		516.370466000
6	1396		516.399578000
6	0		516.416083000
6	1396		516.431776000
6	1396		516.463708000
6	1396		516.495840000
6	0		516.508255000
6	1396		516.527929000
6	1396		516.559961000
6	1396		516.592066000
6	0		516.600192000
6	1396		516.624149000
6	1396		516.656229000
6	1396		516.688292000
6	0		516.692237000
6	1396		516.717509000
6	1396		516.746767000
6	1396		516.775932000
6	1396		516.805118000
6	1396		516.827635000
6	0		516.830386000
6	1396		516.850106000
6	1396		516.872611000
6	1396		516.895089000
6	1396		516.917583000
6	0		516.922198000
6	1396		516.940079000
6	1396		516.962575000
6	1396		516.985098000
6	1396		517.007576000
6	1396		517.030071000
6	1396		517.052550000
6	0		517.059870000
6	1396		517.075112000
6	1396		517.097533000
6	0		517.105844000
6	1396		517.120027000
6	1396		517.142518000
6	1396		517.165000000
6	1396		517.186888000
6	0		517.197968000
6	1396		517.208845000
6	1396		517.230747000
6	0		517.244081000
6	1396		517.252618000
6	1396		517.274534000
6	0		517.289844000
6	329		517.296440000
6	0		517.336001000
6	0		517.382334000
6	0		517.428476000
6	0		517.520795000
6	0		517.565939000
6	0		517.565968000
6	0		517.576187000
6	0		517.612097000
6	0		517.658626000
6	0		517.703807000
6	0		517.749915000
6	0		517.749938000
6	0		517.796098000
6	0		517.888693000
6	0		517.934333000
6	0		517.980510000
6	0		518.026646000
6	0		518.071875000
6	0		518.117956000
6	0		518.164104000
6	0		518.210651000
6	0		518.255844000
6	0		518.302016000
6	0		518.394311000
6	0		518.532523000
6	0		518.624749000
6	1396		518.669914000
6	422		518.669943000
6	0		518.670554000
6	1396		518.671353000
6	0		518.715838000
6	1396		518.747940000
6	1396		518.825312000
6	1396		518.902690000
6	0		519.038329000
6	1396		519.038931000
6	1396		519.077638000
6	0		519.084266000
6	0		519.086297000
6	1396		519.154998000
6	0		519.176271000
6	1396		519.232398000
6	1396		519.309796000
6	0		519.314099000
6	1396		519.387169000
6	0		519.452596000
6	1396		519.464550000
6	1396		519.526461000
6	1396		519.588350000
6	0		519.589907000
6	1396		519.650261000
6	1396		519.712176000
6	1396		519.774079000
6	0		519.774660000
6	1396		519.877248000
6	0		519.958623000
6	1396		519.980426000
6	1396		520.083611000
6	0		520.096255000
6	1396		520.186779000
6	1396		520.264170000
6	0		520.280457000
6	1396		520.341563000
6	1396		520.418922000
6	0		520.463986000
6	1396		520.496336000
6	1396		520.573879000
6	1396		520.651072000
6	0		520.694719000
6	1396		520.728460000
6	0		520.831989000
6	0		521.016030000
6	1396		521.016620000
6	1396		521.055322000
6	0		521.200370000
6	1396		521.200974000
6	1396		521.239673000
6	0		521.430302000
6	1396		521.430898000
6	1396		521.469606000
6	1396		521.546994000
6	0		521.614390000
6	1396		521.624370000
6	1396		521.701750000
6	1396		521.779147000
6	0		521.844281000
6	1396		521.856527000
6	1396		521.934154000
6	1396		522.011296000
6	0		522.028225000
6	1396		522.088657000
6	1396		522.166042000
6	0		522.166184000
6	1396		522.243520000
6	1396		522.320818000
6	0		522.350423000
6	1396		522.382722000
6	1396		522.444623000
6	1396		522.506582000
6	0		522.534660000
6	1396		522.568431000
6	1396		522.630401000
6	0		522.718780000
6	1396		522.719367000
6	1396		522.795437000
6	0		522.855874000
6	1396		522.898597000
6	1396		522.976023000
6	0		523.039946000
6	1396		523.053368000
6	1396		523.130762000
6	0		523.224238000
6	1396		523.224822000
6	1396		523.285538000
6	0		523.408077000
6	1396		523.408688000
6	1396		523.447378000
6	0		523.546417000
6	1396		523.547013000
6	1396		523.602119000
6	0		523.730325000
6	1396		523.730918000
6	1396		523.769635000
6	0		523.959934000
6	1396		523.960521000
6	1396		523.999221000
6	0		524.098737000
6	1396		524.099372000
6	1396		524.153968000
6	0		524.282531000
6	1396		524.283127000
6	1396		524.321828000
6	0		524.420538000
6	1289		524.421107000
6	0		524.695996000
6	0		524.788525000
6	0		524.926333000
6	0		524.972673000
6	0		524.972708000
6	0		524.974738000
6	1396		525.017863000
6	307		525.017904000
6	0		525.018561000
6	1396		525.019291000
6	1396		525.095892000
6	0		525.155828000
6	1396		525.173264000
6	1396		525.250642000
6	0		525.294093000
6	1396		525.328040000
6	1396		525.405430000
6	1396		525.482808000
6	0		525.524065000
6	1396		525.585973000
6	1396		525.689167000
6	0		525.708628000
6	1396		525.792351000
6	1396		525.869714000
6	0		525.938070000
6	1396		525.947092000
6	1396		526.024507000
6	0		526.075884000
6	1396		526.101934000
6	1396		526.179333000
6	1396		526.256643000
6	0		526.260689000
6	1396		526.334016000
6	0		526.398463000
6	1396		526.411415000
6	1396		526.488796000
6	1396		526.566155000
6	0		526.582366000
6	1396		526.643516000
6	1396		526.720957000
6	0		526.766031000
6	1396		526.798322000
6	1396		526.875712000
6	0		526.949930000
6	1396		526.953090000
6	1396		527.030497000
6	0		527.087890000
6	1396		527.115269000
6	1396		527.199954000
6	0		527.272223000
6	1396		527.284671000
6	1396		527.369404000
6	0		527.410286000
6	1396		527.454150000
6	1396		527.532244000
6	0		527.594668000
6	1396		527.610478000
6	1396		527.688465000
6	821		527.750914000
6	0		527.778192000
6	0		527.824288000
6	0		527.835342000
6	0		527.962240000
6	0		528.146718000
6	1396		528.191948000
6	0		528.197085000
6	423		528.238096000
6	0		528.238695000
6	1396		529.109723000
6	1396		529.148710000
6	1396		529.226834000
6	0		529.250534000
6	1396		529.304924000
6	1396		529.383040000
6	1396		529.461144000
6	0		529.479945000
6	1396		529.532331000
6	1396		529.603537000
6	0		529.663960000
6	1396		529.674734000
6	1396		529.745937000
6	0		529.848427000
6	1396		529.849002000
6	1396		529.888342000
6	0		530.078526000
6	1396		530.079095000
6	1396		530.114703000
6	0		530.170095000
6	1396		530.185913000
6	1396		530.257112000
6	0		530.446283000
6	1396		530.446874000
6	1396		530.475370000
6	0		530.492810000
6	1396		530.532328000
6	1396		530.589299000
6	1396		530.646264000
6	1396		530.703275000
6	0		530.768663000
6	0		530.860228000
6	1396		530.860805000
6	0		530.906016000
6	1396		530.906583000
6	0		531.044248000
6	1396		531.044842000
6	0		531.182176000
6	1396		531.182791000
6	1396		531.218403000
6	0		531.366222000
6	1396		531.366804000
6	0		531.504316000
6	1396		531.504888000
6	1396		531.540515000
6	0		531.687852000
6	1396		531.688457000
6	1396		531.724046000
6	0		531.780467000
6	1396		531.795288000
6	1396		531.866518000
6	0		531.964530000
6	1396		531.965139000
6	1396		531.994648000
6	1396		532.051605000
6	1396		532.108555000
6	0		532.147801000
6	0		532.331978000
6	1396		532.332591000
6	1396		532.368167000
6	0		532.470252000
6	1396		532.470816000
6	0		532.700190000
6	1396		532.700804000
6	1396		532.736402000
6	0		532.838211000
6	1396		532.838800000
6	1396		532.878818000
6	0		533.022625000
6	1396		533.023214000
6	172		533.058818000
6	0		533.113995000
6	0		533.298230000
6	1396		533.344539000
6	306		533.344577000
6	0		533.345106000
6	1396		533.443464000
6	1396		533.483991000
6	1396		533.565063000
6	0		533.574238000
6	1396		533.646191000
6	0		533.666277000
6	1396		533.727258000
6	1396		533.792143000
6	0		533.850248000
6	1396		533.856999000
6	1396		533.921855000
6	0		533.988341000
6	1396		533.988933000
6	0		534.172708000
6	1396		534.173259000
6	1396		534.213808000
6	0		534.310406000
6	1396		534.310966000
6	0		534.494667000
6	1396		534.495264000
6	1396		534.535829000
6	0		534.586213000
6	1396		534.616890000
6	1396		534.697979000
6	0		534.816011000
17		1358	534.816040000
6	1396		534.816600000
17		1358	534.817722000
17		33	534.843008000
6	1396		534.860148000
6	0		534.954352000
6	1396		534.954934000
6	0		535.138274000
6	1396		535.138995000
6	1396		535.171438000
17		580	535.184378000
17		41	535.184407000
17		35	535.185674000
17		76	535.188091000
17		33	535.188128000
6	1396		535.236317000
6	1396		535.301169000
6	0		535.322443000
6	0		535.551852000
17		43	535.551884000
17		41	535.551891000
6	1396		535.552437000
17		33	535.578538000
6	1396		535.592991000
6	0		535.644481000
6	1396		535.674115000
6	1396		535.755204000
6	0		535.920162000
6	1396		535.920759000
6	1396		535.961311000
6	0		536.057865000
6	1396		536.058456000
6	1396		536.123465000
6	0		536.242094000
6	1396		536.242685000
6	1396		536.285650000
6	0		536.380399000
6	1396		536.381005000
6	1396		536.447812000
6	0		536.610074000
6	1396		536.610663000
6	1396		536.651202000
6	0		536.748606000
6	1396		536.749206000
6	1396		536.797157000
6	1396		536.862078000
6	1396		536.926903000
6	0		537.024427000
6	0		537.116127000
6	1396		537.116717000
6	1396		537.157325000
6	0		537.300041000
6	1396		537.300622000
6	1396		537.341170000
6	0		537.438524000
6	1396		537.439126000
6	1396		537.503352000
6	0		537.622791000
6	1095		537.623368000
6	0		537.805786000
6	1396		537.851882000
6	0		537.857234000
6	423		537.898068000
6	0		537.898951000
6	1396		537.899476000
6	1396		537.916052000
6	1396		537.933411000
6	0		537.944056000
6	1396		537.950776000
6	1396		537.968176000
6	1396		537.985513000
6	1396		538.002899000
6	1396		538.020264000
6	1396		538.037632000
6	1396		538.055010000
6	1396		538.072371000
6	1396		538.089741000
6	1396		538.107111000
6	1396		538.124482000
6	1396		538.141831000
6	1396		538.159216000
6	0		538.173918000
6	1396		538.176569000
6	1396		538.193945000
6	1396		538.211332000
6	1396		538.228685000
6	1396		538.246147000
6	1396		538.263424000
6	1396		538.280791000
6	1396		538.298168000
6	0		538.312758000
6	1396		538.315538000
6	1396		538.332880000
6	1396		538.350260000
6	1396		538.367637000
6	1396		538.385021000
6	1396		538.402458000
6	0		538.404288000
6	1396		538.419744000
6	1396		538.437106000
6	1396		538.454553000
6	1396		538.471851000
6	1396		538.489266000
6	0		538.496096000
6	1396		538.506575000
6	1396		538.523953000
6	1396		538.541321000
6	0		538.542733000
6	1396		538.558696000
6	1396		538.576059000
6	1396		538.593426000
6	1396		538.610796000
6	1396		538.628164000
6	1396		538.645536000
6	1396		538.662932000
6	510		538.680260000
6	0		538.680475000
6	0		538.772610000
6	0		538.864396000
6	0		538.956400000
6	0		539.048742000
6	0		539.140046000
6	0		539.232394000
6	0		539.324741000
6	0		539.416326000
6	0		539.508623000
6	0		539.632357000
6	0		539.818488000
6	0		539.941902000
6	0		540.066751000
6	0		540.190217000
6	0		540.314486000
6	1396		540.376502000
6	0		540.377129000
6	306		540.438732000
6	0		540.438758000
6	0		540.439347000
6	1396		540.440166000
6	1396		540.520419000
6	0		540.562486000
6	1396		540.601532000
6	0		540.623976000
6	1396		540.682584000
6	0		541.182480000
6	1396		541.183082000
6	1396		541.215496000
6	1396		541.280381000
6	0		541.305986000
6	1396		541.345237000
6	1396		541.410136000
6	1396		541.474987000
6	1396		541.539873000
6	1396		541.604739000
6	0		541.926140000
6	0		542.050577000
6	0		542.298309000
6	1396		542.298890000
6	0		542.422291000
6	1396		542.422870000
6	1396		542.463432000
6	0		542.732048000
6	1396		542.732651000
6	0		543.041875000
6	1396		543.042455000
6	1396		543.083011000
6	1396		543.164085000
6	1396		543.245182000
6	1396		543.326267000
6	1396		543.407351000
6	0		543.414770000
6	1396		543.488436000
6	1396		543.569522000
6	0		543.786278000
6	1396		543.786889000
6	1396		543.827449000
6	0		543.910002000
6	1396		543.910581000
6	1396		543.989609000
6	0		544.033976000
6	1396		544.070701000
6	1396		544.151787000
6	0		544.158102000
6	1396		544.232875000
6	1396		544.297728000
6	1396		544.362595000
6	1396		544.427486000
6	0		544.468647000
6	0		544.592492000
6	1396		544.593101000
6	0		544.715918000
6	1396		544.716514000
6	1396		544.778320000
6	0		544.963963000
6	1396		544.964548000
6	1396		545.010863000
6	0		545.212698000
6	1396		545.213298000
6	1396		545.259595000
6	0		545.522279000
6	1396		545.522885000
6	0		545.646429000
6	1396		545.647010000
6	1396		545.693326000
6	0		545.894276000
6	1396		545.894868000
6	1396		545.941198000
6	0		546.080119000
6	1396		546.080722000
6	1095		546.127022000
6	0		546.452293000
6	0		546.638538000
6	1396		546.700699000
6	423		546.700735000
6	0		546.701331000
6	1396		546.702107000
6	1396		546.718692000
6	1396		546.736057000
6	1396		546.753436000
6	1396		546.770791000
6	1396		546.788182000
6	1396		546.805598000
6	1396		546.822927000
6	0		546.824313000
6	1396		546.840268000
6	1396		546.857655000
6	1396		546.875034000
6	1396		546.892378000
6	1396		546.909754000
6	1396		546.927134000
6	1396		546.944504000
6	0		546.947919000
6	1396		546.961866000
6	1396		546.979239000
6	1396		546.996585000
6	1396		547.013955000
6	1396		547.031313000
6	1396		547.048684000
6	1396		547.066087000
6	1396		547.083508000
6	1396		547.100804000
6	1396		547.118139000
6	1396		547.135536000
6	1396		547.152922000
6	1396		547.170279000
6	1396		547.187648000
6	1396		547.205061000
6	1396		547.222441000
6	1396		547.239760000
6	1396		547.257132000
6	1396		547.274510000
6	1396		547.291878000
6	1396		547.309217000
6	0		547.319902000
6	1396		547.326623000
6	1396		547.343974000
6	1396		547.361337000
6	1396		547.378706000
6	0		547.381983000
6	1396		547.396059000
6	1396		547.413437000
6	1396		547.430805000
6	0		547.444067000
6	1		547.448167000
6	0		547.506260000
6	0		547.568651000
6	0		547.629830000
6	0		547.691933000
6	0		547.816204000
6	0		547.878303000
6	0		548.064631000
6	0		548.188030000
6	0		548.312211000
6	0		548.436522000
6	0		548.559814000
6	0		548.684099000
6	0		548.870384000
6	0		549.056037000
6	0		549.118279000
6	0		549.242671000
6	0		549.428074000
6	0		549.552394000
6	0		549.676273000
6	0		549.800310000
6	0		549.924710000
6	0		550.110061000
6	0		550.172233000
6	0		550.234097000
6	0		550.234124000
17		629	550.234132000
17		35	550.235954000
17		76	550.237926000
17		33	550.238054000
6	1396		550.296317000
6	418		550.296349000
6	0		550.296917000
6	1396		550.298048000
6	1396		550.314306000
6	1396		550.331660000
6	1396		550.349038000
6	1396		550.366401000
6	1396		550.383789000
6	1396		550.401141000
6	1396		550.418569000
6	1396		550.435924000
6	1396		550.453365000
6	1396		550.470628000
6	1396		550.487985000
6	1396		550.505358000
6	1396		550.522709000
6	1396		550.540095000
6	1396		550.557456000
6	1396		550.574844000
6	1396		550.592195000
6	1396		550.609607000
6	1396		550.626941000
6	1396		550.644316000
6	1396		550.661666000
6	1396		550.679041000
6	1396		550.696394000
6	1396		550.713813000
6	1396		550.731126000
6	1396		550.748502000
6	1396		550.765871000
6	1396		550.783359000
6	1396		550.800631000
6	1396		550.817998000
6	1396		550.835349000
6	1396		550.852726000
6	1396		550.870083000
6	1396		550.887455000
6	1396		550.904827000
17		41	550.916534000
6	1396		550.922244000
6	1396		550.939570000
6	1396		550.956931000
6	1396		550.974277000
17		43	550.978001000
17		41	550.978031000
6	1396		550.991668000
17		33	551.004853000
6	1396		551.009039000
6	1396		551.026426000
6	1396		551.043775000
6	1396		551.061147000
6	1396		551.078518000
6	1396		551.095889000
6	0		551.102271000
6	1125		551.113241000
6	0		551.164415000
6	0		551.164443000
6	0		551.287952000
6	0		551.349872000
6	0		551.411991000
6	0		551.474192000
6	0		551.536417000
6	0		551.660546000
6	0		551.722718000
6	0		551.783952000
17		676	551.783982000
17		35	551.785277000
17		74	551.787834000
17		33	551.787863000
6	0		551.846154000
6	0		551.908365000
6	0		552.032643000
6	0		552.093852000
6	0		552.156249000
6	0		552.218264000
6	0		552.342019000
6	0		552.528511000
6	0		552.652269000
6	0		552.776565000
6	0		552.900679000
6	0		552.961894000
6	0		553.086285000
6	0		553.210455000
6	0		553.334374000
17		41	553.396310000
17		33	553.397501000
17		33	553.489062000
6	0		553.519955000
6	0		553.644613000
6	0		553.768092000
6	1396		553.892480000
6	0		553.898111000
6	306		553.954321000
6	0		553.954353000
6	0		553.954919000
6	1396		553.955621000
6	1396		554.047522000
6	0		554.078341000
6	1396		554.140133000
6	0		554.202138000
6	1396		554.232746000
6	1396		554.325346000
6	0		554.388523000
6	0		554.388558000
6	1396		554.417971000
6	1396		554.510576000
6	1396		554.603212000
6	1396		554.695824000
6	1396		554.788410000
17		43	554.822515000
17		41	554.822520000
17		33	554.823599000
6	1396		554.881089000
17		42	554.884151000
6	1396		554.973644000
6	0		555.008257000
6	1396		555.066240000
6	0		555.132777000
6	1396		555.158860000
6	1396		555.251467000
6	0		555.256332000
6	1396		555.344066000
6	0		555.380178000
6	1396		555.436680000
6	0		555.504208000
6	1396		555.529284000
6	1396		555.621962000
6	1396		555.714486000
6	0		555.752196000
6	1396		555.807133000
6	1396		555.899708000
6	0		555.938498000
6	1396		555.992338000
6	0		556.062766000
6	1396		556.084931000
6	1396		556.177576000
6	0		556.186389000
6	1396		556.270164000
6	0		556.310031000
6	1396		556.362803000
6	1396		556.455378000
6	1396		556.547993000
6	0		556.620440000
6	1396		556.640599000
6	1396		556.733241000
6	0		556.805961000
6	1396		556.825820000
6	1396		556.918497000
6	0		556.992445000
6	1396		557.011093000
6	1396		557.085151000
6	1396		557.159222000
6	0		557.178477000
6	1396		557.233302000
6	1396		557.307401000
6	1396		557.381459000
6	0		557.425834000
6	1396		557.455561000
6	1396		557.529640000
6	1396		557.603734000
6	0		557.674295000
6	1396		557.677862000
6	1396		557.751885000
6	1396		557.825982000
6	0		557.922703000
6	1396		557.949508000
6	1396		558.072939000
6	0		558.170132000
6	1095		558.196407000
6	0		558.418802000
6	0		558.603882000
6	1396		558.666056000
6	419		558.666083000
6	0		558.666641000
6	1396		558.667445000
6	1396		558.684035000
6	1396		558.701470000
6	1396		558.718774000
6	1396		558.736150000
6	1396		558.753513000
6	1396		558.770959000
6	1396		558.788236000
6	0		558.790568000
6	1396		558.805612000
6	1396		558.822983000
6	1396		558.840346000
6	1396		558.857713000
6	1396		558.875091000
6	1396		558.892437000
6	1396		558.909848000
6	1396		558.927192000
6	1396		558.944565000
6	1396		558.961926000
6	1396		558.979280000
6	1396		558.996652000
6	1396		559.014019000
6	1396		559.031394000
6	0		559.038378000
6	1396		559.048762000
6	1396		559.066138000
6	1396		559.083555000
6	1396		559.100870000
6	1396		559.118251000
6	1396		559.135626000
6	1396		559.152985000
6	1396		559.170340000
6	1396		559.187708000
6	1396		559.205099000
6	1396		559.222468000
6	1396		559.239827000
6	1396		559.257190000
6	1396		559.274621000
6	0		559.285854000
6	1396		559.291923000
6	1396		559.309304000
6	1396		559.326658000
6	1396		559.344036000
6	1396		559.361405000
6	1396		559.378770000
6	1396		559.396166000
6	1396		559.413504000
6	1396		559.430867000
6	1396		559.448250000
6	1396		559.465605000
6	1396		559.483031000
6	1396		559.500368000
6	1396		559.517744000
6	0		559.534077000
6	1396		559.535086000
6	1396		559.552465000
6	1396		559.569834000
6	1396		559.587200000
6	1396		559.604586000
6	1396		559.621938000
6	1396		559.639321000
6	1396		559.656685000
6	1396		559.674028000
6	1396		559.691417000
6	1396		559.708783000
6	1396		559.726140000
6	1396		559.743516000
6	1396		559.760882000
6	1396		559.778253000
6	0		559.782224000
6	1396		559.795653000
6	1396		559.812989000
6	1396		559.830352000
6	1396		559.847708000
6	1396		559.865104000
6	1396		559.882459000
6	1396		559.899827000
6	1396		559.917206000
6	1396		559.934550000
6	1396		559.951942000
6	1396		559.969283000
6	1396		559.986668000
6	1396		560.004036000
6	1396		560.021413000
6	1396		560.038766000
6	1396		560.056147000
6	1396		560.073518000
6	1396		560.090886000
6	1396		560.108250000
6	1396		560.125633000
6	1396		560.142989000
6	1396		560.160366000
6	555		560.177745000
6	0		560.216449000
6	0		560.340381000
6	0		560.526524000
6	0		560.650773000
6	0		560.836108000
6	0		560.960391000
6	0		561.084250000
6	0		561.208442000
6	0		561.332270000
6	0		561.518514000
6	0		561.641808000
6	0		561.704266000
6	0		561.828281000
6	0		561.952636000
6	0		562.076003000
6	0		562.200334000
6	0		562.324687000
6	0		562.447963000
6	0		562.572222000
6	0		562.696582000
6	0		562.819966000
6	0		562.944287000
6	0		563.130786000
6	0		563.254098000
6	0		563.440532000
6	0		563.502829000
6	0		563.626087000
6	0		563.750531000
6	0		563.936035000
6	0		564.060419000
6	0		564.184291000
6	0		564.184321000
6	0		564.194657000
6	0		564.308129000
6	0		564.370273000
6	0		564.372057000
6	0		564.432323000
6	0		564.556604000
6	0		564.680007000
6	0		564.804139000
17		676	564.804171000
17		35	564.805403000
17		76	564.807493000
17		33	564.807526000
6	0		564.927942000
6	0		565.114363000
6	0		565.176585000
6	0		565.299837000
6	0		565.424129000
6	0		565.610620000
6	0		565.733941000
6	0		565.858244000
6	0		565.920496000
6	1396		565.982601000
6	306		565.982638000
6	0		565.983221000
6	1396		566.008884000
6	1396		566.017565000
6	1396		566.034933000
6	1396		566.052287000
6	1396		566.069663000
6	1396		566.087036000
6	1396		566.104430000
6	1396		566.121787000
6	1396		566.139154000
6	1396		566.156525000
6	1396		566.173878000
6	1396		566.191257000
6	1396		566.208644000
6	1396		566.225996000
6	1396		566.243353000
6	1396		566.260752000
6	1396		566.278104000
6	1396		566.295470000
6	1396		566.312835000
6	1396		566.330186000
6	1396		566.347557000
6	1396		566.364929000
6	1396		566.382296000
6	1396		566.399684000
17		44	566.415824000
17		41	566.415831000
6	1396		566.417026000
6	1396		566.434412000
17		33	566.441930000
6	1396		566.451793000
6	1396		566.469166000
6	1396		566.486517000
6	1396		566.503879000
6	1396		566.521255000
6	84		566.538680000
6	0		566.540685000
6	0		566.602190000
6	0		566.664337000
6	0		566.726528000
6	0		566.788648000
6	0		566.849947000
6	0		566.912131000
6	0		566.974292000
6	0		567.036458000
6	0		567.098610000
6	0		567.160728000
6	0		567.222011000
6	0		567.284219000
6	0		567.407915000
6	0		567.470091000
6	0		567.532135000
6	0		567.656438000
6	0		567.718641000
6	0		567.779958000
6	0		567.841944000
6	0		567.904069000
6	0		567.966256000
6	0		568.090486000
6	0		568.090508000
6	0		568.152649000
6	0		568.213904000
6	0		568.276012000
6	0		568.337884000
6	0		568.462334000
6	0		568.523913000
6	0		568.523950000
6	1396		568.585956000
6	307		568.585989000
6	0		568.586611000
6	1396		568.587649000
6	1396		568.603999000
6	1396		568.621363000
6	1396		568.638724000
6	1396		568.656090000
6	1396		568.673456000
6	1396		568.690828000
6	1396		568.708206000
6	1396		568.725575000
6	1396		568.742935000
6	1396		568.760319000
6	1396		568.777680000
6	1396		568.795053000
6	1396		568.812419000
6	1396		568.829767000
6	1396		568.847157000
6	1396		568.864518000
6	1396		568.881868000
6	1396		568.899253000
6	1396		568.916625000
6	1396		568.933994000
6	1396		568.951366000
6	1396		568.968732000
6	1396		568.986091000
6	1396		569.003466000
6	1396		569.020827000
6	1396		569.038211000
6	1396		569.055585000
6	1396		569.072969000
6	1396		569.090291000
6	1396		569.107678000
6	1396		569.125027000
6	1396		569.142428000
6	1396		569.159786000
6	1396		569.177149000
6	1396		569.194586000
6	1396		569.211877000
6	1396		569.229258000
6	1396		569.246623000
6	1396		569.263988000
6	1396		569.281348000
6	1396		569.298710000
6	1396		569.316146000
6	1396		569.333454000
6	1396		569.350826000
6	1396		569.368201000
6	1396		569.385563000
6	0		569.391966000
6	1396		569.402924000
6	1396		569.420327000
6	1396		569.437690000
6	0		569.454011000
6	1396		569.455042000
6	1396		569.472404000
6	1396		569.489840000
6	1396		569.507137000
6	0		569.516177000
6	1396		569.524516000
6	1396		569.541891000
6	1396		569.559331000
6	1396		569.576631000
6	0		569.577906000
6	1396		569.593993000
6	1396		569.611375000
6	1396		569.628745000
6	0		569.640050000
6	1396		569.646085000
6	1396		569.663454000
6	1396		569.680849000
6	1396		569.698218000
6	1396		569.715561000
6	1396		569.732950000
6	1396		569.750319000
6	0		569.764247000
6	1396		569.767732000
6	1396		569.785090000
6	1396		569.802470000
6	1396		569.819802000
6	0		569.825864000
6	1396		569.837149000
6	1396		569.854540000
6	1396		569.871882000
6	0		569.888052000
6	1396		569.889256000
6	1396		569.906629000
6	1396		569.923994000
6	1396		569.941355000
6	0		569.950296000
6	1396		569.958728000
6	1396		569.976106000
6	1396		569.993539000
6	1396		570.010838000
6	0		570.012109000
6	1396		570.028215000
6	1396		570.045589000
6	1396		570.062940000
6	0		570.074246000
6	1396		570.080307000
6	1396		570.097674000
6	1396		570.115049000
6	1396		570.132411000
6	1396		570.149783000
6	1396		570.167176000
6	1396		570.184538000
6	0		570.197865000
6	0		570.197895000
6	1396		570.201905000
6	1396		570.219261000
6	1396		570.236623000
6	1396		570.253994000
6	0		570.260256000
6	1396		570.271364000
6	1396		570.288739000
6	1396		570.306126000
6	0		570.322387000
6	1396		570.323463000
6	1396		570.340852000
6	1396		570.358198000
6	1396		570.375594000
6	0		570.383887000
6	1396		570.393006000
6	1342		570.410312000
6	0		570.446119000
6	0		570.569864000
6	0		570.632050000
6	0		570.694237000
6	0		570.755947000
6	0		570.818483000
6	0		570.880115000
6	0		571.004249000
6	0		571.066396000
6	0		571.128572000
6	0		571.190266000
6	0		571.251894000
6	0		571.314427000
6	0		571.438595000
6	0		571.500752000
6	0		571.561901000
6	0		571.624125000
6	0		571.686184000
6	0		571.748464000
6	0		571.872679000
6	0		571.933865000
6	0		571.933891000
6	0		571.995952000
6	0		572.058121000
6	0		572.120268000
6	0		572.244422000
6	0		572.306621000
6	0		572.368775000
6	0		572.429950000
6	0		572.492150000
6	0		572.554311000
6	0		572.678734000
6	0		572.739924000
6	0		572.802085000
6	0		572.864293000
6	0		572.926492000
6	0		572.988666000
6	0		573.111965000
6	0		573.174122000
6	0		573.236283000
6	0		573.298267000
6	0		573.360156000
6	0		573.422326000
6	0		573.546638000
6	0		573.607876000
6	0		573.669911000
6	0		573.669935000
6	0		573.732053000
6	0		573.794271000
6	0		573.918341000
6	0		573.980475000
6	0		574.042674000
6	0		574.104318000
6	0		574.166005000
6	0		574.228380000
6	0		574.290545000
6	0		574.413855000
6	0		574.413884000
6	0		574.424930000
6	0		574.476047000
6	0		574.538362000
6	0		574.600251000
6	0		574.662631000
6	0		574.723825000
17		652	574.785903000
17		36	574.787200000
17		76	574.789431000
17		33	574.789653000
6	0		574.847923000
6	0		574.910047000
6	0		574.972238000
6	0		575.034290000
6	0		575.096488000
6	0		575.158668000
6	0		575.281988000
6	0		575.344176000
6	0		575.406362000
6	0		575.406390000
6	0		575.468283000
6	0		575.530291000
6	0		575.716134000
6	0		575.840279000
6	0		575.964639000
6	1396		576.026127000
6	0		576.032042000
6	421		576.088312000
6	0		576.088928000
6	1396		576.089814000
6	0		576.150536000
6	1396		576.182137000
6	0		576.274274000
6	1396		576.275153000
6	1396		576.368287000
6	0		576.398563000
6	1396		576.461396000
6	1396		576.554522000
6	0		576.583830000
6	1396		576.647632000
6	0		576.708302000
6	1396		576.740757000
6	1396		576.833841000
6	1396		576.927050000
6	1396		577.020092000
6	1396		577.113205000
17		41	577.203834000
6	1396		577.206320000
17		44	577.266277000
17		41	577.266302000
17		33	577.292905000
6	1396		577.299451000
6	0		577.390069000
6	1396		577.392565000
6	1396		577.485681000
6	0		577.514089000
6	1396		577.578780000
6	0		577.638374000
6	1396		577.671920000
6	0		577.762478000
6	1396		577.765029000
6	1396		577.858145000
6	0		577.886727000
6	1396		577.951250000
6	1396		578.044378000
6	0		578.072297000
6	1396		578.137507000
6	1396		578.230602000
6	0		578.257964000
6	1396		578.323714000
6	1396		578.416845000
6	0		578.444458000
6	1396		578.509975000
6	0		578.567899000
6	1396		578.603056000
6	0		578.692519000
6	1396		578.696184000
6	1396		578.789310000
6	0		578.816769000
6	1396		578.882469000
6	1396		578.975544000
6	0		579.064013000
6	1396		579.068657000
6	1396		579.161780000
6	1396		579.254901000
6	0		579.312740000
6	1396		579.348002000
6	0		579.436318000
6	1396		579.441124000
6	1396		579.534275000
6	0		579.622634000
6	1396		579.623445000
6	1396		579.712620000
6	1396		579.801894000
6	0		579.869961000
6	1396		579.891051000
6	1396		579.980219000
6	0		580.055861000
6	1396		580.069421000
6	1396		580.158666000
6	1396		580.247815000
6	0		580.304498000
6	1396		580.336976000
6	1396		580.426205000
6	1396		580.515391000
6	0		580.552249000
6	1396		580.604593000
6	1396		580.693779000
6	1396		580.783035000
6	0		580.800327000
6	1396		580.872177000
6	1396		580.961377000
6	0		580.985871000
6	1396		581.050552000
6	1396		581.121902000
6	0		581.172189000
6	1396		581.193279000
6	1396		581.264631000
6	1396		581.335999000
6	1396		581.407348000
6	0		581.420500000
6	1396		581.478697000
6	1396		581.550051000
6	1396		581.621407000
6	0		581.668665000
6	1396		581.692762000
6	1396		581.764106000
6	1396		581.835530000
6	0		581.854474000
6	1396		581.954390000
6	1396		582.073335000
6	0		582.102670000
6	1396		582.192270000
6	1396		582.311208000
6	0		582.350408000
6	1396		582.430156000
6	0		582.536588000
6	1396		582.549055000
6	1396		582.667984000
6	1396		582.757180000
6	0		582.784493000
6	1396		582.846360000
6	0		582.908694000
6	1396		582.935591000
6	1396		583.024800000
6	0		583.094223000
6	1396		583.113955000
6	1396		583.203153000
6	1396		583.292344000
6	0		583.342685000
6	1396		583.381556000
6	1396		583.470722000
6	0		583.528218000
6	1396		583.559958000
6	1396		583.649136000
6	0		583.776762000
6	1396		583.777402000
6	1396		583.827525000
6	0		584.024288000
6	0		584.334165000
6	0		584.582740000
6	0		584.829942000
17		613	584.829973000
17		36	584.831454000
17		76	584.833598000
17		33	584.833690000
6	0		585.078407000
6	0		585.202748000
6	0		585.326061000
6	0		585.574730000
6	1396		585.575344000
6	1396		585.619959000
6	0		585.760497000
6	1396		585.761101000
6	1396		585.805710000
6	1396		585.822352000
6	309		585.822382000
6	0		585.822981000
6	1396		585.823858000
6	1396		585.840343000
6	1396		585.857732000
6	1396		585.875092000
17		44	585.883953000
17		41	585.883983000
6	1396		585.892440000
6	1396		585.909889000
17		33	585.910138000
6	1396		585.927189000
6	1396		585.944571000
6	1396		585.961922000
6	1396		585.979283000
6	1396		585.996659000
6	1396		586.014018000
6	1396		586.031392000
6	1396		586.048766000
6	1396		586.066130000
6	0		586.070212000
6	1396		586.070817000
6	1396		586.083632000
6	1396		586.100858000
6	1396		586.115406000
6	1396		586.118232000
6	1396		586.135690000
6	1396		586.152989000
6	1396		586.170340000
6	1396		586.187782000
6	0		586.194591000
6	1396		586.204624000
6	1396		586.205126000
6	1396		586.222468000
6	1396		586.239867000
6	1396		586.257242000
6	1396		586.274576000
6	1396		586.291933000
6	1396		586.293803000
6	1396		586.309323000
6	1396		586.326672000
6	1396		586.344041000
6	1396		586.361471000
6	1396		586.378752000
6	0		586.380057000
6	1206		586.383001000
6	1396		586.396130000
6	1396		586.413556000
6	1396		586.430867000
6	0		586.442204000
6	1396		586.448248000
6	1396		586.465617000
6	1396		586.482973000
6	1396		586.500363000
6	1396		586.517706000
6	1396		586.535088000
6	1396		586.552459000
6	0		586.566775000
6	1396		586.569803000
6	1396		586.587191000
6	1396		586.604574000
6	1396		586.621935000
6	1396		586.639301000
6	1396		586.656677000
6	926		586.674018000
6	0		586.690284000
17		1354	586.690319000
17		36	586.691925000
17		51	586.751958000
17		114	586.759890000
17		44	586.759937000
6	0		586.814235000
6	0		586.938393000
6	0		587.123859000
6	0		587.248180000
6	0		587.372210000
6	0		587.558690000
6	0		587.619875000
6	0		587.744228000
6	0		587.868272000
6	0		588.054273000
6	0		588.178164000
6	0		588.302115000
6	0		588.364137000
6	0		588.426443000
6	0		588.612705000
6	0		588.736214000
6	0		588.860274000
6	0		588.860299000
6	0		589.046682000
6	0		589.170363000
17		1354	589.232131000
17		34	589.233267000
6	0		589.294369000
6	0		589.479961000
6	1396		589.542049000
6	0		589.548068000
6	421		589.604446000
6	0		589.604472000
6	0		589.605145000
6	1396		589.605960000
6	1396		589.694277000
6	0		589.728511000
17		33	589.740075000
6	1396		589.783472000
6	0		589.852228000
6	1396		589.872672000
6	1396		589.961851000
6	0		589.976147000
6	0		590.038298000
17		41	590.038330000
6	1396		590.051042000
17		44	590.100571000
17		41	590.100580000
17		34	590.101633000
6	1396		590.140289000
6	1396		590.229419000
6	1396		590.318634000
6	1396		590.407875000
6	1396		590.497097000
6	0		590.658072000
17		42	590.658111000
6	1396		590.658758000
6	1396		590.703356000
6	0		590.782300000
6	1396		590.792540000
6	1396		590.881850000
6	0		590.905999000
6	1396		590.970937000
6	1396		591.060137000
6	0		591.215824000
6	0		591.464385000
6	0		591.712001000
17		722	591.836319000
17		36	591.837600000
17		74	591.840602000
17		33	591.840666000
6	0		591.898632000
6	1396		591.899253000
6	0		592.022271000
6	1396		592.022881000
6	0		592.047823000
6	1396		592.067483000
6	0		592.208571000
6	1396		592.209220000
17		44	592.270210000
17		41	592.270234000
17		33	592.296852000
6	0		592.332378000
6	1396		592.332987000
6	1396		592.377615000
6	0		592.456080000
6	1396		592.466794000
6	0		592.518316000
6	1396		592.555982000
6	1396		592.645179000
6	0		592.704297000
6	1396		592.734428000
6	1396		592.823633000
6	0		592.828301000
6	1396		592.912778000
6	1396		593.002073000
6	0		593.075885000
6	1396		593.091146000
6	1396		593.180359000
6	0		593.261823000
6	1396		593.269567000
6	1396		593.358743000
6	1396		593.447938000
6	0		593.510367000
6	1396		593.537132000
6	1396		593.626447000
6	0		593.696001000
6	1396		593.715527000
6	1396		593.804730000
6	0		593.882276000
6	1396		593.893928000
6	1396		593.999845000
6	0		594.068317000
6	1396		594.101339000
6	1396		594.202805000
6	1396		594.304283000
6	0		594.315874000
6	1396		594.405776000
6	0		594.502696000
6	0		594.502722000
6	1396		594.507237000
6	0		594.512585000
6	1396		594.563878000
6	309		594.563909000
6	0		594.564501000
6	1396		594.565704000
6	1396		594.608745000
6	1396		594.633662000
6	1396		594.702835000
6	1396		594.708433000
6	0		594.750743000
6	1396		594.772014000
6	1396		594.808118000
6	1396		594.841226000
6	1396		594.907823000
6	1396		594.910349000
6	0		594.936670000
6	1396		594.979521000
6	1396		595.007500000
6	1396		595.048682000
6	1396		595.107225000
6	1396		595.117872000
6	0		595.184329000
6	1396		595.187020000
6	1396		595.206903000
6	1396		595.256186000
6	1396		595.306581000
6	1396		595.325364000
6	1396		595.394552000
6	1396		595.406274000
6	1396		595.463710000
6	0		595.494276000
6	0		595.494311000
6	33		595.505960000
6	1396		595.532895000
6	1396		595.602051000
6	1396		595.671213000
6	0		595.680503000
6	1396		595.726551000
6	1396		595.781916000
6	1396		595.837239000
6	0		595.866398000
6	1396		595.892581000
6	1396		595.947909000
6	0		595.990060000
6	1396		596.003249000
6	1396		596.058589000
6	1396		596.113902000
6	1396		596.169243000
6	0		596.238597000
6	0		596.299832000
6	0		596.486405000
6	1396		596.486973000
6	1396		596.533082000
6	0		596.610524000
6	1396		596.625324000
6	1396		596.717552000
6	0		596.734728000
6	1396		596.809776000
6	1396		596.902037000
6	0		596.982383000
6	1396		596.994231000
6	0		597.044847000
6	1396		597.086453000
6	0		597.106035000
6	0		597.167904000
6	1396		597.178697000
6	1396		597.270931000
6	0		597.354455000
6	1396		597.363163000
6	1396		597.432327000
6	1396		597.501528000
6	0		597.539992000
6	1396		597.570658000
6	0		597.601975000
6	1396		597.639861000
6	1396		597.709021000
6	1396		597.778168000
6	0		597.788308000
6	1396		597.847419000
6	0		597.911780000
6	1396		597.916522000
6	1396		597.985696000
6	0		598.035924000
6	1396		598.054872000
6	1396		598.124041000
6	1396		598.193219000
6	0		598.222425000
6	1396		598.262381000
6	1396		598.331648000
6	0		598.346295000
6	1396		598.400746000
6	1396		598.469887000
6	0		598.470239000
6	687		598.539065000
6	0		598.717895000
6	0		598.842229000
6	0		598.966559000
6	0		599.089814000
6	0		599.214148000
6	0		599.338486000
6	0		599.462771000
6	0		599.649367000
6	1396		599.836343000
6	421		599.836409000
6	0		599.836448000
6	0		599.836991000
6	1396		599.837756000
6	1396		599.936692000
6	0		600.023274000
6	1396		600.036388000
6	1396		600.136104000
6	1396		600.235776000
6	1396		600.335454000
6	0		600.397270000
6	1396		600.435170000
6	1396		600.534883000
6	1396		600.634552000
6	1396		600.734248000
6	0		600.771522000
6	0		600.958655000
6	0		601.706390000
6	1396		601.707017000
6	0		602.267173000
6	1396		602.267801000
6	1396		602.317652000
6	0		602.828516000
6	1396		602.829155000
6	0		602.867358000
6	1396		602.879021000
6	1396		602.978690000
6	1396		603.078382000
6	0		603.389004000
6	1396		603.389637000
6	1396		603.439492000
6	1396		603.539160000
6	1396		603.638843000
6	0		603.763776000
6	1396		603.764380000
6	1396		603.838247000
6	1396		603.937959000
6	1396		604.037639000
6	0		604.324414000
6	1396		604.324996000
6	1396		604.374864000
6	1396		605.259288000
6	434		605.259318000
6	0		605.259352000
6	1396		605.259928000
6	0		605.268232000
6	0		605.270294000
6	1396		605.309746000
6	0		605.633360000
6	1396		605.633973000
6	1396		605.683838000
6	1396		605.783529000
6	1396		605.883229000
6	0		606.194614000
6	0		606.194651000
6	0		606.202284000
6	0		606.203523000
6	0		606.381763000
6	0		606.381802000
6	1396		606.382368000
6	0		606.390089000
6	1396		606.432226000
6	0		606.506842000
6	1396		606.531925000
6	1396		606.631611000
6	0		606.693048000
6	0		606.755351000
6	0		607.129382000
6	0		607.136970000
6	0		607.316264000
6	0		607.316291000
6	0		607.324540000
6	0		607.690213000
6	0		608.064765000
6	0		608.438390000
6	0		609.186385000
6	0		609.186736000
6	0		609.193997000
6	0		609.373343000
6	0		609.373369000
6	0		609.381074000
6	0		609.381592000
6	0		610.682096000
6	1396		610.682803000
6	1396		610.732600000
6	0		611.056289000
6	1396		611.056924000
6	1396		611.106769000
6	0		611.430836000
6	0		611.430866000
6	517		611.430873000
6	0		611.430878000
6	1396		611.431475000
6	0		611.433099000
6	0		611.438476000
6	2792		611.440141000
6	2386		611.440180000
6	1396		611.481311000
6	0		611.617490000
6	517		611.617528000
6	0		611.625842000
6	2792		611.627621000
6	2386		611.627667000
6	0		611.804069000
6	0		611.804097000
6	1396		611.804703000
6	1396		611.854607000
6	1396		611.954258000
6	1396		612.054027000
6	0		612.178281000
6	0		612.178309000
6	1396		612.178903000
6	1396		612.253344000
6	1396		612.353025000
6	1396		612.452729000
6	0		612.552215000
6	0		614.422087000
6	1396		614.422702000
6	1396		614.462569000
6	1396		614.542313000
6	1396		614.622092000
6	1396		614.701828000
6	1396		614.781583000
6	0		614.795952000
17		1358	614.795985000
17		1358	614.797828000
17		33	614.822947000
6	1396		614.861399000
6	1396		614.941223000
6	1396		615.020847000
6	336		615.100612000
6	0		615.169975000
6	0		615.357568000
6	0		615.357594000
6	0		615.544845000
6	0		615.544868000
6	64		615.544872000
6	0		615.556731000
6	1396		615.731413000
6	434		615.731456000
6	0		615.739019000
6	1396		615.741544000
6	2792		615.741589000
6	1042		615.741604000
6	0		615.918214000
6	0		616.105193000
6	0		616.105217000
6	0		616.292454000
6	0		616.479085000
6	64		616.479112000
6	0		616.493062000
6	0		616.853861000
6	0		617.227595000
6	0		617.600954000
6	0		618.162268000
6	1396		618.349527000
6	308		618.349552000
6	0		618.350172000
6	1396		618.350906000
6	1396		618.419319000
6	1396		618.488471000
6	1396		618.557654000
6	1396		618.626825000
6	1396		618.695979000
6	1396		618.765150000
6	1396		618.834317000
6	1396		618.903519000
6	1396		618.972663000
6	1396		619.041851000
6	1396		619.110979000
6	1396		619.180168000
6	1396		619.249514000
6	1396		619.318509000
6	1396		619.387873000
6	1396		619.456878000
6	1396		619.526020000
6	1396		619.595249000
6	1396		619.664359000
6	1396		619.733543000
6	1396		619.802699000
6	1396		619.871901000
6	1396		619.941040000
6	1396		620.010212000
6	1396		620.079455000
6	1396		620.148550000
6	1396		620.217734000
6	1396		620.286914000
6	1396		620.356065000
6	1396		620.425232000
6	1396		620.494410000
6	1396		620.563581000
6	1396		620.632759000
6	1396		620.701944000
6	1396		620.771094000
6	1396		620.840256000
6	1396		620.909436000
6	1396		620.978632000
6	1396		621.047785000
6	1396		621.116957000
6	0		621.154050000
6	1396		621.186116000
6	1396		621.255295000
6	1396		621.324454000
6	1396		621.393622000
6	1396		621.462838000
6	1396		621.531974000
6	1095		621.601158000
6	0		621.902738000
6	0		622.463106000
1,17		1358	622.650504000
1,17		33	622.650529000
6	0		623.211329000
6	0		623.585345000
6	1095		624.013808000
6	0		624.707077000
6	0		624.894598000
6	0		625.081891000
6	0		625.081917000
6	0		625.829187000
6	0		626.203510000
6	0		626.577174000
6	0		626.951769000
6	0		627.325397000
6	0		627.698986000
6	0		628.073526000
6	0		628.447058000
6	0		628.821681000
6	0		629.195255000
6	0		629.569940000
6	0		629.756223000
6	0		630.130780000
6	0		630.504164000
6	0		630.878384000
6	0		631.252084000
6	0		631.626873000
6	0		632.000415000
6	0		632.374061000
6	0		632.748809000
6	1396		632.934997000
6	420		632.935024000
6	0		632.935613000
6	1396		632.936333000
6	1396		633.035338000
6	0		633.122312000
6	1396		633.135065000
6	1396		633.234705000
6	1396		633.334410000
6	1396		633.434134000
6	0		633.496293000
6	1396		633.533842000
6	1396		633.633547000
6	1396		633.733173000
6	1396		633.832852000
6	1396		633.932554000
6	1396		634.032255000
6	0		634.057397000
6	1396		634.131955000
6	1396		634.231646000
6	0		634.243947000
6	1396		634.331340000
6	1396		634.431019000
6	1396		634.530711000
6	1396		634.630438000
6	1396		634.730090000
6	438		634.805201000
6	39		634.805212000
6	696		634.805219000
6	0		634.807405000
6	0		634.807432000
6	0		634.807436000
6	39		634.807441000
6	139		634.814231000
6	93		634.816525000
6	39		634.819684000
6	1396		634.829772000
6	1396		634.929469000
6	722		634.992527000
6	616		634.992552000
6	0		634.994134000
6	69		634.996335000
6	31		634.997462000
6	67		634.998526000
6	31		635.000755000
6	1396		635.029184000
6	1396		635.128860000
6	1396		635.228570000
6	1396		635.328255000
6	1396		635.427957000
6	1396		635.527645000
6	1396		635.627347000
6	1396		635.727025000
6	0		635.740327000
6	1396		635.826724000
6	1396		635.926441000
6	1396		636.026146000
6	1396		636.125782000
6	1396		636.225475000
6	1396		636.325227000
6	1396		636.424879000
6	420		636.488436000
6	1396		636.524578000
6	1396		636.624278000
6	1384		636.723963000
6	0		636.724011000
6	12		636.855770000
6	1396		636.856873000
6	1396		636.989814000
6	1396		637.122734000
6	1396		637.255683000
6	1396		637.388600000
6	1396		637.521531000
6	1396		637.654453000
6	1396		637.787387000
6	1396		637.920309000
6	1396		638.053242000
6	1396		638.186159000
6	1396		638.319099000
6	1396		638.452012000
6	0		638.545828000
6	1396		638.584944000
6	1396		638.717869000
6	1396		638.850791000
6	0		638.919451000
6	1396		638.950487000
6	1396		639.050164000
6	1396		639.149854000
6	1396		639.249545000
6	0		639.293804000
6	1396		639.349257000
6	1396		639.448944000
6	1396		639.548645000
6	1396		639.648334000
6	0		639.667528000
6	1396		639.748013000
6	1396		639.847740000
6	1396		639.947392000
6	1396		640.047101000
6	1396		640.146798000
6	1396		640.246489000
6	1396		640.346178000
6	0		640.415362000
6	1396		640.445872000
6	1396		640.545554000
6	1396		640.645353000
6	1396		640.744943000
6	1396		640.844634000
6	1396		640.944339000
6	1396		641.044028000
6	1396		641.143713000
6	0		641.163923000
6	1396		641.243469000
6	1396		641.343110000
6	1396		641.442810000
6	1396		641.542494000
6	1396		641.642193000
6	0		641.724480000
6	1396		641.741877000
6	1396		641.841579000
6	1396		641.941274000
6	1396		642.040969000
6	1396		642.140645000
6	1396		642.240336000
6	0		642.285604000
6	1396		642.340053000
6	1396		642.439741000
6	1396		642.539430000
6	1396		642.639120000
6	1396		642.738825000
6	1396		642.838516000
6	0		642.846714000
6	1396		642.938206000
6	1396		643.037876000
6	1396		643.137617000
6	0		643.219988000
6	1396		643.237343000
6	1396		643.336974000
6	0		643.406989000
6	0		643.407014000
6	0		643.407019000
6	39		643.407025000
6	0		643.413991000
6	1396		643.436664000
6	1396		643.536359000
17		1358	643.594622000
17		85	643.594663000
6	0		643.594678000
17		1358	643.597426000
17		630	643.597501000
17		34	643.622715000
6	1396		643.636056000
6	1396		643.735754000
6	0		644.155235000
6	0		644.342048000
6	0		644.903360000
6	0		645.651459000
6	0		646.212333000
17		1358	646.399111000
17		1358	646.400182000
6	0		646.773863000
17		1358	647.334154000
17		1358	647.521232000
17		88	647.521256000
17		1358	647.524616000
17		630	647.524649000
17		34	647.548805000
6	587		647.708674000
6	649		647.708712000
6	0		647.708723000
6	0		647.710003000
6	0		647.710039000
6	69		647.712199000
6	31		647.713326000
6	39		647.714390000
6	100		647.715668000
17		1358	647.823874000
17		1358	647.895016000
17		1358	647.896527000
6	0		648.082329000
17		1358	648.269482000
17		1358	648.271045000
6	0		648.643331000
17		1358	648.871381000
6	0		649.391414000
17		1358	649.391444000
17		1358	649.393002000
6	0		649.578625000
6	0		649.764918000
6	0		650.326336000
17		1358	650.593041000
6	0		651.074331000
17		1358	651.261376000
6	0		651.822344000
6	0		652.570519000
6	0		653.131140000
6	0		653.879270000
6	0		654.627279000
6	618		654.814179000
6	39		654.814202000
6	0		654.815584000
6	39		654.815768000
6	69		654.817704000
6	31		654.819178000
6	0		655.001299000
6	0		655.375324000
6	1396		655.376444000
6	0		655.749349000
6	1396		655.749992000
6	1396		655.799824000
6	131		655.936120000
6	0		655.943032000
6	1299		656.123345000
6	0		656.123375000
6	1396		656.124056000
6	0		656.124766000
6	68		656.132336000
6	62		656.133420000
6	31		656.135512000
6	1396		656.173912000
6	0		656.310721000
6	1396		656.311343000
6	1060		656.373314000
6	0		656.684314000
6	0		657.058326000
6	0		657.432341000
6	0		657.619619000
6	0		657.993309000
6	0		658.074612000
6	0		658.367285000
6	0		658.367308000
6	0		658.367965000
6	0		658.367990000
6	0		658.741348000
6	0		658.742029000
6	0		659.115367000
6	0		659.115956000
6	0		659.489383000
6	0		659.489967000
6	0		659.582665000
6	0		659.583241000
6	0		659.768755000
6	0		659.769358000
6	0		659.954737000
6	0		659.955664000
6	0		660.140144000
6	0		660.140744000
6	0		660.233173000
6	0		660.233845000
6	0		660.419379000
6	0		660.419973000
6	0		660.605258000
6	0		660.605837000
6	0		660.698552000
6	0		660.699147000
6	0		660.884387000
6	0		660.884964000
6	0		661.070294000
6	0		661.070884000
6	0		661.162866000
6	0		661.163511000
6	0		661.256095000
6	0		661.256728000
6	0		661.349117000
6	0		661.349706000
6	0		661.535314000
6	0		661.535944000
6	0		661.628556000
6	0		661.629149000
6	0		661.721167000
6	0		661.721747000
6	0		661.814380000
6	0		661.814969000
6	0		661.999938000
6	0		662.000534000
6	0		662.186151000
6	0		662.186749000
6	0		662.372000000
6	0		662.372644000
6	0		662.464957000
6	0		662.465579000
6	0		662.650873000
6	0		662.651486000
6	0		662.744336000
6	0		662.744949000
6	0		662.836971000
6	0		662.837584000
6	0		662.929926000
6	0		662.930519000
6	0		663.209133000
6	0		663.209739000
6	0		663.302323000
6	0		663.302915000
6	0		663.395008000
6	0		663.395612000
6	0		663.674268000
6	0		663.674848000
6	0		663.860005000
6	0		663.860602000
6	0		664.046493000
6	0		664.047122000
1,17		1358	664.139433000
1,17		630	664.232622000
1,17		34	664.232644000
6	0		664.324841000
6	0		664.325533000
6	0		664.604014000
6	0		664.604637000
6	0		664.790389000
6	51		664.790402000
6	0		664.790408000
6	0		664.791809000
6	0		664.792108000
1,17		1358	665.069259000
6	0		665.092742000
1,17		1358	665.162165000
1,17		630	665.162202000
1,17		34	665.162219000
6	0		665.162269000
6	0		665.164219000
6	0		665.255495000
6	0		665.255529000
6	0		665.256573000
6	0		665.257201000
6	0		665.467534000
6	0		665.562815000
6	0		665.564573000
6	0		665.813281000
6	0		665.814294000
6	0		666.092337000
6	0		666.092348000
6	0		666.092354000
6	0		666.093447000
6	0		666.093790000
6	0		666.093941000
6	0		666.463874000
6	0		666.464483000
6	0		666.836470000
6	0		666.837057000
6	0		667.114893000
6	0		667.115498000
6	1396		667.208509000
6	308		667.208538000
6	0		667.208547000
6	0		667.209118000
6	0		667.209143000
6	1396		667.210225000
6	1396		667.278294000
6	1396		667.347543000
6	1396		667.416632000
6	1396		667.485856000
6	1396		667.555002000
6	1396		667.624171000
6	1396		667.693309000
6	1396		667.762491000
6	1396		667.831670000
6	0		667.853326000
6	0		667.859448000
6	0		667.860820000
6	1396		667.900839000
6	1396		667.969996000
6	1396		668.039179000
6	0		668.108272000
6	1396		668.108313000
6	0		668.123660000
6	0		668.130782000
6	0		668.138104000
6	0		668.138113000
6	0		668.138120000
6	0		668.139267000
6	0		668.139569000
6	0		668.139832000
6	1396		668.177562000
6	1396		668.246742000
6	1396		668.315863000
6	1396		668.385031000
6	1396		668.454191000
6	1396		668.523373000
6	1396		668.592526000
6	1396		668.661724000
6	1396		668.730890000
6	1396		668.800051000
6	1396		668.869251000
6	1396		668.938426000
6	1396		669.007579000
6	1396		669.076738000
6	1396		669.145920000
6	1396		669.215142000
6	1396		669.284237000
6	1396		669.353413000
6	1396		669.422586000
6	1396		669.491752000
6	1396		669.560917000
6	1396		669.630084000
6	1396		669.699271000
6	1396		669.768446000
6	1396		669.837603000
6	1396		669.906832000
6	1396		669.975958000
6	1396		670.045164000
6	1396		670.114279000
6	1396		670.183521000
6	0		670.184257000
6	0		670.192474000
6	1396		670.252636000
6	1396		670.321798000
6	1396		670.391033000
6	1396		670.460133000
6	1396		670.529307000
6	1396		670.598483000
6	1396		670.667653000
6	1396		670.736819000
6	1396		670.805994000
6	1396		670.875152000
6	1396		670.944334000
6	1396		671.013505000
6	1396		671.082666000
6	1396		671.151850000
6	1396		671.221007000
6	1396		671.290228000
6	1396		671.359344000
6	1396		671.428522000
6	1396		671.497686000
6	1396		671.566873000
6	0		671.626824000
6	1396		671.636058000
6	1396		671.705231000
6	0		671.765084000
6	0		671.765092000
6	747		671.765098000
6	0		671.766519000
6	355		671.766911000
6	1396		671.774376000
6	1396		671.843552000
6	1396		671.912726000
6	0		671.951119000
6	1396		671.981947000
6	0		672.044959000
6	0		672.044966000
6	0		672.044971000
6	0		672.044975000
6	0		672.044979000
6	0		672.044984000
6	747		672.044990000
6	0		672.046690000
6	355		672.046978000
6	1396		672.051048000
6	1396		672.120240000
6	517		672.137218000
6	517		672.137257000
6	0		672.138394000
6	0		672.138686000
6	2836		672.139115000
6	2836		672.139263000
6	1143		672.139294000
6	2836		672.139620000
6	2836		672.139733000
6	1143		672.139790000
6	1396		672.189484000
6	1396		672.258580000
6	1396		672.327758000
6	1396		672.396924000
6	1396		672.466091000
6	1396		672.535294000
6	1396		672.604416000
6	1396		672.673621000
6	1396		672.742740000
6	1396		672.811920000
6	1396		672.881125000
6	1396		672.950314000
6	1396		673.019445000
6	1396		673.088613000
6	1396		673.157808000
6	0		673.159894000
6	1396		673.226946000
6	1396		673.296124000
6	0		673.346314000
6	1396		673.365293000
6	1396		673.434548000
6	0		673.439685000
6	1396		673.503658000
6	1396		673.572820000
6	0		673.625137000
6	1396		673.641976000
6	1396		673.711170000
6	0		673.718218000
6	1396		673.780334000
6	1396		673.849574000
6	0		673.903927000
6	1396		673.918672000
6	1396		673.987844000
6	0		673.997276000
6	1396		674.057035000
6	1396		674.126174000
6	0		674.183047000
6	1396		674.195417000
6	1396		674.264509000
6	0		674.276245000
6	1396		674.333683000
6	1396		674.402865000
6	0		674.461945000
6	0		674.461972000
6	1396		674.472033000
6	1396		674.541263000
6	0		674.555320000
6	1396		674.610361000
6	1396		674.679587000
6	0		674.741279000
6	1396		674.748709000
6	1396		674.817884000
6	0		674.834197000
6	1396		674.887036000
6	0		674.927144000
6	1396		674.956218000
6	0		675.020236000
6	0		675.020256000
6	0		675.020266000
6	1396		675.025376000
6	1372		675.094556000
6	0		675.112864000
6	0		675.392694000
6	0		675.671258000
6	0		675.950314000
6	0		676.229405000
6	0		676.508523000
6	0		676.694247000
6	0		676.880244000
6	0		677.159281000
6	0		677.438472000
6	0		677.717281000
6	0		677.996216000
6	0		678.275134000
6	0		678.554104000
6	0		678.739901000
6	0		679.019409000
6	0		679.298140000
6	0		679.577732000
6	0		679.856473000
6	0		680.135877000
6	0		680.414393000
6	0		680.693289000
6	0		680.972328000
6	0		681.251171000
6	0		681.437705000
6	0		681.716384000
6	0		681.809284000
6	0		681.837652000
6	0		681.995309000
6	0		682.051858000
6	0		682.074002000
6	0		682.083325000
6	0		682.181784000
6	74		682.181814000
6	92		682.181822000
6	0		682.181827000
6	0		682.181831000
6	0		682.181837000
6	0		682.182878000
6	0		682.183085000
6	0		682.183094000
6	0		682.183170000
6	0		682.183531000
6	0		682.367235000
6	0		682.553410000
6	0		682.925539000
6	0		683.390478000
6	0		684.134008000
6	0		684.413527000
6	0		684.692183000
6	0		684.971785000
6	0		685.250351000
6	0		685.436258000
6	0		685.715317000
6	0		685.901801000
6	0		686.273609000
6	0		686.552212000
6	0		686.833156000
6	0		687.109902000
6	0		687.482749000
6	0		687.761293000
6	0		688.040312000
6	0		688.319259000
6	0		688.597931000
6	0		688.877544000
6	0		689.062942000
6	0		689.062976000
6	0		689.063869000
6	0		689.071474000
6	0		689.156179000
6	0		689.366585000
6	0		689.528095000
6	0		689.807693000
6	0		690.086250000
6	1396		690.179452000
6	421		690.179477000
6	0		690.179490000
6	0		690.180063000
6	0		690.180409000
6	1396		690.180837000
6	1396		690.249188000
6	1396		690.318382000
6	1396		690.387554000
6	1396		690.456726000
6	1396		690.525872000
6	1396		690.595074000
6	1396		690.664237000
6	1396		690.733404000
6	1396		690.802594000
6	1396		690.871746000
6	1396		690.940896000
6	1396		691.010086000
6	1396		691.079261000
6	1396		691.148426000
6	1396		691.217594000
6	1396		691.286775000
6	1396		691.355975000
6	1396		691.425100000
6	1396		691.494334000
6	1396		691.563453000
6	1396		691.632631000
6	1396		691.701801000
6	1396		691.770979000
6	1396		691.840135000
6	1396		691.909353000
6	1396		691.978460000
6	1396		692.047643000
6	1396		692.116831000
6	0		692.132150000
6	0		692.132794000
6	1396		692.185977000
6	1396		692.255151000
6	1396		692.324333000
6	1396		692.393483000
6	1396		692.462661000
6	1396		692.531846000
6	1396		692.600996000
6	0		692.642677000
6	1396		692.670191000
6	1396		692.739339000
6	1396		692.808506000
6	1396		692.877676000
6	0		692.891320000
6	0		692.940362000
6	1396		692.946866000
6	0		692.969514000
6	0		692.969519000
6	0		692.969522000
6	0		692.969527000
6	0		692.969531000
6	517		692.969536000
6	0		692.969549000
6	0		692.970442000
6	0		692.971442000
6	2792		692.971592000
6	2387		692.971627000
6	1396		693.016039000
6	1396		693.085216000
6	1396		693.154383000
6	0		693.155473000
6	1396		693.223596000
6	0		693.247932000
6	0		693.249174000
6	0		693.273058000
6	1396		693.292713000
6	0		693.341135000
6	1396		693.361947000
6	1396		693.431049000
6	1396		693.500227000
6	0		693.527485000
6	0		693.550768000
6	1396		693.569395000
6	1396		693.638574000
6	1396		693.707767000
6	0		693.712888000
6	1396		693.776915000
6	1396		693.846075000
6	0		693.899445000
6	0		693.899451000
6	0		693.900541000
6	1396		693.915242000
6	1396		693.984428000
6	0		693.992258000
6	1396		694.053594000
6	0		694.084922000
6	1396		694.122749000
6	1396		694.191938000
6	1396		694.261092000
6	0		694.271308000
6	0		694.272318000
6	1396		694.330252000
6	0		694.364153000
6	1396		694.399443000
6	1396		694.468603000
6	1396		694.537803000
6	0		694.550084000
6	1396		694.606943000
6	1396		694.676117000
6	0		694.736466000
6	1396		694.745284000
6	1396		694.814465000
6	1396		694.883634000
6	1396		694.952807000
6	0		695.015312000
6	1396		695.021975000
6	1396		695.091111000
6	0		695.108375000
6	0		695.110342000
6	1396		695.160311000
6	0		695.201653000
6	1396		695.229483000
6	1396		695.298661000
6	1396		695.367838000
6	0		695.416687000
6	1396		695.437005000
6	0		695.480238000
6	1396		695.506209000
6	1396		695.575387000
6	1396		695.644524000
6	0		695.666255000
6	1396		695.713691000
6	1396		695.782860000
6	1396		695.852053000
6	0		695.852207000
6	0		695.912692000
6	1396		695.921205000
6	0		695.945222000
6	0		695.946571000
6	1396		695.990393000
6	1396		696.059534000
6	1396		696.128694000
6	0		696.130975000
6	0		696.130995000
6	0		696.132369000
6	1396		696.197897000
6	0		696.224202000
6	0		696.224225000
6	0		696.225659000
6	1396		696.267042000
6	0		696.317395000
6	1396		696.336211000
6	1396		696.405419000
6	1396		696.474547000
6	1396		696.543731000
6	0		696.596056000
6	1396		696.612895000
6	1299		696.682050000
6	0		696.782564000
6	0		697.061694000
6	0		697.061722000
6	0		697.340095000
6	0		697.433675000
6	0		697.525990000
6	0		697.619209000
6	0		697.712254000
6	517		697.712281000
6	0		697.712289000
6	0		697.713636000
6	1418		697.714055000
6	1418		697.714073000
6	1418		697.714111000
6	1418		697.714136000
6	1143		697.714155000
6	0		697.804872000
6	0		697.804899000
6	0		697.898451000
6	0		697.991044000
6	64		697.991074000
6	0		697.997566000
6	0		698.152763000
6	0		698.177076000
6	0		698.177459000
6	0		698.178748000
6	0		698.270705000
6	0		698.456417000
6	0		698.456448000
6	0		698.456456000
6	517		698.456461000
6	0		698.457786000
6	2836		698.458598000
6	2836		698.458678000
6	1143		698.458714000
6	0		698.735795000
6	0		698.921614000
6	0		699.014829000
6	0		699.200599000
6	0		699.478955000
6	0		699.572291000
6	0		699.665481000
6	0		699.944336000
6	0		700.130539000
6	0		700.223732000
6	0		700.316320000
6	0		700.502330000
6	0		700.781321000
6	0		700.967325000
6	0		701.246815000
6	0		701.525490000
6	0		701.804429000
6	0		701.804454000
6	517		701.804459000
6	0		701.805789000
6	2836		701.806840000
6	2836		701.806881000
6	1144		701.806910000
6	0		701.990367000
6	0		702.268907000
6	0		702.268931000
6	0		702.548626000
6	0		702.734021000
6	0		702.826808000
6	0		702.828154000
6	0		703.013603000
6	0		703.038978000
6	0		703.039032000
6	0		703.136682000
6	0		703.199238000
6	0		703.199263000
6	0		703.223858000
6	0		703.385408000
6	0		703.571830000
6	0		703.664256000
6	0		703.664280000
6	0		703.850437000
6	0		703.852131000
6	0		703.943620000
6	0		704.222358000
6	0		704.315062000
6	0		704.593905000
6	1396		704.686972000
6	309		704.687025000
6	0		704.687630000
6	1396		704.688779000
6	1396		704.756821000
6	1396		704.825968000
6	1396		704.895154000
6	1396		704.964334000
6	1396		705.033496000
6	1396		705.102688000
6	0		705.151949000
6	1396		705.171830000
6	1396		705.240991000
6	0		705.245294000
6	1396		705.310172000
6	0		705.338510000
6	1396		705.379437000
6	0		705.431744000
6	1396		705.448524000
6	1396		705.517683000
6	0		705.524706000
6	74		705.524736000
6	92		705.524746000
6	0		705.524753000
6	0		705.524767000
6	910		705.526068000
6	31		705.526099000
6	0		705.526103000
6	0		705.526403000
6	1396		705.586842000
6	1396		705.656043000
6	0		705.710391000
6	1396		705.725207000
6	1396		705.794367000
6	0		705.803642000
6	1396		705.863539000
6	0		705.896783000
6	1396		705.932721000
6	1396		706.001893000
6	1396		706.071056000
6	1396		706.140225000
6	1396		706.209392000
6	1396		706.278576000
6	1396		706.347750000
6	1396		706.416932000
6	1396		706.486089000
6	1396		706.555259000
6	1396		706.624402000
6	1396		706.693567000
6	1396		706.762759000
6	1396		706.831920000
6	1396		706.901099000
6	1396		706.970320000
6	1396		707.039445000
6	1396		707.108594000
6	1396		707.178702000
6	0		707.197998000
6	0		707.198007000
6	0		707.198011000
6	1396		707.246936000
6	1396		707.316115000
6	0		707.384385000
6	1396		707.385272000
6	1396		707.454492000
6	1396		707.523629000
6	1396		707.592791000
6	1396		707.661960000
6	0		707.663095000
6	1396		707.731140000
6	1396		707.800327000
6	1396		707.869473000
6	1095		707.938706000
6	0		707.941840000
6	0		708.221106000
6	0		708.407601000
6	0		708.686756000
6	1418		708.778965000
6	0		708.785997000
6	1418		708.871927000
6	0		708.873278000
6	356		708.875986000
6	31		708.876018000
6	39		708.876021000
6	139		708.880013000
6	93		708.894211000
6	1228		708.965143000
6	31		708.965172000
6	0		708.965180000
6	0		708.965185000
6	0		708.966916000
6	114		708.968749000
6	69		708.978522000
6	62		708.985570000
6	0		709.057865000
6	0		709.151070000
6	0		709.430700000
6	0		709.430725000
6	0		709.709682000
6	0		709.894913000
6	0		710.173968000
6	0		710.452902000
6	0		710.732504000
6	0		710.918166000
6	0		711.197104000
6	0		711.476020000
6	0		711.662833000
6	0		711.848035000
6	0		712.126967000
6	0		712.406026000
6	0		712.591834000
6	0		712.871255000
6	0		713.150610000
6	1396		713.243247000
6	421		713.243293000
6	0		713.243886000
6	1396		713.392764000
6	1396		713.432915000
6	1396		713.513243000
6	687		713.522503000
6	67		713.526209000
6	31		713.529686000
6	1396		713.593559000
6	0		713.616267000
6	39		713.616274000
6	0		713.623030000
6	1396		713.673853000
6	0		713.708366000
6	1396		713.754192000
6	1396		713.834523000
6	1396		713.914819000
6	1396		713.995147000
6	1396		714.075462000
6	1396		714.155780000
6	1396		714.236112000
6	1396		714.316429000
6	1396		714.396733000
6	1396		714.477043000
6	1396		714.557374000
6	1396		714.637686000
6	1396		714.718052000
6	1396		714.798323000
6	1396		714.878639000
6	1396		714.958935000
6	1396		715.039320000
6	1396		715.119571000
6	1396		715.199893000
6	1396		715.280211000
6	1396		715.360544000
6	1396		715.440847000
6	1396		715.521184000
6	1396		715.601524000
6	1396		715.681805000
6	0		715.754017000
6	1396		715.762118000
6	1396		715.842444000
6	0		715.847444000
6	0		715.847469000
6	1396		715.922760000
6	0		715.939938000
6	1396		715.987024000
6	647		716.051323000
6	0		716.126582000
6	0		716.312286000
6	0		716.498578000
6	0		716.683954000
6	0		716.870289000
6	0		717.056744000
6	0		717.148953000
6	0		717.335331000
6	0		717.521694000
6	0		717.800325000
6	0		717.893235000
6	0		717.986307000
6	0		718.172330000
6	0		718.357907000
6	0		718.637447000
6	0		718.915948000
6	0		719.195048000
6	0		719.195088000
6	1396		719.288654000
6	308		719.288684000
6	0		719.289257000
6	1396		719.290273000
6	1396		719.369610000
6	1396		719.449947000
6	1396		719.530237000
6	1396		719.610553000
6	1396		719.690876000
6	1396		719.771196000
6	1396		719.851506000
6	1396		719.931844000
6	1396		720.012139000
6	1396		720.092451000
6	1396		720.172772000
6	0		720.187443000
6	1396		720.253092000
6	1396		720.333427000
6	0		720.373122000
6	1396		720.413739000
6	1396		720.494064000
6	0		720.496847000
6	1396		720.574361000
6	1396		720.654779000
6	0		720.683769000
6	1396		720.735009000
6	0		720.807281000
6	1396		720.815330000
6	0		720.869381000
6	1396		720.895646000
6	1396		720.975963000
6	0		720.993187000
6	1396		721.056265000
6	0		721.117415000
6	1396		721.136594000
6	1396		721.216916000
6	1396		721.297224000
6	0		721.303344000
6	1396		721.377529000
6	1396		721.457857000
6	1396		721.538189000
6	0		721.551419000
6	1396		721.618515000
6	1396		721.698833000
6	0		721.737166000
6	1396		721.779147000
6	1396		721.859473000
6	0		721.922847000
6	1396		721.939805000
6	1396		722.020112000
6	1396		722.100410000
6	0		722.109694000
6	1396		722.180708000
6	0		722.233327000
6	1396		722.261068000
6	1396		722.341343000
6	0		722.357597000
6	1396		722.421676000
6	1396		722.502073000
6	0		722.543085000
6	1396		722.582316000
6	1396		722.662629000
6	0		722.729197000
6	1396		722.742926000
6	1396		722.829848000
6	0		722.853300000
6	1396		722.916774000
6	1396		723.003695000
6	0		723.039206000
6	1095		723.090562000
6	0		723.225250000
6	0		723.349773000
6	0		723.535134000
6	0		723.721323000
6	0		723.907666000
6	0		724.031665000
6	0		724.155136000
6	1396		724.217667000
6	420		724.217715000
6	0		724.218340000
6	1396		724.225032000
6	1396		724.299364000
6	1396		724.380468000
6	1396		724.461656000
6	1396		724.542643000
6	1396		724.623715000
6	1396		724.704812000
6	0		724.713278000
6	1396		724.785944000
6	556		724.837355000
6	0		724.839174000
6	69		724.840655000
6	31		724.845445000
6	39		724.848623000
6	1396		724.866983000
6	0		724.899497000
6	1396		724.948073000
6	1396		725.012944000
6	1396		725.077827000
6	0		725.085354000
6	1396		725.185952000
6	0		725.209310000
6	0		725.271645000
6	39		725.271657000
6	0		725.277662000
6	1396		725.294113000
6	0		725.395512000
6	1396		725.402161000
6	1396		725.510281000
6	0		725.581664000
6	1396		725.591361000
6	1396		725.672467000
6	1396		725.753546000
6	0		725.829073000
6	1396		725.834622000
6	1396		725.915735000
6	0		725.953058000
6	1396		725.996819000
6	1396		726.077882000
6	0		726.139404000
6	1396		726.158982000
6	1396		726.240070000
6	1396		726.321209000
6	0		726.325636000
6	1396		726.402297000
6	1396		726.483404000
6	0		726.511729000
6	1396		726.564405000
6	1396		726.645586000
6	0		726.697129000
6	335		726.726697000
6	0		726.883117000
6	0		727.069358000
6	1396		727.131532000
6	308		727.131560000
6	0		727.132449000
6	1396		727.132877000
6	1396		727.132891000
6	1396		727.132924000
6	1396		727.132943000
6	2792		727.132979000
6	1396		727.154640000
6	1396		727.176292000
6	1396		727.197913000
6	1396		727.219491000
6	1396		727.241083000
6	0		727.255426000
6	1396		727.262729000
6	1396		727.284367000
6	1396		727.305983000
6	1396		727.327560000
6	1396		727.349185000
6	1396		727.370792000
6	1396		727.392416000
6	1396		727.414099000
6	1396		727.435697000
6	0		727.441386000
6	1396		727.457302000
6	1396		727.478885000
6	1396		727.500525000
6	0		727.503218000
6	1396		727.522181000
6	1396		727.543764000
6	0		727.564952000
6	1396		727.565339000
6	1396		727.586989000
6	1396		727.608583000
6	0		727.626977000
6	1396		727.630259000
6	1396		727.651878000
6	1396		727.673439000
6	0		727.689143000
6	1396		727.695064000
6	1396		727.716692000
6	1396		727.738362000
6	0		727.751656000
6	1396		727.759911000
6	1396		727.781531000
6	1396		727.803154000
6	0		727.812842000
6	1396		727.824811000
6	1396		727.846384000
6	1396		727.868016000
6	0		727.875579000
6	1396		727.889623000
6	1396		727.911254000
6	1396		727.932860000
6	1396		727.954472000
6	1396		727.976088000
6	1396		727.997787000
6	0		727.999005000
6	1396		728.019393000
6	1095		728.040994000
6	0		728.061253000
6	0		728.123102000
6	0		728.185251000
6	0		728.185277000
6	0		728.247460000
6	0		728.371772000
6	0		728.432988000
6	0		728.495156000
6	0		728.557260000
6	0		728.681230000
6	0		728.867647000
6	0		728.991273000
6	0		729.115228000
6	0		729.301748000
6	0		729.363019000
6	0		729.425206000
6	0		729.487102000
6	0		729.549246000
6	0		729.673530000
6	0		729.735870000
6	0		729.797055000
6	0		729.859204000
6	0		729.921356000
6	0		729.921378000
6	0		729.983588000
6	0		730.045748000
6	0		730.106885000
6	0		730.169108000
6	0		730.231222000
6	0		730.293362000
6	0		730.355580000
6	0		730.417730000
6	0		730.478839000
6	0		730.541160000
6	0		730.603319000
6	1396		730.665483000
6	420		730.665508000
6	0		730.666035000
6	1396		730.711403000
6	1396		730.722150000
6	1396		730.743776000
6	1396		730.765384000
6	1396		730.787060000
6	1396		730.808614000
6	1396		730.830281000
6	1396		730.851842000
6	1396		730.873480000
6	1396		730.895105000
6	1396		730.916696000
6	1396		730.938317000
6	1396		730.959952000
6	0		730.975212000
6	1396		730.981561000
6	1396		731.003189000
6	1396		731.024790000
6	0		731.037083000
6	1396		731.046418000
6	1396		731.068015000
6	1396		731.089634000
6	0		731.098939000
6	1396		731.111274000
6	1396		731.132892000
6	1396		731.154521000
6	1396		731.176120000
6	1396		731.197755000
6	1396		731.219372000
6	0		731.222888000
6	1396		731.240967000
6	1396		731.262594000
6	1396		731.284228000
6	0		731.285459000
6	1396		731.305833000
6	1396		731.327453000
6	0		731.347626000
6	0		731.347655000
6	1396		731.349055000
6	1396		731.370678000
6	1396		731.392288000
6	0		731.408904000
6	1396		731.413886000
6	1396		731.435531000
6	434		731.457136000
6	0		731.471107000
6	0		731.533207000
6	0		731.657265000
6	0		731.719372000
6	0		731.781618000
6	0		731.842855000
6	0		731.905167000
6	0		731.967405000
6	0		732.029615000
6	0		732.152965000
6	0		732.215779000
6	0		732.276942000
6	0		732.339116000
6	0		732.401313000
6	0		732.463489000
6	0		732.525634000
6	0		732.586804000
6	0		732.711310000
6	0		732.835085000
6	0		732.959392000
6	0		733.083785000
6	0		733.206918000
6	1396		733.269130000
6	0		733.275112000
6	420		733.331339000
6	0		733.331377000
6	0		733.331922000
6	1396		733.332688000
6	1396		733.413011000
6	1396		733.494100000
6	1396		733.575187000
6	0		733.641297000
6	1396		733.656309000
6	1396		733.737388000
6	1396		733.818464000
6	0		733.826789000
6	1396		733.899543000
6	0		733.951307000
6	1396		733.980616000
6	1396		734.061702000
6	0		734.137240000
6	1396		734.142780000
6	1396		734.207658000
6	1396		734.272527000
6	0		734.323494000
6	1396		734.337398000
6	1396		734.402283000
6	1396		734.467145000
6	0		734.509726000
6	1396		734.575253000
6	1396		734.683385000
6	0		734.695691000
6	1396		734.791587000
6	0		734.881152000
6	1396		734.899604000
6	1396		734.980693000
6	1396		735.061773000
6	0		735.067074000
6	1396		735.142862000
6	1396		735.223947000
6	0		735.253315000
6	1396		735.305062000
6	1396		735.386189000
6	1396		735.467219000
6	0		735.501721000
6	1396		735.548302000
6	1396		735.629386000
6	0		735.686820000
6	1396		735.710482000
6	1396		735.791557000
6	1396		735.872681000
6	0		735.872916000
6	1396		735.953740000
6	1396		736.034841000
6	0		736.059066000
6	1396		736.115927000
6	1396		736.197008000
6	0		736.245244000
6	1396		736.278101000
6	1396		736.359227000
6	0		736.431644000
6	1396		736.440258000
6	1396		736.521374000
6	0		736.617740000
6	1396		736.618300000
6	1396		736.683523000
6	0		736.741677000
6	1396		736.764625000
6	1396		736.845745000
6	0		736.989602000
6	1396		736.990168000
6	1396		737.022631000
6	1396		737.087490000
6	0		737.113107000
6	1125		737.152371000
6	0		737.298995000
6	0		737.423361000
6	0		737.547217000
6	0		737.732831000
6	0		737.981345000
6	1396		738.043543000
6	308		738.043570000
6	0		738.044109000
6	1396		738.169507000
6	1396		738.211042000
6	1396		738.294054000
6	1396		738.377129000
6	0		738.415281000
6	1396		738.460201000
6	1396		738.543281000
6	0		738.601496000
6	1396		738.626361000
6	1396		738.709453000
6	0		738.786911000
6	1396		738.792530000
6	1396		738.875612000
6	1396		738.958669000
6	0		738.972960000
6	1396		739.041715000
6	1396		739.124807000
6	0		739.159093000
6	1396		739.207888000
6	1396		739.290976000
6	1396		739.374046000
6	0		739.406949000
6	1396		739.457112000
6	1396		739.540184000
6	0		739.593631000
6	1396		739.623264000
6	1396		739.706347000
6	0		739.779652000
6	1396		739.789412000
6	1396		739.872494000
6	0		739.965332000
6	1396		739.965932000
6	1396		740.038640000
6	0		740.088854000
6	1396		740.121715000
6	1396		740.188174000
6	1396		740.254690000
6	1396		740.321109000
6	0		740.337103000
6	0		740.585066000
6	1396		740.585654000
6	1396		740.627187000
6	0		740.709595000
6	1396		740.710246000
6	1396		740.793337000
6	0		740.895279000
6	1396		740.895838000
6	0		740.957394000
6	1396		740.959478000
6	0		741.143335000
6	1396		741.143910000
6	0		741.267421000
6	1396		741.268001000
6	1396		741.309648000
6	0		741.453334000
6	1396		741.453939000
6	1396		741.495485000
6	0		741.700806000
6	1396		741.701397000
6	1396		741.742937000
6	0		741.825324000
6	1396		741.826017000
6	1396		741.909087000
6	0		741.949028000
6	1396		741.992168000
6	1396		742.075231000
6	0		742.258836000
6	1396		742.259489000
6	1396		742.292664000
6	1095		742.359139000
6	0		742.445608000
6	0		742.631753000
6	0		742.817457000
6	0		742.879874000
6	1396		742.941072000
6	420		742.941110000
6	0		742.941678000
6	1396		743.002848000
6	1396		743.044379000
6	1396		743.127438000
6	1396		743.210518000
6	0		743.251265000
6	1396		743.293616000
6	1396		743.376659000
6	1396		743.459757000
6	0		743.499146000
6	1396		743.542838000
6	0		743.685696000
6	1396		743.686263000
6	1396		743.727820000
6	0		743.871377000
6	1396		743.871969000
6	1396		743.913513000
6	0		744.119751000
6	1396		744.120338000
6	1396		744.153650000
6	1396		744.220013000
6	1396		744.286475000
6	0		744.305514000
6	1396		744.352968000
6	1396		744.419414000
6	1396		744.485866000
6	1396		744.552392000
6	0		744.553406000
6	0		744.739097000
6	1396		744.739688000
6	1396		744.795072000
6	619		744.800841000
6	39		744.800869000
6	0		744.802559000
6	0		744.802588000
6	39		744.802591000
6	69		744.804937000
6	31		744.806131000
6	39		744.807226000
6	0		744.863538000
6	1396		744.905838000
6	1396		744.988927000
6	0		745.049518000
6	1396		745.072004000
6	1396		745.155087000
6	0		745.297014000
6	0		745.297060000
6	1396		745.297580000
6	1396		745.339541000
6	0		745.359662000
6	39		745.359722000
6	0		745.365662000
6	0		745.545332000
6	1396		745.545886000
6	1396		745.587856000
6	0		745.731428000
6	1396		745.731978000
6	1396		745.773942000
6	0		745.918010000
6	1396		745.918609000
6	1396		745.960562000
6	0		746.165373000
6	1396		746.166115000
6	1396		746.207898000
6	0		746.289366000
6	1396		746.291783000
6	1396		746.375708000
6	0		746.537102000
6	1396		746.537693000
6	1396		746.579689000
6	0		746.785130000
6	1396		746.785688000
6	1396		746.819261000
6	1396		746.886453000
6	0		746.909689000
6	1396		746.953498000
6	1396		747.020612000
6	1396		747.087746000
6	0		747.157174000
6	0		747.343521000
6	1396		747.344122000
6	1396		747.406640000
6	0		747.467614000
6	1396		747.531360000
6	0		747.591260000
6	1396		747.622002000
6	0		747.653311000
6	1396		747.712636000
6	1396		747.803285000
6	0		747.963255000
6	1396		747.963843000
6	1396		748.009156000
6	0		748.211628000
6	1396		748.212206000
6	1396		748.257516000
6	0		748.334917000
6	1396		748.348139000
6	1396		748.438777000
6	0		748.583567000
6	1396		748.584222000
6	1396		748.629543000
6	1396		748.720158000
6	1396		748.810790000
6	0		748.831583000
6	1396		748.901417000
6	0		748.955444000
6	1396		748.992043000
6	1396		749.082659000
6	0		749.141000000
6	1396		749.173310000
6	0		749.327250000
6	0		749.451446000
6	1396		749.451981000
6	0		749.637359000
6	1396		749.637940000
6	0		749.761412000
6	1396		749.761992000
6	1396		749.807313000
6	0		750.070903000
6	1396		750.071476000
6	1396		750.116784000
6	1396		750.207396000
6	0		750.256863000
6	1396		750.298043000
6	1396		750.388656000
6	1396		750.479293000
6	0		750.505163000
6	1396		750.569902000
6	1396		750.660553000
6	1396		750.751169000
6	0		750.753034000
6	1396		750.841785000
6	1396		750.932426000
6	0		750.939221000
6	1396		751.023049000
6	1396		751.113659000
6	0		751.125028000
6	1043		751.186200000
6	0		751.373191000
6	0		751.558928000
6	0		751.745284000
6	1396		751.807488000
6	308		751.807518000
6	690		751.807533000
6	0		751.808093000
6	0		751.808566000
6	67		751.810569000
6	31		751.811629000
6	39		751.812703000
6	1396		751.851102000
6	1396		751.898747000
6	1396		751.989354000
6	1396		752.079991000
6	0		752.117273000
6	39		752.117298000
6	0		752.123621000
6	1396		752.170613000
6	0		752.241160000
6	1396		752.261227000
6	1396		752.351881000
6	1396		752.442508000
6	0		752.488918000
6	1396		752.533136000
6	0		752.613192000
6	1396		752.623730000
6	1396		752.714453000
6	1396		752.805009000
6	0		752.860851000
6	1396		752.895635000
6	1396		752.986252000
6	1396		753.076882000
6	0		753.109751000
6	1396		753.167490000
6	1396		753.258113000
6	1396		753.348752000
6	0		753.357123000
6	1396		753.439385000
6	1396		753.530023000
6	0		753.605521000
6	1396		753.620626000
6	1396		753.711256000
6	0		753.791777000
6	1396		753.801873000
6	1396		753.892496000
6	0		754.039192000
6	1396		754.039771000
6	1396		754.085102000
6	0		754.286867000
6	1396		754.287467000
6	1396		754.332785000
6	1396		754.423412000
6	0		754.473622000
6	1396		754.514049000
6	1396		754.586536000
6	1396		754.659041000
6	0		754.721183000
6	1396		754.731545000
6	588		754.783323000
6	0		754.784314000
6	69		754.786966000
6	31		754.787719000
6	39		754.788489000
6	1396		754.804020000
6	1396		754.876546000
6	0		754.969484000
6	0		755.217682000
6	1396		755.218326000
6	1396		755.278739000
6	0		755.403201000
6	1396		755.403796000
6	1396		755.490184000
6	0		755.651390000
6	1396		755.652014000
6	1396		755.697326000
6	0		755.774814000
6	39		755.774841000
6	0		755.782011000
6	0		755.899465000
6	1396		755.900053000
6	0		756.085659000
6	1396		756.086259000
6	0		756.271405000
6	1396		756.272008000
6	0		756.395779000
6	1396		756.396402000
6	1396		756.445950000
6	0		756.581060000
6	1396		756.581651000
6	1396		756.644149000
6	0		756.766885000
6	1396		756.767475000
6	0		757.015560000
6	1396		757.016166000
6	1396		757.065730000
6	0		757.325706000
6	0		757.511326000
6	0		757.758961000
6	1396		757.759600000
6	1396		757.809159000
6	0		758.069681000
6	1396		758.070268000
6	1396		758.119844000
6	0		758.193509000
6	1396		758.218958000
6	1396		758.318029000
6	1396		758.417147000
6	0		758.503644000
6	1396		758.516256000
6	1396		758.615367000
6	0		758.627680000
6	1396		758.714527000
6	1396		758.813574000
6	1396		758.912675000
6	0		758.937137000
6	1396		759.011812000
6	1396		759.110882000
6	0		759.184959000
6	1396		759.209994000
6	1396		759.309093000
6	1396		759.408211000
6	0		759.433480000
6	1396		759.507299000
6	1396		759.606406000
6	0		759.680805000
6	1396		759.707902000
6	1396		759.789078000
6	1396		759.870258000
6	0		759.928930000
6	1396		759.951462000
6	1396		760.032645000
6	1396		760.113830000
6	0		760.115102000
6	0		760.363238000
6	1396		760.363818000
6	1396		760.431591000
6	0		760.611366000
6	1396		760.611932000
6	1396		760.668281000
6	0		760.796993000
6	1396		760.797609000
6	1396		760.871293000
6	0		761.107265000
6	1396		761.107882000
6	0		761.293280000
6	1396		761.293854000
6	0		761.541628000
6	1396		761.542209000
6	1396		761.596897000
6	0		761.789335000
6	1396		761.789910000
6	1396		761.844604000
6	0		762.099814000
6	1396		762.100390000
6	1396		762.155044000
6	0		762.409120000
6	1396		762.409703000
6	1396		762.464371000
6	0		762.657411000
6	1396		762.658003000
6	1312		762.712643000
6	0		762.967588000
6	0		763.215249000
6	0		763.525079000
6	1396		763.587212000
6	420		763.587239000
6	0		763.587849000
6	1396		763.588774000
6	1396		763.697156000
6	1396		763.806478000
6	1396		763.915805000
6	1396		764.025157000
6	1396		764.134504000
6	0		764.144926000
6	1396		764.243814000
6	1396		764.331300000
6	0		764.331510000
6	1396		764.418752000
6	1396		764.506217000
6	0		764.579810000
6	1396		764.593707000
6	1396		764.681171000
6	0		764.765633000
6	1396		764.768642000
6	653		764.827725000
6	0		764.829200000
6	69		764.831104000
6	31		764.831953000
6	39		764.832745000
6	1396		764.914415000
6	0		765.012873000
6	1396		765.060198000
6	1396		765.169620000
6	0		765.260972000
6	1396		765.278865000
6	1396		765.388190000
6	0		765.447265000
6	39		765.447290000
6	0		765.447295000
6	0		765.453678000
6	1396		765.497616000
6	0		765.570997000
6	1396		765.606887000
6	0		765.757255000
6	1396		765.757863000
6	1396		765.825522000
6	0		766.005402000
6	1396		766.005993000
6	0		766.253536000
6	1396		766.254175000
6	1396		766.308792000
6	0		766.500944000
6	1396		766.501531000
6	1396		766.556198000
6	0		766.749473000
6	1396		766.750053000
6	1396		766.804731000
6	0		767.059296000
6	1396		767.059909000
6	1396		767.114554000
6	0		767.369374000
6	1396		767.370006000
6	1396		767.424686000
6	0		767.616902000
6	1396		767.617491000
6	1396		767.672132000
6	0		767.927275000
6	1396		767.927863000
6	1396		767.971588000
6	1396		768.059107000
6	1396		768.146513000
6	0		768.175265000
6	1396		768.234093000
6	1396		768.321452000
6	0		768.547018000
6	0		768.795128000
6	1396		768.795844000
6	1396		768.868633000
6	1396		769.014416000
6	0		769.043429000
6	1396		769.160192000
6	0		769.290805000
6	1396		769.306001000
6	1396		769.415327000
6	1396		769.524675000
6	1396		769.633996000
6	0		769.787321000
6	0		770.159477000
6	0		770.345249000
6	1396		770.345834000
6	1396		770.400509000
6	0		770.530983000
6	1396		770.531568000
6	1396		770.619266000
6	0		770.779554000
6	1396		770.780154000
6	1396		770.837880000
6	1396		770.947215000
6	0		770.964798000
6	1396		771.056524000
6	1396		771.165871000
6	0		771.213433000
6	1396		771.275200000
6	1396		771.384543000
6	0		771.399734000
6	1396		771.493878000
6	1396		771.581350000
6	1396		771.668819000
6	0		771.709722000
6	1396		771.756273000
6	1396		771.843781000
6	0		771.957139000
6	1396		771.957854000
6	1396		772.077007000
6	0		772.205257000
6	1396		772.222777000
6	1396		772.332116000
6	0		772.453722000
6	1396		772.454297000
6	1396		772.550805000
6	0		772.700953000
6	1396		772.701542000
6	1396		772.769460000
6	0		772.949365000
6	1396		772.949969000
6	1396		773.004625000
6	0		773.259496000
6	1396		773.260091000
6	1396		773.314769000
6	0		773.507124000
6	131		773.507146000
6	1396		773.507848000
6	0		773.508256000
6	1396		773.562527000
6	1299		773.569273000
6	0		773.570298000
6	68		773.575644000
6	62		773.576475000
6	70		773.578035000
6	0		773.816920000
6	1396		773.817482000
6	0		774.188907000
6	1396		774.189550000
6	1396		774.251823000
6	0		774.437533000
6	1396		774.438118000
6	1396		774.501074000
6	0		774.623171000
6	39		774.623206000
6	0		774.629650000
6	0		774.809377000
6	1396		774.809945000
6	1396		774.872261000
6	0		775.119318000
6	1396		775.119907000
6	1396		775.182261000
6	0		775.367480000
6	1396		775.368069000
6	1396		775.417917000
6	1396		775.517633000
6	1396		775.617295000
6	0		775.739070000
6	0		776.111426000
6	0		776.359260000
6	1396		776.359834000
6	1396		776.422139000
6	0		776.606787000
6	1396		776.607389000
6	1396		776.671359000
6	0		777.041800000
6	1396		777.042429000
6	1396		777.104682000
6	0		777.164834000
6	1396		777.227110000
6	1396		777.229303000
6	0		777.233857000
6	308		777.289566000
6	0		777.290097000
6	1396		777.290930000
6	1396		777.311759000
6	1396		777.333390000
6	1396		777.353915000
6	1396		777.354976000
6	1396		777.376614000
6	1396		777.398251000
6	1396		777.419863000
6	1396		777.441474000
6	1396		777.463085000
6	1396		777.478544000
6	1396		777.484732000
6	1396		777.506315000
6	1396		777.527933000
6	0		777.537773000
6	1396		777.549557000
6	1396		777.571168000
6	1396		777.592790000
6	1396		777.603148000
6	1396		777.614407000
6	1396		777.636030000
6	1396		777.657636000
6	1396		777.679260000
6	1396		777.700904000
6	1396		777.722490000
6	0		777.723270000
6	0		777.723296000
6	1396		777.727746000
6	1396		777.744118000
6	1396		777.765706000
6	0		777.784916000
6	1396		777.787406000
6	1396		777.809080000
6	1396		777.830601000
6	1396		777.852208000
6	85		777.852336000
6	1396		777.873814000
6	1396		777.895454000
6	0		777.909255000
6	1396		777.917070000
6	1396		777.938660000
6	1396		777.960292000
6	1396		777.981906000
6	1396		778.003541000
6	1396		778.025153000
6	0		778.033483000
6	1396		778.046775000
6	1396		778.068383000
6	1396		778.089982000
6	0		778.095252000
6	1396		778.111643000
6	1396		778.133218000
6	1396		778.154848000
6	0		778.157530000
6	1396		778.176466000
6	1396		778.198113000
6	1396		778.219710000
6	1396		778.241373000
6	1396		778.263004000
6	0		778.281253000
6	0		778.281284000
6	1396		778.284550000
6	1396		778.306209000
6	1396		778.327794000
6	0		778.343145000
6	1396		778.349395000
6	1396		778.371089000
6	1396		778.392634000
6	0		778.404893000
6	1396		778.414250000
6	1396		778.435883000
6	1396		778.457549000
6	1396		778.479124000
6	1396		778.500740000
6	1396		778.522347000
6	1396		778.543974000
6	1396		778.565585000
6	1396		778.587210000
6	0		778.590797000
6	1396		778.608820000
6	1396		778.630557000
6	1396		778.652072000
6	0		778.653389000
6	1396		778.673665000
6	1396		778.695301000
6	0		778.715622000
6	1396		778.716903000
6	1396		778.738592000
6	1396		778.760133000
6	0		778.776799000
6	1396		778.781759000
6	1396		778.803373000
6	1396		778.825003000
6	0		778.839290000
6	1396		778.846622000
6	1396		778.868253000
6	1396		778.889844000
6	0		778.901152000
6	1396		778.911460000
6	1396		778.933141000
6	1396		778.954704000
6	0		778.962998000
6	1396		778.976316000
6	1396		778.997952000
6	1396		779.019594000
6	0		779.025193000
6	1396		779.041218000
6	1396		779.062859000
6	1396		779.084456000
6	1396		779.106017000
6	1396		779.127661000
6	1396		779.149271000
6	0		779.149293000
6	1396		779.170899000
6	1396		779.192492000
6	1396		779.214141000
6	1396		779.235745000
6	1396		779.257510000
6	0		779.273011000
6	1396		779.278971000
6	1396		779.300602000
6	1396		779.322248000
6	1396		779.343816000
6	1396		779.365486000
6	1396		779.387034000
6	1396		779.408677000
6	1396		779.430307000
6	1396		779.451914000
6	0		779.459533000
6	1396		779.473530000
6	1396		779.495203000
6	939		779.516794000
6	0		779.674807000
6	0		779.767761000
6	0		779.905197000
6	0		779.905226000
6	0		779.997661000
6	0		780.135100000
6	0		780.227452000
6	0		780.319749000
6	0		780.411241000
6	0		780.503459000
6	0		780.640903000
6	0		780.733176000
6	0		780.825435000
6	0		780.917772000
6	0		781.008960000
6	0		781.101231000
6	0		781.193565000
6	0		781.284865000
6	0		781.377279000
6	0		781.469282000
6	0		781.561705000
6	0		781.606856000
6	0		781.699173000
6	0		781.791444000
6	0		781.883708000
6	0		781.975055000
6	0		782.067354000
6	0		782.159630000
6	0		782.250898000
6	0		782.343184000
6	0		782.481640000
6	0		782.572983000
6	0		782.665270000
6	0		782.757586000
6	0		782.849014000
6	0		782.895134000
6	0		782.987343000
6	0		783.079653000
6	0		783.171295000
6	1396		783.263109000
6	421		783.263135000
6	0		783.263750000
6	1396		783.287861000
6	0		783.309170000
6	1396		783.388332000
6	0		783.401498000
6	0		783.447834000
6	0		783.492960000
6	1396		783.512956000
6	0		783.539114000
6	0		783.585398000
6	0		783.631552000
6	1396		783.637566000
6	0		783.676831000
6	1396		783.762285000
6	1396		783.886779000
6	0		784.137562000
6	1396		784.138139000
6	1396		784.200451000
6	0		784.229228000
6	0		784.321020000
6	1396		784.325067000
6	1396		784.449674000
6	1396		784.574266000
6	0		784.597569000
6	1396		784.698921000
6	0		784.735237000
6	664		784.781095000
6	39		784.781120000
6	0		784.782503000
6	0		784.782546000
6	39		784.782984000
6	69		784.784603000
6	31		784.785488000
6	39		784.786290000
6	1396		784.823477000
6	0		784.873298000
6	1396		784.948094000
6	0		785.011406000
6	39		785.011434000
6	0		785.017949000
6	1396		785.072708000
6	0		785.103047000
6	1396		785.197320000
6	1396		785.321925000
6	0		785.333576000
6	1396		785.446538000
6	0		785.563030000
6	1396		785.571137000
6	1396		785.695770000
6	0		785.701256000
6	1396		785.820390000
6	0		785.931449000
6	1396		785.945057000
6	1396		786.069567000
6	0		786.161357000
6	1396		786.194238000
6	1396		786.318806000
6	0		786.391512000
6	1396		786.443402000
6	1396		786.536266000
6	0		786.620926000
6	1396		786.629102000
6	1396		786.721988000
6	1396		786.814857000
6	0		786.850850000
6	1396		786.907714000
6	1396		787.000573000
6	1396		787.093436000
6	0		787.127370000
6	1396		787.185678000
6	1396		787.277905000
6	0		787.356907000
6	1396		787.370129000
6	1396		787.462373000
6	0		787.541771000
6	1396		787.554598000
6	1396		787.669974000
6	0		787.771589000
6	1396		787.785158000
6	1396		787.893124000
6	0		787.955391000
6	1396		788.001063000
6	0		788.092949000
6	1396		788.105015000
6	1396		788.209002000
6	1396		788.312960000
6	0		788.369402000
6	1396		788.416927000
6	1396		788.520895000
6	0		788.553073000
6	1396		788.624886000
6	1396		788.728853000
6	0		788.829454000
6	1396		788.832818000
6	1396		788.916011000
6	1396		788.999159000
6	0		789.013595000
6	1396		789.082351000
6	0		789.197154000
6	1396		789.197781000
6	1396		789.269471000
6	0		789.334807000
6	1396		789.373413000
6	1396		789.471405000
6	0		789.519811000
6	1396		789.569367000
6	1396		789.661460000
6	0		789.795355000
6	1396		789.795921000
6	1396		789.845658000
6	0		789.933239000
6	1396		789.937755000
6	0		790.117353000
6	1396		790.117956000
6	1396		790.164023000
6	0		790.255431000
6	1396		790.256231000
6	1396		790.329863000
6	1396		790.403479000
6	1396		790.477145000
6	0		790.485535000
6	0		790.577611000
6	1396		790.578165000
6	1396		790.631933000
6	0		790.807254000
6	1396		790.807851000
6	1396		790.848382000
6	0		790.945047000
6	1396		790.945610000
6	1396		791.010566000
6	0		791.174783000
6	1396		791.175435000
6	1396		791.215987000
6	0		791.313517000
6	1396		791.314090000
6	1396		791.378146000
6	0		791.543483000
6	1396		791.544138000
6	1396		791.584647000
6	0		791.681243000
6	1396		791.681800000
6	1396		791.746815000
6	709		791.819069000
6	0		791.820421000
6	67		791.822482000
6	31		791.822869000
6	39		791.823304000
6	0		791.865183000
6	1396		791.865774000
6	1396		791.909008000
6	0		792.003093000
6	1396		792.003655000
6	0		792.049253000
6	1396		792.071214000
6	39		792.095457000
6	0		792.101701000
6	0		792.187252000
6	1396		792.187860000
6	1396		792.233326000
6	0		792.371061000
6	1396		792.371653000
6	572		792.412193000
6	0		792.509429000
6	0		792.693138000
6	1396		792.739641000
6	309		792.739667000
6	0		792.740214000
6	1396		792.891483000
6	1396		792.932021000
6	1396		793.013085000
6	0		793.061663000
6	1396		793.094162000
6	1396		793.175257000
6	1396		793.256350000
6	0		793.291599000
6	1396		793.364472000
6	1396		793.445559000
6	0		793.474832000
6	1396		793.526686000
6	1396		793.607748000
6	0		793.658930000
6	1396		793.688811000
6	131		793.705352000
6	897		793.705359000
6	0		793.706399000
6	0		793.706413000
6	68		793.712655000
6	93		793.713095000
6	39		793.714412000
6	1396		793.769900000
6	0		793.843422000
6	1396		793.851024000
6	1396		793.932054000
6	0		793.981333000
6	39		793.981361000
6	0		793.987876000
6	0		794.073387000
6	1396		794.073973000
6	1396		794.114536000
6	0		794.257292000
6	1396		794.257876000
6	1396		794.298417000
6	0		794.441355000
6	1396		794.441934000
6	1396		794.474361000
6	1396		794.539227000
6	0		794.578903000
6	1396		794.604107000
6	0		794.762937000
6	1396		794.763530000
6	1396		794.804060000
6	0		794.947862000
6	1396		794.948430000
6	1396		794.988981000
6	0		795.131563000
6	1396		795.132160000
6	1396		795.172695000
6	0		795.316041000
6	1396		795.316631000
6	1396		795.357186000
6	0		795.499293000
6	1396		795.499940000
6	1396		795.540482000
6	0		795.682879000
6	1396		795.683459000
6	1396		795.724004000
6	0		795.867307000
6	1396		795.867899000
6	1396		795.900332000
6	1396		795.965212000
6	0		796.005444000
6	1396		796.030096000
6	0		796.189300000
6	1396		796.189899000
6	1396		796.230460000
6	0		796.373194000
6	1396		796.373786000
6	1396		796.414342000
6	0		796.557266000
6	1396		796.557835000
6	1396		796.598408000
6	1396		796.679472000
6	0		796.741308000
6	1396		796.760563000
6	1396		796.841654000
6	0		796.925597000
6	1396		796.926251000
6	1396		797.007895000
6	0		797.109103000
6	1396		797.109684000
6	1396		797.178224000
6	0		797.247775000
6	383		797.263379000
6	0		797.477753000
6	0		797.569309000
6	1396		797.615081000
6	421		797.615109000
6	0		797.615664000
6	1396		797.726739000
6	1396		797.769011000
6	1396		797.853730000
6	1396		797.938487000
6	0		797.983775000
6	1396		798.023217000
6	1396		798.107959000
6	0		798.167519000
6	1396		798.192680000
6	1396		798.277413000
6	0		798.397696000
6	1396		798.398265000
6	1396		798.446868000
6	0		798.626897000
6	1396		798.627477000
6	1396		798.669956000
6	1396		798.754585000
6	0		798.811137000
6	1396		798.839312000
6	1396		798.924058000
6	0		798.949672000
6	1396		799.008784000
6	1396		799.076585000
6	0		799.087309000
6	0		799.133257000
6	1396		799.144343000
6	1396		799.212146000
6	0		799.271284000
6	1396		799.279922000
6	0		799.455109000
6	1396		799.455705000
6	1396		799.498082000
6	0		799.638858000
6	1396		799.639462000
6	1396		799.681832000
6	0		799.869280000
6	1396		799.869862000
6	0		799.960922000
6	1396		799.961926000
6	1396		800.004318000
6	0		800.145337000
6	1396		800.145927000
6	1396		800.188287000
6	0		800.421177000
6	1396		800.421802000
6	1396		800.464155000
6	0		800.559364000
6	1396		800.559945000
6	1028		800.616693000
6	0		800.697312000
6	0		800.881328000
6	0		801.019423000
6	1396		801.065608000
6	421		801.065635000
6	0		801.066177000
6	1396		801.067120000
6	1396		801.150913000
6	1396		801.235644000
6	1396		801.320388000
6	0		801.386894000
6	1396		801.405100000
6	1396		801.489847000
6	1396		801.574597000
6	0		801.616909000
6	1396		801.659320000
6	1396		801.744061000
6	0		801.801027000
6	1396		801.828798000
6	1396		801.913508000
6	0		802.031550000
6	1396		802.032128000
6	1396		802.082963000
6	0		802.215602000
6	1396		802.216183000
6	1396		802.250080000
6	1396		802.317844000
6	1396		802.385717000
6	0		802.491239000
6	0		802.629009000
6	1396		802.629575000
6	0		802.767103000
6	1396		802.767817000
6	1396		802.814032000
6	0		802.997251000
6	1396		802.997980000
6	0		803.043247000
6	1396		803.044198000
6	0		803.181347000
6	1396		803.181923000
6	1396		803.229430000
6	0		803.365324000
6	1396		803.365876000
6	1396		803.414653000
6	0		803.457011000
6	1396		803.507271000
6	1396		803.599882000
6	0		803.641141000
6	1396		803.692490000
6	0		803.824823000
6	1396		803.825370000
6	0		804.054921000
6	1396		804.055490000
6	1396		804.101782000
6	0		804.285163000
6	1396		804.285775000
6	1396		804.332042000
6	1396		804.424675000
6	0		804.469267000
6	1396		804.517283000
6	1396		804.609953000
6	0		804.652938000
6	1396		804.702519000
6	1396		804.795121000
6	0		804.837177000
6	1396		804.887747000
6	0		804.975589000
6	1396		804.980347000
6	1396		805.072947000
6	1396		805.165592000
6	0		805.205424000
6	1396		805.258173000
6	1396		805.350798000
6	0		805.435068000
6	1396		805.443400000
6	1396		805.517491000
6	1396		805.591593000
6	0		805.665765000
6	1396		805.715031000
6	1396		805.838524000
6	0		805.894928000
6	1396		805.931145000
6	340		806.023756000
6	0		806.033176000
6	1396		806.263218000
6	309		806.263244000
6	0		806.263253000
6	0		806.264146000
6	1396		806.264655000
6	1396		806.283154000
6	1396		806.302481000
6	1396		806.321778000
6	1396		806.341119000
6	1396		806.360429000
6	1396		806.379722000
6	1396		806.399030000
6	1396		806.418357000
6	1396		806.437634000
6	0		806.446936000
6	1396		806.457029000
6	1396		806.476276000
6	1396		806.495612000
6	1396		806.514876000
6	1396		806.534223000
6	1396		806.553509000
6	1396		806.572855000
6	1396		806.592138000
6	1396		806.611463000
6	1396		806.630791000
6	0		806.631125000
6	1396		806.650073000
6	1396		806.669375000
6	0		806.677339000
6	1396		806.688709000
6	1396		806.706513000
6	0		806.722902000
6	1396		806.724155000
6	1396		806.741902000
6	1396		806.759609000
6	0		806.769029000
6	1396		806.777376000
6	1396		806.795132000
6	1396		806.812846000
6	1396		806.830556000
6	1396		806.848321000
6	0		806.861326000
6	1396		806.866044000
6	1396		806.883822000
6	1396		806.901554000
6	0		806.906820000
6	1396		806.919272000
6	1396		806.936996000
6	0		806.952995000
6	1396		806.954727000
6	1396		806.972480000
6	1396		806.990222000
6	0		806.999415000
6	1396		807.007947000
6	1396		807.025689000
6	1396		807.043425000
6	1396		807.061156000
6	1396		807.078897000
6	0		807.090806000
6	1396		807.096618000
6	1396		807.114354000
6	1117		807.132078000
6	0		807.137322000
6	0		807.183448000
6	0		807.229263000
6	0		807.321199000
6	0		807.367354000
6	0		807.413568000
6	0		807.504887000
6	0		807.551591000
6	0		807.597731000
6	0		807.643004000
6	0		807.735265000
6	0		807.781490000
6	0		807.827720000
6	0		807.872871000
6	0		807.965118000
6	0		807.965143000
6	0		808.010850000
6	0		808.103308000
6	0		808.149468000
6	0		808.195618000
6	0		808.241751000
6	0		808.333095000
6	0		808.379254000
6	0		808.425439000
6	0		808.471584000
6	0		808.562968000
6	0		808.609122000
6	0		808.655322000
6	0		808.701492000
6	0		808.793025000
6	0		808.839887000
6	0		808.885075000
6	0		808.931228000
6	0		808.977423000
6	0		809.023570000
6	0		809.069750000
6	0		809.114854000
6	0		809.161468000
6	0		809.161495000
6	1396		809.207283000
6	421		809.207309000
6	0		809.207885000
6	1396		809.374644000
6	1396		809.383502000
6	1396		809.401301000
6	1396		809.418991000
6	1396		809.436713000
6	1396		809.454492000
6	1396		809.472162000
6	1396		809.489912000
6	1396		809.507653000
6	1396		809.525379000
6	1396		809.543142000
6	1396		809.560863000
6	1396		809.578597000
6	1396		809.596331000
6	1396		809.614074000
6	1396		809.631805000
6	1396		809.649545000
6	1396		809.667341000
6	1396		809.685021000
6	1396		809.702774000
6	0		809.713073000
6	1396		809.720472000
6	1396		809.738222000
6	1396		809.755958000
6	0		809.759197000
6	1396		809.773703000
6	1396		809.791434000
6	0		809.805479000
6	1396		809.809154000
6	1396		809.826945000
6	1396		809.844653000
6	0		809.850886000
6	1396		809.862369000
6	1396		809.880115000
6	1396		809.897856000
6	1396		809.915575000
6	1396		809.933326000
6	0		809.943589000
6	1396		809.951054000
6	1396		809.968804000
6	1396		809.986520000
6	0		809.988877000
6	1396		810.004269000
6	1396		810.021998000
6	0		810.034921000
6	1396		810.039745000
6	1396		810.057496000
6	1207		810.075207000
6	0		810.081242000
6	0		810.127605000
6	0		810.218941000
6	0		810.265161000
6	0		810.311352000
6	0		810.357548000
6	0		810.402984000
6	0		810.449154000
6	0		810.495297000
6	0		810.541416000
6	0		810.633754000
6	0		810.679039000
6	0		810.725185000
6	0		810.771327000
6	0		810.862956000
6	0		810.909153000
6	0		810.955519000
6	0		811.001533000
6	0		811.047859000
6	0		811.093053000
6	0		811.138954000
6	0		811.185161000
6	0		811.231344000
6	0		811.277493000
6	0		811.323629000
6	0		811.368806000
6	0		811.414933000
6	0		811.461101000
6	0		811.507254000
6	0		811.553359000
6	0		811.599529000
6	0		811.645764000
6	0		811.645796000
6	0		811.690959000
6	1396		811.736990000
6	309		811.737016000
6	0		811.737540000
6	1396		811.738449000
6	1396		811.754547000
6	1396		811.771543000
6	1396		811.788584000
6	1396		811.805609000
6	1396		811.822685000
6	1396		811.839640000
6	1396		811.856667000
6	1396		811.873726000
6	1396		811.890705000
6	1396		811.907724000
6	1396		811.924715000
6	1396		811.941735000
6	1396		811.958755000
6	0		811.967133000
6	1396		811.975787000
6	1396		811.992795000
6	1396		812.009950000
6	0		812.013288000
6	1396		812.026813000
6	1396		812.043838000
6	0		812.059352000
6	1396		812.060835000
6	1396		812.077864000
6	1396		812.094884000
6	1396		812.111897000
6	1396		812.128921000
6	1396		812.145939000
6	0		812.151296000
6	1396		812.162946000
6	1396		812.179981000
6	1396		812.196978000
6	0		812.197186000
6	1396		812.213982000
6	1396		812.231012000
6	0		812.243339000
6	1396		812.248014000
6	1396		812.265056000
6	1396		812.282079000
6	0		812.289515000
6	1396		812.299075000
6	1396		812.316118000
6	1396		812.333135000
6	1396		812.350150000
6	1396		812.367144000
6	0		812.381516000
6	1396		812.384187000
6	1396		812.401182000
6	1396		812.418206000
6	0		812.427579000
6	1396		812.435222000
6	1396		812.452230000
6	1396		812.469236000
6	0		812.473579000
6	1396		812.486271000
6	1396		812.503267000
6	0		812.519552000
6	1396		812.520288000
6	1396		812.537382000
6	1396		812.554320000
6	1396		812.571344000
6	1396		812.588364000
6	1396		812.605452000
6	0		812.611781000
6	1396		812.622387000
6	1396		812.639462000
6	1396		812.656434000
6	0		812.656910000
6	1396		812.673444000
6	1396		812.690462000
6	0		812.702839000
6	1396		812.707471000
6	1396		812.724492000
6	1396		812.741512000
6	0		812.749054000
6	753		812.758516000
6	0		812.795251000
6	0		812.887450000
6	0		812.979784000
6	0		813.117277000
6	0		813.209569000
6	0		813.347093000
6	0		813.440041000
6	0		813.577234000
6	0		813.669617000
6	0		813.807136000
6	0		813.899116000
6	0		814.037383000
6	0		814.083543000
6	0		814.175763000
6	0		814.266984000
6	0		814.359398000
6	0		814.451667000
6	0		814.543245000
6	0		814.635177000
6	0		814.727550000
6	0		814.819269000
6	556		814.819306000
6	39		814.819317000
6	0		814.821287000
6	39		814.821321000
6	0		814.821325000
6	69		814.823365000
6	31		814.823861000
6	39		814.824257000
6	0		814.911617000
6	0		815.002912000
6	0		815.049097000
6	1396		815.095236000
6	421		815.095264000
6	0		815.095827000
6	1396		815.096598000
6	1396		815.112859000
6	1396		815.129896000
6	1396		815.146888000
6	1396		815.163896000
6	1396		815.180925000
6	1396		815.197914000
6	1396		815.214953000
6	1396		815.231981000
6	1396		815.248991000
6	1396		815.266020000
6	1396		815.282998000
6	1396		815.300033000
6	1396		815.317057000
6	0		815.325708000
6	39		815.325713000
6	0		815.331668000
6	1396		815.334063000
6	1396		815.351066000
6	1396		815.368099000
6	1396		815.385105000
6	1396		815.402138000
6	1396		815.419148000
6	1396		815.436143000
6	1396		815.453155000
6	0		815.463270000
6	1396		815.470189000
6	1396		815.487215000
6	1396		815.504232000
6	1396		815.521290000
6	1396		815.538254000
6	1396		815.555279000
6	0		815.555306000
6	1396		815.572287000
6	1396		815.589305000
6	0		815.601324000
6	1396		815.606323000
6	1396		815.623338000
6	1396		815.640355000
6	1396		815.657362000
6	1396		815.674391000
6	1396		815.691419000
6	0		815.693715000
6	1396		815.708426000
6	1396		815.725428000
6	1396		815.742445000
6	1396		815.759499000
6	1396		815.776512000
6	0		815.784832000
6	1396		815.793484000
6	1396		815.810584000
6	1396		815.827604000
6	1396		815.844547000
6	1396		815.861555000
6	1396		815.878582000
6	1396		815.895613000
6	1396		815.912618000
6	0		815.922926000
6	1396		815.929616000
6	1396		815.946659000
6	1396		815.963671000
6	1396		815.980680000
6	1396		815.997700000
6	1396		816.014770000
6	0		816.014983000
6	1396		816.031742000
6	390		816.048756000
6	0		816.153344000
6	0		816.245652000
6	0		816.383214000
6	0		816.475588000
6	0		816.613427000
6	0		816.659287000
6	0		816.751857000
6	0		816.843217000
6	0		816.981138000
6	0		817.119559000
6	0		817.210960000
6	0		817.303269000
6	0		817.395524000
6	0		817.486908000
6	0		817.579133000
6	0		817.671493000
6	0		817.762980000
6	0		817.855646000
6	0		817.900834000
6	0		817.993651000
6	0		818.084845000
6	0		818.177229000
6	0		818.269506000
6	1396		818.315837000
6	309		818.315864000
6	0		818.316380000
6	1396		818.427151000
6	1396		818.451643000
6	1396		818.500753000
6	1396		818.549910000
6	0		818.591339000
6	1396		818.599043000
6	1396		818.648135000
6	0		818.683312000
6	1396		818.713634000
6	0		818.775304000
6	1396		818.779208000
6	1396		818.844636000
6	1396		818.893767000
6	0		818.913203000
6	1396		818.942889000
6	1396		818.991997000
6	1396		819.041130000
6	0		819.051409000
6	1396		819.090236000
6	1396		819.139387000
6	1396		819.188474000
6	0		819.234920000
6	1396		819.237608000
6	1396		819.286714000
6	0		819.373174000
6	1396		819.373716000
6	1396		819.398290000
6	0		819.557169000
6	1396		819.557718000
6	1396		819.582287000
6	0		819.649258000
6	1396		819.649815000
6	1396		819.680525000
6	0		819.787255000
6	1396		819.787806000
6	1396		819.812363000
6	0		819.971241000
6	1396		819.971782000
6	1396		819.996329000
6	0		820.109322000
6	1396		820.109864000
6	0		820.201113000
6	1396		820.201659000
6	1396		820.221308000
6	1396		820.260602000
6	0		820.293400000
6	1396		820.299893000
6	1396		820.339260000
6	1396		820.378575000
6	0		820.385293000
6	0		820.569024000
6	1396		820.569584000
6	1396		820.594142000
6	0		820.753759000
6	1396		820.754308000
6	1396		820.778879000
6	0		820.891449000
6	1396		820.892005000
6	1396		820.916574000
6	0		820.937666000
6	1396		820.965709000
6	1396		821.014871000
6	0		821.029440000
6	1396		821.063950000
6	0		821.167524000
6	1396		821.168059000
6	1396		821.192636000
6	0		821.351134000
6	1396		821.351743000
6	1396		821.376250000
6	0		821.443727000
6	1396		821.444271000
6	1396		821.474486000
6	0		821.534980000
6	1396		821.535616000
6	1396		821.572725000
6	0		821.719438000
6	1396		821.719971000
6	1396		821.739631000
6	1396		821.778932000
6	1396		821.818235000
6	0		821.857342000
6	1396		821.857914000
6	0		821.949580000
6	0		822.041122000
6	1396		822.041714000
6	1396		822.074503000
6	0		822.179080000
6	1396		822.179615000
6	1396		822.204753000
6	0		822.317261000
6	1396		822.317811000
6	1396		822.342964000
6	0		822.409279000
6	1396		822.409841000
6	1396		822.443589000
6	0		822.639196000
6	1396		822.639788000
6	1396		822.664870000
6	0		822.777615000
6	1396		822.778186000
6	1396		822.803311000
6	0		822.869896000
6	1396		822.870438000
6	1396		822.903913000
6	0		822.961307000
6	1396		822.961856000
6	1396		823.004486000
6	0		823.145248000
6	1396		823.145795000
6	0		823.237137000
6	1396		823.237689000
6	1396		823.262854000
6	0		823.420924000
6	1396		823.421476000
6	1396		823.446634000
6	0		823.513263000
6	1396		823.513887000
6	1396		823.547193000
6	1396		823.597515000
6	0		823.605323000
6	0		823.743343000
6	0		823.926984000
6	0		823.973234000
6	1396		823.973774000
6	0		824.111382000
6	1396		824.111925000
6	1396		824.137086000
6	0		824.249279000
6	1396		824.249889000
6	0		824.387941000
6	1396		824.388496000
6	1396		824.413628000
6	1396		824.463917000
6	1396		824.514205000
6	0		824.525409000
6	1396		824.564485000
6	1396		824.614790000
6	1396		824.665093000
6	0		824.709344000
6	1396		824.715806000
6	1396		824.765645000
6	0		824.800953000
6	1396		824.815927000
6	1396		824.866221000
6	1396		824.916510000
6	0		824.939206000
6	1396		824.966861000
6	792		825.017071000
6	0		825.077632000
6	0		825.215272000
6	0		825.353538000
6	0		825.491312000
6	1396		825.537459000
6	421		825.537487000
6	0		825.538032000
6	1396		825.538931000
6	1396		825.601296000
6	1396		825.664520000
6	1396		825.727767000
6	1396		825.791004000
6	0		825.813701000
6	1396		825.854223000
6	1396		825.917539000
6	0		825.951770000
6	1396		825.980734000
6	1396		826.031302000
6	1396		826.081949000
6	1396		826.132482000
6	0		826.135374000
6	1396		826.183056000
6	1396		826.233647000
6	0		826.273550000
6	1396		826.284256000
6	1396		826.368615000
6	0		826.410975000
6	1396		826.452862000
6	1396		826.516107000
6	0		826.549589000
6	1396		826.579349000
6	1396		826.642570000
6	0		826.686839000
6	1396		826.705809000
6	1396		826.769082000
6	0		826.871047000
6	1396		826.871652000
6	1396		826.903277000
6	0		826.963648000
6	1396		826.966504000
6	1396		827.029759000
6	0		827.100786000
6	1396		827.101406000
6	1396		827.156192000
6	0		827.285754000
6	1396		827.286337000
6	1396		827.317966000
6	0		827.423559000
6	1396		827.424139000
6	1396		827.455771000
6	0		827.607506000
6	1396		827.608101000
6	1396		827.639941000
6	0		827.745511000
6	1396		827.746096000
6	1396		827.777952000
6	0		827.883487000
6	1396		827.884063000
6	1396		827.909551000
6	1396		827.960540000
6	1396		828.011486000
6	0		828.067025000
6	0		828.158825000
6	1396		828.159395000
6	1396		828.201887000
6	0		828.297511000
6	1396		828.298090000
6	1396		828.350533000
6	0		828.434954000
6	1396		828.435649000
6	1396		828.477947000
6	0		828.573283000
6	1396		828.573865000
6	0		828.619275000
6	1396		828.619876000
6	1396		828.669416000
6	0		828.711289000
6	1396		828.733129000
6	0		828.849454000
6	1396		828.850017000
6	1396		828.881908000
6	0		828.941359000
6	1396		828.945650000
6	1396		829.009317000
6	0		829.125219000
6	1396		829.125819000
6	1396		829.157676000
6	0		829.263250000
6	1396		829.263837000
6	1396		829.295718000
6	0		829.447258000
6	853		829.447822000
6	0		829.585684000
6	0		829.677342000
6	0		829.861324000
6	0		829.953092000
6	1396		829.999554000
6	421		829.999581000
6	0		830.000149000
6	1396		830.000937000
6	1396		830.063892000
6	1396		830.127660000
6	1396		830.191305000
6	1396		830.255006000
6	1396		830.318726000
6	0		830.321517000
6	1396		830.382438000
6	1396		830.446205000
6	0		830.458905000
6	1396		830.509855000
6	1396		830.594812000
6	0		830.597494000
6	1396		830.679774000
6	1396		830.764690000
6	0		830.780899000
6	1396		830.849629000
6	1396		830.913351000
6	0		830.919059000
6	1396		830.977035000
6	1396		831.040757000
6	0		831.103134000
6	0		831.287506000
6	1396		831.288080000
6	1396		831.322815000
6	0		831.425653000
6	1396		831.426283000
6	1396		831.461716000
6	0		831.563316000
6	1396		831.563877000
6	1396		831.600648000
6	1396		831.670078000
6	1396		831.739569000
6	0		831.747460000
6	666		831.793332000
6	39		831.793358000
6	0		831.795114000
6	0		831.795138000
6	39		831.795163000
6	67		831.797093000
6	31		831.797553000
6	39		831.797975000
6	1396		831.809104000
6	1396		831.878478000
6	0		831.930960000
6	1396		831.947947000
6	1396		832.017433000
6	1396		832.086831000
6	0		832.115124000
6	1396		832.156297000
6	0		832.161490000
6	39		832.161517000
6	0		832.167628000
6	1396		832.225740000
6	1396		832.295218000
6	0		832.299218000
6	1396		832.364652000
6	1396		832.434122000
6	0		832.483524000
6	1396		832.503618000
6	1396		832.573024000
6	0		832.621164000
6	1396		832.642497000
6	1396		832.711945000
6	0		832.759379000
6	1396		832.781389000
6	1396		832.850839000
6	0		832.943754000
6	1396		832.944336000
6	1396		832.975871000
6	1396		833.031438000
6	0		833.081141000
6	1396		833.086989000
6	1396		833.142563000
6	1396		833.198135000
6	0		833.265538000
6	0		833.356970000
6	1396		833.357550000
6	1396		833.403849000
6	0		833.541577000
6	1396		833.542181000
6	1396		833.576921000
6	0		833.633342000
6	1396		833.646354000
6	1396		833.715816000
6	0		833.817450000
6	1396		833.818054000
6	1396		833.854755000
6	0		834.001573000
6	1396		834.002161000
6	1396		834.036881000
6	0		834.185547000
6	1396		834.186143000
6	1396		834.220864000
6	0		834.277289000
6	1396		834.290326000
6	1396		834.359786000
6	0		834.461028000
6	1396		834.461629000
6	1396		834.498710000
6	0		834.645467000
6	1396		834.646051000
6	1396		834.680793000
6	0		834.782982000
6	1396		834.783568000
6	1396		834.819692000
6	0		834.875289000
6	1396		834.889146000
6	1396		834.958610000
6	0		835.059041000
6	1396		835.059648000
6	1396		835.097548000
6	0		835.243000000
6	1396		835.243577000
6	1396		835.278322000
6	0		835.427080000
6	1396		835.427666000
6	1396		835.455521000
6	1396		835.511091000
6	0		835.518916000
6	1396		835.566580000
6	1396		835.622137000
6	1396		835.677769000
6	0		835.703513000
6	0		835.887387000
6	1396		835.887965000
6	1396		835.934264000
6	0		836.025722000
6	1396		836.026882000
6	0		836.117323000
6	1396		836.119489000
6	1396		836.188964000
6	0		836.255289000
6	1396		836.258390000
6	0		836.301201000
6	1396		836.327879000
6	1396		836.397304000
6	1396		836.466779000
6	0		836.484960000
6	1396		836.536256000
6	1396		836.605690000
6	0		836.623270000
6	0		836.761329000
6	0		836.944901000
6	0		837.129230000
6	1396		837.129816000
6	1396		837.164555000
6	0		837.267370000
6	861		837.267960000
6	0		837.405426000
6	0		837.543581000
6	1396		837.589456000
6	309		837.589487000
6	0		837.590070000
6	1396		837.598921000
6	1396		837.659558000
6	1396		837.729046000
6	1396		837.798446000
6	0		837.819477000
6	1396		837.867900000
6	1396		837.937372000
6	0		838.002966000
6	1396		838.006806000
6	1396		838.076277000
6	0		838.094943000
6	1396		838.145713000
6	1396		838.215190000
6	0		838.279180000
6	1396		838.284639000
6	1396		838.354092000
6	1396		838.423634000
6	0		838.462919000
6	1396		838.493020000
6	1396		838.562461000
6	0		838.601733000
6	1396		838.631937000
6	1396		838.701373000
6	1396		838.770829000
6	0		838.785654000
6	1396		838.840310000
6	1396		838.909746000
6	0		838.969227000
6	1396		838.979197000
6	1396		839.034823000
6	1396		839.090337000
6	1396		839.145904000
6	0		839.152775000
6	0		839.291186000
6	1396		839.291774000
6	1396		839.338047000
6	0		839.429246000
6	1396		839.430696000
6	1396		839.500147000
6	0		839.567585000
6	1396		839.569594000
6	1396		839.639054000
6	0		839.799694000
6	1396		839.800289000
6	1396		839.836964000
6	0		840.047746000
6	1396		840.048334000
6	1396		840.085086000
6	0		840.233628000
6	1396		840.234225000
6	1396		840.270896000
6	0		840.419458000
6	1396		840.420032000
6	1396		840.456734000
6	0		840.667479000
6	1396		840.668067000
6	1396		840.704751000
6	0		840.915633000
6	1396		840.916236000
6	1396		840.945622000
6	0		840.977243000
6	1396		841.004278000
6	1396		841.063103000
6	1396		841.121641000
6	1396		841.180329000
6	0		841.349263000
6	0		841.473469000
6	1396		841.474028000
6	1396		841.522947000
6	0		841.659254000
6	1396		841.659868000
6	1396		841.696531000
6	0		841.845244000
6	1396		841.845812000
6	0		841.907305000
6	1396		841.907882000
6	0		842.154818000
6	1396		842.155419000
6	1396		842.192105000
6	0		842.341715000
6	1396		842.342310000
6	1396		842.378996000
6	0		842.527247000
6	1396		842.527856000
6	0		842.713778000
6	1145		842.714371000
6	0		842.837165000
6	0		843.023350000
6	0		843.271709000
6	1396		843.332918000
6	421		843.332960000
6	0		843.333522000
6	1396		843.436161000
6	1396		843.473875000
6	1396		843.549170000
6	1396		843.624459000
6	0		843.767735000
6	1396		843.768312000
6	1396		843.806104000
6	1396		843.881362000
6	1396		843.956615000
6	0		844.015105000
6	1396		844.031947000
6	1396		844.092206000
6	1396		844.152434000
6	0		844.201127000
6	1396		844.212705000
6	0		844.449482000
6	1396		844.450114000
6	1396		844.487786000
6	0		844.635452000
6	1396		844.636084000
6	1396		844.673733000
6	557		844.821136000
6	39		844.821170000
6	0		844.822921000
6	0		844.822947000
6	39		844.823130000
6	69		844.824903000
6	31		844.825382000
6	39		844.825816000
6	0		844.882993000
6	1396		844.883587000
6	1396		844.921244000
6	0		845.069267000
6	1396		845.069834000
6	1396		845.107513000
6	0		845.193272000
6	1396		845.193913000
6	1396		845.258135000
6	0		845.317526000
6	39		845.317531000
6	0		845.323967000
6	0		845.441555000
6	1396		845.442125000
6	1396		845.479795000
6	0		845.750975000
6	1396		845.751561000
6	1396		845.789230000
6	0		845.937741000
6	1396		845.938324000
6	1396		845.968442000
6	1396		846.028732000
6	0		846.060988000
6	1396		846.088971000
6	1396		846.149224000
6	1396		846.209489000
6	0		846.309120000
6	0		846.557100000
6	1396		846.557697000
6	0		846.619335000
6	1396		846.619905000
6	1396		846.686089000
6	0		846.743245000
6	1396		846.771740000
6	0		846.805085000
6	1396		846.857294000
6	0		847.115172000
6	1396		847.115764000
6	1396		847.164207000
6	0		847.239811000
6	1396		847.261076000
6	1396		847.357871000
6	0		847.363270000
6	1396		847.454782000
6	0		847.673601000
6	1396		847.674178000
6	1396		847.722608000
6	0		847.797118000
6	1396		847.819438000
6	1396		847.916312000
6	0		848.107322000
6	1396		848.107903000
6	1396		848.156337000
6	0		848.231855000
6	1396		848.253246000
6	1396		848.350030000
6	0		848.417615000
6	1396		848.446926000
6	1396		848.543716000
6	1396		848.621169000
6	0		848.665344000
6	1396		848.698655000
6	1396		848.776132000
6	0		848.851366000
6	1396		848.853600000
6	1396		848.931076000
6	0		849.098822000
6	0		849.285172000
6	1396		849.285810000
6	0		849.533305000
6	1396		849.533975000
6	1396		849.582463000
6	0		849.719387000
6	1396		849.719983000
6	1396		849.776079000
6	1396		849.872920000
6	0		849.967721000
6	1396		849.969789000
6	1396		850.066607000
6	0		850.153464000
6	1396		850.163444000
6	1396		850.260281000
6	1396		850.357118000
6	0		850.401169000
6	1396		850.453964000
6	1396		850.550806000
6	1396		850.647684000
6	0		850.649404000
6	1396		850.744519000
6	1396		850.841378000
6	0		850.897125000
6	1396		850.938191000
6	1396		851.035021000
6	1396		851.131879000
6	0		851.207300000
6	1396		851.228725000
6	1396		851.325564000
6	0		851.455199000
6	1396		851.455784000
6	1396		851.519294000
6	0		851.703310000
6	1396		851.703893000
6	1396		851.742643000
6	1396		851.820109000
6	0		851.889673000
6	1396		851.897567000
6	1396		851.975119000
6	1396		852.052568000
6	0		852.075288000
6	0		852.199875000
6	1396		852.200490000
6	0		852.447829000
6	1396		852.448430000
6	1396		852.496867000
6	0		852.633376000
6	1396		852.633987000
6	0		852.757676000
6	1396		852.758305000
6	1396		852.806751000
6	0		852.943328000
6	0		852.943374000
6	1396		852.943933000
6	0		852.944266000
6	1396		853.000445000
6	0		853.315758000
6	1396		853.316374000
6	1396		853.364789000
6	0		853.501409000
6	1396		853.501995000
6	1396		853.558484000
6	0		853.625002000
6	1396		853.655327000
6	0		853.749872000
6	1396		853.752139000
6	1396		853.849005000
6	1396		853.945836000
6	0		854.121329000
6	1396		854.121927000
6	1263		854.170371000
6	1396		854.307482000
6	309		854.307507000
6	0		854.308111000
6	1396		854.308879000
6	0		854.369632000
6	1396		854.400759000
6	1396		854.493381000
6	0		854.493717000
6	1396		854.585963000
6	1396		854.678639000
6	0		854.740996000
6	1396		854.771204000
6	1396		854.863801000
6	0		855.050872000
6	0		855.050905000
6	0		855.175078000
6	1396		855.175659000
6	1396		855.221976000
6	0		855.299178000
6	1396		855.314577000
6	0		855.361329000
6	1396		855.407185000
6	0		855.485684000
6	1396		855.499803000
6	1396		855.592413000
6	0		855.609183000
6	1396		855.685033000
6	0		855.732955000
6	1396		855.777648000
6	0		855.857180000
6	1396		855.870234000
6	1396		855.962838000
6	1396		856.055458000
6	1396		856.148066000
6	0		856.166912000
6	0		856.229502000
6	1396		856.240671000
6	1396		856.333295000
6	0		856.353081000
6	1396		856.425881000
6	0		856.477389000
6	1396		856.518503000
6	0		856.600936000
6	1396		856.611101000
6	0		856.663267000
6	1396		856.703741000
6	0		856.725150000
6	0		856.787003000
6	1396		856.796344000
6	0		856.849202000
6	1396		856.888962000
6	0		856.911283000
6	1396		856.981550000
6	0		857.035682000
6	1396		857.074175000
6	0		857.159599000
6	1396		857.166777000
6	1396		857.259382000
6	0		857.345284000
6	1396		857.351992000
6	1396		857.444611000
6	0		857.469510000
6	1396		857.537214000
6	1396		857.629854000
6	0		857.654835000
6	1396		857.722443000
6	0		857.779779000
6	1396		857.815075000
6	0		857.903797000
6	1396		857.907684000
6	1396		858.000287000
6	1396		858.092876000
6	1396		858.166977000
6	0		858.213382000
6	1396		858.241052000
6	1396		858.315134000
6	1396		858.389212000
6	0		858.461662000
6	1396		858.463368000
6	1396		858.537385000
6	1396		858.611574000
6	1396		858.685568000
6	0		858.709128000
6	1396		858.759698000
6	1396		858.833780000
6	1396		858.907811000
6	0		858.957394000
6	1396		858.982009000
6	1396		859.105367000
6	1396		859.228860000
6	0		859.267034000
6	1396		859.352331000
6	0		859.391483000
6	305		859.475805000
6	0		859.639521000
6	0		859.824934000
6	0		860.011318000
6	0		860.259826000
6	0		860.444781000
6	1396		860.506967000
6	309		860.506997000
6	0		860.507622000
6	1396		860.508398000
6	1396		860.611564000
6	0		860.631304000
6	1396		860.715563000
6	0		860.817073000
6	1396		860.819497000
6	0		860.879783000
6	1396		860.923506000
6	1396		861.027448000
6	1396		861.131432000
6	1396		861.235378000
6	0		861.375026000
6	1396		861.375634000
6	1396		861.422534000
6	1396		861.505710000
6	1396		861.588871000
6	0		861.623645000
6	1396		861.672064000
6	1396		861.755223000
6	1396		861.838398000
6	0		861.871784000
6	1396		861.921604000
6	1396		862.004748000
6	1396		862.087917000
6	0		862.119311000
6	1396		862.171156000
6	1396		862.254325000
6	0		862.305281000
6	1396		862.337463000
6	1396		862.420621000
6	1396		862.503806000
6	0		862.553285000
6	1396		862.642421000
6	0		862.738893000
6	1396		862.781130000
6	1396		862.919697000
6	0		862.925034000
6	1396		863.058363000
6	0		863.173164000
6	1396		863.196957000
6	1396		863.335563000
6	0		863.359418000
6	1396		863.474217000
6	1396		863.578164000
6	0		863.607772000
6	1396		863.682144000
6	1396		863.786155000
6	0		863.855560000
6	1396		863.890091000
6	1396		863.994102000
6	1396		864.098036000
6	0		864.164903000
6	1396		864.202074000
6	1396		864.305964000
6	1396		864.409987000
6	0		864.413434000
6	1396		864.513987000
6	1396		864.617853000
6	1396		864.721841000
6	0		864.723062000
6	1396		864.825867000
6	1396		864.929783000
6	0		864.970987000
6	1396		865.033741000
6	1396		865.137715000
6	1396		865.241694000
6	0		865.281260000
6	1396		865.345713000
6	1396		865.449627000
6	0		865.466918000
6	1396		865.553589000
6	1396		865.659522000
6	0		865.714995000
6	1396		865.765435000
6	1396		865.871346000
6	0		865.900908000
6	1396		865.977261000
6	1396		866.083210000
6	0		866.149737000
6	1396		866.189106000
6	1396		866.295022000
6	0		866.335695000
6	1396		866.400928000
6	1396		866.506912000
6	0		866.583370000
6	0		866.830942000
6	0		867.079572000
6	0		867.327223000
6	0		867.575786000
6	0		867.823065000
6	1396		867.823645000
6	0		867.884895000
6	1396		867.885478000
6	1396		867.982554000
6	0		868.008957000
6	1396		868.088457000
6	0		868.319357000
6	1396		868.319965000
6	1396		868.372926000
6	1396		868.478844000
6	0		868.505173000
6	244		868.584746000
6	1396		868.628957000
6	0		868.635122000
6	421		868.691120000
6	0		868.691702000
6	1396		868.692675000
6	1396		868.784280000
6	0		868.814920000
6	1396		868.876909000
6	1396		868.969521000
6	0		869.001351000
6	1396		869.062106000
6	1396		869.154742000
6	1396		869.247347000
6	0		869.248819000
6	1396		869.339955000
6	1396		869.432569000
6	0		869.497115000
6	1396		869.525242000
6	1396		869.617775000
6	0		869.683271000
6	1396		869.710391000
6	1396		869.803011000
6	1396		869.895589000
6	0		869.931796000
6	1396		869.988228000
6	1396		870.080837000
6	0		870.117537000
6	1396		870.173448000
6	1396		870.266053000
6	1396		870.358646000
6	0		870.364884000
6	1396		870.451772000
6	1396		870.544896000
6	0		870.613352000
6	1396		870.638014000
6	1396		870.731132000
6	0		870.799619000
6	1396		870.824251000
6	1396		870.917366000
6	1396		871.010586000
6	0		871.047090000
6	1396		871.103609000
6	1396		871.196712000
6	1396		871.289832000
6	0		871.357334000
6	1396		871.382967000
6	1396		871.476064000
6	0		871.543527000
6	1396		871.569176000
6	1396		871.662310000
6	0		871.729315000
6	1396		871.755466000
6	669		871.790917000
6	39		871.790954000
6	39		871.793075000
6	0		871.793099000
6	0		871.793102000
6	67		871.795487000
6	31		871.795865000
6	39		871.796319000
6	1396		871.848545000
6	0		871.853131000
6	1365		871.941639000
6	0		872.039291000
6	0		872.287204000
6	0		872.473311000
6	0		872.597083000
6	1396		872.721339000
6	0		872.726563000
6	421		872.783524000
6	0		872.783553000
6	0		872.784103000
6	1396		872.784982000
6	0		872.845294000
6	39		872.845299000
6	0		872.851735000
6	1396		872.890038000
6	0		872.969049000
6	1396		872.995966000
6	1396		873.101860000
6	1396		873.207796000
6	1396		873.313721000
6	1396		873.419618000
6	1396		873.525635000
6	0		873.526910000
6	1396		873.631463000
6	1396		873.737370000
6	0		873.774850000
6	1396		873.843294000
6	0		873.961613000
6	1396		873.984534000
6	0		874.085018000
6	1396		874.125745000
6	1396		874.231654000
6	0		874.333188000
6	0		874.518905000
6	1396		874.519504000
6	1396		874.572481000
6	0		874.642869000
6	1396		874.678377000
6	1396		874.784290000
6	556		874.829424000
6	0		874.830494000
6	69		874.832952000
6	31		874.833393000
6	39		874.833851000
6	0		875.015089000
6	1396		875.015701000
6	1396		875.068647000
6	1396		875.174597000
6	0		875.263089000
6	0		875.263121000
6	39		875.263128000
6	0		875.269890000
6	1396		875.280472000
6	1396		875.386409000
6	1396		875.492335000
6	0		875.573710000
6	1396		875.598270000
6	1396		875.704169000
6	1396		875.810097000
6	0		875.821473000
6	1396		875.916027000
6	1396		876.021912000
6	0		876.069297000
6	1396		876.127848000
6	1396		876.233763000
6	0		876.317179000
6	1396		876.339688000
6	1396		876.445587000
6	1396		876.551500000
6	0		876.565121000
6	1396		876.657504000
6	0		876.751537000
6	1396		876.764015000
6	1396		876.870630000
6	1396		876.977225000
6	0		876.999592000
6	1396		877.083796000
6	1396		877.190383000
6	0		877.247042000
6	1396		877.296972000
6	1396		877.403616000
6	0		877.557297000
6	1396		877.557911000
6	1396		877.616744000
6	0		877.742906000
6	1396		877.743504000
6	1396		877.805588000
6	309		877.805618000
6	0		877.806162000
6	1396		877.807019000
6	1396		877.829929000
6	1396		877.899275000
6	0		877.991198000
6	1396		877.991785000
6	1396		877.992359000
6	1125		878.034405000
6	1396		878.085503000
6	1396		878.178626000
6	0		878.238916000
6	1396		878.271740000
6	0		878.363217000
6	1396		878.364856000
6	1396		878.457995000
6	1396		878.551098000
6	1396		878.644225000
6	0		878.673532000
6	0		878.735326000
6	1396		878.737319000
6	1396		878.830449000
6	1396		878.923560000
6	0		878.983940000
6	1396		879.016671000
6	0		879.045660000
6	1396		879.109786000
6	0		879.293462000
6	1396		879.294051000
6	1396		879.340637000
6	1396		879.433726000
6	0		879.479017000
6	1396		879.526877000
6	1396		879.619978000
6	1396		879.713171000
6	0		879.727542000
6	1396		879.806216000
6	0		879.850909000
6	1396		879.899370000
6	1396		879.992430000
6	0		880.037301000
6	1396		880.085546000
6	0		880.161116000
6	1396		880.178656000
6	1396		880.271779000
6	0		880.347318000
6	1396		880.364903000
6	1396		880.458014000
6	0		880.471464000
6	1396		880.551128000
6	0		880.595722000
6	1396		880.644243000
6	1396		880.737361000
6	1396		880.830490000
6	0		880.843478000
6	1396		880.923595000
6	1396		881.016727000
6	0		881.091412000
6	1396		881.109857000
6	1396		881.202945000
6	0		881.215762000
6	1396		881.296064000
6	0		881.339542000
6	1396		881.389179000
6	0		881.463718000
6	1396		881.482295000
6	0		881.524964000
6	1396		881.575407000
6	1396		881.668520000
6	0		881.711282000
6	1396		881.759165000
6	0		881.834935000
6	1396		881.849842000
6	1396		881.940428000
6	0		882.021297000
6	1396		882.031045000
6	1396		882.121656000
6	0		882.145694000
6	1095		882.212264000
6	0		882.269241000
6	0		882.393713000
6	1396		882.454797000
6	0		882.460460000
6	422		882.517024000
6	0		882.517639000
6	1396		882.518447000
6	0		882.578886000
6	1396		882.624217000
6	1396		882.730874000
6	0		882.827420000
6	1396		882.837404000
6	1396		882.943968000
6	1396		883.050631000
6	0		883.074928000
6	0		883.137774000
6	1396		883.157293000
6	1396		883.263753000
6	0		883.384863000
6	1396		883.385400000
6	1396		883.477044000
6	0		883.633524000
6	1396		883.634075000
6	1396		883.690159000
6	0		883.881649000
6	1396		883.882270000
6	1396		883.935508000
6	0		884.129539000
6	1396		884.130109000
6	1396		884.183390000
6	0		884.377715000
6	1396		884.378265000
6	1396		884.431715000
6	0		884.625524000
6	1396		884.626069000
6	1396		884.679393000
6	0		884.810989000
6	1396		884.811523000
6	1396		884.892548000
6	0		885.120807000
6	1396		885.121357000
6	1396		885.174788000
6	1396		885.281234000
6	0		885.307591000
6	1396		885.387824000
6	1396		885.494412000
6	0		885.554783000
6	1396		885.601009000
6	1396		885.707600000
6	0		885.740899000
6	1396		885.814201000
6	1396		885.920783000
6	1396		886.027432000
6	0		886.051584000
6	1396		886.134014000
6	1396		886.240540000
6	0		886.299377000
6	1396		886.347201000
6	1396		886.453747000
6	0		886.485695000
6	1396		886.560320000
6	1396		886.666900000
6	0		886.671236000
6	1396		886.773502000
6	1396		886.880087000
6	0		886.919652000
6	1396		886.986689000
6	1396		887.071992000
6	1396		887.157293000
6	0		887.167458000
6	1396		887.242474000
6	1396		887.327764000
6	1396		887.413073000
6	0		887.415294000
6	1396		887.498284000
6	1125		887.583589000
6	0		887.663109000
6	0		887.911011000
6	0		888.159298000
6	0		888.283432000
6	0		888.531093000
6	1396		888.717251000
6	309		888.717304000
6	0		888.717316000
6	0		888.717870000
6	1396		889.147808000
6	1396		889.193133000
6	1396		889.283716000
6	1396		889.374340000
6	1396		889.465042000
6	1396		889.555584000
6	0		889.585435000
6	1396		889.646316000
6	0		889.708994000
6	1396		889.736891000
6	1396		889.827473000
6	1396		889.948314000
6	0		889.957024000
6	1396		890.038926000
6	1396		890.129580000
6	0		890.143693000
6	1396		890.220179000
6	1396		890.310812000
6	0		890.391356000
6	1396		890.401474000
6	1396		890.492066000
6	1396		890.582679000
6	0		890.639592000
6	1396		890.673317000
6	1396		890.763925000
6	1396		890.854543000
6	0		890.887416000
6	1396		890.945200000
6	1396		891.035807000
6	0		891.073088000
6	1396		891.126456000
6	1396		891.217080000
6	1396		891.307703000
6	0		891.320974000
6	1396		891.398319000
6	1396		891.488948000
6	0		891.507399000
6	1396		891.579569000
6	1396		891.670190000
6	0		891.692996000
6	1396		891.760820000
6	1396		891.851434000
6	0		891.940933000
6	1396		891.942065000
6	1396		892.032704000
6	0		892.127205000
6	1396		892.127790000
6	1396		892.213949000
6	0		892.375725000
6	1396		892.376310000
6	1396		892.412569000
6	1396		892.485063000
6	1396		892.557569000
6	0		892.622962000
6	1396		892.630068000
6	1396		892.702562000
6	0		892.809188000
6	0		892.995109000
6	1396		892.995786000
6	1396		893.056112000
6	0		893.181646000
6	1396		893.182222000
6	1396		893.267555000
6	0		893.367248000
6	1396		893.367840000
6	0		893.490796000
6	1396		893.491383000
6	1095		893.539435000
6	1396		893.553635000
6	421		893.553662000
6	0		893.554199000
6	1396		893.555117000
6	1396		893.660818000
6	0		893.739207000
6	1396		893.767406000
6	1396		893.873980000
6	1396		893.980600000
6	0		893.987390000
6	1396		894.087163000
6	0		894.111269000
6	1396		894.193812000
6	1396		894.300324000
6	0		894.359986000
6	1396		894.406959000
6	0		894.421211000
6	1396		894.513532000
6	0		894.545651000
6	0		894.607024000
6	1396		894.620115000
6	0		894.669131000
6	1396		894.726703000
6	618		894.793173000
6	39		894.793180000
6	0		894.795073000
6	0		894.795108000
6	39		894.795129000
6	69		894.797660000
6	31		894.798121000
6	39		894.798549000
6	1396		894.833363000
6	0		894.855346000
6	0		894.917755000
6	1396		894.939870000
6	0		895.041300000
6	1396		895.046459000
6	0		895.103484000
6	1396		895.153108000
6	0		895.227500000
6	1396		895.259651000
6	0		895.351087000
6	1396		895.366226000
6	0		895.413285000
6	1396		895.472822000
6	0		895.537353000
6	1396		895.579440000
6	0		895.661056000
6	0		895.661096000
6	39		895.661103000
6	0		895.667874000
6	1396		895.686004000
6	0		895.723325000
6	0		895.785508000
6	1396		895.792609000
6	0		895.846942000
6	1396		895.899190000
6	0		895.909146000
6	1396		896.005805000
6	0		896.033358000
6	1396		896.113025000
6	0		896.157352000
6	1396		896.220263000
6	1396		896.327620000
6	0		896.405176000
6	1396		896.434801000
6	1396		896.542074000
6	0		896.591352000
6	1396		896.649353000
6	0		896.653622000
6	1396		896.735128000
6	1396		896.820954000
6	0		896.839347000
6	1396		896.906761000
6	1396		896.992563000
6	0		897.024912000
6	1396		897.078377000
6	1396		897.164180000
6	1396		897.249977000
6	0		897.272809000
6	1396		897.335776000
6	1396		897.421628000
6	0		897.459254000
6	1396		897.507411000
6	320		897.650414000
6	0		897.707376000
6	0		897.892967000
6	0		898.141759000
6	0		898.327445000
6	0		898.451745000
6	1396		898.512894000
6	309		898.512926000
6	0		898.513477000
6	1396		898.515191000
6	1396		898.616855000
6	1396		898.720201000
6	1396		898.823576000
6	1396		898.926890000
6	0		899.009473000
6	1396		899.030232000
6	1396		899.133553000
6	1396		899.236948000
6	0		899.257355000
6	1396		899.340235000
6	0		899.443422000
6	1396		899.443617000
6	1396		899.546950000
6	1396		899.650230000
6	1396		899.753574000
6	0		899.754491000
6	1396		899.856911000
6	1396		899.960263000
6	1396		900.063604000
6	0		900.128378000
6	1396		900.166936000
6	0		900.315351000
6	1396		900.315898000
6	1396		900.734512000
6	0		900.876323000
6	0		901.250406000
6	1396		901.251038000
6	0		901.811320000
6	1396		901.811902000
6	0		902.559374000
6	1396		902.559988000
6	1396		902.601312000
6	1396		902.683980000
6	1396		902.766626000
6	0		903.120328000
6	0		903.681368000
6	1396		903.681950000
6	1396		903.733616000
6	0		904.616321000
6	587		904.803098000
6	0		904.804388000
6	69		904.806671000
6	31		904.807140000
6	39		904.807575000
6	0		905.551780000
6	0		905.925452000
6	1396		905.926034000
6	1396		905.977710000
6	587		906.299502000
6	0		906.300541000
6	0		906.673168000
6	1396		906.673749000
6	1396		906.725437000
6	39		906.856633000
6	0		907.234561000
6	39		907.234565000
6	0		907.235674000
6	0		907.608360000
6	1396		907.608938000
6	1396		907.660628000
6	1396		907.763961000
6	1396		907.867354000
6	1396		907.970628000
6	1396		908.073956000
6	0		908.169196000
6	0		908.169224000
6	1396		908.177308000
6	1396		908.280672000
6	0		909.104310000
6	1396		909.104914000
6	1396		909.146244000
6	1396		909.228907000
6	1396		909.311626000
6	0		909.665350000
6	1396		909.665912000
6	1396		909.707260000
6	0		910.226080000
6	1396		910.226687000
6	1396		910.267997000
6	1396		910.350666000
6	1396		910.433340000
6	0		910.974580000
6	1396		910.975166000
6	1396		911.044072000
6	1396		911.181836000
6	1396		911.319718000
6	0		911.722285000
6	1396		911.722833000
6	1396		911.774524000
6	687		911.909695000
6	0		911.910769000
6	67		911.913481000
6	31		911.913872000
6	39		911.914293000
6	0		912.096064000
6	1396		912.096670000
6	1396		912.148363000
6	1396		912.251707000
6	1396		912.355026000
6	0		912.470384000
6	1396		912.470984000
6	1396		912.561704000
6	1396		912.665093000
6	1396		912.768379000
6	0		913.405526000
6	1396		913.406119000
6	1396		913.457795000
6	1396		913.561142000
6	1396		913.664488000
6	687		913.966394000
6	0		913.967467000
6	39		914.280205000
6	0		914.340082000
6	0		914.901375000
6	616		914.901407000
6	0		914.902457000
6	69		914.904927000
6	31		914.905387000
6	0		916.023361000
6	0		916.397053000
6	127		916.397087000
6	1098		916.397095000
6	0		916.398171000
6	68		916.404019000
6	93		916.404472000
6	1303		917.145271000
6	0		917.145282000
6	0		917.146571000
6	398		917.162579000
6	0		917.706633000
6	0		917.893362000
6	0		917.893393000
6	0		917.893403000
6	39		917.893409000
6	0		917.894434000
6	0		918.266985000
6	0		918.641543000
6	0		919.015155000
6	1396		919.015751000
6	1396		919.067417000
6	0		919.763275000
6	1396		919.763854000
6	1396		919.815515000
6	1396		919.918917000
6	1396		920.022225000
6	0		920.137543000
6	1396		920.138157000
6	1396		920.228894000
6	1396		920.332207000
6	1396		920.435560000
6	0		920.510968000
6	0		920.510998000
6	0		920.511008000
6	0		920.511016000
6	1396		920.538952000
6	1396		920.642264000
6	0		920.698332000
6	0		920.698338000
6	1396		920.745567000
6	1396		920.848904000
6	0		921.446263000
6	0		922.193981000
6	1396		922.194650000
6	1396		922.246316000
6	1396		922.349643000
6	1396		922.452996000
6	363		922.556338000
6	0		923.316615000
6	0		923.668125000
6	0		923.690179000
6	0		923.690826000
6	0		924.064257000
6	0		924.064863000
6	0		924.438370000
6	0		924.439023000
6	0		924.812276000
6	0		924.812870000
6	0		925.560411000
6	0		925.561007000
6	0		926.121326000
6	0		926.121911000
6	0		928.552541000
6	0		928.553146000
6	0		929.300272000
6	0		929.300862000
6	0		929.487285000
6	0		929.487914000
6	1396		929.674855000
6	421		929.674881000
6	0		929.675481000
6	421		930.983323000
6	0		930.983924000
6	1396		931.731376000
6	421		931.731425000
6	0		931.732438000
6	1396		931.732829000
6	1396		931.822638000
6	1396		931.913269000
6	1396		932.003883000
6	1396		932.094520000
6	1396		932.185127000
6	1396		932.275792000
6	1396		932.366374000
6	1396		932.457024000
6	421		933.414277000
6	0		933.414838000
6	1396		933.581462000
6	1396		935.181445000
6	1396		938.317442000
6	0		938.837362000
6	1396		938.837972000
6	0		939.024228000
6	1396		939.024830000
6	1396		939.070125000
6	0		939.211496000
6	1396		939.212110000
6	1396		939.257395000
6	0		939.398771000
6	1396		939.399367000
6	1396		939.444706000
6	0		939.585106000
6	1396		939.585746000
6	1396		939.631053000
6	0		939.772447000
6	1396		939.773068000
6	1396		939.818389000
6	0		939.959773000
6	1396		939.960395000
6	1396		940.005726000
6	0		940.146188000
6	0		940.146221000
6	0		940.146242000
6	1396		940.146797000
6	0		940.155036000
6	1396		940.192132000
6	0		940.282734000
6	0		940.461260000
6	0		940.520336000
6	0		940.527616000
6	0		940.835971000
6	0		941.267950000
6	0		941.276393000
6	0		941.454987000
6	0		941.462310000
6	0		943.325221000
6	0		943.333249000
6	0		943.333623000
6	0		943.512467000
6	0		943.519740000
6	600		944.821367000
6	39		944.821375000
6	203		944.821381000
6	0		944.823122000
6	0		944.823147000
6	0		944.823151000
6	39		944.823154000
6	69		944.825111000
6	31		944.825569000
6	39		944.825995000
6	0		945.571942000
6	0		947.365220000
6	0		947.439309000
6	0		947.447684000
6	0		947.626195000
6	0		947.633472000
6	39		948.008724000
6	203		949.309452000
6	0		949.310528000
6	1396		950.926409000
6	0		951.366355000
6	517		951.366363000
6	0		951.374781000
6	2792		951.376679000
6	2386		951.376708000
6	0		951.553149000
6	0		951.553157000
6	0		951.553164000
6	517		951.553168000
6	0		951.560557000
6	2792		951.562302000
6	2386		951.562404000
6	0		951.927129000
6	661		951.927146000
6	0		951.928205000
6	67		951.930938000
6	31		951.931389000
6	276		952.050714000
6	0		952.862180000
6	0		953.236830000
6	51		954.919388000
6	0		954.919424000
6	0		954.920561000
6	0		956.602489000
6	0		956.976282000
6	842		959.220309000
6	0		959.221321000
6	0		960.152099000
6	0		960.710447000
6	0		960.710480000
6	0		960.803368000
6	0		960.896326000
6	0		960.989194000
6	0		961.082374000
6	0		961.174947000
6	64		961.174975000
6	0		961.189220000
6	0		961.267878000
6	0		961.361736000
6	0		961.453931000
6	0		961.453954000
6	64		961.453974000
6	0		961.467005000
6	0		962.477225000
6	0		962.663316000
6	0		962.663347000
6	0		962.663357000
6	0		962.664684000
6	0		962.664822000
6	0		962.664972000
6	0		962.969553000
6	0		962.971309000
6	0		962.973678000
6	0		963.686015000
6	0		963.686042000
6	0		963.686048000
6	0		963.687418000
6	0		963.687450000
6	0		963.687727000
6	0		964.895058000
6	0		964.895094000
6	0		964.895992000
6	0		964.896045000
6	0		965.198192000
6	0		965.198232000
6	0		965.360012000
6	0		965.639338000
6	0		965.639367000
6	0		965.639376000
6	0		965.640338000
6	0		965.640689000
6	0		965.641028000
6	0		965.918278000
6	0		965.918285000
6	0		965.918807000
6	0		965.918820000
6	0		967.667319000
6	0		967.685335000
6	0		967.685779000
6	0		967.685786000
6	0		967.685791000
6	747		967.685796000
6	0		967.687201000
6	355		967.687484000
6	747		967.778012000
6	517		967.778042000
6	0		967.779390000
6	0		967.779412000
6	355		967.779956000
6	2836		967.780228000
6	3979		967.780370000
6	0		967.871350000
6	0		967.871936000
6	0		967.950196000
6	0		967.964252000
6	0		967.964282000
6	0		967.964863000
6	0		968.057166000
6	0		968.057172000
6	0		968.708191000
6	0		968.708216000
6	0		968.708221000
6	0		969.823946000
6	0		969.823973000
6	517		969.823978000
6	517		969.823985000
6	0		969.824556000
6	0		969.824578000
6	1396		969.825624000
6	2792		969.825637000
6	1396		969.825646000
6	1396		969.825650000
6	991		969.825662000
6	2387		969.825672000
6	0		970.103252000
6	0		970.103259000
6	0		970.567974000
6	0		970.568003000
6	0		970.568011000
6	0		970.753898000
6	0		970.753922000
6	0		972.427964000
6	0		972.427989000
6	0		972.427995000
6	74		972.428002000
6	92		972.428007000
6	0		972.428012000
6	0		972.428016000
6	0		972.429417000
6	0		972.429438000
6	910		972.429690000
6	31		972.429702000
6	0		973.079439000
6	0		973.171981000
6	0		974.939242000
6	0		975.031924000
6	0		975.125308000
6	0		975.217841000
6	0		975.311498000
6	0		975.404235000
6	64		975.404257000
6	0		975.410212000
6	1396		975.497428000
6	0		975.497465000
6	0		975.498065000
6	0		975.590296000
6	64		975.590320000
6	0		975.596242000
6	424		976.148016000
6	0		976.149526000
6	1396		976.241205000
6	441		976.241233000
6	0		976.250079000
6	0		976.250116000
6	1396		976.519682000
6	6980		976.519853000
6	1396		976.572683000
6	1396		976.625611000
6	1396		976.678554000
6	1396		976.731528000
6	1396		976.784388000
6	1396		976.837304000
6	1396		976.890341000
6	1396		976.943245000
6	1396		976.996067000
6	1396		977.048983000
6	1396		977.101951000
6	1396		977.154824000
6	1396		977.207742000
6	1396		977.260652000
6	1396		977.313616000
6	1396		977.366574000
6	1396		977.419504000
6	1396		977.472358000
6	1396		977.525290000
6	1396		977.578214000
6	1396		977.631109000
6	1396		977.684043000
6	1396		977.736958000
6	1396		977.789911000
6	1396		977.842792000
6	1396		977.895739000
6	0		977.914875000
6	0		977.914893000
6	1396		977.948631000
6	1396		978.001550000
6	1418		978.008083000
6	356		978.012147000
6	31		978.012174000
6	39		978.012192000
6	1396		978.054475000
6	1418		978.101261000
6	53		978.101301000
6	31		978.101311000
6	0		978.102336000
6	114		978.104575000
6	939		978.107389000
6	0		981.821306000
6	0		981.913981000
6	0		982.007565000
6	0		982.100786000
6	0		982.192962000
6	0		982.286167000
6	0		982.472535000
6	0		982.565282000
6	0		982.751681000
6	0		982.844339000
6	0		983.030276000
6	0		983.216366000
6	0		983.402301000
6	0		983.681644000
6	0		983.867713000
6	0		984.239745000
6	0		984.518265000
6	0		984.796866000
6	0		985.076450000
6	0		985.355407000
17		1358	985.541737000
17		1358	985.556370000
17		1358	985.556411000
17		1358	985.556418000
17		1358	985.556423000
17		209	985.556430000
6	1396		985.633985000
6	0		985.641315000
6	441		985.727213000
6	0		985.727244000
6	0		985.734475000
6	1396		985.737271000
6	4188		985.737364000
6	1396		985.737379000
6	1396		985.737409000
6	1396		985.790080000
6	0		985.820132000
17		1358	985.820174000
17		1358	985.832075000
6	1396		985.842780000
6	1396		985.895484000
6	1396		985.948170000
6	1396		986.000889000
6	0		986.006035000
6	799		986.006069000
6	0		986.006077000
6	39		986.006082000
6	131		986.007106000
6	69		986.009653000
6	31		986.009790000
6	39		986.012413000
6	1396		986.053575000
6	0		986.098842000
6	1396		986.106267000
17		1358	986.133318000
6	1396		986.158981000
6	0		986.192659000
6	1396		986.211663000
6	1396		986.264371000
6	1396		986.284870000
6	421		986.284916000
6	0		986.285883000
6	1396		986.286267000
6	1396		986.286303000
6	1396		986.286319000
6	1043		986.286350000
6	1396		986.317080000
6	1396		986.369773000
6	1396		986.422458000
17		1358	986.471041000
6	1396		986.475158000
17		1358	986.483686000
6	1396		986.527839000
6	1396		986.580549000
6	1396		986.633250000
6	1396		986.685989000
6	1396		986.738651000
6	1396		986.791333000
6	1396		986.844013000
6	1396		986.896705000
6	1396		986.949441000
6	1396		987.002126000
6	1396		987.054815000
17		1358	987.084611000
6	1396		987.107522000
6	1396		987.160238000
6	1396		987.212938000
6	1396		987.265750000
6	1396		987.318303000
6	1396		987.371081000
6	1396		987.423729000
6	1396		987.476398000
6	1396		987.529100000
6	1067		987.581800000
17		1358	987.679907000
17		1358	987.692354000
17		1358	988.610732000
17		49	988.703223000
17		49	988.796641000
17		172	988.889442000
17		538	988.900934000
17		33	988.926232000
17		96	988.937220000
6	0		989.075286000
6	0		989.168045000
6	0		989.261112000
6	0		989.354293000
6	0		989.447020000
6	0		989.540246000
6	0		989.632913000
17		169	989.632944000
17		34	989.645332000
6	0		989.726134000
6	0		989.819649000
6	0		989.912271000
6	0		990.005120000
6	0		990.005142000
6	0		990.098241000
6	0		990.098269000
6	0		990.098273000
6	39		990.098280000
6	0		990.104546000
6	0		990.284333000
17		171	990.377302000
17		36	990.390229000
6	0		990.470480000
6	0		990.656271000
6	0		990.749276000
6	0		990.749302000
6	0		990.841982000
6	0		990.934892000
6	0		991.121027000
6	0		991.493333000
17		173	991.585895000
17		38	991.598536000
6	0		991.865200000
6	0		992.144072000
6	0		992.330161000
6	0		992.608995000
6	0		992.887955000
17		175	993.166945000
17		40	993.180938000
6	0		993.259972000
6	0		993.539475000
17		1358	993.673553000
6	0		993.911255000
6	0		994.189868000
6	0		994.469474000
6	0		994.469500000
6	1396		994.562895000
6	424		994.562924000
6	0		994.563474000
6	2792		994.564305000
6	1396		994.590183000
6	1396		994.616057000
6	1396		994.641927000
17		177	994.655154000
17		42	994.667606000
6	1396		994.667767000
6	1396		994.693690000
6	1396		994.719568000
6	1396		994.745439000
6	1396		994.771292000
6	1396		994.797164000
6	1396		994.823040000
6	696		994.841324000
6	0		994.842384000
6	69		994.845154000
6	31		994.848813000
6	1396		994.848891000
6	39		994.851582000
6	1396		994.874809000
6	1396		994.900674000
6	1396		994.926551000
6	1396		994.952419000
6	1396		994.978307000
6	1396		995.004177000
6	1396		995.030025000
6	1396		995.055918000
6	1396		995.081792000
6	1396		995.107674000
6	1396		995.133531000
6	1396		995.159403000
6	1396		995.185270000
6	1396		995.211170000
6	1396		995.237021000
6	1396		995.262884000
6	1396		995.288783000
6	1396		995.314641000
6	1396		995.340528000
6	1396		995.366396000
6	1396		995.392279000
6	1396		995.418129000
6	1396		995.444023000
6	880		995.469883000
17		41	995.864054000
17		41	995.864078000
6	438		998.468054000
6	0		998.474831000
6	1098		998.561207000
6	0		998.562519000
6	139		998.569299000
6	93		998.575500000
17		43	1000.235479000
6	0		1000.328141000
6	0		1000.421361000
6	0		1000.513879000
6	0		1000.607438000
6	0		1000.700163000
6	0		1000.793446000
6	0		1000.885945000
6	0		1000.979449000
6	0		1001.071909000
6	0		1001.165262000
6	0		1001.165288000
6	0		1001.258322000
6	0		1001.351075000
6	39		1001.444005000
6	0		1001.450836000
6	0		1001.537214000
6	0		1001.723198000
6	0		1001.816748000
6	0		1002.001840000
6	0		1002.188204000
6	0		1002.374638000
6	0		1002.466962000
6	0		1002.468023000
6	0		1002.560242000
6	0		1002.746569000
6	0		1002.774295000
6	0		1002.932737000
6	0		1003.118162000
6	0		1003.304481000
6	0		1003.490003000
6	0		1003.490027000
6	1396		1003.583101000
6	309		1003.583128000
6	0		1003.583134000
6	0		1003.583140000
6	0		1003.583714000
6	0		1003.583740000
6	1396		1003.662429000
6	1396		1003.675333000
6	1396		1003.701218000
6	1396		1003.727069000
6	1396		1003.752997000
6	1396		1003.778841000
6	1396		1003.804716000
6	1396		1003.830586000
6	1396		1003.856464000
6	1396		1003.882321000
6	1396		1003.908201000
6	1396		1003.934092000
6	1396		1003.959986000
6	1396		1003.985837000
6	1396		1004.011713000
6	1396		1004.037569000
6	1396		1004.063435000
6	1396		1004.089331000
6	1396		1004.115190000
6	1396		1004.141086000
6	1396		1004.166947000
6	1396		1004.192824000
6	1396		1004.218691000
6	1396		1004.244570000
6	1396		1004.270518000
6	1396		1004.296300000
6	1396		1004.322190000
6	1396		1004.348075000
6	1396		1004.373940000
6	1396		1004.399806000
6	1396		1004.425668000
6	1396		1004.451580000
6	1396		1004.477527000
6	1396		1004.503307000
6	1396		1004.529172000
6	1396		1004.555071000
6	1396		1004.580919000
6	1396		1004.606781000
6	1396		1004.632672000
6	1396		1004.658562000
6	1396		1004.684428000
6	1396		1004.710281000
6	1396		1004.736171000
6	1396		1004.762030000
6	1396		1004.787909000
6	612		1004.792218000
6	0		1004.793503000
6	69		1004.796103000
6	31		1004.799446000
6	39		1004.802203000
6	0		1005.536328000
6	0		1005.536895000
6	0		1006.651904000
6	0		1006.651912000
6	517		1006.651919000
6	0		1006.652481000
6	1396		1006.653776000
6	1396		1006.653800000
6	2387		1006.653821000
6	0		1006.838663000
6	1396		1006.839360000
6	1396		1006.852301000
6	1095		1006.878191000
6	0		1007.117360000
6	0		1007.210111000
6	0		1007.303325000
6	0		1007.395830000
6	0		1007.489265000
6	0		1007.582240000
6	0		1007.675456000
6	0		1007.767924000
6	0		1007.861424000
6	0		1008.046979000
6	0		1008.140500000
6	0		1008.233278000
6	0		1008.326551000
6	0		1008.512076000
6	0		1008.605311000
6	0		1008.698023000
6	0		1008.791251000
6	0		1008.977507000
6	0		1009.070331000
6	0		1009.163553000
6	0		1009.255925000
6	0		1009.441929000
6	0		1009.534848000
6	0		1009.628268000
6	0		1009.813853000
6	0		1009.907273000
6	0		1009.999924000
6	0		1010.093140000
6	0		1010.185948000
6	0		1010.279128000
6	0		1010.372110000
6	0		1010.465340000
6	0		1010.651377000
6	0		1010.744325000
6	0		1010.837079000
6	0		1010.837120000
6	0		1010.837723000
6	0		1010.929842000
6	0		1011.115902000
6	0		1011.142220000
6	0		1011.209136000
6	0		1011.301949000
6	0		1011.395135000
6	0		1011.581154000
6	0		1011.674200000
6	0		1011.767297000
6	0		1011.767325000
6	39		1011.767332000
6	0		1011.773565000
6	0		1011.860308000
6	0		1011.860915000
6	0		1012.511352000
6	0		1013.534333000
6	0		1013.627129000
6	131		1013.627160000
6	696		1013.627168000
6	0		1013.628196000
6	0		1013.628221000
6	72		1013.634623000
6	62		1013.637826000
6	70		1013.643350000
6	0		1013.719888000
6	0		1013.813177000
6	64		1013.813204000
6	0		1013.819282000
6	0		1013.902191000
6	1396		1013.906290000
6	0		1013.906319000
6	0		1013.906911000
6	0		1013.906927000
6	0		1014.092378000
6	0		1014.185542000
6	0		1014.278695000
6	0		1017.905199000
6	517		1017.905222000
6	0		1017.905909000
6	2792		1017.907188000
6	2387		1017.907234000
17		1358	1017.998615000
17		1358	1018.010664000
17		34	1018.035734000
6	0		1018.184401000
6	0		1018.928163000
6	424		1019.114496000
6	0		1019.114504000
6	39		1019.114509000
6	0		1019.115082000
6	0		1019.120881000
6	1396		1019.147170000
6	2792		1019.147232000
6	2792		1019.147243000
6	1396		1019.147296000
6	1396		1019.174085000
6	1396		1019.200917000
6	1396		1019.227753000
6	1396		1019.254572000
6	1396		1019.281391000
6	1396		1019.308223000
6	1396		1019.335045000
6	1396		1019.361882000
6	1396		1019.388701000
6	1396		1019.415574000
6	1396		1019.442343000
6	1396		1019.469149000
6	1396		1019.495982000
6	1396		1019.522824000
6	1396		1019.549645000
6	1396		1019.576474000
6	1396		1019.603277000
6	1396		1019.630111000
6	1396		1019.656941000
6	1396		1019.683752000
6	1396		1019.710585000
6	1396		1019.737400000
6	1396		1019.764231000
6	1396		1019.791061000
6	0		1019.795988000
6	1396		1019.817870000
6	1396		1019.844690000
6	0		1019.858009000
6	1396		1019.871524000
6	1396		1019.898346000
6	0		1019.920205000
6	1396		1019.925245000
6	1396		1019.952003000
6	1396		1019.978809000
6	0		1019.982065000
6	64		1019.982089000
6	0		1019.988194000
6	1396		1020.005662000
6	1396		1020.032477000
6	1396		1020.059298000
6	1396		1020.086113000
17		1354	1020.106414000
17		43	1020.106457000
6	1396		1020.112920000
17		37	1020.117736000
17		684	1020.118630000
17		1354	1020.118638000
17		1358	1020.118643000
17		1358	1020.118647000
6	1396		1020.139766000
6	1396		1020.166586000
6	1396		1020.193439000
17		148	1020.208964000
6	0		1020.788283000
6	1396		1020.788870000
6	0		1020.850466000
6	1396		1020.851046000
6	0		1020.912320000
6	1396		1020.912866000
6	0		1020.974153000
6	1396		1020.974831000
6	0		1021.036100000
6	1396		1021.036727000
6	0		1021.098249000
6	1396		1021.098860000
6	0		1021.222285000
6	1396		1021.222873000
6	0		1021.284137000
6	1396		1021.284737000
6	0		1021.346296000
6	1396		1021.346886000
6	0		1021.408376000
6	1396		1021.409033000
6	0		1021.594855000
6	1396		1021.595466000
6	1396		1021.608914000
6	0		1021.656229000
17		913	1021.656282000
6	0		1021.656297000
17		35	1021.667591000
17		129	1021.668842000
17		1358	1021.677864000
6	0		1021.718533000
17		1358	1021.767364000
6	0		1021.841904000
17		1358	1021.855793000
6	0		1021.903974000
17		1358	1021.944987000
6	0		1021.966205000
17		1358	1022.033135000
6	0		1022.090442000
17		1358	1022.122192000
6	0		1022.152500000
17		1358	1022.209667000
6	0		1022.213952000
6	0		1022.276123000
17		1358	1022.299482000
17		1358	1022.388078000
6	0		1022.399895000
6	0		1022.462521000
17		1358	1022.475765000
6	0		1022.524072000
17		1358	1022.564424000
6	0		1022.586286000
6	0		1022.648420000
17		1358	1022.652677000
6	0		1022.710562000
17		1358	1022.741717000
17		1358	1022.830430000
6	0		1022.833856000
6	0		1022.895842000
17		1358	1022.918462000
6	0		1022.958036000
17		1358	1023.007755000
6	0		1023.082120000
17		1358	1023.096413000
6	0		1023.144612000
17		1358	1023.184829000
6	0		1023.205893000
17		1358	1023.273969000
6	0		1023.330255000
17		1358	1023.362047000
6	0		1023.392336000
17		1358	1023.450357000
6	0		1023.454545000
17		1358	1023.540101000
6	0		1023.578029000
17		1358	1023.628022000
6	0		1023.640226000
6	0		1023.702500000
17		1358	1023.717051000
17		1358	1023.805049000
6	0		1023.826358000
6	0		1023.888480000
17		1358	1023.893260000
6	0		1023.950581000
17		1358	1023.982301000
17		43	1024.012208000
17		33	1024.049110000
17		1358	1024.070279000
17		41	1024.074844000
17		41	1024.136492000
17		1358	1024.159863000
17		41	1024.198134000
17		1358	1024.247495000
6	0		1024.260300000
6	0		1024.321871000
17		1358	1024.336359000
6	0		1024.384061000
17		1358	1024.425566000
17		41	1024.445869000
17		1358	1024.513463000
17		1358	1024.602923000
17		1358	1024.691414000
17		1358	1024.779468000
6	609		1024.818139000
6	203		1024.818177000
6	0		1024.819489000
6	0		1024.819509000
6	69		1024.821228000
6	31		1024.825633000
6	39		1024.828398000
17		1358	1024.868181000
6	0		1024.942562000
17		1358	1024.956109000
17		1358	1025.045137000
6	0		1025.066545000
17		1358	1025.134063000
6	0		1025.190180000
6	0		1025.190207000
17		1358	1025.222947000
17		1358	1025.310870000
6	0		1025.314060000
17		1358	1025.399234000
6	0		1025.438529000
6	0		1025.624609000
6	0		1025.685829000
6	0		1025.810744000
6	0		1025.934086000
6	0		1026.120743000
6	0		1026.182364000
17		43	1026.182392000
17		33	1026.220339000
17		41	1026.244075000
17		1358	1026.256237000
17		1358	1026.345874000
17		41	1026.368452000
17		1358	1026.434831000
17		41	1026.491844000
17		1358	1026.524467000
17		41	1026.554214000
17		1358	1026.613532000
17		41	1026.677966000
17		115	1026.701176000
17		41	1026.740377000
17		41	1026.801824000
6	682		1026.801850000
6	67		1026.806289000
6	31		1026.809230000
17		41	1026.926366000
17		41	1027.049790000
17		41	1027.111984000
17		41	1027.236088000
17		41	1027.360344000
17		41	1027.422725000
17		41	1027.545807000
17		41	1027.670780000
17		41	1027.794337000
17		41	1027.917975000
17		41	1028.041950000
17		41	1028.104159000
17		45	1028.166279000
17		33	1028.203361000
17		41	1028.290453000
17		41	1028.414721000
17		41	1028.476012000
17		41	1028.538034000
17		41	1028.600296000
17		41	1028.786136000
17		41	1028.848666000
17		41	1028.909950000
17		41	1028.972090000
17		41	1029.034159000
17		41	1029.158566000
17		41	1029.281876000
17		41	1029.406445000
17		41	1029.468452000
6	0		1029.530238000
6	39		1029.530266000
6	0		1029.536321000
17		41	1029.654738000
17		41	1029.778459000
17		913	1029.840146000
17		36	1029.851513000
17		131	1029.852885000
17		1358	1029.858128000
17		41	1029.901806000
17		1358	1029.906603000
17		1358	1029.953535000
17		1358	1030.000323000
17		41	1030.025885000
17		1358	1030.047736000
17		1358	1030.095431000
17		1358	1030.141815000
17		41	1030.150027000
17		1358	1030.189153000
17		1358	1030.236657000
17		41	1030.274334000
17		1358	1030.283022000
17		1358	1030.330052000
17		1358	1030.375903000
17		1358	1030.423147000
17		1358	1030.470681000
17		1358	1030.516803000
17		1358	1030.564154000
17		41	1030.584817000
17		1358	1030.611811000
17		41	1030.646495000
17		1358	1030.648330000
17		1358	1030.685343000
17		41	1030.708103000
17		1358	1030.720331000
17		1358	1030.758517000
17		41	1030.769932000
17		1358	1030.794783000
17		1358	1030.832185000
6	0		1030.832252000
17		1358	1030.868405000
6	1396		1030.894670000
6	421		1030.894700000
17		41	1030.894713000
17		44	1030.894719000
6	0		1030.895245000
6	1396		1030.895920000
17		1358	1030.906217000
6	1396		1030.921121000
17		1358	1030.942508000
6	1396		1030.947001000
17		41	1030.956518000
6	1043		1030.972874000
17		1358	1030.979089000
17		1358	1031.015547000
17		41	1031.018216000
17		1358	1031.052561000
17		41	1031.080016000
17		1358	1031.089003000
17		1358	1031.126524000
17		1358	1031.162834000
17		1358	1031.199477000
17		41	1031.204760000
17		1358	1031.235954000
17		41	1031.266746000
17		1358	1031.273651000
17		1358	1031.310118000
17		41	1031.328318000
17		1358	1031.347135000
17		1358	1031.384194000
17		41	1031.390431000
17		1358	1031.420378000
17		41	1031.452528000
17		1358	1031.456711000
17		1358	1031.493360000
17		1358	1031.530406000
17		1358	1031.567192000
17		41	1031.576516000
17		1358	1031.605041000
17		1358	1031.640798000
17		1358	1031.676964000
17		41	1031.700262000
17		1358	1031.712534000
17		1358	1031.751112000
17		41	1031.762213000
17		1358	1031.788643000
17		41	1031.823878000
17		1358	1031.825319000
17		1358	1031.860695000
17		1358	1031.897677000
17		1358	1031.935279000
17		41	1031.947936000
17		1358	1031.971836000
17		1358	1032.009296000
17		1358	1032.045649000
17		41	1032.071918000
17		1358	1032.081761000
17		1358	1032.118491000
17		1358	1032.155205000
17		1358	1032.192364000
17		41	1032.195797000
17		1358	1032.229561000
17		41	1032.258748000
17		1358	1032.266064000
17		1358	1032.301898000
17		41	1032.320217000
17		1358	1032.339990000
17		1358	1032.375964000
17		1358	1032.413067000
17		41	1032.444290000
17		1358	1032.450522000
17		1358	1032.487131000
17		41	1032.506532000
17		1358	1032.522912000
17		1358	1032.559825000
17		46	1032.568590000
17		1358	1032.596513000
17		41	1032.630050000
17		1358	1032.634110000
17		1358	1032.671096000
17		41	1032.692847000
17		1358	1032.707656000
17		1358	1032.743934000
17		41	1032.754292000
17		1358	1032.780575000
6	0		1032.816452000
17		1358	1032.817319000
17		1358	1032.854686000
17		41	1032.877892000
17		1358	1032.890107000
17		1358	1032.918822000
6	0		1032.940046000
17		41	1032.940075000
17		1358	1032.945710000
17		1358	1032.973588000
17		1358	1033.000777000
6	0		1033.002237000
17		1358	1033.028507000
17		1358	1033.055433000
6	0		1033.064418000
17		1358	1033.082588000
17		1358	1033.110208000
17		41	1033.126619000
17		1358	1033.137143000
17		1358	1033.164770000
6	0		1033.188043000
17		41	1033.188071000
17		1358	1033.191124000
6	0		1033.197282000
17		1358	1033.218958000
17		1358	1033.245685000
17		1358	1033.273725000
17		1358	1033.300573000
17		41	1033.311777000
17		1358	1033.328116000
17		1358	1033.355675000
17		1358	1033.382772000
17		1358	1033.409285000
17		41	1033.436728000
17		1358	1033.436937000
17		1358	1033.464813000
17		1358	1033.491675000
17		41	1033.497917000
17		1358	1033.518649000
17		1358	1033.546432000
17		41	1033.559854000
17		1358	1033.571734000
17		1358	1033.601448000
17		41	1033.621858000
17		1358	1033.634195000
17		41	1033.684548000
17		1358	1033.696136000
17		41	1033.808240000
17		1358	1033.820465000
17		41	1033.870370000
17		1358	1033.882615000
17		41	1033.931942000
17		1358	1033.944542000
17		41	1034.055807000
17		1358	1034.068706000
17		41	1034.117871000
17		1358	1034.129917000
17		41	1034.180028000
17		1358	1034.192322000
17		46	1034.304668000
17		1358	1034.316221000
17		41	1034.366113000
17		1358	1034.377840000
17		41	1034.490041000
17		1358	1034.502493000
17		1358	1034.530271000
17		41	1034.552236000
17		1358	1034.564566000
17		41	1034.675804000
17		1358	1034.688312000
17		41	1034.738627000
17		1358	1034.750720000
17		41	1034.800026000
6	694		1034.800055000
6	0		1034.801406000
6	69		1034.803043000
6	31		1034.807121000
6	39		1034.809876000
17		1358	1034.811879000
17		41	1034.924045000
17		493	1034.936363000
17		41	1034.986026000
17		41	1035.110135000
17		41	1035.172568000
17		41	1035.233957000
17		41	1035.296190000
17		41	1035.358519000
17		41	1035.420048000
17		41	1035.544146000
17		41	1035.606304000
17		41	1035.730280000
17		41	1035.792258000
17		41	1035.854086000
17		46	1035.978637000
17		34	1036.015836000
17		41	1036.040712000
17		42	1036.102341000
17		42	1036.164406000
17		42	1036.226332000
17		43	1036.350585000
17		43	1036.412499000
17		43	1036.474665000
17		43	1036.598605000
17		42	1036.660210000
17		41	1036.722210000
17		41	1036.846010000
17		41	1036.908189000
17		41	1037.031978000
17		41	1037.094291000
17		41	1037.218944000
17		41	1037.280548000
17		41	1037.341861000
17		41	1037.466088000
17		41	1037.528066000
17		46	1037.590158000
17		34	1037.627201000
17		41	1037.652384000
17		42	1037.776462000
17		42	1037.837817000
17		42	1037.899830000
17		43	1038.024039000
17		43	1038.086317000
17		43	1038.148234000
17		43	1038.272473000
17		43	1038.334558000
17		43	1038.395829000
17		43	1038.458377000
17		43	1038.582284000
17		43	1038.644415000
17		43	1038.768019000
17		43	1038.829904000
17		43	1038.892105000
17		43	1038.954286000
17		43	1039.078398000
17		43	1039.140497000
17		48	1039.201917000
17		35	1039.238607000
17		43	1039.325956000
17		43	1039.387809000
17		43	1039.512124000
17		43	1039.574116000
17		43	1039.636241000
17		43	1039.760536000
17		43	1039.822665000
17		43	1039.883840000
17		43	1040.008171000
17		43	1040.070159000
6	1396		1040.132328000
6	309		1040.132356000
6	0		1040.132888000
6	1396		1040.133790000
6	1396		1040.158793000
6	1396		1040.184676000
17		43	1040.194509000
6	1396		1040.210544000
6	1396		1040.236431000
17		43	1040.255887000
6	1396		1040.262296000
6	1396		1040.288164000
6	1396		1040.314084000
17		43	1040.318345000
6	1396		1040.339913000
6	1396		1040.365777000
17		43	1040.380776000
6	1396		1040.391662000
6	1396		1040.417538000
17		43	1040.442036000
6	1396		1040.443408000
6	1396		1040.469269000
6	1396		1040.495157000
6	0		1040.504308000
6	39		1040.504333000
6	0		1040.510459000
6	1396		1040.521033000
6	1396		1040.546898000
17		43	1040.566632000
6	1396		1040.572773000
6	1396		1040.598677000
6	1396		1040.624532000
17		43	1040.628647000
6	1396		1040.650404000
6	1396		1040.676290000
6	1396		1040.702135000
6	1396		1040.728006000
6	1396		1040.753902000
6	1396		1040.779757000
6	1396		1040.805617000
6	1396		1040.831511000
6	1396		1040.857404000
6	1396		1040.883260000
6	1396		1040.909125000
6	1396		1040.935014000
6	1396		1040.960980000
6	1396		1040.986755000
6	1396		1041.012636000
6	1396		1041.038498000
6	0		1041.062188000
6	1396		1041.064367000
6	1396		1041.090257000
6	1396		1041.116129000
6	0		1041.124268000
6	1396		1041.141988000
6	1396		1041.167874000
6	0		1041.186223000
6	1396		1041.193740000
6	1396		1041.219652000
6	1396		1041.245491000
6	0		1041.248393000
6	1396		1041.271390000
6	1396		1041.297256000
6	0		1041.309878000
6	1396		1041.323115000
6	1095		1041.349007000
6	0		1041.372347000
6	0		1041.372377000
6	0		1041.381450000
6	0		1041.434554000
6	0		1041.495900000
6	0		1041.495928000
6	0		1041.558114000
6	0		1041.620285000
6	0		1041.682442000
6	0		1041.744565000
6	0		1041.806735000
6	0		1041.867944000
6	0		1041.930082000
6	0		1041.992270000
6	0		1042.054479000
6	0		1042.116639000
6	0		1042.177790000
6	0		1042.239935000
6	0		1042.302088000
6	0		1042.426354000
6	0		1042.488632000
6	0		1042.612021000
6	0		1042.674523000
6	0		1042.736019000
6	0		1042.798184000
6	0		1042.922046000
6	0		1042.984181000
6	0		1043.046447000
6	0		1043.108081000
6	0		1043.232437000
6	0		1043.294761000
6	0		1043.294786000
6	0		1043.418598000
6	0		1043.479866000
6	0		1043.542139000
6	0		1043.604562000
6	0		1043.728234000
6	0		1043.852487000
6	0		1043.976276000
6	0		1044.100054000
6	0		1044.224466000
6	0		1044.286111000
6	1396		1044.348341000
6	309		1044.348369000
6	0		1044.348901000
6	1396		1044.464674000
6	1396		1044.476359000
6	1396		1044.499739000
6	1396		1044.523143000
6	1396		1044.546544000
6	1396		1044.569921000
6	1396		1044.593311000
6	1396		1044.616700000
6	1396		1044.640076000
6	1396		1044.663462000
6	1396		1044.686849000
6	1396		1044.710295000
6	1396		1044.733643000
6	1396		1044.757039000
6	1396		1044.780394000
6	640		1044.782120000
6	0		1044.783028000
6	69		1044.785529000
6	31		1044.789539000
6	39		1044.792298000
6	1396		1044.803809000
6	1396		1044.827217000
6	1396		1044.850644000
6	1396		1044.873982000
6	1396		1044.897362000
6	1396		1044.920749000
6	1396		1044.944126000
6	1396		1044.967522000
6	1396		1044.990909000
6	1396		1045.014366000
6	1396		1045.037689000
6	1396		1045.061079000
6	1396		1045.084483000
6	1396		1045.107859000
6	1396		1045.131251000
6	1396		1045.154644000
6	1396		1045.178027000
6	1396		1045.201421000
6	1396		1045.224809000
6	1396		1045.248202000
6	1396		1045.271630000
6	1396		1045.294974000
6	1396		1045.318373000
6	1396		1045.341741000
6	1396		1045.365155000
6	1396		1045.388521000
6	1396		1045.411923000
6	1396		1045.435379000
6	1396		1045.458707000
6	1396		1045.482114000
6	1396		1045.505485000
6	1396		1045.528857000
6	1396		1045.552266000
6	1396		1045.575665000
6	1396		1045.599037000
6	1396		1045.622442000
6	1396		1045.645825000
6	1396		1045.669191000
6	1396		1045.692587000
6	0		1045.712311000
6	1396		1045.715971000
6	1396		1045.739382000
6	1396		1045.762743000
6	1396		1045.786151000
6	1396		1045.809549000
6	1396		1045.832923000
6	1396		1045.856327000
6	1396		1045.879691000
6	0		1045.898264000
6	1396		1045.903105000
6	1396		1045.926492000
6	1396		1045.949921000
6	1396		1045.973271000
6	1396		1045.996633000
6	1396		1046.020042000
6	0		1046.022323000
6	1396		1046.043431000
6	1396		1046.066831000
6	1396		1046.090214000
6	1396		1046.113601000
6	1396		1046.136980000
6	1396		1046.160381000
6	1396		1046.183773000
6	1396		1046.207154000
6	0		1046.208606000
6	1396		1046.230553000
6	1396		1046.253948000
6	0		1046.332261000
6	0		1046.518369000
6	0		1046.580590000
6	0		1046.766358000
6	39		1046.766389000
6	0		1046.766402000
6	0		1046.772826000
6	0		1046.828273000
6	0		1046.952507000
6	0		1047.014310000
6	0		1047.138135000
6	0		1047.262283000
6	0		1047.448559000
6	0		1047.572252000
6	0		1047.758307000
6	0		1047.882265000
6	0		1048.068384000
6	0		1048.192358000
6	0		1048.378507000
6	0		1048.502305000
6	0		1048.688493000
6	0		1048.750737000
6	0		1048.874251000
6	0		1048.998698000
6	0		1049.121942000
6	0		1049.308404000
6	0		1049.432285000
6	0		1049.618463000
6	0		1049.742299000
6	0		1049.928247000
6	0		1050.052595000
6	0		1050.238036000
6	0		1050.362346000
6	0		1050.486648000
6	0		1050.610549000
6	0		1050.796035000
6	0		1050.920326000
6	1396		1050.920905000
6	0		1050.982338000
6	1396		1050.982920000
6	0		1051.106288000
6	1396		1051.106883000
6	1396		1051.118540000
6	0		1051.168521000
6	1396		1051.169063000
6	1396		1051.180763000
6	0		1051.230032000
6	1396		1051.230590000
6	1396		1051.242286000
6	0		1051.292335000
6	1396		1051.293057000
6	1396		1051.304756000
6	0		1051.354688000
6	1396		1051.355279000
6	1396		1051.366952000
6	0		1053.028208000
6	1396		1053.028745000
6	1396		1053.040455000
6	1396		1053.063844000
6	1396		1053.087232000
6	0		1053.090416000
6	1396		1053.110607000
6	1396		1053.133999000
6	0		1053.152311000
6	1396		1053.157387000
6	1396		1053.180786000
6	1396		1053.204183000
6	0		1053.214541000
6	1396		1053.227576000
6	1396		1053.250961000
6	1396		1053.274390000
6	0		1053.276642000
6	1396		1053.297736000
6	1396		1053.321109000
6	0		1053.337818000
6	1396		1053.344505000
6	1396		1053.367911000
6	1396		1053.391324000
6	0		1053.400294000
6	1396		1053.414683000
6	1396		1053.438087000
6	1396		1053.461470000
6	1396		1053.484839000
6	1396		1053.508238000
6	0		1053.523954000
6	1396		1053.531611000
6	1396		1053.555002000
6	1165		1053.578406000
6	0		1053.647859000
6	0		1053.772220000
6	0		1054.082338000
6	0		1054.206156000
6	0		1054.391901000
6	0		1054.516473000
6	0		1054.702348000
6	0		1054.826309000
6	631		1054.826341000
6	0		1054.827637000
6	69		1054.829875000
6	31		1054.833716000
6	39		1054.836472000
6	0		1054.949942000
6	0		1055.074732000
6	0		1055.198558000
6	0		1055.322571000
6	0		1055.446173000
6	0		1055.569883000
6	0		1055.569909000
6	1396		1055.631804000
6	424		1055.631835000
6	0		1055.632389000
6	1396		1055.633177000
6	1396		1055.655796000
6	1396		1055.679155000
6	1396		1055.702578000
6	1396		1055.725952000
6	1396		1055.749338000
6	1396		1055.772768000
6	1396		1055.796122000
6	1396		1055.819500000
6	1396		1055.842880000
6	1396		1055.866281000
6	1396		1055.889686000
6	1396		1055.913062000
6	1396		1055.936445000
6	1396		1055.959845000
6	1396		1055.983232000
6	1396		1056.006597000
6	1396		1056.029983000
6	1396		1056.053379000
6	1396		1056.076758000
6	1396		1056.100142000
6	1396		1056.123639000
6	1396		1056.146947000
6	1396		1056.170326000
6	1396		1056.193720000
6	1396		1056.217114000
6	1396		1056.240495000
6	1396		1056.263871000
6	1396		1056.287288000
6	1396		1056.310661000
6	0		1056.313936000
6	39		1056.313943000
6	0		1056.319749000
6	1396		1056.334059000
6	1396		1056.357427000
6	1396		1056.380867000
6	1396		1056.404205000
6	1396		1056.427633000
6	1396		1056.450982000
6	1396		1056.474410000
6	1396		1056.497753000
6	1396		1056.521144000
6	1396		1056.544539000
6	1396		1056.567929000
6	1396		1056.591335000
6	1396		1056.614714000
6	1396		1056.638085000
6	1396		1056.661476000
6	1396		1056.684881000
6	1396		1056.708242000
6	1396		1056.731665000
6	1396		1056.755036000
6	1396		1056.778426000
6	1396		1056.801824000
6	1396		1056.825238000
6	1396		1056.848604000
6	1396		1056.872001000
6	1396		1056.895353000
6	1396		1056.918770000
6	0		1056.934174000
6	1396		1056.942138000
6	1396		1056.965544000
6	1396		1056.988966000
6	1396		1057.012315000
6	1396		1057.035746000
6	1396		1057.059095000
6	1396		1057.082479000
6	1396		1057.105853000
6	0		1057.120280000
6	1396		1057.129243000
6	1396		1057.152664000
6	1396		1057.176042000
6	1396		1057.199431000
6	1396		1057.222832000
6	0		1057.244303000
6	1396		1057.246275000
6	1396		1057.269591000
6	1396		1057.292974000
6	1396		1057.316356000
6	1396		1057.339754000
6	1396		1057.363161000
6	1396		1057.386545000
6	1396		1057.409943000
6	0		1057.430561000
6	1396		1057.433364000
6	1396		1057.456711000
6	1396		1057.480088000
6	1396		1057.503551000
6	1396		1057.526927000
6	1396		1057.550270000
6	0		1057.554288000
6	1396		1057.573644000
6	1396		1057.597028000
6	1396		1057.620435000
6	1396		1057.643807000
6	1396		1057.667204000
6	0		1057.678570000
6	1396		1057.690584000
6	1396		1057.713986000
6	1396		1057.737356000
6	1396		1057.760741000
6	1396		1057.784133000
6	0		1057.802290000
6	1396		1057.807524000
6	1396		1057.830920000
6	1396		1057.854384000
6	0		1057.864262000
6	1396		1057.877691000
6	1396		1057.901089000
6	1396		1057.924468000
6	1396		1057.947851000
6	1396		1057.971286000
6	0		1057.987986000
6	1396		1057.994642000
6	1396		1058.018037000
6	1396		1058.041436000
6	1396		1058.064813000
6	1396		1058.088199000
6	1396		1058.111570000
6	0		1058.113128000
6	1396		1058.134987000
6	1396		1058.158441000
6	1396		1058.181754000
6	1396		1058.205154000
6	1396		1058.228533000
6	0		1058.236103000
6	1396		1058.251918000
6	1396		1058.275312000
6	1396		1058.298696000
6	1396		1058.322074000
6	1396		1058.345538000
6	1396		1058.368874000
6	1396		1058.392262000
6	1396		1058.415660000
6	0		1058.421952000
6	1396		1058.439031000
6	1396		1058.462405000
6	1396		1058.485794000
6	1396		1058.509197000
6	1190		1058.532579000
6	0		1058.545820000
6	0		1058.732323000
6	0		1058.856305000
6	0		1059.042513000
6	0		1059.227985000
6	0		1059.352330000
6	0		1059.476724000
6	0		1059.599951000
6	0		1059.786455000
6	0		1059.971896000
6	0		1060.096223000
6	0		1060.281798000
6	0		1060.468255000
6	0		1060.592679000
6	0		1060.716264000
6	0		1060.840242000
6	0		1060.964293000
6	0		1061.150092000
6	0		1061.212240000
6	0		1061.336316000
6	0		1061.460293000
6	0		1061.584150000
6	0		1061.708318000
6	0		1061.893990000
6	0		1062.018266000
6	0		1062.142551000
6	0		1062.328067000
6	0		1062.452416000
6	0		1062.576923000
6	0		1062.762175000
6	0		1062.886269000
6	0		1062.948643000
6	0		1063.134297000
6	0		1063.258292000
6	131		1063.382359000
6	0		1063.383695000
6	1418		1063.444024000
6	283		1063.444060000
6	0		1063.444074000
6	0		1063.445279000
6	0		1063.445306000
6	68		1063.450969000
6	62		1063.453993000
6	70		1063.459529000
6	0		1063.568054000
6	0		1063.692309000
6	0		1063.816249000
6	0		1063.939892000
6	0		1064.064338000
6	0		1064.250571000
6	0		1064.373892000
6	0		1064.498240000
6	0		1064.621887000
6	0		1064.746165000
6	0		1064.932650000
6	0		1065.056021000
6	0		1065.180579000
6	0		1065.303924000
6	0		1065.428285000
6	0		1065.552624000
6	0		1065.738301000
6	0		1065.862091000
6	0		1065.986311000
6	1396		1066.048248000
6	425		1066.048274000
6	0		1066.048280000
6	39		1066.048287000
6	0		1066.048798000
6	1396		1066.049585000
6	0		1066.054851000
6	1396		1066.072206000
6	1396		1066.095583000
6	1396		1066.118975000
6	1396		1066.142373000
6	1396		1066.165758000
6	1396		1066.189139000
6	1396		1066.212522000
6	1396		1066.235916000
6	1396		1066.259295000
6	1396		1066.282705000
6	1396		1066.306087000
6	1396		1066.329475000
6	1396		1066.352873000
6	1396		1066.376276000
6	1396		1066.399655000
6	1396		1066.423042000
6	1396		1066.446437000
6	1396		1066.469811000
6	1396		1066.493200000
6	1396		1066.516611000
6	1396		1066.539992000
6	1396		1066.563427000
6	1396		1066.586757000
6	1396		1066.610134000
6	1396		1066.633558000
6	1396		1066.656981000
6	1396		1066.680322000
6	1396		1066.703730000
6	1396		1066.727097000
6	1396		1066.750502000
6	1396		1066.773932000
6	733		1066.792209000
6	0		1066.793549000
6	67		1066.796402000
6	1396		1066.797237000
6	31		1066.799424000
6	39		1066.802152000
6	1396		1066.820646000
6	1396		1066.844044000
6	0		1066.854534000
6	1396		1066.867430000
6	1396		1066.890833000
6	1396		1066.914223000
6	1396		1066.937607000
6	1396		1066.960990000
6	0		1066.978205000
6	1396		1066.984382000
6	1396		1067.007774000
6	1396		1067.031121000
6	1396		1067.054606000
6	1396		1067.077925000
6	1396		1067.101335000
6	1396		1067.124718000
6	1396		1067.148097000
6	0		1067.164658000
6	1396		1067.171484000
6	1396		1067.194877000
6	1396		1067.218265000
6	1396		1067.241657000
6	1396		1067.265051000
6	0		1067.288104000
6	1396		1067.288421000
6	1396		1067.311821000
6	1396		1067.335209000
6	1396		1067.358613000
6	1396		1067.381987000
6	1396		1067.405389000
6	0		1067.412237000
6	1396		1067.428766000
6	1396		1067.452145000
6	0		1067.474224000
6	1396		1067.475535000
6	1396		1067.498946000
6	1396		1067.522335000
6	1396		1067.545708000
6	1396		1067.569096000
6	1396		1067.592491000
6	0		1067.597804000
6	1396		1067.615866000
6	1396		1067.639270000
6	1396		1067.662640000
6	1396		1067.686052000
6	1396		1067.709408000
6	0		1067.722817000
6	1396		1067.732903000
6	1396		1067.756219000
6	1396		1067.779628000
6	1396		1067.803067000
6	1396		1067.826382000
6	1396		1067.849768000
6	1396		1067.873165000
6	1396		1067.896559000
6	0		1067.908722000
6	1396		1067.919938000
6	1396		1067.943313000
6	1396		1067.966725000
6	1396		1067.990122000
6	1396		1068.013492000
6	0		1068.032282000
6	1396		1068.036905000
6	1396		1068.060272000
6	1396		1068.083698000
6	1396		1068.107129000
6	1396		1068.130458000
6	1396		1068.153886000
6	1396		1068.177223000
6	1396		1068.200613000
6	0		1068.218212000
6	1396		1068.223995000
6	1396		1068.247372000
6	1396		1068.270780000
6	1396		1068.294159000
6	1396		1068.317566000
6	1396		1068.340950000
6	0		1068.342217000
6	1396		1068.364336000
6	1396		1068.387701000
6	1396		1068.411111000
6	1396		1068.434502000
6	1396		1068.457888000
6	1396		1068.481323000
6	1396		1068.504661000
6	1396		1068.528046000
6	0		1068.528730000
6	1396		1068.551454000
6	1396		1068.574882000
6	1396		1068.598214000
6	1396		1068.621622000
6	1396		1068.644995000
6	0		1068.652629000
6	1396		1068.668388000
6	1396		1068.691763000
6	0		1068.714101000
6	0		1068.714784000
6	1396		1068.715133000
6	1396		1068.738554000
6	1396		1068.761936000
6	0		1068.776264000
6	1396		1068.785333000
6	1396		1068.808741000
6	1396		1068.832131000
6	1396		1068.855513000
6	1396		1068.878896000
6	0		1068.900731000
6	1396		1068.902261000
6	1396		1068.925664000
6	1396		1068.949058000
6	1396		1068.972447000
6	1396		1068.995832000
6	1396		1069.019226000
6	1396		1069.042620000
6	1396		1069.065986000
6	0		1069.086284000
6	0		1069.086309000
6	395		1069.089379000
6	0		1069.148099000
6	0		1069.148131000
6	39		1069.148140000
6	0		1069.154594000
6	0		1069.210260000
6	0		1069.396425000
6	0		1069.520223000
6	0		1069.706237000
6	0		1069.830305000
6	0		1070.016577000
6	0		1070.140220000
6	0		1070.326339000
6	0		1070.449797000
6	0		1070.636388000
6	0		1070.760690000
6	0		1070.884699000
6	0		1071.008419000
6	0		1071.132270000
6	0		1071.256002000
6	0		1071.380270000
6	0		1071.566425000
6	0		1071.690240000
6	0		1071.876484000
6	0		1072.000415000
6	0		1072.186286000
6	0		1072.310282000
6	0		1072.496094000
6	0		1072.558358000
6	0		1072.682229000
6	0		1072.805916000
6	0		1072.930381000
6	0		1073.116613000
6	0		1073.240283000
6	0		1073.426313000
6	0		1073.550278000
6	0		1073.736050000
6	0		1073.860383000
6	0		1074.045879000
6	0		1074.170419000
6	0		1074.294511000
6	0		1074.417808000
6	0		1074.604192000
6	0		1074.728575000
6	590		1074.790047000
6	0		1074.791095000
6	69		1074.794314000
6	31		1074.797293000
6	39		1074.800057000
6	0		1074.851812000
6	0		1074.976552000
6	0		1075.162019000
6	0		1075.348521000
6	0		1075.472242000
6	0		1075.596124000
6	0		1075.720281000
6	0		1075.844748000
6	0		1075.968049000
6	127		1075.968074000
6	696		1075.968080000
6	0		1075.969094000
6	68		1075.977079000
6	93		1075.980090000
6	0		1076.030267000
6	696		1076.092179000
6	0		1076.093191000
17		1358	1076.154674000
17		1358	1076.157407000
17		1358	1076.157444000
17		1358	1076.157451000
17		1358	1076.157456000
17		205	1076.157462000
6	1396		1076.215853000
6	310		1076.215883000
6	0		1076.215891000
6	0		1076.216506000
6	1396		1076.217353000
6	1396		1076.217376000
6	1396		1076.217407000
6	2792		1076.217447000
6	1396		1076.217480000
6	1396		1076.242395000
6	1396		1076.267241000
6	0		1076.278523000
6	1396		1076.292010000
6	1396		1076.316878000
6	1396		1076.341678000
6	1396		1076.366526000
6	1396		1076.391361000
17		1358	1076.402028000
17		1358	1076.403801000
6	1396		1076.416203000
6	1396		1076.441055000
6	1396		1076.465860000
6	1396		1076.490822000
6	1396		1076.515581000
6	1396		1076.540411000
6	1396		1076.565307000
6	1396		1076.590066000
6	1396		1076.614910000
6	1396		1076.639752000
6	1396		1076.664582000
6	1396		1076.689436000
17		1358	1076.705065000
6	0		1076.711969000
6	39		1076.711995000
6	0		1076.712954000
6	1396		1076.714231000
6	1396		1076.739102000
6	1396		1076.763974000
17		1358	1076.774436000
6	1396		1076.788778000
6	1396		1076.813640000
17		49	1076.836663000
6	1396		1076.838473000
6	1396		1076.863300000
6	1396		1076.888143000
17		49	1076.898384000
6	1396		1076.912977000
6	1396		1076.937825000
17		170	1076.960407000
17		538	1076.961252000
6	1396		1076.962644000
17		102	1076.969231000
6	1396		1076.987511000
6	1396		1077.012335000
6	0		1077.022278000
6	1396		1077.037239000
6	1396		1077.062019000
6	0		1077.084361000
6	1396		1077.086862000
6	1396		1077.111740000
6	1396		1077.136537000
6	0		1077.146548000
6	1396		1077.161376000
6	1396		1077.186205000
6	0		1077.207902000
6	1396		1077.211069000
6	1396		1077.235901000
6	1095		1077.260715000
6	0		1077.269994000
6	0		1077.332167000
6	0		1077.394342000
6	0		1077.456511000
6	0		1077.518666000
6	0		1077.579842000
6	0		1077.579870000
6	0		1077.641994000
6	0		1077.704154000
17		167	1077.766320000
17		34	1077.768040000
6	0		1077.828321000
6	0		1077.890505000
17		1358	1077.990369000
6	0		1078.013876000
6	0		1078.076341000
6	0		1078.200308000
6	0		1078.323879000
6	0		1078.510513000
6	0		1078.634517000
17		169	1078.758017000
17		36	1078.759762000
6	0		1078.820356000
6	0		1078.944712000
6	0		1079.068261000
6	0		1079.192571000
6	0		1079.316673000
6	0		1079.439906000
17		41	1079.502321000
17		96	1079.503235000
17		41	1079.564203000
6	0		1079.626582000
6	0		1079.734448000
6	0		1079.826249000
17		1262	1079.826279000
17		39	1079.826994000
17		663	1079.827673000
17		1358	1079.837427000
17		1358	1079.855644000
17		1358	1079.875038000
17		1358	1079.892581000
17		1358	1079.909567000
6	0		1079.917907000
17		1358	1079.927475000
17		1358	1079.945366000
17		1358	1079.963412000
6	0		1079.964057000
17		1358	1079.981251000
17		1358	1079.999077000
17		1358	1080.016912000
17		1358	1080.035186000
17		1358	1080.052107000
6	0		1080.056478000
17		1358	1080.070608000
17		1358	1080.088442000
6	0		1080.102660000
17		1358	1080.106873000
17		1358	1080.124641000
17		1358	1080.142253000
17		1358	1080.159400000
17		1358	1080.177407000
17		43	1080.193947000
17		1358	1080.194669000
17		1358	1080.213868000
17		1358	1080.231565000
17		1358	1080.249516000
17		1358	1080.266815000
17		1358	1080.284694000
17		1358	1080.303485000
17		1358	1080.320504000
17		1358	1080.339042000
17		1358	1080.356695000
17		1358	1080.374154000
17		1358	1080.391965000
17		1358	1080.410480000
17		1358	1080.428671000
17		1358	1080.445690000
17		1358	1080.463751000
17		1358	1080.481596000
17		1358	1080.498524000
17		1358	1080.516770000
17		1358	1080.535279000
17		45	1080.930280000
17		43	1081.068461000
17		47	1081.068486000
17		1358	1081.070002000
17		43	1081.114033000
17		1358	1081.115726000
17		1358	1081.134821000
17		44	1081.205880000
17		1358	1081.207503000
17		1358	1081.225973000
17		44	1081.251891000
17		1358	1081.253583000
17		1358	1081.272923000
17		44	1081.297973000
17		1358	1081.299750000
17		1358	1081.318072000
17		44	1081.344687000
17		1358	1081.346388000
17		1358	1081.364428000
17		44	1081.390425000
17		1358	1081.392145000
17		1358	1081.410579000
17		44	1081.436685000
17		1358	1081.438430000
17		1358	1081.457163000
17		44	1081.482829000
17		1358	1081.483747000
17		1358	1081.502895000
17		44	1081.528613000
17		1358	1081.529716000
17		1358	1081.548740000
17		44	1081.574549000
17		1358	1081.576123000
17		1358	1081.594985000
17		44	1081.619976000
17		1358	1081.620773000
17		1358	1081.639709000
17		44	1081.665931000
17		1358	1081.667270000
17		1358	1081.686839000
17		44	1081.758297000
17		1358	1081.759595000
17		1358	1081.778526000
17		44	1081.804248000
17		233	1081.805790000
17		44	1081.850632000
17		44	1081.895975000
17		44	1081.942631000
17		44	1081.988331000
17		44	1082.034210000
17		49	1082.080388000
17		33	1082.106564000
17		44	1082.126121000
17		44	1082.172286000
17		44	1082.263787000
17		44	1082.309832000
17		44	1082.356259000
17		44	1082.402418000
17		44	1082.447854000
17		44	1082.494144000
17		44	1082.540658000
17		44	1082.586052000
17		44	1082.632506000
17		44	1082.677916000
17		44	1082.724229000
17		44	1082.816166000
17		44	1082.862189000
17		44	1082.907892000
17		44	1082.953963000
17		44	1083.000253000
17		44	1083.045857000
6	0		1083.092031000
6	0		1083.102391000
17		49	1083.138017000
17		33	1083.164598000
17		41	1083.368443000
17		41	1083.460283000
17		41	1083.506343000
17		41	1083.598218000
17		41	1083.644305000
17		41	1083.690672000
17		41	1083.735836000
17		41	1083.827841000
17		41	1083.874304000
17		41	1083.920483000
17		41	1084.012116000
17		41	1084.058017000
17		41	1084.104386000
17		41	1084.150577000
17		41	1084.196042000
17		41	1084.287934000
17		41	1084.333800000
17		41	1084.379930000
17		41	1084.426047000
17		46	1084.472219000
17		34	1084.498814000
17		41	1084.518672000
17		41	1084.563870000
17		42	1084.610279000
17		42	1084.702686000
17		43	1084.748614000
17		43	1084.794028000
17		911	1084.839926000
17		38	1084.840672000
17		186	1084.841432000
17		1354	1084.841450000
17		1358	1084.841464000
17		1358	1084.841470000
17		1358	1084.841474000
17		1358	1084.841493000
17		1358	1084.841497000
17		1358	1084.841501000
17		1358	1084.841505000
17		1358	1084.841511000
17		1358	1084.859999000
17		1358	1084.877506000
17		1358	1084.896834000
17		1358	1084.914492000
17		1358	1084.931572000
17		1358	1084.949507000
17		1358	1084.967666000
17		1358	1084.985081000
17		1358	1085.004135000
17		1358	1085.021789000
17		1358	1085.038820000
17		1358	1085.056901000
17		1358	1085.074106000
17		1358	1085.092596000
17		1358	1085.110530000
17		1358	1085.128109000
17		1358	1085.146400000
17		1358	1085.163574000
17		1358	1085.181542000
17		1358	1085.199386000
17		1358	1085.218323000
17		1358	1085.235513000
17		1358	1085.253581000
17		1358	1085.271434000
17		1358	1085.289443000
17		1358	1085.307167000
17		1358	1085.324596000
17		1358	1085.342820000
17		1358	1085.360364000
17		1358	1085.378239000
17		1358	1085.395675000
17		1358	1085.413711000
17		1358	1085.431694000
17		1358	1085.449979000
17		1358	1085.468217000
17		1358	1085.485715000
17		1358	1085.503683000
17		1358	1085.521410000
17		1358	1085.538302000
17		1358	1085.557162000
17		1358	1085.574670000
17		1358	1085.592604000
17		1358	1085.609963000
17		1358	1085.628412000
17		1358	1085.645851000
17		1358	1085.664719000
17		1358	1085.681793000
17		1358	1085.699778000
17		1358	1085.717563000
17		1358	1085.734859000
17		1358	1085.752923000
17		1358	1085.771806000
17		1358	1085.789198000
17		1358	1085.806830000
17		1358	1085.824506000
17		1358	1085.842083000
17		1358	1085.859865000
17		1358	1085.878791000
17		1358	1085.896164000
17		1358	1085.914557000
17		45	1086.082236000
17		34	1086.109327000
17		41	1086.128509000
17		1358	1086.130238000
17		41	1086.174440000
17		1358	1086.175672000
17		41	1086.220694000
17		1358	1086.222400000
17		41	1086.265949000
17		1358	1086.267632000
17		41	1086.311785000
17		1358	1086.312774000
17		41	1086.358638000
17		1358	1086.359296000
17		41	1086.404114000
17		1358	1086.405914000
17		41	1086.450325000
17		1358	1086.452023000
17		41	1086.496213000
17		1358	1086.497886000
17		41	1086.542211000
17		1358	1086.543961000
17		41	1086.588640000
17		1358	1086.590314000
17		41	1086.634407000
17		1270	1086.636130000
17		41	1086.680779000
17		41	1086.726306000
17		41	1086.772296000
17		41	1086.818658000
17		41	1086.864635000
17		41	1086.955923000
17		41	1087.002000000
17		46	1087.048299000
17		34	1087.074797000
17		41	1087.094286000
17		41	1087.140239000
17		41	1087.186527000
17		41	1087.232488000
17		41	1087.277944000
17		41	1087.324510000
17		41	1087.369865000
17		41	1087.461921000
17		41	1087.508389000
17		41	1087.554185000
17		41	1087.600209000
17		41	1087.646166000
17		41	1087.692064000
17		41	1087.738113000
17		41	1087.784777000
17		41	1087.830705000
17		41	1087.876643000
17		41	1087.921959000
17		41	1088.014547000
17		46	1088.060450000
17		33	1088.086518000
17		41	1088.106679000
17		41	1088.152211000
17		41	1088.198224000
17		41	1088.244249000
17		41	1088.335803000
17		41	1088.382697000
17		41	1088.427953000
17		41	1088.473939000
17		41	1088.566574000
17		41	1088.612149000
17		41	1088.658147000
17		41	1088.704255000
17		41	1088.750346000
17		41	1088.842708000
17		41	1088.887911000
17		41	1088.933980000
17		42	1088.980064000
17		42	1089.026406000
17		42	1089.117827000
17		47	1089.164606000
17		33	1089.191723000
17		42	1089.210647000
17		42	1089.255876000
17		42	1089.302027000
17		43	1089.394716000
17		43	1089.440356000
6	0		1089.486508000
17		43	1089.486542000
6	0		1089.496912000
17		820	1089.578111000
17		33	1089.578848000
17		43	1089.624586000
17		43	1089.716183000
17		43	1089.762072000
17		43	1089.854138000
17		43	1089.900569000
17		43	1089.992073000
17		43	1090.038514000
17		43	1090.130378000
17		1358	1090.132119000
17		43	1090.176372000
17		1358	1090.178304000
17		43	1090.222347000
17		1358	1090.224002000
17		43	1090.268440000
17		1358	1090.270300000
17		43	1090.360153000
17		1358	1090.361919000
17		45	1091.510592000
17		1358	1091.512363000
17		1358	1091.530648000
17		1358	1091.548283000
17		41	1091.556129000
17		1358	1091.566304000
17		1358	1091.583071000
17		1358	1091.600504000
17		1358	1091.618359000
17		1358	1091.636384000
17		41	1091.647841000
17		1358	1091.653802000
17		1358	1091.671898000
17		1358	1091.689164000
17		41	1091.694623000
17		1358	1091.706613000
17		1358	1091.724318000
17		1358	1091.741122000
17		1358	1091.759445000
17		1358	1091.777409000
17		41	1091.785888000
17		1358	1091.794443000
17		1358	1091.811573000
17		1358	1091.828933000
17		1358	1091.847437000
17		1358	1091.864875000
17		1358	1091.882863000
17		1358	1091.899742000
17		1358	1091.916307000
17		1358	1091.934667000
17		1358	1091.951749000
17		1358	1091.970148000
17		1358	1091.987790000
17		1358	1092.005510000
17		1358	1092.022569000
17		1358	1092.039956000
17		1358	1092.057829000
17		1358	1092.075270000
17		1358	1092.092803000
17		1358	1092.110313000
17		1358	1092.128118000
17		1358	1092.144803000
17		1358	1092.162983000
17		1358	1092.180776000
17		1358	1092.198222000
17		1358	1092.216001000
17		1358	1092.233899000
17		1358	1092.250342000
17		1358	1092.267804000
17		1358	1092.285427000
17		41	1092.292261000
17		1358	1092.303389000
17		1358	1092.321032000
17		41	1092.338620000
17		1358	1092.340309000
17		1084	1092.356471000
17		41	1092.384484000
17		41	1092.430588000
17		41	1092.475790000
17		41	1092.522106000
17		41	1092.568698000
17		41	1092.614136000
17		41	1092.659932000
17		41	1092.706109000
17		41	1092.752360000
17		41	1092.798153000
17		41	1092.844581000
17		41	1092.889813000
17		41	1092.935996000
17		46	1092.981998000
17		34	1093.008182000
17		41	1093.028082000
17		41	1093.074584000
17		41	1093.120436000
17		41	1093.166344000
17		41	1093.212195000
17		41	1093.258261000
17		41	1093.303933000
17		41	1093.350578000
17		41	1093.395853000
17		41	1093.442013000
17		41	1093.534478000
17		41	1093.580576000
17		41	1093.626045000
17		41	1093.718334000
17		41	1093.764342000
17		41	1093.810648000
17		41	1093.856090000
17		41	1093.902111000
17		41	1093.948570000
17		46	1093.994384000
17		34	1094.021800000
17		41	1094.039991000
17		41	1094.085993000
17		41	1094.131833000
17		41	1094.178089000
17		41	1094.270367000
17		41	1094.316509000
17		41	1094.362699000
17		41	1094.407978000
17		41	1094.454349000
17		910	1094.499925000
17		37	1094.500641000
17		130	1094.501298000
17		1354	1094.501349000
17		1358	1094.501359000
17		1358	1094.501363000
17		1358	1094.501367000
17		1358	1094.501372000
17		1358	1094.501376000
17		1358	1094.501379000
17		1358	1094.501384000
17		1358	1094.501387000
17		1358	1094.518053000
17		1358	1094.533811000
17		1358	1094.549470000
17		1358	1094.565908000
17		1358	1094.582937000
17		1358	1094.598500000
17		1358	1094.614569000
17		1358	1094.630331000
17		1358	1094.646031000
17		1358	1094.661967000
17		1358	1094.677782000
17		1358	1094.693011000
17		1358	1094.709604000
17		1358	1094.725356000
17		1358	1094.742473000
17		1358	1094.757255000
17		1358	1094.773701000
17		1358	1094.789459000
17		1358	1094.804763000
17		1358	1094.821688000
17		1358	1094.837209000
17		1358	1094.852635000
17		1358	1094.868391000
17		1358	1094.885047000
17		1358	1094.901329000
17		1358	1094.916715000
17		1358	1094.933247000
17		1358	1094.948403000
17		1358	1094.964458000
17		1358	1094.980098000
17		1358	1094.996714000
17		1358	1095.012729000
17		1358	1095.028313000
17		1358	1095.044537000
17		1358	1095.060259000
17		1358	1095.076525000
17		1358	1095.092088000
17		1358	1095.107862000
17		1358	1095.124470000
17		1358	1095.140153000
17		1358	1095.155637000
17		1358	1095.171134000
17		1358	1095.187730000
17		44	1095.189891000
17		1358	1095.204185000
17		1358	1095.219634000
17		1358	1095.235513000
17		41	1095.236236000
17		1358	1095.251814000
17		1358	1095.267220000
17		41	1095.282559000
17		1358	1095.284307000
17		1358	1095.299761000
17		1358	1095.315595000
17		41	1095.328338000
17		1358	1095.330073000
17		1358	1095.347390000
17		1358	1095.363833000
17		41	1095.373868000
17		1358	1095.379051000
17		1358	1095.394987000
17		1358	1095.410801000
17		41	1095.420084000
17		1358	1095.427366000
17		1358	1095.443325000
17		1358	1095.459175000
17		41	1095.466009000
17		1358	1095.474500000
17		1358	1095.490800000
17		1358	1095.507287000
17		41	1095.512200000
17		1358	1095.522673000
17		1358	1095.538530000
17		1358	1095.555308000
17		41	1095.558712000
17		1358	1095.570745000
17		1358	1095.586484000
17		1358	1095.602102000
17		41	1095.650293000
17		1358	1095.652040000
17		41	1095.696356000
17		1358	1095.698172000
17		41	1095.742248000
17		1358	1095.743936000
17		41	1095.788591000
17		1358	1095.790399000
17		41	1095.880639000
17		882	1095.882316000
17		41	1095.925772000
17		41	1095.972664000
17		41	1096.017896000
17		41	1096.064547000
17		41	1096.110113000
17		41	1096.156089000
17		46	1096.202178000
17		34	1096.228328000
17		41	1096.248255000
17		41	1096.293851000
17		41	1096.340291000
17		41	1096.386458000
17		41	1096.432535000
17		41	1096.524692000
17		41	1096.569985000
17		41	1096.615969000
17		41	1096.662113000
17		41	1096.708222000
17		41	1096.754492000
17		41	1096.799926000
17		41	1096.892283000
17		41	1096.938322000
17		41	1096.984497000
17		41	1097.030741000
17		41	1097.076475000
17		41	1097.121904000
17		41	1097.168307000
17		46	1097.260519000
17		34	1097.287725000
17		41	1097.305971000
17		41	1097.351925000
17		41	1097.398059000
17		41	1097.444121000
17		41	1097.490345000
17		41	1097.536444000
17		41	1097.581989000
17		41	1097.674316000
17		41	1097.720716000
17		41	1097.766662000
17		41	1097.812117000
17		41	1097.858163000
17		41	1097.950166000
17		41	1097.995948000
17		41	1098.042082000
17		41	1098.088519000
17		41	1098.134237000
17		41	1098.226705000
17		41	1098.272548000
17		47	1098.318189000
17		34	1098.344754000
17		42	1098.363864000
17		42	1098.410439000
17		42	1098.502364000
17		42	1098.548449000
17		43	1098.594474000
17		43	1098.639837000
17		821	1098.639867000
17		34	1098.640579000
17		1358	1098.641313000
17		1358	1098.658538000
17		1358	1098.674010000
17		43	1098.686825000
17		1358	1098.690328000
17		1358	1098.705909000
17		1358	1098.721348000
17		43	1098.732372000
17		1358	1098.738094000
17		1358	1098.753647000
17		1358	1098.770551000
17		1358	1098.786051000
17		1358	1098.801804000
17		1358	1098.817585000
17		43	1098.824245000
17		1358	1098.834162000
17		1358	1098.849443000
17		1358	1098.865036000
17		43	1098.869882000
17		1358	1098.881284000
17		1358	1098.897592000
17		1358	1098.913006000
17		43	1098.916217000
17		1358	1098.929546000
17		1358	1098.945542000
17		1358	1098.961330000
17		43	1098.962235000
17		1358	1098.977106000
17		1358	1098.993010000
17		1358	1099.008653000
17		1358	1099.025145000
17		1358	1099.040545000
17		43	1099.054208000
17		1358	1099.055904000
17		1358	1099.072986000
17		1358	1099.088991000
17		43	1099.100082000
17		1358	1099.105006000
17		1358	1099.120378000
17		1358	1099.136956000
17		1358	1099.152872000
17		1358	1099.168771000
17		1358	1099.184335000
17		43	1099.192565000
17		1358	1099.199638000
17		1358	1099.215443000
17		1358	1099.232671000
17		43	1099.238007000
17		1358	1099.248964000
17		1358	1099.264203000
17		1358	1099.279746000
17		1358	1099.295598000
17		1358	1099.311558000
17		1358	1099.328001000
17		43	1099.330492000
17		1358	1099.343365000
17		1358	1099.359137000
17		1358	1099.374980000
17		1358	1099.391756000
17		1358	1099.407564000
17		1358	1099.423535000
17		1358	1099.439898000
17		1358	1099.455159000
17		1358	1099.471389000
17		1358	1099.487624000
17		1358	1099.503259000
17		1358	1099.519152000
17		574	1099.535204000
17		45	1099.928275000
17		34	1099.955175000
17		41	1099.974502000
17		41	1100.020427000
17		41	1100.066258000
17		41	1100.112638000
17		41	1100.158677000
17		41	1100.250080000
17		41	1100.296010000
17		41	1100.342247000
17		41	1100.388174000
17		41	1100.434285000
17		41	1100.480319000
17		41	1100.526429000
17		41	1100.571977000
17		41	1100.618656000
17		41	1100.664424000
17		41	1100.709920000
17		41	1100.756278000
17		41	1100.802265000
17		41	1100.848161000
17		46	1100.894376000
17		34	1100.920500000
17		41	1100.986779000
17		41	1101.031874000
17		41	1101.078138000
17		41	1101.170755000
17		41	1101.216311000
17		41	1101.262359000
17		41	1101.308401000
17		41	1101.354645000
17		41	1101.399890000
17		41	1101.445781000
17		41	1101.491969000
17		41	1101.538006000
17		41	1101.584530000
17		41	1101.630390000
17		41	1101.676479000
17		41	1101.722580000
17		41	1101.768709000
17		41	1101.860235000
17		41	1101.906386000
17		46	1101.952726000
17		34	1101.979825000
17		41	1101.998659000
17		41	1102.043950000
17		41	1102.090103000
17		42	1102.136365000
17		42	1102.182382000
17		42	1102.228574000
17		42	1102.320333000
17		42	1102.365916000
17		42	1102.412031000
17		42	1102.458200000
17		42	1102.504541000
17		911	1102.596238000
17		38	1102.597150000
17		130	1102.597922000
17		1354	1102.597952000
17		1358	1102.598018000
17		1358	1102.598027000
17		1358	1102.598031000
17		1358	1102.598035000
17		1358	1102.598039000
17		1358	1102.598043000
17		1358	1102.598047000
17		1358	1102.598051000
17		1358	1102.614971000
17		1358	1102.630665000
17		1358	1102.646928000
17		1358	1102.662841000
17		1358	1102.678765000
17		1358	1102.693801000
17		1358	1102.710389000
17		1358	1102.726441000
17		1358	1102.742465000
17		1358	1102.758476000
17		1358	1102.774232000
17		1358	1102.790057000
17		1358	1102.805890000
17		1358	1102.822144000
17		1358	1102.838311000
17		1358	1102.853959000
17		1358	1102.870407000
17		1358	1102.886338000
17		1358	1102.902192000
17		1358	1102.918518000
17		1358	1102.933902000
17		1358	1102.949593000
17		1358	1102.965671000
17		1358	1102.981589000
17		1358	1102.997611000
17		1358	1103.012987000
17		1358	1103.029804000
17		1358	1103.045278000
17		45	1103.056024000
17		1358	1103.061129000
17		1358	1103.077890000
17		1358	1103.092972000
17		41	1103.102142000
17		1358	1103.109187000
17		1358	1103.124524000
17		1358	1103.140908000
17		41	1103.148229000
17		1358	1103.156239000
17		1358	1103.172374000
17		1358	1103.189663000
17		41	1103.194219000
17		1358	1103.205416000
17		1358	1103.221127000
17		1358	1103.236894000
17		41	1103.239839000
17		1358	1103.253034000
17		1358	1103.268154000
17		1358	1103.283883000
17		41	1103.286103000
17		1358	1103.299930000
17		1358	1103.316365000
17		1358	1103.332279000
17		41	1103.332727000
17		1358	1103.348679000
17		1358	1103.364847000
17		41	1103.378476000
17		1358	1103.380191000
17		1358	1103.396314000
17		1358	1103.411875000
17		41	1103.424054000
17		1358	1103.427901000
17		1358	1103.443418000
17		1358	1103.459139000
17		41	1103.470049000
17		1358	1103.475091000
17		1358	1103.492691000
17		1358	1103.508036000
17		41	1103.516161000
17		1358	1103.523998000
17		374	1103.539229000
17		41	1103.562173000
17		41	1103.608279000
17		41	1103.654354000
17		41	1103.700592000
17		41	1103.746640000
17		41	1103.791853000
17		41	1103.838461000
17		41	1103.884034000
17		41	1103.930046000
17		46	1103.976175000
17		34	1104.002729000
17		41	1104.022410000
17		41	1104.067863000
17		41	1104.113871000
17		41	1104.160052000
17		41	1104.252195000
17		41	1104.298246000
17		41	1104.344765000
17		41	1104.389952000
17		41	1104.481877000
17		41	1104.527842000
17		41	1104.574477000
17		41	1104.620120000
17		41	1104.712036000
17		41	1104.758223000
6	559		1104.804722000
6	39		1104.804753000
17		41	1104.804761000
6	0		1104.806449000
6	0		1104.806482000
6	39		1104.806521000
6	69		1104.809790000
6	70		1104.815969000
17		41	1104.850268000
17		41	1104.942683000
17		41	1104.988717000
17		41	1105.034693000
17		46	1105.080009000
17		34	1105.106206000
17		41	1105.126789000
17		41	1105.172320000
17		41	1105.264041000
17		41	1105.310132000
17		41	1105.356048000
17		41	1105.402183000
17		41	1105.448232000
17		41	1105.494484000
17		41	1105.540356000
17		41	1105.586100000
17		41	1105.632614000
17		41	1105.677980000
17		41	1105.724074000
17		41	1105.770348000
17		41	1105.816679000
17		41	1105.861952000
17		41	1105.908079000
17		42	1105.954475000
17		42	1106.000509000
17		47	1106.046559000
17		34	1106.073042000
17		827	1106.092070000
17		37	1106.092828000
17		129	1106.093554000
17		1354	1106.093564000
17		1358	1106.093573000
17		1358	1106.093580000
17		1358	1106.093587000
17		1358	1106.093606000
17		1358	1106.093617000
17		1358	1106.093624000
17		1358	1106.093630000
17		1358	1106.093639000
17		1358	1106.110727000
17		1358	1106.124793000
17		1358	1106.140583000
17		1358	1106.157475000
17		1358	1106.173266000
17		1358	1106.187628000
17		1358	1106.203353000
17		1358	1106.219560000
17		1358	1106.234525000
17		1358	1106.250310000
17		1358	1106.266014000
17		1358	1106.280488000
17		1358	1106.296301000
17		1358	1106.312221000
17		1358	1106.327351000
17		1358	1106.343455000
17		1358	1106.358812000
17		1358	1106.373709000
6	0		1106.375260000
17		1358	1106.390386000
17		1358	1106.405429000
6	0		1106.414606000
6	39		1106.414612000
17		1358	1106.422214000
6	0		1106.422251000
17		1358	1106.436928000
17		1358	1106.452617000
17		1358	1106.467402000
17		1358	1106.483257000
17		1358	1106.498980000
17		1358	1106.514353000
17		1358	1106.529447000
17		1358	1106.545481000
17		1358	1106.560707000
17		1358	1106.575878000
17		1358	1106.592755000
17		1358	1106.607084000
17		1358	1106.623005000
17		1358	1106.638409000
17		1358	1106.654661000
17		1358	1106.669363000
17		1358	1106.685577000
17		1358	1106.701659000
17		1358	1106.715893000
17		1358	1106.731746000
17		1358	1106.747724000
17		848	1106.763145000
6	668		1106.781805000
6	0		1106.783036000
6	67		1106.786400000
6	31		1106.789362000
6	39		1106.792126000
17		44	1106.966824000
17		34	1106.992464000
17		41	1107.012680000
17		41	1107.058568000
17		41	1107.105243000
17		41	1107.149889000
17		41	1107.196435000
17		41	1107.242500000
17		41	1107.288608000
17		41	1107.334346000
17		41	1107.380057000
17		41	1107.426047000
17		41	1107.518486000
17		41	1107.564061000
17		41	1107.609912000
17		41	1107.702321000
17		41	1107.748308000
17		41	1107.794229000
17		41	1107.840778000
17		41	1107.886686000
17		41	1107.932651000
17		46	1107.977964000
17		34	1108.003994000
17		41	1108.023988000
17		41	1108.070038000
17		41	1108.115793000
17		41	1108.162024000
17		41	1108.208676000
17		41	1108.254291000
17		41	1108.345853000
17		41	1108.392268000
17		41	1108.438360000
6	0		1108.484428000
17		41	1108.484454000
17		41	1108.530291000
17		41	1108.576564000
17		41	1108.621884000
17		41	1108.667954000
17		41	1108.713863000
17		41	1108.759972000
17		41	1108.805984000
17		41	1108.852247000
17		41	1108.944085000
17		46	1108.990178000
17		34	1109.016491000
17		41	1109.036269000
17		41	1109.081853000
17		41	1109.128261000
17		41	1109.174163000
17		41	1109.220312000
17		41	1109.266700000
17		41	1109.311794000
17		909	1109.357978000
17		37	1109.358694000
17		131	1109.359406000
17		1358	1109.362614000
17		1358	1109.378622000
17		1358	1109.395415000
17		41	1109.404185000
17		1358	1109.410113000
17		1358	1109.425339000
17		1358	1109.441334000
17		41	1109.450577000
17		1358	1109.456291000
17		1358	1109.472783000
17		1358	1109.487818000
17		1358	1109.503505000
17		1358	1109.518432000
17		1358	1109.534506000
6	0		1109.542629000
6	39		1109.542665000
17		41	1109.542675000
6	0		1109.548922000
17		1358	1109.550612000
17		1358	1109.565328000
17		1358	1109.581047000
17		1358	1109.596831000
17		1358	1109.611940000
17		1358	1109.627793000
17		1358	1109.643530000
17		1358	1109.658488000
17		1358	1109.674077000
17		1358	1109.690222000
17		1358	1109.704856000
17		1358	1109.720925000
17		1358	1109.737424000
17		1358	1109.752487000
17		1358	1109.767499000
17		1358	1109.783399000
17		1358	1109.798410000
17		1358	1109.814185000
17		1358	1109.829881000
17		1358	1109.845424000
17		1358	1109.860788000
17		1358	1109.876800000
17		1358	1109.891380000
17		1358	1109.907680000
17		1358	1109.923855000
17		1358	1109.938639000
17		1358	1109.954559000
17		1358	1109.970066000
17		1358	1109.984783000
17		1358	1110.000655000
17		1358	1110.016112000
17		1358	1110.031962000
17		1358	1110.047203000
17		1358	1110.062828000
17		1358	1110.079000000
17		1358	1110.093930000
17		1358	1110.110190000
17		1358	1110.125796000
17		1358	1110.140631000
17		1358	1110.155983000
17		1358	1110.172435000
17		1358	1110.187501000
17		1358	1110.203576000
17		1358	1110.218914000
17		1358	1110.233866000
17		1358	1110.250093000
17		1358	1110.265753000
17		1358	1110.280411000
17		1358	1110.296168000
17		1358	1110.312206000
17		1358	1110.326675000
17		1358	1110.342829000
17		1358	1110.358717000
17		1358	1110.374072000
17		1358	1110.389953000
17		1358	1110.405596000
17		1358	1110.420164000
17		44	1110.646562000
17		34	1110.673118000
17		41	1110.692115000
17		1358	1110.693721000
17		41	1110.784524000
17		1358	1110.786159000
17		41	1110.830021000
17		1358	1110.831798000
17		41	1110.876699000
17		1358	1110.878454000
17		41	1110.922173000
17		1358	1110.923915000
17		41	1110.968491000
17		1358	1110.970203000
17		41	1111.014253000
17		1285	1111.015977000
17		41	1111.060350000
17		41	1111.105919000
17		41	1111.152647000
17		41	1111.197956000
17		41	1111.244076000
17		41	1111.290088000
17		41	1111.336648000
17		41	1111.428649000
17		41	1111.473981000
17		41	1111.566454000
17		41	1111.611841000
17		41	1111.658592000
17		46	1111.703889000
17		34	1111.730693000
17		41	1111.795916000
17		41	1111.842364000
17		41	1111.888436000
17		41	1111.934245000
17		41	1111.980527000
17		41	1112.072198000
17		41	1112.118344000
17		41	1112.163930000
17		41	1112.209819000
17		41	1112.302373000
17		41	1112.348231000
17		41	1112.394230000
17		41	1112.440290000
17		41	1112.486505000
17		41	1112.578752000
17		41	1112.624036000
17		41	1112.669989000
17		41	1112.715998000
17		41	1112.762003000
17		46	1112.808218000
17		34	1112.835125000
17		41	1112.854284000
17		41	1112.900111000
17		41	1112.946271000
17		41	1113.038534000
17		41	1113.084527000
17		41	1113.130112000
17		41	1113.175911000
17		41	1113.221880000
17		41	1113.314500000
17		41	1113.359801000
17		41	1113.406535000
17		42	1113.452651000
17		42	1113.544181000
17		42	1113.590067000
17		42	1113.636151000
17		42	1113.682231000
17		42	1113.728392000
17		42	1113.774454000
17		42	1113.866320000
17		47	1113.911932000
17		35	1113.938420000
17		43	1113.958112000
17		43	1114.003857000
17		43	1114.095922000
17		43	1114.141956000
17		43	1114.326447000
17		821	1114.326474000
17		33	1114.327230000
17		43	1114.371885000
17		43	1114.464567000
17		1358	1114.466267000
17		43	1114.510736000
17		1358	1114.511556000
6	0		1114.587163000
17		43	1114.602095000
17		1358	1114.603570000
17		43	1114.647942000
17		1358	1114.650003000
17		1358	1114.666624000
17		45	1115.246165000
17		1358	1115.247931000
17		1358	1115.264504000
17		1358	1115.280050000
17		41	1115.292312000
17		1358	1115.293994000
17		1358	1115.310580000
17		1358	1115.326461000
17		41	1115.338316000
17		1358	1115.342238000
17		1358	1115.357123000
17		1358	1115.373530000
17		41	1115.383862000
17		1358	1115.389276000
17		1358	1115.404167000
17		1358	1115.419972000
17		41	1115.430291000
6	0		1115.430320000
17		1358	1115.435434000
17		1358	1115.450832000
17		1358	1115.466840000
17		1358	1115.482435000
17		1358	1115.497729000
17		1358	1115.513223000
17		1358	1115.528676000
17		1358	1115.543404000
17		1358	1115.559820000
17		1358	1115.575694000
17		1358	1115.591703000
17		1358	1115.605848000
17		1358	1115.621718000
17		1358	1115.637564000
17		1358	1115.653089000
17		41	1115.659976000
17		1358	1115.668526000
17		1358	1115.684987000
17		1358	1115.698954000
17		41	1115.706108000
17		1358	1115.715717000
17		1358	1115.731228000
17		1358	1115.745879000
17		1358	1115.761712000
17		1358	1115.778044000
17		1358	1115.792932000
17		41	1115.798125000
17		1358	1115.807994000
17		1358	1115.824180000
17		1358	1115.838974000
17		41	1115.844351000
17		1358	1115.855565000
17		1358	1115.871058000
17		1358	1115.885794000
17		41	1115.890298000
17		1358	1115.901436000
17		1358	1115.917291000
17		1358	1115.932301000
17		41	1115.936135000
17		1358	1115.947985000
17		1358	1115.964510000
17		1358	1115.979416000
17		41	1115.982470000
17		1358	1115.994591000
17		1358	1116.010268000
17		1358	1116.025372000
17		41	1116.028405000
17		1358	1116.041981000
17		1358	1116.057615000
17		1358	1116.072182000
17		326	1116.088399000
17		41	1116.120112000
17		41	1116.166541000
17		41	1116.211829000
17		41	1116.257835000
17		41	1116.303822000
17		41	1116.396618000
17		41	1116.441769000
17		46	1116.488108000
17		34	1116.515479000
17		41	1116.534176000
17		41	1116.580564000
17		41	1116.626092000
17		41	1116.718411000
17		41	1116.764554000
17		41	1116.809877000
17		41	1116.901989000
17		41	1116.948536000
17		41	1116.994083000
17		41	1117.040226000
17		41	1117.086397000
17		41	1117.178562000
17		41	1117.223816000
17		41	1117.270039000
17		41	1117.316160000
17		41	1117.362316000
17		41	1117.408548000
17		41	1117.454099000
17		41	1117.500181000
17		46	1117.546331000
17		34	1117.572829000
17		41	1117.638332000
17		41	1117.684394000
17		41	1117.729948000
17		41	1117.775990000
17		41	1117.822166000
17		41	1117.914537000
17		41	1117.960523000
17		41	1118.006632000
17		41	1118.051800000
17		902	1118.098324000
17		36	1118.099026000
17		1358	1118.100841000
17		41	1118.144598000
17		1358	1118.146263000
17		41	1118.189972000
17		1358	1118.191658000
17		41	1118.236417000
17		1358	1118.236776000
17		1358	1118.281411000
17		41	1118.281918000
17		1358	1118.325543000
17		41	1118.328561000
17		1358	1118.370351000
17		41	1118.374671000
17		1358	1118.415884000
17		1358	1118.451650000
17		1358	1118.486942000
17		1358	1118.523283000
17		1358	1118.558639000
17		1358	1118.595519000
17		1358	1118.631112000
17		1358	1118.667033000
17		1358	1118.702412000
17		1358	1118.738540000
17		1358	1118.774409000
17		41	1118.788402000
17		1358	1118.810570000
17		44	1118.834217000
17		33	1118.860966000
17		1358	1118.870512000
17		41	1118.926763000
17		1358	1118.928474000
17		41	1118.972833000
17		1358	1118.989923000
17		41	1119.018138000
17		1358	1119.048801000
17		41	1119.064403000
17		1358	1119.108491000
17		41	1119.110256000
17		41	1119.156674000
17		1358	1119.169958000
17		1358	1119.229729000
17		41	1119.248062000
17		1358	1119.288441000
17		1358	1119.333946000
17		41	1119.340466000
17		1358	1119.378485000
17		41	1119.386456000
17		1358	1119.423612000
17		1358	1119.467378000
17		41	1119.477898000
17		1358	1119.513071000
17		41	1119.524514000
17		1358	1119.558133000
17		41	1119.570132000
17		1358	1119.603571000
17		1358	1119.648088000
17		41	1119.662800000
17		1358	1119.692466000
17		41	1119.708254000
17		1358	1119.738603000
17		1358	1119.782549000
17		41	1119.799840000
17		1358	1119.828065000
17		41	1119.846347000
17		1358	1119.874002000
17		41	1119.938218000
17		1358	1119.939875000
17		41	1120.030085000
17		1358	1120.031819000
17		41	1120.076005000
17		1358	1120.077704000
17		46	1120.168066000
17		1358	1120.169801000
17		41	1120.260006000
17		1358	1120.261691000
17		41	1120.305982000
17		1358	1120.307685000
17		41	1120.352208000
17		1358	1120.353868000
17		41	1120.444546000
17		1358	1120.446233000
17		41	1120.490471000
17		1358	1120.492132000
17		41	1120.582319000
17		1358	1120.584935000
17		41	1120.628405000
17		1358	1120.630086000
17		41	1120.674095000
17		1358	1120.675793000
17		41	1120.765905000
17		1358	1120.767654000
17		41	1120.811875000
17		1358	1120.813538000
17		41	1120.858634000
17		1358	1120.860301000
17		41	1120.950496000
17		1358	1120.952193000
17		41	1120.996436000
17		1358	1120.998171000
17		41	1121.042354000
17		1358	1121.044173000
17		41	1121.088357000
17		1358	1121.090022000
17		41	1121.134497000
17		1358	1121.136172000
17		41	1121.180125000
17		1358	1121.181899000
17		41	1121.318308000
17		1358	1121.320006000
17		41	1121.364151000
17		1358	1121.365879000
17		46	1121.410120000
17		1358	1121.412366000
17		41	1121.548629000
17		1358	1121.550299000
17		41	1121.593865000
17		1358	1121.595595000
17		41	1121.639837000
17		1358	1121.641567000
17		41	1121.685987000
17		1358	1121.687708000
17		41	1121.777890000
17		1358	1121.779565000
17		41	1121.869828000
17		1358	1121.871520000
17		41	1121.961860000
17		1358	1121.963536000
17		41	1122.054674000
17		1358	1122.056331000
17		41	1122.099870000
17		1358	1122.101650000
17		41	1122.191929000
17		1358	1122.193670000
17		41	1122.237833000
17		1358	1122.254466000
17		41	1122.284747000
17		1358	1122.315254000
17		41	1122.330232000
17		1358	1122.376010000
17		41	1122.376350000
17		41	1122.422068000
17		1358	1122.436451000
17		41	1122.468088000
17		1358	1122.496513000
17		41	1122.514632000
17		1358	1122.556520000
17		41	1122.560658000
17		41	1122.606571000
17		1358	1122.616712000
17		46	1122.652227000
17		1054	1122.660939000
17		41	1122.697910000
17		41	1122.743920000
17		41	1122.790091000
17		41	1122.836533000
17		41	1122.928625000
17		41	1122.973909000
17		41	1123.112087000
17		41	1123.157830000
17		41	1123.204528000
17		41	1123.250201000
6	0		1123.250224000
6	0		1123.251519000
17		41	1123.296480000
17		41	1123.388690000
17		41	1123.433804000
17		41	1123.480673000
17		41	1123.525846000
17		827	1123.572220000
17		36	1123.572925000
17		129	1123.573566000
17		1354	1123.573661000
17		1358	1123.573672000
17		1358	1123.573676000
17		1358	1123.573680000
17		1358	1123.573683000
17		1358	1123.573693000
17		1358	1123.573700000
17		1358	1123.573704000
17		1358	1123.573708000
17		1358	1123.624368000
17		1358	1123.673786000
17		1358	1123.724167000
17		1358	1123.774898000
17		1358	1123.824670000
17		1358	1123.874124000
17		44	1123.894421000
17		33	1123.921198000
17		1358	1123.924367000
17		41	1123.939985000
17		1358	1123.974140000
17		41	1123.986716000
17		1358	1124.025026000
17		41	1124.032740000
17		1358	1124.075722000
17		41	1124.078304000
17		41	1124.124682000
17		1358	1124.126378000
17		41	1124.170273000
17		1358	1124.177486000
17		41	1124.216694000
17		1358	1124.226431000
17		41	1124.262633000
17		1358	1124.276743000
17		1358	1124.328048000
17		41	1124.353824000
17		1358	1124.376836000
17		41	1124.400203000
17		1358	1124.427004000
17		1358	1124.476290000
17		41	1124.492244000
17		1358	1124.526553000
17		41	1124.538399000
17		1358	1124.577229000
17		41	1124.630373000
17		1358	1124.632362000
17		41	1124.676246000
17		1358	1124.683494000
17		41	1124.768744000
17		1358	1124.769992000
17		41	1124.814616000
17		1358	1124.820149000
17		41	1124.860115000
17		1358	1124.871077000
17		41	1124.952695000
17		1358	1124.954379000
17		41	1124.998136000
17		1358	1124.999640000
17		46	1125.090627000
17		1358	1125.092362000
17		41	1125.135929000
17		1358	1125.137906000
17		1358	1125.182228000
17		1358	1125.185215000
17		630	1125.185225000
17		83	1125.228223000
17		577	1125.228257000
17		116	1125.228267000
17		116	1125.228274000
17		117	1125.228280000
17		103	1125.228285000
17		41	1125.228290000
17		1358	1125.229963000
17		40	1125.230148000
17		1354	1125.231177000
17		1358	1125.231195000
17		1358	1125.231199000
17		1358	1125.231203000
17		1358	1125.231207000
17		1358	1125.231212000
17		1358	1125.241647000
17		1358	1125.252065000
17		1358	1125.261715000
17		1358	1125.271833000
17		41	1125.274175000
17		1358	1125.282230000
17		1358	1125.292415000
17		1358	1125.298041000
17		1358	1125.301965000
17		1358	1125.312175000
6	0		1125.320275000
6	0		1125.320864000
17		1358	1125.321747000
17		1358	1125.331740000
17		1358	1125.341534000
17		1358	1125.351448000
17		1358	1125.362016000
17		41	1125.366235000
17		1358	1125.367924000
17		1358	1125.372053000
17		1358	1125.381665000
17		1358	1125.392529000
17		1358	1125.401491000
17		1358	1125.412169000
17		41	1125.412324000
17		1358	1125.422400000
17		1358	1125.431796000
17		1358	1125.435444000
17		1358	1125.442364000
17		1358	1125.451528000
17		1358	1125.462246000
17		1358	1125.471747000
17		1358	1125.481880000
17		1358	1125.492657000
17		1358	1125.502167000
17		41	1125.504541000
17		1358	1125.506225000
17		1358	1125.512582000
17		41	1125.595790000
17		1358	1125.597485000
17		1358	1125.648050000
17		41	1125.688709000
17		1358	1125.698402000
17		41	1125.734237000
17		1358	1125.749065000
17		41	1125.872716000
17		1358	1125.873848000
17		41	1125.918490000
17		1358	1125.925571000
17		41	1126.009968000
17		1358	1126.012038000
17		41	1126.102085000
17		1358	1126.103709000
17		41	1126.193874000
17		1358	1126.195556000
17		41	1126.239875000
17		1358	1126.246386000
17		1358	1126.296608000
17		86	1126.332630000
17		41	1126.332656000
17		101	1126.333993000
17		1358	1126.336376000
17		41	1126.378436000
17		1358	1126.379744000
17		41	1126.424000000
17		41	1126.424024000
17		1358	1126.425694000
17		43	1126.470323000
17		1358	1126.471740000
17		1358	1126.505737000
17		41	1126.515922000
17		1358	1126.538669000
17		41	1126.562376000
17		1358	1126.572618000
17		1358	1126.605671000
17		41	1126.607958000
17		1358	1126.638544000
17		41	1126.653855000
17		1358	1126.671530000
17		44	1126.700257000
17		1358	1126.705053000
17		1358	1126.738471000
17		1358	1126.771217000
17		41	1126.792530000
17		1358	1126.805044000
17		1358	1126.838013000
17		41	1126.838597000
17		1358	1126.870780000
17		41	1126.884294000
17		1358	1126.903999000
17		41	1126.930309000
17		1358	1126.938070000
17		1358	1126.971341000
17		41	1126.976215000
17		1358	1127.003966000
17		41	1127.022692000
17		1358	1127.024146000
17		1358	1127.037112000
17		41	1127.068173000
17		1358	1127.069523000
17		1358	1127.104191000
17		41	1127.113900000
17		1229	1127.136726000
17		41	1127.159777000
17		1358	1127.166645000
17		1358	1127.200235000
17		41	1127.206835000
17		1358	1127.233109000
17		41	1127.252692000
17		1358	1127.267099000
17		41	1127.298229000
17		1358	1127.299515000
17		1358	1127.333621000
17		41	1127.344316000
17		1358	1127.346067000
17		1358	1127.366446000
17		41	1127.390959000
17		1358	1127.399332000
17		1358	1127.432881000
17		41	1127.436494000
17		1358	1127.465532000
17		41	1127.482043000
17		1358	1127.499363000
17		41	1127.528634000
17		1358	1127.532066000
17		1358	1127.565305000
17		41	1127.574561000
17		1358	1127.598812000
17		43	1127.620542000
17		1358	1127.632088000
17		1358	1127.663729000
17		41	1127.666438000
17		1358	1127.668121000
17		658	1127.694931000
17		41	1127.711842000
17		41	1127.757985000
17		41	1127.850337000
17		41	1127.896493000
17		41	1127.942422000
17		41	1127.988645000
17		41	1128.034039000
17		46	1128.126311000
17		1358	1128.128125000
17		41	1128.172390000
17		41	1128.218677000
17		1358	1128.220347000
17		41	1128.264395000
17		1358	1128.266149000
17		41	1128.356358000
17		1358	1128.358201000
17		114	1128.402301000
17		41	1128.402348000
17		35	1128.403803000
17		1358	1128.403834000
17		41	1128.539781000
17		1358	1128.541459000
17		41	1128.586016000
17		1358	1128.609624000
17		41	1128.631907000
17		1358	1128.677706000
17		41	1128.769834000
17		1358	1128.771554000
17		41	1128.815897000
17		1358	1128.838429000
17		41	1128.862567000
17		1358	1128.905711000
17		41	1128.908028000
17		1358	1128.956220000
17		41	1129.000529000
17		41	1129.046565000
17		41	1129.092647000
17		1358	1129.094412000
17		41	1129.138940000
17		41	1129.184747000
17		41	1129.230633000
17		41	1129.275808000
17		41	1129.322167000
17		41	1129.367947000
17		43	1129.414228000
17		35	1129.440659000
17		41	1129.460268000
17		41	1129.506417000
17		41	1129.551976000
17		41	1129.597995000
17		41	1129.644198000
17		41	1129.690070000
17		41	1129.736200000
17		41	1129.782323000
17		41	1129.874672000
17		41	1129.920339000
17		1358	1129.922078000
17		41	1129.965907000
17		41	1130.012137000
17		41	1130.058485000
17		44	1130.104283000
17		36	1130.131473000
17		41	1130.149835000
17		41	1130.196372000
17		41	1130.196397000
17		35	1130.198110000
17		41	1130.242603000
17		41	1130.288111000
17		41	1130.334180000
17		41	1130.380393000
17		1358	1130.382159000
17		41	1130.425886000
17		41	1130.472066000
17		41	1130.517974000
17		41	1130.564342000
17		41	1130.610678000
17		42	1130.656620000
17		42	1130.702781000
17		41	1130.748163000
17		41	1130.794036000
17		41	1130.840122000
17		41	1130.840150000
17		1358	1130.842605000
17		41	1130.978146000
17		1358	1130.979980000
17		41	1131.070171000
17		1358	1131.071901000
17		41	1131.116151000
17		1358	1131.123500000
17		41	1131.207849000
17		1358	1131.209555000
17		41	1131.254042000
17		1358	1131.260440000
17		41	1131.391929000
17		1358	1131.393672000
17		41	1131.437900000
17		1358	1131.444700000
17		41	1131.484770000
17		1358	1131.495999000
17		41	1131.530727000
17		1358	1131.547386000
17		41	1131.576039000
17		1358	1131.597133000
17		41	1131.622487000
17		1358	1131.647316000
17		41	1131.668472000
17		1358	1131.696491000
17		41	1131.714509000
17		1358	1131.747355000
17		41	1131.760463000
17		1358	1131.796581000
17		41	1131.806375000
17		1358	1131.846888000
17		41	1131.852138000
17		1358	1131.896958000
17		41	1131.944330000
17		1358	1131.946135000
17		1358	1131.986201000
17		46	1131.990281000
17		33	1132.017481000
17		1358	1132.026451000
17		41	1132.082925000
17		1358	1132.084157000
17		41	1132.128397000
17		1358	1132.129712000
17		41	1132.219966000
17		41	1132.266019000
17		1358	1132.267744000
17		41	1132.311943000
17		1358	1132.341503000
17		41	1132.358338000
17		41	1132.404593000
17		1358	1132.415645000
17		41	1132.449892000
17		1358	1132.489686000
17		41	1132.495918000
17		41	1132.541869000
17		1358	1132.562362000
17		41	1132.588422000
17		41	1132.634630000
17		1358	1132.636386000
17		41	1132.680408000
17		1358	1132.689032000
17		41	1132.726383000
17		1358	1132.743889000
17		1358	1132.799436000
17		41	1132.818000000
17		1358	1132.853077000
17		41	1132.865164000
17		1358	1132.908237000
17		41	1132.956313000
17		1358	1132.961979000
17		41	1133.002241000
17		1358	1133.017603000
17		1358	1133.071180000
17		41	1133.093801000
17		1358	1133.126433000
17		1358	1133.181624000
17		46	1133.185884000
17		33	1133.212535000
17		1358	1133.235099000
17		41	1133.278776000
17		540	1133.290062000
17		41	1133.324290000
17		41	1133.416011000
17		41	1133.462620000
17		41	1133.508256000
17		41	1133.600048000
17		41	1133.645875000
17		41	1133.738269000
17		41	1133.783899000
17		41	1133.875971000
17		41	1133.921928000
17		41	1134.014541000
17		41	1134.060514000
17		910	1134.106045000
17		36	1134.106914000
17		130	1134.107524000
17		1358	1134.114378000
17		41	1134.152132000
17		1358	1134.170426000
17		41	1134.198332000
17		1358	1134.224795000
17		1358	1134.279444000
17		1358	1134.332818000
17		1358	1134.388478000
17		1358	1134.442777000
17		1358	1134.497878000
17		44	1134.520211000
17		33	1134.547299000
17		1358	1134.552856000
17		41	1134.565979000
17		1358	1134.606432000
17		41	1134.657865000
17		1358	1134.659577000
17		1358	1134.714995000
17		41	1134.750567000
17		1358	1134.770342000
17		41	1134.795912000
6	560		1134.795953000
6	39		1134.795963000
6	0		1134.798095000
6	0		1134.798118000
6	39		1134.798122000
6	69		1134.801087000
6	70		1134.807243000
17		1358	1134.824227000
17		1358	1134.879171000
17		41	1134.888469000
17		41	1134.934053000
17		1358	1134.934937000
17		1358	1134.988513000
17		41	1135.026192000
17		1358	1135.043722000
17		41	1135.072632000
17		1358	1135.097948000
17		1358	1135.152561000
17		41	1135.164285000
17		1358	1135.206973000
17		41	1135.210217000
17		1358	1135.261647000
17		41	1135.301903000
17		1358	1135.316892000
6	0		1135.348922000
17		1358	1135.370699000
6	0		1135.394581000
6	0		1135.394606000
6	39		1135.394610000
6	0		1135.400775000
17		1358	1135.425789000
17		41	1135.440258000
17		1358	1135.479274000
17		41	1135.486009000
17		41	1135.532692000
17		1358	1135.534375000
17		1358	1135.588548000
17		41	1135.624615000
17		1358	1135.643311000
17		41	1135.670355000
17		1358	1135.698362000
17		1358	1135.752444000
17		41	1135.762624000
17		1358	1135.807666000
17		41	1135.853795000
17		1358	1135.861503000
17		41	1135.899942000
17		1358	1135.917161000
17		1358	1135.970598000
17		46	1135.992313000
17		33	1136.018529000
17		1358	1136.026237000
17		41	1136.037884000
17		1358	1136.079961000
17		41	1136.130096000
17		1358	1136.135279000
17		41	1136.176032000
17		1358	1136.189552000
17		41	1136.222400000
17		1358	1136.244334000
17		41	1136.268691000
17		1358	1136.298959000
17		41	1136.314675000
17		1358	1136.342720000
17		41	1136.360130000
17		1358	1136.386349000
17		1358	1136.430168000
17		41	1136.452227000
17		1358	1136.472987000
17		41	1136.497810000
17		1358	1136.517551000
17		1358	1136.560553000
17		41	1136.590611000
17		1358	1136.604341000
17		41	1136.636764000
17		1358	1136.648440000
17		1358	1136.691116000
17		41	1136.728716000
17		1358	1136.735421000
17		41	1136.774386000
17		1358	1136.808242000
17		41	1136.866474000
17		1358	1136.880716000
17		1358	1136.954139000
17		41	1136.958388000
17		41	1137.003918000
17		1358	1137.026863000
17		41	1137.096246000
17		1358	1137.097941000
17		41	1137.142477000
17		1358	1137.172204000
17		1358	1137.226113000
17		41	1137.234351000
17		46	1137.280176000
17		1358	1137.281991000
17		41	1137.326235000
17		1358	1137.336054000
17		1358	1137.390785000
17		41	1137.418227000
17		1358	1137.445481000
17		41	1137.464091000
17		1358	1137.499355000
17		1358	1137.554673000
17		41	1137.555950000
17		1358	1137.608555000
17		41	1137.648035000
17		1358	1137.664220000
17		41	1137.694768000
17		1358	1137.718870000
17		41	1137.740442000
17		1358	1137.773400000
17		1358	1137.827806000
17		41	1137.832045000
17		1358	1137.882872000
17		41	1137.924405000
17		1358	1137.938359000
17		41	1137.970415000
17		1358	1137.993384000
17		41	1138.062791000
17		1358	1138.064626000
17		41	1138.153872000
17		1358	1138.155613000
17		41	1138.200472000
17		1358	1138.210487000
17		41	1138.246090000
17		1358	1138.266088000
17		41	1138.292685000
17		1358	1138.321761000
17		41	1138.338092000
17		1358	1138.377218000
17		41	1138.430755000
17		1358	1138.432970000
17		41	1138.521965000
17		1087	1138.523695000
17		41	1138.568543000
17		46	1138.614086000
17		33	1138.640803000
17		41	1138.706536000
17		41	1138.798352000
17		41	1138.843878000
17		41	1138.890152000
17		41	1138.982371000
17		41	1139.073943000
17		41	1139.119921000
17		41	1139.166059000
17		41	1139.258344000
17		41	1139.349842000
17		41	1139.396668000
17		41	1139.441829000
17		41	1139.488226000
17		41	1139.534124000
17		910	1139.626870000
17		36	1139.627674000
17		130	1139.628431000
17		1354	1139.628437000
17		1358	1139.628452000
17		1358	1139.628459000
17		1358	1139.628481000
17		1358	1139.628485000
17		1358	1139.628489000
17		1358	1139.628493000
17		1358	1139.628497000
17		1358	1139.628500000
17		1358	1139.684517000
17		1358	1139.738894000
17		1358	1139.793932000
17		1358	1139.847913000
17		1358	1139.902845000
17		1358	1139.957920000
17		1358	1140.011207000
17		1358	1140.067079000
17		44	1140.090249000
17		33	1140.117023000
17		1358	1140.121818000
17		41	1140.152351000
17		1358	1140.164053000
17		41	1140.213998000
17		1358	1140.215698000
17		41	1140.276159000
17		1358	1140.277778000
17		41	1140.337841000
17		1358	1140.339138000
17		41	1140.400775000
17		1358	1140.401488000
17		41	1140.462545000
17		1358	1140.464230000
17		1358	1140.508934000
17		41	1140.524645000
17		1358	1140.553124000
17		41	1140.586146000
17		1358	1140.626799000
17		41	1140.709994000
17		1358	1140.711615000
17		41	1140.771907000
17		1358	1140.784628000
17		41	1140.895888000
17		1358	1140.897615000
17		41	1140.958236000
17		1358	1140.971569000
17		41	1141.020700000
17		1358	1141.027162000
17		41	1141.081884000
17		1358	1141.083641000
17		41	1141.144426000
17		1358	1141.146214000
17		41	1141.268529000
17		1358	1141.270067000
17		1358	1141.326073000
17		41	1141.391850000
17		41	1141.453965000
17		1358	1141.455685000
17		41	1141.516114000
17		1358	1141.518102000
17		46	1141.578652000
17		1358	1141.580338000
17		41	1141.640440000
17		1358	1141.642132000
17		41	1141.702125000
17		1358	1141.703783000
17		41	1141.764538000
17		1358	1141.766250000
17		41	1141.825893000
6	131		1141.825923000
6	0		1141.827354000
17		1358	1141.827465000
6	1305		1141.888145000
17		41	1141.888178000
6	0		1141.889474000
17		1358	1141.889901000
6	68		1141.893807000
6	93		1141.895450000
6	39		1141.899938000
17		41	1141.950587000
17		1358	1141.952314000
17		41	1142.011812000
17		1358	1142.013632000
17		41	1142.136608000
17		1358	1142.138362000
17		41	1142.197975000
17		1358	1142.199695000
17		41	1142.260412000
17		1358	1142.262114000
17		41	1142.322858000
17		1358	1142.324611000
17		41	1142.384267000
17		1358	1142.385331000
17		41	1142.446861000
17		1358	1142.448963000
17		41	1142.508539000
17		1358	1142.510267000
17		41	1142.693893000
17		1358	1142.695364000
17		41	1142.817823000
17		1358	1142.819384000
17		41	1142.880679000
17		1358	1142.882407000
17		41	1142.942673000
17		1358	1142.944412000
17		41	1143.004714000
17		1358	1143.006090000
17		46	1143.128274000
17		1358	1143.129976000
17		41	1143.252705000
17		1358	1143.254362000
6	0		1143.313996000
6	39		1143.314022000
17		41	1143.314031000
17		1358	1143.315285000
6	0		1143.320733000
17		41	1143.437999000
17		1358	1143.439739000
17		41	1143.500100000
17		1358	1143.502196000
17		41	1143.686245000
17		1358	1143.688012000
17		41	1143.748779000
17		1358	1143.750451000
17		41	1143.810315000
17		1358	1143.811979000
17		41	1143.872590000
17		1358	1143.874273000
17		41	1143.934694000
17		1358	1143.935956000
17		41	1143.996724000
17		1358	1143.998543000
17		41	1144.058147000
17		1358	1144.059857000
17		41	1144.182015000
17		1358	1144.183725000
17		41	1144.244210000
17		1358	1144.263745000
17		41	1144.305993000
17		1358	1144.344263000
17		41	1144.430406000
17		1358	1144.432172000
17		41	1144.554259000
17		41	1144.616500000
17		41	1144.801823000
17		41	1144.864733000
17		46	1144.926696000
17		33	1144.953466000
17		41	1144.988170000
17		41	1145.112045000
17		41	1145.173966000
17		41	1145.298368000
17		41	1145.422674000
17		41	1145.484338000
17		41	1145.546322000
17		41	1145.608980000
17		1358	1145.609995000
17		41	1145.794652000
17		1358	1145.796356000
17		41	1145.918736000
17		1358	1145.920352000
17		41	1145.979936000
17		1358	1145.981215000
17		1358	1146.041121000
17		41	1146.290756000
17		1358	1146.292192000
17		41	1146.351971000
17		1358	1146.353671000
17		1358	1146.411341000
17		41	1146.414481000
17		1358	1146.470309000
17		41	1146.476946000
17		1358	1146.529584000
17		41	1146.538167000
17		1358	1146.589307000
17		41	1146.600946000
17		1358	1146.647585000
17		41	1146.662723000
17		724	1146.707106000
17		41	1146.724144000
17		46	1146.786235000
6	671		1146.786271000
6	0		1146.787498000
6	67		1146.790704000
6	31		1146.792181000
6	39		1146.793688000
17		33	1146.812450000
17		41	1146.848731000
17		41	1146.910661000
6	0		1146.972324000
6	39		1146.972329000
17		827	1146.972338000
17		36	1146.973136000
17		131	1146.973735000
17		1354	1146.973867000
17		1358	1146.973877000
17		1358	1146.973882000
17		1358	1146.973886000
17		1358	1146.973890000
17		1358	1146.973894000
17		1358	1146.973898000
17		1358	1146.973902000
17		1358	1146.973906000
6	0		1146.978729000
17		1358	1147.034271000
17		1358	1147.094255000
17		1358	1147.153102000
17		41	1147.592768000
17		44	1147.654218000
17		41	1147.654244000
17		1358	1147.655933000
17		41	1147.716001000
17		1358	1147.717668000
17		41	1147.778305000
17		1358	1147.779977000
17		41	1147.839930000
17		1358	1147.841599000
17		41	1147.902675000
17		1358	1147.904433000
17		41	1147.964190000
17		1358	1147.965930000
17		41	1148.026598000
17		1358	1148.028306000
17		41	1148.088141000
17		1358	1148.089869000
17		41	1148.150299000
17		1358	1148.152416000
17		41	1148.212177000
17		1358	1148.213928000
17		41	1148.274402000
17		1358	1148.294228000
17		41	1148.460489000
17		1358	1148.462311000
17		41	1149.390263000
17		35	1149.391921000
17		41	1149.576221000
17		41	1149.637847000
17		41	1149.700114000
17		1358	1149.701760000
17		41	1149.762708000
17		1358	1149.764397000
17		41	1149.823931000
17		1358	1149.825595000
17		41	1149.886686000
17		1358	1149.888364000
17		41	1149.947968000
17		1358	1149.949690000
17		41	1150.010353000
17		1358	1150.012043000
17		41	1150.071957000
17		1358	1150.074905000
17		41	1150.134151000
17		1358	1150.135890000
17		1358	1150.199435000
17		1358	1150.260553000
17		41	1150.320359000
17		1358	1150.322092000
17		41	1151.497832000
17		1358	1151.499231000
17		41	1151.560769000
17		1358	1151.562459000
17		41	1151.622422000
17		1358	1151.624100000
17		41	1151.684706000
17		1358	1151.686395000
17		41	1151.746361000
17		1358	1151.748042000
17		41	1151.808530000
17		1358	1151.810210000
17		41	1151.870734000
17		1358	1151.872432000
17		41	1151.932421000
17		1358	1151.934191000
17		1358	1151.997419000
17		46	1152.056499000
17		1358	1152.058240000
17		41	1152.180373000
17		1358	1152.182356000
17		41	1153.296094000
17		1358	1153.297828000
17		41	1153.358279000
17		1358	1153.359802000
17		41	1153.420465000
17		1358	1153.422210000
17		41	1153.482483000
17		1358	1153.484214000
17		41	1153.543831000
17		1358	1153.545566000
17		41	1153.606766000
17		1358	1153.608497000
17		41	1153.668256000
17		1358	1153.692848000
17		41	1153.730134000
17		1358	1153.776418000
17		41	1153.854088000
17		1358	1153.859811000
17		41	1153.916159000
17		1358	1153.942825000
17		41	1153.978297000
6	0		1153.978338000
6	0		1153.988819000
17		1358	1154.005421000
17		41	1154.164020000
17		1358	1154.165781000
17		1358	1154.227891000
17		41	1154.288058000
17		1358	1154.289776000
17		41	1154.350594000
17		1358	1154.352325000
17		41	1154.412185000
17		1358	1154.413541000
17		41	1154.474288000
17		1358	1154.476576000
17		41	1154.536600000
17		1358	1154.538123000
17		41	1154.598229000
17		1358	1154.600286000
17		46	1154.660526000
17		1358	1154.662243000
17		41	1154.722672000
17		1358	1154.724377000
17		41	1154.846621000
17		1358	1154.848330000
17		41	1155.279936000
17		977	1155.281383000
17		41	1155.652369000
17		41	1156.086384000
17		41	1156.148483000
17		41	1156.210735000
17		41	1156.333971000
17		41	1156.396209000
17		41	1156.458435000
17		41	1156.520120000
17		41	1156.582313000
17		910	1157.016639000
17		36	1157.017476000
17		134	1157.018191000
17		1354	1157.018235000
17		1358	1157.018241000
17		1358	1157.018247000
17		1358	1157.081844000
17		1358	1157.142765000
17		44	1157.884356000
17		1358	1157.885986000
17		41	1157.946790000
17		1358	1157.948511000
17		41	1158.008421000
17		1358	1158.010143000
17		41	1158.070015000
17		1358	1158.071738000
17		41	1158.132071000
17		1358	1158.133242000
17		41	1158.194322000
17		1358	1158.196030000
17		1358	1158.258467000
17		1358	1158.319735000
17		1358	1158.382395000
17		1358	1158.443954000
17		1358	1158.505686000
17		1358	1158.567514000
17		1358	1158.629695000
17		1358	1158.691751000
17		1358	1158.753428000
17		41	1158.814526000
17		1358	1158.814638000
17		1358	1158.877408000
17		41	1158.938102000
17		1358	1158.939814000
17		1358	1159.002517000
17		41	1159.062629000
17		1358	1159.064317000
17		41	1159.123861000
17		1358	1159.125587000
17		1358	1159.187789000
17		41	1159.248201000
17		1358	1159.250664000
17		1358	1159.311773000
17		41	1159.371859000
17		1358	1159.373594000
17		1358	1159.435750000
17		41	1159.496013000
17		1358	1159.497728000
17		1358	1159.558431000
17		41	1159.558612000
17		1358	1159.621622000
17		41	1159.682634000
17		1358	1159.682666000
17		41	1159.744366000
17		1358	1159.744941000
17		1358	1159.806506000
17		1358	1159.868083000
17		1358	1159.930475000
17		41	1159.930579000
17		1358	1159.992421000
17		41	1160.054244000
17		1358	1160.054635000
17		1358	1160.116037000
17		41	1160.178300000
17		1358	1160.178562000
17		1358	1160.239803000
17		993	1160.301213000
17		41	1160.302347000
17		46	1160.426638000
17		33	1160.453403000
17		41	1160.549928000
17		41	1160.674246000
17		41	1160.736441000
17		41	1160.860677000
17		41	1160.984108000
17		41	1161.108388000
17		41	1161.232770000
17		41	1161.356143000
17		41	1161.480508000
17		41	1161.604698000
17		41	1161.728078000
17		41	1161.852485000
17		41	1161.975888000
17		41	1162.099924000
17		41	1162.162318000
6	0		1162.162359000
6	0		1162.172725000
17		41	1162.286195000
17		41	1162.410327000
17		41	1162.472511000
17		41	1162.596455000
17		46	1162.658190000
17		33	1162.684515000
17		41	1162.781972000
17		41	1162.906743000
17		910	1162.968062000
17		36	1162.968827000
17		1358	1162.969707000
17		1358	1162.969734000
17		1358	1162.969738000
17		1358	1162.969742000
17		1358	1162.969746000
17		1358	1162.969755000
17		1358	1162.969758000
17		1358	1162.969763000
17		1358	1162.969767000
17		1358	1162.969772000
17		1358	1163.020052000
17		1358	1163.069718000
17		1358	1163.119370000
17		1358	1163.168417000
17		1358	1163.217888000
17		1358	1163.267157000
17		41	1163.278090000
17		44	1163.340292000
17		33	1163.367174000
17		41	1163.402509000
17		41	1163.464253000
17		41	1163.526323000
17		1358	1163.528069000
17		41	1163.588367000
17		1358	1163.590127000
17		41	1163.650405000
17		1358	1163.652148000
17		41	1163.712268000
17		1358	1163.713965000
17		41	1163.774648000
17		1358	1163.776332000
17		41	1163.836373000
17		1358	1163.837479000
17		41	1163.898118000
17		1358	1163.899184000
17		1358	1163.962461000
17		41	1164.084466000
17		1358	1164.086181000
17		41	1164.146119000
17		1358	1164.147837000
17		41	1164.270414000
17		1358	1164.272180000
17		41	1164.332763000
17		1358	1164.334510000
17		41	1164.456219000
17		1358	1164.457310000
17		41	1164.766809000
6	559		1164.827889000
6	39		1164.827929000
17		41	1164.827952000
6	0		1164.829207000
6	0		1164.829289000
6	39		1164.829490000
6	69		1164.831430000
6	31		1164.831922000
6	39		1164.832441000
17		41	1164.890614000
17		41	1165.014138000
17		41	1165.138701000
17		1358	1165.140371000
17		46	1165.261824000
17		1358	1165.263522000
17		41	1165.386263000
17		1358	1165.387989000
17		41	1165.448085000
17		1358	1165.483730000
17		41	1165.634259000
17		1358	1165.636002000
17		41	1165.757859000
17		1358	1165.759614000
17		41	1165.944527000
17		1358	1165.946009000
17		41	1166.068156000
17		1358	1166.069951000
17		41	1166.192435000
17		1358	1166.194234000
6	0		1166.378127000
6	0		1166.440648000
6	0		1166.440654000
6	0		1166.440660000
6	39		1166.440664000
6	0		1166.446805000
17		41	1166.625813000
17		1358	1166.627577000
17		41	1166.750618000
17		1358	1166.755343000
17		41	1166.812415000
17		41	1166.874547000
17		1358	1166.882756000
17		1358	1167.010360000
17		41	1167.060741000
17		1358	1167.138437000
17		41	1167.245801000
17		1358	1167.247508000
17		41	1167.308270000
17		1358	1167.343622000
17		41	1167.370169000
17		1358	1167.440171000
17		41	1167.494327000
17		1358	1167.536916000
17		41	1167.866141000
17		672	1167.867909000
17		41	1167.990085000
17		41	1168.114018000
17		46	1168.238609000
17		33	1168.264988000
17		41	1168.361885000
17		41	1168.548237000
17		41	1168.610265000
17		829	1168.672709000
17		36	1168.673505000
17		1358	1168.676458000
17		41	1168.734318000
6	0		1168.734368000
6	0		1168.735730000
17		1358	1168.772990000
17		1358	1168.868225000
17		1358	1168.963657000
17		41	1168.982408000
17		1358	1169.058001000
17		1358	1169.154784000
17		1358	1169.249485000
17		1358	1169.344336000
17		41	1169.354655000
17		44	1169.416425000
17		1358	1169.441008000
17		41	1169.478062000
17		1358	1169.517491000
17		41	1169.540753000
17		1358	1169.592500000
17		41	1169.602082000
17		41	1169.664706000
17		1358	1169.668537000
17		41	1169.726719000
17		1358	1169.796589000
17		41	1169.850344000
17		1358	1169.923558000
17		41	1169.973994000
17		41	1170.036365000
17		1358	1170.050425000
17		1358	1170.145723000
17		41	1170.159952000
17		41	1170.222317000
17		1358	1170.241288000
17		41	1170.284579000
17		1358	1170.331525000
17		41	1170.346430000
17		1358	1170.420659000
17		1358	1170.509197000
17		41	1170.532797000
17		1358	1170.597380000
17		1358	1170.685460000
17		41	1170.718465000
17		1358	1170.774287000
17		41	1170.842108000
17		1358	1170.862477000
17		1358	1170.951605000
17		41	1170.966074000
17		1358	1171.039566000
17		1358	1171.128344000
17		41	1171.152445000
17		41	1171.213830000
17		1358	1171.215733000
17		1358	1171.306015000
17		41	1171.338380000
17		1358	1171.394647000
17		46	1171.462049000
17		1358	1171.484443000
17		41	1171.586293000
17		1358	1171.588207000
17		41	1171.709941000
17		1358	1171.710561000
17		41	1171.834067000
17		1358	1171.835789000
17		41	1171.958321000
17		1358	1171.959491000
17		41	1172.020183000
17		1358	1172.049734000
6	0		1172.082406000
6	0		1172.083020000
17		41	1172.144176000
17		1358	1172.145843000
17		41	1172.268265000
17		1358	1172.269970000
17		41	1172.330238000
17		1358	1172.342166000
17		41	1172.392557000
17		1358	1172.413864000
17		41	1172.516411000
17		1358	1172.518835000
17		41	1172.640542000
17		1358	1172.642096000
17		41	1172.826205000
17		1358	1172.827925000
17		41	1172.950313000
17		1358	1172.952017000
17		41	1173.135978000
17		1358	1173.137736000
17		41	1173.260111000
17		1358	1173.261873000
17		41	1173.384373000
17		41	1173.508634000
17		41	1173.570052000
17		41	1173.694236000
17		46	1173.818221000
17		33	1173.844257000
17		41	1173.942520000
17		1358	1173.944240000
17		41	1174.128470000
17		1358	1174.129320000
17		41	1174.251936000
17		1358	1174.253420000
17		41	1174.438114000
17		746	1174.439811000
17		41	1174.561913000
17		41	1174.995875000
17		911	1175.120437000
17		36	1175.121165000
17		1358	1175.124415000
17		1358	1175.213357000
17		41	1175.244260000
17		1358	1175.302455000
17		1358	1175.390509000
17		41	1175.430054000
17		1358	1175.479504000
17		1358	1175.567534000
17		1358	1175.656093000
17		1358	1175.745039000
17		1358	1175.833432000
17		41	1175.864734000
17		1358	1175.922117000
17		44	1175.987862000
17		1358	1175.992949000
17		1358	1176.063704000
17		41	1176.111836000
17		1358	1176.134350000
17		41	1176.173951000
17		1358	1176.205849000
17		1358	1176.276052000
17		41	1176.298273000
17		1358	1176.346892000
17		1358	1176.417562000
17		41	1176.422347000
17		1358	1176.489253000
17		41	1176.546259000
17		1358	1176.559865000
17		1358	1176.630636000
17		41	1176.670051000
17		1358	1176.701068000
17		41	1176.794531000
17		1358	1176.819432000
17		41	1176.856152000
17		41	1176.918697000
17		1358	1176.938554000
17		41	1176.980303000
17		41	1177.041949000
17		1358	1177.055965000
17		41	1177.103971000
17		41	1177.166190000
17		1358	1177.167884000
17		41	1177.228520000
17		1358	1177.251173000
17		1358	1177.331757000
17		41	1177.352445000
17		1358	1177.411023000
17		41	1177.414118000
17		41	1177.476216000
17		1358	1177.491399000
17		1358	1177.566313000
17		41	1177.600581000
17		1358	1177.643231000
17		1358	1177.718977000
17		41	1177.724601000
17		46	1177.786268000
17		1358	1177.794294000
17		1358	1177.870746000
17		41	1177.910511000
17		1358	1177.945942000
17		41	1177.972200000
17		1358	1178.021398000
17		41	1178.034204000
17		41	1178.096176000
17		1358	1178.097897000
17		41	1178.158775000
17		1358	1178.170792000
17		41	1178.220669000
17		1358	1178.246386000
17		1358	1178.322345000
17		41	1178.344687000
17		1358	1178.398059000
17		41	1178.468408000
17		1358	1178.473704000
17		1358	1178.548364000
17		41	1178.592090000
17		1358	1178.623501000
17		1358	1178.698677000
17		41	1178.716701000
17		259	1178.774194000
17		41	1178.840369000
17		41	1178.963809000
17		41	1179.088656000
17		41	1179.212081000
17		41	1179.336342000
17		41	1179.460221000
17		41	1179.583952000
17		41	1179.646580000
17		41	1179.769976000
17		46	1179.894401000
17		33	1179.920656000
17		41	1180.018334000
17		911	1180.080551000
17		36	1180.081340000
17		142	1180.081953000
17		1353	1180.081975000
17		1358	1180.081980000
17		1358	1180.082021000
17		1358	1180.082029000
17		1358	1180.082033000
17		1358	1180.082038000
17		1358	1180.082041000
17		1358	1180.082045000
17		1358	1180.082049000
17		1358	1180.158124000
17		1358	1180.233783000
17		1358	1180.309677000
17		1358	1180.384538000
17		1358	1180.459955000
17		1358	1180.535059000
17		1358	1180.610829000
17		1358	1180.686502000
17		1358	1180.760027000
17		1358	1180.835640000
17		1358	1180.911905000
17		44	1180.948237000
17		33	1180.975355000
17		1358	1180.986575000
17		41	1181.010394000
17		1358	1181.062321000
17		41	1181.072571000
17		41	1181.134221000
17		1358	1181.135962000
17		41	1181.196516000
17		1358	1181.212123000
17		41	1181.258791000
17		1358	1181.288089000
17		41	1181.320366000
17		1358	1181.364047000
17		41	1181.382024000
17		1358	1181.439044000
17		41	1181.444526000
17		1358	1181.515116000
17		41	1181.568512000
17		1358	1181.589019000
17		1358	1181.664994000
17		41	1181.692729000
17		1358	1181.739959000
17		1358	1181.815281000
17		41	1181.816462000
17		41	1181.878823000
17		1358	1181.890637000
17		1358	1181.965457000
17		41	1182.001881000
17		1358	1182.041326000
17		41	1182.064482000
17		1358	1182.116538000
17		41	1182.188675000
17		1358	1182.190379000
17		1358	1182.267575000
17		41	1182.311860000
17		1358	1182.343481000
17		41	1182.373913000
17		35	1182.375595000
17		1358	1182.417890000
17		41	1182.436729000
17		1358	1182.493807000
17		41	1182.560002000
17		1358	1182.561706000
17		41	1182.684032000
17		1358	1182.685792000
17		41	1182.746175000
17		1358	1182.747858000
17		41	1182.870110000
17		1358	1182.871790000
17		41	1182.994163000
17		1358	1182.995176000
17		41	1183.056365000
17		1358	1183.058075000
17		41	1183.180580000
17		762	1183.182061000
17		41	1183.304439000
17		41	1183.427832000
17		41	1183.490072000
17		41	1183.614227000
17		41	1183.738694000
17		41	1183.861976000
17		41	1183.986467000
17		41	1183.986491000
17		37	1183.988684000
17		41	1184.109997000
17		41	1184.234229000
17		41	1184.358308000
17		41	1184.482171000
17		41	1184.605855000
17		41	1184.730256000
17		41	1184.791848000
17		41	1184.916264000
17		41	1185.039805000
17		41	1185.101948000
17		41	1185.164141000
17		41	1185.226446000
17		41	1185.288671000
17		828	1185.350621000
17		36	1185.351365000
17		140	1185.352140000
17		1353	1185.352229000
17		1358	1185.352239000
17		1358	1185.352246000
17		1358	1185.352251000
17		1358	1185.352257000
17		1358	1185.352262000
17		1358	1185.352268000
17		1358	1185.352273000
17		1358	1185.352280000
17		1358	1185.428051000
17		1358	1185.503905000
17		1358	1185.578889000
17		1358	1185.654881000
17		44	1185.659958000
17		33	1185.686303000
17		41	1185.722391000
17		41	1185.784502000
17		1358	1185.786184000
17		41	1185.846592000
17		1358	1185.848404000
17		41	1185.908154000
17		1358	1185.924687000
17		41	1185.969799000
17		1358	1186.000171000
17		41	1186.031897000
17		1358	1186.075958000
17		41	1186.094625000
17		1358	1186.151945000
17		41	1186.156616000
17		41	1186.218314000
17		1358	1186.227355000
17		1358	1186.302264000
17		41	1186.342582000
17		1358	1186.377842000
17		1358	1186.452763000
17		41	1186.466435000
17		1358	1186.528378000
17		41	1186.589904000
17		1358	1186.605072000
17		41	1186.714409000
17		1358	1186.716105000
6	668		1186.838407000
6	39		1186.838435000
17		41	1186.838443000
6	0		1186.839746000
6	0		1186.839774000
6	39		1186.839777000
17		1358	1186.840125000
6	67		1186.842461000
6	31		1186.842887000
6	39		1186.843340000
17		41	1186.962796000
17		1358	1186.964525000
17		41	1187.024298000
17		1358	1187.040547000
17		41	1187.148325000
17		1358	1187.150051000
17		41	1187.272274000
17		1358	1187.274056000
17		41	1187.334370000
17		1358	1187.336066000
17		46	1187.457792000
17		1358	1187.459507000
17		41	1187.582397000
17		1358	1187.584149000
17		41	1187.706227000
17		1358	1187.707985000
17		41	1187.830212000
17		1358	1187.831893000
17		41	1187.954151000
17		1358	1187.955914000
17		41	1188.078105000
17		1358	1188.079798000
6	0		1188.202285000
6	0		1188.264731000
6	0		1188.264754000
6	0		1188.264759000
6	39		1188.264763000
17		41	1188.264773000
17		1358	1188.266172000
6	0		1188.270456000
17		41	1188.449903000
17		1358	1188.451613000
17		41	1188.573910000
17		1358	1188.575580000
17		41	1188.635887000
17		1358	1188.652515000
17		41	1188.822373000
17		1358	1188.824085000
17		41	1188.884331000
17		1358	1188.900309000
17		41	1189.008739000
17		1358	1189.010459000
17		41	1189.132188000
17		1358	1189.134008000
17		41	1189.256529000
17		1358	1189.257787000
17		41	1189.442222000
17		1358	1189.443935000
17		41	1189.566479000
17		1358	1189.568182000
17		41	1189.690413000
17		1358	1189.692125000
17		41	1189.876421000
17		1358	1189.878176000
17		41	1190.000237000
17		1358	1190.002018000
17		46	1190.186592000
17		1358	1190.188326000
17		41	1190.247873000
17		1358	1190.290003000
17		41	1190.434472000
17		1358	1190.436174000
17		41	1190.558576000
17		1358	1190.559791000
17		41	1190.620060000
17		1358	1190.635921000
17		41	1190.806431000
17		1358	1190.808692000
17		41	1190.868046000
17		1358	1190.884600000
17		41	1191.054124000
17		1358	1191.055886000
17		41	1191.178818000
17		1358	1191.180567000
17		41	1191.240632000
17		1358	1191.256136000
17		41	1191.425916000
17		1358	1191.427635000
17		41	1191.612074000
17		1358	1191.613496000
17		41	1191.798102000
17		1358	1191.799877000
17		41	1191.922615000
17		1358	1191.924293000
17		41	1192.108725000
17		1358	1192.110457000
17		41	1192.170708000
17		1358	1192.186623000
17		41	1192.232359000
17		1358	1192.262751000
17		41	1192.294347000
17		1358	1192.338520000
17		41	1192.355974000
17		1358	1192.414688000
17		41	1192.418247000
17		46	1192.479951000
17		1358	1192.491100000
17		41	1192.542017000
17		1358	1192.568314000
17		41	1192.604383000
17		913	1192.629783000
17		41	1192.666195000
17		41	1192.852601000
17		41	1193.037944000
17		41	1193.100178000
17		41	1193.162249000
17		41	1193.224379000
17		41	1193.286275000
17		904	1193.286310000
17		33	1193.287366000
17		33	1193.287985000
17		1358	1193.289792000
17		41	1193.347935000
17		1358	1193.368323000
17		41	1193.410158000
17		1358	1193.445527000
17		1358	1193.522878000
17		1358	1193.600560000
17		1358	1193.678224000
17		1358	1193.755070000
17		1358	1193.834195000
17		41	1193.844304000
17		44	1193.906110000
17		1358	1193.911102000
17		41	1193.968392000
17		1358	1193.988847000
17		1358	1194.065650000
17		41	1194.092660000
17		1358	1194.143215000
17		41	1194.154005000
17		1358	1194.220368000
17		41	1194.278060000
17		1358	1194.297442000
17		1358	1194.375851000
17		41	1194.402567000
17		1358	1194.453199000
17		41	1194.526011000
17		1358	1194.530916000
17		1358	1194.608129000
17		41	1194.650635000
17		1358	1194.685641000
17		1358	1194.763066000
17		41	1194.773965000
6	634		1194.836369000
17		41	1194.836396000
6	0		1194.837359000
6	69		1194.840121000
17		1358	1194.840258000
6	31		1194.840590000
6	39		1194.841067000
17		1358	1194.918242000
17		41	1194.959938000
17		1358	1194.996497000
6	131		1195.021979000
6	697		1195.022011000
6	0		1195.023549000
6	68		1195.030457000
6	93		1195.030875000
17		41	1195.083896000
17		1358	1195.085734000
17		41	1195.208207000
17		1358	1195.210055000
17		41	1195.332570000
17		1358	1195.334354000
17		41	1195.394874000
17		1358	1195.412916000
17		41	1195.518641000
17		1358	1195.520418000
17		41	1195.642410000
17		1358	1195.644196000
17		41	1195.766476000
17		41	1195.890305000
17		41	1196.013902000
6	0		1196.076077000
6	0		1196.138283000
6	0		1196.138315000
6	39		1196.138324000
17		46	1196.138334000
6	0		1196.144828000
17		33	1196.165138000
17		41	1196.262394000
6	0		1196.293593000
6	0		1196.448038000
17		41	1196.448069000
17		41	1196.571898000
17		41	1196.695988000
17		1358	1196.697791000
17		41	1196.820315000
17		1358	1196.821703000
17		41	1196.882766000
17		1358	1196.900009000
17		41	1197.006257000
17		1358	1197.007996000
17		41	1197.068647000
17		1358	1197.086649000
6	0		1197.440361000
17		41	1197.750412000
17		1358	1197.752174000
17		1358	1197.830642000
17		1358	1197.907857000
17		41	1197.936236000
17		1358	1197.985214000
17		41	1197.998165000
17		41	1198.060609000
17		1358	1198.062327000
17		1358	1198.140708000
17		41	1198.184336000
17		1358	1198.218477000
17		1358	1198.295255000
17		1358	1198.372757000
17		1358	1198.450314000
17		1358	1198.528051000
17		1358	1198.606172000
17		41	1198.680350000
17		1358	1198.682124000
17		1358	1198.760206000
17		41	1198.804353000
17		1358	1198.837981000
17		41	1198.865902000
17		1358	1198.915093000
17		41	1198.990292000
17		1358	1198.992018000
17		41	1199.052079000
17		1358	1199.070243000
17		1358	1199.148821000
17		41	1199.176167000
17		1358	1199.225317000
17		46	1199.300518000
17		1358	1199.302331000
17		1358	1199.380752000
17		41	1199.425165000
17		1358	1199.458071000
17		1358	1199.535593000
17		41	1199.548452000
17		41	1199.609834000
17		1358	1199.611488000
17		1358	1199.690711000
17		1358	1199.767891000
17		1358	1199.845926000
17		41	1199.859538000
6	0		1199.859573000
6	0		1199.870403000
17		1358	1199.922440000
17		1358	1200.000794000
17		41	1200.046400000
17		1358	1200.077155000
17		1358	1200.155055000
17		1358	1200.233725000
6	0		1200.297250000
17		1358	1200.310967000
17		1358	1200.387797000
17		41	1200.420776000
17		41	1200.607379000
17		1358	1200.609109000
17		41	1200.794840000
17		1358	1200.796568000
17		41	1201.168353000
17		41	1201.168385000
17		1358	1201.170044000
17		41	1201.542335000
17		1358	1201.544550000
17		41	1201.916328000
17		1358	1201.918048000
17		41	1202.103141000
17		1358	1202.105099000
17		41	1202.290662000
17		1358	1202.292414000
17		41	1202.477537000
17		1358	1202.479306000
17		41	1202.664721000
17		1358	1202.666410000
17		41	1202.851791000
17		1358	1202.853496000
17		41	1203.038133000
17		1358	1203.039522000
17		1358	1203.146416000
17		41	1203.224958000
17		1358	1203.250867000
17		41	1203.412776000
17		1358	1203.414470000
17		41	1203.599729000
17		1358	1203.601809000
17		41	1203.785968000
17		1358	1203.787657000
17		41	1203.972975000
17		41	1203.973006000
17		1358	1203.974716000
17		41	1204.159824000
17		1358	1204.160512000
17		41	1204.347726000
17		1358	1204.349459000
17		41	1204.534394000
6	0		1204.534432000
17		1358	1204.535317000
17		41	1204.721014000
17		1358	1204.722717000
17		41	1204.908187000
17		1358	1204.909923000
17		41	1205.282385000
17		1358	1205.284102000
17		41	1205.469148000
17		1358	1205.470393000
17		41	1205.656043000
17		1358	1205.657687000
17		41	1206.030479000
17		1358	1206.032174000
17		41	1206.403965000
17		1358	1206.405697000
17		41	1206.590980000
17		1358	1206.593141000
17		41	1206.778534000
17		1358	1206.780237000
17		41	1206.965681000
17		1358	1206.967395000
17		41	1207.152224000
17		1358	1207.153984000
17		41	1207.339661000
17		1358	1207.340968000
17		41	1207.526211000
17		1358	1207.527652000
17		41	1207.713754000
17		1358	1207.715498000
17		41	1207.900100000
17		1358	1207.901875000
17		1358	1208.007337000
17		41	1208.087371000
6	0		1208.087404000
6	0		1208.097828000
17		1358	1208.113478000
17		46	1208.274665000
17		1358	1208.276357000
17		41	1208.461756000
17		1358	1208.463563000
17		41	1208.648751000
17		1358	1208.650820000
17		41	1208.835023000
17		41	1209.022065000
17		41	1209.209289000
17		41	1209.396531000
17		41	1210.144417000
17		41	1210.705130000
17		41	1211.079193000
17		41	1212.014389000
17		41	1212.949099000
17		1358	1213.135930000
17		1358	1213.148867000
17		1358	1213.148915000
17		1358	1213.148920000
17		1358	1213.148925000
17		214	1213.148929000
17		82	1213.323318000
17		1354	1213.323346000
17		53	1213.323352000
17		41	1213.510230000
17		41	1213.510238000
17		35	1213.512046000
17		41	1213.884038000
17		41	1214.445310000
17		41	1215.006133000
17		41	1215.567682000
17		41	1215.941365000
17		1358	1216.127970000
17		1358	1216.137558000
17		41	1216.315388000
17		41	1216.502291000
17		41	1216.688911000
17		1358	1216.690457000
17		41	1216.876010000
17		1358	1216.877760000
17		41	1217.063048000
17		1358	1217.064739000
17		1358	1217.250738000
17		1358	1217.436834000
17		87	1217.436866000
6	0		1217.436879000
6	0		1217.436884000
17		1358	1217.446642000
17		1358	1217.446685000
17		1358	1217.446689000
17		1358	1217.446694000
17		212	1217.446698000
6	0		1217.446891000
6	0		1217.447257000
6	0		1217.624615000
6	0		1217.624645000
6	0		1217.624659000
17		41	1217.624669000
17		41	1217.624673000
6	0		1217.624679000
6	0		1217.625833000
6	0		1217.625871000
17		1358	1217.626541000
6	0		1217.632791000
6	0		1217.634812000
17		1358	1217.732520000
17		1358	1217.747322000
17		1358	1217.810959000
17		1358	1217.819015000
6	0		1217.940802000
6	0		1217.941581000
17		1358	1217.998301000
17		1358	1218.005795000
6	0		1218.185015000
6	0		1218.195064000
6	0		1218.372283000
6	0		1218.380203000
17		1358	1218.606948000
17		1358	1219.307367000
17		1358	1219.315597000
6	0		1220.197605000
1,17		1358	1220.241926000
1,17		1358	1220.241953000
6	0		1220.241961000
6	0		1220.252129000
6	0		1220.388847000
1,17		1358	1220.429203000
6	0		1220.429234000
6	0		1220.437172000
17		1358	1220.516556000
1,17		1358	1220.615949000
1,17		214	1220.615975000
17		1358	1221.177476000
1,17		1358	1222.299383000
17		41	1222.860616000
17		1358	1222.862417000
17		1358	1222.967888000
17		41	1223.047025000
17		1358	1223.073190000
17		1358	1223.178830000
17		41	1223.234137000
17		694	1223.282833000
1,17		1358	1223.421209000
6	0		1223.421238000
6	0		1223.421817000
1,17		1358	1223.608232000
1,17		1358	1223.795599000
6	0		1224.169668000
6	0		1224.169695000
6	517		1224.169700000
6	517		1224.169708000
17		41	1224.169716000
6	0		1224.177630000
6	1396		1224.179434000
6	3782		1224.179466000
6	0		1224.179675000
6	2792		1224.181186000
6	2386		1224.181210000
17		41	1224.355999000
17		824	1224.356029000
17		33	1224.356834000
17		1358	1224.357559000
17		1358	1224.463106000
1,17		1358	1224.543438000
17		1358	1224.568160000
17		1358	1224.674471000
17		1358	1224.778851000
17		1358	1224.883809000
6	558		1224.917192000
6	39		1224.917221000
6	39		1224.918486000
6	0		1224.918515000
6	0		1224.918519000
6	69		1224.920995000
6	31		1224.921486000
6	39		1224.921964000
17		1358	1224.989258000
17		1358	1225.094358000
6	0		1225.104532000
6	0		1225.104540000
17		1358	1225.199546000
17		1358	1225.304076000
17		1358	1225.409054000
1,17		1358	1225.478107000
17		1358	1225.514782000
17		1358	1225.619929000
17		1358	1225.724934000
17		1358	1225.829655000
6	0		1225.852066000
17		1358	1225.934566000
17		1358	1226.040531000
17		1358	1226.144592000
6	0		1226.225972000
17		1358	1226.249695000
17		1358	1226.355493000
17		1358	1226.460622000
17		1358	1226.565210000
1,17		1358	1226.787116000
6	661		1226.787147000
6	67		1226.791727000
6	31		1226.792178000
6	661		1227.535029000
17		41	1227.535044000
17		45	1227.535051000
6	0		1227.536026000
17		33	1227.561546000
1,17		1358	1228.283849000
6	31		1229.769567000
6	0		1229.966199000
6	0		1230.340409000
6	1258		1230.340449000
6	0		1230.341442000
1,17		1358	1230.527331000
17		41	1234.267301000
17		824	1234.267329000
17		35	1234.269122000
17		41	1234.641355000
17		41	1234.828043000
6	51		1234.828090000
6	0		1234.829143000
6	0		1235.015354000
17		41	1235.015391000
6	0		1235.202651000
6	0		1235.388941000
6	0		1235.576259000
6	0		1235.763382000
6	64		1235.763414000
6	0		1235.777069000
6	1309		1235.950101000
6	0		1235.950133000
6	0		1235.951110000
6	0		1236.137473000
6	0		1236.324314000
6	0		1236.324343000
6	64		1236.324351000
6	0		1236.339627000
17		44	1236.511468000
17		35	1236.538032000
17		41	1236.698106000
17		41	1236.885716000
17		41	1236.885742000
17		45	1236.885747000
17		43	1236.886410000
6	1396		1237.072147000
17		41	1237.072190000
6	0		1237.080138000
17		41	1237.446543000
17		41	1237.820690000
6	276		1237.899981000
17		41	1238.007584000
17		41	1238.193974000
17		41	1238.755679000
17		41	1239.129059000
17		41	1239.502972000
17		41	1239.690131000
17		41	1240.251740000
17		41	1240.438039000
17		41	1240.999037000
17		41	1241.373263000
17		41	1241.747546000
17		41	1242.121633000
17		41	1242.495057000
17		41	1242.869002000
17		41	1243.056280000
6	276		1247.818339000
6	0		1248.666368000
6	441		1248.853208000
6	0		1248.853234000
6	0		1248.853248000
17		41	1248.853258000
6	0		1248.853265000
6	0		1248.854954000
6	0		1248.855069000
6	0		1248.861801000
6	4188		1248.932219000
6	1396		1248.932280000
6	2792		1248.932303000
6	1396		1248.974950000
6	1396		1249.017605000
6	1396		1249.060248000
6	1396		1249.102905000
6	1396		1249.145576000
6	0		1249.155770000
6	0		1249.162732000
6	1396		1249.188201000
6	1396		1249.230850000
6	1396		1249.273505000
6	1396		1249.316160000
6	1396		1249.358819000
6	1396		1249.401488000
6	1396		1249.444113000
6	1396		1249.486796000
6	1396		1249.529429000
6	1396		1249.572087000
6	0		1249.601206000
6	1396		1249.614728000
6	1396		1249.657378000
6	1396		1249.700043000
6	1396		1249.742658000
6	1396		1249.785338000
6	0		1249.788326000
6	0		1249.789839000
6	1396		1249.827983000
6	1396		1249.870623000
6	1396		1249.913282000
6	1396		1249.955935000
6	0		1249.975275000
6	0		1249.976318000
6	1396		1249.998595000
6	1396		1250.041242000
6	1396		1250.083894000
6	1396		1250.126545000
6	1396		1250.169178000
6	1396		1250.211851000
6	1396		1250.254498000
6	1396		1250.297158000
6	1396		1250.339798000
6	110		1250.382475000
6	0		1251.843826000
6	0		1251.845118000
6	0		1251.845129000
6	0		1251.846210000
6	0		1251.846229000
6	0		1253.866500000
6	0		1255.024799000
6	0		1255.038602000
6	1396		1255.211089000
6	441		1255.211120000
6	0		1255.221086000
6	0		1255.221126000
6	2792		1255.223235000
6	5584		1255.223390000
6	1396		1255.267510000
6	1396		1255.311505000
6	1396		1255.355685000
6	1396		1255.399676000
6	1396		1255.443767000
6	1396		1255.487852000
6	1396		1255.531956000
6	1396		1255.576015000
6	1396		1255.620118000
6	1396		1255.664194000
6	1396		1255.708271000
6	1396		1255.752360000
6	1396		1255.796437000
6	1396		1255.840524000
6	0		1255.876028000
6	1396		1255.884604000
6	1396		1255.928697000
6	0		1255.959033000
6	0		1255.959056000
6	0		1255.960165000
6	0		1255.960380000
6	1396		1255.972802000
6	1396		1256.016856000
6	1396		1256.060926000
6	1396		1256.105022000
6	1396		1256.149108000
6	1396		1256.193211000
6	1396		1256.237272000
6	1396		1256.281375000
6	1396		1256.325446000
6	1396		1256.369529000
6	1396		1256.413605000
6	1396		1256.457699000
6	1396		1256.501767000
6	1396		1256.545881000
6	1396		1256.590038000
6	1396		1256.634058000
6	1396		1256.678121000
6	110		1256.722201000
6	0		1260.010406000
6	0		1262.303639000
6	0		1262.303647000
6	747		1262.303653000
6	0		1262.304662000
6	355		1262.305483000
6	747		1262.395866000
6	0		1262.397230000
6	355		1262.397617000
6	0		1263.512277000
6	0		1263.512283000
6	0		1264.814041000
6	0		1264.815388000
6	0		1264.907268000
6	0		1265.123922000
6	0		1265.279482000
6	0		1265.837281000
6	0		1265.838564000
6	0		1266.116432000
6	0		1266.116458000
6	0		1266.209666000
6	0		1266.394960000
6	0		1266.488117000
6	0		1266.581348000
6	0		1266.674754000
6	0		1266.767065000
6	0		1266.860261000
6	0		1266.860283000
6	0		1266.953644000
6	0		1267.045872000
6	0		1267.139240000
6	0		1267.325805000
6	0		1267.511290000
6	0		1267.604498000
6	0		1267.697703000
6	0		1267.789985000
6	0		1267.851932000
6	0		1267.883323000
6	0		1267.883366000
6	0		1267.884625000
6	0		1267.976293000
6	0		1268.068906000
6	0		1268.348323000
6	0		1268.440936000
6	0		1268.534392000
6	0		1268.627684000
6	0		1268.719918000
6	0		1268.906652000
6	0		1269.185311000
6	0		1269.370980000
17		1358	1269.370988000
17		1358	1269.372381000
6	0		1269.386750000
17		33	1269.398827000
6	0		1271.947932000
6	0		1272.068343000
6	0		1272.069664000
6	0		1272.254374000
6	0		1272.353717000
6	0		1272.387693000
6	0		1274.486512000
6	74		1274.486516000
6	92		1274.486522000
6	0		1274.486529000
6	0		1274.487737000
6	0		1274.487778000
6	0		1274.951239000
6	0		1274.951244000
6	517		1274.951249000
6	0		1274.952578000
6	2836		1274.953207000
6	1418		1274.953246000
6	1418		1274.953263000
6	1142		1274.953297000
6	0		1276.624916000
6	0		1277.741209000
6	0		1277.748591000
6	0		1278.019863000
6	0		1278.027285000
6	0		1278.052865000
1,17		1358	1278.206380000
6	0		1278.206421000
1,17		33	1278.206429000
6	0		1278.332982000
6	0		1278.764420000
6	0		1278.771756000
6	0		1279.043376000
6	0		1279.050815000
6	0		1280.066347000
6	0		1280.066378000
6	0		1280.066384000
6	0		1280.067707000
6	0		1280.531019000
6	0		1280.624288000
6	0		1280.717283000
6	0		1280.717310000
6	0		1280.724644000
6	0		1280.810582000
6	0		1280.903408000
6	74		1280.903433000
6	910		1280.905032000
6	0		1280.996283000
6	0		1281.003756000
6	0		1282.484068000
6	517		1282.484093000
6	0		1282.491465000
6	4188		1282.493502000
6	990		1282.493530000
6	0		1282.763240000
6	517		1282.763250000
6	0		1282.770753000
6	2792		1282.772789000
6	2386		1282.772887000
6	0		1282.856184000
6	0		1283.042505000
6	0		1283.414527000
6	0		1283.693526000
6	92		1284.809160000
6	31		1284.810731000
6	0		1285.274395000
6	1315		1285.460171000
6	31		1285.460198000
6	0		1285.461498000
6	403		1285.463298000
6	31		1285.463353000
6	39		1285.463370000
6	0		1285.552866000
6	0		1287.133877000
6	0		1287.227208000
6	0		1287.320518000
6	0		1287.412957000
6	64		1287.412991000
6	0		1287.424957000
6	1396		1287.506177000
6	0		1287.513534000
6	0		1287.692689000
6	0		1287.785048000
6	0		1287.878280000
6	0		1287.970931000
6	64		1287.970963000
6	0		1287.984014000
6	0		1289.331890000
6	0		1289.331944000
6	0		1289.924279000
6	0		1290.482270000
6	0		1290.482297000
6	0		1290.482305000
6	39		1290.482315000
6	0		1290.488700000
6	441		1292.435061000
6	0		1292.442481000
6	2792		1292.445884000
6	2792		1292.445925000
6	2792		1292.445940000
6	1396		1292.469797000
6	1396		1292.493682000
6	1396		1292.517561000
6	1396		1292.541376000
6	1396		1292.565230000
6	1396		1292.588987000
6	1396		1292.612828000
6	1396		1292.636707000
6	1396		1292.660549000
6	1396		1292.684362000
6	1396		1292.708214000
6	1396		1292.732052000
6	1396		1292.755888000
6	1396		1292.779715000
6	1396		1292.803582000
6	1396		1292.827420000
6	1396		1292.851245000
6	1396		1292.875085000
6	1396		1292.898929000
6	1396		1292.922857000
6	1396		1292.946603000
6	1396		1292.970438000
6	1396		1292.994242000
6	1396		1293.018090000
6	1396		1293.041950000
6	1396		1293.065816000
6	1396		1293.089650000
6	1396		1293.113535000
6	1396		1293.137300000
6	1396		1293.161199000
6	1396		1293.184974000
6	1396		1293.208952000
6	1396		1293.232667000
6	110		1293.256509000
6	0		1296.899288000
6	0		1296.991968000
6	0		1297.085322000
6	0		1297.178520000
6	0		1297.271707000
6	0		1297.363943000
6	0		1297.457130000
6	0		1297.550436000
6	0		1297.643660000
6	0		1297.735997000
6	0		1297.829378000
6	0		1297.922263000
6	0		1298.108583000
6	0		1298.293972000
6	0		1298.480331000
6	0		1298.666749000
6	0		1298.852145000
6	0		1299.038613000
6	0		1299.224161000
6	0		1299.316803000
17		1358	1299.316841000
17		1358	1299.320494000
17		1358	1299.320524000
17		1358	1299.320529000
17		1358	1299.320533000
17		206	1299.320538000
6	0		1299.331061000
17		85	1299.410372000
17		1352	1299.410398000
17		1358	1302.293765000
17		1358	1302.295489000
17		1358	1302.665197000
17		49	1302.757897000
17		49	1302.851475000
6	0		1302.944574000
17		96	1302.944606000
17		538	1302.945657000
17		96	1302.945684000
17		1358	1303.037348000
17		68	1303.037375000
17		33	1303.038162000
17		1358	1303.038913000
17		1358	1303.136765000
17		1358	1303.233503000
17		1358	1303.329832000
17		1358	1303.426714000
17		1358	1303.522971000
17		1358	1303.619815000
17		1358	1303.716495000
17		1358	1303.813413000
17		1358	1303.909709000
17		1358	1304.006531000
17		1358	1304.103613000
17		1358	1304.200090000
17		1358	1304.297219000
17		1358	1304.393390000
17		1358	1304.489821000
17		1358	1304.587153000
17		1358	1304.683416000
17		1358	1304.780243000
17		1358	1304.804192000
17		1358	1304.807145000
17		1358	1304.807243000
17		1358	1304.807249000
17		1358	1304.807253000
17		401	1304.807257000
17		1358	1304.875981000
6	603		1304.897843000
6	39		1304.897868000
6	224		1304.897872000
6	0		1304.899245000
6	0		1304.899272000
6	0		1304.899275000
6	39		1304.899802000
6	69		1304.904412000
6	70		1304.913626000
17		1358	1304.973283000
17		1358	1304.990144000
17		34	1304.991877000
17		1358	1305.069891000
17		1358	1305.083768000
17		1358	1305.085397000
17		1358	1305.166540000
17		1358	1305.263037000
17		1358	1305.360597000
17		1358	1305.385445000
17		1358	1305.456879000
17		41	1305.548272000
17		41	1305.548297000
17		1358	1305.552951000
17		1358	1305.649779000
17		45	1305.734595000
17		1358	1305.734623000
17		1358	1305.736179000
17		34	1305.736358000
17		1358	1305.747102000
17		1358	1305.843456000
17		42	1305.920263000
17		1358	1305.940009000
17		1358	1306.036981000
17		42	1306.106240000
17		1358	1306.134158000
17		1358	1306.229376000
17		42	1306.292445000
17		1358	1306.327133000
17		1358	1306.336645000
17		42	1306.384985000
17		1358	1306.424231000
17		1358	1306.520250000
17		42	1306.571443000
17		1358	1306.616219000
17		1358	1306.714172000
17		42	1306.757342000
17		1358	1306.810237000
17		983	1306.906541000
17		1358	1306.943414000
17		1358	1306.944961000
17		42	1307.036367000
17		42	1307.222526000
17		42	1307.408111000
17		42	1307.686896000
17		42	1307.873328000
17		42	1308.058894000
17		1358	1308.145787000
17		42	1308.152711000
17		42	1308.430973000
17		42	1308.617469000
17		42	1308.803509000
17		1358	1308.803544000
17		42	1308.989494000
17		42	1309.268277000
1,17		1358	1309.361390000
1,17		1358	1309.453966000
1,17		1358	1309.547206000
1,17		1358	1309.639862000
1,17		401	1309.639887000
6	0		1309.826462000
6	39		1309.826498000
17		42	1309.826508000
6	0		1309.832649000
17		47	1310.011994000
17		33	1310.038208000
17		42	1310.198240000
1,17		1358	1310.384135000
17		42	1310.570207000
17		42	1310.755865000
17		42	1310.942338000
1,17		1358	1311.034905000
17		42	1311.127932000
17		42	1311.407253000
17		42	1311.593479000
1,17		1358	1311.779158000
17		41	1311.872161000
17		41	1312.058374000
17		41	1312.336831000
17		41	1312.523269000
17		41	1312.709733000
17		41	1312.895290000
17		41	1313.081631000
1,17		1358	1313.173994000
17		41	1313.360014000
17		905	1313.360048000
17		33	1313.360816000
17		1358	1313.362529000
17		1358	1313.438385000
17		1358	1313.512579000
17		41	1313.546781000
17		1358	1313.587217000
17		41	1313.639425000
17		1358	1313.662659000
17		1358	1313.738129000
17		1358	1313.812087000
17		41	1313.825231000
17		1358	1313.887571000
17		1358	1313.962532000
17		41	1314.010977000
17		1358	1314.036367000
17		41	1314.104699000
17		1358	1314.111491000
17		1358	1314.186497000
1,17		1358	1314.196885000
17		1358	1314.261075000
17		1358	1314.335649000
17		1358	1314.411515000
17		1358	1314.485777000
17		1358	1314.560315000
17		1358	1314.635798000
17		1358	1314.710395000
17		1358	1314.785133000
6	592		1314.847985000
6	0		1314.849324000
6	69		1314.851731000
6	31		1314.858482000
17		1358	1314.859569000
6	39		1314.862669000
17		1358	1314.935328000
17		1358	1315.009559000
17		1358	1315.084226000
1,17		1358	1315.127084000
17		1358	1315.160148000
17		1358	1315.234187000
17		1358	1315.309003000
17		1358	1315.383200000
17		1358	1315.459184000
17		1358	1315.533346000
17		1358	1315.607978000
17		1358	1315.683679000
17		1358	1315.758239000
17		1358	1315.832615000
17		1358	1315.907220000
17		1358	1315.983148000
17		1358	1316.057282000
17		1358	1316.132285000
17		1358	1316.207503000
17		1358	1316.281873000
17		1358	1316.356619000
17		1358	1316.431100000
17		1358	1316.506866000
17		71	1316.581305000
17		43	1317.545196000
17		34	1317.572539000
17		41	1317.638483000
17		41	1317.731699000
17		41	1317.824069000
17		41	1317.917051000
17		41	1318.010536000
17		41	1318.103287000
17		41	1318.195989000
17		41	1318.289732000
17		41	1318.382536000
17		41	1318.475446000
17		41	1318.567976000
17		41	1318.661201000
17		41	1318.754641000
17		41	1318.846894000
17		41	1318.940074000
17		41	1319.033110000
6	0		1319.126119000
17		41	1319.126150000
6	39		1319.219598000
17		41	1319.219629000
6	0		1319.226597000
17		41	1319.312715000
17		46	1319.405332000
17		33	1319.432096000
17		41	1319.498412000
17		41	1319.591568000
17		41	1319.684466000
17		41	1319.777706000
17		41	1319.838978000
17		41	1319.901097000
17		41	1319.963577000
17		41	1320.025344000
17		41	1320.087352000
17		41	1320.149421000
17		41	1320.272899000
17		41	1320.396867000
17		41	1320.521165000
17		818	1320.521191000
17		33	1320.521915000
17		41	1320.645299000
17		41	1320.707737000
17		1358	1320.709454000
17		41	1320.831359000
17		1358	1320.833121000
17		41	1320.892829000
17		1358	1320.908536000
17		41	1321.016866000
17		1358	1321.018774000
17		41	1321.141534000
17		1358	1321.142622000
17		44	1322.877695000
17		1358	1322.879486000
17		1358	1322.955203000
17		41	1323.001164000
17		1358	1323.030147000
17		1358	1323.104628000
17		41	1323.124902000
17		1358	1323.179145000
17		41	1323.249270000
17		1358	1323.254744000
17		1358	1323.329198000
17		41	1323.373139000
17		1358	1323.404401000
17		1358	1323.479090000
17		1358	1323.553849000
17		1358	1323.628274000
17		1358	1323.703361000
17		1358	1323.778414000
17		1358	1323.853395000
17		1358	1323.927626000
17		1358	1324.003035000
17		1358	1324.078389000
17		1358	1324.152256000
17		1358	1324.227376000
17		1358	1324.302397000
17		1358	1324.377180000
17		1358	1324.451462000
17		1358	1324.526916000
17		41	1324.551639000
17		1358	1324.601701000
17		41	1324.675585000
17		1358	1324.677392000
17		41	1324.737070000
17		1358	1324.751064000
6	656		1324.799033000
6	0		1324.800331000
6	69		1324.802601000
6	31		1324.809999000
6	39		1324.814141000
17		1358	1324.826060000
17		41	1324.861384000
17		1358	1324.900741000
17		1358	1324.976071000
17		41	1324.984910000
17		1358	1325.051180000
17		41	1325.109132000
17		1358	1325.125402000
17		41	1325.170953000
17		1358	1325.199713000
17		41	1325.232919000
17		1358	1325.275204000
17		1358	1325.349982000
17		41	1325.357250000
17		1358	1325.425278000
17		41	1325.481525000
17		1358	1325.499477000
17		1358	1325.574767000
17		41	1325.605767000
17		1358	1325.649127000
17		41	1325.667444000
17		1358	1325.723937000
17		41	1325.791148000
17		1358	1325.798433000
17		1358	1325.868092000
17		41	1325.915571000
17		1358	1325.937981000
17		1358	1326.005311000
17		41	1326.039248000
17		1358	1326.072439000
17		761	1326.137274000
17		46	1326.163490000
17		34	1326.189944000
17		41	1326.287081000
17		41	1326.410995000
17		41	1326.535460000
6	438		1326.535489000
6	0		1326.541998000
6	1101		1326.597112000
17		41	1326.597145000
6	0		1326.598796000
6	139		1326.603567000
6	93		1326.617368000
17		41	1326.721629000
17		41	1326.844877000
17		41	1326.969026000
17		41	1327.092843000
17		41	1327.155618000
6	0		1327.217497000
6	39		1327.217518000
6	0		1327.223182000
17		41	1327.278830000
17		41	1327.402794000
17		41	1327.527052000
17		41	1327.589391000
17		41	1327.712985000
17		41	1327.837623000
17		41	1327.961176000
17		41	1328.085208000
17		41	1328.209528000
17		41	1328.333139000
17		46	1328.456800000
17		34	1328.483965000
17		41	1328.581294000
17		902	1328.642969000
17		37	1328.643731000
17		1358	1328.644568000
17		1358	1328.681092000
17		41	1328.705442000
17		1358	1328.717404000
17		1358	1328.754472000
17		41	1328.767729000
17		1358	1328.789130000
17		1358	1328.825682000
17		1358	1328.861932000
17		41	1328.891049000
17		1358	1328.898719000
17		1358	1328.933748000
17		1358	1328.969991000
17		1358	1329.006318000
17		41	1329.015301000
17		1358	1329.043228000
17		1358	1329.078234000
17		1358	1329.114880000
17		41	1329.138966000
17		1358	1329.151235000
17		1358	1329.187772000
17		1358	1329.222847000
17		1358	1329.259929000
17		41	1329.263051000
17		1358	1329.295918000
17		41	1329.325141000
17		1358	1329.330853000
17		1358	1329.367157000
17		1358	1329.403477000
17		1358	1329.440554000
17		1358	1329.475196000
17		1358	1329.512124000
17		1358	1329.548120000
17		1358	1329.584523000
17		1358	1329.619878000
17		1358	1329.656177000
17		1358	1329.692272000
6	0		1329.697482000
17		1358	1329.729049000
17		1358	1329.764073000
17		1358	1329.800428000
17		1358	1329.837483000
17		1358	1329.872476000
17		1358	1329.909294000
17		1358	1329.944828000
17		1358	1329.981966000
17		1358	1330.016989000
17		1358	1330.053771000
17		1358	1330.089959000
17		1358	1330.126212000
17		1358	1330.161266000
17		1358	1330.197839000
17		1358	1330.234464000
17		1358	1330.271159000
17		1358	1330.305593000
17		1358	1330.342607000
17		1358	1330.378525000
17		1358	1330.414525000
17		1358	1330.450433000
17		1358	1330.486733000
17		1358	1330.523262000
17		1358	1330.558435000
17		1358	1330.594785000
17		1358	1330.631461000
17		1358	1330.667438000
17		41	1330.690276000
17		1358	1330.703636000
17		1358	1330.739196000
17		44	1330.751420000
17		1358	1330.775411000
17		1358	1330.812268000
17		41	1330.813309000
17		1358	1330.847946000
17		41	1330.875428000
17		1358	1330.883889000
17		1358	1330.920120000
17		1358	1330.955477000
17		1358	1330.992136000
17		41	1330.999218000
17		1358	1331.028152000
17		41	1331.061315000
17		1358	1331.062665000
17		1358	1331.100129000
17		41	1331.123421000
17		1358	1331.136419000
17		1358	1331.173495000
17		1358	1331.209131000
17		1358	1331.245073000
17		41	1331.247520000
17		1358	1331.281314000
17		41	1331.309354000
17		1358	1331.316944000
17		1358	1331.353824000
17		41	1331.371495000
17		1358	1331.388882000
17		1358	1331.425612000
17		1358	1331.461373000
17		41	1331.495106000
17		1358	1331.496834000
17		41	1331.556831000
17		1358	1331.558614000
17		41	1331.681533000
17		1358	1331.683257000
17		1358	1331.719871000
17		41	1331.743016000
17		1358	1331.756563000
17		41	1331.867747000
17		1358	1331.869527000
17		41	1331.929180000
17		1358	1331.931160000
17		41	1332.053299000
17		1358	1332.055077000
17		41	1332.115724000
17		1358	1332.116797000
17		41	1332.176790000
17		1358	1332.178122000
17		41	1332.301226000
17		1358	1332.302142000
17		41	1332.363335000
17		1358	1332.365133000
17		46	1332.425527000
17		1358	1332.427371000
17		41	1332.549625000
17		1358	1332.551825000
17		1358	1332.588383000
17		41	1332.673148000
17		1358	1332.675018000
17		41	1332.735657000
17		1358	1332.737430000
17		41	1332.797514000
17		1358	1332.799435000
17		41	1332.920970000
17		1358	1332.921927000
17		41	1332.983862000
17		1358	1332.986273000
17		41	1333.045396000
17		1358	1333.047173000
17		41	1333.170051000
17		1358	1333.171775000
17		41	1333.231546000
17		1358	1333.233052000
17		41	1333.293168000
17		1358	1333.295343000
17		41	1333.355250000
17		1358	1333.356943000
17		41	1333.417650000
17		1358	1333.419409000
17		1358	1333.456431000
17		41	1333.479326000
17		1358	1333.492373000
17		41	1333.541659000
17		1358	1333.542686000
17		41	1333.603711000
17		1358	1333.605709000
17		41	1333.664925000
17		1358	1333.666424000
17		41	1333.727037000
17		1358	1333.728358000
17		41	1333.789563000
17		1358	1333.791296000
17		41	1333.851512000
17		1358	1333.853268000
17		46	1333.913559000
17		1358	1333.915319000
17		41	1333.975532000
17		624	1333.977435000
17		41	1334.036941000
17		41	1334.099520000
17		41	1334.161631000
17		41	1334.222848000
17		41	1334.284893000
17		41	1334.347154000
17		41	1334.409272000
17		42	1334.471304000
17		42	1334.533314000
17		42	1334.595541000
17		42	1334.657535000
17		42	1334.718815000
17		41	1334.780972000
6	625		1334.781001000
6	0		1334.782668000
6	69		1334.783936000
6	31		1334.791495000
6	39		1334.795633000
17		41	1334.842980000
17		41	1334.905165000
17		41	1334.967168000
17		41	1335.029141000
17		42	1335.091466000
17		47	1335.153444000
17		34	1335.179387000
17		42	1335.215482000
17		42	1335.277434000
17		42	1335.339608000
17		42	1335.401674000
17		43	1335.462935000
17		43	1335.524988000
17		43	1335.587060000
17		43	1335.649258000
17		43	1335.711432000
17		43	1335.773546000
17		43	1335.835677000
17		43	1335.897755000
17		43	1335.959040000
17		43	1336.021175000
17		43	1336.207094000
17		43	1336.269334000
17		43	1336.330946000
17		43	1336.393541000
17		43	1336.578894000
17		48	1336.641419000
17		34	1336.668400000
17		43	1336.703653000
17		43	1336.765104000
17		43	1336.827830000
17		43	1336.889472000
17		43	1337.074975000
17		43	1337.137150000
17		43	1337.198867000
17		43	1337.261359000
17		43	1337.447129000
17		43	1337.508901000
17		43	1337.571383000
17		43	1337.633171000
17		43	1337.695785000
17		43	1337.757228000
17		43	1337.881475000
17		43	1337.943542000
17		43	1338.005563000
6	0		1338.067404000
17		43	1338.067445000
6	0		1338.077137000
17		43	1338.129121000
17		48	1338.191630000
17		34	1338.218140000
17		43	1338.252907000
17		43	1338.315561000
17		43	1338.377570000
17		829	1338.439122000
6	0		1338.439156000
17		37	1338.439941000
17		1358	1338.440759000
17		1358	1338.440781000
17		1358	1338.440791000
17		1358	1338.440796000
17		1358	1338.474228000
6	0		1338.501060000
6	39		1338.501099000
6	0		1338.507708000
17		42	1340.050844000
17		1358	1340.052621000
17		1358	1340.076342000
17		1358	1340.097749000
17		44	1340.113637000
17		1358	1340.119576000
17		1358	1340.142328000
17		1358	1340.163337000
17		41	1340.175087000
17		1358	1340.186466000
17		1358	1340.208477000
17		1358	1340.230983000
17		41	1340.237668000
17		1358	1340.252211000
17		1358	1340.274357000
17		1358	1340.296447000
17		41	1340.299230000
17		1358	1340.318461000
17		1358	1340.341032000
17		41	1340.361520000
17		1358	1340.363219000
17		1358	1340.385369000
17		1358	1340.406988000
17		1358	1340.429023000
17		1358	1340.451406000
17		1358	1340.472981000
17		1358	1340.495018000
17		1358	1340.517997000
17		1358	1340.539989000
17		1358	1340.561620000
17		1358	1340.583919000
17		1358	1340.606555000
17		1358	1340.627289000
17		1358	1340.650425000
17		1358	1340.672576000
17		1358	1340.695129000
17		1358	1340.716275000
17		1358	1340.738868000
17		1358	1340.761382000
17		1358	1340.783008000
17		1358	1340.804511000
17		1358	1340.827176000
17		1358	1340.849368000
17		1358	1340.871091000
17		1358	1340.892947000
17		1358	1340.915277000
17		1358	1340.936967000
17		1358	1340.959332000
17		1358	1340.981464000
17		1358	1341.004690000
17		1358	1341.025557000
17		1358	1341.047637000
17		1358	1341.070246000
17		1358	1341.092003000
17		1358	1341.114563000
17		1358	1341.136238000
17		1358	1341.158463000
17		1358	1341.180342000
17		1358	1341.202580000
17		1358	1341.225277000
17		1358	1341.246299000
17		1358	1341.269199000
17		1358	1341.291316000
17		1358	1341.312439000
17		1358	1341.334929000
17		41	1341.353641000
17		1358	1341.357537000
17		1358	1341.380517000
17		1358	1341.401441000
17		1358	1341.423774000
17		1358	1341.446499000
17		1358	1341.467527000
17		41	1341.477114000
17		1358	1341.490487000
17		1358	1341.512119000
17		1358	1341.534498000
17		41	1341.539739000
17		1358	1341.556502000
17		1358	1341.578286000
17		1358	1341.601360000
17		41	1341.601746000
17		1358	1341.622421000
17		1358	1341.644400000
17		41	1341.663126000
17		1358	1341.667428000
17		1358	1341.689374000
17		41	1341.787867000
17		1358	1341.788976000
17		41	1341.848874000
17		1358	1341.850579000
17		41	1341.911403000
17		1358	1341.913106000
17		41	1341.973588000
17		1358	1341.975603000
17		41	1342.096963000
17		1358	1342.098768000
17		41	1342.159610000
17		1358	1342.161449000
17		41	1342.221699000
17		1358	1342.223424000
17		1358	1342.246617000
17		41	1342.283224000
17		1358	1342.284968000
17		41	1342.407725000
17		1358	1342.409484000
17		41	1342.468949000
17		1358	1342.470289000
17		46	1342.531182000
17		1358	1342.532695000
17		41	1342.592898000
17		1358	1342.594500000
17		41	1342.716800000
17		1358	1342.718686000
6	0		1342.774144000
17		41	1342.779616000
17		1358	1342.780956000
17		41	1342.841386000
17		1358	1342.842985000
17		41	1342.903013000
17		1358	1342.905034000
17		41	1343.026902000
17		1358	1343.028722000
17		41	1343.089384000
17		1358	1343.091297000
17		1358	1343.114766000
17		41	1343.151041000
17		1358	1343.152350000
17		41	1343.213243000
17		1358	1343.215230000
17		41	1343.337342000
17		1358	1343.339187000
17		41	1343.399129000
17		1358	1343.400905000
17		41	1343.461188000
17		1358	1343.462900000
17		41	1343.523252000
17		1358	1343.525056000
17		41	1343.647157000
17		1358	1343.648548000
17		41	1343.708914000
17		1358	1343.710676000
17		41	1343.770893000
17		1358	1343.772634000
17		41	1343.832923000
17		1358	1343.834658000
17		41	1343.895041000
17		1358	1343.896833000
17		41	1343.957083000
17		1358	1343.958712000
17		46	1344.018971000
17		1358	1344.020782000
17		41	1344.080820000
17		1358	1344.083269000
17		41	1344.143254000
17		1358	1344.143974000
17		41	1344.266822000
17		1358	1344.268668000
17		41	1344.328987000
17		1358	1344.330895000
17		41	1344.390894000
17		1358	1344.392622000
17		41	1344.452896000
17		1358	1344.454620000
17		41	1344.577017000
17		1358	1344.578761000
17		41	1344.639079000
17		337	1344.640799000
17		41	1344.701020000
6	593		1344.825543000
17		41	1344.825579000
6	0		1344.826799000
6	69		1344.828906000
6	31		1344.836062000
6	39		1344.840218000
17		41	1344.887368000
17		41	1344.949402000
17		41	1345.011299000
17		41	1345.073476000
17		41	1345.197342000
17		41	1345.259489000
17		41	1345.321515000
17		41	1345.382974000
17		41	1345.507053000
17		47	1345.569633000
17		34	1345.596768000
17		42	1345.631611000
17		42	1345.755266000
17		42	1345.817505000
17		42	1345.879527000
17		43	1345.941303000
17		43	1346.065027000
17		43	1346.127189000
17		43	1346.189517000
17		43	1346.251239000
17		43	1346.313617000
17		43	1346.375344000
17		43	1346.437116000
17		43	1346.499281000
17		43	1346.561503000
17		43	1346.685758000
17		43	1346.809142000
17		43	1346.871438000
17		43	1346.995490000
17		43	1347.119164000
17		48	1347.243597000
17		35	1347.270683000
17		43	1347.366938000
17		43	1347.491380000
17		43	1347.553425000
17		43	1347.677553000
17		43	1347.800928000
17		43	1347.925351000
17		43	1347.986804000
17		43	1348.173227000
6	0		1348.173255000
17		43	1348.235311000
17		43	1348.359692000
17		43	1348.420873000
17		43	1348.545253000
17		43	1348.607581000
17		43	1348.730859000
17		43	1348.793664000
17		43	1348.916929000
17		43	1349.041359000
17		43	1349.165336000
17		43	1349.226821000
17		48	1349.350788000
17		35	1349.376876000
17		43	1349.475145000
17		43	1349.537268000
17		43	1349.599226000
17		43	1349.661354000
17		43	1349.723486000
17		43	1349.785227000
17		903	1349.785251000
17		34	1349.785970000
17		1358	1349.786674000
17		1358	1349.809634000
17		1358	1349.831722000
17		43	1349.847704000
17		1358	1349.854743000
17		1358	1349.875652000
17		1358	1349.898206000
17		43	1349.908976000
17		1358	1349.920678000
17		1358	1349.942373000
17		1358	1349.963922000
17		43	1349.971422000
17		1358	1349.987086000
17		1358	1350.009295000
17		1358	1350.030822000
17		1358	1350.052632000
17		1358	1350.074860000
17		43	1350.095082000
17		1358	1350.096354000
17		1358	1350.118626000
17		1358	1350.141286000
17		43	1350.157072000
17		1358	1350.163629000
17		1358	1350.185083000
17		1358	1350.207765000
17		43	1350.219390000
17		1358	1350.229663000
17		1358	1350.251644000
17		1358	1350.273414000
17		43	1350.280800000
17		1358	1350.296497000
17		1358	1350.318322000
17		1358	1350.339970000
17		1358	1350.362099000
17		1358	1350.384182000
17		1358	1350.405599000
17		43	1350.405961000
17		1358	1350.428687000
17		1358	1350.450646000
6	0		1350.467503000
6	39		1350.467531000
17		43	1350.467538000
17		1358	1350.473699000
6	0		1350.474623000
17		1358	1350.494260000
17		1358	1350.516799000
17		1358	1350.539729000
17		1358	1350.560588000
17		1358	1350.582753000
17		1358	1350.605610000
17		1358	1350.627833000
17		1358	1350.649443000
17		1358	1350.671626000
17		1358	1350.694264000
17		1358	1350.715817000
17		1358	1350.737853000
17		1358	1350.759885000
17		1358	1350.782661000
17		1358	1350.803966000
17		1358	1350.826702000
17		1358	1350.848569000
17		1358	1350.870644000
17		1358	1350.892250000
17		1358	1350.914833000
17		1358	1350.937320000
17		1358	1350.958671000
17		45	1350.963251000
17		1358	1350.981733000
17		1358	1351.003138000
17		1358	1351.024569000
17		41	1351.025146000
17		1358	1351.046947000
17		1358	1351.069620000
17		41	1351.087751000
17		1358	1351.089782000
17		1358	1351.113851000
17		1358	1351.135778000
17		41	1351.148769000
17		1358	1351.158599000
17		1358	1351.179561000
17		1358	1351.201596000
17		41	1351.210825000
17		1358	1351.224626000
17		1358	1351.245559000
17		1358	1351.268519000
17		41	1351.272902000
17		1358	1351.290722000
17		1358	1351.312704000
17		1358	1351.334182000
17		41	1351.335717000
17		1358	1351.356669000
17		1358	1351.378937000
17		41	1351.397678000
17		1358	1351.399470000
17		1358	1351.422924000
17		1358	1351.445587000
17		41	1351.459244000
17		1358	1351.467864000
17		1358	1351.489512000
17		1358	1351.511610000
17		41	1351.520861000
17		1358	1351.533736000
17		1358	1351.555222000
17		41	1351.582866000
17		1358	1351.584598000
17		41	1351.645318000
17		1358	1351.646576000
17		41	1351.707742000
17		1358	1351.709458000
17		41	1351.770018000
17		1358	1351.772003000
17		41	1351.831744000
17		1358	1351.832654000
17		41	1351.893612000
17		1358	1351.895042000
17		41	1351.955017000
17		1358	1351.957079000
17		1358	1351.981236000
17		41	1352.017137000
17		1358	1352.018856000
17		41	1352.079473000
17		1358	1352.081217000
17		41	1352.141221000
17		1358	1352.143085000
17		46	1352.203608000
17		1358	1352.204858000
17		41	1352.265472000
17		1358	1352.267471000
17		41	1352.327218000
17		1358	1352.328647000
17		41	1352.389126000
17		1358	1352.390851000
17		41	1352.451047000
17		1358	1352.453122000
17		41	1352.513182000
17		1358	1352.514243000
17		41	1352.575296000
17		1358	1352.576624000
17		41	1352.698840000
17		1358	1352.701217000
17		1358	1352.724085000
17		41	1352.761698000
17		1358	1352.763153000
17		41	1352.823538000
17		1358	1352.825228000
17		41	1352.885595000
17		1358	1352.887098000
17		41	1352.947311000
17		1358	1352.949334000
17		41	1353.009093000
17		1358	1353.010956000
17		41	1353.071713000
17		1358	1353.074147000
17		41	1353.195454000
17		1358	1353.197114000
17		41	1353.256934000
17		1358	1353.258241000
17		41	1353.381341000
17		1358	1353.383090000
17		41	1353.443689000
17		1358	1353.445365000
17		41	1353.504978000
17		1358	1353.506555000
17		1358	1353.529175000
17		41	1353.628970000
17		1358	1353.630663000
17		46	1353.691069000
17		1358	1353.692814000
17		41	1353.753759000
17		1358	1353.754536000
17		41	1353.816253000
17		1358	1353.817959000
17		41	1353.876885000
17		1358	1353.879128000
17		41	1354.000784000
17		1358	1354.002164000
17		41	1354.063708000
17		1358	1354.065072000
17		42	1354.125570000
17		1358	1354.127307000
17		42	1354.187207000
17		1358	1354.187989000
17		42	1354.311484000
17		1358	1354.313201000
17		41	1354.373290000
17		1358	1354.374404000
17		1358	1354.396749000
17		41	1354.435087000
17		1358	1354.435960000
17		41	1354.559640000
17		1358	1354.561357000
17		41	1354.621043000
17		1358	1354.622764000
17		41	1354.683641000
17		1358	1354.685188000
17		41	1354.745547000
17		1358	1354.747272000
6	782		1354.807377000
6	0		1354.808693000
6	67		1354.810930000
6	31		1354.818032000
6	39		1354.822229000
6	660		1354.869703000
17		41	1354.869733000
17		1358	1354.871939000
6	69		1354.873578000
6	31		1354.878197000
17		41	1354.931296000
17		1358	1354.933122000
17		41	1354.993414000
17		1358	1354.994433000
17		41	1355.055022000
17		1358	1355.056576000
17		42	1355.117610000
17		1358	1355.119340000
17		47	1355.178817000
17		1358	1355.179760000
17		1358	1355.202208000
17		42	1355.241293000
17		1358	1355.243001000
17		42	1355.303517000
17		1358	1355.304748000
17		42	1355.365229000
17		1358	1355.366879000
17		42	1355.427643000
17		1358	1355.429379000
17		43	1355.489794000
17		49	1355.491502000
17		43	1355.551620000
17		43	1355.612861000
17		43	1355.675414000
17		43	1355.737802000
17		43	1355.799579000
17		43	1355.861739000
17		43	1355.923229000
17		43	1355.985626000
17		43	1356.046921000
17		43	1356.109819000
17		43	1356.171269000
17		43	1356.233301000
17		43	1356.294840000
17		43	1356.357473000
17		48	1356.419654000
17		35	1356.445711000
17		43	1356.481429000
17		43	1356.542831000
17		43	1356.605911000
17		43	1356.667656000
17		43	1356.729147000
17		43	1356.791454000
17		43	1356.853105000
17		43	1356.915538000
17		43	1356.976788000
17		43	1357.039179000
17		43	1357.225586000
17		43	1357.286801000
17		43	1357.349035000
17		43	1357.411174000
17		43	1357.535697000
17		43	1357.597545000
17		43	1357.720870000
17		43	1357.845175000
17		43	1357.969463000
17		48	1358.092827000
17		35	1358.120008000
17		43	1358.217188000
17		43	1358.341521000
17		43	1358.402871000
17		43	1358.527183000
17		43	1358.651322000
17		43	1358.775244000
17		43	1358.836897000
17		43	1358.961254000
17		43	1359.085583000
17		43	1359.208842000
17		43	1359.333031000
17		43	1359.395137000
17		43	1359.581571000
17		43	1359.705303000
17		43	1359.767660000
17		43	1359.890934000
17		43	1360.015373000
17		43	1360.139116000
17		43	1360.201245000
6	0		1360.263576000
6	39		1360.263580000
6	0		1360.271025000
6	0		1360.387168000
17		48	1360.387201000
17		35	1360.414095000
17		43	1360.448794000
6	131		1360.448825000
6	0		1360.450585000
6	1303		1360.511489000
6	0		1360.513194000
6	72		1360.517538000
6	93		1360.522676000
6	39		1360.535065000
17		43	1360.572933000
17		43	1360.697601000
17		43	1360.758939000
17		821	1360.821666000
17		38	1360.822403000
17		123	1360.823418000
17		1354	1360.845834000
17		1358	1360.868526000
17		43	1360.883016000
17		1358	1360.890546000
17		1358	1360.912774000
17		1358	1360.934268000
17		43	1360.944778000
17		1358	1360.956656000
17		1358	1360.977727000
17		1358	1361.000470000
17		43	1361.007694000
17		43	1361.068959000
17		43	1361.193290000
17		43	1361.255294000
17		43	1361.317150000
17		45	1362.681622000
6	0		1362.681661000
6	39		1362.681671000
6	0		1362.688823000
17		34	1362.708142000
17		41	1362.743220000
17		41	1362.805598000
17		41	1362.867819000
17		41	1362.929549000
17		1358	1362.931363000
17		41	1362.991449000
17		1358	1362.993220000
17		41	1363.053525000
17		1358	1363.054879000
17		41	1363.115618000
17		1358	1363.117751000
17		41	1363.176898000
17		1358	1363.178620000
17		41	1363.921347000
17		1358	1363.922516000
17		1358	1363.945842000
17		1358	1363.967326000
17		1358	1363.988911000
17		1358	1364.010285000
17		1358	1364.032455000
17		41	1364.045003000
17		1358	1364.054377000
17		1358	1364.076360000
17		1358	1364.098119000
17		41	1364.107466000
17		1358	1364.120172000
17		1358	1364.141957000
17		1358	1364.164821000
17		1358	1364.186317000
17		1358	1364.207824000
17		1358	1364.229207000
17		41	1364.231105000
17		1358	1364.251467000
17		1358	1364.273897000
17		1358	1364.295297000
17		1358	1364.317233000
17		1358	1364.340000000
17		1358	1364.361252000
17		1358	1364.383479000
17		1358	1364.405285000
17		1358	1364.427693000
17		1358	1364.448273000
17		1358	1364.470101000
17		1358	1364.492382000
17		1358	1364.513459000
17		1358	1364.536137000
17		1358	1364.557450000
17		1358	1364.580194000
17		1358	1364.601159000
17		1358	1364.623868000
17		1358	1364.645132000
17		1358	1364.667337000
17		1358	1364.689027000
17		620	1364.711404000
17		41	1364.789206000
17		41	1364.850904000
17		41	1364.913779000
17		41	1364.975692000
17		41	1365.036949000
17		41	1365.161132000
17		41	1365.223073000
17		46	1365.284855000
17		34	1365.311611000
17		41	1365.408996000
17		41	1365.471733000
17		41	1365.533260000
17		41	1365.595614000
17		41	1365.719121000
17		41	1365.781243000
17		41	1365.843253000
17		41	1365.905324000
17		41	1366.028869000
17		41	1366.091045000
17		41	1366.153298000
17		41	1366.215311000
17		41	1366.339653000
17		41	1366.401657000
17		41	1366.462882000
17		41	1366.524850000
17		41	1366.649090000
17		41	1366.711286000
17		41	1366.773419000
17		46	1366.835269000
17		34	1366.861879000
17		41	1366.959175000
17		41	1367.021751000
17		902	1367.021778000
17		34	1367.022549000
17		1358	1367.024349000
17		1358	1367.046864000
17		1358	1367.069024000
17		41	1367.083418000
17		1358	1367.091332000
17		1358	1367.112695000
17		1358	1367.135229000
17		1358	1367.156236000
17		1358	1367.178981000
17		1358	1367.200050000
17		41	1367.207478000
17		1358	1367.222356000
17		1358	1367.243927000
17		1358	1367.266492000
17		41	1367.269384000
17		1358	1367.287557000
17		1358	1367.309812000
17		1358	1367.331953000
17		1358	1367.354149000
17		1358	1367.374898000
17		1358	1367.397450000
17		1358	1367.419496000
17		1358	1367.441975000
17		1358	1367.463295000
17		1358	1367.483968000
17		1358	1367.506650000
17		1358	1367.527902000
17		1358	1367.550459000
17		1358	1367.571680000
17		1358	1367.594791000
17		1358	1367.616135000
17		1358	1367.638122000
17		1358	1367.659256000
17		1358	1367.681968000
17		1358	1367.703267000
17		1358	1367.726182000
17		1358	1367.747310000
17		1358	1367.769633000
17		1358	1367.791077000
17		1358	1367.812981000
17		1358	1367.835269000
17		1358	1367.857613000
17		1358	1367.878543000
17		1358	1367.900691000
17		1358	1367.922668000
17		1358	1367.944256000
17		1358	1367.965747000
17		1358	1367.987294000
17		754	1368.010059000
17		44	1368.447113000
17		34	1368.474783000
17		41	1368.509522000
17		41	1368.571259000
17		41	1368.633386000
17		41	1368.694934000
17		41	1368.757652000
17		41	1368.881184000
17		41	1369.005384000
17		41	1369.067009000
17		41	1369.128866000
17		41	1369.190994000
17		41	1369.253229000
17		41	1369.314841000
17		41	1369.377748000
17		41	1369.438873000
17		41	1369.501035000
17		41	1369.625526000
17		41	1369.687593000
17		41	1369.749739000
17		41	1369.811363000
17		46	1369.872983000
17		34	1369.899682000
17		41	1369.934904000
17		41	1369.996863000
17		41	1370.121418000
17		41	1370.183312000
17		41	1370.245559000
17		41	1370.306994000
17		41	1370.431013000
17		41	1370.493809000
17		41	1370.554859000
17		41	1370.679583000
17		41	1370.740849000
17		827	1370.803564000
17		37	1370.804325000
17		123	1370.805082000
17		1358	1370.808454000
17		1358	1370.831514000
17		1358	1370.852974000
17		41	1370.865285000
17		1358	1370.874905000
17		1358	1370.896696000
17		1358	1370.919390000
17		1358	1370.940970000
17		1358	1370.962854000
17		1358	1370.983949000
17		41	1370.989711000
17		1358	1371.006447000
17		1358	1371.027677000
17		1358	1371.050781000
17		41	1371.051559000
17		1358	1371.072027000
17		1358	1371.094648000
17		41	1371.113697000
17		1358	1371.115776000
17		1358	1371.138370000
17		1358	1371.159709000
17		41	1371.174872000
17		1358	1371.181473000
17		1358	1371.202842000
17		1358	1371.224331000
17		1358	1371.246787000
17		1358	1371.268995000
17		1358	1371.291180000
17		41	1371.299476000
17		1358	1371.311865000
17		1358	1371.334421000
17		1358	1371.356310000
17		41	1371.361356000
17		1358	1371.378200000
17		1358	1371.399714000
17		1358	1371.421915000
17		41	1371.423413000
17		1358	1371.443710000
17		1358	1371.466331000
17		1358	1371.488113000
17		1358	1371.510201000
17		1358	1371.531836000
17		41	1371.547873000
17		1358	1371.553397000
17		1358	1371.575209000
17		1358	1371.597280000
17		41	1371.609610000
17		1358	1371.619454000
17		1358	1371.640706000
17		1358	1371.663235000
17		1358	1371.684563000
17		1358	1371.706626000
17		1358	1371.728177000
17		1358	1371.750950000
17		1358	1371.772090000
17		1358	1371.794063000
17		1358	1371.815786000
17		1358	1371.838509000
17		1358	1371.859115000
17		622	1371.882006000
17		44	1372.477191000
17		34	1372.503140000
17		41	1372.539267000
17		41	1372.601068000
17		41	1372.663322000
17		41	1372.725576000
17		41	1372.786780000
17		41	1372.849003000
17		41	1372.911150000
17		41	1372.973239000
17		41	1373.035390000
17		41	1373.097391000
17		41	1373.159606000
17		41	1373.220837000
17		41	1373.283133000
17		41	1373.345202000
17		41	1373.407160000
17		41	1373.469372000
17		41	1373.531434000
17		41	1373.593599000
17		41	1373.655690000
17		46	1373.717037000
17		34	1373.743869000
17		41	1373.779039000
17		41	1373.841081000
17		41	1373.903260000
17		41	1373.965406000
17		41	1374.027718000
17		41	1374.089760000
17		41	1374.151738000
17		41	1374.212803000
17		41	1374.274947000
17		41	1374.337132000
17		41	1374.399428000
17		41	1374.461641000
17		41	1374.522863000
17		41	1374.585209000
17		41	1374.647191000
17		41	1374.709340000
17		41	1374.771509000
17		41	1374.832886000
17		41	1374.895117000
17		46	1374.957277000
17		34	1374.983669000
17		41	1375.019413000
17		41	1375.081187000
17		41	1375.143158000
17		41	1375.205093000
17		910	1375.267246000
17		36	1375.268035000
17		123	1375.268856000
17		1354	1375.292376000
17		1358	1375.292433000
17		1358	1375.292440000
17		1358	1375.315793000
17		1358	1375.336774000
17		44	1375.577147000
17		1358	1375.578881000
17		1358	1375.601412000
17		1358	1375.624101000
17		41	1375.639210000
17		1358	1375.645833000
17		1358	1375.667015000
17		1358	1375.689764000
17		41	1375.701437000
17		1358	1375.711195000
17		1358	1375.733078000
17		1358	1375.754518000
17		41	1375.763168000
17		1358	1375.777003000
17		1358	1375.798022000
17		1358	1375.821286000
17		41	1375.824961000
17		1358	1375.841902000
17		1358	1375.864601000
17		1358	1375.886129000
17		1358	1375.907943000
17		1358	1375.929483000
17		41	1375.949180000
17		1358	1375.950950000
17		1358	1375.973622000
17		1358	1375.996294000
17		1358	1376.017873000
17		1358	1376.039893000
17		1358	1376.061254000
17		1358	1376.083052000
17		1358	1376.104619000
17		1358	1376.126672000
17		1358	1376.148359000
17		1358	1376.170064000
17		1358	1376.192341000
17		41	1376.196912000
17		1358	1376.214370000
17		1358	1376.236056000
17		1358	1376.258388000
17		41	1376.259459000
17		1358	1376.279805000
17		1358	1376.302033000
17		41	1376.321064000
17		1358	1376.322783000
17		1358	1376.345497000
17		1358	1376.368410000
17		41	1376.383229000
17		1358	1376.389581000
17		1358	1376.411721000
17		1358	1376.433642000
17		41	1376.445686000
17		1358	1376.455486000
17		1358	1376.476698000
17		1358	1376.497976000
17		41	1376.507441000
17		1358	1376.521020000
17		627	1376.542445000
17		41	1376.569606000
17		41	1376.693608000
17		41	1376.755005000
17		41	1376.817662000
17		41	1376.879428000
17		41	1377.002839000
17		41	1377.065823000
17		41	1377.127525000
17		46	1377.189423000
17		34	1377.215760000
17		41	1377.250877000
17		41	1377.312937000
17		41	1377.375588000
17		41	1377.437622000
17		41	1377.498845000
17		41	1377.623350000
17		41	1377.685219000
17		41	1377.747453000
17		41	1377.809214000
17		41	1377.932966000
17		41	1377.995308000
17		41	1378.057602000
17		41	1378.181627000
17		41	1378.243486000
17		41	1378.305528000
17		41	1378.367635000
17		41	1378.491070000
17		41	1378.553067000
17		41	1378.615168000
17		909	1378.677766000
17		37	1378.678506000
17		1358	1378.682661000
17		41	1378.801777000
17		41	1378.863104000
17		1358	1378.864912000
17		41	1378.925341000
17		1358	1379.047965000
17		41	1379.049179000
17		41	1379.111260000
17		41	1379.173473000
17		1358	1379.229991000
17		41	1379.235109000
17		1358	1379.292965000
17		41	1379.297357000
17		1358	1379.355779000
17		1358	1379.419589000
17		1358	1379.483074000
17		1358	1379.545304000
17		1358	1379.608754000
17		1358	1379.672040000
17		1358	1379.735588000
17		1358	1379.798123000
17		1358	1379.861029000
17		1358	1379.924479000
17		41	1379.931156000
17		44	1379.977087000
17		1358	1379.986997000
17		1358	1380.049985000
17		41	1380.069004000
17		1358	1380.113638000
17		41	1380.115210000
17		1358	1380.177535000
17		41	1380.207409000
17		1358	1380.239440000
17		41	1380.253154000
17		41	1380.298869000
17		1358	1380.302638000
17		1358	1380.353359000
17		1358	1380.403235000
17		41	1380.437758000
17		1358	1380.455466000
17		41	1380.483083000
17		1358	1380.507427000
17		41	1380.575357000
17		1358	1380.577099000
17		41	1380.621409000
17		1358	1380.662447000
17		41	1380.713667000
17		1358	1380.747284000
17		41	1380.805120000
17		1358	1380.832449000
17		41	1380.897716000
17		1358	1380.917057000
17		41	1380.989157000
17		1358	1380.990897000
17		41	1381.080843000
17		1358	1381.082085000
17		41	1381.127599000
17		41	1381.219277000
17		1358	1381.221698000
17		41	1381.310919000
17		1358	1381.312681000
17		41	1381.402842000
17		1358	1381.404306000
17		41	1381.449105000
17		1358	1381.475181000
17		46	1381.495405000
17		33	1381.521947000
17		1358	1381.546339000
17		41	1381.587581000
17		1358	1381.617040000
17		41	1381.633294000
17		1358	1381.688714000
17		41	1381.725640000
17		1358	1381.759627000
17		41	1381.771190000
17		1358	1381.831022000
17		41	1381.862890000
17		1358	1381.902063000
17		41	1381.955450000
17		1358	1381.973027000
17		41	1382.001707000
17		1358	1382.044021000
17		41	1382.093440000
17		1274	1382.115371000
17		41	1382.139468000
17		41	1382.185491000
17		41	1382.277644000
17		41	1382.368866000
17		41	1382.414966000
17		41	1382.461117000
17		41	1382.507236000
17		41	1382.553184000
17		41	1382.599256000
17		41	1382.645397000
17		41	1382.691520000
17		46	1382.737558000
17		33	1382.764226000
17		41	1382.783801000
17		41	1382.829686000
17		827	1382.875348000
17		36	1382.876100000
17		122	1382.877384000
17		1354	1382.877403000
17		1358	1382.877407000
17		1358	1382.877428000
17		1358	1382.877432000
17		1358	1382.877437000
17		1358	1382.877440000
17		1358	1382.877444000
17		1358	1382.877448000
17		1358	1382.877452000
17		1358	1382.948661000
17		1358	1383.018589000
17		44	1383.059468000
17		33	1383.086475000
17		1358	1383.088406000
17		41	1383.105602000
17		1358	1383.143569000
17		41	1383.151538000
17		41	1383.197865000
17		1358	1383.199515000
17		41	1383.243433000
17		1358	1383.256845000
17		41	1383.289560000
17		41	1383.335709000
17		1358	1383.349678000
17		41	1383.381370000
17		41	1383.426858000
17		1358	1383.443668000
17		41	1383.472948000
17		1358	1383.511429000
17		1358	1383.570882000
17		41	1383.611309000
17		1358	1383.629293000
17		41	1383.657082000
17		1358	1383.688365000
17		1358	1383.738731000
17		41	1383.748994000
17		1358	1383.788639000
17		1358	1383.838617000
17		41	1383.841116000
17		41	1383.886837000
17		1358	1383.888340000
17		1358	1383.937797000
17		41	1383.979042000
17		1358	1383.987784000
17		1358	1384.037727000
17		41	1384.070902000
17		1358	1384.086774000
17		1358	1384.137915000
17		41	1384.162851000
17		1358	1384.186913000
17		1358	1384.236836000
17		41	1384.255360000
17		1358	1384.286490000
17		41	1384.301131000
17		1358	1384.336994000
17		46	1384.346945000
17		33	1384.373213000
17		1358	1384.386986000
17		41	1384.439155000
17		1358	1384.440983000
17		41	1384.485593000
17		1358	1384.491925000
17		41	1384.577460000
17		1358	1384.579202000
17		41	1384.623211000
17		1358	1384.629445000
17		41	1384.715469000
17		1358	1384.716905000
17		41	1384.761696000
17		1358	1384.762859000
6	570		1384.806981000
6	39		1384.807007000
6	0		1384.809173000
6	0		1384.809195000
6	39		1384.809386000
6	69		1384.814261000
6	70		1384.823487000
17		41	1384.852982000
17		1358	1384.854788000
17		41	1384.945589000
17		1358	1384.947463000
17		41	1384.991564000
17		1358	1385.014189000
17		41	1385.082880000
17		1358	1385.084649000
17		1358	1385.136126000
17		41	1385.174920000
17		1358	1385.185737000
17		41	1385.221361000
17		1358	1385.236568000
17		41	1385.312973000
17		1358	1385.314399000
17		41	1385.405020000
17		576	1385.406882000
17		41	1385.451013000
17		41	1385.543612000
17		41	1385.635133000
17		41	1385.726860000
17		41	1385.772874000
6	0		1385.819003000
6	39		1385.819008000
6	0		1385.826007000
17		46	1385.865679000
17		33	1385.892793000
17		41	1385.957467000
17		41	1386.049606000
17		41	1386.140795000
17		41	1386.233671000
17		41	1386.325600000
17		41	1386.370978000
17		909	1386.463651000
17		36	1386.464374000
17		129	1386.464992000
17		1354	1386.465066000
17		1358	1386.465076000
17		1358	1386.465080000
17		1358	1386.465084000
17		1358	1386.465088000
17		1358	1386.465092000
17		1358	1386.465095000
17		1358	1386.465099000
17		1358	1386.465104000
17		1358	1386.505549000
17		1358	1386.545795000
17		1358	1386.585113000
17		1358	1386.625247000
17		1358	1386.665455000
17		41	1386.968986000
17		44	1387.014905000
17		41	1387.014931000
17		1358	1387.017192000
17		41	1387.061524000
17		1358	1387.084464000
17		41	1387.107883000
17		1358	1387.151558000
17		41	1387.153412000
17		41	1387.199888000
17		1358	1387.218835000
17		41	1387.245476000
17		1358	1387.269209000
17		41	1387.291011000
17		1358	1387.319922000
17		41	1387.337483000
17		1358	1387.369360000
17		41	1387.383023000
17		1358	1387.419356000
17		1358	1387.468337000
17		41	1387.474851000
17		1358	1387.519297000
17		41	1387.521416000
17		41	1387.567364000
17		1358	1387.569174000
17		41	1387.612875000
17		1358	1387.619323000
17		41	1387.658817000
17		1358	1387.669803000
17		1358	1387.719244000
17		41	1387.843438000
17		1358	1387.845185000
17		41	1387.889023000
17		1358	1387.895736000
17		41	1387.981268000
17		1358	1387.982864000
17		41	1388.073364000
17		1358	1388.075154000
17		41	1388.165404000
17		1358	1388.168033000
17		46	1388.211351000
17		1358	1388.219637000
17		41	1388.304135000
17		1114	1388.305843000
17		41	1388.348903000
17		41	1388.440972000
17		41	1388.487567000
17		41	1388.532941000
17		41	1388.625352000
17		910	1388.671005000
17		36	1388.671786000
17		131	1388.672679000
17		1358	1388.680876000
17		1358	1388.748357000
17		41	1388.763056000
17		1358	1388.814253000
17		1358	1388.880443000
17		41	1388.901022000
17		41	1388.947500000
17		1358	1388.948085000
17		1358	1388.997113000
17		41	1389.039162000
17		1358	1389.047004000
17		1358	1389.097663000
17		41	1389.131345000
17		1358	1389.146226000
17		1358	1389.196852000
17		41	1389.223172000
17		1358	1389.246089000
17		41	1389.269453000
17		1358	1389.296977000
17		1358	1389.345930000
17		41	1389.361095000
17		1358	1389.395939000
17		44	1389.545693000
17		33	1389.572207000
17		41	1389.637743000
17		1358	1389.640187000
17		41	1389.683064000
17		1358	1389.691364000
17		41	1389.775036000
17		1358	1389.776803000
17		41	1389.867536000
17		1358	1389.869097000
17		41	1389.959171000
17		1358	1389.960735000
17		41	1390.005114000
17		1358	1390.011908000
17		41	1390.097150000
17		1358	1390.098969000
17		41	1390.143699000
17		1358	1390.149136000
17		41	1390.189459000
17		1358	1390.191114000
17		41	1390.283219000
17		1358	1390.284923000
17		41	1390.327400000
17		1358	1390.329189000
17		41	1390.419383000
17		1358	1390.421075000
17		41	1390.511525000
17		1358	1390.512535000
17		41	1390.557533000
17		1358	1390.563615000
17		41	1390.741360000
17		1358	1390.743201000
17		41	1390.833675000
17		1358	1390.835332000
17		41	1390.925364000
17		1358	1390.927022000
17		41	1391.017760000
17		1358	1391.018931000
17		41	1391.063173000
17		1358	1391.069354000
17		46	1391.155427000
17		1358	1391.157167000
17		41	1391.247346000
17		1358	1391.249086000
17		41	1391.292857000
17		1358	1391.299222000
17		41	1391.385212000
17		1358	1391.386986000
17		41	1391.477130000
17		1358	1391.479122000
17		41	1391.523220000
17		1358	1391.529728000
17		41	1391.661653000
17		1358	1391.663070000
17		41	1391.753231000
17		1358	1391.754404000
17		41	1391.799659000
17		1358	1391.804675000
17		41	1391.937301000
17		1358	1391.939416000
17		41	1392.029225000
17		518	1392.031328000
17		41	1392.121297000
17		41	1392.259556000
17		41	1392.350950000
17		41	1392.443238000
17		41	1392.535247000
17		41	1392.628160000
17		41	1392.673648000
17		41	1392.719305000
17		41	1392.857891000
17		46	1392.949684000
17		33	1392.976315000
17		41	1392.995636000
17		41	1393.088049000
17		827	1393.133318000
17		36	1393.134133000
17		122	1393.134947000
17		1354	1393.134998000
17		1358	1393.135006000
17		1358	1393.135010000
17		1358	1393.185666000
17		1358	1393.235056000
17		41	1393.271938000
17		44	1393.317402000
17		41	1393.317432000
17		1358	1393.319122000
6	0		1393.362917000
17		41	1393.362950000
17		1358	1393.369295000
6	0		1393.370408000
17		41	1393.409136000
17		1358	1393.419884000
17		1358	1393.469834000
17		41	1393.501062000
17		1358	1393.520159000
17		41	1393.547382000
17		1358	1393.569302000
17		1358	1393.618916000
17		41	1393.639195000
17		1358	1393.668782000
17		1358	1393.718837000
17		41	1393.731021000
17		1358	1393.768837000
17		41	1393.823055000
17		1358	1393.824789000
17		41	1393.868885000
17		1358	1393.870643000
17		41	1393.961114000
17		1358	1393.962179000
17		41	1394.006987000
17		1358	1394.029633000
17		41	1394.052971000
17		1358	1394.097062000
17		41	1394.145112000
17		41	1394.190825000
17		1358	1394.192646000
17		41	1394.283693000
17		1358	1394.285079000
17		41	1394.328804000
17		1358	1394.344207000
17		41	1394.421475000
17		1358	1394.422586000
17		41	1394.513505000
17		1358	1394.515516000
17		41	1394.605657000
17		1358	1394.607432000
17		46	1394.651672000
17		1358	1394.667320000
17		41	1394.788986000
6	668		1394.789025000
6	0		1394.790710000
17		1358	1394.790749000
6	67		1394.793064000
6	31		1394.795829000
6	39		1394.798383000
17		41	1394.835691000
17		1358	1394.850419000
17		1358	1394.910215000
17		41	1394.973428000
17		1358	1394.975202000
17		41	1395.064830000
17		1358	1395.066619000
17		41	1395.157031000
17		1358	1395.158783000
17		41	1395.248838000
17		1358	1395.250709000
6	0		1395.341722000
6	39		1395.341749000
17		41	1395.341756000
17		1358	1395.343718000
6	0		1395.348554000
17		41	1395.387616000
17		1358	1395.392186000
17		41	1395.433557000
17		1358	1395.440528000
17		41	1395.524995000
17		1358	1395.526735000
17		41	1395.616826000
17		1358	1395.618525000
17		41	1395.708926000
17		1358	1395.710293000
17		41	1395.801368000
17		1358	1395.803127000
17		41	1395.893652000
17		1358	1395.895374000
17		41	1395.939322000
17		1358	1395.955130000
17		41	1395.985326000
17		1358	1396.014967000
17		41	1396.031825000
17		1358	1396.074401000
17		41	1396.168767000
17		1358	1396.170405000
17		41	1396.215274000
17		1358	1396.229746000
17		46	1396.353366000
17		1358	1396.354840000
17		41	1396.445379000
17		1358	1396.447131000
17		41	1396.491377000
17		597	1396.511486000
17		41	1396.583713000
17		41	1396.629266000
17		41	1396.721340000
17		41	1396.767165000
17		41	1396.904882000
17		41	1396.951000000
17		910	1396.997413000
17		36	1396.998185000
17		136	1396.998860000
17		1354	1396.998896000
17		1358	1396.998905000
17		1358	1396.998910000
17		1358	1396.998916000
17		1358	1396.998922000
17		1358	1397.050229000
17		1358	1397.100633000
17		41	1397.227299000
17		44	1397.273084000
17		33	1397.298823000
17		41	1397.319058000
17		1358	1397.320834000
17		41	1397.364914000
17		1358	1397.406260000
17		41	1397.410866000
17		41	1397.457455000
17		1358	1397.490902000
17		41	1397.502860000
17		1358	1397.553289000
17		41	1397.595319000
17		1358	1397.617610000
17		1358	1397.679740000
17		1358	1397.742967000
17		41	1397.779369000
17		1358	1397.806927000
17		1358	1397.870276000
17		41	1397.917681000
17		1358	1397.933627000
17		41	1398.009084000
17		1358	1398.010201000
17		41	1398.101116000
17		1358	1398.102862000
17		41	1398.147154000
17		1358	1398.166908000
17		1358	1398.230685000
17		41	1398.239318000
17		41	1398.284873000
17		1358	1398.294383000
17		1358	1398.358178000
17		41	1398.423317000
17		1358	1398.425108000
17		41	1398.469290000
17		1358	1398.490021000
17		41	1398.561077000
17		1358	1398.562056000
17		41	1398.653481000
17		1358	1398.655333000
17		41	1398.699570000
17		1358	1398.706364000
17		41	1398.791650000
17		1358	1398.793086000
17		46	1398.883275000
17		1358	1398.884988000
17		41	1398.929149000
17		1358	1398.970199000
17		41	1398.975270000
17		41	1399.021384000
17		1358	1399.054210000
17		1358	1399.139207000
17		41	1399.158907000
17		41	1399.205136000
17		1358	1399.222798000
17		41	1399.251151000
17		1358	1399.286500000
17		1358	1399.349767000
17		41	1399.389530000
17		1358	1399.412778000
17		41	1399.434919000
17		1358	1399.475288000
17		41	1399.481013000
17		1358	1399.539064000
17		41	1399.573356000
17		1358	1399.601965000
17		41	1399.619431000
17		1358	1399.666468000
17		41	1399.711504000
17		1358	1399.729301000
17		1358	1399.792041000
17		41	1399.803465000
17		1358	1399.854748000
17		41	1399.895592000
17		1358	1399.919396000
17		41	1399.941754000
17		1358	1399.987256000
17		41	1400.032945000
17		1358	1400.055406000
17		41	1400.079313000
17		1358	1400.123286000
17		41	1400.217584000
17		1358	1400.219290000
17		41	1400.308943000
17		1358	1400.310698000
17		46	1400.401481000
17		1358	1400.402934000
17		41	1400.446884000
17		1358	1400.457664000
17		41	1400.492978000
17		1358	1400.512631000
17		41	1400.585764000
17		1358	1400.587445000
17		41	1400.630932000
17		41	1400.677307000
17		1358	1400.677765000
17		41	1400.768843000
17		1358	1400.768886000
17		1358	1400.859401000
17		41	1400.861121000
17		1358	1400.927569000
17		41	1400.952921000
17		1358	1400.996294000
17		41	1401.045377000
17		1358	1401.064813000
17		41	1401.091615000
17		1358	1401.132941000
17		41	1401.183021000
17		1358	1401.201128000
17		41	1401.229452000
17		1358	1401.270246000
17		41	1401.275349000
17		1358	1401.338595000
17		41	1401.366874000
17		1358	1401.406538000
17		41	1401.459725000
17		1358	1401.475419000
17		41	1401.504860000
17		1358	1401.543939000
17		41	1401.643664000
17		1358	1401.645381000
17		41	1401.689242000
17		1358	1401.713144000
17		41	1401.735477000
17		1358	1401.781213000
17		46	1401.827389000
17		1358	1401.849340000
17		41	1401.919362000
17		1358	1401.922001000
17		1358	1401.977020000
17		41	1402.057139000
17		1358	1402.058206000
17		41	1402.102927000
17		1358	1402.148605000
17		41	1402.240798000
17		1358	1402.242140000
17		41	1402.287466000
17		1358	1402.309743000
17		41	1402.333348000
17		1358	1402.378608000
17		41	1402.378831000
17		1358	1402.447201000
17		41	1402.517650000
17		1358	1402.518517000
17		41	1402.563210000
17		1358	1402.587192000
17		41	1402.654932000
17		1358	1402.656781000
17		41	1402.747024000
17		1358	1402.749516000
17		41	1402.793104000
17		1358	1402.818412000
17		41	1402.885583000
17		1358	1402.887073000
17		41	1402.931430000
17		1358	1402.954865000
17		41	1402.976944000
17		1358	1403.023042000
17		41	1403.115334000
17		1358	1403.116891000
17		41	1403.207090000
17		1358	1403.208557000
17		41	1403.299612000
17		1358	1403.300567000
17		41	1403.345126000
17		46	1403.391554000
17		33	1403.418545000
17		41	1403.482852000
17		41	1403.528904000
17		1358	1403.530610000
17		41	1403.575078000
17		1358	1403.599295000
17		41	1403.713678000
17		1358	1403.715387000
17		41	1403.759692000
17		1358	1403.783934000
17		41	1403.897500000
17		1358	1403.899292000
17		41	1403.989026000
17		1358	1403.990801000
17		1358	1404.059513000
17		41	1404.081221000
17		1358	1404.126231000
17		41	1404.173672000
17		1358	1404.193835000
17		1358	1404.262462000
17		41	1404.264994000
17		1358	1404.329350000
17		41	1404.357590000
17		1358	1404.396165000
17		41	1404.449622000
17		1358	1404.463850000
17		41	1404.494858000
17		1358	1404.530804000
17		41	1404.587638000
17		1358	1404.597902000
17		1358	1404.666791000
17		41	1404.679142000
17		1358	1404.733228000
17		41	1404.771774000
17		1358	1404.800888000
6	624		1404.817303000
17		41	1404.817352000
6	0		1404.818556000
6	69		1404.819972000
6	31		1404.821705000
6	39		1404.823121000
17		1358	1404.868235000
17		41	1404.909583000
17		1358	1404.935498000
17		41	1405.000891000
17		1358	1405.003156000
17		46	1405.046990000
17		1358	1405.072911000
17		41	1405.138878000
17		1358	1405.140743000
17		1358	1405.210496000
17		41	1405.231061000
17		41	1405.276968000
17		1358	1405.278715000
17		41	1405.323028000
17		1358	1405.349156000
6	0		1405.369293000
6	0		1405.415090000
6	0		1405.415122000
6	39		1405.415133000
17		41	1405.415143000
17		1358	1405.416814000
6	0		1405.421620000
17		1358	1405.472510000
17		41	1405.506859000
17		1358	1405.527177000
17		1358	1405.582247000
17		41	1405.599516000
17		1358	1405.637562000
17		41	1405.645682000
17		1358	1405.693326000
17		41	1405.736871000
17		1358	1405.748905000
17		41	1405.783334000
17		1358	1405.803638000
17		41	1405.828945000
17		1358	1405.858205000
17		41	1405.875248000
17		1358	1405.913512000
17		41	1405.967714000
17		1358	1406.005626000
6	131		1406.013214000
6	697		1406.013239000
17		41	1406.013249000
6	0		1406.014546000
6	0		1406.014579000
6	68		1406.020961000
6	93		1406.022489000
6	39		1406.026671000
17		41	1406.058909000
17		1358	1406.096701000
17		41	1406.150881000
17		1358	1406.184303000
17		41	1406.196966000
17		41	1406.243376000
17		1358	1406.271946000
17		41	1406.289642000
17		1358	1406.333194000
17		46	1406.335087000
17		33	1406.361373000
17		41	1406.381258000
17		1358	1406.394128000
17		432	1406.451758000
17		41	1406.473309000
6	0		1406.519746000
6	39		1406.519773000
17		41	1406.519780000
6	0		1406.526681000
17		41	1406.565076000
17		41	1406.703316000
17		822	1406.749116000
17		36	1406.749814000
17		1358	1406.752146000
17		41	1406.795440000
17		1358	1406.810829000
17		41	1406.841193000
17		1358	1406.868470000
17		1358	1406.926630000
17		41	1406.932854000
17		41	1406.979290000
17		1358	1406.985490000
17		1358	1407.042841000
17		1358	1407.100708000
17		41	1407.117012000
17		1358	1407.158807000
17		44	1407.163388000
17		33	1407.189981000
17		1358	1407.216935000
17		41	1407.255458000
17		1358	1407.273882000
17		41	1407.301125000
17		1358	1407.333021000
17		1358	1407.390551000
17		41	1407.393335000
17		1358	1407.448336000
17		41	1407.484936000
17		1358	1407.505928000
17		41	1407.531209000
17		1358	1407.564082000
17		41	1407.577389000
17		1358	1407.621869000
17		41	1407.623145000
17		1358	1407.680504000
17		41	1407.715496000
17		1358	1407.738179000
17		1358	1407.796378000
17		41	1407.807387000
17		41	1407.853482000
17		1358	1407.854020000
17		1358	1407.911880000
17		41	1407.945227000
17		1358	1407.969262000
17		1358	1408.027877000
17		41	1408.037450000
17		41	1408.083049000
17		1358	1408.084799000
17		1358	1408.143981000
17		41	1408.175378000
17		1358	1408.201841000
17		41	1408.221088000
17		1358	1408.259615000
17		41	1408.312924000
17		1358	1408.318001000
17		41	1408.359285000
17		1358	1408.375561000
17		41	1408.404911000
17		1358	1408.433581000
17		1358	1408.491424000
17		41	1408.497725000
17		1358	1408.549273000
17		46	1408.589932000
17		1358	1408.607353000
17		41	1408.635432000
17		1358	1408.666439000
17		1358	1408.723609000
17		41	1408.727617000
17		41	1408.773761000
17		1358	1408.781097000
17		1358	1408.828534000
17		41	1408.865368000
17		1358	1408.874124000
17		1358	1408.920588000
17		41	1408.957373000
17		1358	1408.967080000
17		41	1409.003754000
17		1358	1409.014056000
17		1358	1409.059194000
17		41	1409.095081000
17		1358	1409.106343000
17		41	1409.141611000
17		1358	1409.152937000
17		41	1409.186887000
17		1358	1409.231071000
17		41	1409.279393000
17		1358	1409.308899000
17		41	1409.371470000
17		1358	1409.387547000
17		41	1409.417676000
17		1358	1409.466174000
17		41	1409.508990000
17		1358	1409.545346000
17		41	1409.555505000
17		1358	1409.623018000
17		41	1409.646830000
17		1358	1409.681390000
17		41	1409.739590000
17		1358	1409.741701000
17		41	1409.785021000
17		1358	1409.800423000
17		41	1409.831378000
17		1358	1409.859387000
17		41	1409.877457000
17		1358	1409.918642000
17		46	1409.969740000
17		1358	1409.977208000
17		41	1410.014908000
17		1358	1410.035675000
17		41	1410.107096000
17		1358	1410.109209000
17		41	1410.153101000
17		1358	1410.168401000
17		41	1410.245471000
17		1358	1410.247356000
17		41	1410.337430000
17		1358	1410.339159000
17		41	1410.428833000
17		1358	1410.430602000
17		41	1410.520806000
17		1358	1410.522141000
17		41	1410.613112000
17		1358	1410.614537000
17		41	1410.658824000
17		1358	1410.673239000
17		41	1410.751499000
17		1358	1410.753249000
17		41	1410.797189000
17		1358	1410.812114000
17		41	1410.843354000
17		1358	1410.871626000
17		41	1410.889225000
17		35	1410.890941000
17		41	1410.935357000
17		1358	1410.936944000
17		41	1411.027157000
17		1358	1411.028859000
17		41	1411.073233000
17		1358	1411.087551000
17		41	1411.119174000
17		1358	1411.146063000
17		41	1411.257331000
17		1358	1411.258739000
17		41	1411.303077000
17		1358	1411.317545000
17		41	1411.348938000
17		1358	1411.376801000
17		41	1411.441332000
17		1358	1411.443149000
17		41	1411.487604000
17		1358	1411.502129000
17		41	1411.579211000
17		1358	1411.580293000
17		41	1411.671446000
17		1358	1411.673181000
17		41	1411.763567000
17		1358	1411.765154000
17		41	1411.855444000
17		1358	1411.856824000
17		41	1411.901598000
17		1358	1411.916300000
17		41	1411.993428000
17		1358	1411.995418000
17		41	1412.039615000
17		1358	1412.053468000
17		41	1412.131549000
17		1358	1412.133262000
17		41	1412.223422000
17		1358	1412.225098000
17		524	1412.271725000
17		41	1412.315185000
17		46	1412.407072000
17		33	1412.433376000
17		41	1412.453344000
17		41	1412.545513000
17		41	1412.636834000
17		41	1412.683222000
17		41	1412.775117000
17		41	1412.867375000
17		41	1412.959594000
17		41	1413.005511000
17		41	1413.051396000
17		41	1413.096891000
17		41	1413.235748000
17		912	1413.281049000
17		36	1413.281937000
17		142	1413.282688000
17		1353	1413.282701000
17		1358	1413.282706000
17		1358	1413.282710000
17		1358	1413.282738000
17		1358	1413.282742000
17		1358	1413.282746000
17		1358	1413.282750000
17		1358	1413.282754000
17		1358	1413.282758000
17		1358	1413.342094000
17		1358	1413.400329000
17		41	1413.419054000
17		44	1413.464921000
17		41	1413.464951000
17		33	1413.491520000
17		41	1413.511511000
17		41	1413.557438000
17		41	1413.602823000
17		41	1413.649075000
17		1358	1413.651079000
17		41	1413.695414000
17		1358	1413.697381000
17		41	1413.741384000
17		1358	1413.755417000
17		41	1413.787371000
17		1358	1413.814263000
17		41	1413.833569000
17		1358	1413.872175000
17		41	1413.925473000
17		1358	1413.930524000
17		1358	1413.987531000
17		41	1414.017703000
17		1358	1414.045802000
17		41	1414.155136000
17		1358	1414.156240000
17		41	1414.201242000
17		1358	1414.202911000
17		41	1414.292863000
17		1358	1414.294305000
17		41	1414.338793000
17		1358	1414.372719000
17		41	1414.430870000
17		1358	1414.450762000
17		41	1414.477263000
17		1358	1414.510253000
17		41	1414.569463000
17		1358	1414.571170000
17		41	1414.661323000
17		1358	1414.662553000
17		46	1414.753643000
17		1358	1414.755404000
6	604		1414.799216000
17		41	1414.799249000
6	0		1414.800654000
6	69		1414.802746000
6	31		1414.803798000
6	39		1414.805060000
17		1358	1414.822464000
17		41	1414.890799000
17		1358	1414.892523000
17		41	1414.983773000
17		1358	1414.985089000
17		41	1415.029820000
17		1358	1415.051300000
17		41	1415.121450000
17		1358	1415.123084000
17		41	1415.167368000
17		1358	1415.189134000
17		41	1415.305199000
17		1358	1415.306956000
17		41	1415.397256000
17		1358	1415.399412000
6	0		1415.443326000
6	39		1415.443361000
6	0		1415.449864000
17		41	1415.489572000
17		1358	1415.491312000
17		41	1415.535420000
17		1358	1415.544800000
17		41	1415.581301000
17		1358	1415.598499000
17		41	1415.718831000
17		1358	1415.720603000
17		41	1415.765790000
17		1358	1415.809565000
17		41	1415.811192000
17		1358	1415.897646000
17		41	1415.949331000
17		1358	1415.986241000
17		41	1415.995566000
17		1358	1416.052586000
17		41	1416.087671000
17		1358	1416.119322000
17		41	1416.133617000
17		834	1416.185837000
17		41	1416.225121000
17		46	1416.317514000
17		33	1416.344226000
17		41	1416.409651000
17		41	1416.455244000
17		905	1416.501327000
17		36	1416.502137000
17		1358	1416.505090000
17		1358	1416.571875000
17		41	1416.593159000
17		1358	1416.637918000
17		41	1416.685301000
17		1358	1416.703125000
17		41	1416.730993000
17		1358	1416.769454000
17		41	1416.776815000
17		1358	1416.834478000
17		41	1416.869707000
17		1358	1416.900491000
17		44	1416.961159000
17		1358	1416.965777000
6	127		1417.007587000
6	697		1417.007613000
6	0		1417.009154000
6	0		1417.009188000
6	68		1417.016237000
6	62		1417.017596000
6	70		1417.020147000
17		1358	1417.031953000
17		41	1417.053023000
17		1358	1417.097068000
17		41	1417.099096000
17		1358	1417.150702000
17		41	1417.191252000
17		1358	1417.204161000
17		41	1417.283328000
17		1358	1417.292691000
17		41	1417.375070000
17		1358	1417.381444000
17		41	1417.421565000
17		1358	1417.447411000
17		41	1417.467164000
17		1358	1417.513521000
6	0		1417.559397000
6	39		1417.559402000
6	0		1417.566032000
17		41	1417.604818000
17		1358	1417.606543000
17		41	1417.650809000
17		1358	1417.673688000
17		41	1417.696991000
17		1358	1417.740126000
17		41	1417.789300000
17		1358	1417.806743000
17		41	1417.880867000
17		1358	1417.881758000
17		41	1417.973412000
17		1358	1417.975910000
17		41	1418.065179000
17		1358	1418.066263000
17		41	1418.157517000
17		1358	1418.158655000
17		41	1418.248799000
17		1358	1418.250529000
17		41	1418.295683000
17		1358	1418.323931000
17		41	1418.340838000
17		1358	1418.397613000
17		41	1418.479779000
17		1358	1418.481270000
17		46	1418.525240000
17		1358	1418.539769000
17		41	1418.571118000
17		1358	1418.598578000
17		41	1418.663714000
17		1358	1418.664761000
17		41	1418.755058000
17		1358	1418.762135000
17		41	1418.847411000
17		1358	1418.859635000
17		41	1418.893002000
17		1358	1418.932291000
17		41	1418.985464000
17		1358	1419.005599000
17		41	1419.077762000
17		1358	1419.079578000
17		41	1419.123528000
17		1358	1419.152200000
17		41	1419.169541000
17		41	1419.215093000
17		1358	1419.224844000
17		41	1419.261304000
17		1358	1419.298364000
17		41	1419.353725000
17		1358	1419.370322000
17		41	1419.400074000
17		1358	1419.442532000
17		41	1419.445724000
17		1358	1419.514878000
17		41	1419.583142000
17		1358	1419.587250000
17		41	1419.629405000
17		1358	1419.659458000
17		41	1419.675310000
17		41	1419.720985000
17		1358	1419.731870000
17		429	1419.804093000
17		41	1419.813161000
17		46	1419.905496000
17		33	1419.931465000
17		41	1419.997412000
17		41	1420.089621000
17		41	1420.181437000
17		830	1420.273457000
17		36	1420.274239000
17		134	1420.274915000
17		1353	1420.274967000
17		1358	1420.274973000
17		1358	1420.274977000
17		1358	1420.274981000
17		1358	1420.274985000
17		1358	1420.333506000
17		1358	1420.391350000
17		1358	1420.449557000
17		44	1420.549626000
17		33	1420.575644000
17		41	1420.595509000
17		1358	1420.597632000
17		41	1420.640794000
17		41	1420.686925000
17		1358	1420.694861000
17		41	1420.733640000
17		1358	1420.791478000
17		41	1420.824962000
17		1358	1420.864082000
17		41	1420.870953000
17		1358	1420.936147000
17		41	1420.963415000
17		1358	1421.008025000
17		41	1421.055248000
17		1358	1421.079848000
17		1358	1421.145898000
17		41	1421.146989000
17		1358	1421.211667000
17		41	1421.239077000
17		1358	1421.277487000
17		41	1421.330868000
17		1358	1421.343161000
17		1358	1421.409318000
17		41	1421.423576000
17		41	1421.469379000
17		1358	1421.474143000
17		1358	1421.540775000
17		41	1421.561514000
17		1358	1421.606902000
17		41	1421.607352000
17		1358	1421.673417000
17		41	1421.699151000
17		1358	1421.740163000
17		41	1421.791302000
17		1358	1421.806938000
17		41	1421.883029000
17		1358	1421.884796000
17		41	1421.929007000
17		1358	1421.938795000
17		46	1422.021276000
17		1358	1422.023186000
17		41	1422.113481000
17		1358	1422.115261000
17		41	1422.205638000
17		1358	1422.207234000
17		41	1422.251255000
17		1358	1422.273736000
17		41	1422.297017000
17		1358	1422.340773000
17		41	1422.388821000
17		1358	1422.407326000
17		41	1422.480796000
17		1358	1422.483010000
17		41	1422.527291000
17		1358	1422.549910000
17		41	1422.665234000
17		1358	1422.666018000
17		41	1422.711300000
17		1358	1422.732973000
17		41	1422.849163000
17		1358	1422.850889000
17		41	1422.894833000
17		1358	1422.917483000
17		41	1422.941641000
17		1358	1422.984703000
17		41	1423.032992000
17		1358	1423.051689000
17		41	1423.079109000
17		1358	1423.118423000
17		41	1423.124897000
17		1358	1423.184600000
17		41	1423.263757000
17		1358	1423.265527000
17		41	1423.355018000
17		1358	1423.356128000
17		41	1423.493486000
17		41	1423.585759000
17		46	1423.631468000
17		33	1423.657957000
17		41	1423.723501000
17		1358	1423.725380000
17		41	1423.768944000
17		1358	1423.792704000
17		41	1423.815468000
17		1358	1423.859453000
17		41	1423.907775000
17		634	1423.925846000
17		41	1423.953160000
17		41	1424.229310000
17		41	1424.321127000
17		41	1424.367274000
17		912	1424.413548000
17		36	1424.414367000
17		142	1424.415047000
17		1353	1424.415137000
17		1358	1424.415147000
17		1358	1424.415151000
17		1358	1424.415155000
17		1358	1424.415159000
17		1358	1424.415163000
17		1358	1424.415167000
17		1358	1424.415171000
17		1358	1424.415175000
17		1358	1424.482068000
17		1358	1424.547199000
17		44	1424.689511000
17		1358	1424.691327000
17		41	1424.735275000
17		1358	1424.758204000
17		41	1424.780943000
17		1358	1424.825186000
17		41	1424.827284000
17		41	1424.873416000
17		1358	1424.892279000
17		41	1424.919381000
17		1358	1424.959076000
17		41	1424.965366000
17		41	1425.011096000
17		1358	1425.024919000
17		41	1425.057379000
17		1358	1425.076404000
17		41	1425.103171000
17		1358	1425.129672000
17		1358	1425.181849000
17		41	1425.195209000
17		1358	1425.235183000
17		41	1425.241498000
17		1358	1425.287444000
17		41	1425.333510000
17		1358	1425.375253000
17		41	1425.425392000
17		1358	1425.447240000
17		1358	1425.517459000
17		41	1425.517563000
17		1358	1425.588924000
17		41	1425.609263000
17		1358	1425.643671000
17		1358	1425.697094000
17		41	1425.701100000
17		41	1425.747718000
17		1358	1425.749575000
17		1358	1425.804444000
17		41	1425.838904000
17		1358	1425.858109000
17		1358	1425.911766000
17		41	1425.931322000
17		1358	1425.965038000
17		46	1425.977250000
17		33	1426.004074000
17		1358	1426.019799000
17		41	1426.068930000
17		1358	1426.074314000
17		1358	1426.128689000
17		41	1426.206807000
17		1358	1426.208571000
17		41	1426.252825000
17		1358	1426.263686000
17		41	1426.345111000
17		1358	1426.347349000
17		41	1426.437536000
17		1358	1426.439232000
17		41	1426.482971000
17		1358	1426.493317000
17		41	1426.529327000
17		1261	1426.547670000
17		41	1426.575349000
17		41	1426.620836000
17		41	1426.666961000
17		41	1426.713070000
17		41	1426.759049000
17		41	1426.805255000
17		41	1426.897486000
17		41	1426.943455000
17		41	1426.988850000
17		41	1427.127202000
17		41	1427.173320000
17		41	1427.219276000
17		831	1427.265650000
17		36	1427.266415000
17		135	1427.267106000
17		1353	1427.267199000
17		1358	1427.267208000
17		1358	1427.267212000
17		1358	1427.267216000
17		1358	1427.267220000
17		1358	1427.267224000
17		1358	1427.267228000
17		1358	1427.267232000
17		1358	1427.267236000
17		1358	1427.322071000
17		1358	1427.375299000
17		1358	1427.429045000
17		1358	1427.482479000
17		44	1427.495121000
17		33	1427.521966000
17		41	1427.541728000
17		41	1427.587288000
17		1358	1427.588906000
17		1358	1427.588942000
17		41	1427.632815000
17		1358	1427.634527000
17		41	1427.678968000
17		1358	1427.680774000
17		41	1427.725002000
17		1358	1427.726789000
17		41	1427.771444000
17		1358	1427.799786000
17		41	1427.816871000
17		41	1427.862975000
17		1358	1427.872394000
17		1358	1427.945092000
17		41	1427.955306000
17		41	1428.001847000
17		1358	1428.016387000
17		1358	1428.071654000
17		41	1428.092963000
17		1358	1428.124450000
17		41	1428.184892000
17		1358	1428.186609000
17		41	1428.276950000
17		1358	1428.278688000
17		41	1428.322972000
17		1358	1428.333188000
17		1358	1428.387792000
17		41	1428.415411000
17		1358	1428.440321000
17		41	1428.506784000
17		1358	1428.508160000
17		41	1428.599256000
17		1358	1428.600964000
17		41	1428.645649000
17		1358	1428.655577000
17		41	1428.737002000
17		1358	1428.738719000
17		46	1428.828974000
17		1358	1428.830646000
17		41	1428.875205000
17		1358	1428.885831000
17		41	1428.921196000
17		1358	1428.940246000
17		41	1429.012911000
17		1358	1429.014591000
17		41	1429.059339000
17		1358	1429.069187000
17		41	1429.105772000
17		1358	1429.123430000
17		41	1429.197142000
17		1358	1429.198872000
17		41	1429.289108000
17		1358	1429.290288000
17		41	1429.335335000
17		1358	1429.345120000
17		41	1429.473055000
17		1358	1429.474060000
17		41	1429.518963000
17		1358	1429.520885000
17		41	1429.565331000
17		1358	1429.566217000
17		41	1429.703669000
17		1358	1429.705403000
17		41	1429.749005000
17		1358	1429.778347000
17		41	1429.841572000
17		1358	1429.851301000
17		1358	1429.904537000
17		41	1429.933404000
17		634	1429.957678000
17		41	1429.979547000
17		41	1430.024869000
17		41	1430.163403000
17		41	1430.254949000
17		46	1430.393447000
17		33	1430.420350000
17		41	1430.439366000
17		41	1430.531048000
17		41	1430.577121000
17		41	1430.623153000
17		41	1430.715541000
17		914	1430.807095000
17		36	1430.807945000
17		1358	1430.808698000
17		1358	1430.808712000
17		1358	1430.808737000
17		1358	1430.808742000
17		1358	1430.808746000
17		1358	1430.808751000
17		1358	1430.808755000
17		1358	1430.808758000
17		1358	1430.808762000
17		1358	1430.808767000
17		1358	1430.863275000
17		1358	1430.917079000
17		41	1431.129274000
17		44	1431.175488000
17		41	1431.175515000
17		1358	1431.177215000
17		41	1431.221065000
17		1358	1431.231698000
17		41	1431.267415000
17		1358	1431.284860000
17		41	1431.312903000
17		1358	1431.339138000
17		41	1431.359844000
17		1358	1431.392481000
17		41	1431.405553000
17		1358	1431.446218000
17		41	1431.451792000
17		41	1431.497945000
17		1358	1431.499752000
17		41	1431.543575000
17		1358	1431.553262000
17		1358	1431.607729000
17		41	1431.635081000
17		1358	1431.660601000
17		1358	1431.704249000
17		41	1431.727747000
17		1358	1431.747127000
17		41	1431.865803000
17		1358	1431.867560000
17		41	1431.957123000
17		1358	1431.959649000
17		41	1432.003431000
17		1358	1432.031750000
17		41	1432.095704000
17		1358	1432.104813000
17		41	1432.186997000
17		1358	1432.188076000
17		41	1432.233572000
17		1358	1432.242700000
17		41	1432.279283000
17		1358	1432.297246000
17		41	1432.324944000
17		1358	1432.351673000
17		46	1432.371509000
17		33	1432.397829000
17		1358	1432.406631000
17		41	1432.417694000
17		1358	1432.461120000
17		41	1432.509203000
17		1358	1432.515295000
17		41	1432.555569000
17		1358	1432.569206000
17		41	1432.647503000
17		1358	1432.649236000
17		41	1432.739630000
17		1358	1432.740904000
17		41	1432.830976000
17		1358	1432.832887000
17		41	1432.922968000
17		1358	1432.924887000
17		41	1433.015508000
17		1358	1433.017224000
17		41	1433.107342000
17		1358	1433.109179000
17		41	1433.153444000
17		1358	1433.163083000
17		41	1433.199333000
17		1358	1433.217903000
17		41	1433.245194000
17		1358	1433.271986000
17		41	1433.291166000
17		1358	1433.327035000
17		41	1433.337126000
17		485	1433.382033000
17		41	1433.383194000
17		41	1433.429149000
17		41	1433.521712000
17		41	1433.567545000
17		41	1433.705682000
17		46	1433.751170000
17		33	1433.777229000
17		41	1433.797110000
17		41	1433.889511000
17		41	1433.935424000
17		914	1433.981587000
17		36	1433.982402000
17		1358	1433.984130000
17		1358	1433.984155000
17		1358	1433.984162000
17		1358	1433.984168000
17		1358	1433.984174000
17		1358	1433.984181000
17		1358	1433.984187000
17		1358	1433.984192000
17		1358	1433.984199000
17		1358	1433.984205000
17		1358	1434.031719000
17		1358	1434.077152000
17		41	1434.257215000
17		44	1434.303513000
17		1358	1434.304999000
17		41	1434.349261000
17		1358	1434.382929000
17		41	1434.395128000
17		41	1434.441204000
17		1358	1434.460635000
17		41	1434.487190000
17		41	1434.533629000
17		1358	1434.538490000
17		41	1434.578838000
17		1358	1434.596424000
17		41	1434.625442000
17		1358	1434.653173000
17		41	1434.671411000
17		1358	1434.710728000
17		41	1434.717155000
17		1358	1434.768736000
6	692		1434.809028000
6	39		1434.809076000
17		41	1434.809086000
6	39		1434.811593000
6	0		1434.811690000
6	0		1434.811697000
6	67		1434.813081000
6	31		1434.815342000
6	39		1434.816592000
17		1358	1434.824887000
17		1358	1434.883577000
17		1358	1434.940649000
17		41	1434.992992000
17		1358	1434.997913000
17		1358	1435.055697000
17		41	1435.085133000
17		1358	1435.113000000
17		41	1435.130915000
17		1358	1435.171358000
17		41	1435.222868000
17		1358	1435.229853000
17		41	1435.269261000
17		1358	1435.288977000
17		41	1435.361200000
17		1358	1435.362736000
17		41	1435.407267000
17		1358	1435.421214000
6	0		1435.453882000
6	39		1435.453912000
17		41	1435.453919000
6	0		1435.460804000
17		1358	1435.479740000
17		41	1435.499036000
17		1358	1435.538513000
17		46	1435.591736000
17		1358	1435.596817000
17		41	1435.682852000
17		1358	1435.684561000
17		41	1435.775126000
17		1358	1435.776879000
17		41	1435.866843000
17		281	1435.868009000
17		41	1435.959015000
17		41	1436.005615000
17		41	1436.051441000
17		41	1436.142845000
17		41	1436.188965000
17		41	1436.235225000
17		41	1436.281588000
17		41	1436.419419000
17		41	1436.465412000
17		41	1436.557625000
17		831	1436.603120000
17		36	1436.603913000
17		135	1436.604589000
17		1353	1436.604611000
17		1358	1436.604685000
17		1358	1436.604691000
17		1358	1436.604694000
17		1358	1436.604698000
17		1358	1436.604702000
17		1358	1436.604706000
17		1358	1436.604710000
17		1358	1436.604713000
17		1358	1436.662922000
17		1358	1436.720077000
17		1358	1436.778073000
17		44	1436.879479000
17		33	1436.906179000
17		41	1436.925033000
17		1358	1436.927282000
17		41	1436.971163000
17		1358	1436.985865000
17		41	1437.017437000
17		1358	1437.044556000
17		41	1437.063038000
17		1358	1437.102844000
17		41	1437.109731000
17		41	1437.155056000
17		1358	1437.161570000
17		41	1437.201214000
17		1358	1437.219579000
17		41	1437.247135000
17		1358	1437.277279000
17		41	1437.293656000
17		1358	1437.335071000
17		41	1437.385228000
17		1358	1437.391699000
17		1358	1437.450486000
17		41	1437.477773000
17		1358	1437.506533000
17		1358	1437.564563000
17		41	1437.568779000
17		41	1437.661983000
17		41	1437.707721000
17		41	1437.799517000
17		41	1437.845484000
17		41	1437.936855000
17		41	1438.029206000
17		1358	1438.030988000
17		41	1438.075145000
17		1358	1438.085210000
17		46	1438.167588000
17		1358	1438.169402000
17		41	1438.259655000
17		1358	1438.261443000
17		41	1438.305364000
17		1358	1438.315712000
17		41	1438.581328000
17		1358	1438.583061000
17		41	1438.627287000
17		1358	1438.637694000
17		1358	1438.691188000
6	0		1438.719332000
6	0		1438.726828000
17		1358	1438.745157000
17		41	1438.765598000
17		1358	1438.798516000
17		1358	1438.851858000
17		41	1438.857166000
17		41	1438.903194000
17		1358	1438.904745000
17		1358	1438.959722000
17		41	1438.995254000
17		1358	1439.013154000
17		41	1439.041006000
17		1358	1439.067604000
17		1358	1439.120304000
17		41	1439.132921000
17		1358	1439.174424000
17		41	1439.179487000
17		1358	1439.227324000
17		41	1439.271617000
17		1358	1439.281496000
17		41	1439.317572000
17		1358	1439.335180000
17		1358	1439.388286000
17		41	1439.409239000
17		1358	1439.443096000
17		41	1439.455307000
17		1358	1439.496312000
17		41	1439.547481000
17		1358	1439.549189000
17		41	1439.593819000
17		1358	1439.602887000
17		41	1439.639377000
17		634	1439.656706000
17		41	1439.685058000
17		46	1439.777353000
17		33	1439.803967000
17		41	1439.885212000
17		41	1439.947329000
17		41	1440.071677000
17		41	1440.132786000
17		41	1440.257303000
17		41	1440.380872000
17		914	1440.443384000
17		36	1440.444238000
17		142	1440.444850000
17		1353	1440.444969000
17		1358	1440.444979000
17		1358	1440.444983000
17		1358	1440.444987000
17		1358	1440.444991000
17		1358	1440.444995000
17		1358	1440.445000000
17		1358	1440.445003000
17		1358	1440.445007000
17		1358	1440.488348000
17		1358	1440.530935000
17		1358	1440.574685000
17		1358	1440.617093000
17		1358	1440.659980000
17		44	1440.690873000
17		33	1440.717768000
17		41	1440.753543000
17		41	1440.814817000
17		1358	1440.816578000
17		41	1440.877473000
17		1358	1440.879025000
17		41	1440.938929000
17		1358	1440.951488000
17		41	1441.000941000
17		1358	1441.005525000
17		41	1441.062962000
17		1358	1441.064739000
17		41	1441.124923000
17		1358	1441.125577000
17		41	1441.187200000
17		1358	1441.189016000
17		1358	1441.243323000
17		41	1441.249381000
17		1358	1441.297419000
17		41	1441.311766000
17		1358	1441.351562000
17		41	1441.435361000
17		1358	1441.437515000
17		41	1441.559198000
17		1358	1441.561072000
17		41	1441.621774000
17		1358	1441.623383000
17		41	1441.807005000
17		1358	1441.808797000
17		41	1441.868955000
17		1358	1441.870705000
17		41	1441.993245000
17		1358	1441.995082000
17		41	1442.117292000
17		1358	1442.119165000
17		41	1442.241569000
17		1358	1442.243537000
17		1358	1442.298134000
17		41	1442.365521000
17		1358	1442.367138000
17		46	1442.427761000
17		1358	1442.429551000
17		41	1442.489382000
17		1358	1442.491004000
17		41	1442.550961000
17		1358	1442.552678000
17		41	1442.613434000
17		1358	1442.614061000
17		41	1442.799606000
17		1358	1442.801366000
17		41	1442.861714000
17		1358	1442.863397000
17		41	1443.047362000
17		1358	1443.049136000
17		41	1443.109537000
17		1358	1443.121122000
17		41	1443.171444000
17		1143	1443.175489000
17		41	1443.294990000
17		41	1443.357796000
17		41	1443.419270000
17		41	1443.481126000
17		36	1443.482292000
17		41	1443.604974000
17		41	1443.667732000
17		41	1443.729689000
17		41	1443.790861000
17		41	1443.852867000
17		41	1444.039385000
17		41	1444.163388000
17		41	1444.349243000
17		41	1444.411632000
6	610		1444.473574000
6	0		1444.475116000
6	69		1444.476959000
6	31		1444.478296000
6	39		1444.479541000
17		912	1444.535782000
17		36	1444.536503000
17		173	1444.556385000
17		1353	1444.556428000
17		1358	1444.556433000
17		1358	1444.556437000
17		1358	1444.556441000
17		1358	1444.556445000
17		1358	1444.556448000
17		1358	1444.556452000
17		1358	1444.556456000
17		1358	1444.556461000
17		1358	1444.611345000
17		1358	1444.665429000
17		1358	1444.717920000
17		1358	1444.772802000
6	0		1444.969385000
6	39		1444.969392000
17		41	1444.969399000
6	0		1444.975572000
17		44	1445.031101000
17		1358	1445.032929000
17		41	1445.092836000
17		41	1445.154988000
17		1358	1445.155953000
17		41	1445.217785000
17		1358	1445.219512000
17		41	1445.279447000
17		1358	1445.292532000
17		41	1445.341147000
17		1358	1445.365239000
17		41	1445.402996000
17		1358	1445.437440000
17		41	1445.465518000
17		1358	1445.509364000
17		41	1445.527632000
17		1358	1445.563600000
17		41	1445.589748000
17		1358	1445.618394000
17		41	1445.650895000
17		1358	1445.673045000
17		41	1445.775164000
17		1358	1445.776899000
17		41	1445.837778000
17		1358	1445.839252000
17		41	1445.899217000
17		1358	1445.900689000
17		41	1446.147335000
17		1358	1446.149035000
17		41	1446.271199000
17		1358	1446.272566000
17		41	1446.394938000
17		1358	1446.396889000
17		41	1446.519271000
17		1358	1446.521169000
17		41	1446.643593000
17		1358	1446.645322000
17		41	1446.705615000
17		1358	1446.707791000
17		46	1446.767335000
17		1358	1446.769124000
17		41	1446.829579000
17		1358	1446.831571000
17		41	1446.891409000
17		1358	1446.892813000
17		1358	1446.947331000
17		41	1446.952879000
17		41	1447.015644000
17		680	1447.018033000
17		41	1447.077092000
17		41	1447.139116000
17		41	1447.263359000
17		41	1447.324900000
17		41	1447.511232000
17		41	1447.572976000
17		41	1447.634885000
17		41	1447.759140000
17		41	1447.821772000
17		41	1447.883638000
17		831	1447.945632000
17		36	1447.946476000
17		1358	1447.948157000
17		1358	1447.948173000
17		1358	1447.948178000
17		1358	1447.948182000
17		1358	1447.948187000
17		1358	1447.948191000
17		1358	1447.948194000
17		1358	1447.948198000
17		1358	1447.948202000
17		1358	1448.010024000
17		41	1448.379073000
17		1358	1448.379978000
17		44	1448.441213000
17		1358	1448.442980000
17		41	1448.503220000
17		1358	1448.504902000
17		41	1448.565121000
17		1358	1448.566250000
17		41	1448.626980000
17		1358	1448.628153000
17		1358	1448.689428000
17		41	1448.689880000
17		1358	1448.751559000
17		41	1448.751626000
17		41	1448.813750000
17		1358	1448.813876000
17		41	1448.874872000
17		1358	1448.876505000
17		1358	1448.938629000
17		41	1448.998960000
17		1358	1449.000771000
17		41	1449.309476000
17		1358	1449.311569000
17		41	1449.432945000
17		1358	1449.434548000
17		41	1449.495723000
17		1358	1449.497486000
17		41	1449.556938000
17		1358	1449.558684000
17		41	1449.681219000
17		1358	1449.682919000
17		41	1449.804922000
17		1358	1449.806706000
17		41	1449.928799000
17		1358	1449.930645000
17		41	1449.991173000
17		1358	1449.992963000
17		41	1450.053130000
17		1358	1450.055020000
17		41	1450.115071000
17		1358	1450.137781000
17		41	1450.177096000
17		1358	1450.220710000
17		46	1450.425389000
17		33	1450.452108000
17		41	1450.549325000
17		41	1450.611760000
17		41	1450.673065000
17		1358	1450.674932000
17		41	1450.797385000
17		41	1450.921407000
17		41	1451.106936000
17		41	1451.169175000
17		1358	1451.170853000
17		41	1451.231878000
17		1358	1451.257600000
17		41	1451.293425000
17		1358	1451.344635000
17		41	1451.354864000
17		1358	1451.432211000
17		41	1451.478983000
17		1358	1451.518950000
17		1358	1451.604794000
17		1358	1451.691096000
17		41	1451.727211000
17		1358	1451.776808000
17		41	1451.851147000
17		1358	1451.862258000
17		1358	1451.948072000
17		41	1451.975581000
17		1358	1452.033857000
17		41	1452.099351000
17		1358	1452.119851000
17		41	1452.161457000
17		1358	1452.206091000
17		41	1452.285354000
17		1358	1452.292329000
17		1358	1452.378334000
17		41	1452.409984000
17		1358	1452.463962000
17		41	1452.471759000
17		734	1452.549793000
17		46	1452.595152000
17		33	1452.622678000
17		41	1452.719179000
17		41	1452.781700000
17		41	1452.843298000
17		41	1452.967404000
17		41	1453.029413000
17		41	1453.153129000
17		41	1453.277554000
17		911	1453.401753000
17		36	1453.402569000
17		135	1453.403479000
17		1353	1453.403511000
17		1358	1453.403517000
17		1358	1453.403522000
17		1358	1453.403543000
17		1358	1453.403549000
17		1358	1453.403554000
17		1358	1453.403559000
17		1358	1453.403564000
17		1358	1453.403570000
17		1358	1453.472711000
17		1358	1453.541826000
17		1358	1453.610444000
17		1358	1453.678797000
17		1358	1453.747670000
17		41	1453.772895000
17		44	1453.835755000
17		41	1453.835799000
17		33	1453.862692000
17		41	1453.897116000
17		41	1453.959452000
17		41	1454.021613000
17		1358	1454.023368000
17		41	1454.083103000
17		1358	1454.084891000
17		41	1454.145644000
17		1358	1454.200727000
17		41	1454.207262000
17		41	1454.269195000
17		1358	1454.288304000
17		41	1454.331027000
17		1358	1454.373611000
17		41	1454.393453000
17		1358	1454.459235000
17		41	1454.517422000
17		1358	1454.544545000
17		1358	1454.631240000
17		41	1454.641809000
17		41	1454.703586000
17		1358	1454.716089000
17		1358	1454.802439000
17		1358	1454.888592000
17		41	1454.889211000
17		41	1454.950877000
17		1358	1454.974682000
17		41	1455.013258000
17		1358	1455.052994000
17		41	1455.075107000
17		1358	1455.132137000
17		41	1455.136920000
17		41	1455.199005000
17		1358	1455.211227000
17		1358	1455.289897000
17		46	1455.323301000
17		33	1455.350250000
17		1358	1455.368529000
17		41	1455.385139000
17		41	1455.446914000
17		1358	1455.447102000
17		1358	1455.526754000
17		41	1455.571452000
17		1358	1455.605440000
17		41	1455.633174000
17		1358	1455.684366000
17		41	1455.757505000
17		1358	1455.762915000
17		1358	1455.842373000
17		41	1455.881869000
17		1358	1455.920583000
17		41	1455.942883000
17		1358	1455.999822000
17		41	1456.067238000
17		1358	1456.078814000
17		1358	1456.157561000
17		41	1456.191017000
17		1358	1456.237241000
17		41	1456.253530000
17		1358	1456.314942000
17		41	1456.377111000
17		1358	1456.394116000
17		1358	1456.472220000
17		41	1456.501468000
17		1358	1456.552085000
17		41	1456.625572000
17		1358	1456.631205000
17		41	1456.687249000
17		1358	1456.693177000
17		41	1456.749493000
17		1358	1456.756580000
17		627	1456.820016000
17		41	1456.872936000
17		41	1456.935446000
17		41	1456.997062000
17		41	1457.183392000
17		46	1457.245489000
17		33	1457.271852000
17		41	1457.307543000
17		41	1457.369752000
17		41	1457.555577000
17		41	1457.617106000
17		41	1457.679033000
17		41	1457.803222000
17		41	1457.864969000
17		41	1457.927807000
17		831	1458.051054000
17		36	1458.051844000
17		135	1458.052504000
17		1353	1458.052600000
17		1358	1458.052606000
17		1358	1458.052610000
17		1358	1458.052614000
17		1358	1458.052619000
17		1358	1458.052623000
17		1358	1458.052627000
17		1358	1458.052630000
17		1358	1458.052634000
17		1358	1458.132432000
17		1358	1458.210492000
17		1358	1458.289601000
17		1358	1458.369186000
17		1358	1458.447707000
17		44	1458.608862000
17		33	1458.636347000
17		41	1458.670850000
17		1358	1458.672640000
17		41	1458.733514000
17		1358	1458.752658000
17		41	1458.795174000
17		1358	1458.831778000
17		41	1458.857456000
17		1358	1458.910482000
17		41	1458.919035000
17		41	1458.981699000
17		1358	1458.989751000
17		41	1459.042958000
17		1358	1459.068677000
17		41	1459.105686000
17		1358	1459.146934000
17		1358	1459.225782000
17		41	1459.229339000
17		1358	1459.304043000
17		41	1459.353720000
17		1358	1459.382956000
17		41	1459.415221000
17		1358	1459.462441000
17		41	1459.539669000
17		1358	1459.541426000
17		41	1459.600822000
17		1358	1459.620017000
17		1358	1459.699649000
17		41	1459.725323000
17		1358	1459.777946000
17		41	1459.849276000
17		1358	1459.857424000
17		41	1459.911132000
17		1358	1459.937417000
17		41	1460.035548000
17		1358	1460.037204000
17		41	1460.096902000
17		1358	1460.117271000
17		41	1460.221502000
17		1358	1460.223538000
17		46	1460.283567000
17		1358	1460.287454000
17		41	1460.345686000
17		1358	1460.351605000
17		41	1460.468832000
17		1358	1460.470559000
17		41	1460.531012000
17		1358	1460.576000000
17		1358	1460.681768000
17		41	1460.717429000
17		41	1460.778859000
17		1358	1460.787105000
17		1358	1460.893593000
17		41	1460.903136000
17		1358	1460.998407000
17		41	1461.027080000
17		1358	1461.077607000
17		41	1461.089721000
17		41	1461.151727000
17		1358	1461.156745000
17		41	1461.212858000
17		1358	1461.236088000
17		41	1461.274890000
17		1358	1461.315681000
17		41	1461.337418000
17		1358	1461.393902000
17		41	1461.399081000
17		41	1461.461106000
17		1358	1461.472968000
17		41	1461.523189000
17		1358	1461.552621000
17		634	1461.630490000
17		41	1461.646943000
17		41	1461.770962000
17		41	1461.833270000
17		41	1461.957220000
17		46	1462.081717000
17		33	1462.109068000
17		41	1462.143762000
17		41	1462.205237000
17		41	1462.267351000
17		41	1462.329533000
17		41	1462.391900000
17		911	1462.453089000
17		36	1462.453864000
17		140	1462.454695000
17		1353	1462.454711000
17		1358	1462.454733000
17		1358	1462.454738000
17		1358	1462.454743000
17		1358	1462.454747000
17		1358	1462.454751000
17		1358	1462.454767000
17		1358	1462.454771000
17		1358	1462.454775000
17		1358	1462.534596000
17		1358	1462.614506000
17		1358	1462.691961000
17		1358	1462.772021000
17		1358	1462.849897000
17		44	1462.949008000
17		33	1462.975152000
17		41	1463.011537000
17		1358	1463.012388000
17		41	1463.073603000
17		1358	1463.092382000
17		41	1463.135622000
17		1358	1463.171769000
17		41	1463.197584000
17		1358	1463.251757000
17		41	1463.258900000
17		41	1463.320915000
17		1358	1463.332105000
17		41	1463.383497000
17		1358	1463.394774000
17		41	1463.445104000
17		1358	1463.457380000
17		41	1463.507042000
17		1358	1463.520938000
17		1358	1463.584043000
17		41	1463.631308000
17		1358	1463.646435000
17		1358	1463.709746000
17		41	1463.755565000
17		1358	1463.773013000
17		41	1463.879465000
17		41	1464.003450000
17		41	1464.189409000
17		41	1464.251051000
17		41	1464.375299000
17		41	1464.499490000
17		41	1464.561239000
17		41	1464.685554000
17		46	1464.747348000
17		33	1464.773794000
17		41	1464.808856000
17		1358	1464.810529000
17		41	1464.871018000
17		1358	1464.889925000
17		41	1464.933724000
17		1358	1464.970022000
17		41	1464.995100000
17		1358	1465.049886000
17		41	1465.057235000
17		1358	1465.129216000
17		41	1465.553543000
17		1358	1465.555404000
17		41	1465.615570000
17		1358	1465.635475000
17		41	1465.677568000
17		1358	1465.713645000
17		41	1465.739702000
17		1358	1465.793034000
17		41	1465.800955000
17		1358	1465.871601000
17		1358	1465.950376000
17		1358	1466.029639000
17		1358	1466.107949000
17		41	1466.110929000
17		1358	1466.187510000
17		41	1466.235276000
17		1358	1466.265455000
17		1358	1466.344780000
17		41	1466.358849000
17		1358	1466.424133000
17		41	1466.483545000
17		1358	1466.503027000
17		1358	1466.581280000
17		41	1466.607123000
17		178	1466.660617000
17		41	1466.730838000
17		41	1466.792877000
17		41	1466.917381000
17		41	1467.040838000
17		46	1467.103071000
17		33	1467.130280000
17		41	1467.227455000
17		904	1467.288980000
17		36	1467.289707000
17		1358	1467.291473000
17		41	1467.351705000
17		1358	1467.357159000
17		41	1467.413667000
17		1358	1467.421234000
17		41	1467.475452000
17		1358	1467.485418000
17		1358	1467.550093000
17		1358	1467.614309000
17		1358	1467.678647000
17		41	1467.723318000
17		1358	1467.742981000
17		44	1467.785529000
17		33	1467.811935000
17		1358	1467.850032000
17		41	1467.908856000
17		1358	1467.957532000
17		41	1468.033671000
17		1358	1468.064309000
17		41	1468.095386000
17		1358	1468.172374000
17		41	1468.219610000
17		1358	1468.278955000
17		41	1468.280950000
17		1358	1468.359071000
17		41	1468.404977000
17		1358	1468.439893000
17		1358	1468.520522000
17		41	1468.529072000
17		1358	1468.600712000
17		41	1468.653169000
17		1358	1468.680560000
17		41	1468.714913000
17		1358	1468.761624000
17		41	1468.838860000
17		1358	1468.840634000
17		1358	1468.922419000
17		41	1468.962824000
17		1358	1469.003643000
17		41	1469.024829000
17		1358	1469.083002000
17		41	1469.087703000
17		41	1469.149125000
17		1358	1469.163656000
17		41	1469.210971000
17		1358	1469.243261000
17		41	1469.273919000
17		1358	1469.325052000
17		41	1469.335632000
17		1358	1469.405164000
17		1358	1469.485118000
17		41	1469.521395000
17		1358	1469.566385000
17		41	1469.583173000
17		46	1469.645028000
17		1358	1469.646727000
17		1358	1469.726555000
17		41	1469.769103000
17		1358	1469.806627000
17		1358	1469.887477000
17		41	1469.892919000
17		41	1469.955634000
17		1358	1469.967678000
17		41	1470.017768000
17		1358	1470.047726000
17		1190	1470.128898000
17		41	1470.140867000
17		41	1470.265390000
17		41	1470.389790000
17		41	1470.451389000
17		41	1470.575141000
17		41	1470.698827000
17		41	1470.760891000
17		824	1470.760914000
17		33	1470.761686000
17		1358	1470.763210000
17		1358	1470.844919000
17		41	1470.885334000
17		1358	1470.924809000
17		41	1470.947005000
17		1358	1471.005689000
17		1358	1471.086138000
17		1358	1471.166938000
17		1358	1471.247983000
17		1358	1471.327478000
17		45	1471.381366000
17		1358	1471.407683000
17		1358	1471.473045000
17		41	1471.505115000
17		1358	1471.537109000
17		1358	1471.602091000
17		41	1471.629487000
17		1358	1471.665757000
17		41	1471.691115000
17		1358	1471.730992000
17		1358	1471.794483000
17		41	1471.815182000
17		1358	1471.859630000
17		41	1471.877607000
17		1358	1471.923214000
17		41	1472.001789000
17		1358	1472.031680000
17		41	1472.125009000
17		1358	1472.138296000
17		41	1472.187376000
17		1358	1472.246499000
17		41	1472.311603000
17		1358	1472.353539000
17		41	1472.373705000
17		1358	1472.460494000
17		41	1472.496808000
17		1358	1472.541174000
17		41	1472.559667000
17		1358	1472.621570000
17		41	1472.683666000
17		1358	1472.702267000
17		41	1472.745110000
17		1358	1472.783121000
17		1358	1472.862731000
17		41	1472.869296000
17		1358	1472.943745000
17		41	1472.993199000
17		1358	1473.024417000
17		1358	1473.105561000
17		41	1473.117625000
17		41	1473.179025000
17		1358	1473.185087000
17		1358	1473.265406000
17		41	1473.302850000
17		1358	1473.346300000
17		46	1473.426863000
17		1358	1473.427422000
17		33	1473.453791000
17		41	1473.489094000
17		1358	1473.507827000
17		1358	1473.587733000
17		41	1473.612950000
17		1358	1473.667944000
17		41	1473.737211000
17		1358	1473.748839000
17		1358	1473.830018000
17		41	1473.861368000
17		1358	1473.910109000
17		41	1473.923863000
17		1358	1473.991463000
17		41	1474.047049000
17		1358	1474.072995000
17		41	1474.171973000
17		1358	1474.173162000
17		41	1474.233672000
17		1358	1474.254272000
17		41	1474.295551000
17		1358	1474.335317000
17		41	1474.419026000
17		41	1474.419049000
17		1358	1474.420759000
17		41	1474.542827000
17		1358	1474.544575000
17		41	1474.667274000
17		1358	1474.669359000
17		41	1474.728963000
17		1358	1474.750268000
6	666		1474.790891000
6	39		1474.790928000
6	560		1474.790937000
6	0		1474.792827000
6	0		1474.792846000
6	0		1474.792850000
6	39		1474.792853000
6	67		1474.794138000
6	31		1474.796658000
6	39		1474.797879000
6	100		1474.799411000
17		41	1474.853436000
17		749	1474.855158000
17		41	1474.977403000
17		41	1475.039498000
17		41	1475.162850000
17		41	1475.286985000
17		41	1475.349399000
17		41	1475.411540000
17		41	1475.535663000
17		41	1475.659169000
17		41	1475.659191000
17		37	1475.660854000
17		41	1475.783140000
17		41	1475.907243000
17		41	1476.031470000
17		41	1476.092948000
6	0		1476.155414000
6	39		1476.155447000
17		41	1476.155456000
6	0		1476.161579000
17		911	1476.217366000
17		37	1476.218150000
17		1358	1476.219031000
17		1358	1476.219059000
17		1358	1476.219066000
17		1358	1476.219072000
17		1358	1476.219077000
17		1358	1476.219083000
17		1358	1476.219089000
17		1358	1476.219096000
17		1358	1476.219101000
17		1358	1476.219107000
17		1358	1476.284203000
17		1358	1476.348536000
17		1358	1476.413532000
17		41	1476.465760000
17		45	1476.527142000
17		33	1476.553774000
17		41	1476.589579000
17		41	1476.651076000
17		41	1476.713569000
17		1358	1476.715408000
17		41	1476.775732000
17		1358	1476.777417000
17		41	1476.837024000
17		1358	1476.858286000
17		41	1476.899306000
17		1358	1476.939832000
17		41	1476.961575000
17		1358	1477.019840000
17		41	1477.023730000
17		41	1477.085022000
17		1358	1477.100465000
17		1358	1477.179602000
17		41	1477.208957000
17		1358	1477.257201000
17		41	1477.334083000
17		1358	1477.336226000
17		1358	1477.415433000
17		1358	1477.494753000
17		41	1477.520108000
17		1358	1477.572271000
17		41	1477.581207000
17		1358	1477.651726000
17		41	1477.705702000
17		1358	1477.730694000
17		41	1477.767014000
17		1358	1477.810814000
17		41	1477.891131000
17		1358	1477.892899000
17		41	1478.015366000
17		1358	1478.017137000
17		41	1478.139024000
17		1358	1478.140130000
17		41	1478.201035000
17		301	1478.219721000
17		46	1478.324823000
17		33	1478.352388000
17		41	1478.449742000
17		41	1478.573105000
17		830	1478.697192000
17		37	1478.697982000
17		1358	1478.700174000
17		1358	1478.764175000
17		41	1478.821491000
17		1358	1478.827153000
17		41	1478.883732000
17		1358	1478.931858000
17		41	1479.007108000
17		1358	1479.036899000
17		41	1479.131267000
17		1358	1479.142662000
17		1358	1479.220370000
17		41	1479.254850000
17		1358	1479.299380000
17		1358	1479.377875000
17		1358	1479.456343000
17		41	1479.503366000
17		1358	1479.535356000
17		45	1479.565248000
17		33	1479.591816000
17		1358	1479.614115000
17		41	1479.689509000
17		1358	1479.694330000
17		41	1479.812981000
17		1358	1479.813971000
17		41	1479.875645000
17		1358	1479.893996000
17		41	1479.937243000
17		1358	1479.973930000
17		41	1480.123169000
17		1358	1480.125051000
17		41	1480.185624000
17		1358	1480.204545000
17		1358	1480.283203000
17		41	1480.371563000
17		1358	1480.373677000
17		41	1480.433496000
17		1358	1480.453335000
17		41	1480.557514000
17		1358	1480.559205000
17		41	1480.681287000
17		1358	1480.682997000
17		41	1480.743674000
17		1358	1480.763185000
17		41	1480.929643000
17		1358	1480.931406000
17		41	1481.052934000
17		1358	1481.054796000
17		41	1481.176880000
17		1358	1481.179250000
17		41	1481.301616000
17		1358	1481.303127000
17		41	1481.363687000
17		1358	1481.409044000
17		41	1481.487297000
17		1358	1481.515747000
17		41	1481.549500000
17		41	1481.611239000
17		1358	1481.621420000
17		46	1481.673264000
17		33	1481.700441000
17		1358	1481.700485000
17		1358	1481.780006000
17		41	1481.797349000
17		1358	1481.857968000
17		41	1481.921344000
17		1358	1481.937270000
17		41	1482.045724000
17		1358	1482.047212000
17		41	1482.169542000
17		1358	1482.171571000
17		41	1482.355115000
17		1358	1482.356947000
17		1358	1482.436008000
17		41	1482.541647000
17		1358	1482.543484000
17		41	1482.603801000
17		1358	1482.624024000
17		41	1482.665723000
17		1358	1482.703576000
17		41	1482.727295000
17		1358	1482.782861000
17		41	1482.789720000
17		41	1482.851250000
17		1358	1482.862686000
17		41	1482.913303000
17		1358	1482.942415000
17		41	1482.975200000
17		1358	1483.020148000
17		41	1483.037613000
17		1358	1483.099412000
17		1358	1483.177918000
17		41	1483.223061000
17		1358	1483.258020000
17		41	1483.285658000
17		727	1483.337725000
17		41	1483.347014000
17		41	1483.471267000
17		41	1483.533669000
17		46	1483.594876000
17		33	1483.621483000
17		41	1483.657279000
17		41	1483.719036000
17		41	1483.780842000
17		41	1483.843363000
17		41	1483.967105000
17		904	1484.028979000
17		37	1484.029746000
17		1358	1484.030568000
17		41	1484.091646000
17		1358	1484.093505000
17		41	1484.153119000
17		1358	1484.157506000
17		1358	1484.221260000
17		1358	1484.284121000
17		1358	1484.347270000
17		1358	1484.409542000
17		1358	1484.472390000
17		1358	1484.535931000
17		1358	1484.598168000
17		41	1484.649899000
17		1358	1484.661588000
17		45	1484.711239000
17		33	1484.737802000
17		1358	1484.766236000
17		41	1484.773679000
17		41	1484.835503000
17		1358	1484.871479000
17		41	1484.958822000
17		1358	1484.977304000
17		41	1485.021225000
17		1358	1485.056085000
17		1358	1485.134209000
17		41	1485.145411000
17		1358	1485.214157000
17		41	1485.269568000
17		1358	1485.294289000
17		41	1485.330821000
17		1358	1485.372384000
17		1358	1485.451324000
17		41	1485.454819000
17		41	1485.517350000
17		1358	1485.529647000
17		1358	1485.608797000
17		41	1485.640845000
17		1358	1485.687829000
17		41	1485.703132000
17		1358	1485.767546000
17		41	1485.827254000
17		1358	1485.847504000
17		41	1485.951034000
17		1358	1485.952761000
17		41	1486.074992000
17		1358	1486.076866000
17		41	1486.136853000
17		1358	1486.156255000
17		41	1486.199049000
17		1358	1486.236408000
17		41	1486.323657000
17		1358	1486.325318000
17		41	1486.447499000
17		1358	1486.448348000
17		41	1486.508838000
17		46	1486.633606000
17		33	1486.660694000
17		41	1486.756974000
17		41	1486.880871000
17		41	1486.942831000
17		41	1487.067269000
17		41	1487.252903000
17		1351	1487.254691000
17		41	1487.314945000
17		41	1487.501106000
17		904	1487.501132000
17		33	1487.501944000
17		33	1487.502650000
17		1358	1487.504479000
17		41	1487.562883000
17		1358	1487.584290000
17		1358	1487.663076000
17		1358	1487.741431000
17		41	1488.121059000
17		1358	1488.122435000
17		1358	1488.202601000
17		41	1488.245138000
17		1358	1488.280239000
17		45	1488.307534000
17		33	1488.334447000
17		1358	1488.359598000
17		41	1488.431740000
17		1358	1488.438030000
17		1358	1488.516879000
17		41	1488.555159000
17		1358	1488.595183000
17		41	1488.617116000
17		1358	1488.674681000
17		1358	1488.753200000
17		1358	1488.831962000
17		41	1488.865267000
17		1358	1488.910920000
17		41	1488.989284000
17		1358	1488.989322000
17		1358	1489.067417000
17		41	1489.113530000
17		1358	1489.145799000
17		41	1489.175145000
17		1358	1489.225264000
17		41	1489.299569000
17		1358	1489.303683000
17		1358	1489.382679000
17		41	1489.422981000
17		1358	1489.460761000
17		1358	1489.540624000
17		41	1489.546918000
17		41	1489.608862000
17		1358	1489.618511000
17		1358	1489.682014000
17		41	1489.733073000
17		1358	1489.744539000
17		1358	1489.807535000
17		41	1489.857688000
17		1358	1489.870191000
17		1358	1489.934055000
17		41	1489.981387000
17		1358	1489.995774000
17		41	1490.043543000
17		1358	1490.062175000
17		1358	1490.127250000
17		41	1490.167293000
17		1358	1490.192823000
17		1358	1490.259238000
17		41	1490.291104000
17		1358	1490.323866000
17		1358	1490.389803000
17		41	1490.415106000
17		1358	1490.455578000
17		41	1490.538812000
17		1358	1490.564811000
17		46	1490.662920000
17		1358	1490.673449000
17		1358	1490.782630000
17		41	1490.787597000
17		1358	1490.891750000
17		41	1490.910859000
17		41	1490.973170000
17		1358	1491.001388000
17		41	1491.097520000
17		1358	1491.110146000
17		41	1491.159177000
17		1358	1491.220331000
17		41	1491.221417000
17		1358	1491.300826000
17		41	1491.345558000
17		1358	1491.383657000
17		41	1491.407447000
17		1358	1491.465202000
17		41	1491.531264000
17		1358	1491.547113000
17		41	1491.593504000
17		1358	1491.628980000
17		41	1491.655282000
17		734	1491.710939000
17		41	1491.717560000
17		41	1491.779311000
17		41	1491.841763000
17		41	1491.841786000
17		35	1491.843475000
17		41	1491.903268000
17		41	1491.964840000
17		41	1492.026932000
17		41	1492.089373000
17		41	1492.151297000
17		41	1492.213415000
17		41	1492.337185000
17		41	1492.398908000
17		830	1492.523244000
17		39	1492.523960000
17		1358	1492.527201000
17		1358	1492.603104000
17		41	1492.647409000
17		1358	1492.677781000
17		41	1492.709356000
17		1358	1492.752950000
17		41	1492.771157000
17		1358	1492.828733000
17		41	1492.833010000
17		1358	1492.903077000
17		1358	1492.979159000
17		41	1493.019209000
17		1358	1493.053307000
17		45	1493.081187000
17		33	1493.107622000
17		1358	1493.128498000
17		41	1493.143504000
17		1358	1493.203146000
17		41	1493.267097000
17		1358	1493.278768000
17		1358	1493.353588000
17		41	1493.391138000
17		1358	1493.428670000
17		1358	1493.504556000
17		41	1493.514982000
17		1358	1493.578723000
17		41	1493.639682000
17		1358	1493.655112000
17		1358	1493.728923000
17		41	1493.763198000
17		1358	1493.804439000
17		1358	1493.879540000
17		41	1493.886781000
17		41	1493.949580000
17		1358	1493.954281000
17		1358	1494.029167000
17		41	1494.073522000
17		1358	1494.105058000
17		1358	1494.179443000
17		41	1494.197290000
17		1358	1494.254534000
17		41	1494.320833000
17		1358	1494.330550000
17		41	1494.382982000
17		1358	1494.405070000
17		1358	1494.480748000
17		41	1494.507367000
17		1358	1494.554885000
17		1358	1494.630620000
17		41	1494.630832000
17		41	1494.692993000
17		1358	1494.704562000
17		1358	1494.780370000
17		41	1494.817167000
17		1358	1494.854644000
17		1358	1494.915492000
17		41	1494.940781000
17		1358	1494.974907000
17		1358	1495.036283000
17		41	1495.065214000
17		1358	1495.095261000
17		1358	1495.155763000
17		41	1495.189455000
17		199	1495.215802000
17		46	1495.312925000
17		33	1495.339607000
17		41	1495.436833000
17		41	1495.499188000
17		41	1495.623358000
17		41	1495.747054000
17		41	1495.808843000
17		41	1495.870932000
17		41	1495.995396000
17		41	1496.057114000
17		41	1496.181486000
17		904	1496.243656000
17		37	1496.244418000
17		1358	1496.246190000
17		41	1496.305651000
17		1358	1496.321752000
17		41	1496.367490000
17		1358	1496.398014000
17		1358	1496.472692000
17		41	1496.491568000
17		1358	1496.547303000
17		41	1496.553114000
17		1358	1496.622584000
17		41	1496.676809000
17		1358	1496.697626000
17		1358	1496.771916000
17		41	1496.801172000
17		1358	1496.847760000
17		1358	1496.922532000
17		1358	1496.997625000
17		1358	1497.073720000
17		1358	1497.147714000
17		1358	1497.223199000
17		41	1497.234945000
17		45	1497.297440000
17		1358	1497.298138000
17		33	1497.324368000
17		1358	1497.373217000
17		41	1497.421440000
17		1358	1497.448321000
17		41	1497.482958000
17		1358	1497.523630000
17		41	1497.545517000
17		1358	1497.597728000
17		41	1497.606832000
17		1358	1497.673880000
17		41	1497.731142000
17		1358	1497.748735000
17		1358	1497.823222000
17		41	1497.855212000
17		1358	1497.898815000
17		41	1497.917421000
17		1358	1497.973752000
17		41	1497.979041000
17		1358	1498.049015000
17		1358	1498.124007000
17		41	1498.165508000
17		1358	1498.199099000
17		41	1498.227237000
17		1358	1498.274125000
17		41	1498.289445000
17		1358	1498.349058000
17		41	1498.413296000
17		1358	1498.424261000
17		1358	1498.499354000
17		41	1498.537408000
17		1358	1498.575290000
17		41	1498.599609000
17		1358	1498.651233000
17		41	1498.723332000
17		1358	1498.726806000
17		41	1498.847268000
17		1358	1498.848989000
17		41	1498.971334000
17		1358	1498.972857000
17		41	1499.033203000
17		1358	1499.048144000
17		41	1499.157254000
17		1358	1499.158303000
17		46	1499.281627000
17		1358	1499.283244000
17		41	1499.405354000
17		1358	1499.407589000
17		1358	1499.469134000
17		41	1499.529798000
17		1358	1499.530972000
17		41	1499.591631000
17		1358	1499.593822000
17		41	1499.653282000
17		1358	1499.654907000
17		41	1499.715477000
17		1358	1499.716601000
17		41	1499.777111000
17		1358	1499.778052000
17		41	1499.964176000
17		1358	1499.965480000
17		1358	1500.065879000
17		41	1500.150895000
17		1358	1500.167280000
17		41	1500.338238000
17		1358	1500.340124000
17		41	1500.525958000
17		1358	1500.527879000
17		41	1500.712677000
17		1358	1500.714570000
17		1358	1500.790381000
17		41	1500.899015000
17		41	1500.899040000
17		1358	1500.900151000
17		41	1501.085923000
17		1358	1501.087499000
17		41	1501.460839000
17		1358	1501.462188000
17		41	1501.647603000
17		1358	1501.649353000
17		41	1502.208536000
17		1358	1502.210401000
17		41	1502.395682000
17		1358	1502.397771000
17		41	1502.582330000
17		1358	1502.583797000
17		41	1502.769166000
17		1358	1502.770962000
17		41	1502.956308000
17		1358	1502.957404000
17		41	1503.143031000
17		41	1503.143058000
17		37	1503.145357000
17		41	1503.516946000
17		41	1503.704115000
17		41	1503.891620000
17		41	1504.078660000
17		41	1504.265825000
17		41	1504.452172000
17		41	1504.639349000
17		41	1504.826483000
6	637		1504.826516000
6	39		1504.826524000
6	0		1504.828467000
6	0		1504.828500000
6	39		1504.828763000
6	69		1504.830115000
6	70		1504.832811000
17		41	1505.012949000
6	127		1505.574538000
6	697		1505.574546000
6	0		1505.576225000
6	68		1505.583796000
6	93		1505.585093000
17		41	1505.761449000
17		41	1506.322369000
17		41	1506.883038000
17		37	1506.884447000
17		41	1507.256956000
17		1358	1507.258152000
6	697		1507.444440000
6	0		1507.446128000
17		41	1507.631539000
17		1358	1507.633074000
17		41	1507.818571000
17		1358	1507.819981000
17		41	1508.005465000
17		1358	1508.007294000
17		41	1508.192414000
17		1358	1508.193720000
6	0		1508.566556000
6	39		1508.566566000
6	0		1508.568213000
6	0		1509.314599000
17		41	1510.623184000
17		1358	1510.624279000
17		1358	1510.700090000
17		1358	1510.775679000
17		41	1510.810427000
17		1358	1510.849991000
17		1358	1510.925987000
17		41	1510.996961000
17		1358	1510.998749000
17		1358	1511.076357000
17		1358	1511.150276000
17		41	1511.184731000
17		1358	1511.225919000
17		1358	1511.300362000
17		41	1511.371434000
17		1358	1511.375863000
17		1358	1511.451329000
17		1358	1511.525981000
17		1358	1511.601838000
17		1358	1511.676485000
17		1358	1511.751420000
17		1358	1511.826348000
17		1358	1511.901994000
17		1358	1511.975874000
17		1358	1512.051958000
17		1358	1512.127683000
17		1358	1512.201395000
17		1358	1512.277241000
17		41	1512.680769000
17		1358	1512.682613000
17		1358	1512.757990000
17		41	1512.867175000
17		1358	1512.868969000
17		1358	1512.944569000
17		41	1513.054828000
17		1358	1513.056531000
17		1358	1513.133003000
17		41	1513.241475000
17		1358	1513.243164000
17		1358	1513.318934000
17		41	1513.428716000
17		1358	1513.430354000
17		1358	1513.506394000
17		1358	1513.581130000
17		41	1513.615744000
17		1358	1513.656841000
17		1358	1513.731179000
17		41	1513.802617000
17		1358	1513.806763000
17		1358	1513.881820000
17		1358	1513.956850000
17		41	1513.989565000
17		1358	1514.032923000
17		1358	1514.109268000
17		41	1514.176244000
17		1358	1514.184203000
17		1079	1514.260546000
17		46	1514.363457000
17		33	1514.390308000
17		41	1514.550829000
17		41	1514.737140000
6	670		1514.924605000
6	0		1514.926265000
6	67		1514.929088000
6	31		1514.930408000
6	39		1514.931599000
17		41	1515.110999000
17		41	1515.485160000
17		41	1515.859189000
17		41	1516.046299000
17		41	1516.233174000
17		41	1516.607434000
17		41	1516.981011000
17		41	1517.355379000
17		41	1517.542649000
17		41	1517.916349000
17		41	1518.851663000
6	670		1519.038413000
6	0		1519.039894000
17		41	1519.225027000
6	39		1519.243927000
17		41	1519.599302000
17		41	1519.786096000
17		41	1519.786106000
17		35	1519.787830000
17		41	1520.160343000
17		41	1520.534027000
17		41	1520.908332000
17		41	1521.282688000
17		41	1521.656359000
17		41	1521.843653000
17		41	1522.217410000
17		41	1522.591320000
17		824	1522.778132000
17		39	1522.778885000
17		1358	1522.781942000
17		1358	1522.873672000
17		1358	1522.965120000
17		41	1522.965385000
17		41	1523.339338000
17		41	1523.713341000
17		41	1524.087327000
17		41	1524.274718000
17		41	1524.648330000
17		1358	1524.650158000
17		41	1525.022323000
17		1358	1525.024428000
6	0		1526.331737000
6	39		1526.331763000
6	0		1526.333258000
6	0		1528.762978000
17		41	1528.762987000
17		1358	1528.764798000
17		1358	1528.856595000
17		1358	1528.948444000
17		45	1528.949243000
17		33	1528.975772000
17		1358	1529.039302000
17		1358	1529.130069000
17		41	1529.136644000
17		1358	1529.221420000
17		1358	1529.312553000
17		41	1529.323485000
17		1358	1529.403662000
17		1358	1529.495589000
17		41	1529.509898000
17		1358	1529.585792000
17		1358	1529.676647000
17		1358	1529.768659000
17		1358	1529.859977000
17		1358	1529.950890000
17		1358	1530.042187000
17		1358	1530.132607000
17		1358	1530.224154000
17		1358	1530.315441000
17		1358	1530.407121000
17		1358	1530.498054000
17		1358	1530.588340000
17		1358	1530.679793000
17		1358	1530.771047000
17		1358	1530.862753000
17		1358	1530.953730000
17		1358	1531.044867000
17		1358	1531.135822000
17		1358	1531.226925000
17		1358	1531.318214000
17		1358	1531.409612000
17		1358	1531.501398000
17		1358	1531.591832000
17		1358	1531.683070000
17		41	1531.754059000
17		45	1531.754072000
17		823	1531.754077000
17		41	1531.754754000
17		33	1531.754859000
17		1358	1531.776668000
17		1358	1531.867264000
17		1358	1531.958488000
17		1358	1532.049898000
17		1358	1532.141854000
17		1358	1532.231878000
17		1358	1532.323290000
17		1358	1532.414625000
17		1358	1532.505507000
17		1358	1532.596855000
17		1358	1532.688035000
17		1358	1532.778729000
17		1358	1532.869957000
17		1358	1532.961329000
17		1358	1533.053032000
17		1358	1533.144117000
17		1358	1533.235188000
17		1358	1533.326063000
17		1358	1533.417657000
17		1358	1533.508485000
17		1358	1533.599859000
17		1358	1533.690338000
6	701		1534.933400000
6	359		1534.933408000
6	0		1534.934896000
6	0		1534.934908000
6	69		1534.937571000
6	31		1534.938458000
6	39		1534.939679000
17		41	1535.307216000
17		1358	1535.308429000
17		1358	1535.400773000
17		41	1535.494828000
17		1358	1535.495611000
17		1358	1535.587704000
17		41	1535.868264000
17		1358	1535.869356000
17		1358	1535.961247000
17		41	1536.055267000
17		1358	1536.057000000
17		1358	1536.149877000
17		41	1536.429830000
17		1358	1536.431642000
17		1358	1536.523669000
17		41	1536.803260000
17		1358	1536.804978000
17		1358	1536.897064000
17		41	1536.990856000
17		1358	1536.992929000
17		1358	1537.084962000
17		41	1537.364341000
17		1358	1537.366114000
17		1358	1537.458521000
17		41	1537.738319000
17		1358	1537.739537000
17		1358	1537.831307000
17		41	1538.112324000
17		1358	1538.114020000
17		1358	1538.206322000
17		41	1538.299523000
17		1358	1538.301748000
17		1358	1538.394120000
17		41	1538.673347000
17		1358	1538.675329000
17		1358	1538.767266000
17		41	1539.047488000
17		1358	1539.048976000
17		1358	1539.141035000
17		41	1539.234809000
17		1358	1539.236623000
17		747	1539.328396000
17		41	1539.421290000
17		41	1539.795345000
17		41	1540.169262000
17		41	1540.543273000
17		41	1540.729965000
17		46	1541.104378000
17		34	1541.130995000
17		41	1541.478327000
6	359		1541.665412000
6	0		1541.667218000
6	39		1541.771183000
17		41	1541.852259000
17		41	1542.039449000
17		41	1542.413442000
17		41	1542.599992000
17		41	1542.600019000
17		45	1542.600024000
17		823	1542.600031000
17		34	1542.600919000
17		41	1542.974906000
17		41	1543.348343000
6	127		1543.535485000
6	39		1543.535523000
6	0		1543.537172000
6	0		1543.537199000
6	39		1543.537340000
6	1303		1543.722815000
17		41	1543.722850000
6	68		1543.729999000
6	93		1543.731353000
17		41	1543.909300000
17		41	1544.283335000
17		41	1544.657429000
17		41	1544.844235000
6	586		1544.844266000
6	203		1544.844274000
6	0		1544.845978000
6	69		1544.847454000
6	31		1544.848811000
17		41	1545.218319000
17		41	1545.405295000
17		41	1545.592232000
17		41	1545.966315000
17		41	1546.340314000
17		41	1546.714341000
17		41	1547.088407000
17		41	1547.275807000
17		41	1547.649332000
17		41	1548.023224000
17		41	1548.397345000
17		41	1548.771299000
17		46	1548.957935000
17		33	1548.984901000
17		41	1549.145294000
17		41	1549.519110000
17		41	1549.893260000
17		41	1550.080106000
17		41	1550.454362000
17		41	1550.828249000
17		41	1551.202242000
17		41	1551.389731000
6	1226		1551.576227000
6	0		1551.577924000
17		41	1551.763280000
6	439		1552.011560000
17		41	1552.137296000
6	51		1553.445941000
6	0		1553.447267000
17		41	1554.568475000
17		41	1554.754906000
17		41	1554.942092000
17		41	1555.129820000
17		42	1555.316559000
17		42	1555.503005000
17		43	1555.690227000
17		43	1555.877552000
17		43	1556.064752000
17		48	1556.251108000
17		34	1556.277714000
17		43	1556.438332000
17		43	1556.625630000
17		43	1556.811894000
17		43	1556.999196000
17		43	1557.186446000
17		43	1557.373688000
17		43	1557.560052000
17		43	1557.747383000
17		43	1557.934618000
17		43	1558.121192000
17		43	1558.308170000
17		43	1558.495845000
17		1358	1558.497963000
17		43	1558.682757000
17		1358	1558.684370000
17		43	1558.869480000
17		1358	1558.870888000
17		1358	1558.962904000
17		42	1559.056378000
17		1358	1559.058077000
17		41	1560.548389000
17		834	1560.548398000
17		39	1560.549199000
6	0		1563.338063000
6	0		1563.431196000
6	0		1563.431217000
6	0		1563.431227000
6	0		1563.432283000
6	0		1563.432562000
6	0		1563.433328000
6	0		1563.736925000
6	0		1563.738545000
6	0		1563.739017000
6	0		1564.454352000
6	0		1564.454380000
6	0		1564.454387000
6	0		1564.455490000
6	0		1564.455714000
6	0		1564.455742000
17		41	1564.826208000
17		1358	1564.828128000
17		41	1564.919743000
17		1358	1564.920135000
17		1358	1565.011521000
17		41	1565.012045000
17		1358	1565.101964000
17		41	1565.105401000
17		1358	1565.193100000
17		41	1565.198661000
17		1358	1565.284748000
17		1358	1565.376474000
17		1358	1565.467212000
17		1358	1565.557723000
17		1358	1565.648951000
17		1358	1565.740282000
17		1358	1565.831710000
17		1358	1565.923090000
17		1358	1566.013744000
17		1358	1566.105516000
17		41	1566.128801000
17		1358	1566.196185000
17		1358	1566.287572000
17		1358	1566.379248000
6	0		1566.407280000
6	0		1566.407310000
6	0		1566.407321000
6	0		1566.408373000
6	0		1566.408646000
6	0		1566.408677000
17		1358	1566.470327000
17		1358	1566.560847000
17		1358	1566.652271000
17		1358	1566.743163000
17		1358	1566.835347000
17		1358	1566.926704000
17		1358	1567.016373000
17		1358	1567.107891000
17		1358	1567.199391000
17		1358	1567.290215000
17		1358	1567.381866000
17		1358	1567.472416000
17		1358	1567.563374000
17		1358	1567.655186000
17		1358	1567.746310000
17		1358	1567.838438000
17		1358	1567.929231000
17		1358	1568.019471000
17		1358	1568.111663000
17		1358	1568.202841000
17		1358	1568.293604000
17		1358	1568.384716000
6	0		1568.418753000
6	0		1568.432986000
6	0		1568.442524000
6	0		1568.452981000
6	0		1568.453004000
6	0		1568.453009000
6	747		1568.453017000
6	0		1568.454185000
6	355		1568.455207000
17		1358	1568.475753000
6	747		1568.546254000
6	517		1568.546285000
6	0		1568.547651000
6	0		1568.547672000
6	355		1568.548074000
6	1418		1568.548559000
6	1418		1568.548596000
6	1418		1568.548611000
6	1418		1568.548657000
6	1142		1568.548678000
17		1358	1568.566743000
6	0		1568.639068000
6	0		1568.639101000
6	0		1568.639108000
17		1358	1568.657700000
17		1358	1568.749325000
17		1358	1568.840707000
17		1358	1568.931371000
17		1358	1569.022647000
17		1358	1569.113939000
6	0		1569.197022000
6	0		1569.197061000
6	0		1569.197071000
17		1358	1569.204765000
17		1358	1569.296506000
17		1358	1569.387626000
17		1358	1569.478298000
17		45	1569.569229000
17		1358	1569.569656000
17		34	1569.595884000
17		1358	1569.661431000
17		1358	1569.752630000
17		41	1569.754954000
17		986	1569.843421000
17		41	1569.940908000
17		41	1570.034331000
17		41	1570.126880000
6	0		1570.126922000
6	0		1570.128068000
17		41	1570.313792000
6	0		1570.434921000
17		41	1570.499034000
17		41	1570.685125000
17		41	1570.778289000
17		41	1570.963944000
6	0		1571.150502000
17		41	1571.150534000
6	0		1571.151961000
17		41	1571.336076000
17		41	1571.429275000
17		41	1571.615581000
17		41	1571.708798000
17		41	1571.894595000
17		41	1571.987669000
6	0		1572.172921000
6	0		1572.172951000
6	0		1572.172960000
17		41	1572.172968000
17		41	1572.359233000
17		41	1572.545654000
17		46	1572.638091000
17		34	1572.665024000
17		41	1572.824076000
17		41	1573.010328000
6	0		1573.103364000
6	0		1573.104809000
17		41	1573.196674000
17		41	1573.382765000
17		41	1573.568182000
17		41	1573.754787000
17		41	1573.940616000
17		41	1574.032928000
17		41	1574.218966000
17		41	1574.405347000
17		41	1574.590837000
17		41	1574.684612000
17		41	1574.870091000
17		41	1575.056585000
6	0		1575.147014000
17		41	1575.149620000
17		41	1575.242256000
17		41	1575.428597000
6	0		1575.614348000
6	0		1575.614372000
6	0		1575.614377000
17		41	1575.614385000
6	0		1575.800247000
6	74		1575.800278000
6	92		1575.800288000
6	0		1575.800296000
6	0		1575.800303000
17		41	1575.800313000
6	0		1575.801425000
6	910		1575.801935000
6	31		1575.801972000
6	0		1575.801978000
17		46	1576.451377000
17		34	1576.478141000
17		41	1576.544467000
17		41	1576.730633000
17		41	1576.916098000
17		41	1577.102238000
17		41	1577.195376000
17		41	1577.380951000
17		41	1577.567604000
17		824	1577.659982000
17		38	1577.660744000
17		1358	1577.664089000
17		41	1577.753767000
17		1358	1577.755558000
17		41	1577.845965000
17		1358	1577.847670000
17		1358	1577.938608000
17		41	1577.939036000
17		1358	1578.029631000
17		1358	1578.121609000
17		41	1578.124926000
17		1358	1578.211895000
17		1358	1578.302908000
17		41	1578.311117000
17		1358	1578.394368000
17		41	1578.404220000
17		1358	1578.559443000
17		41	1578.590214000
17		1358	1578.722546000
6	0		1578.869108000
17		1358	1578.886794000
17		1358	1579.050154000
6	0		1579.055316000
17		1358	1579.214230000
17		1358	1579.377967000
17		1358	1579.540934000
6	0		1579.613626000
17		1358	1579.704780000
17		1358	1579.868277000
17		1358	1580.032441000
17		1358	1580.195125000
17		1358	1580.359353000
17		1358	1580.522058000
17		1358	1580.686402000
17		1358	1580.849547000
17		1358	1581.013309000
6	0		1581.101178000
17		1358	1581.177847000
17		1358	1581.340259000
17		1358	1581.504829000
17		1358	1581.667735000
17		1358	1581.832180000
17		1358	1581.994605000
17		1358	1582.159301000
6	0		1582.310074000
6	0		1582.310080000
17		1358	1582.322308000
6	1418		1582.403224000
6	0		1582.409925000
17		1358	1582.486175000
6	1418		1582.496740000
6	0		1582.497823000
6	338		1582.502431000
6	93		1582.502458000
6	39		1582.502528000
6	1418		1582.588948000
6	0		1582.594897000
17		1358	1582.649567000
6	1400		1582.682198000
6	0		1582.682224000
17		41	1582.682235000
6	0		1582.683343000
6	0		1582.775768000
17		45	1582.775796000
17		41	1582.775802000
17		41	1582.775806000
17		41	1582.775811000
6	533		1582.777004000
17		33	1582.801741000
17		41	1582.868721000
17		41	1582.960939000
17		41	1583.053971000
17		41	1583.147014000
17		41	1583.240078000
17		41	1583.333251000
17		41	1583.426472000
17		41	1583.519566000
17		41	1583.612202000
17		41	1583.704993000
17		41	1583.798303000
17		41	1583.891298000
17		41	1583.984445000
17		41	1584.077445000
17		41	1584.262842000
17		41	1584.448896000
17		46	1584.635365000
17		33	1584.661980000
17		41	1584.821484000
17		41	1585.100164000
17		41	1585.286491000
17		41	1585.472672000
17		41	1585.751149000
17		41	1585.937225000
17		41	1586.123085000
17		41	1586.309015000
17		41	1586.495267000
17		1358	1586.497059000
17		41	1586.774549000
17		1358	1586.776710000
17		41	1586.960177000
17		1358	1586.961818000
6	31		1587.053329000
6	0		1587.054397000
6	0		1587.146693000
6	0		1587.146721000
6	632		1587.146726000
6	137		1587.146734000
17		41	1587.146742000
6	0		1587.147808000
6	0		1587.147833000
17		1358	1587.148418000
6	69		1587.149906000
6	31		1587.150098000
6	39		1587.238950000
6	0		1587.244967000
17		41	1587.425426000
17		1358	1587.427317000
6	0		1587.611312000
17		41	1590.400943000
17		1358	1590.402366000
17		1358	1590.534747000
17		1358	1590.664727000
17		41	1590.773150000
17		1358	1590.795350000
17		1358	1590.927344000
17		41	1590.959653000
17		1358	1591.057677000
17		1358	1591.188516000
6	0		1591.238574000
6	0		1591.238630000
17		41	1591.238643000
17		1358	1591.319463000
17		1358	1591.451327000
17		41	1591.516917000
17		1358	1591.580877000
17		1358	1591.711599000
17		1358	1591.842875000
17		1358	1591.973715000
17		1358	1592.105198000
17		1358	1592.235748000
17		1358	1592.366770000
17		1358	1592.497755000
17		51	1592.627798000
17		41	1593.284072000
17		46	1593.376941000
17		33	1593.403152000
17		41	1593.469920000
17		41	1593.563246000
17		41	1593.656648000
17		41	1593.748825000
17		41	1593.841974000
17		41	1593.934909000
17		41	1594.028869000
17		41	1594.121610000
17		41	1594.306859000
17		41	1594.493120000
17		41	1594.678924000
6	692		1594.865488000
6	627		1594.865520000
17		41	1594.865531000
6	0		1594.866594000
6	0		1594.866637000
6	69		1594.869316000
6	31		1594.873257000
6	39		1594.876255000
6	98		1594.880046000
17		904	1594.958603000
17		37	1594.959408000
17		1358	1594.962612000
17		41	1595.051297000
17		1358	1595.093915000
17		1358	1595.226041000
17		41	1595.236970000
17		41	1595.329995000
17		1358	1595.355898000
17		1358	1595.487278000
17		1358	1595.618419000
17		1358	1595.748960000
17		1358	1595.880254000
17		1358	1596.011059000
17		1358	1596.142166000
17		1358	1596.272321000
17		1358	1596.403963000
17		1358	1596.534803000
17		1358	1596.664485000
6	0		1596.725083000
6	39		1596.725129000
17		41	1596.725143000
6	0		1596.731211000
17		1358	1596.796243000
17		45	1596.818295000
17		33	1596.844278000
17		41	1597.004511000
17		1358	1597.014256000
17		1358	1597.231949000
17		41	1597.283416000
17		1358	1597.450618000
17		41	1597.469555000
17		41	1597.655485000
17		1358	1597.669088000
17		41	1597.841289000
17		1358	1597.887355000
17		41	1598.027395000
17		1358	1598.105110000
17		41	1598.213329000
17		41	1598.306172000
17		1358	1598.322820000
17		41	1598.491970000
17		1358	1598.541181000
17		41	1598.678363000
17		1358	1598.705150000
17		41	1598.864416000
17		1358	1598.868310000
17		1358	1599.032315000
17		41	1599.143697000
17		1358	1599.195124000
17		41	1599.328898000
17		1358	1599.359623000
17		41	1599.515311000
17		1358	1599.522386000
17		1358	1599.686785000
17		41	1599.793949000
17		1358	1599.849483000
17		41	1599.980024000
17		1358	1600.013422000
17		1358	1600.177514000
17		41	1600.259065000
17		1358	1600.340772000
17		41	1600.444997000
17		1358	1600.504660000
17		1358	1600.667960000
17		41	1600.723870000
6	127		1600.723909000
6	0		1600.724932000
6	1303		1600.817195000
6	0		1600.818244000
6	68		1600.823838000
6	93		1600.827109000
17		1358	1600.831756000
6	39		1600.836225000
17		1358	1600.995817000
17		46	1601.003118000
17		33	1601.029744000
17		1358	1601.159558000
17		41	1601.282122000
17		1358	1601.322833000
17		41	1601.468743000
17		1358	1601.486142000
17		1358	1601.649460000
17		41	1601.746798000
17		1358	1601.813911000
17		41	1601.933148000
17		1358	1601.977170000
17		1358	1602.140584000
17		41	1602.211913000
17		1358	1602.304975000
17		41	1602.398048000
17		1358	1602.467995000
17		41	1602.491059000
17		1358	1602.632445000
17		41	1602.769900000
17		1358	1602.795014000
17		41	1602.956159000
17		1358	1602.957901000
17		1358	1603.121802000
17		41	1603.235096000
17		1358	1603.286671000
17		41	1603.421212000
17		1358	1603.448986000
17		41	1603.607120000
17		1358	1603.613035000
17		1358	1603.776263000
17		41	1603.886591000
17		1358	1603.940979000
17		41	1604.072406000
17		1358	1604.103880000
17		41	1604.258268000
17		1358	1604.267526000
17		1358	1604.431102000
6	0		1604.444278000
6	39		1604.537412000
17		41	1604.537449000
6	0		1604.544220000
17		1358	1604.595370000
17		1358	1604.759438000
17		41	1604.816793000
17		1358	1604.922346000
17		1358	1605.085960000
17		41	1605.095819000
17		41	1605.188471000
17		1358	1605.249423000
17		1358	1605.412798000
17		46	1605.467098000
17		33	1605.492967000
17		1358	1605.576610000
17		1358	1605.740167000
17		41	1605.746424000
17		1358	1605.903580000
17		41	1606.024833000
17		1358	1606.067383000
17		41	1606.118351000
17		41	1606.211651000
17		1358	1606.230374000
17		41	1606.304163000
17		1358	1606.394272000
17		41	1606.397905000
17		41	1606.490526000
17		1358	1606.557490000
17		41	1606.583804000
17		41	1606.676291000
17		1358	1606.721353000
17		41	1606.768998000
17		41	1606.862517000
17		41	1606.955595000
17		41	1607.048684000
17		41	1607.141030000
17		41	1607.234179000
17		41	1607.327388000
17		41	1607.420594000
17		41	1607.513677000
17		41	1607.605852000
17		46	1607.699305000
17		33	1607.725252000
17		41	1607.885991000
17		41	1607.977916000
17		41	1608.257186000
17		41	1608.443107000
17		41	1608.629287000
17		41	1608.908655000
17		41	1609.000914000
17		1358	1609.002423000
17		41	1609.187297000
17		1358	1609.189488000
17		41	1609.280460000
17		1358	1609.353811000
17		41	1609.373657000
17		41	1609.465983000
17		1358	1609.518322000
17		1358	1609.682958000
17		1358	1609.846316000
17		1358	1610.010465000
17		1358	1610.173192000
17		1358	1610.336914000
17		41	1610.489324000
17		1358	1610.500794000
17		1358	1610.664099000
17		41	1610.768400000
17		1358	1610.827151000
17		41	1610.954269000
17		1358	1610.991438000
17		1358	1611.154902000
17		41	1611.233356000
17		1358	1611.318270000
17		41	1611.419056000
17		1358	1611.481533000
17		41	1611.604827000
17		1358	1611.645371000
17		1358	1611.809195000
17		41	1611.884407000
17		1358	1611.971683000
17		41	1612.070079000
17		1358	1612.136407000
17		46	1612.163383000
17		33	1612.190163000
17		1253	1612.299404000
17		41	1612.442372000
17		41	1612.628230000
17		41	1612.907220000
17		41	1613.093717000
17		41	1613.279045000
17		41	1613.558371000
17		41	1613.744740000
17		41	1613.929925000
17		824	1614.023275000
17		37	1614.024070000
17		1358	1614.027401000
17		41	1614.116459000
17		1358	1614.158661000
17		1358	1614.290496000
17		41	1614.301948000
17		1358	1614.420320000
17		1358	1614.552012000
17		41	1614.581531000
17		1358	1614.682457000
17		41	1614.767403000
17		1358	1614.812868000
6	590		1614.860357000
6	39		1614.860364000
6	39		1614.861692000
6	0		1614.861723000
6	0		1614.861745000
6	69		1614.865207000
6	70		1614.871868000
17		1358	1614.944130000
17		1358	1615.075387000
17		1358	1615.205295000
17		1358	1615.336671000
17		1358	1615.467160000
17		1358	1615.599022000
17		1358	1615.728871000
17		1358	1615.859683000
17		1358	1615.990910000
17		1358	1616.121915000
17		41	1616.162193000
17		1358	1616.251822000
17		45	1616.254859000
17		33	1616.281391000
17		41	1616.440905000
17		1358	1616.470168000
17		41	1616.627566000
17		1358	1616.688344000
17		41	1616.720215000
17		41	1616.905924000
17		1358	1616.907669000
17		41	1617.092061000
17		1358	1617.124275000
17		41	1617.278096000
17		1358	1617.342926000
6	0		1617.371044000
6	39		1617.371079000
6	0		1617.376903000
17		41	1617.463978000
17		1358	1617.560575000
17		41	1617.650308000
17		1358	1617.779461000
17		41	1617.929609000
17		1358	1617.943191000
17		1358	1618.106076000
17		41	1618.115395000
17		1358	1618.269906000
17		41	1618.301567000
17		1358	1618.432926000
17		41	1618.487703000
17		41	1618.580177000
17		1358	1618.595978000
17		41	1618.673306000
17		1358	1618.760419000
17		41	1618.766088000
17		41	1618.859737000
17		1358	1618.923127000
17		41	1618.951824000
17		41	1619.045350000
17		1358	1619.073544000
17		41	1619.138419000
17		1358	1619.216468000
17		46	1619.231396000
17		33	1619.258069000
17		41	1619.324358000
17		1358	1619.357797000
17		1358	1619.500041000
17		41	1619.510132000
17		1358	1619.642799000
17		41	1619.696143000
17		1358	1619.784268000
17		1358	1619.927619000
17		41	1619.944396000
17		41	1620.006600000
17		1358	1620.068907000
17		41	1620.192208000
17		1358	1620.211522000
17		41	1620.254586000
17		1358	1620.354453000
17		41	1620.378232000
17		41	1620.440610000
17		1358	1620.495727000
17		41	1620.502576000
17		41	1620.563958000
17		41	1620.626137000
17		41	1620.812076000
17		41	1620.935800000
17		41	1621.060529000
17		41	1621.183928000
17		1358	1621.185693000
17		41	1621.308425000
17		1358	1621.309089000
17		41	1621.432308000
17		1358	1621.452040000
17		41	1621.556439000
17		1358	1621.594729000
17		46	1621.680722000
17		33	1621.707452000
17		1358	1621.738531000
17		1358	1621.882009000
17		1358	1622.023110000
17		41	1622.114312000
17		1358	1622.166511000
17		41	1622.299936000
17		1358	1622.308917000
17		41	1622.424252000
17		1358	1622.450503000
17		41	1622.548586000
17		1358	1622.592740000
17		41	1622.672391000
17		1358	1622.734606000
17		41	1622.796158000
17		1358	1622.877579000
17		41	1622.920038000
17		1358	1623.020369000
17		41	1623.044476000
17		1358	1623.161696000
17		41	1623.168248000
17		1358	1623.301117000
17		41	1623.354095000
17		1358	1623.441671000
17		41	1623.478384000
17		1358	1623.582386000
17		41	1623.664271000
17		1358	1623.722971000
17		41	1623.788062000
17		1358	1623.834173000
17		1358	1623.945978000
17		41	1623.974112000
17		41	1624.036499000
17		1358	1624.058679000
17		1358	1624.171011000
17		41	1624.222397000
17		1358	1624.283120000
17		1358	1624.394509000
17		41	1624.408615000
17		41	1624.469929000
17		1358	1624.507060000
17		41	1624.594230000
17		1358	1624.619050000
17		46	1624.718779000
17		33	1624.745247000
6	671		1624.779928000
6	0		1624.781009000
6	69		1624.784277000
6	31		1624.787991000
6	39		1624.790985000
17		1358	1624.805299000
17		41	1624.841884000
17		41	1624.965900000
17		1358	1624.988339000
17		41	1625.089872000
17		1358	1625.121094000
17		41	1625.214601000
17		1358	1625.252244000
17		41	1625.276416000
17		1358	1625.376186000
17		41	1625.400669000
17		1358	1625.498648000
17		41	1625.523949000
17		1358	1625.615022000
6	0		1625.648143000
6	39		1625.648179000
6	0		1625.655243000
17		41	1625.710250000
17		1358	1625.729945000
17		1358	1625.846545000
17		41	1625.896138000
17		1358	1625.963154000
17		1358	1626.078753000
17		41	1626.082058000
17		1358	1626.195133000
17		41	1626.206281000
17		1358	1626.311706000
17		41	1626.330004000
17		1358	1626.427219000
17		41	1626.516044000
17		1358	1626.543627000
17		41	1626.639920000
17		1358	1626.660461000
17		41	1626.764177000
17		1358	1626.776277000
17		41	1626.888674000
17		1358	1626.892406000
17		1358	1627.008801000
17		41	1627.012671000
17		1358	1627.125346000
17		41	1627.136694000
17		1358	1627.241264000
17		41	1627.260535000
17		1358	1627.357428000
17		46	1627.384104000
17		33	1627.410434000
17		1358	1627.472877000
17		41	1627.569930000
17		1358	1627.589540000
17		41	1627.694236000
17		1358	1627.705877000
17		41	1627.818068000
17		1358	1627.822805000
17		1358	1627.938640000
17		41	1627.942057000
17		1358	1628.054905000
17		41	1628.128142000
17		1358	1628.171258000
17		41	1628.190517000
17		1358	1628.286608000
17		41	1628.314165000
17		1358	1628.403170000
17		41	1628.437904000
17		1358	1628.519593000
17		41	1628.624692000
17		1358	1628.635245000
17		41	1628.748522000
17		1358	1628.751861000
17		1358	1628.868204000
17		41	1628.871796000
17		1358	1628.984374000
17		41	1628.995890000
17		1358	1629.101177000
17		41	1629.182399000
17		1358	1629.217159000
17		41	1629.306016000
17		987	1629.332331000
17		41	1629.430643000
17		41	1629.491858000
17		41	1629.616552000
17		41	1629.802675000
17		41	1629.926330000
17		46	1630.050197000
17		33	1630.076964000
17		41	1630.174068000
17		41	1630.360351000
17		41	1630.483941000
17		41	1630.607805000
17		906	1630.670462000
17		37	1630.671192000
17		1358	1630.674609000
17		41	1630.732004000
17		1358	1630.768192000
17		41	1630.856150000
17		1358	1630.861088000
17		1358	1630.954950000
17		1358	1631.048441000
17		1358	1631.140345000
17		1358	1631.233458000
17		1358	1631.326496000
17		1358	1631.420135000
17		41	1631.476402000
17		1358	1631.511604000
17		45	1631.537842000
17		33	1631.564223000
17		41	1631.599802000
17		41	1631.662603000
17		1358	1631.668075000
17		41	1631.724693000
17		41	1631.786239000
17		1358	1631.822167000
17		41	1631.848519000
17		41	1631.910651000
17		1358	1631.937800000
17		41	1631.972087000
17		1358	1632.054763000
17		41	1632.158490000
17		1358	1632.170896000
17		41	1632.282408000
17		1358	1632.287634000
17		1358	1632.371749000
17		41	1632.406027000
17		1358	1632.455830000
17		41	1632.468062000
17		41	1632.530188000
17		1358	1632.538777000
17		1358	1632.622799000
17		41	1632.653958000
17		1358	1632.706890000
17		1358	1632.791346000
17		41	1632.840175000
17		1358	1632.876034000
17		1358	1632.959663000
17		41	1632.964078000
17		41	1633.026119000
17		1358	1633.043510000
17		1358	1633.127842000
17		41	1633.150484000
17		1358	1633.210933000
17		41	1633.274171000
17		1358	1633.295105000
17		1358	1633.380329000
17		41	1633.398723000
17		1358	1633.463465000
17		46	1633.522184000
17		1358	1633.547218000
17		1358	1633.631210000
17		41	1633.646025000
17		41	1633.707867000
17		1358	1633.715130000
17		1358	1633.799026000
17		41	1633.832332000
17		1358	1633.884316000
17		41	1633.956672000
17		1358	1633.967646000
17		1358	1634.051419000
17		41	1634.079816000
17		1358	1634.135414000
17		41	1634.204119000
17		1358	1634.219647000
17		1358	1634.303965000
17		41	1634.328396000
17		1358	1634.388053000
17		41	1634.452183000
17		1358	1634.471755000
17		1358	1634.556424000
17		41	1634.575837000
17		1358	1634.639537000
17		41	1634.700091000
17		1358	1634.723555000
17		1358	1634.807796000
6	712		1634.824412000
6	660		1634.824437000
6	0		1634.825835000
6	0		1634.825865000
6	69		1634.827892000
6	31		1634.830329000
6	39		1634.832530000
6	98		1634.835235000
17		41	1634.886387000
17		1358	1634.892298000
17		1358	1634.976139000
17		41	1635.010239000
17		1358	1635.060688000
17		41	1635.133857000
17		1358	1635.143889000
17		41	1635.196015000
17		1358	1635.228119000
17		1358	1635.312596000
17		41	1635.320086000
17		41	1635.381871000
17		1358	1635.397179000
17		41	1635.443970000
17		1358	1635.481005000
17		1358	1635.565181000
17		41	1635.568319000
17		1358	1635.648869000
17		41	1635.691911000
17		1358	1635.732973000
17		46	1635.816399000
17		1358	1635.816787000
17		33	1635.843696000
17		41	1635.878649000
17		1358	1635.901546000
17		1358	1635.968240000
17		41	1636.002552000
17		1358	1636.034963000
17		1358	1636.102039000
17		41	1636.126174000
17		1358	1636.169840000
17		41	1636.249826000
17		1358	1636.252799000
6	0		1636.374831000
6	39		1636.374865000
17		41	1636.374877000
17		1358	1636.376462000
6	0		1636.380888000
17		41	1636.498256000
17		1358	1636.500053000
17		41	1636.622337000
17		1358	1636.624188000
17		41	1636.746486000
17		1358	1636.748480000
17		41	1636.808504000
17		1358	1636.861611000
17		41	1636.932037000
17		1358	1636.974911000
17		41	1636.994295000
17		1358	1637.087685000
17		41	1637.118635000
17		1358	1637.200446000
17		41	1637.242735000
17		1358	1637.285328000
17		41	1637.366466000
17		1358	1637.369670000
17		41	1637.490062000
17		1358	1637.492161000
17		41	1637.614337000
17		1358	1637.616012000
17		41	1637.738246000
17		1358	1637.740030000
17		41	1637.862624000
17		1358	1637.863856000
17		41	1637.924428000
17		1358	1637.948737000
17		46	1637.985999000
17		33	1638.012714000
17		1358	1638.033225000
17		41	1638.048022000
17		1358	1638.118289000
17		41	1638.172483000
17		1358	1638.202843000
17		41	1638.234475000
17		1358	1638.288546000
17		41	1638.419954000
17		1358	1638.421696000
17		41	1638.482290000
17		1358	1638.505735000
17		41	1638.668325000
17		1358	1638.670246000
17		41	1638.730344000
17		1358	1638.755319000
17		41	1638.792204000
17		1358	1638.839431000
17		41	1638.978738000
17		1358	1638.980310000
17		41	1639.102610000
17		1358	1639.104244000
17		41	1639.226650000
17		1358	1639.228449000
17		1358	1639.313670000
17		41	1639.411940000
17		1358	1639.412986000
17		41	1639.474673000
17		1358	1639.497898000
17		41	1639.660405000
17		1358	1639.662177000
17		41	1639.722023000
17		1358	1639.746741000
17		41	1639.784021000
17		1358	1639.831219000
17		41	1639.846038000
17		41	1639.908446000
17		1358	1639.916052000
17		41	1639.970619000
17		1358	1640.001699000
17		46	1640.032316000
17		33	1640.059511000
17		1039	1640.085140000
17		41	1640.094028000
17		41	1640.156299000
17		41	1640.218389000
17		41	1640.279985000
17		41	1640.341848000
17		41	1640.404060000
17		41	1640.465980000
17		41	1640.528327000
17		41	1640.590488000
17		41	1640.776393000
17		41	1640.838675000
6	131		1640.838708000
6	0		1640.839869000
6	1418		1640.899899000
6	87		1640.899937000
6	0		1640.900976000
6	0		1640.901002000
6	68		1640.906529000
6	93		1640.908905000
6	39		1640.915521000
17		41	1641.024015000
17		41	1641.086057000
17		41	1641.148949000
17		41	1641.210785000
17		856	1641.272317000
17		37	1641.273164000
17		1358	1641.274018000
17		1358	1641.274057000
17		1358	1641.274067000
17		1358	1641.274072000
17		1358	1641.274076000
17		1358	1641.274080000
17		1358	1641.274083000
17		1358	1641.274087000
17		1358	1641.274092000
17		1358	1641.274096000
17		1358	1641.342315000
17		1358	1641.409917000
17		1358	1641.476393000
6	0		1641.520579000
6	39		1641.520584000
6	0		1641.527244000
17		1358	1641.544006000
17		1358	1641.611536000
17		1358	1641.678185000
17		1358	1641.745633000
17		41	1641.768308000
17		1358	1641.813755000
17		46	1641.830202000
17		33	1641.856600000
17		41	1641.892131000
17		1358	1641.924630000
17		41	1641.953852000
17		41	1642.016009000
17		1358	1642.038237000
17		41	1642.078196000
17		41	1642.140404000
17		1358	1642.149257000
17		41	1642.202951000
17		1358	1642.261109000
17		41	1642.263879000
17		41	1642.326121000
17		1358	1642.373205000
17		41	1642.450030000
17		1358	1642.457957000
17		1358	1642.541905000
17		41	1642.574358000
17		1358	1642.626446000
17		41	1642.636511000
17		1358	1642.710094000
17		41	1642.759968000
17		1358	1642.793693000
17		1358	1642.878074000
17		41	1642.883970000
17		1358	1642.962831000
17		41	1643.009197000
17		1358	1643.046008000
17		41	1643.070417000
17		1358	1643.129906000
17		41	1643.194256000
17		1358	1643.213628000
17		1358	1643.293257000
17		41	1643.317899000
17		1358	1643.372295000
17		41	1643.442342000
17		1358	1643.451393000
17		1358	1643.530639000
17		41	1643.566532000
17		1358	1643.610032000
17		1358	1643.689174000
17		46	1643.690261000
17		33	1643.716173000
17		1358	1643.768501000
17		41	1643.814405000
17		1358	1643.847447000
17		1358	1643.926806000
17		41	1643.938084000
17		1358	1644.006379000
17		41	1644.062239000
17		1358	1644.086327000
17		41	1644.186494000
17		1358	1644.188347000
17		41	1644.310474000
17		1358	1644.312187000
17		41	1644.434389000
17		1358	1644.436303000
17		41	1644.558568000
17		1358	1644.560208000
17		41	1644.620192000
17		1358	1644.640496000
17		41	1644.682243000
17		727	1644.720827000
17		41	1644.744102000
17		41	1644.868143000
17		41	1644.930436000
17		41	1644.992698000
17		41	1645.177882000
17		41	1645.301930000
17		41	1645.425884000
17		41	1645.488078000
17		41	1645.612584000
17		41	1645.674663000
17		46	1645.736690000
17		33	1645.763375000
17		41	1645.860628000
17		41	1645.984017000
17		41	1646.046594000
17		41	1646.232682000
17		41	1646.294374000
17		41	1646.480644000
17		919	1646.542130000
17		38	1646.543113000
17		142	1646.543740000
17		1353	1646.543776000
17		1358	1646.543793000
17		1358	1646.543799000
17		1358	1646.543805000
17		1358	1646.543810000
17		1358	1646.543815000
17		1358	1646.543820000
17		1358	1646.543826000
17		1358	1646.543832000
17		1358	1646.607380000
17		1358	1646.670910000
17		1358	1646.734460000
17		1358	1646.798246000
17		1358	1646.861238000
17		1358	1646.924995000
17		1358	1646.987957000
17		1358	1647.051847000
17		1358	1647.115116000
17		1358	1647.178211000
17		46	1647.410693000
17		33	1647.437038000
17		41	1647.472226000
17		1358	1647.474034000
17		41	1647.534659000
17		1358	1647.580838000
17		41	1647.596516000
17		41	1647.658235000
17		1358	1647.686864000
17		41	1647.720400000
17		41	1647.781953000
17		1358	1647.793637000
17		41	1647.844300000
17		1358	1647.898715000
17		41	1647.906754000
17		41	1647.967916000
17		1358	1648.004984000
17		1358	1648.084099000
17		41	1648.092207000
17		1358	1648.163838000
17		41	1648.215910000
17		1358	1648.242329000
17		41	1648.277973000
17		1358	1648.321916000
17		41	1648.340523000
17		1358	1648.400913000
17		41	1648.402664000
17		41	1648.464514000
17		1358	1648.480068000
17		41	1648.526336000
17		608	1648.559296000
17		41	1648.588354000
17		41	1648.649913000
17		41	1648.774008000
17		46	1648.836075000
17		33	1648.862619000
17		41	1648.898127000
17		41	1648.961202000
17		41	1649.021834000
17		41	1649.084574000
17		41	1649.146694000
17		41	1649.270045000
17		41	1649.332494000
17		41	1649.393882000
17		41	1649.518403000
17		831	1649.579970000
17		38	1649.580755000
17		1358	1649.581548000
17		1358	1649.581568000
17		1358	1649.581572000
17		1358	1649.581577000
17		1358	1649.581581000
17		1358	1649.581585000
17		1358	1649.581589000
17		1358	1649.581593000
17		1358	1649.581598000
17		1358	1649.581602000
17		1358	1649.650942000
17		1358	1649.719917000
17		1358	1649.788551000
17		1358	1649.857115000
17		1358	1649.924697000
17		1358	1649.993540000
17		1358	1650.062135000
17		1358	1650.130647000
17		1358	1650.198737000
17		41	1650.199970000
17		46	1650.262740000
17		1358	1650.267371000
17		41	1650.323882000
17		1358	1650.335566000
17		41	1650.386247000
17		1358	1650.403591000
17		41	1650.448151000
17		1358	1650.473446000
17		41	1650.509923000
17		1358	1650.540650000
17		41	1650.572197000
17		1358	1650.610491000
17		41	1650.634047000
17		1358	1650.678349000
17		41	1650.696310000
17		1358	1650.746819000
17		41	1650.758610000
17		1358	1650.814658000
17		41	1650.882069000
17		1358	1650.883797000
17		1358	1650.952001000
17		41	1651.006075000
17		1358	1651.020964000
17		1358	1651.089278000
17		41	1651.130213000
17		1358	1651.158389000
17		1358	1651.226235000
17		41	1651.254854000
17		1358	1651.295124000
17		41	1651.315925000
17		1358	1651.350592000
17		41	1651.439829000
17		1358	1651.441001000
17		41	1651.564750000
17		1358	1651.565985000
17		41	1651.626263000
17		1358	1651.627403000
17		41	1651.750555000
17		1358	1651.751449000
17		41	1651.874564000
17		41	1651.998411000
17		46	1652.121804000
17		33	1652.148062000
17		41	1652.183989000
17		41	1652.307938000
17		41	1652.369984000
17		41	1652.432205000
17		41	1652.494247000
17		41	1652.617856000
17		41	1652.679993000
17		41	1652.804101000
17		41	1652.928212000
17		41	1652.989831000
17		41	1653.051934000
17		41	1653.114323000
17		41	1653.176513000
17		41	1653.238450000
17		1358	1653.240227000
17		41	1653.300175000
17		1358	1653.308963000
17		1358	1653.378146000
17		41	1653.424154000
17		1358	1653.445965000
17		41	1653.486393000
17		1358	1653.515207000
17		41	1654.292278000
17		1358	1654.293821000
17		41	1654.354647000
17		1358	1654.363960000
17		46	1654.416286000
17		1358	1654.431423000
17		41	1654.478015000
17		1358	1654.500231000
17		41	1654.540534000
17		747	1654.568844000
17		41	1655.036039000
17		41	1655.098039000
17		904	1655.160548000
17		38	1655.161327000
17		147	1655.161933000
17		1358	1655.170392000
17		41	1655.222274000
17		1358	1655.239863000
17		41	1655.283941000
17		1358	1655.308194000
17		1358	1655.376547000
17		41	1655.408072000
17		1358	1655.445355000
17		1358	1655.513953000
17		1358	1655.582935000
17		1358	1655.650432000
17		46	1655.718632000
17		1358	1655.720994000
17		41	1655.780581000
17		1358	1655.787516000
17		41	1655.842726000
17		1358	1655.857189000
17		1358	1655.924833000
17		41	1655.966001000
17		1358	1655.993273000
17		41	1656.028294000
17		1358	1656.061282000
17		1358	1656.130338000
17		41	1656.152271000
17		1358	1656.199122000
17		41	1656.214656000
17		1358	1656.267434000
17		41	1656.276433000
17		1358	1656.335391000
17		41	1656.337849000
17		1358	1656.390471000
17		1358	1656.446098000
17		41	1656.461876000
17		1358	1656.499880000
17		41	1656.524428000
17		1358	1656.554352000
17		41	1656.586251000
17		1358	1656.609318000
17		1358	1656.665326000
17		41	1656.710638000
17		1358	1656.720029000
17		41	1656.772921000
17		1358	1656.773377000
17		1358	1656.829195000
17		41	1656.833944000
17		1358	1656.884037000
17		41	1656.896414000
17		1358	1656.975431000
17		41	1657.020487000
17		1358	1657.066405000
17		41	1657.082740000
17		41	1657.144845000
17		1358	1657.158165000
17		41	1657.206316000
17		1358	1657.248820000
17		46	1657.268357000
17		33	1657.294654000
17		41	1657.330466000
17		1130	1657.340389000
17		41	1657.392403000
17		41	1657.516311000
17		41	1657.640447000
17		41	1657.764420000
17		41	1657.826442000
17		41	1657.950279000
17		41	1658.012741000
17		41	1658.136299000
17		41	1658.260438000
17		41	1658.384262000
17		911	1658.508114000
17		38	1658.508989000
17		1358	1658.510791000
17		1358	1658.510826000
17		1358	1658.510831000
17		1358	1658.510835000
17		1358	1658.510839000
17		1358	1658.510843000
17		1358	1658.510847000
17		1358	1658.510851000
17		1358	1658.510854000
17		1358	1658.510858000
17		1358	1658.579976000
17		1358	1658.648999000
17		1358	1658.716874000
17		1358	1658.786175000
17		1358	1658.854023000
17		1358	1658.922774000
17		1358	1658.990750000
17		1358	1659.060095000
17		41	1659.066663000
17		46	1659.127850000
17		1358	1659.127863000
17		33	1659.154450000
17		41	1659.190036000
17		1358	1659.196038000
17		41	1659.252633000
17		1358	1659.264927000
17		41	1659.314630000
17		1358	1659.332957000
17		41	1659.376351000
17		1358	1659.401931000
17		41	1659.438489000
17		1358	1659.470641000
17		41	1659.499888000
17		1358	1659.539132000
17		41	1659.562363000
17		1358	1659.607420000
17		41	1659.624452000
17		1358	1659.675946000
17		41	1659.686711000
17		1358	1659.744037000
17		41	1659.748771000
17		41	1659.810254000
17		1358	1659.812898000
17		1358	1659.881706000
17		41	1659.934284000
17		1358	1659.949992000
17		41	1659.996039000
17		1358	1660.018053000
17		1358	1660.087030000
17		41	1660.120346000
17		1358	1660.155502000
17		179	1660.223973000
17		41	1660.243893000
17		41	1660.306350000
17		41	1660.431146000
17		41	1660.491862000
17		41	1660.615975000
17		46	1660.740407000
17		33	1660.766752000
17		41	1660.802243000
17		41	1660.864128000
17		41	1660.988186000
17		41	1661.050611000
17		41	1661.173819000
17		41	1661.236168000
17		41	1661.360663000
17		41	1661.484404000
17		41	1661.546615000
17		41	1661.608822000
17		41	1661.670521000
17		41	1661.794742000
17		41	1661.856322000
17		830	1661.918181000
17		38	1661.919038000
17		144	1661.919666000
17		1353	1661.919693000
17		1358	1661.919698000
17		1358	1661.919702000
17		1358	1661.919716000
17		1358	1661.919724000
17		1358	1661.919728000
17		1358	1661.919732000
17		1358	1661.919736000
17		1358	1661.919740000
17		1358	1661.975524000
17		1358	1662.030421000
17		1358	1662.084566000
17		1358	1662.139444000
17		1358	1662.194456000
17		1358	1662.249543000
17		1358	1662.304420000
17		1358	1662.358388000
17		1358	1662.413336000
17		1358	1662.469044000
17		41	1662.476441000
17		46	1662.538442000
17		41	1662.538463000
17		1358	1662.540165000
17		41	1662.600532000
17		1358	1662.633030000
17		41	1662.662690000
17		41	1662.724347000
17		1358	1662.726174000
17		41	1662.786620000
17		1358	1662.817938000
17		41	1662.848780000
17		1358	1662.910129000
17		41	1662.910320000
17		41	1662.972393000
17		1358	1663.000684000
17		41	1663.034390000
17		1358	1663.092204000
17		41	1663.096129000
17		41	1663.158377000
17		1358	1663.160488000
17		41	1663.220891000
17		1358	1663.229406000
17		41	1663.281969000
17		1358	1663.297991000
17		41	1663.344324000
17		1358	1663.366243000
17		1358	1663.435415000
17		41	1663.468687000
17		1358	1663.503300000
17		41	1663.530177000
17		1358	1663.572135000
17		41	1663.592015000
17		1358	1663.640955000
17		1358	1663.709030000
17		41	1663.716268000
17		1358	1663.776956000
17		41	1663.840302000
17		1358	1663.845501000
17		1358	1663.914512000
17		46	1663.964721000
17		1358	1663.983007000
17		41	1664.026257000
17		1358	1664.051032000
17		41	1664.088303000
17		1358	1664.119991000
17		41	1664.150314000
17		1358	1664.187995000
17		41	1664.212017000
17		1358	1664.257153000
17		41	1664.274177000
17		1358	1664.324932000
17		41	1664.336538000
17		1358	1664.394362000
17		41	1664.397835000
17		41	1664.460677000
17		1358	1664.462740000
17		1358	1664.531119000
17		41	1664.583961000
17		1358	1664.599083000
17		1358	1664.668553000
17		41	1664.708543000
17		641	1664.736488000
17		41	1664.770831000
6	560		1664.832525000
6	39		1664.832534000
6	0		1664.833959000
6	0		1664.833994000
6	39		1664.834136000
6	69		1664.836309000
6	31		1664.839031000
6	39		1664.840590000
17		41	1664.893982000
17		41	1665.017977000
17		41	1665.142968000
17		41	1665.204616000
17		41	1665.327892000
17		41	1665.452280000
17		41	1665.514068000
17		41	1665.638692000
17		46	1665.700397000
17		33	1665.727540000
17		41	1665.823933000
17		41	1665.948436000
17		41	1666.009847000
17		41	1666.071833000
17		41	1666.134794000
17		41	1666.257901000
17		911	1666.382208000
6	0		1666.382239000
17		38	1666.383073000
17		1358	1666.383942000
17		1358	1666.383958000
17		1358	1666.383962000
17		1358	1666.383966000
6	0		1666.444255000
6	0		1666.444281000
6	0		1666.444285000
6	39		1666.444290000
6	0		1666.450897000
17		1358	1666.453296000
17		41	1667.188280000
17		1358	1667.189517000
17		1358	1667.245512000
17		46	1667.250454000
17		33	1667.277537000
17		1358	1667.299549000
17		41	1667.312721000
17		1358	1667.354551000
17		41	1667.374385000
17		1358	1667.409416000
17		41	1667.435959000
17		1358	1667.464676000
17		1358	1667.519267000
17		1358	1667.574468000
17		1358	1667.628481000
17		1358	1667.683237000
17		1358	1667.738361000
17		1358	1667.793306000
17		41	1667.808596000
17		1358	1667.848490000
17		41	1667.870089000
17		41	1667.932388000
17		1358	1667.940058000
17		1358	1668.031438000
17		41	1668.056212000
17		41	1668.118633000
17		1358	1668.122344000
17		1358	1668.213749000
17		41	1668.242700000
17		41	1668.304344000
17		1358	1668.306138000
17		1358	1668.396514000
17		41	1668.428050000
17		1358	1668.487771000
17		41	1668.490088000
17		41	1668.552607000
17		1358	1668.579420000
17		41	1668.614566000
17		1358	1668.647811000
17		1358	1668.716181000
17		41	1668.738375000
17		1358	1668.784555000
17		41	1668.800067000
17		1358	1668.853344000
17		1358	1668.921107000
17		41	1668.924049000
17		1358	1668.990048000
17		41	1669.048589000
17		1358	1669.058472000
17		1358	1669.127564000
17		41	1669.172118000
17		1358	1669.195781000
17		46	1669.234118000
17		33	1669.260448000
17		1358	1669.264213000
17		1358	1669.332244000
17		41	1669.358452000
17		1358	1669.401418000
17		1358	1669.469180000
17		41	1669.481875000
17		1358	1669.538190000
17		41	1669.606325000
17		325	1669.606541000
17		41	1669.667855000
17		41	1669.730316000
17		41	1669.854243000
17		41	1669.915888000
17		41	1670.039782000
17		41	1670.164326000
17		41	1670.225976000
17		41	1670.350527000
17		41	1670.412205000
17		41	1670.536595000
17		41	1670.660058000
17		41	1670.784633000
17		41	1670.845833000
17		41	1670.969768000
17		911	1671.032343000
17		38	1671.033133000
17		152	1671.034823000
17		1353	1671.055259000
17		1358	1671.055304000
17		1358	1671.055314000
17		1358	1671.055320000
17		1358	1671.055326000
17		1358	1671.055330000
17		1358	1671.055333000
17		1358	1671.055337000
17		1358	1671.055341000
17		1358	1671.124641000
17		1358	1671.193404000
17		1358	1671.261874000
17		1358	1671.329499000
17		1358	1671.398713000
17		1358	1671.466511000
17		1358	1671.535726000
17		1358	1671.604108000
17		1358	1671.672473000
17		46	1671.714171000
17		33	1671.740642000
17		1358	1671.740683000
17		41	1671.775903000
17		1358	1671.809650000
17		41	1671.838581000
17		1358	1671.878787000
17		41	1671.900194000
17		1358	1671.946562000
17		41	1671.962197000
17		1358	1672.016030000
17		41	1672.024736000
17		1358	1672.084036000
17		41	1672.086297000
17		41	1672.148650000
17		1358	1672.152929000
17		41	1672.210721000
17		1358	1672.220897000
17		41	1672.272151000
17		1358	1672.289930000
17		1358	1672.357586000
17		41	1672.396267000
17		1358	1672.427425000
17		1358	1672.495029000
17		41	1672.519803000
17		1358	1672.563596000
17		1358	1672.632040000
17		41	1672.644195000
17		438	1672.701303000
17		41	1672.706239000
17		41	1672.830738000
17		41	1672.953997000
17		41	1673.016108000
17		41	1673.140713000
17		41	1673.202536000
17		41	1673.326016000
17		46	1673.450169000
17		33	1673.476422000
17		41	1673.574396000
17		41	1673.636545000
17		41	1673.759966000
17		41	1673.884202000
17		41	1673.946390000
17		41	1674.070647000
17		41	1674.131976000
17		41	1674.256017000
17		41	1674.380394000
17		41	1674.442731000
17		831	1674.504278000
17		38	1674.505014000
17		1358	1674.506926000
17		1358	1674.506956000
17		1358	1674.506962000
17		1358	1674.506965000
17		1358	1674.506978000
17		1358	1674.506983000
17		1358	1674.506987000
17		1358	1674.506991000
17		1358	1674.506996000
17		1358	1674.507000000
17		1358	1674.562261000
17		1358	1674.617514000
17		1358	1674.672129000
17		1358	1674.727302000
17		41	1674.752220000
17		46	1674.814406000
6	671		1674.814453000
6	0		1674.815527000
6	67		1674.818756000
6	31		1674.820446000
6	39		1674.821997000
17		33	1674.841034000
17		41	1674.875830000
17		41	1674.938402000
17		1358	1674.940116000
17		41	1675.000521000
17		1358	1675.002330000
17		41	1675.062269000
17		1358	1675.071730000
17		41	1675.124464000
17		1358	1675.141337000
17		41	1675.185867000
17		1358	1675.210826000
17		41	1675.248535000
17		1358	1675.279816000
17		41	1675.310191000
17		1358	1675.349521000
17		41	1675.372069000
17		1358	1675.419419000
17		41	1675.434692000
17		1358	1675.489222000
17		41	1675.558482000
17		1358	1675.560221000
17		41	1675.621010000
17		1358	1675.629342000
6	0		1675.682321000
6	39		1675.682348000
6	0		1675.689164000
17		41	1675.806238000
17		1358	1675.807444000
17		41	1675.930699000
17		1358	1675.932300000
17		41	1676.054699000
17		1358	1676.056413000
17		41	1676.115800000
17		1358	1676.126072000
17		41	1676.178549000
17		1358	1676.194745000
17		41	1676.240437000
17		1358	1676.263329000
17		41	1676.302076000
17		1358	1676.331408000
17		46	1676.364615000
17		33	1676.391183000
17		1358	1676.400355000
17		41	1676.426661000
17		1358	1676.468856000
17		1358	1676.537939000
17		41	1676.549981000
17		1358	1676.605263000
17		41	1676.736398000
17		1358	1676.738053000
17		41	1676.798287000
17		1358	1676.799972000
17		41	1676.984328000
17		1358	1676.986146000
17		41	1677.046108000
17		1358	1677.077674000
17		41	1677.107949000
17		41	1677.170153000
17		1358	1677.170799000
17		41	1677.232023000
17		1358	1677.261268000
17		41	1677.294053000
17		1358	1677.352969000
17		41	1677.356318000
17		41	1677.418494000
17		1358	1677.419752000
17		1358	1677.489662000
17		1358	1677.558397000
17		41	1677.603910000
17		1358	1677.626531000
17		41	1677.727985000
17		1358	1677.729679000
17		41	1677.851850000
17		1358	1677.853384000
17		41	1677.976602000
17		739	1677.978018000
17		41	1678.037842000
17		41	1678.100311000
17		41	1678.161827000
17		46	1678.223830000
17		33	1678.250351000
17		41	1678.348491000
17		41	1678.471850000
17		41	1678.534566000
17		904	1678.658619000
17		38	1678.659315000
17		1358	1678.660155000
17		41	1678.720090000
17		1358	1678.740568000
17		1358	1678.820479000
17		1358	1678.898539000
17		41	1678.906590000
17		46	1678.967928000
17		1358	1678.977528000
17		1358	1679.040469000
17		1358	1679.104238000
17		41	1679.154684000
17		1358	1679.166419000
17		41	1679.216342000
17		1358	1679.230358000
17		1358	1679.335786000
17		41	1679.340137000
17		41	1679.401983000
17		1358	1679.441162000
17		41	1679.526565000
17		1358	1679.545904000
17		41	1679.588631000
17		1358	1679.624012000
17		1358	1679.703275000
17		41	1679.712318000
17		1358	1679.782281000
17		41	1679.836637000
17		1358	1679.861142000
17		1358	1679.940890000
17		41	1679.944164000
17		1358	1680.019195000
17		41	1680.036187000
17		1358	1680.097554000
17		41	1680.128351000
17		41	1680.174013000
17		1358	1680.175703000
17		1358	1680.255787000
17		41	1680.266700000
17		41	1680.311807000
17		1358	1680.334424000
17		41	1680.358680000
17		1358	1680.413730000
17		41	1680.450103000
17		1358	1680.492082000
17		41	1680.542345000
17		1358	1680.571782000
17		41	1680.634018000
17		1358	1680.649347000
17		41	1680.725816000
17		1358	1680.727533000
17		1358	1680.807110000
17		46	1680.818429000
17		33	1680.845420000
17		1358	1680.886311000
17		41	1680.909990000
17		1358	1680.964661000
17		41	1681.002525000
17		1358	1681.044146000
17		41	1681.047767000
17		1358	1681.122532000
17		41	1681.139849000
17		1358	1681.201585000
17		41	1681.232514000
17		41	1681.277833000
17		140	1681.279616000
17		41	1681.369952000
17		41	1681.462387000
17		41	1681.554795000
17		830	1681.600407000
17		38	1681.601181000
17		147	1681.601985000
17		1353	1681.601993000
17		1358	1681.602010000
17		1358	1681.602014000
17		1358	1681.602029000
17		1358	1681.602034000
17		1358	1681.602038000
17		1358	1681.602042000
17		1358	1681.665823000
17		1358	1681.728839000
17		46	1681.737960000
17		33	1681.764249000
17		41	1681.784358000
17		41	1681.830345000
17		1358	1681.831862000
17		41	1681.876577000
17		1358	1681.896388000
17		41	1681.922297000
17		41	1681.968173000
17		1358	1681.975973000
17		41	1682.014257000
17		1358	1682.048994000
17		41	1682.060114000
17		41	1682.106260000
17		1358	1682.116327000
17		1358	1682.177822000
17		41	1682.198140000
17		1358	1682.240903000
17		41	1682.290115000
17		1358	1682.302858000
17		41	1682.336494000
17		1358	1682.361066000
17		41	1682.381869000
17		1358	1682.417670000
17		41	1682.473837000
17		1358	1682.475591000
17		41	1682.520160000
17		1358	1682.533059000
17		41	1682.565904000
17		1358	1682.590553000
17		41	1682.612082000
17		1358	1682.647887000
17		1358	1682.706272000
17		41	1682.750238000
17		1358	1682.762259000
17		41	1682.796340000
17		1358	1682.808966000
17		41	1682.842578000
17		1358	1682.856413000
17		46	1682.934653000
17		1358	1682.936474000
17		41	1683.025832000
17		1358	1683.027519000
17		41	1683.072405000
17		1358	1683.104426000
17		1358	1683.162529000
17		41	1683.163827000
17		1358	1683.220777000
17		41	1683.255862000
17		1358	1683.279069000
17		41	1683.301840000
17		1358	1683.337930000
17		41	1683.348211000
17		41	1683.394295000
17		1358	1683.395164000
17		1358	1683.454046000
17		41	1683.532350000
17		1358	1683.534088000
17		41	1683.578201000
17		1358	1683.592684000
17		41	1683.670095000
17		1358	1683.671800000
17		41	1683.762429000
17		1358	1683.764124000
17		41	1683.808062000
17		1358	1683.822224000
17		41	1683.853895000
17		1358	1683.880475000
17		41	1683.900368000
17		1358	1683.936774000
17		41	1683.991965000
17		1358	1683.994128000
17		1358	1684.040402000
17		41	1684.084259000
17		1358	1684.086020000
17		41	1684.130445000
17		1358	1684.131522000
17		41	1684.222061000
17		1358	1684.223770000
17		41	1684.314415000
17		1358	1684.316233000
17		46	1684.360107000
17		641	1684.374842000
17		41	1684.405951000
17		41	1684.452040000
17		41	1684.498061000
17		41	1684.544175000
17		41	1684.636752000
17		41	1684.682552000
17		41	1684.774657000
17		911	1684.819812000
17		38	1684.820551000
17		152	1684.821278000
17		1353	1684.821300000
17		1358	1684.821304000
17		1358	1684.821308000
17		1358	1684.821313000
17		1358	1684.821320000
17		1358	1684.821325000
17		1358	1684.879632000
17		41	1684.912179000
17		1358	1684.937131000
17		46	1685.004396000
17		41	1685.004423000
17		1358	1685.006185000
17		41	1685.050355000
17		1358	1685.065102000
17		41	1685.096284000
17		1358	1685.123190000
17		41	1685.142176000
17		1358	1685.180997000
17		41	1685.188418000
17		41	1685.234171000
17		1358	1685.239166000
17		1358	1685.286177000
17		41	1685.326471000
17		1358	1685.332149000
17		41	1685.372300000
17		1358	1685.409682000
17		41	1685.464000000
17		1358	1685.486471000
17		41	1685.510169000
17		1358	1685.544287000
17		41	1685.602555000
17		1358	1685.604773000
17		41	1685.648080000
17		1358	1685.662164000
17		41	1685.694242000
17		1358	1685.720236000
17		41	1685.786454000
17		1358	1685.788715000
17		41	1685.831787000
17		1358	1685.845990000
17		41	1685.878439000
17		1358	1685.904135000
17		41	1685.970508000
17		1358	1685.972211000
17		41	1686.016416000
17		1358	1686.029110000
17		41	1686.062407000
17		1358	1686.087150000
17		46	1686.108404000
17		33	1686.133374000
17		1358	1686.145202000
17		41	1686.200336000
17		1358	1686.202017000
17		41	1686.292686000
17		1358	1686.294407000
17		41	1686.338742000
17		1358	1686.352287000
17		41	1686.384625000
17		41	1686.429842000
17		1358	1686.431618000
17		41	1686.476309000
17		1358	1686.478057000
17		41	1686.522414000
17		1358	1686.524118000
17		41	1686.568228000
17		1358	1686.600861000
17		41	1686.660470000
17		1358	1686.677570000
17		41	1686.752710000
17		1358	1686.754642000
17		41	1686.798153000
17		274	1686.812026000
17		41	1686.890436000
17		41	1686.982542000
17		41	1687.028297000
17		41	1687.074727000
17		41	1687.165977000
17		911	1687.258012000
17		38	1687.258856000
17		152	1687.259620000
17		1353	1687.259630000
17		1358	1687.259659000
17		1358	1687.259663000
17		1358	1687.259667000
17		1358	1687.259671000
17		1358	1687.317237000
17		41	1687.349891000
17		1358	1687.374340000
17		46	1687.395904000
17		33	1687.419694000
17		41	1687.442194000
17		1358	1687.443916000
17		41	1687.487807000
17		1358	1687.489037000
17		41	1687.534273000
17		1358	1687.535961000
17		41	1687.579968000
17		1358	1687.610905000
17		41	1687.672193000
17		1358	1687.687150000
17		41	1687.718044000
17		1358	1687.743276000
17		1358	1687.795405000
17		41	1687.810470000
17		1358	1687.847745000
17		41	1687.902016000
17		1358	1687.904195000
17		41	1687.948361000
17		1358	1687.956768000
17		41	1688.040004000
17		1358	1688.041819000
17		41	1688.086083000
17		1358	1688.094665000
17		41	1688.132481000
17		1358	1688.147471000
17		41	1688.178735000
17		1358	1688.199962000
17		41	1688.270163000
17		1358	1688.271919000
17		41	1688.316632000
17		1358	1688.324035000
17		41	1688.362503000
17		1358	1688.377085000
17		41	1688.454255000
17		1358	1688.456064000
17		41	1688.546667000
17		1358	1688.547564000
17		41	1688.592338000
17		1358	1688.617484000
17		46	1688.638016000
17		33	1688.662160000
17		1358	1688.687592000
17		41	1688.729917000
17		1358	1688.757408000
17		41	1688.822646000
17		1358	1688.823651000
17		41	1688.868617000
17		1358	1688.875742000
17		1358	1688.927828000
17		41	1688.959914000
17		1358	1688.980695000
17		41	1689.052175000
17		1358	1689.054150000
17		41	1689.098148000
17		1333	1689.106991000
17		41	1689.144367000
17		41	1689.236346000
17		41	1689.328829000
17		41	1689.420166000
17		41	1689.466209000
17		41	1689.558633000
17		831	1689.604308000
17		38	1689.605118000
17		147	1689.605845000
17		1353	1689.605896000
17		1358	1689.605908000
17		1358	1689.605913000
17		1358	1689.605918000
17		1358	1689.605924000
17		1358	1689.649096000
17		1358	1689.689519000
17		41	1689.741885000
17		46	1689.787826000
17		41	1689.787851000
17		1358	1689.789602000
17		41	1689.833830000
17		1358	1689.859126000
17		41	1689.880246000
17		1358	1689.911341000
17		41	1689.926116000
17		1358	1689.963765000
17		41	1689.972589000
17		1358	1690.017197000
17		41	1690.018035000
17		1358	1690.069921000
17		41	1690.110820000
17		1358	1690.122460000
17		41	1690.156713000
17		1358	1690.176247000
17		41	1690.248545000
17		1358	1690.250350000
17		41	1690.294639000
17		1358	1690.302874000
17		41	1690.386059000
17		1358	1690.388046000
17		41	1690.432621000
17		1358	1690.441018000
17		41	1690.478361000
17		1358	1690.494625000
17		41	1690.523933000
17		1358	1690.537323000
17		41	1690.616387000
17		1358	1690.618122000
17		41	1690.661858000
17		1358	1690.688199000
17		41	1690.708130000
17		1358	1690.758257000
17		41	1690.800522000
17		1358	1690.811199000
17		41	1690.892435000
17		1358	1690.894126000
17		46	1690.938748000
17		1358	1690.946995000
17		41	1690.984173000
17		1358	1690.999244000
17		41	1691.076520000
17		1358	1691.078559000
17		41	1691.167865000
17		1358	1691.169545000
17		41	1691.213883000
17		1358	1691.222420000
17		1358	1691.273815000
17		41	1691.351915000
17		1358	1691.353267000
17		41	1691.398419000
17		1358	1691.400159000
17		41	1691.490517000
17		1358	1691.492232000
17		41	1691.582524000
17		1358	1691.583855000
17		41	1691.628336000
17		1358	1691.636870000
17		41	1691.674360000
17		1358	1691.689807000
17		41	1691.720029000
17		1358	1691.742025000
17		41	1691.812133000
17		1358	1691.813870000
17		41	1691.904068000
17		1358	1691.905752000
17		1358	1691.958439000
17		41	1691.995856000
17		1358	1692.010622000
17		41	1692.087878000
17		1358	1692.089964000
17		41	1692.134252000
17		1358	1692.142794000
17		41	1692.180151000
17		1358	1692.194846000
17		41	1692.226574000
17		1358	1692.237011000
17		41	1692.318125000
17		1358	1692.319861000
17		46	1692.409927000
17		1358	1692.412439000
17		41	1692.456130000
17		648	1692.465436000
17		41	1692.548894000
17		41	1692.594459000
17		41	1692.640733000
17		41	1692.686925000
17		41	1692.732519000
17		41	1692.824676000
17		911	1692.916490000
17		38	1692.917326000
17		152	1692.918220000
17		1353	1692.918247000
17		1358	1692.918255000
17		1358	1692.918260000
17		1358	1692.918266000
17		1358	1692.971168000
17		1358	1693.024788000
17		41	1693.054157000
17		1358	1693.076850000
17		46	1693.100774000
17		33	1693.125109000
17		41	1693.146372000
17		1358	1693.148242000
17		41	1693.192403000
17		1358	1693.219199000
17		41	1693.238361000
17		41	1693.284255000
17		1358	1693.290844000
17		1358	1693.343365000
17		41	1693.376176000
17		1358	1693.396122000
17		41	1693.422869000
17		1358	1693.448572000
17		1358	1693.499857000
17		41	1693.513966000
17		1358	1693.552331000
17		41	1693.605821000
17		1358	1693.606845000
17		41	1693.698201000
17		1358	1693.699157000
17		41	1693.744468000
17		1358	1693.751324000
17		41	1693.835786000
17		1358	1693.837381000
17		41	1693.882508000
17		1358	1693.890148000
17		41	1693.927980000
17		1358	1693.942819000
17		41	1693.974194000
17		1358	1693.985447000
17		41	1694.066766000
17		1358	1694.068390000
17		41	1694.112106000
17		1358	1694.138673000
17		41	1694.158453000
17		1358	1694.207963000
17		41	1694.250283000
17		1358	1694.260412000
17		41	1694.342600000
17		1358	1694.344343000
17		46	1694.388457000
17		1358	1694.398001000
17		41	1694.434530000
17		1358	1694.450338000
17		41	1694.526731000
17		1227	1694.528301000
17		41	1694.618669000
17		41	1694.664633000
17		41	1694.756421000
6	559		1694.802095000
6	39		1694.802102000
6	39		1694.803751000
6	0		1694.803849000
6	0		1694.803853000
6	69		1694.806297000
6	31		1694.808928000
6	39		1694.810482000
17		41	1694.848583000
17		41	1694.894693000
17		911	1694.940727000
17		38	1694.941476000
17		1358	1694.942837000
17		1358	1694.942856000
17		1358	1694.942861000
17		1358	1694.942866000
17		1358	1694.942871000
17		1358	1694.942875000
17		1358	1694.985683000
6	0		1695.078545000
6	39		1695.078574000
6	0		1695.085207000
17		41	1695.124695000
17		46	1695.169842000
17		1358	1695.171643000
17		41	1695.216496000
17		1358	1695.241835000
17		41	1695.261898000
17		1358	1695.294359000
17		41	1695.307879000
17		1358	1695.347084000
17		41	1695.354389000
17		1358	1695.399309000
17		41	1695.400100000
17		41	1695.446485000
17		1358	1695.452089000
17		1358	1695.504964000
17		41	1695.584134000
17		1358	1695.585909000
17		41	1695.630190000
17		1358	1695.638827000
17		41	1695.722517000
17		1358	1695.723971000
17		41	1695.768092000
17		1358	1695.777080000
17		41	1695.860262000
17		1358	1695.861988000
17		41	1695.906230000
17		1358	1695.915451000
17		41	1695.998536000
17		1358	1695.999712000
17		41	1696.044570000
17		1358	1696.046339000
17		41	1696.090635000
17		1358	1696.091983000
17		41	1696.182166000
17		1358	1696.184064000
17		41	1696.274108000
17		1358	1696.275904000
17		41	1696.320045000
17		1358	1696.328861000
17		41	1696.366197000
17		1358	1696.381880000
17		46	1696.412029000
17		1358	1696.435030000
17		41	1696.457942000
17		1358	1696.488001000
17		41	1696.504212000
17		1358	1696.540240000
17		41	1696.596594000
17		1358	1696.598633000
17		41	1696.687869000
17		1358	1696.689781000
17		41	1696.734850000
17		1358	1696.742593000
17		41	1696.826038000
17		1358	1696.827779000
17		41	1696.918040000
17		1081	1696.919644000
17		41	1696.964262000
17		41	1697.010448000
17		41	1697.102685000
17		41	1697.193770000
17		41	1697.239842000
17		831	1697.332117000
17		38	1697.332914000
17		151	1697.333688000
17		1353	1697.333707000
17		1358	1697.333728000
17		1358	1697.333735000
17		1358	1697.333739000
17		1358	1697.333743000
17		1358	1697.376860000
17		1358	1697.417256000
17		46	1697.516289000
17		33	1697.540875000
17		41	1697.561875000
17		1358	1697.563564000
17		41	1697.607953000
17		1358	1697.633574000
17		41	1697.653951000
17		41	1697.700919000
17		1358	1697.703003000
17		41	1697.745887000
17		1358	1697.754977000
17		41	1697.792280000
17		1358	1697.806860000
17		41	1697.838155000
17		1358	1697.858163000
17		1358	1697.910403000
17		41	1697.930745000
17		1358	1697.962980000
17		1358	1698.013834000
17		41	1698.022165000
17		1358	1698.065919000
17		41	1698.114216000
17		1358	1698.118892000
17		41	1698.160577000
17		1358	1698.170157000
17		41	1698.206285000
17		1358	1698.222167000
17		41	1698.252515000
17		1358	1698.274145000
17		1358	1698.325887000
17		41	1698.343922000
17		1358	1698.377600000
17		1358	1698.430012000
17		41	1698.436222000
17		1358	1698.481608000
17		41	1698.481832000
17		41	1698.528716000
17		1358	1698.534961000
17		41	1698.574411000
17		1358	1698.587764000
17		1358	1698.641425000
17		41	1698.666235000
17		1358	1698.694272000
17		46	1698.712852000
17		33	1698.737134000
17		1358	1698.747274000
17		41	1698.758875000
17		1358	1698.800667000
17		41	1698.804595000
17		41	1698.850056000
17		1358	1698.853428000
17		1358	1698.906696000
17		41	1698.941858000
17		1166	1698.959803000
17		41	1699.034011000
17		41	1699.080496000
17		41	1699.126677000
17		41	1699.218109000
17		41	1699.264311000
17		41	1699.310441000
17		41	1699.356006000
17		41	1699.402206000
17		41	1699.448284000
17		911	1699.494037000
17		39	1699.494817000
17		1358	1699.495993000
17		1358	1699.496015000
17		1358	1699.496026000
17		1358	1699.496036000
17		1358	1699.496042000
17		1358	1699.496047000
17		1358	1699.496054000
17		1358	1699.496060000
17		1358	1699.549924000
17		1358	1699.601866000
17		41	1699.724439000
17		47	1699.770570000
17		1358	1699.771878000
17		41	1699.815941000
17		1358	1699.826364000
17		41	1699.862077000
17		1358	1699.879999000
17		41	1699.907867000
17		1358	1699.933566000
17		41	1699.954743000
17		1358	1699.987182000
17		41	1700.000390000
17		1358	1700.040342000
17		41	1700.046041000
17		1358	1700.092910000
17		41	1700.138235000
17		1358	1700.145518000
17		41	1700.184082000
17		1358	1700.197843000
17		1358	1700.251625000
17		41	1700.322729000
17		1358	1700.324403000
17		41	1700.367973000
17		1358	1700.377720000
17		41	1700.459880000
17		1358	1700.461324000
17		41	1700.506271000
17		1358	1700.514579000
17		41	1700.598611000
17		1358	1700.600271000
17		1358	1700.643076000
17		41	1700.643815000
17		1358	1700.685708000
17		41	1700.690003000
17		1358	1700.728771000
17		41	1700.736105000
17		1358	1700.799814000
17		41	1700.828198000
17		1358	1700.870379000
17		41	1700.874076000
17		41	1700.920385000
17		1358	1700.941213000
17		1358	1700.994594000
17		46	1701.011924000
17		33	1701.036300000
17		1358	1701.048473000
17		41	1701.104689000
17		1358	1701.106385000
17		41	1701.150701000
17		1358	1701.159882000
17		41	1701.196004000
17		1358	1701.213500000
17		41	1701.242466000
17		1082	1701.266996000
17		41	1701.334152000
17		41	1701.426663000
17		41	1701.517856000
17		41	1701.564120000
17		41	1701.656421000
17		41	1701.701932000
17		41	1701.793991000
17		831	1701.840359000
17		39	1701.841085000
17		148	1701.841759000
17		1353	1701.841765000
17		1358	1701.841786000
17		1358	1701.841791000
17		1358	1701.841795000
17		1358	1701.841799000
17		1358	1701.841803000
17		1358	1701.841808000
17		1358	1701.895447000
17		1358	1701.948558000
17		1358	1702.000776000
17		41	1702.024559000
17		47	1702.070496000
17		41	1702.070526000
17		1358	1702.072368000
17		41	1702.116319000
17		1358	1702.126499000
17		41	1702.162419000
17		1358	1702.180548000
17		41	1702.209121000
17		1358	1702.234367000
17		41	1702.254071000
17		1358	1702.277478000
17		41	1702.300411000
17		1358	1702.320701000
17		41	1702.346411000
17		1358	1702.364155000
17		41	1702.438314000
17		1358	1702.439069000
17		41	1702.530354000
17		1358	1702.531506000
17		41	1702.576596000
17		1358	1702.602160000
17		41	1702.668475000
17		1358	1702.673151000
17		41	1702.714431000
17		1358	1702.726555000
17		41	1702.760453000
17		1358	1702.780422000
17		41	1702.806685000
17		1358	1702.833349000
17		41	1702.852507000
17		1358	1702.886765000
17		41	1702.943921000
17		1358	1702.946123000
17		41	1702.990372000
17		1358	1702.999807000
17		41	1703.036089000
17		1358	1703.053330000
17		41	1703.128524000
17		1358	1703.129784000
17		46	1703.219974000
17		1358	1703.221720000
17		41	1703.266000000
17		1358	1703.275221000
17		41	1703.311927000
17		1358	1703.329096000
17		41	1703.404432000
17		1358	1703.405909000
17		41	1703.450445000
17		1358	1703.459535000
17		41	1703.495812000
17		1358	1703.513088000
17		41	1703.542779000
17		1358	1703.566424000
17		41	1703.588411000
17		1358	1703.620524000
17		41	1703.634561000
17		1358	1703.674154000
17		41	1703.726350000
17		1358	1703.728053000
17		41	1703.818245000
17		1358	1703.819986000
17		41	1703.864487000
17		1358	1703.867077000
17		41	1703.910074000
17		1358	1703.910886000
17		41	1704.002338000
17		1358	1704.003258000
17		41	1704.094685000
17		1358	1704.096751000
17		41	1704.140501000
17		1358	1704.167439000
17		41	1704.186740000
17		41	1704.231883000
17		1358	1704.238001000
17		1358	1704.290468000
17		1358	1704.343437000
17		41	1704.370709000
17		1358	1704.395934000
17		41	1704.416252000
17		641	1704.450049000
17		46	1704.508441000
17		33	1704.532944000
17		41	1704.554126000
17		41	1704.646394000
17		41	1704.692341000
17		41	1704.738730000
17		41	1704.830442000
17		41	1704.921888000
17		41	1704.967915000
17		912	1705.014200000
17		39	1705.015139000
17		153	1705.015778000
17		1353	1705.015788000
17		1358	1705.015792000
17		1358	1705.015796000
17		1358	1705.015818000
17		1358	1705.015825000
17		1358	1705.015829000
17		1358	1705.015833000
17		1358	1705.072140000
17		1358	1705.127564000
17		1358	1705.183065000
17		47	1705.197878000
17		33	1705.222962000
17		41	1705.244774000
17		1358	1705.245678000
17		41	1705.290263000
17		1358	1705.301963000
17		41	1705.335944000
17		1358	1705.357671000
17		41	1705.382359000
17		1358	1705.413512000
17		41	1705.428722000
17		1358	1705.457540000
17		41	1705.474153000
17		1358	1705.502842000
17		1358	1705.546076000
17		41	1705.566105000
17		1358	1705.590761000
17		41	1705.657971000
17		1358	1705.665777000
17		41	1705.704032000
17		1358	1705.739753000
17		41	1705.796073000
17		1358	1705.814263000
17		41	1705.842015000
17		1358	1705.870120000
17		41	1705.888184000
17		1358	1705.926114000
17		41	1705.980287000
17		1358	1705.982272000
17		1358	1706.038664000
17		41	1706.072396000
17		1358	1706.092787000
17		41	1706.118599000
17		1358	1706.149185000
17		41	1706.164518000
17		1358	1706.205514000
17		41	1706.256078000
17		1358	1706.262064000
17		41	1706.348164000
17		1358	1706.349494000
17		41	1706.394482000
17		1358	1706.405016000
17		46	1706.486310000
17		1358	1706.487622000
17		41	1706.532539000
17		1086	1706.543177000
17		41	1706.624389000
17		41	1706.670355000
17		41	1706.716473000
17		41	1706.762735000
17		41	1706.854478000
17		41	1706.899845000
17		41	1706.992248000
17		41	1707.083774000
17		41	1707.130515000
17		831	1707.222175000
17		39	1707.223033000
17		148	1707.223796000
17		1353	1707.223812000
17		1358	1707.223816000
17		1358	1707.223820000
17		1358	1707.223824000
17		1358	1707.223847000
17		1358	1707.223853000
17		1358	1707.223857000
17		1358	1707.268830000
17		1358	1707.312970000
17		1358	1707.356837000
17		47	1707.452950000
17		33	1707.476993000
17		41	1707.498239000
17		1358	1707.499951000
17		41	1707.543921000
17		1358	1707.574088000
17		41	1707.590087000
17		41	1707.636158000
17		1358	1707.648819000
17		41	1707.682505000
17		1358	1707.703469000
17		41	1707.728127000
17		1358	1707.759261000
17		41	1707.774526000
17		1358	1707.813593000
17		41	1707.820446000
17		1358	1707.869198000
17		41	1707.911787000
17		1358	1707.923542000
17		1358	1707.979423000
17		1358	1708.034406000
17		41	1708.050645000
17		1358	1708.089982000
17		41	1708.096278000
17		1358	1708.145303000
17		41	1708.187831000
17		1358	1708.201218000
17		41	1708.234342000
17		1358	1708.257659000
17		41	1708.280344000
17		1358	1708.313353000
17		41	1708.327049000
17		1358	1708.369029000
17		41	1708.372519000
17		1358	1708.424385000
17		41	1708.464531000
17		1358	1708.479667000
17		1358	1708.534011000
17		41	1708.555998000
17		1358	1708.589228000
17		41	1708.602220000
17		1358	1708.645192000
17		46	1708.694546000
17		1358	1708.701572000
17		41	1708.740435000
17		1358	1708.758259000
17		41	1708.832418000
17		1358	1708.834292000
17		41	1708.878247000
17		1358	1708.890456000
17		41	1708.924480000
17		1358	1708.934618000
17		41	1708.969870000
17		1358	1708.979876000
17		41	1709.062052000
17		1358	1709.063815000
17		41	1709.108257000
17		1358	1709.138075000
17		41	1709.200326000
17		1358	1709.212646000
17		41	1709.245906000
17		1358	1709.287637000
17		41	1709.337827000
17		1358	1709.343070000
17		41	1709.384696000
17		1358	1709.399252000
17		41	1709.476307000
17		1358	1709.477979000
17		41	1709.521824000
17		1358	1709.534044000
17		41	1709.614422000
17		1358	1709.616186000
17		1358	1709.671904000
17		41	1709.705819000
17		1358	1709.727001000
17		41	1709.752018000
17		1358	1709.783691000
17		41	1709.843981000
17		634	1709.845333000
17		41	1709.936447000
17		41	1709.981853000
17		46	1710.074063000
17		33	1710.098809000
17		41	1710.120289000
17		41	1710.212321000
17		41	1710.304522000
17		41	1710.350132000
17		911	1710.396149000
17		39	1710.396876000
17		1358	1710.399872000
17		41	1710.442126000
17		1358	1710.456859000
17		1358	1710.511007000
17		41	1710.533829000
17		1358	1710.566185000
17		1358	1710.609787000
17		1358	1710.655163000
17		1358	1710.698679000
17		41	1710.718211000
17		1358	1710.741996000
17		47	1710.764429000
17		33	1710.789371000
17		1358	1710.815627000
17		41	1710.855832000
17		1358	1710.889748000
17		41	1710.902058000
17		41	1710.947979000
17		1358	1710.963681000
17		41	1710.994115000
17		1358	1711.018274000
17		1358	1711.073614000
17		41	1711.086510000
17		1358	1711.128528000
17		41	1711.132684000
17		41	1711.178286000
17		1358	1711.184067000
17		1358	1711.239654000
17		41	1711.270533000
17		1358	1711.293881000
17		1358	1711.348883000
17		41	1711.362142000
17		1358	1711.404004000
17		41	1711.408041000
17		1358	1711.458731000
17		41	1711.500483000
17		1358	1711.513687000
17		41	1711.545977000
17		1358	1711.570520000
17		1358	1711.624694000
17		41	1711.638009000
17		1358	1711.679732000
17		41	1711.730091000
17		1358	1711.736058000
17		1358	1711.791122000
17		41	1711.822098000
17		1358	1711.845761000
17		41	1711.867994000
17		1358	1711.901618000
17		41	1711.960701000
17		1358	1711.962382000
17		41	1712.006045000
17		1358	1712.018695000
17		41	1712.098196000
17		1358	1712.099004000
17		46	1712.189884000
17		1358	1712.191616000
17		41	1712.236781000
17		1358	1712.238019000
17		41	1712.328135000
17		1069	1712.329925000
17		41	1712.374123000
17		41	1712.466404000
17		41	1712.511945000
17		41	1712.604289000
17		41	1712.649831000
17		41	1712.695867000
17		41	1712.788395000
17		41	1712.880242000
17		824	1712.880279000
17		33	1712.881078000
17		1358	1712.881926000
17		41	1712.925945000
17		1358	1712.938908000
17		1358	1712.992918000
17		1358	1713.047875000
17		1358	1713.104666000
17		47	1713.156533000
17		1358	1713.158808000
17		1358	1713.214048000
17		41	1713.248084000
17		1358	1713.269595000
17		41	1713.293853000
17		1358	1713.324878000
17		1358	1713.379773000
17		41	1713.386217000
17		41	1713.431910000
17		1358	1713.434777000
17		1358	1713.489935000
17		41	1713.524205000
17		1358	1713.545736000
17		41	1713.569907000
17		1358	1713.601532000
17		1358	1713.655791000
17		41	1713.662539000
17		41	1713.707799000
17		1358	1713.709526000
17		1358	1713.766733000
17		41	1713.800078000
17		1358	1713.821820000
17		1358	1713.877251000
17		41	1713.892220000
17		1358	1713.933177000
17		41	1713.938363000
17		1358	1713.987719000
17		41	1714.030052000
17		1358	1714.043380000
17		41	1714.075886000
17		1358	1714.087575000
17		1358	1714.130932000
17		41	1714.168684000
17		1358	1714.175649000
17		41	1714.214558000
17		1358	1714.223670000
17		41	1714.260654000
17		1358	1714.304175000
17		41	1714.352386000
17		1358	1714.384200000
17		41	1714.397981000
17		1358	1714.464212000
17		41	1714.490112000
17		1358	1714.524439000
17		46	1714.582131000
17		1358	1714.583907000
17		41	1714.627994000
17		1358	1714.640147000
17		1358	1714.698091000
17		41	1714.720240000
17		1358	1714.755761000
17		41	1714.766218000
6	667		1714.811871000
6	39		1714.811901000
6	39		1714.813271000
6	0		1714.813298000
6	0		1714.813301000
17		1358	1714.815005000
6	67		1714.815127000
6	31		1714.815689000
6	39		1714.816250000
17		41	1714.857993000
17		1358	1714.873001000
17		41	1714.903861000
17		1358	1714.931226000
17		41	1714.996444000
17		1358	1714.998168000
17		41	1715.088535000
17		1358	1715.090966000
17		41	1715.133992000
17		1358	1715.149247000
17		41	1715.225861000
17		41	1715.318257000
6	0		1715.318295000
17		41	1715.363950000
6	0		1715.410135000
6	0		1715.410164000
6	0		1715.410171000
6	39		1715.410176000
6	0		1715.416944000
17		41	1715.502482000
17		1358	1715.504215000
17		990	1715.562973000
17		41	1715.594301000
17		41	1715.686610000
17		41	1715.732023000
17		41	1715.962305000
17		911	1716.007978000
17		39	1716.008776000
17		153	1716.009389000
17		1353	1716.009481000
17		1358	1716.009489000
17		1358	1716.009493000
17		1358	1716.009497000
17		1358	1716.009501000
17		1358	1716.009504000
17		1358	1716.009509000
17		1358	1716.009513000
17		1358	1716.068164000
17		1358	1716.124898000
17		1358	1716.183012000
17		47	1716.192691000
17		33	1716.217531000
17		41	1716.238510000
17		41	1716.284330000
17		41	1716.329905000
17		1358	1716.330551000
17		41	1716.375829000
17		1358	1716.388405000
17		41	1716.421929000
17		1358	1716.446450000
17		41	1716.468209000
17		1358	1716.504063000
17		41	1716.514592000
17		41	1716.560163000
17		1358	1716.561980000
17		1358	1716.619241000
17		41	1716.652104000
17		1358	1716.676485000
17		41	1716.698431000
17		1358	1716.734213000
17		1358	1716.791399000
17		41	1716.836464000
17		1358	1716.849345000
17		41	1716.882193000
17		1358	1716.894701000
17		1358	1716.941227000
17		41	1716.974211000
17		1358	1716.986997000
17		41	1717.020327000
17		1358	1717.033531000
17		41	1717.066755000
17		1358	1717.080157000
17		41	1717.112591000
17		1358	1717.158233000
17		41	1717.158525000
17		1358	1717.235883000
17		41	1717.250650000
17		41	1717.296407000
17		1358	1717.313087000
17		1358	1717.371713000
17		46	1717.388413000
17		33	1717.413137000
17		1358	1717.428695000
17		41	1717.480033000
17		1358	1717.486803000
17		41	1717.525998000
17		1358	1717.545285000
17		41	1717.572054000
17		700	1717.602895000
17		41	1717.618432000
17		41	1717.710360000
17		41	1717.756466000
17		41	1717.802770000
17		41	1717.848180000
17		41	1717.940448000
17		41	1718.032672000
17		41	1718.078202000
17		911	1718.124497000
17		39	1718.125340000
17		153	1718.126064000
17		1353	1718.126084000
17		1358	1718.126088000
17		1358	1718.126092000
17		1358	1718.126146000
17		1358	1718.126151000
17		1358	1718.126155000
17		1358	1718.126159000
17		1358	1718.126163000
17		1358	1718.185542000
17		1358	1718.241880000
17		47	1718.400784000
17		33	1718.425017000
17		41	1718.446315000
17		1358	1718.448026000
17		41	1718.492200000
17		1358	1718.506152000
17		41	1718.538610000
17		1358	1718.563884000
17		41	1718.584650000
17		1358	1718.621911000
17		41	1718.630100000
17		41	1718.676024000
17		1358	1718.680962000
17		41	1718.721997000
17		1358	1718.728167000
17		41	1718.768070000
17		1358	1718.774131000
17		41	1718.814153000
17		1358	1718.819826000
17		1358	1718.896855000
17		41	1718.906070000
17		1358	1718.972998000
17		41	1719.044585000
17		1358	1719.051245000
17		1358	1719.107409000
17		41	1719.136370000
17		1358	1719.162931000
17		41	1719.182152000
17		1358	1719.217335000
17		1358	1719.273187000
17		41	1719.274563000
17		41	1719.320193000
17		1358	1719.328839000
17		41	1719.366268000
17		1358	1719.385544000
17		41	1719.412305000
17		1358	1719.440031000
17		41	1719.458769000
17		1358	1719.495059000
17		1358	1719.549975000
17		41	1719.550244000
17		1358	1719.606909000
17		46	1719.642551000
17		1358	1719.662708000
17		41	1719.688435000
17		1358	1719.718844000
17		41	1719.733941000
17		1358	1719.774812000
17		41	1719.826217000
17		1358	1719.830687000
17		41	1719.872258000
17		1358	1719.886752000
17		41	1719.918646000
17		1292	1719.942467000
17		41	1719.964206000
17		41	1720.056341000
17		41	1720.101852000
6	131		1720.148012000
6	0		1720.149141000
6	1305		1720.194372000
17		41	1720.194399000
6	0		1720.195526000
6	68		1720.201433000
6	93		1720.201504000
6	39		1720.203104000
17		41	1720.240774000
17		41	1720.332077000
17		41	1720.378153000
17		41	1720.424530000
17		41	1720.470524000
17		41	1720.561834000
17		831	1720.608532000
17		39	1720.609257000
17		148	1720.610064000
17		1353	1720.610083000
17		1358	1720.610179000
17		1358	1720.610193000
17		1358	1720.610206000
17		1358	1720.610212000
17		1358	1720.610217000
17		1358	1720.610224000
17		1358	1720.610229000
6	0		1720.654307000
6	39		1720.654314000
17		1358	1720.654888000
6	0		1720.660919000
17		1358	1720.700177000
17		41	1720.792199000
17		47	1720.838337000
17		41	1720.838360000
17		1358	1720.838976000
17		41	1720.884345000
17		1358	1720.913778000
17		41	1720.929870000
17		41	1720.975820000
17		1358	1720.988376000
17		41	1721.021940000
17		1358	1721.043409000
17		41	1721.068334000
17		1358	1721.098186000
17		41	1721.114498000
17		1358	1721.154771000
17		41	1721.160244000
17		41	1721.205923000
17		1358	1721.208209000
17		1358	1721.264051000
17		1358	1721.319063000
17		41	1721.344389000
17		1358	1721.375607000
17		1358	1721.429976000
17		41	1721.435913000
17		1358	1721.485226000
17		41	1721.528457000
17		1358	1721.540078000
17		41	1721.574342000
17		1358	1721.595127000
17		41	1721.666561000
17		1358	1721.668348000
17		41	1721.712061000
17		1358	1721.723968000
17		41	1721.758357000
17		1358	1721.778883000
17		41	1721.804606000
17		1358	1721.833914000
17		41	1721.850022000
17		1358	1721.888887000
17		41	1721.896117000
17		46	1721.942033000
17		1358	1721.943988000
17		41	1721.988162000
17		1358	1721.999481000
17		1358	1722.054012000
17		41	1722.080313000
17		1358	1722.108110000
17		41	1722.172408000
17		1358	1722.174662000
17		1358	1722.218875000
17		41	1722.264455000
17		1358	1722.267057000
17		41	1722.310289000
17		1358	1722.339855000
17		41	1722.402131000
17		1358	1722.413303000
17		41	1722.448176000
17		1358	1722.486866000
17		41	1722.494352000
17		41	1722.540242000
17		1358	1722.541019000
17		41	1722.586261000
17		1358	1722.596734000
17		41	1722.632395000
17		1358	1722.650802000
17		41	1722.677967000
17		1358	1722.705261000
17		41	1722.770409000
17		1358	1722.772176000
17		41	1722.862172000
17		1358	1722.863992000
17		1358	1722.919555000
17		41	1722.954125000
17		1358	1722.973975000
17		41	1723.046196000
17		1358	1723.047941000
17		41	1723.092738000
17		1358	1723.104006000
17		41	1723.183786000
17		640	1723.185592000
17		41	1723.229825000
17		46	1723.275961000
17		33	1723.300385000
17		41	1723.322238000
17		41	1723.368506000
17		41	1723.506093000
17		41	1723.552261000
17		41	1723.598569000
17		41	1723.690818000
17		41	1723.736407000
17		912	1723.828430000
17		39	1723.831689000
17		1358	1723.831778000
17		1358	1723.831786000
17		1358	1723.831884000
17		1358	1723.831893000
17		1358	1723.831897000
17		1358	1723.831901000
17		1358	1723.831905000
17		1358	1723.831910000
17		1358	1723.875082000
17		1358	1723.918678000
17		41	1723.966796000
17		47	1724.012629000
17		33	1724.037017000
17		41	1724.058538000
17		1358	1724.059278000
17		41	1724.104029000
17		1358	1724.132150000
17		41	1724.150383000
17		41	1724.196144000
17		1358	1724.205517000
17		41	1724.242070000
17		1358	1724.261564000
17		41	1724.288554000
17		1358	1724.314800000
17		41	1724.334583000
17		1358	1724.369396000
17		1358	1724.423997000
17		41	1724.426284000
17		1358	1724.477976000
17		1358	1724.531918000
17		41	1724.564499000
17		1358	1724.586914000
17		41	1724.610347000
17		1358	1724.642580000
17		41	1724.702279000
17		1358	1724.704079000
17		41	1724.748279000
17		1358	1724.759889000
17		41	1724.794668000
6	561		1724.794697000
6	0		1724.795811000
6	69		1724.798438000
6	31		1724.799001000
6	39		1724.799556000
17		1358	1724.815145000
17		41	1724.840282000
17		1358	1724.870084000
17		1358	1724.923658000
17		41	1724.932344000
17		1358	1724.977902000
17		41	1725.023999000
17		1358	1725.032653000
17		41	1725.070588000
17		1358	1725.087735000
17		41	1725.116079000
17		1358	1725.142689000
17		41	1725.207901000
17		1358	1725.209682000
6	0		1725.254712000
6	39		1725.254742000
17		46	1725.254756000
6	0		1725.260970000
17		1358	1725.265485000
17		41	1725.300677000
17		310	1725.310144000
17		41	1725.346706000
17		41	1725.438478000
17		41	1725.530718000
17		41	1725.576331000
17		41	1725.622726000
17		41	1725.713826000
17		831	1725.806268000
17		39	1725.807152000
17		1358	1725.808046000
17		1358	1725.808091000
17		1358	1725.808098000
17		1358	1725.808102000
17		1358	1725.808106000
17		1358	1725.808110000
17		1358	1725.808114000
17		1358	1725.863543000
17		1358	1725.917039000
17		41	1725.944868000
17		47	1725.990023000
17		1358	1725.991841000
17		41	1726.036272000
17		1358	1726.047549000
17		41	1726.082378000
17		1358	1726.102944000
17		41	1726.128533000
17		1358	1726.158338000
17		41	1726.174085000
17		1358	1726.213571000
17		41	1726.220405000
17		41	1726.265962000
17		1358	1726.267340000
17		1358	1726.322826000
17		41	1726.358162000
17		1358	1726.377918000
17		41	1726.450354000
17		1358	1726.452130000
17		41	1726.495936000
17		1358	1726.506885000
17		41	1726.542172000
17		1358	1726.562236000
17		41	1726.634304000
17		1358	1726.636036000
17		41	1726.679902000
17		1358	1726.691452000
17		41	1726.772642000
17		1358	1726.774455000
17		41	1726.818245000
17		1358	1726.819964000
17		41	1726.910104000
17		1358	1726.911984000
17		41	1726.956542000
17		1358	1726.958773000
17		41	1727.047835000
17		1358	1727.049628000
17		41	1727.093947000
17		1358	1727.122997000
17		41	1727.139788000
17		1358	1727.195959000
17		46	1727.232229000
17		1358	1727.251073000
17		1358	1727.305700000
17		41	1727.324498000
17		1358	1727.361653000
17		41	1727.369930000
17		1358	1727.416767000
17		41	1727.462035000
17		1358	1727.471948000
17		41	1727.508593000
17		1358	1727.527207000
17		41	1727.600637000
17		1358	1727.602363000
17		41	1727.646669000
17		41	1727.738660000
17		1358	1727.740934000
17		41	1727.830431000
17		1358	1727.832360000
17		41	1727.876295000
17		1358	1727.889220000
17		41	1727.922476000
17		1358	1727.946299000
17		1358	1728.002993000
17		41	1728.014599000
17		1358	1728.058844000
17		41	1728.106340000
17		1358	1728.116462000
17		41	1728.151981000
17		1358	1728.174167000
17		41	1728.244390000
17		1358	1728.245228000
17		41	1728.336271000
17		1358	1728.337790000
17		41	1728.381929000
17		1358	1728.383634000
17		41	1728.427932000
17		1358	1728.429393000
17		41	1728.520512000
17		1358	1728.522256000
17		41	1728.612442000
17		1358	1728.614144000
17		46	1728.658438000
17		33	1728.683136000
17		1358	1728.690617000
17		41	1728.750682000
17		1358	1728.766571000
17		1358	1728.822162000
17		41	1728.842335000
17		1358	1728.878209000
17		41	1728.888394000
17		41	1728.934473000
17		1358	1728.936454000
17		1358	1728.993023000
17		41	1729.026675000
17		1358	1729.049787000
17		41	1729.118664000
17		1188	1729.120365000
17		41	1729.163987000
17		41	1729.256268000
17		41	1729.348688000
17		41	1729.394101000
17		41	1729.486303000
17		41	1729.531993000
17		912	1729.578596000
17		39	1729.579403000
17		153	1729.580065000
17		1353	1729.580140000
17		1358	1729.580150000
17		1358	1729.580154000
17		1358	1729.580158000
17		1358	1729.580162000
17		1358	1729.580166000
17		1358	1729.637059000
17		1358	1729.693212000
17		47	1729.762242000
17		1358	1729.764467000
17		41	1729.808352000
17		41	1729.854629000
17		1358	1729.856024000
17		41	1729.900758000
17		1358	1729.913116000
17		41	1729.946342000
17		1358	1729.958784000
17		41	1729.992243000
17		1358	1730.004102000
17		41	1730.038601000
17		1358	1730.049817000
17		41	1730.130303000
17		1358	1730.132233000
17		41	1730.175966000
17		1358	1730.207805000
17		41	1730.222357000
17		41	1730.268074000
17		1358	1730.282780000
17		1358	1730.352388000
17		41	1730.360023000
17		41	1730.406643000
17		1358	1730.420263000
17		1358	1730.472635000
17		41	1730.498629000
17		1358	1730.523360000
17		41	1730.544966000
17		1358	1730.575536000
17		41	1730.636792000
17		1358	1730.638613000
17		41	1730.681924000
17		1358	1730.690067000
17		41	1730.774407000
17		1358	1730.776138000
17		41	1730.866566000
17		1358	1730.868161000
17		1358	1730.919702000
17		41	1730.958633000
17		1358	1730.970765000
17		46	1731.004014000
17		1358	1731.022790000
17		41	1731.095887000
17		1358	1731.097629000
17		41	1731.142652000
17		1358	1731.149900000
17		41	1731.187801000
17		1358	1731.202540000
17		41	1731.279839000
17		1358	1731.281606000
17		41	1731.372615000
17		1358	1731.374368000
17		41	1731.464502000
17		1358	1731.466306000
17		41	1731.510660000
17		1358	1731.512205000
17		41	1731.556399000
17		1358	1731.558142000
17		41	1731.601889000
17		689	1731.604144000
17		41	1731.648176000
17		41	1731.694041000
17		41	1731.786286000
17		41	1731.878437000
17		41	1731.970812000
17		41	1732.062024000
17		41	1732.107881000
17		912	1732.153979000
17		39	1732.154714000
17		153	1732.155372000
17		1353	1732.155500000
17		1358	1732.155514000
17		1358	1732.155520000
17		1358	1732.155527000
17		1358	1732.155534000
17		1358	1732.155539000
17		1358	1732.208363000
17		1358	1732.258183000
17		47	1732.292241000
17		33	1732.316634000
17		41	1732.337850000
17		1358	1732.338826000
17		41	1732.384704000
17		1358	1732.390703000
17		41	1732.429814000
17		1358	1732.443059000
17		41	1732.476738000
17		1358	1732.495092000
17		41	1732.522246000
17		1358	1732.547160000
17		41	1732.567813000
17		1358	1732.599371000
17		41	1732.660490000
17		1358	1732.662148000
17		41	1732.705899000
17		1358	1732.713896000
17		41	1732.798097000
17		1358	1732.799831000
17		41	1732.890015000
17		1358	1732.891764000
17		1358	1732.933897000
17		41	1732.935905000
17		1358	1732.975076000
17		41	1733.028430000
17		1358	1733.030300000
17		41	1733.073920000
17		1358	1733.100029000
17		41	1733.166321000
17		1358	1733.167890000
17		41	1733.212181000
17		1358	1733.219895000
17		41	1733.304088000
17		1358	1733.305783000
17		41	1733.396351000
17		1358	1733.398091000
17		41	1733.442357000
17		1358	1733.449944000
17		41	1733.488238000
17		1358	1733.502139000
17		46	1733.580687000
17		1358	1733.582566000
17		41	1733.626169000
17		1358	1733.635197000
17		41	1733.672075000
17		1358	1733.687499000
17		41	1733.718592000
17		1358	1733.738983000
17		41	1733.810138000
17		1358	1733.812053000
17		41	1733.902240000
17		1358	1733.904818000
17		41	1733.948384000
17		1358	1733.956993000
17		41	1733.994037000
17		1358	1734.008862000
17		41	1734.086269000
17		1358	1734.087729000
17		41	1734.177841000
17		1358	1734.179769000
17		41	1734.224674000
17		1358	1734.225727000
17		41	1734.269972000
17		1358	1734.295158000
17		41	1734.315868000
17		1358	1734.365042000
17		41	1734.408368000
17		1358	1734.434962000
17		41	1734.454603000
17		1358	1734.486964000
17		41	1734.500306000
17		1358	1734.539084000
17		41	1734.592666000
17		1358	1734.594163000
17		41	1734.684821000
17		1358	1734.686653000
17		41	1734.730596000
17		1358	1734.738183000
17		41	1734.776485000
17		1358	1734.790825000
17		46	1734.867972000
17		1358	1734.870324000
17		41	1734.960386000
17		1358	1734.962102000
17		41	1735.005994000
17		1358	1735.014054000
17		1358	1735.066818000
17		41	1735.098469000
17		1358	1735.117185000
17		41	1735.190347000
17		1358	1735.192074000
17		41	1735.236605000
17		1358	1735.244734000
17		41	1735.282131000
17		1358	1735.297104000
17		41	1735.374395000
17		614	1735.375830000
17		41	1735.420001000
17		41	1735.466030000
17		41	1735.558261000
17		41	1735.650813000
17		41	1735.696365000
17		41	1735.742396000
17		831	1735.833820000
17		39	1735.834599000
17		152	1735.835538000
17		1353	1735.835564000
17		1358	1735.835568000
17		1358	1735.835572000
17		1358	1735.835576000
17		1358	1735.835580000
17		1358	1735.894302000
17		1358	1735.951076000
17		47	1736.018282000
17		1358	1736.020039000
17		41	1736.064073000
17		41	1736.110315000
17		1358	1736.111894000
17		41	1736.156261000
17		1358	1736.170429000
17		41	1736.201996000
17		1358	1736.228666000
17		1358	1736.286428000
17		41	1736.294718000
17		41	1736.340439000
17		1358	1736.344092000
17		1358	1736.402597000
17		41	1736.432422000
17		1358	1736.459228000
17		1358	1736.511494000
17		41	1736.524605000
17		1358	1736.562247000
17		41	1736.569825000
17		1358	1736.614412000
17		41	1736.662753000
17		1358	1736.667055000
17		41	1736.708323000
17		1358	1736.710035000
17		41	1736.800118000
17		1358	1736.802372000
17		41	1736.846057000
17		1358	1736.847800000
17		41	1736.937933000
17		1358	1736.939524000
17		1358	1737.010235000
17		41	1737.030501000
17		41	1737.076255000
17		1358	1737.077982000
17		1358	1737.131354000
17		41	1737.168162000
17		1358	1737.182558000
17		41	1737.214750000
17		1358	1737.235290000
17		41	1737.306359000
17		1358	1737.308025000
17		46	1737.351920000
17		1358	1737.359989000
17		41	1737.444156000
17		1358	1737.445892000
17		41	1737.535972000
17		1358	1737.537279000
17		41	1737.628364000
17		1358	1737.629298000
17		41	1737.673895000
17		1358	1737.681902000
17		41	1737.719909000
17		1358	1737.735505000
17		41	1737.812640000
17		1358	1737.814414000
17		41	1737.858735000
17		1358	1737.867363000
17		41	1737.950578000
17		1358	1737.951758000
17		41	1737.996500000
17		1358	1737.997697000
17		41	1738.041860000
17		1358	1738.043656000
17		41	1738.134655000
17		1358	1738.135539000
17		41	1738.226186000
17		1358	1738.227759000
17		41	1738.271989000
17		1358	1738.297986000
17		41	1738.364500000
17		1358	1738.366064000
17		41	1738.410644000
17		1358	1738.419780000
17		41	1738.455860000
17		1358	1738.472574000
17		41	1738.501894000
17		1358	1738.525160000
17		41	1738.548479000
17		1358	1738.577661000
17		41	1738.640074000
17		1358	1738.641840000
17		46	1738.732243000
17		1358	1738.734032000
17		41	1738.778287000
17		1358	1738.786251000
17		41	1738.869914000
17		1358	1738.870901000
17		41	1738.961990000
17		1358	1738.963704000
17		41	1739.008021000
17		1358	1739.016492000
17		41	1739.053985000
17		190	1739.068978000
17		41	1739.100314000
17		41	1739.146133000
17		41	1739.238391000
17		41	1739.283818000
17		41	1739.376357000
17		41	1739.468732000
17		911	1739.514449000
17		39	1739.515271000
17		155	1739.516099000
17		1353	1739.516121000
17		1358	1739.516127000
17		1358	1739.516132000
17		1358	1739.516136000
17		1358	1739.516140000
17		1358	1739.516144000
17		1358	1739.557939000
17		1358	1739.600138000
17		47	1739.744397000
17		33	1739.768342000
17		41	1739.789839000
17		1358	1739.791333000
17		41	1739.836418000
17		1358	1739.860975000
17		41	1739.882431000
17		41	1739.928146000
17		1358	1739.929882000
17		1358	1739.983231000
17		41	1739.990525000
17		1358	1740.034253000
17		41	1740.052472000
17		1358	1740.087158000
17		41	1740.114512000
17		1358	1740.139500000
17		41	1740.176350000
17		1358	1740.192080000
17		41	1740.300134000
17		1358	1740.301790000
17		41	1740.423930000
17		1358	1740.425876000
17		41	1740.548230000
17		1358	1740.550072000
17		41	1740.610547000
17		1358	1740.612394000
17		41	1740.734398000
17		1358	1740.736354000
17		41	1740.796524000
17		1358	1740.798233000
17		41	1740.920656000
17		1358	1740.922325000
17		41	1740.982864000
17		1358	1740.984737000
17		41	1741.106138000
17		1358	1741.107957000
17		41	1741.292693000
17		1358	1741.294312000
17		41	1741.353815000
17		1358	1741.364234000
17		46	1741.478437000
17		1358	1741.480128000
17		41	1741.602629000
17		1358	1741.604633000
17		41	1741.664591000
17		1358	1741.666541000
17		41	1741.726359000
17		1358	1741.727523000
17		41	1741.787937000
17		1358	1741.789661000
17		41	1741.850652000
17		1358	1741.852380000
17		41	1742.035807000
17		1358	1742.037588000
17		41	1742.160018000
17		41	1742.160045000
17		1358	1742.161880000
17		41	1742.284207000
17		1358	1742.285428000
17		41	1742.408724000
17		41	1742.469897000
17		41	1742.532584000
17		41	1742.594245000
17		1358	1742.595822000
17		41	1742.656379000
17		1358	1742.658659000
17		41	1742.842291000
17		639	1742.843875000
17		41	1742.904129000
17		904	1742.904156000
17		33	1742.904904000
17		1358	1742.906627000
17		1358	1742.970372000
17		1358	1743.033981000
17		41	1743.090596000
17		1358	1743.097590000
17		1358	1743.160818000
17		1358	1743.223527000
17		41	1743.276016000
17		1358	1743.286153000
17		41	1743.338592000
17		1358	1743.349553000
17		1358	1743.412974000
17		41	1743.462432000
17		1358	1743.476749000
17		47	1743.524742000
17		1358	1743.539924000
17		41	1743.586043000
17		1358	1743.602933000
17		1358	1743.665594000
17		41	1743.709926000
17		1358	1743.729198000
17		1358	1743.792212000
17		41	1743.834501000
17		1358	1743.856257000
17		41	1743.896582000
17		1358	1743.917923000
17		1358	1743.982185000
17		41	1744.020001000
17		1358	1744.045445000
17		1358	1744.108802000
17		41	1744.143839000
17		1358	1744.172414000
17		41	1744.206759000
17		1358	1744.234579000
17		1358	1744.297897000
17		41	1744.329942000
17		41	1744.329969000
17		35	1744.331723000
17		1358	1744.361152000
17		1358	1744.424026000
17		41	1744.454400000
17		1358	1744.487934000
17		41	1744.516056000
17		1358	1744.550294000
17		41	1744.578042000
17		1358	1744.614061000
17		41	1744.640698000
17		1358	1744.677241000
17		1358	1744.740816000
17		41	1744.764172000
17		1358	1744.802626000
17		1358	1744.866267000
17		41	1744.888022000
17		1358	1744.929962000
17		1358	1744.993442000
17		41	1745.012323000
17		1358	1745.056181000
17		1358	1745.118449000
17		41	1745.136366000
17		1358	1745.182223000
17		41	1745.198691000
17		1358	1745.245408000
17		41	1745.260637000
17		1358	1745.308836000
17		41	1745.322609000
17		1358	1745.372226000
17		41	1745.384204000
17		1358	1745.434548000
17		41	1745.446440000
17		1358	1745.485746000
17		1358	1745.536515000
17		41	1745.569813000
17		1358	1745.586484000
17		1358	1745.636857000
17		1358	1745.687941000
17		41	1745.694019000
17		1358	1745.739104000
17		41	1745.756226000
17		1358	1745.791128000
17		41	1745.818315000
17		1358	1745.842957000
17		41	1745.880738000
17		1358	1745.894097000
17		41	1745.942864000
17		1358	1745.944586000
17		1358	1745.995871000
17		46	1746.004467000
17		33	1746.028385000
17		1358	1746.046079000
17		41	1746.066253000
17		41	1746.128230000
17		1358	1746.129909000
17		41	1746.190491000
17		1358	1746.214925000
17		1358	1746.299846000
17		41	1746.313990000
17		1358	1746.383770000
17		41	1746.438186000
17		1358	1746.467297000
17		41	1746.499851000
17		1358	1746.552221000
17		41	1746.562374000
17		41	1746.624451000
17		1358	1746.635917000
17		41	1746.685898000
17		1358	1746.699494000
6	0		1746.747905000
17		41	1746.747936000
6	0		1746.749447000
17		1358	1746.763383000
17		41	1746.810091000
6	0		1746.810140000
6	0		1746.811569000
17		1358	1746.826864000
17		1358	1746.889261000
17		41	1746.934062000
17		481	1746.952690000
6	0		1747.053127000
17		41	1747.058103000
6	0		1747.114584000
17		41	1747.120173000
17		41	1747.182032000
17		41	1747.182058000
17		35	1747.184068000
17		41	1747.243992000
17		41	1747.306212000
17		41	1747.368309000
17		41	1747.430543000
17		41	1747.492650000
17		41	1747.553923000
17		41	1747.615953000
6	0		1747.740258000
17		41	1747.740293000
6	0		1747.741325000
6	0		1747.802279000
6	0		1747.803664000
17		41	1747.864532000
17		41	1747.988015000
17		41	1748.050184000
6	0		1748.173967000
6	517		1748.173995000
17		41	1748.174004000
6	0		1748.175035000
6	2836		1748.175511000
6	1845		1748.175540000
6	0		1748.236624000
6	517		1748.236654000
17		41	1748.236673000
6	0		1748.238027000
6	2836		1748.238717000
6	1845		1748.238789000
17		41	1748.298688000
17		831	1748.360390000
17		41	1748.361173000
17		1358	1748.363035000
17		1358	1748.363057000
17		1358	1748.363061000
17		1358	1748.363065000
17		1358	1748.363069000
17		1358	1748.363073000
17		1358	1748.363077000
17		1358	1748.363081000
17		1358	1748.363086000
17		1358	1748.363090000
17		1358	1748.429472000
6	0		1748.484576000
6	0		1748.484590000
17		1358	1748.494394000
17		1358	1748.559728000
17		1358	1748.625508000
17		1358	1748.690943000
17		1358	1748.755484000
6	0		1748.794244000
17		1358	1748.820697000
6	0		1748.856022000
17		1358	1748.885964000
6	0		1748.917994000
6	0		1748.918032000
6	64		1748.918043000
6	92		1748.918055000
6	565		1748.918062000
6	0		1748.919121000
6	608		1748.919381000
6	31		1748.919842000
17		1358	1748.951740000
6	0		1748.980332000
17		1358	1749.016855000
6	0		1749.042227000
17		1358	1749.081624000
6	0		1749.103904000
17		1358	1749.147450000
6	0		1749.166202000
6	64		1749.166230000
17		41	1749.166239000
6	608		1749.169436000
17		47	1749.228101000
17		1358	1749.228860000
17		41	1749.290680000
17		1358	1749.295223000
6	328		1749.337517000
6	1418		1749.337565000
6	2836		1749.337575000
17		41	1749.352390000
17		1358	1749.361245000
6	1418		1749.365791000
6	1418		1749.393902000
17		41	1749.414403000
6	1418		1749.422085000
17		1358	1749.427806000
6	1418		1749.450297000
17		41	1749.476371000
6	1418		1749.478437000
17		1358	1749.493108000
6	1418		1749.506627000
6	1418		1749.534815000
17		41	1749.538558000
17		1358	1749.558227000
6	1418		1749.563002000
6	1418		1749.591205000
17		41	1749.600016000
6	1418		1749.619374000
17		1358	1749.623946000
6	1418		1749.647627000
17		41	1749.661849000
6	1418		1749.675729000
17		1358	1749.688563000
6	1418		1749.703929000
17		41	1749.724814000
6	1418		1749.732096000
17		1358	1749.753593000
17		41	1749.785865000
17		1358	1749.819227000
17		1358	1749.885163000
17		41	1749.909946000
17		1358	1749.949517000
17		41	1750.034560000
17		1358	1750.036352000
17		41	1750.157971000
17		1358	1750.159782000
17		41	1750.220360000
17		1358	1750.226083000
17		41	1750.281989000
17		1358	1750.292502000
17		41	1750.405923000
17		1358	1750.407658000
17		41	1750.530117000
17		1358	1750.530993000
6	0		1750.592456000
6	31		1750.592486000
6	1418		1750.593713000
6	1418		1750.607817000
6	1418		1750.635995000
17		41	1750.654332000
17		41	1750.654355000
17		1358	1750.656498000
6	1418		1750.664180000
17		41	1750.778365000
17		1358	1750.780010000
17		41	1750.840296000
17		1358	1750.846260000
6	0		1750.902276000
17		1358	1750.912199000
17		41	1750.964295000
17		1358	1750.976777000
17		41	1751.026100000
6	0		1751.026126000
6	1418		1751.027346000
6	1418		1751.041430000
17		1358	1751.043534000
6	0		1751.088302000
6	1418		1751.089541000
6	1418		1751.103622000
6	0		1751.149873000
6	1418		1751.151126000
6	1418		1751.165204000
6	0		1751.212040000
6	1418		1751.213269000
6	1418		1751.227377000
17		41	1751.274286000
17		1358	1751.275729000
6	0		1751.335917000
6	1418		1751.337182000
6	1418		1751.351229000
6	0		1751.398307000
6	1418		1751.399553000
6	1418		1751.413619000
6	0		1751.460678000
6	1418		1751.461966000
6	1418		1751.475992000
17		41	1751.521853000
17		1358	1751.522793000
6	0		1751.584301000
6	1418		1751.585545000
6	1418		1751.599640000
17		41	1751.708282000
6	0		1751.708309000
17		1358	1751.709105000
6	1418		1751.709530000
6	1418		1751.723659000
6	0		1751.770438000
6	1418		1751.771675000
6	1418		1751.785766000
6	1418		1751.813997000
17		41	1751.831898000
17		755	1751.833388000
6	1418		1751.842141000
6	0		1751.956752000
6	1418		1751.957997000
6	1418		1751.972102000
6	1418		1752.000278000
6	1418		1752.028459000
17		41	1752.080531000
6	0		1752.141962000
6	1418		1752.143201000
6	1418		1752.157290000
6	1418		1752.185476000
6	1418		1752.213651000
17		41	1752.265910000
6	0		1752.328111000
6	1418		1752.329364000
6	1418		1752.343458000
6	1418		1752.371633000
6	1418		1752.399818000
17		41	1752.451881000
17		41	1752.514266000
6	0		1752.514292000
6	1418		1752.515523000
6	1418		1752.529608000
17		41	1752.576352000
17		37	1752.578026000
17		41	1752.638037000
17		41	1752.762807000
17		41	1752.824691000
17		41	1752.947946000
17		41	1753.072230000
17		41	1753.134134000
17		41	1753.258114000
6	0		1753.444451000
6	1418		1753.445720000
6	1418		1753.459830000
6	0		1753.506639000
6	1418		1753.507913000
17		41	1753.568337000
6	0		1753.630397000
6	1418		1753.631674000
17		41	1753.753877000
17		41	1753.816383000
17		41	1753.940261000
17		41	1754.002100000
6	0		1754.064316000
17		824	1754.126297000
17		34	1754.127063000
6	0		1754.188372000
6	0		1754.249925000
17		41	1754.249969000
17		1358	1754.251721000
6	0		1754.312202000
6	0		1754.374378000
6	0		1754.436527000
6	0		1754.498677000
6	0		1754.559856000
17		41	1754.621976000
17		1358	1754.622879000
6	0		1754.684128000
6	0		1754.746344000
6	0		1754.808247000
6	560		1754.808278000
6	39		1754.808286000
6	670		1754.808291000
6	0		1754.809450000
6	0		1754.809474000
6	0		1754.809477000
6	39		1754.809667000
6	69		1754.811961000
6	31		1754.812539000
6	39		1754.813076000
6	98		1754.813721000
6	0		1754.869938000
6	0		1754.932133000
6	0		1754.994264000
17		41	1755.056314000
17		1358	1755.058086000
6	0		1755.118372000
6	0		1755.180558000
17		41	1755.242742000
17		1358	1755.243557000
6	0		1755.303902000
6	0		1755.365941000
6	0		1755.428088000
6	0		1755.490312000
6	0		1755.551814000
17		41	1755.551845000
17		1358	1755.553947000
6	0		1755.614224000
6	0		1755.676394000
6	0		1755.738599000
6	0		1755.800760000
6	0		1755.861935000
17		824	1755.861962000
17		37	1755.863669000
6	0		1755.923961000
6	0		1755.986084000
6	0		1756.048307000
6	0		1756.110510000
6	0		1756.172674000
6	0		1756.234820000
6	0		1756.358523000
6	670		1756.358559000
6	0		1756.359599000
6	0		1756.482329000
6	0		1756.978731000
6	1418		1756.980001000
6	1418		1756.994103000
6	0		1757.102536000
6	1418		1757.103769000
6	1418		1757.117861000
17		47	1757.226621000
17		1358	1757.228349000
6	98		1757.233114000
6	0		1757.288335000
6	39		1757.288369000
17		41	1757.288383000
6	0		1757.289424000
17		1358	1757.294079000
17		41	1757.350124000
17		1358	1757.359318000
17		41	1757.412193000
17		1358	1757.425092000
17		41	1757.474434000
17		1358	1757.490603000
17		1358	1757.555819000
17		1358	1757.620284000
17		1358	1757.686325000
17		1358	1757.751607000
6	0		1757.783999000
6	1418		1757.785251000
6	1418		1757.799333000
17		1358	1757.816455000
6	1418		1757.827539000
6	0		1757.846205000
6	1418		1757.855720000
17		1358	1757.881381000
6	1418		1757.883886000
6	0		1757.908009000
6	1418		1757.912084000
6	1418		1757.940270000
17		1358	1757.947569000
6	1418		1757.968448000
6	1418		1757.996629000
17		1358	1758.013188000
6	1418		1758.024822000
6	0		1758.031927000
17		41	1758.031955000
6	1418		1758.052998000
17		1358	1758.078714000
6	1418		1758.081184000
17		41	1758.094145000
6	1418		1758.109355000
17		1358	1758.131184000
6	1418		1758.137527000
17		41	1758.156412000
6	1418		1758.165715000
17		1358	1758.182558000
6	1418		1758.193906000
17		41	1758.217815000
6	1418		1758.222083000
17		1358	1758.235024000
6	1418		1758.250270000
6	1418		1758.278557000
17		41	1758.279870000
17		1358	1758.287603000
6	1418		1758.306649000
6	1418		1758.334834000
17		1358	1758.339846000
6	1418		1758.362998000
6	1418		1758.391194000
17		1358	1758.391985000
17		41	1758.404093000
6	1418		1758.419364000
17		1358	1758.443288000
6	1418		1758.447552000
17		41	1758.466730000
6	1418		1758.475725000
17		1358	1758.496350000
6	1418		1758.503923000
17		41	1758.528748000
6	1418		1758.532071000
17		1358	1758.547980000
6	1418		1758.560279000
6	1418		1758.588472000
17		1358	1758.600853000
6	1418		1758.616699000
6	1418		1758.644853000
17		41	1758.652144000
17		1358	1758.652243000
6	1418		1758.673048000
6	1418		1758.701189000
17		1358	1758.704566000
6	0		1758.714347000
6	1418		1758.729423000
17		1358	1758.756554000
6	1418		1758.757546000
6	0		1758.775933000
6	1418		1758.785750000
17		1358	1758.809123000
6	1418		1758.813945000
17		41	1758.838261000
6	1418		1758.842101000
17		1358	1758.861796000
6	1418		1758.870295000
6	1418		1758.898551000
6	0		1758.900439000
6	1418		1758.926676000
17		1358	1758.948113000
6	1418		1758.954843000
6	0		1758.961914000
6	1418		1758.983026000
17		1358	1759.035500000
17		41	1759.086281000
17		1358	1759.122442000
6	0		1759.148497000
6	1418		1759.149736000
17		1358	1759.209603000
6	0		1759.209779000
6	1418		1759.211022000
6	0		1759.271962000
6	1418		1759.273214000
17		1358	1759.296342000
17		41	1759.334384000
17		1358	1759.383018000
6	0		1759.395850000
6	1418		1759.397090000
6	0		1759.458365000
6	1418		1759.459602000
17		1358	1759.470599000
17		1358	1759.557624000
17		41	1759.581965000
6	0		1759.644163000
17		1358	1759.644197000
6	1418		1759.645386000
6	0		1759.706561000
6	1418		1759.707808000
17		1358	1759.731908000
17		41	1759.768175000
17		1358	1759.818602000
6	0		1759.829916000
6	1418		1759.831203000
17		1358	1759.883636000
6	0		1759.892278000
6	1418		1759.893517000
17		41	1759.954704000
17		1358	1759.956035000
6	0		1760.016318000
6	1418		1760.017554000
6	0		1760.078570000
6	1418		1760.079824000
17		46	1760.140317000
17		1358	1760.141965000
6	0		1760.202294000
6	1418		1760.203538000
6	0		1760.264513000
6	1418		1760.265771000
17		41	1760.325921000
17		1358	1760.327698000
6	0		1760.388182000
6	1418		1760.389421000
6	0		1760.512249000
6	1418		1760.513485000
17		41	1760.574035000
17		764	1760.575022000
6	0		1760.636209000
6	1418		1760.637470000
6	0		1760.698415000
6	1418		1760.699641000
17		41	1760.759967000
6	0		1760.822175000
6	1418		1760.823409000
6	0		1760.884369000
6	1418		1760.885604000
17		41	1760.946289000
6	0		1761.070280000
6	1418		1761.071520000
17		41	1761.132332000
6	0		1761.194066000
6	1418		1761.195298000
6	0		1761.256408000
6	1418		1761.257645000
17		41	1761.317946000
6	0		1761.380096000
6	1418		1761.381328000
6	0		1761.503802000
6	1418		1761.505019000
6	0		1761.565922000
17		41	1761.565951000
6	1418		1761.567167000
6	0		1761.628722000
6	1418		1761.629966000
17		41	1761.690280000
6	0		1761.752261000
6	1418		1761.753519000
6	0		1761.814594000
6	1418		1761.815824000
17		41	1761.876015000
6	0		1762.000479000
6	1418		1762.001724000
6	0		1762.062629000
6	1418		1762.063855000
17		41	1762.123857000
6	0		1762.186570000
6	1418		1762.187795000
17		41	1762.248073000
6	0		1762.310236000
6	1418		1762.311453000
6	0		1762.372420000
6	1418		1762.373667000
17		41	1762.496274000
6	0		1762.558419000
6	1418		1762.559627000
6	0		1762.620559000
6	1418		1762.621789000
17		41	1762.681768000
6	0		1762.744309000
6	1418		1762.745556000
6	0		1762.806524000
6	1418		1762.807783000
6	0		1762.867916000
17		41	1762.992091000
6	0		1763.054519000
6	0		1763.115806000
17		41	1763.115832000
17		41	1763.239880000
6	0		1763.302104000
17		41	1763.426322000
6	0		1763.488315000
17		41	1763.612506000
6	0		1763.612543000
17		41	1763.674036000
17		41	1763.735821000
17		35	1763.737470000
6	0		1763.798258000
17		41	1763.860513000
17		41	1763.983796000
17		41	1764.108302000
17		904	1764.170420000
17		41	1764.171211000
17		1358	1764.173598000
6	0		1764.232631000
17		1358	1764.239987000
17		41	1764.294647000
17		1358	1764.305130000
17		41	1764.356211000
17		1358	1764.371194000
17		41	1764.418558000
17		1358	1764.435721000
6	0		1764.480806000
17		1358	1764.501108000
17		41	1764.541931000
17		1358	1764.566321000
17		1358	1764.631418000
17		1358	1764.697455000
6	0		1764.727988000
17		1358	1764.761847000
17		1358	1764.827558000
17		41	1764.852069000
17		1358	1764.892333000
17		1358	1764.957553000
6	0		1764.976116000
17		1358	1765.023094000
17		41	1765.037896000
17		1358	1765.088869000
17		1358	1765.153577000
6	0		1765.162387000
17		1358	1765.218713000
17		1358	1765.284170000
17		41	1765.286430000
6	0		1765.348567000
17		1358	1765.349213000
17		1358	1765.401258000
17		1358	1765.453377000
6	0		1765.472692000
17		1358	1765.505921000
17		1358	1765.557707000
17		1358	1765.610115000
6	0		1765.658372000
17		1358	1765.662707000
17		1358	1765.714724000
17		1358	1765.767185000
6	0		1765.782157000
6	0		1765.906075000
6	0		1766.030423000
6	0		1766.216314000
6	0		1766.340221000
6	0		1766.464098000
6	0		1766.588492000
6	1418		1766.589792000
6	0		1766.712249000
6	1418		1766.713481000
6	1418		1766.727662000
6	0		1766.835930000
17		41	1766.835957000
6	1418		1766.837156000
6	1418		1766.851245000
17		47	1766.898486000
17		1358	1766.900050000
17		41	1766.960571000
17		1358	1766.988415000
17		41	1767.022730000
17		1358	1767.076417000
17		41	1767.084771000
17		41	1767.145895000
17		1358	1767.163747000
17		41	1767.207994000
17		1358	1767.252294000
17		41	1767.270154000
17		41	1767.332622000
17		1230	1767.338506000
17		41	1767.394813000
17		41	1767.455876000
17		41	1767.518048000
17		41	1767.580251000
17		41	1767.642533000
17		41	1767.704043000
17		41	1767.766701000
17		41	1767.828697000
17		41	1767.890182000
17		824	1767.890234000
17		38	1767.890973000
17		33	1767.891613000
17		1358	1767.894406000
17		41	1767.952122000
17		1358	1767.961076000
17		41	1768.014674000
17		1358	1768.026361000
17		41	1768.076373000
17		1358	1768.091873000
17		41	1768.138510000
17		1358	1768.156723000
17		41	1768.200022000
17		1358	1768.221612000
17		1358	1768.287145000
17		41	1768.323958000
17		41	1768.386549000
17		41	1768.447906000
6	0		1768.758156000
6	1418		1768.759426000
6	1418		1768.773502000
6	1418		1768.801696000
6	1418		1768.829861000
6	1418		1768.858069000
6	0		1768.882155000
6	1418		1768.886302000
6	1418		1768.914429000
6	1418		1768.942614000
6	1418		1768.970789000
6	1418		1768.998981000
17		41	1769.005868000
6	1418		1769.027220000
6	1418		1769.055330000
6	0		1769.068193000
17		41	1769.068222000
6	1418		1769.083534000
6	1418		1769.111707000
17		41	1769.130470000
6	1418		1769.139876000
6	1418		1769.168072000
17		41	1769.191830000
6	1418		1769.196243000
6	1418		1769.224431000
6	1418		1769.252633000
17		41	1769.254362000
6	1418		1769.280823000
6	1418		1769.309043000
17		47	1769.316512000
6	1418		1769.337175000
17		33	1769.341801000
6	1418		1769.365347000
17		41	1769.378312000
6	1418		1769.393516000
6	1418		1769.421719000
17		41	1769.440411000
17		1358	1769.442397000
6	1418		1769.449895000
6	1418		1769.478087000
17		41	1769.501810000
17		1358	1769.503830000
6	1418		1769.506271000
6	1418		1769.534489000
6	1418		1769.562623000
17		41	1769.564351000
17		1358	1769.569963000
6	1418		1769.590821000
6	1418		1769.619080000
17		41	1769.625959000
17		1358	1769.635729000
6	1418		1769.647245000
6	1418		1769.675350000
6	1418		1769.703544000
6	1418		1769.731739000
17		41	1769.750478000
17		1358	1769.752270000
6	1418		1769.759915000
6	1418		1769.788096000
6	1418		1769.816300000
6	1418		1769.844455000
6	1418		1769.872643000
6	1418		1769.900838000
6	1418		1769.929062000
6	1418		1769.957195000
6	1418		1769.985365000
6	0		1770.060772000
6	1418		1770.062017000
6	1418		1770.076103000
6	0		1770.121941000
6	1418		1770.123174000
6	1418		1770.137266000
6	0		1770.246290000
6	1418		1770.247556000
6	0		1770.370082000
6	1418		1770.371304000
6	1418		1770.385387000
6	0		1770.494784000
6	1418		1770.496028000
6	1418		1770.510122000
6	0		1770.618711000
6	1418		1770.619928000
6	1418		1770.634016000
6	0		1770.804676000
6	1418		1770.805917000
6	1418		1770.820009000
6	0		1770.928681000
6	1418		1770.929931000
6	1418		1770.944018000
6	0		1771.052427000
6	1418		1771.053678000
6	1418		1771.067752000
6	0		1771.238193000
6	1418		1771.239438000
6	1418		1771.253545000
6	0		1771.361964000
6	1418		1771.363182000
6	1418		1771.377279000
6	0		1771.485920000
6	1418		1771.487254000
6	1418		1771.501291000
6	0		1771.671809000
6	1418		1771.673043000
6	1418		1771.687137000
17		41	1771.733831000
17		1358	1771.735567000
17		1358	1771.801690000
6	0		1771.857903000
6	1418		1771.859187000
17		1358	1771.867490000
6	1418		1771.873274000
17		41	1771.919898000
17		1358	1771.932334000
17		1358	1771.998246000
6	0		1772.044657000
6	1418		1772.045911000
6	1418		1772.060001000
17		1358	1772.063657000
17		1358	1772.127922000
6	0		1772.168283000
6	1418		1772.169498000
17		1358	1772.193292000
17		41	1772.230118000
17		1358	1772.258586000
17		1358	1772.323785000
6	0		1772.354044000
6	1418		1772.355262000
6	1418		1772.369339000
17		1358	1772.389799000
17		41	1772.416001000
17		1358	1772.454104000
6	0		1772.478371000
6	1418		1772.479624000
6	1418		1772.493716000
17		1358	1772.520361000
17		1358	1772.585247000
6	0		1772.602549000
6	1418		1772.603868000
6	1418		1772.617979000
17		1358	1772.650054000
17		1358	1772.715429000
17		41	1772.726579000
17		1358	1772.781086000
17		1358	1772.846328000
6	0		1772.850509000
6	1418		1772.851786000
6	1418		1772.865862000
17		1358	1772.911121000
6	0		1772.974544000
6	1418		1772.975780000
17		1358	1772.976070000
6	1418		1772.989861000
17		1358	1773.041665000
6	0		1773.097972000
6	1418		1773.099219000
17		1358	1773.107198000
6	1418		1773.113298000
17		1358	1773.172707000
17		1358	1773.238302000
6	0		1773.284190000
6	1418		1773.285475000
6	1418		1773.299532000
17		1358	1773.303452000
17		1358	1773.369146000
6	0		1773.407985000
6	1418		1773.409397000
6	1418		1773.422501000
17		1358	1773.434268000
6	1418		1773.449055000
6	1418		1773.475638000
17		1358	1773.499272000
6	0		1773.532272000
6	1418		1773.533485000
6	1418		1773.546777000
17		1358	1773.565260000
17		1358	1773.629778000
6	0		1773.656601000
6	1418		1773.657854000
6	1418		1773.671112000
17		1358	1773.695696000
6	1418		1773.697695000
6	1418		1773.724271000
17		1358	1773.760943000
17		1358	1773.826085000
6	0		1773.842505000
6	1418		1773.843737000
6	1418		1773.857014000
17		1358	1773.891296000
6	0		1773.966676000
6	1418		1773.967933000
6	1418		1773.981182000
6	0		1774.151839000
6	1418		1774.153095000
6	1418		1774.166346000
6	0		1774.276730000
6	1418		1774.277973000
6	1418		1774.291255000
6	0		1774.461892000
6	1418		1774.463203000
6	1418		1774.476487000
6	0		1774.585985000
6	1418		1774.587227000
6	1418		1774.600518000
6	0		1774.772139000
6	1418		1774.773383000
6	1418		1774.786673000
6	0		1774.896300000
6	1418		1774.897577000
6	1418		1774.910863000
6	0		1775.082493000
6	0		1775.205825000
17		41	1775.330630000
17		1358	1775.331769000
6	0		1775.392550000
17		41	1775.392587000
17		1358	1775.398368000
17		1358	1775.463150000
17		41	1775.516025000
17		740	1775.528400000
6	0		1775.578595000
17		41	1775.701808000
17		41	1775.764235000
6	0		1775.888514000
17		41	1775.950454000
17		41	1776.011943000
17		41	1776.198115000
17		46	1776.260785000
17		33	1776.285106000
17		41	1776.322403000
6	0		1776.384261000
17		41	1776.508315000
17		41	1776.570049000
6	0		1776.632190000
17		41	1776.756446000
17		41	1776.818523000
6	0		1776.880721000
17		41	1777.004724000
6	0		1777.128140000
17		41	1777.128182000
17		41	1777.190209000
17		41	1777.252211000
6	0		1777.376269000
17		41	1777.438713000
17		41	1777.561903000
6	0		1777.624386000
17		41	1777.624413000
17		41	1777.748350000
6	0		1777.810879000
17		41	1777.934636000
17		41	1777.995872000
6	0		1778.120663000
17		41	1778.182339000
17		41	1778.244374000
6	0		1778.368152000
17		41	1778.430809000
6	0		1778.554688000
17		41	1778.616288000
17		903	1778.678447000
17		39	1778.679270000
17		1358	1778.681440000
17		1358	1778.747984000
6	0		1778.802006000
17		1358	1778.813180000
17		41	1778.864103000
17		1358	1778.878528000
17		1358	1778.943962000
6	0		1778.988192000
17		1358	1779.008574000
17		41	1779.050057000
17		1358	1779.074151000
17		1358	1779.138950000
6	0		1779.174767000
17		1358	1779.204285000
17		41	1779.236161000
17		1358	1779.270006000
17		1358	1779.334931000
17		41	1779.360109000
17		1358	1779.400613000
17		1358	1779.465367000
6	0		1779.484054000
17		1358	1779.530664000
17		41	1779.546454000
17		1358	1779.596545000
17		1358	1779.648328000
6	0		1779.669984000
17		1358	1779.700398000
17		1358	1779.752487000
17		1358	1779.804846000
6	0		1779.856100000
17		1358	1779.857494000
17		1358	1779.909944000
17		1358	1779.961007000
6	0		1779.980233000
6	1418		1779.981454000
17		1358	1780.014091000
17		1358	1780.066455000
17		1358	1780.118905000
6	0		1780.165937000
6	1418		1780.167175000
17		1358	1780.171275000
6	1418		1780.205509000
17		1358	1780.222898000
17		1358	1780.275176000
6	1418		1780.282202000
6	0		1780.290403000
17		1358	1780.327442000
6	1418		1780.358873000
17		1358	1780.379604000
17		1358	1780.431644000
6	1418		1780.435561000
6	0		1780.476086000
17		1358	1780.483913000
6	1418		1780.512262000
17		1358	1780.536126000
17		1358	1780.588418000
6	1418		1780.588904000
6	0		1780.600637000
17		1358	1780.640731000
17		41	1780.662319000
6	1418		1780.665604000
17		1358	1780.693483000
17		41	1780.724025000
6	1418		1780.742307000
17		1358	1780.756047000
17		41	1780.786230000
6	1418		1780.818994000
17		1358	1780.819044000
17		47	1780.847971000
17		33	1780.871980000
17		1358	1780.882279000
6	1418		1780.895690000
17		41	1780.910304000
17		1358	1780.945995000
17		41	1780.972147000
6	1418		1780.972352000
17		41	1781.034196000
6	1418		1781.049068000
17		1358	1781.051402000
17		41	1781.096430000
6	1418		1781.125745000
17		1358	1781.155705000
17		41	1781.158606000
6	1418		1781.202445000
17		41	1781.219808000
17		1358	1781.260523000
6	1418		1781.279116000
17		41	1781.281917000
17		41	1781.344311000
17		1358	1781.365792000
17		41	1781.406629000
17		41	1781.468033000
17		1358	1781.469757000
17		41	1781.530426000
17		1358	1781.576575000
17		41	1781.591974000
17		41	1781.654008000
17		1358	1781.682500000
17		41	1781.778186000
17		41	1781.840289000
17		41	1781.902727000
17		41	1781.963826000
17		41	1782.026761000
17		41	1782.088318000
6	0		1782.274123000
17		46	1782.274153000
6	1418		1782.275360000
17		33	1782.298800000
6	1418		1782.306043000
17		41	1782.336079000
6	1418		1782.367397000
6	1418		1782.428729000
17		41	1782.460510000
6	1418		1782.490085000
6	1418		1782.551436000
17		41	1782.584330000
6	1418		1782.612845000
6	0		1782.645859000
6	1418		1782.674146000
17		41	1782.708151000
6	1418		1782.735491000
17		41	1782.770718000
6	1418		1782.796890000
6	1418		1782.858184000
17		41	1782.894261000
6	1418		1782.919542000
6	0		1782.956559000
6	1418		1782.980872000
17		41	1783.017775000
6	1418		1783.042226000
17		41	1783.080086000
6	1418		1783.103569000
6	1418		1783.164916000
17		41	1783.204199000
6	1418		1783.226270000
6	0		1783.266369000
6	1418		1783.287615000
6	1418		1783.348992000
17		41	1783.389830000
6	1418		1783.410302000
17		41	1783.452268000
6	1418		1783.471658000
6	1418		1783.533007000
17		41	1783.575933000
6	1418		1783.594408000
6	0		1783.638167000
6	1418		1783.655703000
17		41	1783.700136000
6	1418		1783.717038000
6	1418		1783.778388000
6	1418		1783.839749000
17		41	1783.886064000
6	1418		1783.901084000
6	0		1783.948253000
6	1418		1783.962446000
17		41	1784.010254000
6	1418		1784.023789000
17		41	1784.072514000
6	1418		1784.085121000
17		41	1784.134232000
6	1418		1784.146479000
6	1418		1784.207823000
6	0		1784.258027000
6	1418		1784.269161000
6	1418		1784.330520000
17		41	1784.382206000
6	1418		1784.391896000
6	0		1784.443999000
6	1418		1784.453292000
17		41	1784.506058000
6	1418		1784.514562000
6	1418		1784.575917000
17		46	1784.630265000
17		1358	1784.631974000
6	1418		1784.637276000
6	0		1784.692440000
6	1418		1784.698617000
17		41	1784.754308000
17		1358	1784.756036000
6	1418		1784.759954000
17		41	1784.815966000
6	628		1784.815999000
6	39		1784.816008000
6	0		1784.817103000
6	0		1784.817132000
6	39		1784.817681000
6	69		1784.819758000
6	31		1784.820333000
6	39		1784.820859000
6	1418		1784.821279000
17		1358	1784.841681000
17		41	1784.878125000
6	1418		1784.923588000
17		1358	1784.927371000
17		41	1784.940628000
17		1358	1785.012935000
6	1418		1785.025839000
6	1418		1785.128080000
6	1418		1785.230307000
6	131		1785.250603000
6	697		1785.250628000
6	0		1785.252048000
6	72		1785.257619000
6	62		1785.258153000
6	31		1785.259153000
6	0		1785.312746000
6	1418		1785.332554000
6	1418		1785.434827000
6	0		1785.436085000
6	1418		1785.537057000
6	0		1785.622621000
6	1418		1785.639313000
6	1418		1785.741603000
6	0		1785.745858000
6	1418		1785.843822000
6	0		1785.870320000
6	1418		1785.946097000
6	1418		1786.048304000
6	0		1786.056330000
6	1418		1786.150565000
6	0		1786.179895000
6	1418		1786.252804000
6	0		1786.304261000
6	1418		1786.355044000
6	0		1786.428499000
6	1418		1786.457321000
6	1418		1786.559576000
6	0		1786.613999000
6	1418		1786.661802000
6	0		1786.738325000
6	1418		1786.764049000
6	1418		1786.866323000
6	0		1786.924519000
6	1418		1786.968560000
6	0		1787.048027000
6	1418		1787.070866000
6	1418		1787.173141000
6	0		1787.234257000
6	1418		1787.275429000
6	1418		1787.351992000
6	0		1787.358018000
6	1418		1787.428740000
6	1418		1787.505359000
6	0		1787.544289000
6	0		1787.668058000
6	0		1787.854399000
6	697		1787.854427000
6	0		1787.855803000
6	31		1788.017243000
6	0		1788.040472000
6	0		1788.164166000
17		41	1788.225844000
17		1358	1788.227271000
17		1358	1788.312514000
17		1358	1788.397756000
6	0		1788.412035000
17		41	1788.474233000
17		1358	1788.482137000
6	0		1788.536427000
6	0		1788.536450000
6	0		1788.536455000
6	0		1788.536462000
6	39		1788.536467000
6	0		1788.537868000
17		1358	1788.567256000
6	0		1788.598243000
17		1358	1788.651681000
17		41	1788.660475000
17		1358	1788.737181000
17		1358	1788.821919000
17		41	1788.846588000
17		1358	1788.907035000
17		41	1788.908367000
6	0		1788.970585000
17		1358	1788.991607000
17		1358	1789.077437000
6	0		1789.094054000
6	0		1789.156187000
17		1358	1789.161443000
17		1358	1789.246336000
17		1358	1789.331240000
6	0		1789.341884000
17		1358	1789.415930000
17		1358	1789.501278000
6	0		1789.528433000
17		1358	1789.586213000
17		1358	1789.670983000
6	0		1789.713806000
17		1358	1789.755440000
6	0		1789.837851000
6	1418		1789.839100000
17		1358	1789.840085000
17		1358	1789.924869000
17		1358	1790.010455000
6	0		1790.024355000
6	1418		1790.025610000
6	1418		1790.063945000
17		1358	1790.094692000
17		1358	1790.180326000
6	0		1790.210162000
6	1418		1790.211441000
6	1418		1790.249775000
17		1358	1790.264799000
17		1358	1790.349311000
6	0		1790.396373000
6	1418		1790.397703000
17		1358	1790.434308000
6	1418		1790.435956000
17		1358	1790.518725000
6	0		1790.582189000
6	1418		1790.583435000
17		1358	1790.603599000
6	1418		1790.621778000
17		1358	1790.688155000
6	0		1790.768617000
6	1418		1790.769869000
17		1358	1790.773452000
6	1418		1790.808208000
17		1358	1790.858290000
17		1358	1790.942643000
6	0		1790.953797000
6	1418		1790.955053000
6	1418		1790.993415000
17		1358	1791.027715000
6	0		1791.077832000
6	1418		1791.079075000
17		1358	1791.112782000
6	0		1791.140144000
6	1418		1791.146754000
17		1358	1791.197672000
17		41	1791.201900000
6	0		1791.263814000
17		41	1791.263848000
6	1418		1791.265079000
17		1358	1791.282507000
17		41	1791.326394000
17		1358	1791.366927000
17		41	1791.388660000
17		41	1791.450123000
17		1358	1791.451572000
17		41	1791.512184000
17		1358	1791.536659000
17		41	1791.574321000
17		1358	1791.621321000
17		41	1791.635949000
17		41	1791.698548000
17		1358	1791.706894000
17		41	1791.760654000
17		1358	1791.791687000
17		46	1791.821822000
17		33	1791.845860000
17		722	1791.875738000
17		41	1791.883905000
17		41	1791.945922000
17		41	1792.008066000
17		41	1792.070817000
17		41	1792.132383000
17		41	1792.194486000
17		41	1792.256649000
17		41	1792.380027000
17		41	1792.442311000
6	0		1792.504766000
6	1418		1792.506006000
6	1418		1792.544357000
6	1418		1792.621046000
17		41	1792.628618000
6	1418		1792.697703000
17		41	1792.752333000
6	0		1792.752362000
6	1418		1792.774393000
6	1418		1792.851166000
6	0		1792.875988000
6	1418		1792.927783000
17		41	1792.938470000
17		41	1793.000047000
6	1418		1793.004459000
6	1418		1793.081210000
17		41	1793.123846000
6	1418		1793.157852000
6	0		1793.186670000
6	1418		1793.234557000
17		41	1793.247909000
6	1418		1793.311259000
6	1418		1793.387898000
17		41	1793.434213000
6	1418		1793.464576000
6	0		1793.495960000
6	1418		1793.541270000
6	1418		1793.617984000
17		41	1793.620715000
17		41	1793.682333000
6	1418		1793.694637000
6	0		1793.744641000
6	1418		1793.771332000
17		41	1793.806042000
6	1418		1793.848017000
6	1418		1793.924697000
17		46	1793.930314000
17		33	1793.954810000
6	1418		1794.001427000
6	0		1794.054257000
6	1418		1794.078075000
17		41	1794.116468000
6	1418		1794.154771000
6	1418		1794.231475000
17		41	1794.240163000
6	1418		1794.308125000
6	0		1794.364627000
6	1418		1794.384886000
17		41	1794.426261000
6	1418		1794.461521000
17		824	1794.488734000
17		39	1794.489464000
17		1358	1794.492142000
6	1418		1794.538226000
17		41	1794.549862000
17		1358	1794.578276000
17		41	1794.612425000
6	1418		1794.614860000
17		1358	1794.663009000
17		41	1794.674518000
6	1418		1794.691564000
17		41	1794.736360000
6	0		1794.736394000
17		1358	1794.747741000
6	1418		1794.768256000
17		41	1794.797964000
6	668		1794.798003000
6	0		1794.799438000
6	67		1794.802898000
6	31		1794.803434000
6	39		1794.803956000
17		1358	1794.832374000
6	1418		1794.844944000
17		41	1794.860471000
17		1358	1794.917406000
6	1418		1794.921601000
17		41	1794.922311000
6	1418		1794.998281000
17		1358	1795.001780000
6	0		1795.046180000
6	1418		1795.074997000
17		1358	1795.086670000
6	1418		1795.151693000
17		1358	1795.172220000
6	1418		1795.228376000
6	0		1795.232239000
17		1358	1795.256701000
6	1418		1795.305110000
17		1358	1795.341850000
6	1418		1795.381728000
6	0		1795.418335000
17		1358	1795.425968000
6	1418		1795.458409000
17		1358	1795.511196000
6	1418		1795.535108000
6	0		1795.542240000
17		1358	1795.596044000
6	1418		1795.611788000
17		1358	1795.681109000
6	1418		1795.688479000
6	0		1795.728262000
6	1418		1795.765157000
17		1358	1795.765210000
6	1418		1795.841859000
17		1358	1795.850730000
6	0		1795.852289000
6	0		1795.852295000
6	0		1795.853921000
6	1418		1795.918529000
17		1358	1795.934914000
6	0		1795.976284000
6	1418		1795.995243000
17		1358	1796.020278000
6	1418		1796.071892000
17		1358	1796.105069000
6	1418		1796.148609000
6	0		1796.162338000
17		1358	1796.189535000
6	1418		1796.225274000
17		1358	1796.274014000
6	0		1796.286352000
6	1418		1796.301959000
17		1358	1796.359590000
6	1418		1796.378648000
17		1358	1796.444656000
6	1418		1796.455332000
6	0		1796.472136000
17		1358	1796.528646000
6	1418		1796.532017000
6	0		1796.596351000
6	1418		1796.608693000
17		1358	1796.613922000
6	1418		1796.685384000
17		1358	1796.698515000
6	0		1796.720373000
6	1418		1796.762086000
17		1358	1796.783591000
6	1418		1796.838780000
17		1358	1796.868546000
6	0		1796.906359000
6	1418		1796.915448000
17		1358	1796.953064000
6	1418		1796.992136000
6	0		1797.030249000
17		41	1797.030283000
17		1358	1797.038299000
6	1418		1797.068825000
17		47	1797.091875000
17		1358	1797.105771000
6	1418		1797.145522000
17		1358	1797.173921000
6	1418		1797.222256000
17		1358	1797.241764000
17		41	1797.278264000
6	1418		1797.298937000
17		1358	1797.310516000
6	0		1797.340523000
6	1418		1797.375577000
17		1358	1797.378204000
17		41	1797.402029000
17		1358	1797.445443000
6	1418		1797.452269000
17		1358	1797.513306000
17		41	1797.526476000
6	1418		1797.528915000
17		1358	1797.580927000
6	1418		1797.605686000
17		1358	1797.649368000
6	0		1797.650466000
6	0		1797.650491000
6	0		1797.650500000
6	0		1797.650507000
6	39		1797.650514000
6	0		1797.657109000
6	1418		1797.682303000
17		41	1797.712513000
17		1358	1797.717041000
6	1418		1797.759043000
17		1358	1797.785384000
17		41	1797.836688000
17		1358	1797.852091000
6	0		1797.897851000
17		1358	1797.920416000
17		1358	1797.988581000
17		1358	1798.056388000
17		41	1798.084159000
17		1358	1798.124299000
6	0		1798.146791000
17		1358	1798.191792000
17		41	1798.208459000
17		1358	1798.260386000
17		41	1798.270564000
6	0		1798.331846000
17		41	1798.456212000
17		41	1798.580529000
6	0		1798.642751000
17		41	1798.704135000
17		41	1798.890401000
6	0		1798.952530000
17		41	1799.014505000
17		41	1799.138484000
6	0		1799.200617000
17		41	1799.386257000
6	0		1799.448931000
17		41	1799.510715000
17		41	1799.634103000
6	0		1799.695832000
17		41	1799.758729000
17		41	1799.882204000
6	0		1800.069224000
17		46	1800.069252000
17		33	1800.093771000
17		41	1800.630311000
6	0		1800.630346000
17		41	1801.004180000
6	0		1801.191694000
17		41	1801.378142000
17		41	1801.939656000
6	0		1802.125989000
6	1418		1802.127241000
17		41	1802.499993000
6	39		1802.500019000
6	0		1802.501349000
6	0		1802.687306000
6	1418		1802.688557000
6	1418		1802.726919000
6	1418		1802.803602000
6	1418		1802.880262000
17		41	1803.061272000
17		41	1803.248369000
6	0		1803.435118000
6	1418		1803.436351000
6	1418		1803.474698000
6	1418		1803.551391000
17		41	1803.622239000
6	1418		1803.628060000
17		41	1803.996448000
17		35	1803.997618000
17		41	1804.183322000
6	0		1804.183349000
6	1418		1804.184577000
6	1418		1804.222916000
17		41	1804.557575000
6	0		1804.743986000
6	1418		1804.745245000
6	1418		1804.783587000
6	1418		1804.860272000
17		41	1804.931191000
6	626		1804.931222000
6	137		1804.931230000
6	0		1804.932528000
6	0		1804.932541000
6	69		1804.934427000
6	31		1804.934985000
6	39		1804.935521000
6	1418		1804.936910000
17		41	1805.492240000
6	0		1805.492271000
6	1418		1805.493514000
6	1418		1805.531839000
17		41	1805.866149000
6	0		1806.053710000
6	1418		1806.054967000
6	1418		1806.093363000
6	1418		1806.170007000
17		41	1806.240635000
6	1418		1806.246670000
17		41	1806.614370000
17		41	1806.801386000
6	0		1806.801394000
6	1418		1806.802622000
6	1418		1806.840961000
17		41	1807.175534000
6	0		1807.362952000
6	1418		1807.364179000
6	1418		1807.402538000
6	1418		1807.479238000
17		41	1807.548984000
6	1418		1807.555916000
17		41	1807.923421000
6	0		1808.110360000
6	1418		1808.111582000
6	1418		1808.150041000
17		41	1808.484359000
6	0		1808.671913000
6	1418		1808.673173000
6	1418		1808.711512000
6	1418		1808.788204000
17		41	1808.858055000
17		41	1808.858081000
17		36	1808.859235000
6	1418		1808.864887000
17		41	1809.045281000
17		41	1809.419802000
17		41	1809.606775000
17		1358	1809.608687000
17		41	1809.793067000
17		1358	1809.794905000
17		41	1809.980022000
17		1358	1809.981820000
17		41	1810.167764000
6	0		1810.167770000
6	0		1810.169403000
17		1358	1810.169496000
6	39		1810.225581000
17		41	1810.354026000
17		1358	1810.355795000
6	0		1812.785348000
6	1418		1812.786607000
6	1418		1812.824949000
6	0		1812.898794000
6	1418		1812.901651000
6	1418		1812.978323000
6	1418		1813.055066000
6	1418		1813.131683000
6	0		1813.159269000
6	1418		1813.208369000
6	1418		1813.285055000
6	0		1813.346320000
6	0		1813.347907000
6	1418		1813.361796000
6	1418		1813.438420000
6	1418		1813.515082000
6	0		1813.533617000
6	1418		1813.591801000
6	1418		1813.668483000
6	1418		1813.745170000
6	1418		1813.821856000
6	1418		1813.898538000
6	0		1813.907010000
6	1418		1813.975242000
6	1418		1814.051923000
6	1418		1814.128620000
6	1418		1814.205305000
6	0		1814.281514000
6	1418		1814.281970000
6	1418		1814.358676000
6	1418		1814.435356000
6	1418		1814.512025000
6	1418		1814.588722000
6	0		1814.654947000
6	1418		1814.665408000
6	1418		1814.742088000
6	1418		1814.818772000
6	137		1814.841968000
6	622		1814.842016000
6	39		1814.842023000
6	0		1814.843033000
6	0		1814.843073000
6	0		1814.843079000
6	39		1814.843307000
6	69		1814.845546000
6	31		1814.846106000
6	1418		1814.895449000
6	1418		1814.972154000
6	0		1815.029416000
6	0		1815.029452000
6	39		1815.029459000
6	0		1815.035839000
6	1418		1815.048821000
6	1418		1815.125520000
6	1418		1815.202205000
6	1418		1815.278896000
6	1418		1815.355576000
6	0		1815.403556000
6	1418		1815.432259000
6	1418		1815.508953000
6	1418		1815.585635000
6	1418		1815.662297000
6	1418		1815.739000000
6	0		1815.777228000
6	1418		1815.815685000
6	1418		1815.892365000
6	1418		1815.969084000
6	1418		1816.045749000
6	1418		1816.122440000
6	0		1816.151040000
6	1418		1816.199117000
6	1418		1816.275818000
6	1418		1816.352480000
6	1418		1816.429237000
6	1418		1816.505869000
6	0		1816.525363000
6	1418		1816.582536000
6	1418		1816.659308000
6	1418		1816.735916000
6	1418		1816.812603000
6	1418		1816.889307000
6	0		1816.898887000
6	127		1816.898911000
6	0		1816.899975000
6	1418		1816.965983000
6	1418		1817.042663000
6	1303		1817.085975000
6	0		1817.087130000
6	68		1817.091413000
6	93		1817.091968000
6	39		1817.093555000
6	1418		1817.119365000
6	1418		1817.196018000
6	1418		1817.272721000
6	0		1817.273286000
6	0		1817.273308000
6	0		1817.275010000
6	1418		1817.349402000
6	1418		1817.426089000
6	0		1817.443623000
6	1418		1817.502840000
6	1418		1817.579508000
6	0		1817.647198000
6	1418		1817.656152000
6	1418		1817.732846000
6	1418		1817.809551000
6	1418		1817.886224000
6	1418		1817.962894000
6	0		1818.021156000
6	1418		1818.039595000
6	1418		1818.116276000
6	1418		1818.193051000
6	1418		1818.269631000
6	1418		1818.346346000
6	0		1818.395679000
6	1418		1818.423012000
6	1418		1818.499688000
6	1418		1818.576406000
6	1418		1818.653094000
6	1418		1818.729770000
17		41	1818.769761000
17		1358	1818.771877000
6	1418		1818.806461000
17		1358	1818.857297000
6	1418		1818.883155000
17		1358	1818.942462000
17		41	1818.956524000
6	0		1818.956568000
6	1418		1818.959797000
17		1358	1819.027608000
6	1418		1819.036514000
17		1358	1819.111836000
6	1418		1819.113177000
6	0		1819.143364000
17		41	1819.143394000
6	1418		1819.189892000
17		1358	1819.196371000
6	1418		1819.266582000
17		1358	1819.281193000
6	0		1819.330756000
17		41	1819.330796000
6	1418		1819.343239000
17		1358	1819.366387000
6	1418		1819.419933000
17		1358	1819.450984000
6	1418		1819.496599000
17		41	1819.516878000
17		1358	1819.535988000
6	1418		1819.573295000
17		1358	1819.621196000
6	1418		1819.649989000
17		1358	1819.705506000
6	1418		1819.726666000
17		1358	1819.790241000
6	1418		1819.803338000
17		1358	1819.875088000
6	1418		1819.880032000
6	1418		1819.956740000
17		1358	1819.960213000
6	1418		1820.033422000
17		1358	1820.044656000
6	1418		1820.110128000
17		1358	1820.129965000
6	1418		1820.186771000
17		1358	1820.214319000
6	1418		1820.263471000
17		1358	1820.298995000
6	1418		1820.340171000
17		1358	1820.385238000
17		1358	1820.470279000
17		1358	1820.554654000
17		1358	1820.639158000
17		1358	1820.724049000
17		1358	1820.809286000
17		1358	1820.894212000
17		1358	1820.978783000
17		346	1821.063347000
6	0		1821.761456000
6	0		1821.761485000
6	1418		1821.762694000
6	0		1821.762819000
6	1418		1821.801052000
6	1418		1821.877717000
6	1418		1821.954450000
6	0		1822.135068000
6	1418		1822.136324000
6	1418		1822.174657000
6	1418		1822.251375000
6	1418		1822.328015000
6	0		1822.696554000
6	1418		1822.697781000
6	1418		1822.736133000
6	1418		1822.812812000
6	1418		1822.889497000
6	0		1823.257282000
6	1418		1823.258525000
6	1418		1823.296860000
6	1418		1823.373565000
6	1418		1823.450312000
6	0		1823.630981000
6	1418		1823.632239000
6	1418		1823.670549000
6	1418		1823.747275000
6	1418		1823.823930000
6	0		1824.192643000
6	1418		1824.193874000
6	1418		1824.232228000
6	1418		1824.308917000
6	1418		1824.385594000
6	39		1824.561029000
6	0		1824.566516000
6	1418		1824.567756000
6	1418		1824.606107000
6	1418		1824.682776000
6	1418		1824.759473000
6	51		1824.940626000
6	0		1824.940652000
6	0		1824.941863000
6	0		1825.127157000
6	1418		1825.128393000
6	1418		1825.166738000
6	1418		1825.243487000
6	1418		1825.320117000
6	0		1825.688271000
6	1418		1825.689511000
6	1418		1825.727865000
6	1418		1825.804542000
6	1418		1825.881217000
6	0		1826.061956000
6	1418		1826.063265000
6	1418		1826.101624000
6	1418		1826.178319000
6	1418		1826.254987000
6	0		1826.623551000
6	1418		1826.624796000
6	1418		1826.663120000
6	1418		1826.739819000
6	1418		1826.816492000
6	0		1826.997560000
6	0		1827.371673000
6	0		1827.932428000
6	339		1828.403021000
6	0		1828.679835000
17		41	1828.679887000
17		45	1828.679892000
17		822	1828.679900000
17		33	1828.680677000
17		33	1828.681148000
17		1358	1828.683875000
17		1358	1828.769701000
17		1358	1828.855329000
17		1358	1828.939329000
17		1358	1829.024591000
6	0		1829.053909000
17		1358	1829.109084000
17		1358	1829.193977000
17		1358	1829.278857000
17		1358	1829.363905000
17		1358	1829.448789000
17		1358	1829.533303000
6	0		1829.615573000
17		1358	1829.618614000
17		1358	1829.702978000
17		1358	1829.787594000
17		1358	1829.872340000
17		1358	1829.957827000
6	0		1829.989803000
17		1358	1830.042660000
17		1358	1830.126752000
17		1358	1830.212314000
17		1358	1830.296533000
6	0		1830.363346000
17		1358	1830.381201000
17		1358	1830.466386000
17		1358	1830.551362000
17		1358	1830.636466000
17		1358	1830.720783000
6	0		1830.736966000
17		1358	1830.806029000
17		1358	1830.890314000
17		1358	1830.975150000
17		1358	1831.060518000
6	0		1831.111795000
17		1358	1831.145066000
17		1358	1831.229544000
6	0		1831.298140000
17		1358	1831.314436000
17		1358	1831.399438000
17		1358	1831.484462000
17		1358	1831.568864000
6	0		1831.671973000
6	0		1832.046599000
6	0		1832.420248000
6	0		1832.794852000
6	0		1833.168448000
6	0		1833.542066000
6	0		1834.103770000
6	0		1834.477430000
6	0		1834.851417000
6	0		1834.851474000
6	0		1834.852813000
6	0		1835.225666000
6	0		1835.598992000
6	1418		1835.600272000
6	0		1835.973351000
6	1418		1835.974573000
6	1418		1836.012966000
6	1418		1836.089643000
6	0		1836.160386000
6	1418		1836.166304000
6	1418		1836.243000000
6	1418		1836.319696000
6	1418		1836.396369000
6	1418		1836.473055000
6	0		1836.534237000
6	1418		1836.549748000
6	1418		1836.626436000
6	1418		1836.703117000
6	1418		1836.779811000
6	0		1836.908671000
6	1418		1836.909909000
6	1418		1836.948247000
6	1418		1837.024945000
6	1418		1837.101761000
6	0		1837.282468000
6	1418		1837.283700000
6	1418		1837.322038000
6	1418		1837.398857000
6	1418		1837.475410000
6	0		1837.656451000
6	1418		1837.657697000
6	1418		1837.696035000
6	1418		1837.772733000
6	1418		1837.849393000
17		41	1838.030314000
6	0		1838.030352000
6	1418		1838.031582000
6	1418		1838.069912000
17		41	1838.404573000
6	0		1838.591920000
6	1418		1838.593152000
6	1418		1838.631501000
6	1418		1838.708194000
17		41	1838.778863000
6	1418		1838.784866000
17		41	1839.151993000
6	0		1839.339346000
6	1418		1839.340657000
6	1418		1839.378983000
6	1418		1839.455684000
17		41	1839.526046000
17		41	1839.526069000
17		45	1839.526074000
17		822	1839.526081000
17		42	1839.526810000
17		33	1839.526848000
6	1418		1839.532363000
6	0		1839.900553000
6	1418		1839.901836000
6	1418		1839.940150000
6	1418		1840.016829000
17		41	1840.087271000
6	1418		1840.093553000
17		41	1840.461186000
6	0		1840.648444000
6	1418		1840.649699000
6	1418		1840.688049000
6	1418		1840.764709000
17		41	1840.835055000
6	1418		1840.841396000
17		41	1841.022723000
6	0		1841.209062000
6	1418		1841.210329000
6	1418		1841.248637000
6	1418		1841.325343000
17		41	1841.396419000
6	1418		1841.402022000
17		41	1841.770039000
6	0		1841.956953000
6	1418		1841.958234000
6	1418		1841.996545000
6	1418		1842.073316000
17		41	1842.144546000
6	1418		1842.149914000
17		41	1842.705073000
6	0		1842.892299000
6	1418		1842.893525000
6	1418		1842.931873000
17		41	1843.266520000
6	0		1843.453822000
6	1418		1843.455091000
6	1418		1843.493463000
6	1418		1843.570249000
6	1418		1843.646803000
17		41	1843.827127000
6	0		1844.014347000
6	1418		1844.015587000
6	1418		1844.053934000
17		41	1844.388342000
6	0		1844.575909000
6	1418		1844.577134000
6	1418		1844.615495000
6	1418		1844.692163000
17		41	1844.762506000
6	1418		1844.768918000
17		41	1845.136328000
6	0		1845.323694000
6	1418		1845.324954000
6	1418		1845.363263000
6	1418		1845.439954000
17		41	1845.510289000
6	1418		1845.516649000
17		41	1846.071252000
6	0		1846.071292000
6	1418		1846.072550000
6	1418		1846.110942000
17		41	1846.258604000
17		41	1846.444928000
17		41	1846.819556000
17		41	1847.006488000
17		46	1847.380049000
17		33	1847.405095000
17		41	1849.249931000
17		41	1849.623960000
17		41	1849.811652000
6	0		1850.746585000
6	1418		1850.747854000
6	1418		1850.786252000
6	1418		1850.862866000
6	0		1850.933021000
6	1418		1850.939552000
6	1418		1851.016251000
6	1418		1851.092946000
6	0		1851.307518000
6	1418		1851.308760000
6	1418		1851.347104000
6	0		1851.681067000
6	1418		1851.682307000
6	1418		1851.720667000
6	0		1851.868089000
6	1418		1851.869339000
6	1418		1851.907699000
6	0		1852.055478000
6	1418		1852.056762000
6	1418		1852.095065000
6	0		1852.429419000
6	1418		1852.430661000
6	1418		1852.469006000
6	0		1852.803461000
6	1418		1852.804701000
6	1418		1852.843096000
6	0		1853.177618000
6	1418		1853.178934000
6	1418		1853.217312000
6	0		1853.363928000
6	1418		1853.365166000
6	1418		1853.403532000
6	0		1853.551787000
6	1418		1853.553020000
6	1418		1853.591366000
6	0		1854.111994000
6	1418		1854.113239000
6	1418		1854.151586000
6	0		1854.486126000
6	1418		1854.487345000
6	1418		1854.525711000
6	0		1854.673222000
6	1418		1854.674459000
6	1418		1854.712807000
6	0		1854.860528000
6	1418		1854.861781000
6	1418		1854.900126000
6	0		1855.234866000
6	1418		1855.236099000
6	1418		1855.274474000
6	0		1855.421145000
6	1418		1855.422380000
6	1418		1855.460733000
17		41	1855.608260000
17		35	1855.611068000
6	339		1855.793012000
6	0		1855.795423000
6	1418		1855.796690000
6	1418		1855.835056000
6	0		1855.982070000
6	1418		1855.983318000
6	1418		1856.021667000
6	0		1856.543251000
6	1418		1856.544536000
6	1418		1856.582880000
6	0		1856.730548000
6	1418		1856.731888000
6	1418		1856.770234000
6	0		1857.104728000
6	1418		1857.105999000
6	1418		1857.144291000
6	0		1857.291045000
6	1418		1857.292274000
6	1418		1857.330618000
6	0		1857.665516000
17		822	1857.665543000
17		41	1857.665550000
17		45	1857.665554000
17		40	1857.666368000
6	1418		1857.666800000
6	1418		1857.705129000
6	0		1857.852833000
6	1418		1857.854226000
6	1418		1857.892531000
6	0		1858.226545000
6	1418		1858.227881000
6	1418		1858.266137000
6	0		1858.413862000
6	1418		1858.415111000
6	1418		1858.453466000
6	0		1858.600194000
6	0		1858.974123000
6	1418		1858.975385000
6	1418		1859.013717000
6	0		1859.161405000
6	1418		1859.162642000
6	1418		1859.200993000
6	0		1859.535297000
6	1418		1859.536526000
6	1418		1859.574938000
6	0		1859.722582000
6	1418		1859.723899000
6	1418		1859.762260000
6	0		1860.095796000
6	1418		1860.097160000
6	1418		1860.135527000
6	0		1860.188003000
6	1418		1860.212213000
6	0		1860.280983000
6	1418		1860.288904000
6	1418		1860.365568000
6	1418		1860.442260000
6	0		1860.467000000
6	1418		1860.518959000
6	1418		1860.595626000
6	0		1860.653616000
6	1418		1860.672313000
6	0		1860.746006000
6	1418		1860.748994000
6	1418		1860.825819000
6	0		1860.838847000
6	1418		1860.902393000
6	1418		1860.979061000
6	0		1861.024885000
6	1418		1861.055751000
6	1418		1861.132452000
6	1418		1861.209129000
6	0		1861.304564000
6	0		1861.304590000
6	1418		1861.305831000
6	1418		1861.362518000
6	0		1861.396831000
6	1418		1861.439182000
6	0		1861.490365000
6	1418		1861.515863000
6	0		1861.583173000
17		41	1861.583210000
6	1418		1861.592560000
6	1418		1861.669233000
17		41	1861.675814000
6	1418		1861.745964000
17		41	1861.769066000
6	1418		1861.822616000
17		41	1861.862041000
17		41	1861.955307000
17		41	1862.048457000
17		41	1862.141637000
17		41	1862.233879000
17		41	1862.327090000
17		41	1862.419953000
17		41	1862.513112000
17		41	1862.606645000
17		41	1862.699164000
17		41	1862.792226000
17		41	1862.885101000
17		41	1863.071423000
17		41	1863.164211000
17		41	1863.257402000
17		41	1863.350536000
17		46	1863.443322000
17		35	1863.467990000
17		41	1863.536497000
17		41	1863.629765000
17		41	1863.721954000
17		41	1863.815016000
17		41	1863.908172000
17		41	1864.001355000
17		41	1864.094654000
17		41	1864.186896000
17		42	1864.280078000
17		1358	1864.281799000
17		42	1864.373540000
17		1358	1864.376198000
17		42	1864.466669000
17		1358	1864.468000000
17		43	1864.559052000
17		1358	1864.560561000
17		1358	1864.646319000
6	0		1864.745119000
6	1418		1864.746364000
6	1418		1864.784703000
6	0		1864.838013000
6	0		1864.838054000
6	0		1864.840257000
6	1418		1864.861379000
6	0		1864.931254000
6	1418		1864.938072000
6	1418		1865.014865000
6	0		1865.024134000
6	1418		1865.091434000
6	0		1865.116992000
6	0		1865.117034000
6	0		1865.118698000
6	0		1865.147823000
6	1418		1865.168134000
6	0		1865.209984000
6	1418		1865.244817000
6	0		1865.303123000
6	1418		1865.321498000
6	0		1865.396328000
6	1418		1865.398183000
6	0		1865.426993000
6	1418		1865.474954000
6	0		1865.489007000
6	1418		1865.551573000
6	0		1865.581866000
6	1418		1865.628254000
6	0		1865.675094000
6	1418		1865.704962000
6	0		1865.768309000
6	1418		1865.781613000
6	1418		1865.858328000
6	0		1865.861283000
6	0		1865.861315000
6	0		1865.862637000
6	1418		1865.935013000
6	0		1865.954433000
6	1418		1866.011672000
6	0		1866.046938000
6	1418		1866.088348000
6	0		1866.140323000
6	0		1866.140358000
6	0		1866.141877000
6	1418		1866.165047000
6	0		1866.233359000
6	1418		1866.241726000
6	1418		1866.318426000
6	0		1866.326583000
6	1418		1866.395106000
6	0		1866.418861000
6	1418		1866.471790000
6	0		1866.512074000
6	1418		1866.548480000
6	0		1866.605308000
6	1418		1866.625159000
6	0		1866.698263000
6	0		1866.698288000
6	1418		1866.701822000
6	1418		1866.778533000
6	0		1866.791703000
6	1418		1866.855229000
6	0		1866.884081000
6	1418		1866.931910000
6	0		1866.977213000
6	1418		1867.008587000
6	0		1867.069878000
6	1418		1867.085281000
6	1418		1867.161984000
6	0		1867.163037000
6	1418		1867.238665000
6	0		1867.255957000
6	1418		1867.315352000
6	0		1867.349162000
6	1418		1867.392029000
6	0		1867.441935000
6	1418		1867.468736000
6	1418		1867.545388000
6	1418		1867.622116000
6	0		1867.628330000
6	1418		1867.698826000
6	0		1867.721231000
6	1418		1867.775461000
6	0		1867.814141000
17		42	1867.814169000
17		1358	1867.814849000
6	1418		1867.852157000
6	0		1867.875787000
17		1358	1867.901061000
6	0		1867.907316000
6	0		1867.907348000
6	0		1867.908685000
6	1418		1867.928814000
17		1358	1867.986011000
6	1418		1868.005504000
17		1358	1868.071055000
6	1418		1868.082310000
6	0		1868.093224000
6	0		1868.093254000
6	0		1868.094915000
17		1358	1868.155987000
6	1418		1868.158953000
6	0		1868.186763000
6	0		1868.186787000
6	1418		1868.235593000
17		1358	1868.240118000
6	1418		1868.312258000
17		1358	1868.324794000
6	0		1868.372085000
6	0		1868.372109000
6	1418		1868.388945000
17		1358	1868.410401000
6	0		1868.465310000
6	1418		1868.465622000
17		1358	1868.494912000
6	1418		1868.542340000
6	0		1868.557978000
17		1358	1868.579420000
6	1418		1868.619030000
6	0		1868.651732000
17		1358	1868.664092000
6	1418		1868.695672000
17		1358	1868.749269000
6	1418		1868.772379000
17		1358	1868.834207000
6	0		1868.837109000
6	1418		1868.849087000
17		1358	1868.918906000
6	1418		1868.925745000
6	0		1868.930018000
6	1418		1869.002594000
17		1358	1869.004059000
6	0		1869.023236000
6	1418		1869.079182000
17		1358	1869.088950000
6	0		1869.116247000
6	1418		1869.155808000
17		1358	1869.173015000
6	0		1869.209313000
6	1418		1869.232477000
17		1358	1869.257980000
6	0		1869.302256000
6	1418		1869.309173000
17		1358	1869.343360000
6	1418		1869.385866000
6	0		1869.395161000
17		1358	1869.427481000
6	1418		1869.462609000
6	0		1869.487895000
17		1358	1869.512277000
6	1418		1869.539235000
6	0		1869.581110000
6	0		1869.581139000
17		1358	1869.597155000
6	1418		1869.615923000
6	0		1869.674321000
17		1358	1869.682292000
6	1418		1869.692609000
6	0		1869.766958000
17		1358	1869.767226000
6	1418		1869.769332000
6	1418		1869.845963000
17		1121	1869.851514000
6	0		1869.860174000
6	1418		1869.922708000
6	0		1869.953016000
6	1418		1869.999351000
6	0		1870.046242000
6	1418		1870.076026000
6	0		1870.099304000
6	0		1870.138853000
6	1418		1870.152729000
6	1418		1870.229405000
6	0		1870.231871000
6	1418		1870.306084000
6	0		1870.324978000
6	1418		1870.382792000
6	0		1870.418091000
6	1418		1870.459490000
6	0		1870.511309000
6	1418		1870.536148000
6	1418		1870.612823000
6	1418		1870.689587000
6	0		1870.696852000
6	0		1870.696875000
6	1418		1870.766222000
6	0		1870.790094000
6	1418		1870.842893000
6	0		1870.883263000
6	1418		1870.919593000
6	1418		1870.996262000
6	0		1871.069248000
6	1418		1871.073019000
6	1418		1871.149713000
6	1418		1871.226330000
6	0		1871.255274000
6	1418		1871.303006000
6	1418		1871.379686000
6	1418		1871.456378000
6	1418		1871.533075000
6	1418		1871.609771000
6	1418		1871.686463000
6	1418		1871.763132000
6	1418		1871.839810000
6	1418		1871.916502000
6	0		1871.972292000
6	1418		1871.993182000
6	1418		1872.069881000
6	0		1872.092636000
6	0		1872.094300000
6	1418		1872.146625000
6	1418		1872.223240000
6	1418		1872.299976000
6	0		1872.371619000
6	0		1872.372942000
6	1418		1872.376626000
6	1418		1872.453322000
6	1418		1872.529984000
6	1418		1872.606674000
6	1418		1872.683364000
6	0		1872.743161000
6	1418		1872.760050000
6	1418		1872.836706000
6	1418		1872.913413000
6	1418		1872.990107000
6	1418		1873.066781000
6	0		1873.115681000
6	1418		1873.143493000
6	1418		1873.220162000
6	1418		1873.296852000
6	1418		1873.373546000
6	0		1873.394635000
6	1418		1873.450276000
6	1418		1873.526910000
6	1418		1873.603596000
6	1418		1873.680260000
6	1418		1873.756968000
6	0		1873.766335000
6	1418		1873.833634000
6	1418		1873.910305000
6	1418		1873.987021000
6	1418		1874.063700000
6	0		1874.138032000
6	1418		1874.140381000
6	1418		1874.217084000
6	1418		1874.293792000
6	1418		1874.370441000
6	0		1874.417243000
6	1418		1874.447119000
6	1418		1874.523822000
6	1418		1874.600513000
6	1418		1874.677174000
6	1418		1874.753878000
6	0		1874.789206000
6	1418		1874.830557000
6	1418		1874.907269000
6	1418		1874.983938000
6	1418		1875.060689000
6	1418		1875.137296000
6	0		1875.161139000
6	0		1875.161187000
6	0		1875.162322000
6	1418		1875.213986000
6	1418		1875.290750000
6	1418		1875.367347000
6	1418		1875.444051000
6	0		1875.470880000
6	1418		1875.520744000
6	1418		1875.597447000
6	0		1875.626034000
6	1418		1875.674114000
6	1418		1875.750798000
6	1418		1875.827470000
6	1418		1875.904170000
6	1418		1875.980856000
6	0		1875.998161000
6	1418		1876.057561000
6	1418		1876.134298000
6	0		1876.184334000
6	0		1876.184363000
6	0		1876.185498000
6	1418		1876.210904000
6	1418		1876.287584000
6	1418		1876.364282000
6	0		1876.435310000
6	1418		1876.440964000
6	0		1876.463652000
6	1418		1876.517665000
6	1418		1876.594337000
6	1418		1876.671025000
6	1418		1876.747697000
6	1418		1876.824399000
6	0		1876.835538000
6	1418		1876.901087000
6	1418		1876.977762000
6	1418		1877.054531000
6	1418		1877.131143000
6	0		1877.207633000
6	1418		1877.207807000
6	1418		1877.284512000
6	1418		1877.361189000
6	0		1877.392979000
6	1418		1877.437958000
6	1418		1877.514562000
6	1418		1877.591308000
6	1418		1877.667986000
6	0		1877.671962000
6	1418		1877.744621000
6	1418		1877.821318000
6	1418		1877.898059000
6	1418		1877.974756000
6	0		1878.044522000
6	1418		1878.051377000
6	1418		1878.128060000
6	0		1878.137272000
6	0		1878.138566000
6	0		1878.230249000
6	0		1878.509482000
6	0		1878.788052000
6	0		1879.067266000
6	0		1879.253164000
6	0		1879.532123000
6	0		1879.903902000
6	0		1880.090274000
6	0		1880.163808000
6	0		1880.190810000
17		41	1880.276337000
6	0		1880.276346000
6	0		1880.278019000
6	0		1880.462820000
6	0		1880.555366000
6	0		1880.556718000
6	0		1880.741284000
6	0		1881.019916000
6	0		1881.299600000
6	0		1881.671042000
6	0		1881.950271000
6	0		1882.229663000
6	0		1882.322310000
6	0		1882.323428000
6	0		1882.508403000
6	0		1882.879965000
6	0		1883.066714000
6	0		1883.344934000
6	0		1883.438378000
6	0		1883.717244000
6	0		1883.903329000
6	0		1884.089291000
6	0		1884.368228000
6	0		1884.554098000
17		41	1884.554146000
17		45	1884.554162000
17		33	1884.578819000
6	0		1884.833482000
6	0		1885.111931000
6	0		1885.111965000
6	0		1885.113073000
6	0		1885.298302000
6	0		1885.416061000
6	0		1885.763332000
17		41	1886.135291000
6	0		1886.135325000
6	0		1886.136402000
17		41	1886.228318000
17		41	1886.321183000
6	0		1886.335247000
17		41	1886.414159000
17		41	1886.507024000
6	0		1886.693269000
6	0		1886.693297000
6	747		1886.693301000
6	0		1886.694875000
6	355		1886.695381000
6	0		1886.878838000
6	0		1886.972258000
6	0		1887.065434000
6	0		1887.065458000
6	747		1887.065463000
6	0		1887.066801000
6	355		1887.067809000
6	0		1887.251372000
6	0		1887.344558000
6	0		1887.437752000
6	0		1887.530057000
6	0		1887.623256000
6	0		1887.809600000
6	0		1887.902827000
6	0		1887.994994000
6	0		1888.181348000
6	0		1888.181380000
6	0		1888.181388000
6	0		1888.182921000
6	0		1888.367522000
6	0		1888.552908000
6	0		1888.739312000
6	0		1888.925692000
6	0		1889.111057000
6	0		1889.297425000
6	0		1889.483812000
6	1418		1889.485387000
6	1418		1889.523392000
6	0		1889.668846000
6	1418		1889.670114000
6	1418		1889.708463000
6	0		1889.855102000
6	1418		1889.856396000
6	1418		1889.894727000
6	0		1890.041226000
6	1418		1890.042477000
6	1418		1890.080809000
6	0		1890.184550000
6	0		1890.227244000
6	1418		1890.228565000
6	1418		1890.266911000
17		41	1890.320361000
6	0		1890.413534000
17		41	1890.506230000
6	0		1890.506257000
6	0		1890.506282000
6	1418		1890.507475000
6	0		1890.507563000
17		41	1890.691978000
6	0		1890.785145000
6	1418		1890.786401000
6	1418		1890.824708000
17		41	1890.878114000
6	0		1890.971298000
17		41	1891.064474000
6	0		1891.157679000
6	1418		1891.158923000
6	1418		1891.197252000
17		41	1891.342978000
6	0		1891.436565000
17		41	1891.436594000
6	1418		1891.437892000
6	1418		1891.476195000
17		41	1891.621993000
6	0		1891.714917000
6	1418		1891.716187000
6	1418		1891.754506000
17		41	1891.808410000
17		41	1891.994253000
6	0		1892.087461000
6	1418		1892.088711000
6	1418		1892.127024000
17		41	1892.180007000
6	0		1892.273270000
6	0		1892.274420000
17		41	1892.365995000
6	0		1892.459060000
6	1418		1892.460298000
6	1418		1892.498643000
17		41	1892.552388000
17		41	1892.738331000
6	0		1892.831512000
6	1418		1892.832760000
6	1418		1892.871084000
17		46	1893.016898000
17		33	1893.041972000
6	0		1893.109849000
6	1418		1893.111091000
6	1418		1893.149443000
17		41	1893.203758000
17		41	1893.295951000
6	0		1893.389140000
6	1418		1893.390378000
6	1418		1893.428701000
17		41	1893.482627000
17		41	1893.668379000
6	0		1893.761536000
6	1418		1893.762778000
6	1418		1893.801119000
17		41	1893.854074000
17		41	1894.040096000
6	0		1894.133024000
6	1418		1894.134259000
6	1418		1894.172596000
17		41	1894.225945000
17		41	1894.412265000
6	0		1894.504773000
6	1418		1894.506015000
6	1418		1894.544350000
17		822	1894.597913000
17		41	1894.597945000
17		39	1894.598711000
17		1358	1894.601765000
17		1358	1894.687686000
17		1358	1894.772746000
6	0		1894.784333000
17		41	1894.784361000
6	1418		1894.785556000
6	1418		1894.823913000
17		1358	1894.857585000
17		1358	1894.941828000
6	0		1894.970095000
6	1418		1894.971417000
6	1418		1895.009774000
6	0		1895.063055000
6	0		1895.155861000
6	0		1895.155900000
6	1418		1895.157088000
6	0		1895.157535000
6	1418		1895.195491000
6	0		1895.341994000
6	1418		1895.343232000
6	1418		1895.381586000
6	0		1895.458074000
6	0		1895.527957000
6	1418		1895.529232000
6	1418		1895.567575000
6	0		1895.714190000
6	1418		1895.715463000
6	1418		1895.753788000
6	0		1895.900253000
6	1418		1895.901531000
6	1418		1895.939869000
6	0		1896.086346000
6	1418		1896.087618000
6	1418		1896.125972000
6	0		1896.179292000
6	0		1896.181215000
6	0		1896.272492000
6	1418		1896.273784000
6	1418		1896.312113000
6	0		1896.328485000
6	0		1896.458043000
6	1418		1896.459275000
6	1418		1896.497632000
6	0		1896.644099000
6	1418		1896.645347000
6	1418		1896.683707000
6	0		1896.698851000
6	0		1896.830338000
6	1418		1896.831564000
6	1418		1896.869917000
6	0		1897.016385000
6	1418		1897.017663000
6	1418		1897.056016000
6	0		1897.093302000
6	1418		1897.132700000
6	0		1897.202026000
6	1418		1897.209379000
6	1418		1897.286116000
6	0		1897.295224000
6	1418		1897.362733000
6	0		1897.388480000
6	1418		1897.439431000
6	1418		1897.516120000
6	0		1897.574258000
6	1418		1897.592798000
6	1418		1897.669466000
6	1418		1897.746163000
6	1418		1897.822884000
6	0		1897.853227000
6	1418		1897.899551000
6	0		1897.946216000
6	1418		1897.976236000
6	0		1898.039461000
6	1418		1898.052924000
6	1418		1898.129620000
6	0		1898.131848000
6	0		1898.133513000
6	1418		1898.206311000
6	1418		1898.283030000
6	0		1898.317877000
6	1418		1898.359644000
6	1418		1898.436368000
6	0		1898.504102000
6	1418		1898.513032000
6	1418		1898.589722000
6	1418		1898.666386000
6	1418		1898.743107000
6	0		1898.783756000
6	0		1898.815065000
6	1418		1898.819766000
6	1418		1898.896467000
6	1418		1898.973153000
6	0		1899.062711000
6	1418		1899.063932000
6	1418		1899.126515000
6	0		1899.247908000
6	1418		1899.249157000
6	1418		1899.287505000
6	0		1899.526990000
6	1418		1899.528213000
6	1418		1899.566648000
6	0		1899.806192000
6	1418		1899.807425000
6	1418		1899.845778000
6	0		1899.899047000
6	1418		1899.922456000
6	1418		1899.999153000
6	0		1900.178642000
6	1418		1900.179894000
6	0		1900.186070000
6	1418		1900.218299000
6	0		1900.364328000
6	1418		1900.365532000
6	0		1900.550145000
6	0		1900.550170000
6	0		1900.551280000
6	1418		1900.551421000
6	1418		1900.589774000
6	0		1900.736576000
6	1418		1900.737877000
6	1418		1900.776172000
6	0		1901.015775000
6	1418		1901.017074000
6	1418		1901.055423000
6	0		1901.107997000
6	1418		1901.132108000
6	0		1901.294631000
6	1418		1901.295848000
6	0		1901.386869000
6	1418		1901.388172000
6	0		1901.480471000
6	1418		1901.481782000
6	0		1901.666082000
6	1418		1901.667334000
6	0		1901.759300000
6	1418		1901.760577000
6	0		1901.851914000
6	1418		1901.854278000
6	0		1902.038108000
6	1418		1902.039383000
6	0		1902.131393000
6	1418		1902.132673000
6	1418		1902.171014000
6	0		1902.224370000
6	1418		1902.247704000
6	0		1902.317128000
6	0		1902.318553000
6	1418		1902.324368000
6	0		1902.410690000
6	0		1902.410725000
6	517		1902.410735000
6	1418		1902.411948000
6	0		1902.412054000
6	2836		1902.412379000
6	1418		1902.412392000
6	1418		1902.412420000
6	1144		1902.412433000
6	1418		1902.477757000
6	0		1902.502936000
6	1418		1902.554447000
6	0		1902.596249000
6	1418		1902.631120000
6	1418		1902.707814000
6	0		1902.782202000
6	1418		1902.784482000
6	1418		1902.861170000
6	0		1902.875409000
6	0		1902.875452000
6	1418		1902.937871000
6	0		1902.968214000
6	1418		1903.014559000
6	0		1903.060844000
6	1418		1903.091253000
6	1418		1903.167920000
6	1418		1903.244605000
6	0		1903.246818000
6	1418		1903.321303000
6	0		1903.340019000
6	1418		1903.397981000
6	0		1903.433676000
6	1418		1903.474687000
6	1418		1903.551368000
6	0		1903.619254000
6	1418		1903.628039000
6	1418		1903.704767000
6	0		1903.712092000
6	1418		1903.781426000
6	0		1903.805303000
6	1418		1903.858106000
6	1418		1903.934791000
6	0		1903.991116000
6	0		1903.991141000
6	1418		1904.011482000
6	0		1904.084340000
6	1418		1904.088163000
6	1418		1904.164835000
6	0		1904.176903000
6	1418		1904.241545000
6	1418		1904.318205000
6	0		1904.363278000
6	0		1904.363308000
6	1418		1904.394892000
6	0		1904.456206000
6	1418		1904.471578000
6	1418		1904.548271000
6	0		1904.549382000
6	1418		1904.624968000
6	0		1904.735542000
6	1418		1904.736764000
6	0		1904.828132000
6	1418		1904.829369000
6	0		1904.921304000
6	1418		1904.922594000
6	0		1905.107203000
6	1418		1905.108432000
6	0		1905.201203000
6	1418		1905.202451000
6	0		1905.293386000
6	0		1905.293410000
6	1418		1905.294618000
6	1418		1905.333013000
6	0		1905.479532000
6	1418		1905.480882000
6	0		1905.572224000
6	1418		1905.573473000
6	0		1905.665291000
6	1418		1905.666524000
6	0		1905.851292000
6	1418		1905.852542000
6	0		1905.944056000
6	1418		1905.945329000
6	0		1906.037296000
6	1418		1906.038529000
6	0		1906.223301000
6	1418		1906.224539000
6	0		1906.316002000
6	1418		1906.317267000
6	0		1906.330032000
6	0		1906.409284000
6	1418		1906.410517000
6	0		1906.595223000
6	1418		1906.596478000
6	0		1906.688432000
6	1418		1906.689681000
6	0		1906.781331000
6	1418		1906.782570000
6	0		1906.967405000
6	1418		1906.968665000
6	0		1907.060167000
6	0		1907.060193000
6	0		1907.060199000
6	0		1907.060204000
6	1418		1907.061402000
6	0		1908.362298000
6	517		1908.362329000
6	0		1908.363364000
6	2836		1908.363904000
6	2836		1908.363936000
6	1143		1908.364003000
6	0		1908.455371000
6	0		1908.827125000
6	0		1909.106293000
6	74		1909.106315000
6	92		1909.106320000
6	0		1909.106328000
6	0		1909.106333000
6	0		1909.106338000
6	0		1909.107467000
6	0		1909.107497000
6	0		1909.108012000
6	0		1909.108123000
6	0		1909.199394000
6	0		1909.292205000
6	1418		1909.293443000
6	1418		1909.324108000
6	0		1909.385365000
6	1418		1909.385459000
6	1418		1909.446795000
6	0		1909.478259000
6	1418		1909.508165000
6	1418		1909.569495000
6	0		1909.571469000
6	1418		1909.630869000
6	0		1909.664004000
6	1418		1909.692202000
6	1418		1909.753548000
6	0		1909.756841000
6	1418		1909.814949000
6	0		1909.850046000
6	1418		1909.876228000
6	1418		1909.937592000
6	0		1909.943372000
6	0		1909.943394000
6	1418		1909.998949000
6	0		1910.036320000
6	1418		1910.060282000
6	1418		1910.121620000
6	0		1910.128976000
6	1418		1910.182970000
6	0		1910.222189000
6	0		1910.222226000
6	1418		1910.244329000
6	1418		1910.305671000
6	0		1910.315002000
6	1418		1910.367043000
6	0		1910.408261000
6	1418		1910.428384000
6	1418		1910.489742000
6	0		1910.501261000
6	0		1910.501298000
6	0		1910.502982000
6	1418		1910.551081000
6	0		1910.594398000
6	1418		1910.612419000
6	1418		1910.673772000
6	0		1910.687068000
6	1418		1910.735131000
6	0		1910.780304000
6	1418		1910.796467000
6	1418		1910.857834000
6	0		1910.873177000
6	1418		1910.919161000
6	0		1910.966386000
6	1418		1910.980497000
6	1418		1911.041877000
6	0		1911.059474000
6	1418		1911.103217000
6	0		1911.151954000
6	0		1911.151975000
6	1418		1911.164567000
6	1418		1911.225917000
6	0		1911.245195000
6	1418		1911.287244000
6	0		1911.338399000
6	1418		1911.348596000
6	1418		1911.409932000
6	0		1911.431231000
6	1418		1911.471292000
6	0		1911.524447000
6	1418		1911.532645000
6	1418		1911.593992000
6	0		1911.617285000
6	1418		1911.655349000
6	0		1911.710485000
6	1418		1911.716680000
6	1418		1911.778034000
6	0		1911.802944000
6	1418		1911.839385000
6	0		1911.896245000
6	1418		1911.900731000
6	1418		1911.962145000
6	0		1911.989458000
6	1418		1912.023446000
6	0		1912.082734000
6	1418		1912.084771000
6	1418		1912.146133000
6	0		1912.175127000
6	1418		1912.207485000
6	0		1912.268668000
6	1418		1912.268801000
6	1418		1912.330163000
6	0		1912.360898000
6	1418		1912.391531000
6	1418		1912.452860000
6	0		1912.454408000
17		47	1912.454449000
17		1358	1912.457424000
6	1418		1912.514198000
17		1358	1912.542744000
17		41	1912.547141000
17		41	1912.547164000
17		45	1912.547171000
17		39	1912.547850000
6	1418		1912.575562000
6	1418		1912.636972000
17		1358	1912.640266000
6	0		1912.640292000
17		41	1912.640299000
6	0		1912.650938000
17		1358	1912.655490000
17		1358	1912.655523000
17		1358	1912.655528000
17		1358	1912.655532000
17		211	1912.655536000
6	1418		1912.698266000
6	0		1912.733512000
6	1418		1912.759621000
6	1418		1912.820960000
6	0		1912.826699000
6	0		1912.826745000
17		1358	1912.826769000
6	0		1912.836226000
17		1358	1912.839422000
6	1418		1912.882309000
17		41	1912.918833000
6	1418		1912.943651000
6	0		1912.951866000
6	1418		1913.005009000
17		41	1913.012079000
6	1418		1913.066346000
6	0		1913.105564000
6	1418		1913.127690000
17		1358	1913.140599000
6	0		1913.140771000
6	1418		1913.189046000
6	0		1913.197995000
6	1418		1913.250390000
6	0		1913.291700000
6	0		1913.291727000
6	517		1913.291732000
6	0		1913.293476000
6	2836		1913.293678000
6	2836		1913.293716000
6	1142		1913.293749000
6	1418		1913.311734000
6	1418		1913.373093000
6	0		1913.383935000
6	1418		1913.434442000
6	0		1913.477118000
17		1358	1913.477155000
17		1358	1913.489761000
6	1418		1913.495772000
6	1418		1913.557201000
6	0		1913.570266000
6	0		1913.570294000
6	0		1913.570303000
6	0		1913.580083000
6	1418		1913.618477000
6	0		1913.663719000
6	1418		1913.679819000
6	1418		1913.741237000
6	0		1913.756096000
6	1418		1913.802543000
6	0		1913.849116000
6	0		1913.849140000
6	0		1913.858307000
6	1418		1913.863890000
6	1418		1913.925235000
6	0		1913.942346000
6	1418		1913.986574000
6	0		1914.034894000
6	1418		1914.047939000
17		1358	1914.090607000
6	1418		1914.109313000
6	0		1914.128084000
6	1418		1914.170608000
6	0		1914.220942000
6	1418		1914.231956000
6	1418		1914.293317000
6	0		1914.314149000
6	0		1914.314176000
6	1418		1914.354661000
6	0		1914.407012000
6	1418		1914.416002000
6	1418		1914.477333000
6	0		1914.500219000
6	0		1914.500263000
6	1418		1914.538752000
6	0		1914.593291000
6	1418		1914.600038000
6	1418		1914.661384000
6	0		1914.686114000
17		1358	1914.686141000
17		1358	1914.698862000
6	1418		1914.722748000
6	0		1914.778862000
6	1418		1914.784098000
6	1418		1914.845437000
6	0		1914.872303000
6	0		1914.872331000
6	0		1914.873713000
6	1418		1914.906803000
6	0		1914.964851000
6	1418		1914.968126000
6	1418		1915.029490000
6	0		1915.058311000
6	1418		1915.090834000
6	0		1915.150902000
6	1418		1915.152180000
6	1418		1915.213523000
6	0		1915.244354000
6	1418		1915.274879000
6	1418		1915.336222000
6	0		1915.336998000
6	1418		1915.397614000
6	0		1915.429920000
6	1418		1915.458934000
6	1418		1915.520281000
6	0		1915.523125000
6	1418		1915.581621000
6	0		1915.615936000
6	0		1915.615964000
6	0		1915.623869000
6	0		1915.625731000
6	1418		1915.642966000
6	1418		1915.704365000
6	0		1915.709144000
6	1418		1915.765666000
6	0		1915.802014000
6	0		1915.802048000
6	0		1915.811198000
6	1418		1915.827002000
6	1418		1915.888343000
17		1358	1915.898946000
6	1418		1915.949704000
6	0		1915.987894000
6	1418		1916.011041000
6	1418		1916.072403000
6	0		1916.081265000
6	1418		1916.133754000
6	1418		1916.195090000
6	1418		1916.256439000
6	0		1916.267302000
6	1418		1916.317801000
6	0		1916.359920000
6	1418		1916.379132000
6	1418		1916.440488000
6	0		1916.453438000
6	1418		1916.501840000
17		1358	1916.546168000
6	1418		1916.563182000
6	1418		1916.624547000
6	0		1916.638867000
6	1418		1916.685884000
6	0		1916.732090000
6	1418		1916.747236000
6	1418		1916.808591000
6	0		1916.824943000
6	0		1916.824968000
6	1418		1916.869935000
6	1418		1916.931266000
6	1418		1916.992607000
6	0		1917.010866000
6	1418		1917.054035000
6	0		1917.104088000
6	1418		1917.115319000
6	0		1917.139069000
6	1418		1917.176666000
6	0		1917.196949000
6	1418		1917.238019000
6	1418		1917.299414000
6	1418		1917.360699000
6	0		1917.383048000
6	1418		1917.422092000
6	0		1917.476235000
6	1418		1917.483426000
6	0		1917.569622000
6	0		1917.661929000
6	0		1917.755168000
6	0		1917.848348000
6	0		1917.848374000
6	0		1917.860835000
6	0		1917.941195000
6	0		1918.127575000
6	0		1918.220802000
6	0		1918.312971000
6	0		1918.499362000
6	0		1918.592596000
6	0		1918.777976000
6	0		1918.871173000
6	0		1919.057588000
6	0		1919.150789000
6	0		1919.336173000
6	0		1919.429355000
6	0		1919.615736000
6	0		1919.615761000
6	0		1919.655852000
6	0		1919.708168000
6	0		1919.708192000
6	0		1919.717987000
6	0		1919.894564000
6	0		1919.894596000
6	0		1919.987260000
6	0		1919.987292000
6	0		1919.996457000
6	0		1920.048836000
6	0		1920.173240000
6	0		1920.235194000
6	0		1920.359521000
6	0		1920.421650000
6	0		1920.545129000
6	0		1920.607298000
6	0		1920.731614000
6	0		1920.793900000
6	0		1920.917108000
6	0		1920.979343000
6	0		1921.041510000
6	0		1921.164821000
6	0		1921.226975000
6	0		1921.289166000
6	0		1921.351299000
6	0		1921.351325000
6	0		1921.475643000
6	0		1921.537196000
6	0		1921.847580000
6	0		1921.909691000
6	0		1921.971269000
6	0		1922.095695000
6	0		1922.157007000
6	0		1922.219093000
6	0		1922.281208000
6	0		1922.343404000
6	0		1922.405560000
6	0		1922.528872000
6	0		1922.591054000
6	0		1922.653276000
6	0		1922.715461000
6	0		1922.777282000
6	0		1922.900883000
6	0		1922.963152000
6	0		1923.025333000
6	0		1923.087311000
6	0		1923.149608000
6	0		1923.272901000
6	0		1923.335085000
6	0		1923.339692000
6	0		1923.396996000
6	0		1923.459304000
6	0		1923.521337000
6	0		1923.583793000
6	0		1923.707001000
6	0		1923.769139000
6	0		1923.831482000
6	0		1923.893249000
6	0		1923.955767000
6	0		1924.004828000
6	0		1924.016951000
6	0		1924.079277000
6	0		1924.203205000
6	0		1924.265740000
6	0		1924.326900000
6	0		1924.451262000
6	0		1924.513426000
6	0		1924.575888000
6	0		1924.637070000
6	0		1924.699219000
6	0		1924.761390000
6	0		1924.823591000
6	0		1924.946945000
6	0		1925.009631000
6	0		1925.009662000
6	0		1925.070817000
6	0		1925.195097000
6	0		1925.257204000
6	0		1925.319369000
6	0		1925.443269000
6	0		1925.566958000
6	0		1926.373553000
6	0		1926.373588000
6	0		1926.373598000
6	0		1926.559326000
6	0		1926.683789000
6	0		1926.869287000
6	0		1926.993026000
6	0		1927.178935000
6	0		1927.303303000
6	0		1927.489190000
6	0		1927.675171000
6	0		1927.799144000
6	0		1927.861272000
6	0		1927.861295000
6	0		1927.871090000
6	0		1927.985490000
6	0		1927.985516000
6	0		1928.109350000
6	0		1928.109384000
6	1418		1928.110988000
6	0		1928.118489000
6	1418		1928.148923000
6	0		1928.295143000
6	1418		1928.296372000
6	1418		1928.334751000
6	0		1928.419272000
6	1418		1928.420512000
6	1418		1928.488080000
6	0		1928.605496000
6	1418		1928.606759000
6	1418		1928.645133000
6	0		1928.729410000
6	1418		1928.730655000
6	1418		1928.798483000
6	0		1928.915068000
6	1418		1928.916315000
6	1418		1928.954669000
6	0		1929.039392000
6	1418		1929.040634000
6	1418		1929.108017000
6	0		1929.225434000
6	1418		1929.226687000
6	1418		1929.265051000
6	0		1929.348867000
6	1418		1929.350097000
6	1418		1929.418388000
6	0		1929.534767000
6	1418		1929.535994000
6	1418		1929.574354000
6	0		1929.658870000
6	1418		1929.660102000
6	1418		1929.727698000
6	0		1929.845303000
6	1418		1929.846538000
6	1418		1929.884890000
6	0		1929.969575000
6	1418		1929.970841000
6	1418		1930.038241000
6	0		1930.155792000
6	1418		1930.157035000
6	1418		1930.195377000
6	0		1930.278946000
6	1418		1930.280189000
6	1418		1930.348742000
6	0		1930.465203000
6	1418		1930.466429000
6	1418		1930.504834000
17		41	1930.527268000
17		41	1930.588835000
17		41	1930.651546000
6	0		1930.651577000
6	1418		1930.652824000
6	0		1930.775294000
6	1418		1930.776530000
6	1418		1930.814877000
6	0		1930.837172000
1,17		1358	1930.837196000
6	517		1930.837203000
6	0		1930.847154000
6	2792		1930.849335000
6	2386		1930.849362000
1,17		1358	1930.899358000
1,17		1358	1930.961323000
1,17		1358	1931.022861000
1,17		211	1931.022900000
6	0		1931.147372000
6	1418		1931.148727000
6	1418		1931.186997000
6	0		1931.209251000
6	517		1931.209273000
6	0		1931.218424000
6	2792		1931.219868000
6	2386		1931.219913000
1,17		1358	1931.271468000
6	0		1931.333281000
6	1418		1931.334523000
6	0		1931.456934000
6	0		1931.456961000
6	1418		1931.458191000
6	1418		1931.496538000
6	0		1931.580974000
6	1418		1931.582198000
6	1418		1931.649896000
6	0		1931.767047000
6	0		1931.829209000
6	1418		1931.830445000
6	1418		1931.868803000
6	0		1931.953338000
6	0		1932.015319000
6	0		1932.015359000
6	1418		1932.016578000
6	0		1932.077652000
6	0		1932.139015000
6	0		1932.201738000
6	74		1932.201776000
6	0		1932.203274000
6	0		1932.387766000
6	1418		1932.389002000
6	1418		1932.427361000
1,17		1358	1932.511811000
6	0		1932.573001000
6	1418		1932.574322000
6	1418		1932.612669000
6	0		1932.697138000
6	0		1932.759402000
6	1418		1932.760661000
6	1418		1932.799023000
6	0		1932.883546000
6	1418		1932.884816000
6	1418		1932.952388000
6	0		1933.007491000
6	0		1933.068926000
6	1418		1933.070156000
6	1418		1933.108479000
6	0		1933.193180000
6	1418		1933.194426000
6	1418		1933.261853000
1,17		1358	1933.317173000
6	0		1933.379335000
6	1418		1933.380549000
6	1418		1933.418934000
6	0		1933.503411000
6	1418		1933.504647000
6	1418		1933.572291000
6	0		1933.627237000
6	1418		1933.648968000
6	0		1933.751496000
6	1418		1933.752735000
6	1418		1933.802349000
6	0		1933.875332000
6	1418		1933.879004000
6	1418		1933.955734000
6	0		1934.061248000
6	1418		1934.062509000
6	1418		1934.109079000
1,17		1358	1934.123498000
6	0		1934.309281000
6	1418		1934.310501000
6	1418		1934.348876000
6	0		1934.433357000
6	1418		1934.434632000
6	1418		1934.502211000
6	0		1934.619637000
6	1418		1934.620868000
6	1418		1934.659197000
6	0		1934.743334000
6	1418		1934.744583000
6	1418		1934.812579000
6	0		1934.929002000
6	1418		1934.930243000
6	1418		1934.968605000
6	0		1935.053106000
6	1418		1935.054345000
6	1418		1935.121949000
6	0		1935.239399000
6	1418		1935.240629000
6	1418		1935.279151000
6	0		1935.301514000
6	0		1935.363677000
6	1418		1935.365059000
6	1418		1935.432365000
6	0		1935.487299000
6	1418		1935.509036000
6	0		1935.549329000
6	0		1935.611475000
6	1418		1935.612704000
6	1418		1935.662417000
1,17		1358	1935.734879000
6	0		1935.797005000
6	1418		1935.798227000
6	1418		1935.836578000
6	0		1935.983188000
6	1418		1935.984425000
6	1418		1936.022801000
6	0		1936.107635000
6	1418		1936.108859000
6	1418		1936.176121000
6	0		1936.231592000
6	1418		1936.252869000
6	1418		1936.329489000
6	0		1936.355300000
6	1418		1936.406204000
6	0		1936.479270000
6	1418		1936.482869000
6	1418		1936.559552000
6	0		1936.603183000
6	1418		1936.636254000
6	1418		1936.712937000
6	0		1936.727643000
6	1418		1936.789628000
6	0		1936.851483000
6	1418		1936.866313000
6	1418		1936.942981000
6	0		1936.975450000
6	1418		1937.019687000
6	1418		1937.096362000
6	0		1937.099135000
6	1418		1937.173074000
6	0		1937.223015000
6	1418		1937.249736000
6	1418		1937.326417000
6	0		1937.347187000
6	1418		1937.403111000
6	0		1937.409253000
6	0		1937.409278000
6	0		1937.409287000
6	0		1937.410813000
6	1418		1937.479784000
6	0		1937.533137000
6	1418		1937.556483000
6	1418		1937.633171000
6	1418		1937.709851000
6	1418		1937.786534000
6	1418		1937.863233000
6	1418		1937.939925000
6	1418		1938.016604000
6	0		1938.028959000
6	1418		1938.093281000
6	0		1938.153449000
6	1418		1938.169967000
6	0		1938.214803000
6	1418		1938.246644000
6	1418		1938.323392000
6	1418		1938.400030000
6	0		1938.400921000
6	1418		1938.476709000
6	1418		1938.553397000
6	0		1938.587228000
6	1418		1938.630091000
6	1418		1938.706783000
6	0		1938.711067000
6	1418		1938.783475000
6	1418		1938.860132000
6	0		1938.897585000
6	1418		1938.936825000
6	1418		1939.013509000
6	0		1939.021213000
6	1418		1939.090236000
6	1418		1939.166949000
6	0		1939.207726000
6	1418		1939.243567000
6	1418		1939.320267000
6	0		1939.331003000
6	1418		1939.396950000
6	1418		1939.473633000
6	0		1939.517351000
6	1418		1939.550331000
6	1418		1939.627015000
6	0		1939.703524000
6	1418		1939.703676000
6	1418		1939.780373000
6	0		1939.827037000
6	1418		1939.857081000
6	1418		1939.933764000
6	0		1939.951469000
6	1418		1940.010438000
6	1418		1940.087119000
6	0		1940.137238000
6	1418		1940.163819000
6	1418		1940.240502000
6	0		1940.261236000
6	1418		1940.317183000
6	1418		1940.393879000
6	0		1940.447149000
6	1418		1940.470543000
6	1418		1940.547242000
6	0		1940.571454000
6	1418		1940.623921000
6	0		1940.695385000
6	1418		1940.700597000
6	1418		1940.777283000
6	0		1940.819331000
6	0		1940.819357000
6	1418		1940.854092000
6	0		1940.881385000
6	1418		1940.930668000
6	0		1940.942933000
6	0		1941.005020000
6	64		1941.005059000
6	1418		1941.007402000
6	0		1941.019790000
6	1396		1941.067178000
6	0		1941.076985000
6	1418		1941.084021000
6	1418		1941.160721000
6	0		1941.191011000
6	1418		1941.237419000
6	0		1941.253303000
6	1418		1941.314091000
6	0		1941.314769000
6	0		1941.377506000
6	1418		1941.390762000
6	0		1941.439034000
6	64		1941.439058000
6	0		1941.453205000
6	1418		1941.467422000
6	1418		1941.544145000
6	0		1941.563709000
6	1418		1941.620851000
6	0		1941.687329000
6	1418		1941.697534000
6	1418		1941.774200000
6	1418		1941.850899000
6	0		1941.873687000
6	1418		1941.927567000
6	0		1941.996987000
6	1418		1942.004269000
6	1418		1942.080950000
6	0		1942.121652000
6	1418		1942.157648000
6	1418		1942.234344000
6	0		1942.245035000
6	1418		1942.311008000
6	1418		1942.387705000
6	0		1942.431500000
6	1418		1942.464384000
6	1418		1942.541116000
6	0		1942.555412000
6	1418		1942.617756000
6	0		1942.679655000
6	1418		1942.694451000
6	1418		1942.771135000
6	0		1942.802846000
6	1418		1942.847820000
6	1418		1942.924484000
6	1418		1943.001175000
6	0		1943.051409000
6	1418		1943.077873000
6	1418		1943.154568000
6	0		1943.175298000
6	1418		1943.231254000
6	0		1943.299714000
6	1418		1943.307913000
6	1418		1943.384604000
6	0		1943.423282000
6	1418		1943.461309000
6	1418		1943.537998000
6	0		1943.609538000
6	1418		1943.614671000
6	1418		1943.691347000
6	0		1943.733316000
6	1418		1943.768060000
6	1418		1943.844727000
6	0		1943.919167000
6	1418		1943.921393000
6	1418		1943.998149000
6	0		1944.043492000
6	1418		1944.074776000
6	1418		1944.151485000
6	1418		1944.228154000
6	0		1944.228880000
6	1418		1944.304843000
6	1418		1944.381544000
6	0		1944.415249000
6	1418		1944.458209000
6	1418		1944.534972000
6	0		1944.539574000
6	1418		1944.611586000
6	0		1944.663251000
6	1418		1944.688268000
6	1418		1944.764960000
6	0		1944.787443000
6	0		1944.787477000
6	0		1944.789213000
6	1418		1944.841633000
6	0		1944.911253000
6	1418		1944.918338000
6	1418		1944.995021000
6	0		1945.035353000
6	0		1945.035396000
6	0		1945.036765000
6	1418		1945.071699000
6	0		1945.091057000
6	1418		1945.148411000
6	0		1945.220929000
6	1418		1945.225091000
6	1418		1945.301773000
6	0		1945.344266000
6	0		1945.345707000
6	1418		1945.378522000
6	1418		1945.455152000
6	0		1945.469083000
6	1418		1945.531807000
6	1418		1945.608498000
6	0		1945.655540000
6	1418		1945.685221000
6	1418		1945.761871000
6	0		1945.779622000
6	1418		1945.838556000
6	0		1945.841234000
6	0		1945.842808000
6	0		1945.903254000
6	1418		1945.915244000
6	1418		1945.991928000
6	0		1946.027248000
6	1418		1946.068605000
6	0		1946.089359000
6	0		1946.090579000
6	1418		1946.145338000
6	0		1946.213727000
6	1418		1946.221982000
6	1418		1946.298680000
6	0		1946.337364000
6	1418		1946.375363000
6	1418		1946.452078000
6	0		1946.461730000
6	1418		1946.528771000
6	0		1946.585688000
6	1418		1946.605423000
6	1418		1946.682169000
6	0		1946.708899000
6	1418		1946.758806000
6	1418		1946.835490000
6	0		1946.894975000
6	1418		1946.912160000
6	1418		1946.988860000
6	1418		1947.065528000
6	0		1947.081340000
6	1418		1947.142219000
6	0		1947.205612000
6	1418		1947.218904000
6	1418		1947.295595000
6	1418		1947.372276000
6	0		1947.390994000
6	1418		1947.449031000
6	1418		1947.525641000
6	0		1947.577698000
6	1418		1947.602345000
6	1418		1947.679030000
6	0		1947.700896000
6	1418		1947.755730000
6	0		1947.825356000
6	0		1947.826691000
6	1418		1947.832402000
6	0		1947.887558000
6	1418		1947.909082000
6	1418		1947.985776000
6	0		1948.011280000
6	1418		1948.062462000
6	0		1948.134933000
6	0		1948.136087000
6	1418		1948.139123000
6	0		1948.197110000
6	1418		1948.215822000
6	0		1948.259344000
6	1418		1948.292502000
6	1418		1948.369201000
6	0		1948.382986000
6	1418		1948.445869000
6	1418		1948.522633000
6	0		1948.568830000
6	1418		1948.599261000
6	1418		1948.675933000
6	0		1948.693206000
6	1418		1948.752660000
6	1418		1948.829299000
6	0		1948.879236000
6	1418		1948.906020000
6	1418		1948.982682000
6	1418		1949.059414000
6	0		1949.065125000
6	1418		1949.136060000
6	0		1949.188988000
6	1418		1949.212743000
6	1418		1949.289537000
6	1418		1949.366111000
6	0		1949.375008000
6	1418		1949.442798000
6	0		1949.499707000
6	1418		1949.519532000
6	1418		1949.596173000
6	1418		1949.672863000
6	0		1949.685661000
6	1418		1949.749541000
6	1418		1949.826228000
6	0		1949.851299000
6	0		1949.871006000
6	1418		1949.902925000
6	1418		1949.979600000
6	0		1949.995318000
6	1418		1950.056299000
6	1418		1950.132980000
6	0		1950.180846000
6	0		1950.200320000
6	1418		1950.209662000
6	1418		1950.286331000
6	1418		1950.363043000
6	0		1950.366789000
6	1418		1950.439727000
6	0		1950.491658000
6	1418		1950.516413000
6	1418		1950.593081000
6	324		1950.614975000
6	0		1950.624779000
6	1418		1950.669758000
6	0		1950.677488000
6	1418		1950.746454000
6	1418		1950.823155000
6	0		1950.862916000
6	2792		1950.875280000
6	2792		1950.875330000
6	2792		1950.875338000
6	1418		1950.899857000
6	1396		1950.949581000
6	1418		1950.976530000
6	0		1950.987752000
6	1396		1951.023737000
6	1418		1951.053251000
6	1396		1951.097917000
6	1418		1951.129878000
6	1396		1951.172139000
6	0		1951.173347000
6	1418		1951.206594000
6	1396		1951.246328000
6	1418		1951.283271000
6	0		1951.297049000
6	1396		1951.320528000
6	1418		1951.359932000
6	1396		1951.394719000
6	1418		1951.436632000
6	1396		1951.469027000
6	0		1951.483083000
6	1418		1951.513390000
6	1396		1951.543129000
6	1418		1951.590012000
6	0		1951.607528000
6	1396		1951.617319000
6	1418		1951.666703000
6	1396		1951.691537000
6	0		1951.731124000
6	1418		1951.743378000
6	1396		1951.765747000
6	1418		1951.820077000
6	1396		1951.839928000
6	1396		1951.914110000
6	0		1951.917342000
6	0		1951.917364000
6	0		1951.918647000
6	1396		1951.988327000
6	1396		1952.062522000
6	0		1952.102825000
6	1396		1952.136735000
6	1396		1952.210994000
6	0		1952.227274000
6	0		1952.227308000
6	0		1952.228791000
6	1396		1952.285190000
6	1396		1952.359380000
6	0		1952.413751000
6	1396		1952.433521000
6	1396		1952.507710000
6	1396		1952.581946000
6	0		1952.599138000
6	1		1952.656121000
6	0		1952.723568000
6	0		1952.909102000
6	0		1953.033442000
6	0		1953.218896000
6	0		1953.405365000
6	0		1953.529708000
6	0		1953.715220000
6	0		1953.901716000
6	0		1954.025023000
6	0		1954.211591000
6	0		1954.334876000
6	0		1954.521757000
6	0		1954.521781000
6	517		1954.521787000
6	0		1954.523179000
6	2836		1954.524163000
6	2836		1954.524190000
6	1143		1954.524241000
6	0		1954.706838000
6	0		1954.768937000
6	517		1954.768960000
6	0		1954.770484000
6	2836		1954.771645000
6	2836		1954.771667000
6	1144		1954.771694000
6	0		1954.831121000
6	0		1954.831148000
6	0		1955.017558000
6	0		1955.079328000
6	0		1955.140763000
6	0		1955.202970000
6	0		1955.389460000
6	0		1955.513800000
6	0		1955.637148000
6	0		1955.699358000
6	0		1955.884851000
6	0		1955.884879000
6	0		1956.009602000
6	0		1956.195454000
6	0		1956.319774000
6	0		1956.505275000
6	0		1956.691759000
6	0		1956.815105000
6	1418		1956.816350000
6	0		1957.000901000
6	1418		1957.002217000
6	1418		1957.040475000
6	1418		1957.117227000
6	0		1957.187624000
6	1418		1957.193838000
6	1418		1957.270548000
6	0		1957.311259000
6	1418		1957.347223000
6	1418		1957.423886000
6	0		1957.497435000
6	1418		1957.500679000
6	1418		1957.577283000
6	0		1957.621307000
6	1418		1957.653962000
6	0		1957.683678000
6	1418		1957.730657000
6	0		1957.807221000
6	1418		1957.808454000
6	1418		1957.884023000
6	0		1957.993450000
6	0		1957.993479000
6	0		1958.116928000
6	1418		1958.118157000
6	0		1958.303810000
6	1418		1958.305111000
6	1418		1958.345435000
6	0		1958.489116000
6	1418		1958.490383000
6	1418		1958.530740000
6	0		1958.612946000
6	1418		1958.614259000
6	1418		1958.692113000
6	0		1958.737757000
6	1418		1958.772835000
6	1418		1958.853637000
6	0		1958.923186000
6	1418		1958.934303000
6	1418		1959.014937000
6	0		1959.047677000
6	1418		1959.095638000
6	0		1959.171241000
6	1418		1959.176317000
6	1418		1959.257103000
6	0		1959.295664000
6	1418		1959.337739000
6	1418		1959.418431000
6	0		1959.480891000
6	1418		1959.499129000
6	1418		1959.579835000
6	0		1959.605479000
6	1418		1959.660535000
6	1418		1959.741248000
6	0		1959.791041000
6	0		1959.791070000
6	1418		1959.821990000
6	1418		1959.902642000
6	0		1959.977109000
6	1418		1959.983327000
6	1418		1960.064046000
6	0		1960.101003000
6	1418		1960.144740000
6	0		1960.162792000
6	1418		1960.225438000
6	0		1960.287349000
6	1418		1960.306140000
6	1418		1960.386829000
6	0		1960.473387000
6	1418		1960.474605000
6	1418		1960.548246000
6	0		1960.597316000
6	1418		1960.628961000
6	1418		1960.709851000
6	0		1960.783366000
6	1418		1960.790337000
6	1418		1960.871094000
6	0		1960.907466000
6	0		1960.969359000
6	0		1960.969385000
6	1418		1960.970606000
6	0		1961.030965000
6	0		1961.093026000
6	0		1961.155228000
6	0		1961.217390000
6	0		1961.402832000
6	0		1961.464946000
6	1418		1961.466175000
6	1418		1961.506592000
6	0		1961.527083000
6	0		1961.650953000
6	0		1961.713118000
6	1418		1961.714333000
6	1418		1961.754695000
6	0		1961.775277000
6	0		1961.961163000
6	0		1961.961188000
6	1418		1961.962402000
6	1418		1962.002819000
6	0		1962.209358000
6	0		1962.271523000
6	1418		1962.272842000
6	1418		1962.313113000
6	0		1962.457256000
6	0		1962.519755000
6	1418		1962.520986000
6	1418		1962.561338000
6	0		1962.767053000
6	0		1962.829285000
6	1418		1962.830530000
6	1418		1962.870861000
6	0		1962.953162000
6	0		1962.966860000
6	0		1963.139571000
6	0		1963.201421000
6	1418		1963.202775000
6	0		1963.449072000
6	0		1963.945077000
6	0		1964.007261000
6	0		1964.069428000
6	0		1964.131188000
6	0		1964.131228000
6	74		1964.131242000
6	92		1964.131251000
6	910		1964.133020000
6	31		1964.133051000
6	0		1964.193332000
6	0		1964.255530000
6	0		1964.317699000
6	0		1964.378896000
6	0		1964.441416000
6	74		1964.441446000
6	910		1964.443074000
6	0		1964.565503000
6	1418		1964.566757000
6	1418		1964.599103000
6	1418		1964.663600000
6	0		1964.689576000
6	1418		1964.728162000
6	1418		1964.792721000
6	0		1964.813630000
6	1418		1964.857269000
6	1418		1964.921833000
6	0		1964.937670000
6	1418		1964.986408000
6	1418		1965.050990000
6	0		1965.060841000
6	1418		1965.115524000
6	1418		1965.180076000
6	0		1965.184972000
6	1418		1965.244696000
6	0		1965.309139000
6	1418		1965.309214000
6	1418		1965.373743000
6	1418		1965.438328000
6	1418		1965.502996000
6	0		1965.557164000
6	1418		1965.567443000
6	1418		1965.632012000
6	1418		1965.696559000
6	0		1965.742848000
6	1418		1965.761116000
6	1418		1965.825671000
6	0		1965.867281000
6	1418		1965.890233000
6	1418		1965.954815000
6	0		1965.991617000
6	1418		1966.019372000
6	1418		1966.083935000
6	0		1966.115469000
6	1418		1966.148487000
6	1418		1966.213038000
6	1418		1966.277610000
6	0		1966.301215000
6	1418		1966.342181000
6	1418		1966.406709000
6	0		1966.425616000
6	1418		1966.471290000
6	1418		1966.535856000
6	0		1966.549762000
6	1418		1966.600402000
6	1418		1966.665030000
6	1418		1966.729519000
6	0		1966.734939000
6	1418		1966.794077000
6	1418		1966.858715000
6	0		1966.921063000
6	1418		1966.923189000
6	1418		1966.987755000
6	0		1967.045581000
6	1418		1967.052326000
6	1418		1967.116878000
6	1418		1967.181449000
6	0		1967.231235000
6	1418		1967.246006000
6	1418		1967.310616000
6	1418		1967.375108000
6	0		1967.417170000
6	1418		1967.439661000
6	1418		1967.504248000
6	0		1967.541134000
6	1418		1967.568875000
6	1418		1967.633433000
6	1418		1967.697929000
6	0		1967.726951000
6	1418		1967.762584000
6	1418		1967.827061000
6	1418		1967.891597000
6	0		1967.913631000
6	1418		1967.956176000
6	1418		1968.020727000
6	0		1968.036827000
6	1418		1968.085346000
6	1418		1968.149834000
6	1418		1968.214412000
6	0		1968.223321000
6	1418		1968.279040000
6	0		1968.284814000
6	1418		1968.343537000
6	1418		1968.408083000
6	0		1968.471621000
6	1418		1968.472643000
6	1418		1968.537214000
6	0		1968.595207000
6	1418		1968.601768000
6	1418		1968.666342000
6	1418		1968.730892000
6	0		1968.781810000
6	1418		1968.795463000
6	1418		1968.859996000
6	1418		1968.924561000
6	0		1968.967205000
6	1418		1968.989194000
6	1418		1969.053810000
6	0		1969.091573000
6	1418		1969.118270000
6	1418		1969.182820000
6	0		1969.215140000
17		1358	1969.215176000
17		1358	1969.219413000
17		1358	1969.219466000
17		1358	1969.219474000
17		1358	1969.219480000
17		211	1969.219485000
6	1418		1969.247374000
17		86	1969.277335000
17		1268	1969.277365000
6	0		1969.277384000
6	1418		1969.311930000
6	1418		1969.376491000
6	1418		1969.441052000
6	1418		1969.505615000
6	1418		1969.570176000
6	1418		1969.587247000
6	481		1969.587277000
6	31		1969.587285000
6	0		1969.587290000
6	0		1969.588602000
6	403		1969.590747000
6	69		1969.590859000
6	31		1969.590980000
6	39		1969.595591000
6	31		1969.601548000
6	1418		1969.634734000
6	1418		1969.699387000
6	0		1969.711229000
6	1418		1969.763864000
6	1418		1969.828406000
6	0		1969.835390000
6	1418		1969.892975000
6	1418		1969.957525000
6	0		1969.959416000
6	1418		1970.022090000
6	0		1970.083082000
6	1418		1970.129702000
6	0		1970.207116000
6	1418		1970.237300000
6	0		1970.331650000
6	1418		1970.344896000
6	1418		1970.452511000
6	0		1970.455304000
6	1418		1970.560110000
6	0		1970.579091000
6	1418		1970.667712000
6	0		1970.765820000
6	1418		1970.775312000
6	1418		1970.882934000
6	0		1970.951325000
6	1418		1970.990511000
6	0		1971.013508000
6	1418		1971.098138000
6	0		1971.199593000
6	1418		1971.205750000
6	1418		1971.313340000
6	0		1971.323270000
6	1418		1971.421012000
6	0		1971.446986000
6	1418		1971.528555000
6	0		1971.633079000
6	1418		1971.636131000
6	1418		1971.743733000
6	0		1971.757009000
6	1418		1971.851366000
6	0		1971.942799000
6	1418		1971.958944000
6	1418		1972.066539000
6	0		1972.128901000
6	1418		1972.174148000
17		1358	1972.191438000
17		1358	1972.192783000
6	0		1972.253118000
6	1418		1972.281773000
6	1418		1972.389376000
6	0		1972.439415000
6	1418		1972.497043000
6	1418		1972.604578000
6	0		1972.625650000
6	1418		1972.712187000
6	0		1972.749162000
6	1418		1972.819781000
6	1418		1972.927388000
6	0		1972.935264000
6	1418		1973.035016000
6	0		1973.121450000
6	1418		1973.142587000
17		1358	1973.182931000
17		1358	1973.245120000
17		81	1973.245154000
6	0		1973.245167000
6	0		1973.245177000
6	0		1973.245767000
17		1358	1973.248461000
17		1358	1973.248488000
17		1358	1973.248493000
17		1358	1973.248497000
17		208	1973.248501000
6	1418		1973.250198000
6	1418		1973.357794000
6	0		1973.430991000
6	0		1973.431029000
6	0		1973.431999000
6	1418		1973.465414000
17		1358	1973.493118000
17		1358	1973.494806000
6	0		1973.549893000
6	1418		1973.573020000
6	0		1973.617321000
6	1418		1973.680600000
6	0		1973.733927000
6	0		1973.741019000
6	1418		1973.788228000
17		1358	1973.796030000
6	1418		1973.895823000
6	0		1973.927665000
6	1418		1974.003418000
6	1418		1974.111048000
6	0		1974.113555000
17		1358	1974.113578000
17		1358	1974.114440000
6	1418		1974.218632000
6	0		1974.237292000
6	0		1974.237321000
6	0		1974.238052000
6	1418		1974.326239000
6	0		1974.361495000
6	0		1974.423296000
6	0		1974.423882000
6	1418		1974.433836000
6	1418		1974.541462000
6	0		1974.547265000
6	1418		1974.649115000
6	0		1974.671063000
17		1358	1974.714980000
6	1418		1974.756641000
6	0		1974.857231000
6	1418		1974.864263000
6	1418		1974.971858000
6	0		1975.043292000
6	1418		1975.052627000
6	1418		1975.133265000
6	0		1975.167122000
6	1418		1975.213954000
17		1358	1975.290890000
17		1358	1975.292667000
6	1418		1975.294667000
1,17		1358	1975.352989000
6	1418		1975.375367000
1,17		1358	1975.415187000
6	1418		1975.456066000
1,17		1358	1975.477265000
6	0		1975.477297000
6	1418		1975.536741000
1,17		1358	1975.539490000
1,17		211	1975.539512000
6	1418		1975.617459000
6	0		1975.663310000
6	0		1975.849195000
6	0		1976.035180000
6	0		1976.035214000
6	39		1976.035223000
6	0		1976.041788000
6	0		1976.097248000
6	0		1976.221318000
6	0		1976.221350000
6	0		1976.221988000
6	0		1976.344992000
6	0		1976.461956000
6	0		1976.469241000
6	0		1976.469870000
17		1358	1976.493232000
6	0		1976.531406000
6	0		1976.717030000
6	0		1976.841318000
6	0		1976.965782000
6	0		1977.151251000
17		1358	1977.212958000
6	0		1977.337737000
6	0		1977.585546000
6	0		1977.708859000
6	0		1977.895358000
6	0		1978.080907000
6	0		1978.205258000
6	0		1978.253872000
6	0		1978.391504000
1,17		1358	1978.453681000
6	0		1978.639161000
6	0		1978.763503000
6	1418		1978.764730000
6	1418		1978.805109000
6	0		1978.949789000
6	1418		1978.951044000
6	1418		1978.991373000
6	0		1979.073074000
6	1418		1979.074389000
6	1418		1979.152861000
6	0		1979.196984000
1,17		1358	1979.197021000
6	517		1979.197031000
6	0		1979.197567000
6	2792		1979.198814000
6	2387		1979.198838000
1,17		1358	1979.259058000
6	0		1979.259084000
6	1418		1979.260341000
1,17		1358	1979.321271000
1,17		1358	1979.383317000
6	0		1979.569357000
6	0		1979.569383000
6	517		1979.569390000
6	0		1979.569936000
6	1418		1979.570599000
6	2792		1979.571312000
6	1396		1979.571337000
6	991		1979.571352000
6	1418		1979.611038000
6	0		1979.693513000
6	0		1979.755288000
6	1418		1979.756525000
6	1418		1979.796873000
6	0		1979.879444000
6	0		1979.941583000
6	1418		1979.942807000
6	1418		1979.983249000
6	0		1980.140960000
6	1418		1980.142198000
6	1418		1980.182552000
6	0		1980.279453000
6	0		1980.279481000
6	1418		1980.280686000
6	1418		1980.343944000
6	0		1980.371128000
6	0		1980.417494000
6	1418		1980.424648000
6	1418		1980.505365000
6	0		1980.554860000
6	1418		1980.586043000
1,17		1358	1980.600902000
6	1418		1980.666775000
6	0		1980.693638000
6	1418		1980.747457000
6	1418		1980.828158000
6	0		1980.830890000
6	1418		1980.908864000
6	0		1980.923121000
6	1418		1980.989615000
6	1418		1981.070255000
6	0		1981.107255000
6	1418		1981.151067000
6	0		1981.199450000
6	1418		1981.231674000
6	0		1981.291136000
6	1418		1981.312372000
6	0		1981.337316000
6	0		1981.382929000
6	1418		1981.393158000
1,17		1358	1981.428850000
6	1418		1981.473756000
6	1418		1981.554486000
6	0		1981.567369000
6	0		1981.612842000
6	1418		1981.635184000
6	0		1981.705650000
6	1418		1981.715864000
6	0		1981.750898000
6	1418		1981.796577000
6	0		1981.796727000
6	0		1981.842841000
6	1418		1981.877275000
6	0		1981.889493000
6	64		1981.889527000
6	0		1981.895876000
6	1396		1981.935126000
6	0		1981.935752000
6	1418		1981.957961000
6	0		1981.981312000
6	0		1982.027455000
6	1418		1982.038667000
6	0		1982.072909000
6	0		1982.119063000
6	1418		1982.119351000
6	0		1982.165586000
6	64		1982.165626000
6	0		1982.171910000
6	1418		1982.200077000
6	0		1982.257497000
6	1418		1982.280777000
6	1418		1982.361473000
6	0		1982.395261000
6	1418		1982.442169000
6	0		1982.487595000
6	1418		1982.522909000
6	0		1982.579445000
6	1418		1982.603582000
6	0		1982.670853000
6	1418		1982.684311000
6	0		1982.762790000
6	1418		1982.764966000
6	1418		1982.845749000
6	0		1982.901727000
6	1418		1982.926382000
6	1418		1983.007073000
6	0		1983.039006000
6	1418		1983.087780000
6	1418		1983.168507000
6	0		1983.177198000
6	1418		1983.249267000
6	0		1983.269061000
6	1418		1983.329872000
6	0		1983.407250000
6	1418		1983.410588000
6	1418		1983.491284000
6	0		1983.545787000
6	1418		1983.571999000
6	0		1983.637517000
6	1418		1983.652704000
6	1418		1983.733390000
6	0		1983.775272000
6	1418		1983.814127000
6	307		1983.867674000
6	0		1983.868258000
6	1418		1983.894809000
6	2792		1983.896360000
6	2792		1983.896405000
6	1396		1983.896414000
6	1396		1983.896460000
6	0		1983.912818000
6	1396		1983.919340000
6	1396		1983.942273000
6	1396		1983.965091000
6	1418		1983.975505000
6	1396		1983.987987000
6	0		1984.005731000
6	1396		1984.010874000
6	1396		1984.033763000
6	1418		1984.056189000
6	1396		1984.056641000
6	1396		1984.079546000
6	1396		1984.102412000
6	1396		1984.125352000
6	1418		1984.136897000
6	0		1984.143015000
6	1396		1984.148199000
6	1396		1984.171063000
6	1396		1984.193957000
6	1396		1984.216915000
6	1418		1984.217594000
6	0		1984.235546000
6	1396		1984.239718000
6	1396		1984.262639000
6	1396		1984.285487000
6	1418		1984.298304000
6	1396		1984.308385000
6	1396		1984.331349000
6	1396		1984.354175000
6	0		1984.372828000
6	1396		1984.377055000
6	1418		1984.378997000
6	1396		1984.399949000
6	1396		1984.422819000
6	1		1984.445710000
6	1418		1984.459318000
6	0		1984.511658000
6	1418		1984.539635000
6	1418		1984.619955000
6	0		1984.649215000
6	1418		1984.700284000
6	1418		1984.780613000
6	0		1984.787641000
6	1418		1984.860913000
6	0		1984.879089000
6	1418		1984.941291000
6	0		1985.017631000
6	1418		1985.021548000
6	1418		1985.101871000
6	0		1985.108897000
6	1418		1985.182185000
6	0		1985.201370000
6	1418		1985.262495000
6	0		1985.338918000
6	1418		1985.342814000
6	0		1985.385078000
6	1418		1985.423140000
6	0		1985.431232000
6	0		1985.476860000
6	1418		1985.503464000
6	0		1985.523008000
6	0		1985.568886000
6	1418		1985.583784000
6	0		1985.615078000
6	0		1985.661159000
6	1418		1985.664073000
6	0		1985.707322000
6	1418		1985.744400000
6	0		1985.753492000
6	1418		1985.824712000
6	0		1985.845276000
6	0		1985.891263000
6	1418		1985.905105000
6	0		1985.937464000
6	1418		1985.985345000
6	1418		1986.065663000
6	0		1986.121722000
6	1418		1986.146004000
6	0		1986.213224000
6	0		1986.213272000
6	1418		1986.226307000
6	1418		1986.306618000
6	0		1986.350898000
6	0		1986.350920000
6	0		1986.356845000
6	1418		1986.386954000
6	1396		1986.397104000
6	324		1986.397154000
6	0		1986.406282000
6	0		1986.406317000
6	2792		1986.409282000
6	2792		1986.409315000
6	2792		1986.409331000
6	1418		1986.467253000
6	1396		1986.484249000
6	0		1986.489529000
6	1418		1986.547575000
6	1396		1986.559101000
6	1418		1986.627883000
6	1396		1986.634060000
6	1418		1986.708199000
6	1396		1986.708830000
6	1396		1986.783714000
6	1418		1986.788530000
6	1396		1986.858559000
6	1418		1986.868850000
6	0		1986.903150000
6	1396		1986.933482000
6	1418		1986.949170000
6	1396		1987.008326000
6	1418		1987.029487000
6	1396		1987.083165000
6	1418		1987.109786000
6	0		1987.133517000
6	1396		1987.158056000
6	1418		1987.190169000
6	0		1987.225423000
6	1396		1987.232915000
6	1418		1987.270435000
6	1396		1987.307787000
6	1418		1987.350759000
6	0		1987.363190000
6	1396		1987.382662000
6	1418		1987.431072000
6	1396		1987.457516000
6	0		1987.501521000
6	1418		1987.511374000
6	1396		1987.532393000
6	1418		1987.591699000
6	0		1987.592930000
6	1396		1987.607371000
6	1418		1987.672007000
6	1396		1987.682142000
6	0		1987.731608000
6	1418		1987.752338000
6	1396		1987.756979000
6	1396		1987.831863000
6	1418		1987.832620000
6	0		1987.869515000
6	1396		1987.906713000
6	1418		1987.912956000
6	1396		1987.981610000
6	1418		1987.993269000
6	0		1988.006859000
6	1396		1988.056467000
6	1418		1988.073612000
6	0		1988.099705000
6	1396		1988.131337000
6	1418		1988.153932000
6	1		1988.206196000
6	1418		1988.234246000
6	0		1988.237098000
6	1418		1988.314549000
6	0		1988.374990000
6	1418		1988.394893000
6	1418		1988.475182000
6	0		1988.513456000
6	0		1988.513480000
6	1418		1988.555523000
6	0		1988.605298000
6	1418		1988.635842000
6	0		1988.651145000
6	0		1988.651186000
6	0		1988.697307000
6	1418		1988.716151000
6	0		1988.743437000
6	0		1988.789238000
6	1418		1988.796436000
6	0		1988.835821000
6	1418		1988.876763000
6	0		1988.881004000
6	1418		1988.957084000
6	0		1988.973400000
6	0		1989.019554000
6	1418		1989.037412000
6	0		1989.110830000
6	1418		1989.117776000
6	1418		1989.198052000
6	0		1989.203247000
6	0		1989.249277000
6	1418		1989.278362000
6	1418		1989.358719000
6	0		1989.387029000
6	0		1989.433276000
6	1418		1989.439044000
6	1418		1989.519327000
6	0		1989.525477000
6	1418		1989.599632000
6	0		1989.663058000
6	1418		1989.679946000
6	0		1989.709664000
6	1418		1989.760275000
6	1418		1989.840569000
6	0		1989.892967000
6	1418		1989.920912000
6	0		1989.939121000
6	1418		1990.001216000
6	1418		1990.081513000
6	0		1990.122874000
6	1418		1990.161847000
6	0		1990.168860000
6	1418		1990.242152000
6	0		1990.307176000
6	1418		1990.322484000
6	0		1990.353596000
6	1418		1990.402796000
6	1418		1990.483124000
6	0		1990.537555000
6	0		1990.537581000
6	1418		1990.563457000
6	0		1990.721247000
6	0		1990.767444000
6	0		1990.951179000
6	0		1990.997406000
6	0		1991.134929000
6	0		1991.181631000
6	0		1991.227016000
6	1396		1991.273162000
6	438		1991.273193000
6	0		1991.284243000
6	0		1991.284297000
6	0		1991.319555000
6	0		1991.457049000
6	1396		1991.478977000
6	1396		1991.506890000
6	1396		1991.562819000
6	0		1991.595266000
6	1396		1991.618724000
6	1396		1991.674669000
6	1396		1991.730557000
6	0		1991.733134000
6	1396		1991.786472000
6	0		1991.825193000
6	1396		1991.842367000
6	1396		1991.898305000
6	1396		1991.954230000
6	0		1991.963738000
6	1396		1992.010090000
6	1396		1992.066031000
6	0		1992.101481000
6	1396		1992.121948000
6	1396		1992.177857000
6	1396		1992.233777000
6	0		1992.239284000
6	1396		1992.289657000
6	0		1992.331008000
6	1396		1992.345588000
6	1396		1992.401508000
6	1396		1992.457389000
6	0		1992.468969000
6	1396		1992.513330000
6	1396		1992.569238000
6	0		1992.606857000
6	1418		1992.608121000
6	1396		1992.625128000
6	1418		1992.648282000
6	1396		1992.681075000
6	1396		1992.737111000
6	0		1992.745544000
6	1418		1992.746786000
6	0		1992.791687000
6	1396		1992.792859000
6	1418		1992.808911000
6	1396		1992.848782000
6	1418		1992.889231000
6	1396		1992.904723000
6	0		1992.929211000
6	1396		1992.960624000
6	1418		1992.969641000
6	1396		1993.016547000
6	0		1993.021114000
6	1418		1993.049909000
6	1396		1993.072435000
6	0		1993.113345000
6	1396		1993.128356000
6	1418		1993.128689000
6	0		1993.158941000
6	1396		1993.184259000
6	0		1993.205135000
6	1418		1993.207521000
6	1396		1993.240153000
6	0		1993.251476000
6	1418		1993.286393000
6	1396		1993.296102000
6	0		1993.297330000
6	0		1993.343508000
6	1396		1993.352292000
6	0		1993.389622000
6	1396		1993.407907000
6	0		1993.435227000
6	1396		1993.463818000
6	0		1993.481121000
6	1396		1993.519738000
6	0		1993.527042000
6	0		1993.573211000
6	1396		1993.575612000
6	0		1993.618903000
6	1396		1993.631550000
6	0		1993.665119000
6	1396		1993.687478000
6	0		1993.710990000
6	1396		1993.743387000
6	0		1993.756943000
6	1396		1993.799373000
6	0		1993.802823000
6	1396		1993.854134000
6	0		1993.894903000
6	1396		1993.906142000
6	0		1993.941407000
6	1396		1993.955829000
6	0		1993.987067000
6	1396		1994.003597000
6	0		1994.033212000
6	1396		1994.050553000
6	1396		1994.096056000
6	0		1994.125318000
6	0		1994.125346000
6	1418		1994.126557000
6	1396		1994.141586000
6	1418		1994.165985000
6	1396		1994.184119000
6	0		1994.217428000
6	1396		1994.226658000
6	1418		1994.244801000
6	1396		1994.268889000
6	0		1994.309171000
6	1396		1994.311105000
6	1418		1994.323635000
6	1396		1994.353366000
6	0		1994.355266000
6	1396		1994.395012000
6	0		1994.401720000
6	1418		1994.402455000
6	1396		1994.436630000
6	1396		1994.477995000
6	1418		1994.481284000
6	0		1994.493071000
6	1396		1994.519325000
6	0		1994.539616000
6	1418		1994.560100000
6	1396		1994.560343000
6	0		1994.584806000
6	1396		1994.601427000
6	0		1994.631541000
6	1418		1994.638931000
6	1396		1994.641897000
6	1396		1994.682394000
6	1418		1994.717784000
6	1396		1994.722630000
6	0		1994.722776000
6	1396		1994.762821000
6	0		1994.768935000
6	1418		1994.796575000
6	1396		1994.802189000
6	0		1994.815012000
6	617		1994.815041000
6	39		1994.815048000
6	221		1994.815054000
6	0		1994.816330000
6	0		1994.816351000
6	0		1994.816354000
6	39		1994.817066000
6	69		1994.822682000
6	70		1994.833235000
6	1396		1994.841604000
6	1418		1994.875435000
6	1396		1994.880756000
6	0		1994.907108000
6	1396		1994.919907000
6	1418		1994.954242000
6	1396		1994.958755000
6	1396		1994.997659000
6	0		1994.998924000
6	1418		1995.033071000
6	1396		1995.036269000
6	0		1995.045111000
6	1396		1995.074894000
6	0		1995.090795000
6	1418		1995.111894000
6	1396		1995.113243000
6	1396		1995.151657000
6	0		1995.182959000
6	1396		1995.190007000
6	1418		1995.190696000
6	1396		1995.212216000
6	0		1995.229137000
6	1396		1995.234476000
6	1396		1995.256722000
6	1418		1995.269538000
6	0		1995.275557000
6	1396		1995.278943000
6	1396		1995.301242000
6	0		1995.321310000
6	0		1995.321343000
6	1396		1995.323417000
6	1396		1995.345667000
6	1418		1995.348353000
6	0		1995.367563000
6	1396		1995.367882000
6	1396		1995.390136000
6	1396		1995.412380000
6	0		1995.412734000
6	1418		1995.427185000
6	1396		1995.434598000
6	1396		1995.456838000
6	0		1995.459060000
6	1396		1995.479210000
6	1396		1995.501334000
6	0		1995.505196000
6	1418		1995.506004000
6	1396		1995.523554000
6	1396		1995.545814000
6	0		1995.551088000
6	1396		1995.568048000
6	1418		1995.584879000
6	1396		1995.590262000
6	0		1995.597275000
6	1396		1995.612509000
6	1396		1995.634736000
6	1396		1995.657025000
6	1418		1995.663676000
6	1396		1995.679216000
6	0		1995.689234000
6	1396		1995.701457000
6	1396		1995.723686000
6	0		1995.734993000
6	1418		1995.742507000
6	1396		1995.745926000
6	1396		1995.768184000
6	1396		1995.790408000
6	1396		1995.812646000
6	1418		1995.821333000
6	0		1995.827564000
6	1396		1995.834904000
6	1396		1995.857118000
6	0		1995.872784000
6	0		1995.872812000
6	1396		1995.879362000
6	1418		1995.900162000
6	1396		1995.901565000
6	0		1995.919508000
6	1396		1995.923821000
6	1396		1995.946051000
6	1396		1995.968313000
6	1418		1995.978979000
6	1396		1995.990523000
6	0		1996.011482000
6	1396		1996.012778000
6	1396		1996.035022000
6	1396		1996.057250000
6	1418		1996.057766000
6	658		1996.079486000
6	0		1996.103216000
6	1418		1996.136647000
6	0		1996.148827000
6	0		1996.195207000
6	1418		1996.215469000
6	0		1996.286929000
6	1418		1996.294272000
6	0		1996.333343000
6	1418		1996.357343000
6	0		1996.379740000
6	1418		1996.420396000
6	0		1996.471307000
6	1418		1996.483469000
6	1418		1996.546539000
6	0		1996.608955000
6	1418		1996.609549000
6	1418		1996.672635000
6	0		1996.700935000
6	1418		1996.735704000
6	0		1996.746911000
6	1418		1996.798745000
6	1418		1996.861805000
6	1418		1996.924847000
6	0		1996.931027000
6	0		1996.977235000
6	1418		1996.987919000
6	1418		1997.050999000
6	0		1997.069270000
6	1418		1997.114048000
6	1418		1997.177097000
6	0		1997.207386000
6	1418		1997.240167000
6	0		1997.299694000
6	1418		1997.303215000
6	0		1997.344983000
6	39		1997.345011000
6	0		1997.352200000
6	1418		1997.366275000
6	0		1997.391643000
6	1418		1997.429344000
6	1418		1997.492397000
6	0		1997.528978000
6	1418		1997.555512000
6	0		1997.574917000
6	1418		1997.618524000
6	0		1997.666954000
6	1418		1997.681580000
6	1418		1997.744641000
6	1418		1997.807674000
6	0		1997.850905000
6	1418		1997.870769000
6	0		1997.897126000
6	0		1997.989662000
6	0		1998.035311000
6	0		1998.172908000
6	0		1998.265114000
6	1418		1998.266442000
6	0		1998.311286000
6	1418		1998.318907000
6	0		1998.403381000
6	0		1998.540850000
6	0		1998.633027000
6	0		1998.725378000
6	1418		1998.726598000
6	1418		1998.779156000
6	0		1998.816942000
6	0		1998.909743000
6	0		1999.047244000
6	0		1999.139518000
6	0		1999.185689000
6	0		1999.323132000
6	0		1999.461513000
6	0		1999.507716000
6	0		1999.552904000
6	0		1999.645191000
6	0		1999.737536000
6	0		1999.921118000
6	0		2000.013445000
6	0		2000.059606000
6	0		2000.150869000
6	0		2000.289305000
6	0		2000.381698000
6	0		2000.519352000
6	0		2000.519379000
6	1396		2000.565261000
6	326		2000.565286000
6	0		2000.576323000
6	0		2000.611460000
6	1396		2000.652833000
6	1396		2000.663928000
6	1396		2000.686177000
6	1396		2000.708397000
6	1396		2000.730653000
6	0		2000.749544000
6	1396		2000.752868000
6	1396		2000.775114000
6	1396		2000.797343000
6	1396		2000.819593000
6	1396		2000.841826000
6	1396		2000.864077000
6	1396		2000.886310000
6	0		2000.887333000
6	1396		2000.908526000
6	1396		2000.930780000
6	1396		2000.953011000
6	1396		2000.975247000
6	0		2000.979279000
6	1396		2000.997477000
6	1396		2001.019745000
6	1396		2001.041961000
6	1396		2001.064195000
6	1396		2001.086429000
6	1396		2001.108736000
6	0		2001.117652000
6	1396		2001.130974000
6	1396		2001.153139000
6	1396		2001.175376000
6	1396		2001.197606000
6	0		2001.209247000
6	1396		2001.219853000
6	1396		2001.242080000
6	1396		2001.264374000
6	1396		2001.286691000
6	1396		2001.308797000
6	1396		2001.331046000
6	0		2001.347156000
6	1396		2001.353266000
6	1396		2001.375511000
6	1396		2001.397747000
6	1396		2001.419992000
6	1396		2001.442211000
6	1396		2001.464462000
6	0		2001.485433000
6	1396		2001.486696000
6	1396		2001.508996000
6	1396		2001.531319000
6	1396		2001.553426000
6	1396		2001.575647000
6	0		2001.577480000
6	1396		2001.597915000
6	1396		2001.620134000
6	1396		2001.642364000
6	1396		2001.664612000
6	1396		2001.686842000
6	1396		2001.709082000
6	0		2001.715191000
6	1396		2001.731311000
6	1396		2001.753554000
6	1396		2001.775788000
6	1396		2001.798094000
6	0		2001.807040000
6	1396		2001.820271000
6	1396		2001.842496000
6	1396		2001.864742000
6	1396		2001.886964000
6	1396		2001.909196000
6	1396		2001.931463000
6	0		2001.945440000
6	1418		2001.946676000
6	1396		2001.953667000
6	1396		2001.975908000
6	1418		2001.986078000
6	1396		2001.998157000
6	1396		2002.020390000
6	1396		2002.042619000
6	1396		2002.064852000
6	0		2002.082861000
6	1418		2002.084093000
6	1396		2002.087147000
6	1396		2002.109336000
6	1396		2002.131563000
6	1418		2002.143745000
6	1396		2002.153811000
6	0		2002.175121000
6	1396		2002.176026000
6	1396		2002.198292000
6	1396		2002.220531000
6	1418		2002.222537000
6	1396		2002.242814000
6	1396		2002.265002000
6	1396		2002.287220000
6	1418		2002.301418000
6	1396		2002.309463000
6	1396		2002.331715000
6	1396		2002.353948000
6	0		2002.358924000
6	1396		2002.376269000
6	1418		2002.380194000
6	1396		2002.398570000
6	1396		2002.420659000
6	1396		2002.442912000
6	1418		2002.459034000
6	1396		2002.465112000
6	1396		2002.487359000
6	1396		2002.509591000
6	1396		2002.531836000
6	1396		2002.554133000
6	1396		2002.576311000
6	0		2002.589282000
6	1418		2002.590523000
6	1396		2002.598538000
6	1396		2002.620800000
6	1418		2002.629900000
6	1396		2002.643019000
6	1396		2002.665265000
6	0		2002.681272000
6	1396		2002.687508000
6	1396		2002.709829000
6	1396		2002.731979000
6	1396		2002.754213000
6	0		2002.773235000
6	1396		2002.776455000
6	1396		2002.798966000
6	1396		2002.820928000
6	1396		2002.843224000
6	664		2002.865381000
6	0		2002.865416000
6	0		2002.957775000
6	0		2003.049117000
6	0		2003.141400000
6	0		2003.233725000
6	0		2003.325002000
6	0		2003.417312000
6	0		2003.509643000
6	0		2003.600929000
6	0		2003.693229000
6	0		2003.785563000
6	0		2003.831713000
6	0		2003.923007000
6	0		2004.015338000
6	0		2004.107631000
6	0		2004.198927000
6	0		2004.291264000
6	0		2004.383648000
6	0		2004.474917000
6	0		2004.567278000
6	0		2004.659626000
6	0		2004.750908000
6	0		2004.843165000
6	0		2004.935586000
6	0		2005.026960000
6	0		2005.073172000
6	0		2005.165509000
6	0		2005.303215000
6	0		2005.303238000
6	0		2005.303242000
6	1418		2005.304537000
6	1418		2005.336059000
6	0		2005.395251000
6	1418		2005.399102000
6	1418		2005.462168000
6	0		2005.487469000
6	1418		2005.525237000
6	0		2005.579271000
6	0		2005.579300000
6	1418		2005.588309000
6	1418		2005.651379000
6	1418		2005.714411000
6	0		2005.717733000
6	1418		2005.777465000
6	0		2005.808914000
6	1418		2005.840520000
6	0		2005.854838000
6	1418		2005.903586000
6	0		2005.947089000
6	1418		2005.966636000
6	1418		2006.029794000
6	0		2006.085262000
6	1418		2006.092750000
6	1418		2006.155800000
6	0		2006.177134000
6	1418		2006.218882000
6	0		2006.223258000
6	1418		2006.281943000
6	1418		2006.345059000
6	0		2006.361384000
6	1418		2006.408058000
6	0		2006.453628000
6	1418		2006.471124000
6	1418		2006.534171000
6	0		2006.545600000
6	1418		2006.597230000
6	1418		2006.660298000
6	0		2006.683261000
6	0		2006.683290000
6	1418		2006.723342000
6	0		2006.775795000
6	1418		2006.786398000
6	1418		2006.849477000
6	0		2006.866867000
6	1418		2006.912527000
6	0		2006.958920000
6	1418		2006.975576000
6	1418		2007.038644000
6	0		2007.097617000
6	1418		2007.101698000
6	1418		2007.164753000
6	0		2007.189154000
6	1418		2007.227823000
6	0		2007.281259000
6	1418		2007.290869000
6	1418		2007.353942000
6	0		2007.373464000
6	1418		2007.417006000
6	0		2007.465393000
6	1418		2007.480052000
6	1418		2007.543111000
6	0		2007.557485000
6	1418		2007.606172000
6	1418		2007.669224000
6	0		2007.695127000
6	0		2007.695153000
6	1418		2007.732309000
6	1396		2007.741678000
6	439		2007.741710000
6	0		2007.752813000
6	1396		2007.753926000
6	1396		2007.770474000
6	0		2007.786870000
6	1396		2007.788188000
6	1418		2007.795324000
6	1396		2007.805936000
6	1396		2007.823658000
6	1396		2007.841427000
6	1418		2007.858398000
6	1396		2007.859117000
6	1396		2007.876934000
6	0		2007.879047000
6	1396		2007.894718000
6	1396		2007.912359000
6	1418		2007.921437000
6	1396		2007.930076000
6	1396		2007.947837000
6	1396		2007.965576000
6	0		2007.970820000
6	1396		2007.983305000
6	1418		2007.984502000
6	1396		2008.001056000
6	1396		2008.018754000
6	1396		2008.036502000
6	1418		2008.047582000
6	1396		2008.054259000
6	0		2008.063496000
6	1396		2008.071980000
6	1396		2008.089704000
6	1396		2008.107452000
6	1418		2008.152684000
6	0		2008.154808000
6	0		2008.247328000
6	1418		2008.257784000
6	0		2008.339228000
6	1418		2008.362897000
6	0		2008.431362000
6	1418		2008.467983000
6	0		2008.523328000
6	1418		2008.573087000
6	0		2008.615448000
6	1418		2008.678180000
6	0		2008.753716000
6	1418		2008.783303000
6	1418		2008.888370000
6	0		2008.890945000
6	0		2008.983759000
6	1418		2008.993462000
6	1418		2009.098665000
6	0		2009.121122000
6	1418		2009.203679000
6	0		2009.213127000
6	0		2009.305291000
6	1418		2009.308769000
6	1418		2009.413852000
6	0		2009.443253000
6	1418		2009.492721000
6	0		2009.535105000
6	1418		2009.571540000
6	1418		2009.650347000
6	0		2009.673079000
6	1418		2009.729163000
6	0		2009.764893000
6	1418		2009.808011000
6	1418		2009.886818000
6	0		2009.949244000
6	1396		2009.960296000
6	1418		2009.965654000
6	1396		2009.969146000
6	1396		2009.986880000
6	0		2009.995255000
6	0		2009.995291000
6	1396		2010.004615000
6	1396		2010.022368000
6	1396		2010.040086000
6	1418		2010.044475000
6	1396		2010.057873000
6	1396		2010.075555000
6	0		2010.087487000
6	1396		2010.093340000
6	1396		2010.111116000
6	1418		2010.123301000
6	1396		2010.128773000
6	0		2010.132894000
6	1396		2010.146511000
6	1396		2010.164253000
6	0		2010.179174000
6	1396		2010.181977000
6	1396		2010.199748000
6	1418		2010.202113000
6	1396		2010.217499000
6	0		2010.225625000
6	1396		2010.235197000
6	1396		2010.252925000
6	1396		2010.270654000
6	0		2010.270844000
6	1418		2010.280964000
6	1396		2010.288405000
6	1396		2010.306174000
6	0		2010.316977000
6	1396		2010.323866000
6	1396		2010.341668000
6	1396		2010.359416000
6	1418		2010.359754000
6	1396		2010.377100000
6	1396		2010.394817000
6	0		2010.409348000
6	1396		2010.412541000
6	1396		2010.430300000
6	1418		2010.438593000
6	1396		2010.448027000
6	0		2010.455565000
6	1396		2010.465787000
6	1396		2010.483555000
6	1396		2010.501240000
6	1418		2010.517426000
6	1396		2010.518942000
6	1396		2010.536718000
6	0		2010.547092000
6	1396		2010.554433000
6	1396		2010.572157000
6	1396		2010.589923000
6	0		2010.593244000
6	1418		2010.596287000
6	1396		2010.607633000
6	1396		2010.625363000
6	0		2010.639385000
6	1396		2010.643132000
6	1396		2010.660907000
6	1418		2010.675094000
6	1396		2010.678591000
6	0		2010.684972000
6	1396		2010.696337000
6	1396		2010.714070000
6	0		2010.731154000
6	1396		2010.731797000
6	1396		2010.749543000
6	1418		2010.753905000
6	1396		2010.767272000
6	0		2010.777515000
6	1396		2010.785079000
6	1396		2010.802748000
6	1396		2010.820486000
6	0		2010.823681000
6	1418		2010.832732000
6	1396		2010.838296000
6	1396		2010.855943000
6	0		2010.868932000
6	1396		2010.873674000
6	1396		2010.891411000
6	1396		2010.909156000
6	1418		2010.911542000
6	1396		2010.926896000
6	1396		2010.944647000
6	0		2010.960930000
6	0		2010.960958000
6	1396		2010.962341000
6	1396		2010.980098000
6	1418		2010.982159000
6	1396		2010.997831000
6	0		2011.007109000
6	1396		2011.015596000
6	1396		2011.033345000
6	1396		2011.051045000
6	1418		2011.052778000
6	1396		2011.068818000
6	1396		2011.086514000
6	0		2011.099115000
6	1396		2011.104249000
6	1396		2011.122010000
6	1418		2011.123397000
6	1396		2011.139713000
6	0		2011.144920000
6	1396		2011.157474000
6	1396		2011.175202000
6	1396		2011.192926000
6	1418		2011.193995000
6	1396		2011.210746000
6	1396		2011.228407000
6	1396		2011.246118000
6	1396		2011.263872000
6	1418		2011.264591000
6	951		2011.281614000
6	0		2011.282845000
6	1418		2011.335249000
6	1418		2011.405857000
6	0		2011.421657000
6	1418		2011.476461000
6	1418		2011.547070000
6	0		2011.558901000
6	1418		2011.617694000
6	1418		2011.688304000
6	0		2011.697251000
6	1418		2011.758934000
6	1418		2011.829544000
6	0		2011.835334000
6	1418		2011.900162000
6	1418		2011.970760000
6	0		2011.973556000
6	1418		2012.041375000
6	0		2012.111750000
6	1418		2012.111974000
6	1418		2012.182643000
6	0		2012.203024000
6	1418		2012.253285000
6	1418		2012.323840000
6	0		2012.341182000
6	0		2012.387325000
6	1418		2012.394450000
6	1418		2012.465088000
6	0		2012.478822000
6	1418		2012.535680000
6	0		2012.571016000
6	0		2012.571043000
6	1418		2012.606294000
6	0		2012.617186000
6	0		2012.663661000
6	1418		2012.676908000
6	0		2012.708838000
6	1418		2012.747534000
6	0		2012.801049000
6	1418		2012.818142000
6	0		2012.847238000
6	0		2012.847264000
6	1418		2012.888755000
6	0		2012.893202000
6	0		2012.939196000
6	1418		2012.959360000
6	0		2012.985379000
6	1418		2013.030036000
6	0		2013.031373000
6	0		2013.077513000
6	1418		2013.100620000
6	0		2013.123672000
6	1418		2013.171224000
6	0		2013.215231000
6	1418		2013.241812000
6	0		2013.307318000
6	1418		2013.312416000
6	0		2013.353464000
6	1418		2013.383047000
6	0		2013.399372000
6	0		2013.445537000
6	1418		2013.453663000
6	0		2013.490925000
6	1418		2013.524282000
6	0		2013.537116000
6	0		2013.583645000
6	1418		2013.594886000
6	0		2013.628825000
6	1418		2013.665566000
6	0		2013.674875000
6	0		2013.721066000
6	1418		2013.736116000
6	1418		2013.806750000
6	0		2013.813063000
6	0		2013.859440000
6	1418		2013.877332000
6	0		2013.905619000
6	1418		2013.947973000
6	0		2013.950767000
6	0		2013.997351000
6	1418		2014.018577000
6	0		2014.042931000
6	0		2014.088983000
6	1418		2014.089164000
6	0		2014.134888000
6	1418		2014.159795000
6	0		2014.181062000
6	1418		2014.230416000
6	0		2014.273322000
6	1418		2014.301099000
6	0		2014.319392000
6	0		2014.365565000
6	1418		2014.371651000
6	0		2014.410950000
6	1418		2014.442261000
6	0		2014.457112000
6	0		2014.503630000
6	1418		2014.512873000
6	0		2014.548808000
6	1418		2014.583539000
6	0		2014.595255000
6	0		2014.641366000
6	0		2014.641398000
6	0		2014.641404000
6	0		2014.643152000
6	1418		2014.654093000
6	1418		2014.724733000
6	0		2014.733147000
6	0		2014.779230000
6	623		2014.779262000
6	39		2014.779272000
6	137		2014.779278000
6	39		2014.780784000
6	0		2014.780935000
6	0		2014.780940000
6	69		2014.786513000
6	1418		2014.795325000
6	70		2014.797055000
6	0		2014.825351000
6	1418		2014.865949000
6	0		2014.871235000
6	0		2014.917392000
6	1418		2014.936554000
6	0		2014.962855000
6	0		2015.009070000
6	0		2015.055260000
6	0		2015.101272000
6	0		2015.147429000
6	0		2015.239686000
6	0		2015.284876000
6	0		2015.330966000
6	0		2015.377151000
6	0		2015.423278000
6	0		2015.469470000
6	0		2015.515798000
6	0		2015.560951000
6	0		2015.607090000
6	0		2015.653331000
6	0		2015.745133000
6	0		2015.791325000
6	0		2015.837615000
6	0		2015.883785000
6	0		2015.928966000
6	0		2015.975130000
6	0		2016.021316000
6	0		2016.021340000
6	0		2016.067549000
6	0		2016.159718000
6	0		2016.204995000
6	0		2016.251086000
6	0		2016.297240000
6	0		2016.343465000
6	0		2016.389597000
6	0		2016.435757000
6	0		2016.480915000
6	0		2016.527055000
6	0		2016.619242000
6	1396		2016.665460000
6	327		2016.665505000
6	0		2016.665514000
6	0		2016.676536000
6	1396		2016.706869000
6	1396		2016.715714000
6	1396		2016.733471000
6	1396		2016.751212000
6	0		2016.757278000
6	1396		2016.768941000
6	1396		2016.786663000
6	1396		2016.804401000
6	1396		2016.822129000
6	1396		2016.839920000
6	0		2016.849159000
6	1396		2016.857607000
6	1396		2016.875395000
6	1396		2016.893108000
6	1396		2016.910809000
6	1396		2016.928561000
6	0		2016.941432000
6	1396		2016.946304000
6	1396		2016.964032000
6	1396		2016.981765000
6	1396		2016.999558000
6	1396		2017.017287000
6	0		2017.033249000
6	1396		2017.034945000
6	1396		2017.052837000
6	1396		2017.070498000
6	1396		2017.088160000
6	1396		2017.105960000
6	1396		2017.123658000
6	0		2017.124837000
6	1396		2017.141412000
6	1396		2017.159168000
6	1396		2017.176896000
6	1396		2017.194596000
6	1396		2017.212355000
6	0		2017.217554000
6	1396		2017.230129000
6	1396		2017.247803000
6	0		2017.262943000
6	1396		2017.265580000
6	1396		2017.283320000
6	1396		2017.301079000
6	1396		2017.318739000
6	1396		2017.336481000
6	1396		2017.354273000
6	0		2017.355537000
6	1396		2017.371948000
6	1396		2017.389691000
6	1396		2017.407425000
6	1396		2017.425155000
6	1396		2017.442900000
6	0		2017.447268000
6	1396		2017.460634000
6	1396		2017.478418000
6	1396		2017.496154000
6	1396		2017.513830000
6	1396		2017.531579000
6	0		2017.538901000
6	1396		2017.549309000
6	1396		2017.567120000
6	1396		2017.584782000
6	1396		2017.602521000
6	1396		2017.620265000
6	0		2017.631180000
6	1396		2017.638026000
6	1396		2017.655714000
6	1396		2017.673529000
6	1396		2017.691191000
6	1200		2017.708949000
6	0		2017.723405000
6	0		2017.815437000
6	0		2017.907786000
6	0		2017.999150000
6	0		2018.091449000
6	0		2018.183843000
6	0		2018.275073000
6	0		2018.367428000
6	1418		2018.368651000
6	1418		2018.404286000
17		1358	2018.413206000
17		86	2018.413243000
17		1358	2018.418502000
17		630	2018.418544000
17		34	2018.441802000
6	0		2018.459681000
6	1418		2018.474565000
6	1418		2018.545201000
6	0		2018.551012000
6	1418		2018.615807000
6	0		2018.643660000
6	1418		2018.686437000
6	0		2018.734866000
6	1418		2018.757026000
6	1418		2018.827643000
6	0		2018.827750000
6	0		2018.827774000
6	39		2018.872891000
6	0		2018.879815000
6	1418		2018.898279000
6	0		2018.919050000
6	1418		2018.968860000
6	0		2019.011115000
6	1418		2019.039486000
6	0		2019.057232000
6	0		2019.057260000
6	0		2019.102897000
6	1418		2019.110092000
6	0		2019.149108000
6	1418		2019.180724000
6	0		2019.195082000
6	0		2019.241174000
6	1418		2019.251332000
6	0		2019.287338000
6	1418		2019.321960000
6	0		2019.333239000
6	0		2019.379391000
6	0		2019.425568000
6	0		2019.471714000
6	0		2019.516861000
6	0		2019.563001000
6	0		2019.609249000
6	0		2019.655533000
6	0		2019.701695000
6	0		2019.746849000
6	0		2019.792984000
6	0		2019.839119000
6	0		2019.885328000
6	0		2019.931480000
6	0		2019.977630000
6	0		2020.022780000
6	0		2020.022819000
6	0		2020.068942000
6	0		2020.115060000
6	438		2020.115085000
6	0		2020.116382000
6	1101		2020.161208000
6	0		2020.161236000
6	0		2020.162590000
6	139		2020.167922000
6	93		2020.183772000
6	39		2020.197971000
6	0		2020.207371000
6	0		2020.253522000
6	0		2020.299818000
6	0		2020.344978000
6	0		2020.391145000
6	0		2020.437286000
6	0		2020.483463000
6	0		2020.529623000
6	0		2020.574807000
6	0		2020.620926000
6	0		2020.667114000
6	0		2020.713297000
6	0		2020.759475000
6	0		2020.805599000
6	0		2020.851710000
6	0		2020.896983000
6	0		2020.943173000
6	0		2020.989293000
6	0		2021.035458000
6	0		2021.081591000
6	0		2021.127234000
6	0		2021.219019000
6	0		2021.311351000
6	0		2021.357490000
17		1358	2021.403014000
17		1358	2021.405210000
6	0		2021.449652000
6	0		2021.540832000
6	1396		2021.587013000
6	327		2021.587050000
6	0		2021.598090000
6	0		2021.632918000
6	1418		2021.634190000
6	1418		2021.669474000
17		86	2021.679070000
17		1354	2021.679099000
17		101	2021.680479000
17		37	2021.680842000
17		633	2021.725280000
17		42	2021.725305000
17		33	2021.726461000
6	1418		2021.740088000
6	1396		2021.798953000
6	1396		2021.807800000
6	1418		2021.810695000
6	0		2021.817033000
6	1396		2021.825569000
6	1396		2021.843316000
6	1396		2021.861044000
6	0		2021.863203000
6	1396		2021.878739000
6	1418		2021.881308000
17		516	2021.884580000
17		203	2021.886542000
17		144	2021.887326000
6	1396		2021.896469000
6	1396		2021.914199000
6	1396		2021.931951000
6	1396		2021.949709000
6	1418		2021.951940000
6	0		2021.954933000
6	1396		2021.967412000
6	1396		2021.985172000
6	1396		2022.002938000
6	1396		2022.020699000
6	1418		2022.022544000
6	1396		2022.038368000
6	0		2022.047579000
6	1396		2022.056096000
6	1396		2022.073830000
6	1396		2022.091584000
6	1418		2022.093148000
6	1396		2022.109307000
6	1396		2022.127072000
6	0		2022.138939000
6	1396		2022.144841000
6	1396		2022.162525000
6	1418		2022.163759000
6	1396		2022.180258000
6	1396		2022.198066000
6	1396		2022.215744000
6	0		2022.231578000
6	1396		2022.233456000
6	1418		2022.234361000
6	1396		2022.251203000
6	1396		2022.268950000
6	1396		2022.286656000
6	1396		2022.304390000
6	1418		2022.304973000
6	1396		2022.322186000
6	0		2022.323230000
6	39		2022.323256000
6	0		2022.323266000
6	0		2022.329804000
6	1396		2022.339870000
6	1396		2022.357614000
17		1358	2022.369688000
17		35	2022.371615000
6	1396		2022.375344000
6	1418		2022.375601000
6	1396		2022.393106000
6	1396		2022.410876000
6	1396		2022.428563000
6	1418		2022.446267000
6	1396		2022.446323000
6	0		2022.461705000
17		41	2022.461734000
17		41	2022.461742000
6	1396		2022.464029000
6	1396		2022.481761000
6	1396		2022.499512000
6	1418		2022.516849000
6	1396		2022.517217000
6	1396		2022.534983000
6	1396		2022.552720000
6	1396		2022.570442000
6	1418		2022.587453000
6	1396		2022.588168000
6	0		2022.599240000
6	0		2022.599273000
6	1396		2022.605907000
6	1396		2022.623653000
6	1396		2022.641424000
6	1418		2022.658156000
6	1396		2022.659118000
6	1396		2022.676861000
6	1396		2022.694610000
6	1396		2022.712343000
6	1418		2022.728696000
6	1396		2022.730141000
6	0		2022.737271000
6	1396		2022.747811000
6	1396		2022.765588000
6	1396		2022.783263000
6	1418		2022.799311000
6	1396		2022.801001000
6	1396		2022.818756000
6	0		2022.828993000
6	1396		2022.836467000
6	1396		2022.854224000
6	1418		2022.869912000
6	1396		2022.871933000
6	0		2022.874969000
17		45	2022.874994000
17		41	2022.875000000
17		33	2022.876768000
6	1396		2022.889722000
6	1396		2022.907441000
6	1396		2022.925160000
6	1418		2022.940514000
6	1396		2022.942874000
6	1396		2022.960654000
6	0		2022.966790000
6	1396		2022.978369000
6	1396		2022.996123000
6	1418		2023.011157000
6	1396		2023.013893000
6	1396		2023.031650000
6	1396		2023.049329000
6	0		2023.059653000
6	1396		2023.067070000
6	1418		2023.081767000
6	1396		2023.084841000
6	1396		2023.102594000
6	1396		2023.120290000
6	1396		2023.137980000
6	1418		2023.152376000
6	1396		2023.155720000
6	1396		2023.173458000
6	1396		2023.191246000
6	0		2023.197449000
6	1396		2023.208996000
6	1418		2023.222990000
6	1396		2023.226645000
6	1396		2023.244402000
6	1396		2023.262137000
6	1396		2023.279929000
6	0		2023.288978000
6	1418		2023.293634000
6	1396		2023.297603000
6	1396		2023.315352000
6	1396		2023.333155000
6	0		2023.335344000
6	1396		2023.350830000
6	1418		2023.364189000
6	276		2023.368536000
6	0		2023.427000000
6	1418		2023.434822000
6	1418		2023.505450000
6	0		2023.518855000
6	1418		2023.576074000
6	1418		2023.646673000
6	0		2023.657496000
6	1418		2023.717289000
6	0		2023.749206000
6	0		2023.794815000
6	1418		2023.796038000
6	0		2023.841844000
6	1418		2023.858501000
6	0		2023.932950000
6	0		2024.071444000
6	0		2024.163736000
6	0		2024.208953000
6	1418		2024.210243000
6	1418		2024.245494000
6	0		2024.300932000
6	0		2024.393238000
6	0		2024.531698000
6	0		2024.623011000
6	1418		2024.624268000
6	1418		2024.659567000
6	0		2024.669137000
6	0		2024.761132000
6	0		2024.899551000
6	0		2024.990877000
6	0		2025.083186000
6	1418		2025.084410000
6	1418		2025.119742000
6	0		2025.129317000
6	0		2025.221366000
6	0		2025.313674000
6	0		2025.405030000
6	0		2025.497318000
6	0		2025.497343000
6	1418		2025.498556000
6	1418		2025.533933000
6	0		2025.543270000
6	0		2025.635612000
6	0		2025.727232000
6	0		2025.819221000
6	0		2025.911535000
6	0		2025.957691000
6	1418		2025.958953000
6	1418		2025.994239000
6	0		2026.049688000
6	0		2026.140972000
6	0		2026.279440000
6	0		2026.371736000
6	0		2026.416883000
6	1418		2026.418132000
6	1418		2026.446381000
6	1418		2026.502881000
6	0		2026.509843000
6	1418		2026.559405000
6	0		2026.601533000
6	0		2026.739205000
6	0		2026.785401000
6	0		2026.831540000
6	1418		2026.832792000
6	1418		2026.861018000
6	0		2026.923428000
6	0		2027.015736000
6	0		2027.153129000
6	0		2027.245443000
6	0		2027.291643000
6	0		2027.382973000
6	0		2027.475290000
6	0		2027.521113000
6	0		2027.521140000
6	0		2027.523149000
6	1396		2027.567483000
6	439		2027.567511000
6	0		2027.567518000
6	0		2027.578559000
6	0		2027.578600000
6	1396		2027.637674000
6	1396		2027.646592000
6	0		2027.658961000
6	1396		2027.664278000
6	1396		2027.682197000
6	1396		2027.699756000
6	1396		2027.717470000
6	1396		2027.735376000
6	0		2027.751148000
6	1396		2027.752932000
6	1396		2027.770754000
6	1396		2027.788411000
6	1396		2027.806202000
6	1396		2027.823886000
6	1396		2027.841620000
6	0		2027.843717000
6	1396		2027.859359000
6	1396		2027.877094000
6	1396		2027.894945000
6	1396		2027.912571000
6	1396		2027.930329000
6	0		2027.935492000
6	1396		2027.948051000
6	1396		2027.965857000
6	1396		2027.983523000
6	1396		2028.001260000
6	1396		2028.018995000
6	0		2028.027305000
6	1396		2028.036731000
6	1396		2028.054442000
6	1396		2028.072184000
6	1396		2028.089935000
6	1396		2028.107654000
6	0		2028.119557000
6	1396		2028.125433000
6	1396		2028.143152000
6	1396		2028.160884000
6	1396		2028.178622000
6	1396		2028.196346000
6	0		2028.211345000
6	1396		2028.214100000
6	1396		2028.231858000
6	1396		2028.249570000
6	1396		2028.267376000
6	1396		2028.285085000
6	1396		2028.302766000
6	0		2028.302965000
6	1396		2028.320519000
6	1396		2028.338237000
6	1396		2028.355959000
6	1396		2028.373750000
6	1396		2028.391479000
6	0		2028.395661000
6	1418		2028.396900000
6	1396		2028.409186000
6	1396		2028.426922000
6	1418		2028.432211000
6	1396		2028.444832000
6	1396		2028.462462000
6	1396		2028.480122000
6	0		2028.487546000
6	1396		2028.497920000
6	1418		2028.502809000
6	1396		2028.515595000
6	1396		2028.533394000
6	1396		2028.551122000
6	1396		2028.568920000
6	1418		2028.573421000
6	0		2028.579127000
6	0		2028.579152000
6	1396		2028.586598000
6	1396		2028.604288000
6	1396		2028.622002000
6	0		2028.625241000
6	1396		2028.639738000
6	1418		2028.644041000
6	1396		2028.657480000
6	0		2028.671314000
6	1396		2028.675202000
6	1396		2028.693027000
6	1396		2028.710675000
6	1418		2028.714643000
6	1396		2028.728454000
6	1396		2028.746164000
6	0		2028.763016000
6	1396		2028.763879000
6	1396		2028.781688000
6	1396		2028.799365000
6	1396		2028.817080000
6	1101		2028.834897000
6	0		2028.854799000
6	0		2028.947516000
6	0		2029.039762000
6	0		2029.131086000
6	0		2029.223458000
6	0		2029.269489000
6	0		2029.270419000
6	0		2029.315201000
6	0		2029.406848000
6	0		2029.499115000
6	0		2029.591397000
6	0		2029.683665000
6	0		2029.774889000
6	0		2029.867182000
6	0		2029.959529000
6	0		2030.050911000
6	0		2030.142971000
6	0		2030.235326000
6	0		2030.327653000
6	0		2030.418957000
6	0		2030.511292000
6	0		2030.603391000
6	1418		2030.604646000
6	1418		2030.639945000
6	0		2030.649660000
6	1418		2030.710645000
6	1418		2030.781163000
6	0		2030.787405000
6	1418		2030.851781000
6	0		2030.879077000
6	1418		2030.922396000
6	0		2030.925207000
6	1418		2030.993037000
6	0		2031.016994000
6	1418		2031.063622000
6	0		2031.109674000
6	1418		2031.134322000
6	1418		2031.204843000
6	0		2031.246917000
6	1418		2031.275467000
6	0		2031.339274000
6	0		2031.339300000
6	1418		2031.346069000
6	1418		2031.416706000
6	0		2031.477239000
6	1418		2031.487303000
6	1418		2031.557907000
6	0		2031.569228000
6	0		2031.615390000
6	1418		2031.628550000
6	1418		2031.699164000
6	0		2031.707066000
6	1418		2031.769774000
6	0		2031.799734000
6	1418		2031.840370000
6	0		2031.891750000
6	1418		2031.910985000
6	1396		2031.937161000
6	439		2031.937189000
6	0		2031.948236000
6	0		2031.948280000
6	1396		2031.966282000
6	1396		2031.974710000
6	1418		2031.981595000
6	0		2031.983489000
6	1396		2031.991536000
6	1396		2032.008314000
6	1396		2032.025196000
6	1396		2032.041937000
6	1418		2032.052221000
6	1396		2032.058762000
6	1396		2032.075572000
6	0		2032.075624000
6	1396		2032.092420000
6	1396		2032.109235000
6	1418		2032.122838000
6	1396		2032.126058000
6	1396		2032.142891000
6	1396		2032.159694000
6	0		2032.167660000
6	1396		2032.176532000
6	1396		2032.193349000
6	1418		2032.193417000
6	1396		2032.210177000
6	1396		2032.227048000
6	1396		2032.243800000
6	0		2032.259638000
6	1396		2032.260672000
6	1418		2032.264058000
6	1396		2032.277436000
6	1396		2032.294367000
6	1396		2032.311087000
6	1396		2032.327908000
6	1418		2032.334750000
6	1396		2032.344746000
6	0		2032.350797000
6	1396		2032.361605000
6	1396		2032.380139000
6	1396		2032.395223000
6	1418		2032.405299000
6	1396		2032.412011000
6	1396		2032.428962000
6	0		2032.443171000
6	1396		2032.445688000
6	1396		2032.462529000
6	1418		2032.475909000
6	1396		2032.479311000
6	1396		2032.496112000
6	1396		2032.512934000
6	1396		2032.529783000
6	0		2032.535750000
6	1418		2032.546535000
6	1396		2032.546587000
6	1396		2032.563404000
6	1396		2032.580242000
6	1396		2032.597101000
6	1396		2032.613881000
6	1418		2032.617210000
6	0		2032.627636000
6	1396		2032.630681000
6	1396		2032.647499000
6	1396		2032.664333000
6	1396		2032.681151000
6	1418		2032.687757000
6	1396		2032.698059000
6	1396		2032.714854000
6	0		2032.719692000
6	1396		2032.731669000
6	1396		2032.748434000
6	1418		2032.758365000
6	1396		2032.765254000
6	1396		2032.782072000
6	1396		2032.799015000
6	0		2032.811714000
6	1396		2032.815715000
6	1418		2032.829038000
6	1396		2032.832538000
6	1396		2032.849372000
6	1396		2032.866187000
6	1396		2032.883059000
6	1418		2032.899622000
6	1396		2032.899804000
6	0		2032.902780000
6	1396		2032.916730000
6	1396		2032.933525000
6	1396		2032.950285000
6	1396		2032.967116000
6	1418		2032.970208000
6	1396		2032.983922000
6	1396		2033.000756000
6	1396		2033.017597000
6	1396		2033.034407000
6	1418		2033.040812000
6	0		2033.041192000
6	0		2033.041212000
6	1396		2033.051217000
6	1396		2033.068044000
6	1396		2033.084867000
6	1396		2033.101710000
6	1418		2033.111477000
6	1396		2033.118508000
6	0		2033.133332000
6	1396		2033.135312000
6	1396		2033.152139000
6	1396		2033.168980000
6	1418		2033.182039000
6	1396		2033.185777000
6	1396		2033.202624000
6	1396		2033.219508000
6	1396		2033.236250000
6	1418		2033.252679000
6	1396		2033.253050000
6	1396		2033.269883000
6	0		2033.270887000
6	1396		2033.286712000
6	1396		2033.303524000
6	1396		2033.320370000
6	1418		2033.323265000
6	1396		2033.337193000
6	1396		2033.353995000
6	0		2033.363228000
6	0		2033.363258000
6	1396		2033.370913000
6	1396		2033.387647000
6	1418		2033.393887000
6	1396		2033.404462000
6	1396		2033.421321000
6	1396		2033.438162000
6	0		2033.454902000
6	1396		2033.454945000
6	1418		2033.464522000
6	1396		2033.471749000
6	1396		2033.488552000
6	1396		2033.505383000
6	1396		2033.522281000
6	1418		2033.535160000
6	1396		2033.539098000
6	0		2033.547075000
6	1396		2033.555843000
6	1396		2033.572724000
6	1396		2033.589548000
6	1418		2033.605782000
6	1396		2033.606294000
6	1396		2033.623263000
6	0		2033.638912000
6	1396		2033.639950000
6	1396		2033.656781000
6	1396		2033.673692000
6	1418		2033.676329000
6	0		2033.685619000
6	1396		2033.690498000
6	1396		2033.707238000
6	1396		2033.724090000
6	1396		2033.740992000
6	1418		2033.746955000
6	1396		2033.757723000
6	1396		2033.774606000
6	0		2033.777500000
6	1396		2033.791355000
6	1396		2033.808189000
6	1418		2033.817594000
6	1396		2033.825016000
6	1396		2033.841810000
6	1396		2033.858654000
6	0		2033.869210000
6	1396		2033.875492000
6	1418		2033.888184000
6	1396		2033.892305000
6	1396		2033.909122000
6	0		2033.915551000
6	1396		2033.925946000
6	1396		2033.942808000
6	1418		2033.958810000
6	1396		2033.959548000
6	1396		2033.976389000
6	1396		2033.993324000
6	0		2034.006997000
6	1396		2034.010029000
6	1396		2034.026918000
6	1418		2034.029433000
6	1396		2034.043712000
6	1396		2034.060516000
6	762		2034.077328000
6	0		2034.099232000
6	0		2034.099257000
6	1418		2034.100016000
6	1418		2034.170622000
6	0		2034.191498000
6	1418		2034.241269000
6	0		2034.283397000
6	0		2034.421103000
6	0		2034.513357000
6	0		2034.559574000
6	1418		2034.560825000
6	1418		2034.589061000
6	1418		2034.645567000
6	0		2034.651491000
6	1418		2034.702048000
6	0		2034.743192000
6	0		2034.834853000
6	0		2034.927048000
6	0		2035.019354000
6	1418		2035.020613000
6	1418		2035.048849000
6	0		2035.065492000
6	0		2035.157449000
6	0		2035.294879000
6	0		2035.387257000
6	0		2035.479306000
6	0		2035.479350000
6	0		2035.570913000
6	0		2035.663383000
6	0		2035.801736000
6	0		2035.892938000
6	0		2035.939062000
6	1418		2035.940291000
6	1418		2035.987358000
6	0		2036.031674000
6	0		2036.123192000
6	0		2036.215248000
6	0		2036.307544000
6	0		2036.399242000
6	0		2036.399270000
6	1418		2036.400498000
6	1418		2036.435800000
6	0		2036.491336000
6	0		2036.583608000
6	0		2036.721230000
6	0		2036.813553000
6	0		2036.859691000
6	1418		2036.860946000
6	1418		2036.896246000
6	0		2036.951663000
6	0		2037.043720000
6	0		2037.181101000
6	0		2037.273603000
6	0		2037.365685000
6	1418		2037.366923000
6	1418		2037.402267000
6	0		2037.410865000
6	0		2037.503815000
6	0		2037.595094000
6	0		2037.687451000
6	0		2037.779262000
6	0		2037.779289000
6	1418		2037.780496000
6	1418		2037.815827000
6	0		2037.871343000
6	0		2037.963685000
6	0		2038.101097000
6	0		2038.193381000
6	0		2038.240098000
6	0		2038.331452000
6	0		2038.422954000
6	0		2038.561118000
6	0		2038.653479000
6	0		2038.744856000
6	0		2038.791099000
6	0		2038.883432000
6	0		2038.975734000
6	0		2039.067011000
6	0		2039.159335000
6	0		2039.205471000
6	0		2039.297772000
6	0		2039.435245000
6	0		2039.527532000
6	0		2039.571128000
6	0		2039.572858000
6	0		2039.581308000
6	0		2039.619463000
6	0		2039.665724000
6	0		2039.756898000
6	0		2039.756923000
6	1396		2039.803140000
6	327		2039.803172000
6	0		2039.814303000
6	0		2039.814342000
6	1396		2039.815487000
6	0		2039.849520000
6	1396		2039.862834000
6	0		2039.884367000
6	1396		2039.911395000
6	0		2039.941797000
6	1396		2039.959951000
6	1396		2040.008513000
6	0		2040.033327000
6	1396		2040.057068000
6	1396		2040.105646000
6	1396		2040.154178000
6	0		2040.157488000
6	1396		2040.202746000
6	1396		2040.251440000
6	0		2040.281165000
6	1396		2040.299866000
6	1396		2040.348426000
6	1396		2040.396987000
6	0		2040.405228000
6	1396		2040.445615000
6	1396		2040.494112000
6	0		2040.529068000
6	1418		2040.530306000
6	1396		2040.542663000
6	1418		2040.565630000
6	0		2040.590877000
6	1396		2040.591193000
6	0		2040.599341000
6	1396		2040.639774000
6	0		2040.653109000
6	1418		2040.654363000
6	1396		2040.688322000
6	1418		2040.706859000
6	1396		2040.736877000
6	0		2040.777524000
6	1418		2040.778759000
6	1396		2040.785445000
6	1396		2040.834014000
6	0		2040.839262000
6	517		2040.839295000
6	0		2040.839307000
6	0		2040.847769000
6	1418		2040.848055000
6	2792		2040.849960000
6	2386		2040.850001000
6	1396		2040.882628000
6	1396		2040.931128000
6	0		2040.963253000
6	0		2040.963289000
6	0		2040.963298000
6	1418		2040.964542000
6	1396		2040.979676000
6	1396		2041.028249000
6	1396		2041.076904000
6	0		2041.087133000
6	1396		2041.125368000
6	1396		2041.174078000
6	0		2041.210832000
6	1396		2041.222540000
6	1396		2041.271077000
6	1396		2041.319602000
6	0		2041.335504000
6	1396		2041.368175000
6	1396		2041.416785000
6	0		2041.459601000
6	1396		2041.465296000
6	1396		2041.513904000
6	1396		2041.562375000
6	0		2041.583391000
6	1396		2041.611011000
6	1396		2041.659538000
6	0		2041.707443000
6	1396		2041.708037000
6	1396		2041.756601000
6	1396		2041.805165000
6	0		2041.831266000
6	1396		2041.853732000
6	0		2041.893064000
6	1396		2041.902291000
6	1396		2041.950937000
6	0		2041.955214000
6	1418		2041.956428000
6	1418		2041.991752000
6	1396		2041.999404000
6	0		2042.017374000
6	1396		2042.047971000
6	1418		2042.062349000
6	0		2042.078831000
6	1396		2042.096523000
6	1418		2042.133058000
6	1396		2042.145090000
6	1396		2042.193724000
6	1418		2042.203587000
6	1396		2042.242195000
6	0		2042.265356000
6	0		2042.265385000
6	1418		2042.274191000
6	1396		2042.290762000
6	1396		2042.339308000
6	1418		2042.344857000
6	1396		2042.387856000
6	1418		2042.415531000
6	1396		2042.436445000
6	0		2042.451373000
6	1396		2042.485060000
6	1418		2042.486016000
6	1396		2042.533547000
6	1418		2042.556652000
6	0		2042.574957000
6	1396		2042.582115000
6	1418		2042.627307000
6	1396		2042.630639000
6	0		2042.636899000
6	0		2042.636919000
6	0		2042.636924000
6	1396		2042.679220000
6	1418		2042.697887000
6	0		2042.699039000
6	1396		2042.727784000
6	0		2042.761579000
6	64		2042.761601000
6	1418		2042.768501000
6	0		2042.774354000
6	1396		2042.776317000
6	1396		2042.824985000
6	1418		2042.839099000
6	1396		2042.873436000
6	0		2042.885481000
6	1418		2042.909794000
6	1396		2042.922004000
6	1396		2042.970605000
6	1418		2042.980470000
6	1418		2043.050942000
6	0		2043.070900000
6	1396		2043.081952000
6	1396		2043.106262000
6	1418		2043.121574000
6	1396		2043.154823000
6	1418		2043.192192000
6	0		2043.195140000
6	1396		2043.203735000
6	1396		2043.251900000
6	0		2043.257296000
6	1418		2043.262865000
6	1396		2043.300469000
6	0		2043.319504000
6	1418		2043.333461000
6	1396		2043.349012000
6	1396		2043.397566000
6	1418		2043.404037000
6	0		2043.443456000
6	1396		2043.446110000
6	1418		2043.474635000
6	1356		2043.494697000
6	1418		2043.545274000
6	0		2043.567173000
6	1418		2043.615893000
6	1418		2043.686471000
6	0		2043.691393000
6	1418		2043.757089000
6	0		2043.815125000
6	1418		2043.827716000
6	0		2043.939208000
6	0		2044.063481000
6	0		2044.187012000
6	0		2044.311265000
6	1418		2044.312502000
6	1418		2044.347827000
6	1418		2044.418424000
6	0		2044.435422000
6	1418		2044.489049000
6	0		2044.620891000
6	35		2044.620917000
6	1418		2044.622128000
6	1418		2044.657416000
6	0		2044.683738000
6	1418		2044.728039000
6	1418		2044.798664000
6	561		2044.807192000
6	39		2044.807215000
6	0		2044.807220000
6	0		2044.808903000
6	0		2044.808931000
6	39		2044.808973000
6	69		2044.814722000
6	70		2044.825263000
6	0		2044.931787000
6	1418		2044.933006000
6	1418		2044.961345000
6	0		2044.992955000
6	1418		2045.017765000
6	1418		2045.074297000
6	0		2045.178809000
6	0		2045.240818000
6	1418		2045.242054000
6	1418		2045.270302000
6	1418		2045.326792000
6	0		2045.365789000
6	1418		2045.383299000
6	0		2045.550981000
6	1418		2045.552204000
6	1418		2045.580468000
6	0		2045.613293000
6	64		2045.613327000
6	0		2045.621749000
6	1418		2045.636930000
6	1418		2045.693423000
6	0		2045.799517000
6	0		2045.861154000
6	0		2045.861178000
6	0		2045.861726000
6	1418		2045.862370000
6	1418		2045.890632000
6	1396		2045.923310000
6	327		2045.923335000
6	0		2045.931783000
6	0		2045.931828000
6	2792		2045.934449000
6	1396		2045.934478000
6	4188		2045.934534000
6	1418		2045.947136000
6	1396		2045.950563000
6	1396		2045.966608000
6	1396		2045.982630000
6	1396		2045.998673000
6	1418		2046.003587000
6	1396		2046.014704000
6	1396		2046.030751000
6	1396		2046.046783000
6	0		2046.046941000
6	1396		2046.062882000
6	1396		2046.078874000
6	1396		2046.094887000
6	0		2046.109111000
6	1418		2046.110413000
6	1396		2046.110907000
6	1396		2046.126955000
6	1418		2046.138635000
6	1396		2046.142987000
6	1396		2046.159026000
6	1396		2046.175059000
6	1396		2046.191105000
6	1418		2046.195190000
6	1396		2046.207138000
6	1396		2046.223172000
6	1396		2046.239214000
6	1418		2046.251646000
6	1396		2046.255247000
6	1396		2046.271279000
6	1396		2046.287319000
6	0		2046.295653000
6	1396		2046.303365000
6	1396		2046.319390000
6	1396		2046.335451000
6	1396		2046.351488000
6	1396		2046.367518000
6	1396		2046.383561000
6	1396		2046.399579000
6	1396		2046.415629000
6	0		2046.418874000
6	1418		2046.420102000
6	1396		2046.431661000
6	1396		2046.447690000
6	1396		2046.463768000
6	1396		2046.479761000
6	0		2046.481218000
6	1396		2046.495854000
6	1396		2046.511821000
6	1396		2046.527868000
6	1396		2046.543908000
6	1396		2046.559948000
6	0		2046.605252000
6	0		2046.667406000
6	1418		2046.668655000
6	1418		2046.715721000
6	0		2046.853378000
6	0		2046.977726000
6	0		2047.039399000
6	0		2047.224890000
6	0		2047.287074000
6	0		2047.473353000
6	0		2047.473403000
6	0		2047.473979000
6	0		2047.535635000
6	0		2047.659611000
6	0		2047.721473000
6	0		2047.722003000
6	0		2047.781856000
6	0		2047.783202000
6	734		2047.783223000
6	67		2047.786705000
6	31		2047.791710000
6	0		2047.907088000
6	35		2047.969274000
6	0		2047.970511000
6	0		2048.029841000
6	0		2048.093201000
6	0		2048.217592000
6	0		2048.279870000
6	39		2048.279895000
6	0		2048.287023000
6	0		2048.341085000
6	0		2048.465272000
6	0		2048.465300000
6	0		2048.465857000
6	0		2048.589237000
6	0		2048.713290000
6	0		2048.713317000
6	0		2048.713868000
6	0		2048.837257000
6	0		2048.961579000
6	0		2049.084884000
6	0		2049.209267000
6	0		2049.209299000
6	1418		2049.210532000
6	1396		2049.218804000
6	0		2049.271128000
6	1396		2049.280645000
6	0		2049.332936000
6	1396		2049.342474000
6	0		2049.395090000
6	1396		2049.404621000
6	0		2049.456913000
6	1396		2049.466460000
6	0		2049.519095000
6	1396		2049.528738000
6	0		2049.581059000
6	0		2049.581103000
6	1418		2049.582338000
6	1396		2049.590586000
6	0		2049.643254000
6	1396		2049.652894000
6	0		2049.705255000
6	1396		2049.714798000
6	0		2049.829385000
6	1396		2049.838921000
6	0		2049.891292000
6	1418		2049.892543000
6	0		2049.953706000
6	1396		2049.963256000
6	1396		2049.971246000
6	0		2050.077915000
6	1396		2050.087485000
6	1396		2050.095514000
6	0		2050.201114000
6	1396		2050.210735000
6	1396		2050.218649000
6	0		2050.387315000
6	0		2050.387340000
6	1418		2050.388570000
6	1396		2050.396836000
6	1396		2050.404839000
6	0		2050.449289000
6	0		2050.449909000
6	0		2050.573238000
6	1396		2050.582758000
6	1396		2050.590760000
6	0		2050.697174000
6	1396		2050.706728000
6	1396		2050.714716000
6	0		2050.759368000
6	0		2050.759395000
6	0		2050.759910000
6	1418		2050.760618000
6	1418		2050.798642000
6	0		2050.883074000
6	1396		2050.892594000
6	1396		2050.900663000
6	0		2051.069291000
6	1396		2051.078836000
6	1396		2051.086877000
6	0		2051.193346000
6	1396		2051.202888000
6	1396		2051.210891000
6	0		2051.317348000
6	1396		2051.326905000
6	1396		2051.334948000
6	0		2051.441349000
6	0		2051.441383000
6	1418		2051.442628000
6	1396		2051.450930000
6	1396		2051.458889000
6	0		2051.503657000
6	1396		2051.513191000
6	1396		2051.521205000
6	0		2051.627835000
6	1396		2051.637365000
6	1396		2051.645379000
6	0		2051.813092000
6	1396		2051.822641000
6	1396		2051.830636000
6	0		2051.937107000
6	1396		2051.946664000
6	1396		2051.954640000
6	0		2052.061102000
6	1396		2052.070637000
6	1396		2052.078642000
6	0		2052.185230000
6	0		2052.185255000
6	1418		2052.186495000
6	1396		2052.194773000
6	1396		2052.202775000
6	1418		2052.224510000
6	0		2052.371397000
6	0		2052.371440000
6	0		2052.371446000
6	0		2052.371452000
6	0		2052.371457000
6	517		2052.371461000
6	517		2052.371466000
6	0		2052.371472000
6	0		2052.372031000
6	0		2052.372065000
6	1418		2052.372654000
6	2792		2052.373228000
6	2387		2052.373260000
6	2792		2052.373312000
6	2387		2052.373357000
6	1418		2052.410685000
6	0		2052.433627000
6	1396		2052.443195000
6	1418		2052.486652000
6	0		2052.557398000
6	1418		2052.562639000
6	1396		2052.566963000
6	1396		2052.574972000
6	0		2052.681486000
6	1396		2052.691059000
6	1396		2052.699020000
6	0		2052.805597000
6	1396		2052.815167000
6	1396		2052.823163000
6	0		2052.867757000
6	1418		2052.869021000
6	1418		2052.906998000
6	1418		2052.983008000
6	0		2052.991455000
6	1396		2053.001036000
6	1396		2053.009024000
6	1418		2053.059014000
6	0		2053.115637000
6	1396		2053.125190000
6	1396		2053.133208000
6	1418		2053.135003000
6	1418		2053.211011000
6	1418		2053.286997000
6	0		2053.301427000
6	1396		2053.310980000
6	1396		2053.318969000
6	1396		2053.335049000
6	1396		2053.351080000
6	1418		2053.362964000
6	0		2053.363174000
6	1396		2053.367100000
6	1396		2053.383154000
6	1396		2053.399191000
6	935		2053.415200000
6	0		2053.425417000
6	1418		2053.438985000
6	0		2053.487170000
6	1418		2053.514985000
6	0		2053.549391000
6	1418		2053.590957000
6	0		2053.611369000
6	1418		2053.666966000
6	0		2053.673339000
6	0		2053.735569000
6	0		2053.735602000
6	1418		2053.742954000
6	0		2053.797363000
6	1418		2053.818951000
6	0		2053.859390000
6	1418		2053.894975000
6	0		2053.921408000
6	1418		2053.970930000
6	0		2053.983575000
6	0		2053.983605000
6	1418		2054.046931000
6	0		2054.107438000
6	1418		2054.122933000
6	0		2054.169333000
6	1418		2054.198932000
6	0		2054.231332000
6	1418		2054.274987000
6	0		2054.293580000
6	1418		2054.350930000
6	0		2054.355229000
6	0		2054.417461000
6	0		2054.417490000
6	1418		2054.426907000
6	0		2054.479445000
6	1418		2054.502931000
6	0		2054.541613000
6	1418		2054.578916000
6	1418		2054.654895000
6	0		2054.665385000
6	0		2054.727738000
6	1418		2054.730914000
6	0		2054.789471000
6	1418		2054.806919000
6	0		2054.851232000
6	1418		2054.882900000
6	0		2054.913237000
6	1418		2054.958853000
6	0		2054.975174000
6	1418		2055.034896000
6	0		2055.037210000
6	0		2055.037241000
6	0		2055.099348000
6	1418		2055.110887000
6	0		2055.161212000
6	1418		2055.186847000
6	0		2055.223104000
6	1418		2055.262884000
6	0		2055.285245000
6	1418		2055.338850000
6	0		2055.347407000
6	1418		2055.414848000
6	0		2055.471131000
6	1418		2055.490836000
6	0		2055.533137000
6	1418		2055.566845000
6	0		2055.595270000
6	1418		2055.642840000
6	1418		2055.718837000
6	0		2055.719030000
6	0		2055.781185000
6	1418		2055.794830000
6	0		2055.843151000
6	1418		2055.870818000
6	0		2055.904921000
6	0		2055.904960000
6	64		2055.904968000
6	0		2055.910839000
6	1418		2055.946825000
6	1396		2055.967126000
6	0		2055.967152000
6	0		2055.967754000
6	1418		2056.022815000
6	0		2056.029122000
6	0		2056.091289000
6	64		2056.091320000
6	0		2056.091329000
6	0		2056.096798000
6	1418		2056.098791000
6	1418		2056.174828000
6	0		2056.215092000
6	1418		2056.250803000
6	0		2056.277271000
6	1418		2056.326800000
6	0		2056.401345000
6	1418		2056.402778000
6	0		2056.463014000
6	1418		2056.478788000
6	0		2056.525105000
6	1418		2056.539568000
6	0		2056.586840000
6	1418		2056.600375000
6	0		2056.649078000
6	1418		2056.661172000
6	0		2056.711734000
6	0		2056.711764000
6	1418		2056.721968000
6	1418		2056.782782000
6	0		2056.835346000
6	1418		2056.843550000
6	1418		2056.904363000
6	0		2056.959000000
6	1418		2056.965147000
6	0		2057.021463000
6	1418		2057.025954000
6	0		2057.083110000
6	1418		2057.086721000
6	1396		2057.145199000
6	439		2057.145230000
6	0		2057.145238000
6	1418		2057.147535000
6	0		2057.156281000
6	1396		2057.157636000
6	1396		2057.204828000
6	0		2057.207415000
6	1418		2057.208296000
6	1396		2057.253380000
6	1418		2057.269148000
6	1396		2057.301971000
6	1418		2057.329940000
6	0		2057.331231000
6	1396		2057.350511000
6	1418		2057.390733000
6	0		2057.393107000
6	1396		2057.399045000
6	1396		2057.447632000
6	1418		2057.451498000
6	0		2057.455331000
6	1396		2057.496185000
6	1418		2057.512326000
6	0		2057.517260000
6	0		2057.517287000
6	1396		2057.544724000
6	1418		2057.573198000
6	0		2057.579638000
6	1396		2057.593278000
6	1418		2057.633914000
6	1396		2057.641833000
6	1396		2057.690421000
6	1418		2057.694707000
6	0		2057.702974000
6	1396		2057.738960000
6	1418		2057.755476000
6	0		2057.765152000
6	1396		2057.787517000
6	1418		2057.816300000
6	0		2057.827329000
6	1396		2057.836077000
6	1418		2057.877092000
6	1396		2057.884639000
6	0		2057.888898000
6	1396		2057.933209000
6	1418		2057.937863000
6	0		2057.951129000
6	1396		2057.981767000
6	1418		2057.998705000
6	1396		2058.030319000
6	1418		2058.059492000
6	0		2058.075154000
6	1396		2058.078868000
6	1396		2058.127445000
6	1396		2058.175995000
6	0		2058.199031000
6	1396		2058.224548000
6	1396		2058.273084000
6	1396		2058.321658000
6	0		2058.323102000
6	1396		2058.370224000
6	1396		2058.418801000
6	0		2058.447740000
6	1396		2058.467352000
6	1396		2058.515894000
6	1396		2058.564453000
6	0		2058.570827000
6	1396		2058.613007000
6	1396		2058.661572000
6	0		2058.695451000
6	1396		2058.710115000
6	1396		2058.758661000
6	1396		2058.807314000
6	0		2058.819585000
6	1396		2058.855807000
6	1396		2058.904418000
6	0		2058.943370000
6	1396		2058.952893000
6	1396		2059.001486000
6	1396		2059.050050000
6	0		2059.067027000
6	1396		2059.098601000
6	1396		2059.147139000
6	0		2059.191048000
6	1396		2059.195708000
6	1396		2059.244267000
6	0		2059.253717000
6	1396		2059.292847000
6	1396		2059.341442000
6	0		2059.377371000
6	1396		2059.389928000
6	1396		2059.438487000
6	1396		2059.487036000
6	0		2059.501458000
6	1396		2059.535601000
6	1396		2059.584152000
6	0		2059.625073000
6	1396		2059.632713000
6	1396		2059.681269000
6	1396		2059.729858000
6	0		2059.749687000
6	1396		2059.778429000
6	1396		2059.826956000
6	0		2059.872850000
6	306		2059.872888000
6	0		2059.873467000
6	1396		2059.874213000
6	1396		2059.874257000
6	2408		2059.874307000
6	1396		2059.875497000
6	1396		2059.924099000
6	1396		2059.972621000
6	0		2059.997706000
6	1396		2060.021186000
6	1396		2060.069730000
6	1396		2060.118309000
6	0		2060.121636000
6	1396		2060.166862000
6	1396		2060.215417000
6	0		2060.245407000
6	1396		2060.264013000
6	1396		2060.312538000
6	1396		2060.361099000
6	0		2060.369459000
6	1396		2060.409652000
6	1396		2060.458213000
6	0		2060.493177000
6	1396		2060.506758000
6	1396		2060.555308000
6	1396		2060.603881000
6	0		2060.617143000
6	1396		2060.652443000
6	1396		2060.701013000
6	0		2060.741328000
6	1418		2060.742551000
6	1396		2060.749543000
6	1418		2060.780561000
6	1396		2060.798160000
6	1396		2060.846679000
6	0		2060.865588000
6	1418		2060.866829000
6	1396		2060.895242000
6	1418		2060.931528000
6	1396		2060.943787000
6	0		2060.989769000
6	1396		2060.992343000
6	1418		2061.006522000
6	1396		2061.040905000
6	1418		2061.079897000
6	1396		2061.089457000
6	1396		2061.138055000
6	1418		2061.153233000
6	0		2061.175323000
6	0		2061.175349000
6	1396		2061.186564000
6	1418		2061.226620000
6	1396		2061.235142000
6	1396		2061.283688000
6	1396		2061.332255000
6	0		2061.361224000
6	1418		2061.362452000
6	1396		2061.380802000
6	1418		2061.399143000
6	0		2061.422824000
6	1396		2061.429362000
6	1396		2061.477927000
6	1396		2061.526494000
6	1396		2061.575066000
6	0		2061.608993000
6	1418		2061.610225000
6	1396		2061.623602000
6	1418		2061.646899000
6	0		2061.671554000
6	1396		2061.672141000
6	1396		2061.720704000
6	1396		2061.769255000
6	1396		2061.817827000
6	0		2061.857300000
6	1396		2061.866517000
6	1396		2061.914950000
6	0		2061.919484000
6	1418		2061.920744000
6	1418		2061.957426000
6	1396		2061.963490000
6	63		2062.012059000
6	0		2062.105566000
6	0		2062.167751000
6	1418		2062.168993000
6	1418		2062.205679000
6	0		2062.228968000
6	0		2062.415523000
6	1418		2062.416768000
6	1418		2062.453433000
6	0		2062.477801000
6	0		2062.663244000
6	1418		2062.664473000
6	1418		2062.701170000
6	0		2062.725467000
6	0		2062.911161000
6	0		2062.973362000
6	1418		2062.974605000
6	1418		2063.011296000
6	1418		2063.084670000
6	1418		2063.158023000
6	0		2063.159350000
6	0		2063.283770000
6	0		2063.345061000
6	1418		2063.346335000
6	1418		2063.383004000
6	0		2063.407283000
6	0		2063.531709000
6	0		2063.655037000
6	0		2063.779524000
6	0		2063.903678000
6	0		2064.027105000
6	0		2064.089292000
6	0		2064.213647000
6	0		2064.336940000
6	0		2064.461308000
6	0		2064.585705000
6	0		2064.709138000
6	0		2064.833569000
6	0		2064.956883000
6	0		2065.081244000
6	0		2065.205630000
6	0		2065.329070000
6	0		2065.391189000
6	0		2065.453346000
6	0		2065.514908000
6	0		2065.514937000
6	1396		2065.577151000
6	323		2065.577186000
6	0		2065.586794000
6	1396		2065.588035000
6	1396		2065.602820000
6	1396		2065.618915000
6	1012		2065.634926000
6	0		2065.638897000
6	0		2065.763623000
6	0		2065.887068000
6	0		2066.011432000
6	0		2066.135689000
6	0		2066.259008000
6	0		2066.383359000
6	0		2066.507111000
6	0		2066.631113000
6	0		2066.817524000
6	1418		2066.818806000
6	1418		2066.855457000
6	0		2066.879731000
6	1418		2066.928845000
6	1418		2067.002192000
6	0		2067.003324000
6	1418		2067.075588000
6	0		2067.127090000
6	1418		2067.148930000
6	0		2067.189263000
6	1418		2067.222312000
6	1418		2067.295646000
6	1418		2067.369021000
6	0		2067.375349000
6	0		2067.436845000
6	1418		2067.442400000
6	0		2067.498920000
6	1418		2067.515759000
6	1418		2067.589116000
6	1418		2067.662484000
6	0		2067.685517000
6	1418		2067.735815000
6	0		2067.746988000
6	1418		2067.809213000
6	0		2067.871501000
6	1418		2067.882585000
6	1418		2067.955936000
6	1418		2068.029358000
6	0		2068.057396000
6	1418		2068.102696000
6	0		2068.118943000
6	1418		2068.176037000
6	0		2068.243607000
6	1418		2068.249391000
6	1418		2068.322758000
6	1396		2068.367129000
6	0		2068.372837000
6	1418		2068.396143000
6	422		2068.429356000
6	0		2068.429389000
6	0		2068.429990000
6	2792		2068.466351000
6	1418		2068.469489000
6	1396		2068.487808000
6	0		2068.491699000
6	1396		2068.509296000
6	1396		2068.530860000
6	1418		2068.542877000
6	1396		2068.552295000
6	1396		2068.573781000
6	1396		2068.595314000
6	0		2068.615686000
6	1418		2068.616217000
6	1396		2068.616735000
6	1396		2068.638254000
6	1396		2068.659765000
6	1396		2068.681264000
6	1418		2068.689583000
6	1396		2068.702734000
6	1396		2068.724245000
6	0		2068.739270000
6	1396		2068.745761000
6	1418		2068.762946000
6	1396		2068.767238000
6	1396		2068.788731000
6	1396		2068.810220000
6	1396		2068.831706000
6	1418		2068.836290000
6	1396		2068.853188000
6	0		2068.863021000
6	1396		2068.874689000
6	1396		2068.896212000
6	1418		2068.909702000
6	1396		2068.917688000
6	1396		2068.939173000
6	1396		2068.960666000
6	1396		2068.982159000
6	1418		2068.983042000
6	0		2068.987115000
6	1396		2069.003633000
6	1396		2069.025151000
6	1396		2069.046708000
6	0		2069.049388000
6	1418		2069.056424000
6	1396		2069.068129000
6	907		2069.089622000
6	1418		2069.129771000
6	0		2069.173096000
6	1418		2069.203129000
6	1418		2069.276504000
6	0		2069.297589000
6	1418		2069.349913000
6	0		2069.421383000
6	323		2069.421415000
6	1418		2069.423213000
6	0		2069.430936000
6	1418		2069.496590000
6	0		2069.545381000
6	1418		2069.570007000
6	1418		2069.643315000
6	0		2069.669414000
6	1418		2069.716688000
6	1418		2069.790091000
6	0		2069.793147000
6	0		2069.855540000
6	1418		2069.863422000
6	0		2069.917735000
6	0		2069.917758000
6	1418		2069.936774000
6	0		2069.978931000
6	1418		2070.010163000
6	1418		2070.083517000
6	0		2070.103641000
6	1418		2070.156876000
6	0		2070.227337000
6	1418		2070.230240000
6	1418		2070.303591000
6	0		2070.351765000
6	1418		2070.376984000
6	1418		2070.450346000
6	0		2070.475537000
6	1418		2070.523698000
6	1418		2070.597113000
6	0		2070.599118000
6	1418		2070.670428000
6	0		2070.723762000
6	1418		2070.743792000
6	1418		2070.817166000
6	0		2070.847308000
6	1418		2070.890523000
6	1418		2070.963892000
6	0		2070.970963000
6	1418		2071.037256000
6	0		2071.095550000
6	1418		2071.110618000
6	1418		2071.183990000
6	0		2071.219109000
6	1418		2071.257404000
6	1418		2071.330725000
6	0		2071.343024000
6	1418		2071.404073000
6	0		2071.467288000
6	0		2071.467317000
6	1418		2071.477442000
6	0		2071.529628000
6	1418		2071.550812000
6	1418		2071.624193000
6	0		2071.653629000
6	1418		2071.697552000
6	0		2071.715327000
6	1418		2071.770896000
6	0		2071.839326000
6	0		2071.839361000
6	1418		2071.844290000
6	1418		2071.917640000
6	0		2071.962898000
6	1418		2071.990996000
6	1418		2072.064353000
6	0		2072.087382000
6	1418		2072.137742000
6	1418		2072.211101000
6	0		2072.211319000
6	1418		2072.284481000
6	0		2072.335584000
6	1418		2072.357815000
6	0		2072.396909000
6	1418		2072.431205000
6	1418		2072.504545000
6	0		2072.521639000
6	1418		2072.577937000
6	1418		2072.651275000
6	0		2072.707561000
6	1418		2072.724658000
6	1418		2072.798021000
6	0		2072.831188000
6	1418		2072.871385000
6	0		2072.893611000
6	1418		2072.944769000
6	0		2073.017305000
6	1418		2073.018123000
6	1418		2073.091486000
6	1418		2073.164854000
6	0		2073.202927000
6	1418		2073.238251000
6	1418		2073.311630000
6	0		2073.327027000
6	1418		2073.384955000
6	0		2073.451467000
6	1418		2073.458317000
6	0		2073.513653000
6	1418		2073.531676000
6	1418		2073.605033000
6	0		2073.637121000
6	1418		2073.678397000
6	1418		2073.751765000
6	0		2073.761151000
6	1396		2073.823311000
6	310		2073.823338000
6	0		2073.823345000
6	0		2073.823902000
6	1396		2073.824623000
6	1418		2073.825111000
6	1396		2073.845398000
6	1396		2073.866869000
6	1396		2073.888383000
6	1418		2073.898498000
6	1396		2073.909878000
6	1396		2073.931395000
6	0		2073.947457000
6	1396		2073.952849000
6	1418		2073.971859000
6	1396		2073.974372000
6	1396		2073.995854000
6	1396		2074.017360000
6	1396		2074.038826000
6	1418		2074.045246000
6	1396		2074.060372000
6	0		2074.071336000
6	1396		2074.081820000
6	1396		2074.103325000
6	1418		2074.118598000
6	1396		2074.124816000
6	1396		2074.146284000
6	1396		2074.167809000
6	1396		2074.189309000
6	1418		2074.191917000
6	0		2074.195307000
6	1396		2074.210795000
6	1396		2074.232294000
6	1396		2074.253773000
6	1418		2074.265302000
6	1396		2074.275280000
6	1396		2074.296763000
6	1396		2074.318259000
6	0		2074.319223000
6	1418		2074.338670000
6	1396		2074.339769000
6	1396		2074.361239000
6	1396		2074.382725000
6	1396		2074.404239000
6	1418		2074.412028000
6	1396		2074.425714000
6	0		2074.443675000
6	1396		2074.447182000
6	1396		2074.468698000
6	1418		2074.485426000
6	1396		2074.490205000
6	1396		2074.511670000
6	1396		2074.533179000
6	1396		2074.554695000
6	1418		2074.558785000
6	0		2074.567698000
6	1396		2074.576165000
6	1396		2074.597657000
6	1396		2074.619155000
6	1418		2074.632139000
6	1396		2074.640659000
6	1396		2074.662131000
6	1396		2074.683652000
6	0		2074.690816000
6	1396		2074.705117000
6	1418		2074.705488000
6	1396		2074.726640000
6	1396		2074.748144000
6	1396		2074.769612000
6	1418		2074.778857000
6	0		2074.814885000
6	561		2074.814928000
6	39		2074.814937000
6	0		2074.816828000
6	0		2074.816868000
6	39		2074.816880000
6	69		2074.822293000
6	70		2074.832852000
6	1418		2074.852227000
6	1418		2074.925629000
6	0		2074.939810000
6	1418		2074.999125000
6	0		2075.063690000
6	1418		2075.072322000
6	1418		2075.145701000
6	0		2075.186880000
6	1418		2075.219074000
6	1418		2075.292425000
6	0		2075.311667000
6	1418		2075.365801000
6	0		2075.435452000
6	1418		2075.439140000
6	1418		2075.512529000
6	0		2075.559725000
6	1418		2075.585865000
6	1418		2075.659247000
6	0		2075.683370000
6	1418		2075.732623000
6	1418		2075.805977000
6	0		2075.807036000
6	1418		2075.879350000
6	0		2075.931504000
6	1418		2075.952710000
6	1418		2076.026068000
6	0		2076.055170000
6	1418		2076.099457000
6	1418		2076.172806000
6	0		2076.178994000
6	0		2076.241427000
6	1418		2076.246266000
6	1418		2076.319541000
6	0		2076.365771000
6	1418		2076.392918000
6	1418		2076.466263000
6	0		2076.489441000
6	0		2076.612900000
6	0		2076.737229000
6	0		2076.861714000
6	0		2076.985144000
6	0		2077.109478000
6	0		2077.233801000
6	0		2077.357189000
6	0		2077.481530000
6	0		2077.604971000
6	0		2077.791390000
6	0		2077.791429000
6	1396		2077.792066000
6	0		2077.853014000
6	1396		2077.853713000
6	1095		2077.864374000
6	0		2077.915525000
6	0		2077.976890000
6	0		2078.101221000
6	0		2078.163312000
6	0		2078.163364000
6	0		2078.225802000
6	0		2078.349075000
6	0		2078.411303000
6	0		2078.473446000
6	0		2078.535327000
6	0		2078.535370000
6	0		2078.658950000
6	0		2078.721130000
6	0		2078.721154000
6	0		2078.783322000
6	0		2078.845495000
6	0		2078.907674000
6	0		2078.968885000
6	0		2079.031060000
6	0		2079.155665000
6	0		2079.216866000
6	0		2079.278966000
6	0		2079.341170000
6	0		2079.403364000
6	0		2079.465558000
6	0		2079.527904000
6	0		2079.651001000
6	0		2079.713307000
6	0		2079.775531000
6	0		2079.837677000
6	0		2079.898883000
6	0		2079.960991000
6	0		2080.023172000
6	0		2080.085417000
6	0		2080.209671000
6	0		2080.270845000
6	0		2080.333000000
6	0		2080.395178000
6	0		2080.457338000
6	0		2080.519582000
6	0		2080.581791000
6	0		2080.642967000
6	0		2080.705170000
6	0		2080.767558000
6	0		2080.829756000
6	0		2080.890941000
6	0		2080.953115000
6	0		2081.015396000
6	0		2081.077528000
6	0		2081.139791000
6	0		2081.201032000
6	0		2081.263656000
6	39		2081.263728000
6	0		2081.269781000
6	0		2081.387233000
6	1418		2081.388495000
6	1418		2081.425191000
6	1418		2081.498544000
6	0		2081.511679000
6	1418		2081.571890000
6	0		2081.635289000
6	1418		2081.645260000
6	1418		2081.718636000
6	0		2081.759709000
6	1418		2081.791987000
6	1418		2081.865365000
6	0		2081.883484000
6	1418		2081.938721000
6	0		2082.007170000
6	1418		2082.012073000
6	1418		2082.085431000
6	0		2082.131541000
6	1418		2082.158828000
6	1418		2082.232200000
6	0		2082.255336000
6	1418		2082.305533000
6	1418		2082.378923000
6	0		2082.379411000
6	1418		2082.452265000
6	0		2082.503427000
6	1418		2082.525687000
6	1418		2082.599013000
6	0		2082.627157000
6	1418		2082.672373000
6	0		2082.689155000
6	1418		2082.745745000
6	0		2082.751149000
6	0		2082.813502000
6	1418		2082.819095000
6	1396		2082.875634000
6	422		2082.875662000
6	0		2082.876269000
6	1418		2082.893152000
6	1396		2082.927472000
6	0		2082.936824000
6	1396		2082.938177000
6	1396		2082.959685000
6	1418		2082.965844000
6	1396		2082.981188000
6	1396		2083.002660000
6	1396		2083.024182000
6	1418		2083.039193000
6	1396		2083.045725000
6	0		2083.061966000
6	1396		2083.067191000
6	1396		2083.088661000
6	1396		2083.110134000
6	1418		2083.112557000
6	1396		2083.131622000
6	1396		2083.153116000
6	1396		2083.174634000
6	0		2083.185134000
6	1418		2083.185908000
6	1396		2083.196114000
6	1396		2083.217624000
6	1396		2083.239096000
6	1418		2083.259283000
6	1396		2083.260581000
6	1396		2083.282093000
6	1396		2083.303572000
6	0		2083.309522000
6	1418		2083.332678000
6	1418		2083.406059000
6	0		2083.433157000
6	1418		2083.479381000
6	1418		2083.552743000
6	0		2083.556989000
6	1418		2083.626108000
6	0		2083.681460000
6	1418		2083.699494000
6	0		2083.743731000
6	1418		2083.772837000
6	1418		2083.846218000
6	0		2083.867268000
6	1418		2083.919591000
6	0		2083.991012000
6	1418		2083.992928000
6	1418		2084.066439000
6	0		2084.115377000
6	1418		2084.139683000
6	0		2084.177003000
6	1396		2084.177642000
6	1396		2084.188375000
6	1396		2084.209896000
6	1418		2084.213043000
6	1396		2084.231409000
6	0		2084.239171000
6	1396		2084.252852000
6	1396		2084.274385000
6	1418		2084.286390000
6	1396		2084.295863000
6	0		2084.301838000
6	1396		2084.317340000
6	1396		2084.338833000
6	1418		2084.359776000
6	1396		2084.360322000
6	1396		2084.381845000
6	1396		2084.403319000
6	1396		2084.424825000
6	0		2084.424942000
6	1418		2084.433106000
6	1396		2084.446323000
6	1396		2084.467793000
6	0		2084.487255000
6	0		2084.487281000
6	1396		2084.489279000
6	1418		2084.506488000
6	1396		2084.510792000
6	1396		2084.532317000
6	0		2084.549473000
6	1396		2084.553778000
6	1396		2084.575278000
6	1418		2084.579869000
6	1396		2084.596764000
6	1396		2084.618284000
6	1396		2084.639755000
6	1418		2084.653236000
6	1396		2084.661319000
6	0		2084.673270000
6	1396		2084.682754000
6	1396		2084.704218000
6	1418		2084.711906000
6	1396		2084.725740000
6	0		2084.735067000
6	1396		2084.747218000
6	1125		2084.768714000
6	1418		2084.770606000
6	0		2084.796967000
6	1418		2084.829298000
6	0		2084.859306000
6	0		2084.859343000
6	1418		2084.888004000
6	1418		2084.946684000
6	0		2084.983133000
6	1418		2085.005377000
6	0		2085.045320000
6	1418		2085.064060000
6	0		2085.107369000
6	1418		2085.122772000
6	0		2085.169126000
6	1418		2085.181480000
6	0		2085.231318000
6	1418		2085.240140000
6	0		2085.292882000
6	1418		2085.298841000
6	0		2085.355511000
6	1418		2085.357510000
6	1418		2085.416217000
6	1418		2085.474918000
6	0		2085.479230000
6	1418		2085.533602000
6	0		2085.540964000
6	1418		2085.592283000
6	0		2085.603147000
6	1418		2085.650987000
6	0		2085.665678000
6	1418		2085.709670000
6	1418		2085.768410000
6	0		2085.789094000
6	0		2085.913087000
6	1418		2085.914325000
6	1418		2085.963213000
6	0		2085.975424000
6	1418		2086.061047000
6	0		2086.098938000
6	1418		2086.158855000
6	0		2086.223427000
6	1418		2086.256704000
6	0		2086.347315000
6	0		2086.347350000
6	1418		2086.354491000
6	0		2086.409007000
6	1418		2086.452316000
6	0		2086.471190000
6	1418		2086.550144000
6	0		2086.595004000
6	1418		2086.648092000
6	0		2086.657446000
6	0		2086.719294000
6	0		2086.719327000
6	1418		2086.745795000
6	0		2086.843327000
6	0		2086.905802000
6	0		2086.966988000
6	0		2087.028858000
6	1418		2087.030122000
6	1418		2087.066798000
6	0		2087.090984000
6	0		2087.153239000
6	0		2087.215466000
6	0		2087.277727000
6	0		2087.400999000
6	0		2087.463148000
6	0		2087.525315000
6	0		2087.587478000
6	1418		2087.588710000
6	1418		2087.625404000
6	0		2087.649732000
6	0		2087.710922000
6	0		2087.773169000
6	0		2087.835021000
6	667		2087.835052000
6	0		2087.836497000
6	67		2087.838984000
6	31		2087.847086000
6	39		2087.851776000
6	0		2087.959251000
6	0		2088.021441000
6	0		2088.021477000
6	0		2088.083682000
6	1418		2088.084942000
6	1418		2088.121631000
6	0		2088.144911000
6	0		2088.207384000
6	0		2088.331354000
6	0		2088.454842000
6	0		2088.517132000
6	1396		2088.579273000
6	310		2088.579302000
6	0		2088.579310000
6	0		2088.579892000
6	1418		2088.580615000
6	1418		2088.617287000
6	0		2088.702905000
6	1418		2088.704145000
6	1418		2088.763995000
6	0		2088.827438000
6	1418		2088.837357000
6	1418		2088.910723000
6	0		2088.950824000
6	1418		2088.984097000
6	1418		2089.057464000
6	0		2089.075714000
6	1418		2089.130819000
6	1396		2089.139036000
6	1396		2089.149759000
6	1396		2089.171278000
6	1396		2089.192766000
6	0		2089.199189000
6	1418		2089.204190000
6	1396		2089.214252000
6	1396		2089.235732000
6	1396		2089.257253000
6	1396		2089.278740000
6	1396		2089.300233000
6	1396		2089.321716000
6	0		2089.323711000
6	1396		2089.343210000
6	1396		2089.364703000
6	1396		2089.386210000
6	1396		2089.407705000
6	1396		2089.429244000
6	0		2089.447127000
6	1396		2089.450671000
6	1396		2089.472160000
6	1396		2089.493786000
6	1396		2089.515152000
6	1396		2089.536634000
6	1396		2089.558153000
6	0		2089.571197000
6	1396		2089.579645000
6	1396		2089.601151000
6	1396		2089.622628000
6	1396		2089.644119000
6	1396		2089.665616000
6	1396		2089.687125000
6	0		2089.695029000
6	1396		2089.708660000
6	1396		2089.730098000
6	1396		2089.751576000
6	1396		2089.773104000
6	1396		2089.794637000
6	1396		2089.816068000
6	0		2089.819096000
6	1396		2089.837549000
6	1396		2089.859064000
6	1396		2089.880549000
6	1396		2089.902021000
6	1396		2089.923531000
6	0		2089.942909000
6	1396		2089.945014000
6	1396		2089.966570000
6	1396		2089.988001000
6	1396		2090.009493000
6	1396		2090.030992000
6	1396		2090.052488000
6	0		2090.067500000
6	1396		2090.074008000
6	1396		2090.095480000
6	1396		2090.116982000
6	1095		2090.138465000
6	0		2090.191411000
6	0		2090.252998000
6	0		2090.377170000
6	0		2090.501171000
6	39		2090.501194000
6	0		2090.508128000
6	0		2090.563415000
6	0		2090.625582000
6	0		2090.748868000
6	1418		2090.750118000
6	0		2090.873735000
6	1418		2090.875009000
6	1418		2090.911633000
6	0		2090.997074000
6	1418		2090.998350000
6	1418		2091.058393000
6	0		2091.059418000
6	1418		2091.131745000
6	0		2091.183066000
6	1418		2091.205107000
6	0		2091.245271000
6	1418		2091.278496000
6	0		2091.369056000
6	0		2091.555382000
6	0		2091.617281000
6	1418		2091.618516000
6	0		2091.679742000
6	0		2091.803269000
6	0		2091.927543000
6	0		2092.050820000
6	0		2092.175186000
6	0		2092.299562000
6	0		2092.422890000
6	0		2092.547353000
6	0		2092.671603000
6	0		2092.794947000
6	0		2092.857241000
6	0		2092.981394000
6	0		2093.105756000
6	0		2093.229116000
6	0		2093.353527000
6	0		2093.476864000
6	0		2093.601297000
6	0		2093.725740000
6	0		2093.849114000
6	0		2093.973498000
6	0		2094.097639000
6	1396		2094.158838000
6	422		2094.158869000
6	0		2094.159443000
6	0		2094.221409000
6	1418		2094.222757000
6	1396		2094.223697000
6	1396		2094.234420000
6	1396		2094.255909000
6	1418		2094.259351000
6	1396		2094.277389000
6	1396		2094.298941000
6	1396		2094.320389000
6	1418		2094.332721000
6	1396		2094.341899000
6	0		2094.344873000
6	1396		2094.363377000
6	1396		2094.384863000
6	1418		2094.406077000
6	1396		2094.406367000
6	1396		2094.427857000
6	1396		2094.449421000
6	0		2094.469752000
6	1396		2094.470865000
6	1418		2094.479431000
6	1396		2094.492334000
6	1396		2094.513842000
6	0		2094.530964000
6	1396		2094.535373000
6	1418		2094.552783000
6	1396		2094.556808000
6	1396		2094.578310000
6	1396		2094.599810000
6	1396		2094.621326000
6	1418		2094.626146000
6	1396		2094.642788000
6	0		2094.654814000
6	1396		2094.664278000
6	1396		2094.685781000
6	1418		2094.699514000
6	1396		2094.707275000
6	1396		2094.728770000
6	1396		2094.750271000
6	1396		2094.771760000
6	1418		2094.772872000
6	0		2094.779703000
6	1396		2094.793244000
6	1396		2094.814739000
6	1396		2094.836228000
6	1418		2094.846259000
6	1396		2094.857733000
6	1396		2094.879246000
6	1396		2094.900731000
6	0		2094.903350000
6	1418		2094.919602000
6	1396		2094.922176000
6	1396		2094.943695000
6	0		2094.965132000
6	1396		2094.965193000
6	1396		2094.986677000
6	1418		2094.992979000
6	1396		2095.008189000
6	0		2095.027339000
6	1396		2095.029675000
6	1396		2095.051167000
6	1418		2095.066358000
6	1396		2095.072677000
6	0		2095.089634000
6	1396		2095.094146000
6	1396		2095.115642000
6	301		2095.137136000
6	1418		2095.139716000
6	1418		2095.213092000
6	1418		2095.271759000
6	0		2095.275203000
6	0		2095.337314000
6	1418		2095.338549000
6	1418		2095.389159000
6	0		2095.399268000
6	0		2095.523658000
6	0		2095.647208000
6	0		2095.709350000
6	0		2095.833650000
6	0		2096.019300000
6	0		2096.143575000
6	0		2096.266943000
6	1418		2096.268202000
6	1418		2096.304869000
6	0		2096.329181000
6	0		2096.453538000
6	0		2096.576862000
6	0		2096.701170000
6	0		2096.763311000
6	1418		2096.764629000
6	1418		2096.801231000
6	0		2096.887663000
6	0		2097.011249000
6	0		2097.135322000
6	0		2097.258947000
6	1418		2097.260201000
6	1418		2097.296880000
6	0		2097.320968000
6	0		2097.445428000
6	0		2097.630918000
6	0		2097.755249000
6	0		2097.817402000
6	1418		2097.818629000
6	1418		2097.855344000
6	0		2097.941857000
6	0		2098.003475000
6	1396		2098.065206000
6	310		2098.065236000
6	0		2098.065777000
6	1396		2098.066501000
6	1396		2098.087306000
6	1396		2098.108810000
6	0		2098.127364000
6	1418		2098.128618000
6	1396		2098.130272000
6	1396		2098.151783000
6	1418		2098.165321000
6	1396		2098.173350000
6	1396		2098.194833000
6	1396		2098.216267000
6	1396		2098.237753000
6	0		2098.250850000
6	1418		2098.252102000
6	1396		2098.259261000
6	1396		2098.280758000
6	1396		2098.302238000
6	1418		2098.312027000
6	1396		2098.323749000
6	1396		2098.345214000
6	1396		2098.366767000
6	0		2098.375521000
6	1418		2098.385391000
6	1396		2098.388212000
6	1396		2098.409702000
6	1396		2098.431264000
6	1396		2098.452685000
6	1418		2098.458767000
6	1396		2098.474184000
6	1396		2098.495697000
6	0		2098.499700000
6	1396		2098.517166000
6	1418		2098.532142000
6	1396		2098.538723000
6	1396		2098.560175000
6	1396		2098.581667000
6	1396		2098.603144000
6	1418		2098.605501000
6	0		2098.623692000
6	1396		2098.624631000
6	1396		2098.646155000
6	1396		2098.667640000
6	1418		2098.678857000
6	1396		2098.689157000
6	1396		2098.710668000
6	1396		2098.732106000
6	0		2098.747277000
6	1418		2098.752853000
6	1396		2098.753568000
6	1396		2098.775222000
6	1396		2098.796587000
6	1396		2098.818059000
6	1418		2098.826855000
6	1396		2098.839567000
6	1396		2098.861063000
6	0		2098.871249000
6	1396		2098.882562000
6	1418		2098.900876000
6	1396		2098.904033000
6	1396		2098.925546000
6	0		2098.933571000
6	1396		2098.947029000
6	1396		2098.968529000
6	1418		2098.974869000
6	1396		2098.990009000
6	1396		2099.011505000
6	1396		2099.033033000
6	1396		2099.054554000
6	0		2099.057279000
6	1095		2099.075999000
6	0		2099.119405000
6	0		2099.243291000
6	0		2099.243339000
6	1418		2099.244558000
6	1418		2099.274172000
6	0		2099.304797000
6	1418		2099.333375000
6	1418		2099.392576000
6	0		2099.428850000
6	0		2099.615390000
6	0		2099.739227000
6	0		2099.739251000
6	0		2099.862947000
6	0		2100.174285000
6	0		2100.174324000
6	0		2100.548359000
6	0		2100.548389000
6	0		2101.109248000
6	0		2101.109274000
6	0		2101.483293000
6	0		2101.857314000
6	0		2101.857339000
6	0		2102.231966000
6	0		2102.792269000
6	0		2102.792301000
6	0		2103.354296000
6	0		2103.540370000
6	0		2103.540401000
6	0		2104.101338000
6	0		2104.101370000
6	0		2104.475752000
6	559		2104.849154000
6	39		2104.849181000
6	0		2104.851312000
6	0		2104.851339000
6	39		2104.851343000
6	69		2104.856652000
6	70		2104.867196000
6	0		2105.036383000
6	0		2105.036413000
6	0		2105.036433000
6	0		2105.036931000
6	0		2105.597913000
6	0		2105.784344000
6	1418		2105.785584000
6	0		2105.971694000
6	1396		2106.157995000
6	421		2106.158024000
6	0		2106.158535000
6	1396		2106.159210000
6	1396		2106.159224000
6	1396		2106.159250000
6	1396		2106.159264000
6	2792		2106.159320000
6	1396		2106.180504000
6	1396		2106.201637000
6	1396		2106.222829000
6	1396		2106.243944000
6	1396		2106.265105000
6	1396		2106.286239000
6	1396		2106.307406000
6	1396		2106.328607000
6	1396		2106.349691000
6	1396		2106.370849000
6	1396		2106.392005000
6	1396		2106.413150000
6	1396		2106.434287000
6	1396		2106.455460000
6	1396		2106.476614000
6	1396		2106.497772000
6	1396		2106.518917000
6	0		2106.532388000
6	1396		2106.540070000
6	1396		2106.561222000
6	1396		2106.582357000
6	1396		2106.603522000
6	1396		2106.624683000
6	1396		2106.645834000
6	1396		2106.666986000
6	1396		2106.688103000
6	1396		2106.709256000
6	0		2106.719318000
6	1418		2106.720573000
6	218		2106.730427000
6	1418		2106.757642000
6	0		2106.906842000
6	0		2107.280735000
6	0		2107.654184000
6	1418		2107.655414000
6	1418		2107.692413000
6	1418		2107.766415000
6	1418		2107.840431000
6	0		2108.028117000
6	0		2108.028147000
6	39		2108.028154000
6	1418		2108.029364000
6	0		2108.034892000
6	1418		2108.066362000
6	1418		2108.140378000
6	1418		2108.214448000
6	0		2108.402008000
6	0		2108.589268000
6	0		2108.589294000
6	1418		2108.590625000
6	1418		2108.627573000
6	1418		2108.701567000
6	1418		2108.775588000
6	0		2108.775824000
6	1418		2108.849682000
6	1418		2108.923602000
6	0		2108.962976000
6	1418		2108.997573000
6	1418		2109.071589000
6	1418		2109.145698000
6	0		2109.150095000
6	1418		2109.219588000
6	1418		2109.293621000
6	0		2109.336991000
6	1418		2109.367630000
6	1418		2109.441634000
6	1418		2109.515653000
6	0		2109.524115000
6	1418		2109.589636000
6	1418		2109.663637000
6	0		2109.710985000
6	1418		2109.737647000
6	1418		2109.811639000
6	1418		2109.885654000
6	0		2109.898052000
6	1418		2109.959658000
6	1418		2110.033669000
6	0		2110.085135000
6	1418		2110.107641000
6	1418		2110.181640000
6	1418		2110.255666000
6	0		2110.271958000
6	0		2110.271982000
6	1418		2110.329669000
6	1418		2110.403671000
6	0		2110.459169000
6	1418		2110.477666000
6	1418		2110.551666000
6	1418		2110.625678000
6	0		2110.646081000
6	1418		2110.699706000
6	1418		2110.773706000
6	0		2110.833024000
6	1418		2110.847694000
6	1418		2110.921689000
6	1418		2110.995712000
6	0		2111.020317000
6	1418		2111.069706000
6	1418		2111.143723000
6	0		2111.207442000
6	1418		2111.217706000
6	1418		2111.291730000
6	1418		2111.365734000
6	0		2111.394315000
6	1418		2111.439724000
6	1418		2111.513749000
6	0		2111.581229000
6	1418		2111.587737000
6	1418		2111.661746000
6	1418		2111.735750000
6	1418		2111.809750000
6	1418		2111.883787000
6	0		2111.955120000
6	1418		2111.957775000
6	1418		2112.031808000
6	1418		2112.105787000
6	1418		2112.179787000
6	1418		2112.253792000
6	1418		2112.327820000
6	0		2112.329341000
6	1418		2112.401818000
6	1418		2112.475832000
6	1418		2112.549811000
6	1418		2112.623821000
6	1418		2112.697832000
6	0		2112.703491000
6	1418		2112.771832000
6	1418		2112.845806000
6	1418		2112.919836000
6	1418		2112.993817000
6	1418		2113.067820000
6	0		2113.076945000
6	1418		2113.141857000
6	1418		2113.215852000
6	1396		2113.264254000
6	421		2113.264288000
6	0		2113.264871000
6	1396		2113.265702000
6	1396		2113.286348000
6	1418		2113.289847000
6	1396		2113.307848000
6	1396		2113.329342000
6	1396		2113.350831000
6	1418		2113.363904000
6	1396		2113.372279000
6	1396		2113.393817000
6	1396		2113.415352000
6	1396		2113.436773000
6	1418		2113.437845000
6	0		2113.451546000
6	1396		2113.458295000
6	1396		2113.479781000
6	1396		2113.501250000
6	1418		2113.511863000
6	1396		2113.522793000
6	1396		2113.544291000
6	1396		2113.565741000
6	1396		2113.587232000
6	1396		2113.608746000
6	1396		2113.630234000
6	1396		2113.651728000
6	1396		2113.673221000
6	1396		2113.694720000
6	1396		2113.716213000
6	1396		2113.737687000
6	1396		2113.759184000
6	1396		2113.780670000
6	1396		2113.802185000
6	1396		2113.823673000
6	0		2113.824937000
6	1396		2113.845163000
6	1396		2113.866696000
6	1396		2113.888141000
6	1396		2113.909652000
6	1396		2113.931126000
6	1396		2113.952625000
6	1396		2113.974134000
6	1396		2113.995622000
6	1396		2114.017097000
6	1396		2114.038606000
6	1396		2114.060155000
6	1396		2114.081594000
6	1396		2114.103077000
6	1396		2114.124592000
6	1396		2114.146100000
6	1396		2114.167554000
6	1396		2114.189131000
6	0		2114.198954000
6	1396		2114.210563000
6	1396		2114.232039000
6	1396		2114.253551000
6	1125		2114.275048000
6	0		2114.386527000
6	0		2114.573365000
6	0		2114.584422000
6	0		2114.759977000
6	0		2115.134439000
6	0		2115.507980000
6	0		2115.882626000
6	0		2116.256279000
6	0		2116.630836000
6	0		2117.004279000
6	0		2117.378847000
6	0		2117.752443000
6	0		2118.126098000
6	0		2118.500510000
6	1396		2118.687017000
6	435		2118.687042000
6	0		2118.696631000
6	0		2118.696676000
6	1396		2118.697806000
6	1396		2118.712656000
6	1396		2118.728644000
6	1042		2118.744698000
6	0		2118.874125000
6	0		2119.061427000
6	421		2119.248458000
6	0		2119.249145000
6	0		2119.435886000
6	0		2119.809134000
6	0		2120.183848000
6	0		2120.557421000
6	0		2120.931053000
6	0		2121.305561000
6	0		2121.679250000
6	1418		2121.680507000
6	1418		2121.717525000
6	0		2122.053226000
6	1418		2122.054459000
6	1418		2122.091465000
6	1418		2122.165494000
6	1418		2122.239478000
6	0		2122.240254000
6	0		2122.246684000
6	1396		2122.427466000
6	435		2122.427500000
6	0		2122.427509000
6	1418		2122.428742000
6	0		2122.438556000
6	1396		2122.439446000
6	1418		2122.465743000
6	1396		2122.487087000
6	1396		2122.535714000
6	1418		2122.539739000
6	1396		2122.584208000
6	1418		2122.613832000
6	1396		2122.632770000
6	1396		2122.681347000
6	1396		2122.729903000
6	1396		2122.778459000
6	0		2122.801134000
6	1418		2122.802406000
6	1396		2122.827022000
6	1418		2122.839401000
6	1396		2122.875585000
6	1418		2122.913398000
6	1396		2122.924140000
6	1396		2122.972757000
6	1418		2122.987413000
6	435		2122.988275000
6	0		2122.997814000
6	1396		2123.021247000
6	1396		2123.069796000
6	1396		2123.118349000
6	1396		2123.166890000
6	0		2123.174965000
6	1418		2123.176250000
6	1418		2123.213249000
6	1396		2123.215450000
6	1396		2123.264013000
6	1418		2123.287230000
6	1396		2123.312589000
6	1396		2123.361191000
6	1418		2123.361244000
6	1396		2123.409711000
6	1396		2123.458271000
6	1396		2123.506868000
6	0		2123.549819000
6	1418		2123.551057000
6	1396		2123.555377000
6	1418		2123.588061000
6	1396		2123.603928000
6	1396		2123.652483000
6	1418		2123.662074000
6	1396		2123.701032000
6	1418		2123.736055000
6	1396		2123.749670000
6	424		2123.798161000
6	0		2123.923558000
6	1418		2123.924797000
6	1418		2123.961801000
6	1418		2124.035806000
6	0		2124.297378000
6	1418		2124.298646000
6	1418		2124.335625000
6	0		2124.671338000
6	1418		2124.672587000
6	1418		2124.709579000
6	653		2124.857982000
6	39		2124.858008000
6	203		2124.858014000
6	39		2124.859976000
6	0		2124.860011000
6	0		2124.860018000
6	0		2124.860023000
6	69		2124.865286000
6	70		2124.875807000
6	0		2125.045212000
6	1418		2125.046443000
6	1418		2125.083451000
6	1418		2125.157483000
6	1418		2125.231453000
6	0		2125.418955000
6	1418		2125.420179000
6	1418		2125.457203000
6	1418		2125.531206000
6	1418		2125.605196000
6	0		2125.793748000
6	1418		2125.795007000
6	1418		2125.831994000
6	1418		2125.905998000
6	1125		2125.965620000
6	1418		2125.980003000
6	0		2126.167213000
6	1418		2126.168518000
6	1418		2126.205514000
6	1418		2126.279533000
6	1418		2126.353517000
6	0		2126.541224000
6	1418		2126.542463000
6	1418		2126.579459000
6	1418		2126.653475000
6	1418		2126.727518000
6	0		2126.915218000
6	1418		2126.916490000
6	1418		2126.953468000
6	1418		2127.027487000
6	1418		2127.101468000
6	1042		2127.141489000
6	0		2127.288966000
6	1418		2127.290233000
6	1418		2127.327232000
6	1418		2127.401215000
6	1418		2127.475287000
6	0		2127.662996000
6	1418		2127.664243000
6	1418		2127.701226000
6	1418		2127.775249000
6	1418		2127.849277000
6	668		2127.850027000
6	67		2127.853523000
6	31		2127.858637000
6	0		2128.598484000
6	1418		2128.599806000
6	1418		2128.636796000
6	0		2129.159348000
6	1418		2129.160578000
6	1418		2129.197583000
6	435		2129.720452000
6	0		2129.731550000
6	0		2130.094375000
6	1418		2130.095645000
6	1418		2130.132648000
6	131		2130.842343000
6	697		2130.842353000
6	0		2130.842361000
6	1418		2130.843585000
6	0		2130.843621000
6	68		2130.849754000
6	93		2130.854938000
6	1418		2130.880595000
6	1396		2131.403367000
6	0		2131.412921000
6	424		2132.774720000
6	0		2134.769110000
6	0		2134.783030000
6	51		2134.956174000
6	0		2134.957585000
6	1396		2135.333484000
6	51		2136.078402000
6	0		2136.079711000
6	0		2137.178307000
6	0		2137.948855000
6	0		2137.948881000
6	1418		2137.950190000
6	1418		2137.979737000
6	1418		2138.038933000
6	1418		2138.098155000
6	0		2138.135172000
6	1418		2138.157356000
6	1418		2138.216542000
6	1418		2138.275755000
6	0		2138.322060000
6	1418		2138.334940000
6	1418		2138.394150000
6	0		2138.418481000
6	1418		2138.453341000
6	0		2138.509376000
6	1418		2138.512556000
6	1418		2138.571761000
6	1418		2138.631025000
6	1418		2138.690235000
6	0		2138.696029000
6	0		2138.696053000
6	1418		2138.749456000
6	1418		2138.808611000
6	1418		2138.867786000
6	0		2138.883315000
6	1418		2138.927013000
6	1418		2138.986194000
6	1418		2139.045433000
6	0		2139.070619000
6	1418		2139.104600000
6	1418		2139.163825000
6	1418		2139.223067000
6	0		2139.256989000
6	1418		2139.282278000
6	1418		2139.341420000
6	1418		2139.400614000
6	0		2139.443911000
6	1418		2139.459817000
6	1418		2139.519035000
6	1418		2139.578276000
6	0		2139.631252000
6	1418		2139.637442000
6	1418		2139.696654000
6	1418		2139.755856000
6	1418		2139.815067000
6	0		2139.817965000
6	1418		2139.874266000
6	1418		2139.933480000
6	1418		2139.992665000
6	0		2140.004999000
6	1418		2140.051857000
6	1418		2140.111123000
6	1418		2140.170273000
6	0		2140.191880000
6	0		2140.191908000
6	0		2140.207805000
6	1418		2140.229496000
6	1418		2140.288697000
6	1418		2140.347895000
6	1396		2140.379255000
6	423		2140.379294000
6	0		2140.379827000
6	1418		2140.407098000
6	1396		2140.422122000
6	1396		2140.432697000
6	1396		2140.453889000
6	1418		2140.466308000
6	1396		2140.475000000
6	1396		2140.496155000
6	1396		2140.517287000
6	1418		2140.525498000
6	1396		2140.538444000
6	1396		2140.559613000
6	1396		2140.580771000
6	1418		2140.584717000
6	1396		2140.601887000
6	1396		2140.623038000
6	1418		2140.643927000
6	1396		2140.644164000
6	1396		2140.665370000
6	1396		2140.686503000
6	1418		2140.703160000
6	1396		2140.707664000
6	1396		2140.728818000
6	1396		2140.749955000
6	1418		2140.762336000
6	1396		2140.771111000
6	1396		2140.792262000
6	1396		2140.813428000
6	1418		2140.821566000
6	1396		2140.834562000
6	1396		2140.855722000
6	1396		2140.876872000
6	1418		2140.880741000
6	1396		2140.898037000
6	1396		2140.919161000
6	1418		2140.939981000
6	1396		2140.940277000
6	1396		2140.961460000
6	1396		2140.982649000
6	1418		2140.999155000
6	1396		2141.003770000
6	1396		2141.024909000
6	1396		2141.046090000
6	1418		2141.058350000
6	1396		2141.067211000
6	1396		2141.088385000
6	1396		2141.109536000
6	1418		2141.117537000
6	0		2141.127741000
6	1396		2141.130675000
6	1396		2141.151836000
6	1396		2141.172998000
6	1418		2141.176766000
6	1396		2141.194166000
6	1396		2141.215316000
6	1418		2141.235943000
6	1396		2141.236475000
6	1396		2141.257586000
6	1396		2141.278728000
6	1418		2141.295174000
6	1396		2141.299865000
6	1396		2141.321031000
6	1396		2141.342195000
6	1418		2141.354425000
6	1418		2141.413584000
6	1418		2141.472780000
6	0		2141.501074000
6	1418		2141.531963000
6	1418		2141.591199000
6	1418		2141.650369000
6	1418		2141.709597000
6	1418		2141.768789000
6	1418		2141.828001000
6	0		2141.874954000
6	1418		2141.887204000
6	1418		2141.946407000
6	1418		2142.005637000
6	1418		2142.064829000
6	1418		2142.124012000
6	1418		2142.183224000
6	1418		2142.242506000
6	1418		2142.301692000
6	1418		2142.360896000
6	1418		2142.420033000
6	0		2142.436152000
6	1418		2142.479247000
6	1418		2142.538435000
6	1418		2142.597649000
6	1418		2142.656873000
6	1418		2142.716053000
6	1418		2142.775365000
6	1418		2142.834473000
6	1418		2142.893696000
6	1418		2142.952870000
6	1418		2143.012090000
6	1418		2143.071279000
6	1418		2143.130496000
6	1418		2143.189676000
6	1418		2143.248932000
6	1418		2143.308105000
6	1418		2143.367306000
6	0		2143.371090000
6	1418		2143.426523000
6	1418		2143.485741000
6	0		2143.558029000
6	0		2143.844933000
6	0		2144.119361000
6	0		2144.680372000
6	0		2145.241225000
6	0		2145.801994000
6	0		2146.550098000
6	0		2147.298336000
6	895		2147.298359000
6	0		2147.299694000
6	0		2147.485609000
6	0		2147.590175000
6	0		2147.859857000
6	0		2148.420518000
6	0		2148.607342000
6	423		2148.607376000
6	0		2148.607926000
6	0		2148.981757000
6	0		2149.355348000
6	437		2149.658286000
6	0		2149.729866000
6	0		2150.103264000
6	0		2150.478009000
6	0		2150.851566000
6	1418		2150.852802000
6	1418		2150.889820000
6	1418		2150.963817000
6	1418		2151.037853000
6	0		2151.225306000
6	1418		2151.226594000
6	1418		2151.263533000
6	1418		2151.337530000
6	1418		2151.411529000
6	0		2151.599047000
6	1418		2151.600312000
6	1418		2151.637334000
6	1418		2151.711336000
6	1418		2151.785319000
6	0		2151.973014000
6	1418		2151.974238000
6	1418		2152.011250000
6	1418		2152.085244000
6	1418		2152.159312000
6	0		2152.347814000
6	1418		2152.349121000
6	1418		2152.386064000
6	1418		2152.460074000
6	1418		2152.534068000
6	0		2152.721630000
6	1418		2152.722870000
6	1418		2152.759893000
6	1418		2152.833871000
6	1418		2152.907905000
6	1396		2153.101520000
6	0		2153.282767000
6	1418		2153.284029000
6	1418		2153.321013000
6	1418		2153.395059000
6	1418		2153.469024000
6	0		2153.656480000
6	1418		2153.657752000
6	1418		2153.694748000
6	1418		2153.768833000
6	1418		2153.842756000
6	0		2154.030223000
6	1418		2154.031470000
6	1418		2154.068478000
6	1418		2154.142475000
6	1418		2154.216476000
6	0		2154.404040000
6	1418		2154.405287000
6	1418		2154.442288000
6	1418		2154.516442000
6	1418		2154.590343000
6	0		2154.591036000
6	0		2154.591065000
6	0		2154.596631000
6	0		2154.599719000
6	0		2154.777934000
6	0		2154.777975000
6	1418		2154.779177000
6	0		2154.788337000
6	1418		2154.816169000
6	1418		2154.890248000
6	0		2154.908162000
6	1418		2154.964190000
6	0		2155.094168000
6	0		2155.152876000
6	1418		2155.154177000
6	1418		2155.191132000
6	1418		2155.265128000
6	1418		2155.339141000
6	0		2155.526295000
6	0		2155.526323000
6	1418		2155.527522000
6	0		2155.534594000
6	1418		2155.564589000
6	1418		2155.638534000
6	1418		2155.712536000
6	0		2155.900314000
6	0		2155.900364000
6	0		2155.900369000
6	1418		2155.901557000
6	0		2155.910785000
6	1418		2155.938560000
6	1418		2156.012582000
6	1418		2156.086565000
6	0		2156.086722000
6	0		2156.086741000
6	0		2156.088191000
6	0		2156.088311000
6	0		2156.274068000
6	0		2156.274076000
6	0		2156.388970000
6	0		2156.394555000
6	0		2156.648080000
6	0		2157.022556000
6	0		2157.022584000
6	0		2157.023893000
6	0		2157.209370000
6	0		2157.211260000
6	0		2157.396594000
6	0		2157.540174000
6	0		2157.583305000
6	0		2157.583356000
6	0		2157.591642000
6	0		2157.770004000
6	0		2157.780373000
6	0		2157.957354000
6	0		2158.331378000
6	0		2158.705937000
6	0		2159.029014000
6	0		2159.079326000
6	0		2159.079352000
6	0		2159.079358000
6	0		2159.080820000
6	0		2159.080844000
6	0		2159.453484000
6	0		2159.782175000
6	0		2159.827072000
6	0		2160.107037000
6	0		2160.293269000
6	1418		2160.294559000
6	0		2160.479179000
6	1418		2160.480409000
6	1418		2160.517407000
6	0		2160.665876000
6	1418		2160.667128000
6	1418		2160.704136000
6	0		2160.851601000
6	1418		2160.852843000
6	1418		2160.889844000
6	0		2161.037332000
6	1418		2161.038565000
6	1418		2161.075581000
6	0		2161.081969000
6	0		2161.223473000
6	1418		2161.224713000
6	1418		2161.261709000
6	0		2161.409236000
6	1418		2161.410502000
6	1418		2161.447503000
6	0		2161.595005000
6	0		2161.595029000
6	1418		2161.596237000
6	0		2161.603309000
6	1418		2161.633257000
6	0		2161.781710000
6	1418		2161.782955000
6	1418		2161.819973000
6	0		2161.874281000
6	0		2161.884749000
6	0		2161.967464000
6	1418		2161.968683000
6	1418		2162.005691000
6	0		2162.246461000
6	1418		2162.247683000
6	0		2162.804785000
6	1418		2162.806141000
6	1418		2162.843151000
6	0		2163.125205000
6	0		2163.176496000
6	0		2163.176520000
6	0		2163.178172000
6	0		2163.178335000
6	0		2163.455317000
6	1418		2163.456563000
6	1418		2163.493560000
6	0		2164.105959000
6	1418		2164.107201000
6	1418		2164.144205000
6	0		2164.849823000
6	1418		2164.851059000
6	1418		2164.888060000
6	0		2165.501564000
6	1418		2165.502809000
6	1418		2165.539859000
6	0		2165.604117000
6	0		2165.682122000
6	0		2165.926134000
6	0		2166.245085000
6	1418		2166.246366000
6	1418		2166.283334000
6	0		2166.896815000
6	1418		2166.898072000
6	1418		2166.935071000
6	1418		2167.009080000
6	1418		2167.083069000
6	0		2167.226471000
6	0		2167.547458000
6	1418		2167.548686000
6	1418		2167.585678000
6	1418		2167.659700000
6	0		2167.733102000
6	1418		2167.733717000
6	1418		2167.807686000
6	1418		2167.881694000
6	0		2167.919109000
6	1418		2167.955703000
6	1418		2168.029688000
6	1418		2168.103727000
6	0		2168.105742000
6	0		2168.105773000
6	0		2168.106905000
6	1418		2168.177722000
6	1418		2168.251718000
6	0		2168.291212000
6	1418		2168.325706000
6	1418		2168.399694000
6	0		2168.415165000
6	1418		2168.473781000
6	0		2168.477127000
6	1418		2168.547737000
6	1418		2168.621731000
6	0		2168.663125000
6	1418		2168.695741000
6	1418		2168.769739000
6	1418		2168.843765000
6	0		2168.849106000
6	1418		2168.917747000
6	1418		2168.991751000
6	0		2169.035247000
6	1418		2169.065759000
6	0		2169.128040000
6	0		2169.129495000
6	1418		2169.139757000
6	1418		2169.213775000
6	0		2169.221210000
6	1418		2169.287759000
6	1418		2169.361779000
6	0		2169.407166000
6	1418		2169.435780000
6	1418		2169.509766000
6	1418		2169.583778000
6	0		2169.593104000
6	1418		2169.657794000
6	1418		2169.731811000
6	0		2169.779239000
6	0		2169.779263000
6	0		2169.787522000
6	1418		2169.805858000
6	1418		2169.879791000
6	1418		2169.953823000
6	0		2169.965253000
6	1418		2170.027840000
6	0		2170.058156000
6	0		2170.068518000
6	1418		2170.101912000
6	0		2170.151321000
6	1418		2170.175803000
6	1418		2170.249826000
6	1418		2170.323835000
6	0		2170.337464000
6	1418		2170.397820000
6	1418		2170.471832000
6	0		2170.523264000
6	1418		2170.545838000
6	1418		2170.619846000
6	1418		2170.693916000
6	0		2170.709318000
6	1418		2170.767854000
6	1418		2170.842015000
6	0		2170.895393000
6	1418		2170.915865000
6	1418		2170.989854000
6	1418		2171.063860000
6	0		2171.081309000
6	1418		2171.137873000
6	0		2171.167251000
6	0		2171.174305000
6	0		2171.175441000
6	1418		2171.211878000
6	0		2171.267717000
6	1418		2171.285871000
6	1418		2171.359895000
6	0		2171.360056000
6	0		2171.360072000
6	0		2171.361263000
6	0		2171.361487000
6	1418		2171.433895000
6	0		2171.453287000
6	1418		2171.507919000
6	1418		2171.581912000
6	0		2171.639370000
6	1418		2171.655907000
6	1418		2171.729925000
6	1418		2171.803925000
6	0		2171.825322000
6	1418		2171.877926000
6	1418		2171.951943000
6	0		2172.011446000
6	1418		2172.025984000
6	1418		2172.099942000
6	1418		2172.173929000
6	0		2172.197357000
6	1418		2172.247961000
6	1418		2172.321944000
6	0		2172.383418000
6	1418		2172.395966000
6	1418		2172.469954000
6	1418		2172.543986000
6	0		2172.569475000
6	1418		2172.617965000
6	1418		2172.691982000
6	0		2172.755436000
6	1418		2172.765981000
6	1418		2172.840003000
6	1418		2172.914001000
6	0		2172.941461000
6	1418		2172.987992000
6	1418		2173.062002000
6	0		2173.127309000
6	1418		2173.136015000
6	1418		2173.210028000
6	1418		2173.284013000
6	1418		2173.358107000
6	0		2173.406346000
6	1418		2173.432022000
6	1418		2173.506012000
6	1418		2173.580034000
6	0		2173.592530000
6	1418		2173.654026000
6	1418		2173.728046000
6	0		2173.778442000
6	1418		2173.802101000
6	1418		2173.876048000
6	1418		2173.950046000
6	0		2173.964511000
6	1418		2174.024066000
6	1418		2174.098075000
6	0		2174.150516000
6	1418		2174.172078000
6	1418		2174.246053000
6	1418		2174.320066000
6	0		2174.336547000
6	1418		2174.394075000
6	1418		2174.468069000
6	0		2174.522586000
6	1418		2174.542070000
6	1418		2174.616074000
6	1418		2174.690086000
6	0		2174.707843000
6	0		2174.707869000
6	0		2174.707877000
6	517		2174.707883000
6	0		2174.716186000
6	2792		2174.717725000
6	2386		2174.717769000
6	1418		2174.764113000
6	0		2174.801382000
6	517		2174.801404000
6	0		2174.811754000
6	2792		2174.813829000
6	2386		2174.813853000
6	1418		2174.838083000
6	0		2174.894350000
6	1418		2174.912092000
6	1418		2174.986110000
6	0		2174.987515000
6	1418		2175.060121000
6	0		2175.080695000
6	0		2175.080720000
6	1418		2175.134112000
6	0		2175.173351000
6	0		2175.174497000
6	1418		2175.208119000
6	0		2175.266561000
6	1418		2175.282178000
6	1418		2175.356132000
6	1418		2175.430226000
6	0		2175.452551000
6	1418		2175.504137000
6	0		2175.545454000
6	1418		2175.578155000
6	0		2175.638651000
6	1418		2175.652156000
6	1418		2175.726157000
6	1418		2175.800149000
6	0		2175.824590000
6	1418		2175.874156000
6	0		2175.917506000
6	1418		2175.948173000
6	0		2176.010681000
6	1418		2176.022182000
6	1418		2176.096182000
6	1418		2176.170179000
6	0		2176.196106000
6	0		2176.196140000
6	0		2176.196149000
6	0		2176.196156000
6	0		2176.196163000
6	0		2176.196169000
6	747		2176.196179000
6	0		2176.197645000
6	355		2176.198637000
6	1418		2176.244191000
6	747		2176.289411000
6	0		2176.290671000
6	355		2176.291402000
6	1418		2176.318246000
6	0		2176.381827000
6	1418		2176.392189000
6	1418		2176.466270000
6	1418		2176.540211000
6	0		2176.568724000
6	1418		2176.614214000
6	1418		2176.688209000
6	0		2176.754624000
6	1418		2176.762202000
6	1418		2176.836223000
6	1418		2176.910217000
6	0		2176.940509000
6	1418		2176.984211000
6	0		2177.033462000
6	1418		2177.058249000
6	0		2177.126675000
6	1418		2177.132233000
6	1418		2177.206254000
6	1418		2177.280261000
6	0		2177.311873000
6	1418		2177.354234000
6	1418		2177.428270000
6	0		2177.498711000
6	0		2177.498734000
6	1418		2177.502300000
6	1418		2177.576295000
6	1418		2177.650252000
6	0		2177.684599000
6	1418		2177.724277000
6	0		2177.777573000
6	1418		2177.798264000
6	0		2177.870769000
6	1418		2177.872265000
6	1418		2177.946286000
6	1418		2178.020336000
6	0		2178.055859000
6	1418		2178.094284000
6	1418		2178.168285000
6	1418		2178.242275000
6	0		2178.242723000
6	0		2178.242750000
6	0		2178.242758000
6	1418		2178.316315000
6	1418		2178.390299000
6	0		2178.427852000
6	1418		2178.464313000
6	1418		2178.538316000
6	1418		2178.612354000
6	0		2178.613800000
6	1418		2178.686337000
6	1418		2178.760345000
6	0		2178.799844000
6	1418		2178.834336000
6	1418		2178.908356000
6	1418		2178.982352000
6	0		2178.985948000
6	0		2178.985976000
6	0		2178.985984000
6	1418		2179.056347000
6	1418		2179.130381000
6	0		2179.171865000
6	1418		2179.204432000
6	0		2179.231115000
6	1418		2179.278377000
6	1418		2179.352358000
6	0		2179.358698000
6	1418		2179.426418000
6	1418		2179.500372000
6	0		2179.543966000
6	0		2179.544002000
6	1418		2179.574385000
6	1418		2179.648377000
6	1418		2179.722494000
6	0		2179.729933000
6	1418		2179.796471000
6	1418		2179.870447000
6	0		2179.915981000
6	1418		2179.944462000
6	1418		2180.018395000
6	1418		2180.092423000
6	0		2180.102039000
6	1418		2180.166410000
6	1418		2180.240424000
6	0		2180.287922000
6	1418		2180.314483000
6	0		2180.381161000
6	517		2180.381190000
6	0		2180.382426000
6	2836		2180.383194000
6	3979		2180.383271000
6	1418		2180.388414000
6	1418		2180.462442000
6	0		2180.474034000
6	1418		2180.536434000
6	1418		2180.610456000
6	0		2180.659989000
6	1418		2180.684452000
6	0		2180.753049000
6	1418		2180.758444000
6	1418		2180.832462000
6	0		2180.845988000
6	1418		2180.906463000
6	1418		2180.980468000
6	0		2181.031992000
6	1418		2181.054481000
6	1418		2181.128470000
6	1418		2181.202472000
6	0		2181.218083000
6	1418		2181.276478000
6	1418		2181.350502000
6	0		2181.403995000
6	1418		2181.424563000
6	0		2181.496884000
6	0		2181.497432000
6	1418		2181.498460000
6	1418		2181.572506000
6	0		2181.590075000
6	0		2181.590103000
6	1418		2181.646564000
6	1418		2181.720510000
6	0		2181.776558000
6	0		2181.776601000
6	0		2181.777085000
6	1418		2181.794510000
6	0		2181.805284000
6	1418		2181.868509000
6	1418		2181.942529000
6	0		2181.962032000
6	1418		2182.016524000
6	0		2182.085326000
6	1418		2182.090577000
6	0		2182.148060000
6	1418		2182.164538000
6	1418		2182.238539000
6	1418		2182.312548000
6	0		2182.333922000
6	1418		2182.386616000
6	0		2182.426909000
6	1418		2182.460667000
6	0		2182.520276000
6	0		2182.520307000
6	0		2182.520831000
6	1418		2182.534550000
6	1418		2182.608636000
6	1418		2182.682628000
6	0		2182.706010000
6	1418		2182.756589000
6	0		2182.798874000
6	0		2182.798899000
6	0		2182.799432000
6	1418		2182.830596000
6	0		2182.892049000
6	1418		2182.904567000
6	1418		2182.978577000
6	1418		2183.052580000
6	0		2183.077985000
6	1418		2183.126602000
6	1418		2183.200591000
6	0		2183.264021000
6	1418		2183.274666000
6	1418		2183.348650000
6	1418		2183.422733000
6	0		2183.450019000
6	1418		2183.496602000
6	0		2183.543203000
6	1418		2183.570619000
6	1418		2183.644619000
6	1418		2183.718729000
6	0		2183.729164000
6	1418		2183.792654000
6	0		2183.822328000
6	1418		2183.866631000
6	1418		2183.940713000
6	0		2184.008006000
6	1418		2184.014669000
6	1418		2184.088646000
6	0		2184.100931000
6	1418		2184.162651000
6	0		2184.194110000
6	1418		2184.236673000
6	1418		2184.310722000
6	0		2184.380045000
6	1418		2184.384667000
6	1418		2184.458690000
6	0		2184.473226000
6	0		2184.473250000
6	0		2184.525278000
6	1418		2184.532686000
6	0		2184.565966000
6	0		2184.566550000
6	1418		2184.606719000
6	0		2184.659039000
6	1418		2184.680683000
6	0		2184.752204000
6	1418		2184.754695000
6	1418		2184.828758000
6	0		2184.845078000
6	0		2184.845341000
6	0		2184.845601000
6	0		2184.938331000
6	0		2185.123938000
6	0		2185.123976000
6	0		2185.125275000
6	0		2185.310759000
6	0		2185.428947000
6	0		2185.496101000
6	0		2185.682526000
6	0		2185.868082000
6	0		2186.054504000
6	0		2186.147308000
6	0		2186.148408000
6	0		2186.208169000
6	0		2186.225134000
6	0		2186.239851000
6	0		2186.426724000
6	0		2186.612181000
6	0		2186.798640000
6	0		2186.984140000
6	0		2187.170534000
6	0		2187.355967000
6	0		2187.542362000
6	0		2187.728753000
6	0		2187.914164000
6	0		2188.100584000
6	0		2188.181123000
6	0		2188.193385000
6	0		2188.194987000
6	0		2188.286623000
6	0		2188.472629000
6	0		2188.620646000
6	0		2188.657907000
6	0		2188.657930000
6	0		2188.751105000
6	0		2188.751129000
6	0		2188.751663000
6	0		2188.844526000
6	0		2188.844549000
6	64		2188.844553000
6	0		2188.858400000
6	0		2188.877320000
6	0		2189.030317000
6	0		2189.030354000
6	0		2189.030874000
6	0		2189.122959000
6	0		2189.216269000
6	0		2189.309401000
6	64		2189.309450000
6	0		2189.309460000
6	0		2189.325112000
6	0		2189.495608000
6	0		2189.680976000
6	0		2189.774152000
6	0		2189.867323000
6	0		2190.053706000
6	0		2190.239185000
6	0		2190.401792000
6	0		2190.425472000
6	0		2190.611502000
6	0		2190.796923000
6	0		2190.983321000
6	0		2191.076023000
6	74		2191.076049000
6	92		2191.076054000
6	0		2191.076062000
6	0		2191.076066000
6	0		2191.077285000
6	0		2191.077308000
6	0		2191.077891000
6	0		2191.077902000
6	0		2191.169658000
6	0		2191.355544000
6	0		2191.541024000
6	0		2191.727399000
6	0		2191.913804000
6	0		2192.099271000
6	0		2192.212982000
6	0		2192.285623000
6	0		2192.378348000
6	0		2192.379404000
6	0		2192.471660000
6	0		2192.657037000
6	1418		2192.658266000
6	0		2192.843719000
6	1418		2192.845086000
6	1418		2192.882082000
6	0		2193.029517000
6	1418		2193.030770000
6	1418		2193.067788000
6	0		2193.215358000
6	1418		2193.216587000
6	1418		2193.253581000
6	0		2193.401061000
6	1418		2193.402379000
6	1418		2193.439303000
6	0		2193.587730000
6	1418		2193.589019000
6	1418		2193.625989000
6	0		2193.773426000
6	1418		2193.774729000
6	1418		2193.811653000
6	0		2193.959159000
6	1418		2193.960409000
6	1418		2193.997481000
6	0		2194.145027000
6	1418		2194.146321000
6	1418		2194.183285000
6	0		2194.238281000
6	1418		2194.257296000
6	1418		2194.331317000
6	0		2194.424764000
6	1418		2194.426050000
6	1418		2194.479299000
6	0		2194.610821000
6	1418		2194.612046000
6	1418		2194.649039000
6	0		2194.796479000
6	0		2194.796513000
6	1418		2194.797762000
6	1418		2194.834758000
6	0		2194.982250000
6	1418		2194.983482000
6	1418		2195.020479000
6	0		2195.167930000
6	1418		2195.169166000
6	1418		2195.206195000
6	0		2195.354848000
6	1418		2195.356082000
6	1418		2195.393111000
6	0		2195.540582000
6	1418		2195.541797000
6	1418		2195.578821000
6	0		2195.726352000
6	1418		2195.727585000
6	1418		2195.764591000
6	0		2195.912086000
6	1418		2195.913324000
6	1418		2195.950323000
6	0		2196.098794000
6	1418		2196.100046000
6	1418		2196.137075000
6	0		2196.377312000
6	1418		2196.378512000
6	0		2196.842467000
6	1418		2196.843703000
6	1418		2196.880725000
6	0		2196.935086000
6	0		2196.935665000
6	0		2197.028305000
6	1418		2197.029622000
6	1418		2197.066639000
6	0		2197.132617000
6	0		2197.214420000
6	0		2197.214454000
6	0		2197.214997000
6	1418		2197.215678000
6	1418		2197.252743000
6	0		2197.400218000
6	1418		2197.401452000
6	1418		2197.438467000
6	0		2197.585968000
6	1418		2197.587207000
6	1418		2197.624223000
6	0		2197.772854000
6	1418		2197.774301000
6	1418		2197.811334000
6	0		2197.957841000
6	1418		2197.959072000
6	1418		2197.996098000
6	0		2198.051230000
6	517		2198.051273000
6	0		2198.051819000
6	2792		2198.053176000
6	1396		2198.053409000
6	991		2198.053425000
6	0		2198.144650000
6	1418		2198.146121000
6	1418		2198.183165000
6	0		2198.330677000
6	1418		2198.331913000
6	1418		2198.368922000
6	0		2198.423263000
6	517		2198.423292000
6	0		2198.423823000
6	2792		2198.424962000
6	1396		2198.424985000
6	991		2198.425008000
6	0		2198.516447000
6	0		2198.516485000
6	1418		2198.517749000
6	1418		2198.554755000
6	0		2198.702257000
6	1418		2198.703479000
6	1418		2198.740563000
6	0		2198.794868000
6	0		2198.888058000
6	1418		2198.889331000
6	1418		2198.926365000
6	0		2199.074795000
6	1418		2199.076067000
6	1418		2199.113048000
6	0		2199.167093000
6	1418		2199.187048000
6	0		2199.260368000
6	1418		2199.261085000
6	0		2199.353554000
6	1418		2199.354790000
6	1418		2199.409125000
6	0		2199.539056000
6	1418		2199.540308000
6	1418		2199.577296000
6	1396		2199.632581000
6	0		2199.632616000
6	0		2199.641574000
6	0		2199.725783000
6	1418		2199.727039000
6	1418		2199.764037000
6	0		2199.911419000
6	1418		2199.912647000
6	1418		2199.949650000
6	1418		2200.023657000
6	0		2200.097037000
6	1418		2200.097647000
6	1418		2200.171673000
6	1418		2200.245676000
6	0		2200.283087000
6	1418		2200.319674000
6	1418		2200.393675000
6	1418		2200.467694000
6	0		2200.469100000
6	1418		2200.541693000
6	0		2200.561973000
6	0		2200.563115000
6	1418		2200.615685000
6	0		2200.655159000
6	1418		2200.689928000
6	1418		2200.763717000
6	1418		2200.837707000
6	0		2200.841347000
6	1418		2200.911714000
6	1418		2200.985747000
6	0		2201.027244000
6	1418		2201.059755000
6	1418		2201.133710000
6	1418		2201.207729000
6	0		2201.213111000
6	1418		2201.281731000
6	1418		2201.355754000
6	0		2201.399185000
6	1418		2201.429764000
6	1418		2201.503747000
6	1418		2201.577781000
6	0		2201.585237000
6	1418		2201.651766000
6	1418		2201.725778000
6	0		2201.771251000
6	0		2201.771276000
6	1418		2201.799748000
6	1418		2201.873770000
6	0		2201.957292000
6	0		2202.143541000
6	0		2202.236304000
6	0		2202.236330000
6	0		2202.236335000
6	440		2202.236348000
6	517		2202.236353000
6	0		2202.236369000
6	0		2202.237589000
6	2836		2202.238196000
6	2836		2202.238266000
6	1144		2202.238302000
6	0		2202.238762000
6	0		2202.244752000
6	0		2202.328949000
6	0		2202.328955000
6	0		2202.422333000
6	1418		2202.423594000
6	1418		2202.469613000
6	2792		2202.478059000
6	2792		2202.478111000
6	2792		2202.478122000
6	1418		2202.561718000
6	1396		2202.566194000
6	0		2202.608565000
6	1418		2202.653869000
6	1396		2202.654243000
6	1396		2202.742361000
6	1418		2202.745923000
6	0		2202.794640000
6	1396		2202.830470000
6	1418		2202.838021000
6	1396		2202.918540000
6	1418		2202.930156000
6	0		2202.980487000
6	1396		2203.006633000
6	1418		2203.022250000
6	1396		2203.094763000
6	1418		2203.114331000
6	0		2203.166759000
6	1396		2203.182784000
6	1418		2203.206453000
6	1396		2203.270882000
6	1418		2203.298523000
6	0		2203.351891000
6	1396		2203.358973000
6	1418		2203.390661000
6	1396		2203.447033000
6	1418		2203.482742000
6	1396		2203.535159000
6	0		2203.538157000
6	1418		2203.574863000
6	1396		2203.623248000
6	1418		2203.666934000
6	1396		2203.711335000
6	0		2203.724679000
6	1418		2203.759052000
6	1396		2203.799396000
6	1418		2203.851171000
6	1396		2203.887486000
6	0		2203.909860000
6	1418		2203.943248000
6	1396		2203.975572000
6	0		2204.002993000
6	1418		2204.035388000
6	1396		2204.063670000
6	1418		2204.127473000
6	1396		2204.151746000
6	0		2204.189216000
6	1418		2204.219551000
6	1396		2204.239845000
6	1418		2204.311671000
6	1396		2204.327936000
6	0		2204.375274000
6	1418		2204.403750000
6	1396		2204.415999000
6	1418		2204.495873000
6	1396		2204.504095000
6	0		2204.561471000
6	1418		2204.587959000
6	1396		2204.592179000
6	1418		2204.680064000
6	1396		2204.680239000
6	0		2204.747694000
6	1396		2204.768349000
6	1418		2204.772175000
6	0		2204.840028000
6	0		2204.841089000
6	1396		2204.856437000
6	1418		2204.864250000
6	0		2204.933631000
6	1396		2204.944523000
6	1418		2204.956353000
6	1396		2205.032600000
6	1418		2205.048465000
6	0		2205.118924000
6	1396		2205.120674000
6	1418		2205.140588000
6	0		2205.143260000
6	1396		2205.208789000
6	1418		2205.232672000
6	1396		2205.296891000
6	0		2205.305321000
6	1418		2205.324824000
6	1396		2205.384957000
6	1418		2205.416876000
6	1396		2205.473052000
6	0		2205.491331000
6	1418		2205.508985000
6	1396		2205.561211000
6	1418		2205.601094000
6	1396		2205.649214000
6	0		2205.677625000
6	1418		2205.693171000
6	299		2205.737291000
6	1418		2205.785270000
6	0		2205.863263000
6	0		2205.863289000
6	0		2205.864282000
6	1418		2205.877420000
6	1418		2205.969473000
6	0		2206.048969000
6	1418		2206.061673000
6	0		2206.142023000
6	1418		2206.153675000
6	0		2206.235161000
6	1418		2206.245776000
6	0		2206.328085000
6	1418		2206.337883000
6	0		2206.421296000
6	1418		2206.429991000
6	1418		2206.522084000
6	0		2206.607426000
6	1418		2206.614193000
6	1418		2206.706292000
6	0		2206.793688000
6	1418		2206.798389000
6	1418		2206.890693000
6	0		2206.978957000
6	1418		2206.982593000
6	1418		2207.074696000
6	0		2207.164970000
6	1418		2207.166785000
6	1418		2207.258902000
6	1418		2207.351004000
6	0		2207.351205000
6	0		2207.351222000
6	1418		2207.443146000
6	0		2207.444341000
6	1418		2207.535207000
6	0		2207.537461000
6	1418		2207.627325000
6	0		2207.630135000
6	64		2207.630165000
6	0		2207.636226000
6	1418		2207.719413000
6	0		2207.722834000
6	1418		2207.811507000
6	1418		2207.903623000
6	0		2207.908917000
6	0		2207.908942000
6	0		2207.910012000
6	1418		2207.995720000
6	0		2208.001999000
6	1418		2208.087811000
6	0		2208.095067000
6	1418		2208.179921000
6	0		2208.188210000
6	1418		2208.272029000
6	0		2208.281759000
6	64		2208.281781000
6	0		2208.287311000
6	1418		2208.364128000
6	1418		2208.456232000
6	0		2208.467483000
6	1418		2208.548329000
6	1418		2208.640448000
6	0		2208.653821000
6	1418		2208.732537000
6	1418		2208.824646000
6	0		2208.839105000
6	1418		2208.916738000
6	1418		2209.008865000
6	0		2209.025205000
6	1418		2209.100952000
6	1418		2209.193052000
6	0		2209.211489000
6	1418		2209.285151000
6	1418		2209.377290000
6	0		2209.397686000
6	1418		2209.469346000
6	1418		2209.561499000
6	0		2209.582877000
6	1418		2209.653574000
6	1418		2209.745734000
6	0		2209.769068000
6	1418		2209.837830000
6	1418		2209.929872000
6	0		2209.955232000
6	0		2209.967664000
6	1418		2210.021965000
6	1418		2210.114052000
6	0		2210.141347000
6	1418		2210.206172000
6	1418		2210.298253000
6	0		2210.327568000
6	1418		2210.390361000
6	1418		2210.482470000
6	0		2210.513754000
6	1418		2210.574579000
6	1418		2210.666665000
6	0		2210.699034000
6	0		2210.699057000
6	1418		2210.758827000
6	1418		2210.850880000
6	0		2210.885224000
6	1418		2210.943032000
6	1418		2211.035076000
6	0		2211.071548000
6	1418		2211.127202000
6	1418		2211.219294000
6	0		2211.257601000
6	1418		2211.311401000
6	0		2211.350798000
6	1418		2211.403498000
6	1418		2211.495638000
6	0		2211.535920000
6	1418		2211.587682000
6	1418		2211.679795000
6	0		2211.722142000
6	1418		2211.771882000
6	1418		2211.863985000
6	0		2211.908330000
6	1418		2211.956095000
6	1418		2212.029785000
6	0		2212.094448000
6	0		2212.094477000
6	0		2212.095494000
6	1418		2212.103456000
6	1418		2212.177128000
6	0		2212.280534000
6	0		2212.298316000
6	0		2212.373608000
6	0		2212.466796000
6	0		2212.559015000
6	0		2212.652214000
6	0		2212.745035000
6	74		2212.745087000
6	92		2212.745095000
6	0		2212.746093000
6	0		2212.746114000
6	0		2212.931652000
6	0		2213.024282000
6	0		2213.117069000
6	0		2213.210266000
6	0		2213.303441000
6	0		2213.396688000
6	0		2213.488882000
6	0		2213.675232000
6	0		2213.768404000
6	0		2213.861690000
6	0		2213.953896000
6	0		2214.140289000
6	0		2214.233465000
6	0		2214.326262000
6	0		2214.605211000
6	0		2214.605237000
6	0		2214.884285000
6	0		2214.884309000
6	0		2215.163359000
6	0		2215.256554000
6	0		2215.535137000
6	0		2215.628305000
6	0		2215.906859000
6	0		2216.000036000
6	0		2216.111623000
6	0		2216.279131000
6	0		2216.372331000
6	0		2216.650891000
6	0		2216.744091000
6	0		2217.023676000
6	0		2217.115891000
6	0		2217.395485000
6	0		2217.488695000
6	0		2217.767295000
6	0		2217.860503000
6	0		2217.953782000
6	0		2218.046181000
6	517		2218.046210000
6	0		2218.047263000
6	2836		2218.048338000
6	2836		2218.048364000
6	1143		2218.048400000
6	0		2218.232837000
6	0		2218.325051000
6	0		2218.604686000
6	0		2218.696904000
6	0		2218.790063000
6	0		2218.976498000
6	0		2219.069675000
6	0		2219.348263000
6	0		2219.441488000
6	0		2219.720061000
6	0		2219.813246000
6	0		2219.906486000
6	1396		2219.999647000
6	325		2219.999677000
6	0		2220.010009000
6	0		2220.010057000
6	1396		2220.010986000
6	1396		2220.091867000
6	0		2220.091908000
6	0		2220.091915000
6	0		2220.092468000
6	1396		2220.097725000
6	0		2220.154282000
6	1418		2220.155519000
6	1396		2220.185827000
6	1418		2220.201539000
6	1396		2220.273949000
6	0		2220.277943000
6	1418		2220.293662000
6	1396		2220.362078000
6	1418		2220.385758000
6	0		2220.402118000
6	1396		2220.450115000
6	1418		2220.477924000
6	0		2220.526524000
6	1396		2220.538211000
6	1418		2220.570027000
6	1396		2220.626284000
6	0		2220.650495000
6	1418		2220.662133000
6	1396		2220.714347000
6	1418		2220.754184000
6	0		2220.774564000
6	1396		2220.802435000
6	1418		2220.846319000
6	1396		2220.890595000
6	0		2220.897794000
6	1418		2220.938425000
6	1396		2220.978603000
6	0		2221.021871000
6	1418		2221.030480000
6	1396		2221.066695000
6	1418		2221.122639000
6	0		2221.146119000
6	1396		2221.154780000
6	1418		2221.214705000
6	1396		2221.242884000
6	0		2221.270252000
6	423		2221.270286000
6	0		2221.270822000
6	1396		2221.271645000
6	1396		2221.271672000
6	1396		2221.271683000
6	1043		2221.271711000
6	1418		2221.306788000
6	1396		2221.330935000
6	0		2221.394371000
6	1418		2221.398871000
6	1396		2221.419040000
6	0		2221.456391000
6	1418		2221.491132000
6	1396		2221.507152000
6	0		2221.518558000
6	1418		2221.583082000
6	1396		2221.595235000
6	0		2221.642727000
6	1418		2221.675193000
6	1396		2221.683310000
6	0		2221.766715000
6	1418		2221.767271000
6	1396		2221.771366000
6	1418		2221.859218000
6	1396		2221.859444000
6	0		2221.890749000
6	1396		2221.947573000
6	1418		2221.951245000
6	0		2222.014634000
6	1396		2222.035659000
6	1418		2222.043352000
6	1396		2222.123732000
6	1418		2222.135464000
6	0		2222.137783000
6	1396		2222.211819000
6	1418		2222.227574000
6	0		2222.262076000
6	1396		2222.299897000
6	1418		2222.319661000
6	0		2222.386113000
6	1396		2222.387978000
6	1418		2222.411748000
6	1396		2222.476091000
6	1418		2222.503876000
6	0		2222.510175000
6	1396		2222.564159000
6	1418		2222.595967000
6	0		2222.634364000
6	1396		2222.652256000
6	1418		2222.688061000
6	0		2222.696540000
6	1396		2222.740344000
6	1418		2222.780151000
6	0		2222.819856000
6	0		2222.819886000
6	1396		2222.828442000
6	1418		2222.872256000
6	1396		2222.916523000
6	0		2222.944741000
6	1418		2222.964360000
6	1396		2223.004611000
6	1418		2223.056479000
6	0		2223.068149000
6	1396		2223.092692000
6	1418		2223.148571000
6	1396		2223.180819000
6	0		2223.192199000
6	1418		2223.240714000
6	1396		2223.268874000
6	0		2223.316371000
6	1418		2223.332785000
6	1396		2223.356999000
6	1418		2223.424889000
6	0		2223.440537000
6	1396		2223.445054000
6	1418		2223.516981000
6	1396		2223.533118000
6	0		2223.564538000
6	1418		2223.609089000
6	1396		2223.621222000
6	0		2223.688679000
6	1418		2223.701170000
6	1396		2223.709292000
6	1418		2223.793412000
6	1396		2223.797365000
6	0		2223.812719000
6	1418		2223.885397000
6	1396		2223.885458000
6	0		2223.935967000
6	1418		2223.977487000
6	0		2224.059907000
6	1418		2224.069592000
6	1418		2224.161692000
6	0		2224.184056000
6	0		2224.184084000
6	1418		2224.253789000
6	0		2224.308144000
6	1418		2224.345874000
6	0		2224.370278000
6	0		2224.432375000
6	1418		2224.438002000
6	0		2224.494321000
6	1418		2224.530103000
6	0		2224.556527000
6	0		2224.618678000
6	74		2224.618703000
6	910		2224.620241000
6	1418		2224.622184000
6	1418		2224.714296000
6	0		2224.742745000
6	1396		2224.752746000
6	1396		2224.796771000
6	1418		2224.806399000
6	1418		2224.898494000
6	0		2224.927988000
6	0		2224.990104000
6	1418		2224.990592000
6	1396		2225.000073000
6	1396		2225.044123000
6	1418		2225.082699000
6	1418		2225.174813000
6	0		2225.176051000
6	0		2225.238321000
6	1396		2225.248309000
6	1418		2225.266915000
6	1396		2225.292360000
6	1418		2225.359029000
6	0		2225.362264000
6	1396		2225.380420000
6	0		2225.424501000
6	1418		2225.451116000
6	1396		2225.468522000
6	0		2225.486818000
6	1418		2225.543223000
6	1396		2225.556632000
6	0		2225.610034000
6	1418		2225.635329000
6	1396		2225.644730000
6	0		2225.672055000
6	1418		2225.727431000
6	1396		2225.732769000
6	0		2225.734192000
6	1418		2225.819777000
6	1396		2225.820844000
6	0		2225.858125000
6	0		2225.858149000
6	1396		2225.908960000
6	1418		2225.911859000
6	0		2225.920268000
6	1396		2225.997023000
6	1418		2226.003976000
6	0		2226.044209000
6	0		2226.044234000
6	1396		2226.085131000
6	1418		2226.096088000
6	0		2226.168539000
6	1396		2226.173199000
6	1418		2226.188176000
6	0		2226.230457000
6	1396		2226.261319000
6	1418		2226.280266000
6	0		2226.292614000
6	1396		2226.349380000
6	0		2226.354284000
6	1418		2226.372399000
6	0		2226.416686000
6	1396		2226.437475000
6	1418		2226.464479000
6	0		2226.477871000
6	1396		2226.525634000
6	0		2226.539864000
6	1418		2226.556589000
6	1396		2226.613628000
6	1418		2226.648691000
6	0		2226.664036000
6	1396		2226.701731000
6	0		2226.726036000
6	1418		2226.740862000
6	0		2226.788168000
6	1396		2226.789799000
6	1418		2226.832900000
6	1396		2226.877915000
6	0		2226.912290000
6	1418		2226.925067000
6	1396		2226.966082000
6	0		2226.974394000
6	1418		2227.017105000
6	0		2227.036488000
6	1396		2227.054128000
6	1418		2227.109192000
6	1396		2227.142162000
6	0		2227.160493000
6	1418		2227.201374000
6	0		2227.222669000
6	1396		2227.230310000
6	0		2227.283948000
6	1418		2227.293395000
6	1396		2227.318412000
6	1418		2227.385513000
6	1396		2227.406435000
6	0		2227.407807000
6	0		2227.469870000
6	1418		2227.477629000
6	1396		2227.494509000
6	0		2227.532035000
6	0		2227.532067000
6	1418		2227.569701000
6	1396		2227.582579000
6	0		2227.656067000
6	1418		2227.661782000
6	1396		2227.670702000
6	0		2227.717995000
6	1418		2227.753986000
6	1396		2227.758760000
6	0		2227.780146000
6	1418		2227.846012000
6	409		2227.846861000
6	0		2227.904174000
6	1418		2227.938124000
6	0		2227.966346000
6	0		2228.028658000
6	1418		2228.030203000
6	1418		2228.122323000
6	0		2228.152644000
6	0		2228.213801000
6	1418		2228.214431000
6	0		2228.276736000
6	1418		2228.306593000
6	1418		2228.398616000
6	0		2228.399882000
6	0		2228.462045000
6	1418		2228.490720000
6	0		2228.524192000
6	1418		2228.582811000
6	0		2228.648244000
6	1418		2228.674922000
6	0		2228.710245000
6	1418		2228.767077000
6	0		2228.772495000
6	1418		2228.859153000
6	0		2228.896512000
6	1418		2228.951232000
6	0		2228.958539000
6	0		2229.020760000
6	1418		2229.043351000
6	1418		2229.135436000
6	0		2229.144157000
6	0		2229.205819000
6	1418		2229.227545000
6	0		2229.268019000
6	1418		2229.319633000
6	0		2229.392123000
6	1418		2229.411729000
6	0		2229.454048000
6	1418		2229.503835000
6	0		2229.516182000
6	1418		2229.595936000
6	0		2229.640335000
6	1418		2229.688045000
6	0		2229.702486000
6	0		2229.702517000
6	1418		2229.780129000
6	0		2229.826448000
6	1418		2229.872259000
6	0		2229.888589000
6	0		2229.950729000
6	1418		2229.964341000
6	1418		2230.056457000
6	0		2230.074837000
6	0		2230.136001000
6	1418		2230.148554000
6	1418		2230.240660000
6	0		2230.259974000
6	0		2230.384273000
6	0		2230.508663000
6	0		2230.570257000
6	0		2230.694274000
6	0		2230.756479000
6	0		2230.818625000
6	0		2230.941872000
6	0		2231.066252000
6	0		2231.128289000
6	0		2231.128319000
6	0		2231.252664000
6	0		2231.313831000
6	0		2231.376026000
6	0		2231.438207000
6	0		2231.500382000
6	0		2231.624721000
6	0		2231.685927000
6	0		2231.748100000
6	0		2231.872453000
6	0		2231.934670000
6	0		2231.995868000
6	0		2232.120169000
6	0		2232.182342000
6	0		2232.244544000
6	0		2232.306729000
6	0		2232.429977000
6	0		2232.492166000
6	0		2232.554351000
6	0		2232.678628000
6	0		2232.739879000
6	0		2232.801995000
6	0		2232.926337000
6	0		2232.988538000
6	0		2233.050728000
6	0		2233.174213000
6	0		2233.236368000
6	0		2233.298558000
6	0		2233.421861000
6	0		2233.483981000
6	0		2233.546192000
6	0		2233.608411000
6	0		2233.670593000
6	0		2233.732770000
6	0		2233.856096000
6	0		2233.918412000
6	0		2233.980663000
6	0		2234.103918000
6	0		2234.166104000
6	0		2234.228256000
6	0		2234.352586000
6	0		2234.414785000
6	0		2234.475945000
6	0		2234.600266000
6	0		2234.662437000
6	0		2234.724624000
6	0		2234.786163000
6	0		2234.812932000
6	1396		2234.847896000
6	426		2234.847926000
6	92		2234.847934000
6	31		2234.847939000
6	0		2234.847944000
6	0		2234.848482000
6	31		2234.849085000
6	1418		2234.849196000
6	0		2234.849217000
6	2792		2234.849236000
6	1396		2234.917333000
6	0		2234.972587000
6	1418		2234.973822000
6	1396		2234.985415000
6	1418		2235.019891000
6	1396		2235.053508000
6	0		2235.096306000
6	1418		2235.111972000
6	1396		2235.121600000
6	1396		2235.189768000
6	1418		2235.204085000
6	0		2235.220093000
6	1396		2235.257865000
6	1418		2235.296175000
6	1396		2235.325847000
6	0		2235.344299000
6	1418		2235.388280000
6	1396		2235.393939000
6	1396		2235.462027000
6	0		2235.468483000
6	1418		2235.480373000
6	1396		2235.530093000
6	1418		2235.572536000
6	0		2235.592479000
6	1396		2235.598176000
6	1418		2235.664576000
6	1396		2235.666247000
6	0		2235.716615000
6	1396		2235.734352000
6	1418		2235.756699000
6	1396		2235.802449000
6	0		2235.840187000
6	1418		2235.848810000
6	1396		2235.870516000
6	1396		2235.938599000
6	1418		2235.940891000
6	0		2235.963890000
6	1396		2236.006763000
6	1418		2236.033000000
6	1396		2236.074775000
6	0		2236.088220000
6	1418		2236.125121000
6	1396		2236.142870000
6	1396		2236.210949000
6	0		2236.212319000
6	1418		2236.217216000
6	1396		2236.279092000
6	1418		2236.309332000
6	0		2236.336593000
6	1396		2236.347135000
6	1091		2236.398300000
6	0		2236.398329000
6	1418		2236.401406000
6	403		2236.402320000
6	31		2236.402331000
6	39		2236.402375000
6	1396		2236.415183000
6	0		2236.460512000
6	0		2236.460538000
6	1396		2236.483289000
6	1418		2236.493587000
6	0		2236.521964000
6	1396		2236.551373000
6	0		2236.584146000
6	1418		2236.585609000
6	1396		2236.619450000
6	0		2236.646751000
6	1418		2236.677724000
6	1396		2236.688050000
6	1396		2236.755619000
6	1418		2236.769809000
6	0		2236.769998000
6	1396		2236.823720000
6	0		2236.832166000
6	1418		2236.861958000
6	1396		2236.891801000
6	1418		2236.954010000
6	0		2236.956249000
6	1396		2236.959879000
6	1396		2237.027953000
6	1418		2237.046137000
6	0		2237.080273000
6	0		2237.080320000
6	1396		2237.096023000
6	1418		2237.138219000
6	1396		2237.164123000
6	1418		2237.230308000
6	1396		2237.232196000
6	0		2237.266549000
6	1396		2237.300322000
6	1418		2237.322425000
6	0		2237.328715000
6	1396		2237.368382000
6	1418		2237.414512000
6	1396		2237.436453000
6	0		2237.452741000
6	1396		2237.504671000
6	1418		2237.506612000
6	0		2237.513908000
6	1396		2237.572635000
6	1418		2237.598778000
6	1396		2237.640711000
6	1418		2237.690948000
6	0		2237.700199000
6	1396		2237.708853000
6	0		2237.762358000
6	1396		2237.776890000
6	1418		2237.782923000
6	1396		2237.845048000
6	1418		2237.875043000
6	0		2237.886350000
6	1396		2237.913045000
6	1418		2237.967141000
6	1396		2237.981134000
6	1396		2238.049212000
6	1418		2238.059253000
6	0		2238.072571000
6	1396		2238.117307000
6	0		2238.134790000
6	1418		2238.151328000
6	1396		2238.185398000
6	1418		2238.243460000
6	1396		2238.253492000
6	0		2238.319901000
6	1396		2238.321559000
6	1418		2238.335549000
6	0		2238.382075000
6	1396		2238.389051000
6	1418		2238.427653000
6	1396		2238.456510000
6	1418		2238.519740000
6	1396		2238.520296000
6	0		2238.567936000
6	1396		2238.584139000
6	1418		2238.611860000
6	1396		2238.647938000
6	0		2238.692313000
6	1418		2238.703952000
6	1396		2238.711758000
6	0		2238.754484000
6	1396		2238.773547000
6	1418		2238.796047000
6	1396		2238.835350000
6	1418		2238.888157000
6	1396		2238.897165000
6	0		2238.940131000
6	0		2238.940160000
6	39		2238.940167000
6	0		2238.947026000
6	1396		2238.956453000
6	1418		2238.980260000
6	0		2239.002642000
6	1396		2239.015739000
6	1418		2239.072356000
6	1396		2239.075047000
6	1396		2239.134348000
6	1418		2239.164454000
6	0		2239.188565000
6	1396		2239.192470000
6	0		2239.249921000
6	1396		2239.250586000
6	1418		2239.256563000
6	1396		2239.308739000
6	1418		2239.348643000
6	1396		2239.364692000
6	1396		2239.420548000
6	0		2239.436084000
6	1418		2239.440762000
6	1396		2239.476482000
6	1396		2239.532375000
6	1418		2239.532835000
6	0		2239.560018000
6	1396		2239.568618000
6	0		2239.622304000
6	1396		2239.622839000
6	1418		2239.624953000
6	1396		2239.641090000
6	1418		2239.717076000
6	0		2239.808544000
6	1418		2239.809150000
6	0		2239.870682000
6	1396		2239.871227000
6	1396		2239.889341000
6	1418		2239.901270000
6	1418		2239.993381000
6	0		2240.055826000
6	1396		2240.056366000
6	1396		2240.074424000
6	1418		2240.085540000
6	1396		2240.110480000
6	0		2240.118700000
6	1396		2240.146404000
6	1418		2240.177578000
6	0		2240.179954000
6	1396		2240.182476000
6	1396		2240.218455000
6	1396		2240.254467000
6	1418		2240.269682000
6	1396		2240.290484000
6	0		2240.304282000
6	1396		2240.326495000
6	1418		2240.361794000
6	1396		2240.362488000
6	0		2240.365939000
6	1396		2240.398524000
6	0		2240.427943000
6	0		2240.427979000
6	1396		2240.434592000
6	1418		2240.453889000
6	1396		2240.470564000
6	1396		2240.506671000
6	1396		2240.542618000
6	1418		2240.546010000
6	0		2240.551981000
6	1396		2240.578619000
6	0		2240.613913000
6	1396		2240.614614000
6	1418		2240.638096000
6	1396		2240.650650000
6	0		2240.675991000
6	1396		2240.686715000
6	1396		2240.722456000
6	1418		2240.730180000
6	0		2240.738154000
6	1396		2240.758269000
6	1396		2240.794092000
6	1418		2240.822294000
6	1396		2240.829833000
6	0		2240.862139000
6	1396		2240.865628000
6	1396		2240.901444000
6	1418		2240.914382000
6	0		2240.924318000
6	1396		2240.937239000
6	1396		2240.973034000
6	0		2240.985823000
6	1418		2241.006502000
6	1396		2241.008813000
6	1396		2241.044638000
6	0		2241.048426000
6	1396		2241.080424000
6	1418		2241.098587000
6	1396		2241.116234000
6	1396		2241.152041000
6	0		2241.172058000
6	1396		2241.187807000
6	1396		2241.223611000
6	0		2241.233946000
6	1418		2241.235203000
6	1396		2241.259411000
6	1418		2241.282798000
6	1396		2241.295208000
6	0		2241.296084000
6	1396		2241.330997000
6	1396		2241.366787000
6	1396		2241.402632000
6	0		2241.419954000
6	1396		2241.438462000
6	1396		2241.474196000
6	0		2241.482117000
6	1396		2241.510042000
6	0		2241.544443000
6	1396		2241.545773000
6	1396		2241.581585000
6	0		2241.606691000
6	1396		2241.617366000
6	1396		2241.653173000
6	0		2241.730594000
6	0		2241.792851000
6	0		2241.854019000
6	0		2241.916186000
6	0		2242.040491000
6	0		2242.102701000
6	0		2242.163865000
6	0		2242.288181000
6	0		2242.350347000
6	0		2242.412507000
6	0		2242.474702000
6	0		2242.535868000
6	0		2242.598039000
6	0		2242.660242000
6	0		2242.722423000
6	0		2242.846695000
6	0		2242.907881000
6	0		2242.970036000
6	0		2243.032213000
6	0		2243.156511000
6	0		2243.218697000
6	0		2243.279855000
6	0		2243.342119000
6	0		2243.404315000
6	0		2243.528534000
6	0		2243.590728000
6	0		2243.651918000
6	0		2243.714083000
6	0		2243.838377000
6	0		2243.900556000
6	0		2243.962714000
6	0		2244.023933000
6	0		2244.086140000
6	0		2244.210436000
6	0		2244.272621000
6	0		2244.395987000
6	0		2244.458151000
6	0		2244.520329000
6	0		2244.644655000
6	0		2244.705899000
6	0		2244.768082000
6	0		2244.768110000
6	0		2244.830253000
6	0		2244.954563000
6	0		2245.016738000
6	0		2245.077913000
6	0		2245.140100000
6	0		2245.202239000
6	0		2245.264391000
6	0		2245.388676000
6	0		2245.449843000
6	0		2245.512044000
6	0		2245.574232000
6	0		2245.636437000
6	0		2245.698632000
6	0		2245.759859000
6	0		2245.884137000
6	0		2245.946283000
6	0		2246.008446000
6	1418		2246.009671000
6	1418		2246.059236000
6	0		2246.132683000
6	0		2246.256326000
6	0		2246.380434000
6	0		2246.442617000
6	1418		2246.443870000
6	1418		2246.493425000
6	0		2246.565884000
6	0		2246.690203000
6	0		2246.814546000
6	1418		2246.815812000
6	1418		2246.865367000
6	0		2246.876731000
6	1418		2246.964460000
6	0		2246.999987000
6	1396		2247.000543000
6	1418		2247.063553000
6	0		2247.185941000
6	1396		2247.186493000
6	1396		2247.204386000
6	1396		2247.240196000
6	1396		2247.275997000
6	0		2247.310365000
6	1396		2247.311766000
6	1396		2247.347569000
6	0		2247.372543000
6	1418		2247.373797000
6	1418		2247.423369000
6	1418		2247.522469000
6	0		2247.557926000
6	1396		2247.558485000
6	1396		2247.576362000
6	1418		2247.621543000
6	0		2247.682780000
6	1396		2247.683323000
6	435		2247.701289000
6	0		2247.806723000
6	0		2247.867940000
6	1418		2247.869192000
6	1418		2247.918745000
6	0		2247.930095000
6	0		2248.054338000
6	0		2248.178643000
6	0		2248.301971000
6	1418		2248.303203000
6	1418		2248.342857000
6	1418		2248.422143000
6	0		2248.426260000
6	1418		2248.501415000
6	0		2248.550719000
6	1418		2248.580696000
6	1418		2248.659999000
6	0		2248.736424000
6	0		2248.736460000
6	1418		2248.739268000
6	1418		2248.818550000
6	0		2248.860685000
6	1418		2248.897850000
6	1418		2248.977151000
6	0		2248.984276000
6	0		2249.045935000
6	1418		2249.056410000
6	0		2249.057074000
6	1396		2249.108335000
6	310		2249.108364000
6	0		2249.108371000
6	0		2249.108904000
6	2792		2249.109757000
6	2792		2249.109792000
6	1396		2249.109810000
6	1396		2249.109827000
6	1418		2249.135711000
6	0		2249.170517000
6	1396		2249.178781000
6	1418		2249.214986000
6	1396		2249.247716000
6	1418		2249.294251000
6	1396		2249.316649000
6	0		2249.356276000
6	0		2249.356303000
6	1418		2249.373526000
6	1396		2249.385568000
6	1418		2249.452920000
6	1396		2249.454484000
6	0		2249.480079000
6	1396		2249.523434000
6	1418		2249.532109000
6	0		2249.541835000
6	1396		2249.592401000
6	1418		2249.611399000
6	1396		2249.661313000
6	0		2249.665847000
6	1418		2249.690765000
6	1396		2249.730233000
6	1418		2249.769980000
6	0		2249.790225000
6	1396		2249.799169000
6	1418		2249.849258000
6	1396		2249.868089000
6	0		2249.914918000
6	1418		2249.928531000
6	1396		2249.937027000
6	1396		2250.006018000
6	1418		2250.007814000
6	0		2250.038431000
6	1396		2250.074888000
6	1418		2250.139965000
6	1396		2250.143812000
6	0		2250.162297000
6	1396		2250.212739000
6	1418		2250.272084000
6	1396		2250.281667000
6	0		2250.286239000
6	0		2250.348077000
6	1396		2250.350602000
6	1418		2250.404245000
6	0		2250.410259000
6	1396		2250.419530000
6	0		2250.472624000
6	1396		2250.488470000
6	0		2250.533978000
6	1418		2250.536356000
6	1396		2250.557418000
6	0		2250.595879000
6	1396		2250.626351000
6	0		2250.657864000
6	1418		2250.668518000
6	1396		2250.695253000
6	1396		2250.764204000
6	0		2250.782231000
6	0		2250.782255000
6	1418		2250.800657000
6	1396		2250.833117000
6	1396		2250.902327000
6	0		2250.906579000
6	1418		2250.932803000
6	0		2250.968138000
6	1396		2250.970988000
6	0		2251.030316000
6	1396		2251.039936000
6	1418		2251.064994000
6	1396		2251.108867000
6	0		2251.154249000
6	1396		2251.177783000
6	1418		2251.197074000
6	0		2251.216484000
6	1396		2251.246706000
6	1396		2251.315645000
6	1418		2251.329231000
6	0		2251.340134000
6	1396		2251.384649000
6	1396		2251.453512000
6	1418		2251.461357000
6	1396		2251.522461000
6	0		2251.526350000
6	0		2251.526386000
6	1396		2251.586938000
6	1418		2251.593486000
6	1396		2251.651541000
6	1418		2251.692603000
6	0		2251.711882000
6	1396		2251.716019000
6	0		2251.774072000
6	1396		2251.780491000
6	1418		2251.791709000
6	1396		2251.845002000
6	1418		2251.890831000
6	0		2251.898122000
6	1396		2251.905510000
6	0		2251.960297000
6	1396		2251.966037000
6	1418		2251.989937000
6	1396		2252.026571000
6	1396		2252.083562000
6	0		2252.084471000
6	1418		2252.089013000
6	1396		2252.140560000
6	1418		2252.188139000
6	1396		2252.197573000
6	1396		2252.254555000
6	0		2252.269986000
6	1418		2252.287243000
6	1396		2252.308998000
6	0		2252.331925000
6	1396		2252.363282000
6	1418		2252.386355000
6	1396		2252.417638000
6	1396		2252.472245000
6	1418		2252.485456000
6	0		2252.518182000
6	1396		2252.525358000
6	1396		2252.578722000
6	1418		2252.584615000
6	1396		2252.632113000
6	0		2252.642108000
6	1396		2252.683594000
6	1418		2252.683645000
6	0		2252.704488000
6	1396		2252.735111000
6	1418		2252.782761000
6	1396		2252.786583000
6	1396		2252.838135000
6	1418		2252.881866000
6	1396		2252.888280000
6	0		2252.890019000
6	1396		2252.938455000
6	1418		2252.980979000
6	1396		2252.988655000
6	0		2253.014118000
6	1396		2253.038800000
6	1396		2253.072932000
6	0		2253.076355000
6	1418		2253.080073000
6	1396		2253.107084000
6	1396		2253.141196000
6	1396		2253.175339000
6	1418		2253.179170000
6	1396		2253.209567000
6	1396		2253.243610000
6	0		2253.261903000
6	1396		2253.277731000
6	1418		2253.278263000
6	1396		2253.311862000
6	0		2253.324097000
6	1396		2253.345978000
6	1418		2253.377414000
6	1396		2253.380114000
6	0		2253.386269000
6	1396		2253.414309000
6	1396		2253.448385000
6	0		2253.448477000
6	1418		2253.476499000
6	1396		2253.482519000
6	0		2253.510718000
6	1396		2253.516654000
6	1396		2253.550791000
6	1418		2253.575613000
6	1396		2253.584922000
6	1396		2253.619062000
6	0		2253.634180000
6	1396		2253.653192000
6	1418		2253.674715000
6	1396		2253.687311000
6	0		2253.696433000
6	1396		2253.721467000
6	1396		2253.755601000
6	0		2253.757899000
6	1418		2253.773826000
6	1396		2253.789739000
6	0		2253.820012000
6	1396		2253.823836000
6	1396		2253.857994000
6	1418		2253.872993000
6	0		2253.882221000
6	1396		2253.892111000
6	1396		2253.926248000
6	0		2253.944499000
6	1396		2253.960375000
6	1418		2253.972030000
6	1396		2253.994312000
6	0		2254.006610000
6	1396		2254.028246000
6	1396		2254.061773000
6	0		2254.068099000
6	1418		2254.071141000
6	1396		2254.095336000
6	1396		2254.128514000
6	0		2254.130270000
6	1396		2254.161676000
6	1418		2254.170248000
6	0		2254.191952000
6	1396		2254.194834000
6	1396		2254.228005000
6	1396		2254.261174000
6	1396		2254.294336000
6	0		2254.316424000
6	1396		2254.327549000
6	1396		2254.360670000
6	0		2254.377984000
6	1418		2254.379213000
6	1384		2254.393868000
6	1418		2254.428756000
6	0		2254.440015000
6	0		2254.502159000
6	0		2254.626488000
6	0		2254.688683000
6	1418		2254.689926000
6	1418		2254.739478000
6	0		2254.749855000
6	0		2254.812321000
6	633		2254.812351000
6	39		2254.812360000
6	137		2254.812367000
6	0		2254.813855000
6	0		2254.813881000
6	0		2254.813886000
6	39		2254.814074000
6	69		2254.819669000
6	70		2254.829979000
6	0		2254.936410000
6	0		2254.998593000
6	0		2255.060774000
6	1418		2255.062027000
6	1418		2255.111581000
6	0		2255.121962000
6	0		2255.246170000
6	0		2255.308377000
6	0		2255.370546000
6	0		2255.432722000
6	0		2255.493905000
6	0		2255.618210000
6	0		2255.680396000
6	0		2255.742599000
6	0		2255.804785000
6	0		2255.865961000
6	0		2255.990281000
6	0		2255.990310000
6	0		2256.052486000
6	0		2256.114639000
6	0		2256.237913000
6	0		2256.300091000
6	0		2256.362256000
6	0		2256.424455000
6	0		2256.486612000
6	0		2256.609916000
6	0		2256.672082000
6	0		2256.734237000
6	0		2256.796419000
6	0		2256.858625000
6	0		2256.919817000
6	0		2256.982009000
6	0		2257.106349000
6	0		2257.168523000
6	0		2257.230692000
6	0		2257.291864000
6	0		2257.353939000
6	0		2257.416142000
6	0		2257.540519000
6	0		2257.602691000
6	0		2257.663879000
6	0		2257.725932000
6	0		2257.788125000
6	0		2257.850352000
6	0		2257.912446000
6	0		2257.974655000
6	0		2258.035864000
6	0		2258.098001000
6	0		2258.160182000
6	0		2258.284456000
6	0		2258.408319000
6	0		2258.532018000
6	0		2258.656347000
6	0		2258.718514000
6	0		2258.841818000
6	0		2259.028274000
6	0		2259.152588000
6	0		2259.214792000
6	0		2259.338242000
6	0		2259.524566000
6	0		2259.647876000
6	0		2259.772244000
6	0		2259.834432000
6	1418		2259.835676000
6	0		2259.896584000
6	1396		2259.958756000
6	427		2259.958790000
6	0		2259.958801000
6	0		2259.959333000
6	1418		2259.959991000
6	1396		2259.960044000
6	1396		2259.991801000
6	1418		2260.015056000
6	1396		2260.024221000
6	1396		2260.056658000
6	0		2260.081937000
6	39		2260.081960000
6	0		2260.087463000
6	1396		2260.089115000
6	1396		2260.121529000
6	0		2260.144109000
6	1418		2260.145359000
6	1396		2260.153952000
6	1396		2260.186389000
6	1396		2260.218898000
6	1418		2260.235138000
6	1396		2260.251263000
6	0		2260.267888000
6	1396		2260.283704000
6	1396		2260.316124000
6	1418		2260.345172000
6	1396		2260.348562000
6	1396		2260.381001000
6	1396		2260.413435000
6	1418		2260.433220000
6	1396		2260.445873000
6	0		2260.454232000
6	0		2260.454257000
6	1396		2260.478287000
6	1396		2260.510746000
6	1418		2260.521241000
6	1396		2260.543170000
6	1396		2260.573117000
6	1396		2260.603137000
6	1418		2260.609290000
6	1396		2260.633040000
6	0		2260.640555000
6	1396		2260.662989000
6	1396		2260.692932000
6	1418		2260.697319000
6	1396		2260.722876000
6	1396		2260.752828000
6	0		2260.764135000
6	1396		2260.782778000
6	1418		2260.785375000
6	1396		2260.812783000
6	0		2260.826184000
6	1396		2260.842740000
6	1396		2260.872633000
6	1418		2260.873366000
6	0		2260.888345000
6	1396		2260.902638000
6	1396		2260.932569000
6	1396		2260.962478000
6	1396		2260.992544000
6	0		2261.012266000
6	1396		2261.022395000
6	1396		2261.052398000
6	0		2261.074259000
6	1220		2261.082289000
6	0		2261.198673000
6	0		2261.259860000
6	1418		2261.261119000
6	1418		2261.316149000
6	0		2261.384760000
6	0		2261.508287000
6	0		2261.632393000
6	0		2261.756810000
6	1418		2261.758071000
6	1418		2261.813083000
6	0		2261.818009000
6	0		2261.942883000
6	438		2262.004218000
6	0		2262.005652000
6	1101		2262.066058000
6	0		2262.067490000
6	139		2262.074090000
6	93		2262.088057000
6	39		2262.101978000
6	0		2262.128238000
6	0		2262.252566000
6	1418		2262.253833000
6	1418		2262.308893000
6	0		2262.314750000
6	0		2262.438485000
6	0		2262.624083000
6	0		2262.748448000
6	1418		2262.749720000
6	1418		2262.804829000
6	0		2262.810323000
6	0		2262.872472000
6	0		2262.996736000
6	0		2263.120765000
6	1396		2263.181954000
6	427		2263.181993000
6	0		2263.182550000
6	0		2263.244515000
6	1418		2263.245773000
6	1396		2263.285443000
6	1396		2263.298589000
6	1418		2263.300777000
6	1396		2263.324919000
6	1396		2263.351250000
6	0		2263.368413000
6	0		2263.368442000
6	39		2263.368449000
6	0		2263.374952000
6	1396		2263.377552000
6	1396		2263.403891000
6	1418		2263.410854000
6	1396		2263.430229000
6	1396		2263.456560000
6	1396		2263.482872000
6	0		2263.492352000
6	1396		2263.509191000
6	1418		2263.520898000
6	1396		2263.535526000
6	1396		2263.561840000
6	1396		2263.588181000
6	1396		2263.614519000
6	0		2263.616031000
6	1418		2263.630930000
6	1396		2263.640896000
6	1396		2263.667157000
6	1396		2263.693480000
6	1396		2263.719788000
6	1418		2263.740980000
6	1396		2263.746114000
6	1396		2263.772454000
6	1396		2263.798803000
6	0		2263.802246000
6	0		2263.802270000
6	1396		2263.825165000
6	1418		2263.851045000
6	1396		2263.851416000
6	1396		2263.877759000
6	1396		2263.904078000
6	1396		2263.930411000
6	1396		2263.956748000
6	1418		2263.961111000
6	1396		2263.983072000
6	0		2263.988463000
6	1396		2264.009394000
6	1396		2264.035716000
6	1396		2264.062033000
6	1418		2264.071139000
6	1396		2264.088355000
6	0		2264.112143000
6	1396		2264.114668000
6	1396		2264.141076000
6	1396		2264.167341000
6	0		2264.174737000
6	1418		2264.181174000
6	1396		2264.193659000
6	1396		2264.220003000
6	1396		2264.246318000
6	143		2264.272652000
6	1418		2264.291243000
6	0		2264.298366000
6	0		2264.422828000
6	0		2264.608274000
6	0		2264.732591000
6	0		2264.794827000
6	1418		2264.796042000
6	1418		2264.840072000
6	0		2264.918474000
6	1418		2264.928116000
6	1418		2265.016161000
6	0		2265.042569000
6	0		2265.227898000
6	0		2265.352221000
6	0		2265.414430000
6	0		2265.538703000
6	0		2265.601188000
6	0		2265.724277000
6	0		2265.786246000
6	0		2265.909932000
6	0		2266.034334000
6	0		2266.034359000
6	0		2266.158540000
6	0		2266.281841000
6	0		2266.468321000
6	0		2266.530290000
6	1396		2266.592652000
6	427		2266.592678000
6	0		2266.592685000
6	0		2266.593227000
6	1396		2266.613363000
6	1396		2266.626571000
6	1396		2266.652956000
6	1396		2266.679160000
6	1396		2266.705496000
6	0		2266.716343000
6	1418		2266.717572000
6	1396		2266.731821000
6	1396		2266.758152000
6	1418		2266.772662000
6	1396		2266.784466000
6	1396		2266.810860000
6	1396		2266.837186000
6	0		2266.840093000
6	1396		2266.863442000
6	1418		2266.882650000
6	1396		2266.889833000
6	1396		2266.916098000
6	1396		2266.942425000
6	0		2266.964208000
6	1396		2266.968765000
6	1418		2266.992760000
6	1396		2266.995065000
6	1396		2267.021386000
6	1396		2267.047049000
6	1396		2267.072672000
6	0		2267.088711000
6	1396		2267.098294000
6	1396		2267.123955000
6	1396		2267.149576000
6	1396		2267.175229000
6	1396		2267.200896000
6	0		2267.212209000
6	1396		2267.226492000
6	1396		2267.252124000
6	0		2267.274232000
6	1396		2267.277759000
6	1396		2267.303397000
6	1396		2267.329032000
6	0		2267.336331000
6	1418		2267.337572000
6	1396		2267.354676000
6	1396		2267.380294000
6	1418		2267.392649000
6	0		2267.398231000
6	1396		2267.405941000
6	1396		2267.431564000
6	1396		2267.457216000
6	1396		2267.482841000
6	1418		2267.502661000
6	1396		2267.508465000
6	0		2267.522702000
6	1396		2267.534120000
6	633		2267.559766000
6	1418		2267.612708000
6	0		2267.646067000
6	0		2267.708240000
6	1418		2267.722806000
6	0		2267.832292000
6	1418		2267.832793000
6	0		2267.894445000
6	1418		2267.942843000
6	0		2268.080499000
6	0		2268.203819000
6	0		2268.328133000
6	0		2268.452360000
6	0		2268.452389000
6	1418		2268.453643000
6	0		2268.576212000
6	0		2268.700496000
6	0		2268.824698000
6	0		2269.010235000
6	0		2269.072416000
6	1418		2269.073681000
6	1418		2269.117701000
6	0		2269.196239000
6	1418		2269.205726000
6	1418		2269.293861000
6	0		2269.320200000
6	0		2269.506403000
6	0		2269.506429000
6	1396		2269.567858000
6	427		2269.567886000
6	0		2269.567895000
6	0		2269.568414000
6	1396		2269.643570000
6	1396		2269.655320000
6	1396		2269.678890000
6	0		2269.691823000
6	1418		2269.693080000
6	1396		2269.702486000
6	1396		2269.726063000
6	1396		2269.749634000
6	1418		2269.766450000
6	1396		2269.773190000
6	1396		2269.796765000
6	0		2269.816127000
6	1396		2269.820342000
6	1396		2269.843937000
6	1396		2269.867514000
6	1396		2269.891098000
6	1418		2269.913167000
6	1396		2269.914646000
6	1396		2269.938252000
6	0		2269.939924000
6	1396		2269.961819000
6	1396		2269.985417000
6	1396		2270.008987000
6	1396		2270.032535000
6	1396		2270.056122000
6	1418		2270.059908000
6	0		2270.063892000
6	1396		2270.079689000
6	1396		2270.103270000
6	1396		2270.126845000
6	1396		2270.150422000
6	1396		2270.174034000
6	0		2270.188691000
6	1396		2270.197580000
6	1418		2270.206694000
6	1396		2270.221159000
6	1396		2270.244722000
6	1396		2270.268322000
6	1396		2270.291901000
6	0		2270.312263000
6	1396		2270.315476000
6	1396		2270.339102000
6	1418		2270.353377000
6	1396		2270.362644000
6	0		2270.374352000
6	1396		2270.386223000
6	1396		2270.409773000
6	1396		2270.433389000
6	0		2270.436280000
6	1396		2270.456933000
6	1396		2270.480500000
6	0		2270.497834000
6	1418		2270.500064000
6	1396		2270.504067000
6	1396		2270.527649000
6	1396		2270.551230000
6	1396		2270.574812000
6	1396		2270.598371000
6	1418		2270.610147000
6	1396		2270.621975000
6	1396		2270.645523000
6	1396		2270.669123000
6	0		2270.684417000
6	1396		2270.692702000
6	1396		2270.716267000
6	1418		2270.720194000
6	1396		2270.739841000
6	1396		2270.763419000
6	1396		2270.786997000
6	0		2270.808298000
6	0		2270.808321000
6	1396		2270.810582000
6	1418		2270.830246000
6	1396		2270.834144000
6	1396		2270.857728000
6	0		2270.870548000
6	1396		2270.881295000
6	1396		2270.904939000
6	1396		2270.928484000
6	1418		2270.940287000
6	1396		2270.952036000
6	1396		2270.975631000
6	1396		2270.999180000
6	1396		2271.022773000
6	1396		2271.046328000
6	1418		2271.050442000
6	0		2271.056116000
6	1396		2271.069924000
6	1396		2271.093496000
6	1205		2271.117070000
6	0		2271.180554000
6	0		2271.304800000
6	0		2271.428261000
6	0		2271.428292000
6	1418		2271.429523000
6	1418		2271.484599000
6	0		2271.552022000
6	1418		2271.594572000
6	0		2271.676059000
6	1418		2271.704631000
6	0		2271.800102000
6	0		2271.986517000
6	0		2272.109902000
6	0		2272.234232000
6	0		2272.296426000
6	1418		2272.297672000
6	1418		2272.352716000
6	0		2272.420188000
6	0		2272.544502000
6	0		2272.667810000
6	0		2272.792193000
6	0		2272.916543000
6	0		2273.040227000
6	0		2273.040252000
6	0		2273.164168000
6	0		2273.288493000
6	0		2273.473958000
6	0		2273.598258000
6	0		2273.722599000
6	0		2273.784745000
6	0		2273.908045000
6	0		2274.032310000
6	0		2274.217867000
6	0		2274.342190000
6	0		2274.466472000
6	0		2274.528752000
6	0		2274.590294000
6	1396		2274.652065000
6	310		2274.652092000
6	0		2274.652637000
6	0		2274.714213000
6	1396		2274.728732000
6	1396		2274.740527000
6	1396		2274.764097000
6	1396		2274.787671000
6	1396		2274.811251000
6	1396		2274.834824000
6	0		2274.838498000
6	1418		2274.839770000
6	1396		2274.858404000
6	1396		2274.881966000
6	1418		2274.894777000
6	1396		2274.905596000
6	1396		2274.929125000
6	1396		2274.952703000
6	0		2274.962268000
6	1396		2274.976272000
6	1396		2274.999848000
6	1418		2275.004833000
6	1396		2275.023452000
6	1396		2275.047037000
6	1396		2275.070585000
6	0		2275.085924000
6	1396		2275.094142000
6	1418		2275.114886000
6	1396		2275.117721000
6	1396		2275.141323000
6	1396		2275.164885000
6	1396		2275.188467000
6	0		2275.210768000
6	1396		2275.212055000
6	1396		2275.235623000
6	1396		2275.259201000
6	1396		2275.282776000
6	1396		2275.306344000
6	1396		2275.329913000
6	0		2275.334610000
6	1396		2275.353487000
6	1396		2275.377064000
6	1396		2275.400669000
6	1396		2275.424246000
6	1396		2275.447822000
6	1396		2275.471399000
6	1396		2275.494957000
6	1396		2275.518552000
6	0		2275.520229000
6	0		2275.520255000
6	1418		2275.521483000
6	1396		2275.542136000
6	1396		2275.565706000
6	1418		2275.576525000
6	1396		2275.589300000
6	1396		2275.612862000
6	1396		2275.636462000
6	1396		2275.660017000
6	1396		2275.683588000
6	1418		2275.686571000
6	0		2275.705873000
6	1396		2275.707160000
6	1396		2275.730753000
6	1396		2275.754335000
6	1396		2275.778192000
6	1418		2275.796608000
6	1396		2275.801513000
6	1095		2275.825124000
6	0		2275.830736000
6	0		2275.892252000
6	1418		2275.906656000
6	0		2276.016115000
6	1418		2276.016699000
6	1418		2276.126772000
6	0		2276.140070000
6	1418		2276.236821000
6	0		2276.264277000
6	0		2276.264303000
6	0		2276.326281000
6	1418		2276.346859000
6	0		2276.450349000
6	1418		2276.456909000
6	0		2276.512481000
6	1418		2276.566972000
6	0		2276.636371000
6	1418		2276.655079000
6	1418		2276.743057000
6	0		2276.760425000
6	1418		2276.831105000
6	0		2276.884661000
6	0		2277.008610000
6	0		2277.131973000
6	0		2277.256358000
6	0		2277.380234000
6	0		2277.503972000
6	0		2277.566231000
6	1418		2277.567496000
6	0		2277.689933000
6	0		2277.814249000
6	0		2278.000733000
6	0		2278.124062000
6	0		2278.248320000
6	0		2278.248347000
6	1418		2278.249597000
6	1418		2278.304706000
6	0		2278.310158000
6	1396		2278.372141000
6	310		2278.372167000
6	0		2278.372703000
6	1396		2278.411945000
6	0		2278.434345000
6	1418		2278.435593000
6	1396		2278.445965000
6	1396		2278.514035000
6	1418		2278.524719000
6	0		2278.558338000
6	1396		2278.582087000
6	1418		2278.634766000
6	1396		2278.650146000
6	0		2278.682502000
6	1396		2278.718208000
6	1418		2278.744817000
6	1396		2278.786273000
6	0		2278.806563000
6	1396		2278.854341000
6	1418		2278.854853000
6	1396		2278.922403000
6	0		2278.930195000
6	1418		2278.964948000
6	1396		2278.990480000
6	0		2279.054000000
6	1396		2279.058679000
6	1418		2279.074988000
6	1396		2279.126587000
6	1418		2279.185034000
6	0		2279.240039000
6	1418		2279.295075000
6	0		2279.302422000
6	1396		2279.302970000
6	1396		2279.336992000
6	0		2279.488624000
6	1396		2279.489157000
6	1396		2279.523191000
6	0		2279.549818000
6	1418		2279.551095000
6	1418		2279.671736000
6	0		2279.674486000
6	1396		2279.675024000
6	1396		2279.709115000
6	0		2279.860253000
6	0		2279.860279000
6	0		2279.860287000
6	1396		2279.860795000
6	1418		2279.861523000
6	0		2279.871195000
6	1396		2279.894812000
6	0		2280.046328000
6	1418		2280.048315000
6	0		2280.108525000
6	0		2280.199906000
6	1418		2280.236635000
6	0		2280.246094000
6	0		2280.384369000
6	1418		2280.424974000
6	0		2280.430276000
6	0		2280.476447000
6	0		2280.568702000
6	1418		2280.613325000
6	0		2280.660704000
6	1396		2280.661248000
6	1396		2280.695249000
6	0		2280.752346000
6	1396		2280.763323000
6	0		2280.798267000
6	1418		2280.801632000
6	1396		2280.831379000
6	0		2280.844658000
6	0		2280.935894000
6	1418		2280.951556000
6	0		2281.074266000
6	0		2281.074295000
6	1396		2281.074808000
6	1418		2281.079949000
6	1396		2281.108904000
6	0		2281.166271000
6	1396		2281.176891000
6	1418		2281.208394000
6	1396		2281.244984000
6	0		2281.258369000
6	0		2281.304529000
6	1396		2281.313002000
6	1418		2281.336746000
6	1396		2281.381073000
6	0		2281.442498000
6	1396		2281.449134000
6	1418		2281.465138000
6	0		2281.488621000
6	1396		2281.517205000
6	0		2281.580627000
6	1396		2281.585255000
6	1418		2281.593521000
6	1396		2281.653325000
6	0		2281.718732000
6	1396		2281.721390000
6	1418		2281.721900000
6	0		2281.763892000
6	1396		2281.789434000
6	0		2281.810261000
6	1418		2281.850431000
6	1396		2281.857489000
6	1396		2281.925548000
6	0		2281.947880000
6	1418		2281.978720000
6	1396		2281.993625000
6	0		2281.993991000
6	1396		2282.061686000
6	1418		2282.106141000
6	1396		2282.129734000
6	0		2282.132061000
6	1396		2282.197801000
6	0		2282.224092000
6	1418		2282.233563000
6	1396		2282.265883000
6	0		2282.270212000
6	1396		2282.333926000
6	1418		2282.360999000
6	1396		2282.401991000
6	0		2282.408431000
6	1396		2282.470051000
6	1418		2282.488423000
6	0		2282.500659000
6	1396		2282.524496000
6	0		2282.545880000
6	1396		2282.578939000
6	1418		2282.615855000
6	1396		2282.633398000
6	0		2282.684816000
6	1396		2282.687828000
6	1418		2282.743271000
6	0		2282.776169000
6	1396		2282.778641000
6	0		2282.822608000
6	1396		2282.869344000
6	1418		2282.870688000
6	0		2282.960016000
6	1396		2282.960805000
6	1418		2282.998122000
6	1396		2283.052318000
6	0		2283.052478000
6	0		2283.098643000
6	1396		2283.120929000
6	1418		2283.125558000
6	1396		2283.189548000
6	1418		2283.227482000
6	0		2283.235909000
6	1396		2283.258142000
6	0		2283.281843000
6	40		2283.326766000
6	0		2283.328574000
6	1418		2283.329406000
6	1418		2283.431370000
6	0		2283.465904000
6	0		2283.511981000
6	0		2283.512008000
6	1418		2283.533319000
6	1396		2283.558175000
6	427		2283.558207000
6	0		2283.558713000
6	0		2283.604659000
6	1418		2283.635244000
6	0		2283.696595000
6	1418		2283.737189000
6	1396		2283.746754000
6	1396		2283.781047000
6	1418		2283.839130000
6	1396		2283.849652000
6	0		2283.880504000
6	1396		2283.918276000
6	0		2283.926623000
6	1418		2283.934612000
6	1396		2283.986967000
6	0		2284.017957000
6	1418		2284.023800000
6	1396		2284.055507000
6	1418		2284.112992000
6	1396		2284.123309000
6	0		2284.156559000
6	1396		2284.191127000
6	1418		2284.202191000
6	0		2284.202684000
6	1396		2284.258867000
6	1418		2284.291395000
6	1396		2284.326645000
6	0		2284.339940000
6	1418		2284.380579000
6	0		2284.386068000
6	1396		2284.394425000
6	1396		2284.448675000
6	1418		2284.469779000
6	1396		2284.502909000
6	0		2284.524211000
6	1396		2284.557142000
6	1418		2284.558945000
6	0		2284.570328000
6	1418		2284.648164000
6	0		2284.662470000
6	1396		2284.663026000
6	1396		2284.696905000
6	1418		2284.737363000
6	0		2284.800329000
6	560		2284.800359000
6	39		2284.800368000
6	1396		2284.800893000
6	0		2284.801690000
6	0		2284.801696000
6	39		2284.801700000
6	69		2284.805604000
6	70		2284.812937000
6	1418		2284.826569000
6	1396		2284.834812000
6	0		2284.845892000
6	1418		2284.915747000
6	0		2284.984226000
6	1396		2284.984794000
6	1396		2285.018670000
6	0		2285.030233000
6	1418		2285.031508000
6	0		2285.076523000
6	39		2285.076548000
6	0		2285.082159000
6	1418		2285.112883000
6	0		2285.168353000
6	1396		2285.168892000
6	1396		2285.202819000
6	0		2285.214518000
6	1418		2285.220838000
6	0		2285.306269000
6	1396		2285.306791000
6	1418		2285.328770000
6	1396		2285.340692000
6	0		2285.398096000
6	1418		2285.436738000
6	0		2285.490203000
6	1396		2285.490739000
6	1396		2285.524640000
6	1418		2285.533039000
6	0		2285.628683000
6	1418		2285.629957000
6	0		2285.673876000
6	1396		2285.674412000
6	1396		2285.701543000
6	1418		2285.725606000
6	1396		2285.755772000
6	1396		2285.810020000
6	0		2285.812194000
6	0		2285.858432000
6	1418		2285.859678000
6	1418		2285.918249000
6	0		2285.996678000
6	1396		2285.997266000
6	1396		2286.031146000
6	0		2286.041851000
6	1418		2286.043097000
6	0		2286.088565000
6	1396		2286.098939000
6	1418		2286.110770000
6	1396		2286.166743000
6	0		2286.180207000
6	1418		2286.207072000
6	0		2286.272538000
6	1396		2286.273068000
6	1418		2286.284088000
6	1396		2286.306982000
6	1418		2286.361126000
6	0		2286.410489000
6	1418		2286.438159000
6	0		2286.456657000
6	1396		2286.457185000
6	1396		2286.491089000
6	0		2286.594625000
6	1418		2286.595886000
6	0		2286.639808000
6	1396		2286.640381000
6	1418		2286.644002000
6	1396		2286.674271000
6	0		2286.732801000
6	1418		2286.740318000
6	0		2286.824794000
6	1396		2286.825306000
6	1418		2286.832913000
6	1396		2286.859653000
6	0		2286.962235000
6	1418		2286.963493000
6	0		2287.008404000
6	1396		2287.008920000
6	1418		2287.018122000
6	1396		2287.042853000
6	0		2287.146480000
6	1418		2287.147748000
6	0		2287.192616000
6	1396		2287.193212000
6	1418		2287.203342000
6	1396		2287.220332000
6	1396		2287.274548000
6	1126		2287.328781000
6	0		2287.329953000
6	1418		2287.331171000
6	0		2287.376170000
6	1418		2287.388567000
6	0		2287.514134000
6	1418		2287.515362000
6	0		2287.560310000
6	1418		2287.573758000
6	0		2287.606136000
6	1396		2287.652266000
6	427		2287.652291000
6	0		2287.652801000
6	0		2287.698424000
6	1418		2287.699677000
6	1418		2287.740477000
6	0		2287.789862000
6	1418		2287.814562000
6	1396		2287.828509000
6	1396		2287.862443000
6	0		2287.881850000
6	1418		2287.888636000
6	1396		2287.930166000
6	1418		2287.962712000
6	1396		2287.998037000
6	0		2288.020448000
6	0		2288.020477000
6	1418		2288.055314000
6	1396		2288.065825000
6	1396		2288.133521000
6	1418		2288.147923000
6	0		2288.158239000
6	0		2288.158264000
6	1396		2288.201312000
6	0		2288.204260000
6	1418		2288.240557000
6	1396		2288.269101000
6	1418		2288.333205000
6	0		2288.342515000
6	1396		2288.343090000
6	0		2288.388685000
6	1396		2288.412217000
6	1418		2288.425758000
6	0		2288.480331000
6	1396		2288.487541000
6	1418		2288.518363000
6	0		2288.571816000
6	1418		2288.611044000
6	0		2288.617995000
6	1396		2288.618587000
6	1396		2288.656254000
6	1418		2288.703578000
6	0		2288.756065000
6	1396		2288.756596000
6	1396		2288.789275000
6	0		2288.802224000
6	1418		2288.803463000
6	1396		2288.846956000
6	1418		2288.888786000
6	1396		2288.904742000
6	0		2288.940083000
6	0		2288.986225000
6	1418		2288.987514000
6	1418		2289.074072000
6	0		2289.077848000
6	1396		2289.078379000
6	1396		2289.114435000
6	0		2289.169813000
6	1418		2289.171051000
6	0		2289.215978000
6	1396		2289.216507000
6	1396		2289.258676000
6	1418		2289.259188000
6	0		2289.308493000
6	1418		2289.351823000
6	0		2289.400231000
6	1396		2289.400767000
6	1396		2289.436826000
6	1418		2289.444414000
6	0		2289.537921000
6	1396		2289.538449000
6	1396		2289.581110000
6	0		2289.584059000
6	1418		2289.585280000
6	1418		2289.631577000
6	0		2289.721981000
6	1396		2289.722517000
6	1396		2289.758638000
6	0		2289.768135000
6	1418		2289.769403000
6	1418		2289.806454000
6	742		2289.814024000
6	0		2289.815088000
6	67		2289.818090000
6	31		2289.818753000
6	39		2289.819482000
6	0		2289.859899000
6	1396		2289.860445000
6	1418		2289.880504000
6	1396		2289.889295000
6	1396		2289.947050000
6	0		2289.952818000
6	1418		2289.954651000
6	1396		2290.004665000
6	0		2290.044040000
6	0		2290.136314000
6	0		2290.136346000
6	39		2290.136353000
6	1418		2290.137579000
6	0		2290.142586000
6	1418		2290.183848000
6	0		2290.274204000
6	1396		2290.274731000
6	1396		2290.310790000
6	0		2290.366273000
6	1418		2290.367538000
6	0		2290.412502000
6	1396		2290.413047000
6	1418		2290.413810000
6	1396		2290.455037000
6	0		2290.504556000
6	1418		2290.506483000
6	0		2290.595831000
6	1396		2290.596363000
6	1418		2290.599044000
6	1396		2290.632444000
6	0		2290.734023000
6	1418		2290.735297000
6	0		2290.780205000
6	1396		2290.780715000
6	1418		2290.784333000
6	1396		2290.816835000
6	0		2290.918437000
6	1418		2290.919690000
6	0		2290.964577000
6	1396		2290.965164000
6	1418		2290.969454000
6	1396		2291.001225000
6	0		2291.102780000
6	1418		2291.104048000
6	0		2291.147969000
6	1396		2291.148493000
6	1418		2291.154698000
6	1396		2291.184581000
6	0		2291.240110000
6	1418		2291.247291000
6	0		2291.286292000
6	1396		2291.286824000
6	1396		2291.315676000
6	1418		2291.321383000
6	1396		2291.373374000
6	1418		2291.395455000
6	0		2291.424763000
6	1396		2291.431079000
6	1418		2291.469618000
6	0		2291.469880000
6	0		2291.608194000
6	1396		2291.608723000
6	1396		2291.644775000
6	0		2291.654378000
6	1418		2291.655636000
6	1418		2291.701937000
6	0		2291.792318000
6	1396		2291.792856000
6	1396		2291.828923000
6	0		2291.838618000
6	1418		2291.839922000
6	1418		2291.887147000
6	0		2291.930362000
6	1396		2291.930886000
6	1396		2291.973144000
6	0		2292.022559000
6	1418		2292.023844000
6	1418		2292.072408000
6	0		2292.114493000
6	1396		2292.115044000
6	1396		2292.151102000
6	0		2292.206668000
6	1418		2292.207941000
6	1418		2292.257632000
6	0		2292.298245000
6	61		2292.298841000
6	0		2292.390233000
6	1418		2292.391513000
6	1418		2292.442811000
6	0		2292.481913000
6	0		2292.574455000
6	0		2292.574481000
6	1418		2292.575729000
6	1396		2292.620022000
6	310		2292.620047000
6	0		2292.620605000
6	1418		2292.627990000
6	1396		2292.659939000
6	0		2292.666223000
6	1396		2292.701703000
6	1418		2292.720619000
6	0		2292.758335000
6	1396		2292.782789000
6	1418		2292.794692000
6	0		2292.850169000
6	1396		2292.863861000
6	1418		2292.868797000
6	1418		2292.942884000
6	1396		2292.944927000
6	0		2292.988351000
6	0		2292.988377000
6	1396		2293.009810000
6	1418		2293.016972000
6	0		2293.034299000
6	1396		2293.074681000
6	0		2293.080519000
6	1418		2293.091040000
6	1396		2293.139545000
6	1418		2293.165127000
6	0		2293.172586000
6	1396		2293.220632000
6	1418		2293.231581000
6	1418		2293.298035000
6	1396		2293.301716000
6	0		2293.310245000
6	0		2293.310268000
6	1418		2293.364495000
6	1396		2293.382850000
6	0		2293.448386000
6	1396		2293.463900000
6	0		2293.494535000
6	1418		2293.495811000
6	1418		2293.537353000
6	1396		2293.544977000
6	0		2293.632434000
6	1418		2293.633682000
6	0		2293.678575000
6	1396		2293.679110000
6	1418		2293.703480000
6	1396		2293.719653000
6	0		2293.816218000
6	1418		2293.817480000
6	0		2293.862350000
6	1396		2293.862883000
6	1418		2293.867628000
6	1396		2293.903439000
6	1418		2293.948728000
6	0		2294.000108000
6	1418		2294.029821000
6	0		2294.046295000
6	1396		2294.046854000
6	1396		2294.079264000
6	1418		2294.110900000
6	1396		2294.144145000
6	0		2294.184337000
6	1418		2294.191989000
6	1396		2294.209024000
6	0		2294.230591000
6	1418		2294.273088000
6	1396		2294.273857000
6	0		2294.322200000
6	1418		2294.354174000
6	0		2294.414654000
6	1396		2294.415185000
6	1418		2294.435277000
6	0		2294.460303000
6	0		2294.460906000
6	1396		2294.463071000
6	0		2294.506438000
6	1418		2294.516341000
6	1418		2294.581223000
6	0		2294.598505000
6	1396		2294.599034000
6	1396		2294.639600000
6	0		2294.644637000
6	1418		2294.646068000
6	0		2294.736658000
6	1396		2294.737189000
6	0		2294.781906000
6	1418		2294.783217000
6	1396		2294.801756000
6	1418		2294.835303000
6	0		2294.920703000
6	1418		2294.921945000
6	0		2294.965883000
6	1396		2294.966415000
6	1418		2294.986128000
6	1396		2295.006998000
6	0		2295.104663000
6	1396		2295.105208000
6	0		2295.149988000
6	1418		2295.151221000
6	1396		2295.169124000
6	1418		2295.186125000
6	0		2295.288672000
6	1418		2295.289944000
6	1418		2295.325651000
6	0		2295.333848000
6	1396		2295.334390000
6	1396		2295.374932000
6	0		2295.472503000
6	1396		2295.473093000
6	0		2295.518630000
6	1418		2295.519874000
6	1396		2295.537092000
6	1418		2295.554754000
6	0		2295.656280000
6	1418		2295.657533000
6	1418		2295.694238000
6	0		2295.702292000
6	1396		2295.702832000
6	0		2295.794269000
6	0		2295.794302000
6	1396		2295.794806000
6	1418		2295.795534000
6	1418		2295.823451000
6	1396		2295.835359000
6	0		2295.931946000
6	1396		2295.932476000
6	0		2295.978092000
6	1418		2295.979343000
6	1396		2295.997520000
6	0		2296.070205000
6	1418		2296.071465000
6	1418		2296.118819000
6	0		2296.161842000
6	1396		2296.162380000
6	1396		2296.194822000
6	0		2296.254283000
6	1418		2296.255582000
6	1396		2296.259676000
6	1418		2296.290442000
6	1396		2296.324609000
6	0		2296.345910000
6	0		2296.438231000
6	1418		2296.439484000
6	1418		2296.474346000
6	0		2296.484247000
6	1396		2296.484780000
6	0		2296.576319000
6	0		2296.576345000
6	1396		2296.576867000
6	1418		2296.577615000
6	1095		2296.619947000
6	0		2296.714566000
6	1418		2296.715840000
6	1418		2296.750708000
6	0		2296.760698000
6	0		2296.852266000
6	1418		2296.853623000
6	1418		2296.890267000
6	0		2296.944696000
6	0		2297.036078000
6	1396		2297.082202000
6	427		2297.082229000
6	0		2297.082236000
6	0		2297.082816000
6	1418		2297.083452000
6	1396		2297.091977000
6	1418		2297.118462000
6	1396		2297.163888000
6	0		2297.173836000
6	1418		2297.188074000
6	1396		2297.244960000
6	1418		2297.257846000
6	0		2297.266505000
6	1396		2297.326065000
6	1418		2297.327571000
6	1418		2297.383366000
6	0		2297.403955000
6	1396		2297.407127000
6	1418		2297.439155000
6	0		2297.449865000
6	1396		2297.488237000
6	1418		2297.494927000
6	1396		2297.569335000
6	0		2297.588404000
6	0		2297.634738000
6	1418		2297.636026000
6	1396		2297.650414000
6	1418		2297.670931000
6	1396		2297.731497000
6	0		2297.772470000
6	1418		2297.773714000
6	0		2297.817879000
6	1396		2297.818572000
6	1396		2297.896071000
6	0		2297.909958000
6	1418		2297.911208000
6	1418		2297.946081000
6	0		2297.956641000
6	1396		2297.979565000
6	0		2298.094080000
6	1418		2298.095326000
6	1418		2298.130203000
6	0		2298.140269000
6	1396		2298.140843000
6	1396		2298.182431000
6	1418		2298.199939000
6	0		2298.278265000
6	0		2298.278290000
6	1396		2298.278846000
6	1418		2298.279518000
6	0		2298.324285000
6	1418		2298.339419000
6	1396		2298.348519000
6	0		2298.415930000
6	1418		2298.417205000
6	1396		2298.431591000
6	1418		2298.464947000
6	0		2298.508035000
6	1396		2298.514666000
6	1418		2298.520751000
6	1418		2298.576532000
6	1396		2298.597748000
6	0		2298.646286000
6	0		2298.646311000
6	1396		2298.680828000
6	0		2298.784440000
6	1418		2298.785705000
6	1418		2298.820619000
6	0		2298.830614000
6	1396		2298.831270000
6	1396		2298.872816000
6	0		2298.968413000
6	1418		2298.969675000
6	1418		2299.004540000
6	0		2299.060157000
6	1396		2299.060776000
6	1396		2299.102318000
6	0		2299.106340000
6	1418		2299.107615000
6	0		2299.198036000
6	1418		2299.199279000
6	1418		2299.238156000
6	0		2299.244171000
6	1396		2299.244721000
6	1396		2299.277954000
6	1396		2299.344425000
6	0		2299.382482000
6	1418		2299.383767000
6	1396		2299.410932000
6	1418		2299.422627000
6	0		2299.428719000
6	0		2299.520269000
6	1418		2299.521500000
6	1418		2299.578109000
6	0		2299.611820000
6	1396		2299.612376000
6	1396		2299.653923000
6	0		2299.658175000
6	1418		2299.659425000
6	0		2299.704352000
6	1396		2299.736998000
6	1396		2299.814370000
6	0		2299.842663000
6	1418		2299.844041000
6	1418		2299.875139000
6	0		2299.934320000
6	0		2299.934357000
6	1396		2299.934891000
6	1418		2299.937361000
6	1418		2299.999515000
6	0		2300.026685000
6	1396		2300.027280000
6	1418		2300.061717000
6	1396		2300.065959000
6	1418		2300.123887000
6	0		2300.164256000
6	0		2300.164284000
6	1396		2300.164806000
6	1396		2300.220719000
6	0		2300.256135000
6	1418		2300.257456000
6	0		2300.393915000
6	1418		2300.395143000
6	1418		2300.434024000
6	0		2300.440082000
6	1396		2300.440632000
6	1396		2300.479322000
6	0		2300.577845000
6	1418		2300.579128000
6	1418		2300.618016000
6	0		2300.624024000
6	1396		2300.624600000
6	1396		2300.663300000
6	0		2300.761831000
6	1418		2300.763072000
6	1418		2300.801968000
6	0		2300.808263000
6	1396		2300.808874000
6	0		2300.900317000
6	0		2300.900353000
6	208		2300.900877000
6	1418		2300.901587000
6	0		2300.991964000
6	1418		2300.993265000
6	1418		2301.035167000
6	0		2301.084627000
6	0		2301.175901000
6	1418		2301.177161000
6	1418		2301.216031000
6	0		2301.221919000
6	1396		2301.268097000
6	310		2301.268127000
6	0		2301.268696000
6	0		2301.314451000
6	1418		2301.315688000
6	1418		2301.371519000
6	0		2301.406048000
6	1396		2301.427010000
6	1418		2301.449256000
6	1396		2301.465600000
6	0		2301.498550000
6	1418		2301.527007000
6	1396		2301.543002000
6	0		2301.590300000
6	0		2301.590328000
6	1418		2301.604738000
6	1396		2301.620368000
6	0		2301.636260000
6	1418		2301.666919000
6	1396		2301.697730000
6	0		2301.728255000
6	1418		2301.729104000
6	0		2301.774239000
6	1396		2301.775129000
6	1418		2301.784009000
6	1418		2301.838903000
6	0		2301.866266000
6	1396		2301.878312000
6	1418		2301.893822000
6	0		2301.912406000
6	1418		2301.948681000
6	1396		2301.955695000
6	1396		2302.033083000
6	0		2302.050245000
6	1418		2302.051486000
6	1418		2302.085858000
6	1396		2302.110452000
6	0		2302.142241000
6	1396		2302.187859000
6	0		2302.187991000
6	1418		2302.189205000
6	1418		2302.223525000
6	1396		2302.265242000
6	0		2302.326287000
6	0		2302.326322000
6	1418		2302.327613000
6	1396		2302.342624000
6	0		2302.418103000
6	1418		2302.419363000
6	1396		2302.419973000
6	1418		2302.453665000
6	0		2302.510149000
6	1396		2302.510787000
6	1396		2302.574757000
6	0		2302.602231000
6	1418		2302.603485000
6	1418		2302.637788000
6	0		2302.740394000
6	1396		2302.741092000
6	1396		2302.779757000
6	0		2302.786521000
6	1418		2302.787810000
6	1418		2302.822127000
6	1418		2302.890738000
6	0		2302.924689000
6	1396		2302.925257000
6	1396		2302.956218000
6	0		2303.016736000
6	1418		2303.018001000
6	1396		2303.018093000
6	1418		2303.052314000
6	0		2303.062223000
6	1396		2303.080033000
6	1396		2303.141943000
6	0		2303.154335000
6	0		2303.200468000
6	1418		2303.201713000
6	1396		2303.203835000
6	1418		2303.229153000
6	1418		2303.284068000
6	0		2303.292493000
6	0		2303.338631000
6	1418		2303.338925000
6	1396		2303.339182000
6	1396		2303.377880000
6	1418		2303.393826000
6	1418		2303.448709000
6	0		2303.476125000
6	0		2303.522271000
6	1396		2303.522898000
6	1396		2303.561525000
6	0		2303.660036000
6	1396		2303.660593000
6	0		2303.706167000
6	1418		2303.707507000
6	1396		2303.714247000
6	1418		2303.741792000
6	0		2303.798232000
6	1418		2303.810446000
6	1418		2303.879056000
6	0		2303.889999000
6	1396		2303.890577000
6	1396		2303.928218000
6	0		2303.982709000
6	1418		2303.984018000
6	1418		2304.018319000
6	0		2304.073772000
6	1396		2304.074408000
6	1396		2304.111985000
6	0		2304.212478000
6	1396		2304.213048000
6	0		2304.258603000
6	1418		2304.259860000
6	1396		2304.262630000
6	1418		2304.294169000
6	0		2304.350584000
6	1418		2304.362778000
6	1418		2304.431409000
6	0		2304.442198000
6	1396		2304.442857000
6	1396		2304.480523000
6	0		2304.534028000
6	1418		2304.535269000
6	1418		2304.569572000
6	0		2304.626036000
6	1396		2304.626601000
6	1396		2304.664313000
6	0		2304.763842000
6	1396		2304.764470000
6	0		2304.809839000
6	1418		2304.811093000
6	1396		2304.814888000
6	1418		2304.845375000
6	0		2304.902263000
6	1418		2304.914075000
6	0		2304.947969000
6	1396		2304.948528000
6	1396		2304.978651000
6	1418		2304.982610000
6	1396		2305.038953000
6	0		2305.040020000
6	1418		2305.051255000
6	1396		2305.099161000
6	1418		2305.119836000
6	0		2305.132644000
6	0		2305.270484000
6	1396		2305.271054000
6	0		2305.316667000
6	1418		2305.317923000
6	1095		2305.321257000
6	1418		2305.345352000
6	1418		2305.400306000
6	0		2305.408260000
6	0		2305.453798000
6	1418		2305.455151000
6	1418		2305.510033000
6	0		2305.592413000
6	0		2305.638645000
6	0		2305.776160000
6	1418		2305.777408000
6	1418		2305.811711000
6	0		2305.821900000
6	1396		2305.868066000
6	426		2305.868094000
6	0		2305.868668000
6	0		2305.914265000
6	1418		2305.915557000
6	1418		2305.949877000
6	0		2306.006340000
6	1396		2306.010217000
6	1418		2306.018476000
6	1396		2306.047854000
6	1418		2306.087080000
6	0		2306.098292000
6	1396		2306.123194000
6	1418		2306.155699000
6	0		2306.190711000
6	1396		2306.198500000
6	1418		2306.224303000
6	1396		2306.273831000
6	1418		2306.292947000
6	0		2306.328354000
6	0		2306.328386000
6	1396		2306.349146000
6	1418		2306.361527000
6	1396		2306.424526000
6	1418		2306.430136000
6	0		2306.466137000
6	1418		2306.498817000
6	1396		2306.499761000
6	0		2306.512556000
6	1418		2306.567363000
6	1396		2306.575115000
6	1418		2306.637103000
6	1396		2306.650491000
6	0		2306.650492000
6	0		2306.696617000
6	0		2306.834269000
6	1418		2306.835522000
6	1418		2306.870407000
6	0		2306.880443000
6	1396		2306.881028000
6	1396		2306.918683000
6	0		2306.972229000
6	1418		2306.973467000
6	0		2307.063858000
6	1396		2307.064429000
6	1396		2307.102082000
6	0		2307.110000000
6	1418		2307.111276000
6	1418		2307.146198000
6	1418		2307.215886000
6	0		2307.248171000
6	1396		2307.248728000
6	1396		2307.278840000
6	1418		2307.285622000
6	0		2307.294504000
6	1396		2307.339122000
6	1418		2307.355371000
6	0		2307.386540000
6	1396		2307.399371000
6	1418		2307.425121000
6	1396		2307.459620000
6	0		2307.478500000
6	1418		2307.494860000
6	1396		2307.519890000
6	1418		2307.564599000
6	1396		2307.580136000
6	0		2307.616257000
6	0		2307.616296000
6	1418		2307.634341000
6	1396		2307.640379000
6	0		2307.753910000
6	1418		2307.755142000
6	1418		2307.790017000
6	0		2307.800066000
6	1396		2307.800619000
6	1396		2307.838286000
6	0		2307.938852000
6	1418		2307.940170000
6	1418		2307.974993000
6	0		2307.984041000
6	1396		2307.984636000
6	1396		2308.022270000
6	0		2308.076817000
6	1418		2308.078075000
6	1418		2308.114436000
6	0		2308.121977000
6	1396		2308.122619000
6	1396		2308.172909000
6	0		2308.214063000
6	1418		2308.215313000
6	1418		2308.253930000
6	0		2308.306314000
6	1396		2308.306865000
6	1396		2308.344598000
6	0		2308.398044000
6	1418		2308.399307000
6	1418		2308.427192000
6	1418		2308.482984000
6	0		2308.490523000
6	1396		2308.491131000
6	1396		2308.528801000
6	1418		2308.538793000
6	0		2308.582185000
6	0		2308.674343000
6	1396		2308.674918000
6	1396		2308.712551000
6	0		2308.765910000
6	1418		2308.767151000
6	1418		2308.802027000
6	0		2308.858406000
6	1396		2308.858995000
6	1396		2308.896618000
6	0		2308.950007000
6	1418		2308.951252000
6	1418		2308.986119000
6	0		2309.088246000
6	0		2309.088273000
6	1396		2309.088810000
6	1418		2309.089488000
6	1396		2309.119018000
6	1396		2309.179185000
6	0		2309.226575000
6	1396		2309.239449000
6	0		2309.272695000
6	1418		2309.273992000
6	1396		2309.299704000
6	1418		2309.308882000
6	1396		2309.359971000
6	0		2309.410360000
6	0		2309.456497000
6	1418		2309.457731000
6	1418		2309.492640000
6	0		2309.594222000
6	1418		2309.595454000
6	1418		2309.632081000
6	0		2309.640375000
6	1396		2309.640936000
6	1396		2309.678578000
6	0		2309.686528000
6	1396		2309.753926000
6	0		2309.824250000
6	0		2309.824276000
6	1418		2309.825507000
6	778		2309.829223000
6	1418		2309.860364000
6	0		2309.870258000
6	0		2309.962693000
6	1418		2309.963953000
6	1418		2309.999866000
6	1396		2310.007858000
6	426		2310.007887000
6	0		2310.008464000
6	1396		2310.009295000
6	1396		2310.039653000
6	0		2310.054195000
6	1418		2310.069584000
6	1396		2310.070885000
6	1396		2310.102128000
6	1396		2310.133359000
6	1418		2310.139342000
6	0		2310.146367000
6	1396		2310.164576000
6	1396		2310.195791000
6	1396		2310.227057000
6	0		2310.238953000
6	1396		2310.258261000
6	0		2310.284117000
6	1396		2310.289535000
6	1396		2310.320722000
6	0		2310.330608000
6	1418		2310.331880000
6	1396		2310.351938000
6	1418		2310.359766000
6	1396		2310.383168000
6	1396		2310.414391000
6	1418		2310.415548000
6	0		2310.422158000
6	1396		2310.445617000
6	0		2310.467839000
6	1418		2310.471358000
6	1396		2310.476826000
6	1396		2310.508063000
6	0		2310.514070000
6	1418		2310.527147000
6	1396		2310.539297000
6	1396		2310.570538000
6	1418		2310.582932000
6	1396		2310.601750000
6	0		2310.606059000
6	1396		2310.632985000
6	0		2310.652294000
6	0		2310.652320000
6	0		2310.652325000
6	1396		2310.664207000
6	1396		2310.695449000
6	1396		2310.726659000
6	0		2310.743830000
6	1396		2310.757888000
6	1396		2310.789156000
6	0		2310.790076000
6	1396		2310.820381000
6	0		2310.836735000
6	1396		2310.851559000
6	0		2310.881845000
6	1396		2310.882789000
6	1396		2310.914017000
6	0		2310.928247000
6	0		2310.928277000
6	1396		2310.945312000
6	0		2310.974494000
6	1396		2310.976481000
6	1396		2311.007732000
6	1396		2311.038928000
6	0		2311.066204000
6	1396		2311.069514000
6	1396		2311.100099000
6	0		2311.112371000
6	1418		2311.113613000
6	1396		2311.130659000
6	1418		2311.148539000
6	0		2311.158609000
6	1396		2311.161207000
6	1396		2311.191832000
6	0		2311.203926000
6	1396		2311.222383000
6	1396		2311.252962000
6	1396		2311.283539000
6	0		2311.296788000
6	1396		2311.313338000
6	0		2311.341963000
6	1396		2311.343127000
6	1418		2311.343268000
6	1036		2311.373000000
6	1418		2311.378144000
6	0		2311.388667000
6	0		2311.434326000
6	0		2311.571835000
6	0		2311.617991000
6	1418		2311.619319000
6	1418		2311.654191000
6	0		2311.710600000
6	1418		2311.723868000
6	1418		2311.793594000
6	0		2311.802310000
6	0		2311.894180000
6	0		2311.986471000
6	0		2312.078761000
6	0		2312.124039000
6	0		2312.216315000
6	0		2312.308629000
6	0		2312.400239000
6	0		2312.492156000
6	1396		2312.538309000
6	309		2312.538337000
6	0		2312.538343000
6	0		2312.538889000
6	1396		2312.539853000
6	1396		2312.623621000
6	0		2312.630203000
6	1396		2312.708337000
6	0		2312.722160000
6	1396		2312.793067000
6	0		2312.813879000
6	1396		2312.877792000
6	0		2312.905877000
6	0		2312.952179000
6	0		2313.044491000
6	1418		2313.045721000
6	1418		2313.080594000
6	0		2313.135995000
6	1418		2313.150329000
6	1418		2313.220078000
6	0		2313.227770000
6	1396		2313.228320000
6	1396		2313.270722000
6	0		2313.320131000
6	1396		2313.355454000
6	0		2313.411880000
6	1418		2313.413114000
6	1396		2313.440178000
6	1418		2313.447991000
6	0		2313.504367000
6	1418		2313.517814000
6	1396		2313.524957000
6	1418		2313.587481000
6	0		2313.596408000
6	1396		2313.609629000
6	1418		2313.657222000
6	0		2313.688256000
6	1396		2313.694353000
6	1418		2313.726971000
6	1396		2313.779095000
6	0		2313.780374000
6	1418		2313.796761000
6	1396		2313.863836000
6	1418		2313.866438000
6	0		2313.872246000
6	0		2313.872270000
6	1418		2313.936198000
6	1396		2313.948561000
6	1418		2314.005947000
6	0		2314.010010000
6	1396		2314.033314000
6	0		2314.056342000
6	1418		2314.075682000
6	1396		2314.118042000
6	1418		2314.145428000
6	0		2314.193835000
6	1396		2314.202774000
6	1418		2314.215187000
6	0		2314.240049000
6	1418		2314.284916000
6	1396		2314.287493000
6	0		2314.332328000
6	1418		2314.354666000
6	1396		2314.372256000
6	1418		2314.424405000
6	1396		2314.456979000
6	0		2314.470327000
6	1418		2314.494129000
6	0		2314.516472000
6	1396		2314.541719000
6	1418		2314.571180000
6	1396		2314.626465000
6	1418		2314.648180000
6	0		2314.654455000
6	0		2314.700697000
6	1396		2314.711173000
6	1418		2314.725239000
6	1396		2314.778971000
6	560		2314.792130000
6	39		2314.792155000
6	0		2314.793207000
6	0		2314.793236000
6	39		2314.793855000
6	69		2314.796384000
6	31		2314.797142000
6	39		2314.797812000
6	1418		2314.802229000
6	0		2314.838373000
6	1396		2314.846743000
6	1418		2314.879277000
6	0		2314.884704000
6	1396		2314.914632000
6	1418		2314.956324000
6	0		2314.976613000
6	1396		2314.982331000
6	1396		2315.022789000
6	426		2315.022820000
6	0		2315.022830000
6	0		2315.023388000
6	1396		2315.024306000
6	1418		2315.033346000
6	1396		2315.042145000
6	1396		2315.050107000
6	1396		2315.060895000
6	1396		2315.079636000
6	1396		2315.098411000
6	1418		2315.110368000
6	1396		2315.117151000
6	1396		2315.135929000
6	1396		2315.154680000
6	0		2315.159940000
6	1396		2315.163101000
6	1396		2315.173429000
6	1418		2315.187416000
6	1396		2315.192178000
6	0		2315.206094000
6	1396		2315.210939000
6	1396		2315.229695000
6	1396		2315.248456000
6	1418		2315.264446000
6	1396		2315.267196000
6	1396		2315.276626000
6	1396		2315.285965000
6	0		2315.298230000
6	1396		2315.304733000
6	1396		2315.323502000
6	1418		2315.326068000
6	1396		2315.342254000
6	0		2315.344052000
6	39		2315.344074000
6	0		2315.350967000
6	1396		2315.360993000
6	1396		2315.379751000
6	1418		2315.387691000
6	0		2315.389955000
6	1283		2315.390179000
6	1396		2315.398552000
6	1396		2315.417265000
6	1396		2315.436011000
6	0		2315.436106000
6	1418		2315.449320000
6	1396		2315.454840000
6	1396		2315.473525000
6	1396		2315.492288000
6	1418		2315.510939000
6	1396		2315.511011000
6	0		2315.528022000
6	1396		2315.529790000
6	1396		2315.548546000
6	1396		2315.567301000
6	1418		2315.572577000
6	0		2315.574365000
6	1396		2315.586100000
6	1396		2315.604873000
6	1396		2315.623566000
6	1396		2315.642338000
6	1396		2315.661090000
6	1396		2315.679840000
6	1396		2315.698616000
6	0		2315.712494000
6	1025		2315.717339000
6	0		2315.850225000
6	0		2315.850258000
6	1418		2315.851581000
6	0		2315.896266000
6	0		2315.988104000
6	0		2316.080382000
6	0		2316.218792000
6	1418		2316.220044000
6	1418		2316.258567000
6	0		2316.263942000
6	0		2316.356782000
6	0		2316.448292000
6	0		2316.448321000
6	0		2316.585897000
6	0		2316.678162000
6	0		2316.724344000
6	1418		2316.725612000
6	1418		2316.764111000
6	0		2316.816569000
6	0		2316.907901000
6	0		2316.954052000
6	0		2317.046324000
6	0		2317.092480000
6	1418		2317.093733000
6	1418		2317.132260000
6	0		2317.184751000
6	0		2317.322215000
6	0		2317.414531000
6	1396		2317.460109000
6	0		2317.466106000
6	309		2317.505869000
6	0		2317.505915000
6	0		2317.506436000
6	1418		2317.507148000
6	1396		2317.507274000
6	1418		2317.545676000
6	0		2317.552468000
6	1396		2317.591607000
6	0		2317.644105000
6	1396		2317.676766000
6	0		2317.736207000
6	1396		2317.761930000
6	0		2317.828365000
6	1396		2317.847101000
6	0		2317.874673000
6	1396		2317.932266000
6	0		2317.965835000
6	1418		2317.967082000
6	1418		2318.006889000
6	0		2318.012612000
6	1396		2318.017474000
6	1418		2318.086549000
6	1396		2318.102596000
6	0		2318.103819000
6	1418		2318.166000000
6	1396		2318.187748000
6	0		2318.196152000
6	1418		2318.245550000
6	1418		2318.325138000
6	0		2318.334017000
6	1396		2318.334551000
6	1396		2318.377126000
6	1418		2318.404690000
6	0		2318.426221000
6	0		2318.426253000
6	1396		2318.462297000
6	1418		2318.484250000
6	0		2318.517849000
6	1396		2318.547470000
6	1418		2318.563811000
6	0		2318.610121000
6	1418		2318.627477000
6	1396		2318.632631000
6	1396		2318.717805000
6	0		2318.748122000
6	0		2318.794333000
6	0		2318.932633000
6	0		2318.977798000
6	0		2319.116180000
6	1396		2319.116718000
6	0		2319.162415000
6	1418		2319.163653000
6	1418		2319.203439000
6	0		2319.300171000
6	1418		2319.301412000
6	0		2319.346342000
6	1396		2319.346880000
6	1418		2319.362607000
6	1396		2319.389486000
6	0		2319.437939000
6	1396		2319.474694000
6	0		2319.530112000
6	1418		2319.531356000
6	1396		2319.542759000
6	1418		2319.563187000
6	1396		2319.610905000
6	1418		2319.626829000
6	0		2319.668124000
6	1396		2319.678993000
6	1418		2319.690488000
6	0		2319.714277000
6	1396		2319.747139000
6	1418		2319.754147000
6	0		2319.806531000
6	1396		2319.815255000
6	1418		2319.817771000
6	0		2319.852707000
6	1418		2319.881434000
6	1396		2319.883385000
6	1418		2319.945119000
6	1396		2319.951527000
6	0		2319.989872000
6	1418		2320.008755000
6	0		2320.035942000
6	1396		2320.065084000
6	1418		2320.114929000
6	0		2320.174367000
6	1396		2320.178683000
6	0		2320.220532000
6	1418		2320.220919000
6	1396		2320.292176000
6	1418		2320.327012000
6	0		2320.358311000
6	0		2320.404486000
6	1396		2320.405730000
6	1418		2320.433188000
6	1396		2320.490976000
6	1418		2320.539196000
6	0		2320.542443000
6	1396		2320.576047000
6	0		2320.588612000
6	1418		2320.618782000
6	1396		2320.668668000
6	1418		2320.698329000
6	0		2320.726054000
6	1396		2320.761277000
6	0		2320.772687000
6	1418		2320.777872000
6	1396		2320.853910000
6	1418		2320.857473000
6	0		2320.909902000
6	1418		2320.937031000
6	1396		2320.946678000
6	0		2320.956056000
6	1418		2321.016594000
6	1396		2321.039125000
6	0		2321.094526000
6	1418		2321.096148000
6	1396		2321.131759000
6	0		2321.140704000
6	1418		2321.175729000
6	1396		2321.224369000
6	1418		2321.255297000
6	0		2321.277814000
6	1396		2321.316958000
6	1418		2321.334841000
6	0		2321.370141000
6	1396		2321.409578000
6	1418		2321.414401000
6	0		2321.416284000
6	1418		2321.493962000
6	1396		2321.502180000
6	0		2321.507903000
6	0		2321.554590000
6	1418		2321.573524000
6	1396		2321.594780000
6	1418		2321.653097000
6	1396		2321.687400000
6	0		2321.692490000
6	1418		2321.732664000
6	0		2321.738728000
6	1396		2321.780007000
6	1418		2321.812229000
6	1396		2321.872669000
6	0		2321.875970000
6	1418		2321.891801000
6	0		2321.922145000
6	1396		2321.965271000
6	1418		2321.971360000
6	1418		2322.050918000
6	1095		2322.057836000
6	0		2322.059859000
6	0		2322.106417000
6	1418		2322.130640000
6	1418		2322.210052000
6	0		2322.244317000
6	1418		2322.289660000
6	0		2322.290458000
6	1418		2322.369179000
6	0		2322.428579000
6	1418		2322.448799000
6	1396		2322.474111000
6	0		2322.480082000
6	426		2322.520287000
6	0		2322.520327000
6	0		2322.520923000
6	1396		2322.521717000
6	1418		2322.528307000
6	1396		2322.539695000
6	1396		2322.558459000
6	0		2322.566622000
6	1396		2322.577181000
6	1396		2322.595962000
6	1418		2322.607865000
6	1396		2322.614691000
6	1396		2322.633467000
6	1396		2322.652222000
6	0		2322.658314000
6	1396		2322.670992000
6	1418		2322.671501000
6	1396		2322.689729000
6	1396		2322.708551000
6	1396		2322.727222000
6	1418		2322.735177000
6	1396		2322.746068000
6	0		2322.750136000
6	1396		2322.764747000
6	1396		2322.783509000
6	1418		2322.798876000
6	1396		2322.802264000
6	1396		2322.821027000
6	1396		2322.839787000
6	0		2322.842110000
6	1396		2322.858521000
6	1418		2322.862478000
6	1396		2322.877275000
6	0		2322.888279000
6	1396		2322.896054000
6	1396		2322.914807000
6	1418		2322.926111000
6	1396		2322.933562000
6	0		2322.934187000
6	1396		2322.952312000
6	1396		2322.971073000
6	0		2322.979970000
6	1396		2322.989821000
6	1396		2323.008593000
6	1396		2323.027334000
6	1418		2323.032215000
6	1396		2323.046088000
6	1396		2323.064866000
6	1396		2323.083616000
6	1396		2323.102369000
6	0		2323.118272000
6	1396		2323.121113000
6	1418		2323.138355000
6	1396		2323.139869000
6	1396		2323.158628000
6	1396		2323.177372000
6	1396		2323.196144000
6	0		2323.210218000
6	0		2323.210244000
6	1396		2323.214889000
6	1396		2323.233664000
6	1418		2323.244400000
6	913		2323.252402000
6	0		2323.347855000
6	1418		2323.350473000
6	0		2323.439821000
6	1418		2323.441090000
6	0		2323.486049000
6	1418		2323.510364000
6	0		2323.579042000
6	0		2323.716627000
6	0		2323.808030000
6	0		2323.854067000
6	1418		2323.855338000
6	1418		2323.895488000
6	0		2323.946024000
6	0		2324.084553000
6	0		2324.175819000
6	0		2324.268175000
6	0		2324.314409000
6	1418		2324.315655000
6	1418		2324.355842000
6	0		2324.360538000
6	0		2324.452439000
6	0		2324.544735000
6	0		2324.682234000
6	1396		2324.728420000
6	0		2324.734184000
6	426		2324.774547000
6	0		2324.774572000
6	0		2324.775074000
6	1396		2324.775967000
6	0		2324.866368000
6	1396		2324.867701000
6	0		2324.911999000
6	0		2324.958257000
6	1396		2324.960303000
6	0		2325.050812000
6	1396		2325.052984000
6	0		2325.142509000
6	1418		2325.143745000
6	1396		2325.145521000
6	0		2325.233921000
6	1418		2325.235226000
6	1396		2325.238207000
6	1418		2325.275380000
6	1396		2325.330744000
6	0		2325.372205000
6	0		2325.372229000
6	1418		2325.373477000
6	1396		2325.423382000
6	0		2325.463929000
6	1396		2325.515986000
6	0		2325.555863000
6	1418		2325.557100000
6	1418		2325.597276000
6	0		2325.602492000
6	1396		2325.608596000
6	1418		2325.677609000
6	1396		2325.732069000
6	0		2325.740303000
6	0		2325.740338000
6	0		2325.750914000
6	1418		2325.757881000
6	0		2325.786503000
6	1418		2325.838198000
6	1396		2325.855546000
6	1418		2325.918526000
6	0		2325.924247000
6	0		2325.924296000
6	0		2325.970220000
6	1396		2325.979043000
6	1418		2325.998892000
6	1418		2326.079155000
6	1396		2326.102486000
6	0		2326.108254000
6	0		2326.108281000
6	1418		2326.159465000
6	1396		2326.195100000
6	1418		2326.239799000
6	0		2326.246682000
6	1396		2326.288214000
6	0		2326.292262000
6	1418		2326.320123000
6	1396		2326.381335000
6	0		2326.384547000
6	1418		2326.400435000
6	1396		2326.474442000
6	1418		2326.480740000
6	0		2326.521884000
6	1418		2326.561119000
6	1396		2326.567561000
6	0		2326.568147000
6	1418		2326.641375000
6	1396		2326.660674000
6	0		2326.705857000
6	1418		2326.721708000
6	0		2326.752032000
6	1396		2326.753783000
6	1418		2326.802014000
6	1396		2326.846898000
6	1418		2326.882346000
6	0		2326.890404000
6	0		2326.936711000
6	1396		2326.940022000
6	1418		2326.962639000
6	1396		2327.033125000
6	1418		2327.042968000
6	0		2327.074178000
6	0		2327.120363000
6	1418		2327.123274000
6	1396		2327.126230000
6	1418		2327.187542000
6	0		2327.212642000
6	1396		2327.219391000
6	1418		2327.251791000
6	0		2327.257901000
6	1396		2327.312489000
6	1418		2327.316039000
6	1418		2327.380297000
6	0		2327.396398000
6	1396		2327.405581000
6	1418		2327.487376000
6	0		2327.487911000
6	1396		2327.498837000
6	0		2327.534697000
6	1396		2327.591833000
6	1418		2327.594463000
6	0		2327.672389000
6	1396		2327.684953000
6	1418		2327.701560000
6	0		2327.718578000
6	1396		2327.778076000
6	1418		2327.808660000
6	0		2327.856040000
6	1396		2327.871185000
6	1418		2327.888972000
6	0		2327.902206000
6	1396		2327.964298000
6	1418		2327.969295000
6	0		2328.040745000
6	1418		2328.049599000
6	1396		2328.057420000
6	0		2328.085910000
6	1418		2328.129972000
6	1396		2328.150528000
6	1418		2328.210239000
6	0		2328.224521000
6	1396		2328.243635000
6	1396		2328.270710000
6	309		2328.270735000
6	0		2328.270742000
6	0		2328.271264000
6	1418		2328.290620000
6	1396		2328.318131000
6	1418		2328.370864000
6	1396		2328.392677000
6	0		2328.407939000
6	1418		2328.451185000
6	0		2328.454074000
6	1396		2328.467129000
6	1418		2328.531528000
6	1396		2328.541683000
6	0		2328.592021000
6	1418		2328.611829000
6	1396		2328.616103000
6	0		2328.638231000
6	1418		2328.692144000
6	1006		2328.740266000
6	1418		2328.772531000
6	0		2328.776473000
6	0		2328.821925000
6	1418		2328.852776000
6	1418		2328.933116000
6	0		2328.960318000
6	0		2328.960347000
6	1418		2329.013396000
6	1418		2329.093750000
6	0		2329.097953000
6	0		2329.143905000
6	1418		2329.174053000
6	1396		2329.197855000
6	1396		2329.207258000
6	1396		2329.225991000
6	0		2329.236458000
6	1396		2329.244779000
6	1418		2329.254370000
6	1396		2329.263498000
6	1396		2329.282251000
6	1396		2329.301023000
6	1396		2329.319768000
6	0		2329.328546000
6	1418		2329.334678000
6	1396		2329.338504000
6	1396		2329.357261000
6	1396		2329.376014000
6	1396		2329.394778000
6	1396		2329.413601000
6	1418		2329.415027000
6	0		2329.419817000
6	1396		2329.432288000
6	1396		2329.451045000
6	1396		2329.469809000
6	1396		2329.488557000
6	1418		2329.495309000
6	1396		2329.507328000
6	0		2329.512418000
6	1396		2329.526069000
6	1396		2329.544817000
6	1396		2329.563590000
6	1418		2329.575643000
6	1396		2329.582348000
6	1396		2329.601161000
6	0		2329.604242000
6	1396		2329.619849000
6	1396		2329.638620000
6	1418		2329.655952000
6	1396		2329.657345000
6	1396		2329.676112000
6	1396		2329.694880000
6	1396		2329.713626000
6	1396		2329.732391000
6	1418		2329.736276000
6	0		2329.742238000
6	0		2329.742280000
6	1396		2329.751142000
6	1396		2329.769885000
6	672		2329.788301000
6	39		2329.788327000
6	1396		2329.788638000
6	0		2329.789748000
6	0		2329.789771000
6	39		2329.789954000
6	67		2329.793069000
6	31		2329.793813000
6	39		2329.794512000
6	1396		2329.807406000
6	1418		2329.816641000
6	1396		2329.826165000
6	0		2329.834498000
6	1396		2329.844915000
6	1396		2329.863671000
6	1396		2329.882439000
6	1418		2329.896900000
6	1396		2329.901183000
6	1396		2329.919960000
6	1396		2329.938702000
6	1396		2329.957470000
6	1418		2329.961134000
6	0		2329.972412000
6	1396		2329.976190000
6	1396		2329.994977000
6	1396		2330.013798000
6	1396		2330.032484000
6	1396		2330.051240000
6	0		2330.064232000
6	0		2330.064259000
6	1095		2330.069984000
6	0		2330.110251000
6	0		2330.202554000
6	0		2330.293908000
6	0		2330.340004000
6	1418		2330.341337000
6	1418		2330.381495000
6	0		2330.431919000
6	0		2330.524294000
6	0		2330.662738000
6	0		2330.754054000
6	0		2330.800194000
6	1418		2330.801436000
6	1418		2330.841659000
6	0		2330.892183000
6	0		2330.984481000
6	0		2331.121909000
6	0		2331.214154000
6	0		2331.214183000
6	39		2331.214189000
6	0		2331.220951000
6	0		2331.306401000
6	1418		2331.307660000
6	1418		2331.347812000
6	0		2331.352544000
6	0		2331.444388000
6	0		2331.536275000
6	0		2331.628014000
6	0		2331.720237000
6	0		2331.766371000
6	1418		2331.767667000
6	1418		2331.807847000
6	0		2331.858316000
6	0		2331.950681000
6	0		2331.995964000
6	1396		2332.042017000
6	426		2332.042042000
6	0		2332.042604000
6	1396		2332.043664000
6	1396		2332.061201000
6	1396		2332.079773000
6	0		2332.088180000
6	1418		2332.089472000
6	1396		2332.098362000
6	1396		2332.116990000
6	1418		2332.130008000
6	1396		2332.135507000
6	1396		2332.154101000
6	1396		2332.172665000
6	0		2332.180614000
6	1396		2332.191245000
6	1396		2332.209813000
6	1418		2332.211055000
6	1396		2332.228399000
6	1396		2332.246975000
6	1396		2332.265550000
6	0		2332.272402000
6	1396		2332.284180000
6	1418		2332.292169000
6	1396		2332.302716000
6	1396		2332.321373000
6	1396		2332.339871000
6	1396		2332.358428000
6	0		2332.364139000
6	1418		2332.373285000
6	1396		2332.377000000
6	1396		2332.395586000
6	1396		2332.414183000
6	1396		2332.432764000
6	1396		2332.451324000
6	1418		2332.454357000
6	0		2332.455955000
6	1396		2332.469898000
6	1396		2332.488537000
6	1396		2332.507069000
6	1396		2332.525644000
6	1418		2332.535451000
6	1396		2332.544220000
6	0		2332.548229000
6	1396		2332.562802000
6	1396		2332.581396000
6	0		2332.594276000
6	1396		2332.599966000
6	1418		2332.616528000
6	1396		2332.618553000
6	1396		2332.637133000
6	0		2332.640221000
6	1396		2332.655692000
6	1396		2332.674331000
6	0		2332.686222000
6	1396		2332.692836000
6	1418		2332.697620000
6	1396		2332.711418000
6	1396		2332.730016000
6	1396		2332.748570000
6	1418		2332.762488000
6	1396		2332.767168000
6	0		2332.778422000
6	1396		2332.785729000
6	1396		2332.804308000
6	1396		2332.822968000
6	1396		2332.841452000
6	1396		2332.860034000
6	0		2332.870390000
6	1396		2332.878684000
6	438		2332.897205000
6	0		2332.916258000
6	0		2333.007800000
6	0		2333.100200000
6	0		2333.192567000
6	1418		2333.193828000
6	1418		2333.234381000
6	0		2333.237815000
6	0		2333.330144000
6	0		2333.376245000
6	0		2333.468449000
6	0		2333.560706000
6	0		2333.651913000
6	1418		2333.653175000
6	1418		2333.693714000
6	0		2333.698447000
6	0		2333.790303000
6	0		2333.928736000
6	0		2334.020020000
6	0		2334.112208000
6	0		2334.112234000
6	1418		2334.113449000
6	1418		2334.154061000
6	0		2334.204419000
6	0		2334.296766000
6	0		2334.434271000
6	1396		2334.479896000
6	0		2334.486200000
6	426		2334.526453000
6	0		2334.526476000
6	0		2334.526994000
6	1396		2334.527813000
6	0		2334.572620000
6	1396		2334.611768000
6	0		2334.664179000
6	1396		2334.696482000
6	0		2334.710448000
6	1396		2334.781276000
6	0		2334.802027000
6	1396		2334.865946000
6	0		2334.894841000
6	1396		2334.950695000
6	0		2334.986436000
6	1396		2335.035421000
6	0		2335.078317000
6	1418		2335.079557000
6	1418		2335.120116000
6	1396		2335.120174000
6	0		2335.170609000
6	1418		2335.201181000
6	0		2335.262715000
6	1396		2335.263268000
6	1418		2335.282284000
6	1396		2335.305698000
6	0		2335.354154000
6	1396		2335.390510000
6	0		2335.445935000
6	1396		2335.475106000
6	0		2335.538636000
6	1418		2335.539899000
6	1396		2335.559851000
6	1418		2335.580438000
6	0		2335.630342000
6	1396		2335.644642000
6	1418		2335.661519000
6	0		2335.721905000
6	1396		2335.729363000
6	1418		2335.742609000
6	0		2335.768098000
6	1396		2335.814040000
6	1418		2335.823695000
6	0		2335.860193000
6	1396		2335.898933000
6	1418		2335.904800000
6	1396		2335.983537000
6	1418		2335.985894000
6	0		2335.998172000
6	0		2336.044313000
6	1418		2336.066971000
6	1396		2336.068239000
6	1418		2336.148062000
6	1396		2336.152994000
6	0		2336.182414000
6	1418		2336.212986000
6	0		2336.228564000
6	1396		2336.237726000
6	1418		2336.277791000
6	1396		2336.322469000
6	1418		2336.342664000
6	0		2336.366027000
6	1396		2336.407206000
6	1418		2336.407512000
6	0		2336.412166000
6	1418		2336.472407000
6	1396		2336.491950000
6	0		2336.503999000
6	1418		2336.537286000
6	1396		2336.576683000
6	0		2336.642138000
6	1418		2336.645399000
6	1396		2336.661417000
6	0		2336.688400000
6	1396		2336.746175000
6	1418		2336.753563000
6	0		2336.826028000
6	1396		2336.830883000
6	1418		2336.834608000
6	0		2336.872203000
6	1396		2336.915621000
6	1418		2336.915678000
6	1418		2336.996785000
6	1396		2337.000345000
6	0		2337.010285000
6	0		2337.010318000
6	1418		2337.077917000
6	1396		2337.085102000
6	0		2337.148532000
6	1418		2337.158988000
6	1396		2337.169828000
6	0		2337.194688000
6	1418		2337.240057000
6	1396		2337.254555000
6	1418		2337.321134000
6	0		2337.332093000
6	1396		2337.339295000
6	0		2337.378612000
6	1418		2337.402238000
6	1396		2337.424041000
6	1418		2337.483322000
6	1396		2337.491812000
6	0		2337.516150000
6	1396		2337.559613000
6	0		2337.562281000
6	1418		2337.564398000
6	1396		2337.627392000
6	1418		2337.645567000
6	1396		2337.695175000
6	0		2337.700003000
6	1418		2337.726594000
6	0		2337.746743000
6	1396		2337.762978000
6	1418		2337.807679000
6	1396		2337.830772000
6	0		2337.884162000
6	1418		2337.888782000
6	963		2337.898528000
6	0		2337.930362000
6	1418		2337.969862000
6	0		2338.068426000
6	1418		2338.069652000
6	0		2338.114588000
6	1418		2338.132025000
6	1396		2338.206433000
6	0		2338.212157000
6	309		2338.252426000
6	0		2338.252452000
6	0		2338.253020000
6	1396		2338.254162000
6	0		2338.298602000
6	1418		2338.299855000
6	1396		2338.306262000
6	1418		2338.340402000
6	1396		2338.359553000
6	1396		2338.412846000
6	0		2338.435904000
6	1396		2338.466157000
6	0		2338.482228000
6	1418		2338.483491000
6	1396		2338.519441000
6	1418		2338.524034000
6	1396		2338.572804000
6	0		2338.574122000
6	0		2338.620266000
6	1418		2338.621517000
6	1396		2338.625999000
6	1396		2338.679303000
6	1418		2338.686218000
6	0		2338.712375000
6	1396		2338.732596000
6	0		2338.758300000
6	1418		2338.767298000
6	1396		2338.785887000
6	1396		2338.839195000
6	1418		2338.848452000
6	1396		2338.892469000
6	0		2338.896304000
6	0		2338.896332000
6	1418		2338.929477000
6	1396		2338.963542000
6	0		2338.987907000
6	1418		2338.994372000
6	1396		2339.034627000
6	1418		2339.059217000
6	1396		2339.105676000
6	1418		2339.124106000
6	0		2339.126420000
6	0		2339.172568000
6	1396		2339.176726000
6	1396		2339.247768000
6	1396		2339.301078000
6	0		2339.310218000
6	1396		2339.354362000
6	0		2339.402098000
6	1418		2339.403409000
6	1396		2339.407649000
6	0		2339.447935000
6	1418		2339.457415000
6	1396		2339.460941000
6	1396		2339.514241000
6	0		2339.585844000
6	1396		2339.586424000
6	1396		2339.620828000
6	0		2339.631974000
6	1418		2339.633243000
6	1418		2339.673780000
6	1396		2339.674087000
6	1396		2339.727406000
6	1418		2339.754869000
6	0		2339.769803000
6	1396		2339.780712000
6	0		2339.816302000
6	1396		2339.834003000
6	1418		2339.835951000
6	1396		2339.887290000
6	0		2339.908377000
6	1418		2339.917065000
6	1396		2339.940606000
6	0		2339.954637000
6	1396		2339.993865000
6	1418		2339.998136000
6	0		2340.046599000
6	1396		2340.047141000
6	1418		2340.079222000
6	1396		2340.100454000
6	0		2340.138752000
6	1396		2340.153773000
6	1418		2340.160294000
6	1396		2340.207052000
6	1418		2340.241410000
6	1396		2340.260323000
6	1396		2340.313629000
6	1418		2340.322492000
6	0		2340.324263000
6	0		2340.324285000
6	1396		2340.366910000
6	1418		2340.403578000
6	1396		2340.420217000
6	0		2340.448422000
6	1396		2340.473493000
6	1418		2340.484679000
6	1396		2340.526786000
6	0		2340.572324000
6	1396		2340.580078000
6	1396		2340.633441000
6	1396		2340.686661000
6	0		2340.695960000
6	1418		2340.697216000
6	1418		2340.737828000
6	1396		2340.739933000
6	0		2340.820559000
6	1396		2340.821184000
6	1095		2340.847817000
6	0		2341.006299000
6	0		2341.006328000
6	0		2341.191928000
6	0		2341.254089000
6	0		2341.440481000
6	0		2341.502652000
6	0		2341.626025000
6	0		2341.812452000
6	0		2341.874637000
6	0		2341.997935000
6	1396		2342.060079000
6	426		2342.060104000
6	0		2342.060111000
6	0		2342.060685000
6	1418		2342.061390000
6	1396		2342.061720000
6	1396		2342.144136000
6	0		2342.184197000
6	1396		2342.227621000
6	1396		2342.311098000
6	0		2342.370206000
6	1396		2342.394588000
6	1396		2342.478121000
6	0		2342.494109000
6	0		2342.556718000
6	1418		2342.557982000
6	1396		2342.561537000
6	1418		2342.598510000
6	1396		2342.645037000
6	1396		2342.728521000
6	0		2342.742497000
6	0		2342.804232000
6	0		2342.804257000
6	1418		2342.805500000
6	1396		2342.811986000
6	1396		2342.895494000
6	0		2342.990048000
6	1396		2342.990599000
6	1396		2343.062452000
6	0		2343.114154000
6	1396		2343.146010000
6	1396		2343.229405000
6	0		2343.238556000
6	0		2343.299805000
6	1418		2343.301060000
6	1396		2343.312889000
6	1418		2343.341586000
6	1396		2343.396385000
6	1418		2343.422691000
6	0		2343.425147000
6	1396		2343.479853000
6	0		2343.486132000
6	1418		2343.503776000
6	0		2343.548276000
6	1396		2343.563364000
6	1418		2343.584886000
6	1396		2343.646837000
6	1418		2343.665971000
6	0		2343.672346000
6	1396		2343.730320000
6	1418		2343.747041000
6	0		2343.796379000
6	1396		2343.813801000
6	1418		2343.828131000
6	1396		2343.897261000
6	1418		2343.909212000
6	0		2343.920599000
6	1396		2343.980756000
6	1418		2343.990301000
6	1396		2344.064240000
6	1418		2344.071398000
6	0		2344.106611000
6	1396		2344.147706000
6	1418		2344.152482000
6	0		2344.167851000
6	1396		2344.231213000
6	1418		2344.233552000
6	1418		2344.314665000
6	1396		2344.314703000
6	0		2344.353978000
6	1418		2344.395751000
6	0		2344.416121000
6	1396		2344.416647000
6	1418		2344.476826000
6	1396		2344.481658000
6	0		2344.602062000
6	1418		2344.603297000
6	1418		2344.643839000
6	0		2344.664261000
6	1396		2344.664789000
6	1396		2344.706524000
6	561		2344.787944000
6	39		2344.787971000
6	0		2344.789384000
6	0		2344.789410000
6	39		2344.789455000
6	69		2344.791957000
6	31		2344.792714000
6	39		2344.793431000
6	0		2344.850143000
6	1418		2344.851393000
6	1418		2344.891923000
6	0		2344.911800000
6	1396		2344.912359000
6	1396		2344.954101000
6	0		2345.097832000
6	1418		2345.099091000
6	1418		2345.139622000
6	0		2345.160714000
6	1396		2345.161273000
6	1396		2345.203008000
6	0		2345.346569000
6	1418		2345.347826000
6	1418		2345.388372000
6	0		2345.408778000
6	1396		2345.409309000
6	1396		2345.442692000
6	1396		2345.509493000
6	0		2345.532123000
6	1418		2345.533374000
6	1418		2345.574018000
6	1396		2345.576281000
6	0		2345.656861000
6	1396		2345.657422000
6	1396		2345.709847000
6	0		2345.718127000
6	1418		2345.719396000
6	1418		2345.759938000
6	1396		2345.780387000
6	309		2345.780424000
6	0		2345.780995000
6	1396		2345.781826000
6	1396		2345.834361000
6	1396		2345.887579000
6	0		2345.904244000
6	0		2345.904275000
6	1396		2345.904876000
6	1418		2345.905493000
6	1396		2345.940875000
6	1418		2345.946061000
6	872		2345.960458000
6	1396		2345.994150000
6	0		2346.028260000
6	0		2346.028294000
6	1396		2346.047456000
6	0		2346.090781000
6	0		2346.090808000
6	0		2346.090812000
6	39		2346.090816000
6	0		2346.096302000
6	1396		2346.100752000
6	1396		2346.154043000
6	1396		2346.207343000
6	0		2346.214171000
6	1418		2346.215420000
6	1418		2346.247851000
6	1396		2346.260630000
6	1418		2346.312718000
6	1396		2346.313890000
6	0		2346.338056000
6	1396		2346.367214000
6	1418		2346.377572000
6	1396		2346.420496000
6	0		2346.461970000
6	1418		2346.463244000
6	1396		2346.473859000
6	1418		2346.507318000
6	0		2346.523945000
6	1396		2346.527074000
6	1418		2346.572233000
6	1396		2346.580449000
6	1396		2346.633761000
6	1418		2346.637066000
6	0		2346.647800000
6	1396		2346.686970000
6	1418		2346.701937000
6	1396		2346.740287000
6	1418		2346.766813000
6	0		2346.772325000
6	1396		2346.793556000
6	1418		2346.831698000
6	1396		2346.846900000
6	1418		2346.896555000
6	1396		2346.900136000
6	1396		2346.953425000
6	0		2346.958223000
6	0		2346.958249000
6	1418		2346.961471000
6	1418		2347.069547000
6	0		2347.081933000
6	1418		2347.177670000
6	0		2347.268443000
6	0		2347.268479000
6	1418		2347.285785000
6	0		2347.392322000
6	1418		2347.393890000
6	1418		2347.502059000
6	0		2347.516235000
6	1396		2347.516790000
6	0		2347.702366000
6	1418		2347.703613000
6	1418		2347.744170000
6	0		2347.764263000
6	0		2347.826603000
6	1396		2347.827179000
6	1396		2347.862702000
6	1396		2347.933778000
6	0		2347.950385000
6	1396		2348.004892000
6	1396		2348.058108000
6	0		2348.136390000
6	0		2348.136419000
6	1396		2348.136967000
6	1418		2348.137647000
6	1418		2348.178195000
6	0		2348.321863000
6	1396		2348.322441000
6	1396		2348.349083000
6	0		2348.446485000
6	0		2348.508785000
6	1396		2348.509317000
6	1396		2348.535965000
6	0		2348.694895000
6	0		2348.756057000
6	1396		2348.756657000
6	1396		2348.783256000
6	0		2348.941898000
6	1396		2348.942511000
6	1396		2348.969133000
6	0		2349.003980000
6	1396		2349.022438000
6	1396		2349.075727000
6	0		2349.190262000
6	1396		2349.190888000
6	1396		2349.217575000
6	0		2349.252491000
6	1396		2349.270843000
6	1396		2349.324155000
6	0		2349.438610000
6	1396		2349.439174000
6	1396		2349.465833000
6	0		2349.500788000
6	1396		2349.519135000
6	1095		2349.572416000
6	0		2349.624678000
6	0		2349.748266000
6	35		2349.810667000
6	0		2349.811941000
6	0		2349.934435000
6	0		2350.119903000
6	1418		2350.121171000
6	1418		2350.161729000
6	0		2350.182640000
6	0		2350.306270000
6	0		2350.306296000
6	1418		2350.307534000
6	0		2350.429960000
6	0		2350.554300000
6	1418		2350.555536000
6	0		2350.616283000
6	0		2350.678022000
6	1418		2350.679243000
6	0		2350.740227000
6	0		2350.864732000
6	0		2350.988353000
6	0		2351.112440000
6	0		2351.235862000
6	0		2351.360462000
6	0		2351.483862000
6	0		2351.608665000
6	0		2351.670651000
6	1396		2351.731864000
6	426		2351.731893000
6	0		2351.732525000
6	0		2351.794598000
6	1418		2351.795858000
6	1418		2351.836400000
6	1396		2351.867911000
6	1396		2351.894571000
6	1418		2351.917472000
6	0		2351.918736000
6	1396		2351.947861000
6	1418		2351.998556000
6	1396		2352.001136000
6	0		2352.042328000
6	1396		2352.054434000
6	1418		2352.079642000
6	1396		2352.107731000
6	1418		2352.160738000
6	1396		2352.161014000
6	1396		2352.214321000
6	0		2352.228290000
6	0		2352.228321000
6	1418		2352.241823000
6	1396		2352.267634000
6	1396		2352.320898000
6	1418		2352.322927000
6	1396		2352.374206000
6	1418		2352.404020000
6	0		2352.414243000
6	0		2352.414271000
6	1396		2352.427482000
6	0		2352.476256000
6	1396		2352.480913000
6	1418		2352.485084000
6	1396		2352.534092000
6	1418		2352.566202000
6	1396		2352.587363000
6	0		2352.600277000
6	1396		2352.640675000
6	1418		2352.647259000
6	1396		2352.693959000
6	0		2352.724414000
6	1418		2352.728372000
6	1396		2352.747262000
6	0		2352.786653000
6	1396		2352.800576000
6	1418		2352.809452000
6	1396		2352.853855000
6	1396		2352.907164000
6	0		2352.972454000
6	1396		2352.973049000
6	1396		2353.013733000
6	0		2353.096269000
6	0		2353.158452000
6	1396		2353.159018000
6	1396		2353.185693000
6	0		2353.344441000
6	1396		2353.345012000
6	1396		2353.366328000
6	0		2353.406667000
6	1418		2353.407940000
6	1396		2353.408951000
6	1396		2353.451595000
6	0		2353.592242000
6	1396		2353.592813000
6	1396		2353.614138000
6	0		2353.716642000
6	1418		2353.717911000
6	1418		2353.760530000
6	0		2353.777836000
6	1418		2353.845803000
6	0		2353.902271000
6	1396		2353.902833000
6	1418		2353.931081000
6	1396		2353.938383000
6	0		2353.964481000
6	0		2354.088110000
6	1396		2354.088691000
6	1396		2354.124250000
6	0		2354.211815000
6	1396		2354.212391000
6	1396		2354.248574000
6	0		2354.336115000
6	1396		2354.336656000
6	1147		2354.363366000
6	0		2354.460098000
6	1396		2354.522267000
6	426		2354.522296000
6	0		2354.522830000
6	1396		2354.523665000
6	1396		2354.606351000
6	0		2354.646189000
6	1396		2354.689816000
6	0		2354.770314000
6	0		2354.770342000
6	1418		2354.771609000
6	1396		2354.773280000
6	1396		2354.856810000
6	0		2354.867312000
6	0		2354.894690000
6	1418		2354.895932000
6	1396		2354.940280000
6	1418		2354.949242000
6	1396		2355.023771000
6	0		2355.080279000
6	0		2355.080305000
6	1418		2355.081535000
6	1396		2355.107299000
6	1418		2355.162399000
6	1396		2355.190721000
6	0		2355.204790000
6	1396		2355.274216000
6	0		2355.328416000
6	1396		2355.357677000
6	1396		2355.441189000
6	0		2355.452196000
6	0		2355.514667000
6	1396		2355.524645000
6	0		2355.575859000
6	1396		2355.608131000
6	1396		2355.691629000
6	0		2355.762145000
6	1396		2355.775098000
6	0		2355.824396000
6	1396		2355.858593000
6	0		2355.885926000
6	1418		2355.887173000
6	1418		2355.941833000
6	1396		2355.942043000
6	0		2355.948104000
6	1396		2356.025584000
6	1396		2356.109033000
6	0		2356.134054000
6	1418		2356.135350000
6	1418		2356.190028000
6	1396		2356.192507000
6	0		2356.196452000
6	1396		2356.276005000
6	1396		2356.359491000
6	0		2356.382484000
6	1396		2356.442970000
6	0		2356.506285000
6	0		2356.506315000
6	1418		2356.507571000
6	1396		2356.526446000
6	1396		2356.609957000
6	0		2356.630088000
6	1396		2356.693430000
6	0		2356.754645000
6	1396		2356.777019000
6	1396		2356.860404000
6	0		2356.940249000
6	0		2356.940284000
6	1418		2356.941502000
6	1396		2356.943857000
6	1418		2356.996210000
6	1396		2357.027355000
6	0		2357.064720000
6	1396		2357.110841000
6	1396		2357.194318000
6	0		2357.250324000
6	0		2357.250354000
6	1418		2357.251594000
6	1396		2357.277797000
6	1396		2357.361305000
6	0		2357.374346000
6	1396		2357.444779000
6	0		2357.498038000
6	1396		2357.528263000
6	1396		2357.611744000
6	0		2357.622770000
6	1396		2357.695222000
6	0		2357.746409000
6	1396		2357.778707000
6	0		2357.808286000
6	1418		2357.809615000
6	1396		2357.862208000
6	0		2357.932699000
6	1396		2357.945674000
6	0		2357.994037000
6	0		2357.994067000
6	1418		2357.995293000
6	0		2358.003889000
6	1396		2358.029155000
6	1418		2358.049981000
6	1396		2358.056253000
6	309		2358.056290000
6	0		2358.056819000
6	1396		2358.057738000
6	1396		2358.110101000
6	1396		2358.112624000
6	0		2358.118482000
6	1396		2358.163410000
6	188		2358.196128000
6	1396		2358.216713000
6	1396		2358.269989000
6	0		2358.304224000
6	1396		2358.323298000
6	1396		2358.376595000
6	0		2358.428745000
6	1396		2358.429861000
6	1396		2358.483176000
6	1396		2358.536466000
6	0		2358.552655000
6	1396		2358.589729000
6	1396		2358.643046000
6	0		2358.676346000
6	0		2358.676373000
6	1418		2358.677685000
6	1396		2358.696358000
6	1418		2358.732336000
6	1396		2358.749631000
6	0		2358.862081000
6	0		2358.924233000
6	1418		2358.925504000
6	1418		2358.969229000
6	0		2359.048323000
6	1418		2359.056736000
6	1418		2359.144171000
6	0		2359.172243000
6	1396		2359.172801000
6	1396		2359.199465000
6	0		2359.296123000
6	0		2359.358289000
6	1396		2359.358927000
6	1396		2359.385552000
6	0		2359.482392000
6	0		2359.482423000
6	1396		2359.482964000
6	1396		2359.509600000
6	0		2359.606098000
6	1396		2359.606636000
6	1396		2359.633354000
6	0		2359.729818000
6	1396		2359.730369000
6	1396		2359.757053000
6	0		2359.854518000
6	1396		2359.855064000
6	1396		2359.881715000
6	0		2359.978141000
6	1418		2359.979398000
6	0		2360.040330000
6	1396		2360.040896000
6	1396		2360.062216000
6	1396		2360.104842000
6	1396		2360.147483000
6	0		2360.164645000
6	1418		2360.165891000
6	1418		2360.220586000
6	0		2360.288021000
6	1418		2360.329904000
6	0		2360.412478000
6	1418		2360.439256000
6	0		2360.536798000
6	0		2360.660057000
6	1396		2360.660651000
6	0		2360.784203000
6	1396		2360.784749000
6	1396		2360.821907000
6	0		2360.908362000
6	1396		2360.908977000
6	1396		2360.970563000
6	0		2361.032486000
6	1396		2361.044900000
6	1396		2361.119251000
6	0		2361.218291000
6	0		2361.218320000
6	1396		2361.218855000
6	1396		2361.267910000
6	0		2361.342468000
6	1396		2361.343021000
6	1396		2361.416556000
6	0		2361.466435000
6	1418		2361.467705000
6	1418		2361.542011000
6	0		2361.590130000
6	1418		2361.690718000
6	0		2361.713912000
6	1396		2361.714466000
6	1396		2361.751629000
6	1396		2361.775998000
6	426		2361.776023000
6	0		2361.776593000
6	1396		2361.777480000
6	0		2361.838195000
6	1396		2361.838802000
6	1418		2361.839351000
6	1396		2361.855413000
6	1396		2361.900324000
6	1396		2361.934224000
6	0		2361.962720000
6	1396		2361.974629000
6	1396		2362.013051000
6	1396		2362.048971000
6	0		2362.086587000
6	1396		2362.091868000
6	1095		2362.123303000
6	1396		2362.170757000
6	0		2362.209840000
6	1396		2362.249535000
6	1396		2362.328347000
6	0		2362.334107000
6	1418		2362.335347000
6	1396		2362.407169000
6	1418		2362.409640000
6	1396		2362.486097000
6	0		2362.520236000
6	0		2362.520274000
6	1418		2362.558327000
6	1396		2362.564823000
6	1396		2362.643733000
6	0		2362.706217000
6	1418		2362.707001000
6	1396		2362.722468000
6	0		2362.768208000
6	1396		2362.801322000
6	1418		2362.855689000
6	1396		2362.880196000
6	0		2362.892557000
6	1396		2362.943179000
6	0		2362.954243000
6	0		2362.954270000
6	1418		2363.004340000
6	1396		2363.006233000
6	1396		2363.069318000
6	1396		2363.132373000
6	0		2363.139802000
6	1418		2363.153023000
6	1396		2363.195426000
6	0		2363.201911000
6	1396		2363.258492000
6	1418		2363.301760000
6	1396		2363.321609000
6	0		2363.325906000
6	1396		2363.384695000
6	1396		2363.447674000
6	1396		2363.510715000
6	0		2363.512055000
6	1396		2363.573776000
6	0		2363.574212000
6	1418		2363.575542000
6	1396		2363.636827000
6	1418		2363.649866000
6	0		2363.698012000
6	1396		2363.699955000
6	1396		2363.762953000
6	1418		2363.798609000
6	0		2363.821919000
6	0		2363.884153000
6	1418		2363.947216000
6	0		2364.070736000
6	1418		2364.095894000
6	0		2364.194373000
6	1418		2364.244553000
6	0		2364.256514000
6	0		2364.380132000
6	1418		2364.393253000
6	1418		2364.541889000
6	0		2364.565872000
6	0		2364.628344000
6	1418		2364.690558000
6	0		2364.752539000
6	639		2364.813809000
6	39		2364.813845000
6	0		2364.815094000
6	0		2364.815122000
6	39		2364.815126000
6	69		2364.816796000
6	31		2364.817591000
6	39		2364.818253000
6	1418		2364.839223000
6	0		2364.876593000
6	1396		2364.877141000
6	1396		2364.916549000
6	1418		2364.958140000
6	0		2365.062509000
6	1396		2365.063041000
6	1418		2365.077111000
6	1396		2365.102469000
6	0		2365.124711000
6	1418		2365.196020000
6	0		2365.248156000
6	1396		2365.248735000
6	1396		2365.288161000
6	1418		2365.314952000
6	0		2365.372600000
6	1418		2365.433964000
6	0		2365.496314000
6	1418		2365.552839000
6	0		2365.620309000
6	1418		2365.671735000
6	0		2365.682018000
6	39		2365.682041000
6	0		2365.688573000
6	0		2365.744162000
6	1418		2365.790652000
6	0		2365.868072000
6	1396		2365.868684000
6	1396		2365.908028000
6	1396		2365.986847000
6	1418		2365.988858000
6	0		2366.054323000
6	1396		2366.065676000
6	0		2366.116460000
6	1396		2366.144584000
6	1418		2366.187079000
6	1396		2366.223340000
6	1396		2366.302166000
6	0		2366.302258000
6	0		2366.302303000
6	1396		2366.380971000
6	1418		2366.385291000
6	0		2366.426662000
6	1396		2366.459824000
6	0		2366.487825000
6	1396		2366.538861000
6	1418		2366.583500000
6	1396		2366.617465000
6	0		2366.674274000
6	0		2366.674317000
6	1396		2366.696281000
6	1396		2366.775100000
6	1418		2366.781746000
6	1396		2366.853938000
6	0		2366.860150000
6	1418		2366.930372000
6	1396		2366.932747000
6	0		2366.984217000
6	0		2366.984242000
6	1396		2367.011579000
6	1418		2367.064896000
6	1396		2367.090416000
6	0		2367.108126000
6	1396		2367.169228000
6	1418		2367.190419000
6	1396		2367.248056000
6	0		2367.293820000
6	1418		2367.315954000
6	1396		2367.326873000
6	1396		2367.405719000
6	0		2367.418037000
6	1418		2367.441474000
6	0		2367.480199000
6	1396		2367.484621000
6	1396		2367.563371000
6	1418		2367.567002000
6	0		2367.604074000
6	1396		2367.642177000
6	1396		2367.721009000
6	0		2367.790550000
6	1396		2367.799850000
6	0		2367.852713000
6	1396		2367.878658000
6	1396		2367.957511000
6	1396		2368.036316000
6	0		2368.037926000
6	1396		2368.115133000
6	0		2368.162034000
6	1418		2368.163303000
6	1396		2368.193962000
6	0		2368.224793000
6	1396		2368.272793000
6	1396		2368.351613000
6	0		2368.409951000
6	1396		2368.430489000
6	0		2368.472126000
6	1418		2368.473471000
6	1396		2368.509255000
6	1418		2368.536137000
6	1396		2368.588097000
6	0		2368.596732000
6	1396		2368.666923000
6	0		2368.720604000
6	1396		2368.745742000
6	1396		2368.824631000
6	0		2368.844277000
6	0		2368.844304000
6	1418		2368.845530000
6	1396		2368.903405000
6	0		2368.967898000
6	1396		2368.982219000
6	1396		2369.061041000
6	0		2369.092240000
6	1396		2369.139872000
6	0		2369.216470000
6	1396		2369.218688000
6	1396		2369.297520000
6	0		2369.340190000
6	1396		2369.376347000
6	0		2369.402103000
6	1418		2369.403358000
6	1418		2369.453599000
6	1396		2369.455174000
6	1396		2369.534001000
6	1418		2369.554018000
6	0		2369.588715000
6	1396		2369.612837000
6	1418		2369.654443000
6	1396		2369.691654000
6	0		2369.712262000
6	1418		2369.754908000
6	1396		2369.770483000
6	0		2369.835940000
6	673		2369.835966000
6	0		2369.837067000
6	67		2369.840384000
6	31		2369.841096000
6	39		2369.841787000
6	1396		2369.849291000
6	1418		2369.855312000
6	0		2369.898118000
6	1396		2369.928177000
6	1418		2369.955746000
6	1396		2370.006956000
6	0		2370.022470000
6	131		2370.022498000
6	697		2370.022506000
6	0		2370.023771000
6	68		2370.029787000
6	93		2370.030545000
6	1418		2370.056151000
6	1396		2370.085768000
6	0		2370.146557000
6	1418		2370.156607000
6	1396		2370.164595000
6	1396		2370.243425000
6	1418		2370.257026000
6	0		2370.269953000
6	1396		2370.322264000
6	1418		2370.357464000
6	0		2370.394657000
6	1396		2370.401081000
6	1418		2370.457866000
6	1396		2370.479898000
6	0		2370.518454000
6	1418		2370.558307000
6	1396		2370.558694000
6	1396		2370.637539000
6	0		2370.642000000
6	1418		2370.658745000
6	0		2370.703941000
6	1396		2370.716372000
6	1396		2370.766239000
6	0		2370.772229000
6	1396		2370.779411000
6	1418		2370.826193000
6	309		2370.828232000
6	0		2370.828255000
6	0		2370.828751000
6	1396		2370.829671000
6	1396		2370.842486000
6	0		2370.890036000
6	0		2370.890064000
6	39		2370.890069000
6	0		2370.896693000
6	1396		2370.903115000
6	1396		2370.905590000
6	0		2370.951899000
6	1396		2370.968612000
6	1396		2370.977440000
6	1418		2370.993536000
6	0		2371.014075000
6	1396		2371.031688000
6	1396		2371.051783000
6	1396		2371.094723000
6	1396		2371.126084000
6	0		2371.138243000
6	1396		2371.157780000
6	1418		2371.160924000
6	0		2371.199907000
6	1396		2371.200403000
6	1396		2371.220842000
6	0		2371.262367000
6	1396		2371.274761000
6	1396		2371.283910000
6	1418		2371.328328000
6	1396		2371.346960000
6	1396		2371.349058000
6	0		2371.386222000
6	1396		2371.410038000
6	1396		2371.423437000
6	735		2371.473079000
6	1418		2371.495725000
6	1396		2371.497766000
6	0		2371.509885000
6	1396		2371.572062000
6	0		2371.572153000
6	1396		2371.646473000
6	1418		2371.663116000
6	0		2371.696394000
6	1396		2371.720739000
6	0		2371.758536000
6	1418		2371.788714000
6	1396		2371.795079000
6	1396		2371.869397000
6	1418		2371.914188000
6	1396		2371.943727000
6	0		2371.944775000
6	1396		2372.018112000
6	1418		2372.039721000
6	0		2372.068029000
6	1396		2372.092370000
6	0		2372.130205000
6	1418		2372.165239000
6	1418		2372.290774000
6	0		2372.316264000
6	1418		2372.416295000
6	0		2372.440465000
6	1396		2372.441014000
6	1396		2372.478248000
6	0		2372.502739000
6	1418		2372.541822000
6	1396		2372.552527000
6	0		2372.564201000
6	1396		2372.626830000
6	1418		2372.667370000
6	0		2372.749817000
6	1418		2372.792880000
6	0		2372.811958000
6	1396		2372.812516000
6	1396		2372.849680000
6	1396		2372.924010000
6	1396		2372.998360000
6	0		2372.998507000
6	0		2373.060670000
6	1418		2373.061941000
6	0		2373.121911000
6	1396		2373.122460000
6	1418		2373.124690000
6	1396		2373.159627000
6	1396		2373.233966000
6	1396		2373.308307000
6	0		2373.308687000
6	0		2373.493850000
6	1396		2373.494395000
6	1396		2373.531562000
6	0		2373.556339000
6	1396		2373.605894000
6	0		2373.618276000
6	1396		2373.680224000
6	0		2373.680410000
6	1418		2373.681646000
6	0		2373.742626000
6	1418		2373.744439000
6	1396		2373.754551000
6	1396		2373.828893000
6	0		2373.865941000
6	1396		2373.903219000
6	1396		2373.977548000
6	1396		2374.051896000
6	0		2374.051946000
6	1418		2374.053175000
6	0		2374.114170000
6	1418		2374.115929000
6	1396		2374.126207000
6	1396		2374.200550000
6	1396		2374.274858000
6	0		2374.300051000
6	1396		2374.334337000
6	1396		2374.393863000
6	0		2374.424190000
6	1396		2374.453263000
6	0		2374.486415000
6	1396		2374.512701000
6	1396		2374.572181000
6	0		2374.610168000
6	1396		2374.631647000
6	1396		2374.691112000
6	1396		2374.750568000
6	0		2374.796258000
6	596		2374.796284000
6	0		2374.796293000
6	0		2374.797517000
6	69		2374.799952000
6	31		2374.800706000
6	39		2374.801389000
6	1396		2374.810016000
6	1396		2374.869481000
6	0		2374.920421000
6	1396		2374.928937000
6	0		2374.981911000
6	1396		2374.988429000
6	1396		2375.047861000
6	1396		2375.107344000
6	1396		2375.166806000
6	0		2375.168289000
6	1396		2375.226265000
6	0		2375.230267000
6	1396		2375.285815000
6	0		2375.292675000
6	1396		2375.345192000
6	1396		2375.404677000
6	1396		2375.464127000
6	0		2375.478078000
6	1396		2375.523558000
6	0		2375.540711000
6	1396		2375.583050000
6	1396		2375.642482000
6	0		2375.664548000
6	1396		2375.701974000
6	1396		2375.761436000
6	0		2375.788388000
6	1396		2375.820899000
6	0		2375.912344000
6	1396		2375.920000000
6	1396		2376.019097000
6	0		2376.036439000
6	1418		2376.037674000
6	1418		2376.100440000
6	1396		2376.118208000
6	0		2376.160107000
6	1396		2376.217317000
6	0		2376.283803000
6	1396		2376.316419000
6	0		2376.408488000
6	1396		2376.415524000
6	0		2376.469880000
6	1418		2376.471114000
6	1396		2376.514642000
6	1418		2376.533933000
6	0		2376.594208000
6	1396		2376.613734000
6	1396		2376.712841000
6	0		2376.718182000
6	0		2376.780313000
6	1396		2376.811962000
6	0		2376.904411000
6	1396		2376.911058000
6	1396		2377.010161000
6	0		2377.028490000
6	0		2377.090240000
6	1396		2377.109275000
6	0		2377.152243000
6	0		2377.152276000
6	39		2377.152286000
6	0		2377.152293000
6	0		2377.158718000
6	1396		2377.208440000
6	0		2377.214752000
6	1396		2377.307485000
6	0		2377.338107000
6	1396		2377.406588000
6	0		2377.462093000
6	1396		2377.505781000
6	1396		2377.580070000
6	0		2377.586250000
6	0		2377.710745000
6	0		2377.834041000
6	0		2377.958382000
6	0		2378.082754000
6	0		2378.205985000
6	0		2378.330385000
6	0		2378.454672000
6	1418		2378.455970000
6	1418		2378.518719000
6	0		2378.578452000
6	1418		2378.644263000
6	0		2378.702527000
6	1418		2378.769786000
6	0		2378.888321000
6	0		2378.888357000
6	1396		2378.888962000
6	1418		2378.895299000
6	0		2379.011812000
6	1396		2379.012365000
6	1418		2379.020853000
6	1396		2379.046114000
6	0		2379.074664000
6	1396		2379.113632000
6	1418		2379.146468000
6	1396		2379.181244000
6	0		2379.198181000
6	1396		2379.248679000
6	1418		2379.271904000
6	1396		2379.316191000
6	0		2379.322150000
6	1396		2379.383716000
6	1418		2379.397443000
6	0		2379.446079000
6	1396		2379.451227000
6	1396		2379.518807000
6	1418		2379.522965000
6	1396		2379.586279000
6	0		2379.632284000
6	0		2379.632325000
6	1418		2379.648506000
6	1396		2379.653844000
6	0		2379.756294000
6	1418		2379.774007000
6	1418		2379.899559000
6	0		2379.941852000
6	1396		2379.942409000
6	1396		2379.976178000
6	1418		2379.999994000
6	0		2380.003995000
6	1396		2380.043714000
6	1418		2380.100413000
6	1396		2380.111222000
6	0		2380.128263000
6	1396		2380.178745000
6	1418		2380.200854000
6	1396		2380.246260000
6	1418		2380.301274000
6	1396		2380.313764000
6	0		2380.313833000
6	0		2380.376216000
6	1396		2380.381280000
6	1418		2380.401728000
6	1396		2380.448790000
6	0		2380.500243000
6	1418		2380.502151000
6	1396		2380.516325000
6	1396		2380.583835000
6	1418		2380.602598000
6	1396		2380.651366000
6	0		2380.686127000
6	1418		2380.703003000
6	1396		2380.718888000
6	0		2380.747875000
6	1396		2380.786401000
6	1418		2380.803466000
6	1358		2380.853948000
6	1418		2380.903919000
6	0		2380.934267000
6	0		2380.995874000
6	1418		2381.004317000
6	1396		2381.058035000
6	427		2381.058063000
6	0		2381.058593000
6	1396		2381.060526000
6	1396		2381.137412000
6	1418		2381.171704000
6	0		2381.182088000
6	1396		2381.216234000
6	0		2381.244266000
6	1396		2381.295080000
6	1418		2381.339108000
6	0		2381.368520000
6	1396		2381.373897000
6	1396		2381.452743000
6	0		2381.492048000
6	1418		2381.506566000
6	1396		2381.531565000
6	0		2381.554226000
6	1396		2381.610371000
6	1418		2381.673900000
6	1396		2381.689192000
6	0		2381.740365000
6	1396		2381.768026000
6	0		2381.802772000
6	1418		2381.841272000
6	1396		2381.846840000
6	1396		2381.925688000
6	0		2381.988039000
6	1396		2382.004536000
6	1418		2382.008667000
6	1396		2382.083346000
6	0		2382.112156000
6	1396		2382.162167000
6	0		2382.174764000
6	1418		2382.176076000
6	1396		2382.240983000
6	1418		2382.301639000
6	1396		2382.319825000
6	0		2382.360160000
6	1396		2382.398654000
6	0		2382.422437000
6	1418		2382.427128000
6	1396		2382.477500000
6	0		2382.484658000
6	1418		2382.552681000
6	1396		2382.556294000
6	0		2382.608107000
6	1396		2382.635105000
6	1418		2382.678193000
6	1396		2382.713939000
6	0		2382.732615000
6	1396		2382.792754000
6	1418		2382.803725000
6	1396		2382.871601000
6	0		2382.917960000
6	1418		2382.929260000
6	1396		2382.950450000
6	0		2382.980110000
6	1396		2383.029234000
6	1418		2383.054841000
6	0		2383.104675000
6	1396		2383.108055000
6	1418		2383.180321000
6	1396		2383.186911000
6	1396		2383.265885000
6	0		2383.290348000
6	1418		2383.305874000
6	1396		2383.344526000
6	0		2383.352505000
6	0		2383.414098000
6	1396		2383.423359000
6	1418		2383.431388000
6	1396		2383.502205000
6	1418		2383.556908000
6	1396		2383.581024000
6	0		2383.600733000
6	1396		2383.659848000
6	1418		2383.682444000
6	0		2383.724222000
6	1396		2383.738671000
6	0		2383.785912000
6	1418		2383.807968000
6	1396		2383.817481000
6	1396		2383.896352000
6	1418		2383.933635000
6	0		2383.972047000
6	1396		2383.975124000
6	0		2384.034259000
6	1396		2384.053964000
6	1418		2384.059032000
6	1396		2384.132797000
6	0		2384.158491000
6	1418		2384.184576000
6	1396		2384.211606000
6	1396		2384.290438000
6	1418		2384.310095000
6	0		2384.344436000
6	1396		2384.369265000
6	0		2384.406594000
6	1418		2384.435628000
6	1396		2384.448082000
6	1396		2384.526937000
6	1418		2384.561192000
6	0		2384.592371000
6	1396		2384.605747000
6	1396		2384.684581000
6	0		2384.715964000
6	1418		2384.717213000
6	1396		2384.763394000
6	0		2384.778169000
6	1418		2384.812226000
6	663		2384.840343000
6	0		2384.841718000
6	1396		2384.842191000
6	69		2384.844601000
6	31		2384.845344000
6	39		2384.846036000
6	1396		2384.921077000
6	0		2384.964434000
6	1396		2384.999872000
6	0		2385.026593000
6	1396		2385.078766000
6	1396		2385.157879000
6	0		2385.212341000
6	1396		2385.237101000
6	1396		2385.316304000
6	0		2385.336500000
6	1396		2385.395515000
6	0		2385.398761000
6	1396		2385.474655000
6	0		2385.521974000
6	1396		2385.553915000
6	0		2385.584205000
6	1396		2385.633063000
6	0		2385.708510000
6	1396		2385.712244000
6	1396		2385.791427000
6	1396		2385.870644000
6	0		2385.893851000
6	1396		2385.949834000
6	0		2385.956048000
6	1396		2386.029015000
6	0		2386.080279000
6	1396		2386.108204000
6	1396		2386.187416000
6	0		2386.204739000
6	0		2386.265881000
6	0		2386.452453000
6	0		2386.576605000
6	0		2386.638718000
6	0		2386.824311000
6	0		2386.886455000
6	1418		2386.887705000
6	1418		2386.950467000
6	0		2387.010100000
6	0		2387.196252000
6	1418		2387.197495000
6	0		2387.258431000
6	0		2387.258465000
6	39		2387.258474000
6	1418		2387.260254000
6	0		2387.264887000
6	0		2387.382541000
6	0		2387.506801000
6	0		2387.630113000
6	0		2387.754401000
6	0		2387.878699000
6	1396		2387.879225000
6	1396		2387.918844000
6	0		2387.939899000
6	1396		2387.998016000
6	0		2388.064503000
6	1396		2388.077214000
6	1396		2388.156401000
6	0		2388.188785000
6	1396		2388.235606000
6	0		2388.312098000
6	1396		2388.314842000
6	0		2388.374244000
6	1418		2388.375491000
6	1396		2388.393995000
6	1418		2388.438287000
6	1396		2388.473233000
6	0		2388.498392000
6	1418		2388.563822000
6	0		2388.621832000
6	1396		2388.622360000
6	1396		2388.661971000
6	1418		2388.689345000
6	1396		2388.741182000
6	0		2388.746465000
6	1418		2388.814881000
6	1396		2388.820352000
6	0		2388.870232000
6	1396		2388.899580000
6	1418		2388.940451000
6	1396		2388.978760000
6	0		2389.056245000
6	1396		2389.057920000
6	1418		2389.065919000
6	0		2389.118382000
6	1396		2389.137183000
6	1418		2389.191452000
6	1396		2389.216315000
6	1396		2389.295496000
6	0		2389.304725000
6	1418		2389.316976000
6	1396		2389.374703000
6	0		2389.428210000
6	0		2389.428233000
6	1418		2389.442517000
6	1396		2389.453882000
6	1396		2389.533095000
6	1418		2389.568049000
6	1396		2389.596441000
6	0		2389.614603000
6	1396		2389.659794000
6	1418		2389.693565000
6	1396		2389.723143000
6	0		2389.738155000
6	1396		2389.786496000
6	0		2389.800574000
6	1418		2389.819099000
6	1396		2389.849878000
6	1396		2389.913209000
6	1418		2389.944697000
6	1396		2389.976580000
6	0		2389.986657000
6	0		2389.986685000
6	1396		2390.039904000
6	1418		2390.070166000
6	1396		2390.103290000
6	0		2390.110293000
6	1396		2390.166636000
6	1418		2390.195701000
6	1396		2390.272219000
6	0		2390.296129000
6	1418		2390.321256000
6	0		2390.358565000
6	1396		2390.377801000
6	1418		2390.446808000
6	1396		2390.483401000
6	0		2390.544196000
6	1418		2390.572291000
6	1396		2390.588994000
6	0		2390.668471000
6	1396		2390.694584000
6	1418		2390.705746000
6	0		2390.730608000
6	1396		2390.800210000
6	1418		2390.839184000
6	1396		2390.905786000
6	0		2390.916572000
6	1418		2390.972620000
6	1396		2391.011445000
6	0		2391.040048000
6	1396		2391.090573000
6	0		2391.101843000
6	1418		2391.106087000
6	1396		2391.169737000
6	1418		2391.239521000
6	1396		2391.248949000
6	0		2391.288181000
6	1396		2391.328133000
6	1418		2391.372980000
6	1396		2391.407335000
6	0		2391.412568000
6	0		2391.473797000
6	1396		2391.486522000
6	1418		2391.506413000
6	1396		2391.565718000
6	1418		2391.639863000
6	1396		2391.644938000
6	0		2391.660155000
6	0		2391.722456000
6	1396		2391.724089000
6	1418		2391.773333000
6	1396		2391.803290000
6	1396		2391.882487000
6	1418		2391.906766000
6	0		2391.908029000
6	1396		2391.961682000
6	0		2391.969984000
6	1396		2392.032257000
6	310		2392.032286000
6	0		2392.032867000
6	1396		2392.033921000
6	1418		2392.040196000
6	889		2392.040846000
6	0		2392.094059000
6	1396		2392.100379000
6	1418		2392.146952000
6	0		2392.156217000
6	1396		2392.167899000
6	1396		2392.235430000
6	1418		2392.253721000
6	0		2392.280282000
6	1396		2392.302960000
6	1418		2392.360463000
6	1396		2392.370487000
6	1396		2392.438058000
6	0		2392.466374000
6	127		2392.466398000
6	1101		2392.466403000
6	1418		2392.467203000
6	0		2392.467852000
6	72		2392.472496000
6	93		2392.473203000
6	39		2392.475314000
6	1396		2392.505499000
6	0		2392.528553000
6	1396		2392.572991000
6	1418		2392.573958000
6	1396		2392.640507000
6	1418		2392.680730000
6	1396		2392.708033000
6	0		2392.713875000
6	1396		2392.775552000
6	1418		2392.787460000
6	0		2392.837895000
6	1396		2392.843076000
6	0		2392.899847000
6	1396		2392.910609000
6	1396		2392.978167000
6	1396		2393.045644000
6	0		2393.085939000
6	1396		2393.113186000
6	0		2393.148117000
6	1418		2393.149381000
6	1396		2393.180692000
6	1418		2393.238431000
6	1396		2393.248199000
6	0		2393.272104000
6	1396		2393.315723000
6	1396		2393.383241000
6	1396		2393.450749000
6	1396		2393.518270000
6	0		2393.520143000
6	0		2393.520166000
6	1418		2393.521389000
6	0		2393.582764000
6	1396		2393.585836000
6	1418		2393.588102000
6	1396		2393.653300000
6	1396		2393.720844000
6	0		2393.767828000
6	1396		2393.788354000
6	0		2393.830329000
6	1418		2393.831615000
6	1396		2393.855892000
6	1418		2393.898392000
6	1396		2393.923392000
6	1396		2393.990897000
6	0		2394.015934000
6	1396		2394.058415000
6	1396		2394.125949000
6	0		2394.139880000
6	0		2394.139912000
6	39		2394.139919000
6	0		2394.145978000
6	1396		2394.193463000
6	0		2394.202371000
6	1396		2394.261038000
6	1396		2394.328573000
6	0		2394.387895000
6	1396		2394.396023000
6	0		2394.450046000
6	1396		2394.463526000
6	1396		2394.531055000
6	0		2394.573896000
6	1396		2394.598568000
6	1396		2394.666083000
6	1396		2394.733610000
6	0		2394.760450000
6	1396		2394.801139000
6	1396		2394.868654000
6	0		2394.884536000
6	1396		2394.936176000
6	0		2394.946333000
6	1396		2395.003697000
6	0		2395.070155000
6	1396		2395.071198000
6	0		2395.132363000
6	1396		2395.138718000
6	1095		2395.206251000
6	0		2395.256161000
6	0		2395.379846000
6	0		2395.566209000
6	0		2395.628358000
6	1418		2395.629612000
6	1418		2395.696352000
6	0		2395.752478000
6	1396		2395.814710000
6	427		2395.814753000
6	0		2395.815275000
6	1396		2395.816168000
6	1396		2395.894499000
6	0		2395.937842000
6	1396		2395.973677000
6	0		2395.999959000
6	1418		2396.001217000
6	1396		2396.052885000
6	0		2396.062263000
6	1418		2396.067929000
6	1396		2396.132084000
6	0		2396.186438000
6	1396		2396.211277000
6	1396		2396.290455000
6	0		2396.309854000
6	1396		2396.369667000
6	0		2396.434431000
6	1396		2396.448871000
6	1396		2396.528051000
6	0		2396.558345000
6	1396		2396.607235000
6	0		2396.682782000
6	1396		2396.686455000
6	1396		2396.765683000
6	0		2396.805917000
6	1396		2396.844829000
6	1396		2396.924017000
6	0		2396.930396000
6	1396		2397.003211000
6	0		2397.054619000
6	1396		2397.082423000
6	1396		2397.161654000
6	0		2397.178339000
6	0		2397.302311000
6	1418		2397.303569000
6	1418		2397.370334000
6	0		2397.426032000
6	1396		2397.426635000
6	1396		2397.466258000
6	1418		2397.503742000
6	0		2397.612467000
6	1396		2397.613020000
6	1418		2397.637180000
6	1396		2397.652623000
6	0		2397.673944000
6	0		2397.736118000
6	1396		2397.736663000
6	1418		2397.770622000
6	1396		2397.811002000
6	0		2397.860150000
6	1396		2397.890196000
6	1418		2397.904086000
6	1396		2397.969388000
6	0		2397.984516000
6	1418		2398.037549000
6	1396		2398.048580000
6	0		2398.107928000
6	1396		2398.127774000
6	1418		2398.170971000
6	1396		2398.206972000
6	0		2398.232182000
6	1396		2398.286182000
6	1418		2398.304413000
6	0		2398.356631000
6	1396		2398.365349000
6	1418		2398.437854000
6	1396		2398.444540000
6	0		2398.480839000
6	1396		2398.523740000
6	1418		2398.571297000
6	1396		2398.602964000
6	0		2398.604126000
6	1396		2398.682126000
6	1418		2398.704755000
6	0		2398.728507000
6	1396		2398.761325000
6	1418		2398.838187000
6	1396		2398.840512000
6	0		2398.913939000
6	1396		2398.919712000
6	1418		2398.971662000
6	0		2398.976100000
6	1396		2398.998956000
6	1396		2399.062277000
6	0		2399.100288000
6	1418		2399.105093000
6	1140		2399.125614000
6	0		2399.224132000
6	0		2399.286407000
6	1418		2399.287715000
6	1418		2399.371971000
6	0		2399.471971000
6	1418		2399.505428000
6	1396		2399.534161000
6	310		2399.534190000
6	0		2399.534796000
6	1396		2399.591192000
6	0		2399.595783000
6	1396		2399.624929000
6	1418		2399.638906000
6	0		2399.658502000
6	1396		2399.692454000
6	1396		2399.759979000
6	1418		2399.772324000
6	0		2399.781872000
6	1396		2399.827495000
6	0		2399.844691000
6	1396		2399.895020000
6	1418		2399.905800000
6	1396		2399.962531000
6	0		2399.968177000
6	1396		2400.030040000
6	1418		2400.039230000
6	1396		2400.097564000
6	1396		2400.165219000
6	1418		2400.172659000
6	1396		2400.232612000
6	0		2400.279765000
6	0		2400.279790000
6	1396		2400.300126000
6	1418		2400.306097000
6	1396		2400.367646000
6	1396		2400.435167000
6	1418		2400.439538000
6	0		2400.466272000
6	1396		2400.502720000
6	1396		2400.570186000
6	1418		2400.573064000
6	1396		2400.637715000
6	1396		2400.705235000
6	1418		2400.706488000
6	1396		2400.772774000
6	1418		2400.839884000
6	0		2400.840052000
6	1396		2400.840257000
6	1396		2400.907786000
6	1418		2400.973323000
6	1396		2400.975289000
6	0		2401.027336000
6	1396		2401.042891000
6	1418		2401.106778000
6	1396		2401.110363000
6	1396		2401.177864000
6	1418		2401.240294000
6	1396		2401.245378000
6	1396		2401.312911000
6	1418		2401.346986000
6	1396		2401.380496000
6	1396		2401.447968000
6	1418		2401.453794000
6	1396		2401.515466000
6	1396		2401.582985000
6	0		2401.588223000
6	0		2401.588248000
6	1418		2401.589494000
6	1396		2401.650496000
6	1418		2401.667246000
6	1396		2401.718026000
6	1396		2401.785558000
6	1396		2401.853067000
6	1396		2401.920632000
6	0		2401.962015000
6	1396		2401.988086000
6	1396		2402.055621000
6	1396		2402.123122000
6	0		2402.149323000
6	1396		2402.190640000
6	1396		2402.258158000
6	1396		2402.325764000
6	1396		2402.393262000
6	1396		2402.460715000
6	0		2402.523344000
6	1418		2402.524592000
6	1396		2402.528253000
6	1396		2402.595765000
6	1418		2402.613578000
6	1396		2402.663292000
6	0		2402.710247000
6	1117		2402.730805000
6	0		2403.084330000
6	0		2403.458708000
6	0		2403.458740000
6	1418		2403.459981000
6	0		2404.019056000
6	0		2404.019084000
6	0		2404.393648000
6	0		2404.954293000
6	0		2404.954335000
6	0		2404.954344000
6	0		2404.963901000
6	0		2405.141475000
6	0		2405.151740000
6	0		2405.267704000
6	0		2405.453948000
6	0		2405.515357000
6	0		2405.515393000
6	0		2406.076299000
6	0		2406.076328000
6	0		2406.076336000
6	0		2406.085186000
6	0		2406.263431000
6	0		2406.273696000
6	0		2406.637320000
6	0		2406.637354000
6	0		2407.198281000
6	0		2407.198313000
6	0		2407.759041000
6	0		2407.946267000
6	0		2407.946297000
6	0		2407.955150000
6	0		2408.293938000
6	0		2408.320342000
6	0		2408.330631000
6	0		2408.507619000
6	0		2408.694285000
6	0		2409.068880000
6	0		2409.255241000
6	0		2409.629118000
6	1396		2409.816334000
6	426		2409.816362000
6	0		2409.816371000
6	0		2409.816909000
6	1418		2409.817665000
6	1396		2409.817904000
6	1396		2409.896450000
6	0		2409.955655000
6	1396		2409.976008000
6	1396		2410.055562000
6	1396		2410.135137000
6	0		2410.190465000
6	1396		2410.214692000
6	1396		2410.294265000
6	1396		2410.373873000
6	0		2410.377411000
6	0		2410.377434000
6	1418		2410.378738000
6	1418		2410.450488000
6	1396		2410.453367000
6	1396		2410.533063000
6	1418		2410.594123000
6	1396		2410.612503000
6	1396		2410.692089000
6	1418		2410.737853000
6	0		2410.751739000
6	1396		2410.771635000
6	1396		2410.851192000
6	1396		2410.930757000
6	1396		2411.010353000
6	1396		2411.089878000
6	1396		2411.169430000
6	1396		2411.249066000
6	0		2411.312446000
6	1418		2411.313714000
6	1396		2411.328572000
6	1418		2411.385538000
6	1396		2411.408130000
6	1396		2411.487703000
6	0		2411.499746000
6	1418		2411.529183000
6	1396		2411.567251000
6	1396		2411.646811000
6	1418		2411.672756000
6	1396		2411.726379000
6	1396		2411.805952000
6	0		2411.873338000
6	1396		2411.885520000
6	1396		2411.965086000
6	1396		2412.044622000
6	0		2412.060017000
6	0		2412.068883000
6	1396		2412.124174000
6	1396		2412.203753000
6	0		2412.247353000
6	0		2412.247381000
6	0		2412.257648000
6	1396		2412.283339000
6	1396		2412.362897000
6	1396		2412.442439000
6	0		2412.621432000
6	426		2412.621472000
6	0		2412.622001000
6	0		2412.995723000
6	0		2413.369364000
6	0		2413.930229000
6	0		2414.117286000
6	1418		2414.118536000
6	1418		2414.190351000
6	1396		2414.413540000
6	0		2414.490959000
6	0		2414.678238000
6	695		2414.678263000
6	39		2414.678268000
6	0		2414.678276000
6	0		2414.679385000
6	0		2414.679414000
6	1418		2414.679536000
6	39		2414.679955000
6	67		2414.683018000
6	31		2414.683754000
6	39		2414.684445000
6	1418		2414.751366000
6	0		2414.865050000
6	0		2414.865109000
6	0		2414.865116000
6	0		2414.865121000
6	517		2414.865126000
6	517		2414.865133000
6	0		2414.873952000
6	0		2414.875364000
6	2792		2414.875483000
6	1396		2414.875532000
6	990		2414.875550000
6	2792		2414.877062000
6	2386		2414.877184000
6	640		2415.051995000
6	0		2415.052035000
6	1418		2415.053266000
6	69		2415.055237000
6	31		2415.055976000
6	1418		2415.125085000
6	0		2415.239437000
6	1396		2415.239967000
6	1418		2415.268699000
6	1418		2415.412314000
6	0		2415.426664000
6	0		2415.426688000
6	1396		2415.427204000
6	1396		2415.466984000
6	1418		2415.555935000
6	0		2415.612973000
6	1396		2415.613509000
6	1396		2415.653278000
6	1418		2415.699574000
6	0		2415.799980000
6	646		2415.800530000
6	1418		2415.843206000
6	1418		2415.986807000
6	0		2415.987034000
6	1418		2416.130430000
6	0		2416.174316000
6	1418		2416.274056000
6	0		2416.360999000
6	1418		2416.417688000
6	0		2416.548678000
6	1418		2416.561395000
6	1418		2416.704935000
6	1418		2416.848571000
6	0		2416.921916000
6	1418		2416.992190000
6	0		2417.109200000
6	1418		2417.135797000
6	1418		2417.279428000
6	0		2417.296748000
6	1418		2417.423049000
6	1418		2417.566689000
6	0		2417.670044000
6	0		2417.670072000
6	1418		2417.710296000
6	1418		2417.853976000
6	0		2417.857291000
6	1418		2417.997539000
6	0		2418.044602000
6	1418		2418.141185000
6	0		2418.231352000
6	640		2418.231385000
6	0		2418.232755000
6	1418		2418.284861000
6	0		2418.418250000
6	1418		2418.428418000
6	1418		2418.572121000
6	0		2418.605451000
6	1418		2418.715688000
6	0		2418.792347000
6	1418		2418.859287000
6	0		2418.979307000
6	1418		2419.002933000
6	1418		2419.146548000
6	0		2419.166253000
6	1418		2419.290167000
6	1418		2419.433857000
6	1418		2419.577469000
6	31		2419.631912000
6	1418		2419.721052000
6	0		2419.727255000
6	0		2419.727284000
6	1418		2419.864666000
6	1418		2420.008279000
6	0		2420.101325000
6	1418		2420.151914000
6	127		2420.288019000
6	697		2420.288047000
6	0		2420.289450000
6	0		2420.289493000
6	1418		2420.295515000
6	68		2420.297146000
6	93		2420.297902000
6	1418		2420.439142000
6	1418		2420.582773000
6	0		2420.662241000
6	0		2420.662274000
6	1418		2420.726457000
6	1418		2420.870032000
6	1396		2421.036469000
6	0		2421.042565000
6	426		2421.223212000
6	0		2421.223238000
6	0		2421.223247000
6	0		2421.223820000
6	1396		2421.224909000
6	1396		2421.291283000
6	1396		2421.358824000
6	1396		2421.426305000
6	1396		2421.493838000
6	1396		2421.561465000
6	0		2421.597478000
6	1396		2421.628908000
6	1396		2421.696450000
6	1396		2421.763917000
6	0		2421.784043000
6	1396		2421.831429000
6	1396		2421.898952000
6	1396		2421.966461000
6	0		2421.971496000
6	1396		2422.033988000
6	1396		2422.101493000
6	0		2422.158386000
6	1396		2422.169023000
6	1396		2422.236526000
6	1396		2422.304034000
6	0		2422.345214000
6	1396		2422.371560000
6	1396		2422.439076000
6	1396		2422.506609000
6	1396		2422.574222000
6	1396		2422.641650000
6	1396		2422.709220000
6	0		2422.719252000
6	1396		2422.776674000
6	1396		2422.844202000
6	1396		2422.911713000
6	1396		2422.979233000
6	1396		2423.046755000
6	0		2423.093778000
6	1396		2423.114259000
6	1396		2423.181786000
6	1396		2423.249321000
6	1396		2423.316813000
6	1396		2423.384348000
6	1396		2423.451858000
6	0		2423.467124000
6	39		2423.467148000
6	0		2423.467153000
6	0		2423.473748000
6	1396		2423.519375000
6	1396		2423.586895000
6	0		2423.654289000
6	1396		2423.654386000
6	1396		2423.721926000
6	1396		2423.789449000
6	0		2423.841593000
6	1396		2423.856948000
6	1396		2423.924483000
6	1396		2423.992008000
6	0		2424.027969000
6	1396		2424.059523000
6	1396		2424.127049000
6	1396		2424.194555000
6	0		2424.215546000
6	1396		2424.262076000
6	1396		2424.329575000
6	1396		2424.397100000
6	0		2424.402366000
6	64		2424.402404000
6	0		2424.416607000
6	1396		2424.464687000
6	1396		2424.532146000
6	0		2424.589472000
6	1396		2424.599653000
6	1396		2424.667188000
6	1396		2424.734710000
6	0		2424.776024000
6	1396		2424.802203000
6	1396		2424.869732000
6	1396		2424.937249000
6	0		2424.963683000
6	0		2424.963700000
6	64		2424.963705000
6	0		2424.978913000
6	1396		2425.004795000
6	1396		2425.072290000
6	1396		2425.139816000
6	0		2425.150021000
6	1396		2425.207334000
6	1396		2425.274844000
6	0		2425.337365000
6	1396		2425.342330000
6	1396		2425.409883000
6	1396		2425.477406000
6	1396		2425.544910000
6	1396		2425.612443000
6	1396		2425.679958000
6	1396		2425.747467000
6	1396		2425.814990000
6	1396		2425.882504000
6	0		2425.898311000
6	0		2425.898341000
6	1396		2425.950022000
6	1396		2426.017538000
6	1396		2426.085063000
6	1396		2426.152570000
6	1396		2426.220093000
6	0		2426.272610000
6	1396		2426.287590000
6	1396		2426.355106000
6	1396		2426.422626000
6	426		2426.459407000
6	1396		2426.490142000
6	1396		2426.557680000
6	1384		2426.625189000
6	0		2426.625228000
6	12		2426.692131000
6	1396		2426.692671000
6	1396		2426.760243000
6	1396		2426.827750000
6	0		2426.833331000
6	0		2426.833359000
6	1396		2426.895270000
6	1396		2426.962792000
6	1396		2427.030288000
6	1396		2427.097819000
6	1396		2427.165334000
6	0		2427.207415000
6	1396		2427.232849000
6	1396		2427.300377000
6	1396		2427.367896000
6	0		2427.393968000
6	1396		2427.435422000
6	1396		2427.502913000
6	1396		2427.570448000
6	0		2427.581570000
6	1396		2427.637959000
6	1396		2427.705467000
6	1396		2427.773008000
6	1396		2427.840525000
6	1396		2427.908030000
6	0		2427.955042000
6	1396		2427.975552000
6	1396		2428.043073000
6	1396		2428.110579000
6	1396		2428.178110000
6	1396		2428.245625000
6	1396		2428.313155000
6	0		2428.329177000
6	1418		2428.330441000
6	1396		2428.380672000
6	1418		2428.402247000
6	1396		2428.448187000
6	1396		2428.515698000
6	1418		2428.545866000
6	1396		2428.583240000
6	1396		2428.650745000
6	0		2428.703081000
6	1418		2428.704373000
6	1396		2428.718258000
6	1396		2428.785829000
6	1418		2428.833119000
6	1396		2428.853323000
6	1396		2428.920816000
6	1396		2428.988329000
6	1396		2429.055835000
6	0		2429.076983000
6	1418		2429.078322000
6	1396		2429.123371000
6	1418		2429.150156000
6	995		2429.190882000
6	0		2429.451411000
6	1418		2429.452644000
6	1418		2429.524478000
6	0		2429.825108000
6	1418		2429.826347000
6	1418		2429.898153000
6	0		2430.199855000
6	1418		2430.201202000
6	1418		2430.272948000
6	0		2430.573563000
6	1418		2430.574838000
6	1418		2430.646621000
6	0		2430.947285000
6	1418		2430.948598000
6	1418		2431.020388000
6	0		2431.321106000
6	1418		2431.322403000
6	1418		2431.394208000
6	0		2431.695808000
6	1418		2431.697107000
6	1418		2431.768886000
6	0		2431.882271000
6	0		2431.887617000
6	1396		2432.069543000
6	0		2432.069572000
6	0		2432.069578000
6	1418		2432.070828000
6	0		2432.078471000
6	1418		2432.142701000
6	0		2432.443368000
6	1418		2432.444650000
6	1418		2432.516439000
6	0		2432.817095000
6	1418		2432.818333000
6	1418		2432.890156000
6	93		2432.943739000
6	0		2433.004032000
6	0		2433.004055000
6	0		2433.191284000
6	1418		2433.192528000
6	1418		2433.264353000
6	0		2433.564999000
6	1418		2433.566309000
6	1418		2433.638122000
6	0		2434.126419000
6	1418		2434.127686000
6	1418		2434.199515000
6	649		2434.873913000
6	336		2434.873921000
6	0		2434.875291000
6	0		2434.875308000
6	69		2434.876895000
6	31		2434.877682000
6	39		2434.878361000
6	443		2442.541334000
6	0		2442.550791000
6	5584		2442.571211000
6	2792		2442.571257000
6	1396		2442.619494000
6	1396		2442.667768000
6	1396		2442.716052000
6	1396		2442.764300000
6	1396		2442.812565000
6	1396		2442.860829000
6	995		2442.893327000
6	1396		2442.909088000
6	1396		2442.957416000
6	1396		2443.005602000
6	1396		2443.053901000
6	1396		2443.102119000
6	1396		2443.150399000
6	1396		2443.198644000
6	1396		2443.246914000
6	1396		2443.295173000
6	1396		2443.343433000
6	1396		2443.391682000
6	1396		2443.439972000
6	1396		2443.488217000
6	1396		2443.536465000
6	1396		2443.584782000
6	1396		2443.633166000
6	1396		2443.681271000
6	1396		2443.729515000
6	1396		2443.777752000
6	579		2443.826032000
6	592		2444.785703000
6	39		2444.785710000
6	0		2444.786691000
6	39		2444.786902000
6	69		2444.788636000
6	31		2444.789407000
6	0		2446.383996000
6	131		2447.589913000
6	0		2447.596374000
6	1303		2447.777197000
6	0		2447.778215000
6	68		2447.785119000
6	93		2447.785854000
6	0		2449.834108000
6	0		2449.847421000
6	1396		2450.021375000
6	423		2450.021407000
6	0		2450.021938000
6	1396		2450.022802000
6	1396		2450.101711000
6	1396		2450.181115000
6	1396		2450.260674000
6	1396		2450.340233000
6	1396		2450.419813000
6	1396		2450.499380000
6	1396		2450.578933000
6	1396		2450.658594000
6	1396		2450.738051000
6	1396		2450.817627000
6	1396		2450.897198000
6	1396		2450.976746000
6	1396		2451.056311000
6	1396		2451.135882000
6	1396		2451.215448000
6	1396		2451.294996000
6	1396		2451.374554000
6	1396		2451.454129000
6	1396		2451.533701000
6	1396		2451.613236000
6	1396		2451.692857000
6	1396		2451.772363000
6	1396		2451.851942000
6	1396		2451.931484000
6	1396		2452.011070000
6	1396		2452.090621000
6	1396		2452.170191000
6	1396		2452.249758000
6	1396		2452.329316000
6	1396		2452.408866000
6	579		2452.488471000
6	0		2453.200744000
6	1418		2453.202779000
6	1418		2453.274263000
6	1418		2453.417881000
6	1418		2453.561506000
6	0		2453.574816000
6	1418		2453.705115000
6	423		2453.761356000
6	0		2453.761886000
6	1418		2453.848741000
6	1418		2453.992378000
6	0		2454.135430000
6	1418		2454.135984000
6	1418		2454.279636000
6	1418		2454.423235000
6	1418		2454.566880000
6	0		2454.696277000
6	1418		2454.710495000
6	1418		2454.854096000
6	51		2454.882919000
6	0		2454.882926000
6	0		2454.883908000
6	1418		2454.997725000
6	0		2455.070048000
6	1418		2455.141414000
6	1418		2455.285060000
6	1418		2455.428616000
6	1418		2455.572226000
6	1418		2455.715858000
6	1418		2455.859488000
6	1418		2456.003124000
6	0		2456.005435000
6	1418		2456.146802000
6	1418		2456.290364000
6	0		2456.379441000
6	1418		2456.433994000
6	1418		2456.577605000
6	1418		2456.721213000
6	0		2456.753511000
6	1418		2456.864846000
6	0		2456.940182000
6	1418		2457.008479000
6	0		2457.127490000
6	1418		2457.152103000
6	1418		2457.295727000
6	0		2457.314018000
6	1418		2457.439333000
6	0		2457.501339000
6	1418		2457.582964000
6	0		2457.688300000
6	1418		2457.726671000
6	1418		2457.870206000
6	0		2457.875487000
6	1418		2458.013854000
6	0		2458.062136000
6	1418		2458.157461000
6	0		2458.249452000
6	1418		2458.301083000
6	0		2458.436378000
6	1418		2458.444707000
6	1418		2458.588323000
6	0		2458.623343000
6	1418		2458.731968000
6	0		2458.810275000
6	1418		2458.875578000
6	1418		2459.019217000
6	1418		2459.162845000
6	0		2459.184138000
6	1418		2459.306441000
6	1418		2459.450092000
6	0		2459.558070000
6	1418		2459.593709000
6	1418		2459.737328000
6	1418		2459.880955000
6	0		2459.932071000
6	1418		2460.024587000
6	1418		2460.168206000
6	0		2460.212206000
6	0		2460.212239000
6	1418		2460.311826000
6	0		2460.397898000
6	1418		2460.455450000
6	0		2460.584050000
6	1418		2460.599076000
6	1418		2460.742698000
6	0		2460.770070000
6	1418		2460.886332000
6	1418		2461.029957000
6	1418		2461.173551000
6	1418		2461.317180000
6	1418		2461.460878000
6	1418		2461.604425000
6	1418		2461.748077000
6	1418		2461.891710000
6	1418		2462.035319000
6	1418		2462.178940000
6	1418		2462.322553000
6	1396		2462.444118000
6	0		2462.444777000
6	1418		2462.466182000
6	1418		2462.609802000
6	1418		2462.753456000
6	1418		2462.897066000
6	1418		2463.040684000
6	0		2463.151377000
6	1418		2463.184307000
6	1418		2463.327959000
6	1418		2463.471554000
6	579		2463.523775000
6	1418		2463.615175000
6	0		2463.746671000
6	1418		2463.758802000
6	0		2463.838878000
6	1418		2463.902424000
6	0		2463.932357000
6	0		2463.932391000
6	0		2464.025157000
6	1418		2464.046074000
6	0		2464.118378000
6	1418		2464.189658000
6	0		2464.210985000
6	0		2464.304202000
6	0		2464.304230000
6	0		2464.309904000
6	1418		2464.333305000
6	1396		2464.397471000
6	440		2464.397504000
6	0		2464.407746000
6	0		2464.407795000
6	2792		2464.408529000
6	1396		2464.408557000
6	1396		2464.408572000
6	1396		2464.408611000
6	1396		2464.408620000
6	1396		2464.457776000
6	1418		2464.476911000
6	1396		2464.506937000
6	1396		2464.556074000
6	1396		2464.605209000
6	1418		2464.620532000
6	1396		2464.654351000
6	1396		2464.703501000
6	1396		2464.752720000
6	1418		2464.764167000
6	1396		2464.801807000
6	1396		2464.850950000
6	1396		2464.900113000
6	1418		2464.907791000
6	1396		2464.949287000
6	1396		2464.998470000
6	1396		2465.047542000
6	1418		2465.051393000
6	1396		2465.096729000
6	1396		2465.145825000
6	1396		2465.195008000
6	1418		2465.195055000
6	1396		2465.244179000
6	1396		2465.293257000
6	1418		2465.338664000
6	1396		2465.342389000
6	1396		2465.391574000
6	1396		2465.440723000
6	1418		2465.482301000
6	1396		2465.489846000
6	1396		2465.539011000
6	1396		2465.588128000
6	1418		2465.625906000
6	1396		2465.637269000
6	579		2465.686451000
6	0		2466.721812000
6	0		2466.908307000
6	0		2467.094650000
6	0		2467.280129000
6	0		2467.466504000
6	0		2467.651954000
6	0		2467.745177000
6	0		2467.745211000
6	0		2467.745219000
6	0		2467.745225000
6	0		2467.746479000
6	0		2467.746501000
6	0		2467.747144000
6	0		2467.838013000
6	0		2467.838053000
6	0		2467.839492000
6	0		2468.023996000
6	0		2468.048961000
6	0		2468.051464000
6	0		2468.053061000
6	0		2468.147227000
6	0		2468.210484000
6	0		2468.395929000
6	0		2468.582302000
6	0		2468.768304000
6	0		2468.768332000
6	0		2468.768340000
6	0		2468.768345000
6	0		2468.769596000
6	0		2468.769705000
6	0		2468.769713000
6	0		2468.861088000
6	0		2468.862559000
6	0		2468.954277000
6	0		2469.140259000
6	0		2469.326652000
6	0		2469.512098000
6	0		2469.698549000
6	0		2469.883940000
6	0		2469.977156000
6	0		2470.163505000
6	1418		2470.164727000
6	1418		2470.236535000
6	0		2470.348967000
6	1418		2470.380177000
6	1418		2470.523793000
6	0		2470.535635000
6	1418		2470.667432000
6	0		2470.721323000
6	0		2470.721352000
6	0		2470.721359000
6	0		2470.721363000
6	0		2470.722782000
6	0		2470.722830000
6	0		2470.723141000
6	1418		2470.811037000
6	0		2470.899176000
6	0		2470.907307000
6	0		2470.907332000
6	0		2470.908850000
6	1418		2470.954649000
6	0		2471.092892000
6	1418		2471.098275000
6	1418		2471.241913000
6	0		2471.279747000
6	1418		2471.385520000
6	0		2471.465599000
6	1418		2471.529168000
6	1418		2471.672773000
6	0		2471.743999000
6	1418		2471.816418000
6	0		2471.929864000
6	1418		2471.960043000
6	1418		2472.103640000
6	0		2472.116050000
6	0		2472.209291000
6	1418		2472.247292000
6	1418		2472.390938000
6	0		2472.395327000
6	1418		2472.534572000
6	0		2472.581551000
6	1418		2472.678149000
6	0		2472.731455000
6	0		2472.737081000
6	0		2472.741507000
6	0		2472.767307000
6	1418		2472.821754000
6	0		2472.953480000
6	0		2472.953514000
6	1418		2472.965404000
6	1418		2473.109031000
6	0		2473.138919000
6	1418		2473.252661000
6	0		2473.324976000
6	1418		2473.396285000
6	0		2473.418233000
6	1418		2473.539905000
6	0		2473.603958000
6	1418		2473.683528000
6	0		2473.790115000
6	0		2473.790140000
6	1418		2473.827151000
6	1418		2473.970770000
6	0		2473.976071000
6	0		2474.069340000
6	0		2474.069379000
6	1418		2474.114389000
6	0		2474.162600000
6	0		2474.254915000
6	1418		2474.258006000
6	0		2474.348149000
6	1418		2474.401657000
6	0		2474.440968000
6	0		2474.534161000
6	1418		2474.545261000
6	0		2474.627371000
6	1418		2474.688872000
6	0		2474.720154000
6	0		2474.813298000
6	1418		2474.832491000
6	0		2474.906522000
6	0		2474.931161000
6	1418		2474.976188000
6	0		2474.999355000
6	0		2474.999382000
6	0		2474.999389000
6	0		2474.999394000
6	0		2474.999399000
6	0		2475.000500000
6	0		2475.000647000
6	0		2475.000680000
6	0		2475.000997000
6	0		2475.092250000
6	1418		2475.119761000
6	0		2475.185443000
6	1418		2475.263391000
6	0		2475.370890000
6	1418		2475.406995000
6	0		2475.464091000
6	1418		2475.550633000
6	0		2475.556902000
6	0		2475.650121000
6	1418		2475.694255000
6	0		2475.743267000
6	0		2475.836267000
6	1418		2475.837863000
6	1418		2475.981503000
6	0		2476.022253000
6	1418		2476.125108000
6	0		2476.208159000
6	1418		2476.268753000
6	0		2476.394239000
6	1418		2476.412396000
6	0		2476.487422000
6	1418		2476.555995000
6	1418		2476.699640000
6	0		2476.766610000
6	1418		2476.843248000
6	0		2476.858851000
6	0		2476.858880000
6	0		2476.869062000
6	0		2476.874828000
6	1418		2476.986855000
6	0		2477.045212000
6	1418		2477.130496000
6	0		2477.173836000
6	1418		2477.274181000
6	1418		2477.417726000
6	0		2477.510230000
6	747		2477.510236000
6	0		2477.511310000
6	355		2477.512583000
6	1418		2477.561357000
6	0		2477.602921000
6	0		2477.602950000
6	0		2477.602954000
6	0		2477.602961000
6	0		2477.602966000
6	0		2477.602970000
6	0		2477.602974000
6	747		2477.602978000
6	0		2477.604259000
6	355		2477.604764000
6	517		2477.695921000
6	517		2477.695946000
6	0		2477.695956000
6	0		2477.697185000
6	0		2477.697531000
6	2836		2477.697844000
6	2836		2477.697874000
6	1143		2477.697914000
6	2836		2477.698001000
6	2836		2477.698009000
6	1143		2477.698049000
6	1418		2477.704963000
6	1418		2477.848675000
6	0		2477.882272000
6	0		2477.882300000
6	0		2477.892449000
6	1418		2477.992227000
6	0		2478.068032000
6	1418		2478.135842000
6	0		2478.160847000
6	0		2478.254257000
6	1418		2478.279484000
6	1418		2478.394390000
6	0		2478.439948000
6	1418		2478.509272000
6	1418		2478.624189000
6	0		2478.626707000
6	1418		2478.739081000
6	0		2478.812867000
6	1418		2478.853967000
6	1418		2478.968952000
6	0		2478.998376000
6	1418		2479.083806000
6	0		2479.184319000
6	1418		2479.198768000
6	1418		2479.313707000
6	0		2479.370273000
6	0		2479.370299000
6	0		2479.370304000
6	0		2479.370313000
6	1418		2479.428498000
6	1418		2479.543439000
6	0		2479.555913000
6	1418		2479.658358000
6	0		2479.742153000
6	1418		2479.773213000
6	1418		2479.888107000
6	0		2479.909856000
6	0		2479.928313000
6	0		2479.928341000
6	0		2479.938478000
6	1418		2480.002991000
6	0		2480.114489000
6	1418		2480.117888000
6	1418		2480.232875000
6	0		2480.300347000
6	1418		2480.347713000
6	1418		2480.462595000
6	0		2480.486205000
6	1418		2480.577574000
6	0		2480.672023000
6	1418		2480.692406000
6	0		2480.765300000
6	1418		2480.807339000
6	0		2480.857910000
6	0		2480.857945000
6	0		2480.857955000
6	0		2480.857963000
6	1418		2480.922236000
6	1418		2481.037122000
6	0		2481.044701000
6	1418		2481.152026000
6	0		2481.230774000
6	1418		2481.266918000
6	1418		2481.381822000
6	0		2481.416407000
6	1418		2481.496722000
6	0		2481.602280000
6	1418		2481.611609000
6	1418		2481.726518000
6	0		2481.788131000
6	1418		2481.841510000
6	1418		2481.956328000
6	0		2481.973981000
6	0		2482.067067000
6	0		2482.067095000
6	517		2482.067102000
6	1418		2482.071227000
6	0		2482.077226000
6	2792		2482.079052000
6	2386		2482.079117000
6	0		2482.160035000
6	1418		2482.186119000
6	0		2482.253444000
6	1418		2482.301028000
6	0		2482.346347000
6	1418		2482.415946000
6	0		2482.439311000
6	74		2482.439337000
6	92		2482.439344000
6	0		2482.439354000
6	0		2482.439361000
6	0		2482.440400000
6	0		2482.441079000
6	910		2482.441098000
6	31		2482.441116000
6	1418		2482.530855000
6	0		2482.532367000
6	0		2482.625467000
6	1418		2482.645747000
6	0		2482.718239000
6	1418		2482.760643000
6	0		2482.811091000
6	1418		2482.875544000
6	0		2482.904274000
6	1418		2482.990449000
6	0		2482.997540000
6	74		2482.997563000
6	910		2482.998909000
6	1418		2483.105396000
6	1418		2483.220241000
6	1418		2483.335154000
6	1418		2483.450062000
6	1418		2483.564949000
6	0		2483.648664000
6	0		2483.648692000
6	1418		2483.679853000
6	1418		2483.794758000
6	0		2483.834328000
6	1418		2483.909648000
6	0		2484.020083000
6	1418		2484.101187000
6	0		2484.206642000
6	1418		2484.292654000
6	0		2484.392132000
6	1418		2484.479413000
6	0		2484.485411000
6	1418		2484.666148000
6	0		2484.671008000
6	1418		2484.852878000
6	0		2484.857723000
6	1418		2485.039630000
6	0		2485.042952000
6	0		2485.136112000
6	1418		2485.226388000
6	0		2485.229306000
6	1418		2485.411606000
6	0		2485.414979000
6	1418		2485.596819000
6	0		2485.601243000
6	1418		2485.780537000
6	0		2485.787453000
6	1418		2485.961302000
6	0		2485.973121000
6	1418		2486.140653000
6	0		2486.159054000
6	1418		2486.272033000
6	0		2486.345337000
6	1418		2486.402418000
6	0		2486.531038000
6	1418		2486.532767000
6	1418		2486.663142000
6	0		2486.717160000
6	1418		2486.791537000
6	0		2486.903090000
6	1418		2486.918959000
6	0		2486.996312000
6	1418		2487.046380000
6	0		2487.089522000
6	1418		2487.173817000
6	0		2487.181869000
6	0		2487.275689000
6	64		2487.275713000
6	0		2487.291745000
6	1418		2487.300300000
6	1396		2487.367914000
6	0		2487.378096000
6	1418		2487.426753000
6	0		2487.460846000
6	1418		2487.553218000
6	0		2487.554462000
6	0		2487.554485000
6	1418		2487.647666000
6	356		2487.650674000
6	31		2487.650709000
6	39		2487.650714000
6	1418		2487.679694000
6	1418		2487.739854000
6	881		2487.739881000
6	31		2487.739890000
6	0		2487.739895000
6	0		2487.740950000
6	114		2487.742858000
6	1418		2487.806166000
6	0		2487.833145000
6	1418		2487.928972000
6	0		2488.019812000
6	1418		2488.051797000
6	0		2488.112252000
6	1418		2488.173699000
6	1418		2488.294749000
6	0		2488.298116000
6	1418		2488.414947000
6	0		2488.484437000
6	1418		2488.535154000
6	1418		2488.655311000
6	0		2488.670673000
6	1418		2488.775506000
6	0		2488.855957000
6	1418		2488.895695000
6	1418		2489.015895000
6	0		2489.042180000
6	1418		2489.135273000
6	0		2489.228645000
6	1418		2489.254592000
6	1418		2489.373989000
6	0		2489.414017000
6	1418		2489.493311000
6	0		2489.600771000
6	1418		2489.612638000
6	1418		2489.732047000
6	0		2489.786128000
6	1418		2489.851349000
6	1418		2489.970688000
6	0		2489.972771000
6	1418		2490.090041000
6	0		2490.158372000
6	1418		2490.209422000
6	0		2490.251597000
6	1418		2490.328785000
6	0		2490.437279000
6	1418		2490.448090000
6	1418		2490.567430000
6	0		2490.623667000
6	324		2490.623701000
6	0		2490.633847000
6	1418		2490.686782000
6	1418		2490.806125000
6	0		2490.809179000
6	2792		2490.888901000
6	1396		2490.888950000
6	2792		2490.888954000
6	1396		2490.888961000
6	1396		2490.914761000
6	1418		2490.925519000
6	1396		2490.940545000
6	1396		2490.966327000
6	1396		2490.992163000
6	664		2490.995420000
6	0		2490.995453000
6	39		2490.995464000
6	231		2490.996524000
6	67		2490.997997000
6	31		2490.998025000
6	39		2491.002714000
6	1396		2491.017880000
6	1396		2491.043654000
6	1418		2491.044874000
6	1396		2491.069430000
6	0		2491.088240000
6	0		2491.088270000
6	1396		2491.095218000
6	1396		2491.120996000
6	1396		2491.146796000
6	1418		2491.164200000
6	1396		2491.172574000
6	1396		2491.198345000
6	1396		2491.224132000
6	1396		2491.249915000
6	0		2491.274109000
6	1396		2491.275670000
6	1418		2491.283546000
6	1396		2491.301483000
6	1396		2491.327231000
6	1396		2491.352999000
6	186		2491.378792000
6	1418		2491.402888000
6	0		2491.460426000
6	1418		2491.522230000
6	1418		2491.641586000
6	0		2491.646648000
6	1418		2491.760939000
6	0		2491.832278000
6	1418		2491.880303000
6	1418		2491.999644000
6	0		2492.017850000
6	1418		2492.118989000
6	0		2492.204417000
6	1418		2492.238340000
6	1418		2492.357702000
6	0		2492.389821000
6	1418		2492.477042000
6	0		2492.576658000
6	1418		2492.596414000
6	1418		2492.715743000
6	0		2492.761841000
6	1418		2492.835098000
6	0		2492.948702000
6	1418		2492.954436000
6	0		2493.040910000
6	1418		2493.073804000
6	1418		2493.193153000
6	0		2493.227376000
6	1418		2493.312496000
6	0		2493.412933000
6	1418		2493.431845000
6	0		2493.506193000
6	1418		2493.551203000
6	0		2493.599433000
6	1418		2493.670535000
6	0		2493.692854000
6	0		2493.785166000
6	1418		2493.789888000
6	0		2493.878205000
6	1418		2493.909253000
6	0		2493.971397000
6	1418		2494.028609000
6	0		2494.064725000
6	1418		2494.147956000
6	0		2494.250276000
6	0		2494.250313000
6	1418		2494.267303000
6	0		2494.343693000
6	1418		2494.386648000
6	0		2494.436280000
6	0		2494.436311000
6	0		2494.436319000
6	0		2494.436324000
6	39		2494.436328000
6	0		2494.436334000
6	0		2494.442419000
6	1418		2494.506005000
6	0		2494.529320000
6	1418		2494.625337000
6	0		2494.715280000
6	1418		2494.744699000
6	1418		2494.864070000
6	0		2494.901121000
6	0		2494.901148000
6	0		2494.916898000
6	1418		2494.983386000
6	0		2494.994277000
6	1418		2495.102744000
6	1418		2495.222082000
6	1418		2495.341437000
6	1418		2495.460794000
6	1418		2495.580152000
6	0		2495.645350000
6	1418		2495.699506000
6	1418		2495.818841000
6	1418		2495.938173000
6	1418		2496.057534000
6	0		2496.110667000
6	1418		2496.176912000
6	1418		2496.296275000
6	0		2496.296438000
6	1418		2496.415632000
6	0		2496.482831000
6	1418		2496.534959000
6	1418		2496.654281000
6	0		2496.668548000
6	1418		2496.773632000
6	0		2496.853892000
6	1418		2496.893043000
6	1418		2497.012339000
6	0		2497.040563000
6	1418		2497.131682000
6	0		2497.226163000
6	1418		2497.251039000
6	1418		2497.370382000
6	0		2497.412522000
6	1418		2497.489749000
6	0		2497.598307000
6	1418		2497.609104000
6	1418		2497.728489000
6	0		2497.784646000
6	1418		2497.847802000
6	1418		2497.967158000
6	0		2497.970220000
6	1418		2498.086505000
6	0		2498.156741000
6	1418		2498.205871000
6	1418		2498.325197000
6	0		2498.342326000
6	1418		2498.444549000
6	0		2498.528811000
6	1418		2498.563887000
6	1418		2498.683255000
6	0		2498.714322000
6	0		2498.807153000
6	0		2498.807188000
6	0		2498.808468000
6	0		2498.900667000
6	0		2498.900716000
6	0		2498.901259000
6	0		2499.086774000
6	0		2499.110303000
6	0		2499.206289000
6	0		2499.272786000
6	0		2499.457912000
6	0		2499.551156000
6	0		2499.737254000
6	0		2499.737284000
6	0		2499.737836000
6	0		2499.923312000
6	0		2499.923349000
6	0		2499.923949000
6	0		2500.109483000
6	0		2500.295823000
6	0		2500.481190000
6	0		2500.667548000
6	1418		2500.668813000
6	0		2500.853357000
6	1418		2500.854582000
6	1418		2500.913067000
6	0		2501.039568000
6	1418		2501.040844000
6	1418		2501.146794000
6	0		2501.225334000
6	1418		2501.263668000
6	1418		2501.380551000
6	0		2501.411181000
6	1418		2501.497444000
6	0		2501.596878000
6	1418		2501.614304000
6	0		2501.690542000
6	0		2501.690578000
6	0		2501.690585000
6	0		2501.690590000
6	517		2501.690595000
6	517		2501.690600000
6	0		2501.691140000
6	0		2501.691163000
6	2792		2501.692160000
6	2387		2501.692205000
6	2792		2501.692318000
6	2387		2501.692384000
6	1418		2501.731189000
6	0		2501.783812000
6	1418		2501.848076000
6	1418		2501.964953000
6	0		2501.969491000
6	1418		2502.081894000
6	0		2502.155580000
6	1418		2502.198746000
6	1418		2502.315602000
6	0		2502.341268000
6	1418		2502.432487000
6	0		2502.526906000
6	1418		2502.549364000
6	0		2502.620151000
6	1418		2502.666264000
6	0		2502.712901000
6	1418		2502.783143000
6	0		2502.806530000
6	0		2502.899302000
6	64		2502.899338000
6	1418		2502.899996000
6	0		2502.905234000
6	1396		2502.991886000
6	307		2502.991919000
6	0		2502.991928000
6	0		2502.992502000
6	2792		2502.993166000
6	2792		2502.993189000
6	2792		2502.993231000
6	1396		2503.009370000
6	1418		2503.016900000
6	1396		2503.025345000
6	1396		2503.041391000
6	1396		2503.057388000
6	1396		2503.073491000
6	0		2503.086327000
6	1396		2503.089511000
6	1396		2503.105474000
6	1396		2503.121508000
6	1418		2503.133782000
6	1396		2503.137554000
6	1396		2503.153646000
6	1396		2503.169640000
6	0		2503.178504000
6	0		2503.178532000
6	64		2503.178536000
6	0		2503.184275000
6	1396		2503.185701000
6	1396		2503.201661000
6	1396		2503.217717000
6	1396		2503.233719000
6	1396		2503.249760000
6	1418		2503.250620000
6	1396		2503.265805000
6	1396		2503.281815000
6	186		2503.297844000
6	0		2503.364259000
6	1418		2503.367580000
6	1418		2503.484421000
6	0		2503.550107000
6	1418		2503.601371000
6	1418		2503.718155000
6	0		2503.735875000
6	1418		2503.835041000
6	0		2503.922791000
6	1418		2503.951911000
6	1418		2504.068799000
6	0		2504.108518000
6	1418		2504.185676000
6	0		2504.294090000
6	0		2504.294113000
6	1418		2504.302554000
6	0		2504.387280000
6	1418		2504.419438000
6	0		2504.480021000
6	1418		2504.536327000
6	0		2504.572943000
6	1418		2504.653226000
6	0		2504.666549000
6	0		2504.759786000
6	1418		2504.770089000
6	0		2504.851964000
6	604		2504.851994000
6	39		2504.852001000
6	223		2504.852006000
6	0		2504.853089000
6	0		2504.853116000
6	0		2504.853121000
6	39		2504.853190000
6	69		2504.858952000
6	70		2504.869491000
6	0		2505.037958000
6	0		2505.131126000
6	0		2505.224240000
6	0		2505.317293000
6	0		2505.317334000
6	1418		2505.318544000
6	1418		2505.365292000
6	0		2505.503747000
6	0		2505.689263000
6	0		2505.875554000
6	0		2506.060963000
6	0		2506.154160000
6	1418		2506.155423000
6	1418		2506.202186000
6	0		2506.247391000
6	0		2506.340815000
6	0		2506.619379000
6	0		2506.712148000
6	1396		2506.805745000
6	423		2506.805772000
6	0		2506.805778000
6	0		2506.806719000
6	1396		2506.823334000
6	1396		2506.831338000
6	1396		2506.847375000
6	1396		2506.863402000
6	1396		2506.879444000
6	1396		2506.895459000
6	0		2506.897957000
6	1418		2506.899213000
6	1396		2506.911483000
6	1396		2506.927532000
6	1396		2506.943556000
6	1396		2506.959576000
6	1396		2506.975609000
6	1418		2506.977125000
6	1396		2506.991642000
6	1396		2507.007665000
6	1396		2507.023692000
6	1396		2507.039725000
6	1396		2507.055757000
6	1396		2507.071769000
6	0		2507.084584000
6	1396		2507.087807000
6	1396		2507.103834000
6	1396		2507.119860000
6	1418		2507.132963000
6	1396		2507.135881000
6	1396		2507.151918000
6	1396		2507.167963000
6	1396		2507.183992000
6	1396		2507.200020000
6	1396		2507.216050000
6	1396		2507.232098000
6	1396		2507.248185000
6	1396		2507.264126000
6	0		2507.270394000
6	1396		2507.280182000
6	1418		2507.288806000
6	1396		2507.296263000
6	579		2507.312230000
6	1418		2507.444702000
6	0		2507.456658000
6	1418		2507.600499000
6	0		2507.642414000
6	1418		2507.756330000
6	0		2507.828297000
6	0		2507.828331000
6	1418		2507.912160000
6	0		2507.920847000
6	39		2507.920870000
6	0		2507.927319000
6	0		2508.107735000
6	0		2508.293130000
6	0		2508.386661000
6	0		2508.572777000
6	0		2508.664982000
6	0		2508.758180000
6	0		2508.944621000
6	0		2509.037252000
6	0		2509.037281000
6	0		2509.129949000
6	0		2509.223149000
6	0		2509.316341000
6	0		2509.502736000
6	0		2509.594975000
6	0		2509.688178000
6	0		2509.781361000
6	0		2509.781386000
6	0		2509.874606000
6	0		2509.967790000
6	0		2510.060014000
6	0		2510.153176000
6	0		2510.246355000
6	0		2510.432104000
6	0		2510.525418000
6	0		2510.618625000
6	0		2510.710843000
6	0		2510.803959000
6	0		2510.803982000
6	0		2510.896815000
6	1396		2510.990320000
6	309		2510.990346000
6	0		2510.990352000
6	0		2510.990949000
6	2792		2510.991968000
6	1396		2510.991996000
6	1396		2510.992013000
6	1396		2510.992024000
6	1396		2510.992045000
6	1396		2511.008189000
6	1396		2511.024313000
6	1396		2511.040273000
6	1396		2511.056364000
6	1396		2511.072394000
6	0		2511.083577000
6	0		2511.083606000
6	1396		2511.088447000
6	1396		2511.104557000
6	1396		2511.120630000
6	1396		2511.136627000
6	1396		2511.152686000
6	1396		2511.168732000
6	0		2511.175854000
6	1396		2511.184808000
6	1396		2511.200870000
6	1396		2511.216941000
6	1396		2511.233015000
6	1396		2511.249146000
6	1396		2511.265129000
6	1396		2511.281172000
6	1396		2511.297244000
6	1396		2511.313317000
6	1396		2511.329365000
6	1396		2511.345445000
6	1396		2511.361538000
6	0		2511.362527000
6	1396		2511.377557000
6	1396		2511.393621000
6	1396		2511.409732000
6	1396		2511.425773000
6	1396		2511.441800000
6	0		2511.454925000
6	1396		2511.457853000
6	1396		2511.473913000
6	1396		2511.489991000
6	1396		2511.506045000
6	1396		2511.522103000
6	1396		2511.538172000
6	0		2511.548195000
6	1418		2511.549466000
6	1396		2511.554221000
6	1396		2511.570274000
6	1396		2511.586338000
6	1396		2511.602391000
6	1396		2511.618479000
6	0		2511.733890000
6	1418		2511.735164000
6	1418		2511.793606000
6	0		2511.920080000
6	1396		2511.920676000
6	0		2512.012965000
6	1396		2512.013617000
6	0		2512.105910000
6	0		2512.105935000
6	1396		2512.106499000
6	1418		2512.107142000
6	0		2512.199117000
6	1396		2512.199753000
6	0		2512.292059000
6	1396		2512.292661000
6	0		2512.385172000
6	1396		2512.385773000
6	0		2512.478156000
6	1396		2512.478730000
6	0		2512.570996000
6	1396		2512.571581000
6	0		2512.664216000
6	0		2512.664243000
6	1396		2512.664784000
6	1396		2512.672871000
6	0		2512.756999000
6	1396		2512.757585000
6	0		2512.850331000
6	1396		2512.850913000
6	0		2512.943011000
6	1396		2512.943604000
6	0		2513.035911000
6	1396		2513.036532000
6	0		2513.129168000
6	1396		2513.129764000
6	0		2513.222047000
6	1396		2513.222629000
6	0		2513.315239000
6	1396		2513.315819000
6	0		2513.408311000
6	1396		2513.408915000
6	0		2513.594427000
6	1396		2513.595006000
6	1396		2513.603019000
6	0		2513.780469000
6	1396		2513.781074000
6	1396		2513.789180000
6	0		2513.966661000
6	1396		2513.967251000
6	1396		2513.975290000
6	0		2514.152867000
6	1396		2514.153482000
6	1396		2514.161498000
6	0		2514.337979000
6	1396		2514.338554000
6	1396		2514.346573000
6	0		2514.524081000
6	1396		2514.524683000
6	1396		2514.532677000
6	0		2514.710161000
6	1396		2514.710760000
6	1396		2514.718801000
6	0		2514.896270000
6	1396		2514.896898000
6	1396		2514.904915000
6	0		2515.082417000
6	1396		2515.083004000
6	1396		2515.091047000
6	0		2515.268644000
6	1396		2515.269241000
6	1396		2515.277263000
6	0		2515.360856000
6	1396		2515.361447000
6	1396		2515.369475000
6	0		2515.640147000
6	1396		2515.640741000
6	1396		2515.648784000
6	0		2515.826367000
6	1396		2515.826942000
6	1396		2515.834976000
6	0		2515.919408000
6	1418		2515.920680000
6	1418		2515.979141000
6	0		2516.012311000
6	1396		2516.012955000
6	1418		2516.096027000
6	0		2516.105668000
6	1418		2516.212889000
6	0		2516.291185000
6	1396		2516.291753000
6	1396		2516.299792000
6	1418		2516.329766000
6	0		2516.384269000
6	1396		2516.384871000
6	1396		2516.392954000
6	1396		2516.408983000
6	1396		2516.425131000
6	1418		2516.446673000
6	1418		2516.563545000
6	0		2516.570274000
6	1396		2516.570860000
6	1396		2516.578884000
6	1396		2516.594965000
6	0		2516.663153000
6	1396		2516.663749000
6	1396		2516.671778000
6	1418		2516.680418000
6	1396		2516.687844000
6	0		2516.756167000
6	1396		2516.756764000
6	1396		2516.764816000
6	1396		2516.780857000
6	1418		2516.797332000
6	0		2516.849412000
6	1396		2516.850028000
6	1396		2516.858039000
6	1396		2516.874096000
6	1418		2516.914175000
6	0		2516.942338000
6	0		2516.942370000
6	1418		2517.031068000
6	0		2517.035354000
6	0		2517.128561000
6	1418		2517.147943000
6	0		2517.221309000
6	1418		2517.264882000
6	0		2517.314196000
6	1418		2517.381713000
6	0		2517.406996000
6	1418		2517.498593000
6	0		2517.499837000
6	0		2517.593023000
6	1418		2517.615465000
6	0		2517.686249000
6	1418		2517.732399000
6	0		2517.779002000
6	1418		2517.849232000
6	0		2517.871880000
6	0		2517.965700000
6	0		2517.965725000
6	1418		2517.966097000
6	0		2518.057910000
6	1418		2518.082983000
6	0		2518.151361000
6	1418		2518.199895000
6	0		2518.244206000
6	1418		2518.316753000
6	0		2518.337026000
6	0		2518.430257000
6	1418		2518.433605000
6	0		2518.522900000
6	1418		2518.550586000
6	0		2518.615909000
6	1418		2518.667395000
6	0		2518.709124000
6	1418		2518.784289000
6	0		2518.801864000
6	0		2518.895782000
6	1418		2518.901137000
6	0		2518.987997000
6	1418		2519.018033000
6	0		2519.081397000
6	1418		2519.134903000
6	0		2519.174177000
6	1418		2519.251795000
6	0		2519.267143000
6	0		2519.360323000
6	1418		2519.368665000
6	0		2519.452949000
6	1418		2519.485542000
6	0		2519.546168000
6	1418		2519.602427000
6	0		2519.639068000
6	1418		2519.719308000
6	0		2519.732235000
6	0		2519.825792000
6	1418		2519.836182000
6	0		2519.918020000
6	1418		2519.953111000
6	0		2520.011496000
6	1418		2520.069960000
6	0		2520.104269000
6	1418		2520.186822000
6	0		2520.197465000
6	1418		2520.303714000
6	0		2520.321013000
6	0		2520.383189000
6	1418		2520.420598000
6	0		2520.507041000
6	1418		2520.537471000
6	0		2520.569225000
6	0		2520.569264000
6	1418		2520.654423000
6	0		2520.693136000
6	0		2520.754826000
6	1418		2520.771232000
6	0		2520.817027000
6	0		2520.879267000
6	0		2520.879300000
6	1418		2520.888106000
6	0		2521.003552000
6	1418		2521.005024000
6	0		2521.065410000
6	1418		2521.121891000
6	0		2521.127235000
6	0		2521.189371000
6	1418		2521.238835000
6	0		2521.251159000
6	0		2521.313344000
6	1418		2521.355648000
6	0		2521.437082000
6	1418		2521.472537000
6	0		2521.499273000
6	1396		2521.499846000
6	0		2521.560932000
6	1396		2521.561547000
6	1418		2521.589397000
6	0		2521.623296000
6	1396		2521.623866000
6	0		2521.685132000
6	1418		2521.706278000
6	0		2521.747332000
6	1396		2521.747927000
6	0		2521.809397000
6	1396		2521.810002000
6	1418		2521.823170000
6	0		2521.871465000
6	1396		2521.872052000
6	1396		2521.933423000
6	426		2521.933456000
6	0		2521.934030000
6	1396		2521.934784000
6	1418		2521.940033000
6	1396		2521.950037000
6	1396		2521.966081000
6	1396		2521.982103000
6	0		2521.995616000
6	1396		2521.998112000
6	1396		2522.014153000
6	1396		2522.030209000
6	1396		2522.046226000
6	1418		2522.056935000
6	1396		2522.062234000
6	1396		2522.078278000
6	1396		2522.094296000
6	1396		2522.110333000
6	0		2522.119239000
6	1396		2522.126365000
6	1396		2522.142403000
6	1396		2522.158481000
6	1418		2522.173804000
6	1396		2522.174434000
6	1396		2522.190483000
6	1396		2522.206531000
6	1396		2522.222540000
6	1396		2522.238650000
6	0		2522.243761000
6	1396		2522.254649000
6	1396		2522.270708000
6	1396		2522.286645000
6	1418		2522.290676000
6	1396		2522.302753000
6	1396		2522.318719000
6	1396		2522.334739000
6	1396		2522.350777000
6	1396		2522.366819000
6	0		2522.367055000
6	1396		2522.382850000
6	1396		2522.398890000
6	1418		2522.407577000
6	1396		2522.414901000
6	1396		2522.430930000
6	1396		2522.446974000
6	1396		2522.462979000
6	1396		2522.479036000
6	0		2522.491415000
6	1396		2522.495034000
6	1396		2522.511077000
6	1418		2522.524456000
6	1396		2522.527097000
6	1396		2522.543147000
6	1396		2522.559154000
6	1396		2522.575204000
6	1396		2522.591242000
6	1396		2522.607258000
6	0		2522.615655000
6	1396		2522.623284000
6	1396		2522.639330000
6	1418		2522.641410000
6	1396		2522.655350000
6	1396		2522.671367000
6	1396		2522.687401000
6	1396		2522.703430000
6	1396		2522.719448000
6	1396		2522.735485000
6	0		2522.739744000
6	1396		2522.751519000
6	1418		2522.758204000
6	1396		2522.767582000
6	1396		2522.783657000
6	1396		2522.799619000
6	1396		2522.815656000
6	1396		2522.831681000
6	1396		2522.847685000
6	0		2522.863036000
6	1396		2522.863724000
6	1418		2522.875093000
6	1396		2522.879742000
6	1396		2522.895792000
6	1396		2522.911802000
6	0		2522.925185000
6	1396		2522.927830000
6	1396		2522.943884000
6	1396		2522.959988000
6	1396		2522.975940000
6	1396		2522.991974000
6	1418		2522.992015000
6	1396		2523.008041000
6	1396		2523.024103000
6	1396		2523.040062000
6	0		2523.049401000
6	1396		2523.056086000
6	1396		2523.072092000
6	1396		2523.088149000
6	1396		2523.104178000
6	1418		2523.108864000
6	1396		2523.120196000
6	1396		2523.136216000
6	1396		2523.152263000
6	1396		2523.168281000
6	0		2523.172978000
6	1396		2523.184307000
6	1396		2523.200358000
6	1396		2523.216439000
6	1418		2523.225731000
6	1396		2523.232425000
6	1396		2523.248437000
6	1396		2523.264480000
6	1396		2523.280525000
6	1396		2523.296548000
6	0		2523.296826000
6	1396		2523.312599000
6	1396		2523.328605000
6	1418		2523.342642000
6	1396		2523.344621000
6	1396		2523.360639000
6	1396		2523.376685000
6	1396		2523.392702000
6	1396		2523.408734000
6	0		2523.421023000
6	1396		2523.424764000
6	1396		2523.440790000
6	1396		2523.456822000
6	1418		2523.459509000
6	1396		2523.472863000
6	1396		2523.488884000
6	1396		2523.504920000
6	1396		2523.520945000
6	1396		2523.536978000
6	0		2523.545359000
6	1396		2523.552997000
6	1396		2523.569024000
6	1418		2523.576399000
6	1396		2523.585076000
6	1396		2523.601088000
6	1396		2523.617119000
6	1396		2523.633167000
6	1396		2523.649221000
6	0		2523.669551000
6	1418		2523.693281000
6	0		2523.793780000
6	1418		2523.810211000
6	0		2523.917653000
6	1418		2523.927028000
6	0		2524.041494000
6	1418		2524.043902000
6	1418		2524.160877000
6	0		2524.165099000
6	1418		2524.277671000
6	0		2524.289078000
6	0		2524.351179000
6	1372		2524.351759000
6	1418		2524.394561000
6	0		2524.413348000
6	1418		2524.511431000
6	0		2524.537282000
6	0		2524.537307000
6	1418		2524.628309000
6	0		2524.661110000
6	0		2524.722827000
6	1418		2524.745192000
6	0		2524.784948000
6	0		2524.847612000
6	1418		2524.862090000
6	0		2524.909754000
6	1396		2524.910357000
6	1396		2524.918357000
6	1396		2524.934394000
6	1418		2524.978963000
6	0		2525.032965000
6	1396		2525.033557000
6	1396		2525.041614000
6	1396		2525.057598000
6	0		2525.094902000
6	1396		2525.095524000
6	1418		2525.095799000
6	1396		2525.103517000
6	1396		2525.119539000
6	0		2525.157574000
6	1396		2525.158158000
6	1396		2525.166171000
6	1396		2525.182198000
6	1418		2525.212721000
6	0		2525.218930000
6	1396		2525.219491000
6	272		2525.227509000
6	0		2525.281309000
6	0		2525.281347000
6	1418		2525.329614000
6	0		2525.342951000
6	0		2525.405120000
6	1418		2525.446556000
6	0		2525.466863000
6	0		2525.529029000
6	1418		2525.563357000
6	0		2525.591227000
6	0		2525.652943000
6	1418		2525.680254000
6	0		2525.714888000
6	0		2525.777730000
6	1418		2525.797114000
6	0		2525.838916000
6	0		2525.901586000
6	1418		2525.914005000
6	0		2525.963341000
6	0		2526.025568000
6	1418		2526.030883000
6	0		2526.087191000
6	1418		2526.147769000
6	0		2526.149088000
6	0		2526.211257000
6	1418		2526.264641000
6	0		2526.273011000
6	0		2526.335187000
6	1418		2526.381534000
6	0		2526.397356000
6	1418		2526.498435000
6	0		2526.521317000
6	0		2526.582923000
6	1418		2526.615289000
6	0		2526.645139000
6	0		2526.706852000
6	1418		2526.732190000
6	0		2526.769006000
6	0		2526.831304000
6	1418		2526.849048000
6	0		2526.955293000
6	0		2526.955321000
6	1418		2526.965924000
6	0		2527.079397000
6	1418		2527.082811000
6	1418		2527.199702000
6	0		2527.203016000
6	0		2527.265186000
6	1418		2527.316564000
6	0		2527.389248000
6	1418		2527.433472000
6	0		2527.512917000
6	1418		2527.550345000
6	0		2527.637789000
6	1418		2527.667210000
6	0		2527.761605000
6	1418		2527.784097000
6	0		2527.885276000
6	0		2527.885310000
6	1418		2527.900976000
6	1418		2528.017853000
6	0		2528.071666000
6	1418		2528.134734000
6	0		2528.195367000
6	1418		2528.251628000
6	0		2528.319108000
6	0		2528.443457000
6	1418		2528.444722000
6	1418		2528.503180000
6	0		2528.505589000
6	0		2528.629780000
6	0		2528.753079000
6	0		2528.877398000
6	0		2529.062870000
6	0		2529.125049000
6	0		2529.249359000
6	0		2529.373689000
6	0		2529.434840000
6	0		2529.559191000
6	0		2529.683471000
6	0		2529.806870000
6	0		2529.931224000
6	0		2530.055516000
6	0		2530.179766000
6	0		2530.303194000
6	0		2530.427391000
6	0		2530.489645000
6	0		2530.612910000
6	0		2530.737191000
6	0		2530.861554000
6	0		2530.984943000
6	0		2531.109279000
6	0		2531.233686000
6	0		2531.356988000
6	0		2531.419179000
6	0		2531.543518000
6	0		2531.666831000
6	0		2531.791143000
6	0		2531.977678000
6	0		2532.101008000
6	0		2532.225348000
6	0		2532.287480000
6	0		2532.411223000
6	0		2532.473404000
6	0		2532.479397000
6	1372		2532.494393000
6	0		2532.535569000
6	0		2532.721273000
6	0		2532.845514000
6	0		2532.968836000
6	0		2533.031052000
6	0		2533.093295000
6	0		2533.095076000
6	0		2533.217547000
6	0		2533.279327000
6	0		2533.340861000
6	0		2533.465336000
6	0		2533.589562000
6	0		2533.712862000
6	0		2533.712886000
6	0		2533.775024000
6	0		2533.899394000
6	0		2533.899426000
6	1396		2533.961603000
6	309		2533.961635000
6	0		2533.961644000
6	0		2533.962204000
6	1396		2533.962931000
6	1396		2533.978238000
6	1396		2533.994349000
6	1396		2534.010320000
6	1396		2534.026328000
6	1396		2534.042347000
6	1396		2534.058395000
6	1396		2534.074474000
6	0		2534.084842000
6	1396		2534.090429000
6	1396		2534.106512000
6	1396		2534.122572000
6	1396		2534.138535000
6	1396		2534.154550000
6	1396		2534.170580000
6	1396		2534.186650000
6	1396		2534.202628000
6	0		2534.209011000
6	1396		2534.218659000
6	1396		2534.234695000
6	1396		2534.250751000
6	1396		2534.266881000
6	1396		2534.282804000
6	1396		2534.298838000
6	1396		2534.314892000
6	1396		2534.330895000
6	0		2534.333299000
6	1396		2534.346915000
6	1396		2534.362939000
6	1396		2534.378959000
6	1396		2534.395008000
6	1396		2534.411034000
6	1396		2534.427075000
6	1396		2534.443087000
6	0		2534.457351000
6	1396		2534.459102000
6	1396		2534.475142000
6	1396		2534.491173000
6	1396		2534.507210000
6	1396		2534.523230000
6	1396		2534.539287000
6	1396		2534.555290000
6	1396		2534.571314000
6	0		2534.581624000
6	1418		2534.582860000
6	1396		2534.587344000
6	1396		2534.603386000
6	1396		2534.619394000
6	1396		2534.635518000
6	1418		2534.641334000
6	1396		2534.651461000
6	1396		2534.667511000
6	1396		2534.683557000
6	1396		2534.699575000
6	0		2534.705784000
6	1396		2534.715588000
6	1396		2534.731615000
6	1396		2534.747652000
6	1418		2534.758185000
6	1396		2534.763670000
6	1396		2534.779703000
6	1396		2534.795745000
6	1396		2534.811758000
6	1396		2534.827789000
6	0		2534.829342000
6	624		2534.829366000
6	39		2534.829375000
6	226		2534.829380000
6	0		2534.830713000
6	0		2534.830736000
6	0		2534.830739000
6	39		2534.830760000
6	69		2534.836356000
6	1396		2534.843815000
6	70		2534.846871000
6	1396		2534.859878000
6	1418		2534.875076000
6	1396		2534.875877000
6	1396		2534.891923000
6	1396		2534.907956000
6	1396		2534.923982000
6	1396		2534.940002000
6	0		2534.953271000
6	1396		2534.956031000
6	1396		2534.972066000
6	1396		2534.988087000
6	1418		2534.991952000
6	1396		2535.004155000
6	1396		2535.020145000
6	1396		2535.036175000
6	1396		2535.052204000
6	1396		2535.068227000
6	0		2535.077749000
6	1396		2535.084248000
6	1396		2535.100293000
6	1418		2535.108866000
6	1396		2535.116321000
6	1396		2535.132368000
6	1396		2535.148380000
6	1396		2535.164417000
6	1396		2535.180457000
6	1396		2535.196489000
6	0		2535.200862000
6	1396		2535.212503000
6	1418		2535.225703000
6	1396		2535.228519000
6	1396		2535.244557000
6	1396		2535.260598000
6	1396		2535.276625000
6	1396		2535.292697000
6	1396		2535.308675000
6	1396		2535.324750000
6	0		2535.325008000
6	1396		2535.340726000
6	1418		2535.342562000
6	1396		2535.356749000
6	1396		2535.372792000
6	1396		2535.388827000
6	1396		2535.404849000
6	1396		2535.420949000
6	1396		2535.436913000
6	0		2535.449161000
6	1396		2535.452951000
6	1418		2535.459465000
6	1396		2535.468963000
6	1396		2535.485007000
6	1396		2535.501103000
6	1396		2535.517071000
6	1396		2535.533108000
6	1396		2535.549142000
6	1396		2535.565165000
6	0		2535.573572000
6	1418		2535.576344000
6	1396		2535.581228000
6	1396		2535.597219000
6	1396		2535.613238000
6	1396		2535.629284000
6	0		2535.635579000
6	1396		2535.645300000
6	1396		2535.661343000
6	1396		2535.677390000
6	1418		2535.693236000
6	1396		2535.693385000
6	0		2535.697925000
6	1396		2535.709430000
6	1396		2535.725454000
6	1396		2535.741480000
6	1396		2535.757522000
6	0		2535.759298000
6	0		2535.759335000
6	1396		2535.773550000
6	1372		2535.789596000
6	1418		2535.810198000
6	0		2535.820966000
6	0		2535.883731000
6	1418		2535.926981000
6	0		2535.944913000
6	0		2536.007388000
6	1418		2536.044002000
6	0		2536.069391000
6	0		2536.069413000
6	0		2536.131551000
6	1418		2536.160881000
6	0		2536.193188000
6	0		2536.255333000
6	1418		2536.277726000
6	0		2536.317023000
6	0		2536.379203000
6	1418		2536.394510000
6	0		2536.441372000
6	0		2536.502852000
6	1418		2536.511393000
6	0		2536.565067000
6	0		2536.626912000
6	1418		2536.628266000
6	0		2536.689132000
6	1418		2536.745176000
6	0		2536.751520000
6	0		2536.813703000
6	1418		2536.862025000
6	0		2536.874896000
6	0		2536.937463000
6	1418		2536.978942000
6	0		2536.999286000
6	0		2537.061459000
6	1418		2537.095794000
6	0		2537.123117000
6	0		2537.185304000
6	1418		2537.212667000
6	0		2537.247119000
6	0		2537.309267000
6	1418		2537.329552000
6	0		2537.371051000
6	0		2537.433311000
6	1418		2537.446449000
6	0		2537.495522000
6	0		2537.556967000
6	1418		2537.563320000
6	0		2537.619155000
6	1418		2537.680223000
6	0		2537.681552000
6	0		2537.743742000
6	0		2537.804900000
6	0		2537.804931000
6	0		2537.867081000
6	0		2537.929242000
6	0		2537.991385000
6	0		2538.115721000
6	0		2538.177035000
6	0		2538.239235000
6	0		2538.301314000
6	0		2538.301340000
6	1418		2538.302569000
6	1418		2538.361017000
6	0		2538.425544000
6	1418		2538.477907000
6	0		2538.487286000
6	0		2538.549383000
6	1418		2538.594808000
6	0		2538.611134000
6	0		2538.673291000
6	1418		2538.711651000
6	0		2538.734929000
6	0		2538.797126000
6	1418		2538.828590000
6	0		2538.858932000
6	0		2538.921102000
6	1418		2538.945413000
6	0		2538.983297000
6	0		2539.044834000
6	1418		2539.062285000
6	0		2539.106974000
6	0		2539.168820000
6	0		2539.168849000
6	1418		2539.179166000
6	0		2539.231462000
6	39		2539.231493000
6	0		2539.237294000
6	0		2539.293781000
6	1418		2539.296048000
6	1418		2539.413036000
6	0		2539.417509000
6	0		2539.479596000
6	1418		2539.529834000
6	0		2539.541353000
6	0		2539.603462000
6	1418		2539.646721000
6	0		2539.665112000
6	0		2539.727363000
6	1418		2539.763564000
6	0		2539.788992000
6	0		2539.851367000
6	0		2539.851396000
6	1418		2539.880541000
6	0		2539.974998000
6	1418		2539.997349000
6	0		2540.037180000
6	0		2540.099751000
6	1418		2540.114275000
6	0		2540.160950000
6	0		2540.223675000
6	0		2540.223703000
6	1418		2540.231100000
6	0		2540.284874000
6	0		2540.347520000
6	1418		2540.347964000
6	0		2540.409275000
6	1418		2540.464871000
6	0		2540.471214000
6	0		2540.533403000
6	1418		2540.581748000
6	0		2540.595111000
6	0		2540.657274000
6	1418		2540.698704000
6	0		2540.719027000
6	0		2540.781194000
6	1418		2540.815510000
6	0		2540.904922000
6	1418		2540.932395000
6	0		2540.967110000
6	0		2541.028922000
6	1418		2541.049330000
6	0		2541.091092000
6	0		2541.153737000
6	1418		2541.166138000
6	0		2541.214912000
6	0		2541.277562000
6	1418		2541.283027000
6	0		2541.339275000
6	0		2541.339303000
6	1418		2541.399923000
6	0		2541.463350000
6	1418		2541.516799000
6	0		2541.525127000
6	0		2541.587301000
6	1418		2541.633695000
6	0		2541.649021000
6	0		2541.711210000
6	1418		2541.750580000
6	0		2541.772870000
6	0		2541.835019000
6	1418		2541.867419000
6	0		2541.897146000
6	0		2541.959233000
6	1418		2541.984301000
6	0		2542.020934000
6	0		2542.083672000
6	0		2542.083698000
6	1418		2542.101183000
6	0		2542.144894000
6	0		2542.207600000
6	1418		2542.218060000
6	0		2542.269776000
6	1418		2542.334945000
6	0		2542.393275000
6	1418		2542.451862000
6	0		2542.455149000
6	0		2542.517276000
6	1418		2542.568765000
6	0		2542.579112000
6	0		2542.641275000
6	1418		2542.685653000
6	0		2542.702948000
6	0		2542.765129000
6	1418		2542.802487000
6	0		2542.827311000
6	0		2542.889010000
6	0		2542.889078000
6	0		2542.889987000
6	1418		2542.919359000
6	0		2542.951225000
6	0		2543.013748000
6	1418		2543.036275000
6	0		2543.074934000
6	0		2543.137704000
6	1418		2543.153126000
6	0		2543.198128000
6	0		2543.198880000
6	0		2543.261235000
6	1418		2543.270000000
6	1396		2543.323302000
6	427		2543.323330000
6	0		2543.323922000
6	1396		2543.324847000
6	1396		2543.339947000
6	1396		2543.355989000
6	1396		2543.372007000
6	0		2543.385478000
6	1418		2543.386871000
6	1396		2543.388033000
6	1396		2543.404060000
6	1396		2543.420108000
6	1396		2543.436132000
6	1396		2543.452161000
6	1396		2543.468172000
6	1396		2543.484201000
6	1396		2543.500234000
6	1418		2543.503772000
6	0		2543.509631000
6	1396		2543.516274000
6	1396		2543.532312000
6	1396		2543.548351000
6	1396		2543.564383000
6	1396		2543.580391000
6	1396		2543.596478000
6	1396		2543.612444000
6	1396		2543.628477000
6	0		2543.633790000
6	1396		2543.644505000
6	1396		2543.660560000
6	1396		2543.676567000
6	1396		2543.692604000
6	1396		2543.708622000
6	1396		2543.724658000
6	1396		2543.740708000
6	1396		2543.756723000
6	0		2543.757032000
6	1396		2543.772802000
6	1396		2543.788777000
6	1396		2543.804814000
6	1396		2543.820832000
6	1396		2543.836901000
6	1396		2543.852901000
6	1396		2543.868992000
6	0		2543.881219000
6	1396		2543.884939000
6	1396		2543.900975000
6	1396		2543.917001000
6	1396		2543.933080000
6	0		2543.943392000
6	0		2543.943951000
6	1396		2543.949092000
6	1396		2543.965231000
6	1396		2543.981139000
6	1396		2543.997182000
6	0		2544.005578000
6	1396		2544.013232000
6	1396		2544.029271000
6	1396		2544.045273000
6	1396		2544.061280000
6	1396		2544.077308000
6	1396		2544.093337000
6	1396		2544.109379000
6	1396		2544.125391000
6	0		2544.129695000
6	1396		2544.141421000
6	1396		2544.157502000
6	1396		2544.173487000
6	1396		2544.189532000
6	1396		2544.205530000
6	1396		2544.221590000
6	1396		2544.237607000
6	0		2544.252899000
6	1396		2544.253602000
6	1396		2544.269650000
6	1396		2544.285677000
6	1396		2544.301708000
6	0		2544.315123000
6	1396		2544.317734000
6	1396		2544.333764000
6	1396		2544.349829000
6	1396		2544.365835000
6	1396		2544.381858000
6	1396		2544.397908000
6	1396		2544.413984000
6	1396		2544.429948000
6	0		2544.439320000
6	1396		2544.446031000
6	1396		2544.462007000
6	1396		2544.478056000
6	1396		2544.494084000
6	1396		2544.510124000
6	1396		2544.526147000
6	1396		2544.542172000
6	1396		2544.558190000
6	0		2544.563520000
6	1396		2544.574213000
6	1396		2544.590348000
6	1396		2544.606352000
6	1396		2544.622311000
6	1396		2544.638342000
6	1396		2544.654363000
6	1396		2544.670392000
6	1396		2544.686432000
6	0		2544.687712000
6	1396		2544.702457000
6	1396		2544.718485000
6	1396		2544.734511000
6	1396		2544.750535000
6	1396		2544.766586000
6	1396		2544.782606000
6	1396		2544.798625000
6	0		2544.810941000
6	609		2544.810973000
6	0		2544.811972000
6	69		2544.813578000
6	1396		2544.814632000
6	31		2544.822617000
6	39		2544.827308000
6	1396		2544.830683000
6	1396		2544.846748000
6	1396		2544.862744000
6	1396		2544.878781000
6	1396		2544.894804000
6	1396		2544.910870000
6	1396		2544.926867000
6	0		2544.935244000
6	1396		2544.942890000
6	1396		2544.958946000
6	1396		2544.974962000
6	1396		2544.990986000
6	1396		2545.007013000
6	1396		2545.023058000
6	1396		2545.039088000
6	1396		2545.055105000
6	0		2545.059338000
6	1396		2545.071132000
6	1396		2545.087166000
6	1396		2545.103183000
6	1396		2545.119222000
6	1396		2545.135252000
6	1396		2545.151281000
6	1396		2545.167308000
6	0		2545.182862000
6	1396		2545.183334000
6	1396		2545.199368000
6	1396		2545.215398000
6	1396		2545.231441000
6	1396		2545.247466000
6	1396		2545.263489000
6	195		2545.279527000
6	0		2545.306854000
6	0		2545.431239000
6	0		2545.555582000
6	0		2545.678846000
6	0		2545.803235000
6	0		2545.927371000
6	0		2545.927405000
6	0		2545.927960000
6	0		2546.051298000
6	0		2546.175667000
6	1418		2546.176896000
6	1418		2546.235348000
6	0		2546.299794000
6	1418		2546.352235000
6	0		2546.423671000
6	1418		2546.469116000
6	0		2546.547578000
6	1418		2546.586081000
6	0		2546.671618000
6	1418		2546.702865000
6	0		2546.733017000
6	517		2546.733074000
6	0		2546.733643000
6	2792		2546.734803000
6	2387		2546.734829000
6	0		2546.795265000
6	1418		2546.819753000
6	0		2546.919286000
6	0		2546.919310000
6	1418		2546.936630000
6	0		2547.043114000
6	1418		2547.053509000
6	0		2547.105315000
6	0		2547.105346000
6	0		2547.166944000
6	1418		2547.170396000
6	0		2547.229152000
6	1418		2547.287282000
6	0		2547.353737000
6	1418		2547.404155000
6	0		2547.414936000
6	0		2547.477663000
6	0		2547.477686000
6	1418		2547.521039000
6	0		2547.539267000
6	0		2547.539298000
6	0		2547.601551000
6	1418		2547.637917000
6	0		2547.663209000
6	0		2547.725373000
6	1418		2547.754796000
6	0		2547.849282000
6	1418		2547.871684000
6	0		2547.911043000
6	0		2547.973231000
6	0		2548.035369000
6	0		2548.097559000
6	0		2548.159740000
6	0		2548.220885000
6	0		2548.283109000
6	0		2548.283139000
6	1418		2548.284450000
6	0		2548.345309000
6	0		2548.406910000
6	0		2548.469026000
6	0		2548.531365000
6	0		2548.593618000
6	0		2548.655763000
6	0		2548.716939000
6	0		2548.779101000
6	0		2548.841284000
6	0		2548.903513000
6	0		2548.965621000
6	0		2549.027794000
6	0		2549.088946000
6	0		2549.151119000
6	0		2549.213336000
6	0		2549.275518000
6	0		2549.275543000
6	0		2549.337683000
6	0		2549.398899000
6	0		2549.398933000
6	0		2549.461174000
6	0		2549.523291000
6	0		2549.585353000
6	0		2549.647548000
6	0		2549.709744000
6	0		2549.770912000
6	0		2549.833107000
6	0		2549.895290000
6	0		2549.957447000
6	0		2550.019593000
6	0		2550.081811000
6	0		2550.143022000
6	0		2550.205193000
6	0		2550.267535000
6	0		2550.329590000
6	0		2550.391759000
6	0		2550.452875000
6	0		2550.515066000
6	0		2550.577189000
6	0		2550.639354000
6	0		2550.701517000
6	0		2550.763726000
6	0		2550.824901000
6	0		2550.886956000
6	0		2550.949167000
6	0		2551.011361000
6	0		2551.073246000
6	0		2551.073273000
6	0		2551.197787000
6	0		2551.321093000
6	0		2551.445367000
6	0		2551.569725000
6	0		2551.693018000
6	0		2551.817337000
6	0		2551.941648000
6	0		2552.065054000
6	0		2552.189533000
6	0		2552.313678000
6	0		2552.436994000
6	0		2552.561320000
6	0		2552.685295000
6	0		2552.685322000
6	0		2552.747171000
6	0		2552.747204000
6	39		2552.747210000
6	0		2552.753352000
6	0		2552.808866000
6	0		2552.932979000
6	0		2553.057316000
6	0		2553.181628000
6	0		2553.242828000
6	0		2553.367037000
6	0		2553.491364000
6	0		2553.615698000
6	0		2553.739081000
6	0		2553.863399000
6	0		2553.987752000
6	0		2554.111115000
6	0		2554.235435000
6	0		2554.359821000
6	0		2554.420822000
6	0		2554.420857000
6	0		2554.420865000
6	0		2554.422214000
6	1396		2554.483185000
6	310		2554.483217000
6	0		2554.483226000
6	0		2554.483761000
6	1396		2554.484405000
6	1418		2554.484428000
6	1396		2554.499767000
6	991		2554.509760000
6	1396		2554.515808000
6	1396		2554.531823000
6	1418		2554.542903000
6	0		2554.545273000
6	517		2554.545294000
6	0		2554.545874000
6	1396		2554.547846000
6	1396		2554.563895000
6	1396		2554.579990000
6	1396		2554.595958000
6	0		2554.607288000
6	1396		2554.612020000
6	1396		2554.628007000
6	1396		2554.644114000
6	1418		2554.659771000
6	1396		2554.660035000
6	0		2554.669258000
6	1396		2554.676181000
6	1396		2554.692132000
6	1396		2554.708157000
6	1396		2554.724190000
6	0		2554.731443000
6	1396		2554.740200000
6	1396		2554.756251000
6	1396		2554.772270000
6	1418		2554.776638000
6	1396		2554.788330000
6	0		2554.793451000
6	649		2554.793490000
6	0		2554.794568000
6	69		2554.797158000
6	1396		2554.804339000
6	31		2554.805439000
6	39		2554.810195000
6	1396		2554.820359000
6	1396		2554.836385000
6	1396		2554.852428000
6	0		2554.855741000
6	1396		2554.868503000
6	1396		2554.884561000
6	1418		2554.893559000
6	1396		2554.900506000
6	1396		2554.916598000
6	0		2554.916786000
6	1396		2554.932668000
6	1396		2554.948602000
6	1396		2554.964626000
6	0		2554.978967000
6	1396		2554.980717000
6	1396		2554.996697000
6	1418		2555.010436000
6	1396		2555.012708000
6	1396		2555.028756000
6	0		2555.041130000
6	64		2555.041153000
6	0		2555.041692000
6	1396		2555.044771000
6	1396		2555.060815000
6	1396		2555.076854000
6	1396		2555.092872000
6	0		2555.103179000
6	0		2555.103201000
6	1396		2555.108893000
6	1396		2555.124976000
6	1418		2555.127290000
6	1396		2555.140972000
6	1396		2555.157004000
6	0		2555.165323000
6	1396		2555.173017000
6	1396		2555.189045000
6	1396		2555.205089000
6	1396		2555.221094000
6	0		2555.227374000
6	1095		2555.237125000
6	1418		2555.244248000
6	0		2555.289578000
6	0		2555.351723000
6	1418		2555.361071000
6	0		2555.412909000
6	0		2555.475544000
6	1418		2555.477938000
6	0		2555.537211000
6	1418		2555.594838000
6	0		2555.599131000
6	438		2555.599161000
6	0		2555.605725000
6	1101		2555.661343000
6	0		2555.661377000
6	0		2555.661385000
6	0		2555.662839000
6	122		2555.666359000
6	93		2555.681488000
6	1418		2555.711732000
6	0		2555.785307000
6	1418		2555.828585000
6	0		2555.846891000
6	0		2555.846917000
6	0		2555.909071000
6	1418		2555.945452000
6	0		2556.032917000
6	1418		2556.062335000
6	1418		2556.179225000
6	0		2556.219244000
6	0		2556.219270000
6	1418		2556.296093000
6	0		2556.343696000
6	1418		2556.412968000
6	0		2556.467588000
6	1418		2556.529843000
6	0		2556.591241000
6	1418		2556.623344000
6	0		2556.715136000
6	1418		2556.716852000
6	1418		2556.810398000
6	0		2556.839289000
6	0		2556.901297000
6	1418		2556.903875000
6	0		2556.963057000
6	1418		2556.997404000
6	0		2557.025367000
6	1418		2557.090901000
6	1418		2557.184384000
6	0		2557.211253000
6	0		2557.211279000
6	0		2557.273257000
6	0		2557.273286000
6	39		2557.273296000
6	1418		2557.277887000
6	0		2557.279706000
6	1418		2557.371418000
6	0		2557.397127000
6	0		2557.458832000
6	1418		2557.464911000
6	0		2557.583271000
6	0		2557.583297000
6	0		2557.707682000
6	0		2557.831072000
6	0		2557.955479000
6	0		2558.140951000
6	0		2558.265294000
6	0		2558.389612000
6	0		2558.512944000
6	0		2558.575207000
6	1418		2558.576501000
6	0		2558.637271000
6	1396		2558.698931000
6	0		2558.699524000
6	310		2558.761119000
6	0		2558.761147000
6	0		2558.761667000
6	2792		2558.762350000
6	2792		2558.762418000
6	1396		2558.762456000
6	1396		2558.790791000
6	1396		2558.819020000
6	1396		2558.847306000
6	1396		2558.875576000
6	0		2558.885515000
6	1396		2558.903871000
6	1396		2558.932163000
6	1396		2558.960479000
6	1396		2558.988724000
6	0		2559.009139000
6	0		2559.009161000
6	1396		2559.016982000
6	1396		2559.045295000
6	0		2559.071341000
6	1418		2559.072604000
6	1396		2559.073542000
6	1396		2559.101841000
6	1396		2559.130132000
6	1418		2559.131016000
6	1396		2559.158442000
6	1396		2559.186725000
6	0		2559.195444000
6	1396		2559.214983000
6	1396		2559.243269000
6	1418		2559.247903000
6	1396		2559.271539000
6	1396		2559.299825000
6	0		2559.319369000
6	1396		2559.328108000
6	1396		2559.356449000
6	1418		2559.364771000
6	0		2559.381543000
6	1396		2559.384664000
6	1396		2559.412957000
6	1396		2559.441237000
6	1396		2559.469521000
6	1418		2559.481663000
6	1396		2559.497803000
6	0		2559.505770000
6	1396		2559.526146000
6	1396		2559.554366000
6	1396		2559.582662000
6	1418		2559.598550000
6	1396		2559.610955000
6	0		2559.629758000
6	1396		2559.639234000
6	1396		2559.667524000
6	1396		2559.695791000
6	1418		2559.715433000
6	1396		2559.724083000
6	1396		2559.752362000
6	0		2559.752868000
6	1396		2559.780692000
6	1396		2559.808988000
6	0		2559.815760000
6	1418		2559.832315000
6	1396		2559.837267000
6	1396		2559.865493000
6	1396		2559.893786000
6	0		2559.938892000
6	1418		2559.949194000
6	0		2560.063638000
6	1418		2560.066884000
6	1418		2560.184582000
6	0		2560.187222000
6	1418		2560.302253000
6	0		2560.311103000
6	1418		2560.419919000
6	0		2560.435204000
6	0		2560.497313000
6	1396		2560.497945000
6	1418		2560.537619000
6	0		2560.558947000
6	1396		2560.559491000
6	0		2560.621126000
6	1396		2560.621698000
6	1418		2560.655306000
6	0		2560.682877000
6	1396		2560.683422000
6	0		2560.745685000
6	1396		2560.746234000
6	966		2560.760385000
6	1418		2560.772994000
6	0		2560.807003000
6	0		2560.869503000
6	1418		2560.890765000
6	0		2560.931160000
6	0		2560.993250000
6	1418		2561.008398000
6	0		2561.055470000
6	0		2561.117077000
6	1418		2561.126047000
6	0		2561.178994000
6	0		2561.241200000
6	1418		2561.243723000
6	0		2561.303258000
6	1418		2561.361413000
6	0		2561.427307000
6	1418		2561.479106000
6	0		2561.551247000
6	0		2561.551275000
6	1418		2561.596897000
6	1418		2561.714540000
6	0		2561.737498000
6	0		2561.861133000
6	0		2561.923275000
6	0		2562.047700000
6	0		2562.108893000
6	0		2562.233122000
6	0		2562.295275000
6	0		2562.419548000
6	0		2562.543231000
6	0		2562.667183000
6	0		2562.791518000
6	0		2562.853627000
6	0		2562.977067000
6	0		2563.101434000
6	0		2563.286910000
6	0		2563.411291000
6	0		2563.473495000
6	0		2563.597735000
6	0		2563.783304000
6	0		2563.783334000
6	0		2563.907555000
6	0		2564.093130000
6	0		2564.093156000
6	0		2564.279600000
6	0		2564.403215000
6	1396		2564.465084000
6	427		2564.465108000
6	0		2564.465114000
6	0		2564.465666000
6	0		2564.527239000
6	1396		2564.597999000
6	1396		2564.611641000
6	1396		2564.639092000
6	0		2564.651163000
6	1418		2564.652424000
6	1396		2564.666493000
6	1396		2564.693937000
6	1396		2564.721355000
6	1396		2564.748780000
6	0		2564.775340000
6	1396		2564.776208000
6	1418		2564.776568000
6	1396		2564.803663000
6	1396		2564.831153000
6	1418		2564.835414000
6	1396		2564.858516000
6	1396		2564.885971000
6	0		2564.899736000
6	1396		2564.913389000
6	1396		2564.940831000
6	1418		2564.953125000
6	1396		2564.968242000
6	1396		2564.995681000
6	1396		2565.023121000
6	1396		2565.050548000
6	1418		2565.070806000
6	1396		2565.077989000
6	0		2565.085233000
6	0		2565.085264000
6	1396		2565.105421000
6	1396		2565.132843000
6	0		2565.147272000
6	1396		2565.160296000
6	1396		2565.187711000
6	1418		2565.188521000
6	1396		2565.215155000
6	1396		2565.242601000
6	1396		2565.270012000
6	0		2565.270901000
6	1396		2565.297458000
6	1396		2565.324906000
6	0		2565.333196000
6	1396		2565.352300000
6	1396		2565.379742000
6	0		2565.395078000
6	1396		2565.407181000
6	1396		2565.434625000
6	0		2565.456945000
6	0		2565.456971000
6	1418		2565.458214000
6	1396		2565.462025000
6	1396		2565.489479000
6	1396		2565.516978000
6	1418		2565.517029000
6	0		2565.519094000
6	1396		2565.544383000
6	1396		2565.571786000
6	1396		2565.599228000
6	1396		2565.626670000
6	1418		2565.634737000
6	0		2565.643022000
6	1396		2565.654064000
6	1396		2565.681516000
6	0		2565.705200000
6	0		2565.705229000
6	1396		2565.708943000
6	1396		2565.736365000
6	1418		2565.752419000
6	1396		2565.763804000
6	0		2565.766893000
6	1396		2565.791249000
6	1396		2565.818674000
6	0		2565.828960000
6	1396		2565.846232000
6	1418		2565.870170000
6	1396		2565.873574000
6	0		2565.891139000
6	1396		2565.900960000
6	1396		2565.928423000
6	0		2565.952913000
6	1396		2565.955826000
6	1396		2565.983252000
6	1418		2565.987800000
6	1396		2566.010772000
6	1396		2566.038140000
6	1396		2566.065576000
6	0		2566.076855000
6	1396		2566.092997000
6	1418		2566.105481000
6	1396		2566.120438000
6	0		2566.139026000
6	1396		2566.147875000
6	1396		2566.175357000
6	0		2566.200802000
6	1396		2566.202729000
6	1418		2566.223169000
6	1396		2566.230164000
6	1396		2566.257582000
6	0		2566.262836000
6	1396		2566.285013000
6	1396		2566.312468000
6	0		2566.325019000
6	1396		2566.339884000
6	1418		2566.340836000
6	1396		2566.367314000
6	0		2566.386856000
6	1396		2566.394782000
6	1396		2566.422245000
6	0		2566.449547000
6	1396		2566.449680000
6	1418		2566.458535000
6	1396		2566.477059000
6	1396		2566.504618000
6	0		2566.510900000
6	1284		2566.532002000
6	0		2566.573099000
6	1418		2566.576238000
6	0		2566.635373000
6	1418		2566.670381000
6	0		2566.759849000
6	1418		2566.764536000
6	0		2566.821025000
6	1418		2566.858698000
6	0		2566.882921000
6	0		2566.945235000
6	1418		2566.952829000
6	0		2567.007105000
6	0		2567.069281000
6	0		2567.131436000
6	0		2567.193327000
6	0		2567.193357000
6	0		2567.255693000
6	0		2567.379025000
6	0		2567.441181000
6	0		2567.503345000
6	0		2567.565520000
6	0		2567.565543000
6	1418		2567.566745000
6	0		2567.627071000
6	0		2567.689223000
6	0		2567.751363000
6	0		2567.875693000
6	0		2567.936878000
6	0		2567.998987000
6	0		2568.061176000
6	0		2568.123340000
6	1418		2568.125028000
6	1418		2568.183422000
6	0		2568.185469000
6	0		2568.247832000
6	0		2568.308998000
6	0		2568.371136000
6	0		2568.495485000
6	0		2568.557632000
6	0		2568.619179000
6	0		2568.680960000
6	0		2568.743107000
6	0		2568.805354000
6	1418		2568.806611000
6	1418		2568.865446000
6	0		2568.867512000
6	0		2568.928791000
6	0		2568.990993000
6	0		2569.053168000
6	0		2569.177574000
6	0		2569.239773000
6	0		2569.300953000
6	0		2569.363114000
6	0		2569.425234000
6	1418		2569.426480000
6	1418		2569.485304000
6	0		2569.487465000
6	0		2569.487491000
6	0		2569.549748000
6	0		2569.610939000
6	0		2569.673179000
6	0		2569.797478000
6	0		2569.859660000
6	0		2569.920855000
6	0		2569.982959000
6	0		2570.045155000
6	1418		2570.046443000
6	1418		2570.105311000
6	0		2570.107087000
6	1396		2570.169689000
6	310		2570.169717000
6	0		2570.169725000
6	0		2570.170273000
6	1396		2570.170963000
6	1396		2570.186326000
6	1396		2570.202353000
6	1396		2570.218381000
6	0		2570.230888000
6	1396		2570.234398000
6	1396		2570.250421000
6	1396		2570.266456000
6	1396		2570.282483000
6	1396		2570.298524000
6	1396		2570.314558000
6	1396		2570.330587000
6	1396		2570.346616000
6	0		2570.355025000
6	1418		2570.356270000
6	1396		2570.362648000
6	1396		2570.378697000
6	1396		2570.394724000
6	1396		2570.410732000
6	1418		2570.415152000
6	1396		2570.426753000
6	1396		2570.442808000
6	1396		2570.458826000
6	1396		2570.474854000
6	0		2570.479517000
6	1396		2570.490875000
6	1396		2570.506903000
6	1396		2570.522950000
6	1396		2570.538974000
6	1396		2570.554987000
6	1396		2570.571031000
6	1396		2570.587043000
6	1396		2570.603083000
6	0		2570.603444000
6	1396		2570.619093000
6	1396		2570.635137000
6	1396		2570.651166000
6	1396		2570.667197000
6	1396		2570.683219000
6	1396		2570.699262000
6	1396		2570.715291000
6	0		2570.727587000
6	1396		2570.731313000
6	1396		2570.747337000
6	1396		2570.763383000
6	1396		2570.779410000
6	1396		2570.795439000
6	1396		2570.811460000
6	1396		2570.827504000
6	1396		2570.843540000
6	0		2570.850913000
6	1396		2570.859557000
6	1396		2570.875587000
6	1396		2570.891624000
6	1396		2570.907648000
6	1396		2570.923666000
6	1396		2570.939694000
6	1396		2570.955726000
6	1396		2570.971767000
6	0		2570.975073000
6	1396		2570.987795000
6	1396		2571.003828000
6	1396		2571.019848000
6	1396		2571.035886000
6	1396		2571.051906000
6	1396		2571.067933000
6	1396		2571.083983000
6	0		2571.099332000
6	715		2571.100040000
6	1418		2571.100606000
6	1418		2571.159452000
6	0		2571.161536000
6	0		2571.222840000
6	0		2571.285091000
6	0		2571.347189000
6	0		2571.409348000
6	0		2571.471527000
6	0		2571.533677000
6	0		2571.533701000
6	0		2571.594849000
6	0		2571.656953000
6	0		2571.719096000
6	0		2571.781244000
6	0		2571.905657000
6	0		2571.967230000
6	0		2571.967259000
6	1418		2571.968494000
6	0		2572.028941000
6	0		2572.090934000
6	0		2572.215350000
6	0		2572.339660000
6	0		2572.401239000
6	1418		2572.402478000
6	0		2572.462927000
6	0		2572.587116000
6	0		2572.711529000
6	0		2572.835709000
6	0		2572.959075000
6	0		2573.083541000
6	0		2573.206891000
6	0		2573.331248000
6	0		2573.393571000
6	0		2573.516881000
6	0		2573.641226000
6	0		2573.765565000
6	0		2573.888876000
6	0		2574.013163000
6	0		2574.137452000
6	0		2574.261740000
6	0		2574.385030000
6	0		2574.509383000
6	0		2574.633709000
6	0		2574.695510000
6	1396		2574.757139000
6	427		2574.757180000
6	0		2574.757749000
6	1396		2574.758684000
6	1396		2574.773845000
6	1396		2574.789808000
6	1396		2574.805836000
6	0		2574.819313000
6	1418		2574.820563000
6	1396		2574.821854000
6	1396		2574.837894000
6	1396		2574.853938000
6	1396		2574.869965000
6	1418		2574.879425000
6	1396		2574.885986000
6	1396		2574.902030000
6	1396		2574.918040000
6	1396		2574.934087000
6	0		2574.942797000
6	1396		2574.950109000
6	1396		2574.966130000
6	1396		2574.982215000
6	1418		2574.997115000
6	1396		2574.998178000
6	1396		2575.014216000
6	1396		2575.030324000
6	1396		2575.046289000
6	1396		2575.062311000
6	0		2575.067602000
6	1396		2575.078340000
6	1396		2575.094383000
6	1396		2575.110412000
6	1418		2575.114790000
6	1396		2575.126447000
6	1396		2575.142494000
6	1396		2575.158500000
6	1396		2575.174566000
6	1396		2575.190623000
6	0		2575.190859000
6	1396		2575.206569000
6	1396		2575.222615000
6	1418		2575.232557000
6	1396		2575.238646000
6	1396		2575.254679000
6	1396		2575.270697000
6	1396		2575.286724000
6	1396		2575.302764000
6	1396		2575.318835000
6	1396		2575.334796000
6	1418		2575.350162000
6	1396		2575.350822000
6	1396		2575.366869000
6	0		2575.377296000
6	0		2575.377327000
6	1396		2575.382888000
6	1396		2575.398954000
6	1396		2575.415001000
6	1396		2575.431000000
6	1396		2575.447014000
6	1396		2575.463055000
6	1418		2575.467842000
6	1396		2575.479080000
6	1396		2575.495123000
6	0		2575.501450000
6	1396		2575.511155000
6	1396		2575.527169000
6	1396		2575.543214000
6	1396		2575.559231000
6	1396		2575.575262000
6	1418		2575.585530000
6	1396		2575.591278000
6	1396		2575.607338000
6	1348		2575.623359000
6	0		2575.686797000
6	1418		2575.703229000
6	0		2575.811724000
6	1418		2575.820921000
6	0		2575.935923000
6	1418		2575.938576000
6	0		2576.059248000
6	0		2576.059274000
6	1418		2576.060553000
6	0		2576.121284000
6	1418		2576.150418000
6	1418		2576.244578000
6	0		2576.244748000
6	0		2576.306897000
6	1418		2576.338726000
6	0		2576.431339000
6	0		2576.555237000
6	0		2576.678877000
6	0		2576.803158000
6	0		2576.927578000
6	0		2577.050887000
6	0		2577.113033000
6	0		2577.237343000
6	0		2577.361657000
6	0		2577.485372000
6	0		2577.671396000
6	0		2577.795673000
6	0		2577.918985000
6	0		2578.043329000
6	0		2578.043357000
6	1418		2578.044626000
6	0		2578.167148000
6	0		2578.291436000
6	1396		2578.352967000
6	0		2578.359152000
6	427		2578.415676000
6	0		2578.415704000
6	0		2578.416227000
6	1396		2578.417007000
6	1396		2578.441175000
6	1396		2578.466006000
6	1396		2578.490873000
6	1396		2578.515772000
6	0		2578.539277000
6	0		2578.539305000
6	1418		2578.540527000
6	1396		2578.540588000
6	1396		2578.565547000
6	1396		2578.590379000
6	1418		2578.599372000
6	1396		2578.615234000
6	1396		2578.640135000
6	0		2578.663524000
6	1396		2578.664991000
6	1396		2578.689879000
6	1396		2578.714754000
6	0		2578.725676000
6	1396		2578.739628000
6	1396		2578.764505000
6	1396		2578.789368000
6	1396		2578.814259000
6	1396		2578.839159000
6	0		2578.848924000
6	1418		2578.850168000
6	1396		2578.864019000
6	1396		2578.888872000
6	1396		2578.913760000
6	1396		2578.938659000
6	1396		2578.963507000
6	0		2578.973444000
6	1418		2578.974712000
6	1396		2578.988404000
6	1396		2579.013324000
6	1396		2579.038155000
6	1418		2579.055187000
6	1396		2579.063011000
6	1396		2579.087939000
6	0		2579.097723000
6	1396		2579.112766000
6	1396		2579.137639000
6	1396		2579.162508000
6	1396		2579.187397000
6	1418		2579.191857000
6	1396		2579.212361000
6	0		2579.221155000
6	1396		2579.237139000
6	1396		2579.262068000
6	0		2579.282768000
6	1396		2579.286902000
6	1396		2579.311765000
6	1418		2579.328536000
6	1396		2579.336644000
6	0		2579.345085000
6	1396		2579.361542000
6	1396		2579.386411000
6	0		2579.407282000
6	1396		2579.411281000
6	1396		2579.436250000
6	1396		2579.461020000
6	1418		2579.465267000
6	0		2579.468882000
6	1396		2579.485990000
6	1396		2579.510795000
6	0		2579.531645000
6	1396		2579.535649000
6	1396		2579.560523000
6	1396		2579.585401000
6	1418		2579.601873000
6	1396		2579.610294000
6	1396		2579.635162000
6	0		2579.654850000
6	1396		2579.660040000
6	1396		2579.684903000
6	1396		2579.709805000
6	0		2579.717163000
6	0		2579.717190000
6	1396		2579.734680000
6	1418		2579.738549000
6	1396		2579.759535000
6	0		2579.779304000
6	1396		2579.784416000
6	1396		2579.809294000
6	1396		2579.834217000
6	1396		2579.859036000
6	1396		2579.883905000
6	0		2579.903198000
6	1396		2579.908792000
6	1396		2579.933667000
6	1396		2579.958546000
6	0		2579.964844000
6	1396		2579.983407000
6	1396		2580.008292000
6	0		2580.027006000
6	1396		2580.033153000
6	1396		2580.058051000
6	1396		2580.082915000
6	0		2580.089185000
6	0		2580.089237000
6	1418		2580.090444000
6	1396		2580.107921000
6	1396		2580.132659000
6	0		2580.150923000
6	0		2580.150945000
6	1396		2580.157538000
6	1396		2580.182443000
6	1396		2580.207340000
6	0		2580.213105000
6	1396		2580.232184000
6	1396		2580.257056000
6	0		2580.258838000
6	1396		2580.281917000
6	0		2580.305221000
6	1396		2580.306815000
6	1396		2580.331689000
6	0		2580.351357000
6	1396		2580.356550000
6	1396		2580.381445000
6	1396		2580.406304000
6	1396		2580.431184000
6	0		2580.443234000
6	1333		2580.456105000
6	0		2580.535494000
6	0		2580.627808000
6	0		2580.672952000
6	0		2580.765265000
6	0		2580.903784000
6	0		2580.995080000
6	0		2581.087396000
6	0		2581.179762000
6	0		2581.224928000
6	0		2581.317229000
6	0		2581.409603000
6	0		2581.547128000
6	0		2581.593345000
6	0		2581.685627000
6	0		2581.730822000
6	1418		2581.732088000
6	0		2581.823509000
6	0		2581.915816000
6	0		2582.007257000
6	0		2582.099352000
6	0		2582.191668000
6	0		2582.282869000
6	0		2582.329162000
6	1418		2582.330425000
6	1418		2582.398751000
6	0		2582.420914000
6	0		2582.513227000
6	0		2582.605587000
6	0		2582.696897000
6	0		2582.789190000
6	0		2582.881482000
6	0		2582.927732000
6	0		2583.065003000
6	0		2583.157326000
6	0		2583.249800000
6	0		2583.341393000
6	1396		2583.387280000
6	310		2583.387303000
6	0		2583.387907000
6	1396		2583.388840000
6	1396		2583.403926000
6	1396		2583.419947000
6	0		2583.433149000
6	1396		2583.435979000
6	1396		2583.452000000
6	1396		2583.468143000
6	0		2583.479320000
6	1418		2583.480569000
6	1396		2583.484390000
6	1396		2583.500100000
6	1396		2583.516118000
6	0		2583.525580000
6	1396		2583.532201000
6	1396		2583.548199000
6	1396		2583.564293000
6	1396		2583.580297000
6	1396		2583.596301000
6	1396		2583.612309000
6	0		2583.618121000
6	1396		2583.628354000
6	1396		2583.644385000
6	1396		2583.660479000
6	0		2583.663249000
6	1396		2583.676560000
6	1396		2583.692458000
6	1396		2583.708502000
6	1396		2583.724520000
6	1396		2583.740637000
6	0		2583.755031000
6	1418		2583.756282000
6	1396		2583.756559000
6	1396		2583.772599000
6	1396		2583.788690000
6	687		2583.801094000
6	39		2583.801120000
6	39		2583.803106000
6	0		2583.803161000
6	0		2583.803165000
6	1396		2583.804658000
6	67		2583.808558000
6	70		2583.818786000
6	1396		2583.820673000
6	1418		2583.824621000
6	1396		2583.836734000
6	1396		2583.852750000
6	1396		2583.868788000
6	1396		2583.884815000
6	0		2583.893131000
6	1396		2583.900857000
6	1396		2583.916924000
6	1396		2583.932961000
6	1396		2583.948925000
6	1418		2583.961287000
6	1396		2583.965019000
6	1396		2583.981058000
6	0		2583.985308000
6	1396		2583.997015000
6	1396		2584.013070000
6	1396		2584.029091000
6	1396		2584.045099000
6	1396		2584.061205000
6	1396		2584.077163000
6	0		2584.077344000
6	1396		2584.093190000
6	1418		2584.097986000
6	1396		2584.109275000
6	0		2584.123495000
6	1396		2584.125241000
6	1095		2584.141267000
6	0		2584.215699000
6	1418		2584.234718000
6	0		2584.307145000
6	0		2584.353292000
6	1418		2584.371314000
6	0		2584.445669000
6	1418		2584.507989000
6	0		2584.537006000
6	0		2584.629486000
6	1418		2584.644674000
6	0		2584.721226000
6	1418		2584.781328000
6	0		2584.813075000
6	561		2584.813105000
6	69		2584.815912000
6	31		2584.821175000
6	0		2584.951606000
6	0		2585.043042000
6	0		2585.043067000
6	0		2585.089188000
6	0		2585.089216000
6	39		2585.089223000
6	0		2585.095242000
6	0		2585.135788000
6	0		2585.181080000
6	1418		2585.182324000
6	1418		2585.250688000
6	0		2585.274106000
6	0		2585.365335000
6	0		2585.457655000
6	0		2585.548994000
6	0		2585.687311000
6	0		2585.779632000
17		1358	2585.824908000
17		1358	2585.828791000
17		1358	2585.828824000
17		1358	2585.828828000
17		1358	2585.828832000
17		208	2585.828836000
6	1396		2585.871083000
6	0		2585.877112000
6	427		2585.917251000
6	0		2585.917280000
6	0		2585.917809000
6	1396		2585.919077000
6	1396		2585.935647000
6	1396		2585.953431000
6	0		2585.963532000
6	1396		2585.971216000
6	1396		2585.989022000
6	1396		2586.006818000
6	1396		2586.024607000
6	1396		2586.042403000
6	0		2586.055238000
6	0		2586.055268000
6	1418		2586.056501000
6	1396		2586.060168000
6	1396		2586.077969000
6	1396		2586.095764000
6	1396		2586.113534000
6	1418		2586.124837000
17		1358	2586.128900000
6	1396		2586.131321000
6	0		2586.147505000
17		1358	2586.147537000
6	1396		2586.149107000
17		1358	2586.149209000
6	1396		2586.166908000
6	1396		2586.184701000
6	1396		2586.202481000
6	1396		2586.220329000
6	1396		2586.238052000
6	0		2586.239056000
6	1396		2586.255870000
6	1418		2586.261481000
6	1396		2586.273640000
6	1396		2586.291442000
6	1396		2586.309220000
6	1396		2586.327016000
6	0		2586.330972000
6	1396		2586.344862000
6	1396		2586.362588000
6	0		2586.376895000
6	1396		2586.380379000
6	1396		2586.398197000
6	1418		2586.398238000
6	1396		2586.415966000
6	0		2586.423048000
6	1396		2586.433756000
6	1396		2586.451546000
6	1396		2586.469333000
6	1396		2586.487123000
6	1396		2586.504914000
17		1358	2586.515108000
6	1396		2586.522817000
6	1418		2586.534852000
6	1396		2586.540506000
6	1396		2586.558282000
17		49	2586.561206000
6	0		2586.561233000
6	1396		2586.576125000
6	1396		2586.593886000
17		49	2586.606895000
6	1396		2586.611682000
6	1396		2586.629428000
6	1396		2586.647224000
17		166	2586.652807000
17		538	2586.653521000
17		102	2586.662501000
6	1396		2586.665019000
6	1418		2586.671530000
6	1396		2586.682806000
6	1396		2586.700597000
6	1396		2586.718387000
6	1396		2586.736177000
6	0		2586.745137000
6	1396		2586.753967000
6	1396		2586.771765000
6	1396		2586.789547000
6	1396		2586.807335000
6	1418		2586.808172000
6	1396		2586.825218000
6	0		2586.836924000
6	1396		2586.842936000
6	1396		2586.860732000
6	1396		2586.878495000
6	1396		2586.896364000
6	1396		2586.914081000
6	0		2586.928857000
6	1396		2586.931863000
6	1396		2586.949727000
6	1396		2586.967439000
6	1396		2586.985218000
6	1418		2586.986567000
6	1396		2587.003040000
6	0		2587.020790000
6	1396		2587.020825000
6	1396		2587.038602000
6	1396		2587.056434000
6	1396		2587.074178000
6	1396		2587.091986000
6	1396		2587.109841000
6	1396		2587.127559000
6	1396		2587.145396000
6	0		2587.159257000
6	1396		2587.163128000
6	1396		2587.180929000
6	1396		2587.198746000
6	1396		2587.216497000
6	1396		2587.234347000
6	0		2587.251242000
6	0		2587.251273000
6	1396		2587.252074000
6	1418		2587.252512000
6	1396		2587.269873000
6	1396		2587.287667000
6	1396		2587.305452000
6	1418		2587.318969000
6	1396		2587.323230000
6	1396		2587.341081000
17		163	2587.343291000
17		33	2587.344182000
6	1396		2587.358823000
6	1396		2587.376627000
6	1396		2587.394403000
6	1396		2587.412193000
6	1396		2587.429970000
6	0		2587.435343000
17		165	2587.435369000
17		36	2587.437099000
6	1396		2587.447774000
6	1396		2587.465552000
6	1396		2587.483342000
6	1222		2587.501135000
6	0		2587.526967000
6	0		2587.619656000
6	0		2587.711226000
6	0		2587.711259000
6	1418		2587.712492000
17		1358	2587.761226000
6	1418		2587.778946000
6	0		2587.849385000
6	0		2587.941700000
6	0		2588.033002000
6	0		2588.125287000
6	0		2588.171491000
6	0		2588.263669000
6	0		2588.354998000
6	0		2588.447173000
6	0		2588.585702000
6	0		2588.677013000
17		156	2588.723178000
17		38	2588.724872000
6	0		2588.769184000
6	0		2588.815547000
17		41	2588.861682000
17		41	2588.861711000
6	0		2588.953245000
6	0		2588.953281000
6	1418		2588.954497000
6	1418		2589.037596000
6	0		2589.044861000
6	0		2589.137550000
6	0		2589.229543000
6	0		2589.320820000
6	0		2589.413107000
6	0		2589.505386000
6	0		2589.597694000
6	0		2589.689135000
6	0		2589.781449000
6	0		2589.827596000
6	0		2589.918871000
6	0		2590.011427000
17		41	2590.011459000
17		40	2590.013405000
6	0		2590.103100000
6	0		2590.195117000
17		33	2590.225320000
6	0		2590.287966000
6	0		2590.379019000
6	0		2590.471328000
6	0		2590.563237000
6	0		2590.654949000
6	0		2590.747120000
6	0		2590.747148000
6	0		2590.839521000
6	0		2590.931810000
6	0		2591.023067000
6	0		2591.115432000
6	0		2591.207270000
17		1263	2591.207299000
17		43	2591.208047000
17		663	2591.208759000
17		1358	2591.219364000
17		1358	2591.240763000
17		1358	2591.259980000
17		1358	2591.279518000
17		43	2591.299319000
17		1358	2591.299758000
17		1358	2591.320269000
17		1358	2591.339261000
6	0		2591.344882000
6	1418		2591.346122000
17		1358	2591.359017000
17		1358	2591.379353000
17		1358	2591.398596000
17		1358	2591.418153000
6	1418		2591.429221000
6	0		2591.437090000
17		43	2591.437119000
17		43	2591.437126000
17		1358	2591.438847000
17		1358	2591.458754000
17		1358	2591.478311000
17		47	2591.482884000
17		43	2591.482910000
17		1358	2591.499346000
17		1358	2591.518184000
17		44	2591.529543000
17		1358	2591.538077000
17		1358	2591.558161000
17		44	2591.575607000
17		1358	2591.577282000
6	1418		2591.595369000
17		1358	2591.597943000
17		1358	2591.617201000
17		44	2591.621594000
17		1358	2591.637248000
17		1358	2591.657592000
17		44	2591.667271000
17		1358	2591.676516000
17		1358	2591.697001000
17		44	2591.713716000
17		1358	2591.715474000
17		1358	2591.736218000
17		1358	2591.757270000
17		44	2591.759229000
6	1418		2591.761570000
17		1358	2591.776379000
17		1358	2591.796569000
17		1358	2591.816759000
17		1358	2591.836582000
17		44	2591.850813000
17		1358	2591.856079000
17		1358	2591.875052000
17		1358	2591.896307000
17		44	2591.896790000
17		1358	2591.915720000
17		1358	2591.934951000
17		44	2591.943288000
17		1358	2591.955789000
17		1358	2591.975031000
6	0		2591.989073000
17		44	2591.989107000
6	1418		2591.990339000
17		1358	2591.994168000
17		1358	2592.014862000
17		1358	2592.034724000
17		1358	2592.054267000
17		1358	2592.074526000
17		43	2592.081188000
6	1418		2592.093839000
17		1358	2592.094720000
17		1358	2592.110758000
17		1358	2592.126577000
17		44	2592.127187000
17		1358	2592.144071000
17		1358	2592.160450000
17		41	2592.172796000
17		1358	2592.176907000
17		1358	2592.192659000
17		1358	2592.209852000
17		41	2592.219549000
17		1358	2592.227282000
17		1358	2592.242503000
17		1358	2592.259761000
6	1418		2592.259997000
17		41	2592.265182000
17		1358	2592.276310000
17		1358	2592.292685000
17		1358	2592.309055000
17		41	2592.311457000
17		1358	2592.325424000
17		1358	2592.341888000
17		41	2592.357181000
17		1358	2592.358838000
17		603	2592.374979000
6	0		2592.403704000
6	1418		2592.426161000
17		41	2592.449134000
17		45	2592.495165000
17		33	2592.522150000
17		41	2592.541300000
17		41	2592.587282000
6	1418		2592.592329000
17		41	2592.633099000
17		41	2592.679577000
17		41	2592.724926000
6	1418		2592.758500000
17		41	2592.770936000
17		41	2592.863414000
17		41	2592.909215000
6	1418		2592.924663000
17		41	2592.955431000
17		41	2593.001135000
17		41	2593.047415000
17		41	2593.093427000
17		41	2593.139371000
17		41	2593.185176000
17		41	2593.231623000
17		41	2593.277126000
6	0		2593.323315000
6	1418		2593.324607000
17		41	2593.368815000
6	1418		2593.407688000
17		41	2593.414995000
17		41	2593.461058000
17		46	2593.507066000
17		33	2593.533309000
17		41	2593.553155000
17		41	2593.645444000
17		41	2593.691537000
17		41	2593.737376000
17		41	2593.783505000
17		41	2593.829139000
17		41	2593.875441000
17		41	2593.921305000
17		41	2593.967324000
17		41	2594.013391000
17		41	2594.059269000
6	0		2594.059300000
6	1418		2594.060568000
6	1418		2594.127024000
17		41	2594.151784000
17		41	2594.197144000
17		41	2594.243184000
17		41	2594.289423000
17		41	2594.334922000
17		910	2594.380929000
17		37	2594.381645000
17		186	2594.382288000
17		1354	2594.382395000
17		1358	2594.382406000
17		1358	2594.382411000
17		1358	2594.382416000
17		1358	2594.382423000
17		1358	2594.382429000
17		1358	2594.382434000
17		1358	2594.382438000
17		1358	2594.382444000
17		1358	2594.399147000
17		1358	2594.414807000
6	0		2594.427092000
6	1418		2594.428353000
17		1358	2594.430706000
17		1358	2594.446989000
17		1358	2594.463085000
17		1358	2594.478790000
6	1418		2594.494806000
17		1358	2594.494896000
17		1358	2594.511534000
6	0		2594.519497000
17		1358	2594.527054000
17		1358	2594.542492000
17		1358	2594.558573000
17		1358	2594.574966000
17		1358	2594.590856000
17		1358	2594.606345000
6	0		2594.611051000
17		1358	2594.621941000
6	1418		2594.627735000
17		1358	2594.638485000
17		1358	2594.654645000
17		1358	2594.670890000
17		1358	2594.686469000
17		1358	2594.702226000
6	0		2594.703044000
17		1358	2594.718131000
17		1358	2594.734274000
17		44	2594.748883000
17		1358	2594.750692000
6	1418		2594.760650000
17		1358	2594.765381000
17		1358	2594.781479000
17		41	2594.794878000
17		1358	2594.796167000
17		1358	2594.813769000
17		1358	2594.830110000
6	0		2594.841435000
17		41	2594.841462000
17		1358	2594.845897000
17		1358	2594.861386000
17		1358	2594.877295000
17		41	2594.887506000
17		1358	2594.893080000
6	1418		2594.893545000
17		1358	2594.908869000
17		1358	2594.925178000
17		41	2594.933368000
17		1358	2594.940959000
17		1358	2594.957891000
17		1358	2594.973699000
17		41	2594.979724000
17		1358	2594.989034000
17		1358	2595.004779000
17		1358	2595.021089000
17		41	2595.024803000
6	1418		2595.026486000
17		1358	2595.036525000
17		1358	2595.053034000
17		1358	2595.068834000
17		41	2595.071102000
17		1358	2595.084163000
17		1358	2595.100648000
17		41	2595.116917000
17		1358	2595.117475000
17		1358	2595.132657000
17		1358	2595.148592000
6	1418		2595.159419000
17		41	2595.163758000
17		1358	2595.164128000
17		1358	2595.180762000
17		1358	2595.196222000
17		41	2595.208938000
17		1358	2595.210646000
17		1358	2595.228546000
17		1358	2595.244009000
17		1358	2595.260158000
17		1358	2595.276083000
17		1358	2595.292794000
17		41	2595.301107000
17		1358	2595.308168000
17		1358	2595.324176000
17		1358	2595.339447000
17		41	2595.346959000
17		1358	2595.355824000
17		1358	2595.371018000
6	1418		2595.380983000
17		1358	2595.387599000
17		41	2595.393717000
17		1358	2595.402741000
17		1358	2595.419991000
17		1358	2595.435857000
6	0		2595.439738000
17		41	2595.439764000
17		1358	2595.451369000
17		1358	2595.467695000
17		1358	2595.483393000
17		1358	2595.498716000
17		1358	2595.515541000
17		1358	2595.530790000
17		41	2595.531318000
17		1358	2595.547044000
17		1358	2595.563296000
17		41	2595.577329000
17		1358	2595.578951000
17		1358	2595.594852000
6	1418		2595.602475000
17		1358	2595.611214000
17		41	2595.622840000
17		1358	2595.626397000
17		1358	2595.643233000
17		41	2595.669423000
17		1358	2595.670474000
17		41	2595.715295000
17		1358	2595.717146000
17		46	2595.761653000
17		1358	2595.763371000
17		41	2595.807344000
17		1358	2595.808668000
17		41	2595.852944000
17		1358	2595.853903000
6	0		2595.899122000
6	1418		2595.900367000
17		41	2595.945116000
17		1358	2595.947132000
6	1418		2595.990211000
17		41	2595.991439000
17		1358	2595.993251000
17		41	2596.037375000
17		1358	2596.039059000
17		41	2596.083300000
17		1358	2596.084140000
17		41	2596.129753000
17		1358	2596.131430000
17		1358	2596.147899000
17		41	2596.175517000
17		1358	2596.177165000
17		41	2596.221105000
17		1358	2596.222824000
17		41	2596.313032000
17		1358	2596.314721000
17		41	2596.358980000
17		1358	2596.360407000
17		41	2596.404894000
17		1358	2596.405731000
17		41	2596.451523000
17		1358	2596.453196000
17		41	2596.497628000
17		1358	2596.498847000
17		41	2596.543262000
17		1358	2596.545001000
17		41	2596.588939000
17		1358	2596.590813000
17		41	2596.635540000
17		1358	2596.637338000
17		41	2596.681004000
17		1358	2596.683071000
6	0		2596.727060000
17		41	2596.727088000
17		1358	2596.728257000
6	1418		2596.728302000
17		46	2596.773150000
17		1358	2596.774866000
6	1418		2596.811408000
17		41	2596.819303000
17		1358	2596.820986000
17		41	2596.865503000
17		1358	2596.867202000
17		41	2596.911132000
17		1358	2596.912869000
17		41	2596.957525000
17		1358	2596.959140000
17		41	2597.003096000
17		1358	2597.004775000
17		41	2597.049097000
17		1358	2597.050944000
17		41	2597.141584000
17		1358	2597.143005000
17		41	2597.187209000
17		1358	2597.188868000
17		41	2597.232884000
17		1358	2597.234531000
17		41	2597.279023000
17		1358	2597.280702000
17		1358	2597.296786000
17		41	2597.325677000
17		1358	2597.327577000
17		41	2597.370983000
17		1358	2597.372735000
17		41	2597.417002000
17		1358	2597.418749000
6	0		2597.463171000
6	1418		2597.464532000
17		41	2597.509237000
17		1358	2597.510931000
6	1418		2597.547534000
17		41	2597.555667000
17		1358	2597.557728000
17		41	2597.600802000
17		1358	2597.602486000
17		41	2597.647390000
17		375	2597.648147000
17		41	2597.693546000
17		41	2597.739252000
17		47	2597.785499000
17		34	2597.811389000
17		42	2597.831419000
17		42	2597.877767000
17		42	2597.923524000
17		42	2597.968844000
17		43	2598.014991000
17		43	2598.061390000
17		43	2598.153367000
17		43	2598.199502000
17		43	2598.245684000
17		43	2598.290813000
17		43	2598.336831000
17		43	2598.383177000
17		43	2598.429106000
17		43	2598.475160000
17		43	2598.521256000
17		43	2598.567906000
6	0		2598.612877000
17		43	2598.612904000
6	1418		2598.614143000
17		43	2598.659043000
17		43	2598.705234000
17		48	2598.797571000
17		35	2598.823657000
17		43	2598.843592000
17		43	2598.889054000
17		43	2598.934963000
17		43	2598.980959000
17		43	2599.027010000
17		43	2599.073157000
6	0		2599.119605000
6	1418		2599.120919000
17		43	2599.165389000
6	1418		2599.203964000
17		43	2599.257125000
17		43	2599.303236000
17		43	2599.349332000
17		43	2599.395781000
17		43	2599.441645000
17		43	2599.486778000
17		43	2599.533738000
17		43	2599.578931000
17		43	2599.625117000
17		43	2599.671188000
6	0		2599.717285000
17		43	2599.717314000
17		43	2599.763366000
17		48	2599.809541000
17		35	2599.836151000
17		43	2599.855522000
17		43	2599.901371000
17		43	2599.947279000
17		43	2600.038899000
6	0		2600.085057000
17		43	2600.131164000
17		43	2600.177133000
17		43	2600.223267000
17		43	2600.269231000
17		43	2600.315338000
17		43	2600.361625000
17		43	2600.407283000
17		43	2600.452905000
17		43	2600.498841000
17		43	2600.544902000
17		43	2600.591047000
17		43	2600.637370000
17		43	2600.683474000
17		43	2600.729000000
6	0		2600.775303000
6	1418		2600.776631000
17		43	2600.821464000
17		820	2600.821489000
17		34	2600.822312000
17		34	2600.822742000
17		129	2600.823012000
17		1358	2600.824662000
17		1358	2600.841458000
17		1358	2600.857327000
17		43	2600.867286000
17		1358	2600.872995000
17		1358	2600.889544000
17		1358	2600.905556000
17		1358	2600.921070000
17		1358	2600.936818000
17		1358	2600.953995000
17		1358	2600.970047000
17		1358	2600.985103000
17		1358	2601.001705000
6	0		2601.005376000
6	1418		2601.006651000
17		1358	2601.016545000
17		1358	2601.032931000
17		1358	2601.049095000
17		1358	2601.064533000
17		1358	2601.080016000
6	1418		2601.089719000
17		1358	2601.096728000
6	0		2601.097049000
17		45	2601.097189000
17		1358	2601.112842000
17		1358	2601.128946000
17		41	2601.143466000
17		1358	2601.145103000
17		1358	2601.160440000
17		1358	2601.176616000
17		41	2601.189162000
17		1358	2601.190494000
17		1358	2601.208023000
17		1358	2601.223497000
17		41	2601.235573000
17		1358	2601.239786000
17		1358	2601.255158000
6	1418		2601.255860000
17		1358	2601.272099000
17		41	2601.281590000
17		1358	2601.287987000
17		1358	2601.303869000
17		1358	2601.319515000
17		41	2601.327222000
17		1358	2601.335960000
17		1358	2601.351491000
17		1358	2601.367234000
17		41	2601.373876000
17		1358	2601.383868000
17		1358	2601.398835000
17		1358	2601.415690000
17		41	2601.419367000
6	1418		2601.422035000
17		1358	2601.431724000
17		1358	2601.447282000
17		1358	2601.463352000
17		41	2601.464876000
17		41	2601.511438000
17		41	2601.557491000
17		41	2601.603760000
17		41	2601.694943000
17		41	2601.741052000
6	0		2601.787141000
17		41	2601.787171000
6	1418		2601.788453000
17		41	2601.833320000
17		41	2601.925686000
17		41	2601.971643000
17		41	2602.016873000
17		41	2602.062956000
17		46	2602.109057000
17		34	2602.135879000
17		41	2602.155466000
17		41	2602.200903000
6	0		2602.246923000
17		41	2602.246952000
6	1418		2602.248169000
17		41	2602.293011000
17		41	2602.339157000
17		41	2602.431418000
17		41	2602.477727000
17		41	2602.523610000
17		41	2602.569668000
17		41	2602.614939000
17		41	2602.661335000
17		41	2602.707133000
17		41	2602.753219000
17		41	2602.799301000
17		1358	2602.800974000
17		41	2602.845252000
17		1358	2602.847057000
6	0		2602.891287000
17		41	2602.891316000
6	1418		2602.892557000
17		1358	2602.892994000
17		41	2602.937151000
17		1358	2602.938825000
6	1418		2602.959006000
17		41	2602.982973000
17		1358	2602.984665000
6	0		2603.075085000
6	1418		2603.091998000
17		41	2603.121134000
17		1358	2603.123106000
17		1358	2603.139926000
17		1358	2603.156506000
17		46	2603.167892000
17		1358	2603.171985000
17		1358	2603.188154000
17		1358	2603.203200000
17		1358	2603.219085000
6	1418		2603.224909000
17		1358	2603.234962000
17		1358	2603.251738000
17		41	2603.259459000
17		1358	2603.266791000
17		1358	2603.283777000
17		1358	2603.300090000
17		41	2603.304832000
17		1358	2603.315195000
17		1358	2603.331877000
17		1358	2603.347061000
6	0		2603.351450000
6	1418		2603.357759000
17		1358	2603.362910000
17		1358	2603.378489000
17		1358	2603.395102000
17		41	2603.397430000
17		1358	2603.410469000
17		1358	2603.426382000
17		1358	2603.442938000
17		1358	2603.459279000
17		1358	2603.475452000
17		41	2603.488915000
17		224	2603.490376000
6	1418		2603.490690000
17		41	2603.535394000
17		41	2603.581612000
17		41	2603.626902000
6	0		2603.672852000
17		41	2603.672879000
6	1418		2603.674112000
17		41	2603.719012000
17		41	2603.811254000
17		41	2603.857254000
17		41	2603.902873000
17		41	2603.949548000
17		41	2603.994828000
17		41	2604.040833000
17		41	2604.086945000
17		41	2604.132966000
6	0		2604.179619000
17		41	2604.179657000
6	1418		2604.180878000
17		41	2604.225251000
6	1418		2604.263948000
17		46	2604.270847000
17		34	2604.296751000
17		41	2604.316962000
17		41	2604.362904000
17		41	2604.409309000
17		41	2604.455153000
17		827	2604.501745000
17		37	2604.502475000
17		1358	2604.503619000
17		1358	2604.503654000
17		1358	2604.503658000
17		1358	2604.503662000
17		1358	2604.503667000
17		1358	2604.503671000
17		1358	2604.503675000
17		1358	2604.503679000
17		1358	2604.503682000
17		1358	2604.503686000
17		1358	2604.520271000
17		1358	2604.536883000
17		1358	2604.552400000
17		1358	2604.568139000
17		1358	2604.584044000
6	0		2604.593215000
6	1418		2604.594478000
17		1358	2604.599619000
17		1358	2604.615483000
17		1358	2604.631625000
6	35		2604.638833000
17		1358	2604.647008000
17		1358	2604.663298000
6	1418		2604.677551000
17		1358	2604.679069000
17		41	2604.685501000
17		1358	2604.694494000
17		1358	2604.711206000
17		1358	2604.727106000
17		44	2604.731630000
17		1358	2604.742471000
17		1358	2604.758436000
17		1358	2604.773927000
17		41	2604.777191000
17		1358	2604.789640000
17		1358	2604.806243000
17		1358	2604.821786000
17		41	2604.823301000
6	0		2604.823327000
17		1358	2604.837562000
6	1418		2604.843695000
17		1358	2604.853342000
17		1358	2604.868963000
17		41	2604.869077000
17		1358	2604.884862000
17		1358	2604.901510000
17		41	2604.915253000
17		1358	2604.916893000
17		1358	2604.932839000
17		1358	2604.948922000
17		41	2604.961521000
17		1358	2604.962907000
17		1358	2604.980578000
17		1358	2604.995569000
17		41	2605.007017000
17		1358	2605.009650000
6	1418		2605.009833000
17		1358	2605.027761000
17		1358	2605.043559000
17		41	2605.053463000
17		1358	2605.059664000
17		1358	2605.075025000
17		1358	2605.090811000
17		41	2605.099608000
17		1358	2605.106954000
17		1358	2605.122428000
17		1358	2605.139025000
17		41	2605.144871000
17		1358	2605.153991000
17		1358	2605.170006000
17		1358	2605.185895000
17		41	2605.190889000
17		1358	2605.201758000
17		1358	2605.217914000
17		1358	2605.233612000
17		41	2605.236893000
17		1358	2605.250190000
17		1358	2605.265337000
17		1358	2605.281142000
17		41	2605.283840000
17		1358	2605.296741000
17		1358	2605.312563000
17		1358	2605.328471000
17		41	2605.329390000
17		1358	2605.344544000
17		1358	2605.360890000
6	0		2605.375256000
17		1358	2605.376252000
6	1418		2605.376481000
17		1358	2605.392739000
17		1358	2605.408307000
17		41	2605.420970000
17		1358	2605.423065000
17		1358	2605.439528000
17		1358	2605.455441000
17		41	2605.467579000
17		1358	2605.469025000
17		1358	2605.486962000
17		1358	2605.503167000
17		41	2605.513632000
17		1358	2605.518727000
17		1358	2605.535103000
17		1358	2605.550290000
17		41	2605.559284000
17		1358	2605.566513000
17		1358	2605.582377000
17		1358	2605.598392000
17		1358	2605.614028000
17		1358	2605.629457000
17		1358	2605.645614000
17		41	2605.651310000
6	0		2605.651342000
6	1418		2605.652574000
17		1358	2605.661177000
17		1358	2605.677148000
17		1358	2605.693218000
17		41	2605.697762000
17		1358	2605.708944000
17		1358	2605.724743000
17		1358	2605.740591000
17		46	2605.743344000
17		1358	2605.755671000
17		1358	2605.771067000
17		1358	2605.787041000
17		41	2605.788832000
17		1358	2605.803542000
17		1358	2605.819423000
17		41	2605.834980000
17		1358	2605.836270000
17		41	2605.881425000
17		1358	2605.883189000
17		41	2605.927739000
17		1358	2605.929417000
17		41	2605.973299000
17		1358	2605.974448000
17		41	2606.019304000
17		1358	2606.021024000
17		41	2606.065511000
17		1358	2606.067160000
17		41	2606.111045000
17		1358	2606.113081000
17		41	2606.156870000
17		1358	2606.158558000
17		41	2606.203381000
17		1358	2606.204681000
17		41	2606.249621000
17		1358	2606.251444000
6	0		2606.294803000
17		41	2606.294835000
6	1418		2606.296041000
17		1358	2606.296504000
17		41	2606.341389000
17		1358	2606.343077000
17		41	2606.387537000
17		1358	2606.389717000
17		41	2606.433211000
17		1358	2606.434654000
17		41	2606.478885000
17		1358	2606.480710000
17		41	2606.524829000
17		1358	2606.526569000
17		41	2606.570807000
17		1358	2606.572607000
17		41	2606.617551000
17		1358	2606.619250000
17		46	2606.709402000
17		1358	2606.711074000
17		1358	2606.727403000
17		41	2606.755312000
17		1358	2606.756977000
17		41	2606.801546000
17		1358	2606.803224000
17		41	2606.847185000
17		1358	2606.848500000
17		41	2606.893359000
17		1358	2606.895026000
17		41	2606.939500000
17		1358	2606.940952000
6	0		2606.985101000
17		41	2606.985129000
6	1418		2606.986360000
17		1358	2606.986798000
17		41	2607.030899000
17		1358	2607.032518000
17		41	2607.077122000
17		1358	2607.078333000
17		41	2607.123452000
17		1358	2607.124495000
17		41	2607.169520000
17		1358	2607.171022000
17		41	2607.215497000
17		1358	2607.216782000
17		1358	2607.233451000
17		41	2607.261157000
17		1358	2607.262864000
17		41	2607.307511000
17		1358	2607.309237000
17		41	2607.352803000
17		1358	2607.353972000
17		41	2607.399136000
17		1358	2607.400517000
17		41	2607.445434000
17		1358	2607.447563000
17		41	2607.491557000
17		1358	2607.493408000
17		41	2607.537746000
17		1358	2607.539557000
17		41	2607.583495000
17		1358	2607.585506000
17		47	2607.629674000
17		1358	2607.631339000
17		42	2607.721372000
17		1358	2607.722798000
17		42	2607.767708000
17		1358	2607.769479000
17		1358	2607.785761000
17		42	2607.813067000
17		1358	2607.814715000
17		42	2607.858894000
17		1358	2607.860745000
17		43	2607.905036000
17		1358	2607.906899000
17		43	2607.950967000
17		1358	2607.952093000
17		43	2607.997002000
17		1358	2607.997730000
17		43	2608.043236000
17		1358	2608.044912000
17		43	2608.088932000
17		1358	2608.090674000
17		43	2608.135229000
17		1358	2608.136947000
6	0		2608.181143000
17		43	2608.181171000
17		1358	2608.182305000
6	1418		2608.182383000
17		43	2608.227001000
17		1358	2608.228394000
17		43	2608.273348000
17		1358	2608.274635000
17		1358	2608.291345000
17		43	2608.319439000
17		1358	2608.321047000
17		43	2608.365454000
17		1358	2608.367863000
17		43	2608.457076000
17		1358	2608.458664000
17		43	2608.503070000
17		1358	2608.504058000
17		43	2608.548829000
17		1358	2608.550111000
17		43	2608.595022000
17		48	2608.641222000
17		35	2608.666988000
17		43	2608.687556000
17		43	2608.733209000
17		42	2608.779324000
17		42	2608.825558000
17		43	2608.871680000
6	0		2608.917133000
17		43	2608.917163000
6	1418		2608.918371000
17		43	2608.964141000
17		43	2609.008811000
17		43	2609.055565000
17		43	2609.101589000
17		43	2609.147734000
17		43	2609.192819000
17		43	2609.238983000
17		43	2609.285086000
17		43	2609.331529000
17		43	2609.423027000
17		43	2609.469543000
17		43	2609.514880000
17		43	2609.561714000
17		48	2609.606925000
17		35	2609.632651000
17		43	2609.653020000
17		43	2609.698872000
17		43	2609.745083000
17		42	2609.790992000
17		43	2609.837251000
6	0		2609.837281000
6	1418		2609.838540000
17		43	2609.883274000
17		43	2609.928921000
17		43	2609.974838000
17		43	2610.066986000
17		43	2610.112986000
17		43	2610.159063000
17		43	2610.205200000
17		43	2610.251310000
17		43	2610.297423000
17		43	2610.343599000
17		43	2610.389674000
17		43	2610.435624000
17		43	2610.481069000
6	0		2610.527081000
17		43	2610.527111000
6	1418		2610.528326000
17		48	2610.573236000
17		34	2610.599900000
17		43	2610.619403000
17		43	2610.665090000
17		43	2610.711112000
17		42	2610.757278000
17		43	2610.803309000
17		43	2610.849414000
17		43	2610.895681000
17		43	2610.941396000
17		43	2610.987028000
17		43	2611.033023000
17		43	2611.079193000
17		1358	2611.080711000
17		43	2611.125432000
17		43	2611.170907000
17		1358	2611.208348000
17		43	2611.217059000
17		43	2611.308865000
17		1358	2611.336424000
17		43	2611.355715000
17		43	2611.401654000
17		43	2611.446974000
17		1258	2611.462958000
17		43	2611.492834000
17		48	2611.539106000
17		34	2611.564752000
17		43	2611.585026000
6	0		2611.631182000
6	1418		2611.632436000
6	0		2611.722794000
6	1418		2611.727639000
17		41	2611.768900000
17		41	2611.815301000
17		905	2611.815327000
17		33	2611.816021000
17		33	2611.816700000
17		130	2611.816895000
17		1358	2611.821175000
17		1358	2611.857199000
17		41	2611.860986000
17		1358	2611.892394000
17		41	2611.906780000
6	1418		2611.918068000
17		1358	2611.927751000
17		1358	2611.962781000
17		1358	2611.997930000
6	0		2611.999458000
17		44	2611.999480000
17		33	2612.025287000
17		1358	2612.032870000
17		41	2612.045503000
17		41	2612.091023000
17		1358	2612.093087000
6	1418		2612.108600000
17		41	2612.137034000
17		1358	2612.150971000
17		1358	2612.208943000
17		41	2612.229193000
17		1358	2612.267608000
17		41	2612.275208000
6	1418		2612.298865000
17		1358	2612.311672000
17		41	2612.321734000
17		1358	2612.355533000
17		41	2612.367427000
17		1358	2612.400255000
17		41	2612.413538000
17		1358	2612.443890000
6	0		2612.459769000
17		1358	2612.488078000
6	1418		2612.489273000
17		41	2612.505091000
17		1358	2612.531300000
17		41	2612.551239000
17		1358	2612.575533000
17		1358	2612.619904000
17		41	2612.643629000
17		1358	2612.663910000
6	1418		2612.679686000
17		41	2612.689365000
17		1358	2612.708150000
17		41	2612.734762000
17		1358	2612.751553000
17		41	2612.781186000
17		1358	2612.795298000
17		41	2612.827385000
17		1358	2612.840052000
6	1418		2612.870117000
6	0		2612.873737000
17		1358	2612.884297000
17		41	2612.919202000
17		1358	2612.928357000
17		41	2612.965343000
17		1358	2612.972112000
17		41	2613.011384000
17		1358	2613.015140000
17		41	2613.057260000
17		1358	2613.058932000
6	1418		2613.060497000
17		46	2613.103474000
17		1358	2613.103875000
17		33	2613.129871000
17		1358	2613.147450000
17		41	2613.149583000
17		1358	2613.191879000
17		41	2613.195678000
17		1358	2613.235673000
17		41	2613.241007000
6	1418		2613.250923000
17		1358	2613.279299000
6	0		2613.287160000
17		1358	2613.323569000
17		41	2613.333335000
17		1358	2613.368270000
17		41	2613.378875000
17		1358	2613.412117000
17		41	2613.425641000
6	1418		2613.441406000
17		1358	2613.446843000
17		41	2613.471327000
17		1358	2613.482619000
17		1358	2613.516890000
17		41	2613.517070000
17		1358	2613.552483000
17		41	2613.609627000
17		1358	2613.611289000
6	1418		2613.647996000
17		41	2613.655160000
17		1358	2613.670430000
17		41	2613.701361000
17		1358	2613.730310000
6	0		2613.746796000
17		41	2613.746825000
17		1358	2613.789914000
17		41	2613.793442000
17		41	2613.838910000
17		1358	2613.849902000
6	1418		2613.854687000
17		41	2613.885172000
17		1358	2613.894079000
17		41	2613.930968000
17		1358	2613.939494000
17		1358	2613.983323000
6	1418		2614.020035000
17		41	2614.023625000
17		1358	2614.025271000
17		41	2614.069127000
17		1358	2614.070773000
17		41	2614.115427000
17		1358	2614.117109000
17		46	2614.161348000
17		1358	2614.162887000
6	1418		2614.185401000
17		41	2614.207491000
17		1358	2614.209184000
6	0		2614.252831000
17		41	2614.299384000
17		1358	2614.300434000
17		41	2614.345374000
17		1358	2614.346215000
6	1418		2614.350730000
17		1358	2614.390761000
17		41	2614.391448000
17		1358	2614.434812000
17		41	2614.482950000
17		1358	2614.484736000
17		41	2614.529129000
17		1358	2614.530665000
17		41	2614.574920000
17		1358	2614.576719000
6	0		2614.621132000
6	1418		2614.622390000
17		41	2614.666935000
17		1358	2614.668619000
17		41	2614.713300000
17		1358	2614.714225000
6	1418		2614.725714000
17		41	2614.759679000
17		1358	2614.761394000
6	561		2614.805572000
6	39		2614.805600000
17		41	2614.805608000
17		1358	2614.807288000
6	0		2614.807486000
6	0		2614.807495000
6	39		2614.807653000
6	69		2614.811498000
6	70		2614.818640000
17		41	2614.897693000
17		1358	2614.899379000
17		41	2614.943382000
17		1358	2614.945118000
17		41	2614.989391000
17		1358	2614.991098000
6	0		2615.035692000
17		41	2615.035721000
6	1418		2615.036977000
17		1358	2615.037234000
17		41	2615.081357000
17		1358	2615.082860000
17		41	2615.127868000
17		1358	2615.129554000
6	1418		2615.140310000
17		41	2615.173565000
17		1358	2615.188958000
17		41	2615.219585000
17		1358	2615.248827000
17		46	2615.311209000
17		1358	2615.313334000
17		41	2615.357339000
17		1358	2615.358981000
6	0		2615.403694000
6	1418		2615.404942000
17		41	2615.448892000
17		1358	2615.450554000
6	0		2615.495650000
6	39		2615.495683000
17		41	2615.495696000
17		1358	2615.497378000
6	0		2615.502626000
17		41	2615.541294000
17		1358	2615.543079000
6	1418		2615.544095000
17		41	2615.586917000
17		1358	2615.588984000
17		41	2615.633241000
17		1358	2615.634837000
17		41	2615.725253000
17		1358	2615.726816000
17		41	2615.771419000
17		1358	2615.773118000
17		41	2615.817005000
17		1358	2615.818418000
6	0		2615.863578000
17		41	2615.863609000
6	1418		2615.864820000
17		1358	2615.865271000
17		41	2615.909799000
17		1358	2615.911533000
17		41	2615.954887000
17		1358	2615.956059000
6	1418		2615.963362000
17		41	2616.001737000
17		1358	2616.003288000
17		41	2616.093565000
17		1358	2616.094799000
17		41	2616.139596000
17		241	2616.140971000
17		41	2616.184888000
6	0		2616.231319000
6	1418		2616.232567000
17		41	2616.277471000
17		41	2616.323660000
6	1418		2616.357540000
17		41	2616.368778000
17		46	2616.415656000
17		33	2616.442021000
17		41	2616.461112000
17		41	2616.507428000
17		41	2616.553327000
17		912	2616.599469000
17		36	2616.600179000
17		130	2616.601140000
17		1358	2616.604980000
17		1358	2616.640960000
6	0		2616.645718000
6	1418		2616.646978000
17		1358	2616.676513000
17		41	2616.691474000
17		1358	2616.710739000
17		41	2616.737307000
6	1418		2616.751688000
17		1358	2616.769719000
17		1358	2616.814749000
6	0		2616.828787000
17		44	2616.828816000
17		33	2616.855434000
17		1358	2616.858489000
17		41	2616.875507000
17		1358	2616.902567000
17		41	2616.921508000
17		1358	2616.946043000
6	1418		2616.948809000
17		1358	2616.989863000
17		41	2617.012839000
17		1358	2617.033361000
17		41	2617.058934000
17		1358	2617.078235000
6	0		2617.104831000
17		1358	2617.122152000
6	1418		2617.145878000
17		41	2617.151483000
17		1358	2617.165867000
17		41	2617.197793000
17		1358	2617.209481000
17		41	2617.243274000
17		1358	2617.253560000
17		41	2617.289617000
17		1358	2617.298735000
17		41	2617.335575000
6	1418		2617.342933000
17		1358	2617.346907000
17		1358	2617.394904000
17		41	2617.427167000
17		1358	2617.443864000
17		41	2617.473139000
17		1358	2617.493422000
17		41	2617.519362000
6	1418		2617.540022000
17		1358	2617.542612000
6	0		2617.565743000
17		1358	2617.591220000
17		41	2617.611779000
17		1358	2617.639965000
17		41	2617.657003000
17		1358	2617.689722000
17		41	2617.703518000
6	1418		2617.737074000
17		1358	2617.739310000
17		41	2617.748974000
17		1358	2617.789168000
17		41	2617.841442000
17		1358	2617.843182000
17		41	2617.887349000
17		1358	2617.892670000
6	1418		2617.921290000
17		41	2617.933146000
17		1358	2617.934740000
17		46	2617.979013000
17		1358	2617.980534000
6	0		2618.025196000
17		41	2618.070893000
17		1358	2618.072632000
6	1418		2618.105496000
17		41	2618.117698000
17		1358	2618.137996000
17		41	2618.163586000
17		1358	2618.203095000
17		41	2618.255328000
17		1358	2618.270141000
6	1418		2618.289701000
17		41	2618.301117000
17		1358	2618.320834000
17		41	2618.346895000
17		1358	2618.371642000
17		41	2618.392957000
17		1358	2618.422515000
6	0		2618.439130000
17		1358	2618.472650000
6	1418		2618.473907000
17		41	2618.485548000
17		1358	2618.523314000
17		41	2618.530966000
17		1358	2618.574067000
17		41	2618.577292000
17		1358	2618.625607000
6	1418		2618.658115000
17		41	2618.669369000
17		1358	2618.676782000
17		41	2618.715036000
17		1358	2618.727852000
6	0		2618.761159000
17		1358	2618.779029000
17		41	2618.807011000
17		1358	2618.829831000
6	1418		2618.842326000
17		41	2618.852910000
17		1358	2618.880971000
17		41	2618.899540000
17		1358	2618.932659000
17		41	2618.945230000
17		1358	2618.984465000
6	1418		2619.026507000
17		41	2619.037526000
17		1358	2619.039638000
17		41	2619.083630000
17		1358	2619.090667000
17		41	2619.128963000
17		1358	2619.142075000
6	0		2619.175123000
6	1418		2619.210728000
17		46	2619.221476000
17		1358	2619.223207000
17		41	2619.266944000
17		1358	2619.274367000
17		41	2619.313229000
17		1358	2619.325355000
6	1418		2619.358082000
17		1358	2619.376858000
17		41	2619.405394000
17		1358	2619.427543000
17		41	2619.451027000
17		1358	2619.469420000
17		41	2619.497549000
6	1418		2619.505447000
17		1358	2619.510757000
6	0		2619.542888000
17		41	2619.588945000
17		1358	2619.590599000
17		41	2619.635093000
6	1418		2619.652834000
17		1358	2619.659457000
17		41	2619.680813000
17		1358	2619.727895000
17		41	2619.772926000
17		1358	2619.796423000
17		41	2619.818887000
17		1358	2619.847314000
17		41	2619.865484000
17		1358	2619.898961000
6	0		2619.910821000
6	1418		2619.912079000
17		41	2619.957614000
17		1358	2619.959832000
17		41	2620.003416000
6	1418		2620.004162000
17		1358	2620.011868000
17		1358	2620.063478000
17		41	2620.095178000
17		1358	2620.114019000
17		41	2620.140946000
17		1358	2620.165397000
6	0		2620.187433000
6	1418		2620.188678000
17		41	2620.233459000
17		1358	2620.235152000
17		41	2620.278934000
17		1358	2620.286893000
17		41	2620.325161000
17		1358	2620.338439000
6	1418		2620.361308000
17		41	2620.371201000
17		1358	2620.389853000
17		46	2620.417304000
17		1358	2620.441584000
17		41	2620.508795000
17		1358	2620.510457000
6	0		2620.555050000
6	1418		2620.556289000
17		41	2620.601511000
17		1358	2620.603173000
17		41	2620.647428000
17		1358	2620.655225000
17		41	2620.693244000
17		1358	2620.706518000
6	1418		2620.707144000
17		1358	2620.756942000
17		41	2620.785268000
17		1358	2620.807617000
17		41	2620.831187000
17		1358	2620.858598000
17		41	2620.876870000
17		1358	2620.910391000
6	0		2620.923043000
6	1418		2620.924324000
17		41	2620.968873000
17		1358	2620.971015000
17		41	2621.015480000
17		1358	2621.017171000
6	1418		2621.053016000
17		41	2621.061035000
17		1358	2621.062702000
17		41	2621.153320000
17		1358	2621.155464000
17		41	2621.198983000
17		1358	2621.224144000
17		41	2621.245315000
6	0		2621.291482000
17		41	2621.291510000
6	1418		2621.292729000
17		1358	2621.293300000
17		41	2621.337432000
17		1358	2621.344125000
17		41	2621.383235000
17		1358	2621.395442000
6	1418		2621.398936000
17		41	2621.429074000
17		1358	2621.446504000
17		1358	2621.496133000
17		41	2621.521712000
17		1358	2621.546377000
17		41	2621.567265000
17		1358	2621.597701000
6	0		2621.612857000
6	1418		2621.614119000
17		46	2621.658810000
17		1358	2621.660437000
17		41	2621.705079000
17		1358	2621.711457000
6	1418		2621.744727000
17		41	2621.751264000
17		1358	2621.762754000
17		41	2621.843028000
17		1358	2621.844586000
17		41	2621.888880000
17		1358	2621.895939000
17		41	2621.935238000
17		1358	2621.947981000
6	0		2621.981533000
17		41	2621.981575000
6	1418		2621.982906000
17		1358	2621.999848000
17		41	2622.027259000
6	1418		2622.055997000
17		41	2622.072941000
17		41	2622.119044000
6	1418		2622.194336000
17		41	2622.210809000
17		41	2622.257242000
6	0		2622.303198000
6	1418		2622.332672000
17		41	2622.348873000
17		1358	2622.350101000
17		41	2622.395143000
17		1358	2622.401544000
17		41	2622.441328000
17		1358	2622.452385000
6	1418		2622.471020000
17		41	2622.487477000
17		1358	2622.503528000
17		41	2622.579115000
17		1358	2622.580802000
6	0		2622.625249000
6	1418		2622.701590000
6	0		2622.717768000
17		41	2622.717809000
17		1358	2622.719438000
17		41	2622.763233000
17		1358	2622.770150000
17		41	2622.809650000
17		1358	2622.822206000
17		1358	2622.872305000
17		46	2622.901509000
17		1358	2622.922396000
6	1418		2622.932152000
17		41	2622.947344000
17		1358	2622.972754000
6	0		2622.993522000
17		1358	2623.024551000
17		41	2623.039050000
17		1358	2623.074705000
17		41	2623.085490000
17		1358	2623.124632000
17		41	2623.131703000
6	1418		2623.162726000
17		1358	2623.174796000
17		41	2623.177663000
17		41	2623.223473000
17		1358	2623.225120000
17		1358	2623.276980000
6	1418		2623.314048000
17		41	2623.315218000
17		1358	2623.326660000
17		41	2623.361106000
17		1358	2623.377553000
17		41	2623.407731000
17		1358	2623.428108000
6	0		2623.452969000
6	1418		2623.465361000
17		1358	2623.478511000
17		41	2623.499164000
17		1358	2623.529216000
17		41	2623.545582000
17		1358	2623.580009000
17		41	2623.591326000
6	1418		2623.616678000
17		1358	2623.630076000
17		1358	2623.681017000
17		41	2623.683262000
17		41	2623.729435000
17		1358	2623.731092000
6	1418		2623.767996000
17		41	2623.775505000
17		1358	2623.781977000
6	0		2623.821077000
6	673		2623.821145000
6	0		2623.822529000
6	67		2623.823831000
6	31		2623.825864000
6	39		2623.827593000
17		1358	2623.832174000
17		41	2623.867208000
17		1358	2623.883031000
17		41	2623.913344000
6	1418		2623.919334000
17		1358	2623.933435000
17		41	2623.959437000
17		1358	2623.984065000
17		41	2624.005535000
17		1358	2624.035656000
17		46	2624.051480000
6	1418		2624.070645000
17		33	2624.077778000
17		1358	2624.086006000
17		41	2624.097340000
17		1358	2624.135830000
6	0		2624.143517000
17		1358	2624.187064000
6	0		2624.188845000
6	39		2624.188865000
17		41	2624.188874000
6	0		2624.195193000
6	1418		2624.221961000
17		41	2624.235551000
17		1358	2624.237231000
17		41	2624.281075000
17		1358	2624.287475000
17		1358	2624.338755000
6	1418		2624.373260000
17		41	2624.373573000
17		1358	2624.389681000
17		41	2624.418920000
17		1358	2624.439412000
17		41	2624.465687000
17		1358	2624.491134000
6	0		2624.510859000
6	1418		2624.524603000
17		1358	2624.541089000
17		41	2624.557317000
17		1358	2624.592175000
17		41	2624.603293000
17		1358	2624.643054000
17		41	2624.649243000
6	1418		2624.675959000
17		1358	2624.693026000
17		41	2624.741818000
17		1358	2624.743493000
17		1358	2624.784548000
17		41	2624.787345000
17		1358	2624.824626000
6	0		2624.833174000
17		41	2624.833203000
6	1418		2624.834411000
17		1358	2624.866230000
17		41	2624.879220000
17		1358	2624.905826000
17		41	2624.925688000
17		1358	2624.946968000
17		41	2624.971468000
6	1418		2624.978599000
17		1358	2624.987008000
17		1358	2625.028416000
17		41	2625.063079000
17		1358	2625.068225000
17		41	2625.109523000
17		1358	2625.135581000
17		41	2625.154864000
6	0		2625.200996000
6	1418		2625.202232000
17		1358	2625.202800000
17		46	2625.247079000
6	1418		2625.262765000
17		1358	2625.270799000
17		41	2625.292966000
17		1358	2625.338122000
17		41	2625.338856000
6	1418		2625.383819000
17		41	2625.385084000
17		849	2625.405534000
17		41	2625.477116000
6	1418		2625.504864000
17		41	2625.522897000
6	0		2625.569365000
17		41	2625.615121000
17		41	2625.661348000
17		41	2625.707391000
17		41	2625.753636000
17		41	2625.844895000
6	0		2625.891529000
6	1418		2625.892790000
17		41	2625.937339000
6	1418		2625.968464000
17		41	2625.983247000
17		912	2626.028827000
17		36	2626.029549000
17		1358	2626.031357000
17		1358	2626.031381000
17		1358	2626.031385000
17		1358	2626.031389000
17		1358	2626.031394000
17		1358	2626.031398000
17		1358	2626.031402000
17		1358	2626.031406000
17		1358	2626.031410000
17		1358	2626.031415000
6	0		2626.075047000
17		1358	2626.082689000
6	1418		2626.119782000
17		1358	2626.133086000
6	0		2626.166881000
17		41	2626.166909000
17		44	2626.213783000
17		33	2626.241052000
17		41	2626.259287000
6	1418		2626.265854000
17		41	2626.305163000
17		41	2626.350961000
17		41	2626.397074000
17		1358	2626.399008000
6	1418		2626.411961000
17		41	2626.443643000
17		1358	2626.445274000
17		41	2626.489450000
17		1358	2626.497136000
17		41	2626.535375000
17		1358	2626.547813000
6	1418		2626.558049000
17		41	2626.581520000
17		1358	2626.599625000
17		41	2626.627213000
17		1358	2626.641775000
17		1358	2626.681628000
17		41	2626.718997000
17		1358	2626.720566000
17		1358	2626.762542000
6	0		2626.765269000
6	1418		2626.766656000
17		41	2626.811282000
17		1358	2626.812616000
6	1418		2626.850238000
17		41	2626.904065000
17		1358	2626.904671000
17		41	2626.949621000
17		1358	2626.972913000
17		41	2626.995313000
6	0		2626.995352000
6	1418		2626.996593000
17		1358	2627.024224000
17		41	2627.087280000
17		1358	2627.088727000
17		41	2627.133430000
17		1358	2627.139693000
17		41	2627.179267000
17		1358	2627.191780000
17		41	2627.225131000
17		1358	2627.243595000
17		41	2627.270883000
17		1358	2627.294895000
6	0		2627.317155000
17		46	2627.317182000
6	1418		2627.318392000
17		33	2627.344641000
17		1358	2627.346288000
6	1418		2627.391450000
17		41	2627.409503000
17		1358	2627.411176000
17		41	2627.455442000
17		1358	2627.462157000
6	0		2627.501714000
6	1418		2627.537550000
17		41	2627.547337000
17		1358	2627.548800000
17		41	2627.593736000
17		1358	2627.600703000
17		41	2627.638879000
17		1358	2627.652587000
6	1418		2627.683653000
17		41	2627.685741000
17		1358	2627.704123000
17		41	2627.730881000
17		1358	2627.756387000
17		41	2627.777514000
17		1358	2627.808247000
17		41	2627.869429000
17		1358	2627.871226000
6	0		2627.914851000
6	1418		2627.916114000
17		41	2627.961336000
17		1358	2627.962633000
6	1418		2627.989164000
17		41	2628.007722000
17		1358	2628.009416000
17		41	2628.053555000
17		1358	2628.055278000
17		41	2628.099888000
17		1358	2628.101470000
17		41	2628.145234000
17		1358	2628.169559000
6	0		2628.191826000
6	1418		2628.193083000
17		41	2628.237146000
17		1358	2628.238860000
6	1418		2628.281343000
17		41	2628.282961000
17		1358	2628.307214000
17		41	2628.329339000
17		1358	2628.358787000
17		41	2628.375287000
17		1358	2628.410559000
17		41	2628.466992000
17		1358	2628.468747000
6	0		2628.513119000
6	1418		2628.514395000
17		46	2628.558993000
17		1358	2628.560535000
6	1418		2628.572835000
17		41	2628.605645000
17		1358	2628.612112000
17		41	2628.651181000
17		1358	2628.663928000
6	1418		2628.689780000
17		1358	2628.715334000
17		41	2628.743251000
17		1358	2628.766402000
6	0		2628.789680000
6	1418		2628.806653000
17		41	2628.835614000
17		1358	2628.837238000
17		41	2628.881787000
17		1358	2628.890075000
17		41	2628.927658000
17		1358	2628.942952000
17		41	2628.973324000
17		1358	2628.995936000
17		41	2629.065024000
17		1358	2629.066686000
6	0		2629.111479000
6	1418		2629.112713000
17		41	2629.156889000
17		1358	2629.158987000
6	1418		2629.185850000
17		41	2629.202940000
17		1358	2629.211618000
17		41	2629.295756000
17		1358	2629.296854000
17		41	2629.340884000
17		1358	2629.349849000
6	0		2629.387407000
17		41	2629.387437000
6	1418		2629.388662000
17		1358	2629.392225000
17		41	2629.433052000
17		1358	2629.434749000
6	1418		2629.477954000
17		41	2629.479450000
17		1358	2629.481516000
17		41	2629.525078000
17		1358	2629.550992000
17		41	2629.571544000
17		1358	2629.621490000
17		41	2629.663157000
17		1358	2629.690872000
6	0		2629.708845000
6	1418		2629.710092000
17		41	2629.755347000
17		1358	2629.757251000
6	1418		2629.783170000
17		46	2629.801274000
17		1358	2629.810385000
17		41	2629.847165000
17		1358	2629.863691000
17		41	2629.938971000
17		1358	2629.940818000
17		41	2629.984900000
17		1358	2629.993226000
6	0		2630.031024000
17		41	2630.031055000
6	1418		2630.032271000
17		1358	2630.046800000
17		41	2630.077507000
17		1358	2630.099026000
6	1418		2630.105303000
6	131		2630.122819000
6	0		2630.123905000
6	1305		2630.169259000
17		41	2630.169289000
17		41	2630.169296000
6	0		2630.170301000
17		1358	2630.170963000
6	68		2630.174915000
6	62		2630.175925000
6	70		2630.177775000
17		1358	2630.223048000
17		41	2630.261109000
17		1358	2630.275435000
6	0		2630.307470000
6	1418		2630.308781000
17		41	2630.353509000
17		1358	2630.355153000
6	1418		2630.397505000
17		41	2630.398827000
17		1358	2630.408076000
17		41	2630.445773000
17		1358	2630.460824000
17		41	2630.491668000
17		1358	2630.512875000
17		41	2630.582903000
17		1358	2630.584634000
17		41	2630.628902000
17		1358	2630.637529000
6	0		2630.675067000
6	1418		2630.676366000
6	0		2630.721575000
6	39		2630.721603000
17		41	2630.721613000
17		1358	2630.723277000
6	0		2630.727611000
6	1418		2630.749368000
17		41	2630.767505000
17		1358	2630.769212000
17		41	2630.813392000
17		1358	2630.815066000
17		41	2630.905306000
17		1358	2630.906970000
6	0		2630.951471000
17		41	2630.951498000
6	1418		2630.952741000
17		1358	2630.977350000
17		46	2630.997342000
6	1418		2631.012372000
17		33	2631.023563000
17		41	2631.043749000
17		1358	2631.045474000
17		41	2631.089662000
17		1358	2631.100013000
6	1418		2631.129251000
17		41	2631.135346000
17		1358	2631.150622000
17		1358	2631.202546000
17		41	2631.226956000
6	1418		2631.246097000
17		1358	2631.254180000
6	0		2631.272945000
17		41	2631.319320000
17		1358	2631.321535000
17		41	2631.365369000
17		1358	2631.374138000
17		41	2631.411615000
17		1358	2631.426182000
17		41	2631.503596000
17		1358	2631.504591000
6	0		2631.549768000
6	1418		2631.551012000
17		41	2631.595716000
17		1358	2631.597596000
6	1418		2631.624045000
17		41	2631.641205000
17		1358	2631.650935000
17		41	2631.687647000
17		1358	2631.703238000
17		41	2631.733130000
17		1358	2631.755385000
6	0		2631.779635000
6	1418		2631.780967000
17		41	2631.824827000
17		1358	2631.826753000
17		41	2631.871013000
17		1358	2631.879593000
6	1418		2631.909079000
17		41	2631.917001000
17		1358	2631.932293000
17		41	2631.963333000
17		1358	2631.984546000
17		41	2632.008875000
17		1358	2632.037655000
17		41	2632.100923000
17		1358	2632.102632000
6	0		2632.147453000
6	1418		2632.148697000
17		41	2632.192968000
17		1358	2632.194687000
6	1418		2632.218154000
17		46	2632.239152000
17		33	2632.265460000
17		41	2632.285371000
17		1358	2632.286815000
17		41	2632.330901000
17		1358	2632.356482000
17		41	2632.376978000
6	0		2632.423133000
6	1418		2632.424376000
17		1358	2632.426979000
17		41	2632.469063000
6	1418		2632.479947000
17		1358	2632.496650000
17		41	2632.515282000
17		1358	2632.549719000
17		41	2632.561123000
6	1418		2632.591092000
17		1358	2632.601653000
17		41	2632.606907000
6	0		2632.653259000
17		1358	2632.654337000
6	0		2632.654549000
17		41	2632.699055000
6	1418		2632.702184000
17		1358	2632.711501000
6	0		2632.744865000
17		41	2632.790962000
17		1358	2632.792117000
17		41	2632.836841000
17		1358	2632.849318000
17		41	2632.929457000
17		1358	2632.930598000
6	0		2632.975751000
6	1418		2632.976992000
17		41	2633.021037000
17		1358	2633.022875000
6	1418		2633.046522000
17		41	2633.066893000
17		1358	2633.079718000
17		41	2633.112885000
17		1358	2633.136753000
17		41	2633.158835000
17		1358	2633.193760000
6	0		2633.205065000
6	1418		2633.206448000
17		41	2633.251092000
17		1358	2633.252244000
17		41	2633.297439000
17		1358	2633.309567000
6	1418		2633.320983000
17		41	2633.343253000
17		1358	2633.366835000
17		41	2633.389007000
17		1358	2633.424572000
17		46	2633.480972000
17		1358	2633.482722000
6	0		2633.527137000
6	1418		2633.528398000
17		41	2633.572799000
17		1358	2633.574481000
6	1418		2633.596186000
17		41	2633.619288000
17		1358	2633.632387000
17		41	2633.665302000
17		1358	2633.678864000
17		41	2633.757326000
17		1358	2633.759019000
6	0		2633.803493000
6	1418		2633.804753000
17		1358	2633.834650000
17		41	2633.849174000
6	1418		2633.872518000
17		41	2633.895754000
17		1358	2633.909287000
17		41	2633.941637000
17		1358	2633.966833000
17		1358	2634.022513000
17		41	2634.032861000
6	0		2634.078938000
17		1358	2634.079284000
6	1418		2634.080166000
17		41	2634.125131000
17		1358	2634.136714000
6	1418		2634.147976000
17		41	2634.171141000
17		41	2634.216982000
17		1358	2634.218749000
17		41	2634.309104000
17		1358	2634.310810000
6	0		2634.355277000
6	1418		2634.356529000
17		41	2634.401069000
17		1358	2634.402738000
6	1418		2634.424368000
17		41	2634.447535000
17		1358	2634.459132000
17		41	2634.493475000
17		1358	2634.516606000
17		1358	2634.573978000
17		41	2634.584833000
17		1358	2634.630376000
6	0		2634.631372000
6	1418		2634.632600000
17		41	2634.677560000
17		1358	2634.685636000
6	1418		2634.686818000
17		41	2634.723665000
17		1358	2634.742031000
6	1418		2634.795282000
17		1358	2634.799237000
17		41	2634.815263000
17		1358	2634.854622000
6	0		2634.861619000
6	1418		2634.903766000
17		46	2634.906900000
17		1358	2634.912121000
17		41	2634.952924000
17		1358	2634.969485000
17		41	2634.999111000
17		1358	2635.025904000
17		41	2635.045579000
17		1358	2635.083334000
17		41	2635.137496000
17		1358	2635.138669000
6	0		2635.183582000
17		41	2635.183609000
17		1358	2635.184744000
6	1418		2635.184814000
6	1418		2635.252608000
17		41	2635.275438000
17		1358	2635.277169000
17		41	2635.321469000
17		1358	2635.352981000
6	0		2635.367657000
6	1418		2635.388190000
17		41	2635.413110000
17		1358	2635.428995000
17		41	2635.459302000
17		1358	2635.485893000
17		41	2635.505346000
6	1418		2635.511895000
17		1358	2635.542303000
17		41	2635.551047000
17		41	2635.597430000
17		1358	2635.599137000
17		41	2635.643562000
17		1082	2635.656269000
6	0		2635.735715000
6	1418		2635.736964000
17		41	2635.781011000
6	1418		2635.798812000
17		41	2635.827348000
17		41	2635.919354000
6	0		2635.965522000
6	1418		2635.966802000
17		41	2636.010834000
6	1418		2636.046212000
17		41	2636.056937000
17		828	2636.103485000
17		36	2636.104271000
17		1358	2636.106098000
17		1358	2636.106120000
17		1358	2636.106125000
17		1358	2636.106130000
17		1358	2636.106134000
17		1358	2636.106138000
17		1358	2636.163255000
6	0		2636.195654000
6	1418		2636.196917000
17		1358	2636.219405000
6	0		2636.287250000
17		41	2636.287279000
6	1418		2636.293636000
17		44	2636.333771000
17		1358	2636.335454000
17		41	2636.379275000
17		1358	2636.392361000
6	1418		2636.417373000
17		41	2636.425517000
17		1358	2636.448949000
17		41	2636.471596000
17		1358	2636.505869000
17		41	2636.517529000
6	1418		2636.541016000
17		1358	2636.550043000
17		41	2636.563248000
17		1358	2636.594648000
17		1358	2636.640060000
17		41	2636.654940000
17		1358	2636.684905000
6	0		2636.701663000
6	1418		2636.702903000
17		1358	2636.729965000
6	0		2636.747475000
17		41	2636.747502000
6	0		2636.748489000
17		1358	2636.774414000
6	1418		2636.788424000
17		41	2636.793417000
17		1358	2636.843426000
17		41	2636.885678000
17		1358	2636.912292000
17		41	2636.931546000
6	0		2636.977749000
6	1418		2636.979002000
17		1358	2636.981372000
17		41	2637.023284000
17		1358	2637.032660000
6	1418		2637.040877000
17		41	2637.069558000
17		1358	2637.084966000
17		41	2637.115131000
17		1358	2637.136390000
17		41	2637.161063000
17		1358	2637.188429000
17		41	2637.207502000
17		1358	2637.239633000
17		41	2637.252923000
17		1358	2637.291927000
6	0		2637.299081000
6	1418		2637.300396000
17		1358	2637.343292000
17		41	2637.345111000
6	1418		2637.349905000
17		41	2637.391361000
17		1358	2637.395257000
17		1358	2637.447273000
6	1418		2637.448820000
17		41	2637.483401000
17		1358	2637.499488000
17		46	2637.529270000
6	1418		2637.547803000
17		1358	2637.549854000
6	0		2637.574876000
17		1358	2637.602094000
17		41	2637.620996000
17		1358	2637.653374000
17		41	2637.667011000
17		1358	2637.706283000
17		41	2637.713375000
17		1358	2637.758714000
17		41	2637.759297000
17		41	2637.804961000
17		1358	2637.811596000
17		1358	2637.864079000
17		41	2637.897379000
17		1358	2637.915815000
6	0		2637.943090000
17		41	2637.943124000
6	1418		2637.944391000
17		1358	2637.968474000
17		41	2637.988956000
6	1418		2638.006222000
17		1358	2638.021148000
17		41	2638.081394000
17		1358	2638.082168000
6	0		2638.127662000
6	1418		2638.129934000
17		41	2638.173356000
17		1358	2638.174384000
17		41	2638.218873000
17		1358	2638.220171000
6	1418		2638.253601000
17		41	2638.265339000
17		1358	2638.266701000
17		41	2638.311585000
17		1358	2638.336654000
17		41	2638.357748000
17		41	2638.403627000
17		1358	2638.404954000
17		41	2638.448841000
17		1358	2638.475862000
17		41	2638.495066000
17		41	2638.541216000
17		1358	2638.542625000
6	0		2638.587344000
6	1418		2638.588583000
17		1358	2638.595629000
17		41	2638.633755000
17		1358	2638.648599000
6	1418		2638.650409000
17		46	2638.679549000
17		1358	2638.700046000
17		1358	2638.751539000
17		41	2638.771418000
17		1358	2638.802899000
17		41	2638.817158000
17		1358	2638.855420000
6	0		2638.863298000
6	1418		2638.864642000
17		41	2638.909529000
17		1358	2638.910631000
6	1418		2638.926517000
17		41	2638.955734000
17		1358	2638.962856000
17		41	2639.001593000
17		1358	2639.015288000
17		41	2639.047007000
17		1358	2639.067699000
17		41	2639.093274000
17		1358	2639.120449000
17		41	2639.184939000
17		1358	2639.186645000
6	0		2639.231167000
6	1418		2639.232412000
17		1358	2639.238787000
17		41	2639.277109000
17		1358	2639.291222000
6	1418		2639.294245000
17		41	2639.322980000
17		1358	2639.343974000
17		41	2639.369216000
17		1358	2639.396289000
17		41	2639.414974000
17		1358	2639.449081000
17		41	2639.507349000
17		1358	2639.508730000
6	0		2639.553617000
6	1418		2639.554864000
17		41	2639.599049000
17		1358	2639.600743000
6	1418		2639.616703000
17		41	2639.645132000
17		1358	2639.652902000
17		41	2639.690952000
17		1358	2639.705085000
17		41	2639.737109000
17		1358	2639.757894000
17		41	2639.783443000
17		1358	2639.800178000
17		41	2639.875417000
17		1358	2639.877148000
17		1358	2639.919202000
6	0		2639.921837000
6	1418		2639.923134000
17		46	2639.967302000
17		1358	2639.968642000
6	1418		2639.985011000
17		41	2640.013165000
17		1358	2640.038926000
17		41	2640.059058000
17		41	2640.104924000
17		1358	2640.108846000
17		1358	2640.178818000
17		41	2640.196942000
6	0		2640.243149000
6	1418		2640.244442000
17		1358	2640.247803000
6	1418		2640.293968000
17		41	2640.305536000
17		1358	2640.307285000
17		41	2640.367058000
17		1358	2640.368748000
6	1418		2640.392943000
17		41	2640.429323000
17		1358	2640.431823000
17		41	2640.491187000
6	1418		2640.491803000
17		1358	2640.493075000
17		41	2640.553348000
17		1358	2640.555053000
17		1358	2640.607995000
17		41	2640.677230000
17		1358	2640.679185000
6	0		2640.739535000
17		41	2640.801586000
17		1358	2640.803362000
17		41	2640.863462000
17		1358	2640.865119000
17		41	2640.925421000
17		1358	2640.927161000
17		41	2641.049695000
17		1358	2641.051362000
6	0		2641.110899000
6	1418		2641.112162000
17		41	2641.173461000
6	1418		2641.174030000
17		1358	2641.175257000
17		41	2641.235387000
17		1358	2641.236295000
17		41	2641.359457000
17		1358	2641.361119000
6	0		2641.420848000
6	1418		2641.422180000
17		41	2641.483245000
6	1418		2641.484028000
17		1358	2641.484378000
17		41	2641.544948000
17		1358	2641.546198000
17		1358	2641.589163000
17		46	2641.607473000
17		1358	2641.629925000
17		41	2641.669437000
17		1358	2641.671413000
17		41	2641.731086000
17		1358	2641.740920000
17		41	2641.793628000
17		1358	2641.810502000
17		41	2641.855064000
17		1358	2641.880510000
6	0		2641.979186000
6	1418		2641.980448000
17		41	2642.040869000
6	1418		2642.042277000
17		1358	2642.042555000
17		41	2642.103579000
17		1358	2642.105408000
17		41	2642.164982000
17		1358	2642.166792000
6	0		2642.289285000
6	1418		2642.290517000
17		41	2642.351161000
17		1358	2642.351883000
6	1418		2642.352354000
17		46	2642.413597000
17		1358	2642.415304000
17		41	2642.475543000
17		1358	2642.477205000
17		1358	2642.530424000
17		41	2642.537602000
17		242	2642.581193000
17		41	2642.599768000
17		41	2642.661365000
17		41	2642.723401000
6	0		2642.847187000
6	1418		2642.848453000
17		41	2642.909127000
6	1418		2642.910273000
17		41	2642.971503000
17		41	2643.033394000
17		41	2643.157005000
6	0		2643.219366000
6	1418		2643.220800000
17		41	2643.281099000
6	1418		2643.282489000
17		41	2643.343349000
17		828	2643.405738000
17		36	2643.406450000
17		129	2643.407119000
17		1354	2643.407141000
17		1358	2643.407148000
17		1358	2643.407154000
17		1358	2643.407179000
17		1358	2643.407185000
17		1358	2643.407191000
17		1358	2643.407196000
17		1358	2643.407202000
17		1358	2643.448884000
17		1358	2643.491668000
6	0		2643.529218000
6	1418		2643.530443000
6	1418		2643.592376000
6	0		2643.653146000
17		44	2643.653175000
17		1358	2643.654311000
17		41	2643.715517000
6	1418		2643.715976000
17		1358	2643.724625000
17		41	2643.777583000
17		1358	2643.794700000
17		41	2643.839201000
6	1418		2643.843416000
17		41	2643.900901000
17		1358	2643.902601000
17		41	2643.963479000
17		1358	2643.965217000
17		41	2644.024900000
17		1358	2644.026688000
17		41	2644.087266000
17		1358	2644.089005000
17		41	2644.148963000
17		1358	2644.150728000
17		41	2644.211154000
17		1358	2644.213076000
6	0		2644.335459000
6	1418		2644.336775000
17		41	2644.397376000
17		1358	2644.399094000
6	1418		2644.400400000
17		41	2644.521618000
17		1358	2644.523333000
17		41	2644.583277000
6	0		2644.583308000
6	1418		2644.584547000
17		1358	2644.585014000
17		41	2644.644865000
17		1358	2644.646586000
17		41	2644.707032000
17		1358	2644.708885000
17		41	2644.768831000
17		1358	2644.770682000
6	561		2644.831169000
6	39		2644.831200000
17		41	2644.831211000
17		1358	2644.832983000
6	39		2644.833009000
6	0		2644.833085000
6	0		2644.833091000
6	69		2644.834034000
6	31		2644.835749000
6	39		2644.836650000
17		41	2644.892871000
17		1358	2644.894623000
17		41	2644.954902000
17		1358	2644.956358000
6	0		2645.017071000
6	1418		2645.018396000
6	1418		2645.069347000
17		41	2645.079783000
17		1358	2645.081727000
6	1418		2645.171297000
17		46	2645.202907000
17		1358	2645.204714000
6	0		2645.265723000
6	1418		2645.273227000
17		41	2645.327729000
17		1358	2645.329468000
17		41	2645.389760000
17		1358	2645.402584000
17		41	2645.451594000
17		1358	2645.457857000
17		41	2645.513307000
17		1358	2645.514657000
17		1358	2645.569579000
6	0		2645.575607000
6	39		2645.575632000
6	35		2645.575640000
6	0		2645.582169000
6	0		2645.582198000
17		41	2645.637672000
17		1358	2645.639357000
17		41	2645.699277000
17		1358	2645.700952000
6	0		2645.823475000
17		41	2645.823501000
6	1418		2645.824709000
17		1358	2645.825217000
6	1418		2645.905421000
17		41	2645.947420000
17		1358	2645.949205000
6	0		2646.008884000
6	1418		2646.066828000
17		41	2646.071689000
17		1358	2646.073396000
17		41	2646.132858000
17		1358	2646.134521000
17		41	2646.195521000
17		1358	2646.197230000
6	1418		2646.228248000
17		41	2646.257875000
17		1358	2646.259626000
17		1358	2646.319379000
17		41	2646.319424000
17		1358	2646.321821000
17		1358	2646.321851000
17		1358	2646.321856000
17		1086	2646.321860000
17		41	2646.381711000
17		41	2646.443033000
17		41	2646.566963000
17		1358	2646.566991000
17		1358	2646.568171000
6	379		2646.629185000
6	1418		2646.630443000
17		41	2646.691552000
17		1358	2646.692818000
6	1418		2646.711135000
6	0		2646.752844000
17		41	2646.815761000
17		1358	2646.816776000
17		1358	2646.868352000
6	1418		2646.872557000
17		41	2646.877454000
17		1358	2646.891236000
17		1358	2646.965448000
17		46	2647.000828000
17		33	2647.027196000
6	1418		2647.033975000
17		1358	2647.038592000
17		1358	2647.063494000
17		49	2647.125374000
6	0		2647.125413000
17		49	2647.187551000
6	1418		2647.195403000
17		174	2647.249347000
17		630	2647.250751000
17		102	2647.250790000
17		33	2647.275678000
17		169	2647.311055000
17		33	2647.312182000
6	0		2647.373486000
6	1418		2647.374773000
17		41	2647.435456000
17		1358	2647.436302000
17		1358	2647.510811000
6	0		2647.559342000
17		41	2647.559375000
6	1418		2647.560634000
17		1358	2647.584165000
17		171	2647.621548000
17		35	2647.622652000
17		1358	2647.656455000
17		41	2647.683334000
17		1358	2647.730740000
17		41	2647.744787000
17		1358	2647.804093000
6	0		2647.807146000
6	1418		2647.808419000
17		41	2647.869263000
17		1358	2647.876758000
6	1418		2647.889113000
17		1358	2647.950813000
17		41	2647.993215000
17		41	2647.993246000
17		1358	2648.023895000
6	0		2648.055409000
6	1418		2648.056633000
17		1358	2648.096181000
17		41	2648.117424000
17		1358	2648.169972000
17		41	2648.179384000
6	1418		2648.200502000
17		1358	2648.242676000
17		41	2648.303764000
17		1358	2648.316162000
6	1418		2648.350474000
17		41	2648.364987000
17		1358	2648.390656000
17		41	2648.426952000
17		1358	2648.462587000
6	0		2648.489117000
6	1418		2648.500459000
17		1358	2648.536263000
17		41	2648.551751000
17		1358	2648.610108000
6	1418		2648.650503000
17		41	2648.675239000
17		1358	2648.682641000
17		41	2648.736925000
17		1358	2648.756645000
6	0		2648.799087000
17		1358	2648.829422000
17		41	2648.861748000
17		1358	2648.903201000
17		41	2648.923738000
17		1358	2648.961948000
17		1358	2649.020272000
17		41	2649.047196000
17		1358	2649.079234000
17		41	2649.109495000
17		1358	2649.138108000
6	0		2649.171874000
6	1418		2649.173100000
17		1358	2649.195061000
17		41	2649.233146000
6	1418		2649.248094000
17		1358	2649.254184000
17		41	2649.295237000
17		1358	2649.312787000
17		46	2649.357486000
17		1358	2649.371842000
17		41	2649.419127000
17		1358	2649.430986000
6	0		2649.481281000
6	1418		2649.482545000
17		1358	2649.489211000
17		41	2649.543127000
17		1358	2649.547422000
6	1418		2649.557558000
17		41	2649.605517000
17		1358	2649.646016000
17		41	2649.666848000
17		41	2649.729250000
17		1358	2649.743779000
17		41	2649.791406000
17		1358	2649.840145000
17		41	2649.852817000
17		41	2649.915303000
17		1358	2649.938153000
17		41	2649.977346000
17		1358	2650.035570000
17		41	2650.101023000
17		1358	2650.131472000
6	0		2650.163165000
17		41	2650.163205000
6	1418		2650.164441000
6	1418		2650.224526000
17		41	2650.225558000
17		1358	2650.227209000
17		41	2650.287817000
17		1358	2650.298842000
6	1418		2650.344459000
17		41	2650.348957000
17		1358	2650.370611000
17		1358	2650.442822000
6	1418		2650.464410000
17		41	2650.473012000
17		1358	2650.514137000
17		41	2650.535405000
6	1418		2650.584421000
17		1358	2650.585383000
6	0		2650.597564000
17		1358	2650.656369000
17		41	2650.659885000
6	1418		2650.704377000
17		41	2650.721663000
17		1358	2650.726560000
17		41	2650.783726000
17		1358	2650.797563000
17		46	2650.845342000
17		1358	2650.869690000
17		41	2650.907697000
17		1358	2650.940283000
17		41	2650.969010000
17		1358	2651.011141000
17		1358	2651.081746000
6	0		2651.093759000
17		41	2651.093789000
6	1418		2651.095006000
17		1358	2651.153017000
17		41	2651.154916000
6	1418		2651.169987000
17		1358	2651.223242000
17		41	2651.279267000
17		1358	2651.295096000
17		41	2651.340883000
17		1358	2651.365082000
6	0		2651.403649000
6	1418		2651.404904000
17		1358	2651.436633000
17		41	2651.465302000
6	1418		2651.479880000
17		1358	2651.507005000
17		1358	2651.578241000
17		41	2651.589829000
17		1358	2651.648683000
17		41	2651.650925000
6	0		2651.713175000
6	1418		2651.714436000
17		1358	2651.719684000
17		41	2651.775200000
6	1418		2651.789410000
17		1358	2651.790793000
17		41	2651.837197000
17		1358	2651.861493000
17		41	2651.899011000
17		1358	2651.931760000
17		41	2651.961712000
17		1358	2652.003386000
17		41	2652.023405000
17		1358	2652.073433000
17		1358	2652.144348000
17		41	2652.147637000
6	0		2652.208866000
6	1418		2652.210132000
17		1358	2652.215673000
17		41	2652.270846000
6	1418		2652.285107000
17		1358	2652.285850000
17		41	2652.332829000
17		1358	2652.356808000
17		41	2652.394998000
17		1358	2652.428125000
17		1358	2652.499411000
17		41	2652.519314000
17		1358	2652.571090000
6	0		2652.580873000
6	1418		2652.582137000
17		1358	2652.641810000
17		46	2652.643289000
6	1418		2652.657106000
17		33	2652.669916000
17		41	2652.705101000
17		1358	2652.712634000
17		41	2652.767142000
17		1358	2652.782979000
17		1358	2652.854391000
17		41	2652.891551000
17		1358	2652.924450000
6	0		2652.953029000
17		41	2652.953102000
6	1418		2652.954311000
17		1358	2652.995564000
17		41	2653.014804000
6	1418		2653.029298000
17		1358	2653.066584000
17		41	2653.076892000
17		1358	2653.137100000
17		41	2653.139277000
17		41	2653.201487000
17		1358	2653.208466000
17		41	2653.263608000
17		1358	2653.278530000
17		1358	2653.349785000
17		41	2653.386845000
17		961	2653.420723000
6	0		2653.449321000
6	1418		2653.450581000
17		41	2653.510954000
6	1418		2653.525587000
17		41	2653.572932000
17		41	2653.634968000
17		41	2653.697123000
17		41	2653.759457000
17		41	2653.821546000
17		41	2653.821569000
17		35	2653.823274000
6	0		2653.883746000
6	1418		2653.885023000
6	1418		2653.945027000
17		41	2653.945595000
17		41	2654.007453000
6	1418		2654.064991000
17		41	2654.069652000
17		41	2654.131306000
6	1418		2654.184988000
17		41	2654.255309000
6	0		2654.317637000
6	1418		2654.318888000
17		41	2654.379762000
6	1418		2654.424954000
17		41	2654.441167000
17		41	2654.503225000
6	1418		2654.544940000
17		41	2654.565733000
17		912	2654.627519000
17		38	2654.628239000
17		1358	2654.629304000
17		1358	2654.629340000
17		1358	2654.629347000
17		1358	2654.629353000
17		1358	2654.629357000
17		1358	2654.629361000
17		1358	2654.629365000
17		1358	2654.629369000
17		1358	2654.629372000
17		1358	2654.629376000
6	1418		2654.664927000
17		1358	2654.686864000
17		1358	2654.742916000
6	0		2654.751300000
6	1418		2654.784913000
17		1358	2654.800521000
17		1358	2654.856483000
6	0		2654.874962000
17		1358	2654.913331000
17		1358	2654.970696000
6	1418		2654.984938000
6	0		2654.999766000
17		1358	2655.027824000
17		1358	2655.083224000
6	0		2655.123303000
17		1358	2655.140754000
6	1418		2655.184869000
17		41	2655.185172000
17		44	2655.247310000
6	0		2655.247341000
17		1358	2655.249016000
17		41	2655.309170000
17		1358	2655.310846000
17		41	2655.371519000
6	1418		2655.384822000
17		1358	2655.406195000
17		41	2655.433403000
17		41	2655.495418000
17		1358	2655.502414000
17		41	2655.557542000
6	1418		2655.584779000
17		1358	2655.598035000
17		41	2655.618893000
17		41	2655.681230000
17		1358	2655.692434000
6	1418		2655.734761000
17		41	2655.743273000
17		1358	2655.787629000
17		1358	2655.857919000
17		41	2655.867302000
6	1418		2655.884807000
17		1358	2655.928546000
17		41	2655.928779000
6	0		2655.990957000
17		1358	2655.999675000
6	1418		2656.034722000
17		41	2656.052831000
17		1358	2656.070229000
17		41	2656.115271000
17		1358	2656.141236000
17		41	2656.177487000
6	1418		2656.184667000
17		1358	2656.212286000
17		41	2656.239477000
17		1358	2656.283385000
6	1418		2656.334665000
17		1358	2656.354141000
17		41	2656.362960000
17		1358	2656.424977000
17		41	2656.425331000
6	1418		2656.483315000
17		41	2656.487137000
17		41	2656.487159000
17		35	2656.489136000
17		1358	2656.495928000
6	0		2656.549499000
17		41	2656.549527000
17		1358	2656.566869000
17		41	2656.611593000
6	1418		2656.631990000
17		1358	2656.635561000
17		1358	2656.703583000
17		41	2656.735656000
17		1358	2656.772252000
6	1418		2656.780663000
17		41	2656.796961000
17		1358	2656.840090000
6	0		2656.859128000
17		1358	2656.909474000
17		41	2656.921320000
6	1418		2656.929314000
17		1358	2656.977072000
17		41	2656.983527000
17		1358	2657.046301000
6	1418		2657.078059000
17		41	2657.106854000
17		1358	2657.114725000
17		41	2657.169012000
17		1358	2657.183090000
6	0		2657.231171000
6	1418		2657.232416000
17		1358	2657.252621000
17		41	2657.293319000
17		1358	2657.320243000
17		41	2657.355274000
6	1418		2657.375334000
17		1358	2657.389567000
17		41	2657.478987000
17		1358	2657.480673000
6	0		2657.541123000
6	1418		2657.542386000
17		1358	2657.550736000
17		41	2657.602874000
17		1358	2657.618218000
17		41	2657.665748000
6	1418		2657.672656000
17		1358	2657.687132000
17		41	2657.789218000
17		1358	2657.790938000
17		41	2657.851214000
17		1358	2657.860493000
6	0		2657.913367000
6	1418		2657.914637000
17		41	2657.975620000
17		1358	2657.977276000
6	1418		2657.988984000
17		41	2658.037600000
17		1358	2658.046369000
17		41	2658.161541000
17		1358	2658.162735000
17		41	2658.223579000
17		1358	2658.232359000
17		46	2658.284818000
17		1358	2658.301730000
6	0		2658.347685000
6	1418		2658.348939000
17		41	2658.408846000
17		1358	2658.409461000
6	1418		2658.423278000
17		1358	2658.478690000
17		41	2658.533427000
17		1358	2658.548432000
17		41	2658.594873000
17		1358	2658.618143000
6	0		2658.656842000
6	1418		2658.658075000
17		41	2658.719370000
17		1358	2658.721032000
6	1418		2658.732398000
17		41	2658.781289000
17		1358	2658.789973000
17		41	2658.905181000
17		1358	2658.906742000
17		41	2658.967038000
17		1358	2658.976332000
6	0		2659.029234000
6	1418		2659.030486000
17		41	2659.091555000
17		1358	2659.093295000
6	1418		2659.104819000
17		41	2659.152940000
17		1358	2659.162650000
17		41	2659.276860000
17		1358	2659.278485000
17		41	2659.339168000
17		1358	2659.340904000
6	0		2659.401873000
17		41	2659.401907000
6	1418		2659.403137000
17		1358	2659.403551000
17		41	2659.463155000
17		1358	2659.464871000
6	1418		2659.477454000
17		41	2659.525580000
17		1358	2659.527257000
17		41	2659.649186000
17		1358	2659.650890000
6	0		2659.711638000
6	1418		2659.712899000
17		41	2659.773136000
17		1358	2659.774822000
6	1418		2659.787246000
17		41	2659.835195000
17		1358	2659.836854000
17		41	2659.897455000
17		1358	2659.928974000
17		41	2659.958995000
17		1358	2660.021581000
17		46	2660.082955000
17		33	2660.109701000
17		1358	2660.113352000
6	0		2660.145186000
17		41	2660.207498000
17		1358	2660.209198000
17		41	2660.269622000
17		1358	2660.300889000
17		41	2660.392902000
17		1358	2660.393174000
6	0		2660.455704000
17		1358	2660.484478000
17		41	2660.517249000
17		1358	2660.554214000
17		41	2660.579710000
17		1358	2660.623390000
17		41	2660.641316000
17		494	2660.692412000
17		41	2660.765538000
6	0		2660.827168000
17		41	2660.888975000
17		41	2660.950843000
17		41	2661.013180000
17		41	2661.137579000
17		41	2661.199346000
6	0		2661.261647000
17		41	2661.261673000
6	1418		2661.262912000
17		41	2661.322796000
6	1418		2661.337237000
17		41	2661.447195000
6	0		2661.509752000
6	1418		2661.510994000
17		41	2661.571640000
17		41	2661.633383000
6	1418		2661.634587000
17		41	2661.695259000
17		41	2661.757263000
17		46	2661.819160000
17		33	2661.845425000
17		41	2661.881686000
17		41	2661.943519000
17		41	2662.005727000
17		41	2662.067007000
17		911	2662.129614000
17		36	2662.130337000
17		1358	2662.131873000
17		1358	2662.131880000
17		1358	2662.131885000
17		1358	2662.131889000
17		1358	2662.131893000
17		1358	2662.131897000
17		1358	2662.131901000
17		1358	2662.131904000
17		1358	2662.131908000
17		1358	2662.131914000
17		1358	2662.201922000
6	0		2662.253305000
6	1418		2662.254554000
17		1358	2662.269752000
6	1418		2662.328889000
17		1358	2662.338776000
6	0		2662.376912000
17		41	2662.376942000
17		44	2662.438825000
17		33	2662.465517000
6	1418		2662.477597000
17		41	2662.501141000
17		41	2662.562817000
17		1358	2662.564756000
17		41	2662.625093000
6	1418		2662.626210000
17		1358	2662.626777000
17		41	2662.686989000
17		1358	2662.696176000
17		41	2662.748807000
17		1358	2662.764186000
6	1418		2662.774884000
17		41	2662.811177000
17		1358	2662.833788000
17		41	2662.873366000
17		1358	2662.901327000
6	1418		2662.923547000
17		41	2662.934900000
17		1358	2662.956765000
17		41	2662.997645000
17		1358	2663.011414000
17		1358	2663.066768000
6	1418		2663.072216000
17		41	2663.121563000
17		1358	2663.123067000
6	0		2663.183805000
6	1418		2663.220893000
17		41	2663.245210000
17		1358	2663.246668000
17		41	2663.368847000
6	1418		2663.369556000
17		1358	2663.370519000
6	0		2663.431256000
17		41	2663.492804000
17		1358	2663.494474000
6	1418		2663.518255000
17		41	2663.554891000
17		1358	2663.564603000
17		1358	2663.634085000
6	1418		2663.666908000
17		41	2663.678997000
17		1358	2663.702053000
17		41	2663.741419000
17		1358	2663.771535000
6	0		2663.803507000
6	672		2663.803535000
6	39		2663.803542000
6	0		2663.805285000
6	0		2663.805309000
6	39		2663.805397000
6	67		2663.807136000
6	31		2663.808420000
6	39		2663.809292000
6	1418		2663.815563000
17		41	2663.865568000
17		1358	2663.866745000
17		41	2663.927662000
17		1358	2663.935828000
6	1418		2663.964297000
17		41	2663.988869000
17		1358	2664.004702000
6	1418		2664.112899000
17		46	2664.112990000
17		1358	2664.114637000
6	0		2664.175350000
17		41	2664.236954000
17		1358	2664.238720000
6	1418		2664.261676000
17		41	2664.360949000
17		1358	2664.362663000
6	1418		2664.410314000
17		41	2664.422950000
17		1358	2664.432428000
6	0		2664.485732000
17		41	2664.547520000
17		1358	2664.549002000
6	1418		2664.558913000
17		1358	2664.618186000
17		41	2664.671037000
17		1358	2664.687169000
6	1418		2664.707601000
6	0		2664.733343000
17		41	2664.733370000
17		1358	2664.756781000
6	0		2664.795116000
6	39		2664.795144000
6	0		2664.801423000
6	1418		2664.856283000
6	0		2664.857111000
17		41	2664.857137000
17		1358	2664.858619000
17		41	2664.919588000
17		1358	2664.928269000
6	1418		2665.004923000
17		41	2665.043268000
17		1358	2665.044032000
6	0		2665.105405000
6	1418		2665.153586000
17		41	2665.167318000
17		1358	2665.168975000
17		41	2665.228823000
17		1358	2665.231179000
6	1418		2665.302271000
17		41	2665.353371000
17		1358	2665.355103000
6	0		2665.414842000
6	1418		2665.450921000
17		41	2665.477240000
17		1358	2665.479015000
17		41	2665.539281000
17		1358	2665.570929000
6	1418		2665.599588000
17		41	2665.663740000
17		1358	2665.665433000
17		41	2665.724799000
6	1418		2665.748254000
17		1358	2665.757786000
6	0		2665.786827000
17		41	2665.848795000
17		1358	2665.850447000
6	1418		2665.896910000
17		41	2665.911054000
17		1358	2665.919874000
17		41	2665.972971000
17		1358	2665.989090000
6	0		2666.035279000
6	1418		2666.045590000
17		46	2666.097402000
17		1358	2666.099066000
6	1418		2666.194265000
17		41	2666.221420000
17		1358	2666.222386000
17		41	2666.283507000
17		1358	2666.291662000
6	1418		2666.342937000
6	0		2666.344951000
17		41	2666.407342000
17		1358	2666.409031000
6	1418		2666.491601000
17		41	2666.531264000
17		1358	2666.532573000
17		41	2666.593290000
17		1358	2666.602171000
6	1418		2666.640265000
6	0		2666.655096000
17		41	2666.717720000
17		1358	2666.719385000
6	1418		2666.788938000
17		41	2666.841559000
17		1358	2666.843228000
17		41	2666.903471000
17		1358	2666.912511000
6	1418		2666.937601000
6	0		2666.965473000
17		41	2666.965508000
17		1358	2666.982699000
17		41	2667.027697000
17		1358	2667.052444000
6	1418		2667.086264000
17		41	2667.151675000
17		1358	2667.153240000
6	0		2667.212837000
6	1418		2667.234931000
17		41	2667.275232000
17		1358	2667.276917000
17		41	2667.337082000
17		1358	2667.346527000
6	1418		2667.383626000
17		41	2667.460938000
17		1358	2667.462597000
6	1418		2667.502562000
6	0		2667.523276000
17		41	2667.584852000
17		1358	2667.586251000
6	1418		2667.621481000
17		41	2667.647328000
17		1358	2667.649034000
6	1418		2667.740389000
17		41	2667.771188000
17		1358	2667.772074000
6	0		2667.832894000
17		41	2667.895443000
17		1358	2667.897469000
17		41	2667.957430000
17		1358	2667.989427000
17		46	2668.019802000
17		33	2668.046510000
17		41	2668.081692000
17		1358	2668.082700000
6	0		2668.142918000
17		1358	2668.151639000
17		41	2668.204867000
17		1358	2668.220698000
17		41	2668.328782000
17		1358	2668.330481000
17		41	2668.391307000
17		1358	2668.399553000
6	0		2668.452864000
6	1418		2668.454101000
17		41	2668.515661000
17		1358	2668.517376000
17		41	2668.639377000
17		1358	2668.641130000
6	0		2668.700802000
6	1418		2668.702027000
17		41	2668.763263000
17		1358	2668.765250000
6	1418		2668.776422000
17		41	2668.887522000
17		1358	2668.889126000
17		41	2668.949600000
17		910	2668.959472000
17		41	2669.011615000
6	0		2669.073632000
17		41	2669.073660000
6	1418		2669.074890000
17		41	2669.134810000
17		41	2669.197030000
17		41	2669.259043000
17		41	2669.383348000
17		41	2669.445504000
6	0		2669.507044000
6	1418		2669.508296000
17		41	2669.569700000
6	1418		2669.582605000
17		911	2669.692873000
17		36	2669.693614000
17		130	2669.694171000
17		1354	2669.694176000
17		1358	2669.694198000
17		1358	2669.694204000
17		1358	2669.694221000
17		1358	2669.694226000
17		1358	2669.694230000
17		1358	2669.694234000
6	1418		2669.731280000
17		1358	2669.753694000
6	0		2669.755182000
17		1358	2669.812396000
17		1358	2669.871173000
6	0		2669.879416000
17		44	2669.879444000
6	1418		2669.879938000
17		33	2669.906056000
17		41	2669.941079000
17		41	2670.003153000
6	1418		2670.028635000
17		41	2670.065211000
17		1358	2670.066037000
17		41	2670.126848000
17		1358	2670.164686000
6	1418		2670.177312000
17		41	2670.189175000
17		1358	2670.238458000
17		41	2670.251379000
17		1358	2670.313079000
17		41	2670.313482000
6	1418		2670.326014000
17		1358	2670.387516000
17		41	2670.437249000
17		1358	2670.462114000
17		41	2670.499294000
6	0		2670.499325000
6	1418		2670.500552000
17		1358	2670.536396000
17		41	2670.561425000
17		1358	2670.610463000
6	0		2670.685109000
6	1418		2670.686406000
17		41	2670.747754000
17		1358	2670.749407000
6	1418		2670.771953000
17		1358	2670.822893000
17		41	2670.871189000
17		1358	2670.896531000
17		41	2670.933034000
17		1358	2670.970060000
6	0		2670.995009000
6	1418		2670.996280000
17		41	2671.057217000
17		1358	2671.059643000
6	1418		2671.070588000
17		41	2671.119425000
17		1358	2671.133195000
17		41	2671.243303000
17		1358	2671.244995000
17		41	2671.305274000
17		1358	2671.319622000
6	0		2671.367428000
6	1418		2671.368682000
17		41	2671.429750000
17		1358	2671.430841000
6	1418		2671.443001000
17		41	2671.553031000
17		1358	2671.554732000
17		46	2671.615186000
17		1358	2671.616426000
17		41	2671.676909000
17		1358	2671.678517000
6	0		2671.738949000
17		41	2671.738980000
6	1418		2671.740234000
17		1358	2671.740682000
6	1418		2671.815163000
17		41	2671.862916000
17		1358	2671.864324000
17		41	2671.925620000
17		1358	2671.963541000
17		41	2671.987473000
17		1358	2672.037904000
6	0		2672.048943000
6	1418		2672.050234000
17		41	2672.111171000
17		1358	2672.112835000
6	1418		2672.125218000
17		41	2672.235357000
17		1358	2672.237016000
17		41	2672.297668000
17		1358	2672.311980000
17		41	2672.359193000
17		1358	2672.386279000
6	0		2672.421388000
6	1418		2672.422657000
6	1418		2672.482651000
17		41	2672.483594000
17		1358	2672.485613000
6	1418		2672.602624000
17		41	2672.607348000
17		1358	2672.609360000
17		41	2672.669468000
17		1358	2672.683577000
6	1418		2672.722631000
6	0		2672.730870000
17		1358	2672.758163000
17		41	2672.792938000
17		1358	2672.830678000
17		41	2672.917469000
17		1358	2672.919124000
17		41	2672.979147000
17		1358	2672.997522000
17		41	2673.041258000
17		1358	2673.075675000
6	0		2673.102946000
6	1418		2673.104247000
6	1418		2673.179225000
17		41	2673.227406000
17		1358	2673.228857000
6	0		2673.289733000
6	1418		2673.329191000
17		41	2673.351029000
17		1358	2673.352674000
17		41	2673.413603000
17		1358	2673.431058000
6	1418		2673.475294000
17		46	2673.537465000
17		1358	2673.539230000
17		41	2673.599095000
17		1358	2673.600752000
17		41	2673.660961000
17		1358	2673.664006000
17		41	2673.722876000
17		1358	2673.768559000
6	0		2673.785383000
6	1418		2673.786627000
6	1418		2673.859677000
17		1358	2673.871667000
17		41	2673.908960000
6	0		2673.971093000
17		1358	2673.975188000
6	1418		2674.005762000
17		41	2674.033388000
17		1358	2674.054300000
17		41	2674.095045000
17		1358	2674.132849000
6	1418		2674.151859000
17		41	2674.219076000
17		1358	2674.220757000
17		41	2674.281110000
17		1358	2674.298606000
17		41	2674.343244000
17		1358	2674.376941000
17		41	2674.404871000
17		1358	2674.455063000
6	0		2674.467423000
6	1418		2674.468652000
6	1418		2674.541696000
17		41	2674.590982000
17		1358	2674.592388000
6	0		2674.653154000
17		1358	2674.670516000
6	1418		2674.687788000
17		41	2674.715464000
17		1358	2674.748764000
17		41	2674.776946000
17		1358	2674.827199000
6	1418		2674.833901000
6	562		2674.839499000
6	39		2674.839527000
6	0		2674.840826000
6	0		2674.840852000
6	39		2674.840911000
6	69		2674.842330000
6	31		2674.843870000
6	39		2674.844806000
17		41	2674.901426000
17		1358	2674.905553000
17		41	2674.963194000
17		1358	2674.983624000
17		41	2675.024814000
17		1358	2675.061816000
17		41	2675.087303000
6	0		2675.087332000
17		1358	2675.140773000
6	0		2675.211503000
6	1418		2675.212788000
17		41	2675.273324000
17		1358	2675.275027000
6	1418		2675.285833000
17		41	2675.334949000
17		1358	2675.336170000
17		46	2675.459227000
17		1358	2675.460780000
17		41	2675.521138000
17		1358	2675.566069000
6	0		2675.583651000
6	0		2675.583679000
6	39		2675.583686000
6	1418		2675.584920000
6	0		2675.590268000
17		41	2675.645258000
6	1418		2675.657966000
17		1358	2675.671023000
17		41	2675.707310000
17		1358	2675.748895000
17		41	2675.769446000
17		1358	2675.827107000
17		41	2675.831100000
17		41	2675.893321000
17		1358	2675.905938000
6	0		2675.955697000
6	1418		2675.956949000
17		1358	2675.984465000
17		41	2676.017109000
6	1418		2676.029997000
17		1358	2676.062541000
17		41	2676.079728000
17		1358	2676.140732000
17		41	2676.141612000
6	1418		2676.176102000
17		1358	2676.218578000
6	0		2676.265532000
6	1418		2676.322217000
17		41	2676.327822000
17		1358	2676.328447000
17		41	2676.389461000
17		1358	2676.407193000
17		41	2676.451570000
6	1418		2676.468395000
17		1358	2676.485413000
17		41	2676.513410000
17		1358	2676.563535000
17		41	2676.636858000
17		1358	2676.642103000
6	0		2676.699064000
6	1418		2676.700302000
17		41	2676.761322000
17		1358	2676.763038000
6	1418		2676.773334000
17		41	2676.823494000
17		1358	2676.841328000
6	0		2676.947582000
17		41	2676.947611000
6	1418		2676.948836000
17		1358	2676.949303000
17		41	2677.009634000
17		1358	2677.027721000
6	1418		2677.065541000
17		41	2677.071376000
17		1358	2677.090762000
17		46	2677.195493000
17		1358	2677.197162000
17		41	2677.257003000
17		1358	2677.302269000
17		41	2677.319312000
6	0		2677.381684000
6	1418		2677.382926000
17		879	2677.406652000
17		41	2677.442985000
6	1418		2677.455968000
17		41	2677.567043000
6	0		2677.629552000
6	1418		2677.630868000
17		41	2677.690813000
6	1418		2677.748168000
17		41	2677.752957000
17		41	2677.877346000
17		41	2677.938865000
6	0		2678.001055000
6	1418		2678.002295000
17		828	2678.063127000
17		36	2678.063898000
17		130	2678.064622000
17		1354	2678.064636000
17		1358	2678.064640000
17		1358	2678.064644000
17		1358	2678.064648000
17		1358	2678.064651000
6	1418		2678.075340000
6	0		2678.125289000
6	0		2678.126600000
17		1358	2678.143622000
6	0		2678.187734000
17		1358	2678.220837000
6	1418		2678.221418000
17		1358	2678.298537000
6	0		2678.311040000
17		44	2678.311071000
17		33	2678.337499000
6	1418		2678.367559000
17		41	2678.373116000
17		1358	2678.374771000
17		41	2678.435108000
17		1358	2678.454446000
17		41	2678.496907000
6	1418		2678.513624000
17		1358	2678.533127000
17		41	2678.559524000
17		1358	2678.611710000
17		41	2678.621210000
6	1418		2678.630500000
17		1358	2678.689829000
17		41	2678.745132000
6	1418		2678.747382000
17		1358	2678.768052000
6	0		2678.807000000
17		41	2678.807030000
17		1358	2678.845979000
6	1418		2678.864300000
17		41	2678.869212000
17		1358	2678.924994000
17		41	2678.993147000
17		1358	2679.003595000
17		41	2679.054896000
17		1358	2679.066871000
6	0		2679.117106000
6	1418		2679.118352000
17		41	2679.179312000
17		1358	2679.181060000
6	1418		2679.191407000
17		41	2679.241476000
17		1358	2679.285711000
17		41	2679.364879000
17		1358	2679.390075000
6	0		2679.427658000
6	1418		2679.429018000
17		41	2679.489341000
17		1358	2679.493820000
6	1418		2679.502062000
17		41	2679.551238000
17		1358	2679.572612000
17		41	2679.675676000
17		1358	2679.677403000
17		41	2679.736799000
17		1358	2679.756452000
17		41	2679.799512000
17		1358	2679.834043000
6	0		2679.861595000
17		41	2679.861625000
6	1418		2679.862884000
17		1358	2679.913247000
6	1418		2679.935942000
17		46	2679.985365000
17		33	2680.011287000
17		41	2680.047602000
6	0		2680.109781000
6	1418		2680.111106000
17		41	2680.171591000
6	1418		2680.228130000
17		41	2680.295249000
17		1358	2680.296910000
17		41	2680.357531000
17		1358	2680.375319000
17		41	2680.418962000
17		1358	2680.453179000
17		41	2680.481256000
6	0		2680.481285000
6	1418		2680.482509000
17		1358	2680.531213000
17		41	2680.605512000
17		1358	2680.608676000
6	0		2680.667800000
6	1418		2680.669066000
17		1358	2680.686713000
6	1418		2680.742092000
17		1358	2680.763256000
6	0		2680.791171000
17		1358	2680.840723000
17		41	2680.853563000
6	1418		2680.888192000
17		41	2680.914890000
17		1358	2680.919119000
17		1358	2680.980866000
6	1418		2681.026062000
17		41	2681.039330000
17		1358	2681.041296000
17		41	2681.101222000
17		1358	2681.105029000
6	0		2681.163738000
6	1418		2681.164980000
17		1358	2681.167802000
17		41	2681.225130000
17		1358	2681.228974000
17		1358	2681.291342000
6	1418		2681.301584000
17		41	2681.349142000
17		1358	2681.351223000
17		41	2681.410819000
17		1358	2681.415306000
6	0		2681.473961000
6	1418		2681.475211000
17		1358	2681.517638000
17		41	2681.535519000
6	1418		2681.577181000
17		41	2681.597002000
17		1358	2681.621322000
17		41	2681.721449000
17		1358	2681.723163000
17		41	2681.783483000
17		1358	2681.827945000
6	0		2681.845656000
6	1418		2681.846907000
6	1418		2681.902033000
17		41	2681.907032000
17		1358	2681.931149000
17		46	2681.969260000
17		33	2681.995896000
17		1358	2682.009236000
6	1418		2682.012243000
17		1358	2682.086504000
17		41	2682.093463000
6	1418		2682.122503000
17		41	2682.154910000
17		1358	2682.163240000
6	0		2682.217505000
6	0		2682.217532000
6	0		2682.218493000
17		1358	2682.241576000
17		41	2682.279323000
17		1358	2682.318935000
17		1358	2682.395630000
17		41	2682.403242000
17		41	2682.464934000
17		1358	2682.472662000
17		41	2682.526930000
17		1358	2682.551392000
6	0		2682.589128000
6	1418		2682.590380000
17		87	2682.628554000
6	1418		2682.659271000
17		41	2682.713027000
17		41	2682.775423000
6	0		2682.836829000
6	1418		2682.838086000
17		41	2682.899856000
6	1418		2682.934858000
17		41	2682.960845000
17		41	2683.023190000
17		41	2683.085160000
17		41	2683.147461000
17		41	2683.208923000
6	0		2683.271600000
17		41	2683.271631000
6	1418		2683.272884000
17		912	2683.333193000
17		36	2683.333913000
17		1358	2683.334905000
17		1358	2683.334914000
17		1358	2683.334918000
17		1358	2683.334922000
17		1358	2683.334926000
17		1358	2683.334930000
17		1358	2683.334934000
17		1358	2683.334938000
17		1358	2683.334941000
17		1358	2683.334946000
6	0		2683.395336000
6	1418		2683.396579000
17		1358	2683.413166000
17		1358	2683.490565000
6	0		2683.519560000
6	1418		2683.520798000
17		1358	2683.567937000
17		41	2683.581871000
6	1418		2683.617317000
17		44	2683.643057000
17		33	2683.670001000
17		41	2683.705322000
6	0		2683.705360000
6	1418		2683.755114000
17		41	2683.767341000
17		41	2683.829311000
17		41	2683.891380000
17		1358	2683.893061000
17		41	2683.952940000
17		1358	2683.953865000
17		41	2684.015600000
17		1358	2684.032523000
17		41	2684.077394000
17		1358	2684.110347000
17		41	2684.138902000
17		1358	2684.187863000
17		41	2684.263080000
17		1358	2684.264778000
17		41	2684.325055000
17		1358	2684.343461000
6	0		2684.387241000
6	1418		2684.388476000
17		1358	2684.421579000
17		41	2684.449170000
6	1418		2684.457370000
17		1358	2684.498321000
6	0		2684.573727000
17		1358	2684.575829000
6	1418		2684.595165000
17		41	2684.635725000
17		1358	2684.653193000
17		41	2684.697724000
17		1358	2684.715665000
6	1418		2684.732958000
17		41	2684.759551000
17		1358	2684.777064000
17		41	2684.821334000
17		1358	2684.839162000
6	1418		2684.870755000
17		41	2684.883289000
17		1358	2684.901029000
17		41	2684.944850000
17		1358	2684.963951000
17		1358	2685.065787000
17		41	2685.069030000
6	0		2685.131538000
6	1418		2685.132778000
17		1358	2685.170056000
17		41	2685.193289000
6	1418		2685.201658000
17		46	2685.255292000
17		1358	2685.273096000
17		1358	2685.350091000
17		41	2685.379247000
17		1358	2685.427717000
17		41	2685.441195000
6	0		2685.503616000
17		1358	2685.503744000
6	1418		2685.504847000
17		41	2685.565373000
6	1418		2685.573762000
17		1358	2685.579593000
17		41	2685.627055000
17		1358	2685.656159000
17		1358	2685.731160000
17		41	2685.751405000
17		1358	2685.807786000
17		41	2685.813066000
6	0		2685.875226000
6	1418		2685.876478000
17		1358	2685.884504000
17		41	2685.937167000
6	1418		2685.945361000
17		1358	2685.961376000
17		1358	2686.037090000
17		41	2686.061667000
17		1358	2686.113340000
17		41	2686.123503000
17		41	2686.185598000
17		1358	2686.190312000
17		41	2686.247596000
17		1358	2686.268055000
6	0		2686.309755000
6	1418		2686.310996000
17		1358	2686.342938000
6	1418		2686.366185000
17		41	2686.433164000
17		1358	2686.434454000
6	1418		2686.476421000
17		41	2686.495309000
17		1358	2686.511411000
17		41	2686.557229000
6	0		2686.557259000
6	1418		2686.586583000
17		1358	2686.587823000
17		41	2686.619540000
17		1358	2686.664546000
6	1418		2686.696805000
17		41	2686.743084000
17		1358	2686.744857000
6	0		2686.805033000
17		41	2686.805085000
17		1358	2686.822085000
17		41	2686.866993000
17		1358	2686.899761000
17		41	2686.929102000
17		1358	2686.977363000
17		46	2686.991160000
17		33	2687.018226000
17		41	2687.053475000
17		1358	2687.053854000
17		1358	2687.130344000
17		41	2687.177063000
17		1358	2687.207638000
6	0		2687.239649000
6	1418		2687.240905000
17		41	2687.300972000
17		1358	2687.302672000
6	1418		2687.309782000
17		41	2687.424933000
17		1358	2687.426600000
6	0		2687.487304000
6	1418		2687.488547000
17		41	2687.549717000
17		1358	2687.551373000
6	1418		2687.585375000
17		41	2687.611165000
17		1358	2687.653478000
17		41	2687.735457000
17		1358	2687.755932000
17		41	2687.797717000
17		1358	2687.858156000
17		41	2687.859120000
17		41	2687.921331000
17		1358	2687.958946000
17		41	2687.983243000
6	0		2687.983273000
6	1418		2687.984508000
17		1358	2688.035941000
17		41	2688.045097000
17		1358	2688.111106000
17		41	2688.169229000
17		1358	2688.188099000
6	0		2688.231651000
6	1418		2688.232944000
17		1358	2688.263464000
17		41	2688.293347000
6	1418		2688.301784000
17		1358	2688.339783000
17		1358	2688.416147000
17		41	2688.416904000
6	0		2688.479469000
6	1418		2688.480749000
17		1358	2688.491261000
17		41	2688.541280000
17		1358	2688.568099000
6	1418		2688.577368000
17		41	2688.603452000
17		1358	2688.645128000
17		41	2688.665646000
6	1418		2688.715158000
17		1358	2688.721574000
17		41	2688.788807000
17		1358	2688.797683000
17		46	2688.851745000
6	1418		2688.853084000
17		1358	2688.874835000
17		41	2688.913132000
17		1358	2688.950131000
6	0		2688.975307000
6	1418		2688.990747000
17		1358	2689.026714000
17		41	2689.037258000
17		1358	2689.102292000
6	1418		2689.128544000
17		41	2689.161118000
17		1358	2689.179581000
17		41	2689.222849000
17		1358	2689.256834000
6	0		2689.285064000
6	1418		2689.286451000
17		41	2689.347018000
17		1358	2689.348541000
6	1418		2689.404127000
17		41	2689.409511000
17		1358	2689.425801000
17		41	2689.532909000
17		680	2689.534657000
6	0		2689.595633000
17		41	2689.656981000
17		41	2689.781112000
17		41	2689.843195000
6	0		2689.905863000
6	1418		2689.907098000
17		41	2689.966854000
17		41	2690.029352000
17		41	2690.153571000
17		41	2690.214842000
6	0		2690.277069000
6	1418		2690.278319000
17		41	2690.338983000
6	1418		2690.356127000
17		828	2690.462798000
17		36	2690.463641000
17		135	2690.464532000
17		1354	2690.464550000
17		1358	2690.464555000
17		1358	2690.464559000
17		1358	2690.464593000
17		1358	2690.464599000
17		1358	2690.464604000
17		1358	2690.464608000
17		1358	2690.464612000
6	0		2690.525686000
6	1418		2690.526948000
17		1358	2690.541930000
17		1358	2690.617712000
6	0		2690.649003000
17		44	2690.649030000
6	1418		2690.667025000
17		33	2690.674962000
17		41	2690.711205000
17		41	2690.773265000
17		1358	2690.775042000
6	1418		2690.822497000
17		41	2690.835398000
17		1358	2690.837090000
17		41	2690.897696000
17		1358	2690.913432000
17		41	2690.959129000
6	1418		2690.977983000
17		1358	2690.990892000
17		41	2691.021560000
17		1358	2691.068061000
17		41	2691.082972000
17		1358	2691.144698000
17		41	2691.145016000
17		1358	2691.221986000
17		41	2691.269105000
17		1358	2691.298731000
6	0		2691.331467000
6	1418		2691.332735000
17		1358	2691.375186000
17		41	2691.392820000
6	1418		2691.410462000
17		1358	2691.451988000
17		41	2691.517113000
17		1358	2691.521545000
17		41	2691.579147000
17		1358	2691.591242000
6	0		2691.640907000
6	1418		2691.642180000
17		41	2691.703302000
17		1358	2691.704952000
6	1418		2691.721422000
17		41	2691.765225000
17		1358	2691.766950000
17		41	2691.827530000
17		1358	2691.829286000
17		41	2691.889073000
17		1358	2691.890598000
17		41	2691.951311000
17		1358	2691.983094000
17		41	2692.075568000
17		1358	2692.077215000
6	0		2692.137806000
6	1418		2692.139058000
17		41	2692.199622000
17		1358	2692.201494000
6	1418		2692.216797000
17		46	2692.261336000
17		1358	2692.270965000
17		1358	2692.340562000
17		41	2692.385175000
17		1358	2692.408776000
6	0		2692.447001000
6	1418		2692.448263000
17		41	2692.509148000
6	1418		2692.510445000
17		1358	2692.510867000
17		41	2692.571328000
17		1358	2692.580315000
17		41	2692.633021000
6	1418		2692.634817000
17		1358	2692.649978000
17		41	2692.695556000
17		1358	2692.719008000
17		41	2692.757260000
6	1418		2692.759218000
17		1358	2692.789098000
17		41	2692.881247000
17		1358	2692.882480000
6	0		2692.943608000
17		41	2693.005625000
17		1358	2693.006954000
17		41	2693.067053000
17		1358	2693.075955000
17		41	2693.129126000
17		1358	2693.145226000
6	0		2693.191512000
6	1418		2693.192750000
17		41	2693.253645000
17		1358	2693.255335000
6	1418		2693.270494000
17		41	2693.314879000
17		1358	2693.316566000
17		41	2693.439683000
17		1358	2693.441368000
17		41	2693.501302000
17		1358	2693.533591000
6	0		2693.562793000
6	1418		2693.564031000
17		41	2693.624920000
17		1358	2693.626331000
6	1418		2693.641772000
17		41	2693.687363000
17		1358	2693.696306000
17		41	2693.749217000
17		1358	2693.766421000
17		41	2693.811467000
17		1358	2693.835667000
17		41	2693.873499000
17		1358	2693.905817000
17		46	2693.996802000
17		1358	2693.998305000
6	0		2694.059297000
17		41	2694.059332000
6	1418		2694.060549000
17		1358	2694.067763000
17		41	2694.121669000
17		1358	2694.138229000
6	1418		2694.138268000
17		41	2694.183307000
17		1358	2694.207867000
17		41	2694.306966000
17		1358	2694.308608000
6	0		2694.369461000
6	1418		2694.370687000
17		41	2694.431745000
17		1358	2694.433174000
6	1418		2694.449297000
17		41	2694.493392000
17		1358	2694.503385000
17		41	2694.555513000
17		1358	2694.573226000
17		41	2694.617994000
17		1358	2694.642950000
17		41	2694.679544000
17		1358	2694.713214000
17		41	2694.803554000
17		1354	2694.805215000
17		41	2694.865467000
6	0		2694.927842000
6	1418		2694.929111000
17		41	2694.989167000
6	1418		2695.006834000
17		41	2695.113124000
6	0		2695.175655000
6	1418		2695.176899000
17		41	2695.237677000
17		41	2695.298908000
6	1418		2695.317810000
17		41	2695.361391000
17		41	2695.423071000
17		912	2695.485630000
17		36	2695.486356000
17		1358	2695.487806000
17		1358	2695.487826000
17		1358	2695.487830000
17		1358	2695.487835000
17		1358	2695.487840000
17		1358	2695.487846000
17		1358	2695.487852000
17		1358	2695.557225000
6	0		2695.609366000
6	1418		2695.610665000
17		1358	2695.626958000
6	1418		2695.688386000
6	0		2695.732802000
17		41	2695.732834000
17		44	2695.794952000
17		1358	2695.795654000
6	1418		2695.843874000
17		41	2695.857778000
17		1358	2695.865293000
17		41	2695.919117000
17		1358	2695.934815000
17		41	2695.981517000
6	1418		2695.999364000
17		1358	2696.005068000
17		41	2696.043190000
17		1358	2696.075001000
17		41	2696.105267000
17		1358	2696.143739000
17		41	2696.167098000
17		1358	2696.212656000
17		1358	2696.282149000
17		41	2696.290835000
17		1358	2696.351116000
6	0		2696.353539000
6	1418		2696.354792000
17		41	2696.415257000
17		1358	2696.421142000
6	1418		2696.432545000
17		41	2696.539011000
17		1358	2696.541118000
17		41	2696.600814000
6	0		2696.663523000
6	1418		2696.664778000
17		41	2696.725457000
17		1358	2696.727165000
6	1418		2696.743522000
17		41	2696.787056000
17		1358	2696.819616000
17		41	2696.849696000
17		41	2696.910825000
17		1358	2696.913046000
17		41	2696.972924000
17		1358	2696.982130000
17		1358	2697.051488000
17		41	2697.097292000
17		1358	2697.120918000
6	0		2697.158911000
6	1418		2697.160170000
17		1358	2697.189155000
17		41	2697.221051000
6	1418		2697.237906000
17		1358	2697.258196000
17		41	2697.345364000
17		1358	2697.347054000
6	0		2697.407745000
6	1418		2697.408984000
17		41	2697.469459000
17		1358	2697.471125000
17		46	2697.531293000
17		1358	2697.540499000
6	1418		2697.548882000
17		41	2697.593461000
17		1358	2697.610044000
17		41	2697.655091000
17		1358	2697.679941000
17		41	2697.717190000
17		1358	2697.749700000
6	0		2697.840823000
17		41	2697.840854000
6	1418		2697.842129000
17		1358	2697.842176000
17		41	2697.902982000
17		1358	2697.911481000
6	1418		2697.919851000
17		41	2697.965274000
17		1358	2697.981333000
17		41	2698.089616000
17		1358	2698.091358000
17		41	2698.151656000
17		1358	2698.152808000
6	0		2698.213420000
6	1418		2698.214677000
17		41	2698.275487000
17		1358	2698.276835000
6	1418		2698.292509000
17		41	2698.336801000
17		1358	2698.370091000
17		41	2698.398796000
17		1358	2698.462303000
17		41	2698.523242000
17		1358	2698.555434000
17		41	2698.585156000
17		1358	2698.624848000
6	0		2698.647369000
6	1418		2698.648639000
17		41	2698.709121000
17		1358	2698.710338000
6	1418		2698.710807000
17		41	2698.771046000
17		1358	2698.780224000
6	0		2698.833204000
6	1418		2698.835211000
17		1358	2698.850017000
17		41	2698.895374000
17		1358	2698.918876000
6	1418		2698.984230000
17		41	2699.019499000
17		1358	2699.021204000
17		41	2699.081380000
17		1358	2699.091052000
6	1418		2699.133226000
17		41	2699.143312000
17		1358	2699.160921000
17		46	2699.205230000
17		1358	2699.230825000
6	0		2699.267470000
17		41	2699.329003000
17		1358	2699.330675000
17		41	2699.452906000
17		1358	2699.454674000
6	0		2699.515287000
6	1418		2699.516554000
17		41	2699.576820000
17		1358	2699.578555000
6	1418		2699.602124000
17		41	2699.639500000
17		1358	2699.647986000
17		41	2699.763473000
17		1358	2699.764904000
17		1358	2699.820503000
6	0		2699.825639000
6	1418		2699.826885000
17		41	2699.887564000
17		1358	2699.889337000
6	1418		2699.939485000
17		41	2699.948942000
17		1358	2699.950477000
17		41	2700.010900000
17		1358	2700.043697000
17		41	2700.073490000
17		1358	2700.136575000
17		41	2700.196853000
17		1358	2700.228524000
6	0		2700.384448000
17		41	2700.384487000
17		1358	2700.385084000
6	1418		2700.385678000
6	1418		2700.468774000
17		41	2700.571825000
17		1358	2700.573551000
17		41	2700.758034000
17		41	2701.132331000
6	0		2701.132372000
6	1418		2701.133601000
6	1418		2701.216665000
17		41	2701.505997000
17		1358	2701.507726000
17		41	2701.693500000
6	0		2701.693547000
17		1358	2701.695233000
17		41	2701.880581000
17		1358	2701.882265000
17		41	2702.067821000
17		1358	2702.069538000
6	0		2702.441169000
6	1418		2702.442495000
6	1418		2702.525537000
17		41	2702.628312000
17		1358	2702.630067000
17		1358	2702.699775000
17		1358	2702.768610000
17		1358	2702.837949000
17		1358	2702.907287000
6	0		2703.002165000
6	1418		2703.003413000
6	1418		2703.086498000
17		46	2703.189647000
17		1358	2703.191367000
17		1358	2703.261490000
17		41	2703.376802000
17		1358	2703.378524000
17		1358	2703.448522000
17		41	2703.562934000
17		1358	2703.564682000
17		1358	2703.634872000
17		41	2703.750685000
17		1358	2703.752369000
17		1358	2703.822209000
6	673		2703.937070000
6	39		2703.937099000
6	0		2703.939058000
6	0		2703.939091000
6	39		2703.939094000
6	67		2703.940277000
6	31		2703.941741000
6	39		2703.942677000
6	0		2704.124037000
17		41	2704.124066000
6	1418		2704.125285000
17		35	2704.125713000
6	1418		2704.208371000
17		41	2704.311176000
17		1358	2704.311945000
6	1418		2704.374535000
17		1358	2704.381806000
17		1358	2704.450522000
17		41	2704.498096000
17		1358	2704.518967000
6	1418		2704.540694000
17		1358	2704.588284000
17		1358	2704.657200000
17		41	2704.685742000
17		1358	2704.726034000
17		1358	2704.798397000
17		41	2704.871910000
6	561		2704.871943000
17		720	2704.873641000
6	69		2704.874734000
6	31		2704.875752000
6	0		2705.246391000
6	1418		2705.247633000
6	1418		2705.330709000
17		41	2705.433627000
17		41	2705.619918000
17		41	2705.806939000
17		41	2705.806969000
17		37	2705.808616000
17		41	2705.994448000
17		41	2706.181250000
6	0		2706.215639000
17		41	2706.368206000
17		41	2706.555119000
6	0		2706.742069000
6	39		2706.742097000
17		41	2706.742107000
6	0		2706.748142000
6	0		2707.116353000
6	1418		2707.117624000
6	1418		2707.200755000
17		41	2707.303321000
6	1418		2707.366874000
6	1418		2707.533026000
17		41	2707.677725000
17		41	2707.864348000
6	0		2707.864378000
6	1418		2707.865632000
6	1418		2707.948779000
17		41	2708.051652000
17		41	2708.238241000
17		41	2708.425703000
17		41	2708.612231000
6	0		2708.612268000
17		41	2708.612277000
6	1418		2708.613584000
17		37	2708.613933000
6	1418		2708.696550000
17		41	2708.799121000
17		823	2708.799159000
17		36	2708.799909000
17		1358	2708.800763000
17		1358	2708.856729000
17		1358	2708.912530000
17		1358	2708.967465000
6	0		2708.986181000
17		41	2708.986209000
17		1358	2709.021959000
17		1358	2709.076923000
17		1358	2709.133175000
17		1358	2709.188342000
17		1358	2709.243197000
17		1358	2709.297953000
17		1358	2709.352572000
6	0		2709.360259000
6	0		2709.360283000
17		1358	2709.407655000
17		1358	2709.463062000
17		1358	2709.519355000
17		1358	2709.573908000
17		1358	2709.628877000
17		1358	2709.683582000
6	0		2709.734850000
17		1358	2709.738927000
17		1358	2709.793617000
17		1358	2709.849443000
17		1358	2709.905176000
17		1358	2709.959673000
17		1358	2710.014939000
17		1358	2710.070139000
6	0		2710.108695000
6	1418		2710.109944000
17		1358	2710.124381000
17		1358	2710.180176000
17		1358	2710.235507000
17		1358	2710.290452000
17		1358	2710.345719000
17		1358	2710.400708000
6	0		2710.481955000
6	1418		2710.483173000
6	1418		2710.566273000
6	0		2710.856862000
6	1418		2710.858118000
6	1418		2710.941281000
17		44	2711.043404000
17		1358	2711.045108000
17		41	2711.230038000
17		1358	2711.231717000
6	0		2711.253412000
17		41	2711.417520000
17		1358	2711.419211000
17		41	2711.603993000
17		1358	2711.605886000
17		1358	2711.699126000
17		41	2711.790905000
17		1358	2711.792671000
17		41	2711.978458000
17		1358	2711.980163000
17		41	2712.165013000
17		1358	2712.167119000
17		41	2712.352514000
17		1358	2712.354311000
17		41	2712.539501000
17		1358	2712.541082000
17		41	2712.726612000
17		41	2712.913492000
17		41	2713.100637000
17		41	2713.286963000
17		41	2713.474132000
17		41	2713.661371000
17		41	2713.848426000
17		41	2714.035722000
17		41	2714.222074000
17		41	2714.409388000
17		41	2714.409413000
17		35	2714.411085000
17		41	2714.596451000
17		41	2714.783468000
17		41	2714.969959000
17		41	2715.344231000
6	0		2715.531161000
17		41	2715.531189000
6	1418		2715.532399000
6	1418		2715.615471000
17		41	2715.718613000
6	1418		2715.781633000
17		41	2715.905742000
6	1418		2715.947849000
17		41	2716.091960000
6	1418		2716.113966000
6	1418		2716.280115000
6	1418		2716.446420000
6	0		2716.466701000
6	1418		2716.612430000
6	1418		2716.778598000
6	0		2716.840525000
6	1418		2716.944746000
17		41	2717.027026000
6	1418		2717.110907000
17		41	2717.214384000
6	0		2717.214418000
6	1418		2717.277073000
17		41	2717.401394000
6	1418		2717.443248000
17		41	2717.588403000
6	1418		2717.609386000
6	1418		2717.775555000
17		41	2717.775689000
6	1418		2717.941713000
17		41	2717.962159000
17		1358	2717.963726000
6	1418		2718.107866000
17		41	2718.149121000
17		1358	2718.150789000
6	1418		2718.274016000
17		41	2718.336116000
17		1358	2718.337786000
6	1418		2718.440186000
17		41	2718.523292000
17		1358	2718.524966000
6	1418		2718.606367000
17		41	2718.710814000
17		1358	2718.712491000
6	1418		2718.772495000
6	1418		2718.938663000
6	0		2719.084095000
6	1418		2719.104855000
6	1418		2719.270984000
6	1418		2719.437136000
6	0		2719.458411000
6	1418		2719.603283000
6	0		2719.645703000
6	1418		2719.769457000
6	1418		2719.935620000
6	0		2720.018992000
6	1418		2720.101853000
6	1418		2720.267919000
6	0		2720.393452000
6	1418		2720.434074000
6	1418		2720.600246000
6	1418		2720.766425000
6	0		2720.767726000
6	1418		2720.932598000
6	1418		2721.098789000
6	0		2721.141212000
6	0		2721.515635000
17		41	2721.702792000
17		1358	2721.704277000
17		1358	2721.790076000
17		1358	2721.874060000
17		1358	2721.957990000
17		744	2722.042071000
17		46	2722.076395000
17		33	2722.102716000
6	0		2722.263703000
17		41	2722.450441000
17		41	2722.824113000
6	0		2723.011397000
17		41	2723.198185000
6	0		2723.572145000
6	0		2723.946696000
6	0		2724.320237000
6	0		2724.693969000
6	627		2724.881130000
6	39		2724.881157000
6	0		2724.882891000
6	0		2724.882916000
6	39		2724.882921000
6	69		2724.884356000
6	31		2724.885773000
6	39		2724.886705000
6	0		2725.068431000
6	1418		2725.069745000
6	1418		2725.152826000
6	0		2725.442437000
6	1418		2725.443782000
6	1418		2725.526785000
6	0		2725.629724000
6	1418		2725.692993000
6	1418		2725.859115000
17		41	2726.003331000
6	0		2726.003362000
6	1418		2726.025249000
17		41	2726.190422000
6	1418		2726.191380000
6	1418		2726.357568000
17		913	2726.377482000
17		36	2726.378211000
17		1358	2726.381430000
17		1358	2726.466578000
6	1418		2726.523709000
17		1358	2726.550654000
17		41	2726.564192000
17		1358	2726.635160000
17		1358	2726.719201000
6	0		2726.751692000
6	39		2726.751717000
17		41	2726.751724000
6	0		2726.758131000
17		1358	2726.803777000
17		1358	2726.888387000
17		1358	2726.972907000
17		1358	2727.056447000
6	0		2727.125763000
6	1418		2727.127008000
17		1358	2727.141857000
6	1418		2727.210132000
17		1358	2727.224951000
17		1358	2727.309021000
6	1418		2727.376251000
17		1358	2727.394586000
17		1358	2727.478157000
6	0		2727.499443000
6	1418		2727.542445000
17		1358	2727.562980000
17		1358	2727.646944000
6	1418		2727.708570000
17		1358	2727.731975000
17		1358	2727.815151000
6	0		2727.873454000
6	1418		2727.874732000
17		1358	2727.900410000
17		1358	2727.983637000
6	1418		2728.040920000
17		1358	2728.068711000
17		1358	2728.152987000
6	1418		2728.207043000
17		1358	2728.236330000
6	0		2728.247444000
17		1358	2728.321078000
6	1418		2728.373235000
17		1358	2728.405652000
17		41	2728.434524000
17		1358	2728.490553000
6	1418		2728.539380000
17		1358	2728.556985000
17		44	2728.621797000
17		1358	2728.623104000
17		1358	2728.692024000
6	1418		2728.705649000
17		1358	2728.759774000
17		41	2728.808303000
6	0		2728.808330000
17		1358	2728.828109000
6	1418		2728.871684000
17		1358	2728.895287000
17		1358	2728.961634000
17		1358	2729.029405000
6	1418		2729.037866000
17		1358	2729.097230000
17		1358	2729.164366000
17		41	2729.182969000
6	1418		2729.204007000
17		1358	2729.232061000
17		1358	2729.298960000
17		1358	2729.366816000
17		41	2729.369356000
6	0		2729.369383000
6	1418		2729.370135000
17		1358	2729.433959000
17		1358	2729.501796000
6	1418		2729.536315000
17		41	2729.556016000
17		1358	2729.568386000
17		1358	2729.636802000
6	1418		2729.702498000
17		1358	2729.704326000
17		41	2729.743559000
17		1358	2729.772341000
17		1358	2729.838740000
6	1418		2729.868711000
17		1358	2729.906148000
17		41	2729.930389000
17		1358	2729.973628000
6	1418		2730.001583000
17		1358	2730.040947000
17		1358	2730.108352000
17		41	2730.117425000
6	1418		2730.134470000
17		1358	2730.176765000
17		1358	2730.243202000
6	1418		2730.267396000
17		1358	2730.310113000
17		1358	2730.378378000
6	1418		2730.400319000
17		1358	2730.446229000
17		41	2730.491361000
17		1358	2730.513160000
6	1418		2730.533295000
17		1358	2730.581297000
17		1358	2730.647801000
6	1418		2730.666158000
6	0		2730.678942000
17		1358	2730.716224000
17		1358	2730.783182000
6	1418		2730.799097000
17		41	2730.865910000
17		1358	2730.867613000
6	1418		2730.931997000
17		1358	2730.980224000
17		41	2731.052452000
6	1418		2731.064909000
17		1358	2731.093606000
6	1418		2731.197910000
17		1358	2731.206800000
6	1418		2731.330761000
17		41	2731.426133000
17		1358	2731.428121000
17		41	2731.613271000
6	0		2731.613312000
17		1358	2731.615015000
17		41	2731.987704000
17		1358	2731.989444000
17		41	2732.174270000
6	0		2732.174300000
17		1358	2732.175969000
17		41	2732.360920000
17		1358	2732.362692000
17		41	2732.548123000
17		1358	2732.549862000
6	0		2732.735286000
17		41	2732.922328000
17		1358	2732.924044000
17		41	2733.109542000
17		1358	2733.111215000
17		41	2733.483734000
17		1358	2733.485433000
17		46	2733.670265000
6	0		2733.670296000
17		1358	2733.672001000
17		41	2734.044339000
17		1358	2734.046113000
17		41	2734.231263000
6	0		2734.231294000
17		1358	2734.233027000
17		41	2734.605408000
17		1358	2734.607095000
17		41	2734.792055000
6	0		2734.792089000
6	595		2734.792098000
6	0		2734.793119000
17		1358	2734.793704000
6	69		2734.795536000
6	31		2734.796560000
6	39		2734.797485000
17		41	2735.166803000
17		1358	2735.168492000
17		1358	2735.254781000
17		41	2735.353272000
6	0		2735.353304000
17		1358	2735.354995000
17		41	2735.727418000
17		1358	2735.729097000
17		41	2735.914487000
6	0		2735.914515000
17		1358	2735.915929000
17		41	2736.288870000
17		1358	2736.290609000
17		41	2736.475404000
6	0		2736.475432000
17		1358	2736.476780000
17		41	2736.662129000
17		1358	2736.663888000
17		41	2737.036881000
17		1358	2737.038584000
17		41	2737.223257000
6	0		2737.223286000
17		1358	2737.224990000
17		41	2737.597375000
17		1358	2737.599715000
17		41	2737.784229000
6	0		2737.784260000
17		1358	2737.785277000
17		1358	2737.870276000
17		41	2738.158652000
17		1358	2738.160458000
17		41	2738.345296000
6	0		2738.345324000
17		1358	2738.346426000
17		41	2738.719837000
17		41	2738.906299000
6	0		2738.906333000
6	595		2739.280816000
17		46	2739.280852000
6	0		2739.281907000
17		33	2739.307734000
17		41	2739.467418000
6	0		2739.467454000
6	39		2739.483448000
17		41	2739.654273000
17		41	2740.028098000
17		41	2740.215248000
6	0		2740.215280000
6	1418		2740.216532000
17		41	2740.589160000
6	0		2740.776422000
6	1418		2740.777655000
6	1418		2740.860728000
17		41	2740.963552000
6	1418		2741.026888000
17		41	2741.150128000
6	1418		2741.193061000
17		41	2741.524364000
17		41	2741.711249000
6	0		2741.711279000
6	1418		2741.712511000
6	1418		2741.795581000
17		41	2742.085873000
17		41	2742.272325000
6	0		2742.272361000
6	1418		2742.273609000
6	1418		2742.356807000
17		41	2742.646314000
17		41	2742.833268000
6	0		2742.833299000
6	1418		2742.834532000
6	1418		2742.917622000
17		41	2743.207120000
17		41	2743.394302000
6	0		2743.394332000
6	1418		2743.395549000
6	1418		2743.478631000
17		41	2743.580954000
6	0		2743.767930000
17		41	2743.767957000
6	1418		2743.769209000
17		35	2743.769713000
6	1418		2743.852306000
6	696		2743.954978000
6	39		2743.955007000
17		41	2743.955017000
6	0		2743.956075000
6	0		2743.956094000
6	39		2743.956303000
6	67		2743.958022000
6	31		2743.959239000
6	1418		2744.018420000
6	276		2744.085506000
6	1418		2744.184557000
17		41	2744.329175000
6	0		2744.516211000
6	1418		2744.517464000
6	1418		2744.600569000
17		41	2744.703276000
6	1418		2744.766686000
6	626		2744.890104000
6	69		2744.894029000
6	31		2744.895035000
6	1418		2744.932865000
17		42	2745.077175000
17		42	2745.264304000
6	0		2745.264353000
6	1418		2745.265571000
6	1418		2745.348716000
17		42	2745.451582000
17		43	2745.638182000
17		43	2745.825334000
6	1330		2745.825376000
6	0		2745.826765000
17		43	2746.012535000
17		43	2746.199098000
17		43	2746.386538000
17		42	2746.572967000
17		41	2746.760062000
17		41	2746.947288000
6	1228		2747.134408000
17		41	2747.134437000
6	0		2747.135801000
6	89		2747.141425000
6	0		2747.321396000
6	39		2747.321422000
17		41	2747.321429000
6	0		2747.327468000
17		41	2747.508783000
17		41	2747.695037000
17		41	2747.882154000
17		46	2748.069536000
17		35	2748.095840000
17		41	2748.256619000
17		41	2748.443142000
17		41	2748.630222000
17		42	2748.816926000
17		42	2749.004850000
17		42	2749.191190000
17		1358	2749.193060000
17		43	2749.378914000
17		1358	2749.393328000
17		43	2749.565673000
17		1358	2749.593812000
17		43	2749.752514000
17		1358	2749.794683000
6	0		2749.939063000
17		42	2749.939088000
6	93		2749.940509000
17		1358	2749.994587000
6	0		2750.125947000
6	1418		2750.127233000
6	1418		2750.210295000
6	0		2750.313248000
6	1418		2750.376445000
6	0		2750.500772000
6	1418		2750.542625000
6	0		2750.686940000
6	1418		2750.708773000
6	0		2750.874189000
6	1418		2750.874910000
6	1418		2751.041165000
6	0		2751.061438000
6	1418		2751.207269000
6	0		2751.248587000
6	1418		2751.373414000
6	0		2751.435744000
6	1418		2751.539581000
6	0		2751.621907000
6	1418		2751.705740000
6	0		2751.809169000
6	1418		2751.871890000
6	0		2751.996414000
6	1418		2752.038055000
6	0		2752.183494000
6	1418		2752.204208000
6	1418		2752.370348000
6	0		2752.370571000
6	1418		2752.536499000
6	0		2752.557798000
6	1418		2752.702712000
6	0		2752.744053000
6	0		2752.744077000
6	0		2752.744082000
6	0		2752.744086000
6	1418		2752.868846000
6	0		2752.931332000
6	0		2752.931360000
6	1418		2753.034987000
6	0		2753.118467000
6	1418		2753.201235000
6	0		2753.305368000
6	1418		2753.367336000
6	0		2753.492293000
6	1418		2753.533468000
6	0		2753.678941000
6	0		2753.678978000
6	1418		2753.699635000
6	1418		2753.865780000
6	0		2753.866179000
6	1418		2754.031954000
6	1418		2754.198140000
6	0		2754.240505000
6	1418		2754.364277000
6	0		2754.427917000
6	1418		2754.530429000
17		41	2754.614537000
17		1358	2754.616280000
6	1418		2754.696588000
17		1358	2754.776209000
17		41	2754.801555000
6	1418		2754.862776000
17		1358	2754.936716000
6	0		2754.988413000
17		41	2754.988440000
6	1418		2755.028954000
17		1358	2755.095601000
17		41	2755.175005000
6	1418		2755.195064000
17		1358	2755.255692000
6	1418		2755.361205000
17		1358	2755.414945000
6	1418		2755.527381000
6	0		2755.549273000
6	0		2755.549302000
6	0		2755.550498000
17		1358	2755.574400000
6	1418		2755.693523000
17		1358	2755.735004000
6	1418		2755.859691000
17		1358	2755.893659000
6	0		2755.923552000
6	1418		2756.025849000
17		1358	2756.053664000
6	1418		2756.192005000
17		1358	2756.212885000
6	0		2756.297214000
6	1418		2756.358175000
17		1358	2756.371740000
6	1418		2756.524418000
17		1358	2756.531897000
6	0		2756.671506000
6	1418		2756.690498000
17		1358	2756.691798000
17		1358	2756.851316000
6	1418		2756.856649000
17		1358	2757.010022000
6	1418		2757.022815000
6	0		2757.045186000
17		1358	2757.169577000
6	1418		2757.188969000
17		1358	2757.330678000
6	1418		2757.355124000
6	0		2757.419568000
17		1358	2757.489200000
6	1418		2757.521288000
17		1358	2757.649549000
6	1418		2757.687434000
6	0		2757.792952000
17		1358	2757.808608000
6	1418		2757.853623000
17		1358	2757.967740000
6	1418		2758.019767000
17		1358	2758.127910000
6	0		2758.167325000
6	1418		2758.185912000
17		1358	2758.287169000
6	1418		2758.352106000
17		1358	2758.446575000
6	1418		2758.518320000
6	0		2758.541689000
17		1358	2758.606696000
6	1418		2758.684407000
17		1358	2758.766965000
6	1418		2758.850572000
6	0		2758.914979000
17		1358	2758.925505000
6	1418		2759.016791000
17		1358	2759.084803000
6	1418		2759.182866000
17		1358	2759.244306000
6	0		2759.289579000
6	1418		2759.349031000
17		473	2759.404350000
6	1418		2759.515220000
6	0		2759.662958000
6	1418		2759.681349000
6	1418		2759.847509000
6	1418		2760.013667000
6	0		2760.037030000
6	1418		2760.179819000
6	0		2760.317335000
6	1418		2760.345979000
17		41	2760.410205000
6	1418		2760.512137000
17		41	2760.596371000
6	1418		2760.678297000
6	0		2760.689913000
17		41	2760.781972000
6	1418		2760.844454000
17		41	2760.875601000
6	0		2760.968220000
6	1418		2761.010616000
17		41	2761.061740000
17		46	2761.246935000
17		33	2761.273425000
6	0		2761.340398000
17		41	2761.433687000
17		41	2761.619144000
6	0		2761.712767000
17		41	2761.805374000
17		41	2761.991184000
6	0		2762.084565000
17		41	2762.177722000
17		41	2762.363429000
6	0		2762.456328000
17		41	2762.549119000
17		41	2762.642210000
17		41	2762.735257000
6	0		2762.828678000
17		41	2762.921467000
17		41	2763.106990000
6	0		2763.199853000
17		41	2763.293587000
17		41	2763.478937000
6	0		2763.572154000
17		41	2763.664921000
6	0		2763.758724000
6	0		2763.759602000
17		41	2763.851064000
6	0		2763.944433000
17		41	2764.037531000
17		41	2764.223492000
6	0		2764.316587000
17		41	2764.316616000
17		41	2764.501899000
6	0		2764.595380000
17		46	2764.688532000
17		33	2764.715404000
17		41	2764.873912000
6	0		2764.967086000
6	1418		2764.968343000
6	1418		2765.058499000
17		41	2765.059892000
17		41	2765.245864000
6	0		2765.339294000
6	1418		2765.340552000
6	1418		2765.430706000
17		41	2765.432029000
17		821	2765.432051000
17		33	2765.432719000
17		33	2765.433232000
17		1358	2765.437954000
17		41	2765.525288000
6	0		2765.618523000
6	1418		2765.619792000
17		1358	2765.638399000
6	1418		2765.787532000
6	0		2765.803917000
17		1358	2765.837773000
6	1418		2765.964087000
6	0		2765.990289000
17		1358	2766.037301000
6	1418		2766.140634000
6	0		2766.176723000
17		1358	2766.237411000
6	1418		2766.317182000
6	0		2766.361847000
6	1418		2766.490086000
6	0		2766.548844000
6	1418		2766.657869000
6	0		2766.734720000
6	1418		2766.825679000
17		41	2766.827119000
17		1358	2766.828863000
17		44	2766.920346000
17		33	2766.947553000
6	1418		2766.993521000
6	0		2767.013548000
17		1358	2767.029394000
17		41	2767.106586000
6	1418		2767.161246000
17		1358	2767.229159000
17		41	2767.292143000
6	1418		2767.329039000
6	0		2767.385682000
17		1358	2767.428205000
17		41	2767.478354000
6	1418		2767.496826000
17		1358	2767.627454000
17		41	2767.664020000
6	1418		2767.664620000
6	0		2767.757104000
17		1358	2767.827211000
6	1418		2767.832393000
6	0		2767.943020000
6	1418		2768.000221000
17		1358	2768.026661000
6	0		2768.036120000
17		41	2768.036158000
6	1418		2768.168013000
17		41	2768.222258000
17		1358	2768.226132000
6	0		2768.315552000
6	1418		2768.335793000
17		41	2768.408435000
17		1358	2768.425817000
6	1418		2768.503575000
17		41	2768.593973000
17		1358	2768.625090000
6	1418		2768.671367000
6	0		2768.687199000
17		41	2768.780753000
17		1358	2768.824422000
6	1418		2768.837529000
17		41	2768.965973000
6	1418		2769.003684000
17		1358	2769.024445000
6	0		2769.059234000
6	1418		2769.169833000
17		1358	2769.223241000
17		41	2769.245025000
6	1418		2769.336014000
6	0		2769.338641000
17		1358	2769.423115000
17		41	2769.431291000
6	1418		2769.502217000
17		41	2769.617726000
17		1358	2769.622595000
6	1418		2769.668344000
6	0		2769.709914000
17		41	2769.802980000
17		1358	2769.821695000
6	1418		2769.834488000
17		41	2769.895839000
6	0		2769.988974000
6	1418		2770.000645000
17		1358	2770.021116000
6	1418		2770.166794000
17		41	2770.175077000
17		1358	2770.221017000
6	0		2770.268303000
6	1418		2770.332955000
17		41	2770.361121000
17		1358	2770.420007000
6	1418		2770.499115000
17		41	2770.547286000
17		1358	2770.619567000
6	0		2770.640548000
6	1418		2770.665272000
17		41	2770.733669000
17		1358	2770.819681000
6	1418		2770.831424000
17		46	2770.919772000
17		33	2770.946895000
6	1418		2770.997602000
6	0		2771.011971000
17		1358	2771.018203000
6	1418		2771.163748000
17		41	2771.198150000
17		1358	2771.218372000
6	0		2771.291376000
6	1418		2771.329918000
17		41	2771.384649000
17		1358	2771.418096000
6	1418		2771.496060000
17		41	2771.570419000
17		1358	2771.617108000
6	1418		2771.662295000
6	0		2771.663376000
17		41	2771.663402000
17		1358	2771.816846000
6	1418		2771.828450000
17		41	2771.849775000
6	0		2771.942029000
6	1418		2771.994583000
17		1358	2772.015517000
17		41	2772.127843000
6	1418		2772.160760000
17		1358	2772.215559000
6	0		2772.221084000
17		41	2772.314298000
6	1418		2772.326865000
17		1358	2772.415242000
6	1418		2772.459845000
17		41	2772.500185000
6	1418		2772.592693000
6	0		2772.593466000
17		1358	2772.614101000
17		41	2772.685939000
6	1418		2772.719429000
17		1358	2772.814081000
6	1418		2772.846140000
17		41	2772.871827000
6	0		2772.965709000
6	1418		2772.972845000
17		1358	2773.013044000
6	1418		2773.099563000
17		41	2773.150932000
17		1358	2773.212539000
6	1418		2773.226239000
6	0		2773.244129000
17		41	2773.337338000
6	1418		2773.352976000
17		1358	2773.411610000
6	1418		2773.479675000
17		41	2773.522879000
6	1418		2773.606388000
17		1358	2773.610362000
6	0		2773.616277000
17		41	2773.709593000
6	0		2773.802431000
17		1358	2773.809710000
6	1418		2773.817565000
17		41	2773.895087000
17		1358	2774.009937000
6	1418		2774.028771000
6	0		2774.081590000
17		1358	2774.169718000
17		41	2774.174060000
6	1418		2774.239980000
17		1358	2774.329770000
17		41	2774.360059000
6	1418		2774.451174000
6	0		2774.453243000
17		1358	2774.489140000
17		41	2774.639427000
17		1358	2774.648441000
6	1418		2774.662380000
6	0		2774.732843000
17		1358	2774.807623000
6	1418		2774.812333000
6	560		2774.824886000
6	39		2774.824918000
6	0		2774.827058000
6	0		2774.827084000
6	39		2774.827089000
6	69		2774.828318000
6	31		2774.829954000
6	39		2774.830878000
17		41	2774.918602000
6	1418		2774.962315000
17		1358	2774.966503000
17		46	2775.011250000
6	0		2775.011281000
17		33	2775.037724000
6	1418		2775.112281000
17		1358	2775.126261000
17		41	2775.196942000
6	1418		2775.260953000
6	0		2775.290751000
17		41	2775.383220000
17		1358	2775.392281000
6	1418		2775.409625000
17		41	2775.475951000
6	1418		2775.558289000
6	0		2775.569156000
17		1358	2775.658116000
17		41	2775.662403000
6	1418		2775.706973000
17		41	2775.755373000
6	1418		2775.855647000
17		1358	2775.909293000
17		41	2775.941769000
6	1418		2776.004312000
6	0		2776.034013000
6	0		2776.034046000
6	0		2776.034051000
6	0		2776.034058000
17		1358	2776.085847000
6	0		2776.126840000
6	39		2776.126869000
6	0		2776.133479000
6	1418		2776.152974000
17		41	2776.220032000
17		1358	2776.260903000
6	1418		2776.301645000
6	0		2776.313508000
17		41	2776.406067000
17		1358	2776.430387000
6	1418		2776.450316000
17		41	2776.592035000
6	1418		2776.598971000
17		1358	2776.599437000
6	0		2776.685051000
6	1418		2776.747663000
17		1358	2776.768607000
17		41	2776.870890000
6	1418		2776.896391000
17		1358	2776.938315000
6	0		2776.964301000
6	1418		2777.044998000
17		1358	2777.107454000
17		41	2777.150738000
6	1418		2777.193642000
6	0		2777.242969000
17		1358	2777.277611000
17		41	2777.336246000
6	1418		2777.342303000
17		1358	2777.446889000
6	1418		2777.490989000
17		41	2777.522312000
6	0		2777.615480000
17		1358	2777.616622000
17		41	2777.708618000
17		1358	2777.786265000
6	0		2777.894774000
17		1358	2777.954662000
17		41	2777.986803000
17		1358	2778.125040000
6	0		2778.173058000
17		41	2778.173115000
17		41	2778.266250000
17		1358	2778.293835000
17		41	2778.452084000
17		1358	2778.463931000
6	0		2778.545381000
6	1418		2778.546673000
6	1418		2778.621018000
17		1358	2778.633821000
17		41	2778.638238000
17		1358	2778.802848000
17		46	2778.824179000
17		33	2778.850581000
6	0		2778.917382000
6	1418		2778.918645000
17		1358	2778.972699000
6	1418		2778.992974000
17		41	2779.010001000
17		41	2779.103532000
17		1358	2779.142598000
17		41	2779.196508000
17		41	2779.288888000
17		1358	2779.311021000
17		41	2779.382312000
17		41	2779.475160000
17		1358	2779.480758000
17		1358	2779.650874000
6	0		2779.660992000
17		41	2779.661019000
6	1418		2779.662247000
6	1418		2779.736606000
17		41	2779.753955000
17		1358	2779.820447000
6	1418		2779.885239000
17		41	2779.939943000
17		1358	2779.988657000
6	0		2780.033670000
6	1418		2780.033872000
17		41	2780.125861000
17		1358	2780.158606000
6	1418		2780.182575000
17		41	2780.219061000
17		41	2780.312804000
17		1358	2780.327560000
6	1418		2780.331224000
17		41	2780.404953000
6	1418		2780.479880000
17		1358	2780.496324000
6	0		2780.591725000
6	1418		2780.628650000
17		1358	2780.666271000
17		41	2780.684738000
6	1418		2780.777289000
17		1358	2780.836077000
17		41	2780.870246000
6	1418		2780.925898000
6	0		2780.963528000
17		1358	2781.004691000
17		41	2781.056064000
6	1418		2781.074570000
17		1358	2781.174869000
6	1418		2781.223246000
17		41	2781.241870000
6	0		2781.335711000
17		1358	2781.343766000
6	1418		2781.371909000
17		41	2781.428195000
17		1358	2781.512340000
6	1418		2781.520582000
6	0		2781.521368000
17		41	2781.613987000
6	1418		2781.669244000
17		1358	2781.682627000
17		46	2781.799858000
6	1418		2781.817919000
17		33	2781.826676000
17		1358	2781.851491000
6	0		2781.893201000
6	1418		2781.966657000
17		41	2781.986553000
17		1358	2782.020204000
6	1418		2782.115258000
17		1358	2782.156470000
17		41	2782.172382000
6	1418		2782.263921000
6	0		2782.264870000
17		1358	2782.291495000
17		41	2782.358408000
6	1418		2782.412586000
17		1358	2782.427009000
17		41	2782.544307000
6	1418		2782.561241000
17		1358	2782.562922000
6	0		2782.637618000
17		1358	2782.699071000
6	1418		2782.709917000
17		41	2782.823035000
17		1358	2782.833643000
6	1418		2782.858616000
6	0		2782.916513000
6	1418		2783.007288000
17		41	2783.009698000
17		1358	2783.059824000
6	1418		2783.155945000
17		41	2783.195090000
17		1358	2783.285982000
6	0		2783.288310000
17		41	2783.288347000
6	1418		2783.304611000
6	1418		2783.453274000
17		41	2783.473959000
17		1358	2783.511546000
6	0		2783.567696000
6	1418		2783.601943000
17		41	2783.659838000
17		1358	2783.736201000
6	1418		2783.750597000
6	667		2783.846023000
17		41	2783.846057000
6	0		2783.847445000
6	67		2783.849459000
6	31		2783.850456000
6	39		2783.851371000
6	1418		2783.899296000
17		1358	2783.906562000
17		41	2783.939055000
6	0		2784.032178000
6	1418		2784.047938000
17		1358	2784.076067000
17		41	2784.124874000
6	1418		2784.196623000
17		1358	2784.244354000
6	0		2784.311096000
6	1418		2784.345336000
17		41	2784.404636000
17		1358	2784.406358000
6	1418		2784.493933000
17		1358	2784.571292000
17		41	2784.590117000
6	1418		2784.642618000
6	0		2784.682835000
17		1358	2784.732520000
6	1418		2784.791267000
17		41	2784.869251000
17		1358	2784.895847000
6	1418		2784.939959000
6	0		2784.962888000
17		41	2785.055814000
17		1358	2785.057075000
6	1418		2785.088641000
6	0		2785.147939000
6	39		2785.147963000
6	0		2785.154475000
17		1358	2785.221039000
6	1418		2785.237284000
6	0		2785.241113000
17		41	2785.333983000
6	1418		2785.356214000
17		1358	2785.383709000
6	1418		2785.475143000
17		41	2785.519942000
17		1358	2785.547127000
6	1418		2785.594083000
6	0		2785.613082000
17		46	2785.613118000
17		33	2785.639534000
17		233	2785.709562000
6	1418		2785.713001000
17		41	2785.798885000
6	1418		2785.831941000
6	0		2785.892457000
17		41	2785.985108000
17		41	2786.171423000
6	0		2786.263913000
17		41	2786.357310000
17		906	2786.450034000
17		36	2786.450774000
17		1358	2786.454961000
17		41	2786.543291000
17		1358	2786.618367000
6	0		2786.636509000
17		41	2786.729633000
17		1358	2786.781790000
6	0		2786.915248000
17		1358	2786.943402000
17		41	2787.008118000
17		1358	2787.106765000
17		41	2787.194147000
17		1358	2787.270530000
6	0		2787.287474000
17		41	2787.287503000
6	1418		2787.288716000
6	1418		2787.363056000
17		1358	2787.432144000
6	0		2787.472944000
17		41	2787.472976000
6	1418		2787.511707000
17		44	2787.566272000
17		33	2787.592931000
17		1358	2787.595465000
17		41	2787.658993000
6	1418		2787.660387000
17		41	2787.752715000
17		1358	2787.757937000
17		41	2787.844805000
17		1358	2787.920486000
17		41	2787.937980000
17		1358	2788.082873000
6	0		2788.124133000
6	1418		2788.125440000
6	1418		2788.199760000
17		41	2788.217623000
17		1358	2788.245749000
6	1418		2788.348445000
17		41	2788.403188000
17		1358	2788.409170000
6	0		2788.495844000
6	1418		2788.497076000
17		1358	2788.571059000
17		41	2788.589279000
6	1418		2788.645835000
17		41	2788.682376000
17		1358	2788.734779000
17		41	2788.774998000
6	1418		2788.794450000
17		1358	2788.864819000
6	1418		2788.943126000
6	0		2788.961408000
17		1358	2788.994706000
17		41	2789.054398000
6	1418		2789.091776000
17		1358	2789.125586000
17		41	2789.240073000
6	1418		2789.240433000
17		1358	2789.254772000
6	0		2789.333244000
17		1358	2789.384576000
6	1418		2789.389160000
17		41	2789.425978000
17		1358	2789.515423000
17		41	2789.519367000
6	1418		2789.537773000
6	0		2789.611862000
6	1418		2789.686469000
17		41	2789.705817000
17		1358	2789.731285000
6	1418		2789.835133000
17		41	2789.891418000
17		1358	2789.948392000
6	1418		2789.983796000
6	0		2789.984594000
17		41	2790.077329000
6	1418		2790.132457000
17		1358	2790.165886000
17		41	2790.262901000
6	1418		2790.281117000
17		41	2790.356031000
17		1358	2790.382808000
6	1418		2790.429776000
6	0		2790.449531000
17		41	2790.541979000
17		1358	2790.543202000
6	1418		2790.578469000
17		1358	2790.701806000
6	1418		2790.727112000
6	0		2790.727904000
17		46	2790.821275000
17		33	2790.848337000
17		1358	2790.860886000
6	1418		2790.875779000
17		41	2791.006977000
17		1358	2791.021029000
6	1418		2791.024453000
6	0		2791.100408000
6	1418		2791.173122000
17		1358	2791.180005000
17		41	2791.286093000
6	1418		2791.321807000
17		1358	2791.339353000
6	0		2791.379760000
17		41	2791.379788000
6	1418		2791.470476000
17		1358	2791.498987000
17		41	2791.565285000
6	1418		2791.619143000
17		1358	2791.658037000
6	0		2791.658571000
17		41	2791.751130000
6	1418		2791.767805000
17		1358	2791.817582000
6	1418		2791.916462000
17		41	2791.937799000
17		1358	2791.976990000
6	0		2792.030100000
6	1418		2792.065202000
17		41	2792.123094000
17		1358	2792.136202000
6	1418		2792.213834000
17		1358	2792.295334000
6	0		2792.309282000
6	1418		2792.362478000
17		41	2792.402443000
17		1358	2792.454840000
6	1418		2792.517959000
17		41	2792.588025000
17		1358	2792.615044000
6	1418		2792.673443000
6	0		2792.681438000
17		1358	2792.774131000
17		41	2792.774524000
6	1418		2792.828979000
17		1358	2792.932979000
17		41	2792.960070000
6	1418		2792.984399000
6	0		2793.053511000
17		1358	2793.092488000
6	1418		2793.139871000
17		41	2793.145982000
17		41	2793.239103000
17		1358	2793.252523000
6	1418		2793.295379000
6	0		2793.332449000
17		1358	2793.411552000
17		41	2793.425521000
17		1358	2793.571330000
17		41	2793.610996000
6	0		2793.704830000
17		1358	2793.731184000
17		41	2793.797062000
17		1358	2793.890153000
17		41	2793.983427000
17		1358	2794.049580000
6	0		2794.076687000
17		41	2794.169124000
17		1358	2794.209868000
17		41	2794.355075000
17		1358	2794.368910000
6	0		2794.448422000
6	1418		2794.449717000
6	1418		2794.527477000
17		1358	2794.528557000
17		46	2794.541315000
17		33	2794.567978000
17		1358	2794.687703000
17		41	2794.727011000
6	0		2794.819908000
6	631		2794.819933000
6	143		2794.819941000
6	1418		2794.821155000
6	0		2794.821358000
6	0		2794.821375000
6	69		2794.822662000
6	31		2794.823676000
6	39		2794.824586000
17		1358	2794.846750000
6	1418		2794.898882000
17		41	2794.913133000
17		41	2795.006159000
17		1358	2795.006409000
17		41	2795.099817000
17		1358	2795.133902000
17		41	2795.192188000
17		1358	2795.262156000
17		41	2795.285108000
17		41	2795.378251000
17		1358	2795.388184000
17		1358	2795.515734000
6	0		2795.564619000
6	1418		2795.565899000
17		1358	2795.643588000
6	1418		2795.643628000
17		41	2795.657355000
17		41	2795.750035000
17		1358	2795.771089000
6	1418		2795.799134000
6	0		2795.843175000
6	39		2795.843201000
6	0		2795.849128000
17		41	2795.936300000
6	1418		2795.954599000
17		1358	2795.984374000
6	0		2796.029956000
6	1418		2796.110095000
17		41	2796.122755000
17		1358	2796.196955000
17		41	2796.215645000
6	1418		2796.265617000
17		41	2796.308445000
17		41	2796.401402000
17		1358	2796.409090000
6	1418		2796.421069000
17		41	2796.494127000
17		1358	2796.555292000
6	1418		2796.576530000
17		41	2796.680281000
17		1358	2796.697771000
6	1418		2796.732017000
6	0		2796.773518000
17		41	2796.773545000
17		1358	2796.842069000
6	1418		2796.887486000
6	0		2796.959509000
17		1358	2796.977752000
6	1418		2797.042976000
17		41	2797.052726000
17		1358	2797.112582000
6	1418		2797.198491000
17		41	2797.237863000
17		1358	2797.248254000
6	0		2797.330954000
6	1418		2797.353943000
17		1358	2797.383330000
17		46	2797.424403000
17		33	2797.451050000
6	1418		2797.509423000
17		1358	2797.519189000
17		41	2797.610557000
17		1358	2797.653786000
6	1418		2797.664916000
6	0		2797.703735000
17		1358	2797.789905000
17		41	2797.796199000
6	1418		2797.820391000
17		1358	2797.925576000
6	1418		2797.975871000
17		41	2797.982125000
6	0		2798.075307000
6	1418		2798.131368000
17		41	2798.168589000
6	1418		2798.286837000
17		41	2798.353830000
6	1418		2798.442312000
6	0		2798.447247000
17		41	2798.540511000
6	1418		2798.597797000
17		41	2798.633141000
17		1358	2798.635114000
6	0		2798.726360000
6	1418		2798.753280000
17		41	2798.819385000
17		1358	2798.821089000
6	1418		2798.908835000
17		41	2798.912648000
17		1358	2798.957529000
6	1418		2799.064308000
17		1358	2799.093773000
17		41	2799.097926000
6	1418		2799.188697000
6	0		2799.191318000
17		1358	2799.228175000
17		41	2799.283878000
6	1418		2799.313028000
17		1358	2799.363622000
6	1418		2799.437407000
6	0		2799.470047000
17		1358	2799.498838000
6	1418		2799.561798000
17		1358	2799.634659000
6	0		2799.656125000
6	127		2799.656154000
6	1101		2799.656163000
6	0		2799.657241000
6	0		2799.657277000
6	68		2799.663304000
6	93		2799.664292000
6	39		2799.667104000
6	1418		2799.686289000
17		1358	2799.769888000
6	1418		2799.810587000
17		41	2799.841904000
17		1358	2799.905682000
6	1418		2799.934936000
6	0		2799.935102000
17		41	2800.027861000
17		1358	2800.041384000
6	1418		2800.059323000
17		1358	2800.176479000
6	1418		2800.183732000
17		41	2800.213880000
6	0		2800.307227000
6	1418		2800.308093000
17		1358	2800.311591000
17		41	2800.400109000
17		1358	2800.447487000
6	1418		2800.515415000
17		1358	2800.582561000
17		41	2800.585886000
6	0		2800.679263000
17		41	2800.679290000
17		1358	2800.718492000
6	1418		2800.722741000
17		1358	2800.853877000
17		41	2800.865185000
6	1418		2800.930031000
6	0		2800.958699000
17		1358	2800.989141000
6	0		2801.051547000
17		41	2801.051575000
17		1358	2801.124828000
6	1418		2801.137361000
6	39		2801.144880000
6	0		2801.151085000
17		46	2801.237363000
17		1358	2801.259382000
6	0		2801.330534000
6	1418		2801.344657000
17		1358	2801.395587000
17		41	2801.423173000
17		1358	2801.530535000
6	1418		2801.552052000
17		41	2801.608917000
17		1358	2801.665738000
6	0		2801.702533000
6	1418		2801.707440000
17		41	2801.794889000
17		1358	2801.801879000
6	1418		2801.862935000
17		1358	2801.936888000
6	0		2801.981359000
6	1418		2802.018450000
17		1358	2802.071874000
17		41	2802.074092000
17		41	2802.167455000
6	1418		2802.173884000
17		1358	2802.208374000
17		1358	2802.343821000
17		41	2802.353496000
17		41	2802.446250000
6	0		2802.446280000
17		1358	2802.478288000
17		1358	2802.614955000
17		41	2802.632292000
6	0		2802.725491000
17		1358	2802.749591000
17		41	2802.818354000
17		1358	2802.885310000
17		41	2803.004536000
17		1358	2803.020152000
6	0		2803.096968000
17		1358	2803.155760000
17		41	2803.190544000
17		41	2803.283141000
17		1358	2803.291404000
17		1358	2803.426644000
17		41	2803.468969000
6	0		2803.562209000
17		1358	2803.562625000
6	1418		2803.563477000
17		41	2803.655109000
17		1358	2803.697381000
17		1358	2803.805622000
17		41	2803.840967000
17		1358	2803.914246000
6	0		2803.934223000
6	1418		2803.935499000
6	1418		2804.013251000
17		1358	2804.023569000
17		41	2804.027443000
17		1358	2804.131363000
17		41	2804.212924000
17		1358	2804.238952000
17		41	2804.306587000
17		1358	2804.346980000
17		41	2804.399261000
17		1358	2804.456456000
6	0		2804.492359000
17		46	2804.492388000
6	1418		2804.493605000
17		33	2804.518627000
17		1358	2804.564267000
17		41	2804.585671000
17		1358	2804.672824000
17		41	2804.678716000
17		41	2804.770932000
17		1358	2804.780315000
17		41	2804.864060000
17		1358	2804.890112000
17		41	2804.957378000
17		41	2805.050305000
17		1358	2805.069362000
17		41	2805.236598000
17		1358	2805.250944000
17		41	2805.328903000
17		41	2805.422441000
17		363	2805.431088000
6	0		2805.515622000
6	1418		2805.516970000
6	1418		2805.594615000
17		41	2805.700962000
6	1418		2805.750116000
17		41	2805.794221000
17		41	2805.887341000
6	1418		2805.905641000
17		41	2805.979989000
6	1418		2806.061068000
6	0		2806.073191000
17		41	2806.166215000
17		822	2806.166246000
17		33	2806.166937000
17		33	2806.167433000
17		1358	2806.169992000
6	1418		2806.216557000
17		41	2806.259525000
17		1358	2806.292246000
17		41	2806.351872000
6	1418		2806.372030000
17		1358	2806.411673000
17		41	2806.444918000
17		1358	2806.527519000
6	1418		2806.527591000
17		41	2806.537955000
17		41	2806.631245000
17		1358	2806.640832000
6	1418		2806.683001000
17		1358	2806.755454000
6	0		2806.817447000
6	1418		2806.838527000
17		1358	2806.869516000
17		1358	2806.983793000
6	1418		2806.993944000
6	0		2807.003034000
17		41	2807.096794000
17		1358	2807.098640000
6	1418		2807.149513000
17		44	2807.189011000
17		1358	2807.213068000
6	1418		2807.273917000
6	0		2807.282048000
17		1358	2807.325855000
17		41	2807.375006000
6	1418		2807.398234000
17		1358	2807.440844000
6	1418		2807.522612000
17		1358	2807.555051000
17		41	2807.560999000
6	1418		2807.647013000
17		41	2807.654117000
17		1358	2807.668855000
6	0		2807.747504000
6	1418		2807.771358000
17		1358	2807.783081000
17		41	2807.840001000
6	1418		2807.895772000
17		1358	2807.897734000
17		41	2807.932977000
17		1358	2808.011460000
6	1418		2808.020164000
6	0		2808.026168000
17		41	2808.119291000
17		1358	2808.126198000
6	1418		2808.144550000
17		41	2808.212299000
17		1358	2808.239474000
6	1418		2808.268920000
17		1358	2808.354291000
6	1418		2808.393304000
17		41	2808.398116000
17		1358	2808.467561000
6	0		2808.491669000
17		1358	2808.582501000
17		41	2808.583773000
6	1418		2808.600667000
17		1358	2808.697001000
17		41	2808.770333000
6	1418		2808.807919000
17		1358	2808.811393000
6	0		2808.863558000
17		1358	2808.925684000
17		41	2808.956648000
6	1418		2809.015236000
17		1358	2809.039262000
17		41	2809.142374000
17		1358	2809.154694000
6	1418		2809.222549000
6	0		2809.234907000
17		1358	2809.267621000
17		41	2809.327847000
17		1358	2809.382531000
6	1418		2809.429850000
17		1358	2809.496309000
6	0		2809.514737000
17		41	2809.514767000
17		41	2809.607534000
17		1358	2809.609415000
6	1418		2809.637163000
17		41	2809.700219000
17		1358	2809.724749000
17		1358	2809.839236000
6	1418		2809.844465000
17		41	2809.885946000
17		1358	2809.952911000
6	0		2809.978882000
6	1418		2809.999953000
17		1358	2810.067698000
17		41	2810.071981000
6	1418		2810.155449000
17		1358	2810.180778000
17		41	2810.258095000
17		1358	2810.296114000
6	1418		2810.310923000
6	0		2810.351261000
17		1358	2810.409834000
17		46	2810.444456000
6	1418		2810.466407000
17		33	2810.470742000
17		1358	2810.523751000
17		41	2810.537052000
6	1418		2810.621977000
17		1358	2810.638147000
17		41	2810.723267000
17		1358	2810.753095000
6	1418		2810.777370000
6	0		2810.816609000
17		1358	2810.866583000
17		41	2810.909694000
6	1418		2810.932855000
17		1358	2810.981374000
17		41	2811.002715000
6	1418		2811.088329000
17		1358	2811.094371000
17		41	2811.095690000
17		41	2811.188579000
17		1358	2811.209063000
6	1418		2811.243813000
6	0		2811.280915000
17		1358	2811.322757000
17		41	2811.373928000
6	1418		2811.399306000
17		1358	2811.437168000
17		41	2811.466870000
17		1358	2811.551700000
6	1418		2811.554788000
17		41	2811.652970000
17		1358	2811.665896000
17		41	2811.746120000
17		733	2811.779978000
6	0		2811.839378000
6	1418		2811.840631000
6	1418		2811.918363000
17		41	2811.932189000
17		41	2812.025589000
17		41	2812.211174000
6	0		2812.304345000
17		41	2812.397437000
17		41	2812.582903000
6	0		2812.676072000
17		41	2812.768954000
17		41	2812.955657000
6	0		2813.047887000
17		41	2813.141707000
17		41	2813.233907000
17		46	2813.420141000
17		33	2813.447064000
6	0		2813.513489000
17		41	2813.606303000
17		41	2813.792555000
17		41	2813.885050000
6	0		2813.978238000
17		41	2814.071136000
17		907	2814.164204000
17		36	2814.165059000
17		1358	2814.168672000
17		41	2814.257299000
17		1358	2814.284028000
6	0		2814.350469000
6	1418		2814.351728000
17		1358	2814.398120000
6	1418		2814.429478000
17		41	2814.443227000
17		1358	2814.512152000
17		41	2814.536158000
17		1358	2814.625710000
6	0		2814.721993000
17		41	2814.722030000
6	1418		2814.723343000
17		1358	2814.740647000
6	1418		2814.801106000
17		44	2814.815175000
6	661		2814.815206000
6	39		2814.815213000
6	0		2814.816860000
6	0		2814.816885000
6	39		2814.817038000
6	69		2814.818613000
6	31		2814.820338000
6	39		2814.821218000
17		33	2814.841624000
17		1358	2814.854510000
17		41	2814.908324000
17		1358	2814.969366000
17		1358	2815.082603000
17		41	2815.093818000
6	0		2815.187144000
6	1418		2815.188471000
17		1358	2815.197605000
6	1418		2815.266160000
17		41	2815.280051000
17		1358	2815.311252000
6	1418		2815.421650000
17		1358	2815.426250000
17		41	2815.466563000
17		1358	2815.539409000
6	0		2815.559290000
6	0		2815.559318000
6	1418		2815.577113000
6	0		2815.652006000
6	0		2815.652033000
6	0		2815.652041000
6	39		2815.652045000
17		1358	2815.654032000
6	0		2815.658316000
6	1418		2815.732592000
17		41	2815.745431000
17		1358	2815.768279000
17		41	2815.837817000
17		1358	2815.883042000
6	1418		2815.888096000
17		1358	2815.996246000
17		41	2816.024389000
6	1418		2816.043564000
17		1358	2816.110821000
6	0		2816.117707000
6	1418		2816.199044000
17		41	2816.210505000
17		1358	2816.224883000
17		1358	2816.338923000
6	1418		2816.354524000
17		41	2816.396342000
17		1358	2816.452583000
17		41	2816.488893000
6	1418		2816.510006000
17		1358	2816.568253000
6	0		2816.582106000
6	1418		2816.665481000
17		41	2816.675359000
17		1358	2816.681413000
17		1358	2816.795807000
6	1418		2816.820955000
17		41	2816.861648000
17		1358	2816.910127000
17		41	2816.954106000
6	1418		2816.976442000
17		1358	2817.024640000
6	0		2817.047521000
6	1418		2817.131933000
17		1358	2817.138678000
17		41	2817.140748000
17		1358	2817.252792000
6	1418		2817.287417000
17		41	2817.326256000
17		1358	2817.367302000
6	0		2817.418965000
6	1418		2817.442895000
17		1358	2817.481483000
17		41	2817.512402000
17		1358	2817.595517000
6	1418		2817.598371000
17		1358	2817.686821000
17		41	2817.698108000
6	1418		2817.753873000
17		1358	2817.778372000
6	0		2817.791303000
17		1358	2817.869659000
17		41	2817.884461000
6	1418		2817.909355000
17		1358	2817.961013000
17		1358	2818.052916000
6	1418		2818.064838000
17		41	2818.070370000
17		1358	2818.143870000
17		46	2818.163171000
17		33	2818.189141000
6	0		2818.256445000
6	1418		2818.257739000
17		1358	2818.295811000
6	1418		2818.344692000
17		41	2818.349437000
17		1358	2818.447727000
6	1418		2818.469131000
17		41	2818.535060000
6	1418		2818.593473000
17		1358	2818.601081000
6	0		2818.628730000
6	1418		2818.717875000
17		41	2818.720840000
17		1358	2818.752133000
17		41	2818.814285000
6	1418		2818.842307000
17		1358	2818.866690000
17		1358	2818.980727000
17		41	2818.999960000
6	0		2819.093166000
17		41	2819.093194000
17		1358	2819.094761000
17		41	2819.186133000
17		1358	2819.210294000
17		1358	2819.323725000
17		41	2819.372013000
17		1358	2819.438556000
6	0		2819.465155000
6	1418		2819.466510000
17		41	2819.557813000
17		1358	2819.559499000
6	1418		2819.570170000
17		41	2819.651730000
17		1358	2819.674627000
17		41	2819.837737000
17		1358	2819.839417000
17		41	2819.929961000
17		1358	2819.955215000
6	0		2820.022916000
6	1418		2820.024165000
6	1418		2820.101913000
17		41	2820.116693000
17		1358	2820.118439000
17		41	2820.301948000
17		1358	2820.303760000
6	0		2820.364107000
17		41	2820.425895000
17		1358	2820.427590000
6	0		2820.550001000
17		41	2820.611873000
17		1358	2820.613584000
17		41	2820.673841000
17		1358	2820.728481000
6	0		2820.735997000
17		41	2820.798501000
17		1358	2820.843708000
17		41	2820.859817000
17		46	2820.921944000
17		33	2820.948757000
17		1358	2820.958865000
17		41	2820.984118000
17		41	2821.046112000
17		1358	2821.074571000
17		41	2821.108310000
17		1358	2821.188097000
17		41	2821.232317000
6	0		2821.294531000
6	1418		2821.295857000
17		1358	2821.302932000
17		41	2821.356546000
6	1418		2821.373580000
17		1358	2821.415917000
17		41	2821.418594000
17		41	2821.480241000
17		1358	2821.530589000
6	0		2821.604034000
17		41	2821.604067000
6	1418		2821.605349000
17		1358	2821.645058000
17		41	2821.665971000
6	1418		2821.684637000
17		41	2821.728250000
17		1358	2821.759594000
17		41	2821.789858000
17		41	2821.852746000
17		1358	2821.872609000
17		41	2821.913917000
17		41	2821.975821000
17		1358	2821.987387000
17		41	2822.037830000
17		41	2822.100570000
17		1358	2822.102290000
17		1358	2822.215547000
17		41	2822.223850000
6	0		2822.286284000
6	1418		2822.287549000
17		1358	2822.329627000
17		41	2822.348265000
6	1418		2822.365274000
17		41	2822.409890000
17		1358	2822.444742000
17		46	2822.471812000
17		33	2822.498722000
6	1418		2822.520778000
6	0		2822.534450000
17		1358	2822.558164000
17		41	2822.596391000
17		1358	2822.650056000
17		41	2822.658828000
6	1418		2822.676281000
17		41	2822.720521000
17		1358	2822.740541000
17		41	2822.781856000
6	1418		2822.831735000
17		1358	2822.833524000
17		41	2822.844848000
17		1358	2822.924408000
17		41	2822.968674000
6	1418		2822.987215000
17		1358	2823.015621000
6	0		2823.030292000
17		41	2823.091998000
17		1358	2823.107498000
6	1418		2823.142702000
17		41	2823.216557000
17		1358	2823.259532000
17		41	2823.278163000
6	1418		2823.298176000
6	0		2823.339907000
17		41	2823.402191000
17		1358	2823.410615000
6	1418		2823.453639000
17		41	2823.464003000
17		1358	2823.518521000
17		41	2823.526744000
6	0		2823.587996000
6	1418		2823.609121000
17		1358	2823.622037000
17		41	2823.649871000
17		41	2823.712530000
17		1358	2823.724375000
6	1418		2823.764613000
17		1358	2823.819169000
17		41	2823.836422000
6	0		2823.898562000
17		1358	2823.913540000
6	1418		2823.920091000
17		41	2823.960021000
17		1358	2824.008640000
6	1418		2824.075585000
17		41	2824.083855000
17		1358	2824.102579000
6	0		2824.146048000
17		1358	2824.197893000
17		41	2824.208079000
6	1418		2824.231058000
17		41	2824.269989000
17		1358	2824.292544000
17		1358	2824.386501000
6	1418		2824.386548000
17		46	2824.394723000
17		33	2824.421519000
17		41	2824.455984000
17		1358	2824.481936000
6	0		2824.517920000
17		41	2824.517962000
6	1418		2824.542030000
17		1358	2824.575657000
17		41	2824.641791000
17		1358	2824.670841000
6	1418		2824.688126000
17		41	2824.704114000
17		1358	2824.765717000
6	0		2824.766482000
6	638		2824.828404000
17		41	2824.828434000
6	0		2824.829708000
6	69		2824.831768000
6	31		2824.832767000
6	39		2824.833682000
6	1418		2824.834185000
17		1358	2824.860676000
17		41	2824.890197000
17		1358	2824.955115000
6	1418		2824.980322000
17		41	2825.014004000
17		1358	2825.049726000
6	0		2825.076713000
6	1418		2825.126393000
17		41	2825.138276000
17		1358	2825.144763000
17		41	2825.200244000
17		1358	2825.238449000
6	1418		2825.272498000
6	0		2825.324472000
6	39		2825.324499000
17		41	2825.324510000
6	0		2825.331104000
17		1358	2825.333568000
6	0		2825.385998000
6	1418		2825.418579000
17		1358	2825.427839000
17		41	2825.448576000
17		41	2825.510013000
17		1358	2825.523012000
6	1418		2825.564686000
17		1358	2825.617723000
17		41	2825.634020000
6	0		2825.696548000
6	1418		2825.710791000
17		1358	2825.712100000
17		41	2825.758550000
17		1358	2825.805920000
6	1418		2825.856879000
17		41	2825.882185000
17		1358	2825.900629000
6	0		2825.944333000
17		1358	2825.995898000
6	1418		2826.002978000
17		41	2826.005766000
17		41	2826.068212000
17		1358	2826.089925000
6	1418		2826.149097000
17		1358	2826.185127000
17		41	2826.192100000
6	0		2826.254595000
17		1358	2826.278894000
6	1418		2826.295165000
17		41	2826.316451000
17		1358	2826.373702000
17		46	2826.378324000
17		33	2826.404537000
6	1418		2826.441246000
17		1358	2826.467792000
17		41	2826.502696000
17		1358	2826.563684000
17		41	2826.563867000
6	1418		2826.587342000
6	0		2826.626024000
17		1358	2826.657530000
17		41	2826.688456000
6	1418		2826.733452000
17		1358	2826.752596000
17		41	2826.811919000
17		1358	2826.847134000
6	0		2826.874111000
6	1418		2826.879545000
17		41	2826.936183000
17		1358	2826.941939000
17		1358	2827.017419000
6	1418		2827.025624000
17		41	2827.060169000
17		1358	2827.092244000
17		41	2827.122673000
6	1418		2827.142519000
17		1358	2827.168126000
6	0		2827.184007000
17		1358	2827.243157000
17		41	2827.246215000
6	1418		2827.259390000
17		1358	2827.319416000
17		41	2827.370653000
6	1418		2827.376280000
17		1358	2827.394439000
17		41	2827.432594000
17		1358	2827.470347000
6	1418		2827.493247000
6	0		2827.493802000
17		1358	2827.545610000
17		41	2827.556343000
17		41	2827.618770000
17		1358	2827.619768000
6	1418		2827.687969000
17		41	2827.741902000
17		1358	2827.746774000
6	0		2827.804522000
6	712		2827.804554000
6	0		2827.805607000
6	67		2827.808181000
6	31		2827.809105000
6	39		2827.810039000
17		41	2827.866097000
17		1358	2827.873192000
6	1418		2827.882776000
17		41	2827.928445000
17		41	2827.989908000
17		1358	2827.999186000
6	0		2828.052295000
6	1418		2828.077638000
17		41	2828.114228000
17		1358	2828.123936000
17		41	2828.175948000
17		1358	2828.216311000
6	1418		2828.272390000
17		41	2828.300585000
17		1358	2828.309416000
17		46	2828.362748000
17		33	2828.389326000
17		1358	2828.402007000
6	1418		2828.418510000
6	0		2828.423917000
6	0		2828.486649000
6	39		2828.486682000
17		41	2828.486695000
6	0		2828.493028000
17		1358	2828.494713000
17		41	2828.547909000
6	1418		2828.564592000
17		1358	2828.587735000
17		41	2828.671819000
17		1358	2828.676369000
6	1418		2828.710679000
6	0		2828.734408000
17		946	2828.763553000
17		41	2828.796125000
6	1418		2828.856769000
17		41	2828.857905000
17		41	2828.982405000
6	1418		2829.002879000
17		41	2829.044239000
6	0		2829.106386000
6	1418		2829.148983000
17		41	2829.168290000
17		823	2829.230026000
17		36	2829.230787000
17		1358	2829.233782000
17		41	2829.292015000
6	1418		2829.295053000
17		1358	2829.322869000
6	0		2829.354193000
17		1358	2829.410824000
17		41	2829.416264000
6	1418		2829.441147000
17		1358	2829.498876000
6	0		2829.540573000
6	1418		2829.587243000
17		1358	2829.587801000
17		41	2829.602005000
17		44	2829.664140000
17		1358	2829.675355000
6	0		2829.726299000
6	1418		2829.733338000
17		1358	2829.763752000
17		41	2829.788540000
17		41	2829.849961000
17		1358	2829.851847000
6	1418		2829.879435000
17		1358	2829.939649000
17		41	2829.973868000
6	1418		2830.025537000
17		1358	2830.027869000
6	0		2830.036450000
17		41	2830.098140000
17		1358	2830.116001000
6	1418		2830.171634000
17		1358	2830.203448000
17		41	2830.222683000
17		41	2830.283787000
17		1358	2830.292245000
6	1418		2830.317724000
6	0		2830.346285000
17		1358	2830.381330000
17		41	2830.407918000
6	1418		2830.446144000
17		1358	2830.468242000
17		41	2830.532339000
17		1358	2830.557265000
6	1418		2830.574511000
17		41	2830.594478000
17		1358	2830.644793000
6	0		2830.655980000
6	1418		2830.702912000
17		41	2830.718662000
17		1358	2830.733466000
17		41	2830.780064000
17		1358	2830.820929000
6	1418		2830.831326000
17		41	2830.904517000
17		1358	2830.909738000
6	1418		2830.959697000
6	0		2830.965916000
17		1358	2830.980530000
17		41	2831.027781000
17		1358	2831.050348000
6	1418		2831.088163000
17		41	2831.090630000
17		1358	2831.120740000
17		41	2831.152035000
17		1358	2831.190465000
6	0		2831.214293000
6	1418		2831.216492000
17		1358	2831.261539000
17		41	2831.276524000
17		1358	2831.332430000
17		41	2831.337803000
6	1418		2831.344890000
17		1358	2831.450329000
17		41	2831.462025000
6	1418		2831.473266000
6	0		2831.524709000
17		1358	2831.567595000
17		41	2831.586565000
6	1418		2831.601676000
17		46	2831.647914000
17		33	2831.674460000
17		1358	2831.684900000
6	1418		2831.730060000
17		41	2831.772162000
17		1358	2831.802714000
6	1418		2831.832794000
17		41	2831.834080000
17		1358	2831.891111000
6	0		2831.896249000
6	1418		2831.935509000
17		41	2831.958321000
17		1358	2831.978901000
17		41	2832.020776000
6	1418		2832.038191000
17		1358	2832.067501000
6	1418		2832.140927000
17		41	2832.144235000
17		1358	2832.155095000
6	0		2832.206352000
17		41	2832.206385000
17		1358	2832.242909000
6	1418		2832.243594000
17		41	2832.329817000
17		1358	2832.331553000
6	0		2832.392052000
6	1418		2832.393292000
17		1358	2832.419240000
17		41	2832.454773000
17		1358	2832.507788000
6	1418		2832.517519000
17		41	2832.578025000
17		1358	2832.595658000
6	0		2832.639891000
17		1358	2832.683851000
6	1418		2832.688701000
17		41	2832.701848000
17		1358	2832.771804000
6	1418		2832.817128000
17		41	2832.826054000
17		1358	2832.860002000
6	0		2832.888554000
6	1418		2832.945503000
17		1358	2832.947875000
17		41	2832.950241000
17		41	2833.012058000
17		1358	2833.036471000
6	1418		2833.070131000
17		1358	2833.124322000
17		41	2833.136367000
6	1418		2833.194760000
6	0		2833.198731000
17		1358	2833.212737000
17		41	2833.259894000
17		1358	2833.301224000
6	1418		2833.319370000
17		41	2833.383884000
17		1358	2833.389213000
6	1418		2833.443976000
17		41	2833.445920000
17		1358	2833.477006000
6	0		2833.508410000
17		1358	2833.565226000
6	1418		2833.568606000
17		41	2833.570250000
17		1358	2833.653166000
6	1418		2833.693206000
17		41	2833.694005000
17		1358	2833.741324000
6	0		2833.756680000
6	1418		2833.817882000
17		46	2833.818564000
17		1358	2833.829819000
17		41	2833.880008000
17		1358	2833.917306000
6	1418		2833.942439000
17		41	2834.004135000
6	127		2834.004166000
6	1101		2834.004175000
6	0		2834.005151000
6	0		2834.005234000
17		1358	2834.005794000
6	68		2834.011382000
6	93		2834.012378000
6	39		2834.015180000
6	0		2834.065862000
6	1418		2834.067122000
17		1358	2834.094164000
17		41	2834.128324000
17		1358	2834.181585000
17		41	2834.190291000
6	1418		2834.191650000
17		1358	2834.270422000
17		41	2834.314686000
17		1358	2834.358220000
6	0		2834.376774000
17		41	2834.376801000
6	1418		2834.378020000
17		1358	2834.428896000
17		41	2834.438468000
6	1418		2834.440867000
17		1358	2834.499082000
17		41	2834.562283000
17		1358	2834.569815000
6	0		2834.624645000
6	1418		2834.625898000
17		1358	2834.640819000
17		41	2834.685876000
6	1418		2834.690169000
17		1358	2834.709962000
17		1358	2834.781125000
17		41	2834.810104000
17		1358	2834.852141000
17		41	2834.872249000
6	0		2834.934634000
17		1358	2834.970676000
6	0		2834.996530000
6	39		2834.996553000
17		41	2834.996560000
6	0		2835.003062000
17		1358	2835.088521000
17		41	2835.120257000
17		41	2835.181906000
17		1358	2835.207012000
6	0		2835.244105000
17		1358	2835.295755000
17		41	2835.306308000
17		41	2835.368179000
17		1358	2835.383875000
17		1358	2835.473063000
17		41	2835.492325000
6	0		2835.554500000
6	1418		2835.555771000
17		1358	2835.560914000
17		41	2835.616355000
6	1418		2835.618074000
17		1358	2835.649436000
17		41	2835.678096000
17		1358	2835.738350000
17		46	2835.740224000
17		33	2835.766564000
6	0		2835.802685000
6	1418		2835.804033000
17		1358	2835.827531000
17		41	2835.864733000
6	1418		2835.867313000
17		1358	2835.916637000
17		41	2835.926593000
17		41	2835.988671000
17		1358	2836.005525000
17		41	2836.049981000
17		1358	2836.095013000
17		41	2836.112658000
17		41	2836.174203000
17		1358	2836.183033000
17		41	2836.236190000
17		1358	2836.267557000
17		41	2836.298175000
17		1358	2836.353755000
17		41	2836.360601000
17		1358	2836.439203000
17		41	2836.484072000
17		1358	2836.524236000
6	0		2836.546540000
6	1418		2836.547807000
17		41	2836.608432000
17		1358	2836.609510000
6	1418		2836.610074000
17		1358	2836.695890000
17		41	2836.732193000
6	1418		2836.734716000
17		1358	2836.780398000
6	0		2836.794368000
17		41	2836.856580000
6	1418		2836.859337000
17		1358	2836.866654000
17		41	2836.918641000
17		1358	2836.951556000
17		41	2836.979821000
6	1418		2836.984014000
17		1358	2837.036458000
17		41	2837.042614000
17		41	2837.104634000
6	1418		2837.108564000
17		1358	2837.122508000
17		41	2837.166744000
17		1358	2837.208010000
17		41	2837.228632000
6	1418		2837.233207000
17		46	2837.290273000
17		1358	2837.291917000
6	1418		2837.357845000
17		1358	2837.378691000
17		41	2837.413970000
17		1358	2837.464357000
6	0		2837.476142000
6	1418		2837.482443000
17		41	2837.537878000
17		1358	2837.550083000
17		41	2837.600397000
6	1418		2837.607027000
17		1358	2837.635032000
6	0		2837.662623000
17		1358	2837.721232000
17		41	2837.724306000
6	1418		2837.731634000
17		41	2837.786280000
17		1358	2837.806649000
6	1418		2837.856262000
17		1358	2837.874339000
17		41	2837.909790000
17		1358	2837.942450000
6	0		2837.972705000
6	1418		2837.980862000
17		1358	2838.011453000
17		41	2838.034568000
17		1358	2838.079682000
17		41	2838.096529000
6	1418		2838.105487000
17		1358	2838.147639000
17		41	2838.219918000
17		1358	2838.262749000
6	0		2838.282146000
6	1418		2838.283400000
17		41	2838.343868000
6	1418		2838.354723000
17		1358	2838.376360000
17		41	2838.406579000
17		1358	2838.490158000
17		41	2838.530474000
6	0		2838.592613000
17		41	2838.592642000
6	1418		2838.593866000
17		1358	2838.603228000
17		41	2838.654562000
6	1418		2838.656166000
17		1358	2838.689830000
17		1358	2838.774794000
17		41	2838.777899000
6	0		2838.840162000
6	1418		2838.841418000
17		1358	2838.859897000
17		41	2838.901982000
6	1418		2838.905398000
17		1358	2838.945561000
17		41	2838.964020000
17		1358	2839.031686000
17		41	2839.087965000
17		1358	2839.116574000
17		41	2839.149888000
17		1358	2839.202015000
6	0		2839.212040000
6	1418		2839.213296000
6	1418		2839.263143000
17		46	2839.274369000
17		1358	2839.287838000
17		41	2839.336414000
6	1418		2839.362831000
17		1358	2839.373158000
17		1358	2839.458099000
6	0		2839.460566000
6	1418		2839.462505000
17		41	2839.522640000
17		1358	2839.543637000
6	1418		2839.562238000
17		41	2839.584666000
17		1358	2839.628980000
17		41	2839.645949000
6	1418		2839.661971000
6	0		2839.708359000
17		41	2839.770509000
17		41	2839.832254000
17		41	2839.956431000
6	0		2840.017928000
6	1418		2840.019173000
17		41	2840.079934000
6	1418		2840.102250000
17		41	2840.142202000
17		41	2840.204388000
17		41	2840.265910000
6	1418		2840.268399000
6	0		2840.390767000
6	1418		2840.434579000
17		41	2840.451893000
17		361	2840.453698000
17		41	2840.575964000
6	1418		2840.600733000
6	0		2840.638330000
17		41	2840.699952000
6	1418		2840.766884000
17		41	2840.824161000
6	0		2840.886350000
6	1418		2840.933066000
6	0		2841.010537000
6	1418		2841.099189000
6	0		2841.134364000
17		915	2841.134411000
17		36	2841.135240000
17		143	2841.135845000
17		1353	2841.135857000
17		1358	2841.135874000
17		1358	2841.135895000
17		1358	2841.135899000
17		1358	2841.135904000
17		1358	2841.135907000
17		1358	2841.135911000
17		1358	2841.135920000
17		1358	2841.135924000
17		1358	2841.223161000
6	1418		2841.223800000
6	0		2841.258306000
17		1358	2841.307440000
6	1418		2841.348433000
6	0		2841.382040000
17		41	2841.382069000
17		44	2841.444541000
17		41	2841.444571000
17		1358	2841.446245000
6	1418		2841.473063000
17		41	2841.506764000
17		1358	2841.508309000
17		41	2841.568416000
17		1358	2841.594759000
6	1418		2841.597676000
17		41	2841.630442000
17		1358	2841.681482000
17		41	2841.692071000
6	1418		2841.722275000
17		41	2841.754832000
17		1358	2841.768335000
17		41	2841.816565000
17		1358	2841.854841000
17		41	2841.878687000
17		1358	2841.940078000
17		41	2841.940122000
17		41	2842.002167000
17		1358	2842.025118000
17		1358	2842.110844000
17		41	2842.126216000
6	0		2842.126245000
6	1418		2842.127488000
17		1358	2842.196500000
6	0		2842.250033000
17		41	2842.250068000
6	1418		2842.251295000
17		1358	2842.265109000
17		41	2842.311816000
6	1418		2842.314410000
17		1358	2842.323800000
17		41	2842.374149000
17		1358	2842.381852000
17		1358	2842.479338000
17		41	2842.498226000
6	0		2842.559854000
6	1418		2842.561098000
17		1358	2842.577106000
17		41	2842.621862000
6	1418		2842.623410000
17		1358	2842.674881000
17		41	2842.684499000
17		41	2842.746150000
17		1358	2842.747649000
17		41	2842.808229000
17		1358	2842.821351000
17		46	2842.869859000
17		1358	2842.894363000
17		1358	2842.967207000
17		41	2842.994504000
17		1358	2843.039806000
6	0		2843.056645000
6	1418		2843.057910000
17		1358	2843.113756000
17		41	2843.118073000
6	1418		2843.120194000
17		41	2843.180276000
17		1358	2843.187739000
17		41	2843.242435000
17		1358	2843.261941000
17		41	2843.303984000
17		1358	2843.334673000
6	0		2843.366300000
6	1418		2843.367562000
17		1358	2843.408580000
17		41	2843.428025000
6	1418		2843.429849000
17		1358	2843.480765000
17		41	2843.552041000
17		1358	2843.553721000
17		41	2843.614439000
17		1358	2843.628011000
17		41	2843.675995000
17		1358	2843.701570000
17		41	2843.738253000
6	0		2843.738282000
6	1418		2843.739613000
17		1358	2843.775193000
6	1418		2843.789448000
17		41	2843.800749000
17		1358	2843.849172000
17		41	2843.862613000
17		1358	2843.923251000
17		41	2843.986247000
17		1358	2843.997142000
6	0		2844.048838000
6	1418		2844.050098000
17		41	2844.110352000
17		1358	2844.112448000
17		41	2844.172123000
17		1358	2844.186575000
17		1358	2844.259012000
17		41	2844.296311000
17		1358	2844.332786000
6	0		2844.358493000
6	1418		2844.359764000
17		41	2844.420050000
17		1358	2844.421825000
6	1418		2844.422041000
17		41	2844.481931000
17		1358	2844.482853000
17		41	2844.544420000
17		1358	2844.546225000
17		46	2844.605999000
17		33	2844.632493000
17		1358	2844.644316000
17		41	2844.730553000
17		1358	2844.742753000
6	0		2844.791964000
6	631		2844.791990000
6	143		2844.791996000
6	0		2844.793036000
6	0		2844.793069000
6	1418		2844.793222000
6	69		2844.794740000
6	31		2844.795759000
6	39		2844.796687000
17		41	2844.853821000
17		1358	2844.855350000
6	1418		2844.855506000
17		41	2844.915959000
17		1358	2844.930064000
17		41	2844.978801000
17		1358	2845.004202000
17		41	2845.040047000
17		1358	2845.079128000
17		41	2845.102297000
17		1358	2845.153664000
17		41	2845.164292000
17		41	2845.225790000
17		1358	2845.227475000
6	0		2845.288313000
6	1418		2845.289575000
17		1358	2845.301997000
17		41	2845.350567000
6	1418		2845.359615000
17		1358	2845.375123000
17		41	2845.474829000
17		1358	2845.476543000
17		41	2845.536797000
17		1358	2845.549969000
17		41	2845.597890000
17		1358	2845.624522000
17		41	2845.660024000
17		1358	2845.698257000
6	0		2845.722171000
6	0		2845.722207000
6	39		2845.722218000
6	1418		2845.723461000
6	0		2845.728086000
17		41	2845.784765000
17		1358	2845.786456000
6	1418		2845.793482000
17		41	2845.908580000
17		1358	2845.910236000
17		41	2845.970717000
17		1358	2845.984514000
17		41	2846.032701000
17		1358	2846.058059000
17		41	2846.094736000
17		1358	2846.131983000
17		41	2846.156263000
6	0		2846.156293000
6	1418		2846.157534000
17		1358	2846.205284000
17		46	2846.218369000
17		33	2846.244457000
17		1358	2846.279022000
6	0		2846.280751000
6	1418		2846.282044000
17		41	2846.342124000
17		1358	2846.352463000
6	1418		2846.367627000
17		41	2846.404084000
17		1358	2846.426998000
17		41	2846.466746000
17		1358	2846.485968000
17		41	2846.528380000
17		1358	2846.545371000
17		41	2846.590126000
17		1358	2846.604255000
17		41	2846.714495000
17		1358	2846.716179000
6	0		2846.775821000
6	1418		2846.777108000
17		41	2846.838415000
17		1358	2846.840113000
17		41	2846.900642000
17		1358	2846.938809000
17		41	2846.962467000
17		41	2847.024273000
17		1358	2847.036673000
17		41	2847.148002000
17		1358	2847.149652000
6	0		2847.210264000
6	1418		2847.211517000
17		1358	2847.223384000
17		41	2847.271827000
6	1418		2847.281539000
17		1358	2847.296721000
17		41	2847.395955000
17		1358	2847.397602000
17		41	2847.458145000
17		1358	2847.471162000
17		41	2847.519847000
17		1358	2847.544783000
17		41	2847.582347000
17		1358	2847.618148000
6	0		2847.643877000
17		41	2847.643908000
6	1418		2847.645291000
17		1358	2847.692331000
17		41	2847.768468000
17		1358	2847.769089000
17		41	2847.830809000
17		1358	2847.842863000
17		46	2847.892238000
17		1358	2847.916864000
17		41	2847.953964000
17		1358	2847.991435000
6	0		2848.016594000
17		41	2848.016624000
6	1418		2848.017846000
17		1358	2848.066301000
6	1418		2848.087883000
17		41	2848.140552000
17		1358	2848.142068000
17		41	2848.202143000
17		1358	2848.216199000
6	1418		2848.227947000
17		41	2848.264273000
17		1358	2848.290127000
17		41	2848.326059000
17		1358	2848.364738000
17		41	2848.388075000
17		1358	2848.438933000
6	0		2848.450234000
6	1418		2848.451519000
6	1418		2848.507505000
17		41	2848.511991000
17		1358	2848.513677000
17		41	2848.574690000
17		1358	2848.575415000
6	1418		2848.619621000
17		41	2848.635983000
17		1358	2848.637808000
17		41	2848.698751000
17		1358	2848.700448000
6	1418		2848.731644000
17		41	2848.760050000
17		1358	2848.761752000
17		41	2848.883942000
17		1358	2848.885753000
6	0		2848.946480000
17		41	2848.946511000
17		1358	2848.984640000
17		41	2849.007829000
17		1358	2849.083350000
17		41	2849.131898000
17		1358	2849.157072000
17		41	2849.194768000
17		1358	2849.231342000
17		41	2849.256498000
17		1358	2849.306043000
6	0		2849.317827000
6	1418		2849.319064000
6	1418		2849.389098000
17		41	2849.442164000
17		1358	2849.443210000
17		46	2849.504280000
17		1358	2849.517075000
6	0		2849.566595000
6	1418		2849.567841000
17		41	2849.628498000
17		1358	2849.630037000
6	1418		2849.669219000
17		41	2849.690167000
17		1358	2849.704791000
17		41	2849.814127000
17		1358	2849.815794000
17		41	2849.876459000
17		1358	2849.890295000
17		41	2849.938106000
17		1358	2849.965072000
17		41	2850.000738000
17		1358	2850.037219000
17		41	2850.062262000
6	0		2850.062297000
6	1418		2850.063520000
17		1358	2850.111006000
17		41	2850.124433000
17		1358	2850.183687000
6	0		2850.248119000
6	1418		2850.249369000
17		1358	2850.257682000
17		41	2850.310460000
6	1418		2850.319417000
17		1358	2850.330438000
17		41	2850.371940000
17		1358	2850.404275000
17		41	2850.496482000
17		1358	2850.498148000
6	0		2850.557837000
6	1418		2850.559124000
17		41	2850.620396000
17		1010	2850.622081000
6	1418		2850.629134000
17		41	2850.681842000
17		41	2850.744817000
17		41	2850.805903000
17		41	2850.930718000
17		41	2850.992106000
6	0		2851.054257000
6	1418		2851.055492000
17		41	2851.116504000
6	1418		2851.125509000
17		41	2851.240596000
17		825	2851.240628000
17		33	2851.241299000
17		33	2851.242079000
17		1358	2851.244401000
17		41	2851.301995000
17		1358	2851.318985000
17		41	2851.364392000
17		1358	2851.391516000
6	0		2851.426567000
6	1418		2851.427846000
17		1358	2851.464912000
17		41	2851.488252000
6	1418		2851.497889000
17		1358	2851.538276000
6	0		2851.550469000
6	1418		2851.637934000
17		44	2851.674229000
17		1358	2851.675911000
17		41	2851.736255000
6	0		2851.736291000
17		1358	2851.750305000
6	1418		2851.778016000
17		41	2851.798339000
17		1358	2851.823742000
6	1418		2851.918101000
17		41	2851.921986000
17		1358	2851.923650000
6	0		2851.984572000
17		41	2852.045988000
17		1358	2852.048098000
6	1418		2852.058131000
17		1358	2852.122371000
17		41	2852.170208000
17		1358	2852.194626000
6	1418		2852.198204000
17		41	2852.232550000
17		1358	2852.268324000
6	0		2852.295015000
6	1418		2852.338259000
17		1358	2852.341388000
17		41	2852.355813000
17		1358	2852.414516000
6	1418		2852.478323000
17		41	2852.480872000
17		1358	2852.489111000
17		41	2852.542337000
17		1358	2852.561728000
6	0		2852.604534000
6	1418		2852.618389000
17		1358	2852.634936000
17		41	2852.665940000
17		1358	2852.707263000
6	1418		2852.758447000
17		1358	2852.781474000
17		41	2852.790299000
6	0		2852.851888000
17		1358	2852.853725000
6	1418		2852.898523000
17		41	2852.913925000
17		1358	2852.928051000
17		41	2852.976576000
17		1358	2853.000300000
6	1418		2853.022895000
17		1358	2853.074293000
17		41	2853.100162000
17		1358	2853.146294000
6	1418		2853.147253000
17		41	2853.162446000
17		1358	2853.219853000
6	0		2853.224709000
6	1418		2853.269426000
17		41	2853.286088000
17		1358	2853.295274000
17		41	2853.348433000
17		1358	2853.368035000
6	1418		2853.391564000
17		1358	2853.427794000
17		41	2853.472729000
17		1358	2853.487490000
6	1418		2853.513716000
6	127		2853.534091000
6	1101		2853.534118000
17		41	2853.534138000
6	0		2853.535216000
6	0		2853.535238000
6	68		2853.540706000
6	93		2853.541681000
6	39		2853.544532000
17		1358	2853.547240000
6	0		2853.596310000
17		1358	2853.606729000
17		46	2853.658291000
17		1358	2853.666390000
6	1418		2853.717317000
17		1358	2853.726442000
17		41	2853.782463000
17		1358	2853.784194000
17		41	2853.844504000
17		1358	2853.885331000
6	0		2853.906664000
6	1418		2853.921024000
17		41	2853.968496000
17		1358	2853.983624000
17		1358	2854.083163000
17		41	2854.092794000
6	1418		2854.124544000
17		41	2854.154494000
17		1358	2854.182012000
6	0		2854.215935000
6	1418		2854.277165000
17		41	2854.278056000
17		1358	2854.281795000
17		41	2854.340189000
17		1358	2854.357041000
6	0		2854.402237000
6	39		2854.402264000
6	0		2854.407476000
17		1358	2854.429877000
6	1418		2854.429914000
17		41	2854.464241000
17		1358	2854.504845000
17		41	2854.525918000
17		1358	2854.579590000
6	1418		2854.582546000
17		41	2854.588140000
6	0		2854.649906000
17		1358	2854.653521000
17		41	2854.711814000
17		1358	2854.728035000
6	1418		2854.735239000
17		41	2854.774643000
17		1358	2854.803310000
17		41	2854.836391000
17		1358	2854.876297000
6	1418		2854.887932000
17		41	2854.897818000
17		1358	2854.951135000
17		41	2854.960080000
6	0		2855.022530000
17		740	2855.025395000
6	1418		2855.040620000
17		41	2855.084397000
6	1418		2855.193318000
17		41	2855.207946000
17		41	2855.270487000
17		41	2855.331873000
6	0		2855.393918000
6	1418		2855.395197000
17		46	2855.455951000
17		33	2855.482943000
6	1418		2855.498676000
17		41	2855.518627000
17		41	2855.641963000
17		41	2855.704152000
6	0		2855.766472000
6	1418		2855.767796000
17		41	2855.827977000
6	1418		2855.844076000
17		41	2855.890259000
17		41	2855.952477000
17		832	2856.013980000
17		36	2856.014783000
17		134	2856.015584000
17		1353	2856.015597000
17		1358	2856.015614000
17		1358	2856.015620000
17		1358	2856.015624000
17		1358	2856.015627000
17		1358	2856.015631000
17		1358	2856.015635000
17		1358	2856.015640000
17		1358	2856.015644000
6	0		2856.075999000
6	1418		2856.077267000
17		1358	2856.090746000
6	1418		2856.153622000
17		1358	2856.165275000
6	0		2856.200463000
17		1358	2856.240519000
6	1418		2856.306304000
17		1358	2856.313653000
6	0		2856.324417000
17		44	2856.386724000
17		33	2856.413916000
17		41	2856.448465000
17		1358	2856.450174000
6	1418		2856.458996000
6	0		2856.510258000
17		41	2856.510296000
17		1358	2856.511364000
17		41	2856.571848000
17		1358	2856.586551000
6	1418		2856.611684000
17		41	2856.633981000
17		1358	2856.661467000
17		41	2856.696103000
17		1358	2856.736782000
17		41	2856.758660000
6	1418		2856.764354000
17		1358	2856.812477000
17		41	2856.820709000
17		41	2856.882685000
17		1358	2856.886912000
6	1418		2856.917054000
17		1358	2856.960780000
17		41	2857.006063000
17		1358	2857.035541000
6	0		2857.068223000
17		1358	2857.109603000
17		41	2857.130745000
17		1358	2857.184847000
17		41	2857.191891000
17		1358	2857.244368000
17		1358	2857.304288000
17		41	2857.316119000
17		1358	2857.362870000
17		41	2857.378187000
17		1358	2857.423291000
6	0		2857.440378000
6	1418		2857.441716000
17		41	2857.502693000
17		1358	2857.504332000
17		41	2857.564201000
17		1358	2857.601252000
17		41	2857.688668000
17		1358	2857.697565000
6	0		2857.749836000
6	1418		2857.751102000
17		1358	2857.793866000
17		41	2857.811993000
6	1418		2857.825435000
17		41	2857.874012000
17		1358	2857.888597000
17		1358	2857.985464000
17		41	2857.998145000
17		46	2858.060151000
17		1358	2858.079927000
17		41	2858.121976000
17		1358	2858.152523000
17		41	2858.184001000
17		1358	2858.224213000
17		41	2858.246322000
6	0		2858.246385000
6	1418		2858.247636000
17		1358	2858.295872000
17		41	2858.308538000
17		1358	2858.367457000
17		41	2858.369949000
17		41	2858.432579000
17		1358	2858.437748000
17		1358	2858.510416000
17		41	2858.555901000
17		1358	2858.581445000
17		41	2858.618550000
17		1358	2858.652114000
6	0		2858.680108000
6	1418		2858.681353000
17		1358	2858.723936000
17		41	2858.742219000
6	1418		2858.755742000
17		1358	2858.795882000
17		41	2858.866604000
17		1358	2858.868333000
6	1418		2858.904378000
17		41	2858.928709000
17		1358	2858.939293000
17		41	2858.989870000
17		1358	2859.010101000
17		41	2859.052458000
6	1418		2859.053004000
17		1358	2859.081670000
17		41	2859.113988000
17		634	2859.153658000
6	0		2859.176351000
6	1418		2859.201684000
17		41	2859.238047000
17		41	2859.300046000
6	1418		2859.350338000
17		41	2859.362120000
17		41	2859.424433000
17		41	2859.486643000
6	1418		2859.499005000
17		46	2859.610110000
17		33	2859.636975000
6	0		2859.672657000
6	1418		2859.673885000
17		41	2859.734411000
6	1418		2859.766622000
17		41	2859.796055000
6	1418		2859.885556000
17		41	2859.920243000
17		41	2859.981815000
6	1418		2860.004479000
6	0		2860.044283000
17		915	2860.106268000
17		36	2860.107073000
17		1358	2860.108016000
17		1358	2860.108039000
17		1358	2860.108044000
17		1358	2860.108048000
17		1358	2860.108052000
17		1358	2860.108056000
17		1358	2860.108060000
17		1358	2860.108064000
17		1358	2860.108068000
17		1358	2860.108073000
6	1418		2860.123411000
17		1358	2860.180864000
6	0		2860.229866000
6	1418		2860.242344000
17		1358	2860.251631000
17		1358	2860.323784000
6	0		2860.354022000
6	1418		2860.361260000
17		1358	2860.395405000
6	0		2860.477812000
17		41	2860.540460000
6	1418		2860.559485000
17		44	2860.602645000
17		1358	2860.604339000
6	0		2860.664560000
17		41	2860.664589000
17		1358	2860.666314000
17		41	2860.726531000
17		1358	2860.728200000
6	1418		2860.757705000
17		41	2860.788455000
17		1358	2860.790167000
17		41	2860.850167000
17		1358	2860.851585000
17		41	2860.912211000
17		1358	2860.913930000
6	1418		2860.939917000
17		41	2860.974605000
17		1358	2861.010579000
17		41	2861.036171000
17		41	2861.098286000
17		1358	2861.106843000
6	1418		2861.122222000
17		1358	2861.202814000
17		41	2861.222121000
6	1418		2861.258843000
6	0		2861.284436000
17		1358	2861.297540000
17		41	2861.346560000
17		1358	2861.392616000
6	1418		2861.395513000
17		41	2861.408655000
17		1358	2861.464882000
6	1418		2861.532197000
17		41	2861.532226000
17		1358	2861.536033000
6	0		2861.594683000
17		1358	2861.607754000
17		41	2861.656484000
6	1418		2861.668892000
17		1358	2861.678763000
17		41	2861.717951000
17		1358	2861.751629000
17		41	2861.780030000
6	1418		2861.805553000
17		1358	2861.824531000
17		41	2861.904689000
17		1358	2861.906342000
17		41	2861.966641000
17		1358	2861.978816000
6	0		2862.027834000
6	1418		2862.029089000
17		1358	2862.050333000
17		41	2862.090418000
6	1418		2862.097422000
17		1358	2862.121956000
17		41	2862.152344000
17		1358	2862.194493000
6	1418		2862.234105000
17		46	2862.276398000
17		1358	2862.277848000
6	0		2862.338548000
6	1418		2862.370779000
17		41	2862.401209000
17		1358	2862.402925000
17		41	2862.462151000
17		1358	2862.475940000
6	1418		2862.507435000
17		41	2862.585988000
17		1358	2862.587686000
6	0		2862.648312000
6	1418		2862.649559000
17		41	2862.710030000
17		1358	2862.711708000
17		41	2862.772616000
6	1418		2862.780790000
17		1358	2862.784219000
17		41	2862.896360000
17		1358	2862.898013000
6	0		2862.958789000
6	1418		2862.960039000
17		1358	2862.970610000
17		41	2863.020610000
17		1350	2863.042600000
6	1418		2863.054137000
17		41	2863.082053000
17		41	2863.144343000
17		41	2863.267965000
6	0		2863.330198000
6	1418		2863.331440000
17		41	2863.392051000
6	1418		2863.399782000
17		41	2863.454488000
17		41	2863.515805000
17		35	2863.517535000
17		41	2863.578149000
6	0		2863.639937000
6	1418		2863.641212000
17		41	2863.701953000
6	1418		2863.709540000
17		41	2863.764311000
17		41	2863.888140000
6	0		2863.950428000
17		41	2863.950454000
6	1418		2863.951776000
6	1418		2864.020132000
17		41	2864.074112000
17		41	2864.136600000
6	0		2864.198742000
6	1418		2864.199978000
17		41	2864.260961000
6	1418		2864.293429000
17		915	2864.322045000
17		38	2864.322765000
17		1358	2864.323579000
17		1358	2864.323585000
17		1358	2864.323589000
17		1358	2864.323593000
17		1358	2864.323597000
17		1358	2864.323600000
17		1358	2864.323604000
17		1358	2864.323608000
17		1358	2864.323613000
17		1358	2864.323617000
17		1358	2864.381627000
17		1358	2864.439262000
6	0		2864.446018000
6	1418		2864.447285000
17		1358	2864.496087000
17		1358	2864.553384000
6	1418		2864.566765000
6	0		2864.570415000
6	0		2864.694322000
6	1418		2864.703427000
6	1418		2864.812778000
6	0		2864.817868000
17		41	2864.879989000
6	1418		2864.922115000
17		44	2864.941935000
17		1358	2864.943615000
6	0		2865.004645000
17		41	2865.004689000
6	1418		2865.031468000
17		1358	2865.040071000
17		41	2865.066009000
17		41	2865.128465000
17		1358	2865.136319000
6	1418		2865.140780000
17		41	2865.190682000
17		1358	2865.233356000
6	1418		2865.250159000
17		41	2865.251922000
17		41	2865.314462000
17		1358	2865.328290000
6	1418		2865.359475000
17		41	2865.376753000
17		1358	2865.399518000
17		41	2865.437904000
6	1418		2865.468786000
17		1358	2865.471046000
17		41	2865.500645000
17		1358	2865.541892000
17		41	2865.562196000
6	1418		2865.578139000
17		1358	2865.613722000
17		1358	2865.686026000
17		41	2865.686298000
17		41	2865.748144000
17		1358	2865.757882000
6	0		2865.810375000
17		1358	2865.828310000
17		1358	2865.900616000
6	0		2865.934688000
17		1358	2865.972451000
17		41	2866.058556000
17		1358	2866.060229000
6	0		2866.119943000
17		41	2866.182475000
17		1358	2866.184140000
17		1358	2866.256028000
17		41	2866.306295000
17		1358	2866.328184000
6	0		2866.368482000
6	1418		2866.369756000
17		41	2866.430757000
17		41	2866.553907000
6	0		2866.616476000
6	1418		2866.617896000
17		41	2866.678471000
6	1418		2866.686147000
17		41	2866.740006000
17		46	2866.864896000
17		33	2866.892291000
17		41	2866.926836000
17		41	2866.988532000
17		41	2867.050208000
6	0		2867.050234000
6	1418		2867.051450000
17		41	2867.112000000
17		1358	2867.113818000
17		41	2867.174564000
17		1358	2867.186597000
17		41	2867.236177000
17		1358	2867.258843000
17		41	2867.297838000
17		1358	2867.331139000
17		41	2867.360380000
17		1325	2867.403697000
6	0		2867.484145000
6	1418		2867.485387000
6	1418		2867.553723000
6	0		2867.607836000
17		41	2867.669827000
6	1418		2867.690402000
17		41	2867.732252000
17		41	2867.794700000
6	696		2867.794732000
6	39		2867.794739000
6	0		2867.796609000
6	0		2867.796636000
6	39		2867.796640000
6	67		2867.798010000
6	31		2867.799331000
6	39		2867.800273000
6	1418		2867.827051000
17		41	2867.855962000
17		832	2867.918646000
17		36	2867.919371000
17		140	2867.920332000
17		1353	2867.920351000
17		1358	2867.920365000
17		1358	2867.920371000
17		1358	2867.920375000
17		1358	2867.920379000
17		1358	2867.920383000
17		1358	2867.920387000
17		1358	2867.920392000
17		1358	2867.920396000
6	1418		2867.963749000
17		1358	2867.992644000
6	0		2868.042086000
17		1358	2868.064073000
6	1418		2868.100417000
6	0		2868.104095000
6	39		2868.104124000
6	0		2868.109978000
17		1358	2868.135953000
6	0		2868.166228000
17		44	2868.166259000
17		33	2868.192522000
17		41	2868.227983000
6	1418		2868.237083000
17		41	2868.289805000
17		1358	2868.291532000
17		41	2868.352296000
17		1358	2868.353949000
6	1418		2868.373764000
17		41	2868.414652000
17		1358	2868.426143000
17		41	2868.475995000
17		1358	2868.498666000
6	1418		2868.510434000
17		41	2868.538246000
17		1358	2868.571141000
17		41	2868.600497000
17		1358	2868.643012000
6	1418		2868.647114000
17		41	2868.662414000
17		1358	2868.716389000
17		41	2868.785905000
17		1358	2868.787294000
6	0		2868.848046000
17		41	2868.848085000
6	1418		2868.849290000
17		1358	2868.858101000
6	1418		2868.903988000
17		1358	2868.930482000
17		41	2868.972341000
17		1358	2869.001335000
6	0		2869.034242000
6	1418		2869.035521000
17		41	2869.096562000
17		1358	2869.098291000
6	1418		2869.122641000
17		41	2869.158690000
17		1358	2869.172293000
6	1418		2869.231989000
17		41	2869.281870000
17		1358	2869.283205000
17		41	2869.344188000
17		1358	2869.345871000
6	0		2869.406562000
17		41	2869.468071000
17		1358	2869.469611000
17		41	2869.530201000
17		1358	2869.531905000
17		41	2869.654304000
17		1358	2869.656069000
6	0		2869.716521000
6	1418		2869.717763000
17		1358	2869.755478000
17		41	2869.778213000
6	1418		2869.808880000
17		1358	2869.851736000
17		46	2869.902010000
17		1358	2869.926266000
17		41	2869.963924000
17		1358	2869.999947000
6	0		2870.026654000
6	1418		2870.027951000
17		41	2870.088235000
17		657	2870.089975000
6	1418		2870.127795000
17		41	2870.212018000
6	0		2870.274794000
6	1418		2870.276116000
17		41	2870.336696000
17		41	2870.398353000
6	1418		2870.401160000
17		41	2870.460425000
17		41	2870.522508000
17		41	2870.584682000
17		41	2870.646686000
6	0		2870.707931000
6	1418		2870.709166000
17		41	2870.770817000
6	1418		2870.777521000
17		41	2870.832381000
17		41	2870.894636000
17		915	2871.018011000
17		36	2871.018775000
17		142	2871.019699000
17		1353	2871.019721000
17		1358	2871.019726000
17		1358	2871.019730000
17		1358	2871.019734000
17		1358	2871.019738000
17		1358	2871.019742000
17		1358	2871.019746000
17		1358	2871.019751000
6	0		2871.080260000
6	1418		2871.081490000
17		1358	2871.093779000
6	1418		2871.149826000
17		1358	2871.167426000
6	0		2871.204181000
6	0		2871.265928000
6	1418		2871.286513000
17		44	2871.328361000
17		1358	2871.330110000
17		41	2871.390558000
17		1358	2871.404552000
6	1418		2871.423170000
17		41	2871.452213000
17		1358	2871.478551000
17		41	2871.514481000
17		1358	2871.552117000
6	1418		2871.559858000
17		41	2871.575938000
17		1358	2871.626106000
17		41	2871.638242000
17		1358	2871.683983000
6	1418		2871.696544000
17		41	2871.700266000
17		1358	2871.742773000
17		41	2871.762689000
17		1358	2871.801027000
17		1358	2871.859878000
17		41	2871.886287000
6	0		2871.886316000
6	1418		2871.887619000
17		1358	2871.918714000
17		41	2872.009832000
17		1358	2872.017547000
6	0		2872.072446000
6	1418		2872.073817000
17		41	2872.134045000
17		1358	2872.135742000
6	1418		2872.142184000
17		41	2872.196197000
17		1358	2872.210433000
17		41	2872.257965000
17		1358	2872.284877000
17		41	2872.320206000
17		1358	2872.359874000
6	0		2872.382547000
6	1418		2872.383810000
17		41	2872.444214000
17		1358	2872.445637000
17		41	2872.505910000
17		1358	2872.519727000
17		41	2872.630693000
17		1358	2872.632404000
17		41	2872.692259000
17		1358	2872.707567000
17		41	2872.753951000
17		1358	2872.781612000
6	0		2872.816092000
6	1418		2872.817347000
17		41	2872.878515000
17		1358	2872.880824000
6	1418		2872.891715000
17		46	2872.940479000
17		1358	2872.954861000
17		41	2873.064118000
17		1358	2873.065377000
6	0		2873.126469000
6	1418		2873.127728000
17		41	2873.188461000
17		1358	2873.189463000
6	1418		2873.202124000
17		41	2873.249994000
17		1358	2873.263585000
17		1358	2873.337771000
17		41	2873.374451000
17		1358	2873.410681000
17		41	2873.436272000
17		1358	2873.486007000
17		41	2873.498247000
17		1358	2873.559866000
17		41	2873.560343000
17		41	2873.622291000
6	0		2873.622320000
17		1358	2873.634276000
17		1358	2873.707769000
17		41	2873.746123000
17		1358	2873.782261000
6	0		2873.808304000
6	1418		2873.809542000
17		41	2873.870448000
17		1358	2873.872121000
6	1418		2873.883873000
17		41	2873.932088000
17		41	2874.056711000
17		1358	2874.058458000
6	0		2874.117922000
6	1418		2874.119198000
17		41	2874.179820000
17		1358	2874.181515000
6	1418		2874.193589000
17		41	2874.242268000
17		1358	2874.280757000
17		41	2874.304713000
17		41	2874.366101000
17		478	2874.378752000
17		41	2874.428120000
17		41	2874.490269000
17		41	2874.552034000
17		46	2874.676381000
17		33	2874.702195000
6	0		2874.737858000
6	1418		2874.739101000
17		41	2874.799932000
6	561		2874.799962000
6	0		2874.800977000
6	69		2874.802908000
6	31		2874.803530000
6	39		2874.804142000
6	1418		2874.813441000
17		41	2874.923929000
6	1418		2874.962123000
6	0		2874.986125000
17		832	2875.048428000
17		36	2875.049135000
17		1358	2875.049894000
17		1358	2875.049905000
17		1358	2875.049909000
17		1358	2875.049914000
17		1358	2875.049918000
17		1358	2875.049922000
17		1358	2875.049927000
17		1358	2875.049930000
6	0		2875.110231000
6	39		2875.110257000
6	1418		2875.110764000
6	0		2875.116052000
17		1358	2875.123783000
6	0		2875.172394000
17		1358	2875.197425000
17		41	2875.235153000
6	1418		2875.259459000
17		44	2875.296340000
17		33	2875.323293000
17		41	2875.358227000
6	0		2875.358258000
17		1358	2875.359394000
6	1418		2875.408134000
17		41	2875.420384000
17		1358	2875.433742000
17		41	2875.482399000
17		1358	2875.507621000
17		41	2875.544005000
6	1418		2875.556795000
17		1358	2875.581268000
17		41	2875.605946000
17		1358	2875.654695000
17		41	2875.668447000
6	1418		2875.705483000
17		1358	2875.728597000
17		41	2875.792672000
17		1358	2875.802427000
17		41	2875.854039000
17		1358	2875.861286000
6	0		2875.915956000
6	1418		2875.917188000
17		1358	2875.920224000
6	1418		2875.976649000
17		41	2875.978578000
17		1358	2875.980285000
6	1418		2876.095690000
17		41	2876.102557000
17		1358	2876.104249000
17		41	2876.164271000
17		1358	2876.196585000
6	1418		2876.214531000
6	0		2876.226717000
17		41	2876.288602000
17		1358	2876.289415000
6	1418		2876.333477000
17		41	2876.349891000
17		1358	2876.382015000
6	1418		2876.452373000
17		41	2876.474447000
17		1358	2876.476202000
17		41	2876.535883000
17		1358	2876.545902000
17		41	2876.598279000
17		1358	2876.616132000
6	0		2876.660689000
17		41	2876.722447000
17		1358	2876.724664000
17		41	2876.784103000
17		1358	2876.794558000
6	0		2876.846257000
6	1418		2876.847494000
17		41	2876.908045000
17		1358	2876.909746000
6	1418		2876.946600000
17		46	2876.970656000
17		1358	2876.979422000
17		41	2877.094516000
17		1358	2877.096555000
6	0		2877.155890000
6	1418		2877.157120000
17		41	2877.218633000
17		1358	2877.220304000
6	1418		2877.293496000
17		41	2877.341861000
17		1358	2877.343523000
17		41	2877.403939000
17		1358	2877.413373000
17		41	2877.466620000
17		1358	2877.482839000
6	0		2877.528578000
17		41	2877.528606000
6	1418		2877.529810000
17		1358	2877.552848000
17		41	2877.589885000
17		1358	2877.622824000
17		41	2877.714378000
17		1358	2877.716035000
6	0		2877.776686000
17		41	2877.776718000
6	1418		2877.778049000
17		1358	2877.785666000
17		41	2877.838397000
6	1418		2877.852377000
17		1358	2877.855511000
17		41	2877.962289000
17		1358	2877.964374000
6	0		2878.024604000
6	1418		2878.025857000
17		41	2878.086747000
17		1358	2878.088656000
17		41	2878.148483000
6	1418		2878.149705000
17		1358	2878.150175000
17		41	2878.210753000
17		1358	2878.212546000
17		41	2878.334754000
17		1358	2878.336244000
17		41	2878.396349000
17		1358	2878.428662000
17		41	2878.457975000
6	0		2878.520151000
17		1358	2878.521020000
6	1418		2878.521421000
17		41	2878.582114000
17		1358	2878.590916000
6	1418		2878.595760000
17		41	2878.705914000
17		733	2878.707529000
6	0		2878.768397000
6	1418		2878.769667000
17		46	2878.830616000
17		33	2878.856794000
6	1418		2878.893090000
17		41	2878.953998000
17		41	2879.016233000
17		41	2879.078371000
17		41	2879.140309000
6	0		2879.140344000
6	1418		2879.141590000
17		41	2879.202518000
17		41	2879.325786000
6	0		2879.387869000
17		915	2879.387900000
17		36	2879.388574000
6	1418		2879.389107000
17		1358	2879.390347000
17		1358	2879.390378000
17		1358	2879.390384000
17		1358	2879.390388000
17		1358	2879.390392000
17		1358	2879.390396000
17		1358	2879.390400000
17		1358	2879.459935000
6	1418		2879.463443000
6	0		2879.512910000
17		1358	2879.528534000
17		41	2879.574503000
6	1418		2879.612137000
6	0		2879.635864000
17		44	2879.698644000
17		1358	2879.700382000
17		41	2879.760469000
6	1418		2879.762088000
17		1358	2879.770174000
17		41	2879.822438000
17		1358	2879.840026000
17		41	2879.884323000
17		1358	2879.909838000
6	1418		2879.912061000
17		41	2879.946579000
17		1358	2879.979959000
17		41	2880.008177000
17		1358	2880.049558000
17		41	2880.070171000
17		1358	2880.119803000
17		41	2880.132507000
17		1358	2880.175846000
17		41	2880.255989000
17		1358	2880.257708000
6	0		2880.318332000
17		41	2880.318370000
6	1418		2880.319583000
17		1358	2880.320002000
6	1418		2880.379560000
17		41	2880.410073000
17		1358	2880.411742000
17		41	2880.456594000
6	1418		2880.499560000
6	0		2880.502664000
17		41	2880.502688000
17		1358	2880.504329000
17		41	2880.594494000
17		1358	2880.596220000
6	1418		2880.619566000
17		41	2880.640748000
17		1358	2880.666021000
17		41	2880.686724000
17		41	2880.732703000
17		1358	2880.734205000
6	1418		2880.739524000
17		41	2880.778392000
17		1358	2880.802618000
6	0		2880.824123000
17		41	2880.870688000
17		1358	2880.872378000
17		1358	2880.940522000
17		41	2880.962484000
6	0		2881.007913000
17		46	2881.007943000
6	1418		2881.009170000
17		1358	2881.009998000
17		41	2881.053863000
17		1358	2881.077621000
6	1418		2881.084166000
17		1358	2881.146601000
17		41	2881.146857000
17		41	2881.192253000
17		1358	2881.214553000
6	0		2881.238420000
6	1418		2881.239671000
17		1358	2881.283481000
17		41	2881.284565000
17		41	2881.330546000
17		1358	2881.353501000
17		41	2881.376583000
6	1418		2881.384162000
17		1358	2881.420742000
17		41	2881.468089000
17		1358	2881.489986000
17		41	2881.514176000
17		1358	2881.558848000
6	0		2881.560662000
6	1418		2881.561946000
17		41	2881.605952000
17		1358	2881.627455000
17		41	2881.652278000
6	1418		2881.684057000
17		1358	2881.696074000
17		41	2881.698718000
17		41	2881.744296000
17		1358	2881.764434000
6	0		2881.789992000
17		1358	2881.833998000
6	1418		2881.834040000
17		41	2881.836734000
17		41	2881.882126000
17		1358	2881.901564000
17		41	2881.928250000
17		1358	2881.970448000
6	1418		2881.972946000
17		41	2882.020269000
17		1358	2882.038533000
6	0		2882.066484000
17		1358	2882.107763000
6	1418		2882.111928000
17		41	2882.112530000
17		41	2882.158590000
17		1358	2882.175587000
17		41	2882.204075000
17		1358	2882.230997000
6	1418		2882.250763000
17		97	2882.286291000
17		46	2882.296334000
17		33	2882.322891000
17		41	2882.342169000
6	0		2882.388583000
17		41	2882.388610000
6	1418		2882.389837000
17		41	2882.434088000
17		41	2882.526241000
6	1418		2882.528574000
17		41	2882.572180000
6	0		2882.618739000
17		915	2882.618770000
17		37	2882.619567000
17		142	2882.620302000
17		1353	2882.620331000
17		1358	2882.620338000
17		1358	2882.620342000
17		1358	2882.620346000
17		1358	2882.620351000
17		1358	2882.620359000
17		1358	2882.620364000
17		1358	2882.620367000
6	1418		2882.667493000
17		1358	2882.687219000
6	0		2882.710229000
17		45	2882.710259000
17		33	2882.734296000
17		41	2882.756429000
17		1358	2882.758661000
17		41	2882.802325000
6	1418		2882.806396000
17		1358	2882.819642000
17		41	2882.847883000
17		1358	2882.887263000
17		41	2882.894165000
17		41	2882.940353000
6	1418		2882.945310000
17		1358	2882.954183000
17		41	2882.986287000
17		1358	2883.017333000
17		41	2883.032359000
17		1358	2883.077780000
17		41	2883.078517000
6	1418		2883.084229000
17		1358	2883.136206000
17		41	2883.170231000
17		1358	2883.181481000
17		41	2883.216284000
6	0		2883.216317000
6	1418		2883.223222000
17		1358	2883.257603000
17		41	2883.308060000
17		1358	2883.324687000
6	0		2883.354289000
6	1418		2883.362053000
17		1358	2883.376010000
17		41	2883.400566000
17		1358	2883.426406000
17		41	2883.446702000
17		1358	2883.477684000
17		41	2883.492655000
6	1418		2883.500962000
17		1358	2883.529620000
17		1358	2883.580822000
17		41	2883.584720000
17		41	2883.630024000
17		1358	2883.631681000
6	0		2883.676441000
6	1418		2883.677819000
17		1358	2883.683932000
17		41	2883.721971000
17		1358	2883.735703000
6	1418		2883.751021000
17		41	2883.768050000
17		1358	2883.787766000
17		41	2883.859945000
17		1358	2883.861433000
6	1418		2883.862095000
17		46	2883.906913000
17		1358	2883.913108000
17		41	2883.952411000
17		1358	2883.965056000
6	1418		2883.973251000
6	0		2883.998845000
17		41	2883.998874000
17		1358	2884.006193000
17		41	2884.044650000
17		1358	2884.046373000
17		41	2884.090433000
17		1358	2884.116621000
17		41	2884.182264000
17		1358	2884.184940000
17		41	2884.228231000
17		1358	2884.236833000
6	0		2884.274511000
6	1418		2884.275802000
17		41	2884.320022000
17		1358	2884.321158000
6	1418		2884.345247000
17		41	2884.366001000
17		1358	2884.372422000
17		41	2884.458059000
17		1156	2884.459713000
17		41	2884.503943000
6	0		2884.550124000
6	1418		2884.551401000
17		41	2884.596232000
6	1418		2884.623065000
17		41	2884.642700000
17		41	2884.688299000
17		41	2884.734264000
17		41	2884.825911000
6	0		2884.872081000
6	1418		2884.873345000
17		41	2884.918345000
6	1418		2884.942792000
17		832	2884.964031000
17		37	2884.964741000
17		135	2884.965615000
6	0		2885.055928000
6	1418		2885.081731000
17		1353	2885.107321000
17		1358	2885.107356000
17		1358	2885.107361000
17		1358	2885.107365000
17		1358	2885.107369000
17		1358	2885.107373000
17		1358	2885.107377000
6	0		2885.148547000
17		45	2885.148578000
17		1358	2885.148815000
17		33	2885.172500000
17		1358	2885.190449000
6	1418		2885.220671000
17		41	2885.240513000
17		1358	2885.257754000
6	0		2885.286008000
17		41	2885.286037000
17		1358	2885.309631000
17		41	2885.332044000
6	1418		2885.359537000
17		1358	2885.361409000
17		41	2885.378725000
17		1358	2885.414429000
17		41	2885.424347000
17		1358	2885.465998000
17		41	2885.470306000
6	1418		2885.498464000
17		41	2885.516051000
17		1358	2885.517727000
17		41	2885.562424000
17		1358	2885.569388000
17		1358	2885.615028000
6	1418		2885.637335000
17		41	2885.654017000
17		1358	2885.661166000
17		41	2885.700439000
17		1358	2885.707816000
6	0		2885.746581000
17		1358	2885.753685000
6	1418		2885.776283000
17		41	2885.792139000
17		1358	2885.798453000
17		41	2885.838458000
17		1358	2885.845228000
17		41	2885.884387000
17		1358	2885.892408000
6	1418		2885.915178000
17		41	2885.976384000
17		1358	2885.978078000
17		41	2886.022642000
17		1358	2886.040597000
17		41	2886.067891000
17		1358	2886.102720000
6	0		2886.114239000
17		41	2886.114270000
6	1418		2886.115471000
17		1358	2886.148852000
17		41	2886.160509000
6	1418		2886.171030000
17		1358	2886.195497000
17		41	2886.206228000
17		1358	2886.242554000
6	1418		2886.282175000
17		46	2886.297877000
17		1358	2886.298846000
17		41	2886.344480000
17		1358	2886.345869000
17		41	2886.389902000
17		1358	2886.391595000
6	1418		2886.393275000
6	0		2886.436270000
17		41	2886.482422000
17		1358	2886.484138000
17		41	2886.528341000
17		1358	2886.530007000
17		41	2886.574391000
17		1358	2886.576086000
17		41	2886.666185000
17		1358	2886.667851000
6	0		2886.712708000
6	1418		2886.713963000
17		41	2886.757997000
17		1358	2886.759646000
6	1418		2886.783441000
17		1358	2886.822371000
17		41	2886.850563000
17		1358	2886.882466000
17		41	2886.896555000
17		1358	2886.929621000
17		41	2886.941857000
17		1358	2886.977503000
6	0		2886.987999000
6	1418		2886.989277000
17		41	2887.034891000
17		1358	2887.037076000
6	1418		2887.061246000
17		41	2887.080754000
17		41	2887.126335000
17		41	2887.173142000
17		1358	2887.174900000
17		41	2887.264137000
17		1358	2887.265960000
6	0		2887.310473000
6	1418		2887.311727000
17		41	2887.356478000
17		1358	2887.357859000
6	1418		2887.381178000
17		41	2887.401877000
17		1358	2887.403574000
17		41	2887.448178000
17		1358	2887.449083000
17		1358	2887.487559000
17		41	2887.539969000
17		1358	2887.542212000
6	0		2887.586168000
6	1418		2887.587426000
17		46	2887.632316000
17		640	2887.633992000
6	1418		2887.659012000
17		41	2887.678074000
17		41	2887.770189000
6	0		2887.816902000
6	1418		2887.818209000
17		41	2887.862730000
17		41	2887.908240000
6	1418		2887.936819000
17		41	2887.954437000
17		41	2888.001221000
17		915	2888.046382000
17		37	2888.047076000
17		142	2888.048129000
17		1353	2888.048152000
17		1358	2888.048157000
17		1358	2888.048161000
17		1358	2888.048165000
17		1358	2888.048169000
6	0		2888.092525000
6	1418		2888.093781000
17		1358	2888.095261000
17		1358	2888.140641000
6	0		2888.183912000
17		45	2888.183944000
17		33	2888.208118000
6	1418		2888.214626000
17		41	2888.230656000
17		1358	2888.232490000
17		41	2888.276733000
17		1358	2888.277949000
17		41	2888.322664000
17		1358	2888.324376000
6	1418		2888.353555000
17		41	2888.367868000
17		1358	2888.369106000
17		41	2888.414292000
17		1358	2888.430653000
6	1418		2888.481001000
17		41	2888.505969000
17		1358	2888.507665000
6	0		2888.552284000
17		41	2888.552315000
17		1358	2888.553974000
6	1418		2888.608422000
17		41	2888.644283000
17		1358	2888.646417000
17		41	2888.690577000
17		1358	2888.692252000
6	0		2888.735944000
6	1418		2888.737207000
17		1358	2888.739225000
17		41	2888.782851000
17		1358	2888.784572000
17		41	2888.828524000
17		1358	2888.830168000
6	1418		2888.863265000
17		41	2888.920002000
17		1358	2888.921077000
17		41	2888.966368000
17		1358	2888.968086000
6	0		2889.012638000
6	1418		2889.013898000
17		41	2889.058676000
17		1358	2889.060371000
17		41	2889.104181000
17		1358	2889.105836000
6	1418		2889.118110000
17		41	2889.196363000
17		1358	2889.198055000
17		41	2889.242717000
17		1358	2889.244919000
17		41	2889.288173000
17		1358	2889.289880000
6	0		2889.334264000
17		41	2889.334286000
6	1418		2889.335504000
17		1358	2889.335909000
17		46	2889.379959000
17		1358	2889.381267000
6	1418		2889.399214000
17		41	2889.472527000
17		1358	2889.474223000
17		41	2889.518463000
17		1358	2889.520131000
6	0		2889.564716000
6	1418		2889.565979000
17		41	2889.610329000
17		1358	2889.611986000
6	1418		2889.628588000
17		41	2889.656260000
17		1358	2889.657947000
17		41	2889.701883000
17		1358	2889.703523000
6	1418		2889.730537000
17		41	2889.793829000
17		1358	2889.795504000
6	1418		2889.832517000
17		41	2889.839789000
17		1358	2889.841437000
6	0		2889.885977000
17		41	2889.932661000
17		1358	2889.934934000
17		41	2889.977929000
17		1358	2889.982320000
17		41	2890.024222000
17		1358	2890.029961000
6	0		2890.069775000
6	1418		2890.071023000
17		41	2890.115972000
17		1358	2890.116954000
6	1418		2890.134733000
17		41	2890.161934000
17		1358	2890.163693000
17		41	2890.253871000
17		1358	2890.255570000
6	0		2890.300253000
6	1418		2890.301563000
17		41	2890.346652000
17		1358	2890.348859000
6	1418		2890.385927000
17		41	2890.392568000
17		1358	2890.402060000
17		41	2890.438282000
17		1358	2890.455152000
17		41	2890.484070000
17		1358	2890.508590000
17		41	2890.576048000
17		305	2890.577317000
6	0		2890.622284000
6	1418		2890.623527000
17		41	2890.668465000
6	1418		2890.685373000
17		46	2890.714551000
17		33	2890.739333000
17		41	2890.760598000
6	0		2890.806728000
6	1418		2890.809093000
17		41	2890.852603000
17		41	2890.898160000
6	1418		2890.932790000
17		915	2890.943985000
17		37	2890.944717000
17		1358	2890.945388000
17		1358	2890.945399000
17		1358	2890.945403000
17		1358	2890.945407000
17		1358	2890.945411000
17		1358	2890.988806000
17		1358	2891.030517000
6	0		2891.036209000
6	1418		2891.056479000
6	0		2891.128327000
17		41	2891.128353000
17		45	2891.174499000
17		1358	2891.176235000
6	1418		2891.180196000
17		41	2891.220802000
17		1358	2891.246858000
17		41	2891.266478000
17		1358	2891.300484000
6	1418		2891.303877000
17		41	2891.311988000
17		1358	2891.353630000
17		41	2891.357883000
17		41	2891.404033000
17		1358	2891.405743000
6	1418		2891.427588000
17		41	2891.449899000
17		1358	2891.459171000
17		1358	2891.512540000
17		41	2891.542626000
17		1358	2891.564853000
6	0		2891.587881000
6	1418		2891.589172000
17		41	2891.633924000
17		1358	2891.635631000
6	1418		2891.675003000
17		41	2891.680660000
17		1358	2891.689087000
17		41	2891.726686000
17		1358	2891.742926000
17		41	2891.772189000
17		1358	2891.796562000
6	0		2891.818323000
6	1418		2891.819614000
17		41	2891.864249000
17		1358	2891.865917000
6	1418		2891.897664000
17		41	2891.910739000
17		1358	2891.912733000
17		41	2891.955843000
17		1358	2891.957522000
6	1418		2891.996673000
17		41	2892.047890000
17		1358	2892.049586000
6	0		2892.094305000
6	1418		2892.095580000
17		41	2892.140697000
17		1358	2892.142418000
17		41	2892.186019000
17		1358	2892.195314000
17		41	2892.232625000
17		1358	2892.248291000
17		41	2892.324605000
17		1358	2892.326398000
6	0		2892.369937000
6	1418		2892.371171000
17		46	2892.416628000
17		1358	2892.418246000
6	1418		2892.433059000
17		1358	2892.471982000
17		41	2892.508252000
17		1358	2892.523675000
6	0		2892.554396000
6	1418		2892.556739000
17		41	2892.599845000
17		1358	2892.601519000
17		41	2892.646110000
17		1358	2892.647391000
6	1418		2892.680476000
17		41	2892.692090000
17		1358	2892.693344000
17		41	2892.738698000
17		41	2892.830766000
6	0		2892.875957000
6	1418		2892.877217000
17		41	2892.921829000
17		1358	2892.923536000
6	1418		2892.939157000
17		41	2892.968352000
17		1358	2892.977179000
17		41	2893.060423000
17		1358	2893.062042000
17		41	2893.106360000
17		1358	2893.115739000
6	0		2893.152770000
17		41	2893.152800000
6	1418		2893.154043000
17		1358	2893.169198000
6	1418		2893.215874000
17		41	2893.244195000
17		1358	2893.246457000
6	0		2893.290383000
17		1358	2893.300202000
17		41	2893.335902000
6	1418		2893.339584000
17		1358	2893.352542000
17		41	2893.382676000
17		1358	2893.404628000
17		41	2893.428050000
17		1358	2893.457720000
6	1418		2893.463275000
17		1358	2893.509482000
17		41	2893.519984000
17		1358	2893.561525000
6	0		2893.566133000
6	1418		2893.586974000
17		41	2893.611925000
17		1358	2893.614900000
17		41	2893.658206000
17		112	2893.667354000
6	1418		2893.710687000
17		41	2893.750377000
17		46	2893.795844000
17		33	2893.819984000
17		41	2893.841862000
6	0		2893.888611000
17		41	2893.888639000
6	1418		2893.889927000
17		41	2893.934594000
6	1418		2893.958097000
17		832	2894.026612000
17		37	2894.027449000
17		135	2894.028052000
17		1353	2894.028079000
17		1358	2894.028118000
17		1358	2894.028130000
17		1358	2894.028138000
17		1358	2894.028144000
17		1358	2894.028150000
17		1358	2894.028155000
17		1358	2894.028161000
17		1358	2894.028167000
6	0		2894.072798000
17		1358	2894.081708000
6	1418		2894.081762000
17		1358	2894.133998000
6	0		2894.164682000
17		45	2894.164722000
17		33	2894.189913000
6	1418		2894.205486000
17		41	2894.210629000
17		41	2894.256582000
17		41	2894.301845000
6	1418		2894.329208000
17		41	2894.347926000
17		41	2894.394389000
17		1358	2894.395728000
6	1418		2894.428160000
17		41	2894.440810000
17		1358	2894.442404000
17		41	2894.486258000
17		1358	2894.514027000
6	1418		2894.527134000
17		41	2894.532553000
17		1358	2894.567972000
17		41	2894.578482000
17		1358	2894.621447000
17		41	2894.624149000
6	1418		2894.626061000
17		1358	2894.673876000
17		41	2894.716168000
17		1358	2894.727644000
6	0		2894.762377000
17		1358	2894.778921000
17		41	2894.808198000
17		1358	2894.831468000
6	0		2894.854389000
6	1418		2894.855645000
17		41	2894.900647000
17		1358	2894.902318000
6	1418		2894.917498000
17		41	2894.946123000
17		1358	2894.955584000
17		41	2895.037968000
17		1358	2895.038913000
6	0		2895.084534000
17		41	2895.084564000
6	1418		2895.085767000
17		1358	2895.092484000
17		41	2895.176684000
17		1358	2895.178415000
17		41	2895.222957000
17		1358	2895.232231000
17		41	2895.268820000
17		1358	2895.285765000
17		46	2895.314081000
17		33	2895.338637000
17		1358	2895.339628000
6	0		2895.360269000
6	1418		2895.361565000
17		41	2895.406171000
17		1358	2895.407017000
6	1418		2895.423413000
17		41	2895.498617000
17		1358	2895.499890000
17		1358	2895.542297000
6	0		2895.543975000
6	1418		2895.547102000
17		41	2895.590699000
17		1358	2895.592370000
17		41	2895.636322000
17		1358	2895.664129000
6	1418		2895.670801000
17		41	2895.682436000
17		41	2895.728015000
17		1358	2895.735697000
17		41	2895.773967000
17		1358	2895.790118000
17		1358	2895.841403000
17		41	2895.866233000
17		1358	2895.893671000
6	0		2895.911862000
6	1418		2895.913164000
17		41	2895.958024000
17		1358	2895.959736000
6	1418		2895.974950000
17		41	2896.004137000
17		1358	2896.012925000
17		41	2896.096157000
17		1358	2896.097803000
17		41	2896.142038000
17		1358	2896.151603000
6	0		2896.188217000
6	1418		2896.189452000
17		41	2896.233796000
17		1358	2896.234800000
6	1418		2896.251333000
17		41	2896.280380000
17		1358	2896.294381000
17		41	2896.326419000
17		1358	2896.354075000
17		1358	2896.414007000
17		41	2896.418314000
6	0		2896.464479000
6	1418		2896.465763000
17		1358	2896.472601000
17		41	2896.510259000
6	1418		2896.527578000
17		1358	2896.530614000
17		41	2896.555807000
17		1358	2896.588957000
17		41	2896.602674000
17		1358	2896.635507000
17		46	2896.694137000
17		634	2896.695439000
6	0		2896.740308000
6	1418		2896.741593000
17		41	2896.786606000
6	1418		2896.803426000
17		41	2896.831881000
17		41	2896.878596000
17		41	2896.924080000
6	0		2896.970218000
6	1418		2896.971507000
17		41	2897.016239000
6	1418		2897.026189000
17		41	2897.062553000
17		41	2897.108454000
6	1418		2897.125085000
17		915	2897.154241000
17		37	2897.154931000
17		1358	2897.155651000
17		1358	2897.155706000
17		1358	2897.155714000
17		1358	2897.155720000
17		1358	2897.155724000
17		1358	2897.155728000
17		1358	2897.213622000
6	1418		2897.224023000
6	0		2897.246089000
17		1358	2897.271484000
6	0		2897.337903000
6	1418		2897.339171000
17		45	2897.384360000
17		1358	2897.386133000
17		41	2897.430367000
17		1358	2897.445322000
6	1418		2897.446657000
6	0		2897.476210000
17		41	2897.476236000
17		1358	2897.503354000
17		41	2897.522702000
17		1358	2897.561926000
17		41	2897.568463000
6	1418		2897.570442000
17		41	2897.614114000
17		1358	2897.620154000
17		41	2897.660438000
17		1358	2897.679131000
17		1358	2897.735918000
17		41	2897.752293000
17		1358	2897.793632000
6	0		2897.798483000
6	1418		2897.799737000
17		41	2897.844040000
17		1358	2897.852766000
6	1418		2897.861577000
17		41	2897.889968000
17		1358	2897.899806000
17		41	2897.982051000
17		1358	2897.983699000
17		41	2898.028039000
17		1358	2898.061287000
6	0		2898.074180000
17		41	2898.074207000
6	1418		2898.075434000
17		41	2898.120402000
6	1418		2898.137266000
17		1358	2898.138297000
17		41	2898.166378000
17		1358	2898.196869000
17		41	2898.212550000
17		1358	2898.253959000
17		41	2898.304118000
17		1358	2898.311835000
6	0		2898.350464000
6	1418		2898.351764000
17		1358	2898.368475000
17		41	2898.396028000
6	1418		2898.415461000
17		1358	2898.426647000
17		41	2898.442541000
17		1358	2898.485600000
17		41	2898.488614000
17		1358	2898.544064000
6	0		2898.580164000
6	1418		2898.581422000
17		46	2898.626152000
17		1358	2898.627861000
6	1418		2898.670312000
17		41	2898.672413000
17		1358	2898.686141000
17		41	2898.718363000
17		1358	2898.744028000
17		1358	2898.801967000
17		41	2898.810221000
6	0		2898.856370000
6	1418		2898.857630000
17		1358	2898.859883000
17		41	2898.902641000
17		1358	2898.918571000
6	1418		2898.925151000
17		41	2898.948462000
17		1358	2898.977363000
17		41	2898.994412000
17		1358	2899.035629000
17		41	2899.085832000
17		940	2899.094283000
6	0		2899.132221000
6	1418		2899.133505000
17		41	2899.178441000
6	1418		2899.184480000
17		41	2899.224636000
17		41	2899.270030000
6	1418		2899.286419000
17		41	2899.362543000
6	1418		2899.388357000
17		41	2899.408639000
6	0		2899.454257000
17		41	2899.454286000
17		41	2899.500426000
17		832	2899.546049000
17		37	2899.546712000
17		140	2899.548280000
17		1353	2899.548363000
17		1358	2899.548369000
17		1358	2899.548373000
17		1358	2899.548378000
17		1358	2899.548382000
17		1358	2899.606465000
6	0		2899.638680000
6	1418		2899.639941000
17		1358	2899.664183000
6	1418		2899.703641000
17		1358	2899.721619000
6	0		2899.729817000
17		45	2899.729844000
17		33	2899.753852000
17		41	2899.776676000
17		1358	2899.778444000
17		41	2899.821872000
6	1418		2899.831061000
17		1358	2899.837228000
17		41	2899.868473000
17		1358	2899.895886000
17		41	2899.914457000
6	1418		2899.949643000
17		1358	2899.954305000
17		41	2899.960337000
17		41	2900.006221000
17		1358	2900.012567000
17		41	2900.052109000
17		1358	2900.071143000
6	0		2900.097953000
6	1418		2900.099209000
17		1358	2900.128181000
17		41	2900.144396000
17		1358	2900.185993000
6	1418		2900.186577000
17		41	2900.190237000
17		1358	2900.243895000
17		41	2900.281954000
17		1358	2900.296781000
6	0		2900.327915000
17		41	2900.327942000
6	1418		2900.329193000
17		1358	2900.339396000
17		41	2900.420386000
17		1358	2900.422569000
17		41	2900.465893000
17		1358	2900.493240000
17		41	2900.512621000
6	0		2900.558893000
6	1418		2900.560134000
17		1358	2900.562475000
17		41	2900.604541000
6	1418		2900.619403000
17		1358	2900.632684000
17		41	2900.650562000
17		1358	2900.685079000
17		41	2900.742302000
17		1358	2900.743144000
17		41	2900.788234000
17		1358	2900.795917000
6	0		2900.834525000
17		41	2900.834554000
6	1418		2900.835753000
17		1358	2900.849489000
17		46	2900.880121000
6	1418		2900.895017000
17		1358	2900.902501000
17		41	2900.926607000
17		1358	2900.954941000
17		41	2901.018190000
17		1358	2901.019886000
6	0		2901.064656000
6	1418		2901.065922000
17		41	2901.109967000
17		1358	2901.111675000
6	1418		2901.132111000
17		41	2901.155988000
17		1358	2901.164439000
17		41	2901.202125000
17		1358	2901.217387000
17		41	2901.248551000
17		1358	2901.270446000
17		41	2901.339868000
17		1358	2901.341588000
6	0		2901.386100000
6	1418		2901.387345000
17		41	2901.432232000
17		1358	2901.433947000
6	1418		2901.434743000
17		41	2901.478569000
17		1358	2901.486123000
17		1358	2901.528538000
6	1418		2901.529535000
17		41	2901.570292000
17		1358	2901.571805000
6	0		2901.615860000
6	1418		2901.624381000
17		41	2901.661901000
17		1358	2901.663643000
17		41	2901.708730000
6	1418		2901.719193000
17		1358	2901.733418000
17		41	2901.754671000
17		41	2901.800590000
17		1358	2901.802303000
6	1418		2901.814000000
17		1358	2901.855166000
17		41	2901.892131000
17		1358	2901.906498000
6	1418		2901.908794000
6	0		2901.938596000
17		41	2901.984208000
17		1358	2901.985938000
6	1418		2902.003690000
17		41	2902.030103000
17		1358	2902.038411000
17		41	2902.122791000
17		1358	2902.124320000
6	0		2902.167978000
6	1418		2902.169238000
17		41	2902.214390000
17		1358	2902.216108000
6	1418		2902.256453000
17		46	2902.259835000
17		1358	2902.268509000
17		41	2902.306687000
17		827	2902.321149000
6	0		2902.351892000
17		41	2902.398588000
17		41	2902.444372000
17		41	2902.536079000
6	0		2902.582327000
6	1418		2902.583596000
17		41	2902.628297000
6	1418		2902.642856000
17		41	2902.674674000
17		915	2902.766521000
17		37	2902.767253000
17		142	2902.767926000
17		1358	2902.773226000
6	0		2902.813086000
6	1418		2902.814365000
17		1358	2902.816121000
17		1358	2902.856395000
17		41	2902.857852000
6	1418		2902.869295000
17		1358	2902.898369000
17		1358	2902.939456000
6	0		2902.950275000
17		45	2902.950309000
17		33	2902.975008000
6	1418		2902.977250000
17		1358	2902.980452000
17		41	2902.996323000
17		1358	2903.049118000
6	1418		2903.085294000
17		41	2903.088597000
17		1358	2903.118491000
17		41	2903.134213000
17		1358	2903.170213000
6	0		2903.179838000
6	1418		2903.193205000
17		1358	2903.222134000
17		41	2903.226772000
17		41	2903.272104000
17		1358	2903.273825000
6	1418		2903.301158000
17		1358	2903.325783000
17		41	2903.364206000
17		1358	2903.377899000
6	1418		2903.409045000
17		41	2903.409749000
17		1358	2903.429299000
6	0		2903.456339000
17		1358	2903.480998000
17		41	2903.502308000
6	1418		2903.516990000
17		1358	2903.532983000
17		41	2903.548009000
17		1358	2903.585930000
17		41	2903.594267000
6	1418		2903.624935000
17		1358	2903.638563000
17		41	2903.639953000
6	0		2903.685907000
17		1358	2903.691216000
17		41	2903.732425000
6	1418		2903.732867000
17		1358	2903.743961000
17		41	2903.778698000
17		1358	2903.796991000
6	1418		2903.840839000
17		41	2903.870115000
17		1358	2903.871929000
17		41	2903.915882000
17		1358	2903.925346000
6	1418		2903.948836000
6	0		2903.962228000
17		41	2904.008091000
17		1358	2904.009897000
17		41	2904.054073000
17		1358	2904.055407000
6	1418		2904.056710000
17		41	2904.145929000
17		1358	2904.147614000
6	1418		2904.164745000
17		41	2904.191951000
6	0		2904.238218000
6	1418		2904.272682000
17		46	2904.283899000
17		33	2904.308017000
17		41	2904.330035000
17		41	2904.375997000
17		1358	2904.377655000
6	1418		2904.380562000
17		41	2904.422117000
17		1358	2904.429700000
6	0		2904.468290000
6	1418		2904.488528000
17		41	2904.513893000
17		1358	2904.515576000
17		41	2904.560577000
17		1358	2904.567796000
6	1418		2904.574879000
17		41	2904.651955000
17		1358	2904.653682000
6	1418		2904.661246000
6	0		2904.698482000
6	1418		2904.747581000
17		41	2904.789840000
6	560		2904.789878000
6	39		2904.789889000
17		1358	2904.791527000
6	0		2904.791668000
6	0		2904.791676000
6	39		2904.791725000
6	69		2904.793352000
6	31		2904.793994000
6	39		2904.794584000
6	1418		2904.833936000
6	0		2904.835960000
17		1358	2904.843342000
17		41	2904.882572000
17		1358	2904.895762000
6	1418		2904.920278000
17		1358	2904.947606000
17		41	2904.973854000
17		1358	2904.999897000
17		41	2905.020152000
17		1358	2905.051036000
6	0		2905.066309000
6	1418		2905.067571000
17		1358	2905.102622000
17		41	2905.112494000
6	1418		2905.150574000
17		1358	2905.154480000
6	0		2905.203952000
17		41	2905.203980000
17		1358	2905.205807000
6	0		2905.249925000
6	39		2905.249977000
6	0		2905.256052000
17		1358	2905.257227000
6	1418		2905.294500000
17		1358	2905.309812000
17		41	2905.342690000
17		1358	2905.361549000
17		41	2905.387937000
6	1418		2905.397838000
17		555	2905.413336000
6	0		2905.433962000
17		41	2905.479882000
6	1418		2905.501189000
17		41	2905.526502000
6	1418		2905.604499000
17		41	2905.618593000
6	0		2905.663857000
6	1418		2905.702480000
17		41	2905.709854000
17		41	2905.756591000
6	1418		2905.800424000
17		46	2905.802687000
17		33	2905.827582000
17		41	2905.894698000
6	1418		2905.898390000
17		41	2905.940659000
6	0		2905.986406000
17		915	2905.986442000
17		37	2905.987119000
17		1358	2905.987978000
17		1358	2905.987991000
17		1358	2905.987996000
17		1358	2905.988000000
17		1358	2905.988003000
17		1358	2905.988008000
17		1358	2905.988012000
17		1358	2905.988016000
17		1358	2905.988019000
17		1358	2905.988023000
6	1418		2905.996355000
17		1358	2906.035494000
6	0		2906.078698000
17		1358	2906.083226000
6	1418		2906.094323000
17		1358	2906.130896000
6	0		2906.170767000
17		1358	2906.178639000
6	1418		2906.192337000
17		41	2906.216124000
17		45	2906.262446000
17		33	2906.286384000
6	1418		2906.290231000
6	0		2906.308548000
17		41	2906.308576000
17		41	2906.354451000
6	1418		2906.388202000
17		41	2906.400408000
17		41	2906.446373000
17		1358	2906.447474000
6	1418		2906.486165000
17		41	2906.492792000
17		1358	2906.495044000
17		41	2906.538573000
17		1358	2906.555272000
6	1418		2906.584123000
17		41	2906.584222000
17		1358	2906.615947000
17		41	2906.630216000
17		1358	2906.674604000
6	1418		2906.682095000
17		41	2906.722758000
17		1358	2906.733593000
17		41	2906.767929000
17		1358	2906.793259000
6	0		2906.814982000
17		41	2906.815013000
6	1418		2906.816229000
17		35	2906.816700000
17		1358	2906.852021000
17		41	2906.860756000
6	1418		2906.878023000
17		41	2906.906050000
17		1358	2906.910892000
17		1358	2906.970581000
6	0		2906.998236000
6	1418		2906.999474000
17		1358	2907.030044000
6	1418		2907.073947000
17		1358	2907.089416000
17		41	2907.090310000
6	0		2907.135768000
17		1358	2907.148883000
6	1418		2907.171892000
17		41	2907.181819000
17		1358	2907.209218000
17		41	2907.228390000
17		1358	2907.268982000
6	1418		2907.269841000
17		41	2907.320234000
17		1358	2907.329106000
17		41	2907.366257000
17		1358	2907.389018000
6	0		2907.412663000
17		41	2907.412693000
6	1418		2907.413913000
17		1358	2907.448918000
17		41	2907.458424000
6	1418		2907.465778000
17		1358	2907.508988000
17		41	2907.550026000
17		1358	2907.569616000
6	0		2907.596431000
6	1418		2907.597722000
6	1418		2907.642098000
17		41	2907.642735000
17		1358	2907.644867000
17		41	2907.687879000
17		1358	2907.705717000
6	1418		2907.720478000
17		41	2907.779886000
6	673		2907.779911000
6	0		2907.781018000
17		1358	2907.781587000
6	67		2907.783262000
6	31		2907.783882000
6	39		2907.784467000
6	1418		2907.798859000
6	0		2907.826051000
17		41	2907.872029000
17		1358	2907.873729000
6	1418		2907.877208000
17		41	2907.918132000
17		1358	2907.933684000
6	1418		2907.955589000
17		41	2908.010701000
17		1358	2908.012375000
17		41	2908.055880000
17		1358	2908.059928000
6	0		2908.102764000
17		41	2908.148227000
17		1358	2908.149410000
17		1358	2908.196938000
17		41	2908.240222000
17		637	2908.245022000
6	0		2908.286542000
17		46	2908.332213000
17		33	2908.356835000
17		41	2908.378178000
6	0		2908.470438000
17		41	2908.516330000
17		41	2908.562405000
6	0		2908.653916000
6	39		2908.653939000
17		41	2908.653947000
6	0		2908.660034000
6	0		2908.700097000
6	1418		2908.701357000
17		41	2908.746704000
6	1418		2908.750394000
17		41	2908.838459000
6	0		2908.883898000
6	1418		2908.885140000
17		41	2908.929928000
6	1418		2908.946266000
17		41	2908.976378000
17		41	2909.022297000
17		833	2909.068418000
17		37	2909.069198000
17		135	2909.069884000
17		1353	2909.069979000
17		1358	2909.069987000
17		1358	2909.069992000
17		1358	2909.069996000
17		1358	2909.070000000
17		1358	2909.070005000
17		1358	2909.070009000
17		1358	2909.070013000
17		1358	2909.070017000
17		1358	2909.130389000
6	0		2909.160385000
6	1418		2909.161676000
17		1358	2909.188605000
6	1418		2909.210658000
17		1358	2909.248377000
6	0		2909.252732000
17		45	2909.252759000
17		33	2909.277170000
17		41	2909.298546000
6	1418		2909.308624000
17		41	2909.344365000
17		41	2909.389915000
17		1358	2909.391375000
6	1418		2909.406626000
17		41	2909.436081000
17		1358	2909.451462000
17		41	2909.482131000
6	1418		2909.504532000
17		1358	2909.511582000
17		41	2909.528433000
17		1358	2909.572400000
17		41	2909.574704000
6	1418		2909.602487000
17		41	2909.620688000
17		1358	2909.632830000
17		41	2909.666706000
17		1358	2909.693053000
6	1418		2909.700450000
17		1358	2909.752502000
17		41	2909.758593000
6	1418		2909.798428000
6	0		2909.803842000
17		1358	2909.811495000
17		41	2909.850606000
17		1358	2909.869971000
6	1418		2909.896397000
17		1358	2909.918192000
17		41	2909.942243000
17		1358	2909.965486000
6	0		2909.988560000
6	1418		2909.994351000
17		1358	2910.010431000
17		41	2910.034441000
17		1358	2910.054539000
6	1418		2910.092301000
17		41	2910.126147000
17		1358	2910.127816000
17		41	2910.172049000
6	1418		2910.190269000
17		1358	2910.203277000
6	0		2910.218207000
17		41	2910.264481000
17		1358	2910.277846000
6	1418		2910.288217000
17		41	2910.310148000
17		1358	2910.333372000
6	1418		2910.386214000
6	0		2910.402018000
17		41	2910.402048000
17		1358	2910.403716000
17		41	2910.448466000
17		1358	2910.460689000
6	1418		2910.484154000
17		46	2910.494318000
17		1358	2910.517414000
6	1418		2910.582133000
17		41	2910.586743000
17		1358	2910.587883000
17		41	2910.632142000
17		1358	2910.643858000
6	0		2910.678423000
6	1418		2910.680116000
17		41	2910.724075000
17		1358	2910.725790000
6	1418		2910.758476000
17		41	2910.770144000
17		1358	2910.781655000
6	1418		2910.836824000
17		41	2910.862094000
17		1358	2910.863901000
6	0		2910.908473000
6	1418		2910.915195000
17		41	2910.954043000
17		1358	2910.955740000
6	1418		2910.993565000
17		41	2911.000027000
17		1358	2911.012465000
6	1418		2911.071920000
17		41	2911.091914000
17		1358	2911.092918000
6	0		2911.138384000
17		41	2911.138409000
17		1358	2911.149430000
17		41	2911.184078000
17		1358	2911.205756000
17		41	2911.276141000
17		1358	2911.277679000
6	0		2911.322439000
6	1418		2911.323726000
17		41	2911.368728000
17		1358	2911.370391000
6	1418		2911.389038000
17		41	2911.414747000
17		1358	2911.427407000
17		41	2911.505805000
17		1358	2911.507457000
6	0		2911.554184000
6	1418		2911.555424000
17		41	2911.598061000
17		1358	2911.599794000
6	1418		2911.617667000
17		41	2911.690068000
17		1358	2911.692176000
6	0		2911.736225000
6	1418		2911.737482000
17		41	2911.782407000
17		1358	2911.784075000
6	1418		2911.813567000
17		41	2911.873916000
17		634	2911.874944000
6	0		2911.920108000
17		41	2911.920139000
6	1418		2911.921372000
17		46	2911.966030000
17		33	2911.989530000
6	1418		2912.009550000
17		41	2912.012627000
17		41	2912.058606000
17		41	2912.150278000
6	0		2912.196420000
6	1418		2912.197675000
17		41	2912.242413000
6	1418		2912.246650000
17		41	2912.287911000
17		41	2912.380184000
6	0		2912.426728000
6	1418		2912.427987000
17		41	2912.472365000
6	1418		2912.476959000
17		908	2912.518618000
17		37	2912.519329000
17		142	2912.520226000
17		1358	2912.526485000
17		41	2912.564633000
17		1358	2912.582976000
6	0		2912.610242000
17		41	2912.610268000
6	1418		2912.611475000
17		1358	2912.637818000
6	1418		2912.672885000
17		1358	2912.692475000
6	0		2912.702210000
17		1358	2912.748736000
6	1418		2912.770848000
6	0		2912.793974000
17		1358	2912.804073000
17		1358	2912.858802000
6	1418		2912.868835000
6	0		2912.886002000
17		45	2912.886035000
17		33	2912.910287000
17		1358	2912.914495000
17		41	2912.932004000
6	1418		2912.966787000
17		1358	2912.969792000
17		41	2912.978511000
17		1358	2913.024975000
6	1418		2913.064733000
17		41	2913.069906000
17		1358	2913.079483000
6	0		2913.116196000
17		1358	2913.135422000
17		41	2913.162642000
6	1418		2913.162730000
17		1358	2913.189936000
17		41	2913.208533000
17		1358	2913.245499000
6	1418		2913.260773000
17		1358	2913.300402000
17		41	2913.300480000
6	0		2913.345891000
17		41	2913.345925000
17		1358	2913.356044000
6	1418		2913.358617000
17		41	2913.392321000
17		1358	2913.399990000
6	0		2913.438644000
17		1358	2913.443798000
6	1418		2913.456578000
17		41	2913.484297000
17		1358	2913.488220000
17		41	2913.530691000
6	1418		2913.554561000
17		1358	2913.562697000
17		41	2913.622438000
6	0		2913.635476000
17		1358	2913.636226000
6	0		2913.636750000
6	0		2913.636781000
6	332		2913.637077000
6	0		2913.637890000
6	2515		2913.641013000
6	0		2913.641033000
6	85		2913.642171000
6	0		2913.642994000
6	250		2913.643209000
6	178		2913.643372000
6	0		2913.644187000
6	1418		2913.652494000
6	930		2913.655458000
6	1390		2913.655887000
6	0		2913.655898000
6	1390		2913.655913000
6	2780		2913.655920000
6	4170		2913.655926000
6	8340		2913.655933000
6	0		2913.655939000
6	17982		2913.655942000
6	4170		2913.655958000
6	1390		2913.655964000
6	0		2913.655964000
6	2780		2913.655968000
6	4170		2913.655973000
6	11200		2913.655980000
6	3436		2913.655990000
6	0		2913.656039000
6	18550		2913.656799000
6	0		2913.656834000
6	11530		2913.656906000
6	0		2913.656947000
6	2040		2913.657640000
6	9458		2913.657731000
6	0		2913.657842000
6	0		2913.658018000
6	0		2913.659229000
6	0		2913.660479000
6	0		2913.660503000
17		41	2913.668052000
17		1358	2913.709582000
6	0		2913.714167000
6	1418		2913.750490000
17		41	2913.760505000
17		1358	2913.764557000
17		41	2913.806754000
17		1358	2913.819233000
6	1418		2913.848454000
17		1358	2913.875236000
17		41	2913.898842000
17		1358	2913.930765000
17		41	2913.944111000
6	1418		2913.946970000
17		1358	2913.987298000
6	0		2913.990270000
17		41	2914.036390000
17		1358	2914.043255000
6	1418		2914.045493000
17		41	2914.082657000
17		1358	2914.099465000
6	1418		2914.124333000
17		41	2914.128080000
17		1358	2914.156007000
6	0		2914.174815000
6	1418		2914.203151000
17		46	2914.220248000
17		1358	2914.222061000
17		41	2914.266508000
17		1358	2914.278404000
6	1418		2914.281979000
17		41	2914.358432000
17		1358	2914.360823000
6	1418		2914.360860000
6	0		2914.404574000
6	1418		2914.439680000
17		41	2914.450013000
17		1358	2914.452006000
17		41	2914.495994000
17		1358	2914.508504000
17		41	2914.588740000
17		1358	2914.590494000
17		41	2914.634696000
17		1358	2914.646757000
6	0		2914.679884000
17		41	2914.725882000
17		1358	2914.727541000
17		41	2914.772368000
17		1358	2914.783686000
17		41	2914.864369000
17		1358	2914.865981000
6	0		2914.910359000
17		41	2914.910387000
17		1358	2914.911631000
17		41	2915.001839000
17		1358	2915.003051000
17		41	2915.048310000
17		1358	2915.049636000
6	0		2915.094618000
6	1418		2915.095856000
17		41	2915.140222000
17		1358	2915.141920000
6	1418		2915.145191000
6	0		2915.232819000
6	1418		2915.243655000
17		41	2915.278421000
17		1358	2915.280207000
17		41	2915.323807000
17		71	2915.336188000
6	1418		2915.342188000
17		41	2915.370205000
17		41	2915.416142000
17		41	2915.462496000
17		41	2915.507986000
17		46	2915.554651000
17		33	2915.579487000
17		41	2915.600205000
17		41	2915.646662000
17		41	2915.737787000
6	0		2915.784222000
6	1418		2915.785466000
6	1418		2915.834738000
17		832	2915.876384000
17		37	2915.877088000
17		1358	2915.878890000
17		1358	2915.878903000
17		1358	2915.878907000
17		1358	2915.878911000
17		1358	2915.878915000
17		1358	2915.878919000
17		1358	2915.878923000
17		1358	2915.878927000
17		1358	2915.878931000
6	0		2915.922177000
6	1418		2915.933300000
17		1358	2915.935141000
17		1358	2915.990463000
6	1418		2916.031784000
6	1418		2916.130393000
6	1418		2916.228857000
6	1418		2916.327406000
6	1418		2916.425928000
6	0		2916.474126000
17		41	2916.474155000
17		45	2916.520170000
17		1358	2916.521864000
6	1418		2916.524514000
17		41	2916.566401000
17		1358	2916.578312000
17		41	2916.612548000
6	1418		2916.622990000
17		1358	2916.634127000
17		41	2916.658789000
17		1358	2916.690096000
17		41	2916.704645000
17		1358	2916.746546000
17		41	2916.750307000
17		41	2916.796742000
17		1358	2916.803075000
17		41	2916.841908000
17		1358	2916.859405000
17		1358	2916.914532000
17		41	2916.933822000
17		1358	2916.970411000
6	0		2916.980354000
6	1418		2916.981557000
17		1358	2917.013974000
17		41	2917.072212000
17		1358	2917.073387000
17		41	2917.394198000
17		35	2917.396390000
6	0		2917.440253000
6	1418		2917.441490000
6	1418		2917.480955000
6	1418		2917.559754000
6	1418		2917.638559000
6	0		2917.900568000
17		41	2918.176336000
17		1358	2918.177704000
6	0		2918.222548000
6	1418		2918.223875000
17		41	2918.268561000
17		1358	2918.270317000
17		41	2918.314488000
17		41	2918.360526000
17		1358	2918.362350000
17		41	2918.406517000
17		1358	2918.417950000
17		41	2918.452395000
17		1358	2918.473990000
17		41	2918.498086000
17		1358	2918.530308000
17		41	2918.544315000
6	0		2918.544354000
6	1418		2918.545615000
17		1358	2918.586505000
17		41	2918.590503000
17		1358	2918.643120000
17		41	2918.728426000
17		1358	2918.730084000
17		41	2918.820323000
17		1358	2918.821635000
6	0		2918.912077000
6	1418		2918.913315000
6	1418		2918.964374000
6	0		2919.004717000
6	1418		2919.066465000
17		41	2919.096188000
17		1358	2919.098497000
6	0		2919.141996000
6	1418		2919.168560000
17		41	2919.188682000
17		1358	2919.190075000
17		41	2919.234859000
17		1358	2919.255824000
6	1418		2919.270662000
17		41	2919.280731000
17		41	2919.325969000
6	1418		2919.372758000
17		41	2919.418054000
17		41	2919.464194000
17		41	2919.510314000
6	0		2919.510369000
6	1418		2919.511606000
17		1358	2919.512000000
17		1358	2919.555969000
17		85	2919.555998000
17		1358	2919.559176000
17		630	2919.559196000
6	1418		2919.576939000
17		34	2919.584093000
17		46	2919.602159000
17		1358	2919.603892000
6	0		2919.648480000
6	1418		2919.679039000
17		41	2919.740277000
17		1358	2919.741953000
6	1418		2919.781187000
6	0		2919.786558000
17		1358	2919.807388000
17		41	2919.832330000
17		1358	2919.871799000
17		41	2919.878418000
6	1418		2919.883217000
17		1358	2919.935862000
6	0		2919.970663000
6	1418		2919.985324000
17		1358	2920.000491000
17		41	2920.062462000
17		1358	2920.064176000
6	1418		2920.087411000
17		86	2920.108287000
17		41	2920.108315000
17		1241	2920.108323000
6	0		2920.108334000
17		101	2920.109886000
17		33	2920.109912000
17		33	2920.109916000
17		1358	2920.129479000
6	1418		2920.189530000
17		1358	2920.194352000
17		41	2920.200632000
6	0		2920.245833000
17		1358	2920.258080000
17		516	2920.276255000
17		203	2920.277960000
17		176	2920.278005000
6	1418		2920.291716000
17		41	2920.291920000
17		645	2920.322505000
17		41	2920.384469000
6	1418		2920.393700000
17		41	2920.430014000
6	0		2920.476162000
6	1418		2920.495794000
17		41	2920.521855000
6	1418		2920.597948000
17		41	2920.614012000
6	0		2920.660420000
6	1418		2920.699987000
17		42	2920.705784000
17		41	2920.752813000
17		908	2920.752844000
17		33	2920.753597000
17		33	2920.753722000
17		142	2920.754600000
17		1358	2920.762674000
6	1418		2920.797395000
17		41	2920.798298000
17		1358	2920.827724000
17		41	2920.844521000
17		43	2920.890197000
17		41	2920.890221000
17		1358	2920.892433000
6	1418		2920.894763000
17		33	2920.916865000
6	0		2920.936401000
17		41	2920.936428000
17		1358	2920.955992000
6	1418		2920.992231000
17		1358	2921.020696000
6	0		2921.028354000
17		1358	2921.085796000
6	1418		2921.089568000
6	0		2921.120225000
17		41	2921.120250000
17		1358	2921.150187000
17		45	2921.166301000
17		41	2921.166350000
6	1418		2921.186971000
17		33	2921.190210000
17		1358	2921.214918000
17		41	2921.258467000
17		1358	2921.279133000
6	1418		2921.284371000
17		41	2921.303878000
17		1358	2921.342981000
6	0		2921.350814000
6	1418		2921.381933000
17		41	2921.396219000
17		1358	2921.407864000
17		1358	2921.471433000
6	1418		2921.479169000
17		41	2921.487966000
17		41	2921.534630000
17		1358	2921.536315000
6	1418		2921.576698000
6	0		2921.579774000
17		1358	2921.600575000
17		41	2921.626766000
17		1358	2921.665214000
6	1418		2921.673953000
17		1358	2921.716292000
17		41	2921.718355000
17		41	2921.764722000
17		1358	2921.766404000
6	1418		2921.771336000
6	0		2921.809877000
17		1358	2921.819717000
17		41	2921.856505000
6	1418		2921.868804000
17		1358	2921.870820000
17		1358	2921.922134000
6	1418		2921.942845000
17		41	2921.948222000
17		1358	2921.974431000
6	0		2921.994402000
6	1418		2922.016921000
17		1358	2922.025534000
17		41	2922.040052000
17		1358	2922.076508000
6	1418		2922.091000000
17		41	2922.132725000
17		1358	2922.162141000
6	1418		2922.165091000
17		41	2922.178266000
6	0		2922.224435000
6	1418		2922.239182000
17		1358	2922.248198000
17		41	2922.270782000
6	1418		2922.313304000
17		41	2922.316164000
17		1358	2922.334516000
6	1418		2922.387347000
17		41	2922.408685000
17		1358	2922.420534000
6	0		2922.453826000
17		1358	2922.484957000
17		41	2922.500604000
6	1418		2922.510824000
17		41	2922.546170000
17		1358	2922.547898000
17		1358	2922.613944000
6	1418		2922.634378000
17		46	2922.638042000
17		33	2922.662348000
17		1358	2922.678136000
6	0		2922.683892000
17		41	2922.730274000
17		1358	2922.747015000
6	1418		2922.757830000
17		1358	2922.815706000
17		41	2922.821991000
6	0		2922.868135000
6	1418		2922.881262000
17		1358	2922.884845000
17		1347	2922.954150000
17		41	2922.960077000
6	1418		2923.004830000
6	0		2923.006462000
17		41	2923.051910000
6	1418		2923.097335000
17		41	2923.144781000
6	1418		2923.189956000
17		41	2923.190055000
6	0		2923.236204000
17		41	2923.282473000
6	1418		2923.282560000
17		41	2923.328097000
6	1418		2923.375156000
17		41	2923.419986000
17		41	2923.466228000
6	1418		2923.467738000
6	0		2923.512550000
17		41	2923.512577000
6	1418		2923.560374000
17		41	2923.604105000
17		915	2923.649873000
17		37	2923.650720000
17		1358	2923.652464000
17		1358	2923.652499000
17		1358	2923.652505000
17		1358	2923.652511000
17		1358	2923.652516000
17		1358	2923.652522000
17		1358	2923.652527000
17		1358	2923.652532000
17		1358	2923.652538000
17		1358	2923.652543000
6	1418		2923.652943000
6	0		2923.695896000
17		1358	2923.723263000
6	1418		2923.745580000
6	0		2923.787793000
17		1358	2923.791737000
6	1418		2923.838194000
17		1358	2923.859753000
6	0		2923.880243000
17		1358	2923.929117000
6	1418		2923.930780000
6	0		2923.972592000
17		41	2923.972626000
17		45	2924.018807000
6	1418		2924.023418000
17		33	2924.043756000
17		41	2924.064094000
17		1358	2924.065399000
17		41	2924.109934000
6	1418		2924.116005000
17		1358	2924.135585000
17		41	2924.156479000
17		41	2924.202757000
17		1358	2924.204430000
6	1418		2924.208597000
17		41	2924.248298000
17		1358	2924.274377000
17		41	2924.294245000
6	1418		2924.301237000
17		41	2924.340437000
17		1358	2924.342172000
17		41	2924.386360000
6	1418		2924.393881000
17		1358	2924.412173000
17		41	2924.478508000
17		1358	2924.480185000
6	1418		2924.486478000
6	0		2924.524744000
17		1358	2924.550886000
17		41	2924.570755000
6	1418		2924.579045000
17		1358	2924.619814000
17		41	2924.662520000
6	1418		2924.671660000
17		1358	2924.688324000
6	0		2924.707845000
17		41	2924.707876000
17		1358	2924.756976000
6	1418		2924.764260000
6	0		2924.799874000
17		1358	2924.812559000
17		41	2924.846461000
6	1418		2924.856923000
17		1358	2924.867086000
17		1358	2924.914726000
17		41	2924.938283000
6	1418		2924.949483000
17		1358	2924.963168000
17		41	2924.983830000
17		1358	2925.012164000
6	0		2925.030728000
6	1418		2925.042091000
17		1358	2925.058942000
17		41	2925.076394000
17		1358	2925.108045000
6	1418		2925.134696000
17		41	2925.168032000
17		1358	2925.188341000
6	0		2925.214168000
17		41	2925.214197000
6	1418		2925.227289000
17		41	2925.260400000
17		1358	2925.267956000
6	1418		2925.319901000
17		1358	2925.348247000
17		46	2925.352088000
17		33	2925.376454000
6	0		2925.398693000
6	1418		2925.412507000
17		1358	2925.428315000
17		41	2925.444575000
6	1418		2925.505109000
17		1358	2925.509153000
17		41	2925.536662000
17		1358	2925.569647000
17		41	2925.581965000
6	1418		2925.597729000
6	0		2925.628310000
17		1358	2925.629628000
17		41	2925.674077000
17		1358	2925.689111000
6	1418		2925.690338000
17		1358	2925.749648000
17		41	2925.766395000
6	1418		2925.782952000
17		1358	2925.810152000
17		41	2925.811785000
6	0		2925.858807000
17		1358	2925.869773000
6	1418		2925.875533000
17		41	2925.904294000
17		1358	2925.930832000
17		41	2925.950097000
6	1418		2925.968162000
17		279	2925.990377000
17		41	2925.995958000
17		41	2926.041867000
6	0		2926.087833000
6	1418		2926.089093000
17		41	2926.134667000
6	1418		2926.134825000
6	1418		2926.208949000
17		41	2926.225914000
6	0		2926.272505000
6	1418		2926.283010000
17		41	2926.318463000
6	1418		2926.357253000
17		41	2926.410530000
6	1418		2926.431198000
6	0		2926.455857000
17		41	2926.502369000
6	1418		2926.505340000
17		41	2926.547985000
6	1418		2926.579367000
17		41	2926.640432000
17		41	2926.685888000
6	0		2926.732317000
17		41	2926.777981000
17		46	2926.823957000
17		33	2926.847873000
17		41	2926.870175000
6	0		2926.916599000
6	1418		2926.917854000
17		41	2926.962716000
6	1418		2926.979589000
17		834	2927.007897000
17		37	2927.008655000
17		137	2927.009442000
17		1353	2927.009533000
17		1358	2927.009542000
17		1358	2927.009546000
17		1358	2927.009550000
17		1358	2927.009554000
17		1358	2927.009558000
17		1358	2927.009562000
17		1358	2927.009566000
17		1358	2927.009570000
6	0		2927.054046000
17		1358	2927.070265000
6	1418		2927.103052000
17		1358	2927.130703000
6	0		2927.146628000
17		1358	2927.191641000
6	1418		2927.226546000
6	0		2927.237938000
17		1358	2927.252136000
17		1358	2927.311137000
6	0		2927.330483000
6	1418		2927.350007000
17		1358	2927.371688000
6	0		2927.422083000
17		1358	2927.431678000
6	1418		2927.438724000
17		45	2927.468633000
17		33	2927.492574000
17		41	2927.514144000
17		1358	2927.515630000
6	1418		2927.527466000
6	0		2927.560078000
17		41	2927.560109000
17		1358	2927.576646000
17		41	2927.606669000
6	1418		2927.611366000
17		1358	2927.637952000
17		41	2927.651813000
6	1418		2927.695258000
17		41	2927.697994000
17		1358	2927.699656000
17		41	2927.744320000
17		1358	2927.760269000
6	1418		2927.779220000
17		41	2927.789836000
17		1358	2927.820645000
17		41	2927.836245000
6	1418		2927.863060000
17		1358	2927.880487000
17		41	2927.882750000
17		41	2927.927879000
17		1358	2927.929418000
6	1418		2927.946952000
17		41	2927.974172000
17		1358	2927.977322000
17		41	2928.020580000
17		1358	2928.024935000
6	1418		2928.030856000
6	0		2928.066734000
17		1358	2928.073824000
17		41	2928.112441000
6	1418		2928.114739000
17		1358	2928.121975000
17		41	2928.158015000
17		1358	2928.169770000
6	1418		2928.198646000
17		1358	2928.218603000
17		41	2928.249792000
17		1358	2928.267089000
17		41	2928.296419000
6	0		2928.342556000
6	1418		2928.343810000
17		1358	2928.349110000
6	1418		2928.385809000
17		41	2928.388378000
17		1358	2928.430912000
17		41	2928.480229000
17		1358	2928.504376000
6	0		2928.526475000
6	1418		2928.527705000
6	1418		2928.569664000
17		41	2928.572505000
17		1358	2928.577687000
17		1358	2928.631970000
17		46	2928.664787000
17		1358	2928.686637000
17		41	2928.709975000
17		1358	2928.741986000
6	0		2928.756176000
17		41	2928.756237000
6	1418		2928.757451000
17		1358	2928.798246000
6	1418		2928.799377000
17		41	2928.848487000
17		1358	2928.853387000
17		41	2928.894560000
17		1358	2928.908453000
6	0		2928.939790000
6	1418		2928.941058000
6	1418		2928.982994000
17		41	2928.986616000
17		1358	2928.988261000
17		41	2929.032195000
17		1358	2929.043773000
17		41	2929.124354000
17		1358	2929.126480000
6	0		2929.170503000
17		41	2929.216720000
17		1358	2929.217793000
17		41	2929.262666000
17		1358	2929.272930000
17		41	2929.354070000
17		1358	2929.355839000
17		41	2929.400113000
17		1358	2929.411545000
6	0		2929.446348000
17		41	2929.492608000
17		1358	2929.494311000
17		41	2929.538037000
17		634	2929.550046000
17		41	2929.584377000
6	0		2929.630519000
17		41	2929.722608000
17		41	2929.768581000
6	0		2929.814446000
17		41	2929.814474000
17		41	2929.860025000
17		41	2929.952236000
6	0		2929.998772000
6	1418		2930.000017000
6	1418		2930.041968000
17		46	2930.044595000
17		33	2930.069656000
17		41	2930.090129000
6	0		2930.182180000
6	1418		2930.183449000
6	1418		2930.225390000
17		41	2930.228085000
17		41	2930.274331000
17		41	2930.320741000
17		41	2930.365861000
17		41	2930.411799000
17		41	2930.457959000
17		947	2930.503961000
17		37	2930.504760000
17		143	2930.505585000
17		1353	2930.505719000
17		1358	2930.505731000
17		1358	2930.505735000
17		1358	2930.505739000
17		1358	2930.505743000
17		1358	2930.505747000
17		1358	2930.505751000
17		1358	2930.505755000
17		1358	2930.505759000
17		1358	2930.561860000
6	0		2930.596170000
6	1418		2930.597418000
17		1358	2930.616070000
6	1418		2930.639357000
17		1358	2930.670365000
6	0		2930.688529000
17		41	2930.688562000
6	1418		2930.723258000
17		45	2930.734219000
17		41	2930.734245000
17		1358	2930.735935000
17		41	2930.780478000
17		1358	2930.782156000
6	1418		2930.807132000
17		41	2930.826441000
17		1358	2930.828093000
17		41	2930.872387000
17		1358	2930.874066000
6	1418		2930.891066000
17		41	2930.918380000
17		1358	2930.920093000
17		41	2930.964155000
6	1418		2930.974940000
17		1358	2930.993814000
17		41	2931.010040000
17		41	2931.056300000
6	1418		2931.058829000
17		1358	2931.067001000
17		41	2931.102003000
17		1358	2931.141521000
6	1418		2931.142704000
17		41	2931.147908000
17		1358	2931.213404000
6	1418		2931.226625000
17		41	2931.239910000
17		1358	2931.267780000
6	0		2931.286046000
6	1418		2931.310517000
17		1358	2931.322834000
17		41	2931.331877000
17		1358	2931.377606000
17		41	2931.378127000
6	1418		2931.394418000
17		41	2931.424566000
17		1358	2931.432650000
6	0		2931.469792000
6	1418		2931.478310000
17		1358	2931.486971000
17		41	2931.516741000
17		1358	2931.541130000
6	1418		2931.562231000
17		41	2931.562437000
17		1358	2931.595546000
6	1418		2931.646152000
17		41	2931.654014000
17		1358	2931.655709000
6	0		2931.700593000
6	1418		2931.730056000
17		41	2931.745816000
17		1358	2931.746473000
6	1418		2931.813887000
17		41	2931.838626000
17		1358	2931.840351000
17		46	2931.884033000
17		1358	2931.894683000
6	1418		2931.897772000
6	0		2931.929829000
17		41	2931.975932000
17		1358	2931.977541000
6	1418		2931.981669000
6	1418		2932.065581000
17		41	2932.067876000
17		1358	2932.069539000
6	0		2932.114036000
6	1418		2932.149487000
17		41	2932.160663000
17		1358	2932.162358000
17		1358	2932.216729000
6	1418		2932.233444000
17		41	2932.252403000
17		1358	2932.270527000
6	0		2932.297824000
6	1418		2932.317278000
17		41	2932.344592000
17		1358	2932.346248000
6	1418		2932.384464000
17		41	2932.390577000
17		1358	2932.401205000
6	1418		2932.451559000
17		41	2932.482024000
17		1270	2932.483821000
6	1418		2932.518614000
6	0		2932.528180000
17		41	2932.574124000
6	1418		2932.585774000
6	1418		2932.652896000
17		41	2932.666024000
6	0		2932.712263000
17		41	2932.758160000
17		41	2932.804119000
17		41	2932.896517000
6	0		2932.941883000
6	1418		2932.943152000
17		41	2932.988268000
6	1418		2932.999067000
6	0		2933.034535000
17		41	2933.080346000
6	1418		2933.110933000
17		41	2933.126544000
17		41	2933.218396000
6	1418		2933.222780000
6	0		2933.264723000
17		41	2933.309857000
6	1418		2933.334654000
17		41	2933.401848000
6	1418		2933.418540000
6	0		2933.448374000
17		832	2933.493943000
17		38	2933.494628000
17		141	2933.495357000
17		1353	2933.495463000
17		1358	2933.495475000
17		1358	2933.495481000
17		1358	2933.495487000
17		1358	2933.495492000
17		1358	2933.495497000
17		1358	2933.495502000
17		1358	2933.495508000
17		1358	2933.495513000
6	1418		2933.502441000
17		1358	2933.550523000
6	0		2933.585892000
6	1418		2933.586339000
17		1358	2933.603393000
17		1358	2933.657990000
6	1418		2933.670227000
6	0		2933.677857000
6	1418		2933.754140000
6	0		2933.769812000
6	1418		2933.838023000
6	0		2933.862614000
17		46	2933.907989000
6	1418		2933.921910000
17		33	2933.932896000
17		41	2933.954187000
17		1358	2933.956002000
6	0		2934.000020000
17		41	2934.000050000
6	1418		2934.005801000
17		41	2934.046109000
17		1358	2934.047040000
6	1418		2934.089719000
17		41	2934.091824000
17		1358	2934.100969000
17		41	2934.138749000
17		1358	2934.155531000
6	1418		2934.173610000
17		41	2934.183880000
17		1358	2934.209605000
17		41	2934.229859000
6	1418		2934.257502000
17		1358	2934.262161000
17		41	2934.276738000
17		1358	2934.316438000
6	1418		2934.341398000
17		41	2934.368723000
17		1358	2934.370450000
6	0		2934.413879000
17		1358	2934.423584000
6	1418		2934.425282000
17		41	2934.460654000
17		1358	2934.477358000
17		41	2934.506354000
6	1418		2934.509183000
17		1358	2934.532304000
6	1418		2934.593090000
6	0		2934.598662000
6	1418		2934.676999000
6	0		2934.690610000
17		41	2934.736209000
17		1358	2934.737890000
6	1418		2934.760884000
6	561		2934.782133000
6	39		2934.782156000
6	0		2934.783938000
6	0		2934.783964000
6	39		2934.784035000
6	69		2934.786083000
6	31		2934.786736000
6	39		2934.787308000
6	0		2934.828764000
17		41	2934.828793000
17		1358	2934.830465000
6	1418		2934.844843000
17		41	2934.874426000
17		1358	2934.876122000
17		41	2934.920019000
17		1358	2934.921509000
6	1418		2934.928661000
17		41	2935.011972000
6	1418		2935.012603000
17		1358	2935.013470000
6	0		2935.058297000
6	1418		2935.096451000
17		41	2935.104727000
17		1358	2935.106418000
17		41	2935.150649000
17		1358	2935.178489000
6	1418		2935.180335000
17		41	2935.242371000
17		1358	2935.250756000
6	1418		2935.264235000
17		46	2935.288410000
17		1358	2935.305795000
6	0		2935.334781000
6	1418		2935.348217000
17		41	2935.380366000
17		1358	2935.382103000
6	1418		2935.432017000
17		41	2935.472312000
17		1358	2935.473998000
6	1418		2935.515945000
6	0		2935.518501000
6	1418		2935.599849000
17		41	2935.610190000
17		1358	2935.612149000
6	0		2935.656447000
6	0		2935.656475000
6	39		2935.656482000
6	0		2935.663227000
6	1418		2935.683721000
17		41	2935.702595000
17		1358	2935.704383000
6	1418		2935.767669000
17		41	2935.794550000
17		1358	2935.796297000
17		41	2935.840348000
17		1358	2935.850516000
6	1418		2935.851483000
6	0		2935.886682000
17		41	2935.932134000
17		1358	2935.933945000
6	0		2935.978264000
17		41	2936.024015000
17		1358	2936.025707000
17		41	2936.070074000
17		1358	2936.080516000
17		41	2936.161843000
17		1358	2936.162632000
6	0		2936.208051000
17		41	2936.254728000
17		1358	2936.256512000
17		41	2936.345975000
17		1358	2936.347855000
6	0		2936.392145000
17		41	2936.438066000
17		1358	2936.439557000
6	0		2936.530275000
6	1418		2936.531575000
17		41	2936.576149000
17		1358	2936.577937000
17		41	2936.668128000
17		1358	2936.669904000
6	0		2936.714523000
6	1418		2936.715778000
6	1418		2936.757735000
17		41	2936.759955000
17		1358	2936.761439000
17		41	2936.805836000
17		41	2936.852563000
17		1358	2936.854275000
17		41	2936.898548000
17		634	2936.926424000
17		46	2936.944420000
17		33	2936.968021000
17		41	2936.990463000
17		41	2937.036235000
6	0		2937.036265000
6	1418		2937.037515000
17		41	2937.082555000
17		41	2937.128478000
17		41	2937.219814000
17		41	2937.266013000
6	0		2937.312409000
6	1418		2937.313662000
6	1418		2937.355586000
17		41	2937.403823000
6	1418		2937.439520000
17		914	2937.450408000
17		38	2937.451146000
17		150	2937.451898000
17		1353	2937.451949000
17		1358	2937.451959000
17		1358	2937.451962000
17		1358	2937.451967000
17		1358	2937.451971000
17		1358	2937.451975000
17		1358	2937.451979000
17		1358	2937.451983000
6	0		2937.496109000
17		1358	2937.506610000
6	1418		2937.523404000
17		1358	2937.559874000
6	0		2937.587892000
6	1418		2937.607294000
17		46	2937.635042000
17		33	2937.659573000
17		41	2937.680554000
17		1358	2937.682198000
6	1418		2937.691232000
6	0		2937.726787000
17		41	2937.726815000
17		1358	2937.736630000
17		41	2937.772442000
6	1418		2937.775094000
17		1358	2937.791559000
17		41	2937.817891000
17		1358	2937.846441000
6	1418		2937.858962000
17		41	2937.863951000
17		1358	2937.901715000
17		41	2937.910272000
6	1418		2937.942872000
17		41	2937.955938000
17		1358	2937.956491000
17		41	2938.002059000
6	1418		2938.009994000
17		1358	2938.010951000
17		1358	2938.065444000
6	1418		2938.077113000
17		41	2938.094496000
17		1358	2938.119831000
6	0		2938.140647000
6	1418		2938.144301000
17		1358	2938.172739000
17		41	2938.186176000
17		1358	2938.226582000
17		1358	2938.277522000
17		41	2938.277745000
6	0		2938.324190000
6	1418		2938.325443000
17		1358	2938.328250000
17		41	2938.370014000
17		1358	2938.380103000
6	1418		2938.384567000
17		41	2938.416094000
17		1358	2938.432226000
17		41	2938.508255000
17		1358	2938.510550000
6	0		2938.554727000
6	1418		2938.556054000
17		41	2938.599990000
6	1418		2938.600351000
17		1358	2938.601707000
17		41	2938.691789000
17		1358	2938.693497000
17		41	2938.737803000
17		1358	2938.739605000
6	0		2938.784717000
17		41	2938.784750000
17		1358	2938.785404000
6	1418		2938.786032000
6	1418		2938.830418000
17		41	2938.876069000
17		1358	2938.877340000
17		46	2938.922595000
17		1358	2938.945277000
6	0		2938.968423000
17		41	2938.968460000
6	1418		2938.969693000
17		1358	2939.013753000
17		41	2939.060735000
17		1358	2939.081888000
17		41	2939.106090000
17		1358	2939.133335000
6	0		2939.152308000
6	1418		2939.153558000
6	1418		2939.197921000
17		41	2939.198389000
17		1358	2939.200202000
17		41	2939.243942000
17		629	2939.251785000
6	0		2939.336596000
6	1418		2939.338014000
17		41	2939.382224000
6	1418		2939.382297000
17		41	2939.428476000
17		41	2939.474731000
6	0		2939.566301000
6	1418		2939.567570000
6	1418		2939.611944000
17		41	2939.612195000
17		41	2939.657854000
17		41	2939.750335000
17		41	2939.796455000
17		41	2939.841872000
6	0		2939.887926000
6	1418		2939.889161000
6	1418		2939.933541000
17		914	2939.979934000
17		38	2939.980694000
17		1358	2939.981390000
17		1358	2939.981405000
17		1358	2939.981411000
17		1358	2939.981416000
17		1358	2939.981421000
17		1358	2939.981426000
17		1358	2939.981432000
17		1358	2939.981450000
17		1358	2939.981459000
6	0		2940.026082000
6	1418		2940.027343000
17		1358	2940.032820000
17		1358	2940.082902000
6	1418		2940.111028000
6	0		2940.118251000
6	1418		2940.199741000
6	0		2940.210635000
17		41	2940.255869000
6	1418		2940.288472000
17		46	2940.301782000
17		1358	2940.303612000
6	0		2940.348223000
17		41	2940.348249000
17		1358	2940.355193000
6	1418		2940.377199000
17		41	2940.409804000
17		1358	2940.411312000
6	1418		2940.465966000
17		41	2940.472401000
17		1358	2940.474041000
17		41	2940.534120000
17		1358	2940.535821000
6	1418		2940.554662000
17		41	2940.596268000
17		1358	2940.598000000
17		41	2940.657855000
17		1358	2940.659641000
17		41	2940.720100000
17		1358	2940.721587000
17		1358	2940.762751000
17		41	2940.844046000
17		1358	2940.845716000
17		41	2940.905938000
17		1358	2940.914306000
6	0		2940.968125000
6	1418		2940.969364000
6	1418		2941.013760000
6	0		2941.092275000
6	1418		2941.102469000
17		41	2941.154466000
17		1358	2941.155922000
6	1418		2941.191208000
17		41	2941.216701000
17		1358	2941.218376000
17		41	2941.340381000
17		1358	2941.342107000
6	0		2941.401888000
6	1418		2941.403136000
6	1418		2941.438681000
17		41	2941.464355000
17		1358	2941.465367000
6	1418		2941.509620000
17		41	2941.525951000
17		1358	2941.527671000
6	1418		2941.580588000
17		41	2941.650800000
17		1358	2941.651877000
17		41	2941.712050000
17		1358	2941.713689000
17		41	2941.773897000
17		1358	2941.775563000
17		1358	2941.826844000
17		41	2941.836355000
6	0		2941.836381000
17		1358	2941.878002000
17		41	2941.898023000
17		1358	2941.929611000
6	0		2942.022004000
6	1418		2942.023439000
17		46	2942.146558000
17		1358	2942.147833000
6	0		2942.208051000
6	1418		2942.209367000
6	1418		2942.253673000
17		41	2942.270181000
17		1358	2942.271927000
17		41	2942.332702000
17		1358	2942.333934000
6	0		2942.456444000
6	1418		2942.457698000
6	1418		2942.502061000
17		41	2942.518359000
17		1358	2942.520104000
17		41	2942.642358000
17		1358	2942.643823000
6	0		2942.704632000
17		41	2942.765983000
17		1358	2942.767822000
17		41	2942.827982000
17		1358	2942.828909000
17		1358	2942.880791000
17		41	2942.889913000
17		1358	2942.930848000
17		41	2942.951857000
17		632	2942.981755000
17		41	2943.013953000
17		41	2943.138159000
6	0		2943.200694000
6	1418		2943.201956000
17		41	2943.324347000
17		41	2943.386337000
6	0		2943.386371000
6	1418		2943.387648000
6	0		2943.510464000
6	1418		2943.511756000
6	1418		2943.556131000
17		41	2943.572045000
17		41	2943.634894000
17		41	2943.696571000
17		41	2943.758552000
17		41	2943.819811000
17		832	2943.882009000
17		38	2943.882745000
17		146	2943.883351000
17		1353	2943.883453000
17		1358	2943.883463000
17		1358	2943.883467000
17		1358	2943.883471000
17		1358	2943.883475000
17		1358	2943.883479000
17		1358	2943.883483000
17		1358	2943.883487000
17		1358	2943.935117000
17		1358	2943.985599000
6	0		2944.006537000
6	1418		2944.007782000
17		1358	2944.035939000
6	1418		2944.052231000
6	0		2944.129950000
17		46	2944.129980000
6	1418		2944.140880000
17		33	2944.155036000
17		41	2944.192556000
17		1358	2944.193575000
6	1418		2944.229608000
17		41	2944.254171000
17		1358	2944.254935000
17		41	2944.315915000
17		1358	2944.317812000
6	1418		2944.318321000
17		41	2944.378351000
17		1358	2944.385593000
6	1418		2944.407077000
17		41	2944.440410000
17		1358	2944.453737000
6	1418		2944.495811000
17		41	2944.502237000
17		1358	2944.521415000
17		41	2944.564006000
17		1358	2944.573342000
17		1358	2944.623584000
17		41	2944.626195000
17		1358	2944.674137000
17		41	2944.687920000
17		1358	2944.726038000
17		41	2944.812246000
17		1358	2944.813975000
6	0		2944.874536000
6	1418		2944.875761000
6	1418		2944.920136000
17		41	2944.998470000
17		1358	2945.000204000
6	0		2945.059908000
6	1418		2945.061185000
6	1418		2945.105508000
17		41	2945.122401000
17		1358	2945.124186000
17		41	2945.184587000
17		1358	2945.186452000
17		41	2945.307779000
17		1358	2945.309369000
6	0		2945.370201000
6	1418		2945.371457000
6	1418		2945.415820000
17		41	2945.432534000
17		1358	2945.434397000
17		41	2945.494384000
17		1358	2945.495385000
17		41	2945.556429000
17		1358	2945.558530000
17		41	2945.618785000
17		1358	2945.620433000
17		41	2945.680808000
17		1358	2945.682526000
17		46	2945.742268000
6	0		2945.742327000
17		1358	2945.743365000
6	1418		2945.743523000
17		41	2945.803833000
17		1358	2945.805498000
6	0		2945.927889000
17		41	2945.990029000
17		1358	2945.991723000
6	0		2946.114122000
6	1418		2946.115376000
6	1418		2946.160330000
17		41	2946.176109000
17		1358	2946.178175000
17		41	2946.238825000
17		1358	2946.240506000
6	1418		2946.250057000
17		41	2946.300269000
17		1358	2946.302433000
6	1418		2946.339850000
6	0		2946.424253000
17		41	2946.486293000
17		1358	2946.488208000
17		1358	2946.539376000
17		41	2946.548197000
17		1358	2946.589879000
17		41	2946.610593000
17		1358	2946.641437000
17		41	2946.672277000
17		1358	2946.692514000
17		41	2946.734574000
17		1358	2946.743647000
17		41	2946.857929000
17		1358	2946.859652000
17		41	2946.920235000
6	0		2946.920262000
6	1418		2946.921452000
17		1358	2946.921854000
6	0		2947.044213000
6	1418		2947.045457000
6	1418		2947.101683000
17		41	2947.106235000
17		1358	2947.107984000
17		41	2947.167978000
17		1358	2947.169629000
17		41	2947.292074000
17		1358	2947.293887000
6	0		2947.354212000
6	1418		2947.355451000
6	1418		2947.411560000
17		41	2947.415987000
17		1358	2947.417487000
17		634	2947.468913000
17		41	2947.478686000
17		41	2947.540327000
17		41	2947.602249000
17		46	2947.664317000
17		33	2947.688548000
17		41	2947.726480000
6	674		2947.788153000
6	39		2947.788177000
6	0		2947.790209000
6	0		2947.790236000
6	39		2947.790240000
6	67		2947.791716000
6	31		2947.792249000
6	39		2947.792829000
17		41	2947.850085000
6	0		2947.912239000
6	1418		2947.913491000
6	1418		2947.969687000
17		914	2948.036650000
17		38	2948.037447000
17		154	2948.038189000
17		1358	2948.048153000
6	1418		2948.081876000
17		41	2948.098078000
17		1358	2948.122091000
6	0		2948.160049000
17		41	2948.160079000
6	1418		2948.194119000
17		1358	2948.196503000
6	0		2948.283912000
6	1418		2948.306335000
6	0		2948.346542000
6	39		2948.346569000
17		41	2948.346579000
17		1358	2948.348490000
6	0		2948.352465000
6	1418		2948.418562000
17		1358	2948.422865000
6	0		2948.470580000
17		41	2948.470605000
17		1358	2948.496046000
6	1418		2948.530818000
17		46	2948.531908000
17		41	2948.531925000
17		33	2948.555379000
17		1358	2948.570137000
6	1418		2948.643067000
17		1358	2948.643822000
17		41	2948.656055000
17		1358	2948.717090000
6	0		2948.718497000
6	1418		2948.755279000
17		41	2948.780343000
17		1358	2948.789660000
17		1358	2948.863795000
6	1418		2948.867508000
17		41	2948.904473000
17		1358	2948.936500000
6	0		2948.965856000
6	1418		2948.979760000
17		1358	2949.009377000
17		41	2949.028592000
17		1358	2949.083347000
17		41	2949.090597000
6	1418		2949.092022000
17		1358	2949.156193000
6	1418		2949.204286000
17		41	2949.214117000
17		1358	2949.229406000
6	0		2949.276666000
17		1358	2949.303004000
6	1418		2949.316480000
17		41	2949.338519000
17		1358	2949.376284000
17		41	2949.399879000
6	1418		2949.428689000
17		1358	2949.434833000
17		1358	2949.493614000
17		41	2949.523952000
6	1418		2949.540950000
17		1358	2949.552108000
17		41	2949.586435000
17		1358	2949.609800000
6	0		2949.648039000
17		41	2949.648090000
6	1418		2949.653214000
17		1358	2949.669172000
17		1358	2949.727087000
6	1418		2949.765426000
17		41	2949.772314000
17		1358	2949.785901000
17		41	2949.834333000
6	1418		2949.877732000
17		1358	2949.884120000
6	0		2949.896658000
17		41	2949.958300000
17		1358	2949.981863000
6	1418		2949.989891000
17		1358	2950.079862000
17		41	2950.081963000
6	1418		2950.102180000
17		41	2950.144261000
17		1358	2950.177243000
6	0		2950.206795000
6	1418		2950.214377000
17		41	2950.268302000
17		1358	2950.274938000
6	1418		2950.326602000
17		1358	2950.348095000
17		41	2950.392696000
17		1358	2950.421424000
6	1418		2950.438912000
17		46	2950.454203000
17		33	2950.479112000
17		1358	2950.495072000
6	0		2950.516372000
6	1418		2950.551071000
17		1358	2950.568219000
17		41	2950.578282000
17		41	2950.640580000
6	1418		2950.640841000
17		1358	2950.640954000
17		41	2950.702951000
17		1358	2950.715190000
6	1418		2950.730647000
17		41	2950.763925000
17		1358	2950.789190000
6	1418		2950.820438000
6	0		2950.826143000
17		1358	2950.862490000
17		41	2950.888614000
6	1418		2950.910231000
17		1358	2950.935982000
6	1418		2951.000028000
17		41	2951.012102000
17		1358	2951.014277000
17		41	2951.074043000
17		1358	2951.088341000
6	0		2951.136862000
17		41	2951.198489000
17		1301	2951.200226000
17		41	2951.322295000
6	0		2951.384736000
6	1418		2951.386020000
17		41	2951.445850000
17		41	2951.445877000
17		35	2951.447583000
6	1418		2951.460837000
17		41	2951.569923000
17		41	2951.632450000
6	0		2951.694621000
6	1418		2951.695938000
6	1418		2951.752011000
17		41	2951.755989000
17		41	2951.818361000
6	0		2951.880577000
6	1418		2951.881830000
17		41	2951.941892000
6	1418		2951.976481000
17		41	2952.003991000
17		41	2952.127983000
6	0		2952.190239000
6	1418		2952.191486000
6	1418		2952.247618000
17		41	2952.252160000
17		41	2952.376071000
6	0		2952.438404000
6	1418		2952.439658000
6	1418		2952.495776000
17		41	2952.500379000
17		41	2952.562054000
17		914	2952.624627000
17		40	2952.625482000
17		154	2952.626112000
17		1353	2952.626125000
17		1358	2952.626187000
17		1358	2952.626193000
17		1358	2952.626197000
17		1358	2952.626201000
17		1358	2952.626205000
17		1358	2952.626209000
17		1358	2952.626220000
17		1358	2952.626228000
17		1358	2952.701182000
6	0		2952.748633000
17		1358	2952.773132000
17		1358	2952.847340000
6	0		2952.872554000
6	1418		2952.873796000
17		1358	2952.920207000
6	1418		2952.941592000
17		1358	2952.993757000
6	0		2952.996187000
6	0		2953.058432000
6	1418		2953.077172000
6	0		2953.182606000
17		41	2953.182640000
6	1418		2953.210612000
17		46	2953.244713000
17		33	2953.269380000
17		41	2953.305878000
17		1358	2953.307630000
6	1418		2953.344092000
17		1358	2953.367618000
17		41	2953.367774000
17		1358	2953.425765000
17		41	2953.429998000
6	1418		2953.477509000
17		1358	2953.486050000
17		41	2953.492310000
17		1358	2953.544769000
17		41	2953.554566000
17		1358	2953.603471000
6	1418		2953.610952000
17		41	2953.616733000
17		1358	2953.662470000
17		41	2953.678399000
17		41	2953.740732000
6	1418		2953.744385000
17		1358	2953.760152000
17		41	2953.801861000
17		1358	2953.858499000
17		41	2953.864542000
17		41	2953.926203000
17		1358	2953.956419000
17		41	2954.050333000
6	0		2954.050373000
17		1358	2954.051984000
17		41	2954.111919000
17		1358	2954.151247000
6	0		2954.174413000
17		1358	2954.224347000
17		1358	2954.297724000
17		41	2954.297934000
6	0		2954.360112000
6	1418		2954.361378000
17		1358	2954.370738000
17		41	2954.422404000
17		1358	2954.444498000
17		41	2954.483942000
17		1358	2954.517053000
17		1358	2954.591187000
17		41	2954.608634000
17		1358	2954.663391000
17		41	2954.670059000
17		41	2954.732618000
17		1358	2954.736920000
6	0		2954.793901000
6	1418		2954.795178000
17		1358	2954.811100000
17		46	2954.856287000
6	1418		2954.861878000
17		33	2954.881250000
17		1358	2954.883161000
17		1358	2954.957796000
17		41	2954.980495000
17		1358	2955.029825000
17		41	2955.042158000
17		1358	2955.103220000
17		41	2955.104121000
17		41	2955.165939000
17		1358	2955.177148000
6	0		2955.228648000
17		41	2955.228674000
6	1418		2955.229897000
17		1358	2955.251485000
17		41	2955.290379000
17		1358	2955.324438000
17		1358	2955.398030000
17		41	2955.414023000
17		1358	2955.470498000
17		41	2955.476217000
17		41	2955.538620000
17		1358	2955.547364000
17		41	2955.599909000
17		1358	2955.624600000
17		41	2955.662664000
17		268	2955.701587000
17		41	2955.723844000
6	0		2955.786005000
6	1418		2955.787301000
17		41	2955.848012000
6	1418		2955.853987000
17		41	2955.972561000
6	1418		2955.987452000
17		41	2956.034686000
17		41	2956.096683000
6	1418		2956.120888000
17		41	2956.158169000
6	0		2956.220325000
6	1418		2956.254363000
17		41	2956.282384000
17		41	2956.344538000
6	1418		2956.387808000
17		46	2956.405965000
17		33	2956.430255000
17		41	2956.468223000
6	1418		2956.521243000
17		41	2956.530489000
17		831	2956.592527000
17		38	2956.593348000
17		151	2956.594021000
17		1353	2956.594028000
17		1358	2956.594033000
17		1358	2956.594087000
17		1358	2956.594094000
17		1358	2956.594098000
17		1358	2956.594102000
17		1358	2956.594107000
17		1358	2956.594111000
17		1358	2956.594115000
6	1418		2956.654664000
17		1358	2956.668149000
6	0		2956.716603000
17		1358	2956.741669000
6	1418		2956.788123000
17		1358	2956.815521000
6	0		2956.840143000
17		1358	2956.888990000
6	1418		2956.921589000
17		1358	2956.961119000
6	0		2956.964547000
17		46	2957.026362000
17		1358	2957.035476000
6	1418		2957.055029000
17		41	2957.088621000
17		1358	2957.093481000
6	0		2957.150335000
17		41	2957.150368000
17		1358	2957.152078000
6	1418		2957.188455000
17		1358	2957.210829000
17		41	2957.212717000
17		1358	2957.268557000
17		41	2957.274247000
6	1418		2957.321920000
17		1358	2957.328391000
17		41	2957.335983000
17		1358	2957.387698000
17		41	2957.398637000
17		1358	2957.446482000
6	1418		2957.455344000
17		41	2957.459917000
17		1358	2957.506101000
17		41	2957.522651000
6	1418		2957.588792000
17		1358	2957.603648000
17		41	2957.646683000
17		1358	2957.701618000
17		41	2957.707971000
6	0		2957.770144000
6	1418		2957.771421000
17		1358	2957.799299000
17		41	2957.832220000
6	1418		2957.855688000
17		41	2957.894750000
17		1358	2957.896327000
17		1358	2957.970158000
17		41	2958.018768000
17		1358	2958.044004000
17		41	2958.080330000
17		1358	2958.116230000
6	0		2958.142528000
6	1418		2958.143816000
17		1358	2958.187350000
17		41	2958.204637000
6	1418		2958.210534000
17		1358	2958.256502000
17		41	2958.265908000
17		1358	2958.327521000
17		41	2958.328043000
17		41	2958.389977000
17		1358	2958.398021000
6	0		2958.452149000
6	1418		2958.453415000
17		1358	2958.469943000
17		41	2958.514146000
6	1418		2958.520138000
17		1358	2958.539443000
17		46	2958.576208000
17		33	2958.600296000
17		1358	2958.611062000
17		41	2958.638721000
17		1358	2958.683145000
17		41	2958.762513000
17		1358	2958.764273000
6	0		2958.824706000
6	1418		2958.825980000
17		41	2958.886530000
17		1358	2958.887669000
6	1418		2958.892759000
17		41	2958.948736000
17		1358	2958.958278000
6	1418		2959.026165000
17		41	2959.072525000
17		866	2959.074276000
6	0		2959.134730000
6	1418		2959.159617000
17		41	2959.195935000
17		41	2959.258125000
6	1418		2959.293079000
17		41	2959.320244000
17		41	2959.443889000
6	0		2959.505895000
6	1418		2959.507153000
17		41	2959.567796000
6	1418		2959.573883000
17		41	2959.630478000
17		41	2959.692541000
17		41	2959.816502000
6	0		2959.877821000
6	1418		2959.879106000
6	1418		2959.932441000
17		41	2959.940139000
17		41	2960.002592000
6	1418		2960.039207000
17		41	2960.063778000
17		41	2960.126454000
6	1418		2960.145972000
17		41	2960.188370000
6	0		2960.250719000
6	1418		2960.252692000
17		41	2960.312192000
6	1418		2960.359468000
17		915	2960.435871000
17		38	2960.436704000
17		1358	2960.437480000
17		1358	2960.437505000
17		1358	2960.437511000
17		1358	2960.437516000
17		1358	2960.437521000
17		1358	2960.437528000
17		1358	2960.437533000
17		1358	2960.437538000
17		1358	2960.437543000
17		1358	2960.437548000
6	0		2960.498067000
17		1358	2960.508370000
17		1358	2960.579478000
6	0		2960.621844000
6	1418		2960.623109000
17		1358	2960.649567000
6	1418		2960.712073000
17		1358	2960.719607000
6	0		2960.746058000
17		1358	2960.790388000
17		1358	2960.859581000
6	0		2960.869986000
6	1418		2960.890014000
6	0		2960.994744000
17		41	2961.056385000
6	1418		2961.067948000
17		46	2961.118495000
17		1358	2961.120214000
6	0		2961.180123000
17		41	2961.180154000
17		1358	2961.181813000
17		41	2961.242521000
17		1358	2961.244209000
6	1418		2961.245882000
17		1358	2961.301859000
17		41	2961.304143000
17		1358	2961.357988000
17		41	2961.366145000
17		1358	2961.415288000
6	1418		2961.423844000
17		41	2961.428147000
17		1358	2961.472510000
17		41	2961.490058000
17		1358	2961.529398000
17		41	2961.552678000
6	1418		2961.557306000
17		41	2961.614634000
17		1358	2961.624639000
17		41	2961.676581000
6	1418		2961.690730000
17		1358	2961.719218000
17		41	2961.737851000
17		1358	2961.812796000
6	1418		2961.824173000
17		41	2961.862475000
17		1358	2961.906335000
6	0		2961.924866000
6	1418		2961.957619000
17		41	2961.986574000
17		1358	2962.000503000
17		41	2962.047925000
17		1358	2962.070418000
6	1418		2962.091090000
17		1358	2962.140780000
6	0		2962.172670000
17		1358	2962.211704000
17		41	2962.234354000
17		1358	2962.281675000
17		41	2962.296361000
17		1358	2962.352086000
17		41	2962.358150000
17		1358	2962.422891000
17		41	2962.482771000
17		1358	2962.493934000
17		41	2962.544622000
17		1358	2962.564548000
17		41	2962.606369000
6	0		2962.606411000
17		1358	2962.635627000
17		46	2962.730404000
17		1358	2962.732081000
17		41	2962.792257000
17		1358	2962.802330000
6	0		2962.854549000
17		41	2962.915829000
17		1358	2962.916995000
17		41	2962.978202000
17		1358	2962.987753000
17		41	2963.040149000
17		1358	2963.058343000
6	0		2963.102353000
6	1418		2963.103700000
17		41	2963.164505000
17		1358	2963.166163000
6	1418		2963.170451000
17		41	2963.288619000
17		1358	2963.290396000
17		41	2963.350669000
17		1358	2963.361347000
6	0		2963.411847000
6	1418		2963.413114000
17		41	2963.474657000
17		1358	2963.476413000
6	1418		2963.479823000
17		41	2963.536538000
17		1358	2963.547080000
17		41	2963.598196000
17		1358	2963.617667000
17		41	2963.660500000
17		1358	2963.687504000
17		41	2963.721905000
17		1358	2963.758507000
17		41	2963.784694000
17		1358	2963.829864000
17		41	2963.846791000
17		1358	2963.900488000
17		41	2963.908175000
17		41	2963.969932000
17		1358	2963.971600000
17		41	2964.032747000
17		1358	2964.041679000
17		41	2964.094005000
17		1358	2964.110725000
17		41	2964.156024000
17		1358	2964.180068000
17		1358	2964.249552000
17		46	2964.279882000
17		33	2964.304402000
17		1358	2964.320256000
6	0		2964.342087000
6	1418		2964.343400000
17		1358	2964.389518000
17		41	2964.404481000
6	1418		2964.410082000
17		1358	2964.460155000
17		41	2964.466224000
17		1358	2964.530523000
6	1418		2964.543503000
17		41	2964.590530000
17		1358	2964.601791000
6	0		2964.651861000
6	1418		2964.676979000
17		41	2964.714327000
17		1358	2964.716009000
17		1358	2964.772545000
17		41	2964.777287000
6	1418		2964.810414000
17		1358	2964.828764000
6	641		2964.837816000
6	39		2964.837857000
17		41	2964.837870000
6	0		2964.839795000
6	0		2964.839833000
6	39		2964.839837000
6	69		2964.841173000
6	31		2964.841806000
6	39		2964.842398000
17		1358	2964.885586000
17		41	2964.900215000
17		1358	2964.942164000
6	1418		2964.943856000
17		41	2964.962696000
17		1358	2964.999460000
17		41	2965.024303000
17		1358	2965.055865000
6	1418		2965.077332000
17		41	2965.085795000
17		1358	2965.113420000
17		41	2965.148737000
17		1358	2965.170159000
17		41	2965.210279000
6	1418		2965.210718000
17		1358	2965.263771000
17		41	2965.272613000
17		41	2965.334090000
6	1418		2965.344193000
17		1358	2965.356910000
17		1358	2965.450752000
17		41	2965.458186000
6	0		2965.520338000
6	1418		2965.521604000
17		1358	2965.543631000
17		41	2965.582320000
6	1418		2965.611111000
17		1358	2965.637455000
17		41	2965.706011000
17		1358	2965.707381000
6	0		2965.768182000
6	1418		2965.769439000
17		1358	2965.777750000
17		41	2965.829892000
17		1358	2965.847814000
6	1418		2965.878005000
17		41	2965.892026000
17		1358	2965.918288000
6	0		2966.017221000
6	39		2966.017246000
17		46	2966.017254000
17		1358	2966.018976000
6	0		2966.023012000
17		41	2966.078077000
17		1358	2966.089674000
17		41	2966.140118000
17		1358	2966.160421000
6	0		2966.202283000
6	1418		2966.203555000
6	1418		2966.256941000
17		41	2966.264690000
17		1358	2966.266499000
17		41	2966.326316000
17		1358	2966.336653000
6	1418		2966.363699000
17		41	2966.449897000
17		1358	2966.452916000
6	1418		2966.470441000
17		41	2966.512152000
17		1358	2966.522982000
6	0		2966.573925000
6	1418		2966.577191000
17		41	2966.636370000
17		1358	2966.637474000
6	1418		2966.683954000
17		41	2966.760430000
17		1358	2966.762099000
17		41	2966.822463000
17		1358	2966.833171000
6	0		2966.884770000
17		41	2966.946349000
17		1358	2966.948000000
17		41	2967.008033000
17		1358	2967.018753000
17		41	2967.070100000
6	0		2967.132302000
6	1418		2967.133565000
17		41	2967.194653000
6	131		2967.194694000
6	697		2967.194706000
6	0		2967.195814000
6	0		2967.195846000
6	68		2967.200711000
6	93		2967.201318000
6	39		2967.203092000
6	1418		2967.222552000
17		41	2967.255895000
17		41	2967.380168000
6	1418		2967.400491000
17		41	2967.442218000
17		41	2967.503812000
17		41	2967.566031000
6	1418		2967.578436000
6	0		2967.628274000
17		41	2967.752154000
6	1418		2967.756372000
17		46	2967.814208000
17		33	2967.838803000
6	0		2967.875882000
6	1418		2967.934308000
17		41	2967.938304000
17		41	2968.000240000
6	0		2968.061858000
6	1418		2968.112266000
17		41	2968.123959000
17		1358	2968.125340000
17		41	2968.248613000
17		1358	2968.250321000
6	1418		2968.290197000
17		41	2968.310780000
17		1358	2968.321519000
17		41	2968.372397000
6	0		2968.372437000
17		1358	2968.391935000
6	1418		2968.423601000
17		41	2968.433952000
17		1358	2968.462957000
6	0		2968.496480000
6	39		2968.496505000
6	0		2968.502943000
6	1418		2968.557073000
6	0		2968.558637000
6	0		2968.682753000
6	1418		2968.690526000
6	0		2968.806064000
6	1418		2968.823963000
17		41	2968.930184000
17		1358	2968.931928000
6	1418		2968.957410000
6	0		2968.992572000
17		41	2968.992612000
17		1358	2969.002313000
17		1358	2969.072496000
6	1418		2969.097492000
17		41	2969.116912000
17		1358	2969.142398000
17		41	2969.177809000
17		1358	2969.211690000
6	1418		2969.237525000
6	0		2969.239809000
17		1358	2969.281664000
17		41	2969.302739000
17		1358	2969.351285000
6	1418		2969.377598000
17		1358	2969.420628000
6	0		2969.426731000
17		1358	2969.490885000
6	1418		2969.517651000
17		41	2969.549954000
17		1358	2969.561028000
6	0		2969.612155000
17		1358	2969.630334000
6	1418		2969.657723000
17		41	2969.674138000
17		1358	2969.699692000
17		1358	2969.770065000
6	1418		2969.797918000
17		41	2969.798027000
17		1358	2969.839122000
17		41	2969.860036000
17		1358	2969.909004000
6	0		2969.922622000
6	1418		2969.937834000
17		1358	2969.979719000
17		41	2969.984457000
17		41	2970.045999000
17		1358	2970.047664000
6	1418		2970.077917000
17		1358	2970.118716000
17		41	2970.170344000
17		1358	2970.188417000
6	1418		2970.217968000
17		46	2970.232279000
17		33	2970.256448000
17		1358	2970.257602000
6	0		2970.294459000
17		1358	2970.328154000
17		41	2970.356786000
6	1418		2970.358082000
17		1358	2970.397415000
17		41	2970.418457000
17		1358	2970.466810000
6	1418		2970.498109000
17		1358	2970.537219000
17		41	2970.542020000
17		41	2970.604479000
17		1358	2970.606228000
6	1418		2970.638157000
6	0		2970.665955000
17		41	2970.665992000
17		1358	2970.676544000
17		41	2970.728776000
17		1358	2970.746969000
6	1418		2970.769527000
17		1358	2970.815561000
17		41	2970.852635000
17		1358	2970.885579000
6	1418		2970.900925000
17		41	2970.914323000
17		1358	2970.955080000
6	0		2970.976521000
17		1358	2971.025221000
6	1418		2971.032542000
17		41	2971.038435000
17		1358	2971.095031000
17		41	2971.099866000
6	1418		2971.163672000
17		1358	2971.165125000
17		41	2971.223955000
17		1358	2971.234376000
17		41	2971.286349000
6	1418		2971.295174000
17		1358	2971.303675000
6	0		2971.347846000
17		251	2971.374164000
17		41	2971.409871000
6	1418		2971.426452000
17		41	2971.471808000
6	1418		2971.557817000
17		41	2971.596687000
17		41	2971.658005000
6	1418		2971.689231000
6	0		2971.720812000
17		41	2971.720848000
17		41	2971.782522000
6	1418		2971.820592000
17		41	2971.905884000
6	1418		2971.951957000
17		46	2971.968087000
17		33	2971.992393000
6	0		2972.030498000
6	1418		2972.083378000
17		41	2972.092532000
17		41	2972.154608000
6	1418		2972.214737000
17		41	2972.277996000
6	0		2972.340555000
6	1418		2972.346131000
17		41	2972.402265000
17		41	2972.464301000
17		825	2972.464336000
17		33	2972.465101000
17		34	2972.465796000
17		1358	2972.467561000
6	1418		2972.477502000
17		1358	2972.538246000
17		41	2972.587839000
17		1358	2972.608101000
6	1418		2972.608860000
6	0		2972.650616000
17		1358	2972.677687000
6	1418		2972.740270000
17		1358	2972.747151000
6	0		2972.774181000
17		1358	2972.817639000
6	1418		2972.871650000
17		1358	2972.887637000
6	0		2972.898135000
17		1358	2972.956084000
6	1418		2973.003010000
6	0		2973.022493000
17		1358	2973.026753000
17		41	2973.084263000
17		1358	2973.095888000
6	1418		2973.108146000
17		46	2973.146492000
17		1358	2973.151676000
17		1358	2973.208296000
6	0		2973.208807000
6	1418		2973.213218000
17		1358	2973.264352000
17		41	2973.270152000
6	1418		2973.318336000
17		1358	2973.318978000
17		1358	2973.375442000
17		41	2973.394688000
6	1418		2973.423435000
17		1358	2973.430485000
6	0		2973.455939000
17		1358	2973.486996000
17		41	2973.518774000
6	1418		2973.528525000
17		1358	2973.542397000
17		41	2973.580300000
17		1358	2973.599050000
6	1418		2973.633610000
17		1358	2973.654337000
17		41	2973.703898000
17		1358	2973.709854000
6	1418		2973.738733000
6	0		2973.766613000
17		41	2973.766647000
17		1358	2973.802407000
17		41	2973.890487000
17		1358	2973.896411000
6	1418		2973.913907000
17		41	2973.951835000
17		1358	2973.988732000
6	0		2974.014664000
17		41	2974.076341000
17		1358	2974.081885000
6	1418		2974.089103000
17		41	2974.138339000
17		1358	2974.174631000
17		41	2974.261921000
6	1418		2974.264219000
17		1358	2974.267456000
6	0		2974.324378000
17		41	2974.324416000
17		1358	2974.360719000
17		41	2974.385798000
17		1358	2974.431261000
6	1418		2974.439416000
17		1358	2974.499954000
17		41	2974.510607000
17		1358	2974.570282000
17		41	2974.572423000
6	1418		2974.599667000
6	0		2974.634722000
17		1358	2974.639843000
17		41	2974.695861000
17		1358	2974.709830000
17		41	2974.757995000
6	1418		2974.759925000
17		1358	2974.779858000
6	676		2974.820476000
6	0		2974.821521000
6	69		2974.823376000
6	31		2974.823983000
6	39		2974.824590000
17		1358	2974.849074000
6	1418		2974.880107000
17		41	2974.882165000
17		1358	2974.918967000
17		41	2974.944359000
17		1358	2974.987887000
6	0		2975.006573000
17		1358	2975.057909000
17		46	2975.068232000
17		33	2975.092740000
17		1358	2975.128337000
17		41	2975.130178000
17		1358	2975.198251000
17		41	2975.254227000
17		1358	2975.267669000
6	0		2975.316665000
17		1358	2975.340619000
17		41	2975.377998000
17		1358	2975.414154000
17		1358	2975.487735000
17		41	2975.501830000
17		1358	2975.561815000
17		41	2975.563919000
17		41	2975.625945000
17		1358	2975.634789000
6	0		2975.688397000
6	1418		2975.689634000
17		1358	2975.708713000
17		41	2975.750261000
17		1358	2975.782916000
17		41	2975.812176000
17		1358	2975.856362000
17		1358	2975.929325000
17		41	2975.936665000
17		41	2975.998099000
17		1358	2976.003212000
6	0		2976.059840000
6	1418		2976.061085000
17		1358	2976.076714000
6	1418		2976.121195000
6	0		2976.121834000
6	39		2976.121854000
17		41	2976.121862000
6	0		2976.128005000
17		1358	2976.150735000
17		41	2976.184454000
17		1358	2976.223887000
17		1358	2976.297657000
17		41	2976.308277000
17		41	2976.370523000
17		41	2976.370550000
17		1358	2976.372309000
17		41	2976.432437000
17		1358	2976.447576000
17		41	2976.494372000
17		1358	2976.520285000
17		41	2976.555989000
17		1358	2976.593937000
17		41	2976.618301000
6	0		2976.618343000
6	1418		2976.619578000
17		1358	2976.667771000
17		41	2976.680633000
17		1358	2976.741902000
17		41	2976.742617000
17		41	2976.804306000
17		1358	2976.814901000
17		41	2976.866461000
17		1358	2976.886584000
17		1358	2976.959768000
17		41	2976.990105000
17		1358	2977.031883000
17		41	2977.052439000
17		1358	2977.104411000
17		41	2977.114353000
17		41	2977.175924000
17		1358	2977.177604000
6	0		2977.238056000
6	1418		2977.239331000
17		1358	2977.248950000
6	1418		2977.287394000
17		41	2977.300094000
17		1358	2977.320870000
6	1418		2977.383543000
17		1358	2977.391807000
17		41	2977.424177000
17		1358	2977.464449000
6	1418		2977.479717000
17		41	2977.486353000
17		1358	2977.535215000
17		41	2977.548039000
6	1418		2977.575868000
17		1358	2977.607227000
17		41	2977.610464000
6	1418		2977.672035000
17		41	2977.672699000
17		1358	2977.678809000
17		41	2977.734139000
17		1358	2977.750692000
6	1418		2977.768175000
17		46	2977.796084000
17		33	2977.819663000
17		1358	2977.822693000
6	0		2977.858598000
6	1418		2977.864332000
17		1358	2977.895005000
17		41	2977.920080000
6	1418		2977.960508000
17		1358	2977.966503000
17		41	2977.982360000
17		1358	2978.038606000
17		41	2978.044647000
6	1418		2978.056662000
17		41	2978.105976000
17		1358	2978.107891000
6	1418		2978.152790000
17		1358	2978.166720000
17		41	2978.167891000
17		1358	2978.224031000
17		41	2978.229887000
6	1418		2978.248974000
17		1358	2978.281803000
17		41	2978.292460000
17		1358	2978.338875000
6	1418		2978.345120000
17		1358	2978.396597000
17		41	2978.415978000
6	1418		2978.441260000
17		1358	2978.454360000
6	0		2978.478201000
17		1358	2978.511887000
17		41	2978.540642000
17		1358	2978.569704000
17		1358	2978.625792000
17		41	2978.663890000
17		1358	2978.683575000
17		41	2978.725885000
17		1358	2978.779678000
6	0		2978.788255000
6	1418		2978.789543000
17		41	2978.849952000
6	1418		2978.869689000
17		1358	2978.874917000
17		1358	2978.971193000
17		41	2978.974234000
6	0		2979.035796000
17		41	2979.035837000
6	1418		2979.037079000
17		1358	2979.066856000
17		41	2979.098754000
17		1358	2979.162599000
6	1418		2979.190205000
17		41	2979.222326000
17		1358	2979.257768000
6	0		2979.284712000
17		41	2979.345959000
6	1418		2979.350453000
17		1358	2979.353872000
17		1358	2979.425969000
17		41	2979.470055000
6	1418		2979.470631000
17		1358	2979.497820000
17		41	2979.532171000
17		1358	2979.569412000
6	0		2979.594374000
6	1418		2979.595650000
17		1358	2979.641528000
17		46	2979.656578000
17		33	2979.680516000
6	1418		2979.711042000
17		1358	2979.713435000
17		41	2979.780585000
17		41	2979.842012000
6	0		2979.904157000
6	1418		2979.905420000
6	1418		2979.965511000
17		41	2979.966407000
17		41	2980.027934000
6	1418		2980.085689000
17		41	2980.090003000
6	0		2980.152179000
6	1418		2980.205909000
17		41	2980.214135000
17		41	2980.276365000
6	1418		2980.326109000
17		41	2980.338454000
17		41	2980.400531000
6	1418		2980.446268000
17		41	2980.462972000
17		41	2980.524063000
6	1418		2980.566458000
6	0		2980.647956000
6	1418		2980.686641000
17		41	2980.710135000
17		41	2980.772281000
6	1418		2980.806855000
17		41	2980.896149000
6	1418		2980.927050000
17		41	2980.958394000
6	0		2980.958429000
17		41	2981.020308000
6	1418		2981.047257000
6	0		2981.082979000
17		41	2981.143980000
6	1418		2981.167413000
17		41	2981.206070000
17		41	2981.206103000
17		1358	2981.207887000
6	1418		2981.287593000
17		41	2981.330455000
17		1358	2981.332416000
17		41	2981.392400000
17		1358	2981.404566000
6	1418		2981.407794000
6	0		2981.453873000
17		41	2981.516600000
17		1358	2981.518315000
6	1418		2981.528014000
17		41	2981.640487000
17		1358	2981.642264000
6	1418		2981.648179000
6	0		2981.702759000
6	1418		2981.768359000
6	0		2981.825890000
6	1418		2981.888543000
6	0		2981.950035000
6	1418		2982.008753000
6	0		2982.074298000
6	1418		2982.128946000
6	0		2982.198512000
6	1418		2982.249155000
6	0		2982.322705000
6	1418		2982.369303000
17		41	2982.446498000
17		1358	2982.447829000
6	1418		2982.489501000
6	0		2982.507946000
17		1358	2982.520661000
17		41	2982.569913000
17		1358	2982.592677000
17		312	2982.663909000
17		41	2982.694170000
6	0		2982.756826000
17		41	2982.818722000
6	0		2982.942100000
6	0		2983.066306000
6	1418		2983.067560000
17		908	2983.127951000
17		38	2983.128697000
17		155	2983.130191000
17		1358	2983.139847000
6	0		2983.190137000
6	1418		2983.191412000
17		1358	2983.212808000
6	1418		2983.249031000
17		1358	2983.284918000
17		41	2983.314236000
17		1358	2983.356073000
6	0		2983.376382000
6	1418		2983.377652000
17		1358	2983.428475000
17		41	2983.438572000
17		1358	2983.499598000
17		41	2983.500178000
17		46	2983.562396000
17		1358	2983.571663000
17		41	2983.624015000
17		1358	2983.643302000
6	0		2983.686231000
6	1418		2983.687501000
17		1358	2983.715062000
6	1418		2983.745147000
17		41	2983.748645000
17		1358	2983.787343000
17		1358	2983.859362000
6	1418		2983.860413000
17		41	2983.872571000
17		1358	2983.930346000
6	0		2983.934802000
17		41	2983.934829000
6	1418		2983.975717000
17		1358	2984.002343000
17		41	2984.058116000
17		1358	2984.074311000
6	1418		2984.090981000
17		41	2984.120817000
17		1358	2984.146440000
17		41	2984.182339000
6	1418		2984.206301000
17		1358	2984.218019000
6	0		2984.243847000
17		1358	2984.289074000
17		41	2984.306162000
6	1418		2984.321568000
17		1358	2984.360716000
17		41	2984.430125000
17		1358	2984.431857000
6	1418		2984.436839000
17		41	2984.492140000
17		1358	2984.504352000
6	1418		2984.552127000
6	0		2984.554317000
17		1358	2984.576123000
17		41	2984.616499000
17		1358	2984.647912000
6	1418		2984.667408000
17		1358	2984.704934000
17		41	2984.740622000
17		1358	2984.762896000
6	1418		2984.782687000
17		41	2984.801995000
6	621		2984.802022000
6	143		2984.802028000
6	0		2984.803156000
6	0		2984.803196000
6	69		2984.805542000
6	31		2984.806150000
6	39		2984.806736000
17		1358	2984.820342000
6	0		2984.864217000
17		1358	2984.877303000
6	1418		2984.897987000
17		41	2984.926647000
17		1358	2984.935435000
17		1358	2984.992366000
6	1418		2985.013283000
17		1358	2985.049903000
17		41	2985.050748000
17		1358	2985.107359000
17		41	2985.111879000
6	1418		2985.128585000
6	0		2985.173921000
17		1358	2985.202964000
17		41	2985.236179000
6	1418		2985.243897000
17		1358	2985.299023000
6	1418		2985.359134000
17		41	2985.360413000
17		1358	2985.394959000
6	0		2985.422700000
6	1418		2985.474402000
17		41	2985.484197000
17		1358	2985.489773000
17		46	2985.546736000
17		1358	2985.561306000
6	1418		2985.589696000
17		1358	2985.633875000
17		41	2985.669995000
17		1358	2985.705503000
17		41	2985.732019000
17		1358	2985.776950000
6	0		2985.793966000
6	0		2985.794005000
6	39		2985.794013000
6	1418		2985.795235000
6	0		2985.799987000
17		1358	2985.848717000
6	1418		2985.852882000
17		41	2985.856510000
17		41	2985.918112000
17		1358	2985.919791000
17		1358	2985.992223000
17		41	2986.042971000
17		1358	2986.063785000
17		41	2986.103875000
17		1358	2986.135786000
6	0		2986.166604000
6	1418		2986.167903000
17		1358	2986.208147000
6	1418		2986.225560000
17		41	2986.228314000
17		1358	2986.279051000
17		41	2986.290379000
17		1358	2986.350671000
17		41	2986.414150000
17		1358	2986.423350000
6	0		2986.476372000
6	1418		2986.477726000
17		1358	2986.495061000
6	1418		2986.535360000
17		41	2986.538217000
17		1358	2986.566029000
17		41	2986.600071000
17		1358	2986.639411000
6	0		2986.662634000
6	1418		2986.663959000
17		41	2986.724221000
17		1358	2986.725799000
6	1418		2986.765951000
17		41	2986.785937000
17		1358	2986.798078000
17		41	2986.910434000
17		1358	2986.911827000
17		41	2986.971947000
17		1358	2986.984766000
17		41	2987.034073000
17		1358	2987.057274000
6	0		2987.096295000
6	1418		2987.097575000
6	1418		2987.143696000
17		41	2987.158576000
17		1358	2987.160430000
6	1418		2987.235939000
17		41	2987.282346000
17		1358	2987.284027000
6	1418		2987.328175000
17		41	2987.345122000
17		1358	2987.357140000
17		46	2987.406092000
17		1358	2987.429577000
17		41	2987.467936000
17		1358	2987.501950000
6	0		2987.530312000
17		41	2987.530365000
6	1418		2987.531601000
17		1358	2987.574759000
6	1418		2987.577714000
17		41	2987.654098000
17		1358	2987.656423000
17		41	2987.716221000
17		1358	2987.728608000
17		41	2987.778100000
17		1358	2987.801352000
6	0		2987.840040000
6	742		2987.840080000
6	0		2987.841214000
6	67		2987.842971000
6	31		2987.843567000
6	39		2987.844154000
17		41	2987.902606000
17		1358	2987.904338000
17		41	2988.026615000
17		1358	2988.028300000
17		41	2988.088611000
17		1358	2988.100242000
6	0		2988.150789000
6	1418		2988.152059000
17		41	2988.212464000
17		1358	2988.214003000
6	1418		2988.228915000
17		41	2988.336296000
17		1358	2988.338011000
17		41	2988.398241000
17		1358	2988.399952000
17		41	2988.460520000
17		1358	2988.461873000
17		1358	2988.519803000
6	0		2988.522684000
6	1418		2988.523920000
6	1418		2988.581588000
17		41	2988.645911000
17		1358	2988.647694000
6	0		2988.708265000
17		41	2988.770001000
17		1358	2988.771707000
17		41	2988.894201000
17		1358	2988.895854000
17		41	2988.956586000
17		1358	2988.992384000
17		41	2989.018352000
6	0		2989.080675000
17		1358	2989.088818000
17		41	2989.141995000
17		1358	2989.186621000
17		41	2989.265895000
17		1358	2989.267590000
17		46	2989.328406000
17		1358	2989.340774000
6	0		2989.390182000
6	39		2989.390217000
17		41	2989.390228000
6	0		2989.395939000
17		1358	2989.414299000
17		41	2989.452493000
6	0		2989.452527000
17		1358	2989.486652000
17		41	2989.514597000
17		1358	2989.559765000
17		41	2989.575919000
17		1358	2989.633348000
17		41	2989.700639000
17		1358	2989.705647000
6	0		2989.762666000
17		41	2989.762707000
6	1418		2989.763934000
17		1358	2989.778548000
6	1418		2989.821577000
17		41	2989.823946000
17		1358	2989.850678000
17		41	2989.886009000
17		41	2989.948313000
17		1358	2989.949982000
6	0		2990.072517000
6	1418		2990.073814000
6	1418		2990.131455000
17		41	2990.134598000
17		1358	2990.136332000
17		41	2990.195939000
17		1358	2990.216913000
17		41	2990.257828000
17		1358	2990.297108000
17		41	2990.320360000
17		1358	2990.377510000
17		41	2990.382533000
17		41	2990.444072000
17		1358	2990.458135000
17		41	2990.506229000
17		1358	2990.538943000
17		41	2990.568641000
17		1358	2990.618446000
17		41	2990.630533000
17		41	2990.691978000
17		1358	2990.698310000
17		46	2990.754166000
17		33	2990.778297000
17		1358	2990.778351000
17		41	2990.816593000
17		1358	2990.857917000
17		1358	2990.937462000
17		41	2990.940183000
6	0		2991.001929000
6	1418		2991.003190000
17		1358	2991.017452000
6	1418		2991.049298000
17		41	2991.064333000
17		1358	2991.097571000
17		41	2991.126509000
6	1418		2991.141513000
17		1358	2991.177035000
6	1418		2991.233773000
6	0		2991.250443000
17		1358	2991.256633000
17		41	2991.312469000
6	1418		2991.325990000
17		1358	2991.336809000
17		41	2991.374239000
17		1358	2991.415810000
6	1418		2991.418199000
17		41	2991.436155000
17		1358	2991.496120000
17		41	2991.498527000
6	1418		2991.510447000
17		41	2991.560656000
17		1358	2991.575533000
6	1418		2991.602665000
17		41	2991.622736000
17		1358	2991.655143000
17		41	2991.683869000
6	1418		2991.694900000
17		1358	2991.735615000
17		41	2991.746379000
6	1418		2991.787143000
17		41	2991.808588000
17		1358	2991.814537000
17		41	2991.870538000
6	1418		2991.879395000
17		1358	2991.894738000
17		1358	2991.975757000
17		41	2991.994121000
17		1358	2992.054422000
6	0		2992.056279000
17		1358	2992.118261000
17		41	2992.118589000
17		1358	2992.182512000
17		41	2992.242674000
17		1358	2992.244440000
6	0		2992.303943000
6	1418		2992.305219000
17		1358	2992.309962000
17		41	2992.366763000
17		1358	2992.372982000
6	1418		2992.382079000
17		41	2992.428442000
17		1358	2992.437781000
17		46	2992.490170000
17		33	2992.514380000
17		1358	2992.543572000
6	0		2992.552440000
6	1418		2992.553690000
17		41	2992.613876000
17		1358	2992.649690000
6	1418		2992.651088000
17		41	2992.738485000
17		1358	2992.755896000
6	0		2992.800713000
6	1418		2992.801957000
17		41	2992.862043000
17		1358	2992.863700000
6	1418		2992.881627000
17		1358	2992.943191000
17		41	2992.986082000
17		1358	2993.022397000
6	0		2993.048626000
6	1418		2993.049886000
17		1358	2993.101721000
17		41	2993.109881000
6	1418		2993.112193000
17		1358	2993.181883000
17		41	2993.234742000
17		1358	2993.262499000
17		41	2993.296474000
17		1358	2993.343320000
17		41	2993.358307000
6	0		2993.358338000
6	1418		2993.359595000
17		41	2993.419811000
17		1358	2993.423679000
17		41	2993.481848000
6	131		2993.481888000
6	0		2993.482926000
17		1358	2993.504921000
6	1418		2993.544105000
6	87		2993.544141000
6	0		2993.545169000
6	0		2993.545208000
6	68		2993.549293000
6	93		2993.549927000
6	39		2993.551693000
17		1358	2993.583676000
17		41	2993.606456000
17		41	2993.668196000
6	0		2993.730389000
6	1418		2993.731639000
6	1418		2993.789358000
17		41	2993.792638000
17		41	2993.854751000
6	1418		2993.904591000
17		41	2993.978193000
6	1418		2994.019898000
6	0		2994.040348000
17		41	2994.102578000
6	1418		2994.135138000
17		41	2994.226141000
6	1418		2994.250416000
6	0		2994.288319000
17		41	2994.350757000
6	1418		2994.365713000
17		41	2994.411892000
17		46	2994.474224000
6	1418		2994.480999000
17		33	2994.498642000
6	0		2994.536393000
6	1418		2994.596272000
17		41	2994.597961000
17		41	2994.660603000
17		1358	2994.662281000
6	1418		2994.711544000
17		41	2994.722710000
17		1358	2994.724392000
6	1418		2994.826821000
17		41	2994.846450000
17		1358	2994.848167000
6	0		2994.908340000
6	39		2994.908368000
17		41	2994.908376000
6	0		2994.914925000
17		949	2994.928739000
6	1418		2994.942133000
17		41	2994.970287000
6	0		2994.970341000
6	1418		2995.057530000
6	0		2995.094760000
6	1418		2995.172696000
6	0		2995.218257000
6	1418		2995.287974000
6	0		2995.342509000
17		825	2995.342537000
17		38	2995.343222000
17		1358	2995.344146000
6	1418		2995.403273000
17		1358	2995.425335000
6	0		2995.466679000
17		1358	2995.506062000
6	1418		2995.518539000
17		1358	2995.585625000
17		41	2995.590006000
6	1418		2995.633929000
6	0		2995.652182000
17		1358	2995.664915000
17		41	2995.714347000
17		1358	2995.744611000
6	1418		2995.749098000
17		1358	2995.825254000
17		41	2995.838736000
6	1418		2995.864401000
6	0		2995.899800000
17		41	2995.899830000
17		1358	2995.903690000
6	1418		2995.979681000
17		1358	2995.983656000
6	0		2996.024078000
17		1358	2996.064125000
6	0		2996.086287000
6	1418		2996.094955000
17		1358	2996.143358000
17		46	2996.147861000
17		33	2996.172378000
6	1418		2996.210247000
17		1358	2996.223330000
17		41	2996.272308000
6	0		2996.272348000
17		1358	2996.303107000
6	1418		2996.325556000
17		41	2996.334613000
17		1358	2996.382525000
6	1418		2996.440871000
17		41	2996.458055000
17		1358	2996.462397000
6	0		2996.520339000
17		1358	2996.542163000
6	1418		2996.556128000
17		41	2996.582058000
17		1358	2996.622535000
17		41	2996.644468000
6	1418		2996.671393000
17		1358	2996.701500000
17		41	2996.767876000
17		1358	2996.782379000
6	1418		2996.786664000
6	0		2996.830378000
17		1358	2996.861256000
17		41	2996.892031000
6	1418		2996.901951000
17		1358	2996.941551000
17		41	2997.016055000
6	1418		2997.017229000
17		1358	2997.020748000
17		41	2997.078111000
17		1358	2997.100562000
6	1418		2997.132524000
6	0		2997.140554000
17		41	2997.140588000
17		1358	2997.181129000
6	1418		2997.247833000
17		1358	2997.259719000
17		41	2997.263839000
17		41	2997.326145000
17		1358	2997.340127000
6	1418		2997.363112000
6	0		2997.388339000
17		1358	2997.420309000
17		41	2997.450431000
6	1418		2997.478405000
17		1358	2997.499959000
17		41	2997.574455000
17		1358	2997.579526000
6	1418		2997.593679000
17		41	2997.636049000
17		1358	2997.660113000
6	0		2997.698234000
6	1418		2997.708986000
17		1358	2997.740185000
17		41	2997.760542000
17		1358	2997.818940000
6	1418		2997.824247000
17		41	2997.884265000
17		1358	2997.899535000
6	1418		2997.939540000
17		41	2997.945914000
17		1358	2997.980140000
6	0		2998.008131000
6	1418		2998.032383000
17		1358	2998.058433000
17		41	2998.069927000
6	1418		2998.125284000
17		1358	2998.139038000
17		46	2998.193925000
17		33	2998.218104000
6	1418		2998.218160000
17		1358	2998.219184000
6	0		2998.255856000
17		41	2998.255889000
17		1358	2998.299591000
6	1418		2998.310991000
17		41	2998.318346000
17		1358	2998.378438000
6	1418		2998.403847000
17		41	2998.442005000
17		1358	2998.458817000
6	1418		2998.496737000
6	0		2998.504465000
17		1358	2998.538766000
17		41	2998.566462000
6	1418		2998.589585000
17		1358	2998.618846000
17		41	2998.628301000
6	1418		2998.682434000
17		1358	2998.698461000
17		41	2998.752835000
17		1358	2998.778462000
6	0		2998.814058000
6	1418		2998.815343000
17		1358	2998.858685000
17		41	2998.876060000
6	1418		2998.930069000
17		41	2998.938588000
17		1358	2998.938813000
17		1358	2999.017526000
17		41	2999.062055000
17		1358	2999.097939000
6	0		2999.124272000
6	1418		2999.125556000
17		1358	2999.178202000
17		41	2999.186402000
6	1418		2999.239632000
17		41	2999.248624000
17		738	2999.258878000
17		41	2999.309824000
6	0		2999.372372000
6	1418		2999.394371000
17		41	2999.434312000
6	1418		2999.510442000
17		41	2999.557834000
6	0		2999.619881000
6	1418		2999.626514000
17		41	2999.681848000
6	1418		2999.742595000
17		41	2999.806714000
17		41	2999.868059000
6	0		2999.930327000
6	1418		2999.931581000
6	1418		2999.989611000
17		41	2999.992297000
17		41	3000.116154000
6	0		3000.178384000
6	1418		3000.179635000
6	1418		3000.237674000
17		46	3000.240368000
17		33	3000.264350000
6	0		3000.489180000
17		41	3000.489218000
17		825	3000.489248000
17		33	3000.489970000
17		34	3000.490115000
6	1418		3000.490508000
17		146	3000.490537000
17		1358	3000.499036000
6	1418		3000.548575000
17		1358	3000.563938000
17		1358	3000.627704000
17		41	3000.676033000
17		1358	3000.691808000
17		1358	3000.755381000
17		1358	3000.819329000
17		1358	3000.883814000
17		1358	3000.947465000
17		1358	3001.011520000
6	0		3001.050775000
17		41	3001.050805000
6	1418		3001.052072000
17		1358	3001.074910000
17		1358	3001.182697000
17		1358	3001.288756000
17		1358	3001.394348000
17		41	3001.424153000
17		1358	3001.502209000
17		1358	3001.607985000
17		41	3001.611349000
6	0		3001.611377000
17		1358	3001.714477000
17		41	3001.798344000
17		1358	3001.821524000
17		1358	3001.927596000
17		41	3001.985711000
17		35	3001.987420000
17		1358	3002.034445000
17		1358	3002.141549000
17		41	3002.171911000
17		1358	3002.247161000
17		1358	3002.327915000
6	0		3002.359732000
17		41	3002.359777000
17		1358	3002.408207000
17		1358	3002.487237000
17		1358	3002.567166000
17		1358	3002.647072000
6	0		3002.733861000
6	0		3003.107206000
6	0		3003.481564000
6	0		3003.855027000
17		41	3003.855056000
6	1418		3003.856306000
17		46	3004.042665000
17		35	3004.066691000
17		41	3004.229090000
17		1358	3004.230617000
6	0		3004.416457000
6	1418		3004.417714000
6	1418		3004.475754000
17		41	3004.603313000
17		1358	3004.605107000
17		41	3004.790381000
17		1358	3004.792059000
17		41	3004.977876000
17		1358	3004.979724000
17		41	3005.164199000
17		1358	3005.165659000
17		41	3005.351164000
17		1358	3005.352900000
17		41	3005.538226000
17		1358	3005.539302000
17		41	3005.725743000
17		1358	3005.727476000
17		41	3005.912823000
17		1358	3005.914567000
17		41	3006.285936000
17		42	3006.473441000
17		41	3006.473474000
6	0		3006.473488000
6	1418		3006.474737000
17		37	3006.475212000
6	1418		3006.532764000
17		41	3006.660664000
17		41	3006.847120000
17		41	3007.034390000
17		41	3007.221672000
17		41	3007.408858000
17		41	3007.595244000
17		41	3007.782426000
17		41	3007.969652000
17		41	3008.156323000
17		41	3008.343496000
17		41	3008.530618000
17		41	3008.716995000
17		41	3008.904428000
17		41	3009.278176000
6	0		3009.465546000
6	1418		3009.466819000
6	1418		3009.524892000
6	1418		3009.640974000
6	1418		3009.757050000
17		41	3009.839854000
6	1418		3009.873145000
6	1418		3009.989194000
17		41	3010.026412000
6	0		3010.026454000
6	1418		3010.105255000
17		41	3010.214024000
6	1418		3010.221318000
6	1418		3010.337385000
17		41	3010.400681000
17		1358	3010.402459000
6	1418		3010.453474000
6	1418		3010.569553000
17		46	3010.587041000
17		1358	3010.588788000
6	1418		3010.685641000
17		41	3010.774703000
17		1358	3010.776084000
6	1418		3010.801719000
6	1418		3010.917769000
17		41	3010.961095000
17		1358	3010.962817000
6	1418		3011.033867000
17		41	3011.148073000
17		1358	3011.149790000
6	1418		3011.149892000
6	1418		3011.266021000
6	1418		3011.382116000
6	1418		3011.498163000
6	0		3011.522493000
6	1418		3011.614280000
6	1418		3011.730354000
6	1418		3011.846419000
6	0		3011.895962000
6	1418		3011.962478000
6	1418		3012.078546000
6	1418		3012.194634000
6	0		3012.270099000
6	1418		3012.310706000
6	1418		3012.426819000
6	1418		3012.542878000
6	0		3012.644393000
6	1418		3012.658956000
6	1418		3012.775042000
6	1418		3012.891135000
6	1418		3013.007206000
6	0		3013.018946000
6	1418		3013.123255000
17		41	3013.205146000
17		1358	3013.206878000
6	1418		3013.239322000
17		1358	3013.287762000
6	1418		3013.355412000
17		1358	3013.368416000
6	0		3013.393105000
17		1358	3013.446950000
6	1418		3013.471489000
17		1358	3013.527723000
6	1418		3013.587599000
17		1358	3013.607268000
17		1358	3013.688298000
6	1418		3013.703634000
17		41	3013.765919000
17		1358	3013.767668000
6	1418		3013.819737000
17		1358	3013.846897000
17		631	3013.927282000
6	1418		3013.935790000
6	0		3013.953169000
6	1418		3014.051873000
17		41	3014.140816000
6	1418		3014.167936000
6	1418		3014.284008000
6	1418		3014.400095000
6	0		3014.514731000
6	1418		3014.516161000
6	1418		3014.632232000
17		41	3014.701492000
6	1418		3014.748322000
6	1418		3014.864403000
6	628		3014.888219000
6	39		3014.888247000
6	0		3014.890174000
6	0		3014.890206000
6	39		3014.890223000
6	69		3014.891481000
6	31		3014.892149000
6	39		3014.892708000
6	1418		3014.980491000
17		41	3015.074952000
6	1418		3015.096560000
6	1418		3015.212639000
6	0		3015.262129000
6	1418		3015.328735000
6	1418		3015.444848000
6	1418		3015.560876000
6	0		3015.636336000
6	1418		3015.676968000
6	1418		3015.793040000
6	1418		3015.909102000
6	0		3016.010613000
6	1418		3016.025184000
6	1418		3016.141273000
6	1418		3016.257334000
6	1418		3016.373420000
6	0		3016.384720000
6	1418		3016.489471000
6	1418		3016.605549000
6	1418		3016.721648000
6	0		3016.758134000
6	1418		3016.837711000
6	1418		3016.953794000
6	0		3017.132310000
6	39		3017.132348000
6	0		3017.133412000
6	39		3017.179207000
6	0		3017.506895000
6	0		3017.880534000
6	0		3018.254086000
17		41	3018.628683000
6	0		3018.815899000
17		41	3018.815940000
17		908	3018.815950000
17		33	3018.816736000
17		1358	3018.817464000
17		1358	3018.897541000
17		1358	3018.977834000
17		1358	3019.058755000
17		1358	3019.138872000
17		41	3019.189368000
17		1358	3019.217282000
17		1358	3019.297421000
6	0		3019.376422000
17		41	3019.376454000
17		1358	3019.378242000
17		1358	3019.458293000
17		1358	3019.537690000
6	667		3019.563392000
6	0		3019.564471000
17		1358	3019.617751000
17		1358	3019.698236000
17		41	3019.750119000
17		1358	3019.777872000
17		1358	3019.857611000
17		1358	3019.937729000
6	0		3019.937819000
17		1358	3020.017683000
6	178		3020.059166000
17		1358	3020.097088000
17		41	3020.123939000
17		1358	3020.176393000
17		1358	3020.257121000
17		41	3020.311336000
17		1358	3020.337072000
17		1358	3020.417351000
17		1358	3020.496814000
17		1358	3020.576289000
17		1358	3020.656825000
17		41	3020.685154000
17		1358	3020.736926000
17		1358	3020.816407000
6	0		3020.872473000
17		1358	3020.896723000
17		1358	3020.976440000
17		1358	3021.056753000
17		41	3021.059517000
17		1358	3021.136235000
17		1358	3021.216113000
17		1358	3021.296660000
17		1358	3021.376334000
6	0		3021.433776000
17		1358	3021.456153000
17		1358	3021.535362000
17		1358	3021.616405000
17		1358	3021.696484000
17		1358	3021.775729000
6	0		3021.806957000
17		1358	3021.855599000
17		1358	3021.935865000
6	0		3022.181421000
6	0		3022.554995000
6	824		3022.742443000
6	0		3022.742478000
6	39		3022.742485000
6	0		3022.743511000
6	0		3022.743561000
6	68		3022.747768000
6	93		3022.748372000
6	39		3022.750161000
6	0		3022.929734000
6	0		3023.303181000
6	1418		3023.304425000
6	1418		3023.362459000
6	1418		3023.478553000
6	1418		3023.594622000
6	0		3023.677166000
6	1418		3023.710704000
6	1418		3023.826781000
6	1418		3023.942856000
6	0		3024.051354000
6	1418		3024.058924000
6	1418		3024.175016000
6	1418		3024.291121000
6	1418		3024.407160000
6	0		3024.425608000
6	1418		3024.523255000
6	1418		3024.639325000
6	1418		3024.755405000
6	0		3024.798929000
6	1418		3024.871487000
17		908	3024.985925000
6	1418		3024.987530000
17		35	3024.987662000
6	1418		3025.103632000
6	0		3025.173135000
6	1418		3025.219705000
6	1418		3025.335782000
6	1418		3025.451867000
6	0		3025.547380000
6	1418		3025.567942000
6	1418		3025.684033000
6	1418		3025.800090000
6	1418		3025.916181000
6	0		3025.921529000
17		41	3025.921563000
17		45	3025.921570000
17		908	3025.921580000
17		43	3025.922231000
17		34	3025.922278000
6	1418		3026.032241000
6	0		3026.108872000
6	1418		3026.148302000
6	1418		3026.264394000
17		41	3026.295361000
6	1418		3026.380480000
6	0		3026.482324000
17		41	3026.482354000
6	1418		3026.496625000
6	1418		3026.612636000
17		41	3026.669295000
6	39		3026.669333000
6	0		3026.670438000
6	39		3026.714421000
6	1418		3026.728716000
6	1418		3026.844797000
17		41	3026.856621000
6	1418		3026.960867000
17		41	3027.043710000
6	1418		3027.076928000
17		41	3027.230829000
17		41	3027.417128000
17		41	3027.604182000
17		41	3027.790910000
6	674		3027.790952000
6	0		3027.792085000
6	67		3027.794276000
6	31		3027.794883000
17		41	3027.978764000
17		41	3028.165821000
17		41	3028.352077000
17		41	3028.539321000
17		41	3028.726420000
6	0		3028.913033000
17		41	3028.913079000
17		41	3029.100200000
17		41	3029.287478000
17		41	3029.474795000
17		41	3029.661133000
17		46	3029.848879000
17		35	3029.872943000
17		41	3030.035617000
17		41	3030.221985000
17		41	3030.409256000
17		41	3030.596805000
17		41	3030.783767000
17		41	3030.970025000
17		41	3031.157330000
17		41	3031.344113000
17		41	3031.531844000
17		41	3031.718134000
17		41	3031.905367000
17		41	3032.092347000
6	863		3032.092389000
6	0		3032.093506000
17		41	3032.278987000
17		1358	3032.280586000
17		41	3032.466586000
17		1358	3032.467476000
6	298		3032.474448000
17		41	3032.653635000
17		1358	3032.655400000
17		41	3032.840535000
17		1358	3032.842268000
6	0		3033.026953000
6	0		3033.026981000
6	0		3033.026996000
6	39		3033.027002000
17		41	3033.027009000
6	0		3033.028096000
17		1358	3033.029228000
6	0		3033.214260000
6	1418		3033.215498000
6	1418		3033.273635000
6	1418		3033.389619000
6	0		3033.401065000
6	1418		3033.505695000
6	0		3033.588257000
6	1418		3033.621767000
6	1418		3033.737840000
6	0		3033.775169000
6	1418		3033.854004000
6	0		3033.962406000
6	1418		3033.970009000
6	1418		3034.086108000
6	0		3034.149415000
6	1418		3034.202169000
6	1418		3034.318237000
6	0		3034.336649000
6	1418		3034.434315000
6	0		3034.522968000
6	1418		3034.550388000
6	1418		3034.666465000
6	0		3034.710130000
6	1418		3034.782543000
6	0		3034.897293000
17		41	3034.897325000
6	605		3034.897334000
6	204		3034.897341000
6	0		3034.898466000
6	0		3034.898492000
6	1418		3034.898589000
17		37	3034.899242000
6	1418		3035.014685000
6	0		3035.083985000
6	1418		3035.130755000
6	1418		3035.246859000
6	0		3035.271146000
6	1418		3035.362934000
6	0		3035.458293000
6	1418		3035.479003000
6	1418		3035.595099000
6	0		3035.645441000
6	1418		3035.711163000
6	1418		3035.827253000
6	0		3035.832582000
6	1418		3035.943341000
6	0		3036.019849000
6	1418		3036.059416000
6	1418		3036.175492000
6	0		3036.206349000
6	1418		3036.291539000
6	0		3036.393302000
6	1418		3036.407637000
6	1418		3036.523735000
6	0		3036.580248000
6	1418		3036.639783000
6	1418		3036.755878000
6	1418		3036.871932000
6	0		3036.954430000
6	1418		3036.988009000
6	1418		3037.104094000
6	1418		3037.220227000
6	0		3037.328626000
6	1418		3037.336242000
6	1418		3037.452378000
17		41	3037.515689000
6	1418		3037.568412000
6	1418		3037.684468000
6	0		3037.701977000
6	1418		3037.800625000
6	1418		3037.916690000
6	1418		3038.032697000
6	0		3038.076189000
6	1418		3038.148788000
6	1418		3038.264838000
6	1418		3038.380924000
6	0		3038.450367000
6	1418		3038.497108000
6	1418		3038.613102000
6	0		3038.637412000
17		41	3038.637445000
17		45	3038.637454000
17		907	3038.637461000
17		41	3038.638169000
17		34	3038.638202000
6	139		3038.638519000
6	0		3038.824789000
6	0		3039.198523000
6	0		3039.385851000
6	0		3039.385887000
17		41	3039.572152000
17		1358	3039.573691000
17		1358	3039.654170000
17		1358	3039.733983000
6	0		3039.759633000
6	0		3039.759659000
17		41	3039.759666000
17		1358	3039.814147000
17		1358	3039.894479000
17		41	3039.946859000
17		1358	3039.974032000
17		1358	3040.053671000
17		41	3040.133056000
17		1358	3040.134578000
17		1358	3040.214549000
17		1358	3040.293753000
17		41	3040.320614000
17		1358	3040.373716000
17		1358	3040.453935000
17		1358	3040.534078000
17		1358	3040.613039000
17		1358	3040.693715000
6	0		3040.694472000
17		1358	3040.773154000
17		1358	3040.853499000
17		1358	3040.932570000
17		1358	3041.013485000
6	0		3041.068091000
17		1358	3041.093229000
17		1358	3041.173802000
17		1358	3041.253012000
17		1358	3041.332867000
17		1358	3041.413254000
6	0		3041.442542000
17		1358	3041.493451000
17		1358	3041.572903000
17		1358	3041.652569000
17		1358	3041.733006000
17		1358	3041.813173000
6	0		3041.818329000
17		1358	3041.891952000
17		1358	3041.972143000
17		1358	3042.052000000
17		1358	3042.132393000
6	0		3042.190696000
17		756	3042.211776000
6	0		3042.564418000
6	0		3042.938039000
6	0		3043.312666000
6	1418		3043.314164000
6	0		3043.686893000
6	1418		3043.688148000
6	1418		3043.746208000
6	0		3044.061029000
6	1418		3044.062304000
6	1418		3044.120355000
6	0		3044.434003000
6	1418		3044.435262000
6	1418		3044.493353000
6	0		3044.808115000
6	585		3044.808145000
6	204		3044.808152000
6	0		3044.809253000
6	0		3044.809278000
6	1418		3044.809378000
6	69		3044.810945000
6	31		3044.811563000
6	1418		3044.867522000
6	0		3045.182184000
6	1418		3045.183459000
6	1418		3045.241504000
6	0		3045.556151000
6	1418		3045.557403000
6	1418		3045.615437000
6	0		3045.930038000
6	1418		3045.931271000
6	1418		3045.989345000
6	0		3046.303963000
6	1418		3046.305208000
6	1418		3046.363256000
6	0		3046.678898000
6	1418		3046.680172000
6	1418		3046.738194000
6	0		3047.052803000
6	1418		3047.054077000
6	1418		3047.112113000
6	0		3047.239154000
6	1418		3047.240417000
6	1418		3047.344285000
6	0		3047.613865000
6	1418		3047.615119000
6	1418		3047.673156000
6	0		3047.987750000
6	1418		3047.989055000
6	1418		3048.047084000
6	0		3048.361745000
6	1418		3048.363002000
6	1418		3048.421054000
6	0		3048.735731000
6	1418		3048.736993000
6	1418		3048.795040000
6	0		3049.109535000
6	0		3049.109563000
6	39		3049.109568000
17		41	3049.109575000
6	1418		3049.110839000
6	0		3049.115956000
6	1418		3049.168887000
17		46	3049.296251000
17		33	3049.320321000
17		41	3049.483465000
17		41	3049.670221000
17		41	3049.857054000
17		41	3050.044460000
17		41	3050.231669000
17		41	3050.418176000
17		41	3050.605070000
17		41	3050.792386000
17		41	3050.979645000
17		41	3051.166720000
17		41	3051.166746000
17		45	3051.166751000
17		907	3051.166759000
17		33	3051.167624000
17		41	3051.353735000
17		41	3051.540590000
17		41	3051.726940000
17		41	3051.914133000
17		41	3052.101453000
17		41	3052.288710000
17		41	3052.475018000
17		41	3052.662257000
17		41	3052.849678000
17		41	3053.036772000
17		41	3053.223124000
17		41	3053.410374000
17		41	3053.597598000
17		41	3053.784727000
17		41	3053.971000000
17		41	3054.158329000
17		41	3054.345540000
17		1358	3054.347213000
17		41	3054.532328000
17		1358	3054.534004000
17		41	3054.719221000
17		1358	3054.720955000
17		46	3054.906350000
6	607		3054.906384000
6	222		3054.906392000
6	0		3054.907483000
6	0		3054.907514000
17		1358	3054.908127000
6	69		3054.909528000
6	31		3054.910167000
6	39		3054.910757000
17		1358	3054.989319000
6	0		3055.093712000
6	1418		3055.094973000
6	1418		3055.153034000
6	1418		3055.269096000
6	0		3055.280019000
6	1418		3055.385184000
6	0		3055.467660000
6	1418		3055.501270000
6	1418		3055.617333000
6	0		3055.654012000
6	1418		3055.733408000
6	0		3055.840980000
6	1418		3055.849488000
6	1418		3055.965552000
6	0		3056.028051000
6	1418		3056.081636000
6	1418		3056.197700000
6	0		3056.214979000
6	1418		3056.313770000
6	0		3056.402159000
6	0		3056.402186000
6	1418		3056.429841000
6	1418		3056.545957000
6	0		3056.589304000
6	1418		3056.662026000
6	0		3056.776395000
6	1418		3056.778086000
6	1418		3056.894173000
6	0		3056.963556000
6	1418		3057.010264000
6	1418		3057.126353000
6	0		3057.150817000
6	1418		3057.242411000
6	0		3057.337131000
6	1418		3057.358477000
6	1418		3057.474579000
6	0		3057.524079000
6	1418		3057.590638000
6	1418		3057.706728000
6	0		3057.711218000
6	1418		3057.822793000
6	0		3057.898522000
6	1418		3057.938894000
6	1418		3058.054991000
6	0		3058.085507000
6	1418		3058.171031000
6	0		3058.272379000
6	1418		3058.287089000
6	1418		3058.403190000
6	0		3058.459335000
6	1418		3058.519290000
6	1418		3058.635342000
6	1418		3058.751410000
6	0		3058.833899000
6	1418		3058.867484000
6	1418		3058.983568000
6	1418		3059.099752000
6	0		3059.207183000
6	1418		3059.215709000
6	1418		3059.331784000
6	1418		3059.447865000
6	1418		3059.563935000
6	0		3059.581374000
6	1418		3059.680014000
6	1418		3059.796091000
6	1418		3059.912180000
6	0		3059.955631000
6	1418		3060.028291000
6	1418		3060.144326000
6	1418		3060.260425000
6	0		3060.328965000
6	1418		3060.376492000
6	1418		3060.492593000
6	0		3060.514948000
6	1418		3060.608629000
6	0		3060.701339000
6	1418		3060.724761000
17		46	3060.794660000
17		1358	3060.796481000
6	1418		3060.840814000
17		1358	3060.861554000
17		41	3060.887443000
17		1358	3060.924636000
17		41	3060.980500000
17		1358	3060.989643000
17		1358	3061.053693000
6	0		3061.073130000
6	39		3061.073160000
17		41	3061.073169000
6	0		3061.078960000
17		1358	3061.117254000
17		41	3061.166086000
17		1358	3061.180952000
17		1358	3061.244365000
17		1358	3061.308731000
6	0		3061.351863000
17		1358	3061.372771000
17		1358	3061.436837000
17		1358	3061.501022000
6	0		3061.538341000
17		1358	3061.564245000
17		1358	3061.628892000
17		1358	3061.692512000
6	0		3061.724419000
17		1358	3061.756114000
17		1358	3061.821018000
17		1358	3061.883860000
6	0		3061.910577000
17		1358	3061.948204000
17		1358	3062.013062000
17		1358	3062.076266000
6	0		3062.096625000
17		1358	3062.140554000
17		1358	3062.203378000
17		1358	3062.268489000
6	0		3062.281982000
17		1358	3062.331966000
17		1358	3062.395914000
17		1358	3062.459699000
6	0		3062.468388000
17		1358	3062.523891000
17		771	3062.587977000
6	0		3062.654343000
6	0		3062.840677000
6	0		3063.026098000
6	0		3063.212512000
6	0		3063.305671000
6	0		3063.491103000
6	0		3063.677526000
6	1418		3063.678812000
17		41	3063.770122000
17		45	3063.770146000
6	0		3063.770164000
6	0		3063.780303000
17		33	3063.794281000
6	0		3063.863469000
6	1418		3063.864732000
6	1418		3063.922747000
6	0		3063.956142000
6	0		3063.964958000
6	0		3064.049332000
6	1418		3064.050593000
6	0		3064.083996000
6	1418		3064.154902000
6	0		3064.235439000
6	0		3064.266434000
6	1418		3064.270991000
6	1418		3064.387086000
6	0		3064.421451000
6	1418		3064.503150000
6	0		3064.607643000
6	1418		3064.619223000
6	1418		3064.735307000
6	0		3064.793170000
6	0		3064.793196000
6	608		3064.793202000
6	220		3064.793210000
6	0		3064.794344000
6	0		3064.794368000
6	69		3064.796609000
6	31		3064.797252000
6	39		3064.797837000
6	0		3064.803337000
6	1418		3064.851405000
6	1418		3064.967469000
6	0		3064.979320000
6	0		3064.979350000
6	0		3064.988159000
6	1418		3065.083522000
6	0		3065.165645000
6	1418		3065.199620000
6	1418		3065.315678000
6	0		3065.351093000
6	1418		3065.431775000
6	0		3065.537302000
6	1418		3065.547842000
6	1418		3065.663904000
6	0		3065.723292000
6	1418		3065.780015000
17		41	3065.815787000
6	1418		3065.896063000
17		41	3066.002254000
6	0		3066.002283000
6	1418		3066.012133000
17		41	3066.095022000
6	1418		3066.128222000
17		41	3066.187949000
17		41	3066.281048000
17		41	3066.374184000
17		41	3066.467313000
17		41	3066.560574000
17		41	3066.653135000
17		41	3066.746279000
6	0		3066.746313000
6	0		3066.756499000
17		41	3066.839075000
17		41	3066.932300000
17		41	3067.025501000
6	0		3067.025531000
6	0		3067.034378000
17		41	3067.117830000
17		41	3067.211280000
17		41	3067.304442000
17		41	3067.397315000
17		41	3067.489918000
17		41	3067.583032000
17		46	3067.676148000
17		33	3067.699672000
17		41	3067.769468000
6	667		3067.861932000
17		41	3067.861961000
6	67		3067.864999000
6	31		3067.865587000
17		41	3067.955632000
17		41	3068.048349000
17		41	3068.141473000
17		41	3068.234441000
6	0		3068.326887000
6	517		3068.326929000
6	0		3068.337072000
6	2792		3068.338800000
6	2386		3068.338834000
6	0		3068.420163000
6	1418		3068.421434000
6	1418		3068.479544000
6	0		3068.512882000
6	517		3068.512910000
6	0		3068.521722000
6	2792		3068.523471000
6	1396		3068.523492000
6	990		3068.523508000
6	1418		3068.595555000
6	0		3068.605898000
6	0		3068.605925000
6	0		3068.699117000
6	1418		3068.711626000
6	0		3068.792297000
6	1418		3068.827748000
6	1418		3068.943807000
6	0		3068.978156000
6	1418		3069.059870000
6	0		3069.164374000
6	0		3069.164397000
6	1418		3069.175929000
6	0		3069.257670000
6	39		3069.257694000
6	0		3069.263840000
6	1418		3069.291986000
6	1418		3069.408100000
6	0		3069.443432000
6	0		3069.443458000
6	1418		3069.524176000
6	0		3069.629759000
6	1418		3069.640277000
6	0		3069.722009000
6	1418		3069.756324000
6	1418		3069.872407000
6	0		3069.907894000
6	1418		3069.988478000
6	0		3070.093973000
6	1418		3070.104548000
6	1418		3070.220614000
6	0		3070.280277000
6	0		3070.280306000
6	0		3070.280312000
6	1418		3070.336683000
6	0		3070.373001000
6	1418		3070.452766000
6	0		3070.466102000
6	0		3070.559334000
6	1418		3070.568850000
6	0		3070.652142000
6	0		3070.652172000
6	64		3070.652179000
6	0		3070.667987000
6	1418		3070.684925000
6	1396		3070.745276000
6	0		3070.755445000
6	1418		3070.800999000
6	0		3070.838304000
6	1418		3070.917085000
6	0		3070.931384000
6	0		3071.024605000
6	1418		3071.033163000
6	0		3071.117518000
6	1418		3071.149240000
6	0		3071.210335000
6	64		3071.210368000
6	0		3071.224412000
6	1418		3071.265312000
6	1418		3071.381383000
6	0		3071.395891000
6	1418		3071.497463000
6	0		3071.581952000
6	1418		3071.613534000
6	1418		3071.729608000
6	0		3071.768008000
6	1418		3071.845720000
6	0		3071.954202000
6	1418		3071.961782000
6	1418		3072.077866000
6	0		3072.140321000
6	1418		3072.193954000
6	1418		3072.310027000
6	0		3072.326518000
6	1418		3072.426090000
6	0		3072.512780000
6	1418		3072.542172000
6	1418		3072.658273000
6	0		3072.698721000
6	1418		3072.774346000
6	0		3072.884109000
6	443		3072.884137000
6	1418		3072.890420000
6	0		3072.894313000
6	1418		3073.006513000
6	0		3073.069914000
6	1418		3073.122577000
6	2792		3073.161696000
6	2792		3073.161750000
6	2792		3073.161757000
6	1396		3073.179820000
6	1396		3073.197856000
6	1396		3073.215899000
6	1396		3073.233945000
6	1418		3073.238634000
6	1396		3073.251976000
6	0		3073.256286000
6	1396		3073.270038000
6	1396		3073.288055000
6	1396		3073.306111000
6	1396		3073.324142000
6	1396		3073.342179000
6	0		3073.349323000
6	1418		3073.354720000
6	1396		3073.360198000
6	1396		3073.378257000
6	1396		3073.396262000
6	1396		3073.414309000
6	1396		3073.432346000
6	0		3073.442857000
6	1396		3073.450405000
6	1396		3073.468439000
6	1418		3073.470785000
6	1396		3073.486472000
6	1396		3073.504542000
6	1396		3073.522560000
6	1396		3073.540594000
6	1396		3073.558632000
6	1396		3073.576672000
6	1418		3073.586869000
6	1396		3073.594700000
6	1396		3073.612754000
6	0		3073.628050000
6	1396		3073.630757000
6	875		3073.648809000
6	1418		3073.706257000
6	0		3073.814706000
6	1418		3073.820728000
6	1418		3073.935237000
6	0		3074.000312000
6	1418		3074.049764000
6	1418		3074.164244000
6	0		3074.186306000
6	1418		3074.278788000
6	0		3074.372581000
6	1418		3074.393337000
6	1418		3074.507803000
6	0		3074.557848000
6	1418		3074.620044000
6	1418		3074.732318000
6	0		3074.744596000
6	1418		3074.844510000
6	0		3074.930297000
6	0		3074.930331000
6	1418		3074.956801000
6	0		3075.023078000
6	1418		3075.068988000
6	0		3075.116299000
6	1418		3075.181221000
6	0		3075.209523000
6	1418		3075.293461000
6	0		3075.302775000
6	0		3075.394975000
6	1418		3075.405670000
6	0		3075.488015000
6	1418		3075.517914000
6	0		3075.581263000
6	1418		3075.630148000
6	0		3075.674475000
6	1418		3075.742398000
6	0		3075.767276000
6	1418		3075.854634000
6	0		3075.953277000
6	1418		3075.966872000
6	1418		3076.079134000
6	0		3076.139354000
6	0		3076.139388000
6	1418		3076.191357000
6	1418		3076.303619000
6	0		3076.324927000
6	0		3076.324950000
17		908	3076.324958000
17		40	3076.325758000
17		150	3076.326543000
17		1353	3076.326624000
17		1358	3076.326633000
17		1358	3076.326638000
17		1358	3076.326642000
17		1358	3076.326647000
17		1358	3076.326651000
17		1358	3076.326655000
17		1358	3076.326658000
17		1358	3076.326662000
6	0		3076.339764000
17		1358	3076.391768000
6	1418		3076.415811000
17		1358	3076.455553000
17		1358	3076.519411000
6	1418		3076.528065000
17		1358	3076.583567000
6	1418		3076.640299000
17		1358	3076.646667000
17		1358	3076.711007000
6	1418		3076.752582000
17		1358	3076.774582000
17		1358	3076.839483000
6	1418		3076.864765000
17		1358	3076.903312000
17		1358	3076.966772000
6	0		3076.976192000
6	1418		3076.977514000
17		1358	3077.030628000
17		1358	3077.094518000
17		1358	3077.158570000
17		1358	3077.223094000
17		1358	3077.286671000
17		1358	3077.350903000
17		1358	3077.414426000
17		1358	3077.478007000
17		1358	3077.542379000
17		1358	3077.606104000
6	0		3077.627362000
6	1418		3077.628689000
17		1358	3077.670101000
17		1358	3077.733515000
17		1358	3077.798405000
17		1358	3077.862866000
17		670	3077.925557000
6	0		3078.278520000
6	1418		3078.279766000
6	1418		3078.335906000
6	0		3078.465176000
6	1418		3078.466458000
6	1418		3078.560359000
6	0		3078.650044000
6	1418		3078.672619000
6	1418		3078.784852000
6	0		3078.836195000
6	1418		3078.897097000
6	0		3078.929428000
6	1418		3079.009324000
6	0		3079.114862000
6	1418		3079.121533000
6	1418		3079.233857000
6	0		3079.300990000
6	1418		3079.346026000
6	1418		3079.458344000
6	0		3079.487554000
6	1418		3079.570506000
6	0		3079.672963000
6	1418		3079.682726000
6	1418		3079.794983000
6	0		3079.859280000
6	1418		3079.907222000
6	1418		3080.019464000
6	0		3080.045711000
6	0		3080.231705000
17		47	3080.323941000
17		34	3080.348616000
17		41	3080.417173000
6	0		3080.509863000
17		41	3080.509894000
17		41	3080.602946000
17		41	3080.695886000
17		41	3080.789398000
17		41	3080.882685000
17		41	3080.974947000
17		41	3081.067964000
6	0		3081.161637000
17		41	3081.161666000
17		41	3081.254865000
17		41	3081.347160000
17		41	3081.440147000
6	0		3081.533330000
17		41	3081.626367000
17		41	3081.812942000
17		41	3081.904844000
6	0		3081.997909000
17		41	3082.091377000
17		41	3082.184275000
17		41	3082.370710000
17		41	3082.462890000
6	0		3082.556096000
17		46	3082.649266000
17		34	3082.674172000
17		41	3082.742465000
17		41	3082.835882000
17		41	3082.927872000
17		41	3083.020926000
17		41	3083.114080000
17		41	3083.207730000
17		41	3083.300841000
17		41	3083.393674000
17		41	3083.579010000
17		41	3083.672185000
17		41	3083.765354000
17		832	3083.858584000
17		40	3083.859287000
17		154	3083.860012000
17		1353	3083.860046000
17		1358	3083.860051000
17		1358	3083.860055000
17		1358	3083.860085000
17		1358	3083.860096000
17		1358	3083.860100000
17		1358	3083.860104000
17		1358	3083.860108000
17		1358	3083.860112000
17		1358	3083.924372000
6	0		3083.951767000
17		1358	3083.988939000
17		1358	3084.052828000
17		1358	3084.116362000
6	0		3084.137429000
17		1358	3084.181288000
17		1358	3084.243825000
17		1358	3084.308634000
6	0		3084.323727000
17		1358	3084.372620000
17		1358	3084.435903000
17		1358	3084.500439000
6	0		3084.509165000
17		1358	3084.563640000
17		1358	3084.628278000
17		1358	3084.692154000
6	0		3084.695071000
17		1358	3084.755930000
6	665		3084.788197000
6	39		3084.788225000
6	224		3084.788230000
6	0		3084.789330000
6	0		3084.789352000
6	39		3084.789772000
6	69		3084.791545000
6	31		3084.792103000
6	39		3084.792683000
17		1358	3084.819824000
6	0		3084.881382000
6	1418		3084.882615000
17		1358	3084.883720000
6	1418		3084.938743000
17		1358	3084.947696000
17		1358	3085.012315000
6	1418		3085.050988000
6	0		3085.067168000
17		1358	3085.075326000
17		1358	3085.139729000
6	1418		3085.163223000
17		1358	3085.203261000
6	0		3085.253286000
17		1358	3085.267690000
6	1418		3085.275458000
17		1358	3085.332162000
6	1418		3085.387692000
17		1358	3085.395901000
6	0		3085.439712000
17		47	3085.439743000
17		1358	3085.459477000
6	1418		3085.499939000
17		41	3085.532516000
17		1358	3085.565839000
6	1418		3085.612162000
17		41	3085.625283000
17		1358	3085.673143000
17		41	3085.718758000
6	1418		3085.724402000
17		1358	3085.779526000
17		41	3085.811665000
6	1418		3085.836689000
17		1358	3085.885253000
17		41	3085.904835000
6	1418		3085.948884000
17		1358	3085.992747000
17		41	3085.997568000
6	1418		3086.061114000
17		41	3086.089992000
17		1358	3086.099355000
6	1418		3086.173406000
17		41	3086.183089000
17		1358	3086.205755000
17		41	3086.276506000
6	1418		3086.285590000
17		1358	3086.312797000
17		41	3086.369084000
6	1418		3086.397858000
17		1358	3086.418968000
17		41	3086.462352000
6	1418		3086.510060000
17		1358	3086.525303000
17		41	3086.555567000
17		1358	3086.631836000
17		41	3086.648494000
17		1358	3086.738057000
17		41	3086.741064000
17		41	3086.834289000
17		1358	3086.844913000
17		41	3086.927521000
17		1358	3086.952268000
17		41	3087.020239000
17		1358	3087.058040000
17		41	3087.113579000
17		1358	3087.138261000
17		41	3087.206318000
17		1358	3087.217466000
17		1358	3087.297751000
17		46	3087.299436000
17		33	3087.323780000
17		1358	3087.377904000
6	0		3087.391944000
6	39		3087.391970000
17		41	3087.391977000
6	0		3087.398108000
17		1358	3087.457871000
17		41	3087.484939000
17		1358	3087.537383000
17		1358	3087.617824000
17		41	3087.671112000
17		1358	3087.697564000
6	0		3087.764293000
6	1418		3087.765593000
17		1358	3087.777477000
6	1418		3087.821696000
17		1358	3087.857404000
17		41	3087.857631000
6	1418		3087.933945000
17		1358	3087.937717000
17		41	3087.950159000
17		1358	3088.016874000
6	1418		3088.046163000
17		1358	3088.097579000
17		41	3088.136287000
6	1418		3088.158410000
17		1358	3088.176758000
6	0		3088.229232000
17		41	3088.229264000
17		1358	3088.256534000
6	1418		3088.270647000
17		1358	3088.337115000
6	1418		3088.382888000
17		41	3088.414841000
17		1358	3088.416179000
6	1418		3088.495114000
17		1358	3088.495979000
17		41	3088.508067000
17		1358	3088.576862000
6	0		3088.601344000
6	1418		3088.607367000
17		1358	3088.656574000
17		41	3088.694208000
6	1418		3088.719592000
17		1358	3088.736843000
17		41	3088.787129000
17		1358	3088.816507000
6	1418		3088.831815000
17		41	3088.880084000
17		1358	3088.896158000
6	1418		3088.944068000
6	0		3088.973305000
17		1358	3088.976057000
6	1418		3089.056308000
17		1358	3089.056833000
17		41	3089.066203000
6	1418		3089.168541000
17		41	3089.251905000
6	1418		3089.280760000
6	0		3089.345058000
6	1418		3089.393002000
17		41	3089.438009000
6	1418		3089.505249000
6	1418		3089.617493000
17		41	3089.623861000
6	0		3089.717104000
6	1418		3089.729714000
17		41	3089.810304000
6	1418		3089.841978000
6	1418		3089.954201000
17		41	3089.996217000
6	1418		3090.066458000
6	0		3090.089689000
6	1418		3090.178690000
17		41	3090.182727000
6	1418		3090.290906000
17		46	3090.368337000
17		1358	3090.369719000
6	1418		3090.403146000
6	0		3090.461638000
17		41	3090.461667000
17		1358	3090.463307000
6	1418		3090.515392000
6	1418		3090.627622000
17		41	3090.647089000
17		1358	3090.648764000
6	1418		3090.739893000
17		41	3090.740072000
17		1358	3090.754230000
6	0		3090.832944000
17		41	3090.832975000
6	1418		3090.852099000
17		1358	3090.859060000
17		41	3090.926478000
17		1358	3090.963399000
6	1418		3090.964319000
17		41	3091.019339000
17		1358	3091.067622000
6	1418		3091.076569000
17		41	3091.112500000
17		1358	3091.172116000
6	1418		3091.188795000
17		41	3091.205764000
17		1358	3091.276455000
17		41	3091.298094000
6	1418		3091.301031000
17		1358	3091.381461000
17		41	3091.391663000
6	1418		3091.413249000
17		41	3091.483936000
17		1358	3091.485316000
6	1418		3091.525513000
17		41	3091.577445000
17		1358	3091.589980000
6	1418		3091.637770000
17		41	3091.670673000
17		1358	3091.693899000
6	1418		3091.749994000
17		41	3091.763039000
17		1358	3091.797917000
6	1418		3091.862224000
17		1358	3091.902684000
17		41	3091.949064000
6	1418		3091.974452000
17		1358	3092.006074000
6	0		3092.042314000
6	1418		3092.086682000
17		1358	3092.110142000
17		41	3092.135247000
6	1418		3092.198935000
17		1358	3092.213507000
6	1418		3092.311172000
17		1358	3092.318456000
17		41	3092.321163000
17		41	3092.413932000
17		1358	3092.422022000
6	1418		3092.423376000
6	0		3092.507187000
17		1358	3092.526253000
6	1418		3092.535665000
17		41	3092.600539000
17		1358	3092.631280000
6	1418		3092.647927000
6	1418		3092.760149000
17		46	3092.786255000
17		1358	3092.788008000
6	1418		3092.872359000
17		41	3092.879298000
17		998	3092.893337000
6	0		3092.972882000
6	1418		3092.984588000
17		41	3093.064836000
6	1418		3093.096823000
6	0		3093.251687000
17		41	3093.251719000
17		41	3093.344249000
17		41	3093.437430000
17		41	3093.622886000
6	0		3093.716540000
17		41	3093.809127000
17		41	3093.902520000
17		41	3094.087985000
6	0		3094.181232000
17		41	3094.274265000
17		41	3094.460594000
6	0		3094.553219000
6	0		3094.739389000
6	730		3094.832046000
6	0		3094.833350000
6	69		3094.835224000
6	31		3094.835837000
6	39		3094.836421000
6	0		3094.925833000
6	0		3095.111170000
6	0		3095.297515000
6	0		3095.483029000
17		41	3095.483056000
17		41	3095.669063000
6	0		3095.762292000
6	0		3095.855633000
17		41	3095.948599000
17		41	3096.133931000
6	0		3096.227340000
17		41	3096.320283000
17		41	3096.413420000
17		41	3096.598949000
6	0		3096.692124000
17		41	3096.784905000
17		46	3096.970988000
17		33	3096.994880000
6	0		3097.064088000
17		41	3097.157065000
17		41	3097.250077000
6	0		3097.343739000
17		41	3097.436632000
17		41	3097.621986000
6	0		3097.715515000
6	1418		3097.716794000
17		41	3097.808493000
17		41	3097.994253000
6	0		3098.087625000
6	1418		3098.088893000
6	1418		3098.145039000
17		41	3098.180743000
6	1418		3098.257271000
17		41	3098.366443000
6	1418		3098.369489000
6	0		3098.459023000
6	1418		3098.481745000
17		41	3098.552624000
6	1418		3098.593979000
6	1418		3098.706220000
17		41	3098.737875000
17		908	3098.737910000
17		33	3098.738602000
6	1418		3098.818496000
17		41	3098.831521000
17		1358	3098.833177000
6	0		3098.923931000
17		41	3098.923959000
6	1418		3098.930683000
17		1358	3098.938125000
6	1418		3099.042926000
17		41	3099.110242000
17		1358	3099.112052000
6	1418		3099.155145000
6	0		3099.203414000
6	1418		3099.267387000
6	1418		3099.379612000
17		41	3099.388881000
17		1358	3099.390684000
6	0		3099.482087000
6	1418		3099.491857000
17		41	3099.575285000
17		1358	3099.577173000
6	1418		3099.604104000
6	1418		3099.716332000
6	0		3099.761665000
6	0		3099.761692000
6	39		3099.761699000
6	0		3099.768298000
6	1418		3099.828575000
6	1418		3099.940815000
6	0		3099.947004000
6	1418		3100.053070000
6	0		3100.133427000
6	1418		3100.165270000
6	1418		3100.277548000
6	0		3100.319735000
6	1418		3100.367289000
6	1418		3100.457087000
6	0		3100.505658000
6	1418		3100.546879000
6	1418		3100.636670000
17		47	3100.690965000
17		1358	3100.692694000
6	1418		3100.726471000
6	0		3100.784193000
17		1358	3100.797731000
6	1418		3100.816248000
17		41	3100.877683000
17		1358	3100.900809000
6	1418		3100.906031000
6	1418		3100.995787000
17		1358	3101.005131000
17		41	3101.063165000
6	1418		3101.085644000
17		1358	3101.108960000
6	0		3101.156664000
6	1418		3101.175383000
17		1358	3101.213859000
6	1418		3101.265168000
17		1358	3101.317252000
6	0		3101.342310000
6	1418		3101.354953000
17		1358	3101.421039000
17		41	3101.435427000
6	1418		3101.444780000
17		1358	3101.525343000
17		41	3101.528327000
6	1418		3101.534514000
6	0		3101.621742000
6	1418		3101.624374000
17		1358	3101.629166000
6	1418		3101.714177000
17		1358	3101.733649000
6	1418		3101.803903000
6	0		3101.807480000
17		1358	3101.837630000
6	1418		3101.893741000
17		1358	3101.940219000
6	1418		3101.983448000
6	0		3101.993216000
17		1358	3102.044552000
6	1418		3102.073270000
17		1358	3102.148512000
6	0		3102.179749000
6	1418		3102.222908000
17		1358	3102.253033000
17		1358	3102.356040000
6	0		3102.365518000
6	1418		3102.372539000
17		1358	3102.460278000
6	1418		3102.522178000
6	0		3102.551056000
17		1358	3102.563935000
17		41	3102.644417000
17		1358	3102.668566000
6	1418		3102.671813000
17		1358	3102.772465000
6	1418		3102.821476000
17		41	3102.830290000
6	0		3102.830337000
17		1358	3102.876250000
6	1418		3102.971108000
17		1358	3102.979716000
17		41	3103.015929000
17		1358	3103.084356000
6	0		3103.109193000
6	1418		3103.120811000
17		1358	3103.188229000
6	1418		3103.270387000
17		1358	3103.292217000
17		41	3103.295353000
6	0		3103.388606000
17		1358	3103.396836000
6	1418		3103.420020000
17		41	3103.480965000
17		1358	3103.499435000
6	1418		3103.569667000
17		1358	3103.603768000
17		41	3103.666982000
17		1358	3103.707832000
6	1418		3103.719303000
6	0		3103.760360000
17		1358	3103.812120000
6	131		3103.853966000
6	0		3103.855411000
6	1418		3103.868944000
17		1358	3103.915954000
6	1303		3103.945961000
17		41	3103.945995000
17		41	3103.946003000
6	0		3103.947442000
6	68		3103.952511000
6	93		3103.953111000
6	39		3103.954876000
6	1418		3104.018591000
17		1358	3104.019916000
6	0		3104.039481000
17		1358	3104.123068000
17		41	3104.132167000
6	1418		3104.168238000
17		1358	3104.227483000
6	1418		3104.280459000
6	0		3104.318752000
17		1358	3104.330812000
6	1418		3104.392703000
17		41	3104.411770000
17		1358	3104.435796000
6	1418		3104.504931000
17		1358	3104.539120000
17		41	3104.597144000
6	1418		3104.617227000
17		1358	3104.643301000
6	0		3104.690613000
6	1418		3104.729399000
17		1358	3104.746585000
17		41	3104.782868000
6	1418		3104.841720000
17		1358	3104.851533000
6	1418		3104.953891000
17		1358	3104.954875000
17		41	3104.968962000
17		1358	3105.058708000
6	0		3105.062793000
6	1418		3105.066121000
17		41	3105.155327000
17		1358	3105.162417000
6	1418		3105.178392000
17		1358	3105.267594000
6	1418		3105.290580000
17		41	3105.340883000
17		1358	3105.370026000
6	1418		3105.402837000
6	0		3105.434113000
17		1358	3105.474965000
6	1418		3105.515068000
17		46	3105.527313000
17		33	3105.551861000
17		1358	3105.577943000
17		41	3105.620342000
6	1418		3105.627326000
17		1358	3105.683294000
17		41	3105.713236000
6	1418		3105.739533000
17		1358	3105.785888000
6	0		3105.806786000
6	1418		3105.851792000
17		1358	3105.890233000
17		41	3105.899059000
6	1418		3105.964065000
17		41	3105.992350000
17		1358	3105.994135000
17		1358	3106.098367000
17		41	3106.178396000
17		1358	3106.201971000
6	0		3106.270988000
17		1358	3106.306306000
17		41	3106.364258000
17		1358	3106.409367000
17		1358	3106.514278000
17		41	3106.550817000
17		1358	3106.617820000
17		41	3106.643185000
17		1358	3106.700595000
6	0		3106.736377000
17		1358	3106.784295000
17		41	3106.829085000
17		1358	3106.867754000
17		1358	3106.950031000
17		41	3107.015249000
17		1358	3107.033407000
17		41	3107.108409000
17		1358	3107.117632000
17		1358	3107.200465000
6	0		3107.200939000
17		1358	3107.283410000
17		41	3107.294302000
17		1358	3107.365866000
17		41	3107.386869000
17		1358	3107.449114000
17		41	3107.480032000
17		1358	3107.532674000
6	0		3107.573528000
17		1358	3107.615488000
17		41	3107.665978000
17		1358	3107.698494000
6	0		3107.851910000
6	39		3107.851938000
17		41	3107.851948000
17		1358	3107.853706000
6	0		3107.857898000
6	0		3107.945440000
17		41	3108.038475000
17		1358	3108.040177000
17		41	3108.131416000
17		1358	3108.133128000
17		41	3108.317276000
17		1358	3108.318210000
6	0		3108.410687000
17		46	3108.503497000
17		1358	3108.505173000
17		41	3108.689299000
17		1358	3108.690952000
6	0		3108.782730000
17		41	3108.875133000
17		1358	3108.876781000
17		41	3109.061128000
17		1358	3109.062804000
6	0		3109.154382000
17		41	3109.247261000
17		1358	3109.248336000
17		41	3109.433479000
17		1358	3109.435619000
6	0		3109.525916000
17		41	3109.525947000
17		1358	3109.575442000
17		41	3109.618877000
17		1358	3109.714376000
17		41	3109.805733000
17		1358	3109.853334000
6	0		3109.897947000
6	1418		3109.899232000
6	1418		3109.955368000
17		41	3109.991703000
17		1358	3109.993408000
17		41	3110.177597000
17		1358	3110.178913000
6	0		3110.269894000
6	1418		3110.271134000
6	1418		3110.327271000
17		41	3110.363229000
17		1358	3110.364049000
17		41	3110.548848000
17		1358	3110.550550000
6	0		3110.642807000
6	1418		3110.644062000
6	1418		3110.700197000
17		41	3110.734901000
6	1418		3110.812411000
17		41	3110.921625000
6	1418		3110.924639000
6	0		3111.013972000
6	1418		3111.036885000
17		41	3111.106924000
6	1418		3111.149134000
6	1418		3111.261361000
17		41	3111.293713000
6	1418		3111.373666000
17		41	3111.386598000
17		41	3111.478956000
6	0		3111.572134000
17		41	3111.572174000
6	1418		3111.573437000
6	1418		3111.629533000
17		46	3111.665343000
17		33	3111.689481000
17		41	3111.758793000
17		41	3111.850838000
17		41	3111.943984000
17		41	3112.037147000
17		41	3112.130258000
17		41	3112.223486000
17		41	3112.316656000
17		41	3112.408824000
17		41	3112.502078000
17		41	3112.595201000
17		41	3112.688564000
17		41	3112.781698000
17		41	3112.874702000
17		41	3112.966877000
17		41	3113.060630000
17		41	3113.153802000
17		41	3113.246397000
17		41	3113.339495000
17		41	3113.432622000
17		46	3113.525414000
17		33	3113.549400000
17		41	3113.618127000
17		41	3113.711550000
17		41	3113.804438000
17		41	3113.897166000
17		41	3113.990206000
17		1358	3113.991667000
6	0		3114.176182000
6	1418		3114.177488000
6	1418		3114.222408000
17		41	3114.269198000
17		1358	3114.270903000
6	1418		3114.312168000
17		41	3114.362710000
17		1358	3114.376614000
6	1418		3114.401968000
6	1418		3114.491836000
6	0		3114.548616000
6	1418		3114.581687000
17		41	3114.641070000
17		1358	3114.642727000
6	1418		3114.671331000
17		41	3114.733944000
17		1358	3114.748299000
6	1418		3114.761126000
6	1418		3114.850913000
6	0		3114.920251000
6	1418		3114.940689000
6	0		3115.013414000
6	1418		3115.030493000
6	1418		3115.120255000
6	0		3115.198975000
6	1418		3115.210057000
6	1418		3115.299840000
6	0		3115.385560000
6	1418		3115.389614000
6	1418		3115.479461000
6	1418		3115.569201000
6	0		3115.571200000
6	1418		3115.658997000
17		41	3115.664452000
17		1358	3115.666108000
6	1418		3115.748858000
17		1358	3115.770975000
6	1418		3115.838550000
6	0		3115.850329000
17		1358	3115.874791000
6	1418		3115.928336000
17		41	3115.942912000
17		1358	3115.978973000
6	1418		3116.018133000
17		1358	3116.082835000
6	1418		3116.107925000
17		41	3116.129202000
17		1358	3116.186822000
6	1418		3116.197695000
6	0		3116.222384000
6	1418		3116.287495000
17		1358	3116.290710000
6	1418		3116.377357000
17		1358	3116.395100000
6	0		3116.408113000
6	1418		3116.467061000
17		1358	3116.498121000
17		41	3116.501282000
17		1358	3116.602367000
6	1418		3116.616702000
17		41	3116.687038000
17		1358	3116.705984000
6	1418		3116.766353000
6	0		3116.780239000
17		1358	3116.810776000
17		1358	3116.913786000
6	1418		3116.915987000
6	0		3116.966319000
17		1358	3117.018758000
6	1418		3117.065622000
17		1358	3117.122520000
6	0		3117.152271000
6	1418		3117.215277000
17		1358	3117.225934000
17		1358	3117.330355000
6	0		3117.338347000
6	1418		3117.364957000
17		1358	3117.433916000
6	1418		3117.514545000
6	0		3117.524397000
17		560	3117.537555000
6	1418		3117.664181000
6	0		3117.710005000
17		41	3117.803742000
6	1418		3117.813813000
17		41	3117.895931000
6	1418		3117.963476000
6	0		3117.989263000
17		41	3118.082686000
6	1418		3118.113111000
6	1418		3118.262740000
17		41	3118.268041000
6	0		3118.361217000
6	1418		3118.412390000
17		41	3118.454216000
6	1418		3118.524619000
6	0		3118.547259000
6	0		3118.556088000
6	1418		3118.636867000
17		46	3118.639902000
17		33	3118.663944000
6	0		3118.733232000
6	1418		3118.749101000
6	1418		3118.861330000
17		41	3118.919571000
6	1418		3118.973571000
6	0		3119.011792000
6	1418		3119.085875000
17		41	3119.104952000
6	1418		3119.198058000
17		41	3119.291365000
6	1418		3119.310296000
17		41	3119.383845000
6	1418		3119.422541000
6	0		3119.477848000
6	1418		3119.534773000
17		41	3119.570538000
6	1418		3119.647006000
17		41	3119.663498000
17		41	3119.756420000
6	1418		3119.759240000
6	0		3119.849680000
6	1418		3119.871460000
17		41	3119.942472000
6	1418		3119.983729000
17		825	3120.035205000
17		39	3120.036015000
17		1358	3120.038905000
6	1418		3120.096002000
17		41	3120.127856000
17		1358	3120.143753000
6	1418		3120.208200000
6	0		3120.221447000
17		1358	3120.248535000
17		41	3120.314391000
6	1418		3120.320401000
17		1358	3120.351342000
17		41	3120.407671000
6	1418		3120.432644000
17		1358	3120.456138000
17		41	3120.531513000
6	1418		3120.544886000
17		1358	3120.559070000
6	0		3120.592963000
17		41	3120.593014000
6	1418		3120.657123000
17		1358	3120.663434000
6	0		3120.716835000
17		1358	3120.767111000
6	1418		3120.769343000
6	0		3120.840813000
17		1358	3120.871478000
6	1418		3120.881598000
6	0		3120.965018000
17		1358	3120.975111000
6	1418		3120.993832000
17		1358	3121.079314000
6	0		3121.089312000
6	1418		3121.106126000
17		1358	3121.183360000
6	0		3121.213637000
17		1358	3121.287303000
6	0		3121.337003000
17		1358	3121.391473000
6	0		3121.460851000
17		1358	3121.494934000
6	0		3121.585383000
17		1358	3121.598382000
17		1358	3121.703416000
6	0		3121.709793000
17		1358	3121.806217000
6	0		3121.833706000
17		41	3121.833734000
17		47	3121.894871000
17		1358	3121.911407000
17		1358	3122.014270000
17		41	3122.019226000
6	0		3122.019252000
17		1358	3122.118564000
17		41	3122.143532000
6	0		3122.205363000
6	1418		3122.206602000
17		1358	3122.221895000
17		41	3122.266875000
17		1358	3122.326964000
6	0		3122.391826000
17		41	3122.391857000
6	1418		3122.393099000
17		1358	3122.429864000
6	1418		3122.449180000
17		41	3122.453245000
17		1358	3122.534928000
17		41	3122.577656000
17		1358	3122.638213000
17		41	3122.639032000
6	0		3122.701564000
6	1418		3122.702804000
17		1358	3122.742626000
6	1418		3122.758914000
17		41	3122.763432000
17		1358	3122.845984000
17		41	3122.887218000
6	0		3122.949387000
17		1358	3122.949736000
6	1418		3122.950681000
6	1418		3123.006797000
17		41	3123.011233000
17		1358	3123.054185000
17		41	3123.135233000
17		1358	3123.158161000
17		41	3123.197474000
17		41	3123.259229000
17		1358	3123.260934000
6	0		3123.321641000
17		41	3123.321677000
6	1418		3123.322923000
17		1358	3123.366157000
17		41	3123.383145000
17		41	3123.445377000
17		1358	3123.469327000
17		41	3123.507588000
17		41	3123.568996000
17		1358	3123.573972000
17		41	3123.630805000
17		1358	3123.656783000
17		1358	3123.739573000
17		46	3123.755245000
17		33	3123.780104000
17		41	3123.816909000
17		1358	3123.822898000
6	0		3123.879555000
6	1418		3123.880952000
17		1358	3123.906851000
6	1418		3123.936995000
17		41	3123.941025000
17		1358	3123.989658000
6	1418		3124.049223000
17		41	3124.065279000
17		1358	3124.072336000
17		41	3124.127395000
17		1358	3124.155048000
6	1418		3124.161437000
6	0		3124.189287000
17		1358	3124.238118000
17		41	3124.251487000
6	1418		3124.273745000
17		41	3124.312891000
17		1358	3124.321504000
17		41	3124.374816000
6	1418		3124.385919000
17		1358	3124.403861000
6	0		3124.436938000
17		1358	3124.487643000
6	1418		3124.498159000
17		41	3124.560818000
17		1358	3124.570955000
6	1418		3124.610389000
17		41	3124.623509000
17		1358	3124.654489000
6	0		3124.685583000
17		41	3124.685617000
6	1418		3124.722644000
17		1358	3124.737194000
17		41	3124.809191000
6	733		3124.809229000
6	39		3124.809237000
6	0		3124.810337000
6	39		3124.810580000
6	67		3124.811907000
6	31		3124.812504000
6	39		3124.813090000
17		1358	3124.819700000
6	1418		3124.834862000
6	630		3124.871514000
6	143		3124.871542000
17		41	3124.871551000
6	0		3124.872625000
6	69		3124.874287000
6	31		3124.874919000
17		1358	3124.903453000
17		41	3124.933078000
6	1418		3124.947107000
17		1358	3124.985670000
17		41	3124.995692000
17		41	3125.057216000
6	1418		3125.059341000
17		41	3125.119213000
17		1358	3125.125104000
6	1418		3125.171625000
6	0		3125.181708000
17		41	3125.181735000
17		1358	3125.258330000
6	1418		3125.283850000
17		41	3125.304985000
6	0		3125.367287000
17		1358	3125.389310000
6	1418		3125.396052000
17		41	3125.429182000
17		46	3125.491181000
6	1418		3125.508360000
17		33	3125.514803000
17		1358	3125.518514000
17		1358	3125.614085000
17		41	3125.615388000
6	1418		3125.620526000
6	0		3125.677544000
17		1358	3125.709537000
6	1418		3125.732754000
17		41	3125.739549000
17		1358	3125.803136000
6	1418		3125.844999000
17		41	3125.863259000
17		1358	3125.895125000
17		41	3125.925262000
6	1418		3125.957223000
17		1358	3125.987699000
6	0		3125.987739000
17		41	3126.049649000
6	1418		3126.069472000
17		1358	3126.078820000
17		1358	3126.167977000
17		41	3126.173132000
6	1418		3126.181700000
6	0		3126.235169000
17		1358	3126.257397000
6	1418		3126.294033000
6	0		3126.297010000
6	39		3126.297034000
17		41	3126.297058000
6	0		3126.302914000
17		1358	3126.346681000
17		41	3126.359328000
6	1418		3126.406194000
6	0		3126.421511000
17		1358	3126.434846000
17		41	3126.483141000
6	1418		3126.518421000
17		1358	3126.525255000
6	0		3126.545292000
17		41	3126.607019000
17		1358	3126.614539000
6	1418		3126.630645000
17		1358	3126.703904000
17		41	3126.730845000
6	1418		3126.742902000
17		1358	3126.791899000
6	0		3126.793517000
6	1418		3126.855138000
17		41	3126.855569000
17		1358	3126.881197000
17		41	3126.917232000
6	1418		3126.967467000
17		1358	3126.970859000
6	0		3126.979618000
17		1358	3127.060689000
6	1418		3127.079642000
17		41	3127.103428000
17		1358	3127.149003000
17		41	3127.165217000
6	0		3127.165252000
6	1418		3127.191856000
17		1358	3127.238594000
17		41	3127.288980000
6	1418		3127.304099000
17		1358	3127.327943000
6	0		3127.351161000
17		41	3127.413169000
6	1418		3127.416325000
17		1358	3127.417153000
17		1358	3127.506207000
6	1418		3127.528581000
17		41	3127.536894000
17		1358	3127.596044000
6	0		3127.599055000
6	1418		3127.640797000
17		41	3127.661147000
17		1358	3127.684758000
6	1418		3127.753028000
17		1358	3127.773499000
17		46	3127.784884000
17		33	3127.809363000
17		41	3127.846927000
17		1358	3127.863060000
6	1418		3127.865254000
6	0		3127.909118000
17		1358	3127.952166000
17		41	3127.971440000
6	1418		3127.977490000
17		1358	3128.042167000
6	1418		3128.089752000
6	0		3128.095070000
17		41	3128.095097000
17		1358	3128.130842000
17		41	3128.156843000
6	1418		3128.202067000
17		1358	3128.220280000
17		41	3128.281248000
17		1358	3128.309209000
6	1418		3128.314200000
17		41	3128.343409000
17		1358	3128.398381000
6	0		3128.405620000
6	1418		3128.426443000
17		41	3128.467500000
17		1358	3128.487606000
6	0		3128.522432000
6	1418		3128.538701000
17		1358	3128.576835000
17		41	3128.591155000
6	1418		3128.650921000
6	0		3128.653301000
17		1358	3128.666835000
17		41	3128.715127000
17		1358	3128.754937000
6	1418		3128.763146000
17		41	3128.839606000
17		1358	3128.844733000
6	1418		3128.875394000
17		41	3128.901482000
17		1358	3128.934709000
6	0		3128.962887000
6	1418		3128.987627000
17		1358	3129.022824000
17		41	3129.024825000
6	1418		3129.099866000
17		1358	3129.112221000
17		41	3129.149029000
17		1358	3129.201711000
6	0		3129.211573000
17		41	3129.211602000
6	1418		3129.212083000
17		1358	3129.290761000
6	1418		3129.324335000
17		41	3129.335575000
17		1358	3129.379780000
17		41	3129.397195000
6	1418		3129.436643000
6	0		3129.459366000
17		1358	3129.469027000
17		41	3129.521670000
6	1418		3129.548812000
17		1358	3129.558300000
17		41	3129.645422000
17		1358	3129.647076000
6	1418		3129.661051000
6	0		3129.706851000
17		1358	3129.736287000
17		41	3129.769274000
6	1418		3129.773271000
17		1358	3129.826625000
17		46	3129.831750000
17		33	3129.856370000
6	1418		3129.885640000
17		1358	3129.915536000
17		41	3129.954916000
6	1418		3129.997772000
17		1358	3130.004287000
6	0		3130.016958000
17		41	3130.078792000
17		1358	3130.093520000
6	1418		3130.109988000
17		1358	3130.182884000
17		41	3130.203150000
6	1418		3130.222233000
6	0		3130.265275000
17		41	3130.265302000
17		1358	3130.273054000
17		41	3130.327858000
6	1418		3130.334468000
17		1358	3130.361011000
6	1418		3130.446699000
17		1358	3130.450687000
17		41	3130.450889000
6	0		3130.513578000
17		1358	3130.539918000
17		41	3130.575310000
6	0		3130.575341000
17		1358	3130.629454000
17		41	3130.698866000
17		1358	3130.718267000
6	0		3130.761166000
17		1358	3130.807434000
17		41	3130.823477000
17		41	3130.885846000
17		1358	3130.897188000
17		1358	3130.985640000
17		41	3131.009129000
6	0		3131.071290000
17		1358	3131.075058000
17		41	3131.133076000
17		1358	3131.165002000
17		1358	3131.253620000
17		41	3131.256979000
6	0		3131.319162000
17		347	3131.342357000
17		41	3131.381143000
17		41	3131.504937000
6	0		3131.567143000
17		41	3131.629003000
17		41	3131.753367000
6	0		3131.815687000
17		41	3131.877510000
17		41	3131.939699000
17		46	3132.063032000
17		33	3132.087848000
6	0		3132.125357000
17		41	3132.187255000
17		41	3132.311652000
6	0		3132.372831000
6	1418		3132.374383000
6	1418		3132.430487000
17		41	3132.434783000
17		41	3132.497639000
17		41	3132.559086000
6	0		3132.621264000
6	1418		3132.622564000
6	1418		3132.678725000
17		41	3132.683427000
17		41	3132.807144000
6	0		3132.869781000
6	127		3132.869810000
6	1101		3132.869815000
6	1418		3132.871041000
6	0		3132.871069000
6	68		3132.877309000
6	93		3132.877935000
6	39		3132.879698000
6	1418		3132.927164000
17		41	3132.931398000
17		41	3132.993548000
17		41	3133.055516000
17		41	3133.117573000
17		41	3133.179697000
17		41	3133.240895000
17		41	3133.303407000
17		908	3133.303435000
17		33	3133.304250000
17		1358	3133.305971000
17		41	3133.365239000
17		1358	3133.395466000
17		41	3133.427152000
17		1358	3133.484898000
17		41	3133.489745000
17		1358	3133.575267000
6	0		3133.613501000
6	1418		3133.614743000
17		1358	3133.646003000
6	1418		3133.670881000
17		1358	3133.717586000
6	0		3133.737123000
6	1418		3133.783099000
17		1358	3133.788650000
6	0		3133.798944000
6	39		3133.798977000
6	0		3133.804919000
17		1358	3133.859886000
6	0		3133.861109000
6	1418		3133.895341000
17		47	3133.923489000
17		1358	3133.930443000
17		41	3133.985544000
17		1358	3134.002262000
6	1418		3134.007562000
17		41	3134.047728000
17		1358	3134.074273000
17		41	3134.108977000
6	1418		3134.119805000
17		1358	3134.144984000
17		41	3134.171006000
6	1418		3134.232030000
6	0		3134.233542000
17		1358	3134.264359000
17		41	3134.295489000
6	1418		3134.344272000
17		1358	3134.382975000
17		41	3134.419733000
6	1418		3134.456561000
6	0		3134.481358000
17		41	3134.481388000
17		1358	3134.502572000
6	1418		3134.568765000
17		41	3134.605392000
17		1358	3134.620780000
17		41	3134.666922000
6	1418		3134.680988000
17		1358	3134.706052000
6	0		3134.729181000
17		1358	3134.790884000
17		41	3134.791191000
6	1418		3134.793258000
17		1358	3134.876972000
6	1418		3134.905467000
17		41	3134.915407000
17		1358	3134.961474000
6	0		3134.977008000
6	1418		3135.017717000
17		41	3135.039057000
17		1358	3135.046193000
6	1418		3135.129936000
17		1358	3135.132707000
17		41	3135.163090000
17		1358	3135.217156000
6	0		3135.225270000
6	1418		3135.242234000
17		41	3135.287238000
17		1358	3135.302472000
17		41	3135.348824000
6	1418		3135.354405000
17		1358	3135.387797000
6	0		3135.410956000
6	1418		3135.466654000
17		1358	3135.472720000
17		41	3135.473102000
17		41	3135.534874000
17		1358	3135.558806000
6	1418		3135.578880000
17		1358	3135.643262000
17		41	3135.659089000
6	1418		3135.691131000
6	0		3135.721770000
17		1358	3135.727627000
17		41	3135.783188000
6	1418		3135.807201000
17		1358	3135.813343000
17		1358	3135.898003000
17		46	3135.907343000
6	1418		3135.923284000
17		33	3135.930810000
6	0		3135.969644000
17		1358	3135.983778000
17		41	3136.031156000
6	1418		3136.039349000
17		1358	3136.068957000
17		41	3136.092949000
17		1358	3136.154272000
6	1418		3136.155412000
17		41	3136.217397000
17		1358	3136.239166000
6	1418		3136.248418000
6	0		3136.278904000
17		1358	3136.324111000
6	1418		3136.341178000
17		41	3136.341522000
17		41	3136.403546000
17		1358	3136.410022000
6	1418		3136.434027000
17		41	3136.465460000
17		1358	3136.494546000
6	1418		3136.526879000
6	0		3136.527621000
17		1358	3136.579740000
17		41	3136.588971000
6	1418		3136.619751000
17		1358	3136.665900000
6	1418		3136.712598000
17		41	3136.712786000
17		1358	3136.750231000
6	0		3136.774970000
6	1418		3136.805458000
17		1291	3136.834894000
17		41	3136.837392000
17		41	3136.899028000
17		41	3137.023156000
6	0		3137.085939000
6	1418		3137.087202000
17		41	3137.147698000
6	1418		3137.164595000
17		41	3137.209267000
17		41	3137.333087000
6	0		3137.395372000
6	1418		3137.396722000
6	1418		3137.454755000
17		41	3137.457688000
17		41	3137.519480000
6	0		3137.581755000
6	1418		3137.583065000
17		41	3137.643678000
6	1418		3137.686917000
17		41	3137.767040000
6	0		3137.829498000
6	1418		3137.830740000
17		41	3137.891265000
6	1418		3137.919065000
17		46	3138.015297000
17		33	3138.039379000
6	0		3138.076919000
6	610		3138.076948000
6	0		3138.077996000
6	1418		3138.078189000
6	69		3138.079503000
6	31		3138.080137000
6	39		3138.080729000
17		905	3138.139473000
17		41	3138.139501000
17		39	3138.140228000
6	1418		3138.151211000
17		184	3138.164628000
17		1358	3138.174694000
17		1358	3138.243590000
6	0		3138.263077000
6	1418		3138.267290000
17		1358	3138.311729000
17		1358	3138.379931000
6	1418		3138.383372000
6	0		3138.387199000
17		1358	3138.448442000
6	1418		3138.499566000
6	0		3138.510892000
17		1358	3138.516842000
17		1358	3138.584705000
6	1418		3138.615552000
6	0		3138.635114000
17		1358	3138.652952000
6	0		3138.697379000
6	39		3138.697414000
17		41	3138.697430000
6	0		3138.703879000
17		1358	3138.720730000
6	1418		3138.731597000
6	0		3138.759224000
17		47	3138.759254000
17		33	3138.783309000
17		41	3138.820888000
17		1358	3138.834195000
6	1418		3138.847682000
17		41	3138.883433000
17		1358	3138.948500000
6	1418		3138.963762000
17		41	3139.006947000
17		1358	3139.061385000
6	0		3139.069068000
17		41	3139.069098000
6	1418		3139.079839000
17		1358	3139.174746000
17		41	3139.192968000
6	1418		3139.195962000
6	0		3139.255213000
17		1358	3139.288774000
6	1418		3139.311992000
17		41	3139.317223000
17		41	3139.379205000
17		1358	3139.401740000
6	1418		3139.430509000
17		41	3139.441069000
17		1358	3139.487090000
17		41	3139.503394000
6	0		3139.565543000
17		1358	3139.572807000
17		41	3139.627732000
17		1358	3139.657387000
17		1358	3139.742869000
17		41	3139.751168000
6	0		3139.813325000
17		1358	3139.827994000
17		41	3139.875583000
17		1358	3139.912829000
17		1358	3139.998804000
17		41	3139.999012000
6	0		3140.061158000
6	1418		3140.062446000
17		1358	3140.083909000
6	1418		3140.121707000
17		41	3140.123602000
17		1358	3140.167932000
17		41	3140.247272000
17		1358	3140.253867000
6	0		3140.309619000
6	1418		3140.310859000
17		1358	3140.338667000
6	1418		3140.370124000
17		41	3140.371527000
17		1358	3140.425285000
17		41	3140.433243000
17		41	3140.495668000
17		1358	3140.508985000
17		41	3140.557675000
17		1358	3140.594408000
17		46	3140.619726000
17		33	3140.643795000
17		1358	3140.679770000
17		41	3140.680891000
17		1358	3140.764452000
17		41	3140.805438000
17		853	3140.849796000
6	0		3140.866863000
6	1418		3140.868102000
6	1418		3140.927370000
17		41	3140.929022000
17		41	3140.991737000
6	1418		3141.045870000
17		41	3141.115343000
6	1418		3141.164444000
6	0		3141.177501000
17		41	3141.239735000
6	1418		3141.282902000
17		41	3141.300896000
17		41	3141.363152000
6	1418		3141.401413000
17		41	3141.425438000
17		912	3141.486927000
17		39	3141.487597000
17		1358	3141.488698000
17		1358	3141.488719000
17		1358	3141.488723000
17		1358	3141.488727000
17		1358	3141.488731000
17		1358	3141.488735000
17		1358	3141.488739000
17		1358	3141.488743000
17		1358	3141.488747000
17		1358	3141.488752000
6	1418		3141.519925000
17		1358	3141.574412000
6	0		3141.611459000
6	1418		3141.638434000
17		1358	3141.659284000
6	0		3141.734908000
17		1358	3141.744870000
6	1418		3141.756946000
17		1358	3141.829763000
6	0		3141.859130000
17		41	3141.859161000
6	1418		3141.875454000
17		47	3141.921476000
17		1358	3141.923204000
17		41	3141.983595000
6	1418		3141.993955000
17		1358	3142.000085000
17		41	3142.045367000
17		1358	3142.086169000
17		41	3142.107302000
6	1418		3142.112471000
17		41	3142.169299000
17		1358	3142.171033000
6	1418		3142.230990000
17		41	3142.231616000
17		1358	3142.257612000
17		41	3142.292970000
17		1358	3142.342355000
6	1418		3142.349510000
17		41	3142.355757000
17		41	3142.416864000
17		1358	3142.427234000
17		1358	3142.512937000
17		41	3142.541365000
17		1358	3142.597250000
6	0		3142.603552000
6	1418		3142.604886000
6	1418		3142.664060000
17		41	3142.665579000
17		1358	3142.683208000
17		41	3142.727198000
17		1358	3142.750680000
17		1358	3142.818711000
17		41	3142.850824000
17		1358	3142.886706000
6	0		3142.913359000
6	1418		3142.914626000
17		1358	3142.955542000
6	1418		3142.973882000
17		41	3142.974907000
17		1358	3143.023117000
17		1358	3143.084482000
17		41	3143.099391000
17		1358	3143.144020000
6	0		3143.160840000
6	1418		3143.162078000
6	1418		3143.221406000
17		41	3143.223153000
17		1358	3143.245346000
17		1358	3143.346163000
17		41	3143.347714000
17		41	3143.409295000
17		1358	3143.445966000
6	0		3143.471697000
6	1418		3143.472989000
6	1418		3143.532309000
17		41	3143.533048000
17		1358	3143.546902000
17		41	3143.595488000
17		1358	3143.623094000
17		46	3143.657063000
17		33	3143.681629000
17		511	3143.698391000
6	0		3143.780820000
6	1418		3143.782094000
6	1418		3143.841365000
17		41	3143.843642000
17		41	3143.905569000
17		41	3143.967694000
17		41	3144.028774000
17		41	3144.091238000
6	0		3144.153398000
6	1418		3144.154661000
6	1418		3144.213911000
17		41	3144.215449000
17		41	3144.277238000
17		905	3144.277264000
17		33	3144.278010000
17		33	3144.278224000
17		147	3144.278817000
17		1358	3144.287893000
17		41	3144.339186000
17		1358	3144.364393000
17		1358	3144.439182000
6	0		3144.462783000
6	1418		3144.464033000
6	1418		3144.511440000
17		1358	3144.514087000
17		41	3144.525353000
17		41	3144.587220000
17		1358	3144.588931000
6	1418		3144.606239000
17		41	3144.649401000
17		1358	3144.665924000
6	1418		3144.701071000
17		1358	3144.739809000
6	0		3144.773574000
6	1418		3144.795853000
17		1358	3144.815848000
17		41	3144.835030000
6	1418		3144.890672000
17		1358	3144.891211000
17		41	3144.896906000
17		1358	3144.965325000
6	0		3145.021738000
17		1358	3145.041133000
17		1358	3145.116269000
6	0		3145.144888000
17		47	3145.144920000
6	1418		3145.146252000
17		33	3145.168852000
17		1358	3145.191768000
17		41	3145.207141000
6	1418		3145.225260000
17		1358	3145.266794000
17		41	3145.268944000
17		41	3145.330877000
17		1358	3145.342095000
17		1358	3145.417716000
6	0		3145.455496000
6	1418		3145.456755000
17		1358	3145.493164000
17		41	3145.517211000
6	1418		3145.541351000
17		1358	3145.568130000
17		41	3145.579404000
17		1358	3145.642813000
17		41	3145.703134000
17		1358	3145.718951000
6	0		3145.765311000
6	1418		3145.766582000
17		1358	3145.794095000
6	1418		3145.825847000
17		41	3145.827369000
17		1358	3145.868786000
17		41	3145.889167000
17		1358	3145.944890000
6	0		3145.951326000
6	1418		3145.952580000
17		41	3146.013113000
17		1358	3146.021126000
6	1418		3146.062858000
17		41	3146.074819000
17		1358	3146.082260000
17		41	3146.137532000
17		1358	3146.143485000
17		41	3146.199528000
17		1358	3146.204574000
17		41	3146.323282000
6	0		3146.323314000
6	1418		3146.324548000
17		1358	3146.324924000
17		41	3146.447199000
17		1358	3146.448960000
17		41	3146.509229000
17		1358	3146.549894000
17		41	3146.571288000
6	0		3146.571317000
6	1418		3146.572538000
17		1358	3146.650979000
17		41	3146.695316000
17		1358	3146.752187000
6	0		3146.757475000
6	1418		3146.758737000
6	1418		3146.817986000
17		41	3146.819322000
17		1358	3146.852793000
17		41	3146.881249000
17		1358	3146.928252000
17		1358	3147.004495000
17		46	3147.005529000
17		33	3147.030436000
6	0		3147.066853000
17		1358	3147.079945000
17		41	3147.129674000
17		1358	3147.156342000
17		41	3147.191135000
17		1358	3147.231989000
17		41	3147.315282000
17		1358	3147.317013000
6	0		3147.377571000
17		41	3147.439413000
17		1358	3147.441112000
17		41	3147.501416000
17		1358	3147.517591000
17		41	3147.563441000
17		1358	3147.594299000
17		41	3147.687750000
17		1358	3147.689536000
17		41	3147.749635000
17		1358	3147.765474000
17		41	3147.811486000
17		1358	3147.842459000
6	0		3147.872856000
17		41	3147.872888000
6	1418		3147.874086000
17		1358	3147.918269000
6	1418		3147.933366000
17		41	3147.935517000
17		1358	3147.995331000
6	0		3148.059810000
6	1418		3148.061094000
17		41	3148.121021000
17		1358	3148.122697000
6	1418		3148.170369000
17		41	3148.183176000
17		1358	3148.199254000
17		41	3148.245423000
17		622	3148.275536000
17		41	3148.307316000
17		41	3148.369710000
17		41	3148.430979000
17		41	3148.492918000
17		41	3148.554992000
17		46	3148.617891000
17		33	3148.642211000
17		41	3148.678956000
17		41	3148.741332000
17		41	3148.803568000
17		41	3148.926965000
6	0		3148.989261000
6	1418		3148.990525000
6	1418		3149.049797000
17		41	3149.051334000
6	1418		3149.168312000
17		41	3149.175216000
6	0		3149.237670000
6	1418		3149.286808000
17		832	3149.299023000
17		39	3149.299710000
17		148	3149.300377000
17		1353	3149.300389000
17		1358	3149.300405000
17		1358	3149.300433000
17		1358	3149.300443000
17		1358	3149.300446000
17		1358	3149.300451000
17		1358	3149.300455000
17		1358	3149.300458000
17		1358	3149.300462000
17		1358	3149.376755000
6	1418		3149.405337000
6	0		3149.422833000
17		1358	3149.451322000
6	1418		3149.523843000
17		1358	3149.526954000
6	0		3149.547040000
17		47	3149.547081000
17		33	3149.570569000
17		41	3149.609156000
6	1418		3149.642375000
17		41	3149.671019000
17		1358	3149.672421000
17		41	3149.733578000
17		1358	3149.735290000
6	1418		3149.760849000
17		41	3149.795537000
17		1358	3149.797324000
17		41	3149.856869000
6	1418		3149.879369000
17		1358	3149.898432000
17		41	3149.919364000
17		41	3149.981569000
17		1358	3149.999336000
17		41	3150.042826000
17		1358	3150.100933000
17		41	3150.105582000
17		41	3150.167581000
17		1358	3150.175626000
17		1358	3150.251340000
17		41	3150.291034000
17		1358	3150.325584000
6	0		3150.352791000
17		41	3150.352826000
6	1418		3150.354062000
6	1418		3150.401536000
17		1358	3150.401889000
17		1358	3150.476614000
17		41	3150.476968000
6	1418		3150.496291000
17		41	3150.539355000
6	0		3150.539387000
17		1358	3150.552141000
6	1418		3150.591110000
17		1358	3150.625781000
17		41	3150.663119000
6	1418		3150.685916000
17		1358	3150.699641000
6	0		3150.725307000
17		41	3150.786847000
17		1358	3150.788504000
17		41	3150.848878000
17		1358	3150.862864000
17		41	3150.911042000
17		1358	3150.936974000
17		41	3150.973057000
17		1358	3151.011345000
17		46	3151.035067000
17		33	3151.059535000
17		1358	3151.085372000
17		41	3151.097449000
17		1358	3151.159052000
6	0		3151.221361000
6	1418		3151.222663000
6	1418		3151.281922000
17		41	3151.283396000
17		1358	3151.285092000
17		1358	3151.359747000
17		41	3151.407069000
17		1358	3151.432420000
6	0		3151.469259000
6	1418		3151.470535000
6	1418		3151.529788000
17		41	3151.531155000
17		1358	3151.532805000
17		41	3151.655245000
17		1358	3151.656966000
17		41	3151.717164000
17		1358	3151.718316000
17		41	3151.779265000
6	0		3151.779308000
6	1418		3151.780559000
17		1358	3151.780936000
17		41	3151.841372000
17		1358	3151.879326000
17		41	3151.903559000
17		41	3151.965539000
17		1358	3151.977087000
17		41	3152.026876000
17		1358	3152.075560000
17		1358	3152.148789000
6	0		3152.151053000
6	1418		3152.152302000
17		41	3152.212935000
6	1418		3152.214144000
17		1358	3152.221329000
17		41	3152.275477000
17		1358	3152.295062000
17		1358	3152.369173000
6	0		3152.399391000
6	1418		3152.400635000
17		41	3152.461564000
6	1418		3152.462480000
17		1358	3152.463251000
17		41	3152.523223000
17		1358	3152.538001000
17		41	3152.585370000
17		1358	3152.612008000
17		41	3152.709123000
17		627	3152.710838000
17		41	3152.771476000
17		41	3152.833458000
6	0		3152.833488000
6	1418		3152.834795000
17		46	3152.895074000
17		33	3152.919035000
17		41	3152.957007000
6	0		3153.081536000
6	1418		3153.082781000
17		41	3153.143536000
17		41	3153.205123000
6	0		3153.329644000
6	1418		3153.330907000
17		41	3153.391722000
6	1418		3153.397660000
17		41	3153.453083000
17		41	3153.514967000
17		832	3153.577591000
17		39	3153.578277000
17		148	3153.579006000
17		1353	3153.579024000
17		1358	3153.579039000
17		1358	3153.579045000
17		1358	3153.579049000
17		1358	3153.579066000
17		1358	3153.579071000
17		1358	3153.579075000
17		1358	3153.579079000
17		1358	3153.653187000
6	0		3153.700830000
6	1418		3153.702125000
17		1358	3153.726330000
6	1418		3153.768835000
17		1358	3153.800099000
6	0		3153.825396000
17		47	3153.825422000
17		33	3153.850337000
17		41	3153.887631000
17		1358	3153.889666000
6	1418		3153.902289000
17		41	3153.949802000
17		1358	3153.951554000
17		41	3154.011522000
17		1358	3154.011584000
6	1418		3154.035725000
17		1358	3154.069935000
17		41	3154.073597000
17		1358	3154.129333000
17		41	3154.135099000
17		41	3154.197493000
17		1358	3154.228015000
17		41	3154.258785000
17		41	3154.321552000
17		1358	3154.326439000
17		1358	3154.400582000
17		41	3154.444841000
17		1358	3154.472410000
6	0		3154.507036000
6	1418		3154.508284000
17		1358	3154.546095000
6	1418		3154.561720000
17		41	3154.569537000
17		1358	3154.620052000
17		41	3154.631443000
6	1418		3154.668418000
17		1358	3154.694866000
17		41	3154.755536000
17		1358	3154.764070000
6	1418		3154.775162000
17		41	3154.817174000
17		1358	3154.830877000
6	0		3154.879020000
17		41	3154.879049000
17		1358	3154.899059000
17		41	3154.940917000
17		1358	3154.966422000
17		41	3155.003117000
17		1358	3155.034093000
17		41	3155.065482000
17		1358	3155.101993000
17		41	3155.127270000
17		1358	3155.169456000
17		41	3155.189287000
17		1358	3155.236662000
17		1358	3155.304195000
17		46	3155.313030000
17		33	3155.338013000
17		1358	3155.372274000
6	0		3155.375721000
6	1418		3155.376958000
17		41	3155.437410000
17		1358	3155.438892000
6	1418		3155.443730000
17		41	3155.561071000
17		1358	3155.562585000
17		41	3155.623075000
17		1358	3155.631217000
6	0		3155.685035000
6	1418		3155.686326000
17		41	3155.747566000
17		1358	3155.749302000
6	1418		3155.753032000
17		41	3155.809837000
17		1358	3155.818197000
17		41	3155.871220000
17		1358	3155.872385000
17		1358	3155.925958000
17		41	3155.933702000
17		1358	3155.980378000
17		41	3155.995134000
17		1358	3156.035627000
17		41	3156.057542000
17		1358	3156.090766000
17		41	3156.118974000
17		41	3156.181320000
17		1358	3156.181814000
17		1358	3156.272277000
17		41	3156.304895000
17		1358	3156.363129000
6	0		3156.367701000
6	1418		3156.369025000
17		41	3156.429640000
17		1358	3156.431491000
6	1418		3156.435727000
17		41	3156.491212000
17		1358	3156.499876000
17		41	3156.615347000
17		1358	3156.617136000
6	0		3156.676855000
17		41	3156.676884000
6	1418		3156.678196000
17		627	3156.685308000
17		41	3156.739243000
6	1418		3156.744898000
17		41	3156.801539000
17		41	3156.863026000
17		46	3156.925432000
17		33	3156.948929000
17		41	3156.987212000
17		41	3157.048964000
17		41	3157.111217000
17		41	3157.173560000
17		41	3157.296892000
6	0		3157.359047000
6	1418		3157.360305000
6	1418		3157.413698000
17		41	3157.420926000
17		41	3157.482903000
6	1418		3157.520414000
17		912	3157.545412000
17		39	3157.546144000
17		151	3157.546826000
17		1353	3157.546832000
17		1358	3157.546837000
17		1358	3157.546910000
17		1358	3157.546916000
17		1358	3157.546920000
17		1358	3157.546924000
17		1358	3157.546928000
17		1358	3157.546932000
17		1358	3157.546936000
6	0		3157.607731000
17		1358	3157.615615000
6	1418		3157.627166000
17		1358	3157.682982000
6	0		3157.731496000
6	1418		3157.733937000
17		1358	3157.751194000
17		47	3157.793723000
17		33	3157.818346000
6	1418		3157.840697000
17		41	3157.855420000
17		1358	3157.857472000
6	0		3157.916858000
17		41	3157.916888000
6	1418		3157.947468000
17		41	3157.979791000
17		1358	3157.980630000
17		41	3158.041142000
17		1358	3158.048775000
17		41	3158.103022000
17		1358	3158.104707000
17		41	3158.164962000
17		1358	3158.166983000
17		1358	3158.222563000
17		41	3158.227111000
17		1358	3158.276944000
17		41	3158.289676000
17		1358	3158.332100000
17		41	3158.351204000
17		1358	3158.422358000
17		41	3158.475383000
17		1358	3158.513522000
6	0		3158.537764000
6	1418		3158.539035000
17		41	3158.598795000
17		1358	3158.604452000
6	1418		3158.632114000
17		41	3158.723349000
17		1358	3158.724451000
6	0		3158.785641000
6	1418		3158.818384000
17		41	3158.847677000
17		1358	3158.849367000
17		41	3158.908940000
17		1358	3158.917827000
17		41	3158.971581000
17		1358	3158.986420000
6	1418		3159.004599000
17		41	3159.033038000
17		1358	3159.054388000
17		41	3159.094813000
17		1358	3159.122399000
17		41	3159.157558000
17		1358	3159.191056000
17		41	3159.219475000
17		1358	3159.259306000
17		46	3159.281363000
17		33	3159.305972000
17		1358	3159.325697000
17		1358	3159.394156000
17		41	3159.404901000
17		1358	3159.461285000
6	0		3159.467509000
6	1418		3159.469018000
17		41	3159.529425000
17		1358	3159.531155000
6	1418		3159.562132000
17		41	3159.653358000
17		1358	3159.655039000
17		41	3159.715313000
17		1358	3159.724460000
17		41	3159.777154000
17		655	3159.792673000
6	0		3159.838823000
6	1418		3159.840072000
17		41	3159.901871000
6	1418		3159.934594000
17		41	3159.963237000
17		41	3160.024804000
17		41	3160.086897000
17		41	3160.148874000
17		41	3160.211029000
17		41	3160.335199000
6	0		3160.397695000
6	1418		3160.398944000
17		41	3160.459568000
6	1418		3160.492058000
17		912	3160.521114000
17		39	3160.521868000
17		147	3160.522701000
17		1353	3160.522717000
17		1358	3160.522721000
17		1358	3160.522725000
17		1358	3160.522729000
17		1358	3160.522733000
17		1358	3160.522737000
17		1358	3160.522742000
17		1358	3160.522746000
17		1358	3160.577441000
17		1358	3160.632085000
6	0		3160.644888000
6	1418		3160.678298000
17		1358	3160.685502000
6	0		3160.769207000
17		47	3160.769240000
17		33	3160.793444000
17		41	3160.831618000
17		1358	3160.833288000
6	1418		3160.864545000
17		41	3160.893677000
17		1358	3160.924005000
17		41	3160.955235000
17		1358	3161.014533000
17		41	3161.017677000
6	1418		3161.050764000
17		41	3161.079677000
17		1358	3161.105234000
17		41	3161.140919000
17		1358	3161.173115000
17		41	3161.203699000
6	1418		3161.237061000
17		1358	3161.241234000
17		41	3161.265355000
17		1358	3161.309887000
17		41	3161.327437000
17		1358	3161.376470000
17		41	3161.389195000
17		1358	3161.444560000
17		1358	3161.512171000
17		41	3161.512901000
6	0		3161.575730000
6	1418		3161.577005000
17		1358	3161.579817000
17		41	3161.637769000
17		1358	3161.643403000
6	1418		3161.651478000
17		41	3161.699491000
17		1358	3161.704538000
17		1358	3161.766233000
6	1418		3161.800562000
17		41	3161.822821000
17		1358	3161.828429000
17		41	3161.885798000
17		1358	3161.889724000
6	0		3161.947021000
6	1418		3161.949486000
17		1358	3161.952270000
17		41	3162.009405000
17		1358	3162.014347000
17		41	3162.071545000
17		1358	3162.077382000
17		41	3162.133486000
17		1358	3162.140390000
17		41	3162.194957000
17		1358	3162.203854000
17		46	3162.257624000
17		1358	3162.266435000
17		41	3162.381653000
17		1358	3162.383307000
17		41	3162.443139000
6	0		3162.505657000
17		41	3162.505692000
6	1418		3162.506903000
17		1358	3162.507310000
17		41	3162.567650000
17		1358	3162.569348000
6	1418		3162.600032000
17		41	3162.691567000
17		1358	3162.693846000
17		41	3162.753231000
17		1358	3162.754653000
6	0		3162.815402000
6	1418		3162.816819000
17		41	3162.876790000
17		1358	3162.878481000
17		41	3162.939001000
17		1358	3162.940308000
6	1418		3162.972520000
17		41	3163.000874000
17		1358	3163.023747000
17		41	3163.062839000
17		1358	3163.107206000
17		41	3163.125775000
17		41	3163.187551000
17		1358	3163.189315000
17		41	3163.249510000
17		1358	3163.251226000
17		41	3163.311792000
17		1358	3163.313492000
17		41	3163.373354000
17		1358	3163.375029000
6	0		3163.434850000
6	1418		3163.436113000
17		1358	3163.438107000
17		41	3163.497162000
17		1358	3163.498843000
6	1418		3163.534667000
17		41	3163.559117000
17		1358	3163.560858000
17		41	3163.683047000
17		634	3163.684713000
17		41	3163.744970000
6	0		3163.807104000
6	1418		3163.808369000
17		46	3163.869155000
17		33	3163.893333000
6	1418		3163.928806000
17		41	3163.931733000
17		41	3163.993003000
17		41	3164.055200000
17		41	3164.117398000
17		41	3164.178886000
17		41	3164.241538000
17		41	3164.302898000
6	0		3164.365066000
6	1418		3164.366317000
17		41	3164.426997000
6	1418		3164.464851000
17		832	3164.489451000
17		39	3164.490135000
17		1358	3164.491966000
17		1358	3164.491991000
17		1358	3164.491996000
17		1358	3164.492001000
17		1358	3164.554408000
6	0		3164.613388000
6	1418		3164.661921000
6	0		3164.737301000
17		41	3164.737330000
17		1358	3164.738711000
17		47	3164.799539000
6	670		3164.799568000
6	39		3164.799576000
17		1358	3164.801257000
6	0		3164.801321000
6	0		3164.801331000
6	39		3164.801531000
6	67		3164.802970000
6	31		3164.803586000
6	39		3164.804194000
6	1418		3164.858996000
17		41	3164.861172000
17		1358	3164.862825000
17		41	3164.923371000
17		1358	3164.925094000
17		41	3164.984959000
17		1358	3164.986615000
17		1358	3165.050299000
6	1418		3165.056085000
17		41	3165.110010000
17		1358	3165.111641000
17		1358	3165.160306000
6	0		3165.171265000
6	39		3165.171288000
17		41	3165.171295000
6	0		3165.171304000
6	0		3165.178215000
17		1358	3165.210396000
17		1358	3165.259822000
6	1418		3165.262754000
17		41	3165.295405000
17		1358	3165.309796000
17		41	3165.356897000
17		1358	3165.358545000
17		1358	3165.409155000
17		41	3165.418907000
17		1358	3165.458193000
6	1418		3165.469443000
17		41	3165.481392000
17		1358	3165.540808000
6	0		3165.542854000
17		41	3165.605200000
17		1358	3165.623416000
6	1418		3165.634794000
17		41	3165.667125000
17		1358	3165.705710000
17		41	3165.728932000
17		1358	3165.767152000
17		41	3165.790847000
6	1418		3165.800155000
17		1358	3165.829762000
17		1358	3165.891435000
17		41	3165.914903000
17		1358	3165.954467000
6	1418		3165.965496000
17		41	3165.977587000
17		1358	3166.015483000
17		41	3166.039741000
17		1358	3166.077607000
6	0		3166.100941000
6	1418		3166.130830000
17		1358	3166.139739000
17		41	3166.162860000
17		1358	3166.200912000
17		41	3166.224949000
17		1358	3166.263857000
17		1358	3166.325290000
17		41	3166.349199000
17		1358	3166.387401000
17		46	3166.411285000
17		33	3166.435881000
17		1046	3166.450481000
6	0		3166.472812000
6	1418		3166.474123000
17		41	3166.535649000
6	1418		3166.577453000
17		41	3166.597269000
17		41	3166.658854000
17		41	3166.783146000
17		41	3166.845473000
6	0		3166.907589000
6	1418		3166.908931000
17		41	3166.968832000
6	1418		3167.012319000
17		41	3167.031186000
17		41	3167.093442000
17		41	3167.154824000
17		832	3167.217147000
17		39	3167.217877000
17		148	3167.218571000
17		1353	3167.218587000
17		1358	3167.218604000
17		1358	3167.218609000
17		1358	3167.218613000
17		1358	3167.218617000
17		1358	3167.218621000
17		1358	3167.218625000
17		1358	3167.218629000
17		1358	3167.281303000
6	0		3167.340931000
6	1418		3167.342223000
17		1358	3167.343587000
6	1418		3167.445552000
6	0		3167.465286000
17		47	3167.465314000
17		33	3167.489398000
17		41	3167.526821000
17		1358	3167.528575000
17		41	3167.589418000
17		1358	3167.591072000
17		41	3167.651652000
6	1418		3167.652202000
17		1358	3167.653599000
17		41	3167.713569000
17		1358	3167.715283000
17		41	3167.775536000
17		1358	3167.798845000
17		41	3167.837545000
6	1418		3167.858905000
17		1358	3167.882768000
17		41	3167.898922000
17		41	3167.961329000
17		1358	3167.966459000
17		1358	3168.028644000
17		41	3168.084988000
17		1358	3168.090738000
6	0		3168.147252000
6	1418		3168.148546000
17		1358	3168.151392000
17		41	3168.208874000
17		1358	3168.214354000
17		41	3168.271390000
6	1418		3168.272243000
17		1358	3168.277821000
17		41	3168.395073000
17		1358	3168.396739000
17		41	3168.457621000
17		1358	3168.459281000
17		41	3168.518853000
17		1358	3168.520537000
6	0		3168.581627000
6	1418		3168.582880000
17		41	3168.643646000
17		1358	3168.645312000
6	1418		3168.686256000
17		41	3168.704957000
17		1358	3168.706633000
17		41	3168.767496000
17		1358	3168.769184000
17		1358	3168.831981000
17		41	3168.891249000
17		1358	3168.892534000
17		41	3168.953258000
17		1358	3168.954934000
6	0		3169.015055000
6	1418		3169.016315000
17		46	3169.077311000
17		1358	3169.079622000
6	1418		3169.119751000
17		41	3169.139409000
17		1358	3169.148783000
17		41	3169.200973000
17		1358	3169.217624000
17		41	3169.263028000
17		1358	3169.286516000
17		41	3169.386951000
17		1358	3169.388746000
6	0		3169.449179000
6	1418		3169.450420000
17		41	3169.511035000
17		1358	3169.512703000
6	1418		3169.533100000
17		41	3169.573577000
17		1358	3169.575240000
17		41	3169.635274000
17		1358	3169.637002000
17		1358	3169.692347000
17		41	3169.697496000
6	1418		3169.698422000
17		1358	3169.747878000
17		41	3169.821574000
17		1358	3169.823274000
6	1418		3169.863779000
6	0		3169.883723000
17		41	3169.945135000
17		1358	3169.947253000
17		41	3170.007060000
17		1358	3170.039473000
17		41	3170.069422000
17		41	3170.131514000
17		1358	3170.131554000
17		1358	3170.200443000
17		41	3170.254894000
17		1358	3170.269368000
6	0		3170.316879000
6	1418		3170.318190000
17		41	3170.379482000
17		1358	3170.380966000
6	1418		3170.421542000
17		41	3170.441278000
17		1358	3170.450568000
17		41	3170.503724000
17		634	3170.520725000
17		41	3170.564950000
17		41	3170.626994000
6	0		3170.689251000
6	1418		3170.690534000
17		46	3170.751060000
17		33	3170.775606000
17		41	3170.813546000
6	1418		3170.834870000
17		41	3170.875584000
17		41	3170.937134000
17		41	3170.999112000
17		41	3171.122984000
6	0		3171.185654000
6	1418		3171.186890000
17		912	3171.247747000
17		39	3171.248455000
17		151	3171.249975000
17		1353	3171.249987000
17		1358	3171.249992000
17		1358	3171.249996000
17		1358	3171.250000000
17		1358	3171.250015000
17		1358	3171.250019000
17		1358	3171.250024000
6	1418		3171.290259000
17		1358	3171.318524000
6	0		3171.371671000
17		1358	3171.387067000
17		47	3171.433239000
17		33	3171.457288000
17		41	3171.495336000
6	1418		3171.496888000
17		41	3171.557285000
6	0		3171.557328000
17		1358	3171.559032000
17		41	3171.619104000
17		1358	3171.621267000
17		41	3171.681136000
17		1358	3171.682801000
6	1418		3171.703576000
17		41	3171.742883000
17		1358	3171.744602000
17		41	3171.805686000
17		1358	3171.807261000
17		41	3171.866802000
17		1358	3171.899214000
6	1418		3171.910273000
17		41	3171.990791000
17		1358	3171.992484000
17		41	3172.053606000
17		1358	3172.062268000
6	0		3172.114829000
6	1418		3172.116918000
17		41	3172.177336000
17		1358	3172.179732000
17		41	3172.239295000
17		1358	3172.248682000
17		1358	3172.317069000
6	1418		3172.323601000
17		41	3172.362837000
17		1358	3172.385356000
17		41	3172.425655000
17		1358	3172.454549000
17		41	3172.486875000
17		1358	3172.523800000
6	0		3172.549090000
6	1418		3172.550340000
17		41	3172.611049000
17		1358	3172.612608000
17		41	3172.673438000
17		1358	3172.681323000
6	1418		3172.736946000
17		41	3172.797469000
17		1358	3172.799517000
17		41	3172.859141000
17		1358	3172.868516000
17		41	3172.920836000
17		1358	3172.938388000
6	0		3172.982950000
6	1418		3172.984193000
17		46	3173.045507000
17		1358	3173.047913000
17		41	3173.107345000
6	1418		3173.109017000
17		1358	3173.116864000
17		1358	3173.184793000
17		41	3173.231456000
17		1358	3173.253513000
6	1418		3173.274317000
17		41	3173.293069000
17		1358	3173.309290000
6	0		3173.355700000
17		41	3173.417491000
17		1358	3173.418607000
6	1418		3173.439676000
17		41	3173.479327000
17		1358	3173.509734000
17		41	3173.540963000
17		1358	3173.601507000
17		41	3173.664996000
17		1358	3173.693965000
6	0		3173.727198000
6	1418		3173.728520000
17		41	3173.789009000
17		1358	3173.790747000
6	1418		3173.829342000
17		41	3173.851675000
17		1358	3173.859328000
17		41	3173.913506000
17		1358	3173.928539000
17		41	3173.975689000
17		1358	3173.997463000
17		41	3174.037885000
17		1264	3174.066891000
6	0		3174.099065000
6	1418		3174.100307000
17		41	3174.161087000
17		41	3174.223386000
6	1418		3174.225902000
17		41	3174.284808000
17		41	3174.409264000
6	0		3174.472005000
6	1418		3174.473255000
17		41	3174.533520000
17		41	3174.595505000
6	1418		3174.606948000
17		41	3174.657523000
17		913	3174.718982000
17		39	3174.719647000
17		1358	3174.720796000
17		1358	3174.720818000
17		1358	3174.720823000
17		1358	3174.720827000
17		1358	3174.720831000
17		1358	3174.720836000
17		1358	3174.720840000
6	562		3174.781105000
6	0		3174.782528000
6	69		3174.784277000
6	31		3174.784857000
6	39		3174.785444000
17		1358	3174.789487000
6	0		3174.843427000
6	1418		3174.844691000
6	0		3174.967521000
17		47	3174.967548000
17		1358	3174.969255000
6	1418		3174.979497000
17		41	3175.029098000
17		1358	3175.030185000
17		41	3175.090880000
17		1358	3175.092603000
17		41	3175.153466000
17		1358	3175.155122000
6	1418		3175.165671000
17		41	3175.214974000
17		1358	3175.246736000
17		41	3175.277526000
6	0		3175.339054000
6	39		3175.339092000
17		41	3175.339102000
17		1358	3175.339332000
6	0		3175.345288000
6	1418		3175.351924000
17		41	3175.401236000
17		1358	3175.431159000
17		1358	3175.500287000
17		41	3175.525520000
17		1358	3175.567957000
6	0		3175.586926000
6	1418		3175.588227000
6	0		3175.649191000
17		41	3175.649234000
17		1358	3175.651101000
6	0		3175.658048000
17		41	3175.711425000
17		1358	3175.722082000
6	1418		3175.724376000
17		41	3175.773380000
17		1358	3175.792630000
17		41	3175.897155000
17		1358	3175.898981000
17		41	3175.959097000
17		1358	3175.970175000
6	0		3176.021484000
6	1418		3176.022795000
17		41	3176.083493000
17		1358	3176.085285000
6	1418		3176.115961000
17		41	3176.145055000
17		1358	3176.156547000
17		1358	3176.224848000
17		41	3176.269761000
17		1358	3176.295593000
17		41	3176.330918000
17		1358	3176.366566000
6	0		3176.393107000
6	1418		3176.394369000
17		41	3176.456091000
17		1358	3176.457250000
6	1418		3176.468896000
17		41	3176.516833000
17		1358	3176.517704000
17		46	3176.579197000
17		1358	3176.580910000
6	1418		3176.617907000
17		41	3176.703051000
17		1358	3176.704763000
6	0		3176.765492000
6	1418		3176.766833000
17		41	3176.826925000
17		1358	3176.828584000
17		41	3176.889296000
17		1358	3176.922003000
17		41	3176.951749000
17		1358	3176.992619000
17		41	3177.013557000
17		1358	3177.062951000
17		41	3177.075254000
17		1358	3177.134388000
6	0		3177.137421000
6	1418		3177.138675000
17		41	3177.199614000
17		1358	3177.205135000
6	1418		3177.231784000
17		41	3177.261255000
17		1358	3177.275329000
17		41	3177.385672000
17		1358	3177.387316000
6	0		3177.446907000
6	1418		3177.448216000
17		41	3177.509743000
17		1358	3177.511423000
17		41	3177.571657000
17		1358	3177.582910000
6	1418		3177.594561000
17		41	3177.633642000
17		1358	3177.653201000
17		41	3177.695810000
17		1358	3177.723680000
17		41	3177.757106000
6	1418		3177.771105000
17		1358	3177.793818000
17		41	3177.881137000
17		1358	3177.882340000
6	0		3177.943382000
6	1418		3177.947716000
17		41	3178.005017000
17		1358	3178.006721000
17		1358	3178.077280000
6	1418		3178.124224000
17		41	3178.128947000
17		1358	3178.146948000
17		41	3178.191253000
17		1358	3178.204551000
6	0		3178.253406000
6	1418		3178.300739000
17		41	3178.315278000
17		753	3178.316901000
17		46	3178.377063000
17		33	3178.401225000
6	1418		3178.477288000
17		41	3178.500950000
17		41	3178.563525000
6	0		3178.625828000
6	1418		3178.653834000
17		41	3178.687721000
17		41	3178.749435000
6	1418		3178.830377000
17		41	3178.873409000
17		41	3178.935758000
6	0		3178.997286000
17		832	3178.997312000
17		39	3178.998038000
17		1358	3178.998779000
17		1358	3178.998805000
17		1358	3178.998812000
17		1358	3178.998817000
17		1358	3178.998823000
17		1358	3178.998828000
6	1418		3179.006908000
17		1358	3179.070302000
6	0		3179.121387000
17		1358	3179.138613000
17		41	3179.183168000
6	1418		3179.183441000
17		47	3179.245361000
17		1358	3179.247063000
17		41	3179.307345000
6	0		3179.307384000
17		1358	3179.317650000
6	1418		3179.360081000
17		41	3179.369066000
17		1358	3179.388373000
17		41	3179.431384000
17		1358	3179.458516000
17		41	3179.493720000
17		1358	3179.529230000
6	1418		3179.536596000
17		41	3179.554945000
17		1358	3179.600648000
17		41	3179.617319000
17		1358	3179.671291000
17		41	3179.678991000
6	1418		3179.713092000
17		1358	3179.741674000
6	0		3179.741702000
17		41	3179.803327000
17		1358	3179.813154000
17		41	3179.864989000
17		1358	3179.869224000
6	1418		3179.889644000
17		41	3179.988805000
17		1358	3179.991217000
6	1418		3180.039629000
17		41	3180.050861000
17		1358	3180.085479000
17		41	3180.113107000
6	0		3180.174907000
17		1358	3180.178885000
6	1418		3180.189598000
17		41	3180.237631000
17		1358	3180.272457000
17		41	3180.299773000
17		1358	3180.343490000
17		41	3180.423603000
17		1358	3180.425287000
17		41	3180.468789000
17		1358	3180.495856000
6	0		3180.514829000
6	1418		3180.516131000
17		41	3180.561014000
17		1358	3180.566468000
6	1418		3180.591139000
17		1358	3180.636119000
17		41	3180.653430000
17		41	3180.699240000
17		1358	3180.705502000
6	0		3180.745633000
6	1418		3180.746870000
17		1358	3180.776959000
17		46	3180.791605000
17		33	3180.816212000
17		41	3180.837115000
17		1358	3180.845863000
17		41	3180.883157000
6	1418		3180.891060000
17		1358	3180.916314000
17		41	3180.928920000
17		1358	3180.986509000
17		41	3181.021506000
6	1418		3181.041039000
17		1358	3181.056394000
6	0		3181.066843000
17		41	3181.113135000
17		1358	3181.126547000
17		41	3181.159455000
6	1418		3181.191019000
17		1358	3181.194731000
17		41	3181.205229000
17		41	3181.251181000
17		1358	3181.265464000
6	0		3181.297341000
17		1358	3181.335400000
6	1418		3181.340999000
17		41	3181.343770000
17		41	3181.389057000
17		1358	3181.404516000
17		1358	3181.473468000
17		41	3181.481680000
6	1418		3181.490959000
17		41	3181.527042000
6	0		3181.573378000
17		41	3181.619405000
17		1358	3181.620705000
6	1418		3181.631028000
17		41	3181.665058000
17		1358	3181.666350000
17		41	3181.711025000
17		1358	3181.736555000
6	1418		3181.771089000
17		41	3181.803080000
17		1358	3181.807436000
17		41	3181.849116000
17		1358	3181.878134000
6	0		3181.895023000
6	1418		3181.911140000
17		41	3181.941812000
17		1358	3181.947081000
17		41	3181.986833000
17		1358	3182.017363000
17		46	3182.033119000
6	1418		3182.051206000
17		33	3182.056843000
6	0		3182.078888000
17		1358	3182.087592000
17		41	3182.125124000
17		1358	3182.155794000
17		41	3182.171011000
6	1418		3182.191269000
17		1358	3182.226406000
17		41	3182.263622000
17		747	3182.295445000
17		41	3182.309538000
6	1418		3182.331440000
6	0		3182.355743000
17		41	3182.401585000
17		41	3182.446871000
6	1418		3182.471473000
17		913	3182.538878000
17		39	3182.539661000
17		1358	3182.541468000
17		1358	3182.541488000
17		1358	3182.541493000
17		1358	3182.541497000
17		1358	3182.541501000
17		1358	3182.541506000
17		1358	3182.541509000
17		1358	3182.541514000
17		1358	3182.541518000
17		1358	3182.541522000
6	0		3182.585144000
17		1358	3182.608405000
6	1418		3182.611464000
17		41	3182.630920000
17		47	3182.677256000
17		33	3182.701410000
17		41	3182.722829000
6	1418		3182.742840000
6	0		3182.769542000
17		41	3182.769573000
17		1358	3182.771216000
17		41	3182.814989000
17		1358	3182.816717000
17		41	3182.861250000
6	1418		3182.874223000
17		1358	3182.904797000
17		41	3182.906997000
17		41	3182.952865000
17		1358	3182.991213000
6	1418		3182.991884000
17		41	3182.999339000
17		41	3183.045113000
17		1358	3183.050497000
17		41	3183.091039000
17		1358	3183.100976000
6	1418		3183.109662000
17		1358	3183.151220000
6	0		3183.183478000
17		1358	3183.201766000
6	1418		3183.227275000
17		41	3183.229349000
17		1358	3183.252252000
17		41	3183.275486000
17		1358	3183.301542000
6	1418		3183.321453000
17		1358	3183.352318000
17		41	3183.366895000
17		1358	3183.402233000
17		41	3183.413386000
6	1418		3183.415598000
17		1358	3183.453464000
6	0		3183.459620000
17		41	3183.504931000
17		1358	3183.506582000
6	1418		3183.509720000
17		41	3183.551612000
17		1358	3183.557640000
17		41	3183.643725000
17		1358	3183.645404000
17		41	3183.689676000
17		1358	3183.696846000
6	0		3183.734834000
6	1418		3183.736120000
17		41	3183.780946000
17		1358	3183.782784000
6	1418		3183.794961000
17		1358	3183.823812000
17		41	3183.872933000
17		1358	3183.874590000
17		46	3183.918823000
17		223	3183.941526000
6	0		3183.964977000
6	1418		3183.966299000
17		41	3184.011116000
6	1418		3184.030346000
17		41	3184.057423000
17		41	3184.148839000
17		41	3184.195741000
17		41	3184.241029000
6	0		3184.287752000
6	1418		3184.289022000
17		41	3184.333261000
6	1418		3184.347924000
17		41	3184.425065000
17		832	3184.471455000
17		45	3184.472165000
17		148	3184.472972000
17		1353	3184.472990000
17		1358	3184.472995000
17		1358	3184.473000000
17		1358	3184.473009000
17		1358	3184.473014000
17		1358	3184.473017000
6	0		3184.517579000
6	1418		3184.518834000
17		1358	3184.524635000
17		1358	3184.573450000
6	1418		3184.583232000
6	0		3184.608996000
17		1358	3184.623888000
17		47	3184.655158000
17		33	3184.678953000
17		41	3184.700966000
6	1418		3184.701041000
17		1358	3184.702626000
17		41	3184.747226000
6	0		3184.747256000
17		1358	3184.753654000
17		41	3184.793759000
17		1358	3184.795442000
6	1418		3184.818603000
17		1358	3184.836748000
17		41	3184.839656000
17		1358	3184.876561000
17		41	3184.884813000
6	1418		3184.936337000
17		1358	3184.943614000
17		41	3184.977137000
17		1358	3185.011200000
17		41	3185.022976000
17		1358	3185.062278000
6	0		3185.069498000
6	1418		3185.071124000
17		41	3185.115552000
17		1358	3185.117221000
6	1418		3185.165469000
17		41	3185.207510000
17		1358	3185.209396000
17		41	3185.253548000
17		1358	3185.260636000
17		41	3185.298916000
17		1358	3185.311416000
6	0		3185.345118000
6	1418		3185.346388000
17		41	3185.391641000
17		1358	3185.393415000
6	1418		3185.402144000
17		41	3185.437566000
17		1358	3185.444486000
17		41	3185.529561000
17		1358	3185.531255000
17		41	3185.575552000
17		1358	3185.582337000
6	0		3185.621691000
6	1418		3185.622979000
17		1358	3185.632353000
17		41	3185.667677000
6	1418		3185.678707000
17		1358	3185.682552000
17		41	3185.758935000
17		1358	3185.760227000
17		41	3185.804812000
17		1358	3185.812101000
17		41	3185.851347000
17		1358	3185.852255000
6	0		3185.897504000
6	1418		3185.898766000
6	1418		3185.943358000
17		46	3185.943412000
17		1358	3185.945080000
6	1418		3186.032551000
17		41	3186.035163000
17		1358	3186.036920000
17		41	3186.081588000
17		1358	3186.103787000
6	1418		3186.121809000
17		41	3186.127081000
17		1358	3186.154742000
6	0		3186.173267000
17		41	3186.219026000
17		1358	3186.220708000
17		41	3186.265575000
17		1358	3186.272450000
17		41	3186.311749000
17		1358	3186.323204000
17		41	3186.357435000
17		1358	3186.374726000
17		41	3186.403065000
17		1358	3186.425609000
6	0		3186.449278000
6	1418		3186.450528000
6	1418		3186.506286000
17		41	3186.540776000
17		1358	3186.542457000
6	0		3186.587644000
6	1418		3186.617782000
17		41	3186.633559000
17		1358	3186.635273000
17		41	3186.678872000
17		1358	3186.686458000
6	1418		3186.729270000
17		41	3186.771010000
17		1358	3186.772493000
17		41	3186.817506000
17		1358	3186.824091000
17		41	3186.863602000
17		1358	3186.875138000
17		41	3186.909245000
17		1358	3186.916354000
6	0		3186.955193000
17		41	3186.955223000
6	1418		3186.956579000
17		1358	3186.956905000
17		1358	3186.996951000
6	0		3187.047454000
6	1418		3187.048700000
17		41	3187.093508000
17		1358	3187.095265000
6	1418		3187.123731000
17		41	3187.185129000
17		634	3187.186766000
17		41	3187.230949000
6	0		3187.277159000
6	1418		3187.278539000
17		46	3187.323105000
6	1418		3187.346697000
17		33	3187.347295000
17		41	3187.369988000
17		41	3187.415717000
17		41	3187.461758000
17		41	3187.553130000
17		41	3187.599127000
6	0		3187.645529000
17		41	3187.645556000
6	1418		3187.646779000
17		912	3187.737201000
17		39	3187.737991000
17		1358	3187.738626000
17		1358	3187.738642000
17		1358	3187.738646000
17		1358	3187.738650000
17		1358	3187.738661000
17		1358	3187.738666000
6	0		3187.783354000
6	1418		3187.784600000
17		1358	3187.789693000
6	1418		3187.840355000
6	0		3187.875800000
17		41	3187.875831000
17		47	3187.920995000
17		1358	3187.922299000
6	1418		3187.951846000
17		41	3187.967679000
17		1358	3187.973088000
17		41	3188.013117000
17		1358	3188.015187000
17		41	3188.059467000
17		1358	3188.061112000
6	1418		3188.063336000
17		1358	3188.102075000
17		41	3188.105444000
17		1358	3188.141431000
6	1418		3188.174821000
17		41	3188.197254000
17		1358	3188.209280000
6	0		3188.243413000
6	1418		3188.286345000
17		41	3188.289456000
17		1358	3188.291123000
17		41	3188.381304000
17		1358	3188.383194000
6	1418		3188.397833000
17		41	3188.427502000
17		1358	3188.436870000
17		41	3188.473286000
6	0		3188.473316000
17		1358	3188.490088000
6	1418		3188.509320000
17		41	3188.564932000
17		1358	3188.566598000
17		41	3188.610820000
17		1358	3188.620167000
6	0		3188.656977000
6	1418		3188.658273000
17		41	3188.703627000
17		1358	3188.704654000
6	1418		3188.732316000
17		41	3188.795657000
17		1358	3188.797328000
6	0		3188.840973000
6	1418		3188.843812000
17		1358	3188.850781000
17		41	3188.887564000
17		1358	3188.903039000
17		41	3188.932898000
17		1358	3188.945694000
6	1418		3188.955292000
17		41	3189.024844000
17		1358	3189.026565000
17		41	3189.071082000
17		1358	3189.097710000
6	0		3189.117527000
6	35		3189.117552000
6	1418		3189.118822000
17		41	3189.162981000
6	1418		3189.163397000
17		1358	3189.168729000
6	1418		3189.252631000
17		41	3189.254841000
17		1358	3189.256120000
6	0		3189.301112000
6	0		3189.341797000
6	1418		3189.341843000
17		46	3189.347152000
17		1358	3189.348699000
17		41	3189.392891000
17		1358	3189.401435000
6	1418		3189.431010000
17		41	3189.438893000
17		1358	3189.455381000
6	1418		3189.520210000
17		41	3189.530817000
17		1216	3189.532422000
6	0		3189.577547000
17		41	3189.668945000
6	0		3189.715336000
6	1418		3189.716579000
17		41	3189.760987000
6	1418		3189.783465000
17		41	3189.853674000
17		41	3189.899093000
6	1418		3189.917137000
6	0		3189.945234000
17		41	3189.991174000
17		906	3190.036826000
17		39	3190.037555000
17		151	3190.038503000
17		1358	3190.044553000
6	1418		3190.050844000
17		41	3190.082979000
17		1358	3190.087992000
6	0		3190.129191000
17		1358	3190.129417000
6	1418		3190.151137000
17		1358	3190.171510000
17		1358	3190.213914000
6	0		3190.221409000
17		47	3190.221434000
17		33	3190.244965000
6	1418		3190.251418000
17		1358	3190.255440000
17		41	3190.267371000
17		1358	3190.326745000
6	1418		3190.351697000
17		41	3190.359548000
17		1358	3190.396445000
17		41	3190.404798000
17		1358	3190.448491000
6	0		3190.450807000
6	1418		3190.451950000
17		41	3190.497794000
17		1358	3190.501904000
6	1418		3190.552328000
17		1358	3190.554260000
17		41	3190.588932000
17		1358	3190.606740000
17		41	3190.635062000
6	1418		3190.652544000
17		1358	3190.659387000
6	0		3190.681242000
17		1358	3190.712932000
17		41	3190.727535000
6	1418		3190.752839000
17		1358	3190.764227000
17		41	3190.773404000
17		1358	3190.817299000
6	1418		3190.853130000
17		41	3190.865412000
17		1358	3190.870508000
6	0		3190.911557000
6	1418		3190.945726000
17		41	3190.957562000
17		1358	3190.959546000
17		41	3191.002991000
17		1358	3191.013761000
6	1418		3191.038348000
17		41	3191.095657000
17		1358	3191.096955000
6	1418		3191.130907000
17		41	3191.140988000
17		1358	3191.141605000
6	0		3191.187174000
6	1418		3191.223557000
17		41	3191.233678000
17		1358	3191.234838000
17		1358	3191.305691000
6	1418		3191.316156000
17		41	3191.324817000
6	0		3191.371533000
17		1358	3191.377002000
6	1418		3191.408757000
17		41	3191.417656000
17		1358	3191.446796000
17		41	3191.462848000
17		1358	3191.500108000
6	1418		3191.501362000
17		41	3191.555100000
17		1358	3191.557413000
6	1418		3191.593975000
6	0		3191.600846000
17		41	3191.647497000
17		1358	3191.648854000
6	1418		3191.686603000
17		46	3191.738834000
17		1358	3191.740578000
6	1418		3191.779171000
17		41	3191.785433000
17		1358	3191.794072000
6	0		3191.831736000
6	1418		3191.871798000
17		41	3191.877335000
17		1358	3191.879011000
6	1418		3191.945879000
17		41	3191.969581000
17		1358	3191.971097000
6	0		3192.015373000
17		41	3192.015404000
6	1418		3192.019957000
17		882	3192.024335000
17		41	3192.061326000
6	1418		3192.094057000
17		41	3192.153405000
6	1418		3192.168130000
6	0		3192.199607000
6	1418		3192.242218000
17		41	3192.245485000
17		41	3192.337540000
6	0		3192.382930000
6	1418		3192.384212000
17		41	3192.429022000
6	1418		3192.445927000
17		41	3192.521009000
6	0		3192.567555000
17		832	3192.567586000
17		39	3192.568382000
17		148	3192.569028000
17		1353	3192.569055000
17		1358	3192.569078000
17		1358	3192.569083000
17		1358	3192.569087000
17		1358	3192.569091000
6	1418		3192.569377000
17		1358	3192.622203000
6	0		3192.659751000
6	1418		3192.662012000
17		1358	3192.675124000
6	0		3192.751545000
6	1418		3192.754611000
17		41	3192.797210000
6	1418		3192.838505000
17		47	3192.843382000
17		41	3192.843410000
17		1358	3192.844943000
6	0		3192.889758000
17		41	3192.889788000
17		1358	3192.898620000
6	1418		3192.922414000
17		41	3192.935156000
17		1358	3192.951739000
17		41	3192.981604000
17		1358	3193.003990000
6	1418		3193.006307000
17		41	3193.027025000
17		1358	3193.056631000
6	0		3193.073359000
17		1358	3193.108382000
17		41	3193.119014000
17		1358	3193.162255000
17		41	3193.211285000
6	0		3193.211316000
17		1358	3193.212856000
17		1358	3193.266914000
6	0		3193.303383000
6	1418		3193.304630000
17		1358	3193.319397000
6	1418		3193.345959000
17		41	3193.349343000
17		1358	3193.372910000
17		41	3193.395142000
17		1358	3193.433417000
17		41	3193.487766000
17		1358	3193.495107000
17		41	3193.533334000
6	0		3193.533364000
6	1418		3193.534606000
17		1358	3193.556746000
17		41	3193.579571000
17		1358	3193.618231000
17		41	3193.624988000
17		41	3193.671306000
17		1358	3193.680072000
17		41	3193.717508000
17		1358	3193.742292000
17		41	3193.763506000
17		1358	3193.802936000
6	0		3193.809731000
6	1418		3193.811086000
6	1418		3193.852465000
17		41	3193.855446000
17		1358	3193.864723000
17		1358	3193.914465000
6	1418		3193.935121000
17		41	3193.947335000
17		1358	3193.962256000
17		41	3193.993558000
17		1358	3194.010570000
6	1418		3194.017767000
17		46	3194.039103000
17		1358	3194.058125000
6	0		3194.085330000
6	1418		3194.100430000
17		1358	3194.103459000
17		41	3194.131653000
17		1358	3194.147439000
17		41	3194.176929000
6	1418		3194.183108000
17		1358	3194.221665000
17		41	3194.222895000
6	1418		3194.265770000
17		41	3194.269107000
17		1358	3194.295921000
6	0		3194.361364000
6	1418		3194.362635000
17		1358	3194.371093000
17		41	3194.407664000
6	1418		3194.431084000
17		1358	3194.443227000
17		41	3194.453513000
17		1358	3194.499864000
17		41	3194.545187000
17		1358	3194.553922000
17		41	3194.591195000
17		1358	3194.609096000
6	0		3194.637389000
6	1418		3194.638630000
17		1358	3194.664454000
6	1418		3194.671691000
17		41	3194.683438000
17		1358	3194.719454000
6	1418		3194.737832000
17		41	3194.774898000
17		1358	3194.775771000
6	1418		3194.803966000
17		41	3194.821258000
17		1358	3194.831696000
6	0		3194.867544000
6	1418		3194.870090000
17		41	3194.913231000
17		1358	3194.914893000
6	1418		3194.936311000
17		41	3194.959592000
17		1358	3194.970797000
6	0		3195.005775000
17		41	3195.051742000
17		1358	3195.053520000
17		41	3195.142839000
17		1358	3195.144487000
17		41	3195.188803000
17		1358	3195.200181000
17		41	3195.235320000
6	0		3195.235352000
6	1418		3195.236603000
17		1358	3195.256168000
17		41	3195.281446000
17		641	3195.312292000
17		41	3195.373661000
6	0		3195.418838000
6	1418		3195.420084000
6	1418		3195.461409000
17		46	3195.465026000
17		33	3195.489785000
17		41	3195.557167000
6	0		3195.603310000
6	1418		3195.604595000
6	1418		3195.645902000
17		41	3195.649214000
6	0		3195.741219000
17		41	3195.741253000
6	1418		3195.742471000
17		41	3195.787132000
6	1418		3195.811240000
17		41	3195.833465000
17		41	3195.879331000
17		41	3195.925231000
17		41	3196.016903000
6	0		3196.062794000
17		913	3196.062823000
17		39	3196.063518000
6	1418		3196.064030000
17		153	3196.064392000
17		1353	3196.064485000
17		1358	3196.064490000
17		1358	3196.064495000
17		1358	3196.064499000
17		1358	3196.064503000
17		1358	3196.064506000
17		1358	3196.064510000
17		1358	3196.064515000
17		1358	3196.064520000
6	1418		3196.105398000
17		1358	3196.110286000
17		1358	3196.154339000
6	0		3196.154920000
6	1418		3196.188059000
6	0		3196.247736000
6	1418		3196.270704000
17		41	3196.293004000
6	0		3196.339621000
6	1418		3196.353378000
17		47	3196.384812000
17		41	3196.384842000
17		1358	3196.387290000
17		41	3196.431481000
6	1418		3196.436043000
17		1358	3196.461338000
17		41	3196.477374000
6	1418		3196.518731000
17		41	3196.523419000
17		1358	3196.536010000
17		41	3196.569271000
17		1358	3196.591481000
6	1418		3196.601391000
17		41	3196.615228000
17		1358	3196.647207000
17		41	3196.661718000
17		1358	3196.702954000
17		41	3196.707562000
17		41	3196.753248000
17		1358	3196.758020000
17		1358	3196.812944000
17		41	3196.845206000
17		1358	3196.867817000
6	0		3196.891217000
17		41	3196.891250000
6	1418		3196.892515000
17		1358	3196.922478000
17		1358	3196.977292000
6	0		3196.982822000
6	1418		3196.984057000
6	1418		3197.025383000
6	0		3197.074797000
17		41	3197.074834000
17		1358	3197.076522000
6	1418		3197.108043000
17		41	3197.121650000
17		1358	3197.132657000
6	1418		3197.190730000
17		41	3197.212807000
17		1358	3197.214508000
17		41	3197.258905000
17		1358	3197.270083000
6	0		3197.305510000
6	1418		3197.306752000
17		41	3197.351633000
17		1358	3197.353715000
6	1418		3197.356060000
17		41	3197.397124000
17		1358	3197.410503000
17		41	3197.443243000
17		1358	3197.465717000
17		41	3197.489580000
17		1358	3197.522139000
17		46	3197.535052000
17		33	3197.559779000
17		1358	3197.577678000
17		41	3197.626897000
17		1358	3197.633543000
17		41	3197.673444000
17		1358	3197.690042000
6	0		3197.718960000
6	1418		3197.720218000
6	1418		3197.753295000
6	0		3197.810925000
17		41	3197.810955000
17		1146	3197.812639000
6	1418		3197.819429000
17		41	3197.857500000
6	1418		3197.885567000
17		41	3197.948902000
6	1418		3197.951755000
17		41	3197.994841000
6	1418		3198.017828000
6	0		3198.041358000
6	1418		3198.083985000
17		41	3198.087156000
17		41	3198.179230000
17		41	3198.225169000
17		41	3198.271277000
6	0		3198.317077000
17		41	3198.317107000
6	1418		3198.318347000
17		41	3198.363635000
17		41	3198.409685000
6	0		3198.501101000
17		832	3198.501128000
17		39	3198.501827000
6	1418		3198.502337000
17		152	3198.502486000
17		1353	3198.502580000
17		1358	3198.502585000
17		1358	3198.502590000
17		1358	3198.502595000
17		1358	3198.502599000
17		1358	3198.502602000
17		1358	3198.502606000
17		1358	3198.502610000
17		1358	3198.502614000
6	1418		3198.543683000
17		1358	3198.547383000
17		1358	3198.591629000
6	0		3198.593151000
6	1418		3198.626341000
6	0		3198.685269000
6	1418		3198.709014000
6	0		3198.777168000
17		41	3198.777196000
6	1418		3198.791693000
17		47	3198.823540000
17		33	3198.847653000
17		41	3198.869241000
17		1358	3198.870973000
6	1418		3198.874356000
6	0		3198.914870000
17		41	3198.914899000
17		1358	3198.945485000
6	1418		3198.957033000
17		41	3198.961314000
17		41	3199.007079000
17		1358	3199.019572000
6	1418		3199.039744000
17		41	3199.053029000
17		1358	3199.075673000
17		41	3199.098961000
6	1418		3199.122357000
17		1358	3199.131429000
17		41	3199.145702000
17		1358	3199.186474000
17		41	3199.191334000
17		41	3199.237429000
17		1358	3199.240765000
17		1358	3199.295552000
17		41	3199.328935000
17		1358	3199.351460000
6	0		3199.375109000
6	1418		3199.376345000
17		1358	3199.406298000
6	1418		3199.417691000
17		1358	3199.462132000
6	0		3199.467129000
6	1418		3199.500348000
17		41	3199.513728000
17		1358	3199.515362000
6	1418		3199.583024000
17		41	3199.605415000
17		1358	3199.607071000
6	0		3199.651584000
6	1418		3199.665684000
17		41	3199.697290000
17		1358	3199.698980000
6	1418		3199.748358000
17		41	3199.789206000
17		1358	3199.790928000
6	0		3199.834803000
6	1418		3199.836055000
17		41	3199.881058000
17		1358	3199.882795000
6	1418		3199.913692000
17		41	3199.927673000
17		1358	3199.939440000
17		41	3199.973719000
17		1358	3199.995530000
17		41	3200.019475000
17		1358	3200.051456000
17		41	3200.064889000
17		1358	3200.108440000
17		46	3200.156889000
17		1358	3200.164938000
6	0		3200.203045000
17		41	3200.203077000
6	1418		3200.204312000
17		1358	3200.220940000
6	1418		3200.245665000
17		41	3200.294924000
17		1358	3200.297348000
6	0		3200.341218000
6	1418		3200.342465000
17		41	3200.387377000
17		1346	3200.389138000
6	1418		3200.410991000
17		41	3200.479182000
6	0		3200.525469000
6	1418		3200.526746000
17		41	3200.571717000
6	1418		3200.576316000
17		41	3200.663394000
6	0		3200.708797000
6	1418		3200.710033000
6	1418		3200.751377000
17		41	3200.755606000
17		41	3200.801430000
17		41	3200.847510000
17		41	3200.893697000
17		41	3200.938796000
17		41	3200.985233000
6	0		3201.031422000
6	1418		3201.032685000
6	1418		3201.065838000
17		41	3201.076954000
6	1418		3201.131889000
17		913	3201.169215000
17		39	3201.170006000
17		1358	3201.170735000
17		1358	3201.170752000
17		1358	3201.170757000
17		1358	3201.170761000
17		1358	3201.170765000
17		1358	3201.170769000
17		1358	3201.170773000
17		1358	3201.170777000
17		1358	3201.170781000
6	1418		3201.198035000
6	0		3201.215366000
17		1358	3201.229523000
6	1418		3201.264162000
17		1358	3201.289025000
6	0		3201.306906000
6	1418		3201.330292000
6	1418		3201.396425000
6	0		3201.399675000
6	0		3201.490969000
17		41	3201.537364000
17		47	3201.583308000
6	0		3201.583348000
17		1358	3201.585435000
17		41	3201.629249000
17		1358	3201.644374000
17		41	3201.675605000
17		1358	3201.703840000
17		41	3201.721673000
17		1358	3201.763387000
17		41	3201.767260000
17		41	3201.813743000
17		1358	3201.822405000
17		41	3201.859737000
17		1358	3201.881977000
17		41	3201.905675000
17		1358	3201.940233000
17		41	3201.997626000
17		1358	3201.998377000
6	0		3202.042855000
6	1418		3202.044122000
17		1358	3202.057390000
17		41	3202.088983000
6	1418		3202.093108000
17		1358	3202.116618000
17		1358	3202.175313000
6	0		3202.181124000
6	1418		3202.191053000
17		41	3202.227712000
17		1358	3202.233893000
17		41	3202.273222000
6	1418		3202.289008000
17		1358	3202.292047000
17		41	3202.319520000
17		1358	3202.350678000
17		41	3202.365304000
17		1358	3202.409155000
17		41	3202.411036000
17		41	3202.457136000
17		1358	3202.467314000
17		41	3202.503415000
17		1358	3202.526150000
17		1358	3202.573335000
17		41	3202.595307000
17		1358	3202.619905000
6	0		3202.641691000
6	1418		3202.642952000
17		1358	3202.666062000
6	1418		3202.682129000
17		41	3202.687149000
17		1358	3202.713307000
17		41	3202.733124000
17		1358	3202.760015000
6	1418		3202.760462000
17		46	3202.825698000
6	1418		3202.838851000
17		33	3202.849620000
6	0		3202.870855000
6	1418		3202.917284000
17		41	3202.917652000
17		41	3202.962956000
6	1418		3202.995604000
17		41	3203.009509000
17		41	3203.055661000
6	1418		3203.074028000
17		41	3203.100886000
17		41	3203.147121000
17		1358	3203.149045000
6	1418		3203.152390000
17		41	3203.193593000
17		1358	3203.195238000
6	1418		3203.230714000
17		41	3203.239003000
17		1358	3203.254323000
6	0		3203.285159000
17		41	3203.330842000
17		1358	3203.332528000
17		41	3203.377492000
17		1358	3203.392381000
6	0		3203.468932000
6	1418		3203.470251000
6	1418		3203.535550000
6	0		3203.561594000
17		41	3203.653169000
17		1358	3203.654837000
6	1418		3203.666182000
6	0		3203.699348000
17		1358	3203.715070000
17		41	3203.745387000
17		1358	3203.773113000
6	1418		3203.796794000
17		1358	3203.831707000
17		41	3203.837552000
17		41	3203.883100000
17		1358	3203.889648000
6	1418		3203.927497000
6	0		3203.929086000
17		41	3203.929111000
17		1358	3203.948532000
17		1358	3204.006990000
6	0		3204.020912000
6	1418		3204.025358000
17		1358	3204.065540000
17		41	3204.067076000
17		41	3204.112849000
6	1418		3204.123336000
17		1358	3204.123864000
17		41	3204.159111000
17		1358	3204.182249000
6	0		3204.205298000
6	1418		3204.221299000
17		1358	3204.241128000
17		41	3204.251470000
17		46	3204.297309000
17		755	3204.299049000
6	1418		3204.319256000
17		41	3204.389384000
6	1418		3204.417212000
17		41	3204.435534000
6	0		3204.481808000
6	1418		3204.515184000
17		41	3204.527644000
6	1418		3204.613159000
17		41	3204.619450000
17		41	3204.665431000
6	1418		3204.711104000
6	0		3204.711712000
17		832	3204.757094000
17		39	3204.757884000
17		148	3204.758477000
17		1353	3204.758617000
17		1358	3204.758642000
17		1358	3204.758647000
17		1358	3204.758650000
17		1358	3204.758654000
17		1358	3204.758659000
17		1358	3204.758663000
17		1358	3204.758666000
17		1358	3204.758671000
6	670		3204.802922000
6	39		3204.802946000
6	561		3204.802951000
6	0		3204.805279000
6	0		3204.805301000
6	0		3204.805304000
6	39		3204.805307000
6	67		3204.806934000
6	31		3204.807547000
6	39		3204.808132000
6	100		3204.808881000
6	1418		3204.809051000
17		1358	3204.818161000
6	0		3204.849109000
17		1358	3204.875896000
6	1418		3204.907037000
17		1358	3204.935010000
6	0		3204.941314000
17		47	3204.987025000
6	1418		3205.005080000
17		33	3205.010872000
17		41	3205.033561000
17		1358	3205.036166000
6	0		3205.078961000
17		41	3205.078998000
17		1358	3205.080636000
6	1418		3205.102955000
17		41	3205.125203000
17		1358	3205.140226000
17		41	3205.171062000
17		1358	3205.199357000
6	1418		3205.200978000
17		41	3205.217356000
17		1358	3205.259378000
17		41	3205.263061000
6	1418		3205.298888000
17		41	3205.309434000
17		1358	3205.319398000
17		41	3205.355054000
17		1358	3205.378317000
6	1418		3205.396871000
6	0		3205.401378000
6	39		3205.401410000
17		41	3205.401422000
6	0		3205.408165000
17		1358	3205.437051000
17		41	3205.493172000
17		1358	3205.494940000
17		41	3205.539160000
17		1358	3205.554279000
6	0		3205.585345000
6	1418		3205.586637000
17		1358	3205.613518000
17		41	3205.631422000
6	1418		3205.635594000
17		1358	3205.670979000
17		41	3205.723246000
17		1358	3205.731334000
17		41	3205.769226000
17		1358	3205.778257000
6	0		3205.815620000
17		41	3205.815648000
6	1418		3205.816894000
17		1358	3205.824686000
17		41	3205.861283000
6	1418		3205.865866000
17		1358	3205.871259000
17		41	3205.953385000
17		1358	3205.955132000
6	0		3205.998784000
6	1418		3206.000077000
17		41	3206.045595000
17		1358	3206.047265000
6	1418		3206.061778000
17		41	3206.091663000
17		1358	3206.125617000
17		46	3206.182823000
17		1358	3206.203830000
17		41	3206.229730000
17		1358	3206.261657000
17		41	3206.274994000
17		1358	3206.319995000
6	0		3206.321183000
6	1418		3206.322453000
6	1418		3206.361613000
17		41	3206.367216000
17		1358	3206.378779000
6	1418		3206.439979000
17		41	3206.459141000
17		1358	3206.460777000
17		41	3206.505485000
6	1418		3206.518342000
17		1358	3206.519027000
6	0		3206.551542000
17		41	3206.551578000
17		1358	3206.577308000
6	1418		3206.596742000
17		41	3206.597654000
17		1358	3206.635798000
6	1418		3206.675091000
17		41	3206.688995000
17		1358	3206.694479000
17		41	3206.735215000
6	1418		3206.753462000
17		1358	3206.753821000
6	0		3206.780925000
17		41	3206.826815000
17		1358	3206.828489000
17		41	3206.919511000
17		1358	3206.921287000
17		41	3206.965830000
17		1358	3206.980437000
17		41	3207.011410000
17		1358	3207.038912000
17		41	3207.057311000
6	0		3207.057349000
6	1418		3207.058578000
17		1358	3207.096990000
6	0		3207.149477000
6	1418		3207.150728000
17		41	3207.195399000
17		1358	3207.197127000
6	1418		3207.221862000
17		41	3207.287164000
17		1358	3207.288835000
6	0		3207.333103000
17		41	3207.333129000
6	1418		3207.334359000
17		1358	3207.347086000
17		41	3207.378983000
17		634	3207.406219000
6	1418		3207.417769000
17		41	3207.470930000
6	0		3207.517574000
6	1418		3207.518859000
17		46	3207.563210000
17		33	3207.587974000
6	1418		3207.613688000
17		41	3207.655272000
17		41	3207.700845000
17		41	3207.746887000
6	0		3207.792900000
17		41	3207.792931000
6	1418		3207.794187000
17		41	3207.838980000
17		41	3207.931477000
6	0		3207.976870000
6	1418		3207.978106000
17		41	3208.023701000
17		906	3208.023727000
17		33	3208.024436000
17		33	3208.025104000
17		153	3208.025284000
6	1418		3208.027079000
17		1358	3208.031879000
17		41	3208.069157000
17		1358	3208.079187000
6	0		3208.115308000
17		1358	3208.124228000
6	1418		3208.125046000
17		41	3208.161251000
17		1358	3208.170529000
17		41	3208.207644000
17		1358	3208.216876000
6	1418		3208.223020000
17		1358	3208.262634000
6	0		3208.299532000
17		1358	3208.308862000
6	1418		3208.320972000
17		1358	3208.354271000
6	0		3208.391368000
17		1358	3208.400317000
6	1418		3208.418956000
17		47	3208.437275000
17		1358	3208.446433000
6	0		3208.483483000
6	1418		3208.516974000
17		1358	3208.523069000
17		41	3208.529719000
17		41	3208.575197000
17		1358	3208.599571000
6	1418		3208.614871000
17		41	3208.621178000
17		1358	3208.676538000
6	1418		3208.712820000
17		41	3208.713000000
17		1358	3208.753311000
6	0		3208.759166000
17		41	3208.805643000
17		1358	3208.809925000
6	1418		3208.810778000
17		41	3208.851108000
17		1358	3208.868568000
6	1418		3208.908767000
17		1358	3208.926179000
17		41	3208.943025000
17		1358	3208.982477000
17		41	3208.989163000
6	1418		3209.006715000
6	0		3209.035324000
17		1358	3209.040633000
17		41	3209.080912000
17		1358	3209.098616000
6	1418		3209.104671000
6	0		3209.127036000
17		1358	3209.155217000
17		41	3209.173758000
6	1418		3209.202646000
17		1358	3209.213407000
17		41	3209.219371000
17		1358	3209.271267000
6	1418		3209.300693000
17		41	3209.310943000
17		1358	3209.329338000
6	0		3209.357115000
6	1418		3209.398566000
17		41	3209.403534000
17		1358	3209.405423000
17		41	3209.448801000
17		1358	3209.463749000
17		41	3209.494878000
6	1418		3209.496542000
17		1358	3209.522170000
6	0		3209.541132000
17		41	3209.587520000
17		1358	3209.588884000
6	1418		3209.594512000
17		41	3209.633566000
17		1358	3209.647703000
6	1418		3209.672881000
17		41	3209.725323000
17		1358	3209.726972000
6	1418		3209.751227000
17		41	3209.771210000
17		1358	3209.785306000
6	0		3209.817615000
6	1418		3209.829589000
17		46	3209.863784000
17		1358	3209.865635000
6	1418		3209.907947000
17		41	3209.955002000
17		1358	3209.956745000
6	1418		3209.986329000
17		41	3210.001075000
17		1358	3210.015301000
6	0		3210.047730000
17		41	3210.093438000
17		1358	3210.095063000
17		41	3210.185178000
17		1358	3210.186955000
6	0		3210.231597000
17		1358	3210.233544000
17		41	3210.277139000
17		1358	3210.278798000
17		41	3210.323752000
17		1358	3210.325393000
17		41	3210.415427000
17		1358	3210.417136000
6	0		3210.460897000
17		41	3210.507150000
17		1358	3210.508841000
17		41	3210.598922000
17		1358	3210.600603000
6	0		3210.645371000
6	1418		3210.646634000
17		41	3210.691858000
17		1358	3210.693511000
6	1418		3210.695895000
17		41	3210.782990000
17		1358	3210.784953000
6	0		3210.829510000
6	1418		3210.830774000
17		41	3210.875411000
17		1358	3210.877100000
6	1418		3210.892965000
17		41	3210.921069000
17		1358	3210.935370000
17		41	3210.967066000
17		1358	3210.993943000
17		41	3211.013555000
17		1358	3211.052526000
17		41	3211.059077000
17		41	3211.105109000
17		1239	3211.109357000
17		41	3211.151074000
17		41	3211.197381000
17		46	3211.288922000
17		33	3211.312591000
6	0		3211.335141000
6	1418		3211.336392000
17		41	3211.381055000
6	1418		3211.385639000
17		41	3211.472888000
6	1418		3211.484263000
6	0		3211.519133000
17		41	3211.565128000
6	1418		3211.582704000
17		41	3211.610917000
17		834	3211.657340000
17		39	3211.658044000
17		152	3211.658715000
17		1353	3211.658725000
17		1358	3211.658741000
17		1358	3211.658748000
17		1358	3211.658768000
17		1358	3211.658772000
17		1358	3211.658776000
17		1358	3211.658780000
17		1358	3211.658784000
17		1358	3211.658788000
6	1418		3211.681263000
17		1358	3211.717587000
6	0		3211.749638000
17		1358	3211.773973000
6	1418		3211.779782000
17		1358	3211.831856000
6	0		3211.841429000
17		47	3211.841456000
17		33	3211.865925000
6	1418		3211.878326000
17		41	3211.886975000
17		41	3211.933289000
6	1418		3211.976902000
17		41	3211.979449000
17		1358	3211.981629000
17		41	3212.025059000
17		1358	3212.039728000
17		41	3212.071715000
6	1418		3212.075378000
17		1358	3212.086699000
17		41	3212.117088000
17		1358	3212.134304000
17		41	3212.162868000
6	1418		3212.173926000
17		1358	3212.181529000
17		41	3212.209483000
17		1358	3212.229016000
17		41	3212.255534000
6	1418		3212.272484000
17		1358	3212.306647000
17		41	3212.347671000
17		1358	3212.383439000
6	0		3212.393794000
17		41	3212.393822000
6	1418		3212.395065000
17		41	3212.438877000
17		1358	3212.461306000
6	0		3212.485363000
6	1418		3212.486588000
17		1358	3212.520095000
6	1418		3212.568170000
17		41	3212.577418000
17		1358	3212.578509000
17		41	3212.623248000
6	0		3212.623277000
17		1358	3212.637215000
6	1418		3212.666584000
17		41	3212.715745000
17		1358	3212.717424000
17		41	3212.761657000
17		1358	3212.776818000
6	0		3212.806802000
6	1418		3212.808036000
17		41	3212.852825000
17		1358	3212.854515000
6	1418		3212.863666000
17		41	3212.898939000
17		1358	3212.913711000
17		41	3212.990814000
17		1358	3212.992567000
17		46	3213.036874000
17		1358	3213.050916000
6	0		3213.082903000
6	1418		3213.084149000
17		41	3213.129387000
17		1358	3213.131074000
6	1418		3213.133391000
17		41	3213.221461000
17		1358	3213.223191000
6	0		3213.266819000
17		41	3213.266854000
6	1418		3213.268151000
17		1358	3213.284026000
17		41	3213.313469000
6	1418		3213.330498000
17		1358	3213.345281000
17		41	3213.405406000
17		1358	3213.407219000
17		41	3213.451425000
17		1358	3213.468302000
6	0		3213.497607000
6	1418		3213.498854000
6	1418		3213.538261000
17		41	3213.543515000
17		1358	3213.545248000
6	1418		3213.617097000
17		41	3213.634778000
17		1358	3213.636483000
17		41	3213.681144000
17		1358	3213.683728000
6	1418		3213.695927000
17		41	3213.727189000
17		1358	3213.733228000
6	0		3213.773326000
17		41	3213.819458000
17		1358	3213.821185000
17		41	3213.911245000
17		1358	3213.912882000
6	0		3213.957542000
17		41	3213.957572000
6	1418		3213.958809000
17		1358	3213.993171000
6	1418		3214.024505000
17		41	3214.049418000
17		1358	3214.073278000
17		41	3214.095597000
17		1358	3214.134776000
6	0		3214.141407000
17		41	3214.141434000
6	1418		3214.155884000
17		1358	3214.196418000
6	0		3214.233321000
6	1418		3214.254414000
17		41	3214.279460000
17		1358	3214.281212000
6	1418		3214.353023000
17		41	3214.370843000
17		1358	3214.372263000
17		41	3214.417028000
17		1358	3214.432413000
6	0		3214.463681000
6	1418		3214.464986000
17		46	3214.509620000
17		1358	3214.511089000
6	1418		3214.550020000
17		41	3214.555034000
17		1358	3214.571162000
17		41	3214.601050000
17		1358	3214.632019000
17		41	3214.693214000
17		1358	3214.694874000
6	0		3214.739567000
17		41	3214.739592000
6	1418		3214.740885000
17		905	3214.756409000
17		41	3214.784818000
6	1418		3214.790097000
17		41	3214.877479000
6	0		3214.923868000
6	1418		3214.925238000
17		41	3214.969636000
6	1418		3214.987158000
17		41	3215.061223000
17		41	3215.107625000
6	0		3215.152795000
6	1418		3215.154027000
17		41	3215.199566000
6	1418		3215.203320000
17		41	3215.291455000
17		906	3215.291482000
17		33	3215.292152000
17		33	3215.292356000
17		153	3215.292966000
17		1358	3215.298914000
17		41	3215.337559000
17		1358	3215.348198000
17		41	3215.383486000
17		1358	3215.395279000
6	0		3215.429140000
17		41	3215.429176000
6	1418		3215.430412000
17		1358	3215.442606000
6	1418		3215.479678000
17		1358	3215.492097000
6	0		3215.521018000
17		1358	3215.539473000
6	1418		3215.578209000
17		1358	3215.586182000
6	0		3215.612839000
17		1358	3215.634824000
17		47	3215.658836000
6	1418		3215.676746000
17		1358	3215.682267000
17		41	3215.705199000
6	0		3215.751274000
17		41	3215.751317000
17		1358	3215.762405000
6	1418		3215.775270000
17		41	3215.797614000
17		1358	3215.841457000
6	1418		3215.873813000
17		41	3215.889177000
17		1358	3215.922001000
6	0		3215.935359000
6	1418		3215.972341000
17		41	3215.981106000
17		1358	3215.982811000
17		41	3216.027385000
17		1358	3216.041322000
6	1418		3216.070870000
17		1358	3216.100773000
17		41	3216.119054000
17		1358	3216.160371000
17		41	3216.164800000
6	1418		3216.169501000
6	0		3216.211748000
17		1358	3216.220854000
17		41	3216.257646000
6	1418		3216.268001000
17		1358	3216.280765000
17		1358	3216.340311000
6	1418		3216.346763000
17		41	3216.348856000
6	0		3216.395102000
17		1358	3216.400284000
6	1418		3216.425592000
17		41	3216.440897000
17		1358	3216.459449000
6	1418		3216.504431000
17		1358	3216.519159000
17		41	3216.533709000
17		1358	3216.579208000
17		41	3216.579283000
6	1418		3216.583243000
6	0		3216.625821000
17		1358	3216.640041000
6	1418		3216.662068000
17		41	3216.671668000
17		1358	3216.701286000
17		41	3216.717180000
17		1358	3216.762347000
17		41	3216.809482000
17		1358	3216.822865000
6	0		3216.855773000
17		41	3216.901149000
17		1358	3216.902096000
17		41	3216.947190000
17		1358	3216.962940000
17		41	3216.993198000
17		1358	3217.023694000
6	0		3217.039339000
6	1418		3217.040632000
17		46	3217.084932000
17		1358	3217.086653000
17		41	3217.177766000
17		1358	3217.179597000
17		41	3217.222855000
17		1358	3217.229329000
6	0		3217.269117000
6	1418		3217.270379000
17		41	3217.314817000
17		1358	3217.316494000
6	1418		3217.319657000
17		41	3217.406784000
17		1234	3217.408567000
17		41	3217.452902000
17		41	3217.499736000
6	0		3217.544864000
17		41	3217.544893000
6	1418		3217.546194000
17		41	3217.591063000
17		41	3217.636780000
17		41	3217.683943000
17		41	3217.729142000
17		41	3217.774925000
17		908	3217.774951000
17		33	3217.775631000
17		1358	3217.776490000
6	0		3217.821117000
6	1418		3217.822363000
17		1358	3217.837589000
17		41	3217.867540000
6	1418		3217.871624000
17		1358	3217.897234000
17		1358	3217.956459000
17		41	3217.959124000
6	1418		3217.970175000
6	0		3218.004817000
17		1358	3218.016457000
17		47	3218.050992000
6	1418		3218.068698000
17		33	3218.074940000
17		1358	3218.076368000
17		1358	3218.136517000
17		41	3218.143756000
6	1418		3218.167241000
6	0		3218.189127000
17		1358	3218.196429000
17		41	3218.235425000
17		1358	3218.255603000
6	1418		3218.265829000
17		41	3218.281458000
17		1358	3218.315296000
6	1418		3218.364303000
17		41	3218.373432000
17		1358	3218.375106000
6	0		3218.419795000
17		1358	3218.435193000
6	1418		3218.462836000
17		41	3218.465205000
17		1358	3218.495763000
17		1358	3218.555273000
17		41	3218.557837000
6	1418		3218.561352000
17		41	3218.603449000
17		1358	3218.614639000
6	0		3218.649723000
6	1418		3218.659901000
17		1358	3218.674159000
17		41	3218.694907000
17		1358	3218.734158000
6	1418		3218.758437000
17		1358	3218.782374000
17		41	3218.787252000
17		1358	3218.829935000
17		41	3218.833222000
6	1418		3218.856964000
17		1358	3218.877417000
6	0		3218.879359000
17		1358	3218.924997000
17		41	3218.925655000
6	1418		3218.955580000
17		41	3218.970881000
17		1358	3218.972594000
6	1418		3219.054103000
17		1358	3219.056147000
17		41	3219.063388000
6	0		3219.109527000
17		1358	3219.136334000
6	1418		3219.153150000
17		41	3219.155390000
17		41	3219.201651000
17		1358	3219.218767000
17		41	3219.247611000
6	1418		3219.252238000
17		1358	3219.281468000
17		41	3219.292899000
6	0		3219.339003000
17		1358	3219.343058000
6	1418		3219.351340000
17		41	3219.385089000
17		1358	3219.403759000
17		41	3219.431387000
6	1418		3219.450448000
17		1358	3219.465351000
17		46	3219.522907000
17		1358	3219.524573000
6	1418		3219.549553000
6	0		3219.569116000
17		1358	3219.588237000
17		41	3219.614943000
6	1418		3219.648667000
17		1358	3219.648880000
17		41	3219.661338000
17		1358	3219.711317000
6	1418		3219.747763000
17		41	3219.753115000
17		1358	3219.773466000
6	0		3219.799265000
17		41	3219.845628000
6	1418		3219.846870000
17		1358	3219.847258000
17		41	3219.891038000
17		1358	3219.909237000
17		41	3219.937063000
6	1418		3219.946039000
17		1358	3219.971834000
6	0		3219.983383000
17		41	3220.029016000
17		1358	3220.034839000
6	1418		3220.045091000
17		41	3220.075169000
17		1358	3220.096454000
6	1418		3220.144201000
17		41	3220.167083000
17		1358	3220.168801000
6	0		3220.213728000
6	1418		3220.243293000
17		41	3220.258952000
17		1358	3220.260610000
17		41	3220.305261000
17		1358	3220.323199000
6	1418		3220.342411000
17		41	3220.397767000
17		1358	3220.399407000
6	0		3220.442915000
6	1418		3220.444159000
17		41	3220.489652000
17		1358	3220.491281000
6	1418		3220.520920000
17		41	3220.535281000
17		1358	3220.541322000
6	1418		3220.600077000
17		41	3220.627581000
17		1358	3220.629282000
17		41	3220.673213000
17		1358	3220.679372000
6	1418		3220.679404000
6	0		3220.719536000
17		41	3220.719566000
17		1358	3220.762688000
17		41	3220.810835000
17		1358	3220.845230000
6	0		3220.857127000
6	1418		3220.858379000
17		41	3220.903639000
6	1418		3220.924435000
17		1358	3220.928155000
17		46	3220.949482000
17		33	3220.973436000
17		1358	3220.990321000
17		41	3221.041424000
17		1358	3221.052581000
6	0		3221.087734000
6	1418		3221.089004000
17		41	3221.132806000
17		1358	3221.134324000
6	1418		3221.155761000
17		41	3221.225287000
17		1358	3221.226691000
6	0		3221.271451000
6	1418		3221.272849000
17		41	3221.317014000
17		1358	3221.318733000
6	1418		3221.353915000
17		41	3221.363037000
17		1358	3221.380974000
17		41	3221.455351000
17		1358	3221.456192000
6	0		3221.501719000
17		41	3221.501744000
6	1418		3221.503152000
17		1358	3221.518083000
6	1418		3221.552687000
17		41	3221.593672000
17		1358	3221.595906000
17		41	3221.639045000
17		1358	3221.658166000
17		45	3221.685258000
6	0		3221.685304000
6	1418		3221.686506000
17		33	3221.708960000
17		1358	3221.720230000
17		41	3221.777650000
17		1358	3221.782852000
6	0		3221.822832000
6	1418		3221.824070000
17		41	3221.869209000
6	1418		3221.873613000
17		41	3221.961011000
6	0		3222.007212000
6	1418		3222.008563000
17		41	3222.053592000
6	1418		3222.071832000
17		41	3222.099654000
6	1418		3222.170926000
17		41	3222.191157000
17		1358	3222.192888000
6	0		3222.237381000
6	1418		3222.270084000
17		41	3222.283212000
17		1358	3222.284916000
17		1358	3222.346608000
6	1418		3222.369198000
17		41	3222.375506000
17		1358	3222.408433000
17		41	3222.421499000
6	0		3222.467230000
6	0		3222.467255000
6	1418		3222.468482000
17		77	3222.470769000
6	0		3222.477888000
6	0		3222.559285000
6	1418		3222.567370000
6	0		3222.650815000
6	1418		3222.666473000
17		41	3222.697598000
6	1418		3222.765571000
17		41	3222.789277000
17		855	3222.789302000
17		33	3222.789996000
17		1358	3222.790966000
17		41	3222.835214000
17		1358	3222.840638000
6	1418		3222.864676000
6	0		3222.881395000
17		1358	3222.889939000
17		41	3222.926954000
17		1358	3222.939377000
6	1418		3222.963784000
17		41	3222.973150000
17		1358	3222.988471000
6	0		3223.019339000
17		1358	3223.037858000
6	1418		3223.062879000
17		1358	3223.087123000
6	0		3223.111291000
17		1358	3223.135597000
17		47	3223.157146000
6	1418		3223.159170000
17		33	3223.180842000
17		1358	3223.184665000
17		41	3223.202846000
6	1418		3223.255511000
17		1358	3223.266369000
17		41	3223.295019000
6	1418		3223.336558000
6	0		3223.341413000
17		41	3223.341438000
17		1358	3223.348259000
17		41	3223.386873000
6	1418		3223.417655000
17		1358	3223.430005000
17		41	3223.433188000
6	0		3223.479720000
6	1418		3223.498726000
17		1358	3223.512109000
17		41	3223.525251000
17		41	3223.571114000
17		1358	3223.593894000
17		1358	3223.654684000
17		41	3223.662969000
6	0		3223.709226000
6	1418		3223.710495000
17		1358	3223.716524000
17		41	3223.755080000
17		1358	3223.777211000
17		1358	3223.838616000
17		41	3223.846942000
6	0		3223.893124000
6	1418		3223.894386000
17		1358	3223.900884000
6	1418		3223.934939000
17		41	3223.939028000
17		1358	3223.961133000
17		1358	3224.022563000
17		41	3224.031495000
17		41	3224.077646000
17		1358	3224.083733000
17		41	3224.122964000
17		1358	3224.145243000
6	0		3224.169583000
17		41	3224.169611000
6	1418		3224.170846000
17		1358	3224.207129000
6	1418		3224.211393000
17		41	3224.215322000
17		41	3224.261523000
17		1358	3224.267389000
6	1418		3224.292473000
17		1358	3224.329212000
17		41	3224.353562000
6	1418		3224.373554000
17		1358	3224.390407000
6	0		3224.399703000
17		41	3224.444931000
17		1358	3224.452315000
6	1418		3224.454641000
17		46	3224.490908000
17		1358	3224.513709000
6	1418		3224.535749000
17		41	3224.536946000
17		1358	3224.575677000
17		41	3224.582953000
6	1418		3224.616842000
17		1358	3224.635791000
17		41	3224.675088000
17		1358	3224.697362000
6	1418		3224.697887000
6	0		3224.721296000
17		1358	3224.758805000
17		41	3224.766981000
6	1418		3224.779008000
17		1358	3224.819491000
17		41	3224.859073000
6	1418		3224.860085000
17		1358	3224.881114000
6	0		3224.904963000
17		41	3224.904995000
6	1418		3224.941171000
17		1358	3224.942424000
17		41	3224.951269000
17		1358	3225.003348000
6	1418		3225.022263000
17		41	3225.043529000
17		1358	3225.064524000
6	0		3225.089816000
6	1418		3225.103359000
17		1358	3225.125813000
17		41	3225.135705000
6	1418		3225.184448000
17		1358	3225.186839000
17		41	3225.227429000
17		1358	3225.248437000
6	1418		3225.249299000
17		41	3225.273509000
17		1358	3225.309404000
6	1418		3225.314214000
6	0		3225.319637000
17		41	3225.365226000
17		1358	3225.371056000
6	1418		3225.379044000
17		1358	3225.431983000
6	1418		3225.444052000
17		41	3225.457264000
17		1358	3225.493007000
6	0		3225.503476000
6	1418		3225.508786000
17		41	3225.549661000
17		1358	3225.554544000
17		1358	3225.616009000
17		41	3225.641754000
17		1358	3225.676742000
17		41	3225.687026000
6	0		3225.733197000
17		41	3225.733237000
6	1418		3225.734463000
17		1358	3225.738237000
6	1418		3225.788519000
17		755	3225.798663000
17		41	3225.824941000
6	0		3225.871313000
6	1418		3225.896702000
17		41	3225.917375000
17		46	3225.962789000
6	1418		3225.977711000
17		33	3225.987617000
17		41	3226.054808000
6	0		3226.101143000
6	1418		3226.102371000
6	1418		3226.142924000
17		41	3226.147014000
17		41	3226.239190000
6	0		3226.285546000
6	1418		3226.286818000
6	1418		3226.327374000
17		41	3226.330768000
17		41	3226.422871000
17		41	3226.469138000
6	0		3226.515296000
6	1418		3226.516606000
6	1418		3226.557132000
17		913	3226.561445000
17		39	3226.562189000
17		1358	3226.563130000
17		1358	3226.612419000
17		41	3226.652827000
17		1358	3226.662497000
6	0		3226.698818000
6	1418		3226.700118000
17		1358	3226.711924000
6	1418		3226.740611000
17		1358	3226.760015000
6	0		3226.791020000
17		1358	3226.809641000
6	1418		3226.821780000
17		1358	3226.857762000
6	0		3226.883174000
6	1418		3226.902782000
17		1358	3226.907624000
17		1358	3226.955763000
6	0		3226.975077000
6	1418		3226.983874000
17		1358	3227.004899000
17		41	3227.021406000
17		1358	3227.054242000
6	1418		3227.064973000
17		47	3227.067657000
17		33	3227.092414000
6	0		3227.113302000
17		41	3227.113341000
17		1358	3227.136091000
6	1418		3227.146043000
17		41	3227.159775000
17		41	3227.205469000
17		1358	3227.217661000
6	1418		3227.227131000
6	0		3227.251744000
17		41	3227.297498000
17		1358	3227.299145000
6	1418		3227.308228000
17		41	3227.343386000
17		1358	3227.380837000
6	1418		3227.389304000
17		41	3227.434939000
17		1358	3227.462093000
6	1418		3227.470410000
6	0		3227.481110000
17		1358	3227.523114000
17		41	3227.527670000
6	1418		3227.551489000
17		41	3227.573337000
17		1358	3227.584724000
6	1418		3227.632201000
17		1358	3227.645532000
17		41	3227.664804000
17		1358	3227.706587000
17		41	3227.710869000
6	0		3227.757019000
6	1418		3227.758286000
17		1358	3227.768243000
6	1418		3227.798643000
17		41	3227.802861000
17		1358	3227.830239000
17		1358	3227.891171000
17		41	3227.895358000
6	0		3227.941572000
6	1418		3227.942811000
17		1358	3227.952654000
6	1418		3227.983178000
17		41	3227.987758000
17		1358	3228.013532000
17		41	3228.032861000
17		1358	3228.073881000
6	0		3228.078983000
6	1418		3228.080236000
17		41	3228.125106000
17		1358	3228.135493000
6	1418		3228.144568000
17		1358	3228.197111000
17		41	3228.217400000
17		1358	3228.257958000
6	0		3228.263597000
6	1418		3228.264865000
6	1418		3228.297127000
17		41	3228.309210000
17		1358	3228.319161000
6	1418		3228.361768000
17		1358	3228.381510000
17		41	3228.401511000
6	1418		3228.426271000
17		1358	3228.442857000
17		41	3228.447121000
6	0		3228.493275000
6	1418		3228.494533000
17		1358	3228.503485000
17		46	3228.539255000
6	1418		3228.555387000
17		33	3228.563222000
17		1358	3228.564790000
6	1418		3228.620023000
17		1358	3228.625773000
17		41	3228.631277000
17		41	3228.677180000
6	1418		3228.684516000
17		1358	3228.686759000
6	0		3228.723404000
17		1358	3228.747780000
6	1418		3228.749046000
17		41	3228.769154000
17		1358	3228.810234000
17		41	3228.815395000
17		41	3228.861480000
17		1358	3228.870361000
6	0		3228.906861000
6	1418		3228.908111000
17		1358	3228.931497000
17		41	3228.953515000
6	1418		3228.964342000
17		1358	3228.993209000
17		41	3229.045410000
17		1358	3229.053622000
17		41	3229.091432000
17		1358	3229.115536000
6	0		3229.137618000
6	1418		3229.138896000
17		1358	3229.176915000
6	1418		3229.192681000
17		41	3229.229146000
17		1358	3229.238887000
6	0		3229.275519000
17		41	3229.321163000
17		1358	3229.322896000
17		41	3229.367027000
17		35	3229.368707000
17		41	3229.412948000
17		1358	3229.414656000
6	0		3229.459147000
17		41	3229.505063000
17		1358	3229.506792000
17		41	3229.596945000
17		1358	3229.598616000
6	0		3229.643394000
17		41	3229.689345000
17		1358	3229.690089000
17		41	3229.735781000
17		1358	3229.752548000
17		41	3229.781191000
17		1358	3229.814083000
6	0		3229.827345000
17		41	3229.873316000
17		1358	3229.875152000
17		41	3229.919235000
17		1358	3229.925219000
6	0		3229.965607000
6	1418		3229.966859000
17		41	3230.011406000
17		1358	3230.013092000
17		41	3230.103274000
17		1358	3230.104965000
17		41	3230.149339000
17		1358	3230.154690000
17		41	3230.194990000
17		1358	3230.238098000
6	0		3230.241132000
6	1418		3230.242370000
6	1418		3230.282747000
17		41	3230.287078000
17		1358	3230.320233000
17		41	3230.379670000
17		41	3230.379702000
17		37	3230.381381000
17		1358	3230.402555000
17		41	3230.425112000
17		41	3230.470799000
17		1358	3230.485287000
17		41	3230.518097000
6	0		3230.563436000
17		41	3230.563465000
6	1418		3230.564702000
17		1358	3230.567526000
17		41	3230.609466000
17		1358	3230.628907000
17		41	3230.655525000
17		1358	3230.690652000
17		41	3230.701130000
17		41	3230.746836000
17		1358	3230.751029000
17		1358	3230.812563000
17		41	3230.839236000
17		1358	3230.874509000
17		41	3230.884888000
17		41	3230.931102000
17		1358	3230.934426000
17		41	3230.977712000
17		581	3230.996857000
6	0		3231.022905000
6	1418		3231.024142000
6	1418		3231.064574000
17		41	3231.069414000
17		41	3231.114845000
6	1418		3231.145268000
17		41	3231.161634000
6	0		3231.206779000
6	1418		3231.225890000
17		41	3231.253568000
17		41	3231.299010000
6	1418		3231.306598000
17		41	3231.345211000
6	1418		3231.387299000
17		41	3231.391660000
17		46	3231.437663000
17		33	3231.461171000
6	1418		3231.468029000
17		41	3231.483463000
17		832	3231.529483000
17		39	3231.530272000
17		148	3231.531052000
17		1353	3231.531158000
17		1358	3231.531171000
17		1358	3231.531176000
17		1358	3231.531181000
17		1358	3231.531187000
17		1358	3231.531192000
17		1358	3231.531198000
17		1358	3231.531203000
17		1358	3231.531208000
6	1418		3231.548708000
17		1358	3231.592402000
6	0		3231.621616000
6	1418		3231.629397000
17		1358	3231.654790000
6	1418		3231.710102000
6	0		3231.713308000
17		1358	3231.715671000
17		1358	3231.777233000
6	1418		3231.790802000
6	0		3231.805077000
17		1358	3231.837784000
17		47	3231.850803000
6	1418		3231.871496000
17		33	3231.874981000
17		41	3231.896886000
17		1358	3231.898672000
6	0		3231.943624000
17		41	3231.943654000
6	1418		3231.952230000
17		1358	3231.961235000
17		41	3231.988881000
17		1358	3232.021458000
6	1418		3232.032938000
17		41	3232.035230000
17		41	3232.081307000
17		1358	3232.083604000
6	1418		3232.113636000
17		41	3232.127347000
17		1358	3232.144234000
17		41	3232.172879000
6	1418		3232.194327000
17		1358	3232.205807000
17		41	3232.219256000
17		1358	3232.266279000
6	1418		3232.275018000
17		41	3232.311036000
17		1358	3232.328328000
6	1418		3232.355725000
6	0		3232.357390000
17		1358	3232.389206000
17		41	3232.402875000
6	1418		3232.436476000
17		1358	3232.450155000
17		41	3232.494790000
17		1358	3232.511472000
6	1418		3232.517158000
17		41	3232.541227000
17		1358	3232.573329000
6	0		3232.587487000
6	1418		3232.597808000
17		41	3232.633367000
17		1358	3232.635035000
6	1418		3232.678511000
17		1358	3232.695544000
17		41	3232.725601000
17		1358	3232.757059000
6	1418		3232.759223000
6	0		3232.770875000
17		1358	3232.815459000
17		41	3232.817326000
6	1418		3232.840009000
17		41	3232.863404000
17		1358	3232.876218000
6	1418		3232.920739000
17		1358	3232.922473000
17		41	3232.955541000
17		1358	3232.969819000
6	0		3233.001793000
6	1418		3233.003028000
17		1358	3233.017269000
17		41	3233.047436000
17		1358	3233.064205000
6	1418		3233.082093000
17		41	3233.093278000
17		1358	3233.111734000
17		46	3233.139015000
17		1358	3233.159603000
6	0		3233.185107000
6	1418		3233.186341000
17		41	3233.230830000
17		1358	3233.238365000
6	1418		3233.243425000
17		1358	3233.316841000
17		41	3233.323119000
6	0		3233.369385000
6	1418		3233.370628000
17		1358	3233.396488000
6	1418		3233.410979000
17		41	3233.415273000
17		41	3233.461095000
17		1358	3233.476217000
17		1358	3233.536011000
17		41	3233.553316000
17		1358	3233.595452000
6	0		3233.599479000
6	1418		3233.600752000
6	1418		3233.633022000
17		41	3233.645562000
17		1358	3233.655524000
6	1418		3233.697565000
17		41	3233.737541000
17		1358	3233.739115000
6	1418		3233.762145000
17		41	3233.783775000
17		1358	3233.799262000
6	0		3233.829712000
17		41	3233.829741000
6	1418		3233.830965000
17		1358	3233.859294000
6	1418		3233.891251000
17		41	3233.921509000
17		1358	3233.922816000
6	0		3233.967698000
6	1418		3233.968962000
17		41	3234.013196000
17		1358	3234.014938000
6	1418		3234.020380000
17		41	3234.059102000
17		634	3234.074594000
17		41	3234.150828000
17		41	3234.197222000
6	0		3234.242940000
17		41	3234.242970000
17		35	3234.244233000
6	0		3234.269370000
6	0		3234.269421000
17		41	3234.289165000
17		41	3234.335377000
17		41	3234.426896000
6	0		3234.473050000
6	1418		3234.474328000
17		41	3234.519778000
6	1418		3234.528119000
6	0		3234.611520000
17		41	3234.611559000
6	1418		3234.635727000
17		41	3234.657384000
17		41	3234.703219000
6	1418		3234.743393000
17		41	3234.748944000
6	0		3234.840909000
6	1418		3234.850945000
17		41	3234.887735000
6	1418		3234.931654000
17		41	3234.978813000
6	0		3235.025136000
6	1418		3235.026442000
17		41	3235.070930000
6	1418		3235.093060000
17		41	3235.162830000
6	0		3235.209904000
6	1418		3235.211154000
6	1418		3235.254446000
17		41	3235.255620000
17		906	3235.301567000
17		41	3235.302251000
17		1358	3235.302969000
17		41	3235.347037000
17		1358	3235.363938000
6	0		3235.393199000
17		41	3235.393226000
6	1418		3235.394432000
17		1358	3235.422919000
6	1418		3235.434798000
17		1358	3235.482380000
6	0		3235.485190000
6	1418		3235.515490000
17		1358	3235.540711000
6	0		3235.576901000
6	1418		3235.596220000
17		1358	3235.600285000
17		1358	3235.660002000
6	0		3235.669663000
6	1418		3235.676906000
17		1358	3235.719430000
6	1418		3235.757601000
6	0		3235.761287000
17		1358	3235.777911000
17		1358	3235.837730000
6	1418		3235.838282000
6	0		3235.853108000
17		41	3235.853139000
17		1358	3235.895976000
17		47	3235.898842000
6	1418		3235.919065000
17		33	3235.923167000
17		1358	3235.943901000
17		41	3235.945404000
17		1358	3235.990800000
6	1418		3235.999695000
17		41	3236.036972000
17		1358	3236.038381000
6	1418		3236.080426000
6	0		3236.083277000
17		1358	3236.086528000
17		41	3236.129694000
17		1358	3236.132814000
6	1418		3236.161105000
17		41	3236.174999000
17		1358	3236.180157000
6	0		3236.221505000
6	1418		3236.241883000
17		1358	3236.259336000
17		41	3236.268042000
17		41	3236.313758000
6	1418		3236.322488000
17		1358	3236.339223000
6	1418		3236.403219000
17		41	3236.405132000
17		1358	3236.417363000
6	0		3236.451325000
6	1418		3236.483924000
17		1358	3236.496061000
17		41	3236.497617000
17		41	3236.543129000
6	1418		3236.564615000
17		1358	3236.576096000
6	0		3236.589469000
17		1358	3236.634354000
17		41	3236.635200000
6	1418		3236.645296000
17		1358	3236.694613000
6	1418		3236.726114000
17		41	3236.727429000
17		1358	3236.752632000
17		41	3236.772922000
6	1418		3236.806700000
17		1358	3236.812291000
6	0		3236.819105000
17		41	3236.865426000
17		1358	3236.871518000
17		1358	3236.930800000
17		41	3236.957094000
17		1358	3236.989695000
6	0		3237.003398000
17		41	3237.049027000
17		1358	3237.049079000
17		1358	3237.107556000
17		41	3237.140877000
17		1358	3237.167985000
6	0		3237.187055000
17		1358	3237.226745000
17		41	3237.233323000
17		1358	3237.286259000
17		41	3237.325353000
17		1358	3237.344485000
6	0		3237.371630000
17		1358	3237.404481000
17		41	3237.417688000
17		1358	3237.463015000
17		46	3237.509015000
17		1358	3237.522346000
17		41	3237.554927000
17		1358	3237.581811000
6	0		3237.601676000
6	1418		3237.602905000
17		1358	3237.641666000
6	1418		3237.643258000
17		41	3237.647250000
17		1358	3237.699417000
17		41	3237.739703000
17		1358	3237.759258000
6	0		3237.784982000
17		41	3237.785011000
6	1418		3237.786298000
17		1358	3237.819312000
6	1418		3237.826646000
17		41	3237.831298000
17		41	3237.877749000
17		1358	3237.879450000
17		41	3237.922892000
17		1358	3237.939320000
17		41	3237.968985000
17		1358	3237.999229000
17		41	3238.015536000
17		1358	3238.057489000
17		41	3238.061442000
17		41	3238.107347000
17		1358	3238.117147000
17		41	3238.153459000
17		1358	3238.175577000
17		41	3238.199364000
17		1358	3238.235290000
17		41	3238.244869000
17		41	3238.291457000
17		1358	3238.293118000
17		41	3238.337537000
17		1358	3238.353920000
17		1358	3238.412661000
17		41	3238.428953000
17		1358	3238.472869000
6	0		3238.475074000
6	1418		3238.476323000
6	1418		3238.516687000
17		41	3238.520992000
17		1358	3238.531620000
17		41	3238.566792000
17		1358	3238.578531000
6	1418		3238.597398000
17		1358	3238.626101000
17		46	3238.659392000
17		1358	3238.672870000
6	1418		3238.678071000
6	0		3238.705520000
17		1358	3238.720915000
17		41	3238.751567000
6	1418		3238.758772000
17		1358	3238.767825000
17		41	3238.797117000
17		1358	3238.816009000
6	1418		3238.839525000
17		41	3238.843082000
17		1358	3238.862254000
17		41	3238.889958000
6	1418		3238.920199000
17		41	3238.935313000
17		1358	3238.941388000
17		41	3238.981369000
6	1418		3239.000892000
17		1358	3239.019527000
17		41	3239.027512000
17		41	3239.073556000
6	1418		3239.081626000
17		950	3239.098953000
17		41	3239.119765000
6	1418		3239.162277000
17		41	3239.165187000
6	1418		3239.242988000
6	0		3239.256781000
17		41	3239.303002000
6	1418		3239.323687000
17		41	3239.349140000
6	1418		3239.404463000
17		41	3239.441066000
6	1418		3239.485110000
17		41	3239.487427000
6	0		3239.533575000
6	1418		3239.565805000
17		41	3239.579616000
6	1418		3239.646485000
17		41	3239.671165000
6	0		3239.717117000
6	1418		3239.727206000
17		41	3239.763150000
6	1418		3239.807910000
17		41	3239.855334000
6	0		3239.901489000
6	1418		3239.902773000
17		41	3239.947683000
6	1418		3239.969289000
17		832	3240.039511000
17		39	3240.040227000
17		153	3240.041075000
17		1353	3240.041193000
17		1358	3240.041203000
17		1358	3240.041208000
17		1358	3240.041211000
17		1358	3240.041216000
17		1358	3240.041220000
17		1358	3240.041223000
17		1358	3240.041227000
17		1358	3240.041231000
6	0		3240.085080000
6	1418		3240.086365000
17		1358	3240.097021000
6	1418		3240.130721000
17		1358	3240.151766000
6	0		3240.177018000
17		1358	3240.205829000
6	1418		3240.211413000
17		1358	3240.261457000
6	0		3240.268815000
6	1418		3240.275980000
17		1358	3240.316527000
6	1418		3240.340513000
6	0		3240.361579000
17		1358	3240.370793000
6	1418		3240.405101000
17		1358	3240.425859000
6	0		3240.453476000
6	1418		3240.473211000
17		1358	3240.480013000
17		1358	3240.535550000
6	1418		3240.541340000
6	0		3240.577093000
17		47	3240.577122000
17		33	3240.600825000
6	1418		3240.606501000
17		41	3240.639402000
17		1358	3240.641087000
6	1418		3240.671691000
17		41	3240.701630000
17		1358	3240.703333000
6	1418		3240.736874000
17		1358	3240.758507000
17		41	3240.763062000
6	1418		3240.802075000
17		1358	3240.814091000
17		41	3240.825927000
6	1418		3240.867254000
17		1358	3240.869933000
17		41	3240.887554000
17		1358	3240.925623000
6	1418		3240.932478000
17		41	3240.949127000
17		1358	3240.981310000
17		41	3241.011536000
17		1358	3241.037771000
17		41	3241.073558000
17		1358	3241.093129000
17		41	3241.197268000
6	0		3241.197299000
17		1358	3241.198366000
17		41	3241.321458000
17		1358	3241.322376000
17		41	3241.383630000
17		1358	3241.385310000
6	0		3241.444831000
6	1418		3241.446065000
17		41	3241.507633000
17		1358	3241.509540000
17		41	3241.569665000
17		1358	3241.571383000
6	0		3241.630906000
17		41	3241.630938000
6	1418		3241.632159000
17		35	3241.632585000
6	1418		3241.672960000
17		41	3241.693427000
17		1358	3241.694398000
17		41	3241.817527000
17		1358	3241.819261000
6	0		3241.878930000
6	1418		3241.880192000
6	1418		3241.920934000
17		41	3241.941526000
6	1418		3242.002419000
17		41	3242.003093000
6	1418		3242.083885000
6	0		3242.126959000
6	1418		3242.165363000
17		41	3242.188921000
6	1418		3242.246852000
17		41	3242.312969000
6	1418		3242.328318000
6	0		3242.375377000
6	1418		3242.409792000
17		41	3242.437316000
6	1418		3242.491267000
17		41	3242.561621000
6	1418		3242.572722000
6	0		3242.622803000
6	1418		3242.654233000
17		41	3242.684838000
6	1418		3242.735758000
17		41	3242.747367000
17		41	3242.809229000
6	1418		3242.817177000
17		41	3242.871371000
17		41	3242.934021000
17		41	3242.995158000
17		41	3243.057835000
17		42	3243.119311000
6	0		3243.119341000
17		1358	3243.120739000
6	1418		3243.120773000
17		41	3243.243324000
17		1358	3243.244997000
17		41	3243.305086000
17		1358	3243.306800000
6	0		3243.367350000
6	1418		3243.368630000
6	1418		3243.409361000
17		41	3243.491717000
17		1358	3243.493387000
17		41	3243.553673000
17		1358	3243.555339000
6	0		3243.614854000
6	1418		3243.616199000
6	1418		3243.656852000
6	0		3243.739328000
6	1418		3243.740607000
6	1418		3243.819809000
6	0		3243.863038000
6	1418		3243.901314000
6	1418		3243.982770000
6	0		3243.987724000
6	1418		3244.064243000
6	0		3244.111283000
6	1418		3244.145709000
6	0		3244.173103000
6	1418		3244.227185000
6	0		3244.297931000
6	1418		3244.308671000
17		41	3244.359490000
17		1358	3244.361172000
6	1418		3244.390141000
17		1358	3244.416907000
6	1418		3244.471619000
17		1358	3244.472026000
17		41	3244.483240000
6	0		3244.483268000
17		1358	3244.525796000
17		41	3244.545109000
6	1418		3244.553094000
17		1358	3244.580953000
6	1418		3244.634579000
17		1358	3244.636377000
6	0		3244.669392000
17		1358	3244.690997000
6	1418		3244.716041000
17		41	3244.731337000
17		1358	3244.745640000
17		41	3244.793012000
6	673		3244.793056000
6	39		3244.793072000
6	39		3244.795040000
6	0		3244.795065000
6	0		3244.795069000
6	67		3244.796537000
6	31		3244.797084000
6	1418		3244.797488000
6	39		3244.797677000
17		1358	3244.800206000
17		1358	3244.854830000
6	562		3244.855032000
6	69		3244.857735000
6	31		3244.858361000
6	1418		3244.879010000
17		1358	3244.909996000
6	0		3244.917193000
6	1418		3244.960483000
17		1358	3244.965048000
17		78	3245.019786000
6	0		3245.041441000
6	1418		3245.041931000
6	1418		3245.123411000
6	0		3245.164876000
6	1418		3245.204889000
6	1418		3245.286397000
6	0		3245.289234000
6	1418		3245.367849000
6	0		3245.413011000
6	1418		3245.449318000
17		41	3245.475468000
6	1418		3245.530811000
17		41	3245.599235000
6	0		3245.599268000
6	1418		3245.612280000
17		41	3245.661582000
6	1418		3245.693764000
17		41	3245.723085000
6	0		3245.785184000
17		41	3245.847209000
17		41	3245.971539000
17		41	3246.032877000
6	0		3246.095054000
6	0		3246.157393000
17		41	3246.157419000
6	39		3246.219781000
6	0		3246.225821000
17		41	3246.281569000
6	0		3246.343340000
17		41	3246.343375000
6	0		3246.405498000
17		46	3246.467456000
17		33	3246.491770000
17		825	3246.529698000
17		39	3246.530434000
17		1358	3246.532500000
17		1358	3246.587732000
17		41	3246.591013000
17		1358	3246.642472000
6	0		3246.653183000
17		1358	3246.686812000
17		1358	3246.730935000
17		1358	3246.774940000
6	0		3246.777186000
17		1358	3246.818671000
17		1358	3246.861693000
6	0		3246.901186000
17		1358	3246.906076000
17		1358	3246.949596000
17		1358	3246.992964000
6	0		3247.025021000
6	1418		3247.026292000
17		1358	3247.037263000
6	1418		3247.067038000
17		1358	3247.080952000
17		1358	3247.125142000
6	0		3247.149169000
17		41	3247.149198000
6	1418		3247.150423000
17		1358	3247.168201000
17		47	3247.211251000
17		1358	3247.212983000
6	1418		3247.229979000
17		41	3247.273111000
17		1358	3247.286581000
17		41	3247.335102000
17		1358	3247.359067000
17		41	3247.397695000
17		1358	3247.432540000
17		41	3247.459276000
17		1358	3247.505389000
17		41	3247.521621000
17		1358	3247.577751000
17		41	3247.583504000
17		41	3247.644928000
17		1358	3247.651376000
17		41	3247.706950000
17		1358	3247.724124000
17		41	3247.769671000
17		1358	3247.798055000
17		1358	3247.870912000
17		41	3247.893166000
17		1358	3247.942716000
6	0		3247.955312000
6	1418		3247.956565000
6	1418		3247.989144000
17		1358	3247.998237000
17		41	3248.017138000
17		1358	3248.053028000
6	1418		3248.054327000
17		41	3248.079325000
17		1358	3248.108166000
6	1418		3248.119507000
6	0		3248.141981000
17		1358	3248.162091000
6	1418		3248.184704000
17		41	3248.203368000
17		1358	3248.217605000
6	1418		3248.249897000
17		41	3248.265558000
17		1358	3248.271915000
6	1418		3248.315059000
17		1358	3248.326851000
6	1418		3248.380233000
17		1358	3248.382268000
17		41	3248.388845000
17		1358	3248.436805000
6	1418		3248.445412000
17		41	3248.451262000
17		1358	3248.491653000
6	1418		3248.510616000
17		41	3248.513720000
17		1358	3248.545773000
17		41	3248.575649000
6	1418		3248.575820000
17		1358	3248.600929000
17		41	3248.637407000
6	0		3248.637442000
6	1418		3248.641082000
17		1358	3248.656003000
17		46	3248.699091000
6	1418		3248.706131000
17		1358	3248.710312000
17		41	3248.761864000
17		1358	3248.763559000
6	1418		3248.771324000
17		1358	3248.820591000
17		41	3248.823637000
17		1358	3248.875301000
6	1418		3248.880022000
17		41	3248.885628000
17		1358	3248.929176000
17		1358	3248.984705000
6	1418		3248.988643000
6	0		3249.009524000
17		1358	3249.039705000
17		41	3249.071666000
17		1358	3249.094743000
6	1418		3249.097282000
17		41	3249.132937000
17		1358	3249.149446000
17		1358	3249.203364000
6	1418		3249.205843000
17		41	3249.256884000
17		1358	3249.258012000
17		1358	3249.313044000
6	1418		3249.314471000
6	0		3249.319275000
17		1358	3249.368589000
17		41	3249.381497000
6	1418		3249.423116000
17		1358	3249.423413000
17		41	3249.443128000
17		1358	3249.477079000
6	1418		3249.504678000
6	0		3249.504783000
17		1358	3249.532496000
17		41	3249.566832000
6	1418		3249.586082000
17		1358	3249.586928000
17		1358	3249.642480000
6	1418		3249.667547000
17		41	3249.691009000
17		1358	3249.696019000
17		1069	3249.751311000
6	0		3249.752881000
6	1418		3249.754131000
17		41	3249.815656000
6	1418		3249.830482000
17		41	3249.877433000
17		41	3250.001061000
6	0		3250.063242000
6	1418		3250.064499000
6	1418		3250.105250000
17		41	3250.125119000
17		41	3250.249497000
6	0		3250.311343000
17		41	3250.311371000
6	1418		3250.312588000
17		35	3250.313059000
6	1418		3250.353325000
17		41	3250.372865000
17		41	3250.497169000
6	0		3250.559315000
6	1418		3250.560586000
6	1418		3250.601330000
17		41	3250.621207000
17		41	3250.683615000
17		41	3250.806863000
17		41	3250.868857000
6	0		3250.931239000
6	1418		3250.932604000
6	1418		3250.973332000
17		41	3250.993108000
6	1418		3251.054821000
17		41	3251.055540000
6	1418		3251.136279000
17		41	3251.178987000
17		41	3251.241463000
6	0		3251.303785000
6	1418		3251.305021000
6	1418		3251.345751000
17		41	3251.365710000
17		41	3251.426947000
6	1418		3251.427218000
17		41	3251.489396000
6	1418		3251.508685000
6	0		3251.551600000
17		906	3251.551628000
17		41	3251.552390000
17		150	3251.552961000
17		1358	3251.560299000
6	1418		3251.590206000
17		41	3251.612937000
17		1358	3251.614624000
17		1358	3251.671102000
6	1418		3251.671644000
17		41	3251.675308000
17		1358	3251.726073000
6	1418		3251.753133000
17		1358	3251.780888000
17		41	3251.799219000
6	1418		3251.834614000
17		1358	3251.835162000
6	0		3251.861361000
17		1358	3251.879340000
6	1418		3251.916110000
17		1358	3251.922952000
17		41	3251.923227000
17		1358	3251.966883000
17		41	3251.985149000
6	1418		3251.997570000
17		1358	3252.010736000
17		1358	3252.055044000
6	1418		3252.079057000
17		1358	3252.098673000
17		41	3252.109128000
17		1358	3252.141677000
6	1418		3252.160529000
17		41	3252.170866000
17		1358	3252.185655000
17		1358	3252.229308000
6	0		3252.232919000
6	1418		3252.241995000
17		1358	3252.273648000
17		1358	3252.317824000
6	1418		3252.323472000
6	0		3252.357134000
17		1358	3252.361259000
17		1358	3252.404695000
6	1418		3252.404922000
17		1358	3252.448861000
6	0		3252.481273000
6	1418		3252.486412000
17		1358	3252.492625000
17		1358	3252.536986000
6	1418		3252.567927000
17		1358	3252.580001000
6	0		3252.605372000
17		1358	3252.624012000
6	1418		3252.649396000
6	0		3252.667574000
17		1358	3252.667856000
17		1358	3252.712150000
6	1418		3252.730845000
17		1358	3252.755289000
6	0		3252.791597000
17		1358	3252.798998000
6	1418		3252.812326000
17		1358	3252.842656000
6	1418		3252.893820000
6	0		3252.915117000
6	1418		3252.975275000
6	0		3253.039683000
6	1418		3253.056750000
17		47	3253.101353000
17		33	3253.125605000
6	1418		3253.138242000
17		41	3253.163341000
6	0		3253.163371000
17		1358	3253.164996000
17		41	3253.287802000
17		1358	3253.289507000
17		41	3253.349447000
17		1358	3253.363498000
6	0		3253.410890000
17		41	3253.473665000
17		1358	3253.475413000
17		41	3253.596895000
17		1358	3253.598031000
6	0		3253.659080000
17		41	3253.721306000
17		1358	3253.723014000
17		41	3253.783048000
17		1358	3253.784796000
17		41	3253.907138000
17		1358	3253.908223000
17		41	3253.969267000
17		1358	3253.970979000
6	0		3254.031416000
17		41	3254.093737000
17		1358	3254.095538000
17		1358	3254.151243000
17		41	3254.217467000
17		1358	3254.218487000
17		41	3254.279508000
17		1358	3254.281159000
6	0		3254.340995000
17		41	3254.403444000
17		1358	3254.405133000
17		41	3254.465414000
17		1358	3254.466372000
17		41	3254.589619000
17		1358	3254.591309000
17		41	3254.651605000
17		1358	3254.653274000
6	0		3254.713889000
17		41	3254.774973000
17		1358	3254.776683000
17		41	3254.837580000
17		1358	3254.839323000
17		41	3254.961674000
17		1358	3254.963340000
6	0		3255.022856000
17		46	3255.085625000
17		629	3255.087341000
17		41	3255.209638000
17		41	3255.270901000
6	0		3255.333052000
17		41	3255.394975000
17		41	3255.457283000
17		41	3255.581378000
17		41	3255.643624000
6	0		3255.704919000
6	1418		3255.706183000
6	1418		3255.746901000
17		41	3255.766858000
6	0		3255.891398000
6	1418		3255.892655000
6	1418		3255.933404000
6	0		3256.014801000
6	1418		3256.016043000
17		41	3256.076812000
6	1418		3256.096421000
17		41	3256.139186000
17		41	3256.201516000
17		41	3256.262991000
17		41	3256.325759000
17		41	3256.386981000
17		41	3256.449126000
17		41	3256.511477000
17		41	3256.573517000
17		41	3256.635649000
17		41	3256.697462000
17		41	3256.759080000
17		46	3256.821188000
17		33	3256.845279000
17		41	3256.882832000
17		41	3256.945635000
17		41	3257.007708000
17		41	3257.069112000
17		41	3257.131033000
17		833	3257.193775000
17		39	3257.194460000
17		1358	3257.195438000
17		1358	3257.195459000
17		1358	3257.195465000
17		1358	3257.195470000
17		1358	3257.250548000
6	0		3257.317119000
6	1418		3257.318375000
6	1418		3257.359122000
6	1418		3257.440601000
6	0		3257.440774000
6	0		3257.502948000
6	1418		3257.522084000
17		47	3257.564957000
17		1358	3257.566668000
6	1418		3257.603573000
17		1358	3257.612044000
17		41	3257.627318000
17		1358	3257.655361000
6	1418		3257.685009000
17		41	3257.689322000
17		1358	3257.699231000
17		1358	3257.743245000
17		41	3257.751464000
6	1418		3257.766482000
17		1358	3257.786456000
17		41	3257.813463000
17		1358	3257.830373000
6	1418		3257.847950000
17		1358	3257.874763000
17		1358	3257.918180000
6	1418		3257.929446000
6	0		3257.937198000
17		1358	3257.961577000
17		1358	3258.005335000
6	1418		3258.010910000
17		1358	3258.050090000
6	0		3258.061010000
6	1418		3258.092387000
17		1358	3258.093170000
17		41	3258.123440000
17		1358	3258.137118000
6	1418		3258.173870000
17		1358	3258.211133000
17		41	3258.247312000
6	0		3258.247347000
6	1418		3258.255355000
17		1358	3258.283508000
17		41	3258.309386000
6	1418		3258.336818000
17		1358	3258.356286000
6	1418		3258.418302000
17		1358	3258.430181000
17		41	3258.433490000
17		41	3258.495390000
6	1418		3258.499798000
17		1358	3258.502590000
6	0		3258.556890000
17		1358	3258.557324000
6	1418		3258.581242000
17		1358	3258.612419000
17		41	3258.618952000
6	1418		3258.662770000
17		1358	3258.668039000
17		1358	3258.724098000
17		41	3258.743292000
6	1418		3258.744182000
17		1358	3258.778728000
17		41	3258.805117000
6	1418		3258.825675000
17		1358	3258.834342000
6	0		3258.867298000
6	1418		3258.907157000
17		41	3258.929591000
17		1358	3258.931242000
6	1418		3258.988643000
17		41	3258.991472000
17		1358	3258.993139000
6	1418		3259.070082000
17		41	3259.115468000
17		1358	3259.118284000
6	1418		3259.135272000
6	0		3259.177623000
6	1418		3259.200470000
17		41	3259.239496000
17		1358	3259.241194000
6	1418		3259.265652000
17		41	3259.301054000
6	1418		3259.330832000
6	1418		3259.396018000
17		41	3259.424999000
6	0		3259.487492000
17		41	3259.549710000
17		46	3259.610995000
17		1358	3259.612701000
6	0		3259.672943000
17		41	3259.734918000
17		1358	3259.737122000
17		41	3259.859399000
17		1358	3259.861103000
17		41	3259.921419000
17		1358	3259.932843000
6	0		3259.983572000
6	1418		3259.984838000
17		41	3260.044818000
17		1358	3260.046544000
6	1418		3260.048644000
17		41	3260.168840000
17		1358	3260.170481000
17		41	3260.231086000
17		1358	3260.242088000
6	0		3260.293003000
6	1418		3260.294256000
6	1418		3260.342156000
17		41	3260.355254000
17		1358	3260.356960000
17		41	3260.479020000
17		1358	3260.480723000
6	0		3260.541677000
6	1418		3260.542927000
6	1418		3260.590807000
17		41	3260.603391000
17		1358	3260.605133000
6	0		3260.727542000
17		41	3260.727570000
6	1418		3260.728824000
17		1358	3260.729222000
6	1418		3260.782291000
17		41	3260.789600000
17		1358	3260.800115000
6	0		3260.913572000
6	1418		3260.914811000
6	1418		3260.973768000
17		41	3260.975282000
17		654	3260.977306000
6	0		3261.099648000
6	1418		3261.100988000
6	1418		3261.165257000
17		41	3261.223155000
6	0		3261.285381000
17		41	3261.285415000
6	1418		3261.286605000
17		41	3261.347432000
17		41	3261.409672000
17		41	3261.532883000
17		906	3261.532911000
17		33	3261.533626000
17		33	3261.534074000
17		1358	3261.536480000
6	0		3261.595390000
6	1418		3261.596626000
17		1358	3261.631347000
6	1418		3261.644511000
17		41	3261.657530000
17		41	3261.719658000
17		1358	3261.724893000
17		1358	3261.794204000
6	0		3261.843381000
17		41	3261.843410000
6	1418		3261.844640000
17		1358	3261.865117000
6	1418		3261.892506000
17		41	3261.905227000
17		1358	3261.935653000
17		1358	3262.004937000
6	0		3262.029071000
6	1418		3262.030341000
17		1358	3262.075899000
6	1418		3262.084002000
17		41	3262.091080000
17		1358	3262.146521000
17		41	3262.214993000
17		1358	3262.216705000
6	0		3262.277251000
6	1418		3262.278500000
17		1358	3262.287244000
6	1418		3262.326359000
17		41	3262.338837000
17		1358	3262.356560000
6	0		3262.463577000
6	1418		3262.464845000
6	1418		3262.517863000
17		41	3262.525314000
17		1358	3262.527039000
6	0		3262.587484000
6	1418		3262.613606000
6	1418		3262.709346000
17		47	3262.711437000
17		1358	3262.712883000
6	0		3262.772970000
6	1418		3262.805087000
17		41	3262.834996000
17		1358	3262.836749000
6	1418		3262.900924000
17		41	3262.958845000
17		1358	3262.960575000
17		41	3263.020975000
17		1358	3263.031089000
6	0		3263.082968000
17		41	3263.145163000
17		1358	3263.147319000
17		41	3263.269425000
17		1358	3263.271082000
17		41	3263.331367000
17		1358	3263.341923000
6	0		3263.393531000
17		41	3263.455156000
17		1358	3263.456822000
17		41	3263.578921000
17		1358	3263.580864000
17		41	3263.641113000
17		1358	3263.651968000
6	0		3263.703242000
17		41	3263.703272000
17		1358	3263.722715000
17		41	3263.826770000
17		1358	3263.828733000
6	0		3263.889242000
17		41	3264.013140000
17		1358	3264.014791000
6	0		3264.075455000
6	1418		3264.076811000
17		41	3264.198933000
17		1358	3264.200639000
6	0		3264.261219000
6	1418		3264.262467000
6	1418		3264.310335000
17		41	3264.323112000
17		1358	3264.323756000
17		41	3264.446932000
17		1358	3264.448649000
17		41	3264.509164000
17		1358	3264.511170000
17		41	3264.571272000
6	0		3264.571333000
6	1418		3264.572564000
17		1358	3264.572941000
17		41	3264.633528000
17		1358	3264.667441000
17		41	3264.695028000
17		46	3264.757642000
17		1358	3264.762449000
17		41	3264.819039000
17		1358	3264.856999000
17		41	3264.881679000
17		41	3264.943235000
17		1358	3264.951138000
17		41	3265.005312000
17		1358	3265.020019000
17		1358	3265.091560000
17		41	3265.128919000
17		1358	3265.160851000
6	0		3265.191092000
6	1418		3265.192331000
6	1418		3265.240210000
17		1358	3265.255012000
17		41	3265.315742000
6	1418		3265.336020000
17		1358	3265.347315000
17		41	3265.377103000
6	1418		3265.431741000
17		41	3265.439216000
6	0		3265.439244000
17		1358	3265.440960000
6	1418		3265.527442000
17		1358	3265.535423000
17		41	3265.563643000
6	1418		3265.623198000
17		41	3265.624957000
17		1358	3265.626623000
17		41	3265.687389000
6	1418		3265.718930000
17		1358	3265.720432000
17		41	3265.748779000
17		41	3265.810873000
17		1358	3265.812560000
6	1418		3265.814670000
17		41	3265.872800000
17		1358	3265.907029000
6	1418		3265.910431000
17		41	3265.935253000
6	0		3265.935282000
17		1358	3266.000212000
6	1418		3266.006163000
6	0		3266.058919000
17		1358	3266.086368000
6	1418		3266.101950000
17		41	3266.121491000
17		1358	3266.174198000
6	1418		3266.197665000
17		41	3266.245020000
17		756	3266.261771000
6	1418		3266.293422000
6	0		3266.306899000
17		826	3266.306933000
17		39	3266.307602000
17		149	3266.310922000
17		1353	3266.331000000
17		41	3266.369621000
6	1418		3266.389164000
17		1358	3266.417106000
6	1418		3266.484938000
17		41	3266.493303000
17		1358	3266.501797000
6	0		3266.555668000
6	1418		3266.580656000
17		1358	3266.586168000
17		41	3266.617355000
17		1358	3266.670801000
6	1418		3266.676469000
17		41	3266.678797000
17		41	3266.740891000
17		1358	3266.755214000
6	1418		3266.772209000
6	0		3266.803090000
17		1358	3266.839927000
17		41	3266.865300000
6	1418		3266.867882000
17		1358	3266.924743000
6	1418		3266.963652000
17		41	3266.988925000
17		1358	3267.008943000
6	0		3267.051109000
6	1418		3267.059384000
17		1358	3267.093183000
17		41	3267.113033000
6	1418		3267.155128000
17		1358	3267.177934000
17		41	3267.237159000
6	1418		3267.250901000
17		1358	3267.263606000
6	0		3267.299139000
17		41	3267.299166000
17		1358	3267.330567000
6	1418		3267.346627000
17		41	3267.361128000
17		1358	3267.397931000
17		47	3267.423213000
6	1418		3267.442371000
17		33	3267.447777000
17		1358	3267.465001000
6	0		3267.484933000
17		41	3267.484961000
17		1358	3267.533816000
6	1418		3267.538121000
17		41	3267.546986000
17		1358	3267.601417000
17		1358	3267.668865000
17		41	3267.671113000
6	0		3267.733253000
6	1418		3267.734671000
6	1418		3267.784818000
17		41	3267.795178000
17		41	3267.856970000
17		41	3267.981220000
6	0		3268.043605000
6	1418		3268.044871000
6	1418		3268.095012000
17		41	3268.105517000
17		41	3268.229390000
6	0		3268.291678000
6	1418		3268.292923000
6	1418		3268.343065000
17		41	3268.353591000
6	1418		3268.443348000
17		41	3268.477057000
6	0		3268.539725000
6	1418		3268.543632000
17		41	3268.601508000
6	1418		3268.643903000
17		41	3268.662937000
17		41	3268.724936000
6	1418		3268.744183000
6	0		3268.787367000
6	1418		3268.844472000
17		41	3268.849302000
17		1358	3268.850955000
6	1418		3268.944750000
17		41	3268.972945000
17		1358	3268.974612000
17		41	3269.034879000
6	1418		3269.045030000
17		1358	3269.059874000
6	0		3269.097081000
6	1418		3269.145308000
17		41	3269.159639000
17		1358	3269.161337000
17		41	3269.221576000
6	1418		3269.245617000
17		1358	3269.246873000
6	0		3269.345280000
6	1418		3269.345886000
6	1418		3269.426127000
6	0		3269.469300000
6	1418		3269.506341000
6	1418		3269.586555000
6	0		3269.592863000
6	1418		3269.666802000
6	0		3269.717349000
6	1418		3269.747008000
6	1418		3269.827208000
6	0		3269.841532000
6	1418		3269.907475000
17		41	3269.965557000
17		1358	3269.967268000
6	1418		3269.987667000
6	0		3270.026946000
17		1358	3270.052367000
6	1418		3270.067968000
17		46	3270.089607000
17		33	3270.113070000
17		1358	3270.137584000
6	1418		3270.148116000
17		41	3270.151190000
6	0		3270.151219000
17		1358	3270.222208000
6	1418		3270.228328000
17		41	3270.275553000
17		1358	3270.306805000
6	0		3270.336990000
6	1418		3270.362035000
17		1358	3270.390864000
17		41	3270.399056000
17		1358	3270.475899000
6	1418		3270.495765000
6	0		3270.523387000
17		1358	3270.560531000
6	1418		3270.629466000
17		1358	3270.644273000
6	0		3270.646930000
17		1358	3270.729354000
6	1418		3270.763171000
6	0		3270.770893000
17		1358	3270.813880000
6	0		3270.895724000
6	1418		3270.896869000
17		1358	3270.898607000
17		41	3270.957620000
17		1358	3270.982646000
6	1418		3271.030591000
17		1358	3271.051023000
17		41	3271.081302000
17		1358	3271.117871000
6	0		3271.143511000
6	1418		3271.164310000
17		1358	3271.186158000
17		41	3271.205128000
17		1358	3271.253829000
6	1418		3271.292706000
17		1358	3271.320994000
17		41	3271.329381000
17		1358	3271.389120000
6	0		3271.391540000
17		41	3271.453487000
17		1358	3271.455196000
17		1358	3271.524911000
17		41	3271.577214000
17		1358	3271.592143000
6	0		3271.639371000
17		1358	3271.659325000
17		41	3271.701500000
17		1358	3271.727407000
17		1358	3271.794765000
17		41	3271.825836000
17		1358	3271.863015000
17		41	3271.887047000
17		627	3271.930897000
6	0		3271.949397000
6	1418		3271.950644000
17		41	3272.011346000
17		41	3272.135113000
17		41	3272.197163000
6	0		3272.259643000
6	1418		3272.260932000
6	1418		3272.307436000
17		41	3272.321572000
17		41	3272.383684000
17		41	3272.507379000
6	0		3272.568903000
17		906	3272.568944000
17		39	3272.569604000
6	1418		3272.570147000
17		1358	3272.572077000
6	1418		3272.616734000
17		41	3272.631415000
17		1358	3272.657806000
17		41	3272.693151000
17		1358	3272.742734000
17		41	3272.754917000
17		41	3272.817032000
17		1358	3272.826273000
17		41	3272.879054000
17		1358	3272.911706000
17		41	3272.941389000
17		1358	3272.996039000
17		41	3273.003269000
17		41	3273.065339000
17		1358	3273.079806000
17		41	3273.126909000
17		1358	3273.161247000
17		1358	3273.235861000
6	0		3273.251599000
6	1418		3273.252840000
6	1418		3273.290092000
17		1358	3273.311618000
17		41	3273.312872000
6	1418		3273.364587000
6	0		3273.375295000
17		1358	3273.387208000
17		47	3273.437471000
6	1418		3273.439082000
17		33	3273.461191000
17		1358	3273.462641000
6	1418		3273.513582000
17		1358	3273.537699000
17		41	3273.561433000
6	1418		3273.588056000
17		1358	3273.611987000
17		41	3273.623257000
6	1418		3273.662565000
6	0		3273.685369000
17		41	3273.685395000
17		1358	3273.686476000
6	1418		3273.737063000
17		41	3273.746942000
17		1358	3273.763517000
17		41	3273.808849000
6	1418		3273.811567000
17		1358	3273.839347000
17		41	3273.870842000
6	1418		3273.886062000
17		1358	3273.914067000
17		41	3273.933613000
6	1418		3273.960555000
17		1358	3273.989378000
6	1418		3274.035049000
6	0		3274.056802000
17		1358	3274.063869000
6	1418		3274.109555000
17		41	3274.119181000
17		1358	3274.139428000
6	1418		3274.184024000
17		1358	3274.215922000
17		41	3274.243213000
6	1418		3274.258514000
17		1358	3274.291180000
6	0		3274.305369000
6	1418		3274.333033000
17		1358	3274.365944000
17		41	3274.367159000
6	1418		3274.407563000
17		1358	3274.442311000
6	1418		3274.482009000
17		41	3274.491371000
17		1358	3274.516743000
6	0		3274.553520000
17		1358	3274.591903000
6	1418		3274.606174000
17		41	3274.614913000
17		1358	3274.667546000
6	1418		3274.730310000
17		41	3274.738852000
17		1358	3274.742818000
6	0		3274.801674000
17		1358	3274.818787000
6	1418		3274.854463000
17		41	3274.863427000
17		1358	3274.892976000
17		1358	3274.968474000
6	1418		3274.978633000
17		41	3274.986951000
17		1358	3275.044094000
6	0		3275.049167000
17		41	3275.049194000
6	1418		3275.102782000
17		1358	3275.119139000
17		41	3275.173027000
17		1358	3275.195279000
6	1418		3275.226938000
6	0		3275.235525000
17		1358	3275.270608000
17		41	3275.297082000
17		1358	3275.345373000
6	1418		3275.351124000
17		1358	3275.421105000
17		41	3275.421283000
6	1418		3275.475261000
6	0		3275.483460000
17		1358	3275.496120000
17		46	3275.545530000
17		33	3275.569191000
17		1358	3275.571570000
6	1418		3275.599475000
17		1358	3275.646965000
17		41	3275.669316000
6	1418		3275.692539000
17		1358	3275.722802000
6	0		3275.731456000
6	1418		3275.785665000
17		41	3275.793315000
17		1358	3275.797109000
17		668	3275.872952000
6	1418		3275.878772000
17		41	3275.917069000
6	1418		3275.971891000
6	0		3275.979216000
17		41	3276.041140000
6	1418		3276.065014000
17		41	3276.103696000
6	1418		3276.158138000
6	0		3276.227600000
17		41	3276.227627000
6	1418		3276.251222000
17		41	3276.290664000
6	1418		3276.344408000
17		41	3276.351068000
6	1418		3276.437521000
17		41	3276.474933000
6	1418		3276.530603000
17		41	3276.536914000
6	0		3276.599081000
6	1418		3276.623711000
17		41	3276.661264000
6	1418		3276.716860000
17		41	3276.785116000
6	1418		3276.809936000
17		41	3276.847217000
6	0		3276.909377000
6	1418		3276.910641000
17		41	3276.971283000
6	1418		3276.996212000
17		41	3277.033709000
17		41	3277.156899000
6	0		3277.219142000
17		41	3277.219170000
6	1418		3277.220411000
6	1418		3277.266966000
17		41	3277.281197000
17		41	3277.405478000
6	0		3277.467798000
6	1418		3277.469058000
6	1418		3277.515600000
17		46	3277.529678000
17		825	3277.529712000
17		33	3277.530409000
17		1358	3277.532274000
17		1358	3277.592870000
17		41	3277.653657000
17		1358	3277.653802000
17		1358	3277.714567000
17		41	3277.714823000
17		1358	3277.773574000
6	0		3277.776990000
6	1418		3277.778230000
6	1418		3277.824785000
17		1358	3277.834840000
17		1358	3277.895613000
6	0		3277.901061000
6	1418		3277.917916000
17		1358	3277.955295000
6	0		3277.963240000
6	1418		3278.011035000
17		1358	3278.014947000
17		1358	3278.075591000
6	0		3278.087387000
6	1418		3278.104139000
17		1358	3278.135505000
17		1358	3278.195880000
6	1418		3278.197322000
6	0		3278.211041000
17		1358	3278.257284000
6	1418		3278.290390000
17		1358	3278.316135000
6	0		3278.335696000
17		1358	3278.376737000
6	1418		3278.383492000
17		1358	3278.437989000
6	0		3278.459018000
6	1418		3278.476628000
17		1358	3278.496856000
17		1358	3278.557414000
6	1418		3278.569730000
6	0		3278.583385000
17		1358	3278.618324000
6	1418		3278.662841000
17		1358	3278.677715000
6	0		3278.707271000
17		1358	3278.739006000
6	1418		3278.755969000
17		47	3278.769581000
17		33	3278.793793000
17		1358	3278.797945000
17		41	3278.831149000
6	1418		3278.849117000
17		41	3278.893132000
17		1358	3278.899061000
6	1418		3278.942211000
17		41	3278.955278000
17		1358	3278.999358000
17		41	3279.017367000
6	1418		3279.035325000
17		1358	3279.100237000
6	1418		3279.128452000
6	0		3279.140824000
17		1358	3279.201158000
17		41	3279.203727000
6	1418		3279.221554000
17		41	3279.265428000
17		1358	3279.300541000
6	1418		3279.314689000
17		41	3279.388797000
17		1358	3279.401739000
6	0		3279.451329000
17		41	3279.451358000
17		1358	3279.502324000
17		41	3279.512945000
17		1358	3279.602549000
17		41	3279.637177000
17		1358	3279.677271000
6	0		3279.699659000
17		41	3279.699684000
17		1358	3279.752768000
17		41	3279.822963000
17		1358	3279.828034000
6	0		3279.885616000
17		1358	3279.903638000
17		41	3279.947257000
17		1358	3279.979275000
17		41	3280.009181000
17		1358	3280.054780000
17		1358	3280.128869000
17		41	3280.132928000
6	0		3280.195258000
17		1358	3280.205024000
17		41	3280.257161000
17		1358	3280.281001000
17		41	3280.319320000
17		1358	3280.356622000
17		41	3280.443134000
17		1358	3280.444079000
6	0		3280.505401000
17		41	3280.505427000
17		1358	3280.520492000
17		48	3280.567373000
17		35	3280.569155000
17		1358	3280.597734000
17		41	3280.690812000
17		1358	3280.692529000
6	0		3280.753302000
17		41	3280.815636000
17		1358	3280.817314000
17		41	3280.939801000
17		1358	3280.941636000
6	0		3281.001132000
6	1418		3281.002374000
6	1418		3281.048949000
17		41	3281.063068000
17		1358	3281.063926000
17		41	3281.187159000
17		1358	3281.188882000
6	0		3281.249489000
6	1418		3281.250744000
6	1418		3281.297300000
17		41	3281.311239000
17		1358	3281.313404000
17		41	3281.435734000
17		749	3281.437403000
17		41	3281.496869000
17		41	3281.559777000
6	0		3281.621228000
17		41	3281.621257000
6	1418		3281.622489000
17		41	3281.682887000
17		41	3281.745503000
17		41	3281.807695000
17		41	3281.869241000
17		41	3281.931056000
17		41	3281.993415000
17		41	3282.055330000
17		41	3282.117672000
17		41	3282.179527000
17		46	3282.241595000
17		33	3282.265641000
17		41	3282.302981000
17		41	3282.364947000
17		41	3282.426952000
6	0		3282.551596000
17		906	3282.551628000
17		39	3282.552356000
6	1418		3282.552844000
17		1358	3282.553158000
6	1418		3282.599397000
17		41	3282.613455000
17		1358	3282.629745000
17		41	3282.675475000
6	1418		3282.692525000
17		1358	3282.705225000
17		1358	3282.781405000
6	1418		3282.785623000
6	0		3282.799749000
17		1358	3282.856147000
17		41	3282.861626000
6	1418		3282.878768000
17		1358	3282.932643000
6	1418		3282.971874000
17		41	3282.985213000
17		1358	3283.006158000
6	0		3283.047563000
17		47	3283.047591000
6	1418		3283.065008000
17		33	3283.072068000
17		1358	3283.082374000
17		1358	3283.158127000
6	1418		3283.158164000
17		41	3283.171424000
17		1358	3283.232928000
6	0		3283.233561000
6	1418		3283.251224000
17		41	3283.295021000
17		1358	3283.309119000
6	1418		3283.344355000
17		41	3283.357486000
17		1358	3283.384304000
6	1418		3283.437458000
17		1358	3283.458231000
17		41	3283.481410000
6	1418		3283.530595000
17		1358	3283.534379000
6	0		3283.543608000
17		1358	3283.594362000
17		41	3283.605612000
6	1418		3283.623716000
17		1358	3283.655022000
17		1358	3283.714740000
6	1418		3283.716815000
17		41	3283.728802000
17		1358	3283.775435000
6	0		3283.791447000
6	1418		3283.809957000
17		1358	3283.836405000
17		41	3283.853545000
17		1358	3283.895408000
6	1418		3283.903072000
17		41	3283.914865000
17		1358	3283.956609000
6	1418		3283.996219000
17		41	3284.038792000
17		1358	3284.057455000
6	1418		3284.089285000
6	0		3284.101625000
17		41	3284.101660000
17		1358	3284.156422000
6	1418		3284.182412000
17		41	3284.225523000
17		1358	3284.257087000
6	1418		3284.275523000
6	0		3284.286860000
17		41	3284.349120000
17		1358	3284.358128000
6	1418		3284.368657000
17		1358	3284.433919000
6	1418		3284.461753000
17		41	3284.473137000
17		1358	3284.509122000
17		41	3284.534905000
6	1418		3284.554880000
17		1358	3284.584047000
6	0		3284.597617000
6	1418		3284.647995000
17		1358	3284.659040000
17		41	3284.659487000
17		41	3284.721114000
6	1418		3284.722488000
17		1358	3284.734814000
6	672		3284.782835000
6	39		3284.782867000
6	561		3284.782878000
6	0		3284.784640000
6	0		3284.784663000
6	0		3284.784666000
6	39		3284.784669000
6	67		3284.785923000
6	69		3284.786546000
6	70		3284.787878000
6	31		3284.789194000
6	1418		3284.796984000
17		851	3284.809829000
17		41	3284.845121000
6	1418		3284.871560000
6	0		3284.907267000
6	1418		3284.946068000
17		41	3284.969688000
6	1418		3285.020470000
17		41	3285.031723000
17		905	3285.031773000
17		33	3285.032521000
17		1358	3285.034301000
17		1358	3285.109886000
17		41	3285.155142000
17		1358	3285.186113000
6	0		3285.217547000
17		41	3285.217575000
17		1358	3285.261130000
17		1358	3285.336439000
17		41	3285.341469000
6	0		3285.403259000
6	1418		3285.404507000
17		1358	3285.412587000
17		41	3285.465158000
6	1418		3285.466587000
17		1358	3285.486699000
17		1358	3285.562252000
17		41	3285.588828000
17		1358	3285.638234000
6	0		3285.651642000
6	1418		3285.652907000
17		1358	3285.713231000
17		41	3285.713386000
6	1418		3285.714957000
17		1358	3285.789048000
17		41	3285.837013000
17		1358	3285.864739000
6	0		3285.899434000
6	1418		3285.900689000
17		1358	3285.939150000
6	1418		3285.947252000
17		41	3285.961183000
17		1358	3286.014936000
17		41	3286.085012000
17		1358	3286.090185000
6	0		3286.147467000
6	1418		3286.148693000
17		1358	3286.165869000
6	1418		3286.195276000
6	0		3286.209455000
6	39		3286.209488000
17		41	3286.209498000
6	0		3286.215790000
17		1358	3286.241137000
17		41	3286.333633000
17		1358	3286.335322000
6	0		3286.394837000
6	1418		3286.396141000
6	1418		3286.442686000
6	0		3286.519093000
6	1418		3286.535804000
17		47	3286.581026000
17		41	3286.581064000
17		1358	3286.583169000
6	1418		3286.628934000
17		41	3286.643236000
17		1358	3286.659031000
17		41	3286.705106000
17		1358	3286.734462000
17		41	3286.767130000
17		1358	3286.810179000
17		1358	3286.886360000
17		41	3286.891592000
6	0		3286.953767000
6	1418		3286.955022000
17		1358	3286.960439000
6	1418		3287.001717000
17		41	3287.015670000
17		1358	3287.036752000
17		41	3287.076804000
17		1358	3287.113021000
17		41	3287.139178000
17		1358	3287.189691000
17		41	3287.263021000
17		1358	3287.265846000
6	0		3287.325224000
6	1418		3287.326467000
6	1418		3287.373028000
17		41	3287.387368000
17		1358	3287.389092000
17		41	3287.449242000
17		1358	3287.451276000
17		41	3287.511418000
17		1358	3287.513178000
6	0		3287.573681000
6	1418		3287.574944000
6	1418		3287.621495000
17		41	3287.634883000
17		1358	3287.636522000
17		41	3287.697666000
17		1358	3287.699617000
17		41	3287.821153000
17		1358	3287.822844000
6	0		3287.883342000
6	1418		3287.884574000
6	1418		3287.931142000
17		41	3287.945087000
17		1358	3287.946809000
17		41	3288.007256000
17		1358	3288.048470000
6	0		3288.130900000
17		41	3288.255201000
6	0		3288.317388000
17		41	3288.379250000
17		1358	3288.380998000
17		46	3288.441431000
17		1358	3288.463917000
17		41	3288.503212000
17		1358	3288.546673000
17		41	3288.565128000
17		41	3288.627188000
17		1358	3288.628896000
6	0		3288.689380000
17		1358	3288.711901000
17		41	3288.751105000
17		1358	3288.792513000
17		41	3288.813304000
17		1358	3288.874576000
17		41	3288.875051000
17		41	3288.936880000
17		1358	3288.956994000
17		1358	3289.039977000
6	0		3289.061672000
17		41	3289.123293000
17		1358	3289.125947000
17		41	3289.185547000
17		1358	3289.208394000
17		41	3289.247398000
17		1358	3289.290642000
6	0		3289.371133000
6	1418		3289.372446000
6	1418		3289.422872000
17		41	3289.433173000
17		1358	3289.434920000
17		41	3289.495543000
17		764	3289.518065000
17		41	3289.557324000
6	0		3289.681445000
17		41	3289.681474000
6	1418		3289.682691000
6	1418		3289.733131000
17		41	3289.743841000
17		41	3289.805254000
17		41	3289.867369000
17		41	3289.929427000
17		41	3289.991775000
17		46	3290.053349000
17		33	3290.076978000
17		41	3290.114962000
17		41	3290.177130000
17		41	3290.239197000
17		41	3290.301461000
17		41	3290.363543000
17		41	3290.425599000
6	0		3290.549218000
6	1418		3290.550491000
6	1418		3290.600912000
17		41	3290.611158000
17		832	3290.673369000
17		39	3290.674055000
17		149	3290.674711000
17		1353	3290.674722000
17		1358	3290.674745000
17		1358	3290.674750000
17		1358	3290.674754000
17		1358	3290.674757000
17		1358	3290.674761000
17		1358	3290.674766000
17		1358	3290.674770000
17		1358	3290.674774000
6	1418		3290.701801000
17		1358	3290.757411000
6	0		3290.797559000
6	1418		3290.802676000
17		1358	3290.839172000
6	1418		3290.903532000
17		1358	3290.920346000
6	0		3290.920925000
17		47	3290.920956000
17		33	3290.944839000
17		41	3290.983627000
17		1358	3291.003213000
6	1418		3291.004387000
17		41	3291.045160000
17		1358	3291.067792000
6	1418		3291.105296000
17		41	3291.107585000
17		1358	3291.134575000
17		41	3291.169429000
17		1358	3291.201862000
6	1418		3291.206165000
17		41	3291.230973000
17		41	3291.293389000
6	1418		3291.307027000
17		1358	3291.311875000
17		41	3291.355530000
6	1418		3291.407911000
17		41	3291.417339000
17		1358	3291.421153000
17		1358	3291.503147000
17		41	3291.541165000
17		1358	3291.583984000
6	0		3291.603350000
6	1418		3291.604630000
17		41	3291.665024000
17		1358	3291.665988000
6	0		3291.727226000
6	1418		3291.728477000
17		1358	3291.747685000
6	1418		3291.778950000
17		41	3291.789152000
17		1358	3291.829583000
17		41	3291.851072000
17		1358	3291.911001000
17		41	3291.975142000
17		1358	3291.982921000
6	0		3292.037945000
6	1418		3292.039187000
17		1358	3292.054959000
6	1418		3292.089616000
17		41	3292.098884000
17		1358	3292.127686000
17		41	3292.161452000
17		1358	3292.200664000
17		1358	3292.272502000
6	0		3292.285552000
17		41	3292.285582000
6	1418		3292.286829000
6	1418		3292.337249000
17		1358	3292.344702000
17		41	3292.409296000
17		1358	3292.417242000
17		41	3292.471254000
6	0		3292.471296000
6	1418		3292.472511000
17		1358	3292.490699000
17		41	3292.533287000
17		1358	3292.564272000
17		46	3292.656781000
17		1358	3292.658135000
6	0		3292.719753000
6	1418		3292.721007000
6	1418		3292.771428000
17		41	3292.781374000
17		1358	3292.783108000
17		41	3292.905761000
17		1358	3292.906886000
17		41	3292.967565000
17		1358	3292.980079000
17		41	3293.029142000
17		1358	3293.053780000
6	0		3293.091522000
6	1418		3293.092770000
6	1418		3293.143206000
17		41	3293.153141000
17		1358	3293.154849000
17		41	3293.215042000
17		1358	3293.216824000
17		41	3293.277284000
17		1358	3293.279142000
17		41	3293.339129000
17		1358	3293.376926000
6	0		3293.401479000
17		41	3293.525300000
17		1358	3293.526997000
17		41	3293.587306000
17		1358	3293.600776000
6	0		3293.649450000
6	1418		3293.650750000
6	1418		3293.697167000
17		41	3293.710940000
17		1358	3293.712611000
17		41	3293.773440000
17		1358	3293.786046000
6	1418		3293.790035000
17		41	3293.835068000
17		1358	3293.859830000
6	1418		3293.882924000
6	0		3293.959390000
6	1418		3293.975852000
17		41	3294.021279000
17		1358	3294.023035000
6	1418		3294.068651000
17		41	3294.082909000
17		1358	3294.096491000
17		41	3294.144881000
17		634	3294.170505000
17		41	3294.206915000
6	0		3294.268884000
17		41	3294.330977000
17		41	3294.392914000
17		46	3294.455163000
17		33	3294.479687000
17		41	3294.517144000
17		41	3294.578796000
17		41	3294.641026000
6	0		3294.765455000
6	1418		3294.766751000
6	1418		3294.824794000
6	628		3294.827511000
17		41	3294.827537000
6	0		3294.828530000
6	69		3294.830254000
6	31		3294.830881000
6	39		3294.831508000
17		41	3294.888987000
17		905	3294.951493000
17		39	3294.952185000
17		1358	3294.955001000
17		41	3295.013294000
17		1358	3295.027971000
6	0		3295.075436000
6	1418		3295.076778000
17		1358	3295.100585000
6	1418		3295.134730000
17		1358	3295.173240000
17		41	3295.199558000
17		1358	3295.245145000
6	0		3295.261783000
17		41	3295.261811000
6	1418		3295.263040000
17		1358	3295.303092000
17		41	3295.322970000
17		1358	3295.361576000
6	1418		3295.366935000
17		1358	3295.419113000
6	0		3295.447547000
6	0		3295.447569000
6	39		3295.447574000
17		41	3295.447583000
6	0		3295.453805000
17		1358	3295.476396000
6	1418		3295.482937000
17		47	3295.508802000
17		33	3295.532313000
17		41	3295.570995000
17		1358	3295.572898000
6	1418		3295.599031000
17		1358	3295.668279000
17		41	3295.695253000
6	0		3295.757654000
6	1418		3295.758927000
17		1358	3295.765828000
17		41	3295.819587000
6	1418		3295.831190000
17		1358	3295.837182000
17		41	3295.880964000
17		1358	3295.909747000
17		1358	3295.983478000
17		41	3296.005063000
17		1358	3296.054571000
17		41	3296.066886000
17		1358	3296.127182000
6	0		3296.129139000
17		41	3296.129171000
17		41	3296.191433000
17		1358	3296.199618000
17		1358	3296.271490000
17		41	3296.314851000
17		1358	3296.343679000
6	0		3296.376903000
6	1418		3296.378165000
17		1358	3296.416295000
6	1418		3296.436212000
17		41	3296.439098000
17		1358	3296.488348000
17		1358	3296.560343000
17		41	3296.563581000
6	0		3296.624870000
6	1418		3296.626138000
17		1358	3296.633285000
6	1418		3296.684213000
17		41	3296.687245000
17		1358	3296.706540000
17		41	3296.749358000
17		1358	3296.779964000
17		41	3296.811378000
17		1358	3296.853798000
17		41	3296.873132000
17		1358	3296.927552000
17		41	3296.935254000
17		41	3296.997561000
17		1358	3296.998980000
17		41	3297.058847000
17		1358	3297.073257000
17		1358	3297.145521000
17		41	3297.183679000
17		1358	3297.217607000
6	0		3297.245246000
6	1418		3297.246514000
17		1358	3297.289606000
6	1418		3297.304566000
17		46	3297.306919000
17		33	3297.331436000
17		1358	3297.362229000
17		41	3297.369653000
6	1418		3297.420647000
17		1358	3297.421297000
17		41	3297.493600000
17		1358	3297.495412000
6	1418		3297.536700000
6	0		3297.555257000
17		41	3297.617073000
17		1358	3297.618523000
6	1418		3297.652834000
17		41	3297.679438000
17		1358	3297.716052000
17		41	3297.741167000
6	1418		3297.768877000
17		41	3297.803182000
17		1358	3297.813464000
17		41	3297.864968000
17		1358	3297.910119000
17		41	3297.926938000
17		1358	3297.983134000
17		41	3297.989209000
17		1358	3298.055981000
17		41	3298.113311000
17		1358	3298.127293000
6	0		3298.175502000
6	1418		3298.176819000
17		1358	3298.199908000
6	1418		3298.234782000
17		41	3298.237342000
17		1358	3298.271881000
17		1358	3298.344600000
17		41	3298.361121000
17		1358	3298.416565000
17		41	3298.422879000
6	0		3298.485087000
6	1418		3298.486330000
17		1358	3298.489867000
6	1418		3298.544447000
17		41	3298.546886000
17		1358	3298.562748000
17		41	3298.670821000
17		1358	3298.673159000
6	0		3298.733303000
6	1418		3298.734551000
6	1418		3298.780974000
17		41	3298.795255000
17		1358	3298.796508000
17		41	3298.857055000
17		1358	3298.869083000
6	1418		3298.873829000
17		41	3298.919549000
17		1358	3298.941792000
6	1418		3298.966721000
17		41	3298.981037000
17		1358	3299.014780000
17		1358	3299.087230000
17		46	3299.104921000
17		33	3299.129749000
17		1358	3299.159931000
6	0		3299.167631000
17		41	3299.229152000
17		1358	3299.231385000
17		41	3299.291177000
17		1358	3299.305219000
17		41	3299.353512000
17		1358	3299.378671000
17		41	3299.476872000
17		1358	3299.478602000
6	0		3299.539211000
6	1418		3299.540457000
17		41	3299.601635000
17		1358	3299.603301000
17		41	3299.663655000
17		1358	3299.665069000
6	0		3299.787449000
6	1418		3299.788738000
17		41	3299.849337000
17		1358	3299.851034000
6	1418		3299.859955000
17		41	3299.910887000
17		1358	3299.948637000
17		41	3299.972925000
6	0		3300.035304000
6	1418		3300.036523000
17		1358	3300.046062000
17		41	3300.096923000
17		1358	3300.143296000
6	1418		3300.144764000
17		41	3300.159350000
17		1358	3300.215901000
17		41	3300.221099000
17		41	3300.283035000
17		1358	3300.289154000
17		41	3300.345364000
17		1358	3300.362241000
17		41	3300.407330000
17		1358	3300.434888000
17		1358	3300.506700000
17		41	3300.594835000
17		1358	3300.597148000
17		41	3300.781323000
6	0		3300.781358000
6	1418		3300.782582000
17		1358	3300.783077000
17		41	3300.968417000
17		41	3301.342722000
6	1418		3301.443656000
6	0		3301.529156000
6	1418		3301.530430000
6	1418		3301.657280000
17		46	3301.716198000
17		33	3301.740037000
6	1418		3301.799689000
17		41	3301.902935000
17		41	3302.089976000
6	0		3302.277570000
17		41	3302.464675000
17		41	3302.651857000
17		41	3302.838130000
17		1358	3302.839888000
17		41	3303.025017000
17		41	3303.025059000
17		1358	3303.026788000
17		41	3303.212347000
17		1358	3303.214231000
17		41	3303.399333000
17		1358	3303.400775000
17		41	3303.773401000
17		1358	3303.775050000
6	0		3303.960712000
6	1418		3303.961990000
6	0		3304.334587000
6	1418		3304.335890000
6	1418		3304.407111000
17		41	3304.708691000
17		1358	3304.710417000
17		1358	3304.769814000
17		1358	3304.827726000
17		1358	3304.885388000
17		41	3304.895427000
6	0		3304.895455000
6	596		3304.895464000
6	0		3304.896563000
6	1418		3304.896670000
6	69		3304.899289000
6	31		3304.899919000
6	39		3304.900513000
17		1358	3304.942368000
17		1358	3305.000278000
17		1358	3305.058073000
17		41	3305.082333000
17		1358	3305.115863000
17		1358	3305.174521000
17		1358	3305.231460000
17		41	3305.269488000
17		1358	3305.290033000
17		1358	3305.347692000
17		1358	3305.405400000
17		1358	3305.462421000
17		1358	3305.521196000
17		1358	3305.578241000
17		1358	3305.636164000
6	0		3305.642985000
6	1418		3305.644247000
6	1418		3305.715463000
6	1418		3305.857867000
6	1418		3306.000281000
17		41	3306.017806000
17		1358	3306.019512000
17		1358	3306.078114000
6	1418		3306.142707000
17		41	3306.204334000
6	0		3306.204367000
17		1358	3306.206010000
17		1358	3306.264165000
6	1418		3306.285110000
17		41	3306.391024000
17		1358	3306.392694000
6	1418		3306.427544000
17		1358	3306.451388000
6	1418		3306.569927000
17		41	3306.578592000
17		1358	3306.580933000
17		1358	3306.640677000
6	1418		3306.712333000
6	0		3306.765601000
6	39		3306.765635000
6	0		3306.771979000
6	1418		3306.854760000
17		41	3306.952589000
17		1358	3306.954165000
17		1358	3307.013083000
17		41	3307.139372000
6	0		3307.139401000
6	1418		3307.140641000
17		1358	3307.141009000
17		1358	3307.200111000
17		41	3307.326341000
17		1358	3307.327811000
17		1358	3307.424566000
17		41	3307.513492000
17		1358	3307.521630000
17		1358	3307.618365000
17		41	3307.699917000
17		1358	3307.716125000
17		1358	3307.813349000
17		41	3307.887742000
17		1358	3307.909453000
17		1358	3308.006066000
17		41	3308.074590000
17		1358	3308.103899000
17		1358	3308.201271000
17		41	3308.261308000
17		1358	3308.297500000
17		1358	3308.395487000
17		46	3308.448024000
17		33	3308.472399000
17		1358	3308.491232000
17		1358	3308.587236000
17		41	3308.635700000
17		1358	3308.684304000
17		528	3308.755702000
17		41	3308.822540000
17		41	3309.008967000
6	0		3309.383440000
6	39		3309.383467000
6	1418		3309.384698000
6	0		3309.384738000
6	1418		3309.455961000
6	1418		3309.598322000
6	1418		3309.740735000
6	0		3309.757572000
6	1418		3309.883144000
17		41	3309.944148000
6	1418		3310.025552000
17		41	3310.131432000
6	1418		3310.168015000
6	1418		3310.310370000
17		41	3310.505863000
17		41	3310.692310000
6	0		3310.692346000
17		41	3310.879202000
17		35	3310.880987000
17		41	3311.066426000
6	0		3311.253592000
17		41	3311.253623000
17		41	3311.626966000
17		41	3311.814452000
6	0		3311.814484000
6	0		3312.188129000
17		41	3312.375107000
17		41	3312.562434000
17		41	3312.936802000
17		41	3313.123361000
6	0		3313.123391000
17		41	3313.310495000
17		41	3313.497589000
17		41	3313.684848000
17		41	3313.871638000
17		41	3314.058417000
17		41	3314.245660000
17		823	3314.245697000
17		34	3314.246511000
17		33	3314.247253000
17		1358	3314.249650000
17		1358	3314.323995000
17		1358	3314.396974000
17		41	3314.432856000
17		1358	3314.470093000
17		1358	3314.543271000
17		1358	3314.616368000
17		41	3314.619213000
17		1358	3314.690093000
17		1358	3314.763174000
17		41	3314.806167000
6	626		3314.806201000
6	0		3314.807485000
6	69		3314.809223000
6	31		3314.809839000
6	39		3314.810449000
17		41	3314.993321000
6	127		3314.993354000
6	1101		3314.993361000
6	0		3314.994589000
6	68		3314.999764000
6	93		3315.000384000
17		41	3315.180777000
17		41	3315.367340000
17		41	3315.554240000
17		41	3315.741570000
6	0		3316.115262000
6	1418		3316.116540000
6	0		3316.489180000
6	1418		3316.490428000
6	1418		3316.562858000
6	1418		3316.707817000
6	1418		3316.852555000
6	0		3316.863488000
6	1418		3316.997484000
17		823	3317.050257000
17		37	3317.052111000
6	1418		3317.142290000
6	0		3317.237815000
17		41	3317.237841000
6	1418		3317.287120000
17		47	3317.424115000
17		35	3317.426195000
6	1418		3317.431987000
6	1418		3317.576862000
17		41	3317.611578000
6	1418		3317.721702000
17		41	3317.798407000
6	1418		3317.866565000
17		41	3317.985109000
17		1358	3317.987209000
6	1418		3318.011416000
17		41	3318.172059000
17		1358	3318.173144000
17		41	3318.359758000
17		1358	3318.361576000
17		41	3318.546433000
6	1101		3318.546464000
6	0		3318.547525000
17		1358	3318.547785000
6	93		3318.554841000
17		1358	3318.622123000
6	0		3318.733885000
6	39		3318.733907000
6	0		3318.734974000
6	0		3319.107896000
6	1418		3319.109160000
6	1418		3319.167095000
6	1418		3319.282995000
6	1418		3319.398850000
6	0		3319.481686000
6	1418		3319.514731000
6	1418		3319.630598000
6	1418		3319.746483000
6	0		3319.855411000
6	1418		3319.862357000
6	1418		3319.978245000
6	1418		3320.094157000
6	1418		3320.210036000
6	0		3320.229807000
6	1418		3320.325851000
6	1418		3320.441759000
6	1418		3320.557685000
6	0		3320.603414000
6	1418		3320.673512000
6	1418		3320.789371000
6	1418		3320.905260000
6	0		3320.977917000
6	1418		3321.021132000
6	1418		3321.137010000
17		41	3321.163954000
17		1358	3321.165717000
17		1358	3321.225267000
6	1418		3321.252905000
17		1358	3321.283833000
17		1358	3321.342574000
6	1418		3321.368772000
17		1358	3321.401418000
17		1358	3321.460119000
6	1418		3321.484668000
17		1358	3321.517916000
17		41	3321.538810000
17		1358	3321.576955000
6	1418		3321.600538000
17		1358	3321.635453000
17		1358	3321.694430000
6	1418		3321.716453000
6	0		3321.725342000
17		41	3321.725370000
17		1358	3321.752582000
17		1358	3321.811233000
6	1418		3321.832421000
17		1358	3321.868741000
6	0		3321.912044000
17		1358	3321.927665000
6	1418		3321.948187000
17		1358	3321.986753000
17		1358	3322.045491000
6	1418		3322.064040000
17		41	3322.099175000
17		1358	3322.104447000
17		1358	3322.162922000
6	1418		3322.179968000
17		1358	3322.221497000
17		1358	3322.278876000
6	0		3322.286623000
6	1418		3322.295821000
17		1358	3322.338542000
17		1358	3322.396695000
6	1418		3322.411671000
17		1358	3322.455493000
17		1358	3322.514248000
6	1418		3322.527573000
17		1358	3322.572529000
17		1358	3322.631294000
6	0		3322.660099000
17		1358	3322.689812000
6	1418		3322.720699000
17		1358	3322.748339000
17		1358	3322.806841000
17		1358	3322.865391000
6	1418		3322.913836000
17		1358	3322.923910000
17		1358	3322.983013000
6	0		3323.034470000
17		1358	3323.040779000
17		1358	3323.099316000
6	1418		3323.106959000
17		1358	3323.157932000
17		1358	3323.216568000
17		1358	3323.275323000
6	1418		3323.300121000
17		1358	3323.333954000
17		1358	3323.392648000
6	0		3323.408121000
17		1358	3323.450657000
6	1418		3323.493299000
17		1358	3323.509345000
17		1358	3323.567994000
17		1358	3323.626804000
17		1358	3323.685451000
6	1418		3323.686341000
17		1358	3323.745016000
6	0		3323.782581000
17		1358	3323.802832000
6	1418		3323.879512000
6	1418		3324.072627000
6	0		3324.156151000
6	1418		3324.265771000
6	1418		3324.458909000
6	0		3324.530362000
6	0		3324.904564000
6	696		3324.904599000
6	0		3324.905655000
6	67		3324.907587000
6	31		3324.908193000
6	39		3324.908796000
6	0		3325.278458000
17		41	3325.652013000
17		1358	3325.653407000
17		1358	3325.713234000
6	0		3325.839007000
17		41	3325.839039000
17		1358	3325.840717000
17		1358	3325.900461000
17		41	3326.213125000
17		1358	3326.214865000
17		1358	3326.274325000
17		41	3326.400300000
6	0		3326.400343000
17		1358	3326.402013000
17		1358	3326.461546000
17		41	3326.774839000
17		1358	3326.776572000
17		1358	3326.835764000
17		41	3326.961328000
6	0		3326.961358000
17		1358	3326.962483000
17		1358	3327.022048000
17		41	3327.335457000
17		1358	3327.336889000
17		1358	3327.435001000
6	0		3327.522155000
17		1358	3327.533302000
17		1358	3327.630974000
17		41	3327.709461000
17		1358	3327.727934000
17		1358	3327.826563000
17		41	3327.896246000
17		1358	3327.924274000
17		1358	3328.022656000
17		46	3328.270025000
17		1358	3328.271668000
17		1358	3328.369892000
17		41	3328.457318000
6	0		3328.457350000
17		1358	3328.468068000
17		1358	3328.566554000
17		41	3328.830927000
17		1358	3328.832678000
17		1358	3328.931657000
17		41	3329.018240000
6	0		3329.018269000
17		1358	3329.029417000
17		1358	3329.127636000
6	39		3329.306242000
17		41	3329.392141000
17		1358	3329.393927000
17		1358	3329.492159000
17		41	3329.579333000
6	0		3329.579377000
17		1358	3329.590863000
17		1358	3329.689202000
6	696		3329.766344000
6	0		3329.767456000
17		41	3329.953596000
17		1358	3329.955310000
17		1358	3330.053676000
17		41	3330.140243000
6	0		3330.140274000
17		1358	3330.151726000
17		1358	3330.249899000
17		41	3330.327872000
17		1358	3330.348274000
17		1358	3330.422688000
17		41	3330.513981000
17		1358	3330.515674000
17		1358	3330.589929000
6	0		3330.701254000
6	1418		3330.702523000
6	1418		3330.774955000
17		41	3330.888612000
17		1358	3330.890880000
17		1358	3330.965166000
17		41	3331.075398000
17		1358	3331.077065000
17		1358	3331.151449000
17		41	3331.449867000
17		41	3331.636300000
6	0		3331.636346000
6	1418		3331.637597000
6	1418		3331.710025000
17		41	3332.010528000
17		41	3332.197282000
6	0		3332.197314000
6	1418		3332.198545000
6	1418		3332.270964000
17		41	3332.384030000
17		41	3332.758416000
17		41	3332.945282000
6	0		3332.945318000
6	1418		3332.946581000
6	1418		3333.018996000
17		41	3333.132118000
17		36	3333.133903000
17		41	3333.319552000
17		41	3333.506271000
6	0		3333.506304000
6	1418		3333.507574000
6	1418		3333.580074000
17		41	3333.693426000
17		41	3333.880635000
17		41	3334.254171000
17		41	3334.441279000
6	0		3334.441311000
6	1418		3334.442539000
6	1418		3334.514984000
17		41	3334.627960000
17		41	3335.002506000
17		41	3335.189488000
6	0		3335.189520000
6	1418		3335.190869000
6	1418		3335.263279000
17		41	3335.376034000
17		41	3335.562973000
17		41	3335.749981000
17		41	3335.937313000
6	0		3335.937347000
6	1418		3335.938601000
6	1418		3336.011037000
17		41	3336.124404000
17		41	3336.498839000
17		41	3336.685330000
6	0		3336.685367000
6	1418		3336.686607000
6	1418		3336.759036000
6	137		3336.986191000
6	0		3337.059748000
6	1418		3337.061013000
6	1418		3337.133456000
6	1418		3337.278294000
6	1418		3337.423155000
6	0		3337.433183000
6	0		3337.433220000
6	0		3337.433231000
6	0		3337.433237000
6	39		3337.433243000
6	0		3337.434317000
6	1418		3337.568020000
17		41	3337.620638000
6	1418		3337.712853000
17		41	3337.807458000
6	1418		3337.857715000
17		41	3337.994582000
6	1418		3338.002568000
17		47	3338.181524000
17		35	3338.205767000
17		42	3338.368804000
17		42	3338.555194000
17		42	3338.742298000
17		42	3338.929503000
17		43	3339.116811000
17		43	3339.303087000
17		43	3339.490270000
17		43	3339.677700000
17		43	3339.864727000
17		43	3340.050961000
17		43	3340.238288000
17		43	3340.425402000
17		43	3340.612754000
17		43	3340.799786000
17		43	3340.986157000
17		42	3341.173491000
17		41	3341.360654000
17		41	3341.546931000
17		41	3341.734256000
17		46	3341.921454000
17		35	3341.946104000
17		41	3342.108817000
6	0		3342.295633000
17		41	3342.295660000
17		42	3342.482632000
17		42	3342.669056000
17		43	3342.856144000
17		43	3343.043475000
17		43	3343.229945000
17		43	3343.417969000
17		43	3343.604161000
17		43	3343.791770000
17		43	3343.978049000
17		43	3344.165187000
17		43	3344.352340000
17		1358	3344.354085000
6	0		3344.538931000
6	1418		3344.540178000
6	1418		3344.612607000
6	0		3344.726760000
6	1418		3344.757488000
6	1418		3344.902309000
17		43	3344.913144000
6	571		3344.913183000
6	0		3344.914243000
17		1358	3344.914551000
6	69		3344.915486000
6	31		3344.916129000
6	39		3344.916719000
6	1418		3345.047190000
17		43	3345.100798000
17		1358	3345.102518000
6	1418		3345.192046000
17		43	3345.287801000
17		1358	3345.289582000
6	1418		3345.336900000
17		43	3345.474315000
17		1358	3345.476033000
6	1418		3345.481747000
6	1418		3345.626633000
6	0		3345.661020000
6	1418		3345.771468000
6	0		3345.848348000
6	1418		3345.916337000
6	0		3346.035065000
6	1418		3346.061186000
6	1418		3346.206046000
6	0		3346.221964000
6	1418		3346.350894000
6	0		3346.409292000
6	1418		3346.495761000
6	0		3346.596226000
6	1418		3346.640613000
6	0		3346.783030000
6	1418		3346.785436000
6	1418		3346.930296000
6	0		3346.970310000
6	1418		3347.075181000
6	0		3347.157568000
6	1418		3347.220048000
6	0		3347.344454000
6	1418		3347.364897000
6	1418		3347.509804000
6	0		3347.531161000
6	1418		3347.654598000
6	0		3347.717981000
6	1418		3347.799528000
6	0		3347.905290000
6	0		3347.905316000
6	1418		3347.944380000
6	1418		3348.089166000
6	0		3348.092416000
6	1418		3348.234033000
6	0		3348.279360000
6	1418		3348.378874000
6	0		3348.466647000
6	1418		3348.523749000
6	0		3348.653350000
6	1418		3348.668627000
6	1418		3348.813443000
6	1418		3348.958321000
6	0		3349.026983000
6	1418		3349.103168000
6	0		3349.214398000
6	1418		3349.248068000
6	1418		3349.392902000
6	0		3349.401787000
6	1418		3349.537720000
6	1418		3349.682578000
6	0		3349.775347000
6	1418		3349.827436000
17		42	3349.962069000
17		1358	3349.963791000
6	1418		3349.972290000
17		1358	3350.038223000
17		1358	3350.110909000
6	1418		3350.117161000
17		1358	3350.184199000
17		1358	3350.257701000
6	1418		3350.262023000
17		1358	3350.330410000
6	0		3350.336691000
17		1358	3350.404173000
6	1418		3350.406859000
17		1358	3350.477010000
17		1358	3350.550655000
6	1418		3350.551702000
17		1358	3350.623605000
6	1418		3350.696584000
17		1358	3350.696805000
6	0		3350.710040000
17		1358	3350.769578000
6	1418		3350.841447000
17		369	3350.843770000
6	0		3350.897097000
6	0		3350.897120000
17		41	3350.897127000
6	1418		3350.986271000
6	0		3351.084484000
6	39		3351.084513000
6	0		3351.090728000
6	1418		3351.131172000
6	1418		3351.247033000
17		46	3351.271099000
17		34	3351.295058000
6	1418		3351.362910000
6	0		3351.458575000
6	1418		3351.478792000
6	1418		3351.594667000
17		41	3351.645264000
6	1418		3351.710542000
6	1418		3351.826414000
6	1418		3351.942299000
17		41	3352.019591000
6	1418		3352.058178000
6	1418		3352.174052000
6	0		3352.206888000
6	1418		3352.289954000
6	1418		3352.405815000
6	1418		3352.521686000
6	0		3352.580535000
6	1418		3352.637565000
6	1418		3352.753457000
6	1418		3352.869320000
6	0		3352.954081000
6	1418		3352.985185000
6	1418		3353.101097000
6	1418		3353.216969000
6	0		3353.328639000
6	1418		3353.332834000
6	1418		3353.448720000
6	1418		3353.564594000
6	1418		3353.680483000
6	0		3353.702276000
6	1418		3353.796348000
6	1418		3353.912225000
6	1418		3354.028130000
6	0		3354.075944000
6	1418		3354.143983000
6	1418		3354.259861000
6	1418		3354.375748000
6	0		3354.450433000
6	1418		3354.491625000
6	1418		3354.607499000
6	1418		3354.723370000
6	0		3354.824008000
6	1418		3354.839237000
6	1418		3354.955141000
6	1418		3355.071002000
6	1418		3355.186884000
6	0		3355.198832000
6	1418		3355.302774000
6	1418		3355.418618000
6	1418		3355.534496000
6	0		3355.572366000
6	1418		3355.650408000
6	1418		3355.766279000
6	0		3355.946040000
6	0		3356.320228000
6	0		3356.694792000
6	0		3357.068427000
6	0		3357.442026000
6	0		3357.816681000
17		41	3358.003797000
17		41	3358.190315000
17		41	3358.377210000
6	0		3358.564545000
17		41	3358.751054000
17		906	3358.751085000
17		34	3358.751836000
17		1358	3358.752510000
17		1358	3358.826253000
17		1358	3358.900619000
17		41	3358.938404000
6	0		3358.938433000
17		1358	3358.973320000
17		1358	3359.046636000
17		1358	3359.119718000
17		1358	3359.193101000
17		1358	3359.266599000
17		41	3359.312232000
17		1358	3359.339414000
17		1358	3359.413252000
17		1358	3359.485430000
17		41	3359.499309000
6	0		3359.499348000
17		1358	3359.559552000
17		1358	3359.631961000
17		1358	3359.705869000
17		1358	3359.778741000
17		1358	3359.852147000
17		41	3359.873299000
17		1358	3359.924978000
17		1358	3359.998203000
17		41	3360.060319000
6	0		3360.060349000
17		41	3360.434163000
6	0		3360.527376000
17		41	3360.620386000
17		41	3360.713346000
6	39		3360.713388000
6	0		3360.714430000
17		41	3360.806418000
6	0		3360.898944000
6	0		3361.085375000
6	0		3361.271778000
6	0		3361.457143000
6	0		3361.643552000
6	0		3361.828949000
6	0		3362.015369000
6	0		3362.201223000
6	0		3362.293990000
6	0		3362.480273000
6	1418		3362.481601000
6	0		3362.666076000
6	1418		3362.667331000
6	1418		3362.748868000
6	0		3362.852342000
6	1418		3362.911770000
6	0		3363.038407000
6	1418		3363.074714000
6	0		3363.224710000
6	1418		3363.237664000
6	1418		3363.400631000
6	0		3363.410116000
6	1418		3363.563577000
6	0		3363.596200000
6	1418		3363.726513000
6	0		3363.782181000
6	1418		3363.889484000
6	0		3363.968073000
6	1418		3364.052423000
6	0		3364.153811000
6	1418		3364.215367000
6	0		3364.340797000
6	1418		3364.376776000
6	0		3364.526297000
6	1418		3364.536660000
6	1418		3364.693652000
17		47	3364.712485000
17		34	3364.736921000
6	0		3364.805645000
17		41	3364.805672000
6	697		3364.805680000
6	39		3364.805685000
6	0		3364.806722000
6	0		3364.806734000
6	39		3364.807338000
6	67		3364.809305000
6	31		3364.809922000
6	39		3364.810509000
6	1418		3364.847675000
6	620		3364.898233000
6	143		3364.898263000
17		41	3364.898270000
6	0		3364.899905000
6	69		3364.901005000
6	31		3364.901642000
17		41	3364.990898000
6	1418		3364.998966000
17		41	3365.084722000
6	1418		3365.150298000
17		41	3365.177877000
17		41	3365.270519000
6	1418		3365.301621000
17		41	3365.363646000
6	1418		3365.452922000
17		41	3365.456114000
17		41	3365.549211000
6	1418		3365.604262000
17		41	3365.642475000
17		41	3365.735677000
6	1418		3365.755552000
17		41	3365.828579000
17		1358	3365.830294000
6	1418		3365.906873000
17		41	3365.921721000
17		1358	3365.923386000
17		41	3366.014068000
17		1358	3366.015133000
6	1418		3366.058183000
17		41	3366.106880000
17		1358	3366.108429000
17		41	3366.200684000
17		1358	3366.202380000
6	1418		3366.209564000
6	0		3366.386089000
6	1418		3366.387330000
6	1418		3366.481940000
6	0		3366.572797000
6	1418		3366.602949000
6	1418		3366.723995000
6	0		3366.758339000
6	1418		3366.845102000
6	0		3366.851510000
6	1418		3366.966103000
6	0		3367.037804000
6	1418		3367.087134000
6	1418		3367.208256000
6	0		3367.223554000
6	1418		3367.329266000
6	0		3367.408982000
6	1418		3367.450292000
6	0		3367.502265000
6	1418		3367.571340000
6	0		3367.595672000
6	0		3367.595700000
6	0		3367.595711000
6	39		3367.595717000
6	0		3367.602120000
6	0		3367.687901000
6	0		3367.687931000
6	1418		3367.692499000
6	1418		3367.813502000
6	0		3367.873962000
6	1418		3367.934493000
6	1418		3368.055622000
6	0		3368.059915000
6	1418		3368.176615000
6	0		3368.246271000
6	1418		3368.297663000
17		41	3368.338870000
17		1358	3368.340630000
17		1358	3368.414361000
6	1418		3368.418718000
17		1358	3368.488287000
17		41	3368.524847000
6	1418		3368.539750000
17		1358	3368.560782000
6	0		3368.618291000
17		1358	3368.635173000
6	1418		3368.660825000
17		1358	3368.707027000
17		41	3368.711389000
17		1358	3368.781077000
6	1418		3368.781888000
17		46	3368.804087000
17		34	3368.828720000
17		1358	3368.853415000
6	0		3368.897357000
6	1418		3368.902939000
17		1358	3368.927236000
17		1358	3369.000664000
6	1418		3369.023973000
17		1358	3369.073451000
6	0		3369.083770000
6	1418		3369.145015000
17		1358	3369.147588000
17		1358	3369.220363000
6	0		3369.268945000
17		1358	3369.293731000
6	1418		3369.346819000
17		1358	3369.365965000
17		1358	3369.440150000
6	0		3369.455301000
17		1358	3369.513190000
6	1418		3369.548546000
17		1358	3369.587579000
6	0		3369.641627000
17		1358	3369.659680000
17		1358	3369.732323000
6	1418		3369.748516000
17		1358	3369.806647000
6	0		3369.827808000
17		1358	3369.878578000
6	1418		3369.943459000
17		1358	3369.952882000
6	0		3370.013090000
17		1358	3370.025725000
17		1358	3370.098912000
6	1418		3370.138154000
17		1358	3370.172977000
6	0		3370.199355000
17		1358	3370.244942000
17		1358	3370.319062000
6	1418		3370.333008000
6	0		3370.385357000
17		1358	3370.391726000
17		1358	3370.465059000
6	1418		3370.471899000
17		1358	3370.537756000
17		41	3370.570992000
6	1418		3370.609688000
17		1358	3370.611939000
6	0		3370.663984000
17		41	3370.664019000
17		1358	3370.683831000
6	1418		3370.744161000
17		1358	3370.757701000
17		1358	3370.832081000
17		41	3370.850312000
6	1418		3370.876618000
17		1358	3370.904813000
6	0		3370.943552000
17		1358	3370.977694000
6	1418		3371.008950000
17		41	3371.035968000
17		1358	3371.050662000
17		1358	3371.124561000
17		41	3371.129348000
6	1418		3371.141340000
17		1358	3371.197487000
17		41	3371.222422000
17		1358	3371.270171000
6	1418		3371.273803000
17		41	3371.315072000
17		1358	3371.343915000
6	1418		3371.406230000
6	0		3371.408253000
17		1358	3371.416956000
17		1358	3371.490634000
17		41	3371.501229000
6	1418		3371.538541000
17		1358	3371.562902000
17		1358	3371.636765000
6	1418		3371.670948000
17		41	3371.687074000
17		1358	3371.709492000
17		41	3371.779983000
17		1358	3371.781681000
6	1418		3371.803398000
17		1358	3371.856035000
6	0		3371.872920000
17		1358	3371.929666000
6	1418		3371.935750000
17		41	3371.966690000
17		1358	3372.003469000
6	1418		3372.068139000
17		1358	3372.076215000
17		1358	3372.149396000
17		41	3372.152920000
6	1418		3372.200538000
17		1358	3372.222082000
17		41	3372.245754000
17		1358	3372.295928000
6	1418		3372.331929000
17		41	3372.338243000
17		1358	3372.368893000
6	0		3372.431529000
17		1358	3372.442454000
6	1418		3372.463389000
17		1358	3372.514476000
17		41	3372.524212000
17		1358	3372.588809000
6	1418		3372.594707000
17		41	3372.617681000
17		1358	3372.662643000
6	1418		3372.726076000
17		1358	3372.734435000
17		41	3372.802892000
17		1358	3372.808215000
6	1418		3372.857471000
17		1358	3372.880724000
17		41	3372.896512000
17		1358	3372.954539000
6	1418		3372.988838000
17		41	3372.988983000
17		785	3373.027660000
6	0		3373.082363000
6	1418		3373.120215000
17		46	3373.174903000
17		33	3373.198856000
6	1418		3373.251614000
17		41	3373.268292000
6	127		3373.268328000
6	1101		3373.268339000
6	0		3373.269845000
6	0		3373.269873000
6	68		3373.275873000
6	93		3373.276494000
6	39		3373.278240000
6	1418		3373.382973000
17		41	3373.454596000
6	1418		3373.514369000
17		41	3373.547151000
17		41	3373.640469000
6	1418		3373.645784000
6	0		3373.732956000
6	1418		3373.777121000
17		41	3373.826002000
6	1418		3373.908572000
17		41	3373.919258000
17		41	3374.011906000
6	1418		3374.039886000
17		41	3374.104828000
6	1418		3374.171259000
17		41	3374.198128000
6	0		3374.291701000
6	1418		3374.302648000
17		41	3374.384614000
6	1418		3374.434037000
6	1418		3374.565479000
17		41	3374.570229000
17		41	3374.662854000
6	1418		3374.696933000
6	0		3374.756130000
6	1418		3374.828168000
17		41	3374.849109000
17		41	3374.942239000
6	1418		3374.959566000
6	1418		3375.090937000
17		41	3375.128689000
17		41	3375.221127000
6	1418		3375.222309000
6	0		3375.314576000
6	1418		3375.353687000
17		41	3375.407433000
6	1418		3375.485076000
17		41	3375.593237000
17		41	3375.686390000
6	0		3375.778841000
17		46	3375.871808000
17		33	3375.896288000
17		41	3376.058478000
17		41	3376.150864000
6	0		3376.244081000
17		41	3376.337014000
17		41	3376.430114000
17		41	3376.616512000
17		41	3376.709556000
6	0		3376.802277000
17		41	3376.894850000
17		41	3377.081233000
6	0		3377.174684000
17		41	3377.267668000
17		41	3377.360622000
17		41	3377.546271000
17		41	3377.639284000
6	0		3377.732999000
17		41	3377.825691000
17		41	3377.918747000
17		41	3378.104128000
17		41	3378.197148000
6	0		3378.290969000
17		41	3378.383565000
17		41	3378.476576000
17		825	3378.476601000
17		33	3378.477254000
17		33	3378.477936000
17		1358	3378.481315000
17		41	3378.568920000
17		1358	3378.607160000
6	0		3378.661962000
17		1358	3378.731574000
17		42	3378.755577000
17		42	3378.848790000
17		1358	3378.856995000
17		1358	3378.981577000
17		42	3379.033933000
17		1358	3379.106224000
6	0		3379.127140000
6	0		3379.219987000
6	39		3379.220013000
6	0		3379.225747000
17		1358	3379.231788000
6	0		3379.312887000
17		1358	3379.355939000
17		1358	3379.481117000
6	0		3379.499377000
17		1358	3379.605873000
6	0		3379.685689000
17		1358	3379.730454000
17		1358	3379.855370000
6	0		3379.870890000
17		1358	3379.981006000
6	0		3380.056883000
6	1418		3380.058157000
17		1358	3380.105858000
17		1358	3380.230260000
6	0		3380.243285000
6	1418		3380.244585000
6	1418		3380.310238000
17		1358	3380.355018000
6	0		3380.429667000
6	1418		3380.441726000
17		1358	3380.480702000
6	1418		3380.573001000
17		1358	3380.605261000
6	0		3380.615068000
6	1418		3380.704373000
17		1358	3380.730112000
6	0		3380.801645000
17		41	3380.801673000
6	1418		3380.835804000
17		47	3380.893879000
17		33	3380.918746000
6	1418		3380.967131000
17		41	3380.987217000
17		41	3381.080354000
6	1418		3381.098520000
17		41	3381.173692000
6	1418		3381.229912000
17		41	3381.266704000
17		41	3381.359021000
6	1418		3381.361281000
17		41	3381.452229000
6	1418		3381.492687000
17		41	3381.545486000
6	1418		3381.624050000
17		41	3381.637844000
17		41	3381.731063000
6	1418		3381.755422000
17		41	3381.824423000
6	1418		3381.886806000
17		41	3381.917627000
17		41	3382.103232000
6	0		3382.103263000
6	1418		3382.104500000
6	1418		3382.170176000
17		41	3382.196309000
17		1358	3382.197996000
6	1418		3382.301552000
6	0		3382.382470000
17		41	3382.382501000
17		1358	3382.384138000
6	1418		3382.432950000
6	1418		3382.564319000
17		41	3382.568211000
17		1358	3382.570230000
6	0		3382.661859000
6	1418		3382.695731000
17		41	3382.754007000
17		1358	3382.755738000
6	1418		3382.827099000
17		41	3382.940256000
17		1358	3382.941980000
6	1418		3382.958456000
6	0		3383.033631000
6	1418		3383.089850000
6	0		3383.219367000
6	1418		3383.221231000
6	1418		3383.352600000
6	0		3383.405614000
6	1418		3383.484007000
6	0		3383.591489000
6	1418		3383.615396000
6	1418		3383.746756000
6	0		3383.776849000
6	1418		3383.878133000
6	0		3383.963356000
6	1418		3384.009519000
17		41	3384.056342000
17		1358	3384.058084000
6	1418		3384.140911000
17		1358	3384.159095000
17		41	3384.242152000
17		1358	3384.258553000
6	1418		3384.272277000
6	0		3384.335506000
17		1358	3384.358800000
6	1418		3384.400664000
17		1358	3384.458092000
17		46	3384.521113000
6	1418		3384.529185000
17		33	3384.545034000
17		1358	3384.559117000
6	0		3384.614655000
6	1418		3384.657462000
17		1358	3384.658483000
17		41	3384.707506000
17		1358	3384.758152000
6	1418		3384.782994000
17		41	3384.800294000
17		1358	3384.858126000
6	0		3384.893534000
6	1418		3384.908554000
17		1358	3384.957532000
6	1418		3385.034065000
17		1358	3385.058176000
6	0		3385.078974000
17		1358	3385.158094000
6	1418		3385.159570000
17		1358	3385.258136000
6	0		3385.264954000
6	1418		3385.285121000
17		1358	3385.358377000
6	1418		3385.410645000
6	0		3385.451515000
17		1358	3385.457560000
6	1418		3385.536184000
17		1358	3385.558059000
6	0		3385.637668000
17		1358	3385.657748000
6	1418		3385.661705000
17		41	3385.730231000
17		1358	3385.757418000
6	1418		3385.787236000
6	1418		3385.912801000
17		41	3385.916445000
17		1358	3385.924963000
6	0		3386.009014000
17		41	3386.009052000
6	1418		3386.038323000
17		1358	3386.090905000
6	1418		3386.163847000
17		41	3386.195193000
17		1358	3386.257496000
6	0		3386.288395000
6	1418		3386.289359000
17		41	3386.381698000
6	1418		3386.414911000
17		1358	3386.423695000
6	1418		3386.540478000
17		41	3386.566971000
17		1358	3386.589784000
6	0		3386.659980000
6	1418		3386.665964000
17		41	3386.753094000
17		1358	3386.756463000
6	1418		3386.791488000
17		41	3386.846554000
6	1418		3386.917054000
17		1358	3386.923345000
17		41	3386.939054000
6	0		3387.031864000
6	1418		3387.042552000
17		741	3387.089353000
17		41	3387.125765000
6	1418		3387.168141000
6	1418		3387.293632000
17		41	3387.311300000
17		41	3387.403963000
6	1418		3387.419148000
6	0		3387.497461000
6	1418		3387.544713000
17		41	3387.590434000
6	1418		3387.670198000
17		41	3387.776121000
6	1418		3387.795760000
6	0		3387.868868000
6	1418		3387.921276000
17		41	3387.961934000
6	1418		3388.046829000
17		41	3388.148106000
6	1418		3388.172413000
17		41	3388.241236000
6	1418		3388.272780000
6	0		3388.333865000
6	1418		3388.373214000
17		46	3388.427181000
17		33	3388.451227000
6	1418		3388.473633000
6	1418		3388.574137000
6	0		3388.613263000
17		41	3388.613319000
6	1418		3388.674502000
17		825	3388.706305000
17		39	3388.706989000
17		1358	3388.710862000
6	1418		3388.774976000
17		41	3388.799358000
17		1358	3388.836170000
6	1418		3388.875381000
6	0		3388.892580000
17		1358	3388.961607000
6	1418		3388.975802000
17		41	3388.985957000
6	1418		3389.076243000
17		1358	3389.086034000
6	0		3389.171779000
6	1418		3389.176673000
17		1358	3389.211124000
17		41	3389.264379000
6	1418		3389.277138000
17		1358	3389.335491000
6	1418		3389.377525000
17		41	3389.450810000
17		1358	3389.461019000
6	1418		3389.477977000
6	0		3389.543281000
6	1418		3389.578402000
17		1358	3389.585795000
17		41	3389.636299000
6	1418		3389.678830000
17		1358	3389.710704000
6	0		3389.822169000
6	1418		3389.823438000
17		1358	3389.836054000
17		41	3389.915093000
6	1418		3389.946648000
17		1358	3389.960463000
17		41	3390.008344000
17		1358	3390.084978000
6	0		3390.100971000
6	1418		3390.114031000
17		1358	3390.210076000
6	1418		3390.281464000
6	0		3390.287634000
17		1358	3390.334622000
6	1418		3390.448847000
17		1358	3390.459907000
6	0		3390.473197000
17		1358	3390.585398000
6	1418		3390.616239000
6	0		3390.659529000
17		1358	3390.709995000
6	1418		3390.783611000
17		1358	3390.835150000
6	0		3390.845115000
6	1418		3390.951052000
17		1358	3390.960061000
6	0		3391.030917000
17		1358	3391.084485000
17		1358	3391.209192000
6	0		3391.216957000
17		41	3391.310311000
17		1358	3391.334783000
17		47	3391.403115000
17		33	3391.427769000
17		1358	3391.459224000
6	0		3391.496323000
17		1358	3391.584187000
17		41	3391.589630000
17		1358	3391.709088000
17		41	3391.775401000
17		1358	3391.834254000
6	0		3391.868569000
17		1358	3391.958668000
17		41	3392.053971000
17		1358	3392.083354000
6	0		3392.147285000
17		1358	3392.209094000
17		41	3392.240577000
17		1358	3392.333496000
17		41	3392.426745000
17		1358	3392.458196000
6	0		3392.519122000
17		41	3392.519153000
17		1358	3392.583194000
6	0		3392.705650000
17		1358	3392.707663000
17		41	3392.798006000
17		1358	3392.832716000
17		1358	3392.958449000
17		41	3392.984316000
6	0		3393.076865000
17		1358	3393.082406000
17		41	3393.170135000
17		1358	3393.207368000
17		1358	3393.332415000
17		41	3393.356662000
17		41	3393.448982000
17		1358	3393.457432000
6	0		3393.542198000
6	1418		3393.543481000
17		1358	3393.581939000
6	1418		3393.604885000
17		41	3393.635740000
17		1358	3393.707107000
17		41	3393.821364000
17		1358	3393.832324000
6	0		3393.914694000
6	1418		3393.915974000
17		1358	3393.956606000
6	1418		3393.977391000
17		41	3394.007706000
17		1358	3394.082797000
17		41	3394.099874000
17		41	3394.192927000
17		1358	3394.207574000
6	0		3394.286483000
6	1418		3394.287729000
17		1358	3394.332458000
6	1418		3394.349153000
17		41	3394.379028000
17		1358	3394.457469000
17		41	3394.564864000
17		1358	3394.582055000
17		41	3394.657991000
17		1358	3394.707381000
17		46	3394.751272000
6	0		3394.751302000
6	1418		3394.752568000
17		33	3394.775049000
17		1358	3394.832049000
17		41	3394.844295000
6	665		3394.844330000
6	39		3394.844338000
6	0		3394.846062000
6	39		3394.846107000
6	69		3394.848141000
6	31		3394.848782000
6	39		3394.849346000
17		41	3394.937320000
17		1358	3394.957130000
17		41	3395.030698000
17		1358	3395.081883000
17		41	3395.123631000
17		1358	3395.207082000
17		41	3395.216889000
17		41	3395.309725000
17		1358	3395.331661000
17		41	3395.402524000
17		1358	3395.456441000
17		41	3395.494966000
17		1358	3395.582116000
17		41	3395.588795000
17		41	3395.681548000
17		1358	3395.706886000
17		41	3395.774609000
17		41	3395.867036000
17		41	3395.960239000
17		41	3396.053684000
17		41	3396.146763000
17		41	3396.238987000
17		41	3396.331941000
17		41	3396.518482000
6	0		3396.611016000
17		41	3396.611045000
6	1418		3396.612285000
6	1418		3396.673697000
17		46	3396.704488000
17		33	3396.729187000
6	1418		3396.796501000
17		41	3396.889847000
6	1418		3396.919360000
6	0		3396.983567000
6	1418		3397.042108000
17		41	3397.076792000
6	1418		3397.164900000
17		41	3397.169599000
6	1418		3397.287746000
17		41	3397.355003000
6	1418		3397.410504000
6	0		3397.448189000
6	1418		3397.533286000
17		41	3397.541908000
17		41	3397.634549000
6	1418		3397.656109000
17		41	3397.727671000
6	1418		3397.778932000
6	1418		3397.901699000
6	0		3397.913378000
6	39		3397.913403000
17		41	3397.913412000
6	0		3397.919732000
17		41	3398.006765000
6	1418		3398.024525000
17		41	3398.098921000
6	1418		3398.147334000
17		41	3398.192599000
17		1358	3398.194342000
6	1418		3398.270118000
17		41	3398.285257000
6	0		3398.285291000
17		1358	3398.286391000
17		41	3398.378233000
6	1418		3398.392981000
17		1358	3398.412669000
17		41	3398.471417000
6	1418		3398.515792000
17		1358	3398.537898000
6	1418		3398.638531000
6	0		3398.657353000
17		1358	3398.663649000
6	1418		3398.761319000
6	0		3398.843117000
6	1418		3398.884206000
6	1418		3399.006944000
6	0		3399.029633000
6	1418		3399.129767000
6	0		3399.215559000
6	1418		3399.252559000
6	1418		3399.375368000
6	0		3399.401097000
6	1418		3399.498136000
6	0		3399.586919000
6	1418		3399.620950000
6	1418		3399.743751000
6	0		3399.773407000
17		41	3399.865888000
6	1418		3399.866559000
17		1358	3399.867601000
6	1418		3399.989360000
17		1358	3399.993523000
17		41	3400.051873000
6	1418		3400.112166000
17		1358	3400.117580000
6	0		3400.144802000
6	1418		3400.234974000
17		41	3400.237946000
17		1358	3400.243180000
6	1418		3400.357806000
17		1358	3400.367969000
17		41	3400.424256000
6	1418		3400.480550000
17		1358	3400.492643000
6	0		3400.517375000
6	1418		3400.603374000
17		41	3400.610505000
17		1358	3400.617539000
6	1418		3400.726183000
17		1358	3400.742900000
6	0		3400.795937000
6	1418		3400.848979000
17		1358	3400.867762000
6	1418		3400.971827000
6	0		3400.982170000
17		1358	3400.991918000
6	1418		3401.094565000
17		1358	3401.116796000
6	0		3401.168413000
6	1418		3401.217364000
17		1358	3401.241931000
6	1418		3401.340319000
6	0		3401.354365000
17		1358	3401.367332000
6	1418		3401.463005000
17		1358	3401.491980000
6	0		3401.540195000
17		46	3401.540246000
17		33	3401.564204000
6	1418		3401.585828000
17		1358	3401.617131000
6	1418		3401.708596000
17		41	3401.726253000
6	0		3401.726280000
17		1358	3401.742017000
6	1418		3401.831387000
17		1358	3401.866661000
17		41	3401.911989000
6	1418		3401.954187000
17		1358	3401.991547000
6	0		3402.005180000
6	1418		3402.077006000
17		41	3402.098476000
17		1358	3402.116108000
6	1418		3402.199787000
17		1358	3402.240901000
17		41	3402.284214000
6	1418		3402.322612000
17		1358	3402.365785000
6	0		3402.377389000
6	1418		3402.445468000
17		41	3402.470075000
17		1358	3402.490910000
6	1418		3402.568221000
17		1358	3402.615887000
17		41	3402.656198000
6	1418		3402.690997000
17		1358	3402.741067000
6	0		3402.749387000
6	1418		3402.813825000
17		41	3402.842346000
17		1358	3402.864882000
6	1418		3402.936618000
17		1358	3402.989669000
17		41	3403.028070000
6	1418		3403.059430000
17		1358	3403.114594000
6	0		3403.121324000
6	1418		3403.182209000
17		41	3403.213889000
17		1358	3403.239282000
6	1418		3403.305030000
17		41	3403.307306000
17		1358	3403.364309000
6	0		3403.400499000
6	1418		3403.427815000
17		1358	3403.488957000
17		41	3403.493552000
6	1418		3403.550627000
17		1358	3403.614601000
6	1418		3403.673439000
17		41	3403.678951000
17		1358	3403.739316000
6	0		3403.771905000
6	1418		3403.796217000
17		1358	3403.864236000
17		41	3403.865608000
6	1418		3403.919032000
17		1358	3403.988964000
6	1418		3404.041846000
17		41	3404.051134000
17		1358	3404.113515000
6	0		3404.144390000
6	1418		3404.164653000
17		41	3404.236961000
17		1358	3404.239012000
6	1418		3404.287473000
17		1358	3404.363755000
6	1418		3404.410246000
17		41	3404.423564000
17		1358	3404.488106000
6	0		3404.516784000
6	1418		3404.533022000
17		41	3404.609261000
17		1358	3404.613122000
6	1418		3404.655851000
17		1358	3404.738382000
6	1418		3404.778632000
17		41	3404.794946000
6	694		3404.794972000
6	628		3404.794980000
6	0		3404.796041000
6	114		3404.799193000
6	31		3404.800232000
6	39		3404.800842000
6	31		3404.801587000
17		1358	3404.863321000
6	0		3404.888166000
6	1418		3404.901450000
17		41	3404.981411000
17		1358	3404.987858000
6	1418		3405.024256000
17		46	3405.074012000
17		33	3405.097813000
17		1358	3405.113482000
6	0		3405.167734000
17		1358	3405.237481000
17		41	3405.260656000
17		1358	3405.362294000
17		41	3405.445990000
17		1358	3405.487799000
6	0		3405.538953000
17		1358	3405.612310000
17		41	3405.632034000
17		1358	3405.737306000
17		41	3405.818550000
17		1358	3405.862481000
6	0		3405.911736000
17		1358	3405.987056000
17		41	3406.004647000
17		1358	3406.111822000
17		41	3406.190157000
17		1358	3406.236717000
6	0		3406.283374000
17		1358	3406.361944000
17		41	3406.376142000
17		1358	3406.486371000
17		41	3406.562609000
17		1358	3406.611075000
6	0		3406.654836000
17		1358	3406.735249000
17		41	3406.748252000
17		41	3406.841111000
17		1358	3406.861021000
6	0		3406.933857000
17		1358	3406.985636000
17		41	3407.027040000
17		342	3407.110193000
17		41	3407.213326000
6	0		3407.305945000
17		41	3407.399756000
17		41	3407.584967000
6	0		3407.678491000
17		41	3407.771431000
17		41	3407.956908000
6	0		3408.050118000
6	1418		3408.051394000
6	1418		3408.112787000
17		41	3408.143227000
17		41	3408.329121000
6	0		3408.422613000
6	1418		3408.423843000
6	1418		3408.485316000
17		41	3408.515616000
6	0		3408.608250000
6	39		3408.608278000
6	0		3408.614700000
17		46	3408.701034000
6	127		3408.701074000
6	1101		3408.701082000
6	0		3408.702152000
6	68		3408.710508000
6	93		3408.711107000
6	39		3408.712884000
17		33	3408.725935000
6	0		3408.794270000
6	1418		3408.795547000
6	1418		3408.856958000
17		41	3408.887281000
17		41	3409.073424000
17		41	3409.166591000
17		41	3409.259744000
17		41	3409.352291000
6	0		3409.352324000
6	1418		3409.353567000
17		41	3409.445284000
17		41	3409.538721000
17		41	3409.630978000
17		41	3409.724116000
17		41	3409.817243000
17		41	3409.910206000
17		41	3410.003466000
17		41	3410.096604000
17		41	3410.188940000
17		41	3410.281859000
17		913	3410.375693000
17		39	3410.376406000
17		155	3410.377066000
17		1353	3410.377101000
17		1358	3410.377109000
17		1358	3410.377113000
17		1358	3410.502832000
6	0		3410.561552000
6	1418		3410.562829000
6	1418		3410.611947000
17		1358	3410.627884000
6	1418		3410.710194000
6	0		3410.747510000
6	0		3410.747536000
6	39		3410.747541000
6	0		3410.753719000
6	1418		3410.808492000
6	1418		3410.906730000
6	0		3410.933117000
6	1418		3411.004950000
17		47	3411.025874000
17		1358	3411.027853000
6	1418		3411.103196000
17		41	3411.119307000
17		1358	3411.153493000
6	1418		3411.201439000
6	0		3411.212385000
17		41	3411.212417000
17		1358	3411.279177000
6	1418		3411.299677000
17		41	3411.305724000
6	1418		3411.397947000
17		41	3411.398345000
17		1358	3411.403273000
6	1418		3411.496176000
17		1358	3411.528138000
6	0		3411.584794000
6	1418		3411.594421000
17		1358	3411.653380000
17		41	3411.677734000
6	1418		3411.692686000
17		1358	3411.778715000
6	1418		3411.790931000
6	0		3411.863267000
17		1358	3411.877930000
6	1418		3411.889189000
17		1358	3411.977496000
6	1418		3411.987525000
6	0		3412.048857000
17		41	3412.048894000
17		1358	3412.077585000
6	1418		3412.085664000
17		1358	3412.177076000
17		41	3412.234925000
6	1418		3412.249386000
17		1358	3412.277573000
6	0		3412.328470000
17		1358	3412.377273000
6	1418		3412.413165000
17		41	3412.421704000
17		1358	3412.477854000
6	1418		3412.576889000
6	0		3412.607479000
17		1358	3412.643940000
17		41	3412.700231000
6	1418		3412.740693000
17		1358	3412.810227000
17		41	3412.885935000
6	1418		3412.904372000
17		1358	3412.976501000
6	0		3412.979712000
6	1418		3413.068103000
17		41	3413.072693000
17		1358	3413.142849000
6	1418		3413.231866000
17		41	3413.258062000
17		1358	3413.267252000
6	0		3413.351362000
17		1358	3413.392481000
6	1418		3413.395586000
17		41	3413.444390000
17		1358	3413.517530000
6	1418		3413.518376000
17		41	3413.630717000
6	1418		3413.641228000
17		1358	3413.641925000
6	0		3413.722958000
17		41	3413.722986000
6	1418		3413.763991000
17		1358	3413.766813000
6	1418		3413.886788000
17		1358	3413.891717000
17		41	3413.908934000
6	0		3414.002158000
6	1418		3414.009606000
17		1358	3414.017445000
17		41	3414.095169000
6	1418		3414.132387000
17		1358	3414.141873000
17		41	3414.188646000
6	1418		3414.255212000
17		1358	3414.266422000
17		41	3414.374053000
6	1418		3414.378003000
17		1358	3414.391389000
6	0		3414.467063000
6	1418		3414.500802000
17		1358	3414.516362000
17		46	3414.560671000
17		33	3414.584306000
6	1418		3414.623638000
17		1358	3414.641281000
6	1418		3414.746429000
17		41	3414.746539000
17		1358	3414.766723000
6	0		3414.838915000
6	1418		3414.869213000
17		1358	3414.891592000
17		41	3414.931982000
6	1418		3414.992022000
17		1358	3415.016669000
6	1418		3415.114831000
17		41	3415.118151000
17		1358	3415.140947000
6	0		3415.211630000
6	1418		3415.237614000
17		1358	3415.266124000
17		41	3415.304710000
6	1418		3415.360409000
17		1358	3415.390499000
17		41	3415.397523000
17		41	3415.489923000
17		1358	3415.516182000
6	0		3415.583148000
6	1418		3415.584502000
17		1358	3415.640658000
6	1418		3415.645894000
17		1358	3415.766071000
17		41	3415.769135000
6	0		3415.862847000
6	1418		3415.864090000
17		1358	3415.890715000
6	1418		3415.925506000
17		41	3415.955544000
17		1358	3416.015238000
17		1358	3416.139810000
17		41	3416.141136000
6	0		3416.234316000
6	1418		3416.235559000
17		1358	3416.264880000
6	1418		3416.296981000
17		41	3416.327276000
17		1358	3416.390730000
17		41	3416.513063000
17		1358	3416.514749000
6	0		3416.606363000
17		41	3416.699310000
17		1358	3416.701010000
17		41	3416.885619000
17		1358	3416.887422000
6	0		3416.977888000
17		41	3417.070911000
17		1358	3417.072050000
17		41	3417.257342000
17		1358	3417.258431000
6	0		3417.350676000
17		41	3417.350706000
17		1358	3417.359960000
17		41	3417.536183000
17		1358	3417.537291000
6	0		3417.629574000
17		41	3417.722405000
17		1358	3417.724099000
17		41	3417.908421000
17		1358	3417.910180000
6	0		3418.001850000
17		46	3418.094476000
17		1358	3418.095736000
17		41	3418.279903000
17		1358	3418.281541000
17		41	3418.373006000
17		1358	3418.449029000
6	0		3418.465987000
17		41	3418.559168000
17		1358	3418.616953000
17		41	3418.745074000
17		1358	3418.746170000
6	0		3418.838582000
6	1418		3418.839837000
6	1418		3418.901242000
17		41	3418.931290000
17		1358	3418.933188000
17		41	3419.023856000
17		1358	3419.058992000
17		41	3419.117294000
17		1358	3419.184229000
6	0		3419.210499000
6	1418		3419.211796000
6	1418		3419.273153000
17		41	3419.303372000
17		1358	3419.310160000
17		41	3419.489494000
17		1358	3419.491141000
17		41	3419.582512000
17		1358	3419.616776000
17		41	3419.675257000
17		1358	3419.742842000
6	0		3419.768114000
17		41	3419.768143000
6	1418		3419.769448000
17		41	3419.860976000
17		1358	3419.868191000
17		41	3419.954514000
17		1358	3419.994420000
17		41	3420.047388000
17		1358	3420.119001000
17		41	3420.139852000
17		41	3420.233116000
17		1358	3420.243781000
17		41	3420.326322000
17		1358	3420.369018000
17		41	3420.419135000
17		1358	3420.492630000
17		46	3420.512114000
17		33	3420.535428000
17		41	3420.573813000
17		1358	3420.617495000
17		41	3420.636579000
17		1358	3420.742444000
6	0		3420.760209000
6	1418		3420.761450000
17		41	3420.821946000
6	1418		3420.822847000
17		1358	3420.867578000
17		41	3420.884595000
6	1418		3420.945722000
17		41	3420.945816000
17		1358	3420.992898000
6	1418		3421.068537000
6	0		3421.070383000
17		1358	3421.119859000
17		41	3421.132682000
6	1418		3421.191275000
17		41	3421.194041000
17		41	3421.256513000
6	1418		3421.314089000
17		41	3421.380362000
6	1418		3421.436883000
17		41	3421.442554000
17		41	3421.504167000
6	1418		3421.559700000
17		41	3421.566468000
17		41	3421.628633000
6	1418		3421.682492000
17		41	3421.690273000
6	0		3421.690305000
17		41	3421.752715000
17		1358	3421.754379000
6	1418		3421.805389000
17		41	3421.813905000
17		1358	3421.815884000
6	1418		3421.928209000
6	0		3421.938428000
17		41	3422.000527000
17		1358	3422.001824000
6	1418		3422.050894000
6	0		3422.123889000
17		41	3422.123919000
17		1358	3422.129391000
6	1418		3422.173697000
17		41	3422.186398000
17		1358	3422.257467000
6	1418		3422.296569000
6	0		3422.310250000
17		1358	3422.385190000
6	1418		3422.419294000
6	0		3422.434186000
17		1358	3422.512990000
6	1418		3422.517521000
17		46	3422.558090000
17		33	3422.583074000
6	1418		3422.615770000
6	0		3422.619916000
17		1358	3422.640122000
17		41	3422.681813000
6	1418		3422.714036000
17		1358	3422.767390000
17		41	3422.806171000
6	1418		3422.812263000
6	0		3422.867815000
17		1358	3422.895540000
6	1418		3422.910542000
17		41	3422.930312000
6	1418		3423.008779000
17		1358	3423.022302000
17		41	3423.053877000
6	1418		3423.107018000
6	0		3423.116717000
17		1358	3423.149023000
17		41	3423.178169000
6	1418		3423.205353000
17		1358	3423.276846000
17		41	3423.302228000
6	1418		3423.303531000
6	0		3423.364394000
6	1418		3423.401757000
17		1358	3423.404393000
17		41	3423.488548000
17		1358	3423.532180000
6	0		3423.550103000
17		41	3423.550134000
6	1418		3423.566705000
17		538	3423.659330000
17		41	3423.673802000
6	1418		3423.731666000
6	0		3423.735865000
17		41	3423.860056000
6	1418		3423.896591000
6	0		3423.922458000
17		41	3423.984707000
6	1418		3424.061516000
17		41	3424.108042000
6	0		3424.169993000
6	1418		3424.226485000
17		41	3424.294649000
17		41	3424.357129000
6	0		3424.357163000
6	1418		3424.391397000
17		913	3424.418156000
17		39	3424.418840000
17		155	3424.419611000
17		1353	3424.419737000
17		1358	3424.419749000
17		1358	3424.419756000
17		1358	3424.419762000
17		1358	3424.419767000
17		1358	3424.419771000
17		1358	3424.419775000
17		1358	3424.419779000
17		1358	3424.419783000
6	0		3424.479907000
6	1418		3424.497979000
17		1358	3424.548370000
6	0		3424.604518000
6	1418		3424.604580000
17		1358	3424.675588000
6	1418		3424.711185000
6	0		3424.728984000
17		47	3424.729025000
17		33	3424.753423000
17		41	3424.790488000
6	595		3424.790518000
6	39		3424.790525000
6	0		3424.792243000
6	0		3424.792275000
6	39		3424.792287000
6	69		3424.793596000
6	31		3424.794220000
6	39		3424.794820000
17		1358	3424.802774000
6	1418		3424.817735000
17		41	3424.852474000
17		1358	3424.904149000
17		41	3424.914062000
6	1418		3424.924338000
17		41	3424.976350000
17		1358	3425.006953000
6	1418		3425.030931000
17		41	3425.038661000
17		41	3425.100743000
17		1358	3425.108378000
6	1418		3425.137506000
17		41	3425.162648000
17		41	3425.224644000
17		1358	3425.258228000
17		41	3425.286226000
17		41	3425.348424000
17		1358	3425.389058000
6	0		3425.410749000
6	1418		3425.412091000
6	1418		3425.465407000
17		41	3425.472168000
17		1358	3425.512272000
6	0		3425.534256000
6	0		3425.596720000
6	0		3425.596757000
6	0		3425.596764000
6	39		3425.596773000
6	0		3425.602909000
17		1358	3425.603840000
17		41	3425.657836000
17		1358	3425.695870000
6	0		3425.720337000
17		41	3425.720363000
6	1418		3425.721587000
17		1358	3425.773643000
6	1418		3425.774845000
17		41	3425.844093000
17		1358	3425.853803000
6	0		3425.906374000
6	1418		3425.907630000
17		1358	3425.932202000
17		41	3425.968077000
6	1418		3425.988040000
17		1358	3426.010803000
17		1358	3426.089867000
17		41	3426.092078000
17		41	3426.154044000
17		1358	3426.168864000
6	0		3426.216459000
6	1418		3426.217751000
17		1358	3426.247525000
6	1418		3426.271050000
17		1358	3426.326559000
17		41	3426.340168000
17		41	3426.402687000
17		1358	3426.403800000
17		46	3426.464242000
6	0		3426.464270000
6	1418		3426.465513000
17		1358	3426.483896000
17		1358	3426.562918000
17		41	3426.588047000
17		1358	3426.642079000
6	0		3426.650273000
6	1418		3426.651524000
6	1418		3426.704839000
17		41	3426.712304000
17		1358	3426.720878000
17		1358	3426.799918000
17		41	3426.836080000
17		1358	3426.879641000
6	0		3426.898418000
17		41	3426.898448000
6	1418		3426.899662000
6	1418		3426.952947000
17		1358	3426.956924000
17		41	3426.959979000
17		41	3427.021968000
17		1358	3427.035698000
17		1358	3427.115417000
17		41	3427.146453000
17		1358	3427.193234000
6	0		3427.207901000
6	1418		3427.209172000
6	1418		3427.262476000
17		41	3427.270567000
17		1358	3427.272245000
17		41	3427.332736000
17		1358	3427.351417000
17		1358	3427.430824000
17		41	3427.456696000
17		1358	3427.509579000
17		41	3427.518245000
17		1358	3427.572296000
17		41	3427.579888000
17		1358	3427.635260000
6	0		3427.642743000
6	1418		3427.644021000
6	1418		3427.686636000
17		1358	3427.698836000
17		1358	3427.761398000
17		41	3427.765970000
6	1418		3427.771977000
17		1358	3427.825049000
17		41	3427.828325000
6	1418		3427.857180000
17		1358	3427.887969000
6	0		3427.890459000
6	1418		3427.942458000
17		1358	3427.992623000
17		41	3428.014653000
6	1418		3428.027722000
17		41	3428.076356000
17		1358	3428.098316000
17		41	3428.138249000
6	0		3428.138281000
17		41	3428.200511000
17		1358	3428.202230000
17		1358	3428.282371000
6	0		3428.324723000
6	1418		3428.325983000
17		1358	3428.360744000
17		41	3428.386341000
17		1358	3428.439632000
17		46	3428.448287000
17		33	3428.472357000
17		41	3428.510099000
17		1358	3428.518247000
17		41	3428.572831000
17		1358	3428.597319000
17		41	3428.634842000
17		1358	3428.676678000
17		41	3428.696576000
17		1358	3428.754550000
6	0		3428.820193000
17		41	3428.820221000
6	1418		3428.821572000
17		1358	3428.833909000
6	1418		3428.874804000
17		41	3428.881912000
17		1358	3428.912842000
17		1358	3428.991781000
17		41	3429.006092000
6	0		3429.068422000
6	1418		3429.069779000
17		1358	3429.071370000
6	1418		3429.123002000
17		41	3429.130226000
17		1358	3429.148905000
17		1358	3429.228921000
17		41	3429.254007000
17		1358	3429.307157000
6	0		3429.316361000
6	1418		3429.317598000
6	1418		3429.370894000
17		41	3429.378468000
17		1358	3429.385904000
17		41	3429.440101000
17		1358	3429.464839000
17		41	3429.502066000
17		1358	3429.543309000
17		1358	3429.622789000
17		41	3429.626523000
17		41	3429.687993000
17		1358	3429.701077000
17		41	3429.750259000
6	0		3429.750289000
17		1358	3429.780549000
17		41	3429.812266000
17		1358	3429.859926000
17		41	3429.874007000
17		1358	3429.937272000
17		41	3429.998270000
17		1358	3430.017065000
6	0		3430.060673000
17		1358	3430.095243000
17		41	3430.122135000
17		1358	3430.174281000
17		46	3430.184439000
17		33	3430.209021000
17		1358	3430.253429000
17		41	3430.308090000
17		1358	3430.332098000
6	0		3430.370257000
6	1418		3430.371499000
17		1358	3430.410931000
6	1418		3430.424861000
17		41	3430.432453000
17		1358	3430.489102000
17		41	3430.494269000
17		1358	3430.553269000
17		41	3430.556438000
17		1358	3430.616693000
17		1358	3430.678901000
6	0		3430.680108000
6	1418		3430.681411000
6	1418		3430.734689000
17		1358	3430.741644000
17		41	3430.741969000
17		41	3430.804675000
17		1358	3430.806432000
17		41	3430.866726000
17		1358	3430.910361000
17		41	3430.928464000
17		41	3430.990409000
17		1358	3431.015707000
17		41	3431.051995000
17		41	3431.113805000
17		1358	3431.120732000
17		41	3431.175982000
17		1358	3431.226044000
17		41	3431.237899000
17		41	3431.300254000
17		1358	3431.305147000
17		41	3431.362434000
17		1358	3431.382912000
17		41	3431.424779000
17		1358	3431.462107000
17		1358	3431.540552000
6	0		3431.548509000
17		41	3431.548543000
6	1418		3431.549773000
6	1418		3431.603077000
17		41	3431.610052000
17		1358	3431.620114000
17		41	3431.672210000
17		1358	3431.698845000
6	1418		3431.709661000
17		46	3431.734302000
17		33	3431.758891000
17		1358	3431.776635000
17		41	3431.796103000
6	1418		3431.816235000
17		1358	3431.853964000
6	0		3431.920414000
6	1418		3431.922816000
17		1358	3431.929153000
17		41	3431.982320000
17		1358	3432.005886000
6	1418		3432.029411000
17		41	3432.044341000
17		1358	3432.081794000
17		41	3432.106599000
6	1418		3432.136003000
17		1358	3432.155790000
17		41	3432.168317000
17		1358	3432.229757000
17		41	3432.230305000
17		41	3432.292130000
17		1358	3432.304221000
17		41	3432.354323000
17		1358	3432.378852000
17		41	3432.415912000
17		1358	3432.453484000
17		41	3432.478083000
17		1358	3432.527073000
17		1358	3432.601911000
6	0		3432.602447000
6	1418		3432.603690000
6	1418		3432.656984000
17		41	3432.664641000
17		1358	3432.676250000
17		41	3432.726322000
17		1358	3432.749861000
17		1358	3432.824507000
17		41	3432.849956000
17		1358	3432.898515000
6	0		3432.911912000
6	1418		3432.913158000
6	1418		3432.966473000
17		1358	3432.973240000
17		41	3432.973786000
17		1358	3433.046994000
17		41	3433.098817000
17		306	3433.121962000
17		41	3433.159816000
6	0		3433.222657000
6	1418		3433.223956000
6	1418		3433.277205000
17		41	3433.284446000
17		41	3433.408179000
17		41	3433.469765000
17		46	3433.532363000
17		33	3433.557338000
17		41	3433.594283000
6	0		3433.594313000
6	1418		3433.595593000
17		41	3433.656218000
17		832	3433.718555000
17		39	3433.719315000
17		1358	3433.722254000
17		1358	3433.782985000
17		1358	3433.842171000
6	0		3433.842704000
6	1418		3433.843978000
6	1418		3433.897280000
17		1358	3433.901437000
17		41	3433.903927000
17		1358	3433.961609000
17		41	3433.966553000
17		41	3434.028777000
17		1358	3434.059995000
17		41	3434.090235000
17		1358	3434.159391000
6	0		3434.214676000
6	1418		3434.215920000
17		1358	3434.257530000
6	1418		3434.269204000
17		41	3434.275982000
17		41	3434.338317000
17		1358	3434.357341000
17		1358	3434.431054000
6	0		3434.461915000
6	1418		3434.463229000
17		1358	3434.506291000
6	1418		3434.516503000
17		41	3434.524033000
17		1358	3434.579958000
17		47	3434.586245000
17		33	3434.610039000
17		41	3434.648824000
6	0		3434.648854000
6	1418		3434.650081000
17		1358	3434.654964000
6	1418		3434.708358000
17		41	3434.710559000
17		1358	3434.728036000
6	0		3434.771871000
6	1418		3434.793625000
17		1358	3434.802894000
6	681		3434.834416000
17		41	3434.834443000
6	0		3434.835698000
6	69		3434.837765000
6	31		3434.838390000
6	39		3434.838961000
6	1418		3434.878900000
17		41	3434.896562000
17		41	3434.958291000
6	1418		3434.964164000
17		41	3435.020382000
6	1418		3435.049429000
17		41	3435.144419000
6	0		3435.206725000
6	1418		3435.208006000
6	1418		3435.250641000
17		41	3435.267898000
17		41	3435.329915000
6	1418		3435.335907000
6	1418		3435.421167000
17		41	3435.454147000
17		1358	3435.455972000
6	0		3435.516609000
6	1418		3435.517867000
17		41	3435.578186000
17		1358	3435.579957000
6	1418		3435.591705000
17		1358	3435.655259000
6	1418		3435.676964000
17		41	3435.701827000
17		1358	3435.729122000
6	1418		3435.762241000
6	0		3435.764360000
17		41	3435.764386000
17		1358	3435.804406000
6	1418		3435.847504000
17		1358	3435.877754000
17		41	3435.888424000
6	0		3435.950311000
6	39		3435.950339000
6	0		3435.950346000
17		1358	3435.951897000
6	0		3435.957122000
6	1418		3435.989620000
17		1358	3436.027410000
6	0		3436.074075000
17		1358	3436.101941000
6	1418		3436.131713000
17		1358	3436.175266000
6	0		3436.198106000
17		1358	3436.249586000
6	1418		3436.273834000
6	0		3436.322003000
17		1358	3436.324083000
17		41	3436.384480000
17		1358	3436.397669000
6	0		3436.446620000
6	1418		3436.454593000
17		1358	3436.472009000
17		41	3436.507867000
17		1358	3436.547180000
17		1358	3436.621905000
17		41	3436.632229000
6	1418		3436.635390000
6	0		3436.694689000
6	127		3436.694716000
6	1101		3436.694721000
17		1358	3436.695330000
6	0		3436.696165000
6	0		3436.696176000
6	68		3436.702120000
6	93		3436.702700000
6	39		3436.704477000
17		41	3436.756713000
17		1358	3436.770259000
6	1418		3436.783100000
17		1358	3436.844629000
6	1418		3436.879913000
17		41	3436.879936000
17		1358	3436.917470000
6	0		3436.942133000
6	1418		3436.976781000
17		1358	3436.992161000
17		46	3437.003822000
17		33	3437.027596000
17		41	3437.066376000
6	1418		3437.067879000
17		1358	3437.067999000
17		1358	3437.141377000
6	1418		3437.159000000
17		41	3437.190364000
17		1358	3437.214755000
6	1418		3437.250133000
6	0		3437.252107000
17		41	3437.252130000
17		1358	3437.290007000
6	1418		3437.341271000
17		1358	3437.364790000
17		41	3437.376098000
6	1418		3437.432461000
17		1358	3437.438105000
6	0		3437.438233000
17		41	3437.438251000
17		1358	3437.497626000
17		41	3437.500065000
6	1418		3437.523459000
17		1358	3437.557796000
17		41	3437.561836000
6	1418		3437.614555000
17		1358	3437.616718000
17		1358	3437.676117000
17		41	3437.686181000
6	1418		3437.705686000
17		1358	3437.734973000
17		41	3437.748250000
17		1358	3437.794843000
6	1418		3437.796772000
17		41	3437.810096000
17		1358	3437.854717000
6	0		3437.872607000
6	1418		3437.887900000
17		741	3437.914102000
6	0		3437.934146000
6	39		3437.934173000
17		41	3437.934183000
6	0		3437.941066000
6	1418		3437.979029000
17		41	3437.996376000
6	1418		3438.070130000
17		41	3438.120403000
6	1418		3438.161274000
6	0		3438.182553000
17		41	3438.244362000
6	1418		3438.252461000
6	1418		3438.343476000
17		41	3438.368580000
6	0		3438.429987000
6	1418		3438.434582000
17		41	3438.491931000
6	1418		3438.525711000
17		41	3438.553886000
6	1418		3438.616811000
17		41	3438.678107000
6	1418		3438.707936000
6	0		3438.740324000
6	1418		3438.799032000
17		41	3438.802260000
17		46	3438.864415000
17		33	3438.887898000
6	1418		3438.890150000
6	0		3438.926589000
6	1418		3438.981263000
17		41	3438.988304000
17		41	3439.050253000
6	1418		3439.072376000
6	1418		3439.163494000
17		41	3439.174080000
6	0		3439.236282000
6	1418		3439.254605000
17		41	3439.298195000
6	1418		3439.345724000
17		41	3439.360588000
6	1418		3439.436841000
17		41	3439.484077000
6	1418		3439.527957000
17		41	3439.546082000
6	0		3439.608488000
6	1418		3439.619058000
17		41	3439.670955000
6	1418		3439.710186000
17		833	3439.732467000
17		39	3439.733190000
17		1358	3439.734973000
17		1358	3439.734996000
17		1358	3439.735001000
17		1358	3439.735004000
17		1358	3439.735008000
17		1358	3439.735012000
17		1358	3439.735016000
17		1358	3439.735020000
17		1358	3439.735024000
17		1358	3439.735029000
6	0		3439.794630000
17		1358	3439.810417000
17		1358	3439.885177000
6	0		3439.917869000
17		1358	3439.959793000
17		1358	3440.032828000
6	0		3440.042219000
17		1358	3440.107058000
6	0		3440.166433000
17		1358	3440.181777000
17		1358	3440.255360000
6	0		3440.290232000
17		1358	3440.329918000
17		1358	3440.405046000
6	0		3440.414522000
17		1358	3440.479032000
6	0		3440.538156000
17		1358	3440.553130000
17		1358	3440.627062000
6	0		3440.662517000
17		1358	3440.702211000
17		1358	3440.776043000
6	0		3440.786639000
6	1418		3440.787896000
6	1418		3440.833464000
17		1358	3440.850174000
6	0		3440.909898000
6	1418		3440.924559000
17		1358	3440.925240000
17		41	3440.972291000
17		1358	3440.999648000
6	1418		3441.015667000
17		47	3441.033817000
17		33	3441.058232000
17		1358	3441.073546000
6	0		3441.095827000
17		41	3441.095857000
6	1418		3441.106780000
17		1358	3441.147828000
17		41	3441.158708000
17		41	3441.220314000
17		1358	3441.222092000
17		41	3441.282193000
17		1358	3441.295453000
17		41	3441.344293000
17		1358	3441.370218000
17		41	3441.406858000
17		1358	3441.445132000
17		41	3441.468745000
17		1358	3441.519997000
17		41	3441.530305000
17		41	3441.592252000
17		1358	3441.593920000
17		41	3441.654201000
17		1358	3441.667663000
17		41	3441.716139000
17		1358	3441.742574000
17		41	3441.777900000
17		1358	3441.815694000
17		41	3441.839812000
17		1358	3441.890951000
17		41	3441.901801000
17		41	3441.964119000
17		1358	3441.965796000
17		41	3442.026166000
17		1358	3442.038465000
17		41	3442.088075000
17		1358	3442.112882000
17		41	3442.150659000
17		1358	3442.187892000
17		41	3442.212041000
17		1358	3442.262688000
17		46	3442.273928000
17		33	3442.297621000
17		1358	3442.336404000
17		41	3442.336684000
17		1358	3442.410137000
6	0		3442.459823000
6	1418		3442.461078000
17		1358	3442.484694000
6	1418		3442.506648000
17		41	3442.522311000
17		1358	3442.558657000
6	1418		3442.597761000
17		1358	3442.633190000
17		41	3442.645836000
6	1418		3442.688868000
17		741	3442.707716000
17		41	3442.707900000
6	0		3442.770072000
6	1418		3442.780024000
17		41	3442.831888000
6	1418		3442.871095000
17		41	3442.894450000
17		41	3442.956218000
6	1418		3442.962197000
17		41	3443.018585000
6	1418		3443.053331000
17		41	3443.080581000
17		41	3443.142342000
6	0		3443.142380000
6	1418		3443.144425000
17		41	3443.204192000
6	1418		3443.235558000
17		41	3443.265932000
6	1418		3443.326658000
17		41	3443.327911000
17		41	3443.390030000
6	1418		3443.417779000
17		41	3443.452557000
6	1418		3443.508880000
17		41	3443.513989000
17		41	3443.576027000
6	1418		3443.600007000
17		41	3443.638297000
6	1418		3443.691117000
17		41	3443.700967000
17		46	3443.762122000
6	1418		3443.782222000
17		33	3443.785891000
17		41	3443.823871000
6	1418		3443.873346000
17		41	3443.886069000
6	1418		3443.964444000
17		41	3444.010789000
6	1418		3444.055563000
6	0		3444.071923000
17		41	3444.134649000
6	1418		3444.146711000
6	1418		3444.237793000
17		41	3444.257858000
6	0		3444.320275000
17		913	3444.320301000
17		44	3444.321056000
17		154	3444.321804000
6	1418		3444.328896000
17		1353	3444.384610000
17		1358	3444.384652000
17		1358	3444.384657000
17		1358	3444.384661000
17		1358	3444.384665000
17		1358	3444.384669000
17		1358	3444.384673000
17		1358	3444.384677000
17		1358	3444.384681000
6	1418		3444.420024000
6	0		3444.444344000
17		1358	3444.450119000
6	1418		3444.511135000
17		1358	3444.514795000
6	0		3444.568506000
17		1358	3444.578521000
6	1418		3444.602255000
17		1358	3444.643274000
6	0		3444.692665000
6	1418		3444.693339000
17		1358	3444.707586000
17		1358	3444.772047000
6	1418		3444.784453000
6	0		3444.816284000
6	697		3444.816314000
6	0		3444.817740000
6	67		3444.819601000
6	31		3444.820216000
6	39		3444.820802000
17		1358	3444.835871000
6	1418		3444.875587000
17		1358	3444.899726000
6	0		3444.939983000
17		1358	3444.964232000
6	1418		3444.966669000
17		1358	3445.029029000
6	1418		3445.057788000
6	0		3445.064034000
17		1358	3445.092086000
6	1418		3445.148908000
17		1358	3445.156210000
6	0		3445.188636000
17		1358	3445.220743000
6	1418		3445.240036000
17		1358	3445.285593000
6	0		3445.312302000
6	1418		3445.331146000
17		1358	3445.349271000
17		47	3445.374497000
17		33	3445.398488000
17		1358	3445.413901000
6	1418		3445.422271000
6	0		3445.436676000
17		1358	3445.464956000
17		41	3445.497936000
6	1418		3445.513368000
17		1358	3445.517501000
17		41	3445.560038000
17		1358	3445.568925000
6	1418		3445.604497000
17		1358	3445.619940000
17		41	3445.622657000
17		41	3445.684050000
6	1418		3445.695611000
17		41	3445.746149000
6	1418		3445.786722000
17		41	3445.807883000
17		41	3445.869905000
6	1418		3445.877870000
17		41	3445.932259000
6	1418		3445.968940000
17		41	3446.056066000
6	1418		3446.060117000
6	0		3446.118697000
6	1418		3446.151178000
17		41	3446.180443000
6	1418		3446.242293000
17		41	3446.242629000
6	1418		3446.333391000
17		41	3446.366569000
6	1418		3446.424534000
6	0		3446.428090000
17		41	3446.490744000
6	1418		3446.515631000
17		41	3446.551921000
6	1418		3446.606762000
6	0		3446.614485000
6	39		3446.614510000
6	0		3446.620727000
17		41	3446.676024000
6	1418		3446.697840000
6	0		3446.738195000
6	1418		3446.788970000
17		41	3446.800215000
17		41	3446.861997000
6	1418		3446.882073000
6	1418		3446.971209000
17		41	3446.986187000
6	0		3447.048594000
6	1418		3447.062305000
17		41	3447.110651000
6	1418		3447.153424000
17		46	3447.234649000
6	1418		3447.244539000
17		33	3447.259196000
6	0		3447.297211000
6	1418		3447.335654000
17		41	3447.358214000
6	1418		3447.426757000
17		41	3447.482207000
6	1418		3447.517877000
6	0		3447.544219000
17		41	3447.544273000
17		1358	3447.545963000
6	1418		3447.609003000
17		41	3447.668103000
17		1358	3447.669848000
6	1418		3447.700084000
6	0		3447.730399000
6	1418		3447.772987000
17		41	3447.792213000
17		1358	3447.793898000
6	1418		3447.845886000
17		41	3447.854131000
17		1358	3447.859907000
6	1418		3447.918778000
17		41	3447.978049000
17		1358	3447.979704000
6	1418		3447.991735000
6	0		3448.040244000
6	1418		3448.064540000
6	1418		3448.137424000
6	0		3448.163987000
6	1418		3448.210330000
6	1418		3448.283230000
6	0		3448.288749000
6	1418		3448.356117000
6	0		3448.412750000
6	1418		3448.428983000
6	1418		3448.501964000
6	0		3448.536395000
6	1418		3448.574779000
6	1418		3448.647650000
6	0		3448.660206000
6	1418		3448.720561000
6	0		3448.784039000
6	1418		3448.793509000
6	0		3448.908031000
6	1418		3448.914938000
6	0		3449.032328000
6	1418		3449.036428000
6	0		3449.094315000
6	0		3449.155958000
6	1418		3449.157891000
6	1418		3449.279392000
17		41	3449.280229000
6	0		3449.280245000
17		1358	3449.281359000
17		1358	3449.347421000
6	1418		3449.400899000
17		41	3449.404172000
17		1358	3449.410990000
6	0		3449.466330000
17		1358	3449.474363000
6	1418		3449.518582000
17		1358	3449.539305000
17		41	3449.590603000
17		1358	3449.603651000
6	1418		3449.636249000
6	0		3449.652758000
17		1358	3449.667401000
17		41	3449.714363000
17		1358	3449.732410000
6	1418		3449.753941000
17		1358	3449.796226000
17		41	3449.838100000
17		1358	3449.861070000
6	1418		3449.871629000
6	0		3449.900573000
17		1358	3449.924456000
6	1418		3449.989308000
17		1358	3449.989364000
6	0		3450.023853000
17		1358	3450.053360000
6	1418		3450.107002000
17		1358	3450.117946000
6	0		3450.148728000
17		1358	3450.181685000
6	1418		3450.224691000
17		1358	3450.246932000
6	0		3450.272125000
6	1418		3450.311135000
17		1358	3450.311193000
17		1358	3450.374656000
6	1418		3450.396317000
6	0		3450.396468000
17		1358	3450.439814000
6	1418		3450.481466000
17		1358	3450.504147000
6	0		3450.520303000
6	1418		3450.566629000
17		1358	3450.567867000
17		599	3450.632521000
6	0		3450.644185000
6	1418		3450.651783000
6	0		3450.768198000
17		41	3450.892312000
6	0		3450.892341000
17		41	3451.016442000
17		41	3451.077895000
6	0		3451.140043000
17		41	3451.201922000
17		41	3451.263969000
17		41	3451.388280000
17		41	3451.450382000
6	0		3451.512776000
17		46	3451.574645000
17		33	3451.599199000
17		41	3451.635853000
17		41	3451.760332000
6	0		3451.822808000
6	1418		3451.824077000
17		41	3451.884576000
17		41	3452.008389000
17		41	3452.070506000
6	0		3452.131949000
6	1418		3452.133196000
6	1418		3452.173163000
17		41	3452.193875000
17		41	3452.318651000
17		41	3452.379808000
6	0		3452.441921000
17		826	3452.441952000
17		39	3452.442658000
6	1418		3452.443162000
17		149	3452.443307000
17		1358	3452.450052000
6	1418		3452.483133000
17		1358	3452.502054000
17		41	3452.503881000
17		1358	3452.554328000
17		1358	3452.605591000
17		41	3452.627909000
17		1358	3452.656538000
6	0		3452.690114000
6	1418		3452.691360000
17		1358	3452.708554000
6	1418		3452.731401000
17		41	3452.751800000
17		1358	3452.759766000
17		1358	3452.810202000
17		1358	3452.863090000
6	0		3452.876637000
6	1418		3452.877898000
17		1358	3452.914604000
6	1418		3452.917854000
17		1358	3452.964915000
6	1418		3452.997824000
6	0		3453.000013000
17		41	3453.000041000
17		1358	3453.016460000
17		47	3453.062558000
6	1418		3453.077742000
17		33	3453.086258000
17		1358	3453.102038000
17		41	3453.124326000
6	1418		3453.157797000
6	0		3453.186492000
17		1358	3453.187834000
6	1418		3453.237635000
17		41	3453.248556000
17		1358	3453.273601000
17		41	3453.310263000
6	1418		3453.317565000
17		1358	3453.359794000
17		41	3453.371826000
6	1418		3453.397499000
17		41	3453.433919000
17		1358	3453.445802000
6	1418		3453.477463000
17		1358	3453.530692000
6	1418		3453.557398000
17		41	3453.558682000
17		1358	3453.616393000
6	0		3453.619835000
6	1418		3453.637332000
17		1358	3453.681310000
17		41	3453.682496000
6	1418		3453.717278000
17		41	3453.744520000
17		1358	3453.746207000
6	1418		3453.797223000
17		1358	3453.810313000
17		41	3453.868417000
17		1358	3453.874416000
6	1418		3453.877146000
6	0		3453.930823000
17		1358	3453.938793000
6	1418		3453.957093000
17		41	3453.992709000
17		1358	3454.002902000
6	1418		3454.037109000
17		1358	3454.066874000
17		41	3454.116196000
6	1418		3454.116968000
17		1358	3454.131352000
6	0		3454.178389000
17		1358	3454.194872000
6	1418		3454.196918000
17		41	3454.239870000
17		1358	3454.259521000
6	1418		3454.276876000
17		1358	3454.323145000
6	1418		3454.356824000
17		41	3454.364016000
17		1358	3454.387467000
6	0		3454.426258000
6	1418		3454.436744000
17		1358	3454.451708000
17		41	3454.487967000
17		1358	3454.516140000
6	1418		3454.516671000
17		1358	3454.580453000
6	1418		3454.596651000
17		41	3454.611890000
17		1358	3454.644495000
6	0		3454.674144000
6	1418		3454.676569000
17		1358	3454.709642000
17		41	3454.735919000
6	1418		3454.756525000
17		1358	3454.773634000
6	1418		3454.836462000
17		1358	3454.837944000
17		41	3454.859867000
17		1358	3454.901888000
6	1418		3454.916534000
6	0		3454.922562000
17		41	3454.922592000
17		1358	3454.966287000
6	1418		3454.996352000
17		1358	3455.031309000
17		41	3455.046684000
6	1418		3455.076284000
17		1358	3455.094952000
6	0		3455.107855000
6	1418		3455.156298000
17		1358	3455.159679000
17		46	3455.170122000
17		33	3455.193948000
17		1358	3455.223496000
6	1418		3455.236163000
17		1358	3455.288471000
17		41	3455.293808000
17		1358	3455.352718000
17		41	3455.356067000
17		1358	3455.417736000
6	0		3455.418215000
6	1418		3455.419446000
6	1418		3455.459427000
17		41	3455.480310000
17		1358	3455.481996000
17		41	3455.604305000
17		1358	3455.606073000
6	0		3455.666589000
6	1418		3455.667855000
6	1418		3455.707848000
17		41	3455.728316000
17		622	3455.729989000
17		41	3455.852024000
17		41	3455.914277000
6	0		3455.976684000
17		41	3455.976718000
6	1418		3455.977930000
6	1418		3456.017883000
17		41	3456.100018000
6	0		3456.162455000
6	1418		3456.163708000
6	1418		3456.195696000
17		41	3456.224341000
6	1418		3456.259651000
6	1418		3456.323578000
17		41	3456.348093000
17		41	3456.409838000
6	0		3456.472136000
6	1418		3456.473374000
6	1418		3456.505358000
17		41	3456.534106000
17		41	3456.657880000
6	127		3456.657906000
6	39		3456.657911000
6	0		3456.659009000
6	0		3456.659041000
6	39		3456.659093000
6	1305		3456.720060000
6	0		3456.720092000
6	1418		3456.721422000
6	68		3456.725698000
6	93		3456.726322000
6	39		3456.728102000
6	1418		3456.753309000
17		41	3456.782101000
17		41	3456.906566000
6	0		3456.967940000
17		41	3457.029881000
17		41	3457.092256000
17		41	3457.154090000
6	0		3457.216505000
6	1418		3457.217747000
6	1418		3457.271043000
17		46	3457.278486000
17		33	3457.302070000
17		41	3457.402269000
6	0		3457.465092000
6	1418		3457.466481000
6	1418		3457.519859000
17		41	3457.525809000
17		41	3457.587975000
17		41	3457.712287000
17		41	3457.774363000
17		41	3457.836521000
6	0		3457.897835000
6	1418		3457.899086000
6	1418		3457.939095000
17		41	3458.022415000
17		41	3458.084506000
6	0		3458.145852000
6	1418		3458.147103000
6	1418		3458.187104000
17		913	3458.208324000
17		39	3458.209107000
17		154	3458.209741000
17		1353	3458.209750000
17		1358	3458.209774000
17		1358	3458.209782000
17		1358	3458.209786000
17		1358	3458.209791000
17		1358	3458.209795000
17		1358	3458.209799000
17		1358	3458.209803000
17		1358	3458.209807000
17		1358	3458.262102000
6	0		3458.270528000
17		1358	3458.313342000
17		1358	3458.364670000
6	0		3458.393862000
17		1358	3458.416493000
17		1358	3458.467827000
6	0		3458.517881000
17		1358	3458.519065000
17		1358	3458.571177000
17		1358	3458.622225000
6	0		3458.642738000
17		1358	3458.673321000
6	0		3458.704278000
17		1358	3458.725352000
6	0		3458.766809000
6	0		3458.766838000
6	0		3458.766842000
6	0		3458.766850000
6	39		3458.766854000
6	0		3458.772647000
17		1358	3458.776481000
17		1358	3458.827825000
17		1358	3458.878965000
6	0		3458.890170000
17		1358	3458.930433000
17		1358	3458.981414000
6	0		3459.013900000
6	0		3459.137950000
6	1418		3459.139207000
6	1418		3459.179219000
6	0		3459.262656000
6	1418		3459.263884000
17		47	3459.324184000
6	1418		3459.339066000
17		33	3459.348110000
17		41	3459.386642000
17		1358	3459.387857000
6	0		3459.448406000
17		41	3459.448435000
6	1418		3459.449667000
17		1358	3459.474758000
17		41	3459.510466000
17		1358	3459.561144000
17		41	3459.572404000
17		41	3459.634317000
17		1358	3459.646837000
17		41	3459.696508000
17		1358	3459.734437000
17		41	3459.758542000
17		1358	3459.819029000
17		41	3459.820490000
17		41	3459.882186000
17		1358	3459.904312000
17		41	3459.944261000
17		1262	3459.968410000
17		41	3460.005857000
17		41	3460.068657000
17		41	3460.130627000
17		41	3460.191926000
17		41	3460.254668000
17		41	3460.316442000
17		41	3460.378615000
17		41	3460.440572000
17		41	3460.502021000
17		46	3460.563985000
17		33	3460.587954000
17		41	3460.625784000
17		41	3460.687953000
6	0		3460.812599000
6	1418		3460.813918000
6	1418		3460.853898000
6	1418		3460.933863000
6	0		3460.936457000
17		41	3460.998557000
6	1418		3461.013763000
6	1418		3461.093726000
17		41	3461.122079000
6	1418		3461.173672000
17		41	3461.183888000
17		826	3461.183920000
17		33	3461.184706000
17		33	3461.184787000
17		149	3461.185409000
17		1358	3461.193302000
6	0		3461.245942000
17		41	3461.245976000
6	1418		3461.253654000
17		1358	3461.259132000
17		41	3461.308523000
17		1358	3461.323045000
6	1418		3461.333553000
17		41	3461.370401000
17		1358	3461.387079000
6	1418		3461.413495000
17		41	3461.431787000
17		1358	3461.452065000
6	1418		3461.493441000
17		41	3461.494193000
17		1358	3461.516014000
6	1418		3461.573382000
17		1358	3461.580541000
6	0		3461.618512000
17		1358	3461.644058000
6	1418		3461.653298000
6	0		3461.680121000
17		1358	3461.708278000
6	1418		3461.733251000
17		1358	3461.772226000
6	0		3461.804665000
6	1418		3461.813198000
17		1358	3461.836736000
17		47	3461.865904000
17		33	3461.889644000
6	1418		3461.893124000
17		1358	3461.901222000
17		41	3461.928110000
17		1358	3461.965275000
6	1418		3461.973084000
17		41	3461.989995000
17		1358	3462.029413000
17		41	3462.052272000
6	0		3462.052303000
6	1418		3462.053011000
17		1358	3462.094538000
6	1418		3462.132993000
17		1358	3462.158644000
17		41	3462.175812000
6	1418		3462.212892000
17		1358	3462.222477000
6	0		3462.238072000
17		1358	3462.287111000
6	1418		3462.292897000
17		41	3462.300572000
17		1358	3462.351286000
6	1418		3462.372784000
17		1358	3462.415856000
17		41	3462.424442000
6	1418		3462.452727000
17		1358	3462.479812000
6	0		3462.486669000
6	1418		3462.532655000
17		1358	3462.544654000
17		41	3462.548251000
17		1358	3462.608097000
17		41	3462.610748000
6	1418		3462.612594000
17		1358	3462.673215000
6	1418		3462.692535000
17		41	3462.734731000
17		1358	3462.735920000
6	1418		3462.756498000
6	0		3462.795982000
17		1358	3462.801854000
6	1418		3462.820467000
17		41	3462.858311000
17		1358	3462.865256000
6	1418		3462.884406000
17		1358	3462.930443000
6	1418		3462.948362000
17		41	3462.982736000
17		1358	3462.993965000
6	1418		3463.012300000
6	0		3463.043939000
17		1358	3463.058558000
6	1418		3463.076251000
17		41	3463.106680000
6	1418		3463.140207000
6	1418		3463.204215000
17		41	3463.230693000
6	1418		3463.268115000
6	0		3463.291874000
17		41	3463.354182000
17		41	3463.478432000
6	0		3463.539914000
6	1418		3463.541154000
6	1418		3463.594448000
17		41	3463.601912000
17		41	3463.664636000
17		41	3463.788116000
6	0		3463.850270000
6	1418		3463.851543000
6	1418		3463.904807000
17		41	3463.912236000
17		46	3464.036324000
17		33	3464.061026000
6	0		3464.098540000
6	1418		3464.099788000
6	1418		3464.139766000
17		41	3464.160391000
17		41	3464.283994000
6	0		3464.346527000
6	1418		3464.347820000
6	1418		3464.387779000
17		41	3464.408408000
17		41	3464.532019000
17		1358	3464.533741000
6	0		3464.594421000
6	1418		3464.595643000
6	1418		3464.635665000
17		41	3464.655842000
17		1358	3464.656697000
17		41	3464.780068000
6	562		3464.780097000
6	0		3464.781187000
17		1358	3464.781788000
6	69		3464.782543000
6	31		3464.783186000
6	39		3464.783792000
6	0		3464.842337000
6	1418		3464.843640000
6	1418		3464.883609000
17		41	3464.903881000
17		1358	3464.905353000
17		1358	3464.973264000
17		41	3465.027819000
17		1358	3465.039903000
6	0		3465.090648000
6	1418		3465.091924000
17		1358	3465.107587000
6	1418		3465.131888000
17		1358	3465.174145000
6	0		3465.214379000
6	1418		3465.215703000
17		1358	3465.241106000
6	1418		3465.291840000
17		1358	3465.309924000
6	0		3465.338667000
6	1418		3465.371737000
17		1358	3465.376785000
17		1358	3465.443532000
6	1418		3465.451663000
6	0		3465.462229000
17		1358	3465.511081000
6	1418		3465.531599000
17		1358	3465.578475000
6	0		3465.586550000
6	1418		3465.611539000
17		1358	3465.644772000
6	1418		3465.691485000
6	0		3465.710277000
17		1358	3465.712605000
6	1418		3465.771433000
17		41	3465.772523000
17		1358	3465.779094000
6	0		3465.833832000
17		1358	3465.846349000
6	1418		3465.851370000
17		1358	3465.914116000
6	1418		3465.931307000
17		41	3465.959107000
17		622	3465.981072000
6	1418		3466.011290000
6	0		3466.020326000
6	0		3466.020370000
17		41	3466.020385000
6	39		3466.081904000
6	0		3466.087615000
6	1418		3466.091180000
6	0		3466.143826000
6	1418		3466.171128000
17		41	3466.206549000
6	1418		3466.251082000
17		41	3466.267802000
17		41	3466.330104000
6	1418		3466.331002000
17		41	3466.454105000
6	0		3466.516560000
6	1418		3466.517874000
6	1418		3466.557831000
17		41	3466.578497000
17		41	3466.702164000
6	0		3466.764855000
6	1418		3466.766096000
6	1418		3466.806085000
17		41	3466.826553000
17		41	3466.950460000
17		46	3467.012580000
17		33	3467.036412000
6	0		3467.074007000
17		41	3467.136555000
17		41	3467.198090000
6	0		3467.260459000
17		41	3467.322287000
17		41	3467.445856000
17		906	3467.445885000
17		33	3467.446642000
17		1358	3467.448328000
17		1358	3467.502702000
6	0		3467.507883000
17		1358	3467.557293000
17		41	3467.570142000
17		1358	3467.611373000
17		41	3467.632745000
17		1358	3467.664093000
17		1358	3467.718178000
17		41	3467.756494000
17		1358	3467.772435000
6	0		3467.818359000
17		41	3467.818389000
17		1358	3467.825454000
17		1358	3467.878917000
17		1358	3467.932247000
6	0		3467.942301000
17		1358	3467.986135000
17		1358	3468.040484000
6	0		3468.066555000
17		1358	3468.093513000
17		1358	3468.147990000
6	0		3468.189932000
6	1418		3468.191172000
17		1358	3468.201859000
17		1358	3468.254611000
17		1358	3468.308928000
6	0		3468.314489000
6	1418		3468.315736000
6	1418		3468.355766000
17		1358	3468.362884000
17		1358	3468.416388000
17		47	3468.439132000
17		33	3468.463571000
17		1358	3468.470105000
6	0		3468.500565000
17		41	3468.500593000
6	1418		3468.501841000
17		1358	3468.559397000
17		41	3468.562278000
17		41	3468.624430000
17		1358	3468.648909000
17		41	3468.686497000
17		1358	3468.738785000
17		41	3468.748100000
17		41	3468.810179000
17		1358	3468.827874000
17		41	3468.872030000
17		1358	3468.917237000
17		41	3468.934047000
17		41	3468.996382000
17		1358	3469.007378000
17		41	3469.058986000
17		1358	3469.074342000
17		41	3469.120707000
17		1358	3469.141341000
17		41	3469.182615000
17		1358	3469.209087000
17		1358	3469.276711000
17		41	3469.306317000
17		663	3469.344050000
17		41	3469.367966000
17		41	3469.430223000
6	0		3469.492759000
6	1418		3469.494096000
6	1418		3469.534094000
6	1418		3469.614022000
17		41	3469.616341000
17		41	3469.678315000
6	0		3469.678345000
6	1418		3469.693975000
17		41	3469.740380000
6	1418		3469.773893000
6	1418		3469.853822000
17		41	3469.864385000
17		46	3469.926179000
6	1418		3469.933780000
17		33	3469.950726000
17		41	3469.988345000
6	1418		3470.013727000
17		41	3470.050075000
6	1418		3470.093668000
17		41	3470.112396000
6	1418		3470.173689000
17		41	3470.174337000
6	0		3470.236280000
17		41	3470.236309000
6	1418		3470.253596000
17		41	3470.298949000
6	1418		3470.333483000
17		913	3470.359963000
17		39	3470.360764000
17		152	3470.361454000
17		1353	3470.361534000
17		1358	3470.361549000
17		1358	3470.361555000
17		1358	3470.361560000
17		1358	3470.361565000
17		1358	3470.361570000
17		1358	3470.361576000
17		1358	3470.361580000
17		1358	3470.361586000
6	1418		3470.413483000
17		1358	3470.429723000
6	1418		3470.477402000
6	0		3470.483918000
17		1358	3470.496488000
6	1418		3470.541404000
17		1358	3470.563433000
6	1418		3470.605346000
6	0		3470.607805000
17		1358	3470.631120000
6	1418		3470.669238000
17		1358	3470.698298000
6	0		3470.732590000
6	1418		3470.733169000
17		1358	3470.765510000
6	1418		3470.797121000
17		1358	3470.833351000
6	0		3470.855920000
6	1418		3470.861079000
17		1358	3470.899761000
6	1418		3470.925032000
17		1358	3470.967840000
6	0		3470.980257000
6	1418		3470.988979000
17		1358	3471.034104000
6	1418		3471.052939000
17		1358	3471.102047000
6	0		3471.104133000
17		47	3471.104160000
6	1418		3471.116965000
17		33	3471.128450000
17		41	3471.166285000
17		1358	3471.167924000
6	1418		3471.223490000
17		41	3471.228588000
17		1358	3471.235877000
17		41	3471.290107000
17		1358	3471.303025000
6	1418		3471.330060000
17		41	3471.352112000
17		1358	3471.370176000
17		41	3471.414143000
6	1418		3471.436705000
17		1358	3471.436914000
17		41	3471.476457000
17		1358	3471.503919000
17		41	3471.538527000
6	1418		3471.543240000
17		1358	3471.571665000
17		41	3471.600330000
17		1358	3471.638947000
6	1418		3471.649835000
17		41	3471.662441000
17		1358	3471.705057000
17		41	3471.724026000
17		1358	3471.772539000
6	0		3471.786488000
6	1418		3471.787818000
6	1418		3471.836344000
17		1358	3471.839341000
17		41	3471.848730000
17		1358	3471.906850000
17		41	3471.971989000
17		1358	3471.974348000
6	0		3472.034416000
6	1418		3472.035665000
17		1358	3472.041743000
6	1418		3472.075683000
17		41	3472.096540000
17		1358	3472.109022000
6	1418		3472.155607000
17		1358	3472.175689000
17		41	3472.219831000
6	1418		3472.235517000
17		1358	3472.243338000
6	0		3472.282172000
17		1358	3472.309934000
6	1418		3472.315438000
17		41	3472.344526000
17		1358	3472.377731000
17		1358	3472.444559000
17		41	3472.467897000
17		1358	3472.512058000
6	0		3472.530361000
6	1418		3472.531614000
17		1358	3472.578492000
6	1418		3472.580358000
17		41	3472.592447000
17		1358	3472.646518000
17		41	3472.715964000
17		1358	3472.718122000
6	0		3472.780288000
17		41	3472.780325000
6	1418		3472.781562000
17		1358	3472.786306000
6	1418		3472.830264000
17		41	3472.840265000
17		35	3472.841980000
17		41	3472.902240000
17		1358	3472.904018000
6	0		3472.964524000
6	1418		3472.965861000
6	1418		3473.025123000
17		41	3473.026117000
17		1358	3473.027823000
17		41	3473.150064000
17		1358	3473.151879000
6	0		3473.211963000
17		41	3473.211991000
6	1418		3473.213219000
17		1358	3473.220074000
17		41	3473.336259000
17		627	3473.337938000
6	0		3473.398577000
6	1418		3473.399833000
6	1418		3473.448665000
17		41	3473.460386000
17		41	3473.521819000
17		41	3473.646019000
17		41	3473.708317000
6	0		3473.770591000
6	1418		3473.771878000
6	1418		3473.820579000
17		41	3473.832711000
17		41	3473.894103000
6	0		3473.956270000
6	1418		3473.957530000
6	1418		3474.015362000
17		41	3474.018424000
17		41	3474.080750000
17		41	3474.142730000
17		41	3474.265954000
6	0		3474.328790000
6	1418		3474.330024000
6	1418		3474.378734000
17		41	3474.390409000
17		41	3474.514147000
6	0		3474.576850000
6	1418		3474.578124000
6	1418		3474.626837000
17		41	3474.638490000
17		41	3474.700203000
17		46	3474.824363000
17		35	3474.847952000
17		41	3474.886255000
6	0		3474.948385000
6	1418		3474.949665000
6	1418		3474.998353000
17		41	3475.010064000
17		41	3475.134636000
17		41	3475.195918000
6	0		3475.258241000
6	1418		3475.259519000
6	1418		3475.308277000
17		41	3475.320063000
17		41	3475.444495000
6	0		3475.506135000
6	1418		3475.507537000
6	1418		3475.556190000
17		41	3475.630319000
17		41	3475.692420000
6	0		3475.754527000
6	1418		3475.755782000
6	1418		3475.804465000
17		832	3475.815838000
17		39	3475.816634000
17		1358	3475.817394000
17		1358	3475.817417000
17		1358	3475.817421000
17		1358	3475.817426000
17		1358	3475.817430000
17		1358	3475.817434000
17		1358	3475.817438000
17		1358	3475.817442000
17		1358	3475.817446000
17		1358	3475.817450000
17		1358	3475.871359000
17		1358	3475.926067000
6	0		3475.940734000
6	1418		3475.942012000
17		1358	3475.979884000
6	1418		3475.999261000
17		1358	3476.032715000
6	0		3476.064606000
17		1358	3476.086688000
6	1418		3476.096729000
17		1358	3476.140692000
6	0		3476.188159000
17		1358	3476.194043000
6	1418		3476.194083000
17		1358	3476.247928000
17		1358	3476.302616000
6	0		3476.312289000
17		1358	3476.355999000
17		1358	3476.409382000
6	0		3476.436521000
17		1358	3476.463145000
17		1358	3476.517138000
6	0		3476.560029000
17		1358	3476.571271000
17		1358	3476.623486000
17		1358	3476.678332000
6	0		3476.684658000
6	0		3476.807934000
6	0		3476.931941000
17		41	3476.931970000
6	1418		3476.933207000
17		47	3476.993953000
17		1358	3476.995902000
17		41	3477.055887000
17		1358	3477.086336000
17		41	3477.118010000
17		1358	3477.176897000
17		41	3477.180491000
17		41	3477.241893000
17		1358	3477.267699000
17		41	3477.304463000
17		1358	3477.358170000
17		41	3477.365812000
17		41	3477.428404000
17		1358	3477.447929000
17		41	3477.490558000
17		1358	3477.537076000
17		41	3477.552182000
17		41	3477.614217000
17		1358	3477.626540000
17		1358	3477.716189000
17		41	3477.738460000
6	0		3477.800615000
6	1418		3477.801925000
17		1358	3477.806240000
6	1418		3477.850632000
17		41	3477.862677000
17		1358	3477.873359000
17		41	3477.923942000
17		1358	3477.940434000
17		1358	3478.007703000
17		41	3478.048006000
17		1358	3478.074422000
6	0		3478.110196000
6	1418		3478.111444000
17		1358	3478.141837000
6	1418		3478.160147000
17		41	3478.172516000
17		1358	3478.208963000
17		41	3478.234515000
17		1358	3478.275746000
17		41	3478.296288000
17		1358	3478.343401000
17		41	3478.357952000
17		1358	3478.410789000
17		41	3478.420546000
17		1358	3478.477883000
17		46	3478.482051000
17		33	3478.506163000
17		41	3478.544070000
17		1358	3478.545414000
17		41	3478.606402000
17		1358	3478.612406000
17		41	3478.668562000
17		1358	3478.679179000
17		748	3478.746054000
17		41	3478.792423000
6	0		3478.854449000
17		41	3478.854476000
6	1418		3478.855771000
6	1418		3478.904476000
17		41	3478.916310000
17		41	3478.978709000
6	1418		3479.001872000
17		41	3479.039919000
6	1418		3479.099258000
17		41	3479.101979000
17		41	3479.164303000
6	1418		3479.196665000
17		41	3479.226379000
6	1418		3479.294073000
17		41	3479.349935000
6	1418		3479.391479000
6	0		3479.412648000
17		41	3479.474654000
6	1418		3479.488854000
17		41	3479.536650000
6	1418		3479.586261000
17		41	3479.598259000
6	1418		3479.683635000
17		41	3479.721871000
6	1418		3479.781041000
6	0		3479.784028000
17		41	3479.846215000
6	1418		3479.878431000
17		41	3479.908356000
17		41	3479.970650000
6	1418		3479.975899000
17		46	3480.032620000
17		33	3480.057392000
6	1418		3480.073227000
17		41	3480.094140000
6	1418		3480.151157000
17		41	3480.156277000
17		41	3480.218128000
6	1418		3480.229125000
17		913	3480.280217000
17		39	3480.281111000
17		1358	3480.282805000
17		1358	3480.282822000
17		1358	3480.282827000
17		1358	3480.282831000
17		1358	3480.282834000
17		1358	3480.282838000
17		1358	3480.282842000
17		1358	3480.282846000
17		1358	3480.282850000
17		1358	3480.282854000
6	1418		3480.306988000
17		1358	3480.350412000
6	1418		3480.384905000
6	0		3480.404372000
17		1358	3480.417871000
6	1418		3480.462821000
17		1358	3480.484165000
6	0		3480.528263000
6	1418		3480.540709000
17		1358	3480.551167000
17		1358	3480.618156000
6	1418		3480.618620000
6	0		3480.620532000
17		1358	3480.684580000
6	1418		3480.696631000
6	0		3480.712021000
17		1358	3480.751194000
6	1418		3480.774469000
6	0		3480.804538000
17		1358	3480.818377000
6	1418		3480.852389000
17		1358	3480.884574000
6	0		3480.897302000
17		1358	3480.952130000
6	1418		3480.982259000
6	0		3480.988164000
17		1358	3481.018897000
6	0		3481.080001000
17		41	3481.080034000
17		1358	3481.084893000
6	1418		3481.112141000
17		47	3481.126062000
17		33	3481.150120000
17		41	3481.172253000
17		41	3481.218206000
6	1418		3481.242007000
17		41	3481.264275000
17		41	3481.310690000
17		41	3481.356352000
6	1418		3481.371869000
17		41	3481.402453000
17		41	3481.448080000
17		41	3481.494174000
6	1418		3481.501721000
17		41	3481.586144000
6	1418		3481.631624000
6	0		3481.632393000
17		41	3481.678232000
6	1418		3481.761470000
17		41	3481.770450000
6	0		3481.816102000
17		41	3481.862668000
6	1418		3481.891330000
17		41	3481.907871000
17		41	3481.999849000
6	1418		3482.021209000
6	0		3482.046033000
17		41	3482.092507000
6	1418		3482.118581000
17		41	3482.137867000
17		1358	3482.139509000
6	0		3482.184087000
6	1418		3482.215954000
17		41	3482.230484000
17		1358	3482.231827000
17		41	3482.276000000
17		1358	3482.299458000
6	1418		3482.313371000
17		41	3482.368469000
17		1358	3482.369934000
6	1418		3482.408122000
6	0		3482.414646000
17		46	3482.414675000
17		1358	3482.436971000
17		1358	3482.498705000
6	1418		3482.500669000
6	0		3482.506302000
17		1358	3482.559542000
6	1418		3482.593277000
6	0		3482.598131000
17		1358	3482.619634000
17		1358	3482.680520000
6	1418		3482.685888000
6	0		3482.690023000
17		1358	3482.740942000
6	1418		3482.778495000
6	0		3482.782447000
17		1358	3482.801278000
17		1358	3482.861946000
6	1418		3482.871106000
17		41	3482.874320000
6	0		3482.920561000
17		1358	3482.923347000
6	1418		3482.963687000
17		41	3482.966502000
17		1358	3482.983546000
17		41	3483.012727000
17		1358	3483.044968000
6	1418		3483.056313000
17		41	3483.104289000
17		1358	3483.105142000
6	1418		3483.148909000
6	0		3483.149750000
17		41	3483.149772000
17		1358	3483.166314000
17		41	3483.195871000
17		101	3483.226931000
6	1418		3483.241527000
17		41	3483.287908000
6	0		3483.334066000
6	1418		3483.334110000
17		41	3483.380247000
17		41	3483.426558000
6	1418		3483.426715000
17		41	3483.517923000
6	1418		3483.519330000
6	0		3483.564204000
17		41	3483.610465000
6	1418		3483.611935000
17		41	3483.656502000
17		825	3483.701786000
17		39	3483.702600000
17		1358	3483.704102000
6	1418		3483.704513000
17		41	3483.748199000
17		1358	3483.765303000
6	0		3483.793790000
6	1418		3483.797154000
17		1358	3483.826642000
17		41	3483.840638000
17		41	3483.886040000
17		1358	3483.886560000
6	1418		3483.889760000
17		41	3483.932008000
17		1358	3483.947795000
6	0		3483.978138000
6	1418		3483.982361000
17		1358	3484.009125000
17		41	3484.024012000
17		1358	3484.069066000
6	1418		3484.074980000
6	0		3484.116559000
17		1358	3484.129963000
6	1418		3484.167642000
17		1358	3484.190131000
6	0		3484.208415000
17		1358	3484.251421000
17		41	3484.254323000
6	1418		3484.260183000
17		47	3484.300253000
6	0		3484.300281000
17		1358	3484.311385000
6	1418		3484.352798000
17		1358	3484.372310000
17		41	3484.392607000
17		1358	3484.433010000
6	0		3484.438756000
6	1418		3484.445401000
17		41	3484.484397000
17		1358	3484.493510000
17		41	3484.530563000
6	1418		3484.534120000
17		1358	3484.553656000
17		1358	3484.615621000
17		41	3484.621925000
6	1418		3484.622848000
6	0		3484.668142000
17		1358	3484.676067000
6	1418		3484.711604000
17		41	3484.714166000
17		1358	3484.736894000
17		41	3484.760777000
17		1358	3484.797250000
6	1418		3484.800319000
6	671		3484.805846000
6	39		3484.805872000
6	0		3484.807802000
6	0		3484.807828000
6	39		3484.807831000
6	67		3484.809701000
6	31		3484.810303000
6	39		3484.810909000
17		41	3484.852154000
17		1358	3484.857948000
6	1418		3484.889069000
6	0		3484.898302000
17		1358	3484.918037000
17		41	3484.944363000
6	1418		3484.977793000
17		1358	3484.978651000
17		41	3485.035883000
17		1358	3485.037888000
6	1418		3485.066511000
6	0		3485.082146000
17		1358	3485.099917000
17		41	3485.128650000
6	1418		3485.155273000
17		1358	3485.161243000
17		41	3485.174133000
17		1358	3485.221123000
6	1418		3485.243967000
17		41	3485.266283000
17		1358	3485.282482000
6	0		3485.312392000
6	1418		3485.332753000
17		1358	3485.343351000
17		41	3485.358589000
17		1358	3485.403787000
17		41	3485.404440000
6	1418		3485.421441000
17		1358	3485.464169000
17		41	3485.496565000
6	1418		3485.510165000
17		1358	3485.524735000
6	0		3485.542711000
17		1358	3485.585502000
17		41	3485.588222000
6	1418		3485.598892000
17		41	3485.634575000
17		1358	3485.646104000
6	0		3485.680522000
6	39		3485.680554000
6	0		3485.686608000
6	1418		3485.687629000
17		1358	3485.706686000
17		41	3485.725971000
17		1358	3485.767455000
6	0		3485.772135000
6	1418		3485.776361000
17		41	3485.817965000
17		1358	3485.828673000
6	1418		3485.865086000
17		1358	3485.888932000
17		46	3485.909807000
17		33	3485.934633000
17		1358	3485.950108000
6	1418		3485.953845000
17		41	3485.955974000
6	0		3486.002191000
17		41	3486.002222000
17		1358	3486.010353000
6	1418		3486.042544000
17		1358	3486.071075000
17		41	3486.094698000
6	1418		3486.131293000
17		1358	3486.131847000
17		41	3486.140108000
6	0		3486.186255000
17		1358	3486.192697000
6	1418		3486.220001000
17		41	3486.232119000
17		1358	3486.253153000
6	1418		3486.308809000
17		1358	3486.313292000
17		41	3486.324705000
17		41	3486.370272000
17		1358	3486.374355000
6	1418		3486.397472000
6	0		3486.416753000
17		1358	3486.423029000
17		41	3486.462584000
6	1418		3486.468452000
17		1358	3486.471548000
17		1358	3486.520233000
6	1418		3486.539466000
17		41	3486.554678000
17		1358	3486.567785000
17		41	3486.600103000
6	1418		3486.610412000
17		748	3486.616909000
6	0		3486.646639000
6	1418		3486.681411000
17		41	3486.692119000
6	1418		3486.752377000
17		41	3486.783826000
6	1418		3486.823359000
6	0		3486.830759000
17		41	3486.876383000
6	1418		3486.894355000
6	1418		3486.965320000
17		41	3486.968522000
17		41	3487.014372000
6	1418		3487.036330000
6	0		3487.059852000
17		41	3487.106540000
6	1418		3487.154639000
17		41	3487.197945000
6	0		3487.244100000
6	1418		3487.272984000
17		41	3487.289879000
17		41	3487.336334000
6	1418		3487.391226000
17		46	3487.428512000
17		33	3487.452307000
6	0		3487.474898000
6	1418		3487.509565000
17		41	3487.520508000
17		41	3487.566564000
17		41	3487.611837000
6	1418		3487.627844000
6	0		3487.658473000
17		41	3487.704163000
6	1418		3487.716550000
17		41	3487.750100000
6	1418		3487.805293000
17		41	3487.842184000
6	0		3487.888995000
6	1418		3487.894029000
17		913	3487.934516000
17		39	3487.935201000
17		1358	3487.936088000
17		1358	3487.936103000
17		1358	3487.936108000
17		1358	3487.936112000
17		1358	3487.936122000
17		1358	3487.936126000
17		1358	3487.936130000
17		1358	3487.936134000
17		1358	3487.936139000
17		1358	3487.936142000
6	1418		3487.982755000
17		1358	3487.998235000
6	0		3488.026499000
17		1358	3488.058307000
6	1418		3488.071471000
6	0		3488.117861000
17		1358	3488.119578000
6	1418		3488.160207000
17		1358	3488.179754000
6	0		3488.210079000
17		1358	3488.240274000
6	1418		3488.248947000
6	0		3488.256429000
17		1358	3488.300916000
6	1418		3488.337684000
6	0		3488.348241000
17		1358	3488.361910000
17		1358	3488.422523000
6	1418		3488.426389000
6	0		3488.440308000
17		1358	3488.482251000
6	1418		3488.513324000
6	0		3488.532376000
17		41	3488.532407000
17		1358	3488.544246000
17		47	3488.578274000
6	1418		3488.588959000
17		33	3488.602735000
17		1358	3488.604328000
17		41	3488.624302000
6	1418		3488.664617000
17		1358	3488.665372000
17		41	3488.670269000
17		41	3488.716324000
17		1358	3488.726058000
6	1418		3488.740322000
17		41	3488.762495000
17		1358	3488.786296000
17		41	3488.808300000
6	1418		3488.815931000
17		1358	3488.847050000
17		41	3488.854265000
6	1418		3488.891588000
17		41	3488.900224000
17		1358	3488.908203000
17		41	3488.946748000
6	1418		3488.967249000
17		1358	3488.967856000
17		41	3488.992272000
17		1358	3489.028789000
6	1418		3489.042891000
17		41	3489.084177000
17		1358	3489.089559000
6	1418		3489.118553000
6	0		3489.130420000
17		1358	3489.150059000
17		41	3489.175893000
6	1418		3489.194218000
17		1358	3489.211543000
17		41	3489.267854000
6	1418		3489.269863000
17		1358	3489.272373000
6	0		3489.313791000
17		41	3489.313822000
17		1358	3489.332451000
6	1418		3489.345540000
17		1358	3489.393033000
17		41	3489.405803000
6	1418		3489.421174000
6	0		3489.452432000
17		1358	3489.453999000
6	1418		3489.496827000
17		41	3489.498485000
17		1358	3489.514569000
17		41	3489.544018000
6	1418		3489.572505000
17		1358	3489.574749000
17		41	3489.635887000
17		1358	3489.636187000
6	1418		3489.648135000
6	0		3489.682313000
17		1358	3489.696485000
6	1418		3489.723811000
17		41	3489.728345000
17		1358	3489.756887000
6	1418		3489.799445000
17		1358	3489.816147000
17		41	3489.820347000
6	0		3489.866536000
6	1418		3489.875097000
17		1358	3489.877572000
17		46	3489.912630000
17		33	3489.936572000
17		1358	3489.936630000
6	1418		3489.950756000
17		1358	3489.996835000
17		41	3490.004015000
6	1418		3490.026405000
6	0		3490.050268000
17		1358	3490.056440000
17		41	3490.095989000
6	1418		3490.102051000
17		1358	3490.115364000
17		1358	3490.175435000
6	1418		3490.177703000
17		41	3490.187970000
6	0		3490.234208000
17		1358	3490.236338000
6	1418		3490.253362000
17		41	3490.280105000
17		1358	3490.295067000
17		41	3490.326437000
6	1418		3490.329021000
17		744	3490.355113000
6	1418		3490.404715000
17		41	3490.418137000
6	0		3490.464320000
6	1418		3490.480386000
17		41	3490.510174000
6	1418		3490.556070000
17		41	3490.602437000
6	0		3490.648618000
6	1418		3490.649869000
17		41	3490.694476000
6	1418		3490.707319000
17		41	3490.786698000
6	0		3490.831879000
6	1418		3490.833117000
6	1418		3490.870955000
17		41	3490.878737000
17		41	3490.970213000
6	0		3491.016595000
6	1418		3491.017874000
6	1418		3491.055720000
17		41	3491.062506000
17		41	3491.107955000
17		41	3491.200000000
6	0		3491.246848000
6	1418		3491.248111000
6	1418		3491.285947000
17		41	3491.292439000
17		41	3491.384370000
6	0		3491.430780000
6	1418		3491.432054000
6	1418		3491.469873000
17		41	3491.476633000
17		41	3491.522003000
17		46	3491.568346000
17		33	3491.593316000
6	0		3491.614511000
6	1418		3491.615768000
6	1418		3491.653670000
17		41	3491.660500000
17		41	3491.752113000
17		41	3491.798079000
6	0		3491.844978000
6	1418		3491.846224000
6	1418		3491.884076000
17		41	3491.890437000
17		41	3491.982539000
6	0		3492.028640000
17		833	3492.028672000
17		39	3492.029333000
6	1418		3492.030066000
17		149	3492.030098000
17		1353	3492.030103000
17		1358	3492.030107000
17		1358	3492.030111000
17		1358	3492.030139000
17		1358	3492.030143000
17		1358	3492.030148000
17		1358	3492.030152000
17		1358	3492.030155000
17		1358	3492.030159000
6	1418		3492.067914000
17		1358	3492.078886000
6	0		3492.120313000
17		1358	3492.126859000
6	1418		3492.143572000
17		1358	3492.174858000
6	1418		3492.204083000
6	0		3492.211994000
17		1358	3492.221889000
6	1418		3492.264596000
17		1358	3492.270200000
6	0		3492.304370000
17		1358	3492.318499000
6	1418		3492.325144000
17		1358	3492.365856000
6	1418		3492.385658000
6	0		3492.396586000
17		1358	3492.413946000
6	1418		3492.446175000
17		1358	3492.461778000
6	0		3492.488364000
6	1418		3492.506723000
17		1358	3492.509193000
17		1358	3492.557534000
6	1418		3492.567238000
6	0		3492.580597000
17		1358	3492.605075000
6	1418		3492.627800000
17		1358	3492.653294000
6	0		3492.672631000
6	1418		3492.688286000
17		1358	3492.701694000
6	1418		3492.748816000
6	0		3492.764089000
6	1418		3492.809353000
17		41	3492.810095000
6	0		3492.856111000
17		47	3492.856150000
6	1418		3492.869869000
17		33	3492.880183000
17		41	3492.902337000
17		1358	3492.904058000
6	1418		3492.930391000
17		41	3492.948326000
17		1358	3492.984084000
17		41	3492.994471000
6	1418		3493.031281000
17		41	3493.040398000
17		1358	3493.065214000
17		41	3493.086382000
6	1418		3493.132176000
17		41	3493.132274000
17		1358	3493.145622000
17		41	3493.178202000
17		41	3493.223913000
17		1358	3493.224535000
6	1418		3493.233024000
17		41	3493.270005000
17		1358	3493.305580000
17		41	3493.316421000
6	1418		3493.333892000
17		41	3493.362187000
17		1358	3493.385153000
6	0		3493.408383000
6	1418		3493.434778000
17		41	3493.454241000
17		1358	3493.464535000
6	1418		3493.510418000
17		1358	3493.524568000
17		41	3493.545851000
17		1358	3493.584341000
6	0		3493.592017000
17		41	3493.638607000
17		1358	3493.644666000
17		41	3493.684656000
17		1358	3493.703770000
17		1358	3493.763530000
17		41	3493.775877000
6	0		3493.822058000
17		1358	3493.823323000
17		41	3493.868289000
17		1358	3493.883193000
17		1358	3493.944222000
17		41	3493.959825000
17		1358	3494.003631000
6	0		3494.006656000
17		41	3494.052079000
17		1358	3494.062719000
17		1358	3494.122670000
17		46	3494.144017000
17		33	3494.167863000
17		1358	3494.181902000
6	0		3494.190195000
17		41	3494.236194000
17		1358	3494.241427000
17		1358	3494.301785000
17		41	3494.328136000
6	0		3494.374279000
6	0		3494.466545000
17		41	3494.512652000
17		41	3494.604248000
6	0		3494.604275000
17		41	3494.696157000
6	0		3494.742446000
6	1418		3494.743738000
17		41	3494.787998000
6	561		3494.788025000
6	0		3494.789034000
6	69		3494.790946000
6	31		3494.791575000
6	39		3494.792183000
17		41	3494.834720000
17		41	3494.926342000
6	0		3494.972726000
17		41	3494.972753000
6	1418		3494.974020000
6	1418		3495.011799000
17		41	3495.064009000
6	0		3495.110345000
6	1418		3495.111607000
17		41	3495.156277000
6	1418		3495.163106000
17		41	3495.202710000
17		41	3495.248375000
17		41	3495.294370000
17		41	3495.340415000
17		41	3495.386481000
17		41	3495.431795000
17		41	3495.478693000
17		41	3495.524019000
17		46	3495.570027000
17		1358	3495.572589000
17		41	3495.616544000
17		1358	3495.633331000
17		41	3495.662621000
17		1358	3495.693096000
17		41	3495.708436000
17		1358	3495.753089000
6	0		3495.754443000
6	39		3495.754464000
6	0		3495.761074000
6	0		3495.800577000
6	1418		3495.801827000
17		634	3495.812704000
6	1418		3495.839671000
6	0		3495.892074000
6	1418		3495.915315000
17		41	3495.984608000
6	1418		3495.990951000
6	0		3496.030623000
17		41	3496.030649000
6	1418		3496.066617000
17		41	3496.076034000
17		41	3496.121902000
6	1418		3496.142268000
17		905	3496.168727000
17		39	3496.169493000
17		156	3496.170148000
17		1358	3496.178543000
17		41	3496.214017000
6	1418		3496.217936000
17		1358	3496.239167000
6	0		3496.259881000
6	1418		3496.293596000
17		1358	3496.298952000
6	0		3496.306577000
17		1358	3496.359211000
6	1418		3496.369220000
6	0		3496.398213000
17		41	3496.398241000
17		1358	3496.418248000
17		47	3496.443873000
6	1418		3496.444860000
17		33	3496.467462000
17		1358	3496.479479000
17		41	3496.490405000
6	1418		3496.520549000
17		41	3496.535890000
17		1358	3496.537561000
6	0		3496.582065000
6	1418		3496.596199000
17		1358	3496.597791000
17		41	3496.628557000
17		1358	3496.657712000
6	1418		3496.671910000
17		41	3496.673962000
17		1358	3496.717600000
6	1418		3496.747490000
17		41	3496.765930000
17		1358	3496.776860000
6	1418		3496.808066000
6	0		3496.811962000
17		1358	3496.837668000
17		41	3496.858546000
6	1418		3496.868585000
17		1358	3496.896898000
6	1418		3496.929068000
17		1358	3496.944627000
17		41	3496.949907000
6	1418		3496.989616000
17		1358	3496.992703000
6	0		3496.996022000
17		1358	3497.040578000
17		41	3497.042129000
6	1418		3497.050132000
17		1358	3497.088435000
17		41	3497.088608000
6	1418		3497.110680000
17		1358	3497.135578000
17		41	3497.179832000
17		1358	3497.216243000
6	0		3497.226020000
6	1418		3497.227272000
17		41	3497.272530000
6	1418		3497.277760000
17		1358	3497.295118000
17		41	3497.318457000
6	0		3497.364595000
17		1358	3497.375141000
6	1418		3497.378592000
17		41	3497.410625000
17		1358	3497.434967000
6	1418		3497.454253000
17		1358	3497.495094000
17		41	3497.502387000
6	0		3497.548614000
6	1418		3497.549875000
17		1358	3497.554663000
17		41	3497.594676000
6	1418		3497.605593000
17		1358	3497.614734000
17		41	3497.640708000
17		1358	3497.674563000
17		41	3497.731965000
17		1358	3497.733086000
6	0		3497.778193000
6	1418		3497.779458000
17		1358	3497.793736000
6	1418		3497.817302000
17		41	3497.824351000
17		1358	3497.854140000
17		41	3497.870627000
17		1358	3497.913387000
6	0		3497.961825000
6	1418		3497.963080000
17		1358	3497.973323000
6	1418		3498.000916000
17		46	3498.008623000
17		33	3498.032992000
17		1358	3498.034083000
17		41	3498.054043000
17		1358	3498.093339000
6	0		3498.145915000
17		41	3498.145950000
6	1418		3498.147182000
17		1358	3498.152780000
6	1418		3498.185014000
17		41	3498.192445000
17		434	3498.212714000
17		41	3498.284199000
6	0		3498.284230000
6	1418		3498.285450000
17		41	3498.376010000
17		41	3498.422539000
17		41	3498.468249000
6	0		3498.468292000
6	1418		3498.469545000
17		41	3498.559903000
6	0		3498.606072000
6	1418		3498.607319000
6	1418		3498.645160000
17		41	3498.652166000
17		41	3498.698714000
17		906	3498.744190000
17		39	3498.745000000
17		1358	3498.747900000
17		41	3498.790197000
17		1358	3498.808665000
6	0		3498.836343000
6	1418		3498.837603000
17		1358	3498.856248000
6	1418		3498.875455000
17		41	3498.882280000
17		1358	3498.904381000
17		41	3498.927976000
17		1358	3498.952848000
17		41	3498.974148000
17		1358	3499.000537000
6	0		3499.020337000
6	1418		3499.021792000
17		1358	3499.047594000
6	1418		3499.059623000
17		41	3499.066111000
17		1358	3499.096424000
6	0		3499.157787000
6	1418		3499.159175000
17		1358	3499.175068000
6	1418		3499.210935000
6	0		3499.250218000
17		41	3499.250245000
17		1358	3499.255064000
6	1418		3499.286572000
17		47	3499.296582000
17		33	3499.320662000
17		1358	3499.334322000
17		41	3499.341811000
6	1418		3499.362241000
17		41	3499.388305000
17		1358	3499.394663000
6	0		3499.434587000
6	1418		3499.437969000
17		1358	3499.453890000
17		41	3499.479867000
6	1418		3499.498405000
17		1358	3499.514721000
17		41	3499.525947000
6	1418		3499.558934000
17		41	3499.572037000
17		1358	3499.573818000
6	1418		3499.619463000
17		1358	3499.634334000
17		41	3499.663877000
17		1358	3499.693905000
6	0		3499.710759000
17		1358	3499.753175000
17		41	3499.756141000
17		1358	3499.812722000
17		41	3499.847985000
17		1358	3499.872977000
6	0		3499.894161000
6	1418		3499.895422000
17		1358	3499.933705000
17		41	3499.940211000
6	1418		3499.949473000
17		1358	3499.993062000
17		41	3500.032345000
17		1358	3500.052257000
6	0		3500.078525000
6	1418		3500.079825000
17		1358	3500.112229000
17		41	3500.123912000
6	1418		3500.138699000
17		41	3500.169993000
17		1358	3500.171682000
6	0		3500.216240000
6	1418		3500.219835000
17		1358	3500.232090000
17		41	3500.262705000
6	1418		3500.300879000
17		41	3500.354070000
17		1358	3500.355742000
6	0		3500.400472000
6	1418		3500.401778000
17		41	3500.445944000
17		1358	3500.447653000
6	1418		3500.463061000
17		41	3500.491816000
17		1358	3500.517830000
17		41	3500.538228000
17		41	3500.583832000
17		1358	3500.587691000
17		41	3500.630184000
17		1358	3500.657024000
17		46	3500.722178000
17		1358	3500.726027000
6	0		3500.768638000
6	1418		3500.769884000
17		1358	3500.795827000
6	1418		3500.810439000
17		41	3500.814056000
17		41	3500.860351000
17		1358	3500.864751000
17		41	3500.905904000
17		1358	3500.920941000
6	0		3500.952262000
6	1418		3500.953520000
17		1358	3500.974472000
6	1418		3500.994074000
17		41	3500.998216000
17		1358	3501.027842000
17		41	3501.090046000
17		1358	3501.091335000
6	0		3501.136638000
6	1418		3501.137894000
6	1418		3501.178417000
17		41	3501.182702000
17		1358	3501.183611000
17		41	3501.274007000
17		1358	3501.275582000
6	0		3501.320245000
6	1418		3501.321530000
6	1418		3501.362104000
17		41	3501.365941000
17		1358	3501.367510000
17		41	3501.412137000
17		1358	3501.435388000
17		41	3501.458573000
17		1358	3501.503397000
17		41	3501.504464000
17		1358	3501.572137000
17		41	3501.596422000
17		1358	3501.640340000
6	0		3501.642575000
17		41	3501.688522000
17		1358	3501.709078000
17		1358	3501.777837000
17		41	3501.780174000
6	0		3501.826359000
17		1358	3501.844360000
17		41	3501.872453000
17		1358	3501.912350000
17		41	3501.918459000
17		751	3501.980449000
6	0		3502.009950000
6	1418		3502.011210000
6	1418		3502.051759000
17		41	3502.056277000
17		41	3502.101870000
6	0		3502.194701000
6	1418		3502.195970000
6	1418		3502.236524000
17		41	3502.240420000
17		46	3502.286522000
17		33	3502.310505000
17		41	3502.332705000
17		41	3502.378286000
17		41	3502.423918000
17		41	3502.469814000
17		41	3502.515861000
17		41	3502.561997000
17		832	3502.607947000
17		39	3502.608626000
17		1358	3502.609550000
17		1358	3502.609565000
17		1358	3502.609570000
17		1358	3502.609573000
17		1358	3502.609578000
17		1358	3502.609582000
17		1358	3502.609586000
17		1358	3502.609590000
17		1358	3502.609593000
17		1358	3502.609598000
17		1358	3502.677604000
6	0		3502.700050000
6	1418		3502.701281000
6	1418		3502.741874000
17		1358	3502.745509000
6	0		3502.792415000
17		41	3502.792440000
6	1418		3502.822920000
17		47	3502.838554000
17		33	3502.862377000
17		41	3502.884404000
17		1358	3502.886093000
6	1418		3502.904018000
17		41	3502.930594000
17		1358	3502.940825000
17		41	3502.976389000
6	1418		3502.985103000
17		1358	3502.995964000
17		41	3503.022025000
17		1358	3503.050562000
6	1418		3503.066198000
17		41	3503.068124000
17		41	3503.114193000
17		1358	3503.140925000
6	1418		3503.147344000
17		41	3503.160296000
17		41	3503.206348000
17		1358	3503.226547000
6	1418		3503.228346000
17		41	3503.252481000
17		1358	3503.305095000
6	0		3503.343969000
6	1418		3503.345236000
17		1358	3503.364452000
6	1418		3503.390555000
17		41	3503.390616000
17		1358	3503.423063000
17		1358	3503.480487000
17		41	3503.482206000
6	0		3503.527931000
6	1418		3503.529192000
17		1358	3503.539477000
6	1418		3503.569753000
17		41	3503.574205000
17		1358	3503.597941000
17		41	3503.619921000
17		1358	3503.656794000
17		41	3503.666277000
6	0		3503.666306000
6	1418		3503.667780000
17		1358	3503.714344000
17		41	3503.757838000
17		1358	3503.773023000
6	0		3503.804758000
6	1418		3503.805998000
17		1358	3503.831585000
6	1418		3503.846542000
17		41	3503.850524000
17		1358	3503.890042000
17		41	3503.942479000
17		1358	3503.948891000
6	0		3503.988618000
6	1418		3503.989872000
6	1418		3504.022313000
17		41	3504.034142000
17		1358	3504.036649000
6	1418		3504.087164000
17		41	3504.126740000
17		1358	3504.128105000
6	1418		3504.152096000
17		46	3504.172280000
17		1358	3504.188135000
6	0		3504.218469000
6	1418		3504.219739000
17		41	3504.264254000
17		1358	3504.266024000
6	1418		3504.281777000
17		41	3504.356112000
17		1358	3504.357938000
6	0		3504.402324000
17		1358	3504.417718000
17		41	3504.448561000
17		400	3504.476200000
17		41	3504.494724000
17		41	3504.585958000
6	0		3504.631859000
6	1418		3504.633148000
17		41	3504.677885000
6	1418		3504.687210000
17		41	3504.724225000
6	0		3504.816754000
6	1418		3504.818025000
17		41	3504.862004000
6	1418		3504.876495000
17		41	3504.953926000
6	0		3505.000098000
6	1418		3505.001433000
6	1418		3505.041902000
17		41	3505.046347000
17		41	3505.138506000
6	0		3505.184651000
17		41	3505.184687000
6	1418		3505.185904000
6	1418		3505.226476000
17		41	3505.230549000
17		833	3505.276405000
17		39	3505.277098000
17		1358	3505.278107000
17		1358	3505.278132000
17		1358	3505.278137000
17		1358	3505.278142000
17		1358	3505.278146000
17		1358	3505.278150000
17		1358	3505.278153000
17		1358	3505.278158000
17		1358	3505.278163000
17		1358	3505.336838000
6	0		3505.368518000
6	1418		3505.369767000
17		1358	3505.395546000
6	1418		3505.410295000
6	0		3505.460675000
6	1418		3505.491409000
6	0		3505.551808000
6	1418		3505.584021000
6	0		3505.644832000
17		47	3505.644860000
17		1358	3505.647034000
6	1418		3505.676615000
17		41	3505.690335000
17		1358	3505.706809000
17		41	3505.735809000
17		1358	3505.766090000
6	1418		3505.769201000
17		41	3505.781938000
17		1358	3505.826140000
17		41	3505.828325000
6	1418		3505.861816000
17		41	3505.874213000
17		1358	3505.884866000
17		41	3505.919854000
17		1358	3505.943987000
17		41	3505.966068000
17		1358	3506.002748000
17		41	3506.012363000
17		41	3506.058156000
17		1358	3506.059471000
17		1358	3506.118851000
17		41	3506.150138000
17		1358	3506.177842000
6	0		3506.196289000
6	1418		3506.197593000
17		1358	3506.236869000
6	1418		3506.243901000
6	0		3506.288550000
17		41	3506.288583000
17		1358	3506.295637000
6	1418		3506.336486000
17		41	3506.380270000
6	0		3506.380301000
17		1358	3506.381927000
17		41	3506.426767000
6	1418		3506.429111000
17		1358	3506.442110000
17		41	3506.518256000
17		1358	3506.519685000
6	1418		3506.521696000
6	0		3506.564671000
17		41	3506.609960000
17		1358	3506.611386000
6	1418		3506.614308000
17		41	3506.656536000
17		1358	3506.657613000
17		41	3506.702637000
17		1358	3506.704295000
6	1418		3506.706910000
17		41	3506.748051000
17		1358	3506.752696000
17		41	3506.794250000
6	1418		3506.799527000
17		1358	3506.800251000
17		46	3506.839893000
17		1358	3506.847832000
6	1418		3506.892132000
17		41	3506.932064000
17		1358	3506.933716000
6	0		3506.978645000
6	1418		3506.984757000
17		41	3507.024511000
17		1358	3507.026364000
17		41	3507.070579000
6	1418		3507.077362000
17		1358	3507.086189000
6	0		3507.115807000
17		41	3507.162616000
17		1358	3507.164326000
6	1418		3507.169949000
17		41	3507.208318000
17		1358	3507.223837000
6	1418		3507.262573000
17		41	3507.299880000
17		1358	3507.301649000
6	0		3507.346019000
6	1418		3507.355173000
17		41	3507.392112000
17		1358	3507.393859000
17		41	3507.438468000
6	1418		3507.447787000
17		1358	3507.452677000
17		41	3507.530042000
17		1358	3507.531183000
6	1418		3507.540402000
6	0		3507.576231000
17		41	3507.622596000
17		1358	3507.624563000
6	1418		3507.632993000
17		41	3507.668537000
17		1358	3507.684003000
6	1418		3507.725605000
17		41	3507.760024000
17		1358	3507.761676000
6	1418		3507.799680000
6	0		3507.806065000
17		41	3507.806100000
17		1358	3507.821008000
6	1418		3507.873773000
17		41	3507.898728000
17		1358	3507.900425000
17		41	3507.944339000
6	1418		3507.947863000
17		1358	3507.959689000
6	0		3507.990754000
6	1418		3508.021960000
17		41	3508.035875000
17		1358	3508.037518000
6	1418		3508.096022000
17		41	3508.128319000
17		1358	3508.129859000
6	1418		3508.170134000
6	0		3508.174457000
17		41	3508.220218000
17		755	3508.221917000
6	1418		3508.244198000
17		41	3508.312360000
17		46	3508.358288000
17		33	3508.382823000
6	0		3508.403892000
6	1418		3508.405198000
17		41	3508.450025000
6	1418		3508.466864000
17		41	3508.542335000
6	0		3508.588596000
17		41	3508.588623000
6	1418		3508.590331000
17		41	3508.680571000
6	1418		3508.713834000
6	0		3508.725857000
17		41	3508.771971000
6	1418		3508.837293000
17		41	3508.864229000
6	0		3508.910667000
6	1418		3508.929897000
17		41	3508.956585000
6	1418		3509.022518000
17		41	3509.048171000
6	0		3509.094083000
17		912	3509.094116000
17		39	3509.094808000
17		156	3509.095523000
17		1353	3509.095536000
17		1358	3509.095576000
17		1358	3509.095584000
17		1358	3509.095588000
17		1358	3509.095593000
17		1358	3509.095596000
17		1358	3509.095600000
17		1358	3509.095605000
6	1418		3509.115119000
17		1358	3509.155202000
6	0		3509.186549000
6	1418		3509.207718000
17		1358	3509.214157000
17		1358	3509.271370000
6	0		3509.278589000
6	1418		3509.300333000
6	0		3509.370743000
6	1418		3509.392929000
6	0		3509.461955000
17		41	3509.461996000
6	1418		3509.479835000
17		47	3509.508475000
17		41	3509.508500000
17		1358	3509.510190000
17		41	3509.553989000
6	1418		3509.566759000
17		1358	3509.569504000
17		41	3509.600391000
17		1358	3509.629355000
17		41	3509.646892000
6	1418		3509.653651000
17		1358	3509.689404000
17		41	3509.692450000
17		41	3509.738533000
6	1418		3509.740567000
17		1358	3509.748280000
17		41	3509.785446000
17		1358	3509.807415000
6	1418		3509.827492000
17		41	3509.830047000
17		1358	3509.866309000
6	1418		3509.914405000
17		41	3509.922278000
6	0		3509.922306000
17		1358	3509.923956000
17		1358	3509.982366000
6	1418		3510.001304000
17		41	3510.014096000
17		1358	3510.041207000
17		41	3510.060350000
6	1418		3510.088215000
17		1358	3510.101366000
6	0		3510.106607000
6	1418		3510.175121000
6	0		3510.198008000
17		41	3510.198037000
17		1358	3510.200193000
6	1418		3510.262019000
17		41	3510.289966000
17		1358	3510.290765000
6	0		3510.336070000
17		41	3510.336099000
6	1418		3510.348927000
17		41	3510.428105000
17		1358	3510.430305000
6	1418		3510.435833000
6	0		3510.474494000
17		41	3510.520121000
17		1358	3510.521076000
6	1418		3510.522726000
17		41	3510.566123000
17		1358	3510.567788000
6	1418		3510.609666000
17		41	3510.658110000
17		1358	3510.659764000
6	1418		3510.696563000
6	0		3510.704310000
17		41	3510.750683000
17		1358	3510.752448000
17		46	3510.796689000
17		33	3510.821078000
17		1358	3510.831513000
17		41	3510.887830000
17		1358	3510.910405000
6	0		3510.934085000
17		41	3510.934120000
17		1358	3510.969896000
17		41	3511.026425000
17		1358	3511.028888000
6	0		3511.072632000
17		41	3511.118098000
17		1358	3511.120102000
17		41	3511.210296000
17		1358	3511.211972000
6	0		3511.256773000
6	1418		3511.258034000
17		41	3511.302216000
17		1358	3511.303970000
17		41	3511.394099000
17		1358	3511.396224000
6	0		3511.440471000
6	1418		3511.441738000
6	1418		3511.485184000
17		41	3511.486301000
17		1358	3511.487888000
17		41	3511.578049000
17		1358	3511.579746000
17		41	3511.624061000
17		48	3511.638503000
17		41	3511.670330000
6	0		3511.670357000
6	1418		3511.671616000
17		41	3511.716487000
17		41	3511.762729000
17		41	3511.807837000
17		41	3511.900113000
17		41	3511.946074000
6	0		3511.992553000
6	1418		3511.993821000
6	1418		3512.037258000
17		41	3512.084697000
6	1418		3512.124191000
17		913	3512.130379000
17		39	3512.131103000
17		156	3512.131856000
17		1353	3512.131967000
17		1358	3512.131979000
17		1358	3512.131984000
17		1358	3512.131989000
17		1358	3512.131992000
17		1358	3512.131997000
17		1358	3512.132001000
6	0		3512.176550000
17		1358	3512.192026000
6	1418		3512.211093000
17		1358	3512.249921000
6	0		3512.268539000
6	1418		3512.298002000
17		1358	3512.308720000
17		47	3512.314970000
17		33	3512.338510000
17		41	3512.360427000
17		1358	3512.367428000
6	1418		3512.384897000
6	0		3512.405898000
17		41	3512.405928000
17		1358	3512.415428000
17		41	3512.451985000
17		1358	3512.463065000
6	1418		3512.471851000
17		41	3512.498641000
17		1358	3512.510018000
17		41	3512.544087000
6	1418		3512.558721000
17		1358	3512.588957000
17		41	3512.590182000
17		41	3512.636159000
6	1418		3512.645606000
17		1358	3512.667776000
17		41	3512.727923000
6	1418		3512.732527000
17		1358	3512.747076000
6	0		3512.774306000
17		1358	3512.804859000
6	1418		3512.819438000
17		41	3512.820331000
17		1358	3512.864051000
17		41	3512.866553000
6	1418		3512.906344000
17		1358	3512.922867000
17		41	3512.958604000
17		1358	3512.972800000
17		41	3513.004030000
17		1358	3513.023837000
6	0		3513.050229000
6	1418		3513.051479000
17		1358	3513.074136000
6	1418		3513.094921000
17		41	3513.096071000
17		1358	3513.124463000
17		1358	3513.175383000
17		41	3513.188596000
17		1358	3513.226398000
6	0		3513.234759000
6	1418		3513.236011000
6	1418		3513.279448000
17		41	3513.280636000
17		1358	3513.282375000
17		41	3513.372461000
17		1358	3513.374151000
6	0		3513.418207000
17		41	3513.418237000
6	1418		3513.419663000
17		1358	3513.425427000
6	1418		3513.454419000
17		41	3513.464217000
17		1358	3513.476656000
6	1418		3513.523941000
17		41	3513.555925000
17		1358	3513.557154000
6	1418		3513.593460000
17		46	3513.602029000
17		1358	3513.608231000
17		41	3513.648573000
17		1358	3513.659979000
6	0		3513.694746000
17		41	3513.740296000
17		75	3513.741535000
17		41	3513.831947000
17		41	3513.878189000
17		41	3513.923813000
6	0		3513.970448000
6	1418		3513.971721000
6	1418		3514.015175000
17		41	3514.062211000
17		41	3514.108238000
6	0		3514.154694000
17		41	3514.154733000
6	1418		3514.155961000
6	1418		3514.199409000
17		41	3514.246611000
6	0		3514.291863000
6	1418		3514.293096000
17		41	3514.338736000
6	1418		3514.373220000
17		41	3514.430754000
17		833	3514.475984000
17		39	3514.476723000
17		1358	3514.478438000
17		1358	3514.478496000
17		1358	3514.478503000
17		1358	3514.478508000
17		1358	3514.478512000
17		1358	3514.478516000
17		1358	3514.478520000
17		1358	3514.478524000
17		1358	3514.478529000
17		1358	3514.519721000
6	0		3514.521890000
6	1418		3514.523153000
17		1358	3514.560244000
6	1418		3514.566613000
6	0		3514.614548000
6	1418		3514.653512000
6	0		3514.705924000
6	1418		3514.740425000
17		41	3514.752687000
17		47	3514.798484000
17		1358	3514.800199000
6	1418		3514.827341000
6	0		3514.844548000
17		41	3514.844578000
17		1358	3514.868111000
17		41	3514.890262000
6	1418		3514.914244000
17		1358	3514.936264000
17		41	3514.936605000
17		41	3514.982227000
6	1418		3515.001148000
17		1358	3515.004587000
17		41	3515.028323000
17		1358	3515.056128000
17		41	3515.073862000
17		1358	3515.107134000
17		41	3515.120151000
17		1358	3515.157375000
17		41	3515.166293000
17		1358	3515.207942000
17		41	3515.258051000
17		1358	3515.258619000
6	0		3515.304419000
6	1418		3515.305681000
17		1358	3515.309154000
6	1418		3515.349136000
17		1358	3515.359993000
6	0		3515.396575000
6	1418		3515.436175000
17		41	3515.442092000
17		1358	3515.443777000
6	1418		3515.522976000
17		41	3515.533948000
17		1358	3515.536295000
6	0		3515.580389000
6	1418		3515.609867000
17		41	3515.626332000
17		1358	3515.627980000
6	1418		3515.696757000
17		41	3515.717994000
17		1358	3515.719689000
17		41	3515.763906000
17		1358	3515.770724000
17		41	3515.810319000
6	0		3515.810349000
6	1418		3515.811648000
17		1358	3515.821645000
17		41	3515.855924000
17		1358	3515.872905000
17		41	3515.901997000
17		1358	3515.924221000
17		1358	3515.974072000
17		41	3515.994308000
17		1358	3516.025020000
6	0		3516.040498000
6	1418		3516.041800000
6	1418		3516.085226000
17		41	3516.086278000
17		1358	3516.087813000
17		46	3516.178343000
17		1358	3516.180016000
6	0		3516.224550000
6	1418		3516.225810000
6	1418		3516.269259000
17		41	3516.270136000
17		1358	3516.271569000
17		41	3516.361906000
17		1358	3516.363580000
6	0		3516.408056000
6	1418		3516.409274000
6	1418		3516.444055000
17		41	3516.454600000
17		1358	3516.456288000
17		41	3516.500196000
6	1418		3516.513621000
17		1358	3516.525356000
6	1418		3516.583112000
17		41	3516.592404000
17		1358	3516.594080000
17		41	3516.638289000
17		1358	3516.662314000
17		41	3516.684427000
17		1358	3516.713788000
17		41	3516.730058000
17		1358	3516.763699000
6	0		3516.776186000
17		1358	3516.815107000
17		41	3516.868335000
17		1358	3516.869995000
17		41	3516.914255000
17		1358	3516.922025000
6	0		3516.960398000
6	1418		3516.961637000
6	1418		3517.019581000
17		41	3517.052334000
17		1358	3517.054468000
17		41	3517.098699000
17		1358	3517.106080000
6	0		3517.143857000
6	1418		3517.145099000
6	35		3517.190768000
6	1418		3517.222383000
17		41	3517.236322000
17		1358	3517.237403000
6	1418		3517.309383000
17		41	3517.328628000
17		1358	3517.330288000
6	0		3517.373808000
17		41	3517.373845000
17		755	3517.382257000
17		41	3517.420284000
17		41	3517.466344000
17		41	3517.512522000
17		41	3517.558728000
17		46	3517.604032000
17		33	3517.628113000
17		41	3517.649942000
6	0		3517.742596000
6	1418		3517.743869000
17		41	3517.788578000
17		41	3517.833902000
6	0		3517.926478000
6	1418		3517.927727000
17		41	3517.972284000
6	1418		3517.981743000
17		913	3518.064126000
17		39	3518.064886000
17		156	3518.065699000
17		1353	3518.065714000
17		1358	3518.065738000
17		1358	3518.065744000
17		1358	3518.065747000
17		1358	3518.065751000
17		1358	3518.065772000
17		1358	3518.065776000
17		1358	3518.065780000
17		1358	3518.107316000
6	0		3518.110265000
6	1418		3518.111510000
17		1358	3518.147369000
17		1358	3518.188101000
6	1418		3518.197603000
6	0		3518.202099000
17		47	3518.202131000
17		33	3518.226355000
17		41	3518.248925000
17		41	3518.294322000
6	1418		3518.305541000
17		41	3518.340543000
17		1358	3518.342239000
17		41	3518.386854000
17		1358	3518.393686000
6	1418		3518.413481000
17		41	3518.431825000
17		1358	3518.444881000
17		41	3518.478598000
17		1358	3518.496000000
6	1418		3518.521454000
17		41	3518.523884000
17		1358	3518.547205000
17		41	3518.570536000
17		1358	3518.598650000
17		1358	3518.650311000
17		41	3518.661865000
17		1358	3518.700927000
6	0		3518.708445000
17		41	3518.708473000
6	1418		3518.709684000
17		1358	3518.753095000
6	0		3518.754227000
6	1418		3518.763658000
17		41	3518.846462000
6	0		3518.846499000
17		1358	3518.848167000
6	1418		3518.871626000
17		41	3518.892061000
17		1358	3518.899991000
17		41	3518.984133000
17		1358	3518.985190000
17		41	3519.030126000
17		1358	3519.036708000
6	0		3519.076549000
6	1418		3519.077798000
17		41	3519.122027000
17		1358	3519.123689000
6	1418		3519.131783000
17		41	3519.167889000
17		1358	3519.175957000
17		41	3519.214089000
17		1358	3519.228013000
17		41	3519.260065000
17		1358	3519.279838000
6	0		3519.352277000
17		41	3519.352311000
6	1418		3519.353581000
17		1358	3519.353822000
6	1418		3519.396748000
17		46	3519.398115000
17		1358	3519.398973000
6	1418		3519.483105000
17		41	3519.490168000
17		1358	3519.491818000
17		41	3519.536332000
17		988	3519.561000000
6	1418		3519.569462000
17		41	3519.582057000
6	0		3519.628171000
17		41	3519.674028000
17		41	3519.766177000
17		41	3519.812058000
17		41	3519.858196000
6	0		3519.904726000
6	1418		3519.905992000
17		41	3519.949872000
6	1418		3519.959954000
17		41	3520.042047000
6	0		3520.088969000
17		41	3520.088997000
6	1418		3520.090227000
17		835	3520.134606000
17		39	3520.135372000
17		1358	3520.137086000
17		1358	3520.137122000
17		1358	3520.137126000
17		1358	3520.137130000
17		1358	3520.137135000
17		1358	3520.137138000
17		1358	3520.137148000
6	1418		3520.175843000
17		1358	3520.194279000
6	0		3520.226310000
6	1418		3520.283806000
6	0		3520.318642000
17		41	3520.318674000
17		47	3520.363828000
17		1358	3520.365524000
6	1418		3520.391757000
17		41	3520.410370000
17		1358	3520.422862000
17		41	3520.455847000
17		1358	3520.479156000
6	1418		3520.499694000
17		41	3520.502224000
17		1358	3520.524931000
17		41	3520.547890000
17		1358	3520.571076000
17		41	3520.594048000
6	1418		3520.607706000
17		1358	3520.616668000
17		41	3520.640302000
17		41	3520.686346000
17		1358	3520.691752000
6	0		3520.732518000
6	1418		3520.733770000
17		1358	3520.767114000
17		41	3520.778164000
6	1418		3520.823536000
17		1358	3520.841836000
17		41	3520.870623000
17		1358	3520.894091000
17		41	3520.915892000
17		1358	3520.946112000
6	0		3520.962459000
6	1418		3520.963697000
17		1358	3520.998067000
17		41	3521.008158000
6	1418		3521.039433000
17		1358	3521.049598000
17		41	3521.054170000
17		1358	3521.101984000
17		41	3521.145822000
17		1358	3521.154712000
17		41	3521.191994000
17		1358	3521.207816000
6	0		3521.240632000
6	1418		3521.241901000
17		41	3521.284417000
17		1358	3521.286291000
6	1418		3521.295906000
17		41	3521.376030000
17		1358	3521.377717000
17		41	3521.421987000
17		1358	3521.430090000
6	0		3521.468142000
6	1418		3521.469382000
17		41	3521.514189000
17		1358	3521.515877000
6	1418		3521.523357000
17		41	3521.606552000
17		1358	3521.608200000
17		46	3521.652489000
17		1358	3521.660361000
17		41	3521.698942000
17		1358	3521.702783000
17		41	3521.744234000
6	0		3521.744261000
6	1418		3521.745490000
17		1358	3521.745896000
6	1418		3521.788666000
17		41	3521.835833000
17		1358	3521.837509000
6	0		3521.882134000
6	1418		3521.883386000
17		41	3521.927917000
17		1358	3521.929684000
6	1418		3521.961367000
17		41	3521.974739000
17		1358	3522.000203000
6	1418		3522.047741000
17		41	3522.066087000
17		1358	3522.068169000
6	0		3522.112235000
17		41	3522.158529000
17		1358	3522.160215000
17		41	3522.204605000
17		1358	3522.213127000
17		1358	3522.264983000
17		41	3522.296315000
17		1358	3522.316816000
6	0		3522.342444000
6	1418		3522.343702000
17		41	3522.387970000
17		1358	3522.389901000
6	1418		3522.397677000
17		41	3522.479940000
17		1358	3522.481626000
6	0		3522.526147000
6	1418		3522.527420000
17		41	3522.571889000
17		1358	3522.573160000
6	1418		3522.613562000
17		41	3522.664608000
17		1358	3522.666479000
17		41	3522.709922000
17		1358	3522.719141000
17		41	3522.756662000
17		1358	3522.771919000
6	0		3522.802265000
17		41	3522.802289000
6	1418		3522.803515000
17		1358	3522.824809000
17		41	3522.848461000
17		1358	3522.877485000
17		41	3522.894015000
17		1358	3522.930277000
6	0		3522.939944000
6	1418		3522.941191000
17		41	3522.986368000
17		1358	3522.988368000
6	1418		3522.995152000
17		46	3523.078288000
17		1358	3523.080000000
6	0		3523.124736000
6	1418		3523.126011000
17		41	3523.170557000
17		1358	3523.172320000
6	1418		3523.211068000
17		41	3523.216253000
17		1358	3523.242166000
17		41	3523.262199000
17		1358	3523.312131000
17		41	3523.354646000
17		1358	3523.381768000
17		41	3523.400235000
17		1358	3523.434258000
17		41	3523.446233000
17		1358	3523.487541000
6	0		3523.492663000
6	1418		3523.493952000
17		41	3523.537864000
17		1358	3523.539749000
17		41	3523.584137000
17		1358	3523.592828000
6	0		3523.630492000
6	1418		3523.631770000
17		41	3523.676146000
17		1358	3523.677790000
6	1418		3523.685716000
17		41	3523.768136000
17		1358	3523.769297000
17		41	3523.813946000
17		1358	3523.821997000
17		41	3523.860277000
6	0		3523.860327000
6	1418		3523.861573000
17		1358	3523.875434000
17		41	3523.906078000
17		1358	3523.928257000
17		41	3523.952698000
17		1114	3523.981216000
17		41	3524.044413000
17		41	3524.090564000
6	0		3524.135868000
6	1418		3524.137105000
17		41	3524.182749000
6	1418		3524.191099000
17		41	3524.274269000
6	1418		3524.299027000
6	0		3524.320635000
17		41	3524.366212000
6	1418		3524.406976000
17		46	3524.412094000
17		33	3524.436395000
17		913	3524.458107000
17		39	3524.458777000
17		156	3524.459656000
17		1353	3524.459667000
17		1358	3524.459672000
17		1358	3524.459695000
17		1358	3524.459703000
17		1358	3524.459708000
17		1358	3524.501957000
6	1418		3524.514936000
17		1358	3524.543470000
6	0		3524.550449000
17		1358	3524.585503000
6	1418		3524.622880000
6	0		3524.642803000
17		47	3524.642832000
17		33	3524.667222000
17		41	3524.688494000
17		1358	3524.690216000
6	1418		3524.730821000
17		41	3524.734220000
17		1358	3524.760314000
17		41	3524.780417000
6	562		3524.780447000
6	39		3524.780455000
6	39		3524.782294000
6	0		3524.782345000
6	0		3524.782352000
6	69		3524.783188000
6	31		3524.783823000
6	39		3524.784412000
6	674		3524.826674000
17		41	3524.826702000
17		1358	3524.828530000
6	67		3524.830062000
6	31		3524.830673000
6	1418		3524.838764000
17		41	3524.872468000
17		1358	3524.881320000
17		41	3524.918724000
17		1358	3524.933510000
6	1418		3524.946705000
17		1358	3524.985951000
17		41	3525.010335000
17		1358	3525.038004000
6	0		3525.056542000
17		41	3525.056573000
6	1418		3525.057800000
17		1358	3525.090946000
17		41	3525.102227000
17		1358	3525.143877000
6	1418		3525.162616000
17		41	3525.193931000
6	0		3525.193958000
17		1358	3525.195591000
6	0		3525.240483000
6	0		3525.240510000
6	0		3525.240516000
6	39		3525.240520000
6	0		3525.246609000
6	0		3525.286264000
17		41	3525.286303000
6	0		3525.286316000
6	1418		3525.287538000
17		1358	3525.287964000
17		41	3525.378104000
17		1358	3525.379193000
17		41	3525.424088000
17		1358	3525.432063000
6	0		3525.470701000
17		41	3525.470738000
6	1418		3525.471963000
17		1358	3525.485087000
17		41	3525.516478000
6	1418		3525.525936000
17		1358	3525.538006000
17		41	3525.608429000
17		1358	3525.609846000
17		41	3525.654131000
17		1358	3525.662433000
6	0		3525.700288000
6	1418		3525.701530000
6	1418		3525.744708000
17		41	3525.746513000
17		1358	3525.748166000
6	1418		3525.831074000
17		41	3525.838294000
17		1358	3525.840450000
17		46	3525.884230000
17		33	3525.908424000
17		1358	3525.910566000
6	1418		3525.917418000
17		41	3525.930285000
6	0		3525.975885000
17		1358	3525.980213000
17		41	3526.022627000
17		1358	3526.050481000
17		41	3526.114651000
17		1358	3526.115532000
17		41	3526.160651000
17		570	3526.168461000
6	0		3526.206221000
17		41	3526.206257000
6	1418		3526.207469000
6	1418		3526.261438000
17		41	3526.298561000
6	0		3526.343805000
6	1418		3526.369384000
17		41	3526.390668000
17		41	3526.436519000
6	1418		3526.477336000
17		41	3526.528578000
17		41	3526.575680000
17		913	3526.620202000
17		39	3526.620888000
17		156	3526.621559000
17		1353	3526.621571000
17		1358	3526.621575000
17		1358	3526.621579000
17		1358	3526.621598000
17		1358	3526.621605000
6	0		3526.666359000
6	1418		3526.667602000
17		1358	3526.674462000
6	1418		3526.721569000
17		1358	3526.726166000
6	0		3526.757818000
17		1358	3526.778105000
17		47	3526.803927000
17		33	3526.827441000
6	1418		3526.829560000
17		41	3526.850733000
17		1358	3526.852446000
17		41	3526.896268000
6	0		3526.896299000
17		1358	3526.904873000
6	1418		3526.937470000
17		41	3526.942489000
17		1358	3526.957174000
17		41	3526.988493000
17		1358	3526.999480000
17		41	3527.034194000
17		1358	3527.041912000
6	1418		3527.045420000
17		41	3527.126594000
17		1358	3527.128291000
6	0		3527.171867000
6	1418		3527.173107000
17		41	3527.218204000
17		1358	3527.219721000
6	1418		3527.255458000
17		41	3527.264048000
17		1358	3527.288824000
17		41	3527.356063000
17		1358	3527.357755000
17		41	3527.401988000
17		1358	3527.410995000
6	0		3527.448174000
6	1418		3527.449464000
17		41	3527.494154000
17		1358	3527.495839000
6	1418		3527.500531000
17		41	3527.540593000
17		1358	3527.548893000
17		1358	3527.600205000
17		41	3527.632069000
17		1358	3527.652038000
6	0		3527.678741000
6	1418		3527.679989000
17		41	3527.724716000
17		1358	3527.726400000
6	1418		3527.731044000
17		41	3527.816120000
17		1358	3527.817772000
17		41	3527.862047000
17		1358	3527.870843000
17		41	3527.907981000
17		1358	3527.922930000
6	0		3527.954321000
6	1418		3527.955579000
6	1418		3527.996422000
17		41	3528.000381000
17		1358	3528.002189000
6	1418		3528.078065000
17		41	3528.092753000
17		1358	3528.094410000
17		46	3528.138318000
17		1358	3528.146757000
6	1418		3528.159756000
17		41	3528.184131000
17		1358	3528.188514000
6	0		3528.230645000
17		41	3528.230694000
17		41	3528.321857000
17		41	3528.367844000
17		41	3528.413870000
17		1358	3528.415528000
6	0		3528.460525000
6	1418		3528.461790000
6	1418		3528.529900000
17		41	3528.551935000
17		1358	3528.552739000
6	0		3528.598311000
17		41	3528.643922000
17		1358	3528.645577000
6	1418		3528.665953000
17		41	3528.689769000
17		1358	3528.698320000
6	1418		3528.768062000
17		41	3528.782588000
17		1358	3528.784310000
17		41	3528.828239000
17		1358	3528.836957000
6	0		3528.874598000
6	1418		3528.875870000
17		1358	3528.890007000
17		1358	3528.940802000
17		41	3528.966116000
6	1418		3528.972251000
17		1358	3528.993353000
6	0		3529.012273000
17		1358	3529.043907000
17		41	3529.058591000
6	1418		3529.074352000
17		1358	3529.096217000
17		1231	3529.147906000
17		41	3529.150682000
6	1418		3529.176438000
17		41	3529.195850000
6	0		3529.241795000
6	1418		3529.278521000
17		41	3529.287845000
17		41	3529.334054000
6	1418		3529.380618000
17		41	3529.425852000
17		41	3529.472121000
6	0		3529.518245000
6	1418		3529.519489000
17		41	3529.564232000
6	1418		3529.584867000
17		834	3529.610740000
17		39	3529.611445000
17		153	3529.612361000
17		1353	3529.612389000
17		1358	3529.612394000
17		1358	3529.612435000
17		1358	3529.612443000
17		1358	3529.612447000
17		1358	3529.612451000
17		1358	3529.612455000
17		1358	3529.612460000
17		1358	3529.612464000
17		1358	3529.654888000
17		1358	3529.696418000
6	0		3529.702275000
6	1418		3529.703515000
17		1358	3529.737459000
6	0		3529.747893000
17		1358	3529.778486000
6	1418		3529.789012000
17		1358	3529.820123000
17		47	3529.840228000
6	0		3529.840257000
17		33	3529.864304000
17		41	3529.886194000
6	1418		3529.891077000
17		41	3529.932361000
17		41	3529.978211000
17		1358	3529.979904000
17		1358	3529.979945000
6	1418		3529.993194000
17		41	3530.024153000
17		1358	3530.025928000
17		41	3530.070177000
17		1358	3530.095819000
17		41	3530.116084000
17		1358	3530.149206000
17		41	3530.162023000
17		1358	3530.201764000
17		41	3530.208232000
17		41	3530.254104000
17		1358	3530.254492000
17		41	3530.300234000
17		1358	3530.307302000
17		1358	3530.360108000
17		41	3530.392390000
17		1358	3530.411287000
17		41	3530.438475000
17		1358	3530.463681000
6	0		3530.483990000
17		41	3530.484017000
6	1418		3530.485264000
17		1358	3530.516505000
6	1418		3530.536310000
17		41	3530.576113000
17		1358	3530.577584000
17		41	3530.621842000
17		1358	3530.630542000
6	1418		3530.638400000
6	0		3530.667992000
17		41	3530.714473000
17		1358	3530.716113000
6	1418		3530.740486000
17		41	3530.760646000
17		1358	3530.769007000
17		41	3530.806720000
17		1358	3530.821690000
6	1418		3530.842596000
17		41	3530.852263000
17		1358	3530.874528000
17		46	3530.897832000
17		33	3530.922054000
17		1358	3530.926822000
17		41	3530.944680000
17		1358	3530.979389000
17		41	3530.990163000
17		1358	3531.032648000
17		41	3531.036356000
17		41	3531.081821000
17		1358	3531.083541000
17		41	3531.128138000
17		1358	3531.137068000
6	0		3531.173859000
6	1418		3531.175107000
17		1358	3531.190619000
17		41	3531.220276000
6	1418		3531.226145000
17		1358	3531.244081000
17		41	3531.265955000
17		1358	3531.299069000
17		41	3531.358096000
17		1358	3531.359143000
6	0		3531.404691000
6	1418		3531.405942000
17		41	3531.450566000
17		1358	3531.452334000
6	1418		3531.456980000
17		41	3531.495994000
17		1358	3531.507401000
17		41	3531.588562000
17		1358	3531.589986000
17		41	3531.634664000
17		1358	3531.635951000
17		41	3531.680464000
17		1358	3531.682159000
17		41	3531.726432000
17		1358	3531.727302000
6	0		3531.772395000
17		41	3531.772435000
6	1418		3531.773634000
17		1358	3531.799096000
6	1418		3531.814469000
17		41	3531.818550000
17		41	3531.864415000
17		1358	3531.871260000
6	0		3531.910007000
6	1418		3531.911251000
17		1358	3531.944268000
17		41	3531.956372000
6	1418		3531.977804000
17		41	3532.002619000
17		1358	3532.015417000
17		46	3532.048150000
6	1418		3532.059488000
17		1358	3532.070260000
17		1358	3532.123446000
17		41	3532.140416000
17		1358	3532.177249000
6	0		3532.185998000
17		41	3532.232176000
17		1358	3532.233858000
17		41	3532.278538000
17		1358	3532.288531000
17		41	3532.323935000
17		780	3532.343406000
17		41	3532.370608000
17		41	3532.416490000
17		41	3532.507973000
6	0		3532.554363000
17		41	3532.554390000
6	1418		3532.555620000
6	1418		3532.606664000
17		41	3532.646007000
6	0		3532.692438000
6	1418		3532.708742000
17		41	3532.738334000
6	1418		3532.810836000
17		41	3532.830180000
17		41	3532.876151000
17		41	3532.922349000
6	0		3532.922380000
6	1418		3532.923599000
17		41	3532.967855000
17		938	3533.014478000
17		39	3533.015188000
17		156	3533.016135000
17		1353	3533.016148000
17		1358	3533.016152000
17		1358	3533.016157000
17		1358	3533.016175000
17		1358	3533.016180000
17		1358	3533.016184000
17		1358	3533.016188000
17		1358	3533.016192000
17		1358	3533.016196000
17		1358	3533.070534000
6	0		3533.106613000
6	1418		3533.107898000
17		1358	3533.124425000
6	1418		3533.158949000
17		1358	3533.178361000
6	0		3533.197846000
17		47	3533.244534000
6	1418		3533.261041000
17		33	3533.268662000
17		41	3533.290559000
17		1358	3533.292032000
6	0		3533.336323000
17		41	3533.336359000
17		1358	3533.346511000
6	1418		3533.363137000
17		41	3533.382320000
17		1358	3533.400823000
17		41	3533.428358000
17		1358	3533.456300000
6	1418		3533.465249000
17		41	3533.473929000
17		1358	3533.510402000
17		41	3533.520301000
17		1358	3533.554300000
17		41	3533.566630000
17		1358	3533.598374000
17		41	3533.612522000
17		1358	3533.642042000
17		41	3533.658642000
17		1358	3533.685727000
17		41	3533.704393000
17		1358	3533.729660000
17		41	3533.749953000
6	0		3533.796105000
6	1418		3533.797338000
17		1358	3533.801598000
17		41	3533.842188000
6	1418		3533.848394000
17		1358	3533.874672000
17		41	3533.933984000
17		1358	3533.947588000
17		41	3533.979900000
17		1358	3534.002129000
6	0		3534.026090000
6	1418		3534.027374000
17		41	3534.072439000
17		1358	3534.074144000
6	1418		3534.078717000
17		41	3534.118309000
17		1358	3534.128382000
17		41	3534.210802000
17		1358	3534.212466000
17		41	3534.256739000
17		1358	3534.267084000
17		41	3534.301800000
17		1358	3534.321278000
17		46	3534.348267000
17		33	3534.371966000
17		1358	3534.376180000
6	0		3534.394263000
17		41	3534.394302000
6	1418		3534.395517000
17		1358	3534.431192000
17		41	3534.440177000
17		1358	3534.485547000
17		41	3534.485751000
6	0		3534.531881000
6	1418		3534.533151000
17		1358	3534.540061000
17		41	3534.577909000
6	1418		3534.584462000
17		1358	3534.595358000
17		41	3534.624710000
17		1358	3534.649897000
17		41	3534.670162000
17		1358	3534.704397000
17		41	3534.762503000
17		1358	3534.764158000
6	0		3534.807885000
6	1418		3534.809165000
6	1418		3534.850232000
17		41	3534.854300000
17		1358	3534.856080000
17		41	3534.900368000
17		1358	3534.910802000
6	1418		3534.932398000
17		41	3534.946204000
17		1358	3534.966252000
17		41	3534.991813000
6	1418		3535.014557000
17		1358	3535.020919000
17		41	3535.038143000
17		1358	3535.076177000
17		41	3535.130393000
17		1358	3535.132113000
6	0		3535.176365000
17		41	3535.176391000
17		1358	3535.187041000
17		41	3535.222169000
17		1358	3535.241931000
17		41	3535.314120000
17		1358	3535.315153000
17		41	3535.360313000
17		1358	3535.369315000
17		41	3535.406868000
17		1358	3535.413133000
6	0		3535.452526000
17		41	3535.452557000
6	1418		3535.453810000
17		1358	3535.457404000
6	0		3535.544779000
6	1418		3535.546034000
17		46	3535.589812000
17		1358	3535.591502000
17		41	3535.636277000
17		1358	3535.663487000
17		41	3535.727887000
17		1358	3535.735345000
6	0		3535.774549000
6	1418		3535.775805000
17		41	3535.820704000
17		1358	3535.822907000
6	1418		3535.827147000
17		41	3535.865913000
17		1358	3535.877222000
17		41	3535.912100000
17		1358	3535.931549000
17		41	3535.958371000
17		1358	3535.985632000
17		41	3536.004306000
17		1358	3536.038408000
17		41	3536.049851000
17		1358	3536.092574000
17		41	3536.096440000
17		1358	3536.146239000
17		41	3536.187824000
17		597	3536.199727000
6	0		3536.234592000
6	1418		3536.235833000
17		41	3536.280032000
6	1418		3536.287205000
17		41	3536.325839000
17		41	3536.372287000
6	1418		3536.389897000
17		41	3536.464023000
6	0		3536.510413000
6	1418		3536.511655000
17		41	3536.556337000
6	1418		3536.595319000
17		41	3536.602695000
17		41	3536.648463000
17		41	3536.694509000
17		41	3536.739935000
17		838	3536.786283000
17		39	3536.786976000
17		154	3536.787781000
17		1353	3536.787791000
17		1358	3536.787836000
17		1358	3536.787845000
17		1358	3536.787850000
17		1358	3536.787853000
17		1358	3536.787858000
17		1358	3536.787862000
17		1358	3536.787865000
17		1358	3536.787870000
6	0		3536.832421000
6	1418		3536.833686000
17		1358	3536.842216000
6	1418		3536.885022000
17		1358	3536.896028000
6	0		3536.924592000
17		1358	3536.948840000
17		41	3536.969804000
6	1418		3536.987813000
17		47	3537.016699000
17		33	3537.040712000
6	0		3537.062235000
17		41	3537.062263000
6	1418		3537.090432000
17		41	3537.107897000
17		1358	3537.109642000
17		41	3537.154671000
17		1358	3537.164214000
6	1418		3537.193153000
17		41	3537.200975000
17		1358	3537.207907000
17		41	3537.246096000
17		1358	3537.252035000
6	1418		3537.275328000
17		41	3537.292169000
17		1358	3537.295602000
17		41	3537.338577000
17		1358	3537.340226000
17		41	3537.384655000
17		1358	3537.412617000
17		41	3537.475845000
17		1358	3537.484861000
6	0		3537.522207000
17		41	3537.568138000
17		1358	3537.569826000
17		41	3537.614557000
17		1358	3537.623690000
6	0		3537.706070000
17		41	3537.706106000
6	1418		3537.707336000
17		1358	3537.707769000
17		41	3537.752448000
17		1358	3537.761887000
6	1418		3537.773032000
6	35		3537.798754000
17		41	3537.844823000
17		1358	3537.846499000
17		41	3537.890598000
17		1358	3537.901376000
6	1418		3537.904418000
17		41	3537.981846000
17		1358	3537.983618000
17		41	3538.027988000
17		1358	3538.037698000
17		41	3538.074133000
17		1358	3538.091650000
6	0		3538.120357000
17		41	3538.120386000
6	1418		3538.121596000
17		1358	3538.145552000
17		46	3538.166066000
17		33	3538.190298000
17		1358	3538.199608000
17		41	3538.211888000
17		1358	3538.253911000
6	0		3538.258646000
6	1418		3538.259893000
17		41	3538.304585000
17		1358	3538.307772000
17		41	3538.350083000
17		1358	3538.362621000
17		41	3538.396218000
17		1358	3538.417509000
17		41	3538.442280000
6	0		3538.442311000
6	1418		3538.443545000
17		1358	3538.472239000
17		41	3538.534655000
17		1358	3538.536353000
17		41	3538.580828000
17		1358	3538.591079000
17		41	3538.626264000
6	0		3538.626297000
6	1418		3538.627579000
17		1358	3538.645807000
17		41	3538.718102000
17		1358	3538.718742000
17		41	3538.764672000
17		1358	3538.766433000
17		41	3538.809893000
17		1358	3538.811607000
6	0		3538.855883000
6	1418		3538.857122000
17		41	3538.901841000
17		1358	3538.903652000
6	1418		3538.922837000
17		41	3538.948411000
17		1358	3538.976530000
17		41	3538.993958000
17		1358	3539.048710000
17		41	3539.085903000
17		1358	3539.121393000
17		41	3539.131998000
17		1358	3539.176241000
6	0		3539.177820000
6	1418		3539.179054000
17		41	3539.224424000
17		1358	3539.229582000
6	1418		3539.244754000
17		41	3539.270443000
17		1358	3539.283423000
17		41	3539.316105000
17		1358	3539.336937000
17		46	3539.362595000
17		33	3539.386217000
17		1358	3539.390728000
17		1358	3539.444312000
17		41	3539.454720000
17		1358	3539.497629000
6	0		3539.499903000
6	1418		3539.501138000
17		41	3539.546786000
17		1358	3539.552695000
6	1418		3539.566832000
17		41	3539.592220000
17		1358	3539.607558000
17		41	3539.637798000
17		1358	3539.662913000
17		41	3539.684707000
17		1358	3539.717288000
17		41	3539.730251000
17		1358	3539.772060000
6	0		3539.776736000
6	1418		3539.777983000
17		41	3539.822463000
17		1358	3539.826277000
6	1418		3539.830512000
17		41	3539.868088000
17		1358	3539.880436000
17		41	3539.914647000
17		1358	3539.934164000
6	1418		3539.935618000
17		41	3539.960533000
17		1358	3539.988639000
17		41	3540.005984000
6	1418		3540.040730000
17		1358	3540.043427000
17		41	3540.098524000
17		1358	3540.100186000
6	0		3540.144013000
17		41	3540.190561000
17		1358	3540.192323000
17		41	3540.236660000
17		1358	3540.246863000
17		41	3540.282570000
17		1358	3540.301605000
17		41	3540.327999000
17		1358	3540.345553000
6	0		3540.419805000
17		41	3540.419841000
17		1358	3540.420872000
6	1418		3540.421027000
17		41	3540.465950000
17		1358	3540.468297000
6	1418		3540.490485000
17		41	3540.512338000
17		1358	3540.540791000
17		46	3540.620133000
17		1358	3540.621663000
6	0		3540.682466000
6	1418		3540.683729000
17		41	3540.743995000
17		1358	3540.745226000
6	1418		3540.768335000
17		41	3540.806045000
17		1358	3540.807496000
17		41	3540.868542000
17		1358	3540.870459000
6	1418		3540.907303000
17		41	3540.930755000
17		1358	3540.931637000
17		41	3540.992484000
17		1358	3540.994136000
6	1418		3541.046182000
17		41	3541.053871000
17		1358	3541.056207000
17		41	3541.116641000
17		1358	3541.118343000
17		41	3541.240692000
17		1358	3541.241995000
6	0		3541.301922000
17		41	3541.301954000
6	1418		3541.303241000
17		1358	3541.303639000
17		41	3541.364356000
17		1358	3541.366049000
6	1418		3541.372642000
17		41	3541.488093000
17		1358	3541.489775000
6	1418		3541.511532000
6	0		3541.550269000
17		41	3541.611880000
17		1358	3541.613540000
6	1418		3541.650473000
17		41	3541.673940000
17		1358	3541.675275000
6	1418		3541.789353000
17		41	3541.797837000
17		1358	3541.799474000
17		41	3541.860748000
17		1358	3541.862659000
6	0		3541.921907000
6	1418		3541.928269000
17		41	3541.983942000
17		1358	3541.984919000
17		41	3542.045921000
17		1358	3542.047178000
6	1418		3542.067285000
17		41	3542.108115000
17		1358	3542.121990000
17		41	3542.232320000
17		1358	3542.233971000
17		1358	3542.290094000
6	0		3542.294613000
17		46	3542.356395000
17		1358	3542.357752000
17		41	3542.479880000
17		1358	3542.481693000
6	0		3542.542218000
6	1418		3542.543447000
17		41	3542.603899000
17		1358	3542.605571000
17		41	3542.728577000
17		1358	3542.730439000
17		41	3542.790175000
17		1358	3542.791684000
6	0		3542.852257000
6	1418		3542.853621000
17		41	3542.913881000
17		1358	3542.915060000
6	1418		3542.922961000
17		41	3542.976708000
17		1358	3542.977445000
17		41	3543.100608000
17		1358	3543.101704000
17		41	3543.162708000
17		1358	3543.164377000
17		41	3543.223954000
17		1358	3543.225567000
17		1358	3543.281318000
17		41	3543.285945000
17		1358	3543.337150000
6	0		3543.347830000
6	1418		3543.349092000
17		41	3543.410513000
17		1358	3543.411927000
6	1418		3543.418531000
17		41	3543.472445000
17		1161	3543.474166000
17		41	3543.533983000
6	1418		3543.557487000
17		41	3543.657954000
6	1418		3543.696349000
6	0		3543.720125000
17		41	3543.782449000
6	1418		3543.835266000
17		41	3543.844517000
17		41	3543.906442000
17		41	3543.968564000
6	1418		3543.974177000
17		41	3544.030756000
6	1418		3544.113142000
17		46	3544.154485000
17		33	3544.178927000
6	0		3544.216873000
6	1418		3544.251999000
17		913	3544.278161000
17		39	3544.278862000
17		156	3544.279585000
17		1353	3544.279593000
17		1358	3544.279608000
17		1358	3544.279613000
17		1358	3544.279617000
17		1358	3544.279621000
17		1358	3544.279625000
17		1358	3544.279630000
17		1358	3544.336181000
6	1418		3544.363118000
17		1358	3544.390441000
6	0		3544.402577000
17		1358	3544.447103000
6	1418		3544.474247000
6	0		3544.526490000
6	1418		3544.585372000
6	0		3544.650077000
17		47	3544.650110000
17		33	3544.674296000
6	1418		3544.696518000
17		41	3544.711812000
17		1358	3544.713697000
17		41	3544.774633000
17		1358	3544.776296000
6	1418		3544.807680000
17		41	3544.835836000
17		1358	3544.837515000
17		41	3544.897884000
17		1358	3544.899759000
6	1418		3544.918774000
17		41	3544.960615000
17		1358	3544.961853000
17		41	3545.022026000
17		1358	3545.023809000
17		41	3545.084078000
17		1358	3545.085769000
17		41	3545.146142000
17		1358	3545.147847000
17		41	3545.208107000
17		1358	3545.209763000
17		41	3545.269976000
17		1358	3545.272019000
6	0		3545.332180000
6	1418		3545.333432000
6	1418		3545.402935000
6	0		3545.455803000
17		41	3545.518111000
17		1358	3545.519960000
6	1418		3545.541809000
6	35		3545.580745000
17		41	3545.580776000
17		1358	3545.595441000
6	1418		3545.680703000
17		41	3545.704753000
17		1358	3545.706402000
6	0		3545.766063000
17		41	3545.766104000
17		1358	3545.767745000
6	0		3545.819610000
6	1418		3545.819654000
17		41	3545.890683000
17		1358	3545.892375000
17		41	3545.952059000
17		1358	3545.953715000
17		41	3546.014542000
17		1358	3546.016291000
17		41	3546.075858000
17		1358	3546.077643000
6	0		3546.138703000
17		41	3546.138730000
6	1418		3546.139937000
17		1358	3546.140876000
17		46	3546.200077000
17		1358	3546.201777000
6	0		3546.262402000
6	1418		3546.263648000
17		41	3546.323832000
17		1358	3546.325600000
6	1418		3546.348298000
17		41	3546.448517000
17		1358	3546.451018000
6	0		3546.509934000
6	1418		3546.511265000
17		41	3546.572292000
17		1358	3546.574210000
6	1418		3546.626109000
17		41	3546.634406000
17		1358	3546.635829000
17		41	3546.758166000
17		1358	3546.760478000
17		41	3546.820105000
17		1358	3546.821831000
17		41	3546.882648000
17		1358	3546.883874000
17		41	3546.943976000
17		1358	3546.946151000
6	0		3547.006286000
6	1418		3547.007536000
17		41	3547.068402000
6	1418		3547.077623000
17		41	3547.130761000
17		41	3547.253943000
6	0		3547.316414000
17		41	3547.316442000
6	1418		3547.317662000
6	1418		3547.387694000
17		41	3547.440042000
6	0		3547.502457000
6	1418		3547.527745000
17		41	3547.564493000
17		1358	3547.566164000
17		41	3547.625910000
17		1358	3547.635054000
6	1418		3547.667833000
17		41	3547.688483000
17		1358	3547.703902000
17		41	3547.750003000
17		1358	3547.772497000
17		41	3547.812677000
17		1358	3547.841563000
6	0		3547.935991000
6	1418		3547.937299000
6	1418		3548.007279000
6	0		3548.060658000
6	1418		3548.147355000
17		41	3548.184586000
17		1358	3548.185871000
6	0		3548.246574000
17		46	3548.246612000
17		1358	3548.254024000
6	1418		3548.287418000
17		1358	3548.321839000
17		41	3548.370656000
17		1358	3548.390191000
6	1418		3548.427468000
17		41	3548.431911000
17		1358	3548.458779000
6	0		3548.493949000
17		1358	3548.525323000
6	1418		3548.567545000
17		1358	3548.593497000
6	0		3548.618775000
17		1358	3548.661645000
6	1418		3548.679635000
17		41	3548.679960000
17		1358	3548.729453000
17		41	3548.742686000
6	1418		3548.791631000
17		1358	3548.796876000
17		1358	3548.865028000
17		41	3548.866036000
6	1418		3548.903682000
17		41	3548.928257000
6	0		3548.928287000
17		1358	3548.933157000
17		1358	3549.001155000
6	1418		3549.015779000
17		41	3549.052243000
17		1358	3549.067952000
17		41	3549.113940000
6	1418		3549.127783000
17		1358	3549.136104000
6	0		3549.176404000
17		1358	3549.204071000
17		41	3549.238267000
6	1418		3549.239822000
17		1358	3549.271326000
17		41	3549.300274000
17		1358	3549.338918000
17		361	3549.406901000
6	0		3549.424257000
17		41	3549.424292000
6	1418		3549.425514000
17		41	3549.486251000
17		41	3549.548431000
6	1418		3549.556994000
17		41	3549.672117000
6	1418		3549.690442000
17		41	3549.734158000
6	0		3549.795820000
17		41	3549.858765000
17		906	3549.919888000
17		39	3549.920716000
17		1358	3549.923823000
17		41	3549.981976000
17		1358	3550.005457000
17		41	3550.043932000
17		1358	3550.085487000
6	0		3550.105843000
6	1418		3550.107090000
17		1358	3550.166412000
17		41	3550.168763000
17		41	3550.230131000
17		1358	3550.246913000
17		1358	3550.328011000
6	0		3550.354363000
6	1418		3550.355653000
17		1358	3550.407909000
17		41	3550.415834000
6	1418		3550.422364000
17		47	3550.478482000
17		1358	3550.489100000
17		41	3550.540260000
6	0		3550.540290000
6	1418		3550.555842000
17		1358	3550.569523000
17		41	3550.602264000
17		1358	3550.650192000
17		41	3550.726351000
17		1358	3550.730347000
17		41	3550.788521000
17		1358	3550.812293000
6	0		3550.850732000
6	1418		3550.851983000
17		1358	3550.891764000
6	1418		3550.905355000
17		41	3550.912457000
17		1358	3550.973548000
6	1418		3551.012104000
17		41	3551.036398000
17		1358	3551.053403000
6	0		3551.098576000
6	1418		3551.118871000
17		1358	3551.134681000
17		41	3551.160593000
17		1358	3551.214705000
17		41	3551.222021000
6	1418		3551.225624000
17		41	3551.283976000
17		1358	3551.295627000
6	1418		3551.332373000
17		41	3551.346012000
17		1358	3551.359444000
17		1358	3551.424324000
6	1418		3551.439212000
17		41	3551.470507000
17		1358	3551.488330000
6	0		3551.532723000
6	1418		3551.545883000
17		1358	3551.552483000
17		41	3551.594651000
17		1358	3551.618412000
6	1418		3551.652646000
17		1358	3551.682821000
17		41	3551.717972000
17		1358	3551.746759000
6	0		3551.780092000
17		41	3551.780122000
6	1418		3551.781341000
17		41	3551.841967000
17		1358	3551.853679000
6	1418		3551.937315000
17		1358	3551.962055000
17		41	3551.966091000
6	0		3552.028455000
17		1358	3552.068804000
17		41	3552.090382000
6	1418		3552.115267000
17		41	3552.152296000
17		1358	3552.176651000
6	1418		3552.248718000
17		41	3552.275962000
17		1358	3552.284086000
6	0		3552.338198000
17		1358	3552.364274000
6	1418		3552.382162000
17		46	3552.400536000
17		33	3552.424182000
17		1358	3552.445123000
17		41	3552.462519000
6	1418		3552.515614000
17		1358	3552.525633000
17		41	3552.586397000
17		1358	3552.605930000
17		41	3552.648219000
17		1358	3552.687019000
6	0		3552.710429000
6	1418		3552.711716000
17		1358	3552.767329000
17		41	3552.772254000
6	1418		3552.782491000
17		41	3552.834156000
17		1358	3552.847982000
17		41	3552.895981000
17		1358	3552.928853000
6	0		3552.958433000
6	1418		3552.959748000
17		1358	3553.009544000
17		41	3553.020333000
6	1418		3553.049415000
17		1358	3553.089629000
17		41	3553.144776000
17		1358	3553.170685000
17		41	3553.206046000
17		1358	3553.250928000
6	0		3553.268246000
6	1418		3553.269502000
17		41	3553.330615000
17		1358	3553.331895000
6	1418		3553.336246000
17		1358	3553.411993000
17		41	3553.454712000
17		1358	3553.493062000
17		41	3553.516425000
17		1358	3553.573217000
17		41	3553.578023000
6	0		3553.640697000
6	1418		3553.641984000
17		1358	3553.655044000
17		41	3553.701882000
6	1418		3553.708690000
17		1358	3553.734916000
17		1358	3553.816006000
17		41	3553.825839000
6	0		3553.888487000
6	1418		3553.889747000
17		1358	3553.896055000
17		41	3553.950629000
6	1418		3553.975583000
17		1358	3553.977021000
17		1358	3554.057237000
17		41	3554.073919000
17		41	3554.136644000
17		1358	3554.138032000
17		41	3554.197933000
17		1358	3554.218959000
6	0		3554.260771000
6	1418		3554.262023000
17		1358	3554.299280000
17		46	3554.322618000
6	1418		3554.328765000
17		33	3554.346869000
17		1358	3554.379997000
17		41	3554.446365000
17		1358	3554.460626000
17		41	3554.508699000
17		1358	3554.540796000
17		41	3554.570139000
17		1358	3554.621943000
6	0		3554.632595000
6	1418		3554.633856000
17		41	3554.694359000
6	1418		3554.700587000
17		1358	3554.702806000
17		772	3554.783301000
17		41	3554.817841000
6	563		3554.817873000
6	39		3554.817881000
6	0		3554.819744000
6	0		3554.819776000
6	39		3554.819979000
6	69		3554.821470000
6	31		3554.822059000
6	39		3554.822627000
6	0		3554.880716000
6	1418		3554.881982000
17		41	3554.942236000
6	1418		3554.967469000
17		41	3555.065898000
6	1418		3555.100916000
17		41	3555.127970000
17		41	3555.190222000
6	0		3555.252540000
17		41	3555.252572000
17		41	3555.252584000
6	1418		3555.253822000
17		35	3555.254227000
17		41	3555.376479000
6	0		3555.437994000
6	1418		3555.439253000
17		41	3555.499828000
6	1418		3555.505985000
17		41	3555.562650000
17		41	3555.624423000
17		41	3555.686469000
6	0		3555.810497000
17		41	3555.810527000
6	1418		3555.811758000
6	1418		3555.865128000
6	0		3555.872372000
6	39		3555.872401000
17		832	3555.872411000
17		41	3555.873160000
17		153	3555.874017000
17		1353	3555.874043000
17		1358	3555.874048000
17		1358	3555.874054000
17		1358	3555.874060000
17		1358	3555.874066000
17		1358	3555.874073000
17		1358	3555.874079000
17		1358	3555.874085000
17		1358	3555.874090000
6	0		3555.879019000
17		1358	3555.939224000
6	1418		3555.971897000
6	0		3555.996392000
17		1358	3556.004412000
17		1358	3556.069310000
6	1418		3556.078641000
6	0		3556.119823000
17		1358	3556.133514000
17		1358	3556.198851000
6	0		3556.244069000
6	0		3556.368250000
17		47	3556.368281000
6	1418		3556.369506000
17		33	3556.392346000
17		41	3556.430644000
17		1358	3556.432530000
6	1418		3556.436203000
17		41	3556.492870000
17		1358	3556.541006000
17		41	3556.554657000
17		41	3556.616364000
17		1358	3556.649212000
17		41	3556.678383000
17		41	3556.740397000
17		1358	3556.757077000
17		41	3556.801811000
17		41	3556.864267000
17		1358	3556.865290000
17		41	3556.927049000
17		1358	3556.945903000
17		41	3556.987857000
17		1358	3557.027291000
17		1358	3557.108056000
17		41	3557.112423000
6	0		3557.174597000
6	1418		3557.175865000
17		1358	3557.188005000
17		41	3557.236666000
6	1418		3557.242588000
17		1358	3557.269187000
17		41	3557.298268000
17		1358	3557.350119000
17		41	3557.422246000
17		1358	3557.430275000
6	0		3557.484632000
6	1418		3557.485892000
17		1358	3557.501108000
17		41	3557.546622000
6	1418		3557.552623000
17		1358	3557.572221000
17		41	3557.608283000
17		1358	3557.642849000
17		41	3557.670478000
6	1418		3557.686068000
17		1358	3557.714319000
17		41	3557.732061000
17		1358	3557.784324000
17		41	3557.794516000
6	1418		3557.819514000
17		1358	3557.855421000
17		46	3557.856656000
17		33	3557.880918000
17		41	3557.918723000
17		1358	3557.926105000
6	1418		3557.952978000
17		41	3557.980301000
17		1358	3557.996869000
6	0		3558.042511000
17		1358	3558.068300000
6	1418		3558.086407000
17		41	3558.104504000
17		1358	3558.139344000
17		41	3558.166625000
17		1358	3558.209716000
6	1418		3558.219860000
17		41	3558.228573000
17		1358	3558.280056000
17		1358	3558.351596000
17		41	3558.352259000
6	0		3558.352292000
6	1418		3558.353272000
17		1358	3558.421781000
17		41	3558.476477000
6	1418		3558.486747000
17		1358	3558.493187000
17		41	3558.538219000
17		1358	3558.564023000
6	0		3558.600971000
6	1418		3558.620265000
17		1358	3558.634738000
17		41	3558.662482000
17		1358	3558.705208000
17		41	3558.724065000
6	1418		3558.753655000
17		1358	3558.776358000
17		1358	3558.846739000
17		41	3558.847936000
17		41	3558.909874000
17		1358	3558.917755000
6	0		3558.972425000
6	1418		3558.973661000
17		1358	3558.988754000
17		41	3559.034105000
6	1418		3559.040466000
17		1358	3559.059485000
17		1358	3559.130094000
17		41	3559.160086000
17		1358	3559.201812000
17		41	3559.220125000
17		1358	3559.271981000
6	0		3559.282261000
6	1418		3559.283529000
17		1358	3559.342819000
17		41	3559.343756000
6	1418		3559.350240000
17		41	3559.405929000
17		1358	3559.413933000
17		1358	3559.484989000
17		41	3559.530124000
17		1358	3559.555191000
6	0		3559.592408000
6	1418		3559.593679000
17		1358	3559.626367000
17		41	3559.654709000
6	1418		3559.660381000
17		1358	3559.697340000
17		46	3559.716812000
17		33	3559.740659000
17		1358	3559.768883000
17		41	3559.840059000
17		1358	3559.841337000
17		41	3559.902333000
17		1358	3559.913384000
6	0		3559.964317000
17		41	3559.964355000
6	1418		3559.965632000
17		1358	3559.985848000
17		41	3560.026652000
6	1418		3560.032354000
17		1358	3560.058514000
17		41	3560.088409000
17		1358	3560.115676000
17		41	3560.211905000
17		1358	3560.213169000
6	0		3560.274399000
6	1418		3560.275668000
17		41	3560.336812000
17		1358	3560.338384000
6	1418		3560.342372000
17		41	3560.398306000
17		1358	3560.399817000
17		41	3560.460815000
17		1358	3560.462913000
17		41	3560.522364000
17		1358	3560.524103000
17		41	3560.646374000
17		1358	3560.648420000
6	0		3560.707957000
6	1418		3560.709187000
6	1418		3560.762571000
17		41	3560.770517000
17		1358	3560.772092000
17		41	3560.832738000
6	1418		3560.869318000
17		41	3560.894909000
17		41	3560.956465000
17		41	3560.956492000
17		35	3560.958168000
6	1418		3560.976091000
6	0		3561.017935000
17		41	3561.080391000
6	1418		3561.082839000
17		41	3561.142440000
6	1418		3561.193120000
17		41	3561.204111000
17		41	3561.266136000
17		41	3561.390549000
6	0		3561.452152000
17		41	3561.513886000
17		41	3561.575880000
17		41	3561.638029000
17		41	3561.762292000
6	0		3561.824650000
6	1418		3561.825907000
17		41	3561.886688000
17		1358	3561.888420000
6	1418		3561.917781000
17		41	3561.948317000
17		1358	3561.960073000
17		41	3562.009992000
17		1358	3562.031165000
17		1358	3562.101923000
6	0		3562.134652000
6	1418		3562.135918000
17		41	3562.196368000
17		1358	3562.197531000
6	1418		3562.239296000
17		1358	3562.269588000
6	0		3562.320744000
17		1358	3562.340152000
6	1418		3562.377068000
17		1358	3562.411195000
6	0		3562.444461000
17		1358	3562.481863000
6	1418		3562.514866000
17		1358	3562.552918000
17		41	3562.567974000
17		1358	3562.624348000
6	0		3562.630329000
6	1418		3562.652704000
17		41	3562.692459000
17		1358	3562.693386000
17		41	3562.753892000
17		1358	3562.764330000
6	1418		3562.790438000
17		41	3562.816495000
17		1358	3562.835541000
17		1358	3562.906305000
17		41	3562.940556000
17		1358	3562.977116000
6	0		3563.001902000
17		1358	3563.048302000
17		41	3563.064253000
17		1358	3563.118995000
17		46	3563.125900000
17		33	3563.151125000
17		41	3563.188214000
17		1358	3563.189912000
17		41	3563.250243000
17		1358	3563.260740000
6	0		3563.312462000
6	1418		3563.313711000
17		1358	3563.331199000
17		41	3563.374299000
6	1418		3563.382599000
17		1358	3563.401934000
17		41	3563.436307000
17		1358	3563.473358000
17		1358	3563.543420000
17		41	3563.560589000
17		61	3563.614904000
17		41	3563.622038000
6	0		3563.684345000
6	1418		3563.685608000
17		41	3563.746375000
6	1418		3563.754506000
17		41	3563.808762000
17		41	3563.870482000
17		41	3563.932077000
17		41	3563.994340000
17		41	3564.056443000
17		41	3564.180598000
6	0		3564.241908000
6	1418		3564.243245000
17		41	3564.303974000
6	1418		3564.312132000
17		41	3564.366648000
17		913	3564.428628000
17		39	3564.429481000
17		156	3564.430425000
17		1353	3564.430456000
17		1358	3564.430464000
17		1358	3564.430512000
17		1358	3564.430517000
17		1358	3564.430521000
17		1358	3564.430525000
17		1358	3564.430528000
17		1358	3564.430532000
17		1358	3564.430537000
6	1418		3564.449926000
17		1358	3564.501735000
6	0		3564.552299000
17		1358	3564.573141000
6	1418		3564.587727000
17		1358	3564.644134000
6	0		3564.676837000
17		47	3564.676870000
17		33	3564.701236000
6	1418		3564.725515000
17		41	3564.738622000
17		41	3564.800349000
6	669		3564.800383000
17		1358	3564.801716000
6	0		3564.801866000
6	67		3564.803684000
6	31		3564.804215000
6	39		3564.804818000
17		41	3564.861884000
6	1418		3564.863282000
17		1358	3564.863570000
17		41	3564.923863000
17		1358	3564.935185000
17		41	3564.986548000
6	1418		3565.001089000
17		1358	3565.006977000
17		41	3565.048275000
17		1358	3565.079356000
17		41	3565.110195000
6	1418		3565.138882000
17		1358	3565.151000000
17		41	3565.172391000
17		1358	3565.222919000
17		1358	3565.294717000
17		41	3565.296351000
17		41	3565.358228000
6	0		3565.358263000
6	1418		3565.359551000
17		1358	3565.364812000
17		1358	3565.421861000
17		41	3565.482057000
17		1358	3565.483724000
6	0		3565.544120000
6	1418		3565.545378000
6	0		3565.606615000
6	39		3565.606642000
17		41	3565.606651000
17		1358	3565.608139000
6	0		3565.612660000
6	1418		3565.614287000
17		41	3565.730534000
17		1358	3565.732606000
17		41	3565.791896000
17		1358	3565.827975000
6	0		3565.854107000
6	1418		3565.855374000
17		41	3565.916174000
17		1358	3565.923018000
6	1418		3565.924240000
17		41	3565.978658000
17		1358	3565.995326000
17		41	3566.102364000
17		1358	3566.103936000
17		41	3566.164592000
17		1358	3566.175963000
17		41	3566.226012000
17		1358	3566.247764000
6	0		3566.288392000
6	1418		3566.289657000
17		46	3566.350244000
17		1358	3566.351941000
6	1418		3566.358538000
17		41	3566.411792000
17		1358	3566.423866000
17		1358	3566.496040000
17		41	3566.536186000
17		1358	3566.566445000
6	0		3566.598468000
6	1418		3566.599781000
17		41	3566.660734000
17		1358	3566.662147000
6	1418		3566.668663000
17		41	3566.722529000
17		1358	3566.734274000
17		41	3566.846571000
17		1358	3566.848284000
6	0		3566.907866000
6	1418		3566.909105000
17		41	3566.970644000
17		1358	3566.972092000
6	1418		3566.978002000
17		41	3567.032261000
17		874	3567.043516000
17		41	3567.094498000
17		41	3567.155822000
17		41	3567.280155000
6	0		3567.342460000
6	1418		3567.343782000
6	1418		3567.398892000
17		41	3567.404479000
17		913	3567.466130000
17		39	3567.466886000
17		1358	3567.469304000
6	1418		3567.509140000
17		1358	3567.541801000
17		41	3567.590126000
17		1358	3567.612410000
6	1418		3567.619362000
6	0		3567.652331000
17		1358	3567.667944000
17		41	3567.713897000
17		1358	3567.725001000
6	1418		3567.729589000
17		41	3567.776113000
17		1358	3567.781815000
17		1358	3567.838456000
6	1418		3567.839798000
17		1358	3567.895736000
17		41	3567.899880000
17		1358	3567.951586000
6	0		3567.962075000
17		41	3568.024021000
17		1358	3568.046774000
6	0		3568.147892000
17		41	3568.147921000
6	1418		3568.149120000
17		47	3568.209992000
17		1358	3568.211756000
6	1418		3568.241001000
17		41	3568.272253000
17		1358	3568.283517000
17		41	3568.334279000
6	0		3568.334309000
17		1358	3568.354904000
6	1418		3568.424733000
17		41	3568.458468000
17		1358	3568.459740000
17		41	3568.520060000
17		1358	3568.531366000
6	0		3568.582271000
6	1418		3568.583533000
17		41	3568.643962000
17		1358	3568.646078000
6	1418		3568.700300000
17		41	3568.706775000
17		1358	3568.717711000
17		41	3568.829938000
17		1358	3568.831599000
17		41	3568.892275000
17		1358	3568.903318000
17		41	3568.954622000
17		1358	3568.974856000
6	0		3569.016768000
6	1418		3569.018014000
17		41	3569.078027000
17		1358	3569.079090000
17		41	3569.140657000
17		1358	3569.152973000
17		41	3569.202333000
17		1358	3569.227182000
6	0		3569.264704000
6	1418		3569.265992000
17		41	3569.326567000
17		1358	3569.328266000
6	1418		3569.340954000
17		41	3569.388652000
17		1358	3569.402893000
17		41	3569.512020000
17		1358	3569.513872000
6	0		3569.574445000
6	1418		3569.575695000
17		41	3569.636467000
17		1358	3569.638132000
6	1418		3569.650688000
17		41	3569.697966000
17		1358	3569.711960000
17		41	3569.759867000
17		1358	3569.786149000
17		41	3569.821980000
17		1358	3569.845548000
17		46	3569.945868000
17		1358	3569.947530000
17		41	3570.007891000
17		1358	3570.009401000
17		41	3570.069799000
17		1358	3570.108730000
6	0		3570.132754000
17		41	3570.132783000
6	1418		3570.134026000
17		1358	3570.207208000
17		41	3570.256047000
17		1358	3570.306022000
17		41	3570.318298000
17		1358	3570.380242000
6	0		3570.380674000
6	1418		3570.383466000
17		41	3570.442297000
17		1358	3570.454215000
6	1418		3570.458451000
17		41	3570.566620000
17		1358	3570.568352000
17		41	3570.629068000
17		1358	3570.642156000
17		41	3570.690892000
17		1358	3570.716670000
17		41	3570.752379000
6	0		3570.752406000
6	1418		3570.753635000
17		1358	3570.790274000
17		41	3570.813806000
17		1358	3570.864630000
17		41	3570.876282000
17		1358	3570.939247000
17		41	3571.000043000
17		1358	3571.013067000
17		41	3571.062315000
17		1358	3571.087225000
6	0		3571.124513000
6	1418		3571.125766000
17		1358	3571.160556000
17		41	3571.186556000
6	1418		3571.200750000
17		1358	3571.233228000
17		41	3571.310438000
17		1358	3571.311297000
6	1418		3571.350720000
17		41	3571.372476000
17		1358	3571.385065000
17		41	3571.433872000
17		1358	3571.459341000
6	0		3571.496405000
6	1418		3571.500690000
17		41	3571.558525000
17		1358	3571.560247000
17		46	3571.619975000
17		1358	3571.634469000
6	1418		3571.650700000
17		41	3571.682554000
17		1358	3571.708378000
17		41	3571.743970000
17		1358	3571.782677000
17		41	3571.805898000
17		1358	3571.857169000
17		41	3571.868214000
17		1358	3571.916989000
6	0		3571.930666000
6	1418		3571.931978000
17		41	3571.992260000
17		1358	3571.993919000
6	1418		3572.006911000
17		41	3572.054102000
17		868	3572.055913000
17		41	3572.178140000
17		41	3572.240156000
6	0		3572.302511000
6	1418		3572.303799000
17		41	3572.364410000
6	1418		3572.378746000
17		41	3572.426030000
17		41	3572.550050000
17		41	3572.612081000
17		41	3572.674191000
17		41	3572.736358000
6	0		3572.798546000
17		41	3572.798576000
6	1418		3572.799799000
6	1418		3572.859794000
17		833	3572.922128000
17		39	3572.922825000
17		1358	3572.924760000
17		1358	3572.924775000
17		1358	3572.924795000
17		1358	3572.924801000
17		1358	3572.924805000
17		1358	3572.924809000
17		1358	3572.924813000
17		1358	3572.924817000
6	1418		3572.979778000
6	0		3572.984284000
17		1358	3572.998940000
17		1358	3573.072645000
6	1418		3573.099779000
6	0		3573.108478000
17		41	3573.170483000
6	1418		3573.219764000
17		47	3573.232628000
17		1358	3573.234493000
6	0		3573.293906000
17		41	3573.293934000
17		1358	3573.308901000
6	1418		3573.339737000
17		41	3573.356566000
17		1358	3573.382790000
17		41	3573.417890000
17		1358	3573.457066000
6	1418		3573.459710000
17		41	3573.479960000
17		1358	3573.531148000
17		41	3573.541998000
17		41	3573.604348000
17		1358	3573.606015000
17		1358	3573.680635000
17		41	3573.728179000
17		1358	3573.753872000
17		41	3573.789852000
17		1358	3573.826057000
6	0		3573.852277000
6	1418		3573.853524000
17		1358	3573.899719000
6	1418		3573.929178000
17		41	3573.975879000
17		1358	3573.977546000
17		41	3574.038489000
17		1358	3574.040233000
6	0		3574.099939000
6	1418		3574.101179000
17		41	3574.162820000
17		1358	3574.165156000
17		41	3574.224351000
17		1358	3574.226036000
6	1418		3574.231809000
17		41	3574.348053000
17		1358	3574.349727000
17		41	3574.410402000
17		1358	3574.450089000
17		41	3574.472015000
17		41	3574.534192000
17		1358	3574.550188000
6	0		3574.596554000
6	1418		3574.597810000
17		1358	3574.625149000
17		41	3574.658671000
6	1418		3574.673467000
17		1358	3574.700346000
17		1358	3574.774201000
17		41	3574.782429000
17		41	3574.844384000
6	0		3574.906782000
6	1418		3574.908048000
17		46	3574.968796000
6	1418		3574.983705000
17		33	3574.993703000
17		41	3575.030179000
17		41	3575.154221000
17		41	3575.216106000
17		1358	3575.217754000
17		41	3575.278046000
17		1358	3575.292442000
6	0		3575.340212000
6	1418		3575.341455000
17		41	3575.401956000
17		1358	3575.403854000
6	1418		3575.417133000
17		41	3575.464706000
17		1358	3575.478531000
17		41	3575.526332000
17		1358	3575.553705000
6	0		3575.587944000
6	1418		3575.589178000
17		41	3575.712304000
17		1358	3575.714152000
6	1418		3575.719793000
17		41	3575.774074000
17		1358	3575.775794000
17		1358	3575.833852000
6	0		3575.836470000
6	1418		3575.871062000
17		1358	3575.893728000
17		41	3575.898403000
17		1358	3575.952969000
17		1358	3576.012439000
17		41	3576.022205000
6	1418		3576.022356000
17		1358	3576.071986000
17		41	3576.084288000
17		1358	3576.131234000
6	0		3576.146469000
6	1418		3576.173751000
17		1358	3576.190914000
17		41	3576.208731000
17		1358	3576.249799000
6	1418		3576.325016000
17		41	3576.331892000
17		1358	3576.349173000
17		41	3576.394295000
17		1358	3576.448178000
6	0		3576.456498000
6	1418		3576.476344000
17		41	3576.518572000
17		1358	3576.547522000
17		41	3576.580664000
6	1418		3576.597405000
17		1358	3576.646426000
17		41	3576.704474000
6	1418		3576.718434000
17		1358	3576.746192000
17		41	3576.766476000
17		1358	3576.820711000
6	0		3576.828621000
6	1418		3576.839539000
17		46	3576.889865000
17		1358	3576.894416000
17		41	3576.952659000
17		1358	3576.968604000
17		1358	3577.042943000
17		41	3577.076779000
17		1358	3577.117568000
17		41	3577.137835000
17		1358	3577.191201000
6	0		3577.200045000
6	1418		3577.201315000
17		41	3577.262076000
17		1358	3577.265962000
6	1418		3577.277024000
17		1358	3577.340609000
17		41	3577.385973000
17		1358	3577.414648000
6	0		3577.448312000
6	1418		3577.449553000
17		1358	3577.488212000
17		41	3577.509936000
17		1358	3577.562656000
6	1418		3577.579572000
17		41	3577.633816000
17		1358	3577.636049000
17		41	3577.696074000
17		1358	3577.712087000
17		41	3577.758344000
17		1358	3577.785515000
17		41	3577.820306000
6	0		3577.820348000
6	1418		3577.821561000
17		1358	3577.860749000
17		41	3577.882668000
17		1358	3577.935273000
17		41	3578.005830000
17		1358	3578.007755000
6	0		3578.067906000
6	1418		3578.069192000
17		1358	3578.083664000
17		41	3578.129849000
6	1418		3578.144829000
17		1358	3578.158214000
17		41	3578.192386000
17		1358	3578.231955000
17		1358	3578.306465000
17		41	3578.316101000
17		41	3578.377841000
17		1358	3578.379577000
6	0		3578.440840000
17		41	3578.440870000
6	1418		3578.442090000
17		1358	3578.455074000
17		41	3578.501860000
17		1358	3578.529526000
17		41	3578.564128000
17		1358	3578.603822000
17		1358	3578.678232000
17		46	3578.687938000
17		33	3578.712219000
17		41	3578.750484000
17		1127	3578.752543000
17		41	3578.812418000
6	0		3578.873949000
6	1418		3578.875201000
17		41	3578.936038000
6	1418		3578.950867000
17		41	3579.060111000
17		41	3579.122226000
17		41	3579.184048000
17		41	3579.246452000
6	0		3579.308669000
17		41	3579.308697000
6	1418		3579.309903000
17		41	3579.370738000
6	1418		3579.385558000
17		41	3579.432407000
17		41	3579.493790000
6	1418		3579.536945000
17		913	3579.556423000
17		39	3579.557192000
17		156	3579.557817000
17		1353	3579.557921000
17		1358	3579.557927000
17		1358	3579.557931000
17		1358	3579.557935000
17		1358	3579.557950000
17		1358	3579.557956000
17		1358	3579.557960000
17		1358	3579.557964000
17		1358	3579.557968000
17		1358	3579.633720000
6	0		3579.680310000
6	1418		3579.688186000
17		1358	3579.707651000
17		1358	3579.781083000
6	0		3579.804097000
6	1418		3579.839513000
17		1358	3579.856155000
17		47	3579.865994000
17		33	3579.890503000
17		41	3579.928439000
17		41	3579.990230000
6	0		3579.990267000
6	1418		3579.990820000
17		1358	3579.991675000
17		41	3580.052155000
17		1358	3580.053831000
17		41	3580.113895000
17		1358	3580.115736000
6	1418		3580.142156000
17		41	3580.176216000
17		1358	3580.177594000
17		41	3580.238174000
17		1358	3580.277311000
6	1418		3580.293475000
17		41	3580.300772000
17		41	3580.362684000
17		1358	3580.377126000
17		41	3580.424066000
17		1358	3580.476311000
17		41	3580.548435000
17		1358	3580.576716000
17		41	3580.609981000
17		1358	3580.651314000
6	0		3580.672163000
6	1418		3580.673400000
17		1358	3580.725314000
17		41	3580.734510000
6	1418		3580.749081000
17		1358	3580.799693000
17		41	3580.858363000
17		1358	3580.874207000
17		41	3580.920049000
17		1358	3580.945342000
17		41	3580.982604000
17		1358	3581.018320000
6	0		3581.044937000
6	1418		3581.046203000
17		1358	3581.091054000
17		41	3581.106838000
6	1418		3581.121852000
17		1358	3581.162944000
17		41	3581.168612000
17		41	3581.230260000
17		1358	3581.236691000
17		41	3581.292339000
17		1358	3581.310090000
17		46	3581.354069000
17		33	3581.377692000
17		1358	3581.382766000
17		41	3581.416116000
17		1358	3581.454088000
6	0		3581.478293000
6	1418		3581.479546000
17		1358	3581.527054000
6	1418		3581.540089000
17		41	3581.540289000
17		1358	3581.599254000
6	1418		3581.661115000
17		41	3581.664546000
17		1358	3581.672297000
17		41	3581.725858000
17		1358	3581.745024000
6	1418		3581.782177000
17		41	3581.788456000
17		1358	3581.817738000
17		41	3581.850104000
17		1358	3581.891230000
6	0		3581.912337000
17		41	3581.974438000
17		1358	3581.976799000
17		41	3582.098064000
17		1358	3582.099872000
17		41	3582.160503000
17		1358	3582.173229000
17		41	3582.222045000
17		1358	3582.247313000
17		41	3582.284365000
17		1358	3582.318609000
6	0		3582.346729000
6	1418		3582.348017000
17		1358	3582.390841000
17		41	3582.408704000
6	1418		3582.423680000
17		1358	3582.462958000
17		41	3582.531917000
17		1358	3582.536373000
6	0		3582.594913000
6	1418		3582.596150000
17		41	3582.656669000
17		1358	3582.657555000
17		41	3582.718248000
17		1358	3582.719890000
6	1418		3582.726252000
17		41	3582.842470000
17		1358	3582.844042000
17		41	3582.904646000
17		1358	3582.940890000
17		41	3582.966084000
17		41	3583.028098000
17		1358	3583.038324000
17		46	3583.090242000
6	0		3583.090271000
6	1418		3583.091492000
17		33	3583.114308000
17		1358	3583.136554000
17		41	3583.152407000
17		1358	3583.231630000
17		41	3583.275922000
17		1358	3583.304417000
6	0		3583.338107000
6	1418		3583.339368000
17		1358	3583.376741000
17		41	3583.400500000
6	1418		3583.417199000
17		1358	3583.448673000
17		41	3583.461899000
17		1358	3583.521411000
6	1418		3583.572622000
17		41	3583.586603000
17		99	3583.593608000
17		41	3583.647910000
6	0		3583.710049000
6	1418		3583.728063000
17		41	3583.771945000
17		41	3583.834181000
6	1418		3583.883564000
17		41	3583.896569000
17		41	3584.020214000
17		41	3584.082273000
6	0		3584.144965000
6	1418		3584.146220000
17		41	3584.206726000
6	1418		3584.223970000
17		41	3584.330259000
17		41	3584.392354000
6	0		3584.454116000
17		913	3584.454150000
17		39	3584.454835000
6	1418		3584.455365000
17		156	3584.455614000
17		1353	3584.455762000
17		1358	3584.455793000
17		1358	3584.455798000
17		1358	3584.455802000
17		1358	3584.455806000
17		1358	3584.455809000
17		1358	3584.455814000
17		1358	3584.455818000
17		1358	3584.455822000
17		1358	3584.529564000
6	1418		3584.534916000
6	0		3584.578134000
17		1358	3584.601693000
17		1358	3584.673417000
6	1418		3584.690415000
6	0		3584.702011000
17		41	3584.702043000
17		47	3584.764495000
17		33	3584.788359000
17		41	3584.825885000
6	1418		3584.845891000
6	0		3584.888563000
17		41	3584.888590000
17		1358	3584.890337000
17		41	3584.950850000
17		1358	3584.964126000
6	1418		3585.001385000
17		41	3585.012643000
17		1358	3585.022561000
17		41	3585.074103000
17		1358	3585.081243000
17		41	3585.135867000
6	1418		3585.136961000
17		1358	3585.140062000
17		41	3585.197853000
17		1358	3585.199832000
17		41	3585.260522000
17		1358	3585.261728000
17		41	3585.322312000
17		1358	3585.358548000
17		41	3585.446386000
17		1358	3585.455844000
17		41	3585.508087000
17		1358	3585.552103000
6	0		3585.570266000
6	1418		3585.571503000
17		1358	3585.648956000
17		41	3585.694012000
17		1358	3585.744793000
17		41	3585.756099000
6	0		3585.818260000
17		1358	3585.818416000
6	1418		3585.819535000
17		41	3585.880378000
6	1418		3585.887362000
17		1358	3585.892080000
17		41	3585.942190000
17		1358	3585.965275000
17		41	3586.066604000
17		1358	3586.068773000
17		41	3586.128708000
17		1358	3586.141636000
17		41	3586.190356000
17		1358	3586.214821000
17		41	3586.251898000
17		1358	3586.287995000
17		46	3586.314254000
6	0		3586.314286000
6	1418		3586.315502000
17		33	3586.338327000
17		1358	3586.360874000
17		1358	3586.433881000
17		41	3586.438013000
17		41	3586.499956000
17		1358	3586.505965000
17		41	3586.562184000
17		1358	3586.579511000
6	0		3586.624394000
6	1418		3586.625648000
17		1358	3586.652037000
6	1418		3586.693428000
17		41	3586.748229000
17		1358	3586.749911000
17		41	3586.810608000
17		1358	3586.822953000
6	1418		3586.829022000
17		41	3586.872115000
17		1358	3586.895993000
17		41	3586.934142000
6	1418		3586.964703000
17		1358	3586.969175000
17		41	3586.996263000
6	0		3586.996292000
17		1358	3587.041839000
17		41	3587.058277000
6	1418		3587.100179000
17		1358	3587.115032000
17		41	3587.182187000
17		1358	3587.188946000
6	1418		3587.235755000
17		41	3587.244529000
17		1358	3587.261958000
17		41	3587.305873000
17		1358	3587.320060000
6	0		3587.368354000
6	1418		3587.371323000
17		1358	3587.378115000
17		41	3587.430597000
17		1358	3587.435894000
6	1418		3587.479798000
17		41	3587.554058000
17		1358	3587.556089000
6	1418		3587.588240000
17		41	3587.616121000
17		1358	3587.654239000
6	0		3587.678886000
6	1418		3587.696700000
17		41	3587.740307000
17		1358	3587.751768000
6	1418		3587.805153000
17		41	3587.863898000
17		1358	3587.865121000
6	1418		3587.913645000
17		41	3587.926204000
17		1358	3587.938557000
6	0		3587.988418000
17		41	3588.050684000
17		1358	3588.052289000
17		46	3588.112127000
17		1358	3588.125206000
17		41	3588.174389000
17		1358	3588.198251000
17		41	3588.236378000
17		1358	3588.271217000
6	0		3588.297894000
6	1418		3588.299193000
17		41	3588.360382000
17		1358	3588.361805000
6	1418		3588.389584000
17		41	3588.422352000
17		1358	3588.434787000
17		41	3588.546065000
17		1358	3588.547804000
6	0		3588.609162000
6	1418		3588.610405000
17		41	3588.670121000
17		1358	3588.671855000
6	1418		3588.706010000
17		41	3588.794542000
17		1358	3588.795931000
6	0		3588.856679000
6	1418		3588.857973000
17		41	3588.918241000
17		1358	3588.919812000
6	1418		3588.977085000
17		41	3589.042585000
17		1358	3589.044304000
17		41	3589.104083000
17		1358	3589.117760000
17		41	3589.165826000
17		1358	3589.190627000
17		41	3589.228234000
6	0		3589.228265000
6	1418		3589.229512000
17		517	3589.264184000
17		41	3589.352619000
6	0		3589.413965000
6	1418		3589.415225000
17		41	3589.476330000
6	1418		3589.483014000
17		41	3589.538505000
17		41	3589.662401000
6	0		3589.724759000
6	1418		3589.726017000
17		41	3589.785821000
6	1418		3589.793784000
17		41	3589.910200000
17		826	3589.910223000
17		33	3589.910931000
17		33	3589.911574000
17		1358	3589.913432000
6	0		3589.972384000
6	1418		3589.973626000
17		1358	3589.986814000
17		41	3590.034664000
17		1358	3590.058896000
6	1418		3590.064960000
17		41	3590.096293000
17		1358	3590.131694000
17		1358	3590.204370000
17		41	3590.219881000
17		1358	3590.277707000
6	0		3590.282733000
6	1418		3590.283973000
17		1358	3590.350834000
6	1418		3590.351744000
6	0		3590.406286000
17		1358	3590.423418000
17		41	3590.467866000
6	1418		3590.487354000
17		1358	3590.497970000
17		47	3590.530107000
17		33	3590.554855000
17		1358	3590.571034000
6	0		3590.592426000
6	1418		3590.622915000
17		1358	3590.643840000
17		41	3590.654574000
17		41	3590.716207000
17		1358	3590.717723000
6	1418		3590.758497000
17		41	3590.778744000
17		1358	3590.792047000
17		41	3590.840563000
17		1358	3590.864613000
6	1418		3590.894061000
17		41	3590.901914000
17		1358	3590.937964000
6	0		3590.964105000
17		1358	3591.010886000
17		41	3591.026090000
6	1418		3591.029641000
17		1358	3591.084549000
17		41	3591.149821000
17		1358	3591.157828000
6	1418		3591.165211000
6	0		3591.212116000
17		41	3591.274387000
17		1358	3591.276057000
6	1418		3591.300801000
17		41	3591.336458000
17		1358	3591.349885000
6	1418		3591.436372000
17		41	3591.460474000
17		1358	3591.461766000
17		41	3591.522000000
17		1358	3591.535379000
6	0		3591.584198000
6	1418		3591.585468000
17		41	3591.646651000
17		1358	3591.648406000
6	1418		3591.707535000
17		41	3591.707823000
17		1358	3591.709536000
17		41	3591.770684000
17		1358	3591.772130000
17		41	3591.832408000
17		1358	3591.834075000
6	0		3591.894557000
17		41	3591.956554000
17		1358	3591.958291000
17		41	3592.018553000
17		1358	3592.056311000
17		41	3592.142553000
17		1358	3592.154299000
6	0		3592.203863000
6	1418		3592.205209000
17		41	3592.266482000
17		1358	3592.267890000
17		46	3592.390117000
17		1358	3592.391674000
17		41	3592.452115000
17		1358	3592.465900000
6	0		3592.514250000
6	1418		3592.515513000
17		41	3592.576012000
17		1358	3592.577675000
6	1418		3592.583289000
17		41	3592.700436000
17		1358	3592.701843000
17		41	3592.762544000
17		1358	3592.775901000
17		41	3592.823878000
17		1358	3592.849847000
17		41	3592.886252000
6	0		3592.886289000
6	1418		3592.887498000
17		1358	3592.923338000
17		41	3592.948086000
17		1358	3592.995864000
17		1358	3593.069586000
17		41	3593.072240000
17		41	3593.133838000
17		1358	3593.142976000
17		41	3593.195814000
17		1358	3593.216796000
6	0		3593.258586000
6	1418		3593.259823000
17		1358	3593.289415000
17		41	3593.320181000
6	1418		3593.327623000
17		1358	3593.364227000
17		41	3593.444320000
17		1358	3593.445727000
6	1418		3593.463197000
17		41	3593.506491000
17		1358	3593.520770000
17		41	3593.568092000
17		1358	3593.594575000
6	1418		3593.598774000
6	0		3593.630237000
17		41	3593.691954000
17		1358	3593.694036000
6	1418		3593.734344000
17		41	3593.754086000
17		1358	3593.767929000
17		41	3593.816476000
17		1358	3593.841577000
6	1418		3593.869926000
17		41	3593.878167000
17		1358	3593.899830000
17		1358	3593.957912000
17		41	3594.002007000
6	1418		3594.005496000
17		1358	3594.016679000
6	0		3594.064296000
17		46	3594.125890000
17		1358	3594.127574000
6	1418		3594.141094000
17		41	3594.187927000
17		1358	3594.227141000
6	1418		3594.249542000
17		41	3594.312739000
17		1358	3594.325986000
6	1418		3594.358014000
17		41	3594.373959000
17		1358	3594.424325000
6	0		3594.436539000
6	1418		3594.466451000
17		41	3594.498544000
17		1358	3594.500188000
6	1418		3594.574902000
17		41	3594.622235000
17		1358	3594.623964000
6	1418		3594.683377000
6	0		3594.684393000
17		1358	3594.698331000
17		41	3594.746479000
17		41	3594.808342000
6	562		3594.808373000
6	39		3594.808381000
6	0		3594.810184000
6	0		3594.810209000
6	39		3594.810212000
6	69		3594.811790000
6	31		3594.812438000
6	39		3594.813005000
17		41	3594.932080000
17		41	3594.994186000
6	0		3595.056957000
6	1418		3595.058231000
17		41	3595.118748000
6	1418		3595.148595000
17		41	3595.242039000
17		1358	3595.243654000
6	0		3595.304186000
6	1418		3595.329426000
17		41	3595.365842000
17		1358	3595.367131000
6	1418		3595.464942000
17		41	3595.490292000
17		1358	3595.491237000
6	0		3595.552581000
6	1418		3595.600529000
17		41	3595.614504000
17		796	3595.616240000
17		41	3595.676863000
6	1418		3595.736116000
6	0		3595.738399000
6	39		3595.738431000
6	0		3595.744569000
6	0		3595.800575000
6	1418		3595.871672000
17		41	3595.923943000
6	0		3595.986345000
6	1418		3596.007252000
17		41	3596.048555000
17		41	3596.110622000
6	1418		3596.142829000
6	0		3596.173000000
17		906	3596.173031000
17		39	3596.173665000
17		1358	3596.176810000
17		41	3596.233897000
17		1358	3596.251863000
6	1418		3596.278416000
17		1358	3596.326144000
6	0		3596.357981000
17		1358	3596.401413000
6	1418		3596.414006000
17		1358	3596.475313000
6	0		3596.482123000
17		41	3596.482161000
17		47	3596.544176000
17		1358	3596.549561000
6	1418		3596.549597000
17		41	3596.605815000
17		1358	3596.623773000
6	1418		3596.685129000
17		1358	3596.698132000
17		41	3596.730228000
17		1358	3596.773042000
6	0		3596.792157000
17		41	3596.792185000
6	1418		3596.820773000
17		1358	3596.847185000
17		41	3596.916267000
17		1358	3596.921415000
6	1418		3596.956355000
6	0		3596.978867000
17		1358	3596.995390000
17		41	3597.040618000
17		1358	3597.070675000
6	1418		3597.091871000
17		1358	3597.145146000
17		41	3597.163876000
17		1358	3597.219054000
17		41	3597.226299000
6	1418		3597.227420000
17		1358	3597.279210000
6	0		3597.288422000
17		1358	3597.338336000
6	1418		3597.344315000
17		41	3597.350354000
17		1358	3597.397103000
17		41	3597.412408000
17		1358	3597.456933000
6	1418		3597.461215000
17		1358	3597.516480000
17		41	3597.536539000
17		1358	3597.576621000
6	1418		3597.578072000
17		41	3597.598408000
6	0		3597.660817000
17		1358	3597.675041000
6	1418		3597.694967000
17		41	3597.722578000
17		1358	3597.775474000
17		41	3597.784212000
6	1418		3597.811843000
17		1358	3597.873758000
17		41	3597.908071000
6	0		3597.970223000
6	1418		3597.971466000
17		1358	3597.972858000
17		41	3598.032110000
6	1418		3598.045609000
17		1358	3598.046676000
17		41	3598.094082000
17		1358	3598.122212000
17		1358	3598.196617000
17		41	3598.218421000
17		1358	3598.270811000
17		41	3598.279849000
6	0		3598.342264000
6	1418		3598.343520000
17		1358	3598.344309000
6	1418		3598.390281000
17		41	3598.404058000
17		1358	3598.419420000
6	1418		3598.483763000
17		1358	3598.493220000
17		46	3598.528552000
17		33	3598.552809000
17		1358	3598.568085000
6	1418		3598.577266000
6	0		3598.590833000
17		1358	3598.642935000
17		41	3598.652433000
6	1418		3598.670784000
17		1358	3598.717565000
6	1418		3598.764320000
17		41	3598.775924000
17		1358	3598.793054000
6	0		3598.838760000
17		41	3598.900306000
17		1358	3598.901802000
17		41	3598.962379000
17		1358	3598.977095000
17		41	3599.023834000
17		1358	3599.053128000
17		1358	3599.126198000
17		41	3599.148173000
17		1358	3599.200939000
6	0		3599.210574000
6	1418		3599.211907000
6	1418		3599.270263000
17		41	3599.271951000
17		1358	3599.276116000
17		41	3599.396170000
17		1358	3599.397908000
17		41	3599.458215000
17		1358	3599.473324000
6	0		3599.520385000
6	1418		3599.521626000
6	1418		3599.580146000
17		41	3599.582501000
17		1358	3599.584266000
17		41	3599.705975000
17		1358	3599.707203000
6	0		3599.768200000
6	1418		3599.769460000
6	1418		3599.827902000
17		41	3599.830427000
17		1358	3599.832079000
17		41	3599.892061000
17		1358	3599.907841000
17		41	3599.954418000
17		1358	3599.968261000
17		41	3600.016144000
17		1358	3600.029273000
17		41	3600.078517000
17		1358	3600.088109000
17		1358	3600.148274000
6	0		3600.202417000
6	1418		3600.203726000
6	1418		3600.262162000
17		41	3600.263889000
17		1358	3600.265563000
17		41	3600.326314000
17		1358	3600.365898000
17		41	3600.388634000
17		1358	3600.466083000
6	0		3600.512419000
6	1418		3600.513676000
6	1418		3600.572182000
17		46	3600.699476000
17		1358	3600.700966000
17		1358	3600.776024000
6	0		3600.886224000
6	1418		3600.887536000
17		41	3601.260621000
6	0		3601.260651000
17		1358	3601.261817000
6	1418		3601.261876000
17		41	3601.447627000
17		1358	3601.449319000
17		41	3601.634712000
17		1358	3601.636367000
17		1358	3601.712231000
17		41	3601.821172000
17		41	3601.821206000
17		679	3601.822670000
17		41	3602.008627000
6	0		3602.194875000
6	0		3602.194919000
6	0		3602.196767000
6	0		3602.196859000
6	1418		3602.243499000
6	0		3602.382630000
6	0		3602.497880000
6	0		3602.498033000
17		41	3602.569186000
17		41	3602.756434000
17		41	3602.943492000
6	0		3603.130153000
6	0		3603.131189000
6	0		3603.317402000
6	0		3603.317446000
6	1418		3603.318637000
6	0		3603.318726000
17		41	3603.504619000
17		41	3603.691521000
17		825	3603.691545000
17		34	3603.692329000
17		1358	3603.693613000
17		1358	3603.754199000
17		1358	3603.813691000
17		1358	3603.873754000
17		1358	3603.932506000
17		1358	3603.992249000
17		1358	3604.051677000
17		41	3604.064963000
17		1358	3604.111299000
6	0		3604.252140000
6	1418		3604.253369000
6	1418		3604.311821000
17		41	3604.439622000
17		1358	3604.441447000
17		41	3604.626091000
17		1358	3604.627835000
6	0		3604.813070000
6	0		3604.813113000
6	517		3604.813121000
6	517		3604.813127000
17		41	3604.813134000
6	0		3604.814105000
6	0		3604.814422000
6	2836		3604.814598000
6	1844		3604.814617000
17		1358	3604.814986000
6	2836		3604.815165000
6	1844		3604.815183000
6	670		3605.000548000
6	0		3605.000576000
6	0		3605.000584000
6	0		3605.001650000
6	67		3605.003498000
6	31		3605.003983000
6	39		3605.004557000
6	0		3605.187102000
6	1418		3605.188341000
6	1418		3605.246811000
6	1418		3605.363665000
17		47	3605.374482000
17		1358	3605.376205000
6	1418		3605.480550000
17		41	3605.561334000
17		1358	3605.563039000
17		41	3605.748911000
17		1358	3605.750686000
17		41	3605.935603000
17		1358	3605.937196000
17		41	3606.122151000
17		1358	3606.123923000
17		41	3606.309660000
17		1358	3606.311433000
17		41	3606.496251000
6	670		3606.496282000
6	0		3606.497369000
17		41	3606.683771000
6	0		3607.057033000
17		41	3607.057079000
6	1418		3607.058285000
6	39		3607.066720000
6	1418		3607.116731000
6	1418		3607.233679000
17		41	3607.244106000
6	1418		3607.350491000
6	0		3607.431445000
6	0		3607.618095000
6	0		3607.805402000
6	0		3607.992362000
6	64		3607.992394000
6	92		3607.992404000
6	315		3607.992411000
6	608		3607.993711000
6	31		3607.994245000
6	260		3608.146564000
6	31		3608.146605000
6	39		3608.146619000
17		41	3608.178855000
17		41	3608.178879000
6	670		3608.178889000
6	0		3608.180385000
17		35	3608.180556000
6	0		3608.366201000
6	0		3608.553247000
6	0		3608.739936000
6	0		3608.739964000
6	64		3608.739971000
6	0		3608.739978000
6	39		3608.739983000
6	0		3608.741421000
6	608		3608.741632000
6	0		3609.114304000
6	1418		3609.115616000
6	1418		3609.173983000
6	1418		3609.290867000
6	1418		3609.407746000
17		41	3609.488123000
6	0		3609.675405000
6	1418		3609.676647000
6	1418		3609.735082000
6	1418		3609.851984000
17		41	3609.862338000
17		1358	3609.864056000
6	1418		3609.968853000
17		41	3610.049333000
17		1358	3610.051018000
17		41	3610.236186000
17		1358	3610.238012000
17		41	3610.423326000
17		1358	3610.425073000
17		41	3610.610342000
17		1358	3610.612210000
6	0		3610.797627000
6	0		3610.983940000
6	0		3611.358340000
6	0		3611.358367000
6	31		3611.358374000
6	39		3611.358378000
6	39		3611.358384000
6	1418		3611.359588000
6	0		3611.359742000
6	0		3611.359808000
6	0		3611.545381000
6	0		3611.919962000
6	1418		3611.921223000
6	1418		3611.979658000
6	0		3612.293646000
6	1418		3612.294909000
6	1418		3612.353343000
6	0		3612.666986000
6	1418		3612.668240000
6	1418		3612.726663000
17		41	3613.041375000
17		1358	3613.043168000
17		1358	3613.118546000
17		1358	3613.193553000
6	0		3613.228811000
6	1418		3613.230094000
17		1358	3613.267509000
6	1418		3613.288576000
17		1358	3613.343060000
17		41	3613.415740000
17		1358	3613.417552000
17		1358	3613.491117000
17		1358	3613.565893000
17		41	3613.602802000
17		1358	3613.641184000
17		1358	3613.714975000
17		41	3613.789708000
17		1358	3613.789886000
17		1358	3613.864082000
17		1358	3613.938440000
17		1358	3614.013116000
17		1358	3614.087845000
17		1358	3614.162831000
6	0		3614.162977000
6	1418		3614.164232000
6	1418		3614.210993000
6	1418		3614.304517000
6	1418		3614.398004000
6	1418		3614.491490000
6	0		3614.537127000
6	1418		3614.585008000
6	1418		3614.678489000
6	1418		3614.772078000
6	1418		3614.865523000
6	0		3614.910993000
6	1418		3614.959024000
6	1418		3615.052524000
6	1418		3615.146037000
6	1418		3615.239536000
17		41	3615.285725000
17		1358	3615.287446000
6	1418		3615.333062000
17		1358	3615.362895000
6	1418		3615.426565000
6	0		3615.472761000
17		41	3615.472789000
17		1358	3615.473773000
6	1418		3615.520046000
17		1358	3615.549220000
6	1418		3615.613561000
17		41	3615.659789000
17		1358	3615.661457000
6	1418		3615.707086000
17		1358	3615.736615000
6	1418		3615.800578000
6	1418		3615.894060000
6	1418		3615.987579000
17		41	3616.032908000
17		1358	3616.034745000
6	1418		3616.081082000
17		1358	3616.110704000
6	1418		3616.174576000
6	0		3616.220302000
6	1418		3616.268095000
6	1418		3616.361604000
17		41	3616.407193000
17		1358	3616.409013000
6	1418		3616.455105000
17		1358	3616.484151000
6	1418		3616.548612000
17		41	3616.593890000
17		1358	3616.595562000
6	1418		3616.642118000
17		756	3616.670991000
6	1418		3616.735677000
17		41	3616.780990000
6	1418		3616.829120000
6	1418		3616.922615000
17		41	3616.968290000
6	1418		3617.016137000
6	1418		3617.109689000
17		41	3617.155015000
6	1418		3617.203157000
6	1418		3617.296656000
17		46	3617.342284000
17		33	3617.365864000
6	1418		3617.390147000
6	1418		3617.483668000
17		41	3617.528992000
6	1418		3617.577175000
17		41	3617.716175000
17		41	3617.903482000
17		41	3618.090725000
17		41	3618.277542000
6	0		3618.651819000
6	1418		3618.653070000
6	1418		3618.730998000
6	1418		3618.886833000
6	0		3619.025526000
6	1418		3619.042651000
6	1418		3619.198528000
6	0		3619.399076000
6	0		3619.773535000
6	0		3620.147085000
6	0		3620.521662000
17		41	3620.895136000
6	0		3621.082526000
17		41	3621.269510000
17		41	3621.456068000
6	0		3621.643332000
17		41	3621.830197000
17		41	3622.017179000
17		35	3622.018954000
17		41	3622.204218000
6	0		3622.391549000
17		41	3622.578600000
6	0		3622.952444000
17		913	3623.325937000
17		41	3623.326723000
17		157	3623.327472000
17		1358	3623.336185000
17		1358	3623.397062000
17		1358	3623.456616000
6	0		3623.513320000
17		1358	3623.515466000
17		1358	3623.575836000
17		1358	3623.635293000
17		1358	3623.694562000
17		41	3623.700054000
17		1358	3623.754105000
17		1358	3623.814335000
17		1358	3623.874115000
17		1358	3623.933023000
17		1358	3623.993115000
17		1358	3624.053181000
6	0		3624.074640000
17		1358	3624.112613000
17		1358	3624.171920000
17		1358	3624.232214000
17		1358	3624.290993000
17		1358	3624.350677000
17		1358	3624.410940000
17		41	3624.448288000
17		1358	3624.470697000
17		1358	3624.529574000
17		1358	3624.589417000
6	0		3624.635625000
17		1358	3624.648926000
17		1358	3624.708774000
17		1358	3624.768823000
17		41	3624.822102000
6	630		3624.822138000
6	39		3624.822146000
6	39		3624.824275000
6	0		3624.824301000
6	0		3624.824305000
6	69		3624.825852000
6	31		3624.826475000
6	39		3624.827061000
17		1358	3624.827818000
17		1358	3624.888095000
17		1358	3624.947444000
17		1358	3625.006931000
17		1358	3625.067384000
17		1358	3625.126073000
17		1358	3625.185748000
17		41	3625.196040000
17		1358	3625.246464000
17		1358	3625.306034000
17		1358	3625.364755000
6	0		3625.383663000
17		41	3625.383690000
6	0		3625.757571000
6	1418		3625.758825000
6	1418		3625.817268000
6	1418		3625.934163000
6	0		3626.131697000
6	1418		3626.132937000
6	1418		3626.191433000
6	1418		3626.308259000
6	1418		3626.425138000
6	0		3626.505764000
6	1418		3626.542015000
6	1418		3626.658899000
6	1418		3626.775775000
6	0		3626.879402000
6	1418		3626.892674000
6	1418		3627.009546000
6	1418		3627.126438000
6	1418		3627.243329000
6	0		3627.253137000
6	1418		3627.360202000
6	1418		3627.477090000
6	1418		3627.593976000
6	39		3627.610834000
6	0		3627.627733000
6	1418		3627.710841000
6	1418		3627.827731000
6	1418		3627.944601000
6	0		3628.001791000
6	39		3628.001823000
6	0		3628.002909000
6	1418		3628.061470000
6	1418		3628.178365000
17		47	3628.188128000
17		33	3628.212953000
6	1418		3628.295274000
17		41	3628.375060000
6	1418		3628.412129000
6	1418		3628.529067000
6	0		3628.562754000
17		41	3628.562783000
6	1418		3628.645915000
17		41	3628.749215000
6	1418		3628.762782000
6	1418		3628.879658000
17		41	3628.936414000
6	1418		3628.996542000
17		41	3629.123282000
17		41	3629.310233000
17		41	3629.497495000
17		41	3629.684781000
17		41	3629.871774000
17		41	3630.058001000
17		41	3630.244919000
17		41	3630.432510000
17		41	3630.619717000
17		41	3630.806112000
17		41	3630.993761000
17		41	3631.180514000
17		41	3631.367713000
17		41	3631.554035000
17		41	3631.741873000
17		46	3631.928745000
17		33	3631.953239000
17		41	3632.115952000
17		41	3632.302457000
6	0		3632.489082000
6	0		3632.489120000
6	0		3632.489127000
6	0		3632.489131000
6	0		3632.489135000
6	39		3632.489139000
17		41	3632.489147000
6	0		3632.490185000
17		41	3632.676265000
17		41	3632.863460000
17		41	3633.050741000
17		41	3633.237113000
17		41	3633.424290000
17		41	3633.611550000
17		1358	3633.612705000
17		41	3633.798650000
17		1358	3633.800507000
17		41	3633.985303000
17		1358	3633.987024000
17		41	3634.171940000
17		1358	3634.173459000
17		41	3634.359389000
17		1358	3634.361246000
6	0		3634.546165000
6	0		3634.546191000
6	1418		3634.547474000
6	1418		3634.605929000
6	1418		3634.722790000
6	0		3634.733117000
6	1418		3634.839679000
6	0		3634.920043000
6	666		3634.920070000
6	0		3634.921128000
6	69		3634.923315000
6	31		3634.923956000
6	39		3634.924526000
6	1418		3634.956535000
6	1418		3635.073484000
6	0		3635.107359000
6	1418		3635.190298000
6	0		3635.294038000
6	1418		3635.307175000
6	1418		3635.424074000
6	0		3635.481414000
6	1418		3635.540954000
6	1418		3635.657827000
6	0		3635.668173000
6	1418		3635.774729000
6	0		3635.855094000
6	1418		3635.891591000
6	1418		3636.008484000
6	0		3636.042393000
6	1418		3636.125360000
6	0		3636.229016000
6	1418		3636.242234000
6	1418		3636.359116000
6	0		3636.416519000
6	1418		3636.475995000
6	1418		3636.592887000
6	0		3636.603227000
6	1418		3636.709769000
6	0		3636.790259000
6	1418		3636.826642000
6	1418		3636.943520000
6	0		3636.977061000
17		41	3636.977093000
17		35	3636.978896000
6	1418		3637.060440000
6	0		3637.164145000
6	1418		3637.177293000
6	1418		3637.294159000
6	0		3637.351396000
6	0		3637.351436000
6	1418		3637.411052000
6	1418		3637.527906000
6	0		3637.538327000
6	1418		3637.644841000
6	0		3637.725268000
6	1418		3637.761698000
6	1418		3637.878570000
6	1418		3637.995456000
6	0		3638.099116000
6	1418		3638.112346000
6	1418		3638.229214000
6	1418		3638.346100000
6	1418		3638.462999000
6	0		3638.473893000
6	1418		3638.579895000
6	1418		3638.696757000
6	1418		3638.813627000
6	0		3638.847464000
6	1418		3638.930508000
6	1418		3639.047378000
6	1418		3639.164285000
6	0		3639.221120000
6	1418		3639.281275000
6	1418		3639.398047000
6	1418		3639.514907000
6	0		3639.595587000
6	1418		3639.631848000
6	1418		3639.748668000
17		41	3639.782784000
17		1358	3639.784581000
17		1358	3639.859932000
17		1358	3639.933885000
17		41	3639.969025000
17		1358	3640.008831000
17		1358	3640.083267000
17		41	3640.156108000
17		1358	3640.157907000
17		1358	3640.232882000
17		1358	3640.306933000
17		41	3640.343531000
17		1358	3640.381445000
17		1358	3640.455760000
17		41	3640.530509000
17		1358	3640.530695000
17		1358	3640.604947000
17		1358	3640.679997000
17		1358	3640.754854000
17		1358	3640.828689000
17		1358	3640.903557000
6	0		3640.904517000
17		1358	3640.977995000
17		1358	3641.052551000
17		1358	3641.126828000
17		1358	3641.201817000
17		1358	3641.276742000
6	0		3641.278144000
6	0		3641.278165000
6	0		3641.278169000
6	0		3641.278176000
6	39		3641.278180000
6	0		3641.284662000
17		1358	3641.351155000
17		1358	3641.425590000
17		1358	3641.499817000
17		1358	3641.574788000
17		1358	3641.648891000
6	0		3641.652083000
17		1358	3641.723515000
17		1358	3641.798810000
17		1358	3641.873166000
17		1358	3641.947427000
17		1358	3642.021999000
6	0		3642.026256000
17		1358	3642.096680000
17		1358	3642.171757000
17		1358	3642.246334000
17		1358	3642.320430000
17		1358	3642.394616000
6	0		3642.400224000
17		1358	3642.469974000
17		1358	3642.544039000
17		1358	3642.618395000
17		1358	3642.692957000
17		1358	3642.767347000
6	0		3642.774552000
17		1358	3642.841992000
17		1358	3642.917174000
17		1358	3642.991292000
17		1358	3643.066369000
17		1358	3643.140593000
6	0		3643.148745000
17		1358	3643.215312000
17		1358	3643.290025000
6	127		3643.335327000
6	1101		3643.335355000
6	0		3643.336485000
6	0		3643.336516000
6	68		3643.342539000
6	93		3643.343155000
6	39		3643.344914000
6	0		3643.522498000
6	0		3643.896798000
6	0		3644.270389000
6	1418		3644.271698000
6	1418		3644.330107000
6	0		3644.643974000
6	1418		3644.645230000
6	1418		3644.703683000
6	696		3644.831237000
6	67		3644.834919000
6	31		3644.835504000
6	0		3645.018566000
6	1418		3645.019855000
6	1418		3645.078283000
6	0		3645.392053000
6	1418		3645.393349000
6	1418		3645.451864000
6	0		3645.766508000
6	1418		3645.767919000
6	1418		3645.826197000
6	0		3645.953813000
6	1418		3645.955049000
6	1418		3646.059945000
6	0		3646.327439000
6	1418		3646.328721000
6	1418		3646.387163000
6	0		3646.701770000
6	1418		3646.703049000
6	1418		3646.761480000
6	0		3647.075195000
6	1418		3647.076483000
6	1418		3647.134878000
6	0		3647.449586000
6	1418		3647.450824000
6	1418		3647.509374000
6	0		3647.823278000
6	1418		3647.824519000
6	1418		3647.882955000
6	0		3648.197577000
6	1418		3648.198812000
6	1418		3648.257252000
6	0		3648.571868000
6	1418		3648.573222000
6	1418		3648.631627000
6	0		3648.945254000
6	1418		3648.946497000
6	1418		3649.004958000
17		41	3649.132312000
17		1358	3649.134323000
17		1358	3649.209939000
17		41	3649.319696000
17		1358	3649.321476000
17		1358	3649.396719000
17		41	3649.506716000
17		1358	3649.508479000
17		1358	3649.583901000
17		41	3649.693674000
17		1358	3649.694756000
17		1358	3649.770297000
17		41	3649.880200000
17		1358	3649.882488000
17		1358	3649.957387000
17		41	3650.067053000
17		41	3650.254843000
17		41	3650.441216000
17		41	3650.628326000
17		41	3650.815601000
17		41	3651.002889000
17		41	3651.189196000
17		41	3651.376445000
17		41	3651.563405000
6	696		3651.563437000
6	0		3651.564526000
17		46	3651.750882000
17		33	3651.775087000
17		41	3651.937203000
17		41	3652.124588000
17		41	3652.311858000
17		41	3652.498194000
17		41	3652.685519000
17		41	3652.872644000
17		41	3653.059060000
17		41	3653.246115000
17		41	3653.433432000
17		41	3653.620671000
17		41	3653.806976000
17		41	3653.994268000
17		41	3654.181567000
17		41	3654.368854000
6	31		3654.426918000
17		41	3654.555053000
17		41	3654.742853000
17		41	3654.929463000
17		41	3655.116755000
17		41	3655.303015000
17		46	3655.490323000
17		33	3655.515165000
17		41	3655.677443000
17		41	3655.864441000
17		41	3656.050936000
17		41	3656.238049000
17		41	3656.425313000
6	0		3656.425341000
6	0		3656.427138000
17		41	3656.612909000
17		41	3656.799494000
17		41	3656.986737000
17		41	3657.173408000
6	0		3657.173438000
6	0		3657.360321000
6	0		3657.360352000
6	39		3657.360360000
6	0		3657.361412000
6	0		3657.546943000
6	1418		3657.548238000
6	1418		3657.606632000
6	1418		3657.723598000
6	0		3657.733953000
6	1418		3657.840387000
6	0		3657.921150000
6	1418		3657.957298000
6	1418		3658.074168000
6	0		3658.108013000
6	0		3658.108043000
6	1418		3658.191035000
6	0		3658.295445000
6	1418		3658.307926000
6	1418		3658.424792000
6	0		3658.482189000
6	1418		3658.541707000
6	1418		3658.658566000
6	0		3658.668944000
6	1418		3658.775464000
6	0		3658.856303000
6	1418		3658.892331000
6	1418		3659.009206000
6	0		3659.043366000
6	0		3659.043391000
6	0		3659.044750000
6	1418		3659.126089000
6	0		3659.230481000
6	1418		3659.242964000
6	1418		3659.359843000
6	0		3659.417251000
6	1418		3659.476746000
6	1418		3659.593617000
6	0		3659.603993000
6	1418		3659.710480000
6	0		3659.791278000
6	0		3659.791304000
6	1418		3659.827412000
6	1418		3659.944251000
6	0		3659.978024000
6	1418		3660.061142000
6	0		3660.165776000
6	1418		3660.178007000
6	1418		3660.294897000
6	0		3660.352532000
6	1418		3660.411772000
6	1418		3660.528665000
6	0		3660.539396000
6	1418		3660.645522000
6	0		3660.725406000
6	1418		3660.762406000
6	1418		3660.879368000
6	0		3660.910850000
6	1418		3660.996178000
6	0		3661.097621000
6	1418		3661.113146000
6	1418		3661.229954000
6	0		3661.283589000
6	1418		3661.346833000
6	1418		3661.463712000
6	0		3661.469242000
17		41	3661.562049000
6	1418		3661.580591000
17		41	3661.655103000
6	1418		3661.697454000
17		41	3661.748786000
6	1418		3661.814344000
17		41	3661.841507000
6	1418		3661.931289000
17		41	3661.934485000
17		41	3662.027270000
17		1358	3662.029008000
6	1418		3662.048091000
17		41	3662.120510000
6	1418		3662.164987000
17		42	3662.213293000
17		1358	3662.274925000
6	1418		3662.281861000
17		41	3662.306151000
6	1418		3662.398757000
6	0		3662.399346000
17		1358	3662.512870000
6	1418		3662.515619000
6	0		3662.585300000
6	1418		3662.632611000
17		1358	3662.747539000
6	1418		3662.749375000
6	0		3662.771113000
6	1418		3662.866283000
6	0		3662.956932000
17		1358	3662.982165000
6	1418		3662.983127000
6	0		3663.050784000
6	1418		3663.100047000
6	1418		3663.216916000
6	0		3663.236493000
6	1418		3663.333797000
6	0		3663.422570000
6	1418		3663.450702000
6	1418		3663.567569000
6	0		3663.608344000
6	1418		3663.684448000
6	0		3663.793887000
6	1418		3663.801306000
6	1418		3663.918204000
6	0		3663.980767000
6	1418		3664.035093000
6	1418		3664.151966000
6	0		3664.166502000
6	1418		3664.268843000
6	0		3664.352606000
6	1418		3664.385719000
6	1418		3664.502616000
6	0		3664.538233000
6	1418		3664.619499000
6	0		3664.723939000
6	1418		3664.736355000
6	560		3664.817125000
6	0		3664.818214000
6	69		3664.820125000
6	31		3664.820761000
6	39		3664.821348000
6	1418		3664.853258000
6	0		3664.910816000
6	1418		3664.970119000
6	1418		3665.086995000
6	0		3665.096568000
6	1418		3665.203885000
6	0		3665.282653000
6	1418		3665.320781000
6	1418		3665.437648000
6	0		3665.468225000
6	1418		3665.554556000
6	0		3665.654084000
6	1418		3665.671417000
6	1418		3665.788303000
6	0		3665.839858000
6	1418		3665.905230000
6	1418		3666.022048000
17		41	3666.026368000
6	0		3666.026403000
17		1358	3666.028156000
6	1418		3666.138937000
6	0		3666.212740000
6	1418		3666.255819000
17		1358	3666.263192000
17		46	3666.305580000
17		33	3666.329991000
6	1418		3666.372707000
6	1418		3666.489584000
6	0		3666.491287000
17		1358	3666.497820000
17		41	3666.584068000
6	1418		3666.606463000
6	1418		3666.723336000
17		1358	3666.732665000
6	0		3666.769988000
17		41	3666.770014000
6	1418		3666.840219000
6	0		3666.956860000
6	1418		3666.957155000
17		1358	3666.966777000
17		41	3667.049775000
6	1418		3667.073982000
6	1418		3667.190873000
17		1358	3667.200950000
6	0		3667.235435000
6	1418		3667.307748000
6	0		3667.421209000
6	1418		3667.427105000
17		1358	3667.435953000
6	1418		3667.546470000
6	0		3667.607460000
6	1418		3667.665812000
17		1358	3667.670487000
6	1418		3667.785222000
6	0		3667.792913000
6	1418		3667.904499000
17		1358	3667.904976000
6	0		3667.978881000
6	1418		3668.022196000
6	1418		3668.139877000
17		1358	3668.140006000
6	0		3668.165651000
6	1418		3668.255154000
6	0		3668.351656000
6	1418		3668.370438000
17		1358	3668.373498000
6	1418		3668.485722000
6	0		3668.536909000
6	0		3668.536939000
6	0		3668.536946000
6	0		3668.536950000
6	39		3668.536954000
6	0		3668.543635000
6	1418		3668.601025000
17		692	3668.608050000
6	1418		3668.716303000
6	0		3668.723488000
6	1418		3668.831574000
6	0		3668.908938000
6	1418		3668.946097000
6	1418		3669.060632000
6	0		3669.095569000
6	1418		3669.175112000
6	0		3669.281731000
6	1418		3669.289623000
6	1418		3669.404147000
6	0		3669.467115000
6	1418		3669.518639000
6	1418		3669.633177000
17		41	3669.653223000
6	0		3669.746444000
6	1418		3669.747666000
6	0		3669.839782000
6	1418		3669.862190000
17		41	3669.932203000
6	1418		3669.976706000
6	1418		3670.091214000
6	0		3670.118295000
6	1418		3670.205715000
17		41	3670.211560000
6	1418		3670.320240000
6	0		3670.397476000
6	1418		3670.434753000
17		41	3670.490459000
6	1418		3670.549243000
6	1418		3670.663785000
6	0		3670.676705000
17		41	3670.768907000
6	1418		3670.778268000
6	0		3670.862479000
6	1418		3670.892797000
17		41	3670.955339000
17		824	3670.955382000
17		33	3670.956069000
17		1358	3670.956929000
6	1418		3671.007369000
6	1418		3671.121916000
6	0		3671.141761000
17		1358	3671.145324000
17		41	3671.234076000
6	1418		3671.236382000
17		1358	3671.332921000
6	1418		3671.350834000
6	0		3671.419842000
6	1418		3671.465356000
17		41	3671.513028000
17		1358	3671.520611000
6	1418		3671.579859000
6	1418		3671.694380000
6	0		3671.699317000
17		1358	3671.708433000
17		41	3671.791947000
6	1418		3671.808883000
17		1358	3671.896016000
6	1418		3671.923405000
6	0		3671.978424000
6	1418		3672.037940000
17		41	3672.071541000
17		1358	3672.083616000
6	1418		3672.152500000
6	0		3672.256962000
6	1418		3672.266932000
17		1358	3672.269954000
17		41	3672.349893000
6	1418		3672.381471000
17		1358	3672.458434000
6	1418		3672.495965000
6	0		3672.536201000
17		41	3672.536229000
6	1418		3672.610480000
17		1358	3672.645623000
6	0		3672.722009000
6	1418		3672.724972000
17		1358	3672.833030000
6	1418		3672.839495000
6	0		3672.908485000
6	1418		3672.954041000
17		1358	3673.021030000
6	1418		3673.068545000
6	0		3673.094627000
6	1418		3673.183052000
17		1358	3673.209283000
6	0		3673.280571000
6	1418		3673.297553000
17		1358	3673.396165000
6	1418		3673.412063000
6	0		3673.466086000
6	1418		3673.526585000
17		1358	3673.584024000
6	1418		3673.641074000
6	0		3673.652116000
6	1418		3673.755592000
17		1358	3673.770690000
6	0		3673.838703000
6	1418		3673.870100000
17		1358	3673.959539000
6	1418		3673.984617000
6	0		3674.024544000
6	1418		3674.099129000
17		1358	3674.146524000
6	0		3674.210637000
6	1418		3674.213631000
6	1418		3674.328204000
17		1358	3674.333612000
6	0		3674.396197000
6	1418		3674.442655000
17		47	3674.489382000
17		33	3674.514332000
17		1358	3674.521450000
6	1418		3674.557159000
6	1418		3674.671677000
6	0		3674.675607000
17		41	3674.768071000
6	1418		3674.786188000
17		1358	3674.834464000
6	1418		3674.900706000
17		41	3674.953889000
6	1418		3675.015212000
6	0		3675.047147000
6	1418		3675.129739000
17		41	3675.139949000
17		1358	3675.147325000
6	0		3675.233183000
6	1418		3675.244257000
6	1418		3675.358748000
17		41	3675.419103000
17		1358	3675.458590000
6	1418		3675.473246000
6	0		3675.512312000
6	1418		3675.587761000
17		41	3675.605684000
6	1418		3675.702286000
17		1358	3675.772286000
6	0		3675.791426000
6	1418		3675.816798000
17		41	3675.884636000
6	1418		3675.931308000
6	1418		3676.045837000
6	0		3676.070763000
17		1358	3676.084374000
6	1418		3676.160331000
17		41	3676.163222000
6	1418		3676.274851000
17		41	3676.348873000
6	1418		3676.389353000
17		1358	3676.397260000
6	0		3676.442355000
6	1418		3676.503866000
6	1418		3676.618410000
17		41	3676.628341000
17		1358	3676.710225000
6	0		3676.720923000
6	1418		3676.732902000
17		41	3676.814114000
6	1418		3676.847419000
6	1418		3676.961934000
6	0		3676.999888000
17		1358	3677.021909000
6	1418		3677.076480000
17		41	3677.093092000
6	1418		3677.190930000
6	0		3677.278995000
17		41	3677.279025000
6	1418		3677.305507000
17		1358	3677.335063000
6	1418		3677.420011000
17		41	3677.465225000
6	1418		3677.534482000
6	0		3677.558453000
17		1358	3677.569430000
6	1418		3677.648988000
17		41	3677.744240000
6	1418		3677.763534000
17		1358	3677.804236000
6	0		3677.837641000
6	1418		3677.878036000
6	1418		3677.992585000
17		41	3678.022882000
17		1358	3678.037760000
6	1418		3678.107020000
6	0		3678.116108000
17		41	3678.209254000
6	1418		3678.221530000
17		1358	3678.272592000
6	1418		3678.336215000
6	0		3678.395349000
6	1418		3678.450571000
17		41	3678.488435000
17		1358	3678.506761000
6	1418		3678.565074000
6	0		3678.674620000
6	1418		3678.679588000
17		1358	3678.742163000
17		41	3678.767722000
6	1418		3678.794107000
6	1418		3678.908628000
17		41	3678.953055000
17		1358	3678.976468000
6	1418		3679.023120000
6	0		3679.046298000
6	1418		3679.137655000
17		1358	3679.210370000
6	0		3679.232193000
6	1418		3679.252149000
17		46	3679.324999000
17		33	3679.349936000
6	1418		3679.366659000
17		1358	3679.445746000
6	1418		3679.481183000
6	0		3679.511178000
6	1418		3679.595686000
17		41	3679.604011000
17		1358	3679.679028000
6	0		3679.697224000
6	1418		3679.710192000
17		41	3679.883488000
17		1358	3679.914711000
6	0		3679.976809000
17		1358	3680.148271000
6	0		3680.162372000
17		41	3680.254820000
17		1358	3680.383224000
6	0		3680.441129000
17		1358	3680.616874000
17		41	3680.627183000
6	0		3680.720386000
17		1358	3680.852549000
6	0		3680.906781000
17		41	3680.998857000
17		1358	3681.086529000
6	0		3681.185049000
17		41	3681.278162000
17		1358	3681.320925000
6	0		3681.464481000
17		1358	3681.555435000
17		41	3681.649869000
6	0		3681.743161000
17		1358	3681.789575000
6	0		3681.929140000
17		41	3681.929169000
17		1358	3682.024836000
6	0		3682.115461000
17		41	3682.208163000
17		1358	3682.258048000
6	0		3682.394558000
17		41	3682.487501000
17		1358	3682.492891000
6	0		3682.673464000
6	1418		3682.674747000
17		1358	3682.727159000
17		41	3682.766476000
6	0		3682.951879000
6	1418		3682.953158000
17		1358	3682.962036000
6	1418		3683.010370000
17		41	3683.044917000
17		1358	3683.195801000
6	0		3683.230991000
6	1418		3683.232233000
6	1418		3683.289479000
17		41	3683.324058000
17		1358	3683.430566000
6	0		3683.510097000
6	1418		3683.511368000
6	1418		3683.568624000
17		41	3683.603731000
17		1358	3683.665145000
6	0		3683.789592000
6	1418		3683.790843000
6	1418		3683.848081000
17		41	3683.882387000
17		1358	3683.899997000
6	0		3684.068547000
6	1418		3684.069805000
6	1418		3684.127062000
17		1358	3684.134263000
17		41	3684.161470000
6	0		3684.347168000
17		41	3684.347197000
6	1418		3684.348421000
17		1358	3684.368677000
6	1418		3684.405693000
6	0		3684.533249000
6	1418		3684.534511000
17		1358	3684.604113000
17		41	3684.626411000
6	1418		3684.634716000
6	1418		3684.749214000
17		41	3684.811942000
6	667		3684.811980000
6	39		3684.811988000
6	0		3684.813770000
6	0		3684.813798000
6	39		3684.813819000
6	67		3684.815118000
6	31		3684.815687000
6	39		3684.816276000
6	1418		3684.863721000
17		46	3684.905818000
17		33	3684.929723000
17		41	3684.998234000
6	0		3684.998267000
6	1418		3684.999507000
17		41	3685.091691000
6	1418		3685.092742000
17		41	3685.183894000
17		41	3685.276975000
17		41	3685.370082000
17		41	3685.463182000
17		41	3685.556548000
17		41	3685.649558000
17		41	3685.742774000
17		41	3685.928239000
6	0		3686.021533000
6	1418		3686.022810000
6	1418		3686.068615000
17		41	3686.114489000
6	1418		3686.160218000
6	1418		3686.251877000
17		41	3686.300230000
6	1418		3686.343442000
6	0		3686.393438000
6	1418		3686.435041000
6	1418		3686.526646000
17		41	3686.578957000
6	1418		3686.618250000
6	0		3686.672149000
6	1418		3686.709862000
6	1418		3686.801557000
17		41	3686.857904000
17		1358	3686.858992000
6	1418		3686.893081000
6	0		3686.951126000
6	1418		3686.984700000
6	1418		3687.076310000
17		41	3687.136962000
17		1358	3687.138852000
6	1418		3687.167911000
6	0		3687.229877000
6	1418		3687.259511000
6	1418		3687.351109000
17		1358	3687.374524000
17		41	3687.416631000
6	1418		3687.442718000
6	0		3687.509675000
17		41	3687.509701000
6	1418		3687.534345000
17		1358	3687.608592000
6	1418		3687.625975000
6	0		3687.694859000
6	1418		3687.717549000
17		41	3687.788175000
6	1418		3687.809157000
17		1358	3687.843578000
6	1418		3687.900787000
6	0		3687.974604000
6	0		3687.974637000
6	1418		3687.992384000
6	0		3688.067868000
6	39		3688.067906000
6	0		3688.073788000
17		1358	3688.077640000
6	1418		3688.084057000
6	1418		3688.175599000
6	0		3688.253559000
6	1418		3688.267227000
17		1358	3688.312498000
6	1418		3688.358805000
6	0		3688.438965000
6	1418		3688.450419000
6	1418		3688.542015000
17		1358	3688.545976000
6	0		3688.624955000
6	1418		3688.633617000
6	0		3688.718514000
6	1418		3688.725289000
17		1358	3688.781663000
6	1418		3688.816922000
6	0		3688.904157000
6	1418		3688.969540000
17		1358	3689.014894000
6	0		3689.089986000
6	1418		3689.122203000
17		1358	3689.250029000
6	1418		3689.274907000
17		41	3689.276218000
6	0		3689.276236000
6	1418		3689.427592000
6	0		3689.462568000
17		1358	3689.483682000
6	1418		3689.580271000
17		46	3689.648037000
17		33	3689.671807000
17		1358	3689.718706000
6	1418		3689.732957000
6	0		3689.741807000
6	1418		3689.885658000
6	0		3689.927545000
17		1358	3689.952740000
17		41	3690.020834000
6	1418		3690.038316000
17		1358	3690.186977000
6	1418		3690.191030000
6	0		3690.205819000
17		41	3690.299118000
6	1418		3690.343716000
17		1358	3690.421267000
6	0		3690.485245000
6	1418		3690.496399000
6	1418		3690.649103000
17		1358	3690.655396000
17		41	3690.671046000
6	0		3690.763880000
6	1418		3690.801793000
17		1358	3690.889982000
17		41	3690.950025000
6	1418		3690.954448000
6	0		3691.043495000
6	1418		3691.107208000
17		1358	3691.124557000
6	0		3691.229096000
6	1418		3691.259833000
17		41	3691.322016000
17		1358	3691.358898000
6	1418		3691.412514000
6	0		3691.415333000
6	1418		3691.527021000
17		1358	3691.593429000
17		41	3691.601259000
6	0		3691.601290000
6	1418		3691.641538000
6	1418		3691.756031000
6	0		3691.787067000
17		1358	3691.828152000
6	1418		3691.870566000
17		41	3691.880264000
6	1418		3691.985133000
17		1358	3692.062553000
6	0		3692.066201000
6	1418		3692.099653000
17		41	3692.159678000
6	1418		3692.211882000
17		1358	3692.296846000
6	1418		3692.324121000
17		41	3692.345109000
6	1418		3692.436355000
6	0		3692.438573000
17		1358	3692.483869000
6	1418		3692.548537000
17		41	3692.624378000
6	1418		3692.660776000
17		1358	3692.672044000
6	0		3692.716983000
6	1418		3692.772997000
17		41	3692.810190000
17		1358	3692.859138000
6	1418		3692.885298000
6	0		3692.996762000
6	1418		3692.997495000
17		1358	3693.047195000
17		41	3693.089630000
6	1418		3693.109718000
6	1418		3693.221946000
17		1358	3693.234630000
17		41	3693.274903000
6	1418		3693.334214000
6	0		3693.368134000
17		1358	3693.421410000
6	1418		3693.446443000
17		41	3693.554046000
6	1418		3693.558660000
17		1358	3693.609649000
6	0		3693.647361000
6	1418		3693.670893000
17		41	3693.740302000
6	0		3693.740336000
6	1418		3693.783150000
17		1358	3693.796633000
6	1418		3693.895370000
17		41	3693.925971000
17		1358	3693.984583000
6	0		3694.019829000
17		1358	3694.171831000
17		41	3694.204919000
6	0		3694.298248000
17		1358	3694.359737000
17		41	3694.390907000
17		1358	3694.546921000
6	0		3694.577396000
17		41	3694.670061000
17		1358	3694.733980000
6	0		3694.856199000
6	560		3694.856227000
6	0		3694.857497000
6	69		3694.859342000
6	31		3694.859969000
6	39		3694.860556000
17		46	3694.949442000
17		33	3694.973499000
17		1358	3695.047413000
6	0		3695.134975000
17		41	3695.228626000
17		1358	3695.359526000
6	0		3695.414262000
17		41	3695.506881000
17		1358	3695.672280000
6	0		3695.693163000
17		41	3695.693191000
6	0		3695.878909000
17		41	3695.972005000
17		1358	3695.985110000
17		41	3696.158309000
6	0		3696.251822000
6	1418		3696.253142000
17		1358	3696.297047000
6	1418		3696.309322000
17		41	3696.437608000
6	0		3696.529965000
6	1418		3696.531221000
6	1418		3696.587346000
17		1358	3696.609926000
17		41	3696.716168000
6	0		3696.809505000
6	1418		3696.810821000
6	1418		3696.866938000
17		41	3696.902407000
17		1358	3696.922768000
6	0		3697.088339000
6	1418		3697.089610000
6	1418		3697.145737000
17		41	3697.181341000
17		1358	3697.235108000
6	0		3697.367619000
6	1418		3697.368864000
6	1418		3697.424992000
17		41	3697.460429000
17		1358	3697.468439000
17		41	3697.646100000
17		1358	3697.703994000
17		41	3697.739041000
17		41	3697.832302000
6	0		3697.832333000
6	1418		3697.833593000
6	0		3697.925482000
6	39		3697.925512000
17		41	3697.925522000
6	0		3697.931952000
17		1358	3697.936055000
17		41	3698.017931000
17		41	3698.111241000
17		1358	3698.140156000
17		41	3698.204448000
17		41	3698.297522000
17		1358	3698.341097000
17		41	3698.483229000
17		1358	3698.541866000
6	0		3698.576747000
6	1418		3698.578111000
6	1418		3698.634215000
17		1358	3698.742796000
6	1418		3698.746450000
6	0		3698.762713000
17		46	3698.855753000
6	1418		3698.858682000
17		33	3698.879816000
17		1358	3698.944080000
6	1418		3698.970916000
6	0		3699.041676000
6	1418		3699.083182000
17		41	3699.134115000
17		1358	3699.146108000
6	1418		3699.195400000
6	1418		3699.307693000
6	0		3699.319870000
17		1358	3699.347448000
17		41	3699.412846000
6	1418		3699.419899000
6	1418		3699.532119000
17		1358	3699.548294000
6	0		3699.599367000
6	1418		3699.644409000
17		41	3699.692476000
17		1358	3699.750014000
6	1418		3699.756592000
17		41	3699.785661000
6	1418		3699.868833000
17		41	3699.877898000
17		1358	3699.951259000
17		41	3699.971234000
17		906	3699.971279000
17		33	3699.972000000
6	1418		3699.981084000
17		41	3700.064279000
6	0		3700.064310000
6	1418		3700.093362000
17		1358	3700.151366000
17		41	3700.157649000
6	1418		3700.205566000
6	1418		3700.317782000
6	0		3700.343008000
17		1358	3700.352588000
6	1418		3700.430002000
17		41	3700.435961000
6	1418		3700.542239000
17		1358	3700.554432000
6	0		3700.622687000
6	1418		3700.654466000
17		41	3700.715570000
17		1358	3700.755014000
6	1418		3700.766721000
6	1418		3700.878964000
6	0		3700.901239000
17		1358	3700.956975000
6	1418		3700.991190000
17		41	3700.994178000
6	1418		3701.103417000
17		1358	3701.157704000
6	0		3701.180790000
6	1418		3701.215719000
17		41	3701.272897000
6	1418		3701.327897000
17		1358	3701.359008000
6	1418		3701.440208000
6	0		3701.459451000
17		41	3701.552392000
6	1418		3701.552424000
17		1358	3701.560776000
6	1418		3701.664687000
17		41	3701.737980000
17		1358	3701.761016000
6	1418		3701.776854000
6	0		3701.831184000
6	1418		3701.889089000
17		41	3701.924072000
17		1358	3701.962884000
6	1418		3702.001322000
6	0		3702.017868000
6	1418		3702.113552000
17		1358	3702.163609000
17		41	3702.203001000
6	1418		3702.225830000
6	0		3702.296206000
6	1418		3702.338038000
17		1358	3702.365384000
6	1418		3702.450278000
17		41	3702.482406000
6	1418		3702.562501000
17		1358	3702.566841000
6	0		3702.575715000
6	1418		3702.674754000
17		47	3702.761110000
17		1358	3702.767733000
6	1418		3702.786964000
6	0		3702.854281000
6	1418		3702.899238000
17		41	3702.947377000
17		1358	3702.968697000
6	1418		3703.011476000
6	1418		3703.123701000
6	0		3703.132935000
17		1358	3703.170008000
17		41	3703.226013000
6	1418		3703.235929000
6	1418		3703.348163000
17		1358	3703.370622000
6	0		3703.412430000
6	1418		3703.460478000
17		41	3703.505650000
17		1358	3703.572568000
6	1418		3703.572612000
6	1418		3703.684882000
6	0		3703.691056000
17		1358	3703.773449000
17		41	3703.784095000
6	1418		3703.797171000
6	1418		3703.909346000
6	0		3703.970656000
17		1358	3703.974967000
6	1418		3704.021609000
17		41	3704.063694000
6	1418		3704.133836000
17		41	3704.156136000
17		1358	3704.175918000
6	1418		3704.246051000
6	0		3704.249319000
6	1418		3704.358300000
17		1358	3704.377468000
17		41	3704.435645000
6	1418		3704.470521000
6	0		3704.527875000
17		1358	3704.578760000
6	1418		3704.582759000
6	1418		3704.695015000
17		41	3704.714009000
17		1358	3704.780486000
6	0		3704.807139000
6	675		3704.807170000
6	1418		3704.807241000
6	0		3704.808757000
6	69		3704.810283000
6	31		3704.810921000
6	39		3704.811504000
6	1418		3704.919469000
17		1358	3704.980136000
17		41	3704.993580000
6	1418		3705.031723000
6	0		3705.086771000
6	1418		3705.143952000
17		1358	3705.181815000
6	1418		3705.256189000
17		41	3705.272205000
6	0		3705.366081000
6	1418		3705.368415000
17		1358	3705.383189000
17		41	3705.458707000
6	1418		3705.480665000
17		1358	3705.584931000
6	0		3705.644146000
17		41	3705.737671000
17		1358	3705.786112000
6	0		3705.923829000
17		1358	3705.987321000
17		41	3706.016539000
17		1358	3706.188240000
6	0		3706.201905000
17		41	3706.201935000
17		41	3706.388558000
17		1358	3706.390227000
6	0		3706.481060000
17		1358	3706.590264000
17		41	3706.667586000
6	0		3706.760782000
17		1358	3706.791172000
17		41	3706.946532000
17		1358	3706.992669000
6	0		3707.038917000
17		1358	3707.194575000
17		41	3707.224908000
6	0		3707.318101000
17		1358	3707.395175000
17		41	3707.504392000
17		1358	3707.596931000
6	0		3707.597391000
6	0		3707.597419000
6	0		3707.599188000
17		46	3707.690168000
17		33	3707.713771000
17		1358	3707.797791000
6	0		3707.876500000
6	1418		3707.877764000
17		41	3707.969381000
17		1358	3707.999061000
6	0		3708.062312000
6	39		3708.062341000
6	0		3708.068561000
6	0		3708.155673000
6	1418		3708.156891000
17		1358	3708.199997000
6	1418		3708.213031000
17		41	3708.248587000
17		1358	3708.400704000
6	0		3708.434635000
6	1418		3708.435866000
6	1418		3708.491992000
17		41	3708.526939000
17		1358	3708.562042000
6	0		3708.620295000
6	0		3708.621748000
6	0		3708.713682000
6	1418		3708.714979000
17		1358	3708.724064000
6	1418		3708.771089000
17		41	3708.806287000
17		1358	3708.883498000
17		41	3708.899419000
17		41	3708.992656000
17		1358	3709.044985000
17		41	3709.084933000
17		41	3709.178342000
6	0		3709.178373000
6	1418		3709.179658000
17		1358	3709.206800000
17		41	3709.271393000
17		41	3709.364346000
17		1358	3709.366012000
17		41	3709.457588000
17		1358	3709.527920000
17		41	3709.550221000
17		41	3709.643383000
17		1358	3709.689227000
17		41	3709.736331000
17		41	3709.829393000
17		1358	3709.849287000
17		41	3709.922734000
17		1358	3710.010926000
17		41	3710.108406000
6	0		3710.201498000
17		41	3710.201536000
6	1418		3710.202770000
6	1418		3710.258878000
6	1418		3710.371093000
17		41	3710.387313000
6	0		3710.480617000
6	1418		3710.483345000
6	1418		3710.595587000
17		46	3710.665967000
17		33	3710.690325000
6	1418		3710.707816000
6	0		3710.759409000
6	1418		3710.820057000
17		41	3710.852303000
6	1418		3710.932304000
17		41	3711.038563000
6	1418		3711.044582000
17		41	3711.130910000
6	1418		3711.156805000
6	0		3711.224059000
6	1418		3711.269015000
17		41	3711.317128000
6	1418		3711.381303000
17		41	3711.410134000
17		1358	3711.411858000
6	1418		3711.493473000
17		41	3711.503561000
17		1358	3711.505226000
17		41	3711.596822000
6	1418		3711.605723000
17		1358	3711.689046000
17		41	3711.689124000
6	1418		3711.717959000
6	1418		3711.830190000
17		1358	3711.868568000
6	0		3711.875454000
6	1418		3711.942418000
17		1358	3712.039819000
6	1418		3712.054658000
6	0		3712.060883000
6	1418		3712.166890000
6	0		3712.247221000
6	1418		3712.279129000
6	1418		3712.391382000
6	0		3712.433621000
6	1418		3712.503617000
6	1418		3712.615845000
6	0		3712.619143000
6	1418		3712.728084000
6	0		3712.805474000
6	1418		3712.840309000
17		41	3712.898210000
17		1358	3712.899848000
6	1418		3712.952560000
6	1418		3713.064828000
17		1358	3713.070952000
17		41	3713.084433000
6	1418		3713.177026000
6	0		3713.177682000
17		1358	3713.240894000
17		41	3713.270415000
6	1418		3713.289254000
6	1418		3713.401564000
17		1358	3713.412171000
6	0		3713.456790000
6	1418		3713.513803000
17		41	3713.549470000
17		1358	3713.581236000
6	1418		3713.625986000
17		41	3713.735238000
6	0		3713.735267000
6	1418		3713.738200000
17		1358	3713.752584000
6	1418		3713.850437000
6	0		3713.921092000
17		1358	3713.922848000
6	1418		3713.962687000
6	1418		3714.074917000
17		1358	3714.092251000
6	0		3714.107130000
6	1418		3714.187145000
17		1358	3714.262651000
6	0		3714.293642000
6	1418		3714.299399000
6	1418		3714.411655000
17		1358	3714.433614000
6	0		3714.478871000
6	1418		3714.523859000
17		41	3714.571862000
17		1358	3714.602611000
6	1418		3714.636125000
6	0		3714.665362000
6	1418		3714.748341000
17		41	3714.758322000
17		1358	3714.773218000
6	597		3714.850995000
6	0		3714.852098000
6	69		3714.854509000
6	31		3714.855148000
6	39		3714.855748000
6	1418		3714.860554000
17		1358	3714.943640000
17		41	3714.944226000
6	0		3714.944250000
6	1418		3714.972807000
6	1418		3715.085051000
17		1358	3715.114064000
6	0		3715.130296000
6	1418		3715.197379000
17		41	3715.223384000
6	127		3715.223415000
6	1101		3715.223424000
6	0		3715.224534000
6	68		3715.230539000
6	93		3715.231177000
17		1358	3715.284007000
6	1418		3715.309530000
17		41	3715.408948000
6	1418		3715.421758000
17		1358	3715.454574000
6	0		3715.502117000
6	1418		3715.534005000
17		1358	3715.624931000
6	1418		3715.646234000
17		41	3715.688232000
6	1418		3715.758458000
6	0		3715.781720000
17		1358	3715.795167000
6	1418		3715.870707000
17		46	3715.873842000
17		33	3715.897920000
17		1358	3715.964552000
6	1418		3715.982937000
6	0		3716.060068000
6	1418		3716.095164000
17		1358	3716.134959000
17		41	3716.153202000
6	1418		3716.207413000
17		1358	3716.306104000
6	1418		3716.319624000
17		41	3716.338879000
6	1418		3716.431884000
6	0		3716.432024000
17		1358	3716.475112000
6	1418		3716.544174000
6	0		3716.618217000
17		41	3716.618246000
17		1358	3716.646681000
6	1418		3716.656368000
17		41	3716.711586000
6	1418		3716.768605000
17		1358	3716.816985000
6	1418		3716.880835000
6	0		3716.897813000
17		1358	3716.986474000
6	0		3716.990488000
17		41	3716.990519000
6	1418		3716.993099000
6	39		3717.083055000
6	0		3717.089662000
6	1418		3717.105332000
17		1358	3717.156588000
17		41	3717.175965000
6	1418		3717.217551000
6	0		3717.269228000
17		1358	3717.327444000
6	1418		3717.329929000
6	1418		3717.442012000
17		41	3717.455297000
17		1358	3717.496998000
6	0		3717.548355000
6	0		3717.548381000
6	1418		3717.554244000
6	0		3717.640985000
17		41	3717.641015000
6	1418		3717.644039000
17		1358	3717.668158000
6	1418		3717.733867000
17		1358	3717.803641000
6	1418		3717.823684000
6	0		3717.827357000
6	1418		3717.913414000
17		41	3717.920063000
17		1358	3717.940053000
6	1418		3718.003217000
17		1358	3718.075731000
17		41	3718.106061000
6	0		3718.199246000
17		1358	3718.212001000
17		1358	3718.349239000
17		41	3718.385252000
6	0		3718.478709000
17		1358	3718.484802000
17		41	3718.571756000
17		1358	3718.621027000
17		1358	3718.757089000
6	0		3718.757680000
17		41	3718.850313000
17		1358	3718.892953000
17		1358	3719.029596000
17		41	3719.035890000
6	0		3719.129098000
17		1358	3719.165231000
17		1358	3719.301247000
17		41	3719.315642000
6	0		3719.407832000
17		1358	3719.438152000
17		41	3719.501649000
17		1358	3719.665299000
6	0		3719.687495000
17		41	3719.687525000
17		41	3719.872926000
17		1358	3719.892387000
6	0		3719.966148000
17		1358	3720.118884000
17		41	3720.151963000
6	0		3720.245323000
17		46	3720.337790000
17		1358	3720.346321000
6	0		3720.523905000
6	1418		3720.525159000
17		1358	3720.573090000
17		41	3720.617588000
6	0		3720.741654000
6	1418		3720.742904000
6	1418		3720.799027000
17		1358	3720.800486000
17		41	3720.803557000
17		41	3720.927139000
6	0		3720.989305000
6	1418		3720.990555000
17		1358	3721.027403000
6	1418		3721.046675000
17		41	3721.113191000
6	0		3721.175327000
6	1418		3721.176723000
17		1358	3721.197777000
17		41	3721.237334000
6	1418		3721.271134000
17		41	3721.299037000
17		41	3721.361355000
17		1358	3721.368486000
17		41	3721.423434000
17		41	3721.485612000
17		1358	3721.537836000
17		41	3721.547020000
17		41	3721.608950000
17		41	3721.671117000
17		1358	3721.699485000
17		41	3721.733160000
17		41	3721.795675000
17		1358	3721.850134000
17		41	3721.857121000
17		41	3721.919547000
17		41	3721.981706000
17		1358	3721.998381000
17		41	3722.105659000
17		1358	3722.146272000
6	0		3722.166848000
6	1418		3722.168088000
6	1418		3722.224298000
17		41	3722.291611000
17		1358	3722.293291000
6	1418		3722.336498000
6	0		3722.352936000
17		46	3722.415613000
17		33	3722.439466000
17		1358	3722.442296000
6	1418		3722.448693000
6	0		3722.539086000
6	1418		3722.560927000
17		1358	3722.591287000
17		41	3722.601248000
6	1418		3722.673172000
17		41	3722.725892000
17		1358	3722.739505000
6	1418		3722.785387000
17		41	3722.787465000
17		41	3722.849304000
6	0		3722.849336000
17		1358	3722.887549000
6	1418		3722.897640000
17		41	3722.910788000
17		41	3722.972851000
6	1418		3723.009893000
17		41	3723.034983000
17		1358	3723.035486000
6	0		3723.097456000
6	1418		3723.122094000
17		41	3723.159056000
17		1358	3723.184157000
6	1418		3723.234355000
17		41	3723.283376000
17		1358	3723.331479000
6	0		3723.345848000
6	1418		3723.346583000
6	1418		3723.458827000
17		41	3723.469139000
17		1045	3723.479825000
6	0		3723.531466000
6	1418		3723.571057000
17		41	3723.593175000
6	1418		3723.683268000
17		41	3723.717320000
6	0		3723.779661000
6	1418		3723.795511000
17		41	3723.903045000
6	1418		3723.907792000
6	0		3723.965530000
6	1418		3724.019983000
17		41	3724.026956000
6	1418		3724.132295000
17		41	3724.151270000
6	0		3724.213133000
17		825	3724.213177000
17		39	3724.213827000
17		1358	3724.218781000
6	1418		3724.244474000
17		41	3724.275594000
6	0		3724.336987000
6	1418		3724.356712000
17		1358	3724.367923000
6	0		3724.461391000
6	1418		3724.469015000
17		1358	3724.515671000
6	0		3724.585145000
6	1418		3724.587445000
17		41	3724.647722000
17		1358	3724.664080000
6	1418		3724.696146000
17		47	3724.709480000
17		33	3724.733447000
6	0		3724.771732000
6	1418		3724.804729000
17		1358	3724.812309000
17		41	3724.895225000
6	0		3724.895256000
6	1418		3724.913345000
17		1358	3724.960506000
17		41	3725.019482000
6	1418		3725.021981000
6	0		3725.080930000
17		1358	3725.108175000
6	1418		3725.130624000
17		41	3725.143096000
6	1418		3725.239306000
17		1358	3725.256495000
6	0		3725.267282000
17		41	3725.329199000
6	1418		3725.347888000
17		1358	3725.381157000
17		41	3725.453572000
6	1418		3725.456572000
17		1358	3725.504896000
6	0		3725.515709000
6	1418		3725.565170000
17		41	3725.577148000
17		1358	3725.628187000
6	1418		3725.673792000
6	0		3725.701635000
17		41	3725.701665000
17		1358	3725.752551000
6	1418		3725.782415000
17		41	3725.825158000
17		1358	3725.851281000
6	0		3725.887092000
6	1418		3725.891070000
17		41	3725.949416000
17		1358	3725.951099000
6	1418		3725.999690000
17		1358	3726.049419000
17		41	3726.072913000
6	1418		3726.101187000
6	0		3726.134882000
17		1358	3726.148427000
17		41	3726.197752000
6	1418		3726.202649000
17		1358	3726.247283000
6	1418		3726.304133000
17		41	3726.321438000
6	0		3726.383623000
6	1418		3726.405628000
17		1358	3726.412158000
17		41	3726.445391000
6	1418		3726.507112000
17		1358	3726.536648000
17		41	3726.568980000
6	1418		3726.608572000
6	0		3726.631273000
17		1358	3726.660790000
17		41	3726.692981000
6	1418		3726.710063000
17		1358	3726.784364000
6	1418		3726.811591000
17		41	3726.816898000
6	0		3726.879081000
17		1358	3726.908003000
6	1418		3726.913027000
17		41	3726.940972000
6	1418		3726.994233000
6	0		3727.003427000
17		1358	3727.032686000
17		41	3727.065468000
6	1418		3727.075470000
17		1358	3727.155830000
6	1418		3727.156564000
17		41	3727.189732000
6	1418		3727.237770000
6	0		3727.250981000
17		1358	3727.279558000
17		46	3727.312958000
6	1418		3727.318952000
17		33	3727.336831000
6	1418		3727.400196000
17		1358	3727.402832000
17		41	3727.436884000
6	1418		3727.481331000
6	0		3727.499287000
17		1358	3727.527455000
6	1418		3727.616655000
17		41	3727.622934000
17		1358	3727.651023000
6	0		3727.685118000
17		41	3727.747145000
6	1418		3727.751941000
17		1358	3727.774700000
6	0		3727.871107000
6	1418		3727.887299000
17		1358	3727.898537000
17		41	3727.933072000
6	1418		3727.988807000
17		1358	3728.023362000
6	0		3728.057227000
6	1418		3728.090206000
17		41	3728.119640000
17		1358	3728.146273000
6	1418		3728.191703000
6	0		3728.243488000
17		41	3728.243516000
17		1358	3728.269683000
6	1418		3728.293182000
17		41	3728.304882000
17		1358	3728.394242000
6	1418		3728.394629000
17		41	3728.428868000
6	0		3728.491008000
6	1418		3728.496146000
17		1358	3728.517847000
17		41	3728.553001000
6	1418		3728.589772000
17		1358	3728.641857000
17		41	3728.676941000
6	1418		3728.683452000
6	0		3728.739239000
17		1358	3728.766008000
6	1418		3728.777038000
17		41	3728.801484000
6	1418		3728.870652000
17		1358	3728.888935000
17		41	3728.925274000
6	1418		3728.964287000
6	0		3728.987463000
17		1358	3729.012542000
17		41	3729.049342000
6	1418		3729.057907000
17		1358	3729.136885000
6	1418		3729.151589000
6	0		3729.173307000
17		41	3729.235635000
6	1418		3729.245161000
17		1358	3729.260598000
6	1418		3729.338778000
17		41	3729.358910000
17		1358	3729.383355000
6	0		3729.420906000
17		41	3729.420937000
6	1418		3729.432428000
17		1358	3729.507529000
6	1418		3729.526051000
6	0		3729.544829000
17		1358	3729.606569000
17		41	3729.607090000
6	1418		3729.619682000
17		1358	3729.705594000
6	1418		3729.713304000
17		41	3729.731062000
6	0		3729.793694000
17		1358	3729.805366000
6	1418		3729.806920000
17		41	3729.855617000
6	1418		3729.900562000
17		1358	3729.904341000
6	0		3729.979772000
6	1418		3729.994189000
17		46	3730.041722000
17		33	3730.066314000
17		1358	3730.068432000
6	1418		3730.087810000
17		41	3730.165000000
6	1418		3730.181431000
6	0		3730.227394000
17		1358	3730.233826000
6	1418		3730.275074000
17		41	3730.289502000
6	1418		3730.368709000
17		741	3730.398856000
17		41	3730.413153000
6	1418		3730.462319000
6	0		3730.475325000
17		41	3730.537362000
6	1418		3730.555958000
6	1418		3730.649590000
17		41	3730.660898000
6	0		3730.723034000
6	1418		3730.743272000
17		41	3730.784996000
6	1418		3730.818120000
6	0		3730.846867000
6	1418		3730.893027000
17		41	3730.909202000
6	1418		3730.967969000
6	0		3731.033428000
6	1418		3731.042827000
17		41	3731.095675000
17		825	3731.095696000
17		33	3731.096389000
17		33	3731.096504000
17		154	3731.099331000
17		1353	3731.117234000
6	1418		3731.117743000
6	0		3731.219139000
17		1358	3731.241135000
17		41	3731.281226000
17		1358	3731.365973000
6	0		3731.405584000
17		1358	3731.488124000
6	0		3731.529506000
17		1358	3731.612067000
6	0		3731.653668000
6	1418		3731.654934000
17		1358	3731.736427000
6	0		3731.777152000
17		47	3731.777191000
6	1418		3731.778428000
17		33	3731.801956000
6	1418		3731.820798000
17		41	3731.839078000
17		1358	3731.860053000
17		41	3731.963265000
6	0		3731.963298000
6	1418		3731.964516000
17		1358	3731.983227000
17		41	3732.025272000
17		41	3732.087313000
17		1358	3732.107402000
17		41	3732.211517000
17		1358	3732.231639000
6	0		3732.272907000
6	1418		3732.274149000
6	1418		3732.316543000
17		1358	3732.353930000
17		41	3732.397234000
6	1418		3732.401272000
6	0		3732.459404000
17		1358	3732.477852000
6	1418		3732.485995000
17		41	3732.521603000
6	1418		3732.570732000
17		41	3732.583363000
17		1358	3732.602517000
17		41	3732.645034000
6	1418		3732.655466000
17		1358	3732.725119000
6	1418		3732.740219000
6	0		3732.769031000
6	1418		3732.824964000
17		41	3732.831069000
17		1358	3732.849037000
6	1418		3732.909704000
17		41	3732.955069000
17		1358	3732.972166000
6	1418		3732.994434000
6	0		3733.017254000
6	1418		3733.079146000
17		1358	3733.096015000
6	0		3733.140997000
17		41	3733.141028000
6	1418		3733.163902000
17		41	3733.203067000
17		1358	3733.218953000
6	1418		3733.248693000
6	0		3733.327115000
6	1418		3733.333362000
17		1358	3733.343006000
17		41	3733.389120000
6	1418		3733.418115000
17		1358	3733.466261000
6	1418		3733.502837000
17		41	3733.513212000
6	0		3733.575358000
6	1418		3733.587592000
17		1358	3733.588972000
6	1418		3733.672314000
17		41	3733.699106000
17		1358	3733.713323000
6	1418		3733.757125000
6	0		3733.761663000
17		41	3733.823323000
17		1358	3733.836056000
6	1418		3733.841799000
6	1418		3733.926546000
17		1358	3733.934990000
6	0		3733.947263000
17		41	3734.009212000
6	1418		3734.011293000
17		1358	3734.033529000
6	1418		3734.096019000
17		1358	3734.132481000
17		41	3734.132843000
6	1418		3734.180770000
6	0		3734.195062000
17		1358	3734.231074000
6	1418		3734.265493000
17		46	3734.319357000
17		1358	3734.329962000
6	1418		3734.350241000
6	0		3734.380872000
6	1418		3734.434956000
17		41	3734.443376000
17		1358	3734.495110000
6	1418		3734.502729000
17		41	3734.505011000
6	0		3734.567186000
6	1418		3734.570527000
6	1418		3734.638324000
17		1358	3734.659592000
17		41	3734.690919000
6	1418		3734.706117000
6	0		3734.753154000
6	1418		3734.773922000
17		41	3734.815348000
17		1358	3734.823901000
6	1418		3734.841704000
6	1418		3734.909502000
17		41	3734.939722000
17		1358	3734.947679000
6	0		3735.000928000
6	1418		3735.022487000
17		41	3735.062786000
17		1358	3735.071058000
6	1418		3735.135437000
17		41	3735.187334000
17		1358	3735.194128000
6	0		3735.248838000
6	1418		3735.250088000
17		1358	3735.318863000
6	1418		3735.333161000
17		41	3735.373274000
6	0		3735.435548000
6	1418		3735.436793000
17		1358	3735.440978000
6	1418		3735.502636000
6	0		3735.559411000
17		1358	3735.565113000
6	1418		3735.587371000
17		41	3735.620813000
6	1418		3735.672110000
17		1358	3735.688229000
6	0		3735.745587000
17		1358	3735.745621000
17		1358	3735.748401000
17		1358	3735.748441000
17		1358	3735.748447000
17		1358	3735.748451000
17		406	3735.748455000
6	1418		3735.756827000
6	666		3735.807628000
6	39		3735.807661000
17		41	3735.807673000
6	0		3735.809422000
6	39		3735.809529000
6	69		3735.811261000
6	31		3735.811897000
17		1358	3735.811945000
6	39		3735.812496000
6	1418		3735.841580000
6	0		3735.931134000
6	1418		3735.932393000
17		1358	3735.935614000
17		41	3735.992905000
17		1358	3735.992936000
17		1358	3735.994355000
6	1418		3736.011054000
17		1358	3736.057911000
17		41	3736.117296000
6	0		3736.179495000
17		41	3736.179528000
6	1418		3736.180736000
17		1358	3736.181158000
6	1418		3736.223214000
17		1358	3736.294552000
17		41	3736.303035000
17		1358	3736.304727000
6	0		3736.365191000
6	1418		3736.366443000
6	1418		3736.408815000
17		1358	3736.429377000
17		41	3736.489348000
6	0		3736.550912000
17		1358	3736.551911000
6	1418		3736.552131000
6	1418		3736.594528000
17		41	3736.613064000
17		1358	3736.613097000
17		1358	3736.614391000
17		1358	3736.676748000
6	0		3736.737743000
6	1418		3736.739027000
6	1418		3736.781385000
17		41	3736.799082000
17		1358	3736.799754000
17		1358	3736.861469000
17		1358	3736.922867000
17		49	3736.923764000
17		49	3736.985945000
17		1358	3737.046091000
17		49	3737.047943000
17		91	3737.047968000
17		80	3737.047977000
17		41	3737.047983000
17		630	3737.049720000
17		108	3737.065147000
6	0		3737.109143000
6	0		3737.109171000
6	0		3737.109175000
6	0		3737.171496000
6	39		3737.171522000
17		41	3737.171529000
17		1358	3737.173445000
6	0		3737.177757000
6	0		3737.233656000
6	1418		3737.234901000
6	1418		3737.277271000
17		41	3737.357418000
17		1358	3737.359068000
17		170	3737.419349000
6	0		3737.419382000
17		33	3737.420645000
6	1418		3737.420681000
17		46	3737.542984000
17		1358	3737.544653000
6	0		3737.605330000
6	1418		3737.606594000
6	1418		3737.648956000
17		41	3737.667639000
17		1358	3737.669329000
17		172	3737.791118000
17		35	3737.792429000
17		41	3737.853677000
17		1358	3737.855010000
6	0		3737.914860000
17		41	3737.977728000
17		1358	3737.979480000
17		41	3738.039402000
17		1358	3738.078773000
6	0		3738.100852000
17		174	3738.225416000
17		37	3738.226723000
17		41	3738.287227000
6	0		3738.287254000
17		1358	3738.288884000
6	0		3738.411326000
17		41	3738.473211000
17		1358	3738.474881000
17		41	3738.535168000
17		41	3738.597273000
17		41	3738.597301000
17		41	3738.597309000
17		1358	3738.639813000
17		41	3738.659305000
6	0		3738.783389000
6	1418		3738.784628000
17		1358	3738.804771000
17		41	3738.845690000
17		41	3738.969397000
17		1358	3738.971113000
6	0		3739.031586000
6	1418		3739.032877000
6	1418		3739.075236000
17		1358	3739.093648000
17		41	3739.154829000
17		1358	3739.216730000
17		41	3739.217331000
6	0		3739.217374000
6	1418		3739.218607000
17		41	3739.278966000
17		1358	3739.340646000
17		41	3739.341035000
17		41	3739.402801000
17		1358	3739.463800000
17		41	3739.465689000
17		41	3739.526920000
17		1358	3739.586874000
17		41	3739.651018000
17		1358	3739.710755000
6	0		3739.713455000
6	1418		3739.714698000
6	1418		3739.757069000
17		1358	3739.833890000
17		46	3739.837119000
6	1418		3739.841809000
17		33	3739.860721000
17		41	3739.899046000
6	1418		3739.926547000
17		1358	3739.956853000
6	0		3739.961186000
6	1418		3740.011289000
17		41	3740.022905000
17		1358	3740.081634000
17		41	3740.085521000
6	1418		3740.096024000
17		41	3740.146850000
6	1418		3740.180771000
17		1358	3740.203759000
17		41	3740.209112000
6	1418		3740.265506000
17		1358	3740.328248000
6	0		3740.332959000
6	1418		3740.350240000
17		41	3740.395507000
6	1418		3740.434985000
17		1358	3740.451010000
6	0		3740.519419000
6	1418		3740.519692000
17		1358	3740.574414000
17		41	3740.581749000
6	1418		3740.604455000
6	1418		3740.689184000
17		1358	3740.698647000
17		41	3740.704981000
6	0		3740.767131000
6	1418		3740.773923000
17		1358	3740.821225000
17		41	3740.829049000
6	1418		3740.858670000
6	0		3740.891595000
6	1418		3740.943456000
17		1358	3740.944019000
17		41	3740.953161000
6	1418		3741.028146000
17		1358	3741.066919000
6	0		3741.077569000
6	1418		3741.112965000
17		41	3741.139267000
17		1358	3741.190809000
6	1418		3741.197605000
17		41	3741.263063000
6	1418		3741.282348000
17		1358	3741.313832000
6	0		3741.325203000
6	1418		3741.367088000
17		1358	3741.436845000
17		41	3741.449132000
6	1418		3741.451815000
6	0		3741.511363000
6	1418		3741.536553000
17		1358	3741.560494000
17		41	3741.573249000
6	1418		3741.621298000
17		1358	3741.683776000
6	0		3741.697765000
6	1418		3741.706030000
17		41	3741.759319000
6	1418		3741.790783000
17		1358	3741.807110000
6	1418		3741.875521000
17		41	3741.883191000
17		1358	3741.905012000
6	0		3741.944925000
6	1418		3741.960264000
17		1358	3742.003591000
17		41	3742.007492000
6	1418		3742.045045000
17		1358	3742.102370000
6	1418		3742.129801000
6	0		3742.130802000
17		41	3742.130826000
17		1358	3742.201797000
6	1418		3742.214457000
17		41	3742.255189000
6	1418		3742.282252000
17		1358	3742.299908000
6	0		3742.316910000
6	1418		3742.350052000
6	1418		3742.417836000
17		46	3742.441153000
17		1358	3742.464075000
6	1418		3742.485605000
6	0		3742.503370000
6	1418		3742.553398000
17		41	3742.564785000
6	1418		3742.621247000
17		1358	3742.628676000
6	0		3742.689679000
17		41	3742.750886000
17		1256	3742.813506000
17		41	3742.815333000
17		323	3742.817635000
17		33	3742.817776000
17		41	3742.875035000
6	0		3742.937199000
6	1418		3742.938505000
17		41	3742.999010000
6	1418		3743.000928000
17		41	3743.123089000
17		1358	3743.124900000
6	1418		3743.125747000
6	0		3743.185399000
17		41	3743.246924000
17		1358	3743.248637000
6	1418		3743.250617000
6	0		3743.371071000
6	1418		3743.375538000
17		41	3743.432843000
17		1358	3743.434503000
6	0		3743.495065000
6	1418		3743.500323000
17		41	3743.557595000
17		1358	3743.559310000
6	1418		3743.625149000
17		1358	3743.658935000
6	0		3743.680891000
6	1418		3743.718798000
17		1358	3743.757686000
17		41	3743.805203000
17		41	3743.805228000
6	1418		3743.812420000
17		1358	3743.856365000
17		43	3743.867674000
6	0		3743.867702000
17		41	3743.867709000
17		33	3743.894666000
6	1418		3743.906048000
17		1358	3743.955193000
6	0		3743.991203000
17		41	3743.991233000
6	1418		3743.999778000
17		1358	3744.053789000
6	1418		3744.093307000
17		41	3744.114895000
17		1358	3744.151848000
6	0		3744.177728000
6	1418		3744.186929000
17		1358	3744.250238000
6	1418		3744.280564000
17		41	3744.300840000
17		1358	3744.348784000
6	0		3744.363008000
6	1418		3744.374194000
17		41	3744.424971000
17		1358	3744.449094000
6	1418		3744.467830000
17		41	3744.548893000
6	1418		3744.561441000
6	0		3744.611431000
17		1358	3744.611547000
6	1418		3744.655064000
17		41	3744.673560000
6	1418		3744.748704000
17		1358	3744.775992000
17		41	3744.796999000
17		697	3744.797041000
17		35	3744.798785000
17		101	3744.800708000
17		33	3744.800792000
6	1418		3744.842338000
6	0		3744.859442000
17		41	3744.921484000
6	1418		3744.935963000
17		1101	3744.940973000
6	1418		3745.029590000
17		41	3745.044863000
6	0		3745.106991000
6	1418		3745.123215000
17		41	3745.168927000
6	1418		3745.216916000
17		46	3745.231189000
17		33	3745.255526000
6	0		3745.293357000
6	1418		3745.310459000
17		41	3745.355621000
6	1418		3745.404155000
17		41	3745.479258000
6	1418		3745.497742000
6	0		3745.541582000
6	1418		3745.591355000
17		41	3745.665599000
6	0		3745.726999000
17		43	3745.851245000
17		41	3745.851273000
17		41	3745.851279000
17		33	3745.878469000
6	0		3745.913437000
17		913	3746.037140000
17		39	3746.037819000
17		1358	3746.038628000
17		1358	3746.038667000
17		1358	3746.038675000
17		1358	3746.038681000
17		1358	3746.038687000
17		1358	3746.038693000
17		1358	3746.038699000
17		1358	3746.038706000
17		1358	3746.038714000
17		1358	3746.038720000
6	0		3746.099281000
17		1358	3746.156862000
6	0		3746.223304000
17		1358	3746.274031000
6	0		3746.347564000
6	1418		3746.348827000
17		1358	3746.390992000
6	1418		3746.393403000
6	0		3746.471304000
17		41	3746.471329000
6	1418		3746.482596000
17		1358	3746.507766000
17		47	3746.533471000
17		33	3746.560211000
6	1418		3746.571799000
17		41	3746.595102000
17		1358	3746.625246000
17		41	3746.657068000
17		41	3746.719447000
17		1358	3746.742206000
17		41	3746.780831000
17		41	3746.843447000
17		1358	3746.859621000
17		41	3746.905461000
17		41	3746.967153000
17		1358	3746.974332000
17		41	3747.029692000
17		1358	3747.077411000
17		41	3747.091761000
17		41	3747.153741000
17		1358	3747.176397000
17		1358	3747.269409000
17		41	3747.277146000
6	0		3747.338866000
6	1418		3747.340142000
17		1358	3747.362032000
6	1418		3747.384747000
6	0		3747.401033000
17		1358	3747.454953000
17		41	3747.463081000
6	1418		3747.473927000
17		1358	3747.547570000
6	1418		3747.563131000
17		41	3747.587266000
17		1358	3747.618479000
17		41	3747.649447000
6	1418		3747.652311000
17		1358	3747.689501000
17		41	3747.711293000
6	0		3747.711327000
6	1418		3747.741585000
17		1358	3747.760394000
17		41	3747.772791000
6	1418		3747.830712000
17		1358	3747.831080000
17		41	3747.834805000
17		41	3747.897478000
17		1358	3747.902398000
6	1418		3747.919892000
17		1358	3747.972687000
6	1418		3748.009098000
17		41	3748.021111000
17		1358	3748.043624000
6	0		3748.083580000
6	1418		3748.098284000
17		1358	3748.115159000
17		46	3748.145761000
17		33	3748.169346000
17		1358	3748.185873000
6	1418		3748.187476000
17		1358	3748.256320000
17		41	3748.269578000
6	1418		3748.276664000
17		1358	3748.326831000
6	0		3748.331722000
6	1418		3748.365889000
17		41	3748.393154000
17		1358	3748.398046000
17		1358	3748.454329000
6	1418		3748.455028000
17		1358	3748.512192000
17		41	3748.517115000
6	1418		3748.544316000
17		1358	3748.567495000
6	0		3748.579552000
17		1358	3748.624310000
6	1418		3748.633455000
17		41	3748.641590000
17		1358	3748.681339000
17		41	3748.703619000
6	1418		3748.722634000
17		1358	3748.738290000
17		41	3748.765261000
17		1358	3748.795118000
6	1418		3748.811829000
6	0		3748.827423000
17		1358	3748.850837000
17		41	3748.889049000
6	1418		3748.901031000
17		1358	3748.907663000
6	0		3748.951414000
6	1418		3748.990216000
17		1358	3749.003008000
17		41	3749.012970000
6	1418		3749.079401000
17		1358	3749.097101000
17		41	3749.137248000
6	1418		3749.168611000
17		1358	3749.191147000
17		41	3749.199152000
6	1418		3749.257811000
6	0		3749.261528000
17		1358	3749.285986000
17		41	3749.323065000
6	1418		3749.346993000
17		1358	3749.379942000
6	1418		3749.436177000
17		41	3749.447470000
17		1358	3749.474198000
6	0		3749.509665000
6	1418		3749.525452000
17		1358	3749.545760000
17		41	3749.571505000
6	1418		3749.614588000
17		1358	3749.616073000
17		41	3749.633279000
6	1418		3749.685923000
17		1358	3749.687528000
6	1418		3749.757275000
17		1358	3749.757487000
6	0		3749.757638000
17		41	3749.757667000
17		41	3749.819154000
6	1418		3749.828641000
17		1358	3749.828853000
17		41	3749.880877000
17		1358	3749.899484000
6	1418		3749.899986000
17		1358	3749.970087000
6	1418		3749.971347000
17		41	3750.005650000
17		1358	3750.041449000
6	0		3750.067045000
6	1418		3750.068347000
17		1358	3750.111712000
6	1418		3750.114070000
17		41	3750.129493000
17		1358	3750.182820000
17		46	3750.191279000
17		33	3750.216035000
17		1358	3750.253783000
17		41	3750.315094000
17		1358	3750.324413000
6	0		3750.377302000
6	1418		3750.378586000
17		1358	3750.394966000
6	1418		3750.438026000
17		41	3750.438842000
17		1358	3750.465797000
17		41	3750.563101000
17		1358	3750.564604000
6	0		3750.625447000
6	1418		3750.626743000
6	1418		3750.686196000
17		41	3750.686981000
17		1358	3750.689426000
17		41	3750.811556000
17		1358	3750.813222000
6	0		3750.873673000
17		41	3750.873733000
6	1418		3750.875010000
17		1358	3750.885165000
6	1418		3750.934482000
17		41	3750.996919000
17		1358	3750.998592000
6	0		3751.059121000
6	1418		3751.060418000
17		41	3751.121666000
17		1358	3751.122969000
6	1418		3751.172325000
17		41	3751.245457000
17		1358	3751.247142000
6	0		3751.306934000
6	1418		3751.308176000
17		41	3751.369245000
17		1358	3751.371046000
6	1418		3751.380447000
17		41	3751.493573000
17		1358	3751.495457000
6	0		3751.554987000
6	1418		3751.556226000
6	1418		3751.600837000
17		41	3751.617437000
17		1358	3751.619125000
17		41	3751.741349000
17		1358	3751.742998000
17		41	3751.803254000
6	0		3751.865663000
6	1418		3751.866916000
6	1418		3751.911548000
17		41	3751.927367000
17		41	3751.988866000
17		1358	3751.990565000
6	0		3752.051118000
6	1418		3752.052363000
6	1418		3752.096960000
17		41	3752.113637000
17		1358	3752.114982000
17		41	3752.237092000
17		1358	3752.238772000
17		41	3752.299477000
17		1358	3752.310989000
17		46	3752.361256000
6	0		3752.361285000
6	1418		3752.362523000
17		1358	3752.382070000
17		41	3752.485198000
17		1358	3752.486922000
6	0		3752.547699000
6	1418		3752.549009000
6	1418		3752.593562000
17		41	3752.609133000
17		1358	3752.610826000
17		41	3752.670920000
17		1358	3752.672635000
6	0		3752.795080000
6	1418		3752.796365000
6	1418		3752.840999000
17		41	3752.857124000
17		1358	3752.858997000
17		41	3752.919136000
17		1358	3752.920315000
17		41	3753.043656000
17		1358	3753.045313000
6	0		3753.105577000
17		41	3753.105605000
17		1358	3753.139883000
17		41	3753.229123000
17		1358	3753.235029000
6	0		3753.291392000
17		41	3753.353260000
17		1358	3753.355026000
17		41	3753.477177000
17		1358	3753.478411000
6	0		3753.539525000
17		41	3753.601618000
17		1358	3753.603089000
6	0		3753.725732000
17		41	3753.787422000
17		1358	3753.788987000
17		41	3753.849346000
17		1358	3753.860409000
6	0		3753.973104000
17		41	3754.035721000
17		1358	3754.037553000
6	0		3754.158985000
17		41	3754.221035000
17		1358	3754.222764000
17		41	3754.283122000
17		1358	3754.293849000
17		744	3754.364815000
17		41	3754.407377000
17		41	3754.469288000
6	0		3754.469315000
6	0		3754.593495000
6	1418		3754.594733000
6	1418		3754.639339000
17		41	3754.655550000
17		46	3754.717713000
17		33	3754.741500000
6	0		3754.779117000
17		621	3754.779147000
17		35	3754.781075000
6	0		3754.781161000
17		76	3754.783349000
17		33	3754.783424000
6	0		3754.840873000
6	1418		3754.842108000
6	1418		3754.886718000
17		41	3754.903584000
17		41	3754.964814000
17		41	3755.027228000
17		41	3755.089438000
17		41	3755.151367000
17		41	3755.213678000
17		41	3755.275025000
17		41	3755.337687000
17		41	3755.399788000
17		41	3755.461288000
17		41	3755.523217000
17		833	3755.585248000
17		39	3755.585969000
17		149	3755.587225000
17		1353	3755.587257000
17		1358	3755.587268000
17		1358	3755.587274000
17		1358	3755.587279000
17		1358	3755.587283000
17		1358	3755.587288000
17		1358	3755.587295000
17		1358	3755.587299000
17		1358	3755.587304000
6	0		3755.647312000
6	0		3755.648702000
17		1358	3755.658761000
6	0		3755.709143000
17		41	3755.709181000
6	1418		3755.710411000
17		1358	3755.729372000
6	1418		3755.755001000
17		43	3755.770885000
17		41	3755.770909000
17		33	3755.797650000
17		1358	3755.800835000
6	1418		3755.844251000
17		1358	3755.871218000
6	0		3755.895612000
17		47	3755.895652000
17		33	3755.920205000
6	1418		3755.933378000
17		1358	3755.941725000
17		41	3755.957161000
17		1358	3756.013239000
17		41	3756.019334000
17		1354	3756.019367000
17		35	3756.021093000
6	1418		3756.022569000
17		410	3756.081355000
17		41	3756.081385000
17		1358	3756.083075000
17		189	3756.088887000
17		225	3756.088938000
6	1418		3756.111781000
17		41	3756.143742000
17		1358	3756.154692000
6	1418		3756.200988000
17		41	3756.204864000
17		1358	3756.225760000
17		41	3756.267144000
6	1418		3756.290156000
17		1358	3756.296221000
17		41	3756.328872000
17		1358	3756.366692000
6	1418		3756.379354000
17		41	3756.391415000
17		1358	3756.437550000
17		41	3756.453440000
6	1418		3756.468543000
17		1358	3756.509381000
6	1418		3756.557743000
17		41	3756.577056000
17		1358	3756.578363000
17		1358	3756.636598000
6	0		3756.639221000
6	1418		3756.646930000
17		1358	3756.693171000
17		41	3756.701581000
6	1418		3756.736128000
17		1358	3756.749968000
17		1358	3756.806726000
17		41	3756.825018000
6	1418		3756.825299000
17		1358	3756.863120000
6	0		3756.887217000
6	1418		3756.914522000
17		41	3756.949201000
17		1358	3756.950914000
6	1418		3757.003717000
17		41	3757.010936000
17		41	3757.010973000
17		1358	3757.046295000
17		41	3757.073291000
6	1418		3757.092910000
17		43	3757.135254000
17		41	3757.135281000
17		1358	3757.141395000
17		33	3757.162221000
6	1418		3757.182119000
6	0		3757.197455000
17		41	3757.259347000
17		1358	3757.261092000
6	1418		3757.271297000
6	1418		3757.360483000
17		41	3757.383499000
17		1358	3757.385195000
6	0		3757.445878000
17		41	3757.445924000
6	1418		3757.449673000
17		1358	3757.457187000
17		41	3757.507493000
17		1358	3757.529824000
6	1418		3757.538886000
6	1418		3757.628121000
17		46	3757.631009000
17		1358	3757.633442000
6	0		3757.693701000
6	1418		3757.717283000
17		41	3757.755692000
17		1358	3757.757084000
6	1418		3757.806450000
17		41	3757.879573000
17		1358	3757.880424000
6	1418		3757.895681000
17		41	3757.941104000
17		1358	3757.952158000
6	1418		3757.984861000
6	0		3758.003271000
17		41	3758.065706000
17		1358	3758.067092000
6	1418		3758.074011000
6	1418		3758.163214000
17		41	3758.189417000
17		1358	3758.191734000
17		41	3758.250998000
17		1358	3758.263756000
6	0		3758.313158000
6	1418		3758.314410000
6	1418		3758.359009000
17		41	3758.374819000
17		1358	3758.376501000
6	1418		3758.448218000
17		41	3758.499523000
17		1358	3758.501176000
6	1418		3758.537390000
6	0		3758.561512000
17		41	3758.561547000
17		1358	3758.573734000
17		41	3758.623108000
17		33	3758.624678000
6	1418		3758.626570000
17		41	3758.685030000
17		1358	3758.686719000
6	1418		3758.715895000
6	0		3758.747241000
6	1418		3758.805029000
17		41	3758.809183000
17		1358	3758.810901000
6	1418		3758.894175000
6	0		3758.933373000
6	1418		3758.983373000
17		41	3758.995712000
17		1358	3758.997419000
6	1418		3759.072562000
17		41	3759.118777000
17		1358	3759.120416000
6	1418		3759.161764000
17		41	3759.180887000
17		634	3759.192137000
6	0		3759.243141000
6	1418		3759.250942000
6	1418		3759.340192000
17		41	3759.367336000
6	1418		3759.429387000
6	0		3759.429545000
17		41	3759.491733000
6	1418		3759.518516000
6	1418		3759.607736000
17		41	3759.615062000
6	0		3759.677233000
6	1418		3759.696923000
17		41	3759.738999000
6	1418		3759.786109000
17		41	3759.801058000
6	0		3759.863543000
6	1418		3759.875305000
6	1418		3759.964507000
17		46	3759.987392000
17		33	3760.011082000
17		41	3760.049399000
6	0		3760.049433000
6	1418		3760.053685000
6	1418		3760.142891000
6	0		3760.173113000
6	1418		3760.232070000
17		41	3760.235102000
17		41	3760.235127000
17		35	3760.236651000
6	1418		3760.321259000
17		41	3760.358980000
6	0		3760.421617000
6	1418		3760.422891000
17		41	3760.483518000
6	1418		3760.499717000
17		41	3760.606879000
6	0		3760.669241000
6	1418		3760.670498000
6	1418		3760.715117000
17		41	3760.793209000
6	0		3760.855530000
17		906	3760.855563000
17		39	3760.856526000
6	1418		3760.856783000
17		1358	3760.857512000
6	1418		3760.901467000
17		1358	3760.929443000
17		41	3760.979631000
17		1358	3761.000313000
6	0		3761.040969000
6	1418		3761.042223000
17		1358	3761.071816000
6	1418		3761.086827000
17		41	3761.103675000
17		1358	3761.141915000
17		41	3761.165253000
17		1358	3761.213361000
6	0		3761.227429000
6	1418		3761.228751000
6	1418		3761.264355000
17		1358	3761.283974000
6	1418		3761.335726000
6	0		3761.351446000
17		1358	3761.354840000
6	1418		3761.407071000
17		1358	3761.425425000
6	0		3761.475477000
6	1418		3761.478399000
17		1358	3761.496663000
6	1418		3761.549793000
17		1358	3761.567212000
6	0		3761.599089000
6	1418		3761.621183000
17		1358	3761.637629000
6	1418		3761.692489000
17		1358	3761.709196000
6	0		3761.723045000
6	1418		3761.763843000
17		1358	3761.779764000
6	1418		3761.835195000
6	0		3761.847173000
17		1358	3761.850357000
6	0		3761.972566000
6	0		3762.095025000
6	0		3762.219715000
17		41	3762.219741000
17		47	3762.343241000
6	0		3762.343273000
17		1358	3762.344941000
17		41	3762.467124000
17		1358	3762.468796000
6	0		3762.529585000
17		1358	3762.540226000
17		41	3762.591754000
17		41	3762.715652000
17		41	3762.776940000
17		1358	3762.778454000
6	0		3762.839097000
17		41	3762.962986000
17		1358	3762.964654000
6	0		3763.025157000
17		41	3763.087105000
17		1358	3763.088782000
17		41	3763.211218000
17		1358	3763.212902000
6	0		3763.273438000
6	1418		3763.274700000
17		41	3763.335315000
17		1358	3763.337436000
17		41	3763.459489000
17		1358	3763.460850000
6	0		3763.520992000
6	1418		3763.522231000
6	1418		3763.566151000
17		41	3763.583798000
17		1358	3763.584727000
17		41	3763.644974000
17		1358	3763.680234000
6	0		3763.707168000
6	1418		3763.708416000
6	1418		3763.752304000
17		41	3763.769442000
17		1358	3763.771136000
17		41	3763.893331000
17		1358	3763.894077000
17		41	3763.955498000
17		1358	3763.966459000
17		41	3764.017265000
6	0		3764.017302000
6	1418		3764.018508000
17		1358	3764.042648000
17		41	3764.079737000
17		1358	3764.119028000
17		41	3764.141771000
17		1358	3764.195394000
17		41	3764.203283000
17		41	3764.265309000
17		1358	3764.271908000
17		46	3764.327418000
17		1358	3764.348931000
17		1358	3764.422708000
17		41	3764.451052000
17		1358	3764.498811000
6	0		3764.513248000
6	1418		3764.514500000
6	1418		3764.558389000
17		1358	3764.574669000
17		41	3764.637674000
6	1418		3764.646205000
17		1358	3764.650428000
17		41	3764.699679000
17		1358	3764.726431000
6	1418		3764.734023000
6	0		3764.760850000
6	1418		3764.821851000
17		41	3764.885074000
17		1358	3764.886898000
6	1418		3764.909631000
17		41	3764.947147000
17		1358	3764.962461000
6	1418		3764.997466000
17		41	3765.009268000
6	0		3765.009298000
17		1358	3765.038794000
6	1418		3765.085242000
17		41	3765.132933000
17		1358	3765.133761000
6	1418		3765.173052000
17		41	3765.195586000
17		1358	3765.209207000
17		41	3765.257258000
6	1418		3765.260931000
17		1358	3765.284803000
17		41	3765.319457000
6	1418		3765.348690000
17		1358	3765.360247000
17		41	3765.380900000
17		1358	3765.436059000
6	1418		3765.436453000
17		41	3765.443335000
6	0		3765.504844000
17		1358	3765.512267000
6	1418		3765.524343000
17		1358	3765.587712000
6	1418		3765.612077000
17		41	3765.629357000
17		758	3765.662318000
6	0		3765.691526000
6	1418		3765.699904000
17		41	3765.753713000
6	1418		3765.787725000
17		41	3765.815412000
6	1418		3765.875510000
6	0		3765.938873000
6	1418		3765.963322000
17		41	3766.000814000
6	1418		3766.051145000
17		41	3766.125256000
6	1418		3766.138949000
6	0		3766.187670000
6	1418		3766.226741000
17		41	3766.249100000
6	1418		3766.314561000
17		41	3766.373018000
6	1418		3766.402357000
6	0		3766.434902000
6	1418		3766.490162000
17		46	3766.498062000
17		33	3766.521919000
17		41	3766.559239000
6	1418		3766.577964000
6	0		3766.621424000
6	1418		3766.665785000
17		41	3766.683194000
17		41	3766.745410000
6	1418		3766.753590000
6	1418		3766.841401000
17		41	3766.869744000
6	1418		3766.929217000
6	0		3766.930924000
17		41	3766.993345000
6	1418		3767.017068000
17		825	3767.055111000
17		39	3767.055897000
17		1358	3767.056689000
6	1418		3767.104856000
17		41	3767.117190000
17		1358	3767.133721000
6	0		3767.179357000
6	1418		3767.192623000
17		1358	3767.208580000
6	1418		3767.280437000
17		1358	3767.284638000
6	0		3767.302931000
17		1358	3767.359686000
6	0		3767.365083000
6	1418		3767.368234000
6	1418		3767.456056000
6	0		3767.489556000
6	1418		3767.543849000
6	0		3767.613323000
6	1418		3767.631668000
6	1418		3767.719467000
6	0		3767.737164000
6	1418		3767.807268000
6	0		3767.861011000
6	1418		3767.895083000
6	1418		3767.982886000
6	0		3767.985446000
17		41	3768.047610000
17		1358	3768.049325000
6	1418		3768.069805000
17		47	3768.109154000
17		1358	3768.125605000
6	1418		3768.156720000
6	0		3768.171311000
17		1358	3768.200520000
17		41	3768.233019000
6	1418		3768.243613000
17		1358	3768.276021000
6	1418		3768.330530000
17		1358	3768.351432000
17		41	3768.357536000
6	1418		3768.417437000
6	0		3768.418803000
17		1358	3768.426541000
17		41	3768.481799000
17		1358	3768.501618000
6	1418		3768.504331000
17		41	3768.543628000
17		1358	3768.576814000
6	1418		3768.591299000
17		1358	3768.652845000
6	0		3768.667738000
6	1418		3768.678157000
17		1358	3768.727074000
6	1418		3768.765087000
6	0		3768.791449000
17		1358	3768.803056000
6	1418		3768.852056000
17		1358	3768.878822000
6	0		3768.915381000
6	1418		3768.935858000
17		1358	3768.953461000
6	1418		3769.019767000
17		1358	3769.028145000
6	0		3769.038817000
17		41	3769.101539000
17		1358	3769.103186000
6	1418		3769.103629000
17		1358	3769.178919000
6	1418		3769.187551000
17		41	3769.225726000
17		1358	3769.254896000
6	1418		3769.271453000
6	0		3769.287740000
17		41	3769.287770000
17		1358	3769.330408000
6	1418		3769.355344000
17		1358	3769.405178000
17		41	3769.411219000
6	0		3769.411244000
6	1418		3769.439243000
17		1358	3769.480905000
6	1418		3769.523149000
17		41	3769.535429000
17		1358	3769.555913000
6	0		3769.597568000
6	1418		3769.607049000
17		1358	3769.631447000
17		41	3769.659275000
6	1418		3769.690928000
17		1358	3769.705877000
17		41	3769.721751000
6	1418		3769.774823000
17		1358	3769.781782000
17		41	3769.844983000
17		1358	3769.857393000
6	1418		3769.858710000
6	0		3769.907425000
17		1358	3769.932306000
6	1418		3769.942620000
17		41	3769.969289000
17		1358	3770.007386000
6	1418		3770.026527000
17		1358	3770.082912000
17		41	3770.092814000
6	1418		3770.110402000
6	0		3770.155299000
17		1358	3770.157784000
6	1418		3770.177524000
17		41	3770.217566000
17		1358	3770.233188000
6	1418		3770.244715000
17		1358	3770.307948000
6	1418		3770.311762000
17		41	3770.341008000
6	1418		3770.378875000
17		1358	3770.383983000
6	0		3770.403184000
17		41	3770.403214000
6	1418		3770.446003000
17		1358	3770.459275000
6	1418		3770.513105000
17		41	3770.527465000
17		1358	3770.534234000
6	1418		3770.580275000
17		41	3770.589231000
17		1358	3770.609100000
6	1418		3770.647379000
6	0		3770.651401000
17		1358	3770.684279000
17		46	3770.713563000
6	1418		3770.714480000
17		33	3770.737808000
17		1358	3770.760440000
6	0		3770.775732000
6	1418		3770.781564000
17		1358	3770.835345000
17		41	3770.837501000
17		1358	3770.909807000
17		41	3770.961150000
17		1358	3770.985738000
6	0		3771.023298000
17		1358	3771.061283000
17		41	3771.085140000
17		1358	3771.137023000
17		41	3771.209502000
17		1358	3771.211155000
6	0		3771.271757000
17		1358	3771.286962000
17		41	3771.333428000
17		748	3771.362010000
17		41	3771.457227000
6	0		3771.519388000
17		41	3771.519417000
17		41	3771.643492000
17		41	3771.704944000
6	0		3771.767115000
17		41	3771.829286000
17		41	3771.953245000
6	0		3772.015999000
17		41	3772.077540000
17		41	3772.200895000
6	0		3772.263674000
17		41	3772.325248000
17		41	3772.449415000
6	0		3772.511175000
17		41	3772.511202000
17		35	3772.512967000
17		41	3772.635422000
6	0		3772.697665000
17		41	3772.697698000
6	1418		3772.698968000
17		41	3772.821219000
6	0		3772.883586000
6	1418		3772.884896000
6	1418		3772.926842000
17		41	3772.945557000
17		41	3773.069176000
6	0		3773.131968000
6	1418		3773.133234000
6	1418		3773.175190000
17		41	3773.193601000
17		41	3773.317625000
17		41	3773.379067000
17		41	3773.441567000
6	0		3773.441598000
6	1418		3773.442849000
17		41	3773.502948000
17		41	3773.564907000
17		41	3773.627357000
17		913	3773.689531000
17		39	3773.690222000
17		1358	3773.691282000
17		1358	3773.691295000
17		1358	3773.691300000
17		1358	3773.691305000
17		1358	3773.691309000
17		1358	3773.691312000
17		1358	3773.691316000
17		1358	3773.691320000
17		1358	3773.691324000
17		1358	3773.691329000
17		1358	3773.752115000
17		1358	3773.812555000
6	0		3773.813680000
6	1418		3773.814929000
6	1418		3773.856885000
17		1358	3773.873392000
17		1358	3773.932591000
6	0		3773.936810000
6	1418		3773.940754000
17		1358	3773.993438000
6	1418		3774.024667000
17		1358	3774.052901000
6	0		3774.061219000
17		41	3774.061248000
6	1418		3774.108578000
17		47	3774.123491000
17		33	3774.146910000
17		41	3774.185717000
6	1418		3774.192436000
17		41	3774.247237000
6	1418		3774.276357000
17		41	3774.309773000
17		1358	3774.311476000
6	1418		3774.360251000
17		41	3774.371259000
17		1358	3774.372522000
17		41	3774.433558000
6	1418		3774.444132000
17		1358	3774.473032000
17		41	3774.495706000
6	1418		3774.528037000
17		1358	3774.549187000
17		41	3774.557244000
6	1418		3774.611921000
17		41	3774.618779000
17		1358	3774.624795000
17		41	3774.681141000
6	1418		3774.695831000
17		1358	3774.699810000
17		41	3774.743127000
17		1358	3774.774060000
6	1418		3774.779710000
17		1358	3774.849997000
6	1418		3774.863609000
6	0		3774.867241000
17		1358	3774.925145000
17		41	3774.928821000
6	1418		3774.947517000
17		41	3774.991336000
17		1358	3775.001099000
6	1418		3775.031406000
17		1358	3775.075666000
17		41	3775.114992000
6	1418		3775.115279000
17		1358	3775.150989000
6	0		3775.177175000
6	1418		3775.199204000
17		1358	3775.226140000
17		41	3775.239396000
6	1418		3775.283115000
17		1358	3775.301713000
6	0		3775.363529000
6	1418		3775.366996000
17		41	3775.424855000
6	1418		3775.450897000
6	0		3775.487534000
6	1418		3775.534772000
17		41	3775.549029000
17		1358	3775.551292000
6	1418		3775.618681000
17		41	3775.672997000
17		1358	3775.674695000
6	1418		3775.702572000
6	0		3775.735199000
6	1418		3775.786461000
17		41	3775.796798000
17		1358	3775.798194000
6	1418		3775.870366000
17		41	3775.921330000
17		1358	3775.923514000
6	0		3775.983831000
6	1418		3775.985159000
6	1418		3776.038148000
17		46	3776.045840000
17		1358	3776.048045000
17		41	3776.107243000
17		1358	3776.134912000
17		41	3776.231141000
17		1358	3776.232883000
6	0		3776.293537000
6	1418		3776.294798000
6	1418		3776.336751000
17		41	3776.354991000
17		1358	3776.355983000
17		41	3776.479109000
17		1358	3776.479740000
6	0		3776.541275000
17		41	3776.541305000
6	1418		3776.542590000
17		1358	3776.567450000
6	1418		3776.584601000
17		41	3776.664941000
17		1358	3776.666597000
6	0		3776.727244000
6	1418		3776.728486000
6	1418		3776.770441000
17		41	3776.789710000
17		1358	3776.791326000
17		41	3776.913283000
17		1358	3776.915171000
6	0		3776.975749000
6	1418		3776.977011000
6	1418		3777.010564000
6	1418		3777.077681000
6	0		3777.099289000
6	1418		3777.144801000
17		41	3777.160845000
17		1358	3777.162778000
6	1418		3777.211976000
6	1418		3777.279028000
17		41	3777.285080000
17		1358	3777.286805000
6	0		3777.347404000
6	1418		3777.348659000
6	1418		3777.413247000
17		41	3777.470863000
17		1358	3777.472616000
6	0		3777.533670000
6	1418		3777.534931000
6	1418		3777.568479000
17		41	3777.594800000
17		299	3777.596539000
6	0		3777.719007000
17		41	3777.781106000
17		41	3777.843168000
6	0		3777.967665000
6	1418		3777.968988000
6	1418		3778.024944000
17		41	3778.028824000
17		41	3778.091083000
17		41	3778.215454000
6	0		3778.277730000
6	1418		3778.278979000
6	1418		3778.334924000
17		41	3778.339739000
6	0		3778.463483000
6	1418		3778.464731000
17		41	3778.525597000
6	1418		3778.530668000
17		46	3778.587435000
17		33	3778.612053000
6	0		3778.711502000
17		825	3778.711534000
17		39	3778.712213000
6	1418		3778.712744000
17		1358	3778.715309000
6	1418		3778.754709000
17		1358	3778.801718000
6	0		3778.835092000
6	1418		3778.838594000
17		1358	3778.887502000
17		41	3778.897396000
6	1418		3778.922488000
17		1358	3778.973935000
6	0		3779.020909000
6	1418		3779.022164000
17		1358	3779.059019000
17		41	3779.083153000
6	1418		3779.090302000
17		1358	3779.144825000
6	0		3779.207160000
17		41	3779.207199000
17		1358	3779.231087000
17		1358	3779.316613000
6	0		3779.331504000
17		41	3779.393297000
17		1358	3779.401861000
17		1358	3779.487727000
6	0		3779.517248000
17		1358	3779.573489000
6	0		3779.640944000
17		1358	3779.659404000
6	0		3779.703495000
17		1358	3779.745369000
17		41	3779.765314000
17		47	3779.827319000
17		1358	3779.830892000
6	0		3779.889085000
17		41	3779.951389000
17		1358	3779.952703000
17		41	3780.075241000
6	0		3780.075272000
6	1418		3780.076504000
17		1358	3780.076890000
17		41	3780.199060000
17		1358	3780.200744000
6	0		3780.261374000
6	1418		3780.262630000
6	1418		3780.304624000
17		41	3780.322976000
17		1358	3780.324715000
17		41	3780.447779000
17		1358	3780.448703000
17		41	3780.509263000
17		1358	3780.535393000
17		41	3780.571362000
6	0		3780.571397000
6	1418		3780.572632000
17		1358	3780.621858000
17		41	3780.633557000
17		41	3780.679136000
17		1358	3780.691807000
17		41	3780.724994000
17		1358	3780.760751000
17		41	3780.770957000
17		41	3780.817767000
17		1358	3780.830605000
17		41	3780.863098000
17		1358	3780.897881000
17		41	3780.954994000
17		1358	3780.966749000
17		41	3781.001059000
6	0		3781.047342000
6	1418		3781.048603000
17		1358	3781.081374000
6	1418		3781.090538000
17		41	3781.138900000
6	1418		3781.174432000
17		41	3781.185669000
17		1358	3781.195687000
17		41	3781.231117000
6	1418		3781.258321000
6	0		3781.277291000
17		1358	3781.310035000
17		41	3781.323615000
6	1418		3781.342205000
17		46	3781.369445000
17		33	3781.393837000
17		41	3781.415372000
17		1358	3781.424731000
6	1418		3781.426078000
17		41	3781.461016000
17		41	3781.507245000
6	1418		3781.509993000
17		1358	3781.510147000
6	1418		3781.593924000
17		1358	3781.596533000
17		41	3781.599381000
6	0		3781.644889000
6	1418		3781.677811000
17		1358	3781.681628000
17		41	3781.736933000
6	1418		3781.761762000
17		1358	3781.767344000
6	0		3781.783145000
17		41	3781.829734000
6	1418		3781.845578000
17		1358	3781.850423000
17		41	3781.921568000
6	1418		3781.929472000
17		1358	3781.933767000
6	0		3781.966950000
6	1418		3782.013372000
17		1358	3782.016911000
17		41	3782.059135000
6	1418		3782.097331000
17		1358	3782.099832000
6	0		3782.105353000
17		41	3782.150941000
6	1418		3782.181229000
17		1358	3782.182179000
17		41	3782.243198000
6	1418		3782.265080000
17		1358	3782.265233000
6	0		3782.289337000
17		41	3782.289373000
17		1358	3782.348471000
6	1418		3782.348932000
17		41	3782.381192000
6	0		3782.427362000
17		1358	3782.431233000
6	1418		3782.432844000
17		41	3782.473193000
17		1358	3782.514321000
6	1418		3782.516754000
17		41	3782.564843000
17		1358	3782.596971000
6	1418		3782.600634000
6	0		3782.611271000
17		41	3782.657749000
17		1358	3782.680234000
6	1418		3782.680939000
17		41	3782.748981000
6	1418		3782.761270000
17		1358	3782.764584000
6	0		3782.794880000
17		682	3782.794911000
17		39	3782.797240000
17		74	3782.799870000
17		33	3782.800011000
17		41	3782.841587000
6	1418		3782.841593000
17		1358	3782.847605000
17		41	3782.887630000
6	1418		3782.921969000
17		1358	3782.929863000
17		41	3782.979112000
6	1418		3783.002221000
17		1358	3783.013296000
6	0		3783.025675000
17		46	3783.071610000
6	1418		3783.082541000
17		33	3783.096060000
17		748	3783.096098000
17		41	3783.117453000
6	1418		3783.162880000
6	0		3783.163591000
17		41	3783.209280000
6	1418		3783.243191000
6	0		3783.301626000
6	1418		3783.323495000
17		43	3783.347769000
17		41	3783.347804000
17		41	3783.347813000
17		33	3783.375326000
6	1418		3783.403814000
17		41	3783.439115000
6	1418		3783.484123000
6	0		3783.485255000
17		41	3783.531214000
6	1418		3783.564433000
17		41	3783.622950000
6	1418		3783.644795000
6	0		3783.669114000
17		913	3783.715313000
17		39	3783.716056000
17		156	3783.716840000
17		1353	3783.716921000
17		1358	3783.716927000
17		1358	3783.716931000
17		1358	3783.716935000
17		1358	3783.716939000
17		1358	3783.716942000
17		1358	3783.716946000
17		1358	3783.716952000
17		1358	3783.716955000
6	1418		3783.725098000
17		1358	3783.800349000
6	1418		3783.805405000
6	0		3783.807468000
17		1358	3783.883443000
6	1418		3783.885725000
6	0		3783.899075000
6	1418		3783.966052000
17		1358	3783.966315000
6	0		3783.991279000
17		47	3784.037422000
6	1418		3784.046347000
17		1358	3784.049567000
17		41	3784.083077000
17		1358	3784.116072000
6	1418		3784.126684000
6	0		3784.129636000
17		41	3784.129664000
17		41	3784.175708000
17		1358	3784.182313000
6	1418		3784.206991000
17		41	3784.220845000
17		1358	3784.247742000
17		41	3784.267047000
6	1418		3784.287301000
17		41	3784.312886000
17		1358	3784.314793000
17		41	3784.359397000
6	1418		3784.367627000
17		1358	3784.380669000
17		41	3784.404972000
6	1418		3784.447933000
17		1358	3784.487136000
17		41	3784.497338000
6	1418		3784.528270000
6	0		3784.543528000
17		1358	3784.587525000
17		41	3784.589542000
6	1418		3784.608591000
6	0		3784.681108000
17		1358	3784.687919000
6	1418		3784.688859000
17		41	3784.726914000
6	1418		3784.769208000
17		1358	3784.788503000
17		598	3784.819324000
17		41	3784.819357000
17		35	3784.821157000
17		76	3784.845576000
17		33	3784.845618000
6	1418		3784.849528000
17		1358	3784.864252000
6	0		3784.864841000
17		41	3784.911249000
6	1418		3784.913794000
17		1358	3784.920743000
17		1358	3784.977335000
6	1418		3784.978015000
17		41	3785.002970000
17		1358	3785.033862000
6	1418		3785.042274000
6	0		3785.049479000
17		1358	3785.090903000
17		41	3785.095568000
6	1418		3785.106536000
17		1358	3785.147350000
6	1418		3785.170795000
17		41	3785.187085000
17		1358	3785.204412000
6	0		3785.233253000
6	1418		3785.235048000
17		1358	3785.260213000
17		41	3785.279688000
6	1418		3785.299299000
17		1358	3785.316889000
17		41	3785.371013000
17		1358	3785.372677000
6	0		3785.417443000
6	1418		3785.418752000
17		1358	3785.430859000
17		41	3785.462952000
6	1418		3785.472300000
17		1358	3785.486856000
17		460	3785.543432000
6	0		3785.555360000
6	1418		3785.579396000
17		43	3785.600980000
17		46	3785.601013000
17		41	3785.601023000
17		33	3785.625674000
17		33	3785.627928000
6	0		3785.647303000
6	0		3785.649219000
6	1418		3785.686481000
17		41	3785.693124000
6	0		3785.738916000
17		41	3785.784881000
6	1418		3785.793557000
6	1418		3785.873901000
17		41	3785.877250000
6	0		3785.923404000
6	1418		3785.954213000
17		41	3785.969218000
6	1418		3786.034528000
17		41	3786.061513000
6	0		3786.106941000
6	1418		3786.114847000
17		41	3786.153308000
6	1418		3786.195158000
17		41	3786.245304000
6	0		3786.291741000
6	1418		3786.293091000
17		41	3786.337679000
6	1418		3786.355864000
17		41	3786.383160000
17		41	3786.475172000
6	0		3786.521603000
6	1418		3786.522842000
6	1418		3786.563004000
17		913	3786.567606000
17		45	3786.568412000
17		156	3786.569229000
17		1353	3786.569328000
17		1358	3786.569335000
17		1358	3786.569339000
17		1358	3786.569344000
17		1358	3786.569348000
17		1358	3786.569352000
17		1358	3786.569356000
17		1358	3786.569360000
17		1358	3786.569363000
17		1358	3786.626421000
6	0		3786.659756000
6	1418		3786.661002000
17		1358	3786.683396000
6	1418		3786.723681000
17		1358	3786.740668000
6	0		3786.750901000
17		1358	3786.795857000
6	1383		3786.803943000
6	0		3786.843230000
17		1358	3786.852860000
17		1358	3786.909698000
6	0		3786.935308000
17		1358	3786.966588000
17		1358	3787.024081000
6	0		3787.027086000
17		1358	3787.079449000
6	0		3787.118891000
17		47	3787.118919000
17		1358	3787.136924000
17		41	3787.164994000
17		1358	3787.181770000
17		41	3787.211063000
17		1358	3787.227489000
17		41	3787.256922000
17		1358	3787.273122000
17		41	3787.303646000
17		1358	3787.318566000
17		41	3787.349154000
17		1358	3787.362916000
17		41	3787.395020000
17		1358	3787.409048000
17		41	3787.441093000
17		1358	3787.453679000
17		41	3787.487169000
17		1358	3787.528672000
17		41	3787.533698000
17		1358	3787.604144000
17		41	3787.624804000
6	0		3787.671210000
17		1358	3787.679518000
17		41	3787.717196000
17		1358	3787.755306000
17		41	3787.763521000
6	0		3787.808958000
6	0		3787.809003000
6	0		3787.810263000
17		1358	3787.830623000
17		41	3787.855605000
17		1358	3787.887618000
17		41	3787.900957000
17		947	3787.944917000
17		41	3787.946843000
17		41	3787.992835000
17		41	3788.039012000
17		41	3788.085049000
17		41	3788.131268000
17		46	3788.177453000
17		33	3788.202486000
17		41	3788.223455000
17		41	3788.269546000
17		41	3788.315570000
17		41	3788.361748000
17		41	3788.407282000
17		41	3788.453139000
6	0		3788.499538000
17		41	3788.499565000
17		41	3788.545476000
17		41	3788.591395000
17		832	3788.637756000
17		39	3788.638438000
17		149	3788.639114000
17		1353	3788.639222000
17		1358	3788.639232000
17		1358	3788.639237000
17		1358	3788.639243000
17		1358	3788.639249000
17		1358	3788.639255000
17		1358	3788.639260000
17		1358	3788.639266000
17		1358	3788.639272000
17		1358	3788.688792000
17		47	3788.729058000
17		1358	3788.736636000
17		41	3788.775374000
17		1358	3788.785761000
17		41	3788.820851000
17		1358	3788.833684000
17		41	3788.866981000
17		1358	3788.882028000
17		41	3788.913323000
17		1358	3788.930323000
17		41	3788.959392000
17		1358	3788.978935000
17		41	3789.005512000
17		1358	3789.027755000
17		41	3789.051052000
17		1358	3789.065478000
17		41	3789.096779000
17		1358	3789.105307000
17		41	3789.143370000
17		1358	3789.169413000
17		41	3789.189319000
17		1358	3789.234198000
17		41	3789.235438000
17		1358	3789.275540000
17		41	3789.281356000
17		1358	3789.317891000
17		41	3789.327761000
17		1358	3789.359483000
17		41	3789.373111000
17		1358	3789.401817000
17		41	3789.418810000
17		1358	3789.442287000
17		41	3789.464814000
17		1358	3789.483376000
17		41	3789.511334000
17		1358	3789.525763000
17		41	3789.557528000
17		1358	3789.566654000
17		41	3789.603250000
17		1358	3789.607899000
17		46	3789.648787000
17		1358	3789.650892000
17		1358	3789.690444000
17		41	3789.694863000
17		1358	3789.731328000
17		41	3789.741464000
17		1358	3789.773362000
17		41	3789.787341000
17		1358	3789.805804000
17		41	3789.833663000
17		1358	3789.839705000
17		41	3789.879167000
17		1358	3789.894320000
17		41	3789.924821000
17		1358	3789.949113000
17		41	3789.971648000
17		41	3790.017210000
17		41	3790.063292000
17		1358	3790.064962000
17		41	3790.109358000
17		1358	3790.110841000
17		41	3790.155498000
17		1358	3790.157236000
17		41	3790.201005000
17		1358	3790.202844000
17		41	3790.247400000
17		1358	3790.249079000
17		41	3790.293154000
17		1358	3790.294330000
17		41	3790.339221000
17		1358	3790.340943000
17		1358	3790.382885000
17		41	3790.385548000
17		1358	3790.425421000
17		41	3790.431186000
17		1358	3790.467358000
17		41	3790.477984000
17		1358	3790.509346000
17		41	3790.522848000
17		641	3790.542886000
17		46	3790.569589000
17		33	3790.593344000
17		41	3790.615008000
17		41	3790.661733000
17		41	3790.707621000
17		41	3790.753746000
17		913	3790.799215000
17		39	3790.799947000
17		152	3790.800597000
17		1353	3790.800690000
17		1358	3790.800700000
17		1358	3790.800707000
17		1358	3790.800713000
17		1358	3790.800718000
17		1358	3790.843352000
17		1358	3790.884330000
17		47	3790.891226000
17		33	3790.915457000
17		41	3790.936780000
17		1358	3790.938488000
17		1358	3790.979966000
17		41	3790.983544000
17		1358	3791.021916000
17		41	3791.029114000
17		1358	3791.063884000
17		41	3791.075143000
17		1358	3791.105927000
17		41	3791.120957000
17		1358	3791.147728000
17		41	3791.167390000
17		1358	3791.189947000
17		41	3791.212871000
17		1358	3791.231861000
17		41	3791.259009000
17		1358	3791.274401000
17		41	3791.304890000
17		1358	3791.306603000
17		41	3791.351360000
17		1358	3791.353522000
17		41	3791.397601000
17		1358	3791.410345000
17		41	3791.443489000
17		1358	3791.466399000
17		41	3791.489436000
17		1358	3791.508607000
17		41	3791.535309000
17		1358	3791.551117000
17		41	3791.581628000
17		1358	3791.591467000
17		41	3791.627304000
17		1358	3791.632556000
17		41	3791.673025000
17		1358	3791.674408000
17		1358	3791.713978000
17		41	3791.718910000
17		1358	3791.754679000
17		41	3791.765128000
17		1358	3791.795534000
17		46	3791.811014000
17		33	3791.834948000
17		1358	3791.835965000
17		41	3791.857470000
17		1358	3791.877611000
17		41	3791.903045000
17		1358	3791.918674000
17		41	3791.949621000
17		1358	3791.960045000
17		41	3791.994852000
17		1358	3792.001797000
17		41	3792.041334000
17		1358	3792.043013000
17		1358	3792.076293000
17		41	3792.087110000
17		1358	3792.109180000
17		41	3792.133347000
17		1358	3792.164654000
17		41	3792.178951000
17		1358	3792.219838000
17		41	3792.224782000
17		1358	3792.261583000
17		41	3792.271386000
17		1358	3792.302904000
17		41	3792.316869000
17		1358	3792.344723000
17		41	3792.363200000
17		1358	3792.385875000
17		41	3792.409378000
17		1358	3792.427658000
17		41	3792.454981000
17		1358	3792.469081000
17		41	3792.500828000
17		1358	3792.511197000
17		41	3792.547354000
17		1358	3792.553305000
17		41	3792.593451000
17		1358	3792.595163000
17		1358	3792.635461000
17		41	3792.639671000
17		1358	3792.677271000
17		41	3792.685656000
17		627	3792.718681000
17		46	3792.731619000
17		33	3792.755575000
17		41	3792.777018000
17		41	3792.823065000
17		825	3792.823089000
17		33	3792.823779000
17		33	3792.824546000
17		149	3792.824774000
17		1358	3792.832123000
17		41	3792.869087000
17		1358	3792.887111000
17		41	3792.915659000
17		1358	3792.927996000
17		47	3792.961035000
17		1358	3792.968469000
17		41	3793.006943000
17		1358	3793.008755000
17		1358	3793.050111000
17		41	3793.053106000
17		1358	3793.090882000
17		41	3793.099732000
17		1358	3793.131228000
17		41	3793.145809000
17		1358	3793.171453000
17		41	3793.191635000
17		1358	3793.212360000
17		41	3793.237659000
17		1358	3793.253887000
17		41	3793.283780000
17		1358	3793.293353000
17		41	3793.329129000
17		1358	3793.335042000
17		41	3793.375486000
17		1358	3793.375830000
17		1358	3793.416278000
17		41	3793.421779000
17		1358	3793.457307000
17		41	3793.467690000
17		1358	3793.489278000
17		41	3793.513106000
17		1358	3793.522054000
17		41	3793.559319000
17		1358	3793.574795000
17		41	3793.605469000
17		1358	3793.616862000
17		41	3793.651120000
17		1358	3793.656155000
17		41	3793.697365000
17		1358	3793.697743000
17		1358	3793.737101000
17		41	3793.743442000
17		1358	3793.778955000
17		41	3793.789355000
17		1358	3793.818562000
17		41	3793.834994000
17		1358	3793.859860000
17		46	3793.881703000
17		1358	3793.899967000
17		41	3793.927330000
17		1358	3793.941010000
17		41	3793.973066000
17		1358	3793.981238000
17		41	3794.019172000
17		1358	3794.020855000
17		1358	3794.062311000
17		41	3794.065350000
17		1358	3794.102352000
17		41	3794.111356000
17		1358	3794.142546000
17		41	3794.157415000
17		1358	3794.175843000
17		41	3794.203628000
17		1358	3794.207107000
17		41	3794.248783000
17		1358	3794.261308000
17		41	3794.295318000
17		1358	3794.314967000
17		41	3794.341577000
17		1358	3794.356550000
17		41	3794.387113000
17		1358	3794.396266000
17		41	3794.433932000
17		1358	3794.435923000
17		1358	3794.477130000
17		41	3794.478905000
17		1358	3794.517599000
17		41	3794.525102000
17		1358	3794.558786000
17		41	3794.571646000
17		1358	3794.598379000
17		41	3794.617896000
17		1358	3794.639231000
17		41	3794.663469000
17		1358	3794.678538000
17		41	3794.709251000
17		1358	3794.718545000
17		41	3794.755565000
17		1358	3794.757216000
17		1358	3794.799002000
17		46	3794.801551000
17		33	3794.826175000
17		636	3794.839180000
17		41	3794.847040000
17		41	3794.893731000
17		41	3794.939635000
17		41	3794.985553000
17		41	3795.031597000
17		913	3795.076997000
17		39	3795.077694000
17		156	3795.078462000
17		1353	3795.078542000
17		1358	3795.078547000
17		1358	3795.078551000
17		1358	3795.078555000
17		1358	3795.119957000
17		1358	3795.159357000
17		47	3795.169683000
17		33	3795.194115000
17		1358	3795.199848000
17		41	3795.214893000
17		1358	3795.239966000
17		41	3795.261514000
17		1358	3795.281400000
17		41	3795.307036000
17		1358	3795.321096000
17		41	3795.353737000
17		1358	3795.361014000
17		41	3795.399583000
17		1358	3795.400957000
17		1358	3795.441019000
17		41	3795.445240000
17		1358	3795.481498000
17		41	3795.491254000
17		1358	3795.521754000
17		41	3795.537655000
17		1358	3795.562143000
17		41	3795.583226000
17		1358	3795.594810000
17		41	3795.629111000
17		1358	3795.630775000
17		41	3795.675381000
17		1358	3795.685084000
17		41	3795.721132000
17		1358	3795.739176000
17		41	3795.767118000
17		1358	3795.780053000
17		41	3795.813578000
17		1358	3795.821142000
17		41	3795.859149000
17		1358	3795.859499000
17		1358	3795.898641000
17		41	3795.905271000
17		1358	3795.938958000
17		41	3795.950900000
17		1358	3795.978970000
17		41	3795.996953000
17		1358	3796.018744000
17		41	3796.042970000
17		1358	3796.059385000
17		46	3796.088939000
17		1358	3796.098849000
17		41	3796.135423000
17		1358	3796.137344000
17		41	3796.181377000
17		1358	3796.182856000
17		41	3796.227602000
17		1358	3796.228642000
17		41	3796.273248000
17		1358	3796.274328000
17		41	3796.318845000
17		1358	3796.319846000
17		1358	3796.351907000
17		41	3796.365503000
17		1358	3796.383229000
17		41	3796.411110000
17		1358	3796.436736000
17		41	3796.457250000
17		1358	3796.489873000
17		41	3796.503086000
17		1358	3796.529854000
17		41	3796.549115000
17		950	3796.569875000
17		41	3796.594970000
17		41	3796.640927000
17		41	3796.687357000
17		41	3796.733189000
17		41	3796.779191000
17		913	3796.825386000
17		39	3796.826108000
17		1358	3796.827239000
17		1358	3796.827264000
17		1358	3796.827270000
17		1358	3796.827275000
17		1358	3796.827280000
17		1358	3796.866847000
17		1358	3796.907455000
17		47	3796.917664000
17		33	3796.942398000
17		1358	3796.946415000
17		41	3796.963313000
17		1358	3796.986412000
17		41	3797.009726000
17		1358	3797.026407000
17		41	3797.055668000
17		1358	3797.057361000
17		41	3797.101701000
17		1358	3797.103445000
17		41	3797.147652000
17		1358	3797.157279000
17		41	3797.193288000
17		1358	3797.210424000
17		41	3797.239533000
17		1358	3797.250363000
17		41	3797.285764000
17		1358	3797.290373000
17		41	3797.331094000
17		1358	3797.332226000
17		41	3797.376845000
17		1358	3797.378535000
17		41	3797.423629000
17		1358	3797.425521000
17		41	3797.468784000
17		1358	3797.469932000
17		1358	3797.510914000
17		41	3797.515079000
17		1358	3797.549290000
17		41	3797.561224000
17		1358	3797.589362000
17		41	3797.607544000
17		1358	3797.629598000
17		41	3797.653522000
17		1358	3797.670394000
17		41	3797.698977000
17		1358	3797.710850000
17		41	3797.744844000
17		1358	3797.750836000
17		41	3797.791037000
17		1358	3797.792698000
17		46	3797.837106000
17		1358	3797.838862000
17		41	3797.882924000
17		1358	3797.892617000
17		41	3797.929512000
17		1358	3797.946175000
17		41	3797.974882000
17		1358	3797.986762000
17		41	3798.021347000
17		1358	3798.026413000
17		41	3798.066990000
17		1358	3798.067245000
17		1358	3798.105569000
17		41	3798.113259000
17		1358	3798.145892000
17		41	3798.158900000
17		1358	3798.186392000
17		41	3798.205110000
17		1358	3798.226345000
17		41	3798.251425000
17		1358	3798.266326000
17		41	3798.297419000
17		1358	3798.306402000
17		41	3798.343521000
17		1358	3798.345351000
17		41	3798.389952000
17		1358	3798.390892000
17		41	3798.435140000
17		1358	3798.436846000
17		41	3798.481488000
17		1358	3798.483347000
17		1358	3798.516559000
17		41	3798.527559000
17		1358	3798.547388000
17		41	3798.573150000
17		1358	3798.580262000
17		41	3798.620010000
17		1358	3798.634969000
17		41	3798.665549000
17		1358	3798.689023000
17		41	3798.711304000
17		1358	3798.729911000
17		46	3798.757219000
17		33	3798.781386000
17		41	3798.803064000
17		41	3798.849545000
17		1358	3798.851131000
17		41	3798.895881000
17		1358	3798.897917000
17		41	3798.940848000
17		1358	3798.942561000
17		41	3798.987056000
17		1358	3798.988745000
17		41	3799.032876000
17		1358	3799.034577000
17		1358	3799.075650000
17		41	3799.078901000
17		1358	3799.114511000
17		41	3799.125740000
17		1358	3799.154185000
17		41	3799.171654000
17		1358	3799.193298000
17		41	3799.217280000
17		1358	3799.233951000
17		41	3799.263598000
17		1358	3799.273687000
17		41	3799.309183000
17		1358	3799.314043000
17		1358	3799.353258000
17		41	3799.354878000
17		1358	3799.392633000
17		41	3799.401432000
17		1358	3799.432007000
17		41	3799.447668000
17		1358	3799.471816000
17		41	3799.493095000
17		1358	3799.511548000
17		41	3799.538932000
17		1358	3799.551251000
17		41	3799.585507000
17		1358	3799.591164000
17		1358	3799.631322000
17		41	3799.631469000
17		1358	3799.671123000
17		46	3799.677439000
17		33	3799.701414000
17		1358	3799.709957000
17		41	3799.723666000
17		1358	3799.750208000
17		41	3799.769096000
17		1358	3799.789091000
17		41	3799.815670000
17		1358	3799.829111000
17		41	3799.861703000
17		1358	3799.868642000
17		41	3799.907577000
17		1358	3799.907982000
17		1358	3799.947943000
17		41	3799.953150000
17		1358	3799.987077000
17		41	3799.999233000
17		1358	3800.026710000
17		41	3800.045444000
17		1358	3800.066137000
17		41	3800.091709000
17		1358	3800.106055000
17		41	3800.137574000
17		1358	3800.144924000
17		1358	3800.177320000
17		41	3800.183485000
17		1358	3800.209114000
17		41	3800.229740000
17		1358	3800.240197000
17		1358	3800.272360000
17		41	3800.275547000
17		1358	3800.303496000
17		41	3800.321771000
17		1358	3800.334815000
17		41	3800.366862000
17		1008	3800.387671000
17		41	3800.412951000
17		41	3800.458980000
17		41	3800.505125000
17		41	3800.551183000
17		46	3800.597361000
17		33	3800.622063000
17		41	3800.643304000
17		832	3800.689765000
17		39	3800.690468000
17		1358	3800.691206000
17		1358	3800.691227000
17		1358	3800.691234000
17		1358	3800.691241000
17		1358	3800.691247000
17		1358	3800.691253000
17		1358	3800.691259000
17		1358	3800.691266000
17		1358	3800.691272000
17		1358	3800.691279000
17		1358	3800.731321000
6	0		3800.735286000
6	0		3800.737371000
17		1358	3800.770898000
17		47	3800.781169000
17		33	3800.799395000
17		41	3800.827086000
17		41	3800.873534000
17		41	3800.919584000
17		41	3800.964880000
17		41	3801.011078000
17		1358	3801.012747000
17		41	3801.057278000
17		1358	3801.058983000
17		41	3801.102791000
17		1358	3801.104532000
17		41	3801.149118000
17		1358	3801.150777000
17		41	3801.195540000
17		41	3801.195571000
17		1358	3801.197232000
17		41	3801.240846000
17		1358	3801.242500000
17		41	3801.287342000
17		1358	3801.296429000
17		41	3801.333525000
17		1358	3801.349584000
17		41	3801.379569000
17		1358	3801.389702000
17		41	3801.425708000
17		1358	3801.429451000
17		1358	3801.468520000
17		41	3801.471713000
17		1358	3801.508009000
17		41	3801.517507000
17		1358	3801.548215000
17		41	3801.563125000
17		1358	3801.588195000
17		41	3801.609294000
17		1358	3801.627984000
17		41	3801.655281000
17		1358	3801.668334000
17		41	3801.701377000
17		1358	3801.708471000
17		41	3801.747346000
17		1358	3801.748154000
17		41	3801.793767000
17		1358	3801.795234000
17		41	3801.839284000
17		1358	3801.841091000
17		41	3801.885301000
17		1358	3801.886989000
17		1358	3801.918897000
17		41	3801.931098000
17		1358	3801.950392000
17		41	3801.977406000
17		1358	3801.982976000
17		41	3802.023472000
17		1358	3802.036906000
6	0		3802.069196000
17		41	3802.069223000
6	0		3802.070636000
17		1358	3802.091247000
17		46	3802.114986000
17		1358	3802.131641000
17		41	3802.161443000
17		1358	3802.171807000
17		41	3802.207131000
17		1358	3802.213203000
17		41	3802.253055000
17		1358	3802.254730000
17		41	3802.299359000
17		1358	3802.301070000
17		41	3802.344975000
17		1358	3802.346659000
17		41	3802.391293000
17		1358	3802.393018000
17		1358	3802.433140000
17		41	3802.436817000
17		1358	3802.473253000
17		41	3802.483211000
17		1358	3802.514301000
17		41	3802.529423000
17		1358	3802.554607000
17		41	3802.575381000
17		1358	3802.594665000
17		41	3802.621688000
17		1358	3802.634950000
17		41	3802.666855000
17		1358	3802.668554000
17		41	3802.713331000
17		1358	3802.715097000
17		41	3802.758916000
17		1358	3802.767990000
17		41	3802.805404000
17		1358	3802.820993000
17		41	3802.851262000
17		1358	3802.861895000
17		41	3802.897224000
17		1358	3802.902200000
17		41	3802.943215000
17		1358	3802.944099000
17		1358	3802.984950000
17		41	3802.989548000
17		1358	3803.024004000
17		46	3803.035099000
17		33	3803.053211000
17		1358	3803.064783000
17		41	3803.081138000
17		1358	3803.104791000
17		41	3803.127094000
17		1358	3803.145222000
17		41	3803.172991000
17		1358	3803.186239000
17		41	3803.219235000
17		1358	3803.227000000
17		41	3803.265313000
17		1358	3803.267010000
17		41	3803.310860000
17		1358	3803.312534000
17		41	3803.357070000
17		1358	3803.358772000
17		41	3803.403569000
17		1358	3803.405705000
17		41	3803.449719000
17		1358	3803.451320000
17		41	3803.494814000
17		105	3803.504856000
17		41	3803.541573000
17		41	3803.587128000
17		41	3803.633117000
17		41	3803.679270000
17		913	3803.725288000
17		39	3803.726131000
17		1358	3803.726909000
17		1358	3803.726926000
17		1358	3803.726931000
17		1358	3803.726934000
17		1358	3803.726938000
17		1358	3803.767833000
17		1358	3803.806338000
17		47	3803.817749000
17		33	3803.836071000
17		1358	3803.846353000
17		41	3803.863759000
17		1358	3803.886401000
17		41	3803.909363000
17		1358	3803.926393000
17		41	3803.954855000
17		1358	3803.967266000
17		41	3804.001396000
17		1358	3804.007867000
17		41	3804.047315000
17		1358	3804.049082000
17		41	3804.093021000
17		1358	3804.094347000
17		41	3804.138995000
17		1358	3804.139822000
17		41	3804.185444000
17		1358	3804.188238000
17		41	3804.230806000
17		1358	3804.242099000
17		41	3804.277366000
17		1358	3804.296504000
17		41	3804.323109000
17		1358	3804.337559000
17		41	3804.369524000
17		1358	3804.377853000
17		41	3804.415520000
17		1358	3804.417223000
17		1358	3804.457858000
17		41	3804.461529000
17		1358	3804.497122000
17		41	3804.507131000
17		1358	3804.537798000
17		41	3804.553402000
17		1358	3804.577854000
17		41	3804.598885000
17		1358	3804.618394000
17		41	3804.645030000
17		1358	3804.657982000
17		41	3804.691532000
17		1358	3804.701459000
17		46	3804.737109000
17		1358	3804.742329000
17		41	3804.783625000
17		1358	3804.785365000
17		41	3804.829587000
17		1358	3804.831235000
17		41	3804.875597000
17		1358	3804.877325000
17		1358	3804.909922000
17		41	3804.921442000
17		1358	3804.941573000
17		41	3804.967483000
17		1358	3804.995361000
17		41	3805.013581000
17		1358	3805.048841000
17		41	3805.059548000
17		1358	3805.089069000
17		41	3805.104951000
17		1358	3805.129243000
17		41	3805.151140000
17		1358	3805.169494000
17		41	3805.197385000
17		1358	3805.210738000
17		41	3805.243540000
17		1358	3805.251102000
17		41	3805.288893000
17		1358	3805.290578000
17		41	3805.335136000
17		1358	3805.336838000
17		41	3805.381676000
17		1358	3805.383363000
17		1358	3805.423398000
17		41	3805.427153000
17		1358	3805.462411000
17		41	3805.474083000
17		1358	3805.502795000
17		41	3805.519680000
17		1358	3805.542978000
17		41	3805.564914000
17		1358	3805.583302000
17		41	3805.611089000
17		1358	3805.616035000
17		46	3805.657712000
17		1358	3805.659419000
17		41	3805.703276000
17		1358	3805.712891000
17		41	3805.749389000
17		1358	3805.766945000
17		41	3805.795215000
17		1358	3805.808082000
17		41	3805.841022000
17		1358	3805.849008000
17		41	3805.887202000
17		1358	3805.888634000
17		41	3805.933266000
17		1358	3805.934679000
17		1358	3805.975899000
17		41	3805.979701000
17		1358	3806.015154000
17		41	3806.025145000
17		1358	3806.055631000
17		41	3806.071317000
17		1358	3806.095916000
17		41	3806.116887000
17		1358	3806.136758000
17		41	3806.162937000
17		1358	3806.176640000
17		41	3806.208963000
17		1358	3806.216678000
17		41	3806.254854000
17		1358	3806.256549000
17		41	3806.300881000
17		1358	3806.302540000
17		41	3806.347613000
17		1358	3806.348794000
17		41	3806.393541000
17		1358	3806.395081000
17		41	3806.438881000
17		1358	3806.448806000
17		41	3806.485001000
17		1358	3806.502150000
17		41	3806.530803000
17		1358	3806.541882000
17		46	3806.577150000
17		1358	3806.581093000
17		1358	3806.620104000
17		41	3806.622919000
17		1358	3806.660471000
17		41	3806.669101000
17		1358	3806.701074000
17		41	3806.714846000
17		1358	3806.741519000
17		41	3806.761021000
17		1358	3806.781596000
17		41	3806.807486000
17		1358	3806.822282000
17		41	3806.853783000
17		1358	3806.862982000
17		41	3806.899477000
17		1358	3806.903496000
17		41	3806.945388000
17		1358	3806.947097000
17		1358	3806.987864000
17		41	3806.990806000
17		1358	3807.027030000
17		41	3807.036808000
17		1358	3807.068103000
17		41	3807.083061000
17		1358	3807.100895000
17		41	3807.129138000
17		1358	3807.132872000
17		41	3807.174951000
17		1358	3807.186114000
17		41	3807.221277000
17		1358	3807.239752000
17		41	3807.267253000
17		1358	3807.280974000
17		41	3807.313756000
17		1358	3807.320981000
17		41	3807.359101000
17		1358	3807.360802000
17		41	3807.405124000
17		1358	3807.406840000
17		41	3807.450808000
17		1358	3807.452465000
17		46	3807.496817000
17		1358	3807.498481000
17		1358	3807.538176000
17		41	3807.542886000
17		1358	3807.578945000
17		41	3807.589292000
17		1358	3807.620128000
17		41	3807.635051000
17		1358	3807.660285000
17		41	3807.681128000
17		1358	3807.701024000
17		41	3807.727738000
17		1358	3807.742168000
17		41	3807.773238000
17		1358	3807.782533000
17		41	3807.819208000
17		1358	3807.820901000
17		41	3807.865662000
17		1358	3807.867427000
17		41	3807.910937000
17		1358	3807.921034000
17		41	3807.956861000
17		1358	3807.975228000
17		41	3808.003346000
17		1358	3808.015679000
17		41	3808.049301000
17		1358	3808.055360000
17		41	3808.095338000
17		1358	3808.096851000
17		1358	3808.135119000
17		41	3808.141430000
17		1358	3808.174093000
17		41	3808.187147000
17		1358	3808.214140000
17		41	3808.233064000
17		1358	3808.254170000
17		41	3808.279059000
17		1358	3808.294132000
17		41	3808.325118000
17		1358	3808.334251000
17		41	3808.371186000
17		1358	3808.372858000
17		46	3808.417399000
17		1358	3808.419113000
17		41	3808.462944000
17		1358	3808.464599000
17		41	3808.509209000
17		1358	3808.510910000
17		1358	3808.543320000
17		41	3808.555686000
17		1358	3808.575054000
17		41	3808.601309000
17		1358	3808.607216000
17		41	3808.647023000
17		1358	3808.660703000
17		41	3808.693366000
17		1358	3808.714371000
17		41	3808.738901000
17		1358	3808.755423000
17		41	3808.785568000
17		1358	3808.796314000
17		41	3808.831487000
17		1358	3808.836666000
17		41	3808.877437000
17		1358	3808.879151000
17		41	3808.922843000
17		1358	3808.925087000
17		41	3808.969289000
17		1358	3808.970998000
17		41	3809.015087000
17		1358	3809.016876000
17		41	3809.061064000
17		1358	3809.062571000
17		1358	3809.102333000
17		41	3809.107108000
17		1358	3809.142914000
17		41	3809.153354000
17		1358	3809.183255000
17		41	3809.198953000
17		1121	3809.224268000
17		41	3809.245295000
17		41	3809.291259000
17		46	3809.337339000
17		33	3809.355662000
17		41	3809.383427000
17		41	3809.429696000
17		833	3809.474856000
17		39	3809.475589000
17		154	3809.476320000
17		1353	3809.476333000
17		1358	3809.476356000
17		1358	3809.476364000
17		1358	3809.476370000
17		1358	3809.516024000
17		1358	3809.557035000
17		47	3809.567694000
17		33	3809.586855000
17		1358	3809.595338000
17		41	3809.613065000
17		1358	3809.634749000
17		41	3809.659390000
17		1358	3809.675156000
17		41	3809.704946000
17		1358	3809.714965000
17		41	3809.751131000
17		1358	3809.752792000
17		1358	3809.792889000
17		41	3809.797065000
17		1358	3809.832998000
17		41	3809.843261000
17		1358	3809.873413000
17		41	3809.889125000
17		1358	3809.913172000
17		41	3809.935575000
17		1358	3809.953228000
17		41	3809.981572000
17		1358	3809.986413000
17		41	3810.027268000
17		1358	3810.028931000
17		41	3810.073529000
17		1358	3810.082661000
17		41	3810.119080000
17		1358	3810.136225000
17		41	3810.165923000
17		1358	3810.176076000
17		41	3810.211452000
17		1358	3810.216332000
17		1358	3810.255164000
17		41	3810.257331000
17		1358	3810.295237000
17		41	3810.303323000
17		1358	3810.336059000
17		41	3810.349403000
17		1358	3810.377157000
17		41	3810.395487000
17		1358	3810.417869000
17		41	3810.441403000
17		1358	3810.457983000
17		46	3810.487393000
17		1358	3810.497469000
17		41	3810.533013000
17		1358	3810.537733000
17		41	3810.579481000
17		1358	3810.581135000
17		41	3810.625710000
17		1358	3810.627481000
17		41	3810.671060000
17		1358	3810.672750000
17		41	3810.717489000
17		1358	3810.719146000
17		1358	3810.751310000
17		41	3810.763364000
17		1358	3810.783527000
17		41	3810.809265000
17		41	3810.855535000
17		41	3810.901650000
17		1358	3810.903479000
17		41	3810.946931000
17		1358	3810.948625000
17		41	3810.993520000
17		1358	3810.995174000
17		41	3811.039631000
17		1358	3811.041319000
17		41	3811.085208000
17		1358	3811.087309000
17		1358	3811.127529000
17		41	3811.131318000
17		1358	3811.166834000
17		41	3811.177553000
17		1358	3811.205908000
17		41	3811.223026000
17		1358	3811.246498000
17		41	3811.268953000
17		1358	3811.285180000
17		41	3811.315513000
17		1358	3811.324470000
17		41	3811.361270000
17		1358	3811.362840000
17		1358	3811.403807000
17		46	3811.407646000
17		33	3811.425942000
17		1358	3811.442584000
17		41	3811.452837000
17		1358	3811.481684000
17		41	3811.499481000
17		1358	3811.521136000
17		41	3811.545770000
17		1358	3811.560894000
17		41	3811.591052000
17		1358	3811.600149000
17		41	3811.636950000
17		1358	3811.638602000
17		1358	3811.679231000
17		41	3811.683108000
17		1358	3811.719179000
17		41	3811.729208000
17		1358	3811.758294000
17		41	3811.775258000
17		1358	3811.797567000
17		41	3811.821319000
17		1358	3811.836643000
17		41	3811.867016000
17		1358	3811.876408000
17		41	3811.913199000
17		1358	3811.914984000
17		1358	3811.954782000
17		41	3811.959410000
17		1358	3811.993943000
17		41	3812.005240000
17		1358	3812.032973000
17		41	3812.051044000
17		1358	3812.072158000
17		41	3812.096911000
17		1358	3812.110867000
17		41	3812.143165000
17		1358	3812.150317000
17		41	3812.189092000
17		1358	3812.189361000
17		1358	3812.228312000
17		41	3812.234822000
17		1358	3812.259410000
17		41	3812.281728000
17		1358	3812.290919000
17		1358	3812.322308000
17		46	3812.327602000
17		33	3812.346308000
17		1358	3812.353642000
17		41	3812.373369000
17		1358	3812.384287000
17		41	3812.419681000
17		1358	3812.436929000
17		41	3812.465575000
17		1358	3812.488415000
17		41	3812.511098000
17		1358	3812.541051000
17		41	3812.557728000
17		1358	3812.592722000
17		41	3812.603343000
17		1358	3812.632857000
17		41	3812.648852000
17		1358	3812.671128000
17		41	3812.694974000
17		1358	3812.710495000
17		41	3812.741511000
17		1358	3812.750079000
17		41	3812.787744000
17		1358	3812.789389000
17		1358	3812.827805000
17		41	3812.833391000
17		1358	3812.867106000
17		41	3812.878978000
17		1358	3812.906141000
17		41	3812.925327000
17		1358	3812.945882000
17		41	3812.971331000
17		1358	3812.984599000
17		41	3813.016955000
17		1358	3813.024216000
17		1358	3813.062928000
17		41	3813.063675000
17		1358	3813.101849000
17		41	3813.109066000
17		1358	3813.141107000
17		41	3813.155053000
17		1358	3813.180507000
17		41	3813.201137000
17		1358	3813.219638000
17		46	3813.247006000
17		1358	3813.258466000
17		41	3813.293602000
17		1358	3813.297466000
17		1358	3813.337287000
17		41	3813.339498000
17		1358	3813.376293000
17		41	3813.385150000
17		1358	3813.415425000
17		41	3813.431320000
17		1358	3813.454072000
17		41	3813.477684000
17		1358	3813.494092000
17		41	3813.523080000
17		1358	3813.533025000
17		41	3813.569240000
17		41	3813.569265000
17		1358	3813.570857000
17		1358	3813.611560000
17		41	3813.615079000
17		1358	3813.650038000
17		41	3813.661221000
17		1358	3813.689012000
17		41	3813.707635000
17		1358	3813.721061000
17		567	3813.751866000
17		41	3813.753499000
17		41	3813.798975000
17		41	3813.845278000
17		41	3813.891132000
17		41	3813.937347000
17		41	3813.983388000
17		41	3814.029008000
17		41	3814.075674000
17		826	3814.075702000
17		33	3814.076393000
17		33	3814.076510000
17		154	3814.077192000
17		1358	3814.083104000
17		41	3814.121878000
17		1358	3814.123799000
17		1358	3814.162395000
17		47	3814.167013000
17		33	3814.186218000
17		1358	3814.202137000
17		41	3814.213263000
17		1358	3814.241137000
17		41	3814.259101000
17		1358	3814.280665000
17		41	3814.305203000
17		1358	3814.319244000
17		41	3814.350843000
17		1358	3814.351464000
17		1358	3814.388893000
17		41	3814.397502000
17		1358	3814.422464000
17		41	3814.443125000
17		1358	3814.457538000
17		41	3814.489468000
17		1358	3814.490837000
17		1358	3814.526606000
17		41	3814.535550000
17		1358	3814.561175000
17		41	3814.581880000
17		1358	3814.595179000
17		1358	3814.623623000
17		41	3814.627410000
17		1358	3814.650540000
17		41	3814.672841000
17		1358	3814.678687000
17		41	3814.719474000
17		1358	3814.724342000
17		41	3814.765610000
17		1358	3814.770779000
17		1358	3814.805480000
17		1358	3814.811372000
17		41	3814.811406000
17		1358	3814.813642000
17		1358	3814.838967000
17		33	3814.839007000
17		41	3814.857660000
17		1358	3814.874211000
17		41	3814.903255000
17		1358	3814.908206000
17		1358	3814.942499000
17		41	3814.949199000
17		1358	3814.977675000
17		41	3814.994909000
17		1358	3815.011867000
17		41	3815.040832000
17		1358	3815.046065000
17		1358	3815.080773000
17		598	3815.087722000
17		41	3815.087745000
17		35	3815.089478000
17		76	3815.091760000
17		33	3815.091869000
17		46	3815.132962000
17		1358	3815.134709000
17		41	3815.178839000
17		1358	3815.180517000
17		41	3815.224812000
17		1358	3815.226654000
17		41	3815.271482000
17		1358	3815.273298000
17		41	3815.317768000
17		1358	3815.319534000
17		1358	3815.348689000
17		41	3815.363440000
17		1358	3815.375793000
17		43	3815.409059000
17		41	3815.409123000
17		41	3815.409131000
17		1358	3815.410809000
17		33	3815.436113000
17		41	3815.454875000
17		1358	3815.456518000
17		41	3815.501462000
17		1358	3815.503155000
17		41	3815.547435000
17		1358	3815.549136000
17		41	3815.593255000
17		1358	3815.594416000
17		41	3815.639241000
17		1358	3815.640933000
17		41	3815.685504000
17		1358	3815.687171000
17		41	3815.730932000
17		1358	3815.732655000
17		41	3815.777317000
17		1358	3815.779114000
17		41	3815.823685000
17		1358	3815.825350000
17		41	3815.869252000
17		1358	3815.870931000
17		41	3815.915413000
17		1358	3815.916923000
17		41	3815.961196000
17		1358	3815.962917000
17		1358	3815.998158000
17		41	3816.007183000
17		1358	3816.033091000
17		46	3816.053332000
17		1358	3816.068692000
17		41	3816.099058000
17		1358	3816.100761000
17		41	3816.145103000
17		1358	3816.147604000
17		41	3816.190972000
17		1358	3816.195173000
17		41	3816.236967000
17		1358	3816.241910000
17		41	3816.283237000
17		1358	3816.285073000
17		41	3816.328921000
17		1358	3816.330586000
17		41	3816.375199000
17		1358	3816.376881000
17		41	3816.421719000
17		1358	3816.422910000
17		41	3816.466914000
17		1358	3816.468821000
17		1358	3816.504655000
17		41	3816.513210000
17		41	3816.558854000
17		1358	3816.560500000
17		41	3816.605705000
17		1358	3816.607359000
17		41	3816.651569000
17		1358	3816.652784000
17		41	3816.697456000
17		1358	3816.699236000
17		41	3816.743187000
17		1358	3816.744771000
17		41	3816.789405000
17		1358	3816.791085000
17		41	3816.834994000
17		1358	3816.836721000
17		41	3816.881145000
17		1358	3816.882450000
17		41	3816.927015000
17		1358	3816.928592000
17		46	3816.973450000
17		1358	3816.974773000
17		41	3817.018871000
17		1358	3817.020514000
17		1358	3817.056109000
17		41	3817.065699000
17		1358	3817.089932000
17		41	3817.111239000
17		1358	3817.125805000
17		41	3817.157525000
17		1358	3817.159782000
17		41	3817.202952000
17		1358	3817.204627000
17		41	3817.248942000
17		1358	3817.250799000
17		41	3817.294824000
17		1358	3817.296580000
17		41	3817.340808000
17		1358	3817.342485000
17		41	3817.387674000
17		1358	3817.389468000
17		41	3817.433456000
17		1358	3817.435220000
17		41	3817.479354000
17		1358	3817.481089000
17		41	3817.525353000
17		1358	3817.526097000
17		1358	3817.557088000
17		41	3817.571274000
17		1358	3817.588169000
17		41	3817.617231000
17		1358	3817.618882000
17		41	3817.663415000
17		1358	3817.671117000
17		41	3817.709013000
17		1358	3817.723817000
17		41	3817.755543000
17		1358	3817.763591000
17		41	3817.800881000
17		1358	3817.802551000
17		41	3817.847680000
17		1358	3817.849419000
17		46	3817.893687000
17		1358	3817.895422000
17		41	3817.939726000
17		1358	3817.941536000
17		41	3817.985589000
17		1358	3817.987294000
17		41	3818.030998000
17		1358	3818.032734000
17		1358	3818.072385000
17		41	3818.077368000
17		1358	3818.109643000
17		41	3818.123567000
17		1358	3818.149126000
17		41	3818.169763000
17		1358	3818.188292000
17		41	3818.215247000
17		1358	3818.228006000
17		41	3818.261690000
17		1358	3818.266811000
17		41	3818.307180000
17		1358	3818.308998000
17		41	3818.352923000
17		1358	3818.354581000
17		41	3818.399100000
17		1358	3818.408211000
17		41	3818.445575000
17		1358	3818.461521000
17		41	3818.491279000
17		1358	3818.501465000
17		41	3818.537604000
17		1358	3818.541300000
17		41	3818.583547000
17		1358	3818.585193000
17		1358	3818.625030000
17		41	3818.629672000
17		1358	3818.665178000
17		41	3818.675291000
17		1358	3818.705760000
17		41	3818.721454000
17		1358	3818.745943000
17		41	3818.767199000
17		1358	3818.786477000
17		46	3818.812948000
17		1358	3818.826584000
17		41	3818.859175000
6	0		3818.859207000
6	0		3818.861276000
17		1358	3818.866453000
17		41	3818.904897000
17		1358	3818.906928000
17		41	3818.951654000
17		1358	3818.953427000
17		41	3818.997087000
17		1358	3818.998323000
17		41	3819.045320000
17		1358	3819.047064000
17		41	3819.089336000
17		1358	3819.091017000
6	0		3819.135435000
17		41	3819.135480000
17		1358	3819.144967000
17		41	3819.181721000
17		1358	3819.197418000
17		41	3819.227318000
17		1358	3819.236650000
17		41	3819.273683000
17		1358	3819.275328000
17		1358	3819.315138000
17		41	3819.319442000
17		1358	3819.355599000
17		41	3819.365740000
17		1358	3819.396527000
17		41	3819.411806000
17		1358	3819.437595000
17		41	3819.457627000
17		1358	3819.477920000
17		41	3819.503669000
17		1358	3819.518869000
17		41	3819.548929000
17		1358	3819.559181000
17		41	3819.594999000
17		1358	3819.599898000
17		41	3819.641306000
17		1358	3819.643009000
17		1358	3820.030893000
17		41	3820.101006000
17		46	3820.147756000
17		1358	3820.149375000
17		41	3820.193009000
17		1358	3820.194755000
17		41	3820.239451000
17		1358	3820.248695000
17		41	3820.285204000
17		1358	3820.302728000
17		41	3820.331143000
17		1358	3820.343458000
17		41	3820.377011000
17		1358	3820.384477000
17		41	3820.515467000
17		35	3820.516884000
17		1358	3821.180698000
17		42	3821.205062000
17		41	3821.251172000
17		37	3821.252790000
17		42	3821.343279000
17		1358	3821.345598000
17		42	3821.389003000
17		1358	3821.391376000
17		42	3821.435183000
17		1358	3821.437084000
17		43	3821.481223000
17		1358	3821.483840000
17		43	3821.527588000
17		1358	3821.529233000
17		43	3821.573350000
17		1358	3821.574487000
17		44	3822.400909000
17		1358	3822.402767000
17		42	3822.538832000
17		1358	3822.540517000
17		42	3822.585099000
17		1358	3822.594144000
17		43	3822.631502000
17		1358	3822.647921000
17		43	3822.677384000
17		1358	3822.688472000
17		43	3822.723001000
17		1358	3822.728755000
17		43	3822.769132000
17		1358	3822.770797000
17		684	3822.815158000
17		35	3822.816998000
17		74	3822.820817000
17		33	3822.820837000
17		43	3823.596897000
17		1358	3823.598638000
17		43	3823.734901000
17		1358	3823.736659000
17		43	3823.780946000
17		1358	3823.782611000
17		43	3823.827278000
17		1358	3823.828958000
17		43	3823.873603000
17		1358	3823.875269000
17		43	3823.919115000
17		1358	3823.920791000
17		48	3823.965318000
17		1358	3823.966817000
17		43	3824.010868000
17		41	3824.010902000
17		33	3824.038187000
17		43	3824.793661000
17		43	3824.931406000
17		43	3824.977344000
17		1358	3824.978545000
17		43	3825.069660000
17		1358	3825.071398000
17		43	3825.115664000
17		1358	3825.117409000
17		1358	3825.157812000
17		41	3825.161524000
17		1358	3825.197756000
17		41	3825.345735000
17		1358	3825.347459000
17		1358	3825.388240000
17		41	3825.390934000
17		1358	3825.427875000
17		41	3825.437610000
17		1358	3825.466855000
17		41	3825.483054000
17		1358	3825.505952000
17		1358	3825.545950000
17		41	3825.575109000
17		1358	3825.584851000
17		1358	3825.624800000
17		1358	3825.664285000
17		1358	3825.703826000
17		1358	3825.742658000
17		41	3825.759210000
17		1358	3825.783103000
17		1358	3825.822152000
17		41	3825.851320000
17		1358	3825.860966000
17		1358	3825.900762000
17		1358	3825.940414000
17		41	3825.943058000
17		1358	3825.979236000
17		41	3825.989495000
17		1358	3826.019392000
17		41	3826.035576000
17		1358	3826.058489000
17		1358	3826.099296000
17		41	3826.127458000
17		1358	3826.138380000
17		1358	3826.169247000
17		1358	3826.201596000
17		41	3826.218871000
17		1358	3826.232776000
17		1358	3826.263746000
17		1358	3826.295227000
17		41	3826.310871000
17		1358	3826.327764000
17		46	3826.357370000
17		1358	3826.358989000
17		41	3826.449250000
17		1358	3826.451551000
17		41	3826.540898000
17		1358	3826.543033000
17		41	3826.587211000
17		41	3826.679230000
17		41	3826.725225000
17		41	3826.771443000
17		1358	3826.772869000
17		41	3826.863055000
17		1358	3826.864708000
17		41	3826.909233000
17		1358	3826.910953000
17		41	3826.955276000
17		1358	3826.956909000
17		41	3827.001028000
17		1358	3827.002722000
17		41	3827.093161000
17		1358	3827.095019000
17		41	3827.185144000
17		1358	3827.186812000
17		41	3827.231730000
17		1358	3827.233398000
17		41	3827.276931000
17		1358	3827.278343000
17		41	3827.323614000
17		1358	3827.325379000
17		41	3827.369361000
17		1358	3827.371119000
17		41	3827.461498000
17		1358	3827.463219000
17		41	3827.507613000
17		1358	3827.509280000
17		41	3827.553437000
17		1358	3827.554985000
17		46	3827.599312000
17		1358	3827.601349000
17		41	3827.737666000
17		962	3827.738941000
17		41	3827.783345000
17		41	3827.921330000
17		41	3827.967291000
17		41	3828.059718000
17		41	3828.104814000
17		41	3828.150865000
17		41	3828.243508000
17		41	3828.289492000
17		41	3828.335748000
17		41	3828.381296000
17		41	3828.426921000
17		41	3828.519189000
17		41	3828.611586000
17		41	3828.657290000
17		41	3828.703353000
17		906	3828.748883000
17		39	3828.749570000
17		41	3828.795530000
17		41	3829.117149000
17		157	3829.165713000
17		1353	3829.165738000
17		1358	3829.165742000
17		1358	3829.165746000
17		1358	3829.165749000
17		1358	3829.165754000
17		1358	3829.165758000
17		1358	3829.165762000
17		1358	3829.165765000
17		1358	3829.165769000
17		1358	3829.165774000
17		1358	3829.203962000
17		1358	3829.239543000
17		1358	3829.276872000
17		1358	3829.314089000
17		1358	3829.350053000
17		1358	3829.387312000
17		47	3829.439349000
17		33	3829.458435000
17		41	3829.485576000
17		41	3829.531524000
17		41	3829.577417000
17		1358	3829.579149000
17		41	3829.622935000
17		1358	3829.641203000
17		41	3829.669108000
17		1358	3829.703589000
17		41	3829.715099000
17		41	3829.761739000
17		1358	3829.765151000
17		41	3829.807082000
17		1358	3829.812092000
17		41	3829.852924000
17		1358	3829.858243000
17		1358	3829.903218000
17		41	3829.945312000
17		1358	3829.949855000
17		41	3829.991255000
17		1358	3829.995300000
17		1358	3830.041103000
17		41	3830.082878000
17		1358	3830.086874000
17		41	3830.175036000
17		1358	3830.176714000
17		41	3830.220952000
17		1358	3830.222743000
17		41	3830.313202000
17		1358	3830.315107000
17		41	3830.497115000
17		41	3830.588898000
17		41	3830.681125000
17		1358	3830.682780000
17		41	3830.772826000
17		1358	3830.774482000
17		46	3830.819000000
17		1358	3830.835641000
17		41	3830.865561000
17		1358	3830.896696000
17		41	3830.911717000
17		41	3830.957667000
17		1358	3830.959355000
17		1358	3831.020761000
17		41	3831.049061000
17		1358	3831.081879000
17		41	3831.140926000
17		1358	3831.142752000
17		41	3831.187752000
17		1358	3831.204800000
17		41	3831.325134000
17		1358	3831.326794000
17		41	3831.371688000
17		1358	3831.388162000
17		41	3831.417585000
17		1358	3831.450195000
6	0		3831.601349000
6	0		3831.603430000
17		41	3831.692930000
17		1358	3831.694622000
17		41	3831.738865000
17		1358	3831.776128000
17		41	3831.831274000
17		1358	3831.858127000
17		41	3831.969296000
17		1358	3831.970951000
17		41	3832.061745000
17		1358	3832.063417000
17		41	3832.107146000
17		1358	3832.124459000
17		41	3832.153613000
17		1358	3832.185671000
17		41	3832.291071000
17		1358	3832.292757000
17		41	3832.337683000
17		1358	3832.354298000
17		41	3832.382934000
17		1358	3832.415179000
17		46	3832.429498000
17		33	3832.448164000
17		1358	3832.476921000
17		1358	3832.538483000
17		41	3832.659391000
17		1358	3832.660956000
17		41	3832.751405000
17		1358	3832.753086000
17		41	3832.843144000
17		1358	3832.844683000
17		41	3832.981196000
17		1358	3832.982902000
17		41	3833.119526000
17		1358	3833.120962000
17		41	3833.165625000
17		1358	3833.182355000
17		41	3833.211117000
17		1358	3833.243998000
17		41	3833.349416000
17		1358	3833.351129000
17		41	3833.394973000
17		1358	3833.413139000
17		41	3833.441166000
17		1358	3833.474731000
17		41	3833.532869000
17		1358	3833.534564000
17		1358	3833.595938000
17		41	3833.670918000
17		1358	3833.672597000
17		41	3833.809336000
17		1358	3833.811143000
17		41	3833.855299000
17		1358	3833.871853000
17		41	3833.993640000
17		1358	3833.995344000
17		41	3834.131645000
17		1358	3834.133340000
17		41	3834.223707000
17		1358	3834.225263000
17		41	3834.269547000
17		1358	3834.274482000
17		41	3834.361660000
17		1358	3834.363351000
17		46	3834.407303000
17		33	3834.426096000
17		1358	3834.445722000
17		41	3834.453396000
17		41	3834.499740000
17		1358	3834.528119000
17		41	3834.591135000
17		1358	3834.609401000
17		1358	3834.669865000
17		41	3834.683430000
17		1358	3834.730317000
17		41	3834.820801000
17		1358	3834.822589000
17		41	3834.912806000
17		1358	3834.914492000
17		41	3835.051028000
17		1358	3835.052692000
17		41	3835.189154000
17		1358	3835.190941000
17		41	3835.281092000
17		1358	3835.282812000
17		41	3835.327210000
17		1358	3835.343777000
17		41	3835.465129000
17		1358	3835.466816000
17		41	3835.511030000
17		1358	3835.528159000
17		41	3835.557779000
17		1358	3835.590532000
17		41	3835.603449000
17		41	3835.649637000
17		1358	3835.651380000
17		41	3835.695882000
17		1358	3835.713043000
17		41	3835.741534000
17		1358	3835.774221000
17		41	3835.787169000
17		41	3835.833738000
17		1358	3835.834066000
17		46	3835.879906000
17		1358	3835.895023000
17		41	3835.925258000
17		1358	3835.955029000
17		1358	3836.014829000
17		41	3836.017101000
17		1358	3836.075376000
17		1358	3836.136575000
17		41	3836.155226000
17		1358	3836.197129000
17		41	3836.201133000
17		41	3836.247329000
17		1358	3836.257223000
17		41	3836.293611000
17		1358	3836.318021000
17		41	3836.338857000
17		1358	3836.366351000
17		41	3836.385006000
17		1358	3836.415029000
17		41	3836.431306000
17		1358	3836.463942000
17		41	3836.477244000
17		1358	3836.511975000
17		41	3836.523096000
17		1358	3836.560345000
17		1358	3836.608435000
17		41	3836.615686000
17		1358	3836.656867000
17		41	3836.661452000
17		1358	3836.737767000
17		41	3836.753103000
17		1358	3836.819010000
17		41	3836.845024000
17		1358	3836.899387000
17		41	3836.937221000
17		1358	3836.979329000
17		41	3837.029308000
17		1358	3837.040161000
17		1358	3837.100489000
17		41	3837.121763000
17		1358	3837.161551000
17		41	3837.166862000
17		1358	3837.222661000
17		46	3837.258940000
17		33	3837.277731000
17		1358	3837.284280000
17		41	3837.351479000
17		1358	3837.352147000
17		1358	3837.414277000
17		41	3837.443387000
17		1358	3837.474310000
17		41	3837.535454000
17		1358	3837.537104000
17		41	3837.627165000
17		589	3837.628927000
17		41	3837.718979000
17		41	3837.811275000
17		41	3837.857346000
17		41	3837.995375000
17		41	3838.041007000
17		41	3838.087228000
17		41	3838.179362000
17		41	3838.225599000
17		41	3838.271579000
17		41	3838.363561000
17		41	3838.455709000
17		41	3838.500785000
17		906	3838.593402000
17		41	3838.593411000
17		39	3838.594170000
17		157	3838.594687000
17		1358	3838.603855000
17		1358	3838.666210000
17		1358	3838.726052000
17		1358	3838.786877000
17		1358	3838.848101000
17		1358	3838.908821000
17		41	3838.960998000
17		1358	3838.969238000
17		47	3839.007577000
17		1358	3839.017769000
17		41	3839.052891000
17		1358	3839.067864000
17		1358	3839.115899000
17		41	3839.145026000
17		1358	3839.164325000
17		1358	3839.213403000
17		41	3839.237540000
17		1358	3839.262793000
17		41	3839.329021000
17		1358	3839.343956000
17		41	3839.420965000
17		1358	3839.422622000
17		1358	3839.505897000
17		41	3839.559101000
17		41	3839.651355000
17		41	3839.697247000
17		41	3839.789259000
17		41	3839.835527000
17		41	3839.881628000
17		41	3839.973236000
17		1358	3839.974874000
17		41	3840.018832000
17		1358	3840.020822000
17		41	3840.111234000
17		1358	3840.112892000
17		41	3840.202966000
17		1358	3840.204264000
17		41	3840.341405000
17		1358	3840.342452000
17		41	3840.663533000
17		1358	3840.665250000
17		1358	3840.726362000
17		41	3840.786882000
17		1358	3840.788550000
17		1358	3840.848332000
17		1358	3840.909812000
17		41	3840.911522000
17		1358	3840.970719000
17		46	3840.973183000
17		33	3840.990955000
17		1358	3841.031999000
17		1358	3841.092198000
17		1358	3841.152668000
17		41	3841.158953000
17		1358	3841.213785000
17		1358	3841.274635000
17		1358	3841.335462000
17		1358	3841.396814000
17		1358	3841.457750000
17		41	3841.469111000
17		1358	3841.518302000
17		1358	3841.579678000
17		41	3841.593609000
17		1358	3841.640678000
17		1358	3841.700343000
17		41	3841.716776000
17		1358	3841.760869000
17		1358	3841.822986000
17		41	3841.841716000
17		1358	3841.883536000
17		41	3841.903043000
17		1358	3841.943497000
17		1358	3842.005119000
17		41	3842.027613000
17		1358	3842.066602000
17		1358	3842.126442000
17		41	3842.151001000
17		1358	3842.187295000
17		1358	3842.248737000
17		41	3842.275073000
17		1358	3842.308897000
17		1358	3842.369684000
17		41	3842.398965000
17		1358	3842.431319000
17		1358	3842.492223000
17		41	3842.523568000
17		1358	3842.552359000
17		1358	3842.613780000
17		41	3842.647734000
17		1358	3842.675211000
17		1358	3842.735022000
17		41	3842.770937000
17		1358	3842.795944000
17		41	3842.832817000
17		1358	3842.857164000
17		1358	3842.917764000
17		41	3842.957255000
17		1358	3842.978179000
17		1358	3843.040070000
17		41	3843.081294000
17		1358	3843.100226000
17		41	3843.204932000
17		1358	3843.207040000
17		41	3843.267588000
17		1358	3843.269108000
17		41	3843.329305000
17		1358	3843.330984000
17		46	3843.453475000
17		1358	3843.455219000
17		41	3843.577655000
17		1358	3843.579248000
17		41	3843.701452000
17		1358	3843.703191000
17		41	3843.763491000
17		1358	3843.765210000
17		41	3843.825508000
17		1358	3843.827193000
17		41	3843.949454000
17		1358	3843.951129000
17		41	3844.073502000
17		1358	3844.075204000
17		41	3844.135087000
17		1358	3844.137630000
17		41	3844.197265000
17		1358	3844.198879000
17		41	3844.321142000
17		1358	3844.322792000
17		41	3844.383430000
17		1358	3844.385185000
17		41	3844.445045000
17		1358	3844.446716000
17		41	3844.507246000
17		1358	3844.508831000
17		41	3844.631252000
17		1358	3844.632985000
17		46	3844.755397000
17		1358	3844.757135000
17		587	3844.817201000
17		35	3844.819748000
17		76	3844.821081000
17		33	3844.821167000
17		41	3844.879409000
17		1358	3844.881082000
17		41	3845.003392000
17		1358	3845.004838000
17		41	3845.065459000
17		1358	3845.086861000
17		41	3845.188840000
17		1358	3845.189994000
17		41	3845.313102000
17		1358	3845.314824000
17		41	3845.375723000
17		1358	3845.397393000
17		41	3845.436952000
17		1358	3845.479422000
17		41	3845.499543000
17		1358	3845.559946000
17		41	3845.561718000
17		1358	3845.641192000
17		1358	3845.722113000
17		41	3845.747508000
17		1358	3845.803801000
17		41	3845.809304000
17		1358	3845.866197000
17		41	3845.995791000
17		1358	3845.997526000
17		41	3846.057544000
17		1358	3846.059048000
17		41	3846.119168000
17		1358	3846.120202000
17		41	3846.181187000
17		1358	3846.182857000
17		41	3846.367388000
17		1358	3846.369055000
17		41	3846.429561000
17		1358	3846.431231000
17		33	3846.487857000
17		1358	3846.491062000
17		41	3846.491284000
17		1358	3846.552551000
17		41	3846.553246000
17		587	3846.553270000
17		33	3846.554790000
17		1358	3846.614585000
17		46	3846.615635000
17		35	3846.634626000
17		1358	3846.675780000
17		41	3846.677718000
17		1358	3846.737410000
17		41	3846.738937000
17		1358	3846.799656000
17		43	3846.801774000
17		41	3846.801800000
17		41	3846.801807000
17		33	3846.803367000
17		1358	3846.861601000
17		41	3846.863356000
17		1358	3846.922927000
17		41	3846.924851000
17		1358	3846.984799000
17		41	3846.987139000
17		1358	3847.047346000
17		41	3847.049083000
17		1358	3847.109774000
17		41	3847.111428000
17		1358	3847.171755000
17		41	3847.173177000
17		1358	3847.233765000
17		41	3847.235034000
17		1358	3847.295706000
17		41	3847.296956000
17		1358	3847.356533000
6	0		3847.358902000
17		41	3847.358930000
6	0		3847.360991000
17		1358	3847.416634000
17		41	3847.421755000
17		1358	3847.478152000
17		41	3847.482941000
17		1358	3847.539085000
17		1358	3847.599570000
17		41	3847.668908000
17		1358	3847.670582000
17		41	3847.731516000
17		1358	3847.733201000
17		41	3847.792896000
17		1358	3847.794617000
17		41	3847.854915000
17		1358	3847.856057000
17		41	3848.041274000
17		1358	3848.043169000
17		41	3848.103490000
17		46	3848.103515000
17		1358	3848.104984000
6	73		3848.152870000
17		1358	3848.165107000
17		41	3848.165314000
17		1358	3848.226596000
17		41	3848.227324000
17		1358	3848.288810000
17		41	3848.288855000
17		255	3848.350841000
17		41	3848.351006000
17		41	3848.412990000
17		41	3848.475086000
17		41	3848.537289000
17		41	3848.599748000
17		41	3848.660963000
17		41	3848.723451000
17		41	3848.785285000
17		41	3848.847331000
17		41	3848.909510000
17		41	3848.971594000
17		41	3849.033775000
17		41	3849.095021000
17		41	3849.281011000
17		41	3849.405317000
17		41	3849.467373000
17		46	3849.591140000
17		33	3849.610381000
17		41	3849.715804000
17		41	3849.901011000
17		41	3849.963252000
6	0		3850.087508000
17		41	3850.087538000
6	0		3850.088778000
17		41	3850.211037000
17		913	3850.334882000
17		39	3850.335685000
17		157	3850.336831000
17		1353	3850.336840000
17		1358	3850.336845000
17		1358	3850.336899000
17		1358	3850.336906000
17		1358	3850.336912000
17		1358	3850.336918000
17		1358	3850.336924000
17		1358	3850.336928000
17		1358	3850.336932000
17		1358	3850.386366000
17		1358	3850.434892000
17		1358	3850.483304000
17		1358	3850.532556000
17		1358	3850.581470000
17		1358	3850.630063000
17		1358	3850.678804000
17		1358	3850.727380000
17		1358	3850.775764000
17		1358	3850.825231000
17		1358	3850.873698000
17		1358	3850.922661000
17		1358	3850.971342000
17		1358	3851.020032000
17		1358	3851.067619000
17		1358	3851.116054000
6	0		3851.327714000
17		47	3851.513242000
17		1358	3851.513919000
17		41	3851.575196000
17		1358	3851.596156000
17		41	3851.637102000
17		1358	3851.678036000
17		41	3851.699375000
17		1358	3851.760067000
17		41	3851.761299000
17		41	3851.823259000
17		1358	3851.840247000
17		41	3851.885467000
17		1358	3851.921378000
17		41	3851.947485000
17		1358	3852.003179000
17		41	3852.009441000
17		41	3852.071478000
17		1358	3852.084078000
17		1358	3852.164700000
17		41	3852.195099000
17		1358	3852.246083000
17		41	3852.319405000
17		1358	3852.327401000
17		1358	3852.408574000
17		41	3852.443474000
17		1358	3852.489374000
17		41	3852.504808000
17		1358	3852.570351000
17		41	3852.628883000
17		1358	3852.651616000
17		1358	3852.733438000
17		41	3852.753099000
17		1358	3852.814527000
17		41	3852.814757000
17		1358	3852.875574000
17		1358	3852.935658000
17		41	3852.939044000
17		1358	3852.997090000
17		1358	3853.057517000
17		41	3853.063398000
17		1358	3853.118846000
17		41	3853.125250000
17		1358	3853.178940000
17		46	3853.187666000
17		33	3853.206588000
17		1358	3853.241111000
17		41	3853.249428000
17		1358	3853.301702000
17		1358	3853.362123000
17		41	3853.373347000
17		1358	3853.423008000
17		1358	3853.483501000
17		41	3853.497541000
17		1358	3853.544852000
17		41	3853.558941000
17		1358	3853.605104000
17		1358	3853.666248000
17		1358	3853.727020000
17		1358	3853.787853000
17		1358	3853.849185000
17		1358	3853.909411000
17		41	3853.931130000
17		1358	3853.970217000
17		1358	3854.031544000
17		41	3854.055644000
17		1358	3854.092341000
17		1358	3854.161795000
17		1358	3854.231734000
17		41	3854.241243000
17		1358	3854.299950000
17		41	3854.364973000
17		1358	3854.370364000
17		41	3854.489616000
17		1358	3854.491669000
17		41	3854.551058000
17		41	3854.675485000
17		1358	3854.677226000
17		41	3854.799706000
17		1358	3854.801399000
17		41	3854.923600000
17		1358	3854.924599000
17		41	3855.046993000
17		1358	3855.048801000
17		41	3855.171273000
17		1358	3855.173038000
17		41	3855.295193000
17		1358	3855.296954000
17		41	3855.419606000
17		1358	3855.421413000
17		41	3855.542903000
17		1358	3855.544699000
17		41	3855.666895000
17		1358	3855.668573000
17		46	3855.728928000
17		1358	3855.738847000
17		41	3855.853510000
17		1358	3855.855088000
17		41	3855.976858000
17		1358	3855.977754000
17		41	3856.101561000
17		1358	3856.103321000
17		41	3856.225758000
17		1358	3856.227577000
17		41	3856.286878000
17		1358	3856.297936000
17		41	3856.411168000
17		1358	3856.412885000
17		41	3856.535199000
17		1358	3856.536969000
17		41	3856.658932000
17		1358	3856.660771000
17		41	3856.782995000
17		1358	3856.783869000
17		41	3856.844995000
17		1358	3856.853952000
17		41	3856.907285000
17		1358	3856.924007000
17		41	3857.031147000
17		1358	3857.032788000
17		41	3857.155194000
17		1358	3857.156828000
17		41	3857.217141000
17		1358	3857.226838000
17		41	3857.341310000
17		1358	3857.343066000
17		41	3857.465321000
17		1358	3857.467001000
17		41	3857.589265000
17		1358	3857.590948000
17		41	3857.713337000
17		1358	3857.714909000
17		41	3857.775233000
17		1358	3857.785900000
17		46	3857.899281000
17		1358	3857.901339000
17		41	3857.961309000
17		1358	3857.971984000
17		41	3858.085113000
17		1358	3858.086835000
17		41	3858.209083000
17		1358	3858.210744000
17		41	3858.332922000
17		1358	3858.334590000
17		41	3858.395102000
17		1358	3858.405023000
17		41	3858.519410000
17		1358	3858.521061000
17		41	3858.705551000
17		1358	3858.707252000
17		41	3858.891700000
17		1358	3858.893312000
17		41	3858.953322000
17		1358	3858.963836000
17		41	3859.139422000
17		1358	3859.141100000
17		1358	3859.211053000
17		41	3859.325300000
17		1358	3859.326832000
17		41	3859.511255000
17		1358	3859.512986000
17		41	3859.697625000
17		1358	3859.699307000
17		41	3859.759338000
17		1358	3859.769626000
17		41	3859.945310000
17		1358	3859.946947000
17		41	3860.007654000
17		1358	3860.017557000
17		41	3860.193381000
17		1358	3860.195040000
17		41	3860.255717000
17		1358	3860.257408000
17		41	3860.440861000
17		1358	3860.442632000
17		1358	3860.499252000
17		46	3860.503224000
17		33	3860.521594000
17		1358	3860.554379000
17		41	3860.689668000
17		1358	3860.691361000
17		41	3860.751043000
17		1358	3860.752710000
17		41	3860.813914000
17		1358	3860.815603000
17		41	3860.875718000
17		1358	3860.877651000
17		41	3860.937392000
17		1358	3860.939066000
17		41	3860.998852000
17		1358	3861.000536000
17		41	3861.061312000
17		1338	3861.063126000
17		41	3861.123664000
17		41	3861.185721000
17		41	3861.247558000
17		41	3861.308922000
17		41	3861.371265000
17		41	3861.433422000
17		41	3861.495161000
17		41	3861.557353000
17		41	3861.619512000
17		41	3861.681016000
17		41	3861.742888000
17		41	3861.804854000
17		46	3861.866918000
17		33	3861.885764000
17		41	3861.929555000
17		41	3861.991106000
17		41	3862.053268000
17		41	3862.115297000
17		41	3862.177665000
17		41	3862.238818000
17		41	3862.362923000
17		41	3862.425488000
17		41	3862.611123000
17		41	3862.673183000
17		685	3862.797321000
17		37	3862.799891000
17		74	3862.803085000
17		33	3862.803146000
17		41	3862.858974000
17		41	3863.045672000
17		41	3863.107517000
17		41	3863.169353000
17		41	3863.355543000
17		41	3863.417346000
17		41	3863.479230000
17		41	3863.541108000
17		41	3863.603925000
17		46	3863.665675000
17		33	3863.684437000
17		832	3863.727011000
17		39	3863.727716000
17		1358	3863.729179000
17		1358	3863.729202000
17		1358	3863.729209000
17		1358	3863.729215000
17		1358	3863.729221000
17		1358	3863.729228000
17		1358	3863.729234000
17		1358	3863.729240000
17		1358	3863.729247000
17		1358	3863.729254000
17		1358	3863.800276000
17		1358	3863.868990000
17		1358	3863.940122000
17		1358	3864.008139000
17		1358	3864.077965000
17		1358	3864.147006000
17		1358	3864.216312000
17		43	3864.285325000
17		41	3864.285353000
17		1358	3864.286062000
17		33	3864.311999000
17		1358	3864.355631000
17		1358	3864.424091000
17		1358	3864.493476000
17		1358	3864.563550000
17		1358	3864.632172000
17		1358	3864.702079000
17		1358	3864.771202000
17		1358	3864.840746000
17		1358	3864.909605000
17		1358	3864.980245000
17		1358	3865.048885000
17		1358	3865.118982000
17		41	3865.153081000
17		1358	3865.187677000
17		47	3865.214824000
17		33	3865.233720000
17		1358	3865.243858000
17		41	3865.276863000
17		1358	3865.300038000
17		41	3865.339222000
17		1358	3865.354909000
17		41	3865.401410000
17		1358	3865.410560000
17		41	3865.463213000
17		1358	3865.464927000
17		1358	3865.521788000
17		41	3865.524968000
17		1358	3865.576967000
17		41	3865.587106000
17		1358	3865.632774000
17		41	3865.649414000
17		1358	3865.688294000
17		41	3865.711055000
17		1358	3865.743751000
17		41	3865.773423000
17		1358	3865.799592000
17		1358	3865.855140000
17		41	3865.896855000
17		1358	3865.910423000
17		41	3865.959188000
17		1358	3865.965683000
17		1358	3866.020698000
17		1358	3866.076876000
17		41	3866.083038000
17		1358	3866.133261000
17		1358	3866.188299000
17		1358	3866.244299000
17		41	3866.269711000
17		1358	3866.298956000
17		41	3866.331239000
17		1358	3866.355319000
17		1358	3866.410878000
17		41	3866.455307000
17		41	3866.455335000
17		34	3866.456863000
17		1358	3866.465868000
17		1358	3866.521190000
17		1358	3866.576609000
17		41	3866.579189000
17		1358	3866.633096000
17		41	3866.641060000
17		1358	3866.725293000
17		41	3866.764802000
17		1358	3866.817891000
17		41	3866.889290000
17		572	3866.910174000
17		46	3866.950814000
17		33	3866.968592000
17		41	3867.012857000
17		41	3867.137067000
17		41	3867.199170000
17		41	3867.323428000
17		41	3867.447766000
17		41	3867.509342000
17		41	3867.632843000
17		41	3867.757747000
17		41	3867.881518000
17		41	3868.005299000
17		41	3868.129362000
17		41	3868.253241000
17		41	3868.377530000
17		41	3868.439757000
17		41	3868.563278000
17		41	3868.686943000
17		41	3868.811168000
17		41	3868.873771000
17		41	3868.996868000
17		46	3869.121461000
17		41	3869.121493000
17		36	3869.123028000
17		33	3869.140087000
17		41	3869.182883000
17		41	3869.244920000
17		41	3869.368822000
17		41	3869.492938000
17		41	3869.555069000
17		41	3869.679334000
17		41	3869.803684000
17		41	3869.864851000
17		41	3869.989530000
17		41	3870.113386000
17		41	3870.174818000
17		41	3870.298997000
17		41	3870.361093000
17		41	3870.423422000
17		41	3870.547603000
17		41	3870.671138000
17		41	3870.795630000
17		833	3870.857709000
17		39	3870.858439000
17		153	3870.859203000
17		1353	3870.859212000
17		1358	3870.859227000
17		1358	3870.859239000
17		1358	3870.859244000
17		1358	3870.859249000
17		1358	3870.859252000
17		1358	3870.859256000
17		1358	3870.859261000
17		1358	3870.859265000
17		1358	3870.929460000
17		1358	3870.999538000
17		1358	3871.067836000
17		1358	3871.138670000
17		1358	3871.206814000
17		1358	3871.276937000
17		1358	3871.346103000
17		1358	3871.416429000
17		1358	3871.484936000
17		1358	3871.554352000
17		1358	3871.623881000
17		1358	3871.693618000
17		1358	3871.762735000
17		1358	3871.832294000
17		1358	3871.901094000
17		1358	3871.971686000
17		1358	3872.040805000
17		1358	3872.110075000
17		1358	3872.179292000
17		47	3872.222002000
17		33	3872.240769000
17		1358	3872.248890000
17		41	3872.283248000
17		1358	3872.317974000
17		41	3872.345828000
17		1358	3872.387927000
17		41	3872.407607000
17		1358	3872.457276000
17		41	3872.469588000
17		1358	3872.527233000
17		41	3872.531594000
17		41	3872.593510000
17		1358	3872.594811000
17		41	3872.655728000
17		1358	3872.666034000
17		41	3872.717736000
17		1358	3872.735071000
17		41	3872.779456000
17		1358	3872.804919000
17		41	3872.841639000
17		1358	3872.873884000
17		41	3872.903740000
17		1358	3872.943729000
17		41	3872.965715000
17		1358	3873.012147000
17		41	3873.027233000
17		1358	3873.082596000
17		41	3873.089500000
17		41	3873.151429000
17		1358	3873.151965000
17		41	3873.213640000
17		1358	3873.221028000
17		41	3873.275457000
17		1358	3873.290640000
17		41	3873.337596000
17		1358	3873.359948000
17		41	3873.399062000
17		1358	3873.428734000
17		46	3873.461161000
17		33	3873.479329000
17		1358	3873.499057000
17		41	3873.523334000
17		1358	3873.567625000
17		41	3873.584929000
17		1358	3873.637619000
17		1358	3873.706582000
17		41	3873.708955000
17		1358	3873.776427000
17		41	3873.833731000
17		792	3873.846048000
17		41	3873.957355000
17		41	3874.080866000
17		41	3874.143103000
17		41	3874.267459000
17		41	3874.391774000
17		41	3874.515077000
17		41	3874.639671000
17		41	3874.700916000
17		41	3874.763153000
17		587	3874.824789000
17		41	3874.824816000
17		40	3874.826601000
17		76	3874.828521000
17		33	3874.828548000
17		41	3874.887670000
17		41	3874.948789000
17		41	3875.010928000
17		41	3875.073063000
17		41	3875.135127000
17		46	3875.197428000
17		33	3875.215890000
17		41	3875.259601000
17		41	3875.321078000
17		41	3875.383275000
17		41	3875.445531000
17		826	3875.569234000
17		39	3875.569918000
17		1358	3875.570564000
17		41	3875.631226000
17		1358	3875.641489000
17		1358	3875.712098000
17		41	3875.755418000
17		1358	3875.780966000
17		1358	3875.850952000
17		41	3875.879290000
17		1358	3875.920019000
17		1358	3875.989886000
17		41	3876.003226000
17		1358	3876.058573000
17		41	3876.064911000
17		1358	3876.127240000
17		1358	3876.196989000
17		1358	3876.266844000
17		1358	3876.335898000
17		1358	3876.405847000
17		1358	3876.474959000
17		1358	3876.543723000
17		1358	3876.614212000
17		1358	3876.682701000
17		1358	3876.752844000
17		1358	3876.821530000
17		1358	3876.892193000
17		44	3876.933583000
17		41	3876.933608000
17		33	3876.960363000
17		1358	3876.961207000
17		1358	3877.030952000
17		1358	3877.100164000
17		1358	3877.169912000
17		1358	3877.238097000
17		1358	3877.308352000
17		1358	3877.377098000
17		1358	3877.446924000
17		1358	3877.516696000
17		41	3877.552878000
17		1358	3877.586426000
17		47	3877.615327000
17		33	3877.633524000
17		1358	3877.654813000
17		1358	3877.725302000
17		41	3877.739252000
17		1358	3877.794602000
6	0		3877.862845000
17		41	3877.862875000
17		1358	3877.864742000
6	0		3877.864846000
17		41	3877.925795000
17		1358	3877.933324000
17		1358	3878.002404000
17		41	3878.049222000
17		1358	3878.072341000
17		1358	3878.141322000
17		41	3878.173831000
17		1358	3878.210812000
17		41	3878.234856000
17		1358	3878.280863000
17		1358	3878.350022000
17		41	3878.359341000
17		1358	3878.419994000
17		41	3878.483523000
17		1358	3878.488445000
17		1358	3878.558384000
17		41	3878.606842000
17		1358	3878.627845000
17		41	3878.669154000
17		1358	3878.697203000
17		1358	3878.766604000
17		41	3878.793435000
17		1358	3878.836366000
17		41	3878.854987000
17		1358	3878.905036000
17		1358	3878.975529000
17		41	3878.979122000
17		1358	3879.043761000
17		1358	3879.099885000
17		41	3879.102878000
17		1358	3879.154795000
17		41	3879.165082000
17		1358	3879.210942000
17		1358	3879.267062000
17		41	3879.289280000
17		1358	3879.321413000
17		41	3879.351462000
17		1358	3879.377379000
17		41	3879.414018000
17		1358	3879.433112000
17		1358	3879.488290000
17		41	3879.537376000
17		1358	3879.544517000
17		1358	3879.599373000
17		46	3879.599550000
17		33	3879.618623000
17		1358	3879.654953000
17		1358	3879.709973000
17		41	3879.723396000
17		1358	3879.766106000
17		41	3879.785390000
17		1358	3879.822694000
17		1358	3879.877088000
17		41	3879.909405000
17		1358	3879.933116000
17		1358	3879.987739000
17		41	3880.033784000
17		1358	3880.043900000
17		41	3880.095154000
17		1358	3880.100084000
17		1358	3880.154781000
17		1358	3880.211137000
17		41	3880.219325000
17		1358	3880.265656000
17		41	3880.280975000
17		1358	3880.321877000
17		41	3880.405852000
17		1358	3880.407627000
17		41	3880.467628000
17		41	3880.529163000
17		1358	3880.530627000
17		41	3880.653112000
17		1358	3880.654768000
17		41	3880.777388000
17		1358	3880.778765000
17		41	3880.901120000
17		1358	3880.902806000
17		41	3880.963108000
17		1358	3881.000224000
17		41	3881.087414000
17		1358	3881.097970000
17		41	3881.211037000
17		1358	3881.212724000
17		41	3881.335125000
17		1358	3881.336842000
17		41	3881.459286000
17		1358	3881.461004000
17		41	3881.583378000
17		1358	3881.584579000
17		46	3881.645571000
17		33	3881.664202000
17		1358	3881.682781000
17		41	3881.769252000
17		1358	3881.780429000
17		41	3881.893778000
17		1358	3881.895049000
17		41	3882.017396000
17		1358	3882.019118000
17		41	3882.141391000
17		1358	3882.143066000
17		41	3882.264777000
17		41	3882.389633000
17		41	3882.451052000
17		41	3882.513258000
17		41	3882.575536000
17		41	3882.637604000
17		41	3882.699687000
17		41	3882.761368000
17		41	3882.822982000
17		41	3882.885156000
17		41	3882.947660000
17		41	3883.009066000
17		41	3883.071532000
17		41	3883.133664000
17		41	3883.195676000
17		46	3883.257634000
17		33	3883.276421000
17		41	3883.319073000
17		41	3883.381654000
17		41	3883.443327000
17		41	3883.505384000
17		41	3883.567549000
17		41	3883.629599000
17		41	3883.691649000
17		41	3883.753881000
17		41	3883.815327000
17		41	3883.877084000
17		41	3883.939366000
17		41	3884.001690000
17		41	3884.063953000
17		41	3884.125727000
17		41	3884.187505000
17		41	3884.249153000
17		41	3884.435484000
17		41	3884.497156000
17		42	3884.683461000
17		47	3884.745034000
17		33	3884.763937000
17		41	3884.869247000
17		1358	3884.871296000
17		41	3884.993121000
17		1358	3884.994799000
17		41	3885.178979000
17		1358	3885.180667000
17		1358	3885.253347000
17		41	3885.365126000
17		1358	3885.366828000
17		41	3886.047282000
17		1358	3886.049032000
17		1358	3886.107082000
17		788	3886.164839000
17		41	3886.233146000
17		41	3886.481302000
17		41	3886.605515000
17		41	3886.728950000
17		906	3886.853140000
17		39	3886.853891000
17		156	3886.854792000
17		1358	3886.861796000
17		1358	3886.919914000
17		1358	3886.978207000
17		1358	3887.035076000
17		1358	3887.091954000
17		1358	3887.150186000
17		1358	3887.208153000
17		1358	3887.264966000
17		41	3887.286943000
17		1358	3887.322840000
17		1358	3887.379874000
17		41	3887.411351000
17		1358	3887.437466000
17		1358	3887.495638000
17		41	3887.534958000
17		1358	3887.552478000
17		1358	3887.609390000
17		1358	3887.667592000
17		1358	3887.724788000
17		1358	3887.782038000
17		1358	3887.840312000
17		1358	3887.897602000
17		1358	3887.955789000
17		1358	3888.012885000
17		1358	3888.069616000
17		47	3888.093223000
17		33	3888.111682000
17		1358	3888.127641000
17		41	3888.155370000
17		1358	3888.223257000
17		41	3888.279300000
17		1358	3888.319213000
17		41	3888.403449000
17		1358	3888.415231000
17		41	3888.465639000
17		1358	3888.511338000
17		41	3888.527134000
17		1358	3888.606492000
17		41	3888.651069000
17		1358	3888.701684000
17		41	3888.774802000
17		1358	3888.798132000
17		1358	3888.894459000
17		41	3888.899820000
17		41	3888.961225000
17		1358	3888.989905000
17		41	3889.085169000
17		1358	3889.085394000
17		1358	3889.180731000
17		41	3889.209189000
17		1358	3889.276812000
17		41	3889.333675000
17		1358	3889.372979000
17		41	3889.394990000
17		1358	3889.444823000
17		1358	3889.516646000
17		41	3889.519023000
17		41	3889.581383000
17		1358	3889.587974000
17		1358	3889.660360000
17		41	3889.705233000
17		1358	3889.732537000
17		41	3889.767540000
17		1358	3889.803829000
17		1358	3889.875089000
17		41	3889.891054000
17		1358	3889.948032000
17		41	3890.015229000
17		1358	3890.020137000
17		1358	3890.092146000
17		46	3890.138893000
17		33	3890.157486000
17		1358	3890.163609000
17		1358	3890.235060000
17		41	3890.263265000
17		1358	3890.306839000
17		41	3890.325286000
17		1358	3890.378843000
17		41	3890.449311000
17		1358	3890.450536000
17		1358	3890.522236000
17		41	3890.573118000
17		1358	3890.593851000
17		1358	3890.666678000
17		1358	3890.738408000
17		41	3890.759217000
17		1358	3890.810921000
17		41	3890.821791000
17		1358	3890.882691000
17		41	3890.944939000
17		1358	3890.954408000
17		1358	3891.025693000
17		1358	3891.097059000
17		41	3891.130918000
17		196	3891.169333000
17		41	3891.255561000
17		41	3891.378842000
17		41	3891.503164000
17		41	3891.689683000
17		41	3891.812938000
17		41	3891.937410000
17		41	3892.061140000
17		41	3892.185153000
17		41	3892.309498000
17		41	3892.432909000
17		41	3892.557185000
17		46	3892.681548000
17		33	3892.700401000
17		41	3892.805268000
17		41	3892.929113000
17		41	3893.052787000
17		41	3893.177022000
17		41	3893.239063000
17		41	3893.425566000
17		41	3893.549126000
17		41	3893.673651000
17		41	3893.796845000
17		41	3893.920871000
17		41	3894.107062000
17		41	3894.230841000
17		915	3894.355395000
17		39	3894.356190000
17		1358	3894.359193000
17		1358	3894.432000000
17		41	3894.479383000
17		1358	3894.503793000
17		41	3894.541601000
17		1358	3894.575714000
17		1358	3894.648244000
17		1358	3894.719178000
17		41	3894.727506000
17		41	3894.789753000
17		1358	3894.791530000
17		41	3894.851162000
17		1358	3894.862876000
17		41	3894.912874000
17		1358	3894.935164000
17		41	3894.974887000
17		1358	3895.006157000
17		1358	3895.078906000
17		1358	3895.151366000
17		1358	3895.223193000
17		41	3895.285206000
17		1358	3895.294819000
17		47	3895.347424000
17		33	3895.365999000
17		1358	3895.366038000
17		41	3895.409398000
17		1358	3895.438438000
17		41	3895.470913000
17		1358	3895.509853000
17		1358	3895.581365000
17		41	3895.595199000
17		1358	3895.653090000
17		41	3895.719649000
17		1358	3895.724700000
17		1358	3895.796616000
17		41	3895.842973000
17		1358	3895.869029000
17		1358	3895.941372000
17		41	3895.967098000
17		1358	3896.013640000
17		41	3896.029366000
17		1358	3896.085095000
17		41	3896.091065000
17		41	3896.153413000
17		1358	3896.154997000
17		1358	3896.229092000
17		1358	3896.300036000
17		41	3896.338938000
17		1358	3896.371928000
17		1358	3896.429463000
17		41	3896.463301000
17		1358	3896.486426000
17		1358	3896.544736000
17		41	3896.587754000
17		1358	3896.602074000
17		1358	3896.660317000
17		41	3896.711399000
17		1358	3896.717053000
17		1358	3896.774957000
17		1358	3896.832471000
17		1358	3896.889843000
17		41	3896.897191000
17		1358	3896.947046000
17		1358	3897.005122000
17		41	3897.021290000
17		1358	3897.061419000
17		41	3897.083596000
17		1358	3897.119698000
17		1358	3897.177164000
17		41	3897.206923000
17		1358	3897.234542000
17		1358	3897.292252000
17		41	3897.331101000
17		1358	3897.349256000
17		1358	3897.444773000
17		41	3897.517140000
17		1358	3897.541038000
17		1358	3897.636865000
17		46	3897.641287000
17		33	3897.660134000
17		1358	3897.732988000
17		41	3897.765773000
17		1358	3897.828541000
17		41	3897.889498000
17		1358	3897.923546000
17		1358	3898.020559000
17		41	3898.075711000
17		1358	3898.115936000
17		41	3898.198880000
17		1358	3898.211917000
17		1358	3898.307930000
17		41	3898.323260000
17		41	3898.384852000
17		1358	3898.402808000
17		1358	3898.474513000
17		41	3898.509265000
17		1358	3898.547824000
17		1358	3898.619102000
17		41	3898.633138000
17		1358	3898.691431000
17		41	3898.757034000
17		1358	3898.763020000
17		1358	3898.834213000
17		41	3898.881279000
17		1358	3898.906366000
17		41	3898.943677000
17		1358	3898.978166000
17		1358	3899.049931000
17		41	3899.066802000
17		1358	3899.122010000
17		41	3899.129204000
17		150	3899.193240000
17		41	3899.253528000
17		41	3899.315292000
17		41	3899.438983000
17		41	3899.500912000
17		41	3899.562922000
17		41	3899.687566000
17		46	3899.749238000
17		33	3899.767824000
17		41	3899.873281000
17		41	3899.997602000
17		41	3900.059370000
17		41	3900.183135000
17		41	3900.306991000
17		41	3900.431311000
17		41	3900.493576000
17		41	3900.617019000
17		41	3900.804503000
17		41	3901.178424000
17		41	3901.739777000
17		41	3902.113373000
17		41	3902.487359000
17		1358	3902.861467000
17		1358	3902.863889000
17		33	3902.888925000
17		41	3903.048721000
17		41	3903.422390000
17		41	3903.609761000
17		35	3903.611477000
17		41	3903.796341000
17		41	3903.983174000
17		41	3904.357191000
17		827	3904.357223000
17		34	3904.357937000
17		1358	3904.358556000
17		1358	3904.431838000
17		1358	3904.503935000
17		41	3904.544680000
17		1358	3904.575448000
17		1358	3904.646759000
17		1358	3904.718201000
17		1358	3904.790662000
17		1358	3904.861778000
17		1358	3904.933898000
17		1358	3905.006525000
17		1358	3905.078927000
17		41	3905.105648000
17		1358	3905.150559000
17		1358	3905.207532000
17		1358	3905.264841000
17		41	3905.292630000
17		41	3905.479834000
17		41	3905.666772000
17		41	3906.227197000
17		41	3906.414020000
17		684	3907.723401000
17		41	3907.723436000
17		36	3907.725167000
17		74	3907.727717000
17		33	3907.727752000
17		47	3907.909953000
17		33	3907.929031000
17		41	3908.097148000
17		41	3908.284618000
17		41	3908.470927000
17		41	3908.658021000
17		41	3908.845345000
17		41	3909.032476000
17		41	3909.219743000
17		41	3909.406032000
17		1358	3909.407760000
17		41	3909.593587000
17		1358	3909.595039000
17		41	3909.780402000
17		1358	3909.782033000
17		41	3909.967399000
17		1358	3909.969000000
17		41	3910.154406000
17		1358	3910.156168000
17		33	3912.245263000
17		684	3912.584958000
17		34	3912.586461000
17		44	3912.772550000
17		34	3912.774087000
17		592	3912.959337000
17		41	3912.959370000
17		1358	3912.960963000
17		38	3912.961101000
17		76	3912.962861000
17		33	3912.963129000
17		1358	3913.033150000
17		1358	3913.105760000
17		41	3913.147032000
17		1358	3913.176847000
17		1358	3913.249399000
17		1358	3913.321033000
17		41	3913.333231000
17		41	3913.333276000
17		45	3913.333287000
17		827	3913.333295000
17		41	3913.333902000
17		33	3913.333976000
17		1358	3913.394059000
17		1358	3913.466669000
17		41	3913.519935000
17		1358	3913.538556000
17		1358	3913.610613000
17		1358	3913.682276000
17		41	3913.707585000
17		1358	3913.754287000
17		1358	3913.826336000
17		1358	3913.897924000
17		1358	3913.969860000
17		1358	3914.041046000
17		1358	3914.112595000
17		1358	3914.185205000
17		1358	3914.257060000
17		1358	3914.329475000
17		1358	3914.405912000
17		1358	3914.473248000
17		1358	3914.545044000
17		1358	3914.616446000
17		1358	3914.688017000
17		1358	3914.760276000
17		828	3914.828924000
17		38	3914.830746000
17		1358	3914.831891000
17		76	3914.832180000
17		33	3914.832245000
17		1358	3914.903024000
17		1358	3914.975288000
17		1358	3915.047035000
17		1358	3915.119169000
17		1358	3915.191303000
17		1358	3915.263380000
17		1358	3915.334844000
17		1358	3915.406509000
17		1358	3915.478188000
17		1358	3915.550352000
17		1358	3915.622122000
17		1358	3915.694326000
17		1358	3915.765444000
17		42	3918.756045000
17		41	3918.756054000
17		36	3918.757588000
17		41	3919.691586000
17		35	3919.693407000
17		42	3920.626403000
17		46	3920.626437000
17		41	3920.626447000
17		43	3920.626451000
17		34	3920.628006000
17		1358	3920.628243000
17		1358	3920.701310000
17		41	3921.000332000
17		1358	3921.001953000
17		1358	3921.074846000
17		41	3921.187198000
17		1358	3921.189131000
17		1358	3921.261827000
17		41	3921.561837000
17		1358	3921.563583000
17		1358	3921.636818000
17		41	3921.935410000
17		1358	3921.937178000
17		1358	3922.010609000
17		41	3922.309373000
17		1358	3922.311112000
17		1358	3922.384335000
17		47	3922.683352000
17		1358	3922.685159000
17		1358	3922.757435000
17		41	3923.057440000
17		1358	3923.058739000
17		758	3923.132128000
17		41	3923.431353000
17		41	3923.805316000
17		41	3924.179506000
17		41	3924.179542000
17		45	3924.179546000
17		826	3924.179551000
17		34	3924.180280000
17		41	3924.553411000
17		41	3924.927398000
17		822	3924.927429000
17		38	3924.929254000
17		76	3924.931036000
17		33	3924.933071000
17		41	3925.114366000
17		41	3925.488320000
17		41	3925.862384000
6	0		3926.049339000
6	0		3926.051287000
17		41	3926.236411000
17		41	3926.610365000
17		41	3926.984347000
17		41	3927.358285000
17		41	3927.732179000
17		41	3928.106350000
17		41	3928.480402000
17		41	3928.854477000
17		41	3929.228135000
17		43	3929.415462000
17		46	3929.602576000
17		41	3929.602606000
17		43	3929.602611000
17		35	3929.629694000
17		41	3929.976490000
17		41	3930.350072000
17		41	3930.723930000
17		41	3930.911070000
17		37	3930.912776000
17		41	3931.098233000
17		41	3931.472082000
17		41	3931.846429000
17		41	3932.220028000
17		41	3932.594405000
17		41	3932.781165000
17		41	3933.155669000
17		41	3933.529009000
17		41	3933.903375000
17		41	3934.277249000
17		619	3934.838407000
17		38	3934.840123000
17		76	3934.841936000
17		33	3934.844194000
17		767	3935.399173000
17		38	3935.400929000
17		79	3935.407732000
17		96	3935.410084000
17		41	3942.131593000
17		41	3942.131634000
17		45	3942.131638000
17		827	3942.131643000
17		40	3942.132643000
17		35	3942.150831000
17		41	3942.318311000
17		41	3942.505009000
17		41	3942.692371000
17		41	3942.879450000
17		41	3943.066674000
17		41	3943.253005000
17		41	3943.440292000
17		41	3943.627868000
17		41	3943.814808000
17		41	3944.001146000
17		1358	3944.002853000
17		41	3944.188443000
17		1358	3944.190183000
17		41	3944.375135000
17		1358	3944.376911000
17		41	3944.562141000
17		1358	3944.563803000
17		45	3944.749371000
17		44	3944.749398000
17		41	3944.749403000
17		686	3944.749410000
17		1358	3944.751135000
17		33	3944.751199000
17		33	3944.751205000
17		75	3944.754128000
17		33	3944.756292000
17		44	3947.928144000
17		41	3947.928154000
17		795	3947.928160000
17		33	3947.929903000
17		33	3947.929925000
17		77	3947.931653000
17		33	3947.933828000
17		44	3948.863076000
17		41	3948.863083000
17		33	3948.889624000
17		41	3961.388144000
17		1358	3961.390638000
17		1257	3961.489476000
17		47	3961.667352000
17		41	3961.667376000
17		33	3961.685855000
17		41	3961.760464000
17		41	3961.854235000
17		44	3961.946194000
17		41	3961.946229000
17		41	3961.946237000
17		41	3961.946241000
17		857	3961.946246000
17		33	3961.947115000
17		1358	3961.948810000
17		33	3961.974332000
17		1358	3962.047088000
17		1358	3962.144739000
17		1358	3962.242205000
17		1358	3962.339460000
17		1358	3962.436748000
17		1174	3962.535035000
17		827	3964.829616000
17		36	3964.831487000
17		77	3964.833627000
17		33	3964.835300000
17		44	3965.015549000
17		41	3965.015557000
17		33	3965.042624000
17		41	3972.176079000
17		41	3972.362147000
17		47	3972.641449000
17		33	3972.660428000
17		41	3972.734598000
17		41	3972.920087000
17		41	3973.106550000
17		836	3973.106583000
17		33	3973.107278000
17		33	3973.107851000
17		1358	3973.110743000
17		1358	3973.208620000
17		41	3973.291921000
17		1358	3973.306710000
17		41	3973.478138000
17		1358	3973.480574000
17		41	3973.664013000
17		1358	3973.665701000
6	73		3975.819519000
17		44	3975.989495000
17		41	3975.989502000
17		33	3976.017125000
6	56		3980.819136000
6	0		3980.819610000
17		678	3982.871123000
17		36	3982.872966000
17		75	3982.876021000
17		33	3982.876152000
17		826	3983.894630000
17		41	3983.894638000
17		45	3983.894643000
17		33	3983.896031000
17		39	3983.896058000
17		815	3984.823849000
17		36	3984.825554000
17		77	3984.828062000
17		33	3984.829820000
17		41	3985.846867000
17		1358	3985.848995000
17		41	3985.940057000
17		1358	3985.947924000
17		1358	3986.045082000
17		41	3986.126301000
17		1358	3986.141909000
17		1358	3986.239822000
17		41	3986.312118000
17		1358	3986.337126000
17		1358	3986.434819000
17		1358	3986.531932000
17		1358	3986.629748000
17		41	3986.684103000
6	0		3986.714101000
17		1358	3986.726186000
17		1358	3986.824360000
17		1358	3986.921361000
17		41	3986.963161000
17		1358	3987.019530000
17		1358	3987.115979000
17		1358	3987.213742000
17		1358	3987.310889000
17		1358	3987.408708000
17		1358	3987.505460000
17		1358	3987.603332000
17		1358	3987.701038000
17		1358	3987.798702000
17		1358	3987.896204000
17		1358	3987.993218000
17		1358	3988.090883000
17		1358	3988.187911000
17		1358	3988.285961000
17		1358	3988.382419000
17		1358	3988.480706000
17		1358	3988.577405000
17		1358	3988.675878000
17		1358	3988.772603000
17		1358	3988.870908000
17		1358	3988.967787000
17		1358	3989.065695000
17		1358	3989.162377000
17		1358	3989.260282000
17		1358	3989.357431000
17		1358	3989.454662000
17		1358	3989.551540000
6	0		3989.567399000
6	0		3989.569210000
17		1358	3989.649319000
17		1358	3989.747264000
17		1358	3989.843952000
17		1358	3989.942117000
17		1358	3990.039249000
17		1358	3990.137141000
17		1358	3990.234404000
17		1358	3990.331483000
17		1358	3990.428693000
17		1358	3990.526181000
17		1358	3990.623522000
17		1358	3990.721941000
17		1358	3990.818270000
17		1358	3990.915775000
17		1358	3991.013021000
17		1358	3991.111259000
17		1358	3991.208127000
17		1358	3991.305820000
17		1358	3991.403470000
17		1358	3991.500381000
17		44	3992.264101000
17		41	3992.264111000
17		41	3992.264118000
17		33	3992.291294000
17		41	3992.821872000
17		44	3992.914932000
17		41	3992.914962000
17		33	3992.941784000
17		47	3994.031357000
17		1358	3994.033093000
17		1358	3994.111836000
17		41	3994.216833000
17		1358	3994.218641000
17		1358	3994.298214000
17		41	3994.310763000
17		1358	3994.375580000
17		1358	3994.454968000
17		41	3994.495909000
17		1358	3994.532404000
17		41	3994.589324000
17		1358	3994.611174000
17		1358	3994.689518000
17		1358	3994.767483000
17		41	3994.775709000
17		1358	3994.845144000
17		1358	3994.922779000
17		41	3994.961793000
17		1358	3995.000837000
17		1358	3995.079226000
17		41	3995.147386000
17		1358	3995.157668000
17		1358	3995.234235000
17		1324	3995.312761000
17		41	3995.333566000
17		41	3995.426776000
17		41	3995.704879000
17		41	3995.798404000
17		41	3995.891729000
17		41	3996.170222000
17		41	3996.263432000
17		41	3996.449413000
17		41	3996.542553000
17		41	3996.821116000
17		41	3996.914283000
17		41	3997.193623000
17		46	3997.379295000
17		34	3997.397586000
17		41	3997.565363000
17		41	3997.751033000
17		41	3997.937142000
17		41	3998.123633000
17		41	3998.216010000
17		41	3998.402159000
17		41	3998.681135000
17		41	3998.867327000
17		41	3999.053535000
17		41	3999.239011000
17		41	3999.518502000
17		41	3999.610838000
17		41	3999.890420000
17		41	3999.983545000
17		41	4000.169156000
17		41	4000.261914000
6	0		4000.541664000
17		41	4000.541691000
17		41	4000.633892000
17		41	4000.913629000
17		46	4001.006655000
17		34	4001.025197000
17		41	4001.285621000
17		41	4001.470929000
17		41	4001.657192000
17		41	4001.842897000
17		41	4001.935895000
17		41	4002.121966000
17		41	4002.308558000
17		41	4002.494011000
17		41	4002.680083000
17		41	4002.959571000
17		41	4003.052693000
17		42	4003.331453000
17		42	4003.424390000
17		42	4003.703007000
17		42	4003.982623000
17		42	4004.075779000
17		42	4007.144600000
17		41	4007.330221000
17		41	4007.516696000
17		46	4007.701870000
17		34	4007.720437000
17		41	4007.888687000
17		42	4008.074302000
17		42	4008.260720000
17		42	4008.445948000
17		43	4008.632523000
17		43	4008.818314000
17		43	4009.004579000
17		907	4009.096996000
17		33	4009.097652000
17		43	4009.190013000
17		43	4009.282867000
17		1358	4009.284642000
17		43	4009.469379000
17		1358	4009.505867000
17		43	4009.655110000
17		1358	4009.728406000
17		43	4009.841642000
17		1358	4009.950009000
17		43	4010.027764000
17		1358	4010.171588000
17		48	4017.188045000
17		1358	4017.189782000
17		41	4017.374241000
17		1358	4017.412035000
17		41	4017.560600000
17		1358	4017.633192000
17		41	4017.745987000
17		1358	4017.853917000
17		41	4017.932476000
17		1358	4018.074996000
17		1358	4018.296096000
17		1358	4018.517426000
17		1358	4018.738606000
17		1358	4018.959375000
17		1358	4019.179834000
17		1358	4019.400928000
17		1358	4019.622367000
17		1358	4019.844164000
17		1358	4020.064961000
17		1358	4020.285739000
17		1358	4020.506134000
17		1358	4020.727224000
17		1358	4020.949701000
17		1358	4021.169869000
17		1358	4021.390727000
17		1358	4021.612217000
17		41	4021.714705000
17		45	4021.714731000
17		906	4021.714737000
17		42	4021.715377000
17		34	4021.715443000
17		1358	4021.839031000
17		1358	4022.059145000
17		1358	4022.281270000
17		1358	4022.501995000
17		1358	4022.723161000
17		1358	4022.944376000
17		1358	4023.165061000
17		1358	4023.385864000
17		1358	4023.607525000
17		1358	4023.828155000
17		1358	4024.049779000
17		1358	4024.269899000
17		41	4024.318198000
17		1358	4024.490782000
17		41	4024.504292000
17		1358	4024.713274000
17		41	4024.752835000
17		1358	4024.813937000
17		1358	4024.816318000
17		33	4024.841953000
17		1358	4024.934252000
17		41	4024.999824000
17		1358	4025.154944000
17		41	4025.248790000
17		1358	4025.376223000
17		41	4025.496543000
17		1358	4025.597016000
17		41	4025.744363000
17		1358	4025.817416000
17		41	4025.992138000
17		1358	4026.039102000
17		41	4026.177915000
17		1358	4026.259945000
17		41	4026.425888000
17		1358	4026.481405000
17		41	4026.674756000
17		1358	4026.701719000
17		41	4026.922587000
17		1358	4026.924255000
17		1358	4027.144141000
17		41	4027.170366000
17		1358	4027.365255000
17		41	4027.418347000
17		1358	4027.586309000
17		41	4027.666095000
17		1358	4027.807235000
17		41	4027.852340000
17		1358	4028.027975000
17		41	4028.100252000
17		1358	4028.249098000
17		41	4028.347927000
17		1358	4028.470772000
17		41	4028.596678000
17		1358	4028.692325000
17		46	4028.906559000
17		1358	4028.912743000
17		1358	4029.133874000
17		41	4029.216566000
17		41	4029.278094000
17		1358	4029.354997000
17		47	4029.463935000
17		34	4029.482415000
17		1358	4029.575771000
17		41	4029.774091000
17		1358	4029.797072000
17		1358	4030.018122000
17		41	4030.022234000
17		1358	4030.239259000
17		41	4030.332447000
17		1358	4030.459820000
17		41	4030.580253000
17		1358	4030.680570000
17		41	4030.889964000
17		1358	4030.902647000
17		1358	4031.123498000
17		41	4031.199973000
17		1358	4031.344429000
17		41	4031.448582000
17		1358	4031.566100000
17		41	4031.696567000
17		1358	4031.786840000
17		41	4032.006313000
17		1358	4032.007917000
17		1358	4032.229397000
17		41	4032.316709000
17		1358	4032.450704000
17		41	4032.564709000
17		1358	4032.670797000
17		41	4032.874128000
17		1358	4032.891607000
17		1358	4033.112931000
17		41	4033.184349000
17		1358	4033.333853000
17		830	4033.370522000
17		41	4033.370547000
17		36	4033.372317000
17		77	4033.374235000
17		33	4033.374321000
17		1358	4033.555699000
17		41	4033.556086000
17		41	4033.742144000
17		1358	4033.776862000
17		1358	4033.997083000
17		41	4034.052305000
17		1358	4034.217982000
17		41	4034.362356000
17		1358	4034.439030000
17		41	4034.610267000
17		41	4034.920292000
17		46	4035.229877000
17		34	4035.248526000
17		41	4035.478130000
17		41	4035.725781000
17		41	4036.036251000
17		41	4036.346393000
17		41	4036.594048000
17		41	4036.904336000
17		41	4037.214440000
17		41	4037.462530000
17		41	4037.709879000
17		41	4037.896238000
17		41	4038.082091000
17		41	4038.268468000
17		41	4038.454273000
17		41	4038.702211000
17		41	4038.888032000
17		41	4039.012135000
17		41	4039.074257000
17		41	4039.136529000
17		41	4039.198501000
17		46	4039.260694000
17		33	4039.279634000
17		41	4039.321918000
17		41	4039.384000000
17		41	4039.446035000
17		41	4039.508110000
17		41	4039.570276000
17		41	4039.632402000
17		41	4039.694609000
17		41	4039.756510000
17		41	4039.817844000
17		44	4039.879870000
17		41	4039.879895000
17		41	4039.879900000
17		33	4039.906562000
17		41	4039.941863000
17		1358	4039.943910000
17		41	4040.004749000
17		1358	4040.006466000
17		41	4040.066027000
17		41	4040.128518000
17		41	4040.189941000
17		1358	4040.228510000
17		1358	4040.450882000
17		1358	4040.672287000
17		41	4043.476285000
17		1358	4043.477971000
17		41	4043.538576000
17		41	4043.600199000
17		1358	4043.700132000
17		41	4043.910499000
17		1358	4043.921540000
17		1358	4044.141645000
17		46	4044.157904000
17		33	4044.176297000
17		1358	4044.362725000
17		1358	4044.584234000
17		1358	4044.805228000
17		1358	4045.026733000
17		1358	4045.247826000
17		1358	4045.468305000
17		1358	4045.689602000
17		1358	4045.910111000
17		1358	4046.131030000
17		1358	4046.353275000
17		41	4046.514334000
17		1358	4046.573376000
17		41	4046.761862000
17		1358	4046.794390000
17		41	4046.948593000
17		1358	4047.015065000
17		41	4047.195899000
17		1358	4047.236739000
17		41	4047.444333000
17		1358	4047.457835000
17		1358	4047.679414000
17		41	4047.692374000
17		1358	4047.900012000
17		41	4047.940565000
17		1358	4048.120896000
17		41	4048.188125000
17		1358	4048.341573000
17		41	4048.436302000
17		1358	4048.562724000
17		41	4048.684133000
17		1358	4048.783435000
17		41	4048.869988000
17		1358	4049.004340000
17		41	4049.118495000
17		1358	4049.226063000
17		41	4049.365851000
17		1358	4049.447254000
17		41	4049.614106000
17		1358	4049.668325000
17		41	4049.861854000
17		1358	4049.889247000
17		1358	4050.109870000
17		41	4050.109959000
17		1358	4050.331324000
17		41	4050.358232000
17		41	4050.543835000
17		1358	4050.552028000
17		1358	4050.773526000
17		41	4050.792083000
17		1318	4050.994970000
17		46	4051.040346000
17		33	4051.058838000
17		41	4051.288412000
17		41	4051.536519000
17		41	4051.784563000
17		41	4052.032296000
17		41	4052.280091000
17		41	4052.528223000
17		41	4052.776242000
17		41	4053.024701000
17		41	4053.272383000
17		41	4053.520049000
17		41	4053.767919000
17		41	4054.016005000
17		826	4054.140713000
17		39	4054.141424000
17		1358	4054.148001000
17		41	4054.202293000
17		1358	4054.369200000
17		41	4054.449988000
17		1358	4054.591632000
17		41	4054.698305000
17		1358	4054.812666000
17		622	4054.822401000
17		36	4054.824816000
17		77	4054.826708000
17		33	4054.826816000
17		1358	4055.033509000
17		1358	4055.253652000
17		1358	4055.474606000
17		41	4055.565976000
17		47	4055.627797000
17		33	4055.646521000
17		1358	4055.695510000
17		41	4055.876249000
17		1358	4055.917813000
17		41	4056.124009000
17		1358	4056.138367000
17		41	4056.248191000
17		41	4056.310058000
17		1358	4056.359586000
17		44	4056.372479000
17		41	4056.372505000
17		33	4056.399200000
17		41	4056.557957000
17		1358	4056.580819000
17		1358	4056.801245000
17		41	4056.806623000
17		1358	4057.022004000
17		41	4057.054261000
17		1358	4057.242898000
17		41	4057.364237000
17		1358	4057.464544000
17		41	4057.674626000
17		1358	4057.686199000
17		1358	4057.907161000
17		41	4057.984481000
17		1358	4058.127185000
17		41	4058.294484000
17		1358	4058.348996000
17		41	4058.480192000
17		1358	4058.569232000
17		1358	4058.746394000
17		41	4058.790634000
17		1358	4058.923840000
17		1358	4059.099287000
17		41	4059.100218000
17		1358	4059.276967000
17		41	4059.348049000
17		1358	4059.454054000
17		41	4059.534374000
17		1358	4059.631106000
17		41	4059.782121000
17		1358	4059.807154000
17		41	4059.968699000
17		1358	4059.984434000
17		41	4060.154357000
17		41	4060.278142000
17		1358	4060.279907000
17		46	4060.526046000
17		33	4060.544870000
17		1358	4060.573306000
17		41	4060.712261000
17		1358	4060.869231000
17		41	4060.898695000
17		41	4061.146033000
17		1358	4061.163283000
17		41	4061.332571000
17		1358	4061.447234000
17		41	4061.580571000
17		1358	4061.720116000
17		41	4061.765996000
17		41	4061.890659000
17		1358	4061.922525000
17		1358	4062.114824000
17		41	4062.137951000
17		1358	4062.308269000
17		41	4062.448275000
17		1358	4062.500701000
17		1358	4062.693836000
17		41	4062.758101000
17		1358	4062.886855000
17		41	4062.944608000
17		41	4063.005843000
17		41	4063.068875000
17		1358	4063.079764000
17		41	4063.130291000
17		41	4063.192454000
17		1358	4063.272850000
17		41	4063.378128000
17		1358	4063.464466000
17		41	4063.626238000
17		1358	4063.657872000
17		41	4063.812045000
17		1358	4063.850074000
17		1358	4064.043381000
17		41	4064.060037000
17		46	4064.184005000
17		33	4064.203009000
17		1358	4064.236802000
17		41	4064.246090000
17		1358	4064.429768000
17		41	4064.493821000
17		1358	4064.621846000
17		41	4064.742013000
17		705	4064.804171000
17		36	4064.805969000
17		77	4064.808219000
17		33	4064.808258000
17		1358	4064.814769000
17		41	4064.866014000
17		1358	4065.007408000
17		41	4065.114087000
17		1358	4065.200271000
17		41	4065.361903000
17		1358	4065.392867000
17		41	4065.548187000
17		1358	4065.584834000
17		1358	4065.778306000
17		41	4065.796041000
17		1358	4065.971051000
17		44	4065.982338000
17		41	4065.982378000
17		33	4066.009324000
17		41	4066.044156000
17		1358	4066.163920000
17		41	4066.229986000
17		1358	4066.355716000
17		41	4066.478201000
17		1358	4066.549105000
17		41	4066.726570000
17		1358	4066.741912000
17		41	4066.850386000
17		1358	4066.936449000
17		1171	4067.036666000
17		36	4067.038445000
17		114	4067.044790000
17		242	4067.044827000
17		41	4067.098658000
17		1358	4067.126963000
17		1358	4067.320000000
17		41	4067.346309000
17		1358	4067.512762000
17		41	4067.532088000
17		1358	4067.705513000
17		41	4067.780706000
17		1358	4067.898005000
17		41	4068.028143000
17		1358	4068.090166000
17		41	4068.213837000
17		1358	4068.282981000
17		46	4068.462048000
17		1358	4068.476742000
17		44	4068.524572000
17		41	4068.524595000
17		33	4068.551872000
17		1358	4068.668252000
17		41	4068.710310000
17		1358	4068.861456000
17		41	4068.896602000
17		1358	4069.014592000
17		41	4069.082055000
17		1358	4069.170286000
17		1358	4069.323256000
17		41	4069.329977000
17		1358	4069.478898000
17		41	4069.516336000
17		1358	4069.632269000
17		41	4069.764570000
17		1358	4069.785817000
17		41	4070.012518000
17		1358	4070.043381000
17		41	4070.197823000
17		1358	4070.300820000
17		41	4070.446533000
17		1358	4070.556925000
17		41	4070.756332000
17		1358	4070.813798000
17		41	4070.880276000
17		1358	4071.007360000
17		41	4071.128540000
17		1358	4071.199526000
17		41	4071.375832000
17		1358	4071.391417000
17		41	4071.561829000
17		1358	4071.584646000
17		41	4071.685991000
17		41	4071.748023000
17		1358	4071.778218000
17		41	4071.810270000
17		41	4071.872217000
17		41	4071.933850000
17		1358	4071.970431000
17		46	4071.995876000
17		33	4072.013968000
17		41	4072.120080000
17		1358	4072.149164000
17		1358	4072.329870000
17		41	4072.368577000
17		1358	4072.509092000
17		41	4072.554483000
17		41	4072.615935000
17		1358	4072.689874000
17		41	4072.740683000
17		41	4072.802269000
17		1358	4072.868781000
17		1358	4073.049405000
17		41	4073.050572000
17		1358	4073.229409000
17		41	4073.236310000
17		1358	4073.408392000
17		41	4073.422730000
17		1358	4073.588339000
17		41	4073.607870000
17		1358	4073.767668000
17		41	4073.856263000
17		1358	4073.947106000
17		41	4074.042253000
17		1358	4074.127338000
17		41	4074.290081000
17		1358	4074.307368000
17		41	4074.475971000
17		1358	4074.487313000
17		1358	4074.666798000
17		41	4074.723915000
17		655	4074.786054000
17		36	4074.787900000
17		77	4074.790045000
17		33	4074.790077000
17		1358	4074.847185000
17		41	4074.910366000
17		1358	4075.027072000
17		41	4075.096082000
17		1358	4075.206240000
17		41	4075.344674000
17		1358	4075.385806000
17		1358	4075.566190000
17		41	4075.592300000
17		1358	4075.745482000
17		46	4075.840005000
17		33	4075.858591000
17		1358	4075.925155000
17		44	4075.964503000
17		41	4075.964535000
17		33	4075.991395000
17		1358	4076.068899000
17		41	4076.088743000
17		41	4076.212046000
17		1358	4076.213014000
17		1358	4076.356837000
17		41	4076.398353000
17		1358	4076.500554000
17		41	4076.584245000
17		1358	4076.644476000
17		41	4076.770205000
17		41	4076.832496000
17		1358	4076.884119000
17		41	4077.080067000
17		1358	4077.123636000
17		41	4077.266190000
17		1358	4077.363709000
17		41	4077.451821000
17		1358	4077.542001000
17		41	4077.576106000
17		1358	4077.718785000
17		41	4077.762685000
17		349	4077.888830000
17		41	4077.948244000
17		41	4078.195891000
17		757	4078.319805000
17		36	4078.321693000
17		108	4078.329336000
17		269	4078.329373000
17		41	4078.444544000
17		906	4078.568680000
17		39	4078.569398000
17		1358	4078.574434000
17		41	4078.630072000
17		1358	4078.745468000
17		41	4078.877861000
17		1358	4078.916555000
17		41	4079.063978000
17		1358	4079.086560000
17		41	4079.188224000
17		1358	4079.257509000
17		1358	4079.428430000
17		44	4079.435922000
17		33	4079.462552000
17		41	4079.497982000
17		41	4079.498021000
17		47	4079.560262000
17		33	4079.579316000
17		1358	4079.598879000
17		41	4079.622727000
17		41	4079.684024000
17		1358	4079.769673000
17		41	4079.807969000
17		1358	4079.939490000
17		41	4079.993820000
17		1358	4080.109150000
17		41	4080.180304000
17		41	4080.241869000
17		1358	4080.280331000
17		41	4080.428394000
17		1358	4080.450386000
17		41	4080.613948000
17		1358	4080.621461000
17		41	4080.784212000
17		1358	4080.791926000
17		41	4080.922695000
17		1358	4080.961538000
17		41	4081.014741000
17		1358	4081.131683000
17		41	4081.198086000
17		1358	4081.302200000
17		41	4081.335843000
17		1358	4081.438348000
17		41	4081.473888000
17		1358	4081.574350000
17		41	4081.612482000
17		1358	4081.710733000
17		41	4081.750311000
17		1358	4081.846778000
17		41	4081.888142000
17		1358	4081.974171000
17		41	4082.072254000
17		1358	4082.092217000
17		41	4082.164524000
17		1358	4082.209277000
17		46	4082.302746000
17		1358	4082.320829000
17		41	4082.394202000
17		1358	4082.430563000
17		41	4082.532157000
17		1358	4082.533860000
17		41	4082.624057000
17		1358	4082.630403000
17		41	4082.715982000
17		1358	4082.722742000
17		1358	4082.813361000
17		41	4082.853939000
17		1358	4082.903053000
17		1358	4082.989655000
17		41	4082.992020000
17		1358	4083.076174000
17		41	4083.084631000
17		41	4083.130760000
17		1358	4083.221215000
17		41	4083.268317000
17		1358	4083.323855000
17		41	4083.359830000
17		1358	4083.427894000
17		41	4083.498549000
17		1358	4083.529531000
17		1358	4083.631076000
17		41	4083.636180000
17		41	4083.728195000
17		1358	4083.729872000
17		1358	4083.832842000
17		41	4083.866122000
17		1358	4083.933814000
17		41	4084.004054000
17		1358	4084.035110000
17		41	4084.096279000
17		1358	4084.135811000
17		41	4084.188731000
17		1358	4084.237954000
17		41	4084.279847000
17		1358	4084.337847000
17		41	4084.418510000
17		1358	4084.439564000
17		1358	4084.540461000
17		46	4084.556669000
17		33	4084.574753000
17		1358	4084.641844000
17		41	4084.647976000
17		1358	4084.743620000
17		41	4084.786532000
17		1358	4084.844858000
17		41	4084.878137000
17		1358	4084.946379000
17		41	4085.016420000
17		1358	4085.046741000
17		1358	4085.148037000
17		41	4085.153845000
17		41	4085.246537000
17		1358	4085.248207000
17		1358	4085.329533000
17		41	4085.384684000
17		1358	4085.411170000
17		41	4085.476308000
17		1358	4085.492599000
17		41	4085.568510000
17		1358	4085.573660000
17		41	4085.659831000
17		1358	4085.707555000
17		41	4085.798731000
17		1358	4085.842933000
17		41	4085.936219000
17		1358	4085.977497000
17		41	4086.027930000
17		1358	4086.078512000
17		41	4086.119854000
17		1358	4086.180087000
17		41	4086.211852000
17		41	4086.258731000
17		1358	4086.281223000
17		1358	4086.379645000
17		41	4086.396444000
17		1358	4086.477944000
17		41	4086.534282000
17		1358	4086.577090000
17		41	4086.672502000
17		1358	4086.674184000
17		46	4086.764104000
17		1358	4086.773279000
17		41	4086.856362000
17		1358	4086.872209000
17		41	4086.948611000
17		1358	4086.971368000
17		1358	4087.070714000
17		41	4087.086029000
17		1358	4087.169131000
17		41	4087.178154000
17		1358	4087.267236000
17		41	4087.270572000
17		41	4087.361964000
17		1358	4087.363976000
17		41	4087.454269000
17		1358	4087.464773000
17		1358	4087.563068000
17		41	4087.592712000
17		41	4087.638344000
17		1358	4087.661036000
17		1358	4087.759771000
17		41	4087.776646000
17		1358	4087.859128000
17		41	4087.914551000
17		1358	4087.958829000
17		41	4088.052342000
17		1358	4088.058648000
17		41	4088.190019000
17		1358	4088.191386000
17		41	4088.236416000
17		1358	4088.271609000
17		41	4088.327842000
17		1358	4088.351759000
17		41	4088.374136000
17		41	4088.419864000
17		1358	4088.431418000
17		41	4088.465990000
17		1358	4088.510974000
17		41	4088.511757000
17		46	4088.557993000
17		33	4088.575979000
17		1358	4088.589911000
17		41	4088.696641000
17		1358	4088.721639000
17		41	4088.742600000
17		1358	4088.853098000
17		41	4088.880357000
17		41	4088.926615000
17		41	4088.972214000
17		1358	4088.984196000
17		1358	4089.073184000
17		41	4089.109846000
17		1358	4089.162129000
17		1358	4089.249429000
17		41	4089.294292000
17		1358	4089.338019000
17		1358	4089.426178000
17		41	4089.432432000
17		1358	4089.514748000
17		41	4089.569802000
17		1358	4089.603204000
17		1308	4089.690826000
17		41	4089.708087000
17		41	4089.800349000
17		41	4089.892450000
17		41	4089.983883000
17		41	4090.030373000
17		41	4090.122064000
17		834	4090.260644000
17		39	4090.261350000
17		1358	4090.262534000
17		1358	4090.262552000
17		1358	4090.262558000
17		1358	4090.262564000
17		1358	4090.262569000
17		1358	4090.262577000
17		1358	4090.262585000
17		1358	4090.262591000
17		1358	4090.262597000
17		1358	4090.262602000
17		1358	4090.352024000
17		1358	4090.440205000
17		41	4090.628602000
17		47	4090.674711000
17		1358	4090.676435000
17		41	4090.720518000
17		1358	4090.766269000
17		41	4090.766379000
17		41	4090.812022000
17		1358	4090.854819000
17		41	4090.858095000
17		41	4090.903979000
17		1358	4090.943402000
17		41	4090.950184000
17		41	4090.996472000
17		1358	4091.032197000
17		41	4091.042635000
17		1358	4091.114523000
17		41	4091.134602000
17		1358	4091.191291000
17		1358	4091.269789000
17		41	4091.272227000
17		1358	4091.348838000
17		1358	4091.410679000
17		41	4091.456630000
17		1358	4091.472967000
17		1358	4091.525027000
17		41	4091.548305000
17		1358	4091.578020000
17		1358	4091.628436000
17		1358	4091.681440000
17		41	4091.686687000
17		1358	4091.733029000
17		41	4091.777894000
17		1358	4091.820474000
17		41	4091.823982000
17		1358	4091.907105000
17		41	4091.916480000
17		1358	4091.993768000
17		41	4092.008038000
17		1358	4092.081160000
17		41	4092.100164000
17		1358	4092.146545000
17		41	4092.192152000
17		1358	4092.211348000
17		1358	4092.276355000
17		46	4092.284106000
17		33	4092.303063000
17		1358	4092.342027000
17		41	4092.376214000
17		1358	4092.406925000
17		41	4092.468267000
17		1358	4092.472112000
17		41	4092.514161000
17		1358	4092.537205000
17		1358	4092.601589000
17		41	4092.605868000
17		41	4092.652808000
17		1358	4092.666972000
17		41	4092.698728000
17		1358	4092.732050000
17		1358	4092.798285000
17		41	4092.836501000
17		41	4092.882577000
17		41	4092.974086000
17		41	4093.066626000
17		41	4093.112037000
17		41	4093.250193000
17		41	4093.341962000
17		41	4093.434372000
17		41	4093.526630000
17		41	4093.572212000
17		1358	4093.574047000
17		41	4093.618092000
17		1358	4093.619768000
17		41	4093.710242000
17		1358	4093.711671000
17		41	4093.802142000
17		1358	4093.803357000
17		46	4093.894792000
17		1358	4093.896502000
17		41	4094.353872000
17		1358	4094.355561000
17		1358	4094.421594000
17		41	4094.445871000
17		1358	4094.486770000
17		41	4094.492678000
17		1358	4094.551789000
17		41	4094.584717000
17		1358	4094.616816000
17		41	4094.629981000
17		1358	4094.682020000
17		1358	4094.747706000
17		1358	4094.812798000
17		1358	4094.814464000
17		1358	4094.816861000
17		33	4094.841630000
17		41	4094.859837000
17		1358	4094.877804000
17		41	4094.906630000
17		1358	4094.943767000
17		41	4094.952470000
17		41	4094.997888000
17		1358	4095.009102000
17		41	4095.044194000
17		1358	4095.072927000
17		41	4095.090039000
17		1358	4095.137709000
17		41	4095.182011000
17		1358	4095.203709000
17		1358	4095.268915000
17		41	4095.274110000
17		745	4095.319850000
17		41	4095.319876000
17		36	4095.321668000
17		75	4095.325278000
17		33	4095.325390000
17		1358	4095.333731000
17		41	4095.366052000
17		1358	4095.398936000
17		41	4095.458127000
17		1358	4095.464817000
17		41	4095.504272000
17		1358	4095.529587000
17		41	4095.550604000
17		1358	4095.594758000
17		41	4095.596331000
17		41	4095.641903000
17		1358	4095.659797000
17		1358	4095.725846000
17		46	4095.780044000
17		1358	4095.789819000
17		44	4095.826616000
17		784	4095.826642000
17		36	4095.828438000
17		77	4095.830797000
17		33	4095.830830000
17		1358	4095.841595000
17		41	4095.871933000
17		1358	4095.894535000
17		1358	4095.945748000
17		41	4095.964755000
17		1358	4095.998627000
17		1358	4096.050171000
17		41	4096.055878000
17		1358	4096.102979000
17		41	4096.148006000
17		1358	4096.155074000
17		1358	4096.207166000
17		1358	4096.259682000
17		41	4096.286572000
17		1358	4096.311149000
17		41	4096.331816000
17		1358	4096.397931000
17		41	4096.423999000
17		1358	4096.484843000
17		41	4096.516141000
17		44	4096.561889000
17		41	4096.561895000
17		1358	4096.571911000
17		33	4096.589043000
17		41	4096.607854000
17		1358	4096.659248000
17		41	4096.700563000
17		1358	4096.746465000
17		41	4096.746625000
17		1358	4096.810949000
17		41	4096.837882000
17		1358	4096.876249000
17		41	4096.884174000
17		1358	4096.941010000
17		41	4096.976316000
17		1358	4097.006004000
17		41	4097.068220000
17		1358	4097.069924000
17		41	4097.114188000
17		1358	4097.136185000
17		1358	4097.201833000
17		41	4097.206068000
17		1358	4097.267003000
17		41	4097.298590000
17		1358	4097.332588000
17		41	4097.389970000
17		1358	4097.397780000
17		1358	4097.462782000
17		46	4097.481932000
17		33	4097.500634000
17		1358	4097.528496000
17		1358	4097.593528000
17		41	4097.620559000
17		1358	4097.657202000
17		41	4097.711922000
17		1358	4097.723137000
17		1358	4097.787913000
17		41	4097.804598000
17		1358	4097.852846000
17		41	4097.896109000
17		1358	4097.918358000
17		1358	4097.984219000
17		41	4097.988440000
17		393	4098.049448000
17		41	4098.080566000
17		41	4098.126436000
17		41	4098.172784000
17		41	4098.263846000
17		41	4098.356067000
17		41	4098.448208000
17		41	4098.494150000
17		41	4098.586603000
17		41	4098.678126000
17		907	4098.724415000
17		39	4098.725088000
17		1358	4098.727089000
17		41	4098.770295000
17		1358	4098.793695000
17		1358	4098.857894000
17		41	4098.861872000
17		41	4098.907882000
17		1358	4098.923455000
17		1358	4098.988733000
17		41	4098.999929000
17		41	4099.046713000
17		1358	4099.053535000
17		41	4099.092653000
17		1358	4099.118841000
17		1358	4099.183932000
17		41	4099.230786000
17		1358	4099.249487000
17		1358	4099.314899000
17		1358	4099.379836000
17		1358	4099.445036000
17		41	4099.506136000
17		1358	4099.510157000
17		1358	4099.561348000
17		47	4099.598171000
17		1358	4099.613856000
17		1358	4099.665705000
17		41	4099.689960000
17		1358	4099.718021000
17		41	4099.736222000
17		1358	4099.770144000
17		41	4099.782053000
17		1358	4099.823287000
17		41	4099.874040000
17		1358	4099.874454000
17		1358	4099.926912000
17		41	4099.966456000
17		1358	4099.979074000
17		41	4100.012131000
17		1358	4100.065868000
17		41	4100.150359000
17		1358	4100.151993000
17		41	4100.242217000
17		1358	4100.243994000
17		41	4100.288353000
17		1358	4100.331738000
17		41	4100.379925000
17		1358	4100.418945000
17		41	4100.518302000
17		1358	4100.520016000
17		41	4100.610169000
17		1358	4100.611845000
17		41	4100.701934000
17		1358	4100.703130000
17		41	4100.794445000
17		1358	4100.796341000
17		41	4100.840363000
17		1358	4100.862659000
17		41	4100.931903000
17		1358	4100.933940000
17		41	4101.024053000
17		1358	4101.025696000
17		41	4101.116116000
17		1358	4101.117789000
17		41	4101.162332000
17		1358	4101.183576000
17		46	4101.254579000
17		1358	4101.256578000
17		41	4101.300759000
17		1358	4101.321954000
17		41	4101.346638000
17		41	4101.484169000
17		1358	4101.485835000
17		41	4101.530392000
17		1358	4101.552183000
17		41	4101.575960000
17		1358	4101.618599000
17		41	4101.622199000
17		41	4101.667867000
17		1358	4101.685385000
17		41	4101.714958000
17		1358	4101.751896000
17		41	4101.760537000
17		41	4101.806611000
17		1358	4101.816882000
17		41	4101.852504000
17		1358	4101.882552000
17		41	4101.898083000
17		41	4101.943957000
17		1358	4101.945741000
17		1358	4102.012749000
17		41	4102.036689000
17		1358	4102.077969000
17		41	4102.081875000
17		41	4102.127959000
17		1358	4102.144046000
17		758	4102.208543000
17		41	4102.312075000
17		41	4102.357901000
17		41	4102.404337000
17		46	4102.450487000
17		33	4102.469236000
17		41	4102.496107000
17		41	4102.542212000
17		41	4102.588573000
17		1161	4102.588601000
17		36	4102.590442000
17		108	4102.596137000
17		126	4102.596293000
17		41	4102.634305000
17		41	4102.680164000
17		41	4102.726477000
17		914	4102.772001000
17		39	4102.772699000
17		156	4102.773498000
17		1353	4102.773527000
17		1358	4102.773533000
17		1358	4102.773539000
17		1358	4102.773546000
17		1358	4102.773551000
17		1358	4102.773556000
17		1358	4102.773562000
17		1358	4102.773567000
17		1358	4102.773574000
17		1358	4102.839616000
17		1358	4102.904748000
17		1358	4102.969981000
17		1358	4103.035468000
17		41	4103.048675000
17		44	4103.094309000
17		41	4103.094344000
17		1358	4103.101107000
17		33	4103.121631000
17		1358	4103.166379000
17		1358	4103.230886000
17		47	4103.232727000
17		33	4103.251314000
17		41	4103.278140000
17		1358	4103.296040000
17		41	4103.324578000
17		1358	4103.348689000
17		41	4103.369838000
17		1358	4103.400873000
17		41	4103.415893000
17		1358	4103.453581000
17		41	4103.462269000
17		1358	4103.505577000
17		41	4103.508225000
17		41	4103.554643000
17		1358	4103.556380000
17		41	4103.600092000
17		1358	4103.609305000
17		1358	4103.662190000
17		41	4103.692604000
17		1358	4103.714371000
17		41	4103.738194000
17		1358	4103.801420000
17		41	4103.830148000
17		1358	4103.887925000
17		41	4103.922186000
17		1358	4103.976354000
17		41	4104.014039000
17		41	4104.060009000
17		1358	4104.061667000
17		1358	4104.148991000
17		41	4104.151775000
17		1358	4104.236892000
17		41	4104.244237000
17		1358	4104.302288000
17		41	4104.336324000
17		1358	4104.363009000
17		1358	4104.422641000
17		41	4104.428310000
17		41	4104.474714000
17		1358	4104.483505000
17		1358	4104.543619000
17		46	4104.565900000
17		33	4104.585001000
17		1358	4104.604555000
17		41	4104.657878000
17		1358	4104.664784000
17		1358	4104.724913000
17		41	4104.750323000
17		1358	4104.785639000
17		41	4104.795923000
17		1358	4104.845724000
17		41	4104.887916000
17		1186	4104.906019000
17		41	4104.933922000
17		41	4105.072038000
17		41	4105.164696000
17		41	4105.301854000
17		41	4105.394268000
17		41	4105.531964000
17		41	4105.624716000
17		41	4105.670205000
17		41	4105.716283000
17		41	4105.762762000
17		41	4105.808021000
17		41	4105.946572000
17		41	4105.992425000
17		41	4106.038493000
17		41	4106.130769000
17		914	4106.222287000
17		39	4106.223058000
17		1358	4106.223763000
17		1358	4106.223779000
17		1358	4106.223785000
17		1358	4106.223789000
17		1358	4106.284425000
17		41	4106.866942000
17		1358	4106.868640000
17		47	4106.912477000
17		41	4106.912511000
17		1358	4106.930217000
17		41	4106.958264000
17		1358	4106.989952000
17		41	4107.004687000
17		41	4107.050126000
17		1358	4107.052171000
17		1358	4107.111303000
17		1358	4107.171147000
17		1358	4107.232312000
17		1358	4107.292087000
17		1358	4107.353152000
17		1358	4107.413147000
17		41	4107.464276000
17		1358	4107.472715000
17		1358	4107.533301000
17		41	4107.556427000
17		1358	4107.594750000
17		41	4107.647893000
17		1358	4107.654760000
17		41	4107.694496000
17		1358	4107.715593000
17		1358	4107.775443000
17		41	4107.786685000
17		41	4107.831945000
17		1358	4107.835810000
17		1358	4107.896804000
17		41	4107.924459000
17		1358	4107.957137000
17		41	4107.969871000
17		1358	4108.016155000
17		41	4108.062236000
17		1358	4108.076753000
17		1358	4108.138193000
17		41	4108.153853000
17		1358	4108.197914000
17		41	4108.246114000
17		1358	4108.258485000
17		1358	4108.318096000
17		41	4108.337952000
17		1358	4108.379215000
17		41	4108.384084000
17		1358	4108.439822000
17		41	4108.476143000
17		1358	4108.500027000
17		1358	4108.560430000
17		41	4108.568308000
17		1358	4108.620457000
17		46	4108.660696000
17		33	4108.678902000
17		1358	4108.681162000
17		1358	4108.741297000
17		41	4108.752622000
17		1358	4108.802131000
17		41	4108.844031000
17		1358	4108.862495000
17		1358	4108.922356000
17		41	4108.936845000
17		1358	4108.983658000
17		41	4109.027889000
17		1358	4109.043803000
17		41	4109.073936000
17		1358	4109.104230000
17		1358	4109.163677000
17		41	4109.166673000
17		1358	4109.224228000
17		41	4109.257833000
17		1358	4109.284787000
17		1358	4109.345463000
17		41	4109.350090000
17		41	4109.396527000
17		1358	4109.406589000
17		41	4109.441872000
17		1358	4109.466027000
17		41	4109.487822000
17		1358	4109.526818000
17		41	4109.534047000
17		41	4109.580312000
17		1358	4109.587367000
17		41	4109.626307000
17		1358	4109.648039000
17		41	4109.672572000
17		1358	4109.708040000
17		41	4109.718017000
17		41	4109.764056000
17		1358	4109.767866000
17		41	4109.810100000
17		1358	4109.828224000
17		41	4109.855817000
17		1358	4109.888765000
17		46	4109.902531000
17		33	4109.920347000
17		41	4109.948025000
17		1358	4109.949696000
17		1358	4110.009157000
17		41	4110.040031000
17		1358	4110.069485000
17		41	4110.086573000
17		1358	4110.130160000
17		1358	4110.190766000
17		41	4110.224451000
17		1358	4110.250818000
17		41	4110.270434000
17		1358	4110.310984000
17		41	4110.315994000
17		41	4110.362286000
17		1358	4110.372401000
17		41	4110.407845000
17		1358	4110.431180000
17		41	4110.454676000
17		1358	4110.491744000
17		77	4110.540434000
17		41	4110.545988000
17		41	4110.591887000
17		41	4110.637903000
17		41	4110.684590000
17		41	4110.730053000
17		41	4110.776569000
17		41	4110.822552000
17		41	4110.960218000
17		41	4111.051932000
17		834	4111.097807000
17		39	4111.098494000
17		1358	4111.100298000
17		1358	4111.148821000
17		41	4111.190085000
17		1358	4111.198019000
17		1358	4111.246548000
17		41	4111.281869000
17		1358	4111.294780000
17		1358	4111.342260000
17		41	4111.374698000
17		1358	4111.391085000
17		1358	4111.438632000
17		1358	4111.488058000
17		1358	4111.535326000
17		1358	4111.583775000
17		1358	4111.631820000
17		1358	4111.681024000
17		41	4111.696484000
17		1358	4111.728218000
17		47	4111.742259000
17		33	4111.760222000
17		41	4111.788423000
17		1358	4111.808812000
17		41	4111.880169000
17		1358	4111.889359000
17		41	4111.926136000
17		1358	4111.969977000
17		41	4112.018113000
17		1358	4112.050137000
17		41	4112.110224000
17		1358	4112.131212000
17		41	4112.156363000
17		1358	4112.211131000
17		41	4112.248829000
17		1358	4112.290713000
17		41	4112.294037000
17		1358	4112.371433000
17		41	4112.386356000
17		1358	4112.431492000
17		41	4112.477848000
17		1358	4112.492184000
17		41	4112.524038000
17		1358	4112.552231000
17		41	4112.570525000
17		1358	4112.612215000
17		41	4112.662168000
17		1358	4112.673462000
17		1358	4112.733427000
17		41	4112.754592000
17		1358	4112.793575000
17		41	4112.846051000
17		1358	4112.854319000
17		1358	4112.914625000
17		41	4112.938271000
17		1358	4112.974321000
17		41	4113.030516000
17		1358	4113.035352000
17		1358	4113.095107000
17		41	4113.122496000
17		1358	4113.154632000
17		41	4113.214081000
17		1358	4113.215796000
17		1358	4113.276261000
17		46	4113.305983000
17		33	4113.324823000
17		1358	4113.336102000
17		1358	4113.396853000
17		41	4113.398195000
17		41	4113.444324000
17		1358	4113.457223000
17		41	4113.490615000
17		1358	4113.517199000
17		1358	4113.577170000
17		41	4113.582262000
17		1358	4113.637838000
17		41	4113.674682000
17		1358	4113.698440000
17		1358	4113.758251000
17		41	4113.765838000
17		1358	4113.818360000
17		41	4113.857892000
17		1358	4113.879352000
17		1358	4113.938393000
17		41	4113.949809000
17		1358	4113.999260000
17		41	4114.041942000
17		1358	4114.059986000
17		1358	4114.119357000
17		41	4114.133925000
17		1358	4114.180440000
17		41	4114.225927000
17		1358	4114.241353000
17		41	4114.272488000
17		1358	4114.300261000
17		41	4114.317847000
17		1212	4114.361334000
17		41	4114.410400000
17		41	4114.456555000
17		41	4114.547792000
17		41	4114.640250000
17		41	4114.686264000
17		41	4114.778177000
17		46	4114.824238000
17		33	4114.843318000
17		41	4114.916663000
17		41	4115.007917000
17		41	4115.100731000
17		41	4115.146304000
17		41	4115.238061000
17		41	4115.284120000
17		41	4115.376532000
17		41	4115.468110000
17		41	4115.514465000
17		41	4115.606086000
17		41	4115.698546000
17		41	4115.789850000
17		914	4115.836101000
17		39	4115.836824000
17		156	4115.837578000
17		1353	4115.837594000
17		1358	4115.837631000
17		1358	4115.837639000
17		1358	4115.837645000
17		1358	4115.837651000
17		1358	4115.837656000
17		1358	4115.837661000
17		1358	4115.837669000
17		1358	4115.837674000
17		1358	4115.898933000
17		1358	4115.959536000
17		1358	4116.018939000
17		1358	4116.079566000
17		1358	4116.140175000
17		1358	4116.200226000
17		1358	4116.260683000
17		1358	4116.321678000
17		1358	4116.380505000
17		1358	4116.441507000
17		1358	4116.501908000
17		1358	4116.561675000
17		1358	4116.622454000
17		47	4116.664079000
17		1358	4116.682543000
17		41	4116.710264000
17		1358	4116.731813000
17		41	4116.756658000
17		1358	4116.778699000
17		41	4116.802549000
17		1358	4116.826977000
17		41	4116.847988000
17		1358	4116.875992000
17		41	4116.894098000
17		1358	4116.924571000
17		41	4116.940101000
17		1358	4116.971940000
17		41	4116.986701000
17		1358	4117.020063000
17		41	4117.032102000
17		1358	4117.069345000
17		1358	4117.116780000
17		41	4117.124425000
17		1358	4117.165164000
17		1358	4117.213242000
17		41	4117.216346000
17		1358	4117.261839000
17		41	4117.262623000
17		1358	4117.310054000
17		41	4117.354317000
17		1358	4117.390253000
17		41	4117.446459000
17		1358	4117.470259000
17		41	4117.538495000
17		41	4117.630677000
17		41	4117.676601000
17		41	4117.768299000
17		41	4117.860989000
17		41	4117.906601000
17		46	4117.951974000
17		33	4117.970971000
17		41	4118.044111000
17		41	4118.136279000
17		41	4118.228528000
17		41	4118.274585000
17		41	4118.366327000
17		41	4118.412265000
17		41	4118.504394000
17		41	4118.595955000
17		41	4118.642021000
17		41	4118.687993000
17		41	4118.734197000
17		41	4118.826514000
17		41	4118.918670000
17		1358	4118.920484000
17		41	4118.964524000
17		1358	4118.966094000
17		41	4119.056150000
17		1358	4119.057818000
17		41	4119.102076000
17		1358	4119.118849000
17		41	4119.147960000
17		1358	4119.180290000
17		41	4119.378896000
17		1358	4119.380548000
17		41	4119.424595000
17		1358	4119.442319000
17		46	4119.470268000
17		33	4119.489650000
17		1358	4119.502607000
17		41	4119.515794000
17		1358	4119.561922000
17		1358	4119.622434000
17		1358	4119.683558000
17		41	4119.699987000
17		1358	4119.742664000
17		41	4119.791951000
17		1358	4119.804022000
17		1358	4119.864204000
17		41	4119.884107000
17		1358	4119.924897000
17		41	4119.976069000
17		1358	4119.984059000
17		1358	4120.044680000
17		41	4120.068133000
17		1358	4120.105912000
17		41	4120.114114000
17		1358	4120.152767000
17		1358	4120.201018000
17		41	4120.205997000
17		1358	4120.250478000
17		41	4120.298061000
17		1358	4120.298532000
17		41	4120.343988000
17		1358	4120.345649000
17		1358	4120.394244000
17		41	4120.436897000
17		1358	4120.443406000
17		41	4120.482437000
17		800	4120.522861000
17		41	4120.574038000
17		41	4120.665889000
17		41	4120.758355000
17		41	4120.803878000
17		41	4120.897124000
17		41	4120.988410000
17		41	4121.033954000
17		46	4121.126084000
17		33	4121.144248000
17		834	4121.264067000
17		39	4121.264785000
17		153	4121.265601000
17		1353	4121.265714000
17		1358	4121.265720000
17		1358	4121.265724000
17		1358	4121.265728000
17		1358	4121.265731000
17		1358	4121.265736000
17		1358	4121.265740000
17		1358	4121.265745000
17		1358	4121.265748000
17		1358	4121.327249000
17		1358	4121.386564000
17		1358	4121.448025000
17		1358	4121.508542000
17		1358	4121.568245000
17		1358	4121.628196000
17		1358	4121.688915000
17		47	4121.724126000
17		33	4121.743067000
17		1358	4121.748460000
17		41	4121.770158000
17		1358	4121.809768000
17		41	4121.816447000
17		41	4121.861957000
17		41	4121.908233000
17		1358	4121.909990000
17		41	4121.954498000
17		1358	4121.956218000
17		41	4121.999961000
17		1358	4122.016839000
17		41	4122.045947000
17		1358	4122.077874000
17		41	4122.091905000
17		1358	4122.138431000
17		41	4122.184025000
17		1358	4122.198215000
17		1358	4122.258801000
17		41	4122.276466000
17		1358	4122.319673000
17		41	4122.368763000
17		1358	4122.380727000
17		41	4122.414034000
17		1358	4122.442242000
17		41	4122.506507000
17		1358	4122.508114000
17		41	4122.598325000
17		1358	4122.599999000
17		41	4122.644274000
17		1358	4122.661306000
17		41	4122.736401000
17		1358	4122.738049000
17		1358	4122.795913000
17		41	4122.828242000
17		1358	4122.852829000
17		41	4122.920103000
17		1358	4122.921837000
17		41	4123.011960000
17		1358	4123.013673000
6	0		4123.070669000
6	0		4123.070721000
17		46	4123.104679000
17		1358	4123.106325000
17		41	4123.150316000
17		1358	4123.151991000
17		41	4123.242071000
17		1358	4123.243844000
17		41	4123.333866000
17		1358	4123.335539000
6	0		4123.338475000
17		41	4123.426572000
17		1358	4123.428227000
17		41	4123.472454000
17		1358	4123.505293000
17		1358	4123.582536000
17		41	4123.610580000
17		41	4123.656611000
17		1358	4123.658284000
17		41	4123.702277000
17		1358	4123.735089000
17		1358	4123.810033000
17		41	4123.840381000
17		41	4123.886727000
17		1358	4123.888433000
17		41	4123.932572000
17		1358	4123.946128000
17		1358	4124.003219000
17		41	4124.070495000
17		1358	4124.072178000
17		41	4124.116387000
17		1358	4124.130535000
17		41	4124.253829000
17		1358	4124.255542000
17		41	4124.299786000
17		1358	4124.313684000
17		1358	4124.372023000
17		41	4124.438083000
17		997	4124.439762000
17		41	4124.484332000
17		41	4124.530358000
17		41	4124.667843000
17		46	4124.714669000
17		33	4124.733499000
17		1358	4124.805937000
17		41	4124.805970000
17		1358	4124.808358000
17		33	4124.832992000
17		41	4124.898434000
17		41	4124.990301000
17		41	4125.036367000
17		41	4125.082372000
17		41	4125.173955000
17		41	4125.219937000
17		41	4125.358451000
17		41	4125.404644000
17		41	4125.450559000
17		914	4125.588203000
17		39	4125.588930000
17		156	4125.589750000
17		1353	4125.589899000
17		1358	4125.589910000
17		1358	4125.589916000
17		1358	4125.589923000
17		1358	4125.589929000
17		1358	4125.589935000
17		1358	4125.589940000
17		1358	4125.589946000
17		1358	4125.589952000
17		1358	4125.647213000
17		1358	4125.704380000
17		1358	4125.761053000
17		1358	4125.817778000
17		590	4125.817853000
17		47	4125.817878000
17		41	4125.817885000
17		36	4125.819651000
17		77	4125.821644000
17		33	4125.821669000
17		33	4125.836957000
17		41	4125.863822000
17		41	4125.909831000
17		1358	4125.911671000
17		1358	4125.931909000
17		41	4125.956520000
17		1358	4125.988733000
17		41	4126.002076000
17		1358	4126.046093000
17		41	4126.048036000
17		41	4126.094212000
17		1358	4126.103980000
17		41	4126.140670000
17		1358	4126.151371000
17		41	4126.186222000
17		1358	4126.195513000
17		41	4126.232543000
17		1358	4126.241089000
17		1358	4126.286956000
17		41	4126.324218000
17		1358	4126.332722000
17		41	4126.415916000
17		1358	4126.417415000
17		44	4126.508540000
17		41	4126.508567000
17		41	4126.508571000
17		1358	4126.509202000
17		33	4126.535804000
17		41	4126.599965000
17		1358	4126.601704000
17		41	4126.646831000
17		1358	4126.659758000
17		41	4126.692324000
17		1358	4126.717380000
17		41	4126.737877000
17		1358	4126.775341000
17		41	4126.784387000
17		41	4126.830092000
17		1358	4126.831019000
17		41	4126.876186000
17		1358	4126.889478000
17		46	4126.922219000
17		33	4126.940938000
17		1358	4126.946163000
17		41	4126.967840000
17		1358	4127.003300000
17		1358	4127.055827000
17		41	4127.106284000
17		1358	4127.107941000
17		1358	4127.163065000
17		41	4127.198258000
17		1358	4127.217111000
17		1358	4127.269839000
17		41	4127.290237000
17		1358	4127.324216000
17		41	4127.382767000
17		1358	4127.384401000
17		41	4127.474538000
17		1358	4127.476268000
17		1358	4127.531813000
17		41	4127.566290000
17		1358	4127.583958000
17		41	4127.658141000
17		1358	4127.659807000
17		41	4127.750383000
17		1358	4127.752067000
17		41	4127.796408000
17		1358	4127.806739000
17		41	4127.888003000
17		1358	4127.889663000
17		41	4127.980195000
17		1358	4127.981893000
17		41	4128.072225000
17		1358	4128.073647000
17		41	4128.118631000
17		1358	4128.129149000
17		41	4128.210370000
17		1358	4128.212042000
17		41	4128.302366000
17		1358	4128.304072000
17		41	4128.348662000
17		1358	4128.350366000
17		41	4128.440541000
17		1358	4128.442331000
17		41	4128.486330000
17		1358	4128.514548000
17		46	4128.578022000
17		1358	4128.587685000
17		41	4128.669874000
17		1358	4128.671530000
17		41	4128.762667000
17		1358	4128.764298000
17		41	4128.807797000
17		1358	4128.819332000
17		41	4128.945952000
17		1358	4128.947623000
17		41	4128.991881000
17		1358	4129.002420000
17		41	4129.130713000
17		1358	4129.132389000
17		41	4129.176618000
17		1358	4129.186805000
17		1353	4129.222375000
17		37	4129.224182000
17		1358	4129.240391000
17		64	4129.268524000
17		115	4129.276663000
17		135	4129.276734000
17		41	4129.314499000
17		1358	4129.316170000
17		41	4129.359833000
17		1358	4129.370951000
17		41	4129.452066000
17		1358	4129.453775000
17		41	4129.543983000
17		1358	4129.545659000
17		41	4129.589927000
17		1358	4129.600263000
17		41	4129.728292000
17		1358	4129.730008000
17		41	4129.820133000
17		1358	4129.821914000
17		41	4129.911972000
17		1358	4129.913747000
17		41	4130.004062000
17		1358	4130.005741000
17		41	4130.049950000
17		1358	4130.060150000
17		41	4130.095865000
17		1358	4130.103865000
17		41	4130.142220000
17		59	4130.147839000
17		41	4130.188358000
17		46	4130.234040000
17		33	4130.252487000
17		45	4130.280029000
17		41	4130.280036000
17		33	4130.307294000
17		41	4130.326205000
17		41	4130.372661000
17		41	4130.509984000
17		41	4130.556033000
17		41	4130.602045000
17		41	4130.739953000
17		41	4130.832024000
17		41	4130.969984000
17		41	4131.015844000
17		41	4131.107849000
17		41	4131.154329000
17		834	4131.199898000
17		39	4131.200610000
17		153	4131.201473000
17		1353	4131.201599000
17		1358	4131.201605000
17		1358	4131.201609000
17		1358	4131.201613000
17		1358	4131.201617000
17		1358	4131.201620000
17		1358	4131.201624000
17		1358	4131.201628000
17		1358	4131.201632000
17		1358	4131.255699000
17		1358	4131.310271000
17		1358	4131.363323000
17		1358	4131.417599000
17		47	4131.844147000
17		33	4131.862127000
17		41	4131.890651000
17		1358	4131.892333000
17		41	4131.936333000
17		1358	4131.947472000
17		41	4131.982654000
17		1358	4132.002627000
17		41	4132.028613000
17		1358	4132.057310000
17		41	4132.073816000
17		1358	4132.112637000
17		41	4132.120477000
17		41	4132.166203000
17		1358	4132.167909000
17		41	4132.211879000
17		1358	4132.221924000
17		41	4132.258040000
17		1358	4132.276893000
17		41	4132.304256000
17		1358	4132.329176000
17		41	4132.349970000
17		1358	4132.384134000
17		1358	4132.436819000
17		41	4132.442225000
17		1358	4132.490916000
17		41	4132.534075000
17		1358	4132.545298000
17		41	4132.671869000
17		1358	4132.673558000
17		41	4132.718238000
17		1358	4132.720254000
17		41	4132.764752000
17		1358	4132.767132000
17		41	4132.810892000
17		1358	4132.839145000
17		41	4132.856683000
17		41	4132.902891000
17		1358	4132.911650000
17		46	4132.948711000
17		33	4132.966790000
17		1358	4132.984372000
17		41	4132.993978000
17		41	4133.040686000
17		1358	4133.055462000
17		1358	4133.109912000
17		1358	4133.163042000
17		41	4133.178217000
17		1358	4133.217380000
17		41	4133.224923000
17		1358	4133.269567000
17		41	4133.269905000
17		1358	4133.324417000
17		1358	4133.376725000
17		41	4133.408676000
17		1358	4133.431826000
17		41	4133.500226000
17		1358	4133.502452000
17		41	4133.546297000
17		1358	4133.556836000
17		41	4133.592424000
17		1358	4133.611576000
17		41	4133.638188000
17		1358	4133.666280000
17		41	4133.684784000
17		1358	4133.721130000
17		41	4133.730710000
17		1358	4133.776252000
17		41	4133.822475000
17		1358	4133.829639000
17		1358	4133.882879000
17		41	4133.914111000
17		1358	4133.936913000
17		41	4134.006161000
17		1358	4134.007846000
17		41	4134.098040000
17		1358	4134.099693000
17		41	4134.144220000
17		1358	4134.154675000
17		41	4134.235829000
17		1358	4134.237519000
17		41	4134.328528000
17		1358	4134.330185000
17		46	4134.419790000
17		1358	4134.421433000
17		41	4134.512647000
17		1358	4134.514663000
17		1358	4134.557908000
17		41	4134.603860000
17		1358	4134.605525000
17		41	4134.695950000
17		1358	4134.697747000
17		41	4134.742040000
17		1358	4134.743762000
17		688	4134.788360000
17		37	4134.790188000
17		75	4134.793336000
17		33	4134.793395000
17		41	4134.834605000
17		1358	4134.836275000
17		41	4134.926675000
17		1358	4134.928356000
17		41	4135.018476000
17		1358	4135.020166000
17		41	4135.110253000
17		1358	4135.111935000
17		41	4135.202576000
17		1358	4135.204237000
17		41	4135.293850000
17		1358	4135.295625000
17		41	4135.339972000
17		41	4135.477988000
17		1358	4135.479700000
17		41	4135.570228000
17		1358	4135.572028000
17		41	4135.616239000
17		1358	4135.625754000
17		41	4135.707865000
17		1358	4135.709507000
17		41	4135.800219000
17		1358	4135.801657000
17		41	4135.892175000
17		45	4135.937862000
17		41	4135.937869000
17		33	4135.965403000
17		41	4135.984052000
17		41	4136.075866000
17		46	4136.214217000
17		33	4136.232863000
17		41	4136.306715000
17		41	4136.351906000
17		41	4136.444201000
17		41	4136.628190000
17		1358	4136.629851000
17		41	4136.720524000
17		1358	4136.722184000
17		41	4136.812181000
17		1358	4136.813900000
17		41	4136.904674000
17		1358	4136.906358000
17		41	4136.996317000
17		1358	4136.998501000
17		41	4137.640199000
17		1358	4137.641880000
17		1358	4137.703077000
17		41	4137.732177000
17		1358	4137.762585000
17		1358	4137.823460000
17		41	4137.824204000
17		1358	4137.882887000
17		1358	4137.943419000
17		41	4137.962200000
17		1358	4138.002636000
17		41	4138.054053000
17		1358	4138.063193000
17		1358	4138.123389000
17		1358	4138.183938000
17		1358	4138.243544000
17		872	4138.304191000
17		41	4138.422284000
17		41	4138.514784000
17		41	4138.560612000
17		41	4138.651984000
17		41	4138.744125000
17		41	4138.790149000
17		46	4138.882602000
17		33	4138.901502000
17		41	4138.973949000
17		41	4139.066536000
17		907	4139.066564000
17		33	4139.067301000
17		1358	4139.068012000
17		41	4139.111784000
17		1358	4139.129494000
17		1358	4139.190008000
17		41	4139.204266000
17		1358	4139.249205000
17		41	4139.296475000
17		1358	4139.309961000
17		1358	4139.369487000
17		1358	4139.429623000
17		47	4139.480735000
17		1358	4139.489906000
17		41	4139.525896000
17		1358	4139.549257000
17		41	4139.572071000
17		1358	4139.610305000
17		41	4139.618086000
17		1358	4139.669461000
17		1358	4139.730108000
17		41	4139.756216000
17		1358	4139.789947000
17		41	4139.802494000
17		1358	4139.850697000
17		1358	4139.910448000
17		41	4139.940565000
17		1358	4139.970236000
17		1358	4140.029846000
17		41	4140.032534000
17		41	4140.078108000
17		1358	4140.090961000
17		1358	4140.150268000
17		41	4140.170101000
17		1358	4140.211057000
17		41	4140.262213000
17		1358	4140.271029000
17		41	4140.308327000
17		1358	4140.330985000
17		1358	4140.390560000
17		41	4140.400100000
17		1358	4140.451432000
17		41	4140.492227000
17		1358	4140.511730000
17		1358	4140.571130000
17		41	4140.584737000
17		1358	4140.631438000
17		41	4140.676403000
17		1358	4140.691103000
17		1358	4140.751556000
17		41	4140.768794000
17		1358	4140.811598000
17		1358	4140.872188000
17		41	4140.891923000
17		1358	4140.932177000
17		1358	4140.979979000
17		41	4141.016407000
17		1358	4141.028224000
17		1358	4141.076097000
17		41	4141.140055000
17		1358	4141.141603000
17		46	4141.264106000
17		1358	4141.265213000
17		41	4141.326309000
17		1358	4141.346432000
17		41	4141.388320000
17		1358	4141.427665000
17		41	4141.511857000
17		1358	4141.513630000
17		41	4141.635869000
17		1358	4141.637588000
17		41	4141.759992000
17		1358	4141.761676000
17		41	4141.884095000
17		1358	4141.885796000
17		41	4142.008237000
17		1358	4142.010040000
17		41	4142.132052000
17		1358	4142.133696000
17		41	4142.256105000
17		1358	4142.257797000
17		41	4142.380222000
17		1358	4142.381877000
17		41	4142.442644000
17		1358	4142.444386000
17		41	4142.503910000
17		35	4142.505904000
17		41	4142.566671000
17		1358	4142.568492000
17		41	4142.628384000
17		1358	4142.630039000
17		41	4142.752291000
17		1358	4142.753596000
17		41	4142.875800000
17		1358	4142.877293000
17		41	4143.062632000
17		1358	4143.064293000
17		41	4143.124255000
17		1358	4143.125919000
17		41	4143.186757000
17		1358	4143.188365000
17		41	4143.372005000
17		1358	4143.373908000
17		41	4143.434578000
17		1358	4143.436238000
17		41	4143.619785000
17		1358	4143.621464000
17		1358	4143.682238000
17		41	4143.805779000
17		1358	4143.807450000
17		41	4143.991829000
17		1358	4143.993478000
17		41	4144.177867000
17		1358	4144.179546000
17		41	4144.240764000
17		1358	4144.242384000
17		41	4144.302733000
17		41	4144.364513000
17		41	4144.425821000
17		41	4144.612070000
17		41	4144.674331000
17		1358	4144.676005000
17		46	4144.798485000
17		737	4144.800163000
17		41	4144.922821000
17		41	4144.984789000
17		41	4145.170179000
17		41	4145.232705000
17		41	4145.418658000
17		41	4145.480310000
17		41	4145.666462000
17		41	4145.851857000
17		41	4146.038288000
17		41	4146.224065000
17		914	4146.286455000
17		39	4146.287210000
17		156	4146.287974000
17		1353	4146.287998000
17		1358	4146.288004000
17		1358	4146.288010000
17		1358	4146.288016000
17		1358	4146.288022000
17		1358	4146.288028000
17		1358	4146.288035000
17		1358	4146.288040000
17		1358	4146.288046000
17		1358	4146.367171000
17		1358	4146.447039000
17		47	4146.534108000
17		33	4146.552881000
17		41	4146.596443000
17		41	4146.657815000
17		41	4146.720759000
17		41	4146.782223000
17		1358	4146.783693000
17		41	4146.843843000
17		1358	4146.862978000
17		41	4146.906605000
17		1358	4146.942909000
17		41	4146.968422000
17		1358	4147.022280000
17		41	4147.029878000
17		41	4147.092525000
17		1358	4147.099600000
17		1358	4147.163672000
17		1358	4147.227222000
17		41	4147.277901000
17		1358	4147.289328000
17		1358	4147.394459000
17		1358	4147.499602000
17		41	4147.650341000
17		1358	4147.652022000
17		41	4147.774488000
17		1358	4147.776221000
17		41	4147.898031000
17		1358	4147.899701000
17		41	4148.022017000
17		1358	4148.023546000
17		41	4148.145892000
17		1358	4148.147711000
17		41	4148.208026000
17		1358	4148.228203000
17		41	4148.332232000
17		1358	4148.333763000
17		41	4148.456134000
17		1358	4148.458066000
17		41	4148.518130000
17		1358	4148.537885000
17		46	4148.704513000
17		1358	4148.706183000
17		41	4148.890289000
17		1358	4148.891930000
17		41	4149.076299000
17		1358	4149.078145000
17		41	4149.261777000
17		1358	4149.263541000
17		41	4149.385822000
17		1358	4149.387492000
17		41	4149.448304000
17		1358	4149.449950000
17		41	4149.510374000
17		1358	4149.515195000
17		41	4149.634315000
17		1358	4149.635974000
17		41	4149.696484000
17		1358	4149.742494000
17		41	4149.758278000
17		1358	4149.848315000
17		41	4149.944605000
17		1358	4149.954289000
17		41	4150.130743000
17		1358	4150.132461000
17		41	4150.316674000
17		1358	4150.317997000
17		41	4150.502564000
17		1358	4150.504312000
17		41	4150.626596000
17		1358	4150.628234000
17		41	4150.688537000
17		1358	4150.707830000
17		41	4150.812021000
17		1358	4150.813688000
17		41	4150.874180000
17		1358	4150.893499000
17		41	4150.936203000
17		1358	4150.973958000
17		41	4151.060324000
17		1358	4151.062253000
17		46	4151.246415000
17		1358	4151.247851000
17		41	4151.431872000
17		1358	4151.433161000
17		41	4151.618420000
17		1358	4151.619162000
17		41	4151.803921000
17		1358	4151.805643000
17		41	4151.866696000
17		1358	4151.885349000
17		41	4151.989892000
17		1358	4151.991570000
17		41	4152.052367000
17		1358	4152.055956000
17		41	4152.114677000
17		1358	4152.119934000
17		41	4152.238190000
17		1358	4152.239884000
17		41	4152.300181000
17		117	4152.345671000
17		41	4152.424040000
17		41	4152.610429000
17		41	4152.672405000
17		41	4152.734706000
17		41	4152.796174000
17		834	4152.858038000
17		39	4152.858759000
17		1358	4152.861580000
17		41	4152.920126000
17		1358	4152.941334000
17		41	4152.982340000
17		1358	4153.021049000
17		1358	4153.098881000
17		1358	4153.177972000
17		41	4153.230255000
17		1358	4153.255982000
17		47	4153.292766000
17		33	4153.311482000
17		1358	4153.335332000
17		41	4153.354360000
17		1358	4153.415200000
17		41	4153.416169000
17		41	4153.478892000
17		1358	4153.492900000
17		1358	4153.572704000
17		1358	4153.650836000
17		41	4153.664099000
17		1358	4153.729849000
17		41	4153.788454000
17		1358	4153.807999000
17		41	4153.850475000
17		1358	4153.887355000
17		41	4153.974636000
17		1358	4153.980539000
17		41	4154.035938000
17		1358	4154.072961000
17		1358	4154.147911000
17		41	4154.160226000
17		1358	4154.222411000
17		41	4154.285008000
17		1358	4154.296240000
17		41	4154.408440000
17		1358	4154.420096000
17		41	4154.469995000
17		1358	4154.544266000
17		41	4154.594193000
17		1358	4154.668227000
17		41	4154.718276000
17		1358	4154.760330000
17		595	4154.779783000
17		37	4154.782424000
17		77	4154.783884000
17		33	4154.783897000
17		41	4154.842320000
17		1358	4154.853902000
17		1358	4154.947122000
17		41	4154.966211000
17		1358	4155.039954000
17		41	4155.090115000
17		1358	4155.132452000
17		41	4155.214793000
17		1358	4155.225705000
17		41	4155.276374000
17		1358	4155.319373000
17		46	4155.400164000
17		1358	4155.411533000
17		1358	4155.504258000
17		41	4155.586607000
17		1358	4155.597474000
17		41	4155.648274000
17		1358	4155.691257000
17		45	4155.710259000
17		41	4155.710290000
17		33	4155.736930000
17		41	4155.834346000
17		1358	4155.836011000
17		41	4155.896607000
17		1358	4155.929345000
17		41	4156.019866000
17		1358	4156.022016000
17		41	4156.144190000
17		1358	4156.145912000
17		41	4156.330327000
17		1358	4156.332010000
17		41	4156.453940000
17		1358	4156.454969000
17		41	4156.578131000
17		41	4156.640656000
17		41	4156.702734000
17		41	4156.826374000
17		41	4156.888651000
17		1358	4156.890375000
17		41	4156.950258000
17		1358	4156.984670000
17		41	4157.136143000
17		1358	4157.137800000
17		41	4157.260029000
17		1358	4157.261680000
17		41	4157.384123000
17		1358	4157.385790000
17		41	4157.570732000
17		1358	4157.573106000
17		1358	4157.667159000
17		41	4157.694462000
17		1358	4157.760074000
17		46	4157.818381000
17		33	4157.837504000
17		1358	4157.853725000
17		41	4157.942109000
17		1358	4157.946117000
17		752	4158.038950000
17		41	4158.066245000
17		41	4158.252053000
17		41	4158.376250000
17		41	4158.500362000
17		41	4158.624156000
17		41	4158.748483000
17		827	4158.748506000
17		33	4158.749290000
17		33	4158.749504000
17		149	4158.749967000
17		1358	4158.759518000
17		41	4158.810652000
17		1358	4158.834750000
17		1358	4158.909266000
17		1358	4158.983612000
17		1358	4159.057155000
17		1358	4159.132313000
17		1358	4159.206454000
17		47	4159.244432000
17		33	4159.263403000
17		1358	4159.281414000
17		41	4159.306286000
17		41	4159.368069000
17		1358	4159.405105000
17		41	4159.430127000
17		41	4159.492232000
17		1358	4159.529417000
17		41	4159.554474000
17		1358	4159.621004000
17		41	4159.678272000
17		1358	4159.714964000
17		41	4159.802235000
17		1358	4159.807866000
17		1358	4159.901595000
17		41	4159.925910000
17		1358	4159.993546000
17		41	4160.050033000
17		1358	4160.079580000
17		41	4160.111940000
17		1358	4160.163908000
17		41	4160.174373000
17		1358	4160.250023000
17		1358	4160.334251000
17		41	4160.359861000
17		1358	4160.418939000
17		41	4160.484146000
17		1358	4160.504945000
17		1358	4160.589948000
17		41	4160.608046000
17		1358	4160.674747000
17		41	4160.731938000
17		1358	4160.761040000
17		1358	4160.845733000
17		41	4160.856375000
17		1358	4160.931018000
17		41	4160.980108000
17		1358	4161.015386000
17		1358	4161.100277000
17		41	4161.104423000
17		41	4161.166631000
17		1358	4161.186469000
17		1358	4161.270918000
17		46	4161.290032000
17		33	4161.308129000
17		1358	4161.356888000
17		41	4161.414244000
17		1358	4161.441640000
17		1358	4161.526587000
17		41	4161.538183000
17		41	4161.600681000
17		1358	4161.612014000
17		1358	4161.696968000
17		41	4161.724285000
17		1358	4161.782533000
17		41	4161.848701000
17		1358	4161.867468000
17		41	4161.909939000
17		1358	4161.952813000
17		41	4162.034251000
17		1358	4162.038656000
17		1358	4162.123005000
17		41	4162.157931000
17		1358	4162.209456000
17		41	4162.281915000
17		1358	4162.294136000
17		41	4162.343992000
17		1358	4162.378814000
17		1358	4162.463843000
17		41	4162.468733000
17		41	4162.529918000
17		1358	4162.549552000
17		1358	4162.634673000
17		41	4162.654630000
17		1358	4162.720096000
17		41	4162.778359000
17		1358	4162.788110000
17		41	4162.840262000
17		1358	4162.856084000
17		1358	4162.923543000
17		41	4163.026532000
17		1358	4163.028200000
17		41	4163.088828000
17		1358	4163.096767000
17		41	4163.150282000
17		1358	4163.166288000
17		41	4163.274532000
17		1358	4163.280892000
17		46	4163.398147000
17		1358	4163.399803000
17		1358	4163.515215000
17		41	4163.522092000
17		1358	4163.628006000
17		41	4163.646015000
17		41	4163.708586000
17		590	4163.742309000
17		41	4163.832355000
17		41	4163.955805000
17		41	4164.018693000
17		41	4164.080116000
17		41	4164.204311000
17		41	4164.328253000
17		41	4164.390087000
17		41	4164.452750000
17		41	4164.514025000
17		41	4164.700665000
17		41	4164.762016000
17		907	4164.823960000
17		39	4164.824659000
17		1358	4164.827664000
17		41	4164.885799000
17		1358	4164.913675000
17		41	4164.948450000
17		1358	4164.999015000
17		1358	4165.084766000
17		1358	4165.168712000
17		1358	4165.254786000
17		1358	4165.339698000
17		1358	4165.424563000
17		1358	4165.510773000
17		41	4165.568488000
17		1358	4165.595637000
17		47	4165.629923000
17		33	4165.647888000
17		1358	4165.681077000
17		41	4165.754175000
17		1358	4165.765782000
17		1358	4165.850523000
17		41	4165.877911000
17		1358	4165.935749000
17		41	4166.002055000
17		1358	4166.020647000
17		1358	4166.106703000
17		41	4166.126725000
17		41	4166.187841000
17		1358	4166.191612000
17		1358	4166.275980000
17		1358	4166.361935000
17		41	4166.374114000
17		41	4166.436119000
17		1358	4166.446824000
17		41	4166.498467000
17		1358	4166.533235000
17		41	4166.560376000
17		1358	4166.617321000
17		41	4166.622350000
17		41	4166.684513000
17		1358	4166.702038000
17		41	4166.746640000
17		1358	4166.788034000
17		41	4166.870128000
17		1358	4166.871818000
17		41	4166.932081000
17		1358	4166.957759000
17		1358	4167.043903000
17		41	4167.056401000
17		41	4167.117987000
17		1358	4167.127996000
17		1358	4167.196011000
17		1358	4167.264096000
17		41	4167.304687000
17		1358	4167.332008000
17		41	4167.366222000
17		1358	4167.401042000
17		41	4167.428243000
17		1358	4167.468967000
17		46	4167.490548000
17		33	4167.509087000
17		1358	4167.536971000
17		41	4167.552429000
17		1358	4167.605041000
17		41	4167.614336000
17		1358	4167.672918000
17		41	4167.676516000
17		1358	4167.786853000
17		41	4167.862223000
17		1358	4167.899381000
17		41	4167.924315000
17		1358	4168.013290000
17		41	4168.047904000
17		1358	4168.127024000
17		41	4168.172413000
17		1358	4168.239158000
17		41	4168.295838000
17		1358	4168.324088000
17		1358	4168.405919000
17		41	4168.420379000
17		1358	4168.489622000
17		41	4168.544328000
17		1358	4168.571205000
17		41	4168.606051000
17		1358	4168.653960000
17		41	4168.730195000
17		1358	4168.737609000
17		1358	4168.818674000
17		41	4168.853804000
17		1358	4168.901706000
17		736	4168.984135000
17		41	4169.039980000
17		41	4169.164559000
17		41	4169.287959000
17		41	4169.412488000
17		41	4169.474172000
17		41	4169.598266000
17		46	4169.722347000
17		33	4169.740797000
17		41	4169.846167000
17		41	4169.970292000
17		41	4170.093881000
17		41	4170.156154000
17		41	4170.280666000
17		914	4170.341910000
17		39	4170.342565000
17		1358	4170.344376000
17		1358	4170.344392000
17		1358	4170.344398000
17		1358	4170.344443000
17		1358	4170.427968000
17		41	4171.024132000
17		1358	4171.025838000
17		1358	4171.109232000
17		47	4171.147951000
17		33	4171.166661000
17		1358	4171.191731000
17		41	4171.209995000
17		41	4171.272135000
17		1358	4171.273852000
17		41	4171.333895000
17		1358	4171.356950000
17		1358	4171.440130000
17		41	4171.458216000
17		1358	4171.522265000
17		1358	4171.604839000
17		1358	4171.687753000
17		1358	4171.769622000
17		1358	4171.853319000
17		41	4171.892726000
17		1358	4171.935424000
17		41	4171.954672000
17		1358	4172.018435000
17		41	4172.078211000
17		1358	4172.101659000
17		1358	4172.183416000
17		41	4172.202812000
17		1358	4172.265592000
17		41	4172.325926000
17		1358	4172.348448000
17		1358	4172.430681000
17		41	4172.450220000
17		1358	4172.513921000
17		41	4172.574168000
17		1358	4172.596092000
17		41	4172.635876000
17		1358	4172.678880000
17		1358	4172.744489000
17		41	4172.759961000
17		1358	4172.811116000
17		1358	4172.877120000
17		41	4172.884209000
17		1358	4172.942324000
17		41	4173.008509000
17		1358	4173.008642000
17		41	4173.070245000
17		1358	4173.074860000
17		1358	4173.141091000
17		41	4173.194268000
17		1358	4173.207532000
17		1358	4173.273137000
17		41	4173.318286000
17		1358	4173.339536000
17		41	4173.442779000
17		1358	4173.450123000
17		46	4173.504268000
17		33	4173.523552000
17		1358	4173.559472000
17		41	4173.628643000
17		1358	4173.669307000
17		41	4173.752723000
17		1358	4173.779434000
17		41	4173.875979000
17		1358	4173.890201000
17		1358	4174.000166000
17		41	4174.000554000
17		1358	4174.110139000
17		41	4174.124404000
17		1083	4174.192955000
17		41	4174.248568000
17		41	4174.371997000
17		41	4174.496071000
17		41	4174.557986000
17		41	4174.682243000
17		41	4174.744318000
17		35	4174.746669000
17		41	4174.806584000
17		693	4174.806617000
17		37	4174.809210000
17		75	4174.811681000
17		33	4174.811729000
17		41	4174.868676000
17		41	4174.991864000
17		41	4175.116184000
17		41	4175.240350000
17		41	4175.364188000
17		41	4175.426125000
17		41	4175.550417000
17		41	4175.735830000
17		41	4175.860108000
17		41	4175.984470000
17		834	4176.107895000
17		41	4176.108615000
17		127	4176.109347000
17		1353	4176.132157000
17		1358	4176.132203000
17		1358	4176.132208000
17		1358	4176.132211000
17		1358	4176.132215000
17		1358	4176.132220000
17		1358	4176.132224000
17		1358	4176.132228000
17		1358	4176.132233000
17		1358	4176.215858000
17		1358	4176.298204000
17		1358	4176.381315000
17		1358	4176.464181000
17		33	4176.465220000
17		45	4176.480518000
17		41	4176.480540000
17		33	4176.507354000
17		1358	4176.545773000
17		1358	4176.628708000
17		1358	4176.711072000
17		1358	4176.794256000
17		1358	4176.876451000
17		47	4176.914494000
17		33	4176.932565000
17		1358	4176.958455000
17		41	4176.975907000
17		41	4177.037856000
17		1358	4177.041612000
17		41	4177.099871000
17		1358	4177.125140000
17		41	4177.161951000
17		1358	4177.206686000
17		41	4177.224140000
17		41	4177.285849000
17		1358	4177.287573000
17		41	4177.348025000
17		1358	4177.372320000
17		41	4177.409901000
17		1358	4177.454705000
17		41	4177.472292000
17		41	4177.533953000
17		1358	4177.535420000
17		41	4177.596422000
17		1358	4177.619189000
17		42	4177.658038000
17		41	4177.658065000
17		1358	4177.702736000
17		41	4177.720371000
17		41	4177.782000000
17		1358	4177.783664000
17		41	4177.844446000
17		1358	4177.868086000
17		41	4177.905994000
17		1358	4177.950987000
17		41	4177.968326000
17		41	4178.030735000
17		1358	4178.032436000
17		1358	4178.091530000
17		41	4178.092129000
17		1358	4178.149876000
17		46	4178.154796000
17		33	4178.173335000
17		1358	4178.208982000
17		41	4178.216025000
17		1358	4178.267711000
17		41	4178.278260000
17		1358	4178.326445000
17		41	4178.340310000
17		1358	4178.385075000
17		41	4178.402412000
17		1358	4178.444242000
17		41	4178.464249000
17		1358	4178.501036000
17		41	4178.526813000
17		1358	4178.560283000
17		41	4178.588539000
17		1358	4178.618973000
17		41	4178.650428000
17		1358	4178.677872000
17		41	4178.712560000
17		1358	4178.735891000
17		41	4178.774180000
17		1358	4178.795190000
17		41	4178.835875000
17		1358	4178.853178000
17		41	4178.898371000
17		1358	4178.911984000
17		41	4178.960298000
17		1358	4178.969814000
17		41	4179.022473000
17		1358	4179.029155000
17		627	4179.075243000
17		41	4179.084137000
17		41	4179.146392000
17		41	4179.208556000
17		41	4179.270682000
17		41	4179.332741000
17		46	4179.393920000
17		33	4179.412842000
17		41	4179.518486000
17		41	4179.579874000
17		41	4179.641932000
17		41	4179.704203000
17		41	4179.766293000
17		914	4179.828500000
17		39	4179.829356000
17		1358	4179.830105000
17		1358	4179.830121000
17		1358	4179.830125000
17		1358	4179.830129000
17		1358	4179.830133000
17		1358	4179.830137000
17		1358	4179.830141000
17		1358	4179.830144000
17		1358	4179.830149000
17		1358	4179.830153000
17		1358	4179.877808000
17		1358	4179.924205000
17		41	4179.951838000
17		47	4180.014199000
17		41	4180.014233000
17		1358	4180.015953000
17		41	4180.076227000
17		1358	4180.077924000
17		41	4180.138206000
17		1358	4180.140135000
17		41	4180.200090000
17		1358	4180.201298000
17		41	4180.262421000
17		1358	4180.264164000
17		41	4180.324149000
17		1358	4180.325733000
17		41	4180.386350000
17		1358	4180.388056000
17		41	4180.448126000
17		1358	4180.449890000
17		41	4180.510152000
17		1358	4180.511852000
17		41	4180.572113000
17		1358	4180.573808000
17		41	4180.633948000
17		1358	4180.635601000
17		41	4181.254343000
17		1358	4181.256022000
17		41	4181.316772000
17		1358	4181.318491000
17		41	4181.378459000
17		1358	4181.380117000
17		41	4181.440469000
17		1358	4181.442156000
17		41	4181.564371000
17		1358	4181.566030000
17		41	4181.626604000
17		1358	4181.645470000
17		41	4181.688335000
17		1358	4181.725033000
17		41	4181.750668000
17		1358	4181.784218000
17		46	4181.812328000
17		33	4181.830588000
17		1358	4181.843980000
17		41	4181.874597000
17		1358	4181.903968000
17		41	4181.936244000
17		1358	4181.963090000
17		41	4183.114694000
17		1358	4183.116489000
17		41	4183.176344000
17		1358	4183.177876000
17		41	4183.237943000
17		1297	4183.239595000
17		41	4183.424098000
17		41	4183.485831000
17		41	4183.547997000
17		41	4183.610646000
17		41	4183.672311000
17		41	4183.734363000
17		41	4183.796432000
17		907	4184.601967000
17		39	4184.602647000
17		136	4184.603494000
17		1358	4184.610324000
17		1358	4184.669897000
17		1358	4184.729053000
17		1358	4184.787181000
17		596	4184.788162000
17		37	4184.789963000
17		77	4184.791924000
17		33	4184.791975000
17		1358	4184.845741000
17		1358	4184.903382000
17		41	4184.911883000
17		1358	4184.962095000
17		41	4184.974357000
17		1358	4185.020819000
17		41	4185.035902000
17		1358	4185.079916000
17		1358	4185.138978000
17		1358	4185.197880000
17		41	4185.966099000
17		47	4186.028432000
17		41	4186.028456000
17		1358	4186.029320000
17		41	4186.152478000
17		1358	4186.153973000
17		41	4186.276258000
17		1358	4186.277929000
17		41	4186.338178000
17		1358	4186.339885000
17		45	4186.399844000
17		41	4186.399871000
17		33	4186.427435000
17		41	4186.462309000
17		1358	4186.463928000
17		41	4186.586071000
17		1358	4186.587716000
17		41	4186.648331000
17		1358	4186.666381000
17		41	4186.710098000
17		1358	4186.745362000
17		41	4186.771892000
17		1358	4186.805651000
17		41	4186.834499000
17		1358	4186.864698000
17		41	4186.896736000
17		1358	4186.924938000
17		41	4186.958849000
17		1358	4186.983962000
17		41	4187.020215000
17		1358	4187.044005000
17		41	4187.144250000
17		1358	4187.145907000
17		41	4187.206593000
17		1358	4187.207978000
17		41	4187.330580000
17		1358	4187.332293000
17		41	4187.392265000
17		1358	4187.393910000
17		41	4187.454377000
17		1358	4187.455381000
17		41	4187.578503000
17		1358	4187.580163000
17		46	4187.640745000
17		1358	4187.642435000
17		41	4187.702898000
17		1358	4187.704541000
17		41	4187.764391000
17		1358	4187.784436000
17		41	4187.826912000
17		1358	4187.863632000
17		1358	4187.922325000
17		41	4188.880680000
17		1358	4188.882367000
17		41	4189.066737000
17		1358	4189.068380000
17		41	4189.128129000
17		1358	4189.129864000
17		41	4189.190620000
17		1358	4189.192151000
17		41	4189.252335000
17		1358	4189.253747000
17		41	4189.314232000
17		1358	4189.316318000
17		41	4189.376094000
17		1358	4189.377746000
17		41	4189.499927000
17		1358	4189.502026000
17		41	4189.561923000
17		1358	4189.563569000
17		41	4189.624202000
17		1358	4189.625880000
17		41	4189.686700000
17		1358	4189.688452000
17		41	4190.616328000
17		41	4190.802270000
17		41	4190.864255000
17		41	4190.926308000
17		41	4190.988485000
17		46	4191.050617000
17		33	4191.069275000
17		41	4191.236615000
17		1358	4191.238534000
17		41	4191.298625000
17		1358	4191.300318000
17		41	4191.359871000
17		1358	4191.360822000
17		41	4191.422668000
17		1358	4191.424324000
17		41	4191.484278000
17		1358	4191.485938000
17		41	4193.282244000
17		1358	4193.283973000
17		475	4193.343984000
17		41	4193.344753000
17		826	4193.344760000
17		33	4193.345499000
17		1358	4193.364739000
17		41	4193.406322000
17		1358	4193.423462000
17		41	4193.467910000
17		1358	4193.482757000
17		1358	4193.541270000
17		41	4193.591942000
17		1358	4193.599952000
17		1358	4193.658808000
17		1358	4193.717776000
17		1358	4193.775058000
17		1358	4193.834336000
17		1358	4193.892924000
17		1358	4193.951050000
17		1358	4194.010657000
17		1358	4194.068579000
17		1358	4194.127466000
17		41	4195.328055000
17		1358	4195.329962000
17		1358	4195.389402000
17		47	4195.390091000
17		33	4195.408780000
17		1358	4195.448833000
17		41	4195.452447000
17		1358	4195.506626000
17		41	4195.514184000
17		1358	4195.565019000
17		41	4195.575855000
17		1358	4195.623199000
17		41	4195.638079000
17		1358	4195.681844000
17		41	4195.700461000
17		1358	4195.740910000
17		41	4195.762014000
17		1358	4195.799816000
17		41	4195.824161000
17		1358	4195.857992000
17		41	4195.886294000
17		1358	4195.916214000
17		41	4195.948509000
17		1358	4195.974575000
17		41	4196.010517000
17		1358	4196.033592000
17		41	4196.072246000
17		1358	4196.092454000
17		41	4196.134174000
17		1358	4196.151585000
17		1358	4196.209557000
17		1358	4196.267324000
17		1358	4196.326838000
17		1358	4196.384593000
17		1358	4196.443583000
17		1358	4196.502388000
17		1358	4196.561655000
17		1358	4196.618787000
17		41	4196.629817000
17		1358	4196.677701000
17		41	4196.692021000
17		1358	4196.736706000
17		41	4196.754649000
17		1358	4196.794919000
17		41	4196.816786000
17		1358	4196.876646000
17		41	4196.878227000
17		41	4196.939865000
17		1358	4196.957554000
17		41	4197.001950000
17		1358	4197.037752000
17		46	4197.064601000
17		33	4197.083358000
17		1358	4197.118239000
17		41	4197.125845000
17		41	4197.188386000
17		1358	4197.199834000
17		41	4197.250509000
17		1358	4197.280305000
17		41	4197.312103000
17		1358	4197.361470000
17		41	4197.374527000
17		41	4197.436621000
17		1358	4197.442329000
17		41	4197.498673000
17		1358	4197.523483000
17		727	4197.604877000
17		41	4197.746348000
17		41	4198.676285000
17		41	4199.358304000
17		35	4199.359854000
17		41	4199.544130000
17		41	4199.792295000
17		41	4199.854476000
17		41	4200.040750000
17		41	4200.102482000
17		41	4200.163822000
17		41	4200.288718000
17		41	4200.350742000
17		41	4200.412045000
17		41	4200.474267000
17		41	4200.535909000
17		41	4200.598100000
17		41	4200.660084000
17		41	4200.722261000
17		41	4200.909540000
17		914	4201.096306000
17		41	4201.097013000
17		137	4201.097713000
17		1353	4201.097733000
17		1358	4201.097768000
17		1358	4201.097775000
17		1358	4201.097779000
17		1358	4201.097784000
17		1358	4201.097788000
17		1358	4201.097792000
17		1358	4201.097796000
17		1358	4201.097800000
17		1358	4201.164047000
17		1358	4201.227828000
17		1358	4201.293735000
17		1358	4201.357254000
17		1358	4201.422417000
17		1358	4201.487325000
17		1358	4201.551472000
17		1358	4201.617064000
17		1358	4201.680945000
17		1358	4201.746635000
17		1358	4201.810178000
17		1358	4201.875758000
17		1358	4201.940610000
17		1358	4202.005190000
17		1358	4202.070129000
17		1358	4202.134041000
17		1358	4202.199671000
17		1358	4202.263806000
17		1358	4202.329302000
17		1358	4202.392739000
17		1358	4202.458912000
17		1358	4202.523260000
17		1358	4202.587514000
17		1358	4202.652757000
17		1358	4202.716520000
17		1358	4202.781565000
17		1358	4202.846264000
17		907	4203.339895000
17		37	4203.341557000
17		699	4204.835992000
17		37	4204.838613000
17		77	4204.840339000
17		33	4204.840366000
17		33	4206.807924000
17		699	4206.893260000
17		34	4206.894884000
17		1358	4207.612801000
17		907	4209.511641000
17		39	4209.513378000
17		77	4210.746517000
17		41	4210.820434000
17		47	4211.007048000
17		41	4211.007082000
17		1358	4211.008772000
17		41	4211.194712000
17		699	4211.194742000
17		1358	4211.196240000
17		36	4211.196353000
17		1358	4211.261478000
17		41	4211.381533000
17		1358	4211.382838000
17		1358	4211.447737000
17		41	4211.567933000
17		1358	4211.569697000
17		1358	4211.635080000
17		41	4211.755416000
17		41	4211.755444000
17		45	4211.755448000
17		904	4211.755456000
17		45	4211.756139000
17		36	4211.756153000
17		1358	4211.758187000
17		1358	4211.823906000
17		41	4211.942045000
17		1358	4211.944324000
17		1358	4212.010127000
17		41	4212.128913000
17		1358	4212.130359000
17		1358	4212.196223000
17		41	4212.316079000
17		1358	4212.317732000
17		1358	4212.383651000
17		41	4212.503149000
17		1358	4212.504924000
17		1358	4212.570957000
17		41	4212.690588000
17		1358	4212.692529000
17		1358	4212.758372000
17		41	4212.876983000
17		1358	4212.878568000
17		1358	4212.944128000
17		41	4213.438722000
17		1358	4213.440426000
17		1358	4213.506458000
17		1358	4213.570586000
17		41	4213.625535000
17		1358	4213.635393000
17		1358	4213.699632000
17		1358	4213.764847000
17		41	4213.812432000
17		1358	4213.830034000
17		1358	4213.896224000
17		41	4213.999696000
17		1358	4214.001542000
17		1358	4214.066954000
17		41	4214.186214000
17		1358	4214.187082000
17		1358	4214.252512000
17		41	4214.372926000
17		1358	4214.374642000
17		1358	4214.440045000
17		41	4214.560449000
17		1358	4214.562182000
17		1358	4214.627231000
17		41	4214.747036000
17		1358	4214.748758000
17		1358	4214.815358000
17		41	4214.934144000
17		715	4214.934176000
17		1358	4214.935683000
17		41	4214.935997000
17		75	4214.939461000
17		33	4214.939483000
17		1358	4215.001579000
17		887	4215.121228000
17		41	4215.121255000
17		1358	4215.122932000
17		41	4215.123348000
17		48	4215.125576000
17		33	4215.125596000
17		1358	4215.188091000
17		41	4215.308438000
17		1358	4215.309392000
17		1358	4215.375042000
17		41	4215.495060000
17		1358	4215.496692000
17		1358	4215.562719000
17		1358	4215.627342000
17		41	4215.681919000
17		1358	4215.692192000
17		1358	4215.755904000
17		1358	4215.821031000
17		46	4215.869122000
17		1358	4215.886253000
17		1358	4215.951774000
17		41	4216.055900000
17		1358	4216.057716000
17		1358	4216.123482000
17		41	4216.243713000
17		1358	4216.245267000
17		1358	4216.310358000
17		41	4216.430418000
17		1358	4216.431526000
17		1358	4216.497723000
17		41	4216.617125000
17		1358	4216.618832000
17		1358	4216.684440000
17		41	4216.804712000
17		1358	4216.806807000
17		1358	4216.872601000
17		41	4216.991306000
17		1358	4216.993018000
17		1358	4217.058814000
17		41	4217.178516000
17		1358	4217.179949000
17		1358	4217.245202000
17		41	4217.365138000
17		1358	4217.366873000
17		1358	4217.432697000
17		45	4217.552179000
17		42	4217.552213000
17		41	4217.552220000
17		1358	4217.553946000
17		36	4217.553972000
17		1358	4217.619194000
17		42	4217.739540000
17		1358	4217.741324000
17		1358	4217.806787000
17		1161	4219.422286000
17		41	4219.424116000
17		108	4219.429438000
17		174	4219.432025000
17		44	4223.162326000
17		42	4223.723083000
17		42	4223.910286000
17		43	4224.097764000
17		43	4224.284013000
17		43	4224.471267000
17		43	4224.658685000
17		49	4224.844996000
17		34	4224.863003000
17		43	4225.032629000
17		43	4225.219400000
17		43	4225.406589000
17		43	4225.593873000
17		43	4225.780140000
17		43	4225.967519000
17		43	4226.154586000
17		41	4226.154611000
17		915	4226.154618000
17		42	4226.155324000
17		43	4226.341707000
17		43	4226.528435000
17		43	4226.715724000
17		43	4226.902412000
17		43	4227.089072000
17		43	4228.024637000
17		43	4228.211837000
17		43	4228.398546000
17		43	4228.585428000
17		43	4228.772745000
17		43	4228.959014000
17		43	4229.146372000
17		43	4229.333468000
17		43	4229.520747000
17		43	4229.707058000
17		43	4229.894263000
17		43	4230.081485000
17		43	4230.268825000
17		44	4230.455151000
17		33	4230.606082000
17		49	4230.641931000
17		715	4230.641968000
17		36	4230.643743000
17		34	4230.660952000
17		44	4230.829874000
17		44	4231.015966000
17		44	4231.202905000
17		49	4231.202932000
17		44	4231.202941000
17		45	4231.202945000
17		34	4231.204536000
17		44	4231.390484000
17		49	4231.577544000
17		45	4231.577568000
17		35	4231.604705000
17		44	4231.764756000
17		44	4231.951610000
17		44	4232.138807000
17		44	4232.325145000
17		44	4232.513173000
17		44	4232.699803000
17		44	4232.886072000
17		44	4233.073325000
17		44	4233.260692000
17		43	4233.447868000
17		43	4233.634182000
17		43	4233.821412000
17		43	4234.008719000
17		43	4234.195053000
17		44	4234.382271000
17		49	4234.569615000
17		34	4234.588875000
17		45	4234.756817000
17		45	4234.943128000
17		844	4234.943156000
17		39	4234.945016000
17		77	4234.947233000
17		33	4234.949299000
17		45	4235.130086000
17		45	4235.317147000
17		45	4235.504570000
17		45	4235.691110000
17		45	4235.878067000
17		45	4236.065318000
17		1358	4236.066981000
17		45	4236.252567000
17		1358	4236.254282000
17		45	4236.439273000
17		1358	4236.440930000
17		45	4236.626245000
17		1358	4236.627891000
17		45	4236.813010000
17		1358	4236.814693000
17		47	4243.732468000
17		43	4243.732473000
17		35	4243.759261000
17		42	4248.220407000
17		36	4248.222964000
17		44	4251.025494000
17		47	4251.025500000
17		42	4251.025505000
17		43	4251.025509000
17		1358	4251.027373000
17		33	4251.052532000
17		1358	4251.109764000
17		1358	4251.189654000
17		47	4251.212044000
17		36	4251.213721000
17		1358	4251.270708000
17		1358	4251.352314000
17		41	4251.399491000
17		41	4251.399519000
17		915	4251.399528000
17		42	4251.400336000
17		1358	4251.434937000
17		1358	4251.516212000
17		41	4251.586203000
17		1358	4251.596794000
17		1358	4251.677072000
17		1358	4251.757970000
17		41	4251.773202000
17		1358	4251.839098000
17		1358	4251.920196000
17		41	4251.959963000
17		1358	4252.002076000
17		1358	4252.082238000
17		1358	4252.162821000
17		1358	4252.244198000
17		1358	4252.324640000
17		1358	4252.406440000
17		1358	4252.486440000
17		1358	4252.567110000
17		1358	4252.648098000
17		1358	4252.730057000
17		1358	4252.811059000
17		1358	4252.891392000
17		1358	4252.972092000
17		1358	4253.052987000
17		1358	4253.133741000
17		1358	4253.215345000
17		1358	4253.295971000
17		1358	4253.376046000
17		1358	4253.457323000
17		1358	4253.538990000
17		1358	4253.620197000
17		1358	4253.700406000
17		1358	4253.780444000
17		1358	4253.861952000
17		1358	4253.942805000
17		1358	4254.024113000
17		1358	4254.105799000
17		1358	4254.185202000
17		1358	4254.266247000
17		1358	4254.347842000
17		1358	4254.429066000
17		1358	4254.510060000
17		1358	4254.589636000
17		1358	4254.671065000
17		1358	4254.751982000
17		1358	4254.833290000
17		1358	4254.914131000
17		844	4254.952409000
17		37	4254.954227000
17		77	4254.956048000
17		33	4254.956074000
17		1358	4254.995174000
17		1358	4255.075265000
17		695	4255.139599000
17		37	4255.141446000
17		46	4255.144271000
17		33	4255.144294000
17		1358	4255.156576000
17		1358	4255.237350000
17		1358	4255.319254000
17		1358	4255.400402000
17		1358	4255.479856000
17		1358	4255.561513000
17		1358	4255.642688000
17		1358	4255.722925000
17		1358	4255.804063000
17		1358	4255.885059000
17		1358	4255.965189000
17		1358	4256.047096000
17		1358	4256.128105000
17		1358	4256.209159000
17		1358	4256.288773000
17		1358	4256.369854000
17		1358	4256.450817000
17		1358	4256.532048000
17		1358	4256.613249000
17		1358	4256.693982000
17		1358	4256.774280000
17		1358	4256.856231000
17		1358	4256.936875000
17		1358	4257.018451000
17		1358	4257.098615000
17		1358	4257.179393000
17		1358	4257.259971000
17		41	4269.770341000
17		41	4270.049626000
17		41	4270.142680000
17		41	4270.235213000
17		47	4270.328188000
17		34	4270.347106000
17		41	4270.421812000
17		41	4270.514522000
17		41	4270.607459000
17		41	4270.700569000
17		41	4270.793655000
17		41	4270.885861000
17		41	4270.979338000
17		41	4271.072282000
17		41	4271.165623000
17		45	4271.165629000
17		904	4271.165635000
17		43	4271.167647000
17		34	4271.167725000
17		41	4271.351464000
17		41	4271.443893000
17		41	4271.723543000
17		41	4271.816449000
17		41	4272.095023000
17		41	4272.188002000
17		41	4272.467585000
17		41	4272.560699000
17		41	4272.652971000
17		41	4272.838923000
17		41	4272.931872000
17		41	4273.211607000
17		41	4273.304474000
17		41	4273.583125000
17		41	4273.676113000
17		41	4273.955502000
17		41	4274.048645000
17		41	4274.140828000
17		41	4274.513108000
17		46	4274.605992000
17		34	4274.624571000
17		843	4274.792076000
17		37	4274.794698000
17		77	4274.796483000
17		33	4274.796503000
17		41	4274.885620000
17		41	4274.977959000
17		41	4275.257397000
17		41	4275.350622000
17		41	4275.443573000
17		41	4275.722117000
17		41	4275.815138000
17		41	4276.001199000
17		41	4276.094512000
17		41	4276.373103000
17		41	4276.466198000
17		41	4276.559127000
17		41	4276.837852000
17		41	4276.930885000
17		45	4277.116926000
17		41	4277.116933000
17		33	4277.144137000
17		41	4277.210169000
17		41	4277.302982000
17		45	4277.489297000
17		41	4277.489304000
17		33	4277.516933000
17		41	4277.582233000
17		41	4277.675529000
17		41	4277.954278000
17		46	4278.047323000
17		33	4278.065623000
17		41	4278.326341000
17		42	4278.419287000
17		42	4278.697941000
17		42	4278.791004000
17		42	4278.884158000
17		43	4279.163256000
17		43	4279.441963000
17		43	4279.535124000
17		43	4279.814450000
17		43	4279.907284000
17		43	4280.185941000
17		43	4280.279165000
17		43	4280.371984000
17		43	4280.651259000
17		43	4280.929906000
17		43	4281.023420000
17		1358	4281.025101000
17		43	4281.302499000
17		1358	4281.304140000
17		43	4281.395004000
17		1358	4281.396692000
17		43	4281.488001000
17		1358	4281.489292000
17		48	4281.581595000
17		1358	4281.583868000
17		43	4288.928122000
17		1358	4288.929818000
17		1358	4289.011744000
17		1358	4289.092846000
17		1358	4289.173925000
17		1358	4289.254354000
17		1358	4289.335333000
17		1358	4289.416239000
17		1358	4289.496388000
17		1358	4289.578309000
17		1358	4289.659181000
17		1358	4289.740097000
17		1358	4289.820719000
17		1358	4289.901232000
17		1358	4289.982316000
17		1358	4290.063861000
17		1358	4290.144932000
17		1358	4290.225788000
17		1358	4290.305649000
17		1358	4290.387112000
17		1358	4290.467528000
17		1358	4290.549270000
17		1358	4290.630140000
17		1358	4290.710862000
17		1358	4290.791180000
17		1358	4290.872418000
17		45	4290.881261000
17		41	4290.881290000
17		33	4290.908824000
17		1358	4290.954197000
17		1358	4291.035095000
17		1358	4291.115049000
17		1358	4291.195884000
17		1358	4291.276954000
17		1358	4291.358113000
17		1358	4291.439175000
17		1358	4291.520133000
17		1358	4291.600337000
17		1358	4291.681581000
17		1358	4291.762733000
17		1358	4291.844169000
17		1358	4291.924537000
17		1358	4292.005481000
17		1358	4292.086233000
17		1358	4292.167444000
17		1358	4292.248223000
17		1358	4292.329196000
17		1358	4292.409932000
17		1358	4292.490901000
17		1358	4292.572128000
17		1358	4292.652842000
17		1358	4292.734094000
17		1358	4292.814246000
17		1358	4292.895585000
17		1358	4292.976092000
17		1358	4293.057277000
17		1358	4293.138207000
17		1358	4293.218232000
17		1358	4293.299188000
17		1358	4293.380717000
17		1358	4293.462337000
17		1358	4293.543289000
17		1358	4293.624157000
17		1358	4293.703934000
17		1358	4293.785079000
17		1358	4293.866122000
17		1358	4293.947724000
17		1358	4294.028112000
17		47	4294.043172000
17		34	4294.061611000
17		1358	4294.108897000
17		1358	4294.189863000
17		1358	4294.271031000
17		1358	4294.352102000
17		41	4294.415319000
17		1358	4294.433246000
17		41	4294.508190000
17		1358	4294.513727000
17		1358	4294.594806000
17		41	4294.601091000
17		41	4294.601118000
17		45	4294.601123000
17		42	4294.601902000
17		41	4294.694633000
17		841	4294.786971000
17		37	4294.788875000
17		77	4294.791023000
17		33	4294.791131000
17		41	4308.364981000
17		41	4308.457838000
17		41	4308.551100000
17		41	4308.644346000
17		41	4308.737626000
17		41	4308.829844000
17		41	4308.922992000
17		41	4309.016258000
17		41	4309.108900000
17		41	4309.202622000
17		41	4309.295761000
17		41	4309.388118000
17		41	4309.481132000
17		41	4309.574728000
17		41	4309.667635000
17		41	4309.760277000
17		41	4309.853547000
17		41	4309.946702000
17		46	4310.038884000
17		34	4310.057723000
17		41	4310.132118000
17		41	4310.225574000
17		41	4310.318654000
17		41	4310.411437000
17		41	4310.504044000
17		41	4310.597064000
17		41	4310.690329000
17		41	4310.783640000
17		41	4310.876731000
17		41	4310.968976000
17		41	4311.062088000
17		41	4311.155233000
17		41	4311.248494000
17		41	4311.341566000
17		41	4311.434793000
17		41	4311.526972000
17		41	4311.620657000
17		41	4311.713397000
17		41	4311.806549000
17		46	4311.899735000
17		33	4311.918551000
17		41	4311.991929000
17		41	4312.085330000
17		41	4312.178509000
17		41	4312.271641000
17		41	4312.364181000
17		41	4312.457032000
17		41	4312.550179000
17		41	4312.643402000
17		41	4312.736525000
17		42	4312.829767000
17		42	4312.921925000
17		42	4313.015131000
17		42	4313.108293000
17		42	4313.201470000
17		42	4313.294624000
17		42	4313.386910000
17		42	4313.479933000
17		43	4313.573125000
17		43	4313.666269000
17		48	4313.759597000
17		34	4313.778718000
17		43	4313.852679000
17		43	4313.945442000
17		43	4314.038679000
17		43	4314.131199000
17		43	4314.223984000
17		45	4314.316866000
6	0		4314.316911000
17		43	4314.316921000
17		41	4314.316926000
6	0		4314.316935000
6	0		4314.325673000
6	0		4314.328142000
17		33	4314.345128000
6	0		4314.633293000
6	0		4314.636287000
6	0		4315.247340000
6	0		4315.255463000
6	0		4315.340312000
6	0		4315.351211000
6	0		4317.281284000
6	0		4317.293333000
6	0		4317.301445000
6	0		4317.386418000
6	0		4317.397304000
6	0		4319.460303000
6	0		4321.313279000
6	0		4321.509381000
6	0		4321.509388000
6	0		4321.517515000
6	0		4321.520233000
17		585	4324.795364000
17		37	4324.797888000
17		77	4324.799579000
17		33	4324.799595000
6	0		4325.105126000
6	0		4325.105131000
6	517		4325.105137000
6	517		4325.105143000
6	0		4325.113310000
6	2792		4325.115119000
6	2386		4325.115141000
6	0		4325.116018000
6	2792		4325.117493000
6	1396		4325.117509000
6	990		4325.117538000
6	0		4326.965619000
6	0		4327.088957000
6	0		4331.801383000
6	0		4331.924881000
6	0		4334.280894000
6	0		4334.529533000
6	0		4337.195391000
6	0		4340.047155000
6	0		4340.543510000
17		45	4341.969217000
17		41	4341.969242000
17		33	4341.996875000
6	0		4342.031145000
6	0		4342.093175000
6	0		4342.155357000
6	0		4342.217452000
6	64		4342.217478000
6	0		4342.230632000
6	1396		4342.278905000
6	0		4342.278929000
6	0		4342.287052000
6	0		4342.341118000
6	0		4342.402820000
6	0		4342.402852000
6	64		4342.402861000
6	0		4342.419356000
6	437		4351.145238000
6	0		4351.153417000
6	2792		4351.448175000
6	2792		4351.448231000
6	2792		4351.448242000
6	1396		4351.515096000
6	1396		4351.582004000
6	1396		4351.648824000
6	1396		4351.715732000
6	1396		4351.782492000
6	1396		4351.849371000
6	1396		4351.916216000
6	1396		4351.983058000
6	1396		4352.050012000
6	1396		4352.116821000
6	1396		4352.183684000
6	1396		4352.250519000
6	1396		4352.317297000
6	1396		4352.384174000
6	1396		4352.451021000
6	1396		4352.517878000
6	1396		4352.584732000
6	1396		4352.651552000
6	1396		4352.718410000
6	1396		4352.785349000
6	1396		4352.852119000
6	1396		4352.918987000
6	1396		4352.985859000
6	1396		4353.052700000
6	1396		4353.119531000
6	1396		4353.186404000
6	1396		4353.253212000
6	1396		4353.320120000
6	1396		4353.386926000
6	1396		4353.453798000
6	1396		4353.520705000
6	1396		4353.587555000
6	1396		4353.654360000
6	1396		4353.721260000
6	1396		4353.788054000
6	1396		4353.854922000
6	1396		4353.921826000
6	1396		4353.988724000
6	1396		4354.055473000
17		586	4354.803135000
17		37	4354.805671000
17		77	4354.807073000
17		33	4354.807096000
6	0		4367.265279000
6	1396		4367.275740000
6	0		4367.327139000
6	1396		4367.337019000
6	0		4367.389314000
6	1396		4367.399164000
6	0		4367.451499000
6	1396		4367.461375000
6	0		4367.513641000
6	1396		4367.523595000
6	0		4367.574826000
6	1396		4367.584704000
6	0		4367.636996000
6	1396		4367.646859000
6	0		4367.699157000
6	1396		4367.709971000
6	0		4367.761400000
6	1396		4367.776798000
6	0		4367.823224000
6	1396		4367.843687000
6	0		4367.947175000
6	1396		4367.957045000
6	1396		4367.990456000
6	0		4368.070920000
6	1396		4368.080769000
6	1396		4368.124160000
6	0		4368.195620000
6	1396		4368.205544000
6	1396		4368.257847000
6	0		4368.319016000
6	1396		4368.329009000
6	0		4368.380986000
6	1396		4368.391545000
6	0		4368.442867000
6	1396		4368.458431000
17		45	4369.931550000
17		41	4369.931556000
17		33	4369.959160000
17		853	4374.829140000
17		38	4374.830991000
17		77	4374.833451000
17		33	4374.833473000
6	0		4380.037145000
6	0		4380.038517000
6	0		4380.160995000
6	0		4380.161619000
6	0		4380.339646000
6	0		4380.468099000
6	0		4381.027438000
6	0		4381.027990000
6	0		4381.165258000
6	0		4381.165869000
6	0		4383.051332000
6	0		4383.051891000
6	0		4383.180107000
6	0		4383.189283000
6	0		4383.189889000
6	0		4385.100242000
6	0		4385.117859000
6	0		4387.212065000
6	0		4387.283291000
6	0		4387.283333000
6	0		4387.283935000
6	0		4387.284310000
6	0		4391.308253000
17		46	4394.320963000
17		41	4394.320992000
17		33	4394.348520000
6	0		4394.505156000
6	0		4394.505182000
6	0		4394.505187000
6	0		4394.505194000
6	517		4394.505200000
6	517		4394.505204000
6	0		4394.505211000
6	0		4394.505758000
6	0		4394.505863000
6	2792		4394.506941000
6	2792		4394.506964000
6	1396		4394.506975000
6	991		4394.506979000
6	2387		4394.506985000
6	0		4396.575491000
6	0		4402.831266000
6	0		4402.876835000
6	0		4402.923035000
6	0		4402.969258000
6	0		4403.015377000
6	0		4403.061482000
6	64		4403.061505000
6	0		4403.067086000
6	1396		4403.106902000
6	0		4403.106933000
6	0		4403.106938000
6	64		4403.106942000
6	0		4403.107567000
6	0		4403.112240000
17		588	4404.809476000
17		38	4404.812015000
17		78	4404.813913000
17		34	4404.813933000
6	420		4416.953145000
6	0		4416.954459000
6	2792		4416.955042000
6	1396		4416.955077000
6	1396		4416.955095000
6	1396		4416.955126000
6	1396		4416.955148000
17		46	4416.999733000
17		41	4416.999756000
6	1396		4417.014714000
17		33	4417.027341000
6	1396		4417.074245000
6	1396		4417.133761000
6	1396		4417.193304000
6	1396		4417.252845000
6	1396		4417.312378000
6	1396		4417.371929000
6	1396		4417.431500000
6	1396		4417.490964000
6	1396		4417.550500000
6	1396		4417.610137000
6	1396		4417.669610000
6	1396		4417.729141000
6	1396		4417.788676000
6	1396		4417.848217000
6	1396		4417.907734000
6	1396		4417.967279000
6	1396		4418.026788000
6	1396		4418.086336000
6	1396		4418.145864000
6	1396		4418.205481000
6	1396		4418.264969000
6	1396		4418.324507000
6	1396		4418.384039000
6	1396		4418.443609000
6	1396		4418.503114000
6	1396		4418.562639000
6	1396		4418.622183000
6	1396		4418.681730000
6	1396		4418.741236000
6	1396		4418.800854000
6	1396		4418.860322000
6	1396		4418.919922000
6	1396		4418.979399000
6	1396		4419.038934000
6	1396		4419.098464000
6	1396		4419.158018000
6	1396		4419.217585000
6	1396		4419.277067000
6	0		4424.128922000
6	1396		4424.129523000
6	0		4424.175067000
6	1396		4424.175676000
6	0		4424.221027000
6	1396		4424.221657000
6	0		4424.266931000
6	1396		4424.278359000
6	0		4424.313105000
6	1396		4424.337909000
6	0		4424.359698000
6	1396		4424.397464000
6	0		4424.450874000
6	1396		4424.456970000
6	0		4424.497067000
6	1396		4424.516515000
6	0		4425.095741000
6	1396		4425.096345000
6	0		4425.739292000
6	1396		4425.739920000
6	0		4426.429313000
6	1396		4426.429920000
6	0		4427.165156000
6	1396		4427.165788000
6	0		4427.762971000
17		1358	4427.762994000
6	1396		4427.763586000
17		1358	4427.774240000
17		1358	4427.774272000
17		1358	4427.774277000
17		1358	4427.774288000
17		208	4427.774292000
6	0		4427.809151000
6	0		4427.809197000
6	0		4427.817839000
6	0		4427.818941000
6	0		4428.039634000
6	0		4428.049469000
17		1358	4428.075098000
17		1358	4428.085423000
17		1358	4428.093915000
6	0		4428.122820000
6	0		4428.356056000
17		1358	4428.683411000
17		1358	4428.691969000
6	0		4428.821306000
6	0		4428.829330000
6	0		4429.005695000
6	0		4429.015152000
17		1358	4429.293009000
17		1358	4429.879282000
17		1358	4429.887716000
6	0		4430.799281000
6	0		4430.807297000
6	0		4431.029320000
6	0		4431.038709000
17		1358	4431.088310000
17		1358	4431.765405000
6	0		4432.866862000
6	0		4433.060023000
17		849	4434.801160000
17		38	4434.803796000
17		78	4434.805520000
17		33	4434.805615000
6	0		4434.892970000
6	0		4434.900972000
6	0		4435.123284000
6	0		4435.132684000
6	0		4438.946849000
6	0		4439.140070000
6	0		4440.689632000
6	0		4440.690801000
6	0		4440.935147000
6	0		4440.936762000
6	0		4441.493498000
1,17		1358	4441.555692000
1,17		1358	4441.616879000
1,17		1358	4441.679017000
6	0		4441.679043000
6	0		4441.679587000
1,17		1358	4441.741715000
1,17		208	4441.741740000
6	0		4441.741750000
6	0		4441.741757000
6	517		4441.803063000
6	517		4441.803089000
1,17		1358	4441.803097000
6	0		4441.811089000
6	0		4441.812466000
6	1396		4441.813606000
6	1396		4441.813652000
6	990		4441.813674000
6	1396		4441.813702000
6	1396		4441.814678000
6	1396		4441.814708000
6	2386		4441.814760000
6	0		4441.865211000
6	0		4441.865245000
6	0		4441.927244000
6	0		4441.928651000
17		46	4442.236975000
17		41	4442.237005000
17		33	4442.263891000
6	0		4442.361425000
6	0		4442.361450000
6	0		4442.361455000
6	517		4442.361462000
6	517		4442.361467000
6	0		4442.362019000
6	0		4442.362817000
6	1420		4442.365314000
6	628		4442.365403000
6	2639		4442.365414000
6	2048		4442.365799000
6	2639		4442.365814000
6	0		4442.423089000
6	0		4442.485274000
6	0		4442.547463000
6	0		4442.609101000
6	64		4442.609139000
6	0		4442.622851000
6	1396		4442.671120000
6	0		4442.671147000
6	0		4442.679122000
6	0		4442.733360000
6	0		4442.795699000
6	0		4442.857343000
6	0		4442.857374000
6	64		4442.857381000
6	0		4442.872048000
6	0		4442.919001000
6	0		4442.919031000
6	0		4442.981421000
6	0		4443.043513000
6	64		4443.043559000
6	92		4443.043571000
6	334		4443.043584000
6	0		4443.044571000
6	563		4443.045832000
6	2840		4443.050576000
6	4260		4443.050680000
6	1420		4443.081401000
6	0		4443.105717000
6	0		4443.105747000
6	1420		4443.112204000
6	1420		4443.142984000
6	0		4443.167652000
6	1420		4443.173784000
6	1420		4443.204590000
6	0		4443.228930000
6	437		4443.228960000
6	64		4443.228967000
6	1420		4443.235372000
6	0		4443.235708000
6	0		4443.236952000
6	5584		4443.265882000
6	2792		4443.265936000
6	1420		4443.266141000
6	31		4443.291363000
6	1420		4443.296958000
6	1396		4443.308209000
6	1420		4443.327767000
6	1396		4443.350552000
6	0		4443.353243000
6	1420		4443.358541000
6	1420		4443.389410000
6	1396		4443.392864000
6	0		4443.414967000
6	1420		4443.420179000
6	1396		4443.435234000
6	1420		4443.450955000
6	0		4443.477246000
6	1396		4443.477508000
6	1420		4443.481774000
6	1420		4443.512542000
6	1396		4443.519852000
6	0		4443.539175000
6	1420		4443.543339000
6	1396		4443.562159000
6	1420		4443.574195000
6	0		4443.601386000
6	1396		4443.604562000
6	1420		4443.604920000
6	1420		4443.635802000
6	1396		4443.646864000
6	0		4443.663183000
6	1420		4443.666528000
6	1396		4443.689154000
6	1420		4443.697412000
6	0		4443.725336000
6	1420		4443.728116000
6	1396		4443.731461000
6	1420		4443.758849000
6	1396		4443.773808000
6	0		4443.786853000
6	1420		4443.789633000
6	1396		4443.816141000
6	1420		4443.819241000
6	1420		4443.848932000
6	0		4443.849236000
6	1396		4443.858466000
6	1420		4443.877672000
6	1396		4443.900793000
6	1420		4443.906461000
6	1420		4443.935234000
6	1396		4443.943109000
6	1420		4443.963326000
6	0		4443.972976000
6	1396		4443.985498000
6	1420		4443.991401000
6	1420		4444.019571000
6	1396		4444.027752000
6	0		4444.035113000
6	1420		4444.047589000
6	1396		4444.070069000
6	1420		4444.074498000
6	0		4444.097312000
6	1420		4444.101441000
6	1396		4444.112465000
6	1420		4444.128445000
6	1396		4444.154748000
6	1420		4444.155277000
6	0		4444.158949000
6	1420		4444.182264000
6	1396		4444.197069000
6	0		4444.221111000
6	1396		4444.239385000
6	1396		4444.281704000
6	0		4444.283764000
6	0		4444.283786000
6	1396		4444.324028000
6	1396		4444.366368000
6	0		4444.407518000
6	1420		4444.408153000
6	1396		4444.408674000
6	1420		4444.421660000
6	1420		4444.448531000
6	1396		4444.451009000
6	0		4444.468875000
6	1420		4444.475453000
6	1396		4444.493348000
6	1396		4444.535677000
6	1396		4444.577998000
6	0		4444.592868000
6	1396		4444.620339000
6	0		4444.655246000
6	1420		4444.655853000
6	1396		4444.662660000
6	1420		4444.669318000
6	1396		4444.704997000
6	0		4444.716924000
6	1420		4444.717544000
6	1420		4444.731014000
6	1396		4444.747318000
6	1420		4444.757920000
6	0		4444.779481000
6	1420		4444.784845000
6	1396		4444.789626000
6	1396		4444.831971000
6	1396		4444.874274000
6	0		4444.903302000
6	1396		4444.916614000
6	1396		4444.958926000
6	0		4444.965687000
6	1420		4444.966280000
6	1420		4444.979913000
6	1396		4445.001328000
6	1420		4445.006679000
6	1420		4445.033684000
6	1396		4445.043583000
6	1396		4445.085939000
6	0		4445.089212000
6	1396		4445.128236000
6	0		4445.151538000
6	1420		4445.152141000
6	1420		4445.165601000
6	1396		4445.170554000
6	1420		4445.192557000
6	1396		4445.212873000
6	1420		4445.219459000
6	1396		4445.255225000
6	1396		4445.297634000
6	0		4445.336799000
6	1396		4445.339857000
6	1396		4445.382201000
6	0		4445.399161000
6	1420		4445.399768000
6	1420		4445.413238000
6	1396		4445.424503000
6	1396		4445.466857000
6	0		4445.585364000
6	1420		4445.585974000
6	1420		4445.599444000
6	0		4445.647551000
6	1396		4445.656882000
6	1396		4445.678038000
6	0		4445.771505000
17		1358	4445.771540000
17		1358	4445.775339000
17		1358	4445.775379000
17		1358	4445.775385000
17		1358	4445.775389000
17		212	4445.775394000
6	1396		4445.780859000
17		87	4445.833677000
17		1349	4445.833702000
6	0		4445.833712000
6	1420		4445.834322000
6	1420		4445.847770000
6	0		4446.019453000
6	1420		4446.020066000
6	1420		4446.033533000
6	0		4446.267411000
6	1420		4446.268018000
6	1420		4446.281476000
6	0		4446.453161000
6	1420		4446.453769000
6	1420		4446.467228000
6	0		4446.638792000
6	1420		4446.639411000
6	1420		4446.652865000
6	0		4446.700854000
6	1420		4446.701438000
6	0		4446.824873000
6	1420		4446.825489000
6	0		4446.887042000
6	1420		4446.887660000
6	0		4447.011238000
6	1420		4447.011832000
6	0		4447.135382000
6	1420		4447.136011000
6	0		4447.197293000
6	1420		4447.197950000
6	0		4447.321372000
6	1420		4447.322041000
6	0		4447.445466000
6	1420		4447.446194000
6	0		4447.507443000
6	1420		4447.508068000
6	0		4447.879123000
6	1420		4447.879733000
6	0		4448.003193000
6	1420		4448.003790000
6	0		4448.065058000
6	1420		4448.065684000
6	0		4448.189152000
6	1420		4448.189813000
6	0		4448.499689000
6	0		4448.622997000
6	0		4448.747337000
17		1358	4448.775824000
6	0		4448.809132000
17		1358	4448.809172000
17		1358	4448.810931000
6	0		4448.933357000
6	0		4448.933381000
6	0		4449.305324000
6	0		4449.367534000
6	0		4449.490846000
6	0		4449.552998000
6	0		4449.801317000
17		1358	4449.801350000
17		1358	4449.863869000
17		84	4449.863905000
17		1358	4449.867633000
17		1358	4449.867678000
17		1358	4449.867684000
17		1358	4449.867688000
17		208	4449.867691000
6	1396		4449.924954000
6	0		4449.926048000
6	420		4449.987129000
6	0		4449.987160000
6	0		4449.987173000
6	0		4449.987725000
6	5584		4449.989082000
6	2792		4449.989114000
6	1396		4450.048694000
6	1396		4450.108764000
6	0		4450.111047000
17		1358	4450.111072000
17		1358	4450.112813000
6	1396		4450.168879000
6	1396		4450.228863000
6	1396		4450.288928000
6	1396		4450.349002000
6	1396		4450.409029000
17		1358	4450.413885000
6	0		4450.421319000
6	1396		4450.469110000
6	0		4450.483447000
6	1396		4450.529179000
6	1396		4450.589294000
6	1396		4450.649275000
6	0		4450.669168000
17		1358	4450.669198000
17		1358	4450.670951000
6	1396		4450.709333000
6	0		4450.731636000
6	1396		4450.769402000
6	1396		4450.829504000
6	1396		4450.889525000
1,17		1358	4450.916871000
1,17		1358	4450.916893000
6	1396		4450.949593000
1,17		1358	4450.978935000
6	1396		4451.009636000
1,17		1358	4451.040972000
1,17		212	4451.040998000
6	1396		4451.069684000
6	0		4451.103028000
6	1396		4451.108146000
6	1396		4451.129759000
6	0		4451.165151000
6	1396		4451.189802000
6	0		4451.227151000
6	1396		4451.249865000
17		1358	4451.272420000
6	0		4451.289364000
6	1396		4451.309943000
6	0		4451.350845000
6	1396		4451.369982000
6	0		4451.413301000
6	1396		4451.430029000
6	0		4451.475321000
6	1396		4451.490097000
6	1396		4451.550159000
6	0		4451.599477000
6	1396		4451.610210000
6	0		4451.661612000
6	1396		4451.670274000
6	0		4451.723635000
6	1396		4451.730329000
6	0		4451.784855000
6	1396		4451.790395000
6	0		4451.847753000
6	1396		4451.850460000
6	0		4451.909357000
17		1358	4451.909388000
6	1396		4451.910498000
17		1358	4451.911126000
6	1396		4451.970567000
6	0		4451.970779000
6	1396		4452.030635000
6	0		4452.032948000
6	1396		4452.090667000
6	0		4452.094967000
6	1396		4452.150762000
6	0		4452.157111000
6	1396		4452.210793000
6	0		4452.219116000
6	1396		4452.270860000
6	0		4452.281198000
6	1396		4452.330932000
6	0		4452.343234000
6	1420		4452.343839000
6	0		4452.405266000
6	1420		4452.405886000
6	0		4452.467225000
6	1420		4452.467891000
6	0		4452.529171000
6	1420		4452.529878000
1,17		1358	4452.591233000
1,17		1358	4452.653437000
17		1358	4452.715153000
17		49	4452.777060000
17		49	4452.839063000
17		169	4452.901464000
17		538	4452.902234000
17		33	4452.928394000
17		96	4452.935506000
6	0		4452.962853000
6	1396		4452.963424000
6	0		4453.025020000
6	1396		4453.025605000
6	0		4453.086924000
6	1396		4453.087500000
6	0		4453.149139000
6	1396		4453.149739000
6	0		4453.210934000
6	1396		4453.211538000
6	0		4453.273241000
6	0		4453.273268000
6	1396		4453.273816000
6	1396		4453.303848000
6	0		4453.334999000
6	1396		4453.363939000
17		166	4453.397294000
17		34	4453.399021000
6	0		4453.459360000
6	1396		4453.459935000
6	0		4453.521305000
6	1396		4453.521886000
6	0		4453.583223000
6	1396		4453.583778000
6	0		4453.645162000
6	1396		4453.645747000
6	0		4453.707288000
6	1396		4453.707845000
17		168	4453.769171000
17		36	4453.770900000
6	0		4453.831253000
6	1396		4453.831810000
6	0		4453.893141000
6	1396		4453.893713000
6	0		4453.955323000
6	1396		4453.955903000
6	0		4454.017271000
6	1396		4454.017867000
17		170	4454.079572000
17		38	4454.081364000
6	0		4454.203860000
6	1396		4454.204510000
6	1396		4454.234543000
6	0		4454.327066000
6	1396		4454.327624000
6	1396		4454.357657000
6	0		4454.451184000
6	1396		4454.451756000
6	1396		4454.481800000
6	0		4454.575307000
6	0		4454.637489000
6	1396		4454.638069000
6	1396		4454.668096000
6	0		4454.760819000
17		172	4454.760848000
6	1396		4454.761373000
17		40	4454.762408000
6	1396		4454.791410000
17		866	4454.823240000
17		38	4454.825799000
17		79	4454.827744000
17		33	4454.827814000
6	0		4454.884884000
6	1396		4454.885469000
6	1396		4454.914816000
6	0		4455.009305000
6	1396		4455.009865000
6	1396		4455.038120000
6	0		4455.133643000
6	1396		4455.134228000
6	1396		4455.161412000
6	0		4455.256923000
6	1396		4455.257508000
6	1396		4455.283703000
6	0		4455.381160000
6	1396		4455.381744000
6	1396		4455.407045000
17		174	4455.505577000
17		42	4455.507435000
6	0		4455.567745000
6	1396		4455.568319000
6	1396		4455.593159000
6	0		4455.690852000
6	1396		4455.691472000
6	1396		4455.715753000
6	0		4455.815304000
6	1396		4455.815885000
6	1396		4455.839556000
6	0		4455.939096000
6	1396		4455.939725000
6	1396		4455.962777000
6	0		4456.001145000
6	1420		4456.001820000
6	1420		4456.015248000
6	1420		4456.042236000
6	0		4456.063300000
6	1420		4456.069103000
6	1420		4456.096034000
6	1420		4456.122962000
6	0		4456.125288000
6	1420		4456.149891000
6	1420		4456.176839000
6	0		4456.186837000
17		41	4456.186873000
17		41	4456.186880000
6	1420		4456.203753000
6	1420		4456.230694000
6	1420		4456.257605000
6	1420		4456.284540000
6	0		4456.311236000
6	1420		4456.311450000
6	1396		4456.311789000
6	1396		4456.324567000
6	1420		4456.338398000
6	1420		4456.365326000
6	1420		4456.392246000
6	1420		4456.419187000
6	0		4456.434881000
6	1396		4456.435474000
6	1420		4456.446189000
6	1396		4456.448225000
6	1420		4456.473056000
6	1420		4456.499970000
6	1420		4456.526901000
6	1420		4456.553903000
6	0		4456.559493000
6	1396		4456.560089000
6	1396		4456.572844000
6	1420		4456.580781000
6	1420		4456.607690000
6	1420		4456.634627000
6	1420		4456.661563000
6	0		4456.683264000
6	1396		4456.683861000
6	1420		4456.688479000
6	1396		4456.696620000
6	1420		4456.715505000
6	1420		4456.742335000
6	1420		4456.769262000
6	1420		4456.796215000
6	0		4456.806800000
6	1396		4456.807375000
6	1396		4456.820127000
6	1420		4456.823108000
6	1420		4456.850068000
6	1420		4456.877050000
6	1420		4456.904010000
6	1420		4456.930849000
6	0		4456.931061000
6	1396		4456.931590000
6	1396		4456.944377000
6	1420		4456.957780000
6	1396		4456.969889000
6	1420		4456.984728000
6	0		4456.993027000
6	1396		4456.995424000
6	1420		4457.011596000
6	1396		4457.020960000
6	1420		4457.038565000
6	1396		4457.046538000
6	0		4457.054833000
6	1420		4457.065563000
6	1396		4457.071994000
6	1420		4457.092418000
6	1396		4457.097545000
6	0		4457.116877000
6	1420		4457.119348000
6	1396		4457.123051000
6	1420		4457.146300000
6	1396		4457.148573000
6	1420		4457.173240000
6	1396		4457.174098000
6	0		4457.179042000
6	1396		4457.199684000
6	1396		4457.225182000
6	0		4457.241472000
6	1396		4457.250677000
6	1396		4457.276191000
6	1396		4457.301731000
6	0		4457.303039000
6	1396		4457.327248000
6	426		4457.352786000
6	0		4457.365129000
6	0		4457.427277000
6	0		4457.489455000
6	0		4457.551644000
6	0		4457.551669000
6	0		4457.612841000
6	0		4457.674928000
6	0		4457.737120000
6	0		4457.799200000
17		46	4457.799231000
17		33	4457.826124000
6	0		4457.861431000
17		41	4457.861459000
6	0		4457.923584000
6	0		4457.985766000
6	0		4458.046908000
6	0		4458.109096000
6	0		4458.171259000
6	0		4458.233421000
6	0		4458.295574000
6	0		4458.357721000
6	0		4458.418910000
6	0		4458.481019000
6	0		4458.543185000
6	0		4458.605374000
6	0		4458.667546000
6	0		4458.729718000
6	0		4458.790881000
6	0		4458.853082000
6	0		4458.915241000
6	0		4458.977468000
6	1420		4458.978100000
6	1420		4458.991542000
6	0		4459.038925000
6	1420		4459.039513000
6	1420		4459.052996000
6	0		4459.101132000
6	1420		4459.101733000
6	1420		4459.115196000
6	0		4459.163438000
6	1420		4459.164036000
6	1420		4459.177500000
6	0		4459.225607000
6	1420		4459.226213000
6	1420		4459.239685000
6	0		4459.286878000
6	1420		4459.287473000
6	1420		4459.300958000
6	0		4459.349125000
6	1420		4459.349714000
6	1420		4459.363180000
6	0		4459.411389000
6	1420		4459.412028000
6	1420		4459.425428000
6	0		4459.473580000
6	1420		4459.474205000
6	1420		4459.487726000
6	0		4459.534931000
6	1420		4459.535520000
6	1420		4459.549122000
6	0		4459.597135000
6	1420		4459.597722000
6	1420		4459.611182000
6	0		4459.659484000
6	1420		4459.660073000
6	1420		4459.673616000
6	0		4459.720997000
6	1420		4459.721647000
6	1420		4459.735063000
6	0		4459.783179000
6	0		4459.845443000
6	0		4459.907637000
6	1420		4459.908257000
6	1420		4459.921711000
6	0		4459.968854000
6	1420		4459.969460000
6	1420		4459.982915000
6	0		4460.031156000
6	1420		4460.031763000
6	1420		4460.045234000
6	0		4460.093332000
6	1420		4460.093918000
6	1420		4460.107371000
6	0		4460.155662000
6	0		4460.216871000
6	0		4460.216900000
6	1420		4460.217520000
6	1420		4460.230950000
6	0		4460.279078000
6	1420		4460.279675000
6	1420		4460.293135000
6	0		4460.341362000
6	1420		4460.341972000
6	1420		4460.355430000
6	0		4460.403354000
6	1420		4460.403967000
6	1420		4460.417446000
6	0		4460.526944000
6	0		4460.526975000
6	1420		4460.527551000
6	1420		4460.541006000
6	0		4460.589148000
6	0		4460.713672000
6	1420		4460.714294000
6	1420		4460.727758000
6	1420		4460.754703000
6	1420		4460.781604000
6	0		4460.836879000
6	1420		4460.837478000
6	1420		4460.850944000
6	1420		4460.877861000
6	0		4460.899061000
6	1420		4460.904866000
6	0		4461.023345000
6	0		4461.085505000
6	1420		4461.086123000
6	1420		4461.099564000
6	1420		4461.126513000
6	1420		4461.153428000
6	0		4461.208962000
6	1420		4461.209575000
6	1420		4461.223040000
6	1420		4461.249966000
6	1420		4461.276953000
6	0		4461.333264000
6	0		4461.395282000
6	0		4461.395313000
6	1420		4461.395919000
6	1420		4461.409369000
6	0		4461.519793000
6	1420		4461.520489000
6	1420		4461.533874000
6	1420		4461.560812000
6	1420		4461.587743000
6	0		4461.643259000
6	1420		4461.643856000
6	1420		4461.657323000
6	1420		4461.684314000
6	1420		4461.711183000
6	0		4461.767505000
6	0		4461.829327000
6	0		4461.829365000
6	1420		4461.829950000
6	1420		4461.843390000
6	0		4461.953782000
6	0		4462.014947000
6	1420		4462.015550000
6	1420		4462.029013000
6	1420		4462.055917000
6	0		4462.077113000
6	1420		4462.082875000
6	0		4462.201325000
6	0		4462.263509000
6	1420		4462.264122000
6	1420		4462.277623000
6	1420		4462.304497000
6	0		4462.325676000
6	1420		4462.331445000
6	0		4462.448869000
6	0		4462.511039000
6	1420		4462.511718000
6	1420		4462.525081000
6	1420		4462.552039000
6	0		4462.573241000
6	1420		4462.578962000
6	0		4462.635282000
6	0		4462.697419000
6	1420		4462.698030000
6	1420		4462.711479000
6	1420		4462.738408000
6	0		4462.759594000
6	1420		4462.765318000
6	0		4462.883769000
6	0		4462.944939000
6	0		4463.007159000
6	0		4463.007187000
6	1420		4463.007771000
6	1420		4463.021250000
6	0		4463.069287000
6	0		4463.131753000
6	0		4463.192922000
6	0		4463.255644000
6	0		4463.255671000
17		1266	4463.255677000
17		45	4463.256535000
17		664	4463.276935000
17		1354	4463.276970000
17		1358	4463.276974000
17		1358	4463.276979000
17		1358	4463.276984000
17		1358	4463.276988000
17		1358	4463.276992000
17		1358	4463.276996000
17		1358	4463.277000000
17		1358	4463.277003000
17		1358	4463.360672000
6	0		4463.379472000
6	1420		4463.380082000
6	1420		4463.393595000
6	1420		4463.420527000
17		1358	4463.441914000
6	1420		4463.447449000
6	0		4463.502970000
6	1420		4463.503586000
6	1420		4463.517086000
17		1358	4463.525717000
6	1420		4463.544010000
6	1420		4463.570889000
17		1358	4463.606948000
6	0		4463.627464000
6	1420		4463.628066000
6	1420		4463.641514000
6	1420		4463.668535000
17		1358	4463.689060000
6	1420		4463.695385000
6	0		4463.751420000
6	1420		4463.752122000
6	1420		4463.765559000
17		1358	4463.772603000
6	1420		4463.792493000
6	1420		4463.819427000
17		1358	4463.854038000
6	0		4463.874894000
6	1420		4463.875487000
6	1420		4463.888969000
6	1420		4463.915885000
17		1358	4463.935756000
6	1420		4463.942799000
6	0		4463.999216000
17		1358	4464.018891000
17		1358	4464.101123000
6	0		4464.123291000
17		1358	4464.182918000
6	0		4464.247393000
17		1358	4464.264805000
17		1358	4464.347730000
6	0		4464.371221000
17		1358	4464.430436000
6	0		4464.494888000
17		1358	4464.512678000
17		1358	4464.594762000
6	0		4464.619077000
17		1358	4464.677506000
6	0		4464.742906000
17		1358	4464.758825000
17		1358	4464.842213000
6	0		4464.867301000
17		1358	4464.923928000
6	0		4464.991382000
17		1358	4465.006770000
17		1358	4465.089644000
6	0		4465.115261000
17		1358	4465.170734000
6	0		4465.239247000
17		1358	4465.253223000
17		1358	4465.335703000
6	0		4465.363606000
17		1358	4465.418327000
6	0		4465.487805000
17		1358	4465.499909000
17		1358	4465.582922000
6	0		4465.611306000
17		1358	4465.665355000
6	0		4465.735808000
17		1358	4465.746963000
6	0		4465.859426000
6	0		4465.983766000
6	0		4466.107111000
6	0		4466.231518000
6	0		4466.355824000
6	0		4466.479167000
6	0		4466.603547000
6	0		4466.664848000
6	0		4466.789134000
6	0		4466.913352000
6	0		4467.037667000
6	0		4467.161099000
6	0		4467.285352000
6	0		4467.409705000
6	0		4467.533177000
6	0		4467.657495000
17		1266	4467.719079000
17		44	4467.720843000
6	0		4467.781731000
6	0		4467.905540000
6	0		4468.028867000
6	0		4468.153342000
6	0		4468.277654000
6	0		4468.401023000
6	0		4468.525346000
6	0		4468.649680000
6	1420		4468.650306000
6	0		4468.773156000
17		43	4468.773194000
6	1420		4468.773768000
17		1358	4468.774720000
6	1420		4468.787220000
17		41	4468.835252000
17		1358	4468.858291000
17		41	4468.897697000
17		1358	4468.941021000
17		41	4468.959426000
17		41	4469.021278000
17		1358	4469.022976000
17		41	4469.083419000
17		1358	4469.106179000
17		41	4469.145167000
17		1358	4469.188720000
17		41	4469.207382000
17		41	4469.268967000
17		1358	4469.270680000
17		41	4469.331054000
17		1358	4469.353369000
17		41	4469.392817000
17		1358	4469.435799000
6	0		4469.517250000
17		1358	4469.517845000
6	1420		4469.517869000
6	1420		4469.531310000
6	1420		4469.558246000
6	0		4469.579106000
17		41	4469.579144000
6	1420		4469.585178000
17		1358	4469.600040000
6	1420		4469.612106000
6	1420		4469.639060000
17		1358	4469.682102000
6	0		4469.703576000
6	1420		4469.704224000
6	1420		4469.717684000
6	1420		4469.744615000
17		1358	4469.764267000
6	1420		4469.771594000
17		41	4469.826974000
17		1358	4469.847302000
6	0		4469.889159000
6	1420		4469.889754000
6	1420		4469.903223000
17		1358	4469.929175000
6	1420		4469.930205000
6	1420		4469.957078000
17		1358	4470.011138000
17		41	4470.013347000
6	0		4470.075665000
6	1420		4470.076292000
6	1420		4470.089745000
17		1358	4470.094202000
6	1420		4470.116682000
6	1420		4470.143607000
17		1358	4470.176049000
6	0		4470.199081000
6	1420		4470.199725000
6	1420		4470.213148000
6	1420		4470.240060000
17		1358	4470.258070000
17		41	4470.261188000
6	1420		4470.267002000
17		1358	4470.341427000
6	0		4470.385592000
6	1420		4470.386203000
6	1420		4470.399670000
17		1358	4470.423249000
6	1420		4470.426654000
6	1420		4470.453517000
17		1358	4470.505250000
17		41	4470.509517000
6	0		4470.571689000
6	1420		4470.572304000
6	1420		4470.585776000
17		1358	4470.587160000
6	1420		4470.612698000
6	1420		4470.639627000
17		1358	4470.670150000
17		41	4470.694919000
17		1358	4470.752078000
6	0		4470.757501000
6	1420		4470.758157000
6	1420		4470.771607000
6	1420		4470.798547000
6	1420		4470.825463000
17		1358	4470.834687000
6	0		4470.880983000
6	1420		4470.881580000
6	1420		4470.895070000
17		1358	4470.917946000
6	1420		4470.921976000
17		41	4470.942910000
6	1420		4470.948922000
17		1358	4470.999742000
17		41	4471.067397000
17		1358	4471.081215000
17		41	4471.129516000
17		1358	4471.164166000
6	0		4471.191489000
17		45	4471.191518000
6	1420		4471.192099000
6	1420		4471.205587000
17		34	4471.218942000
17		1358	4471.246143000
17		41	4471.253421000
17		41	4471.315451000
17		1358	4471.328469000
17		41	4471.376945000
17		1358	4471.411474000
17		41	4471.439704000
17		1358	4471.493205000
17		41	4471.500978000
17		41	4471.563487000
17		1358	4471.575253000
17		41	4471.625032000
17		1358	4471.659024000
17		41	4471.687367000
17		1358	4471.740620000
17		41	4471.749527000
17		41	4471.810798000
17		1358	4471.822485000
17		41	4471.873025000
17		1358	4471.905662000
17		41	4471.934998000
17		1358	4471.987293000
17		41	4471.997122000
17		41	4472.059444000
17		1358	4472.069336000
17		41	4472.121538000
17		1358	4472.151020000
17		41	4472.183712000
17		1358	4472.233800000
17		41	4472.245457000
17		1358	4472.314430000
6	510		4472.354282000
6	0		4472.354328000
6	0		4472.369489000
6	1420		4472.370098000
6	1420		4472.381420000
17		1358	4472.393126000
6	1420		4472.404108000
6	1420		4472.426764000
17		41	4472.431153000
6	1420		4472.449426000
6	1420		4472.472112000
17		1358	4472.472246000
6	0		4472.493321000
6	1420		4472.494751000
6	1420		4472.517453000
17		1358	4472.520244000
6	1420		4472.540098000
17		41	4472.555349000
6	1420		4472.562763000
17		1358	4472.567635000
6	1420		4472.585457000
6	1420		4472.608116000
17		1358	4472.614547000
17		45	4472.617681000
6	1420		4472.630756000
17		34	4472.644155000
6	1420		4472.653430000
17		1358	4472.662530000
6	1420		4472.676089000
17		41	4472.679729000
6	1420		4472.698762000
17		1358	4472.709873000
6	1420		4472.721425000
17		41	4472.741356000
6	1420		4472.744087000
17		284	4472.758051000
6	1420		4472.766757000
6	1420		4472.789434000
17		41	4472.803519000
6	1420		4472.812099000
6	1420		4472.834759000
6	1420		4472.857410000
17		41	4472.865631000
6	1420		4472.880096000
6	1420		4472.902770000
6	1420		4472.925460000
17		41	4472.927558000
6	1420		4472.948084000
6	1420		4472.970753000
17		41	4472.989087000
6	1420		4472.993408000
6	1420		4473.016133000
6	1420		4473.038754000
6	0		4473.051080000
6	1420		4473.061405000
6	1420		4473.084092000
6	1420		4473.106751000
6	0		4473.113089000
6	1420		4473.129412000
6	1420		4473.152088000
6	1420		4473.174747000
6	0		4473.174930000
6	1420		4473.197424000
6	1420		4473.220082000
6	0		4473.237120000
6	1420		4473.242736000
6	1420		4473.265403000
6	1420		4473.288100000
17		41	4473.299194000
6	1420		4473.310739000
6	1420		4473.333469000
6	1420		4473.356091000
6	0		4473.361409000
6	1420		4473.378741000
6	1420		4473.401424000
6	0		4473.423599000
6	1420		4473.424060000
6	1420		4473.446745000
6	1420		4473.469451000
17		41	4473.485520000
6	1420		4473.492067000
6	1420		4473.514750000
6	1420		4473.537467000
6	0		4473.546870000
6	1420		4473.560080000
6	1420		4473.582750000
6	1420		4473.605423000
6	0		4473.608863000
6	1420		4473.628172000
6	1420		4473.650740000
6	0		4473.670834000
6	1420		4473.673396000
6	1420		4473.696072000
6	1420		4473.718750000
17		41	4473.732831000
6	1420		4473.741429000
6	1420		4473.764076000
6	1420		4473.786753000
6	0		4473.794961000
17		41	4473.794998000
6	1420		4473.809404000
6	1420		4473.832079000
6	1420		4473.854747000
6	0		4473.857021000
6	1420		4473.877413000
6	1420		4473.900102000
6	0		4473.919231000
6	1420		4473.922742000
6	1420		4473.945414000
6	1420		4473.968141000
17		41	4473.981312000
6	1420		4473.990744000
6	1420		4474.013421000
6	1420		4474.036090000
6	0		4474.043442000
6	1420		4474.058740000
6	1420		4474.081409000
6	1420		4474.104133000
6	0		4474.105758000
6	1420		4474.126731000
6	1420		4474.149457000
17		41	4474.167302000
6	1420		4474.172073000
6	1420		4474.194742000
6	1420		4474.217413000
6	0		4474.228851000
6	1420		4474.240053000
6	1420		4474.262742000
6	1420		4474.285422000
6	0		4474.290790000
6	1420		4474.308060000
6	1420		4474.330740000
17		41	4474.353027000
6	1420		4474.353383000
6	1420		4474.376076000
6	1420		4474.398747000
6	0		4474.415039000
6	1420		4474.421393000
6	1420		4474.444064000
6	1420		4474.466735000
6	0		4474.477280000
6	1420		4474.489416000
6	1420		4474.512075000
6	1420		4474.534759000
17		41	4474.538879000
6	1420		4474.557402000
6	1420		4474.580080000
6	0		4474.601213000
6	1420		4474.602721000
6	1420		4474.625396000
6	0		4474.663442000
6	1420		4474.664058000
6	1420		4474.675374000
6	0		4474.724841000
6	1420		4474.725454000
6	1420		4474.736777000
6	0		4474.741238000
17		41	4474.787476000
6	0		4474.849912000
6	1420		4474.850518000
6	1420		4474.861836000
17		41	4474.911105000
6	0		4474.973255000
6	1420		4474.973848000
6	1420		4474.985178000
6	0		4475.035456000
6	1420		4475.036064000
6	1420		4475.047394000
17		41	4475.096854000
6	0		4475.158801000
6	1420		4475.159404000
6	1420		4475.170758000
6	0		4475.221736000
6	1420		4475.222354000
6	1420		4475.233672000
17		41	4475.282972000
6	0		4475.345120000
6	1420		4475.345744000
6	1420		4475.357146000
6	0		4475.407388000
17		41	4475.407412000
6	1420		4475.407993000
6	1420		4475.419337000
6	0		4475.469636000
6	1420		4475.470232000
6	1420		4475.481552000
6	0		4475.530824000
6	1420		4475.531422000
6	1420		4475.542754000
17		47	4475.593361000
17		34	4475.619393000
17		42	4475.655297000
6	0		4475.716878000
6	1420		4475.717499000
6	1420		4475.728852000
6	0		4475.778844000
6	1420		4475.779514000
6	1420		4475.790819000
6	0		4475.841088000
6	1420		4475.841698000
6	1420		4475.853021000
6	0		4475.903316000
6	1420		4475.903924000
6	1420		4475.915283000
17		42	4475.965450000
6	0		4476.026809000
6	1420		4476.027411000
6	1420		4476.038744000
6	0		4476.089718000
6	1420		4476.090332000
6	1420		4476.101644000
17		42	4476.151053000
6	0		4476.213201000
6	1420		4476.213822000
6	1420		4476.225140000
6	0		4476.275387000
6	1420		4476.275992000
6	1420		4476.287420000
17		42	4476.337400000
17		43	4476.398872000
17		43	4476.460912000
6	0		4476.523072000
6	1420		4476.523685000
6	1420		4476.535012000
6	0		4476.585314000
6	1420		4476.585921000
6	1420		4476.597240000
17		42	4476.646816000
17		41	4476.709133000
17		41	4476.771429000
17		41	4476.833530000
17		41	4476.895280000
17		41	4476.956979000
17		41	4477.018987000
17		41	4477.081273000
17		41	4477.142825000
17		828	4477.205293000
17		37	4477.206011000
17		130	4477.206770000
17		1358	4477.213137000
17		1358	4477.262287000
17		41	4477.267842000
17		1358	4477.309408000
17		41	4477.329553000
17		1358	4477.356797000
17		42	4477.391099000
6	0		4477.391124000
17		1358	4477.404290000
17		1358	4477.452492000
6	0		4477.453278000
6	1420		4477.453902000
6	1420		4477.465240000
17		1358	4477.499782000
6	0		4477.515022000
6	1420		4477.515637000
6	1420		4477.526975000
17		1358	4477.547409000
17		42	4477.577234000
17		1358	4477.595279000
6	0		4477.639610000
6	1420		4477.640195000
17		1358	4477.643245000
6	1420		4477.651547000
17		1358	4477.691166000
6	0		4477.701593000
6	1420		4477.702194000
6	1420		4477.713520000
17		1358	4477.738243000
6	0		4477.763556000
6	1420		4477.764212000
6	1420		4477.775484000
17		1358	4477.785331000
6	0		4477.825696000
6	1420		4477.826308000
17		1358	4477.833119000
6	1420		4477.837610000
17		1358	4477.881261000
17		42	4477.887460000
17		1358	4477.928191000
6	0		4477.949500000
6	1420		4477.950143000
6	1420		4477.961428000
17		1358	4477.970544000
6	0		4478.011676000
6	1420		4478.012281000
17		1358	4478.012966000
6	1420		4478.023600000
17		1358	4478.055416000
17		42	4478.073693000
17		1358	4478.096724000
6	0		4478.134918000
17		1358	4478.139161000
17		1358	4478.181313000
6	0		4478.197131000
17		42	4478.197159000
17		1358	4478.222490000
6	0		4478.259890000
17		1358	4478.265244000
17		1358	4478.306863000
6	0		4478.321125000
17		1358	4478.348396000
17		42	4478.383213000
17		1358	4478.390292000
17		1358	4478.433232000
6	0		4478.444997000
17		1358	4478.475560000
6	0		4478.507658000
17		1358	4478.517279000
17		1358	4478.559987000
17		42	4478.569272000
17		1358	4478.601862000
6	0		4478.631170000
17		1358	4478.642857000
17		1358	4478.685136000
6	0		4478.693352000
17		1358	4478.727590000
17		41	4478.754867000
17		1358	4478.768855000
17		1358	4478.811178000
6	0		4478.817031000
17		1358	4478.853236000
6	0		4478.878886000
17		41	4478.878917000
17		1358	4478.896116000
17		1358	4478.937634000
6	0		4478.940901000
17		1358	4478.979698000
6	0		4479.003000000
17		1358	4479.021547000
17		1358	4479.063235000
6	0		4479.065143000
17		1358	4479.105570000
6	0		4479.126865000
17		1358	4479.147500000
6	0		4479.189064000
17		1358	4479.189779000
17		1358	4479.231304000
6	0		4479.251002000
17		1358	4479.273010000
6	0		4479.313275000
17		1358	4479.315215000
17		1358	4479.358464000
6	0		4479.375455000
17		1358	4479.400282000
6	0		4479.436909000
17		1358	4479.442172000
17		1358	4479.484113000
6	0		4479.499426000
17		1358	4479.526001000
6	0		4479.561288000
17		1358	4479.567621000
17		1358	4479.609484000
6	0		4479.623451000
17		1358	4479.651806000
6	0		4479.684866000
17		1358	4479.694234000
17		1358	4479.735535000
6	0		4479.746893000
17		1358	4479.778162000
6	0		4479.809158000
17		1358	4479.820124000
17		1358	4479.863010000
6	0		4479.871310000
17		1358	4479.904825000
6	0		4479.933167000
17		1358	4479.946011000
17		1358	4479.988315000
6	0		4479.995330000
17		1358	4480.030175000
6	0		4480.057482000
17		1358	4480.072684000
17		1358	4480.114154000
6	0		4480.119448000
17		1358	4480.155597000
6	0		4480.180980000
6	0		4480.243160000
6	0		4480.305307000
6	0		4480.367456000
6	0		4480.429637000
6	0		4480.490797000
6	0		4480.552954000
6	0		4480.615127000
6	0		4480.677223000
6	0		4480.739532000
6	0		4480.801738000
6	0		4480.862896000
6	0		4480.925103000
6	0		4480.987292000
6	0		4481.049479000
6	0		4481.111577000
6	0		4481.173809000
6	0		4481.234875000
6	0		4481.297074000
6	0		4481.359239000
6	0		4481.421397000
6	0		4481.483576000
6	0		4481.483598000
6	0		4481.545744000
6	0		4481.607244000
6	0		4481.731277000
6	0		4481.855569000
6	0		4481.978899000
6	0		4482.103241000
6	0		4482.227593000
6	0		4482.350900000
6	0		4482.475222000
6	0		4482.599576000
6	0		4482.722937000
6	0		4482.847200000
6	0		4482.971555000
6	0		4483.094870000
17		41	4483.157064000
17		36	4483.159304000
6	0		4483.219361000
6	0		4483.342830000
6	0		4483.467075000
6	0		4483.591429000
6	0		4483.715771000
6	0		4483.839133000
6	0		4483.963478000
6	0		4484.087947000
6	0		4484.211444000
6	0		4484.211473000
6	0		4484.334813000
6	0		4484.459151000
6	0		4484.583422000
6	0		4484.707669000
6	0		4484.831062000
17		1358	4484.831086000
17		1358	4484.833537000
17		33	4484.858410000
6	0		4484.893236000
6	1420		4484.893919000
6	1420		4484.905201000
6	0		4485.017622000
6	1420		4485.018267000
6	1420		4485.029598000
6	0		4485.140989000
6	1420		4485.141603000
6	1420		4485.152940000
6	0		4485.265381000
6	1420		4485.265981000
6	1420		4485.277305000
6	0		4485.389770000
6	1420		4485.390370000
6	1420		4485.401689000
6	0		4485.513173000
6	1420		4485.513791000
6	1420		4485.525119000
6	0		4485.637502000
6	1420		4485.638113000
6	1420		4485.649431000
6	0		4485.760853000
6	1420		4485.761450000
6	1420		4485.772768000
6	0		4485.885277000
6	1420		4485.885876000
6	1420		4485.897205000
6	0		4486.009636000
6	1420		4486.010248000
6	1420		4486.021580000
6	0		4486.133051000
6	1420		4486.133648000
6	1420		4486.144991000
6	0		4486.257519000
6	1420		4486.258114000
6	1420		4486.269457000
6	0		4486.380978000
6	1420		4486.381571000
6	1420		4486.392903000
6	0		4486.505506000
17		44	4486.505529000
6	1420		4486.506112000
17		36	4486.507225000
6	1420		4486.517426000
17		41	4486.566925000
17		41	4486.629643000
17		41	4486.691259000
17		41	4486.753066000
17		41	4486.815166000
17		41	4486.877330000
6	0		4487.001737000
6	1420		4487.002456000
6	1420		4487.013708000
17		41	4487.063674000
6	0		4487.187461000
17		41	4487.187494000
6	1420		4487.188061000
6	1420		4487.199393000
17		41	4487.249154000
17		41	4487.372941000
6	0		4487.435095000
6	1420		4487.435682000
6	1420		4487.447018000
17		41	4487.497007000
6	0		4487.559449000
6	1420		4487.560044000
6	0		4487.621592000
6	1420		4487.622203000
17		41	4487.683098000
6	0		4487.745623000
6	1420		4487.746218000
6	0		4487.807960000
6	1420		4487.808561000
17		41	4487.869465000
6	0		4487.931033000
6	1420		4487.931632000
17		41	4487.992902000
6	0		4488.055079000
6	1420		4488.055726000
17		41	4488.117195000
17		41	4488.179174000
6	0		4488.179202000
6	0		4488.189223000
6	0		4488.241342000
6	1420		4488.241949000
6	1420		4488.253291000
6	0		4488.303642000
6	1420		4488.304242000
6	1420		4488.315634000
17		41	4488.364954000
6	0		4488.426829000
17		41	4488.426868000
6	1420		4488.427482000
6	1420		4488.438762000
6	0		4488.489183000
6	1420		4488.489829000
6	1420		4488.501146000
17		41	4488.550886000
17		46	4488.613448000
17		36	4488.640006000
17		41	4488.675438000
17		41	4488.737224000
17		41	4488.799189000
17		41	4488.861329000
17		41	4488.923562000
17		41	4488.985716000
17		41	4489.047125000
17		41	4489.108867000
17		41	4489.171104000
17		41	4489.233267000
17		41	4489.295460000
17		41	4489.357566000
17		41	4489.419750000
17		41	4489.480943000
17		41	4489.543225000
17		41	4489.605398000
17		41	4489.667390000
17		41	4489.729471000
17		41	4489.790834000
17		46	4489.852866000
17		35	4489.879152000
17		41	4489.914953000
17		41	4489.977241000
17		41	4490.039386000
17		41	4490.101562000
17		41	4490.163637000
17		41	4490.224822000
17		42	4490.286865000
17		42	4490.349139000
17		42	4490.411439000
17		42	4490.473359000
17		43	4490.535479000
17		43	4490.597654000
17		43	4490.659738000
17		43	4490.720849000
17		43	4490.783057000
17		43	4490.845225000
17		43	4490.907191000
17		43	4490.969671000
17		43	4491.031560000
17		48	4491.093663000
17		35	4491.119896000
17		43	4491.154809000
17		43	4491.217085000
17		1358	4491.218324000
17		43	4491.279037000
17		1358	4491.280743000
17		1358	4491.324628000
17		43	4491.341388000
17		1358	4491.365725000
17		43	4491.402868000
17		1358	4491.408530000
17		782	4491.465707000
17		41	4491.465733000
17		38	4491.467557000
17		80	4491.469662000
17		33	4491.469968000
6	0		4491.526952000
6	1420		4491.527546000
6	1420		4491.538906000
6	1420		4491.561568000
6	1420		4491.584223000
6	0		4491.589259000
6	1420		4491.606882000
6	1420		4491.629556000
6	0		4491.650858000
6	1420		4491.652202000
6	1420		4491.674887000
6	1420		4491.697566000
6	0		4491.712871000
6	1420		4491.720228000
6	1420		4491.742881000
6	1420		4491.765553000
6	0		4491.775021000
6	1420		4491.788224000
6	1420		4491.810885000
6	1420		4491.833563000
6	0		4491.836888000
6	1420		4491.856207000
6	1420		4491.878881000
6	0		4491.898953000
6	1420		4491.901616000
6	1420		4491.924244000
6	1420		4491.946886000
6	0		4491.961226000
6	1420		4491.969558000
6	1420		4491.992226000
6	1420		4492.014887000
6	0		4492.023256000
6	1420		4492.037554000
6	1420		4492.060219000
6	1420		4492.082922000
6	0		4492.085252000
6	1420		4492.105555000
6	1420		4492.128290000
6	0		4492.147454000
6	1420		4492.150889000
6	1420		4492.173640000
6	1420		4492.196240000
6	0		4492.209618000
6	1420		4492.218882000
6	1420		4492.241541000
6	1420		4492.264218000
6	0		4492.270821000
6	1420		4492.286891000
6	1420		4492.309548000
6	1420		4492.332227000
6	0		4492.333608000
6	1420		4492.354882000
6	1420		4492.377544000
6	0		4492.395785000
6	1420		4492.400285000
6	1420		4492.422885000
6	1420		4492.445549000
6	0		4492.456875000
6	1420		4492.468204000
6	1420		4492.490872000
6	1420		4492.513542000
6	0		4492.518874000
6	1420		4492.536338000
6	1420		4492.558877000
6	0		4492.581085000
6	1420		4492.581531000
6	1420		4492.604222000
6	1420		4492.626874000
6	0		4492.643205000
6	1420		4492.649556000
6	1420		4492.672213000
6	1420		4492.694889000
6	0		4492.705247000
6	1420		4492.717555000
6	1420		4492.740206000
6	1420		4492.762889000
6	0		4492.767201000
6	1420		4492.785548000
6	1420		4492.808200000
6	0		4492.829379000
6	1420		4492.830860000
6	1420		4492.853571000
6	1420		4492.876199000
6	0		4492.891563000
6	1420		4492.898884000
6	1420		4492.921539000
6	1420		4492.944222000
6	0		4492.953696000
6	1420		4492.966873000
6	1420		4492.989535000
6	1420		4493.012199000
6	0		4493.014867000
6	1420		4493.034865000
6	1420		4493.057635000
6	0		4493.076931000
6	1420		4493.080232000
6	1420		4493.102874000
6	1420		4493.125541000
6	0		4493.138876000
6	1420		4493.148208000
6	1420		4493.170870000
6	1420		4493.193674000
6	0		4493.201016000
6	1420		4493.216276000
6	1420		4493.238893000
6	1420		4493.261519000
6	0		4493.263169000
6	1420		4493.284259000
6	1420		4493.306874000
6	0		4493.324924000
6	1420		4493.329523000
6	1420		4493.352186000
6	1420		4493.374876000
6	0		4493.387189000
6	1420		4493.397523000
6	1420		4493.420197000
6	1420		4493.442867000
6	0		4493.449201000
6	1420		4493.465529000
6	1420		4493.488206000
6	1420		4493.510861000
6	0		4493.511063000
6	1420		4493.533535000
6	1420		4493.556199000
6	0		4493.573219000
6	1420		4493.578865000
6	1420		4493.601520000
6	1420		4493.624188000
6	0		4493.635477000
6	1420		4493.646859000
6	1420		4493.669521000
6	1420		4493.692240000
6	0		4493.697563000
6	1420		4493.714852000
6	1420		4493.737554000
6	0		4493.758980000
6	1420		4493.760190000
6	1420		4493.782894000
6	1420		4493.805517000
6	0		4493.821187000
6	1420		4493.828190000
6	1420		4493.850852000
6	1420		4493.873512000
6	0		4493.882846000
6	1420		4493.896190000
6	1420		4493.918861000
6	1420		4493.941528000
6	0		4493.945017000
6	1420		4493.964197000
6	1420		4493.986866000
6	0		4494.006968000
6	1420		4494.009520000
6	1420		4494.032328000
6	1420		4494.054853000
6	0		4494.069218000
6	1420		4494.077521000
6	1420		4494.100196000
6	1420		4494.122863000
6	0		4494.131172000
6	1420		4494.145581000
6	1420		4494.168186000
6	1420		4494.190838000
6	0		4494.193125000
6	1420		4494.213516000
6	1420		4494.236193000
6	0		4494.255305000
6	0		4494.255334000
6	1420		4494.258842000
6	1420		4494.281511000
6	1420		4494.304180000
6	0		4494.317679000
6	1420		4494.326851000
6	1420		4494.349586000
6	1420		4494.372182000
6	0		4494.378868000
6	1420		4494.394862000
6	1420		4494.417514000
6	1420		4494.440162000
17		42	4494.441740000
17		1358	4494.443482000
6	1420		4494.462863000
6	1420		4494.485559000
17		1358	4494.486443000
17		41	4494.503405000
6	1420		4494.508263000
17		1358	4494.528760000
6	1420		4494.530831000
6	1420		4494.553528000
17		41	4494.565706000
17		1358	4494.570477000
6	1420		4494.576167000
6	1420		4494.598846000
17		1358	4494.612470000
6	1420		4494.621509000
17		41	4494.627738000
6	1420		4494.644173000
17		1358	4494.654779000
6	1420		4494.666867000
17		46	4494.689017000
17		1167	4494.689087000
17		41	4494.689105000
6	1420		4494.689495000
17		38	4494.690853000
17		1358	4494.696527000
17		108	4494.698564000
17		238	4494.698596000
6	1420		4494.712184000
6	1420		4494.734872000
17		1358	4494.738449000
6	0		4494.751267000
6	1420		4494.757501000
17		1358	4494.780189000
6	1420		4494.780224000
6	1420		4494.802856000
6	0		4494.813240000
17		1358	4494.823480000
6	1420		4494.825491000
6	1420		4494.848181000
17		1358	4494.864766000
6	1420		4494.870842000
6	0		4494.875218000
6	1420		4494.893552000
17		1358	4494.906924000
6	1420		4494.916282000
6	0		4494.937381000
6	1420		4494.938827000
17		1358	4494.948591000
6	1420		4494.961562000
6	1420		4494.984170000
17		1358	4494.990494000
6	0		4494.999739000
6	1420		4495.006847000
6	1420		4495.029519000
17		1358	4495.032535000
6	1420		4495.052186000
6	0		4495.060938000
17		1358	4495.074437000
6	1420		4495.074811000
6	1420		4495.097512000
17		1358	4495.116711000
6	1420		4495.120162000
6	0		4495.123383000
6	1420		4495.142841000
17		1358	4495.158548000
6	1420		4495.165492000
6	0		4495.185578000
6	1420		4495.188161000
17		1358	4495.200551000
6	1420		4495.210839000
6	1420		4495.233530000
17		1358	4495.242896000
6	0		4495.246874000
6	1420		4495.256157000
6	1420		4495.278846000
17		1358	4495.285039000
6	1420		4495.301520000
6	0		4495.309282000
6	1420		4495.324173000
17		1358	4495.327271000
6	1420		4495.346845000
17		1358	4495.369008000
6	1420		4495.369495000
6	0		4495.370907000
6	1420		4495.392162000
17		1358	4495.411469000
6	1420		4495.414831000
6	0		4495.432900000
6	1420		4495.437501000
17		1358	4495.453607000
6	1420		4495.460159000
6	1420		4495.482836000
6	0		4495.495219000
17		1358	4495.495362000
6	1420		4495.505498000
6	1420		4495.528177000
17		1358	4495.537486000
6	1420		4495.550852000
6	0		4495.557190000
6	1420		4495.573504000
17		1358	4495.579144000
6	1420		4495.596166000
6	1420		4495.618846000
6	0		4495.619025000
17		1358	4495.620638000
6	1420		4495.641497000
17		1358	4495.662985000
6	1420		4495.664145000
6	0		4495.681139000
6	1420		4495.686823000
17		1358	4495.704365000
6	1420		4495.709499000
6	1420		4495.732172000
6	0		4495.743295000
17		1358	4495.748170000
6	1420		4495.754822000
6	1420		4495.777506000
17		1358	4495.789785000
6	1420		4495.800170000
6	0		4495.805553000
6	1420		4495.822824000
17		1358	4495.831861000
6	1420		4495.845495000
6	0		4495.867793000
6	1420		4495.868147000
17		1348	4495.873077000
6	1420		4495.890826000
6	1420		4495.913499000
6	0		4495.929011000
6	1420		4495.936169000
6	1420		4495.958825000
6	1420		4495.981496000
6	0		4495.990896000
6	1420		4496.004155000
6	1420		4496.026822000
6	1420		4496.049490000
6	0		4496.052884000
6	1420		4496.072162000
6	1420		4496.094828000
6	0		4496.115198000
6	1420		4496.117479000
6	1420		4496.140156000
6	1420		4496.162813000
6	0		4496.177182000
6	1420		4496.185488000
6	1420		4496.208149000
6	1420		4496.230825000
6	0		4496.239118000
6	1420		4496.253477000
6	1420		4496.276146000
6	1420		4496.298815000
6	0		4496.301138000
6	1420		4496.321487000
6	1420		4496.344163000
6	0		4496.363324000
6	1420		4496.366810000
6	1420		4496.389503000
6	1420		4496.412151000
6	0		4496.425493000
6	1420		4496.434847000
6	1420		4496.457485000
6	1420		4496.480230000
6	0		4496.487517000
6	1420		4496.502819000
6	1420		4496.525505000
6	1420		4496.548161000
6	0		4496.549461000
6	1420		4496.570812000
6	1420		4496.593490000
6	0		4496.611653000
6	1420		4496.616154000
6	1420		4496.638816000
6	1420		4496.661479000
6	0		4496.672867000
6	1420		4496.684153000
6	1420		4496.706823000
6	1420		4496.729494000
6	0		4496.734869000
6	1420		4496.752149000
6	0		4496.796882000
6	1420		4496.797473000
6	0		4496.859540000
6	1420		4496.860124000
6	0		4496.920947000
6	1420		4496.921544000
6	0		4496.983459000
6	1420		4496.984045000
6	0		4497.044879000
6	1420		4497.045473000
6	0		4497.107405000
6	1420		4497.108007000
6	0		4497.168851000
6	1420		4497.169451000
6	0		4497.231330000
6	1420		4497.231929000
6	0		4497.292790000
6	1420		4497.293385000
6	0		4497.355305000
6	1420		4497.355913000
6	0		4497.417220000
6	0		4497.417251000
6	1420		4497.417829000
6	1420		4497.429172000
6	0		4497.479410000
6	1420		4497.480002000
6	0		4497.541281000
6	1420		4497.541890000
6	0		4497.603160000
6	1420		4497.603759000
6	0		4497.665063000
6	1420		4497.665738000
6	0		4497.727033000
6	1420		4497.727655000
6	0		4497.788923000
6	1420		4497.789506000
6	0		4497.851138000
6	1420		4497.851768000
6	0		4497.912868000
6	1420		4497.913544000
6	0		4497.975194000
6	1420		4497.975785000
6	0		4498.036881000
6	1420		4498.037490000
6	0		4498.099357000
6	1420		4498.099966000
6	0		4498.223340000
6	1420		4498.223972000
6	1420		4498.235277000
6	0		4498.347715000
6	1420		4498.348320000
6	1420		4498.359642000
6	0		4498.471006000
6	1420		4498.471606000
6	1420		4498.482939000
6	0		4498.595309000
6	1420		4498.595916000
6	1420		4498.607237000
6	0		4498.719613000
6	1420		4498.720214000
6	1420		4498.731620000
6	0		4498.843007000
6	1420		4498.843645000
6	1420		4498.854938000
6	0		4498.967457000
6	1420		4498.968058000
6	1420		4498.979389000
6	0		4499.090863000
6	1420		4499.091472000
6	1420		4499.102800000
6	0		4499.215237000
6	1420		4499.215857000
6	1420		4499.227179000
6	0		4499.339590000
6	1420		4499.340193000
6	1420		4499.351521000
6	0		4499.462904000
6	1420		4499.463539000
6	1420		4499.474862000
6	0		4499.587443000
6	1420		4499.588056000
6	1420		4499.599390000
6	0		4499.711770000
6	1420		4499.712379000
6	1420		4499.723535000
6	0		4499.834912000
6	0		4499.959212000
6	0		4500.083557000
6	0		4500.206848000
6	0		4500.331337000
6	0		4500.455816000
6	0		4500.579028000
6	0		4500.641275000
6	0		4500.765511000
6	0		4501.014353000
6	0		4501.014382000
6	0		4501.201296000
6	0		4501.575846000
6	0		4501.750863000
6	0		4501.949455000
6	0		4502.323028000
6	0		4502.697577000
6	0		4503.071209000
6	0		4503.445742000
6	0		4503.819343000
6	0		4504.193785000
17		41	4504.193813000
17		43	4504.193820000
17		819	4504.193825000
17		34	4504.194515000
17		34	4504.194528000
17		123	4504.195524000
17		1358	4504.199229000
17		1358	4504.242121000
17		1358	4504.284361000
17		1358	4504.326218000
17		1358	4504.368532000
17		1358	4504.410202000
17		1358	4504.451816000
17		1358	4504.494087000
17		1358	4504.536179000
6	0		4504.567023000
17		1358	4504.578553000
17		1358	4504.620074000
17		1358	4504.662830000
17		1358	4504.704830000
17		1358	4504.746739000
17		1358	4504.788759000
17		1358	4504.830745000
17		1358	4504.873034000
17		1358	4504.914160000
6	0		4504.941285000
17		902	4504.941319000
17		38	4504.943159000
17		82	4504.944941000
17		33	4504.946848000
17		1358	4504.956143000
17		1358	4504.998174000
17		1358	4505.039985000
17		1358	4505.082224000
17		1358	4505.125569000
17		1358	4505.166819000
17		1358	4505.209624000
17		1358	4505.251283000
17		1358	4505.292845000
6	0		4505.315119000
17		1358	4505.334844000
17		1358	4505.377200000
17		1358	4505.418668000
17		1358	4505.461003000
17		1358	4505.502292000
17		1358	4505.544344000
17		1358	4505.587104000
6	0		4505.689572000
6	0		4506.063021000
17		41	4506.250613000
17		757	4506.437016000
17		38	4506.438893000
17		109	4506.445968000
17		274	4506.448433000
6	0		4506.624856000
17		41	4506.811507000
17		41	4507.185019000
6	0		4507.371991000
17		41	4507.559274000
6	0		4507.746564000
17		41	4508.120186000
6	0		4508.307454000
17		41	4508.681022000
6	0		4508.681073000
6	0		4508.682384000
6	0		4508.868383000
17		41	4509.055467000
17		46	4509.242296000
17		41	4509.242320000
17		41	4509.242324000
17		33	4509.269042000
6	0		4509.429569000
17		41	4509.803023000
6	0		4509.990268000
17		41	4510.176925000
6	0		4510.551083000
17		41	4510.738683000
6	0		4511.112812000
17		41	4511.299426000
6	0		4511.673653000
17		41	4511.860316000
6	0		4512.234506000
17		41	4512.421166000
6	0		4512.795181000
17		41	4512.981939000
6	0		4513.356394000
17		41	4513.356419000
17		36	4513.358298000
17		41	4513.543691000
17		41	4513.729991000
6	0		4513.917279000
17		41	4514.291177000
6	0		4514.478097000
17		41	4514.851975000
6	0		4515.039908000
17		41	4515.413171000
6	0		4515.600728000
17		41	4515.974293000
6	0		4516.161589000
17		41	4516.535209000
6	0		4516.722489000
17		41	4517.096042000
6	0		4517.283333000
17		41	4517.470832000
6	0		4517.844474000
17		41	4517.844505000
6	0		4518.218739000
17		41	4518.405352000
17		41	4518.591913000
17		43	4518.591938000
17		820	4518.591943000
17		42	4518.592570000
17		34	4518.592629000
6	0		4518.779551000
17		41	4518.966581000
6	0		4519.204656000
6	0		4519.340893000
17		41	4519.527615000
6	0		4519.901512000
17		719	4519.901554000
17		38	4519.904218000
17		82	4519.907186000
17		33	4519.909424000
17		41	4520.088389000
6	0		4520.462285000
17		41	4520.648908000
17		41	4521.023051000
6	0		4521.210345000
17		41	4521.584217000
6	0		4521.771189000
17		41	4522.145596000
6	0		4522.332912000
17		41	4522.519185000
6	0		4522.706437000
6	1420		4522.707452000
6	1420		4522.718210000
6	1420		4522.740530000
17		41	4523.080096000
6	0		4523.267390000
6	1420		4523.268007000
6	1420		4523.279168000
6	1420		4523.301507000
6	1420		4523.323798000
17		41	4523.641428000
6	0		4523.828696000
6	1420		4523.829290000
6	1420		4523.840453000
6	1420		4523.862792000
6	1420		4523.885120000
6	0		4524.202814000
6	1420		4524.203411000
6	1420		4524.214578000
6	1420		4524.236902000
6	1420		4524.259228000
6	0		4524.576866000
6	1420		4524.577461000
6	1420		4524.588614000
6	1420		4524.610964000
6	1420		4524.633334000
6	0		4524.949944000
6	1420		4524.950535000
6	1420		4524.961781000
6	1420		4524.984039000
6	1420		4525.006339000
6	0		4525.324948000
6	1420		4525.325544000
6	1420		4525.336709000
6	1420		4525.359034000
6	1420		4525.381350000
6	0		4525.698004000
6	1420		4525.698600000
6	1420		4525.709780000
6	1420		4525.732088000
6	1420		4525.754431000
6	0		4526.072084000
6	1420		4526.072690000
6	1420		4526.083846000
6	1420		4526.106182000
6	1420		4526.128503000
6	1420		4526.259325000
6	0		4526.446862000
6	1420		4526.447510000
6	1420		4526.458660000
6	1420		4526.481001000
6	0		4526.820663000
6	1420		4526.821280000
6	1420		4526.832431000
6	1420		4526.854750000
6	1420		4526.877100000
6	0		4527.194731000
6	1420		4527.195335000
6	1420		4527.206481000
6	1420		4527.228821000
6	1420		4527.251145000
6	0		4527.568850000
6	1420		4527.569453000
6	1420		4527.580622000
6	1420		4527.602952000
6	1420		4527.625258000
6	0		4527.942913000
6	1420		4527.943510000
6	1420		4527.954673000
6	1420		4527.977020000
6	1420		4527.999337000
6	0		4528.315942000
6	1420		4528.316534000
6	1420		4528.327694000
6	1420		4528.350038000
6	1420		4528.372342000
6	0		4528.689955000
6	1420		4528.690583000
6	1420		4528.701715000
6	1420		4528.724047000
6	1420		4528.746373000
6	0		4529.064037000
6	1420		4529.064647000
6	1420		4529.075841000
6	1420		4529.098129000
6	1420		4529.120452000
6	0		4529.438125000
6	1420		4529.438766000
6	1420		4529.449904000
6	1420		4529.472245000
6	1420		4529.494563000
6	0		4529.812238000
6	1420		4529.812833000
6	1420		4529.823990000
6	1420		4529.846373000
6	1420		4529.868649000
6	0		4530.186336000
6	1420		4530.186948000
6	1420		4530.198103000
6	1420		4530.220449000
6	1420		4530.242756000
6	0		4530.373652000
6	1420		4530.374265000
6	1420		4530.385454000
6	1420		4530.407729000
6	1420		4530.430073000
6	0		4530.747687000
6	1420		4530.748288000
6	1420		4530.759449000
6	1420		4530.781776000
6	1420		4530.804097000
6	0		4531.121279000
6	0		4531.121308000
6	1420		4531.121898000
6	0		4531.122956000
6	1420		4531.133036000
6	1420		4531.155358000
6	1420		4531.177682000
6	0		4531.495331000
6	1420		4531.495930000
6	1420		4531.507089000
6	1420		4531.529404000
6	1420		4531.551761000
6	0		4531.869323000
6	1420		4531.869955000
6	1420		4531.881103000
6	1420		4531.903530000
6	1420		4531.925764000
6	0		4532.243385000
6	1420		4532.243999000
6	1420		4532.255137000
6	1420		4532.277478000
6	1420		4532.299802000
6	0		4532.617508000
6	1420		4532.618116000
6	1420		4532.629264000
6	1420		4532.651673000
6	1420		4532.673920000
6	0		4532.991557000
6	1420		4532.992159000
6	1420		4533.003304000
6	1420		4533.025661000
6	1420		4533.047962000
6	0		4533.365610000
6	1420		4533.366218000
6	1420		4533.377378000
6	1420		4533.399860000
6	1420		4533.422025000
17		902	4533.552352000
17		34	4533.554759000
6	0		4533.739755000
6	1420		4533.740379000
6	1420		4533.751535000
6	1420		4533.773861000
6	1420		4533.796177000
6	0		4534.112922000
6	1420		4534.113523000
6	1420		4534.124677000
6	1420		4534.147014000
6	1420		4534.169320000
6	0		4534.486989000
6	1420		4534.487592000
6	1420		4534.498754000
6	1420		4534.521102000
6	1420		4534.543414000
6	0		4534.861320000
6	1420		4534.861925000
6	1420		4534.873084000
6	1420		4534.895409000
6	1420		4534.917742000
6	0		4535.235396000
6	1420		4535.236069000
6	1420		4535.247240000
6	1420		4535.269562000
6	1420		4535.291889000
6	0		4535.609512000
6	1420		4535.610102000
6	1420		4535.621261000
6	1420		4535.643603000
6	1420		4535.666013000
6	0		4535.983703000
6	1420		4535.984328000
6	1420		4535.995477000
6	1420		4536.017822000
6	1420		4536.040133000
17		34	4536.311064000
6	0		4536.357675000
6	1420		4536.358272000
6	1420		4536.369427000
6	1420		4536.391760000
6	1420		4536.414083000
6	0		4536.731745000
17		41	4536.731776000
17		43	4536.731782000
17		820	4536.731787000
6	1420		4536.732355000
17		39	4536.733289000
6	1420		4536.743511000
17		35	4536.758445000
6	1420		4536.765896000
6	1420		4536.788197000
6	0		4537.105792000
6	1420		4537.106400000
6	1420		4537.117551000
6	1420		4537.139868000
6	1420		4537.162214000
6	0		4537.479886000
6	1420		4537.480522000
6	1420		4537.491695000
6	1420		4537.514003000
6	1420		4537.536404000
6	0		4537.853052000
6	1420		4537.853661000
6	1420		4537.864814000
6	1420		4537.887138000
6	1420		4537.909481000
6	0		4538.227133000
6	1420		4538.227730000
6	1420		4538.238897000
6	1420		4538.261243000
6	1420		4538.283557000
6	0		4538.601247000
6	1420		4538.601867000
6	1420		4538.613028000
6	1420		4538.635407000
6	1420		4538.657725000
6	0		4538.975364000
6	1420		4538.975964000
6	1420		4538.987126000
6	1420		4539.009501000
6	1420		4539.031821000
6	0		4539.162321000
6	0		4539.172441000
6	0		4539.349649000
6	1420		4539.350261000
6	1420		4539.361396000
6	1420		4539.383739000
6	1420		4539.406053000
6	0		4539.723671000
6	1420		4539.724286000
6	1420		4539.735449000
6	1420		4539.757769000
6	1420		4539.780108000
17		41	4539.910395000
6	0		4539.910422000
17		41	4540.097095000
6	0		4540.284282000
17		41	4540.284315000
6	1420		4540.284883000
6	1420		4540.296058000
17		41	4540.471556000
17		41	4540.657977000
17		41	4540.845293000
17		41	4541.032424000
17		41	4541.219720000
17		41	4541.406034000
17		41	4541.593110000
17		41	4541.779926000
17		41	4541.967747000
17		41	4542.154129000
17		41	4542.341318000
17		41	4542.528047000
17		41	4542.714927000
17		46	4542.902675000
17		820	4542.902706000
17		41	4542.902716000
17		40	4542.904593000
17		85	4542.907062000
17		33	4542.909451000
17		41	4543.089397000
17		41	4543.276828000
17		46	4543.463618000
17		35	4543.489856000
17		41	4543.650883000
17		42	4543.837821000
17		42	4544.024594000
17		42	4544.211233000
17		43	4544.398561000
17		43	4544.585821000
17		43	4544.772585000
17		43	4544.959126000
17		1358	4544.960817000
17		43	4545.146772000
17		1358	4545.148415000
17		43	4545.333787000
17		1358	4545.335403000
17		43	4545.520760000
17		1358	4545.522495000
17		46	4545.707052000
17		818	4545.707074000
17		43	4545.707080000
17		1358	4545.708757000
17		40	4545.708847000
17		85	4545.711433000
17		33	4545.713901000
6	0		4545.894281000
17		46	4545.894309000
17		41	4545.894316000
17		42	4545.894321000
17		1358	4545.896006000
17		35	4545.921552000
17		1358	4545.938227000
17		1358	4545.980610000
17		1358	4546.023182000
17		1358	4546.065958000
6	0		4546.081251000
6	1420		4546.081854000
6	1420		4546.092884000
17		1358	4546.107458000
6	1420		4546.114967000
6	1420		4546.137019000
17		1358	4546.148888000
6	1420		4546.159099000
6	1420		4546.181191000
17		1358	4546.190749000
6	1420		4546.203267000
6	1420		4546.225313000
17		1358	4546.233305000
6	1420		4546.247390000
6	0		4546.268577000
6	1420		4546.269446000
17		1358	4546.275004000
6	1420		4546.291532000
6	1420		4546.313589000
17		1358	4546.316869000
6	1420		4546.335677000
6	1420		4546.357731000
17		1358	4546.358571000
6	1420		4546.379778000
17		1358	4546.400851000
6	1420		4546.401861000
6	1420		4546.423936000
17		1358	4546.443979000
6	1420		4546.446007000
6	0		4546.455045000
6	1420		4546.468082000
17		1358	4546.485999000
6	1420		4546.490140000
17		1358	4546.527327000
17		1358	4546.570215000
17		1358	4546.611783000
6	0		4546.642067000
6	1420		4546.642671000
17		1358	4546.653491000
6	1420		4546.653674000
17		1358	4546.695187000
17		1358	4546.737810000
17		1358	4546.778919000
17		1358	4546.821470000
6	0		4546.829375000
6	1420		4546.829974000
6	1420		4546.841115000
17		1358	4546.862841000
17		1358	4546.906477000
17		1358	4546.947776000
17		1358	4546.990258000
6	0		4547.016021000
6	1420		4547.016629000
6	1420		4547.027677000
17		1358	4547.031598000
17		1358	4547.074157000
17		1358	4547.116138000
17		1358	4547.157937000
17		1358	4547.199382000
6	0		4547.203701000
6	1420		4547.204324000
6	1420		4547.215360000
17		1358	4547.241748000
17		1358	4547.283976000
17		1358	4547.325093000
17		1358	4547.368143000
6	0		4547.390042000
6	1420		4547.390649000
6	1420		4547.401672000
17		1358	4547.410454000
17		1358	4547.452484000
17		1358	4547.494485000
17		1358	4547.536177000
6	0		4547.577534000
6	1420		4547.578223000
17		1358	4547.578564000
6	1420		4547.589169000
17		1358	4547.620177000
17		1358	4547.662464000
17		1358	4547.704551000
17		1358	4547.746426000
6	0		4547.764659000
6	1420		4547.765254000
6	1420		4547.776343000
17		1358	4547.787920000
17		1358	4547.830310000
17		1358	4547.872785000
17		1358	4547.914345000
6	0		4547.951028000
6	1420		4547.951630000
17		1358	4547.956326000
6	1420		4547.962661000
17		1219	4547.998075000
6	0		4548.137934000
6	1420		4548.138539000
6	1420		4548.149572000
6	0		4548.325779000
6	1420		4548.326383000
6	1420		4548.337400000
6	0		4548.512222000
6	1420		4548.512805000
6	1420		4548.523907000
6	0		4548.699195000
6	1420		4548.699807000
6	1420		4548.710824000
6	0		4548.886495000
6	1420		4548.887097000
6	1420		4548.898115000
6	0		4549.073390000
6	1420		4549.074009000
6	1420		4549.085110000
6	0		4549.260357000
6	1420		4549.260968000
6	1420		4549.272011000
6	0		4549.447858000
6	1420		4549.448451000
6	1420		4549.459616000
6	1420		4549.481627000
6	1420		4549.503616000
6	0		4549.634346000
6	1420		4549.634954000
6	1420		4549.646034000
6	0		4550.008664000
6	1420		4550.009269000
6	1420		4550.020300000
6	1420		4550.042372000
6	1420		4550.064445000
6	0		4550.382064000
6	1420		4550.382678000
6	1420		4550.393687000
6	1420		4550.415775000
6	1420		4550.438056000
6	0		4550.756604000
6	1420		4550.757204000
6	1420		4550.768235000
6	1420		4550.790313000
6	1420		4550.812385000
6	0		4551.130025000
6	1420		4551.130629000
6	1420		4551.141727000
6	1420		4551.163740000
6	1420		4551.185819000
6	0		4551.504530000
6	1420		4551.505136000
6	1420		4551.516237000
6	1420		4551.538265000
6	1420		4551.560327000
6	0		4551.878022000
6	0		4552.252580000
6	0		4552.626139000
6	0		4553.000770000
6	0		4553.374353000
6	0		4553.747989000
6	0		4554.122523000
6	0		4554.496094000
6	0		4554.870628000
6	0		4555.244216000
6	0		4555.618856000
6	0		4555.992500000
6	0		4556.366049000
6	0		4556.740678000
6	0		4557.114280000
6	0		4557.488882000
6	0		4557.862517000
6	0		4558.236165000
6	1420		4558.236778000
6	1420		4558.247821000
6	0		4558.610512000
6	1420		4558.611128000
6	1420		4558.622141000
6	1420		4558.644260000
6	1420		4558.666305000
6	0		4558.984006000
6	1420		4558.984599000
6	1420		4558.995635000
6	1420		4559.017695000
6	1420		4559.039779000
6	0		4559.358506000
6	1420		4559.359115000
6	1420		4559.370140000
6	1420		4559.392229000
6	1420		4559.414318000
6	0		4559.545720000
6	1420		4559.546314000
6	1420		4559.557345000
6	1420		4559.579421000
6	1420		4559.601494000
6	0		4559.919676000
17		697	4559.919704000
6	1420		4559.920309000
17		40	4559.922153000
17		83	4559.924883000
17		33	4559.927032000
6	1420		4559.931309000
6	1420		4559.953376000
6	1420		4560.283315000
6	0		4560.293051000
6	1420		4560.294324000
6	1420		4560.405346000
6	0		4560.666952000
6	1420		4560.667584000
6	1420		4560.678620000
6	1420		4560.700758000
6	1420		4560.722760000
6	1420		4560.744833000
6	1420		4560.766906000
6	1420		4560.789006000
6	1420		4560.811057000
6	1420		4560.833116000
6	1420		4560.855169000
6	1420		4560.877249000
6	1420		4560.899332000
6	1420		4560.921379000
6	1420		4560.943485000
6	0		4560.947571000
6	1420		4560.965534000
6	1420		4560.987598000
6	1420		4561.009668000
6	1420		4561.031742000
6	1420		4561.053794000
6	1420		4561.075884000
6	1420		4561.097955000
6	1420		4561.120007000
6	0		4561.133292000
6	1420		4561.142076000
6	1420		4561.164180000
6	1420		4561.186226000
6	1420		4561.208316000
6	1420		4561.230370000
6	1420		4561.252445000
6	1420		4561.274518000
6	1420		4561.296655000
6	1420		4561.318656000
6	0		4561.319760000
6	1420		4561.340724000
6	1420		4561.362785000
6	1420		4561.384934000
6	1420		4561.406924000
6	1420		4561.429035000
6	1420		4561.451072000
6	1420		4561.473191000
6	1420		4561.495225000
6	0		4561.505332000
6	1420		4561.517300000
6	1420		4561.539353000
6	1420		4561.561420000
6	1420		4561.583506000
6	1420		4561.605612000
6	1420		4561.627640000
6	0		4561.690976000
6	1420		4561.691569000
6	1420		4561.702613000
6	1420		4561.724680000
6	1420		4561.746757000
6	0		4561.877261000
6	1420		4561.877880000
6	1420		4561.888912000
6	1420		4561.910995000
6	1420		4561.933061000
6	0		4562.063542000
6	1420		4562.064147000
6	1420		4562.075185000
6	1420		4562.097311000
6	1420		4562.119332000
6	0		4562.249528000
6	1420		4562.250203000
6	1420		4562.261216000
6	1420		4562.283306000
6	1420		4562.305390000
6	0		4562.434877000
6	1420		4562.435504000
6	1420		4562.446504000
6	1420		4562.468588000
6	1420		4562.490648000
6	0		4562.621294000
6	1420		4562.621906000
6	1420		4562.632931000
6	1420		4562.654997000
6	1420		4562.677161000
6	0		4562.807664000
6	1420		4562.808267000
6	1420		4562.819301000
6	1420		4562.841384000
6	1420		4562.863451000
6	0		4562.992973000
6	1420		4562.993645000
6	1420		4563.004601000
6	1420		4563.026688000
6	1420		4563.048786000
6	0		4563.179754000
6	1420		4563.180418000
6	1420		4563.191443000
6	1420		4563.213519000
6	1420		4563.236377000
6	0		4563.364892000
6	1420		4563.365500000
6	1420		4563.376533000
6	1420		4563.398618000
6	1420		4563.420655000
6	0		4563.551143000
6	1420		4563.551745000
6	1420		4563.562780000
6	1420		4563.584860000
6	1420		4563.606918000
17		41	4563.643957000
17		829	4563.643988000
17		34	4563.645410000
17		34	4563.645596000
17		123	4563.645761000
17		1358	4563.650240000
17		1358	4563.694016000
17		1358	4563.735600000
6	0		4563.737312000
6	1420		4563.737893000
6	1420		4563.748986000
6	1420		4563.770995000
17		1358	4563.777345000
6	1420		4563.793101000
17		1358	4563.819262000
17		1358	4563.861179000
17		1358	4563.903234000
6	0		4563.923735000
6	1420		4563.924345000
6	1420		4563.935374000
17		1358	4563.945210000
6	1420		4563.957433000
6	1420		4563.979522000
17		1358	4563.986806000
17		1358	4564.029246000
17		1358	4564.070900000
6	0		4564.109255000
6	1420		4564.109853000
17		1358	4564.114276000
6	1420		4564.120876000
6	1420		4564.142958000
17		1358	4564.156051000
6	1420		4564.165020000
6	0		4564.295551000
6	1420		4564.296152000
6	1420		4564.307171000
6	1420		4564.329257000
6	1420		4564.351323000
6	0		4564.480896000
6	1420		4564.481493000
6	1420		4564.492536000
6	1420		4564.514623000
6	1420		4564.536662000
6	0		4564.667134000
6	1420		4564.667722000
6	1420		4564.678762000
6	1420		4564.700904000
6	1420		4564.722896000
6	0		4564.853071000
17		812	4564.853111000
6	1420		4564.853661000
17		40	4564.854931000
17		87	4564.856706000
17		33	4564.858679000
6	1420		4564.864699000
6	1420		4564.886754000
6	1420		4564.908852000
6	0		4565.039379000
6	1420		4565.039980000
6	1420		4565.051019000
6	1420		4565.073085000
6	1420		4565.095158000
6	0		4565.225192000
6	1420		4565.225878000
6	1420		4565.236809000
6	1420		4565.258897000
6	1420		4565.281027000
6	0		4565.411545000
6	1420		4565.412153000
6	1420		4565.423193000
6	1420		4565.445271000
6	1420		4565.467348000
6	0		4565.504774000
6	1420		4565.505382000
6	1420		4565.516428000
6	1420		4565.538491000
6	1420		4565.560562000
6	0		4565.690250000
6	0		4565.876489000
6	0		4566.061941000
6	0		4566.248350000
6	0		4566.433897000
17		42	4566.433925000
6	0		4566.620366000
6	0		4566.806721000
17		41	4566.898947000
6	0		4566.992132000
6	0		4567.178522000
6	0		4567.363835000
6	0		4567.550224000
6	0		4567.736743000
6	0		4567.922126000
6	0		4568.108509000
6	0		4568.293909000
6	0		4568.480305000
6	0		4568.666687000
6	0		4568.852177000
6	0		4569.038444000
6	0		4569.224823000
6	0		4569.410219000
6	0		4569.595875000
6	0		4569.782386000
6	0		4569.968809000
6	0		4570.154191000
6	0		4570.339999000
17		42	4570.340041000
17		48	4570.340052000
17		42	4570.340059000
17		33	4570.367644000
17		41	4570.433179000
17		41	4570.526120000
17		41	4570.618875000
17		41	4570.712171000
17		43	4570.712205000
17		48	4570.805254000
17		43	4570.805287000
17		33	4570.832559000
17		41	4570.898381000
17		41	4570.991299000
17		41	4571.084480000
17		41	4571.177714000
6	0		4571.363761000
17		41	4571.456267000
6	0		4571.642357000
17		41	4571.734928000
6	0		4571.920917000
17		41	4572.014330000
6	0		4572.200426000
17		41	4572.293454000
6	0		4572.479009000
17		41	4572.572472000
6	0		4572.758643000
17		41	4572.851291000
6	0		4572.944052000
17		41	4573.037066000
17		41	4573.222991000
6	0		4573.315851000
17		41	4573.502392000
6	0		4573.595600000
17		41	4573.780991000
6	0		4573.874206000
17		46	4573.967683000
17		34	4573.993444000
17		41	4574.060782000
17		41	4574.153130000
17		41	4574.339304000
6	0		4574.432507000
17		41	4574.524989000
17		41	4574.618191000
17		41	4574.711299000
6	0		4574.897402000
6	0		4574.910988000
6	0		4574.911040000
17		41	4574.989807000
17		41	4575.083055000
17		41	4575.176144000
17		41	4575.269391000
6	0		4575.455520000
17		41	4575.548370000
17		41	4575.641193000
17		41	4575.734382000
17		41	4575.827642000
17		41	4575.920726000
6	0		4576.106251000
17		41	4576.106280000
17		41	4576.199420000
17		41	4576.291998000
17		41	4576.384866000
6	0		4576.570851000
17		46	4576.664478000
17		33	4576.691431000
17		41	4576.757657000
17		41	4576.850275000
17		42	4576.943449000
17		42	4577.128818000
6	0		4577.222712000
6	1420		4577.223590000
17		42	4577.315613000
17		42	4577.408396000
17		42	4577.501653000
6	0		4577.687656000
6	1420		4577.688256000
6	1420		4577.699295000
17		42	4577.780141000
17		42	4577.873026000
17		43	4577.966234000
6	1420		4577.987308000
17		43	4578.058843000
17		43	4578.245057000
6	0		4578.338264000
6	1420		4578.338867000
17		43	4578.431678000
6	0		4578.617506000
6	1420		4578.618103000
6	1420		4578.629118000
6	0		4578.803673000
6	1420		4578.804289000
6	1420		4578.815327000
6	0		4578.988840000
6	1420		4578.989499000
6	1420		4579.000555000
6	0		4579.175137000
6	1420		4579.175743000
6	1420		4579.186778000
6	0		4579.361275000
6	1420		4579.361872000
6	1420		4579.372970000
6	0		4579.547577000
6	1420		4579.548191000
6	1420		4579.559217000
6	0		4579.640776000
6	1420		4579.641365000
6	1420		4579.652394000
6	0		4579.825883000
6	1420		4579.826483000
6	1420		4579.837506000
6	0		4580.011962000
6	1420		4580.012584000
6	1420		4580.023673000
6	0		4580.198211000
6	1420		4580.198829000
6	1420		4580.209913000
6	0		4580.384399000
6	1420		4580.384992000
6	1420		4580.396120000
6	0		4580.570684000
6	1420		4580.571271000
6	1420		4580.582310000
6	0		4580.756785000
6	1420		4580.757384000
6	1420		4580.768408000
6	0		4580.941867000
6	1420		4580.942476000
6	1420		4580.953509000
6	0		4581.128029000
6	1420		4581.128636000
6	1420		4581.139674000
6	0		4581.314149000
6	1420		4581.314756000
6	1420		4581.325857000
6	0		4581.500380000
6	1420		4581.500990000
6	1420		4581.512085000
6	1420		4581.534107000
6	1420		4581.556154000
6	0		4581.686611000
6	1420		4581.687219000
6	1420		4581.698266000
6	1420		4581.720302000
6	1420		4581.742378000
6	0		4581.871835000
6	1420		4581.872436000
6	1420		4581.883478000
6	1420		4581.905542000
6	1420		4581.927608000
6	0		4582.058114000
6	1420		4582.058719000
6	1420		4582.069732000
6	1420		4582.091830000
6	1420		4582.113892000
6	0		4582.244404000
6	0		4582.430767000
6	0		4582.616135000
6	0		4582.802511000
6	0		4582.987857000
6	0		4583.174305000
6	0		4583.320132000
6	0		4583.360692000
6	0		4583.546786000
6	0		4583.732211000
17		48	4583.825411000
17		43	4583.825435000
17		33	4583.853654000
6	0		4583.918594000
6	0		4584.104376000
6	1420		4584.104996000
6	1420		4584.116024000
6	0		4584.290578000
6	1420		4584.291199000
6	0		4584.383553000
6	1420		4584.384162000
6	0		4584.476464000
6	1420		4584.477073000
6	0		4584.569330000
6	1420		4584.570050000
6	0		4584.662345000
6	1420		4584.662956000
6	0		4584.755239000
6	1420		4584.755837000
6	0		4584.848149000
6	1420		4584.848826000
6	0		4584.941189000
6	1420		4584.941806000
6	0		4585.034135000
6	1420		4585.034738000
6	0		4585.127045000
6	1420		4585.127675000
6	0		4585.220004000
6	0		4585.220029000
6	1420		4585.220626000
6	1420		4585.231696000
6	0		4585.313082000
6	1420		4585.313679000
6	0		4585.405990000
6	1420		4585.406608000
6	0		4585.498945000
6	1420		4585.499584000
6	0		4585.592119000
6	1420		4585.592719000
6	0		4585.685317000
6	1420		4585.685984000
6	0		4585.778270000
6	1420		4585.778889000
6	0		4585.964427000
6	1420		4585.965107000
6	1420		4585.976144000
6	0		4586.150741000
6	1420		4586.151363000
6	1420		4586.162384000
6	0		4586.335889000
6	1420		4586.336531000
6	1420		4586.347534000
6	0		4586.522113000
6	1420		4586.522742000
6	1420		4586.533750000
6	0		4586.708273000
6	1420		4586.708895000
6	1420		4586.719926000
6	0		4586.894458000
6	1420		4586.895072000
6	1420		4586.906111000
6	0		4587.080642000
6	1420		4587.081243000
6	1420		4587.092286000
6	0		4587.266751000
6	1420		4587.267360000
6	1420		4587.278393000
6	0		4587.452035000
6	1420		4587.452645000
6	1420		4587.463673000
6	0		4587.638245000
6	1420		4587.638852000
6	1420		4587.649879000
6	0		4587.824473000
6	1420		4587.825106000
6	1420		4587.836118000
6	0		4588.010763000
6	1420		4588.011395000
6	1420		4588.022423000
6	0		4588.195960000
6	1420		4588.196585000
6	1420		4588.207615000
6	0		4588.382171000
6	1420		4588.382828000
6	1420		4588.393867000
6	0		4588.568429000
6	1420		4588.569059000
6	1420		4588.580077000
6	0		4588.754642000
6	1420		4588.755272000
6	1420		4588.766296000
6	0		4588.939854000
6	1420		4588.940482000
6	1420		4588.951500000
6	0		4589.126015000
6	1420		4589.126630000
6	1420		4589.137649000
6	0		4589.312203000
6	1420		4589.312808000
6	1420		4589.323840000
6	0		4589.498446000
6	1420		4589.499047000
6	1420		4589.510249000
6	0		4589.684797000
6	1420		4589.685389000
6	1420		4589.696480000
6	0		4589.869954000
6	1420		4589.870570000
6	1420		4589.881591000
6	0		4590.056120000
6	1420		4590.056730000
6	1420		4590.067831000
6	0		4590.149395000
6	1420		4590.150068000
6	1420		4590.161056000
6	0		4590.335531000
6	1420		4590.336171000
6	1420		4590.347211000
6	0		4590.521666000
6	1420		4590.522281000
6	1420		4590.533305000
6	0		4590.707745000
6	1420		4590.708371000
6	1420		4590.719396000
6	0		4590.892935000
6	1420		4590.893547000
6	1420		4590.904587000
6	0		4591.079074000
6	1420		4591.079670000
6	1420		4591.090712000
6	0		4591.265212000
6	1420		4591.265822000
6	1420		4591.276857000
6	0		4591.451330000
6	1420		4591.451946000
6	1420		4591.462952000
6	0		4591.637442000
6	1420		4591.638032000
6	1420		4591.649081000
6	0		4591.823617000
6	1420		4591.824284000
6	1420		4591.835248000
6	0		4592.009822000
6	1420		4592.010424000
6	1420		4592.021446000
6	0		4592.194913000
6	1420		4592.195516000
6	1420		4592.206536000
6	0		4592.381400000
17		45	4592.381432000
6	1420		4592.381990000
6	1420		4592.393029000
17		33	4592.407856000
17		41	4592.474294000
17		42	4592.567260000
6	0		4592.567290000
6	0		4592.568328000
17		42	4592.660416000
6	0		4592.845960000
6	1420		4592.846557000
6	1420		4592.857580000
17		42	4593.032180000
6	0		4593.125398000
6	1420		4593.126019000
6	1420		4593.137112000
17		42	4593.218254000
17		42	4593.311336000
17		42	4593.404399000
6	0		4593.589949000
17		42	4593.589981000
6	1420		4593.590549000
6	1420		4593.601578000
6	0		4593.776192000
6	1420		4593.776794000
6	1420		4593.787822000
17		42	4593.869239000
17		1358	4593.871645000
17		42	4593.962115000
17		1358	4593.963014000
17		43	4594.055725000
17		1358	4594.057249000
6	1420		4594.149343000
17		43	4594.240921000
17		42	4594.240955000
17		830	4594.240960000
17		41	4594.241696000
17		1358	4594.242788000
6	0		4594.334144000
6	1420		4594.334802000
6	1420		4594.345847000
6	1420		4594.367921000
6	1420		4594.390012000
6	1420		4594.412049000
6	0		4594.427356000
6	1420		4594.434111000
6	1420		4594.456178000
6	1420		4594.478264000
6	1420		4594.500398000
17		43	4594.520798000
6	1420		4594.522372000
17		1358	4594.522451000
6	1420		4594.544539000
6	1420		4594.566545000
6	1420		4594.588608000
6	1420		4594.610693000
6	1420		4594.632742000
6	1420		4594.654810000
6	1420		4594.676888000
6	1420		4594.698965000
6	0		4594.706181000
6	1420		4594.721024000
6	1420		4594.743090000
6	1420		4594.765169000
6	1420		4594.787218000
17		848	4594.799139000
17		38	4594.801828000
17		87	4594.803469000
17		33	4594.805395000
6	1420		4594.809268000
6	0		4594.828151000
6	1420		4594.831360000
6	1420		4594.853450000
6	1420		4594.875514000
6	0		4594.892682000
6	1420		4594.897566000
6	1420		4594.919647000
6	1420		4594.941730000
6	1420		4594.963793000
6	1420		4594.985844000
6	1420		4595.007931000
6	1420		4595.029991000
6	1420		4595.052051000
6	1420		4595.074189000
6	0		4595.078557000
6	1420		4595.096199000
6	1420		4595.118289000
6	1420		4595.140390000
6	1420		4595.162415000
6	1420		4595.184489000
6	1420		4595.206568000
6	1420		4595.228632000
6	1420		4595.250698000
6	0		4595.263986000
6	1420		4595.272766000
6	1420		4595.294833000
6	1420		4595.316972000
6	1420		4595.338975000
6	1420		4595.361093000
6	1420		4595.383123000
6	1420		4595.405195000
6	1420		4595.427266000
6	1420		4595.449329000
6	0		4595.450368000
6	1420		4595.471413000
6	1420		4595.493475000
6	1420		4595.515536000
6	1420		4595.537597000
6	1420		4595.559704000
6	1420		4595.581759000
6	1420		4595.603858000
6	1420		4595.625883000
6	0		4595.636072000
6	1420		4595.647951000
6	1420		4595.670021000
6	1420		4595.692086000
6	1420		4595.714160000
6	1420		4595.736240000
6	1420		4595.758334000
6	1420		4595.780372000
6	1420		4595.802424000
6	0		4595.821891000
17		48	4595.821925000
17		43	4595.821935000
6	1420		4595.824504000
6	1420		4595.846583000
17		33	4595.848527000
6	1420		4595.868642000
6	1420		4595.890726000
6	1420		4595.912862000
6	1420		4595.934862000
6	1420		4595.956932000
6	1420		4595.979008000
6	1420		4596.001092000
6	0		4596.008458000
6	1420		4596.023150000
6	1420		4596.045213000
6	1420		4596.067286000
6	1420		4596.089350000
6	1420		4596.111425000
6	1420		4596.133494000
6	1420		4596.155560000
6	1420		4596.177629000
6	0		4596.194750000
6	1420		4596.199704000
6	1420		4596.221777000
6	1420		4596.243923000
6	1420		4596.265980000
6	1420		4596.287984000
6	1420		4596.310206000
6	1420		4596.332126000
6	1420		4596.354207000
6	1420		4596.376265000
6	0		4596.380512000
6	1420		4596.398329000
6	1420		4596.420391000
6	1420		4596.442478000
6	1420		4596.464611000
6	1420		4596.486608000
6	1420		4596.508690000
6	1420		4596.530752000
6	1420		4596.552808000
6	0		4596.566052000
6	1420		4596.574882000
6	1420		4596.596967000
6	1420		4596.619020000
6	1420		4596.641094000
6	1420		4596.663160000
6	1420		4596.685303000
6	1420		4596.707312000
6	1420		4596.729474000
6	1420		4596.751480000
6	0		4596.752593000
6	1420		4596.773528000
6	1420		4596.795603000
6	1420		4596.817667000
6	1420		4596.839896000
6	1420		4596.861860000
6	1420		4596.883957000
6	1420		4596.905912000
6	1420		4596.928013000
6	0		4596.938297000
6	1420		4596.950090000
6	1420		4596.972146000
6	1420		4596.994234000
6	1420		4597.016301000
6	1420		4597.038365000
6	1420		4597.060420000
6	1420		4597.082498000
6	1420		4597.104623000
6	0		4597.123877000
6	1420		4597.126635000
6	1420		4597.148774000
6	1420		4597.170778000
6	1420		4597.192865000
6	1420		4597.214936000
6	1420		4597.237001000
6	1420		4597.259075000
6	1420		4597.281143000
6	1420		4597.303212000
6	0		4597.310426000
6	1420		4597.325245000
6	1420		4597.347387000
6	1420		4597.369424000
6	1420		4597.391508000
6	1420		4597.413575000
6	1420		4597.435618000
6	1420		4597.457696000
6	1420		4597.479760000
6	0		4597.496115000
6	1420		4597.501833000
6	1420		4597.523946000
6	1420		4597.545973000
6	1420		4597.568041000
6	0		4597.589284000
6	1420		4597.590113000
6	1420		4597.612185000
6	1420		4597.634261000
6	1420		4597.656313000
6	1420		4597.678402000
6	1420		4597.700469000
6	1420		4597.722542000
6	1420		4597.744598000
6	1420		4597.766667000
6	0		4597.774962000
6	1420		4597.788724000
6	1420		4597.810818000
6	1420		4597.832888000
6	1420		4597.854960000
6	1420		4597.877012000
6	1420		4597.899098000
6	1420		4597.921159000
6	1420		4597.943254000
6	0		4597.960859000
6	1420		4597.965295000
6	1420		4597.987390000
6	1420		4598.009500000
6	1420		4598.031572000
6	1420		4598.053579000
6	0		4598.053783000
6	1420		4598.075691000
6	1420		4598.097707000
6	1420		4598.119793000
6	1420		4598.141863000
6	0		4598.147011000
6	1420		4598.163934000
6	1420		4598.186015000
6	1420		4598.208074000
6	1420		4598.230141000
6	0		4598.240477000
6	0		4598.240501000
6	1420		4598.252211000
6	1420		4598.274277000
6	1420		4598.296372000
6	1420		4598.318416000
6	0		4598.333027000
6	1420		4598.340486000
6	1420		4598.362570000
6	1420		4598.384636000
6	0		4598.426349000
6	1420		4598.426968000
6	1420		4598.438052000
6	0		4598.519383000
6	1420		4598.520018000
6	1420		4598.531030000
6	0		4598.612343000
6	1420		4598.612963000
6	1420		4598.623996000
6	0		4598.705256000
6	1420		4598.705870000
6	1420		4598.716888000
6	0		4598.798270000
6	1420		4598.798882000
6	1420		4598.809918000
6	0		4598.891277000
6	1420		4598.891900000
6	1420		4598.902919000
6	0		4598.984314000
6	1420		4598.984936000
6	1420		4598.995955000
6	0		4599.077274000
6	1420		4599.077881000
6	1420		4599.088907000
6	0		4599.170321000
6	1420		4599.170947000
6	1420		4599.181964000
6	0		4599.263274000
6	1420		4599.263877000
6	1420		4599.274903000
6	0		4599.356233000
6	1420		4599.356970000
6	1420		4599.367926000
6	0		4599.449299000
6	1420		4599.450014000
6	1420		4599.461104000
6	0		4599.542439000
6	1420		4599.543051000
6	1420		4599.554083000
6	0		4599.635634000
6	1420		4599.636239000
6	1420		4599.647271000
6	0		4599.727872000
6	1420		4599.728506000
6	1420		4599.739508000
6	0		4599.820821000
6	1420		4599.821418000
6	1420		4599.832457000
6	0		4599.914176000
6	1420		4599.914808000
6	1420		4599.925847000
6	0		4600.006985000
6	1420		4600.007598000
6	1420		4600.018629000
6	0		4600.100115000
6	1420		4600.100755000
6	1420		4600.111849000
6	0		4600.193178000
6	1420		4600.193791000
6	1420		4600.204814000
6	0		4600.286149000
6	1420		4600.286762000
6	1420		4600.297783000
6	0		4600.379141000
6	1420		4600.379827000
6	1420		4600.390774000
6	0		4600.472094000
6	1420		4600.472702000
6	1420		4600.483723000
6	0		4600.565107000
6	1420		4600.565721000
6	1420		4600.576753000
6	0		4600.658084000
6	1420		4600.658691000
6	1420		4600.669705000
6	0		4600.751053000
6	1420		4600.751676000
6	1420		4600.762695000
6	0		4600.844041000
6	1420		4600.844671000
6	1420		4600.855739000
6	0		4600.937063000
6	1420		4600.937665000
6	1420		4600.948702000
6	0		4601.030143000
6	1420		4601.030751000
6	1420		4601.041776000
6	0		4601.123111000
6	1420		4601.123724000
6	1420		4601.134733000
6	0		4601.216073000
6	1420		4601.216676000
6	1420		4601.227702000
6	0		4601.309056000
6	1420		4601.309677000
6	1420		4601.320718000
6	0		4601.402028000
6	1420		4601.402698000
6	1420		4601.413672000
6	0		4601.495064000
6	1420		4601.495734000
6	1420		4601.506695000
6	0		4601.588021000
6	1420		4601.588627000
6	1420		4601.599640000
6	0		4601.680960000
6	1420		4601.681549000
6	1420		4601.692594000
6	0		4601.773959000
6	1420		4601.774568000
6	1420		4601.785596000
6	0		4601.866925000
6	1420		4601.867599000
6	1420		4601.878565000
6	0		4601.959913000
6	1420		4601.960536000
6	1420		4601.971554000
6	0		4602.052883000
6	1420		4602.053475000
6	1420		4602.064585000
6	0		4602.145956000
6	1420		4602.146584000
6	1420		4602.157613000
6	0		4602.238930000
6	1420		4602.239530000
6	1420		4602.250570000
6	0		4602.331914000
6	1420		4602.332535000
6	1420		4602.343532000
6	0		4602.425259000
6	0		4602.425288000
6	1420		4602.425912000
6	1420		4602.436878000
6	0		4602.518083000
6	1420		4602.518691000
6	1420		4602.529700000
6	0		4602.611058000
6	1420		4602.611739000
6	1420		4602.622687000
6	0		4602.704008000
6	1420		4602.704622000
6	1420		4602.715648000
6	0		4602.796995000
6	1420		4602.797681000
6	1420		4602.808741000
6	0		4602.890119000
6	1420		4602.890719000
6	1420		4602.901743000
6	0		4602.983091000
6	1420		4602.983761000
6	1420		4602.994734000
6	0		4603.076050000
6	1420		4603.076721000
6	1420		4603.087720000
6	0		4603.169002000
6	1420		4603.169609000
6	1420		4603.180694000
6	0		4603.262054000
6	1420		4603.262675000
6	1420		4603.273759000
6	0		4603.355082000
6	1420		4603.355792000
6	1420		4603.366715000
6	0		4603.448105000
6	1420		4603.448830000
6	1420		4603.459836000
6	0		4603.541172000
6	0		4603.541194000
6	1420		4603.541853000
6	1420		4603.552792000
6	1420		4603.574884000
6	1420		4603.596973000
6	0		4603.634378000
6	1420		4603.634983000
6	1420		4603.646016000
6	0		4603.727374000
6	1420		4603.727978000
6	1420		4603.738993000
6	0		4603.820322000
6	1420		4603.820933000
6	1420		4603.831969000
6	0		4603.913307000
6	1420		4603.913892000
6	1420		4603.924919000
6	0		4604.006280000
6	1420		4604.006898000
6	1420		4604.017909000
6	0		4604.099299000
6	1420		4604.099994000
6	1420		4604.110951000
6	0		4604.192294000
6	1420		4604.192987000
6	1420		4604.203989000
6	0		4604.285294000
6	1420		4604.285962000
6	1420		4604.296919000
6	0		4604.378439000
6	1420		4604.379064000
6	1420		4604.390076000
6	0		4604.471404000
6	1420		4604.472005000
6	1420		4604.483059000
6	0		4604.564412000
6	1420		4604.565026000
6	1420		4604.576097000
6	0		4604.657461000
6	1420		4604.658093000
6	1420		4604.669100000
6	0		4604.750467000
6	1420		4604.751092000
6	1420		4604.762096000
6	0		4604.843412000
6	1420		4604.844033000
6	1420		4604.855051000
6	0		4604.936587000
6	1420		4604.937185000
6	1420		4604.948217000
6	0		4605.029313000
6	1420		4605.029927000
6	1420		4605.040947000
6	0		4605.122290000
6	1420		4605.122908000
6	1420		4605.133927000
6	0		4605.308451000
6	1420		4605.309066000
6	1420		4605.320110000
6	1420		4605.342161000
6	1420		4605.364217000
6	0		4605.494745000
6	1420		4605.495360000
6	1420		4605.506383000
6	1420		4605.528462000
6	1420		4605.550533000
6	0		4605.680090000
6	1420		4605.680713000
6	1420		4605.691740000
6	1420		4605.713803000
6	1420		4605.735870000
6	0		4605.866421000
6	1420		4605.867037000
6	1420		4605.878046000
6	1420		4605.900141000
6	1420		4605.922191000
6	0		4606.052669000
6	1420		4606.053275000
6	1420		4606.064303000
6	1420		4606.086364000
6	1420		4606.108453000
6	0		4606.237925000
6	1420		4606.238618000
6	1420		4606.249627000
6	1420		4606.271711000
6	1420		4606.293796000
6	0		4606.424306000
6	1420		4606.424946000
6	1420		4606.435942000
6	1420		4606.458027000
6	1420		4606.480102000
6	0		4606.610598000
6	1420		4606.611236000
6	1420		4606.622260000
6	1420		4606.644337000
6	1420		4606.666400000
6	0		4606.795922000
6	1420		4606.796556000
6	1420		4606.807568000
6	1420		4606.829648000
6	1420		4606.851705000
6	0		4606.982315000
6	0		4606.982343000
6	1420		4606.982940000
6	0		4606.984015000
6	1420		4606.993961000
6	1420		4607.016102000
6	1420		4607.038104000
6	0		4607.168684000
6	1420		4607.169293000
6	1420		4607.180343000
6	1420		4607.202410000
6	1420		4607.224488000
6	0		4607.353928000
6	1420		4607.354557000
6	1420		4607.365571000
6	1420		4607.387652000
6	1420		4607.409740000
6	0		4607.540293000
6	1420		4607.540976000
6	1420		4607.551936000
6	1420		4607.574025000
6	1420		4607.596096000
6	0		4607.726588000
6	1420		4607.727213000
6	1420		4607.738228000
6	1420		4607.760298000
6	1420		4607.782362000
6	0		4607.911826000
6	1420		4607.912449000
6	1420		4607.923467000
6	1420		4607.945535000
6	1420		4607.967615000
6	0		4608.098058000
6	1420		4608.098666000
6	1420		4608.109689000
6	1420		4608.131771000
6	1420		4608.153832000
6	0		4608.284290000
6	1420		4608.284881000
6	1420		4608.295911000
6	1420		4608.317984000
6	1420		4608.340081000
6	0		4608.470584000
6	1420		4608.471207000
6	1420		4608.482226000
6	1420		4608.504296000
6	1420		4608.526375000
6	0		4608.563767000
6	1420		4608.564382000
6	1420		4608.575550000
6	1420		4608.597489000
6	1420		4608.619542000
6	0		4608.749128000
6	1420		4608.749737000
6	1420		4608.760824000
6	1420		4608.782857000
6	1420		4608.804908000
6	0		4608.935468000
6	1420		4608.936091000
6	1420		4608.947127000
6	1420		4608.969169000
6	1420		4608.991261000
6	0		4609.121750000
6	1420		4609.122358000
6	1420		4609.133380000
6	1420		4609.155458000
6	1420		4609.177546000
6	0		4609.307112000
6	1420		4609.307725000
6	1420		4609.318747000
6	1420		4609.340824000
6	1420		4609.362880000
6	0		4609.493393000
6	0		4609.679855000
6	0		4609.865244000
6	0		4610.051617000
6	0		4610.236988000
6	0		4610.423475000
6	0		4610.608912000
6	0		4610.795223000
6	0		4610.981578000
6	0		4611.166962000
6	0		4611.353389000
6	0		4611.539809000
17		42	4611.632305000
17		1358	4611.634835000
17		1358	4611.677224000
17		1358	4611.719540000
17		41	4611.725413000
17		1358	4611.761690000
17		1358	4611.802727000
17		41	4611.818017000
17		1358	4611.845354000
17		1358	4611.887291000
6	0		4611.911638000
17		41	4611.911675000
17		1358	4611.929516000
17		1358	4611.972422000
17		44	4612.004716000
17		1358	4612.014092000
17		1358	4612.056534000
6	0		4612.096869000
17		1358	4612.097815000
17		1358	4612.139582000
17		1358	4612.182240000
6	0		4612.190072000
17		1358	4612.223425000
17		1358	4612.265252000
6	0		4612.283600000
17		1358	4612.307922000
17		1358	4612.349204000
6	0		4612.376589000
17		1358	4612.392152000
17		1358	4612.434711000
6	0		4612.469007000
17		1358	4612.475800000
17		1358	4612.517921000
17		1358	4612.559692000
6	0		4612.561980000
17		1358	4612.602376000
17		1358	4612.643991000
6	0		4612.655179000
6	0		4612.655206000
17		1358	4612.685472000
17		1358	4612.728396000
6	0		4612.748571000
17		1358	4612.769608000
17		1358	4612.811741000
6	0		4612.840931000
17		1358	4612.854584000
17		1358	4612.897070000
17		41	4612.934400000
17		1358	4612.938240000
17		1358	4612.980748000
17		1358	4613.022450000
6	0		4613.027645000
17		1358	4613.064245000
17		1358	4613.105801000
6	0		4613.120034000
17		1358	4613.148583000
17		1358	4613.190469000
6	0		4613.213373000
17		1358	4613.232171000
17		1358	4613.273998000
6	0		4613.305981000
17		1358	4613.317026000
17		1358	4613.358757000
6	0		4613.399471000
17		1358	4613.400712000
17		1358	4613.442741000
17		1358	4613.484383000
6	0		4613.492264000
17		1358	4613.527204000
17		1358	4613.568141000
6	0		4613.585260000
17		1358	4613.610663000
17		1358	4613.652963000
17		1358	4613.694098000
17		1358	4613.736075000
6	0		4613.771451000
17		1358	4613.779208000
17		1358	4613.820797000
17		1156	4613.862746000
6	0		4613.957227000
17		46	4614.049866000
17		41	4614.049897000
17		41	4614.049902000
17		43	4614.049906000
17		820	4614.049914000
17		34	4614.050748000
17		34	4614.050882000
17		123	4614.051369000
17		1358	4614.055987000
17		33	4614.077136000
17		1358	4614.098852000
17		1358	4614.140889000
6	0		4614.143599000
6	0		4614.143623000
17		1358	4614.182598000
17		1358	4614.224300000
17		1358	4614.266836000
17		1358	4614.308423000
6	0		4614.329769000
17		1358	4614.351844000
17		1358	4614.393221000
17		1358	4614.435031000
17		1358	4614.476931000
6	0		4614.515663000
17		1358	4614.519296000
17		1358	4614.561010000
17		1358	4614.603584000
17		1358	4614.644786000
17		1358	4614.686920000
6	0		4614.701074000
17		1358	4614.729294000
17		1358	4614.771089000
17		847	4614.794339000
17		38	4614.796243000
17		87	4614.797876000
17		33	4614.797992000
17		1358	4614.814043000
17		1358	4614.855326000
6	0		4614.887573000
6	0		4615.072969000
6	0		4615.166245000
6	0		4615.176398000
6	0		4615.259497000
6	0		4615.444902000
6	0		4615.631312000
6	0		4615.817764000
6	0		4616.003139000
6	0		4616.189511000
6	0		4616.374877000
6	0		4616.561211000
6	0		4616.747607000
6	0		4616.933073000
6	0		4617.119406000
6	0		4617.305741000
6	0		4617.491148000
6	0		4617.677561000
6	0		4617.862959000
6	0		4618.049349000
6	0		4618.235767000
6	0		4618.328216000
6	0		4618.514560000
6	0		4618.699964000
6	0		4618.886364000
6	0		4619.072847000
6	0		4619.258321000
6	0		4619.444704000
6	0		4619.630046000
6	0		4619.816446000
6	0		4620.001900000
6	0		4620.188304000
6	0		4620.374669000
6	0		4620.560024000
6	0		4620.746401000
6	0		4620.932796000
6	0		4621.056171000
6	0		4621.180476000
6	0		4621.304789000
6	0		4621.428123000
6	0		4621.552430000
6	0		4621.676755000
6	0		4621.800085000
6	0		4621.924419000
6	0		4622.048695000
6	0		4622.172143000
6	0		4622.296392000
6	0		4622.420787000
6	0		4622.544185000
6	0		4622.606361000
6	0		4622.730667000
6	0		4622.854024000
6	0		4622.978305000
6	0		4623.102667000
6	0		4623.226038000
6	0		4623.350419000
6	0		4623.474684000
6	0		4623.598104000
6	0		4623.722370000
6	0		4623.846701000
6	0		4623.969995000
6	0		4624.094361000
6	0		4624.218655000
6	0		4624.342093000
6	0		4624.466351000
6	0		4624.590676000
6	0		4624.714040000
6	0		4624.838302000
6	0		4624.962682000
6	0		4625.086068000
6	0		4625.210361000
6	0		4625.334649000
6	0		4625.458062000
6	0		4625.582290000
6	0		4625.706630000
6	0		4625.767888000
6	0		4625.892083000
6	0		4626.016410000
6	0		4626.140723000
6	0		4626.264011000
6	0		4626.388354000
6	0		4626.512741000
6	0		4626.636174000
6	0		4626.760579000
6	0		4626.883918000
6	0		4627.008283000
6	0		4627.132684000
6	0		4627.256068000
6	0		4627.380260000
6	0		4627.504645000
6	0		4627.627963000
6	0		4627.752265000
6	0		4627.876598000
6	0		4627.999989000
6	0		4628.124331000
6	0		4628.248663000
6	0		4628.372031000
6	0		4628.496323000
6	0		4628.620653000
6	0		4628.744041000
6	0		4628.868263000
6	0		4628.992604000
6	1420		4628.993202000
6	0		4629.053871000
6	1420		4629.054478000
6	1420		4629.065498000
6	0		4629.177984000
6	1420		4629.178598000
6	1420		4629.189619000
6	0		4629.302056000
6	1420		4629.302690000
6	1420		4629.313752000
6	0		4629.426286000
6	1420		4629.426916000
6	1420		4629.437926000
6	0		4629.550359000
6	1420		4629.550985000
6	1420		4629.561995000
6	0		4629.674479000
6	1420		4629.675102000
6	1420		4629.686130000
6	0		4629.798577000
6	1420		4629.799184000
6	1420		4629.810199000
6	0		4629.922700000
6	1420		4629.923301000
6	1420		4629.934343000
6	0		4630.046784000
6	1420		4630.047527000
6	1420		4630.058430000
6	0		4630.169931000
6	1420		4630.170548000
6	1420		4630.181552000
6	0		4630.294006000
6	1420		4630.294629000
6	1420		4630.305668000
6	0		4630.418207000
6	1420		4630.418817000
6	1420		4630.429846000
6	0		4630.542254000
6	1420		4630.542850000
6	1420		4630.553882000
6	0		4630.666353000
6	1420		4630.666951000
6	1420		4630.677969000
6	0		4630.790419000
6	1420		4630.791025000
6	1420		4630.802048000
6	0		4630.914468000
6	1420		4630.915078000
6	1420		4630.926097000
6	0		4631.038558000
6	1420		4631.039163000
6	1420		4631.050190000
6	0		4631.162655000
6	1420		4631.163262000
6	1420		4631.174343000
6	0		4631.285828000
6	1420		4631.286437000
6	1420		4631.297451000
6	0		4631.409883000
6	1420		4631.410498000
6	1420		4631.421509000
6	0		4631.533995000
6	1420		4631.534607000
6	1420		4631.545684000
6	1420		4631.567723000
6	1420		4631.589793000
6	0		4631.658454000
6	1420		4631.659076000
6	1420		4631.670156000
6	1420		4631.692238000
6	1420		4631.714302000
6	0		4631.782777000
6	1420		4631.783397000
6	1420		4631.794471000
6	1420		4631.816569000
6	1420		4631.838561000
6	0		4631.906016000
6	1420		4631.906629000
6	1420		4631.917637000
6	1420		4631.939789000
6	1420		4631.961805000
6	0		4632.030317000
6	1420		4632.030935000
6	1420		4632.041954000
6	1420		4632.064023000
6	1420		4632.086082000
6	0		4632.154565000
6	1420		4632.155179000
6	1420		4632.166277000
6	1420		4632.188331000
6	1420		4632.210381000
6	0		4632.277897000
6	1420		4632.278501000
6	1420		4632.289518000
6	1420		4632.311589000
6	1420		4632.333683000
6	0		4632.340129000
6	1420		4632.355748000
6	1420		4632.377840000
6	1420		4632.399901000
6	1420		4632.422014000
6	0		4632.464319000
6	1420		4632.464941000
6	1420		4632.475964000
6	1420		4632.498043000
6	1420		4632.520128000
6	0		4632.588606000
6	1420		4632.589211000
6	1420		4632.600251000
6	1420		4632.622352000
6	1420		4632.644452000
6	0		4632.711977000
6	1420		4632.712593000
6	1420		4632.723632000
6	1420		4632.745672000
6	1420		4632.767747000
6	0		4632.836227000
6	1420		4632.836844000
6	1420		4632.847870000
6	1420		4632.869933000
6	1420		4632.892086000
6	0		4632.960683000
6	1420		4632.961303000
6	1420		4632.972328000
6	1420		4632.994420000
6	1420		4633.016551000
6	0		4633.084116000
6	1420		4633.084736000
6	1420		4633.095780000
6	1420		4633.117815000
6	1420		4633.139908000
6	0		4633.208428000
6	1420		4633.209060000
6	1420		4633.220066000
6	1420		4633.242170000
6	1420		4633.264210000
6	0		4633.332724000
6	1420		4633.333326000
6	1420		4633.344373000
6	1420		4633.366450000
6	1420		4633.388507000
6	0		4633.456043000
6	1420		4633.456658000
6	1420		4633.467755000
6	1420		4633.489762000
6	1420		4633.511831000
6	0		4633.580366000
6	1420		4633.580978000
6	1420		4633.591999000
6	1420		4633.614067000
6	0		4633.704537000
6	1420		4633.705136000
6	1420		4633.716170000
6	0		4633.828641000
6	1420		4633.829256000
6	1420		4633.840273000
6	0		4633.952680000
6	1420		4633.953271000
6	1420		4633.964313000
6	0		4634.076802000
6	1420		4634.077416000
6	1420		4634.088449000
6	0		4634.199880000
6	1420		4634.200601000
6	1420		4634.211606000
6	0		4634.324170000
6	1420		4634.324787000
6	1420		4634.335815000
6	0		4634.448235000
6	1420		4634.448825000
6	1420		4634.459895000
6	0		4634.572332000
6	1420		4634.572919000
6	1420		4634.583961000
6	0		4634.696393000
6	1420		4634.696997000
6	1420		4634.708098000
6	1420		4634.787353000
6	0		4634.820547000
6	1420		4634.821141000
6	1420		4634.858382000
6	0		4634.943827000
6	1420		4634.944548000
6	1420		4634.955536000
6	1420		4634.977574000
6	1420		4634.999681000
6	1420		4635.021709000
6	1420		4635.043783000
6	1420		4635.065868000
6	0		4635.068061000
6	1420		4635.087920000
6	1420		4635.110020000
6	1420		4635.132061000
6	1420		4635.154119000
6	1420		4635.176271000
6	0		4635.192498000
6	1420		4635.198267000
6	1420		4635.220349000
6	1420		4635.242418000
6	1420		4635.264477000
6	1420		4635.286557000
6	1420		4635.308703000
6	0		4635.315796000
6	1420		4635.330688000
6	1420		4635.352766000
6	1420		4635.374842000
6	1420		4635.396903000
6	1420		4635.418968000
6	0		4635.440247000
6	1420		4635.441024000
6	1420		4635.463113000
6	1420		4635.485167000
6	1420		4635.507242000
6	1420		4635.529324000
6	1420		4635.551366000
6	0		4635.564729000
6	1420		4635.573439000
6	1420		4635.595536000
6	1420		4635.617585000
6	0		4635.626008000
6	1420		4635.639678000
6	1420		4635.661733000
6	1420		4635.683802000
6	1420		4635.705928000
6	1420		4635.727964000
6	1420		4635.750018000
6	0		4635.750160000
6	1420		4635.772094000
6	1420		4635.794174000
6	1420		4635.816234000
6	1420		4635.838295000
6	1420		4635.860378000
6	0		4635.874579000
6	1420		4635.882434000
6	1420		4635.904514000
6	1420		4635.926594000
6	1420		4635.948714000
6	1420		4635.970716000
6	1420		4635.992830000
6	0		4635.998009000
6	1420		4636.014849000
6	1420		4636.036921000
6	1420		4636.058994000
6	1420		4636.081136000
6	1420		4636.103124000
6	0		4636.122351000
6	1420		4636.125181000
6	1420		4636.147270000
6	1420		4636.169436000
6	1420		4636.191420000
6	1420		4636.213492000
6	1420		4636.235549000
6	0		4636.245817000
6	1420		4636.257609000
6	1420		4636.279708000
6	1420		4636.301823000
6	1420		4636.323846000
6	1420		4636.345924000
6	1420		4636.367968000
6	0		4636.370321000
6	1420		4636.390106000
6	1420		4636.412112000
6	1420		4636.434173000
6	1420		4636.456270000
6	1420		4636.478360000
6	0		4636.494622000
6	1420		4636.500376000
6	1420		4636.522469000
6	1420		4636.544543000
6	1420		4636.566592000
6	1420		4636.588716000
6	1420		4636.610823000
6	0		4636.617945000
6	1420		4636.632801000
6	1420		4636.654872000
6	1420		4636.677174000
6	1420		4636.699008000
6	1420		4636.721139000
6	0		4636.742523000
6	1420		4636.743156000
6	1420		4636.765338000
6	1420		4636.787304000
6	1420		4636.809438000
6	1420		4636.831450000
6	1420		4636.853514000
6	0		4636.866750000
6	1420		4636.875631000
6	1420		4636.897685000
6	1420		4636.919780000
6	1420		4636.941777000
6	1420		4636.963870000
6	1420		4636.985920000
6	0		4636.990186000
6	1420		4637.008014000
6	1420		4637.030087000
6	1420		4637.052139000
6	1420		4637.074311000
6	1420		4637.096280000
6	0		4637.114466000
6	1420		4637.118358000
6	1420		4637.140486000
6	1420		4637.162498000
6	1420		4637.184549000
6	1420		4637.206699000
6	1420		4637.228707000
6	0		4637.237884000
6	1420		4637.250757000
6	1420		4637.272849000
6	1420		4637.294910000
6	1420		4637.317096000
6	1420		4637.339055000
6	1420		4637.361126000
6	0		4637.362319000
6	1420		4637.383170000
6	1420		4637.405304000
6	1420		4637.427316000
6	1420		4637.449447000
6	1420		4637.471522000
6	0		4637.486710000
6	1420		4637.493520000
6	1420		4637.515607000
6	1420		4637.537680000
6	1420		4637.559746000
6	1420		4637.581821000
6	1420		4637.603885000
6	0		4637.610095000
6	1420		4637.625945000
6	1420		4637.648105000
6	1420		4637.670091000
6	1420		4637.692156000
6	1420		4637.714260000
6	0		4637.734421000
6	1420		4637.736289000
6	1420		4637.758379000
6	1420		4637.780446000
6	1420		4637.802508000
6	1420		4637.824588000
6	1420		4637.846663000
6	0		4637.857844000
6	1420		4637.868710000
6	1420		4637.890794000
6	1420		4637.912903000
6	1420		4637.934922000
6	1420		4637.957104000
6	1420		4637.979075000
6	0		4637.982292000
6	1420		4638.001217000
6	1420		4638.023221000
6	1420		4638.045286000
6	1420		4638.067343000
6	1420		4638.089429000
6	0		4638.106739000
6	1420		4638.111497000
6	1420		4638.133577000
6	1420		4638.155703000
6	1420		4638.177752000
6	1420		4638.199786000
6	1420		4638.221857000
6	0		4638.230129000
6	1420		4638.243918000
6	1420		4638.265989000
6	1420		4638.288111000
6	1420		4638.310179000
6	1420		4638.332196000
6	1420		4638.354293000
6	0		4638.354552000
6	1420		4638.376347000
6	1420		4638.398418000
6	1420		4638.420479000
6	1420		4638.442575000
6	1420		4638.464628000
6	0		4638.477906000
6	1420		4638.486679000
6	1420		4638.508761000
6	1420		4638.530833000
6	1420		4638.552890000
6	1420		4638.574968000
6	1420		4638.597044000
6	0		4638.602315000
6	1420		4638.619099000
6	1420		4638.641177000
6	1420		4638.663247000
6	1420		4638.685358000
6	1420		4638.707397000
6	0		4638.726714000
6	1420		4638.729442000
6	1420		4638.751521000
6	1420		4638.773599000
6	1420		4638.795667000
6	1420		4638.817728000
6	1420		4638.839808000
6	0		4638.850014000
6	1420		4638.861864000
6	1420		4638.883989000
6	1420		4638.906010000
6	1420		4638.928151000
6	1420		4638.950142000
6	1420		4638.972223000
6	0		4638.974480000
6	1420		4638.994318000
6	1420		4639.016345000
6	0		4639.036694000
6	1420		4639.038421000
6	1420		4639.060513000
6	1420		4639.082586000
6	1420		4639.104639000
6	1420		4639.126704000
6	1420		4639.148844000
6	0		4639.160101000
6	1420		4639.170833000
6	1420		4639.192938000
6	1420		4639.215008000
6	1420		4639.237098000
6	1420		4639.259133000
6	1420		4639.281205000
6	0		4639.284482000
6	1420		4639.303281000
6	1420		4639.325329000
6	1420		4639.347401000
6	1420		4639.369529000
6	1420		4639.391552000
6	0		4639.408747000
6	1420		4639.413621000
6	1420		4639.435737000
6	1420		4639.457814000
6	1420		4639.479895000
6	1420		4639.501898000
6	1420		4639.523981000
6	0		4639.532236000
6	1420		4639.546054000
6	1420		4639.568104000
6	1420		4639.590266000
6	1420		4639.612273000
6	1420		4639.634322000
6	1420		4639.656377000
6	0		4639.656629000
6	1420		4639.678451000
6	1420		4639.700527000
6	1420		4639.722580000
6	1420		4639.744675000
6	1420		4639.766724000
6	0		4639.779899000
6	1420		4639.788798000
6	1420		4639.810883000
6	1420		4639.832964000
6	1420		4639.855016000
6	1420		4639.877131000
6	1420		4639.899162000
6	0		4639.904418000
6	1420		4639.921221000
6	1420		4639.943306000
6	1420		4639.965373000
6	1420		4639.987481000
6	1420		4640.009520000
6	0		4640.028746000
6	1420		4640.031580000
6	1420		4640.053759000
6	0		4640.152228000
6	0		4640.276557000
6	0		4640.399855000
6	0		4640.524164000
6	0		4640.648504000
6	0		4640.771788000
6	0		4640.896142000
17		41	4640.958599000
17		41	4641.019840000
17		41	4641.082104000
17		41	4641.144167000
17		41	4641.206310000
17		41	4641.268481000
17		41	4641.330645000
17		41	4641.391881000
17		41	4641.454085000
17		41	4641.516142000
17		41	4641.578354000
17		41	4641.640476000
17		41	4641.702610000
17		41	4641.764195000
17		41	4641.825941000
17		41	4641.888108000
17		41	4641.950266000
17		41	4642.012619000
17		41	4642.074490000
17		46	4642.136730000
17		34	4642.163633000
17		41	4642.197876000
17		41	4642.260717000
17		41	4642.322442000
17		41	4642.384672000
17		41	4642.445956000
17		41	4642.508276000
17		41	4642.570003000
17		41	4642.632152000
17		41	4642.694373000
17		41	4642.755840000
17		41	4642.818617000
17		41	4642.879851000
17		41	4642.942073000
17		41	4643.004436000
17		41	4643.066312000
17		41	4643.128436000
17		41	4643.190606000
17		41	4643.252213000
17		41	4643.313974000
17		46	4643.376092000
17		33	4643.403102000
17		41	4643.438230000
17		41	4643.500172000
17		41	4643.562007000
17		41	4643.624108000
17		41	4643.686204000
17		41	4643.747814000
17		41	4643.810542000
17		41	4643.872717000
17		41	4643.934017000
17		44	4643.996159000
17		41	4643.996187000
17		33	4644.023257000
17		41	4644.058010000
17		41	4644.120494000
17		41	4644.182577000
17		41	4644.244633000
17		41	4644.305801000
17		42	4644.368017000
17		42	4644.430035000
17		42	4644.492359000
17		42	4644.554365000
17		42	4644.615813000
17		41	4644.615839000
17		43	4644.615846000
6	0		4644.615855000
6	0		4644.615860000
6	0		4644.615874000
17		40	4644.616504000
6	0		4644.617079000
6	0		4644.625887000
6	0		4644.626939000
17		42	4644.678371000
17		43	4644.740680000
17		43	4644.802169000
17		848	4644.802201000
17		38	4644.804844000
17		87	4644.806314000
17		33	4644.806339000
17		43	4644.864319000
6	0		4644.864364000
6	0		4644.871381000
17		43	4644.925971000
6	0		4644.931584000
17		41	4644.988321000
17		43	4644.988352000
17		41	4644.988359000
17		42	4645.050385000
17		43	4645.050415000
17		33	4645.077126000
17		43	4645.112377000
6	0		4645.177558000
6	0		4645.236656000
6	0		4645.360154000
6	0		4645.484464000
6	0		4645.608806000
6	0		4645.669946000
6	0		4645.680376000
6	0		4645.732157000
6	0		4645.855953000
6	0		4645.918125000
6	0		4645.925216000
6	0		4645.980335000
6	0		4646.104761000
6	0		4646.228045000
6	0		4646.352452000
6	0		4646.476783000
6	0		4646.600122000
6	0		4646.724625000
6	0		4646.847865000
6	0		4646.972074000
6	0		4647.096385000
6	0		4647.220716000
6	0		4647.344102000
6	0		4647.406294000
6	0		4647.530610000
6	0		4647.654298000
6	0		4647.654326000
6	0		4647.664719000
6	0		4647.778144000
6	0		4647.902297000
6	0		4647.902325000
6	0		4647.909374000
6	0		4648.025927000
6	0		4648.150151000
6	0		4648.274476000
6	0		4648.398777000
6	0		4648.522092000
6	0		4648.646411000
6	0		4648.769839000
6	0		4648.894163000
6	0		4649.018433000
6	0		4649.141821000
6	0		4649.266092000
6	0		4649.390404000
6	0		4649.514741000
6	0		4649.638138000
6	0		4649.699549000
6	0		4649.761904000
6	0		4649.886217000
6	0		4649.953575000
6	0		4650.010556000
6	0		4650.134176000
6	0		4650.258530000
6	0		4650.381833000
6	0		4650.506406000
6	0		4650.630627000
6	0		4650.691804000
6	0		4650.816117000
6	0		4650.940463000
6	0		4651.064799000
6	0		4651.188125000
6	0		4651.312434000
6	0		4651.436765000
6	0		4651.560148000
6	0		4651.684504000
6	0		4651.746397000
6	0		4651.756862000
6	0		4651.808749000
6	0		4651.932562000
6	0		4651.994329000
6	0		4652.001415000
6	0		4652.055854000
6	0		4652.180005000
6	0		4652.304299000
6	0		4652.428602000
6	0		4652.551895000
6	0		4652.676214000
6	0		4652.800495000
6	0		4652.923920000
6	0		4653.048169000
6	0		4653.172490000
6	0		4653.234639000
6	0		4653.295819000
6	0		4653.357970000
6	0		4653.420123000
6	0		4653.482337000
6	0		4653.544548000
6	0		4653.606729000
6	0		4653.667881000
6	0		4653.730087000
6	0		4653.792303000
6	0		4653.854472000
6	0		4653.854496000
6	0		4653.916620000
6	0		4653.978813000
6	0		4654.039993000
6	0		4654.102146000
6	0		4654.164316000
6	0		4654.288654000
6	0		4654.411948000
6	0		4654.536281000
6	0		4654.660600000
6	0		4654.783892000
6	0		4654.908231000
6	0		4655.032555000
6	0		4655.155867000
6	0		4655.280200000
6	0		4655.404571000
6	0		4655.527847000
6	0		4655.652205000
6	0		4655.776547000
6	0		4655.779561000
6	0		4655.900040000
6	0		4656.024395000
6	0		4656.033558000
6	0		4656.148065000
6	0		4656.272318000
6	0		4656.396629000
6	0		4656.519925000
6	0		4656.644361000
6	0		4656.768690000
6	0		4656.892053000
6	0		4657.016386000
6	0		4657.140768000
6	0		4657.201974000
6	0		4657.326235000
6	0		4657.450530000
6	0		4657.573860000
6	0		4657.698208000
6	0		4657.822539000
6	0		4657.945914000
6	0		4658.070257000
6	0		4658.194573000
6	0		4658.317867000
6	0		4658.442213000
6	0		4658.566470000
6	0		4658.689935000
6	1420		4658.690879000
6	1420		4658.701564000
6	1420		4658.723742000
6	0		4658.814256000
6	1420		4658.814860000
6	1420		4658.825876000
6	0		4658.938387000
6	1420		4658.939011000
6	1420		4658.950032000
6	0		4659.062429000
6	1420		4659.063043000
6	1420		4659.074050000
6	0		4659.186512000
6	1420		4659.187117000
6	1420		4659.198141000
6	0		4659.310718000
6	1420		4659.311328000
6	1420		4659.322363000
6	0		4659.434788000
6	1420		4659.435386000
6	1420		4659.446433000
6	0		4659.557882000
6	1420		4659.558507000
6	1420		4659.569535000
6	0		4659.682003000
6	1420		4659.682636000
6	1420		4659.693671000
6	0		4659.806179000
6	1420		4659.806788000
6	1420		4659.817809000
6	0		4659.930259000
6	0		4659.930285000
6	1420		4659.930864000
6	0		4659.940689000
6	1420		4659.941884000
6	0		4660.054309000
6	1420		4660.054909000
6	1420		4660.065932000
6	0		4660.178265000
6	0		4660.178298000
6	1420		4660.178868000
6	0		4660.185317000
6	1420		4660.189907000
6	0		4660.302347000
6	1420		4660.302947000
6	1420		4660.313975000
6	0		4660.426421000
6	1420		4660.427027000
6	1420		4660.438064000
6	0		4660.488566000
6	1420		4660.489159000
6	1420		4660.500192000
6	0		4660.612630000
6	1420		4660.613224000
6	1420		4660.624320000
6	0		4660.736737000
6	1420		4660.737338000
6	1420		4660.748372000
6	0		4660.860839000
6	1420		4660.861464000
6	1420		4660.872472000
6	0		4660.983904000
6	1420		4660.984530000
6	1420		4660.995572000
6	0		4661.108107000
6	1420		4661.108707000
6	1420		4661.119736000
6	0		4661.232169000
6	1420		4661.232758000
6	1420		4661.243824000
6	0		4661.356295000
6	1420		4661.356898000
6	1420		4661.367932000
6	0		4661.480377000
6	1420		4661.480972000
6	1420		4661.492014000
6	0		4661.604477000
6	1420		4661.605121000
6	1420		4661.616149000
6	0		4661.727874000
6	1420		4661.728531000
6	1420		4661.739553000
6	0		4661.851925000
6	1420		4661.852521000
6	1420		4661.863553000
6	0		4661.975961000
6	1420		4661.976559000
6	1420		4661.987580000
6	0		4662.100024000
6	1420		4662.100606000
6	1420		4662.111655000
6	0		4662.224092000
6	1420		4662.224705000
6	1420		4662.235725000
6	0		4662.348123000
6	1420		4662.348712000
6	1420		4662.359750000
6	0		4662.472158000
6	1420		4662.472764000
6	1420		4662.483791000
6	0		4662.596208000
6	1420		4662.596817000
6	1420		4662.607894000
6	0		4662.720306000
6	1420		4662.720926000
6	1420		4662.731960000
6	0		4662.844504000
6	1420		4662.845107000
6	1420		4662.856140000
6	0		4662.968578000
6	1420		4662.969207000
6	1420		4662.980215000
6	1420		4663.002301000
6	1420		4663.024367000
6	0		4663.092815000
6	1420		4663.093506000
6	1420		4663.104523000
6	1420		4663.126535000
6	1420		4663.148593000
6	0		4663.216213000
6	1420		4663.216814000
6	1420		4663.227851000
6	1420		4663.249912000
6	1420		4663.271985000
6	0		4663.340376000
6	1420		4663.340961000
6	1420		4663.351998000
6	1420		4663.374134000
6	1420		4663.396219000
6	0		4663.464733000
6	1420		4663.465335000
6	1420		4663.476365000
6	1420		4663.498454000
6	1420		4663.520518000
6	0		4663.587872000
6	1420		4663.588470000
6	1420		4663.599497000
6	1420		4663.621571000
6	1420		4663.643647000
6	0		4663.650260000
6	1420		4663.665722000
6	1420		4663.687788000
6	1420		4663.709946000
6	1420		4663.731932000
6	0		4663.774347000
6	1420		4663.775020000
6	1420		4663.786027000
6	1420		4663.808116000
6	1420		4663.830183000
6	0		4663.898682000
6	1420		4663.899289000
6	1420		4663.910343000
6	1420		4663.932417000
6	1420		4663.954474000
6	0		4664.022121000
6	1420		4664.022735000
6	1420		4664.033797000
6	1420		4664.055919000
6	1420		4664.077986000
6	0		4664.146488000
6	1420		4664.147123000
6	1420		4664.158131000
6	1420		4664.180198000
6	1420		4664.202282000
6	0		4664.270700000
6	1420		4664.271313000
6	1420		4664.282349000
6	1420		4664.304414000
6	1420		4664.326487000
6	0		4664.393903000
6	1420		4664.394512000
6	1420		4664.405536000
6	1420		4664.427611000
6	1420		4664.449663000
6	0		4664.518109000
6	1420		4664.518712000
6	1420		4664.529740000
6	1420		4664.551827000
6	1420		4664.573962000
6	0		4664.642359000
6	1420		4664.642981000
6	1420		4664.654073000
6	1420		4664.676137000
6	1420		4664.698140000
6	0		4664.766609000
6	1420		4664.767197000
6	1420		4664.778253000
6	1420		4664.800296000
6	1420		4664.822387000
6	0		4664.890802000
6	1420		4664.891398000
6	1420		4664.902424000
6	1420		4664.924522000
6	1420		4664.946580000
6	0		4665.013991000
6	1420		4665.014593000
6	1420		4665.025620000
6	1420		4665.047733000
6	1420		4665.069760000
6	0		4665.138164000
6	1420		4665.138790000
6	1420		4665.149809000
6	1420		4665.171878000
6	1420		4665.193957000
6	0		4665.262372000
6	1420		4665.262965000
6	1420		4665.274043000
6	1420		4665.296091000
6	1420		4665.318146000
6	0		4665.386517000
6	1420		4665.387123000
6	1420		4665.398141000
6	1420		4665.420278000
6	1420		4665.442302000
6	0		4665.510699000
6	1420		4665.511296000
6	1420		4665.522326000
6	1420		4665.544438000
6	1420		4665.566476000
6	0		4665.633837000
6	1420		4665.634446000
6	1420		4665.645464000
6	1420		4665.667563000
6	1420		4665.689616000
6	0		4665.758065000
6	1420		4665.758662000
6	1420		4665.769705000
6	1420		4665.791787000
6	1420		4665.813843000
6	0		4665.882251000
6	1420		4665.882866000
6	1420		4665.893904000
6	1420		4665.915959000
6	0		4666.006428000
6	1420		4666.007021000
6	1420		4666.018066000
6	0		4666.130474000
6	1420		4666.131066000
6	1420		4666.142097000
6	0		4666.254520000
6	1420		4666.255138000
6	1420		4666.266158000
6	0		4666.316240000
6	0		4666.325996000
6	0		4666.378582000
6	1420		4666.379475000
6	1420		4666.390493000
6	0		4666.501905000
6	1420		4666.502507000
6	1420		4666.513590000
6	0		4666.626010000
6	1420		4666.626622000
6	1420		4666.637639000
6	0		4666.750036000
6	1420		4666.750712000
6	1420		4666.761785000
6	0		4666.874170000
6	1420		4666.874770000
6	1420		4666.885794000
6	0		4666.936439000
6	1420		4666.937035000
6	1420		4666.948066000
6	0		4667.060547000
6	1420		4667.061149000
6	1420		4667.072192000
6	0		4667.184591000
6	1420		4667.185182000
6	1420		4667.196236000
6	0		4667.308679000
6	1420		4667.309285000
6	1420		4667.320356000
6	0		4667.432252000
6	0		4667.432282000
6	0		4667.432287000
6	0		4667.432291000
6	517		4667.432296000
17		46	4667.432320000
6	517		4667.432325000
6	0		4667.439481000
6	1396		4667.441162000
6	3782		4667.441198000
6	0		4667.442738000
6	2792		4667.444506000
6	2386		4667.444602000
17		33	4667.459961000
17		42	4667.494278000
17		41	4667.494310000
6	0		4667.494317000
6	1420		4667.494989000
6	0		4667.556437000
6	1420		4667.557041000
6	1420		4667.568112000
6	1420		4667.590147000
6	1420		4667.612213000
6	1420		4667.634324000
6	1420		4667.656416000
6	1420		4667.678434000
6	0		4667.680593000
6	1420		4667.700479000
6	1420		4667.722557000
6	1420		4667.744625000
6	1420		4667.766752000
6	1420		4667.788819000
6	0		4667.803977000
6	1420		4667.810835000
6	1420		4667.832931000
6	1420		4667.854993000
6	1420		4667.877096000
6	1420		4667.899103000
6	1420		4667.921184000
6	0		4667.928393000
6	1420		4667.943261000
6	1420		4667.965378000
6	1420		4667.987388000
6	1420		4668.009514000
6	1420		4668.031535000
6	0		4668.052719000
6	1420		4668.053589000
6	1420		4668.075670000
6	1420		4668.097753000
6	1420		4668.119812000
6	1420		4668.141898000
6	1420		4668.163956000
6	0		4668.176205000
6	1420		4668.186024000
6	1420		4668.208171000
6	1420		4668.230183000
6	1420		4668.252232000
6	1420		4668.274336000
6	1420		4668.296393000
6	0		4668.300565000
6	1420		4668.318446000
6	1420		4668.340519000
6	1420		4668.362584000
6	1420		4668.384659000
6	1420		4668.406735000
6	0		4668.423901000
6	1420		4668.428803000
6	1420		4668.450862000
6	1420		4668.472936000
6	1420		4668.495005000
6	1420		4668.517062000
6	1420		4668.539142000
6	0		4668.548299000
6	1420		4668.561227000
6	1420		4668.583274000
6	1420		4668.605355000
6	1420		4668.627430000
6	1420		4668.649491000
6	1420		4668.671624000
6	0		4668.672687000
6	1420		4668.693713000
6	1420		4668.715698000
6	1420		4668.737785000
6	1420		4668.759856000
6	1420		4668.781976000
6	0		4668.796074000
6	0		4668.796103000
6	1420		4668.803993000
6	1420		4668.826141000
6	1420		4668.848133000
6	1420		4668.870192000
6	1420		4668.892275000
6	1420		4668.914338000
6	0		4668.920501000
6	1420		4668.936404000
6	1420		4668.958504000
6	1420		4668.980576000
6	1420		4669.002625000
6	1420		4669.024701000
6	0		4669.044026000
6	0		4669.044058000
6	1420		4669.046770000
6	1420		4669.068822000
6	1420		4669.090914000
6	1420		4669.112961000
6	1420		4669.135036000
6	1420		4669.157174000
6	0		4669.168325000
6	1420		4669.179180000
6	1420		4669.201273000
6	1420		4669.223367000
6	1420		4669.245392000
6	1420		4669.267518000
6	1420		4669.289548000
6	0		4669.292763000
6	1420		4669.311584000
6	1420		4669.333712000
6	1420		4669.355799000
6	1420		4669.377939000
6	1420		4669.399865000
6	0		4669.416203000
6	1420		4669.421994000
6	1420		4669.444068000
6	1420		4669.466088000
6	1420		4669.488147000
6	1420		4669.510261000
6	1420		4669.532294000
6	0		4669.540565000
6	1420		4669.554372000
6	1420		4669.576494000
6	1420		4669.598499000
6	1420		4669.620580000
6	1420		4669.642656000
6	0		4669.663871000
6	1420		4669.664699000
6	1420		4669.686780000
6	1420		4669.708921000
6	1420		4669.730914000
6	1420		4669.752990000
6	1420		4669.775067000
6	0		4669.788381000
6	1420		4669.797122000
6	1420		4669.819207000
6	1420		4669.841329000
6	1420		4669.863341000
6	1420		4669.885393000
6	1420		4669.907493000
6	0		4669.912704000
6	1420		4669.929543000
6	1420		4669.951631000
6	1420		4669.973758000
6	1420		4669.995761000
6	1420		4670.017883000
6	0		4670.036064000
6	1420		4670.039880000
6	1420		4670.061970000
6	1420		4670.084098000
6	1420		4670.106113000
6	1420		4670.128181000
6	1420		4670.150251000
6	0		4670.160459000
6	1420		4670.172327000
6	1420		4670.194396000
6	1420		4670.216522000
6	1420		4670.238524000
6	1420		4670.260599000
6	1420		4670.282657000
6	0		4670.283981000
6	1420		4670.304787000
6	1420		4670.326828000
6	1420		4670.348866000
6	1420		4670.370964000
6	1420		4670.393028000
6	0		4670.408244000
6	1420		4670.415088000
6	1420		4670.437167000
6	1420		4670.459239000
6	1420		4670.481299000
6	1420		4670.503370000
6	1420		4670.525458000
6	0		4670.532660000
6	1420		4670.547507000
6	1420		4670.569568000
6	1420		4670.591697000
6	0		4670.593917000
6	1420		4670.613826000
6	1420		4670.635846000
6	1420		4670.657871000
6	1420		4670.679942000
6	1420		4670.701987000
6	0		4670.718201000
6	1420		4670.724064000
6	1420		4670.746202000
6	1420		4670.768199000
6	1420		4670.790279000
6	1420		4670.812360000
6	1420		4670.834407000
6	0		4670.842559000
6	1420		4670.856489000
6	1420		4670.878573000
6	1420		4670.900628000
6	1420		4670.922704000
6	1420		4670.944791000
6	0		4670.966019000
6	1420		4670.966833000
6	1420		4670.988922000
6	1420		4671.010989000
6	1420		4671.033050000
6	1420		4671.055118000
6	1420		4671.077188000
6	0		4671.090449000
6	1420		4671.099245000
6	1420		4671.121318000
6	1420		4671.143409000
6	1420		4671.165468000
6	1420		4671.187535000
6	1420		4671.209622000
6	0		4671.213896000
6	1420		4671.231668000
6	1420		4671.253749000
6	1420		4671.275872000
6	1420		4671.297891000
6	1420		4671.319957000
6	0		4671.338169000
6	1420		4671.342008000
6	1420		4671.364095000
6	1420		4671.386167000
6	1420		4671.408235000
6	1420		4671.430385000
6	1420		4671.452382000
6	0		4671.462539000
6	1420		4671.474446000
6	1420		4671.496532000
6	1420		4671.518584000
6	1420		4671.540656000
6	1420		4671.562720000
6	1420		4671.584793000
6	0		4671.585930000
6	1420		4671.606860000
6	1420		4671.628944000
6	1420		4671.651002000
6	1420		4671.673082000
6	1420		4671.695169000
6	0		4671.710423000
6	1420		4671.717209000
6	1420		4671.739290000
6	1420		4671.761361000
6	1420		4671.783409000
6	1420		4671.805499000
6	1420		4671.827559000
6	0		4671.833808000
6	1420		4671.849631000
6	1420		4671.871695000
6	1420		4671.893789000
6	1420		4671.915844000
6	1420		4671.937922000
6	0		4671.958331000
6	1420		4671.959973000
6	1420		4671.982054000
6	1420		4672.004202000
6	1420		4672.026197000
6	1420		4672.048285000
6	1420		4672.070338000
6	0		4672.082580000
6	1420		4672.092408000
6	1420		4672.114480000
6	1420		4672.136532000
6	1420		4672.158617000
6	1420		4672.180689000
6	1420		4672.202760000
6	0		4672.205992000
6	1420		4672.224853000
6	1420		4672.246910000
6	1420		4672.268972000
6	1420		4672.291035000
6	1420		4672.313100000
6	0		4672.330352000
6	1420		4672.335162000
6	1420		4672.357235000
6	1420		4672.379321000
6	1420		4672.401376000
6	1420		4672.423469000
6	1420		4672.445535000
6	0		4672.453859000
6	1420		4672.467619000
6	1420		4672.489662000
6	1420		4672.511740000
6	1420		4672.533807000
6	1420		4672.555918000
6	1420		4672.578100000
6	0		4672.578195000
6	1420		4672.600008000
6	1420		4672.622112000
6	0		4672.702535000
6	0		4672.825872000
6	0		4672.950184000
6	0		4673.073994000
6	35		4673.074022000
6	0		4673.079339000
6	0		4673.198809000
6	0		4673.322041000
6	0		4673.446385000
6	0		4673.570687000
6	0		4673.693993000
6	0		4673.818401000
6	0		4673.880681000
6	0		4674.003929000
6	0		4674.128150000
6	0		4674.252489000
6	0		4674.375810000
6	0		4674.500074000
6	0		4674.624445000
6	0		4674.748794000
17		590	4674.810106000
17		39	4674.812181000
17		87	4674.814113000
17		33	4674.814268000
6	0		4674.872272000
6	0		4674.996735000
6	0		4675.120064000
6	0		4675.244362000
6	0		4675.368676000
6	0		4675.491985000
6	0		4675.616302000
6	0		4675.740632000
6	0		4675.863915000
6	0		4675.988229000
6	35		4676.050292000
6	0		4676.050898000
6	0		4676.174283000
6	0		4676.298573000
6	0		4676.421917000
6	0		4676.546261000
6	0		4676.670600000
6	0		4676.793922000
6	0		4676.918244000
6	0		4677.042713000
6	0		4677.165894000
6	0		4677.228026000
6	0		4677.352573000
6	0		4677.476794000
6	0		4677.600053000
6	0		4677.724365000
6	0		4677.848663000
6	0		4677.972021000
6	0		4678.096251000
6	0		4678.158434000
6	0		4678.220581000
6	0		4678.343863000
6	0		4678.468182000
6	0		4678.592607000
6	0		4678.715925000
6	0		4678.840268000
6	0		4678.964560000
6	0		4679.087913000
6	0		4679.212214000
6	0		4679.336220000
6	0		4679.336246000
6	0		4679.398701000
6	0		4679.459961000
6	0		4679.522145000
6	64		4679.522168000
6	0		4679.533865000
6	1396		4679.584123000
6	0		4679.584160000
6	0		4679.584167000
6	0		4679.591197000
6	0		4679.646346000
6	0		4679.708069000
6	64		4679.708095000
6	0		4679.723562000
6	0		4679.770264000
6	0		4679.894165000
6	0		4680.018510000
6	0		4680.141864000
6	0		4680.266282000
6	0		4680.390658000
6	0		4680.514068000
6	0		4680.638273000
6	35		4680.638301000
6	0		4680.638883000
6	0		4680.762253000
6	0		4680.886631000
6	0		4680.994019000
6	0		4681.086347000
6	0		4681.178640000
6	0		4681.269961000
6	0		4681.362110000
6	0		4681.454440000
6	0		4681.546784000
6	0		4681.638137000
6	0		4681.684456000
6	0		4681.776709000
6	0		4681.868023000
6	0		4681.960482000
6	0		4682.052691000
6	0		4682.144000000
6	0		4682.236356000
6	0		4682.328637000
6	0		4682.419905000
6	0		4682.512176000
6	0		4682.604505000
6	0		4682.696843000
6	0		4682.788140000
6	0		4682.880394000
6	0		4682.972766000
6	0		4683.064096000
6	0		4683.156391000
6	0		4683.248803000
6	0		4683.339998000
6	0		4683.432183000
6	0		4683.524551000
6	0		4683.615869000
6	0		4683.708173000
6	0		4683.800534000
6	0		4683.891784000
6	0		4683.984077000
6	0		4684.076390000
6	0		4684.122657000
6	0		4684.213869000
6	0		4684.306062000
6	0		4684.398430000
6	0		4684.490745000
6	0		4684.582024000
6	0		4684.674352000
6	0		4684.766695000
6	0		4684.858050000
6	0		4684.950325000
6	0		4685.042725000
6	0		4685.134004000
6	0		4685.226327000
6	0		4685.318603000
6	0		4685.409875000
6	0		4685.502163000
6	0		4685.594452000
6	0		4685.686754000
6	0		4685.778038000
6	0		4685.870341000
6	1420		4685.870938000
6	1420		4685.881961000
6	1420		4685.904127000
6	0		4685.962509000
6	1420		4685.963102000
6	1420		4685.974136000
6	0		4686.054586000
6	1420		4686.055178000
6	1420		4686.066214000
6	0		4686.146590000
6	1420		4686.147191000
6	1420		4686.158211000
6	0		4686.238633000
6	1420		4686.239285000
6	1420		4686.250267000
6	0		4686.330661000
6	1420		4686.331261000
6	1420		4686.342299000
6	0		4686.422807000
6	1420		4686.423432000
6	1420		4686.434431000
6	0		4686.513856000
6	1420		4686.514442000
6	1420		4686.525554000
6	0		4686.560753000
6	1420		4686.561348000
6	1420		4686.572432000
6	1420		4686.594467000
6	0		4686.651946000
6	1420		4686.652562000
6	1420		4686.663571000
6	0		4686.743985000
6	1420		4686.744566000
6	1420		4686.755608000
6	0		4686.836023000
6	1420		4686.836621000
6	1420		4686.847659000
6	0		4686.928083000
6	1420		4686.928741000
6	1420		4686.939762000
6	0		4687.020163000
6	1420		4687.020825000
6	1420		4687.031851000
6	0		4687.112238000
6	1420		4687.112865000
6	1420		4687.123887000
6	1420		4687.145962000
6	0		4687.204489000
6	1420		4687.205099000
6	1420		4687.216125000
6	0		4687.296561000
6	1420		4687.297151000
6	1420		4687.308256000
6	0		4687.388760000
6	1420		4687.389370000
6	1420		4687.400458000
6	0		4687.479995000
6	1420		4687.480640000
6	1420		4687.491754000
6	0		4687.572171000
6	1420		4687.572831000
6	1420		4687.583877000
6	0		4687.664293000
6	1420		4687.664925000
6	1420		4687.675951000
6	1420		4687.698030000
6	1420		4687.720096000
6	0		4687.756452000
6	1420		4687.757099000
6	1420		4687.768112000
6	1420		4687.790202000
6	1420		4687.812234000
6	0		4687.848578000
6	1420		4687.849185000
6	1420		4687.860233000
6	1420		4687.882295000
6	1420		4687.904429000
6	0		4687.940703000
6	1420		4687.941318000
6	1420		4687.952432000
6	1420		4687.974426000
6	1420		4687.996487000
6	0		4688.031856000
6	1420		4688.032470000
6	1420		4688.043503000
6	1420		4688.065582000
6	1420		4688.087624000
6	0		4688.123978000
6	1420		4688.124604000
6	1420		4688.135645000
6	1420		4688.157715000
6	1420		4688.179788000
6	0		4688.216138000
6	1420		4688.216748000
6	1420		4688.227779000
6	1420		4688.249835000
6	1420		4688.271915000
6	0		4688.308145000
6	1420		4688.308810000
6	1420		4688.319919000
6	1420		4688.341967000
6	1420		4688.364046000
6	0		4688.400413000
6	1420		4688.401057000
6	1420		4688.412060000
6	1420		4688.434130000
6	1420		4688.456327000
6	0		4688.492577000
6	1420		4688.493185000
6	1420		4688.504213000
6	1420		4688.526312000
6	1420		4688.548369000
6	0		4688.584719000
6	1420		4688.585320000
6	1420		4688.596344000
6	1420		4688.618447000
6	1420		4688.640497000
6	0		4688.675884000
6	1420		4688.676604000
6	1420		4688.687610000
6	1420		4688.709703000
6	1420		4688.731751000
6	0		4688.768070000
6	1420		4688.768669000
6	1420		4688.779695000
6	1420		4688.801774000
6	1420		4688.823849000
6	0		4688.860168000
6	1420		4688.860842000
6	1420		4688.871864000
6	1420		4688.893936000
6	1420		4688.916018000
6	0		4688.952420000
6	1420		4688.953016000
6	1420		4688.964049000
6	1420		4688.986177000
6	0		4688.998549000
6	1420		4689.008194000
6	1420		4689.030323000
6	1420		4689.052340000
6	1420		4689.074407000
6	0		4689.090761000
6	1420		4689.096521000
6	1420		4689.118536000
6	1420		4689.140610000
6	1420		4689.162679000
6	0		4689.181931000
6	1420		4689.184752000
6	1420		4689.206834000
6	1420		4689.228894000
6	1420		4689.250960000
6	1420		4689.273030000
6	0		4689.274326000
6	1420		4689.295110000
6	1420		4689.317169000
6	1420		4689.339228000
6	1420		4689.361327000
6	0		4689.366526000
6	1420		4689.383379000
6	1420		4689.405458000
6	1420		4689.427577000
6	1420		4689.449597000
6	0		4689.458002000
6	1420		4689.471687000
6	1420		4689.493734000
6	1420		4689.515796000
6	1420		4689.537875000
6	0		4689.550133000
6	1420		4689.559966000
6	1420		4689.581995000
6	1420		4689.604077000
6	1420		4689.626197000
6	0		4689.642403000
6	1420		4689.648202000
6	1420		4689.670282000
6	1420		4689.692405000
6	1420		4689.714417000
6	0		4689.734714000
6	1420		4689.736490000
6	1420		4689.758573000
6	1420		4689.780637000
6	1420		4689.802709000
6	0		4689.826002000
6	1420		4689.826685000
6	1420		4689.846847000
6	35		4689.872230000
6	1408		4689.872843000
6	0		4689.964237000
6	1420		4689.964918000
6	1420		4689.976005000
6	0		4690.056458000
6	1420		4690.057091000
6	1420		4690.068151000
6	1420		4690.090152000
6	0		4690.148562000
6	1420		4690.149158000
6	1420		4690.160196000
6	0		4690.240626000
6	1420		4690.241219000
6	1420		4690.252253000
6	0		4690.332652000
6	1420		4690.333264000
6	1420		4690.344406000
6	0		4690.423816000
6	1420		4690.424429000
6	1420		4690.435441000
6	0		4690.516637000
6	326		4690.516663000
17		47	4690.516672000
17		41	4690.516676000
6	1420		4690.517227000
6	0		4690.527634000
6	1420		4690.528229000
17		33	4690.544291000
6	0		4690.608846000
6	1420		4690.609522000
6	1420		4690.618616000
6	1420		4690.636967000
6	2792		4690.652422000
6	1396		4690.652483000
6	2792		4690.652487000
6	1396		4690.652494000
6	12		4690.655297000
6	1420		4690.655424000
6	1420		4690.673813000
6	1420		4690.692250000
6	0		4690.699870000
6	1420		4690.710519000
6	1420		4690.728876000
6	1396		4690.743426000
6	1420		4690.747197000
6	1420		4690.765540000
6	1420		4690.783897000
6	0		4690.791838000
6	1420		4690.802256000
6	1420		4690.820584000
6	1396		4690.834376000
6	1420		4690.838917000
6	1420		4690.857272000
6	1420		4690.875626000
6	0		4690.884744000
6	1420		4690.893974000
6	1420		4690.912325000
6	1396		4690.925362000
6	1420		4690.930644000
6	1420		4690.948991000
6	1420		4690.967340000
6	0		4690.975876000
6	1420		4690.985758000
6	1420		4691.004055000
6	1396		4691.016339000
6	1420		4691.022387000
6	1420		4691.040758000
6	1420		4691.059095000
6	0		4691.068661000
6	1420		4691.077430000
6	1420		4691.095779000
6	1396		4691.107339000
6	1420		4691.114117000
6	1420		4691.132440000
6	1420		4691.150801000
6	0		4691.160498000
6	1420		4691.169189000
6	1420		4691.187579000
6	1396		4691.198309000
6	1420		4691.205852000
6	1420		4691.224190000
6	1420		4691.242545000
6	0		4691.252137000
6	1420		4691.260880000
6	1420		4691.279225000
6	1396		4691.289320000
6	1420		4691.297551000
6	1420		4691.315909000
6	1420		4691.334315000
6	0		4691.343996000
6	1420		4691.352609000
6	1420		4691.370946000
6	1396		4691.380347000
6	1420		4691.389287000
6	1420		4691.407637000
6	1420		4691.426056000
6	0		4691.436690000
6	1420		4691.444334000
6	1420		4691.462731000
6	1396		4691.471296000
6	1420		4691.481007000
6	1420		4691.499366000
6	1420		4691.517762000
6	0		4691.528410000
6	1420		4691.536051000
6	1420		4691.554408000
6	1396		4691.562287000
6	1420		4691.572750000
6	1420		4691.591099000
6	1420		4691.609463000
6	0		4691.620072000
6	1420		4691.627841000
6	1420		4691.646139000
6	1396		4691.653254000
6	1420		4691.664483000
6	1420		4691.682814000
6	1420		4691.701178000
6	0		4691.711920000
6	1420		4691.719513000
6	1420		4691.737915000
6	1396		4691.744243000
6	1420		4691.756217000
6	1420		4691.774549000
6	1420		4691.792903000
6	0		4691.804597000
6	1420		4691.811240000
6	1420		4691.829595000
6	1396		4691.835205000
6	1420		4691.847930000
6	1420		4691.866288000
6	1420		4691.884678000
6	0		4691.896280000
6	1420		4691.902956000
6	1420		4691.921322000
6	1396		4691.926213000
6	1420		4691.939674000
6	1420		4691.958005000
6	1420		4691.976368000
6	0		4691.988129000
6	1420		4691.994706000
6	1420		4692.013056000
6	1396		4692.017190000
6	1420		4692.031373000
6	1420		4692.049725000
6	1420		4692.068089000
6	0		4692.079865000
6	1420		4692.086421000
6	1420		4692.104788000
6	1396		4692.108173000
6	1420		4692.123121000
6	1420		4692.141461000
6	1420		4692.159811000
6	0		4692.172430000
6	1420		4692.178136000
6	1420		4692.196503000
6	1396		4692.199153000
6	1420		4692.214828000
6	1420		4692.233179000
6	1420		4692.251526000
6	0		4692.264195000
6	1420		4692.269870000
6	1420		4692.288218000
6	1396		4692.290132000
6	1420		4692.306582000
6	1420		4692.324942000
6	1420		4692.343284000
6	0		4692.355999000
6	1420		4692.361606000
6	1420		4692.379963000
6	1396		4692.381130000
6	1420		4692.398303000
6	0		4692.402708000
6	1420		4692.416630000
6	1420		4692.435001000
6	1420		4692.453408000
6	1420		4692.471701000
6	1396		4692.472125000
6	1420		4692.490075000
6	0		4692.494338000
6	1420		4692.508380000
6	1420		4692.526736000
6	1420		4692.545096000
6	1396		4692.563112000
6	1420		4692.563386000
6	1420		4692.581748000
6	0		4692.586141000
6	1420		4692.600104000
6	1420		4692.618454000
6	1420		4692.636808000
6	1396		4692.654101000
6	1420		4692.655116000
6	1420		4692.673507000
6	0		4692.677949000
6	1420		4692.691837000
6	1420		4692.710193000
6	1420		4692.728525000
6	1396		4692.745097000
6	1420		4692.746834000
6	1420		4692.765198000
6	0		4692.770646000
6	1420		4692.783544000
6	1420		4692.801958000
6	1420		4692.820249000
6	1396		4692.836097000
6	1420		4692.838585000
6	1420		4692.856949000
6	0		4692.862403000
6	1420		4692.875290000
6	1420		4692.893654000
6	1420		4692.911993000
6	1396		4692.927050000
6	1420		4692.930359000
6	1420		4692.948655000
6	0		4692.954061000
6	1420		4692.967032000
6	1420		4692.985368000
6	1420		4693.003786000
6	1396		4693.018055000
6	1420		4693.022047000
6	1420		4693.040405000
6	0		4693.045856000
6	1420		4693.058748000
6	1420		4693.077106000
6	1420		4693.095451000
6	1396		4693.109018000
6	1420		4693.113777000
6	1420		4693.132116000
6	0		4693.138557000
6	1420		4693.150457000
6	1420		4693.168816000
6	1420		4693.187159000
6	1396		4693.200001000
6	1420		4693.205503000
6	1420		4693.223860000
6	0		4693.230287000
6	1420		4693.242185000
6	1420		4693.260612000
6	1420		4693.278882000
6	1396		4693.290999000
6	1420		4693.297241000
6	1420		4693.315571000
6	0		4693.322006000
6	1420		4693.333913000
6	1420		4693.352279000
6	1420		4693.370609000
6	1396		4693.382030000
6	1420		4693.389018000
6	1420		4693.407320000
6	0		4693.414723000
6	1420		4693.425653000
6	1420		4693.444011000
6	1420		4693.462348000
6	1396		4693.472974000
6	1420		4693.480692000
6	1420		4693.499037000
6	0		4693.506548000
6	1420		4693.517360000
6	1420		4693.535740000
6	1420		4693.554120000
6	1396		4693.563965000
6	1420		4693.572471000
6	1420		4693.590864000
6	0		4693.598110000
6	1420		4693.609098000
6	1420		4693.627466000
6	1420		4693.645782000
6	1396		4693.654930000
6	1420		4693.664140000
6	1420		4693.682550000
6	0		4693.689849000
6	1420		4693.700888000
6	1420		4693.719194000
6	1420		4693.737512000
6	1396		4693.745978000
6	1420		4693.755932000
6	1420		4693.774298000
6	0		4693.782522000
6	1420		4693.792643000
6	1420		4693.810922000
6	1420		4693.829354000
6	1396		4693.836904000
6	1420		4693.847600000
6	1420		4693.865980000
6	0		4693.874382000
6	1420		4693.884289000
6	1420		4693.902649000
6	1420		4693.920994000
6	1396		4693.927911000
6	1420		4693.939322000
6	1420		4693.957687000
6	0		4693.966045000
6	1420		4693.976081000
6	1420		4693.994379000
6	1420		4694.012782000
6	1396		4694.018877000
6	1420		4694.031054000
6	1420		4694.049390000
6	0		4694.057839000
6	1420		4694.067746000
6	1420		4694.086098000
6	1420		4694.104418000
6	1396		4694.109870000
6	1420		4694.122798000
6	1420		4694.141119000
6	0		4694.150584000
6	1420		4694.159461000
6	1420		4694.177824000
6	1420		4694.196151000
6	1396		4694.200855000
6	1420		4694.214498000
6	1420		4694.232839000
6	0		4694.242214000
6	1420		4694.251193000
6	1420		4694.269534000
6	1420		4694.287888000
6	1420		4694.306228000
6	1420		4694.324588000
6	0		4694.334110000
6	1420		4694.342924000
6	1420		4694.361272000
6	1420		4694.379677000
6	1420		4694.397952000
6	1420		4694.416302000
6	0		4694.426011000
6	1420		4694.434646000
6	1420		4694.453004000
6	1420		4694.471338000
6	1420		4694.489730000
6	1420		4694.508036000
6	0		4694.518705000
6	1420		4694.526376000
6	1420		4694.544791000
6	1420		4694.563067000
6	1420		4694.581409000
6	1420		4694.599756000
6	0		4694.610473000
6	1420		4694.618104000
6	1420		4694.636447000
6	1420		4694.654832000
6	1420		4694.673145000
6	1420		4694.691554000
6	0		4694.702248000
6	1420		4694.709838000
6	1420		4694.728184000
6	1420		4694.746539000
6	1420		4694.764875000
6	1420		4694.783223000
6	0		4694.793966000
6	1420		4694.801583000
6	1420		4694.819981000
6	1420		4694.838263000
6	0		4694.840685000
6	1420		4694.856665000
6	1420		4694.874945000
6	1420		4694.893350000
6	1420		4694.911639000
6	1420		4694.929970000
6	0		4694.932437000
6	1420		4694.948381000
6	1420		4694.966662000
6	1420		4694.985114000
6	1420		4695.003373000
6	1420		4695.021723000
6	0		4695.024299000
6	1420		4695.040054000
6	1420		4695.058402000
6	1420		4695.076750000
6	1420		4695.095094000
6	1420		4695.113434000
6	0		4695.115922000
6	1420		4695.131786000
6	1420		4695.150126000
6	1420		4695.168469000
6	1420		4695.186815000
6	1420		4695.205161000
6	0		4695.208602000
6	1420		4695.223509000
6	1420		4695.241902000
6	1420		4695.260243000
6	1420		4695.278542000
6	1420		4695.296898000
6	0		4695.300367000
6	1420		4695.315228000
6	1420		4695.333575000
6	1420		4695.351942000
6	1420		4695.370288000
6	1420		4695.388630000
6	0		4695.392124000
6	1420		4695.406969000
6	1420		4695.425311000
6	1420		4695.443655000
6	1420		4695.462003000
6	1420		4695.480342000
6	0		4695.484770000
6	1420		4695.498688000
6	1420		4695.517050000
6	1420		4695.535386000
6	1420		4695.553732000
6	1420		4695.572141000
6	0		4695.576537000
6	1420		4695.590420000
6	415		4695.608774000
6	0		4695.668242000
6	0		4695.760537000
6	0		4695.851830000
6	0		4695.944220000
6	0		4696.036483000
6	0		4696.128759000
6	0		4696.220061000
6	0		4696.312350000
6	0		4696.403813000
6	0		4696.496074000
6	0		4696.588425000
6	0		4696.680769000
6	0		4696.772125000
6	0		4696.864451000
6	0		4696.956814000
6	0		4697.048125000
6	0		4697.140504000
6	0		4697.231837000
6	0		4697.278002000
6	0		4697.370352000
6	0		4697.462616000
6	0		4697.553958000
6	0		4697.646380000
6	0		4697.738698000
6	0		4697.783845000
6	1396		4697.794672000
6	0		4697.830029000
6	1396		4697.840833000
6	0		4697.876267000
6	0		4697.922411000
6	1396		4697.931116000
6	0		4697.968420000
6	0		4698.014601000
6	1396		4698.022155000
6	0		4698.060726000
6	1396		4698.113154000
6	0		4698.151795000
6	1396		4698.204077000
6	0		4698.244442000
6	0		4698.290591000
6	1396		4698.301405000
6	0		4698.381858000
6	0		4698.474193000
6	0		4698.566480000
6	1396		4698.577374000
6	0		4698.611988000
6	0		4698.612013000
17		1358	4698.612031000
17		1358	4698.615878000
17		1358	4698.615912000
17		1358	4698.615917000
17		1358	4698.615920000
17		202	4698.615924000
6	1145		4698.622760000
17		86	4698.658154000
17		1270	4698.658179000
6	0		4698.697410000
6	0		4698.704336000
6	0		4698.796008000
6	0		4698.934601000
6	0		4699.026014000
6	0		4699.164599000
6	0		4699.255978000
6	0		4699.348264000
6	0		4699.486686000
6	0		4699.531864000
6	0		4699.624259000
6	0		4699.670269000
6	0		4699.762518000
6	0		4699.853816000
6	0		4699.992359000
6	0		4700.084657000
6	0		4700.176267000
6	0		4700.268204000
6	0		4700.360527000
6	0		4700.497912000
6	0		4700.590334000
6	0		4700.682584000
6	0		4700.820106000
6	0		4700.912345000
6	0		4701.004355000
6	0		4701.095940000
6	0		4701.188230000
6	0		4701.326727000
6	0		4701.417990000
6	0		4701.510257000
6	0		4701.583103000
6	0		4701.602661000
6	0		4701.603314000
17		1358	4701.616815000
17		1358	4701.647842000
17		1358	4701.649649000
6	0		4701.694190000
6	0		4701.694814000
6	0		4701.786289000
6	0		4701.786952000
6	0		4701.878383000
6	0		4701.878989000
6	0		4701.970427000
6	0		4701.971028000
6	0		4702.108629000
6	0		4702.109318000
6	0		4702.200662000
6	0		4702.201256000
6	0		4702.292616000
6	0		4702.293215000
6	0		4702.430685000
6	0		4702.431290000
6	0		4702.522666000
6	0		4702.523291000
17		1358	4702.613999000
17		1358	4702.660745000
17		86	4702.660774000
6	0		4702.660787000
6	0		4702.661946000
17		1358	4702.663802000
17		1358	4702.663819000
17		1358	4702.663823000
17		1358	4702.663827000
17		198	4702.663831000
6	0		4702.705941000
6	0		4702.706559000
6	0		4702.752167000
6	0		4702.752789000
6	0		4702.844133000
6	0		4702.844741000
6	0		4702.890580000
6	0		4702.891378000
17		1358	4702.936473000
17		1358	4702.938312000
6	0		4702.964538000
6	0		4702.982770000
6	0		4702.983374000
6	0		4703.073787000
6	0		4703.074385000
6	0		4703.196539000
6	0		4703.211870000
6	0		4703.212497000
17		1358	4703.239153000
6	0		4703.304544000
6	0		4703.305146000
6	0		4703.396605000
6	0		4703.397227000
6	0		4703.534133000
17		1358	4703.534170000
6	0		4703.534737000
17		1358	4703.535980000
6	0		4703.626323000
6	0		4703.626352000
6	0		4703.626897000
6	0		4703.626919000
6	0		4703.718380000
6	0		4703.718986000
6	0		4703.810403000
6	0		4703.811019000
6	0		4703.902317000
6	0		4703.902975000
6	0		4703.948499000
6	0		4703.949100000
6	0		4704.040535000
6	0		4704.041152000
6	0		4704.132520000
6	0		4704.133122000
17		1358	4704.136202000
6	0		4704.270721000
6	0		4704.271352000
6	0		4704.362707000
6	0		4704.363327000
6	0		4704.499921000
6	0		4704.500516000
6	0		4704.591853000
6	0		4704.592446000
6	0		4704.683852000
6	0		4704.684456000
17		1358	4704.730661000
17		1358	4704.732428000
6	0		4704.822327000
17		847	4704.822357000
6	0		4704.822932000
17		39	4704.824838000
17		87	4704.826764000
17		33	4704.826839000
6	0		4704.914169000
6	0		4704.914766000
6	0		4705.052359000
6	0		4705.052979000
6	0		4705.144351000
6	0		4705.144966000
6	0		4705.236350000
6	0		4705.236956000
6	0		4705.374558000
6	0		4705.375150000
6	0		4705.466532000
6	0		4705.467140000
6	0		4705.604707000
6	0		4705.605321000
6	0		4705.650296000
6	0		4705.650849000
6	0		4705.696707000
6	0		4705.697305000
6	0		4705.788713000
6	0		4705.789337000
6	0		4705.880681000
6	0		4705.881308000
6	0		4705.926291000
6	0		4705.926880000
17		1358	4705.933240000
6	0		4705.972613000
6	0		4705.973233000
6	0		4706.064314000
6	0		4706.065062000
6	0		4706.156516000
6	0		4706.157136000
6	0		4706.248529000
6	0		4706.249155000
6	0		4706.386721000
6	0		4706.387322000
6	0		4706.478667000
6	0		4706.479267000
6	0		4706.570623000
6	0		4706.571243000
17		1358	4706.616035000
6	0		4706.708799000
6	0		4706.709399000
6	0		4706.800735000
6	0		4706.801333000
6	0		4706.892341000
6	0		4706.892934000
6	0		4706.984279000
6	0		4706.984891000
6	0		4707.076271000
6	0		4707.076875000
6	0		4707.214384000
6	0		4707.215000000
6	0		4707.306403000
6	0		4707.306995000
6	0		4707.398385000
6	0		4707.398982000
6	0		4707.536501000
6	0		4707.537139000
6	0		4707.628479000
6	0		4707.629087000
6	0		4707.660554000
6	0		4707.720317000
6	0		4707.720890000
6	0		4707.812202000
6	0		4707.812907000
6	0		4707.904314000
6	0		4707.904933000
6	0		4707.980595000
6	0		4707.996294000
6	0		4707.996897000
6	0		4708.088297000
6	0		4708.088904000
6	0		4708.180354000
6	0		4708.180971000
6	0		4708.318600000
6	0		4708.319209000
6	0		4708.410589000
6	0		4708.411215000
6	0		4708.547797000
6	0		4708.548408000
6	0		4708.639837000
6	0		4708.640451000
6	0		4708.731981000
6	0		4708.732589000
6	0		4708.823961000
6	0		4708.824584000
6	0		4708.916089000
6	0		4708.916768000
6	0		4709.008226000
6	0		4709.008849000
6	0		4709.100284000
6	0		4709.100900000
6	0		4709.192363000
6	0		4709.192956000
6	0		4709.284380000
6	0		4709.285010000
6	0		4709.376492000
6	0		4709.377114000
6	0		4709.468578000
6	0		4709.469192000
6	0		4709.560551000
6	0		4709.561155000
6	0		4709.652566000
6	0		4709.653175000
6	0		4709.744569000
6	0		4709.745169000
6	0		4709.836257000
6	0		4709.836285000
6	0		4709.836848000
6	0		4709.836898000
6	0		4709.928235000
6	0		4709.928845000
6	0		4710.020300000
6	0		4710.020921000
6	0		4710.066223000
6	0		4710.066806000
6	0		4710.112350000
6	0		4710.112943000
6	0		4710.204428000
6	0		4710.205028000
6	0		4710.296472000
6	0		4710.297088000
6	0		4710.342599000
6	0		4710.343211000
6	0		4710.434545000
6	0		4710.435154000
6	0		4710.526474000
6	0		4710.527092000
6	0		4710.618443000
6	0		4710.619049000
6	0		4710.710385000
6	0		4710.710973000
6	0		4710.802350000
6	0		4710.802975000
6	0		4710.894348000
6	0		4710.894983000
6	0		4710.986348000
6	0		4710.986986000
6	0		4711.078390000
6	0		4711.078994000
6	0		4711.170343000
6	0		4711.170945000
6	0		4711.262327000
6	0		4711.262950000
6	0		4711.354401000
6	0		4711.355013000
6	0		4711.446425000
6	0		4711.447046000
6	0		4711.538445000
6	0		4711.539077000
6	0		4711.630534000
6	0		4711.631138000
6	0		4711.722598000
6	0		4711.723213000
6	0		4711.814588000
6	0		4711.815193000
6	0		4711.906651000
6	0		4711.907238000
6	0		4711.951935000
6	0		4711.951963000
6	0		4711.952692000
6	0		4711.952707000
1,17		1358	4712.366387000
1,17		1358	4712.412543000
1,17		1358	4712.458718000
1,17		1358	4712.503908000
1,17		202	4712.503941000
6	0		4712.550069000
1,17		1358	4712.596275000
6	0		4712.642602000
6	517		4712.642626000
6	0		4712.643219000
6	2792		4712.644340000
6	2387		4712.644361000
6	0		4712.826155000
6	517		4712.826178000
6	0		4712.826728000
6	2792		4712.828123000
6	2387		4712.828147000
6	0		4712.872322000
6	0		4712.872350000
17		47	4713.056431000
17		41	4713.056463000
17		33	4713.083304000
17		1358	4713.239902000
17		1358	4713.242729000
17		1358	4713.242753000
17		1358	4713.242757000
17		1358	4713.242761000
17		398	4713.242764000
6	0		4713.286081000
6	0		4713.332226000
6	0		4713.377847000
6	0		4713.377875000
6	64		4713.377882000
6	0		4713.383538000
6	1396		4713.424483000
6	0		4713.424511000
6	0		4713.425091000
6	0		4713.469850000
6	0		4713.516036000
17		1358	4713.516066000
6	0		4713.516084000
17		1358	4713.517840000
6	0		4713.518038000
6	0		4713.561890000
6	64		4713.561918000
6	0		4713.567586000
17		1358	4713.608741000
17		49	4713.654315000
17		49	4713.700646000
6	309		4713.746193000
17		49	4713.746240000
17		91	4713.746264000
17		79	4713.746274000
17		357	4713.746282000
6	0		4713.746791000
6	2792		4713.747652000
6	1396		4713.747677000
6	1396		4713.747705000
6	1396		4713.747718000
6	1396		4713.747757000
17		35	4713.748104000
17		1358	4713.748122000
17		101	4713.748126000
17		1259	4713.749874000
17		33	4713.749908000
6	1396		4713.778480000
6	0		4713.791910000
17		169	4713.791940000
6	517		4713.791948000
6	0		4713.793325000
17		33	4713.793384000
6	2836		4713.793964000
6	2836		4713.794047000
6	1001		4713.794092000
6	1396		4713.809185000
6	1396		4713.840001000
6	1396		4713.870628000
6	0		4713.884091000
6	1396		4713.901370000
6	0		4713.930326000
6	1396		4713.932038000
6	1396		4713.962758000
6	0		4713.975820000
6	1396		4713.986711000
6	1396		4714.008107000
6	0		4714.022202000
6	1396		4714.029412000
6	1396		4714.049389000
6	0		4714.068902000
17		41	4714.068928000
6	1396		4714.069341000
6	1396		4714.088610000
6	1396		4714.107855000
17		41	4714.114067000
17		41	4714.114100000
6	1396		4714.127107000
6	1396		4714.145858000
17		45	4714.160155000
17		51	4714.160187000
17		33	4714.161651000
6	1396		4714.164588000
6	1396		4714.183360000
6	1396		4714.202136000
17		1358	4714.206323000
6	0		4714.206353000
17		1358	4714.209374000
17		1358	4714.209412000
17		1358	4714.209418000
17		1358	4714.209426000
17		203	4714.209432000
6	1396		4714.220893000
6	1396		4714.239634000
6	0		4714.251899000
6	1396		4714.258386000
6	1396		4714.277157000
6	1396		4714.295920000
6	0		4714.298051000
6	1396		4714.314646000
6	1396		4714.333416000
6	0		4714.344286000
6	1396		4714.352164000
6	1396		4714.370933000
6	1396		4714.389685000
6	0		4714.389846000
6	1396		4714.408431000
6	1396		4714.427190000
6	0		4714.436042000
6	64		4714.436067000
6	608		4714.437753000
6	1396		4714.445957000
6	1396		4714.464780000
17		1358	4714.482036000
6	0		4714.482072000
6	0		4714.482080000
6	0		4714.482637000
6	1396		4714.483427000
17		1358	4714.483780000
6	1396		4714.502209000
6	1396		4714.520981000
6	0		4714.528204000
6	1396		4714.539743000
6	1396		4714.558503000
6	0		4714.574423000
6	1396		4714.577301000
6	1396		4714.596064000
6	1396		4714.614740000
6	0		4714.620212000
6	1396		4714.633550000
6	1396		4714.652267000
6	1396		4714.671022000
6	1396		4714.689766000
6	1396		4714.708511000
6	0		4714.712516000
6	0		4714.712549000
6	0		4714.713583000
6	1396		4714.727277000
6	1123		4714.746049000
6	0		4714.783492000
17		1358	4714.784329000
6	0		4714.804778000
17		41	4714.804807000
17		35	4714.806234000
6	1396		4714.850549000
6	0		4714.861488000
6	326		4714.896745000
6	0		4714.896772000
6	0		4714.896779000
6	2792		4714.906218000
6	2792		4714.906287000
6	2792		4714.906294000
6	0		4714.907107000
6	0		4714.941976000
6	0		4714.988443000
6	0		4714.988468000
6	1396		4714.998398000
6	0		4715.015635000
6	0		4715.033793000
17		1358	4715.033828000
17		1358	4715.035607000
6	0		4715.079873000
6	1396		4715.090547000
6	0		4715.125906000
6	0		4715.172113000
6	64		4715.172144000
6	0		4715.173530000
6	1396		4715.182653000
6	0		4715.218344000
17		1358	4715.264507000
6	1396		4715.274793000
17		49	4715.310481000
17		49	4715.356595000
6	1396		4715.366926000
17		49	4715.402231000
17		91	4715.402266000
17		77	4715.402272000
17		497	4715.402279000
17		35	4715.403201000
17		1358	4715.404136000
17		1358	4715.404159000
17		1358	4715.404164000
17		1358	4715.404168000
17		1358	4715.404172000
17		1358	4715.404176000
17		1358	4715.404180000
17		1358	4715.404185000
17		1358	4715.404189000
17		1358	4715.404193000
17		1358	4715.436502000
6	0		4715.448285000
6	0		4715.448316000
6	0		4715.448871000
6	1396		4715.459073000
17		1358	4715.465652000
6	608		4715.487398000
6	0		4715.493885000
17		1358	4715.496571000
17		1358	4715.527348000
6	0		4715.539829000
6	1396		4715.551175000
17		1358	4715.557251000
6	0		4715.585821000
17		1358	4715.587537000
17		1358	4715.618722000
6	0		4715.632055000
6	1396		4715.643300000
17		1358	4715.650103000
6	0		4715.678245000
17		1358	4715.679209000
17		1358	4715.710108000
6	0		4715.724557000
17		41	4715.724593000
6	0		4715.724606000
6	0		4715.725258000
17		37	4715.726048000
6	1396		4715.735458000
17		1358	4715.740507000
6	0		4715.770791000
17		1358	4715.771965000
17		1358	4715.801660000
6	0		4715.815980000
6	1396		4715.827569000
17		1358	4715.831898000
6	0		4715.862164000
17		1358	4715.863038000
17		1358	4715.893134000
6	0		4715.908367000
6	1396		4715.919740000
17		1358	4715.923713000
6	0		4715.953973000
6	0		4715.953997000
17		1358	4715.954195000
17		1358	4715.984771000
6	0		4716.000068000
6	1396		4716.011814000
17		1358	4716.015349000
17		1358	4716.045723000
6	0		4716.045909000
6	0		4716.045933000
6	517		4716.045940000
6	0		4716.046516000
6	2792		4716.047852000
6	2387		4716.047879000
17		1358	4716.076402000
6	0		4716.092082000
6	1396		4716.104026000
17		1358	4716.106990000
17		1358	4716.136955000
17		167	4716.137921000
17		34	4716.139766000
17		1358	4716.167588000
6	0		4716.183866000
6	1396		4716.196096000
17		1358	4716.198071000
17		1358	4716.228960000
6	0		4716.230044000
17		1358	4716.259080000
6	0		4716.276336000
6	1396		4716.288195000
17		1358	4716.289630000
6	0		4716.321899000
6	0		4716.368050000
6	1396		4716.380321000
6	0		4716.414198000
6	0		4716.460788000
6	1396		4716.472434000
6	0		4716.505966000
6	0		4716.551885000
6	1396		4716.564554000
6	0		4716.597826000
6	0		4716.644028000
6	1396		4716.656820000
6	0		4716.690166000
6	0		4716.690195000
6	517		4716.690205000
6	0		4716.690865000
6	2792		4716.692218000
6	2387		4716.692249000
6	0		4716.736371000
6	0		4716.736400000
6	0		4716.736407000
6	1396		4716.748813000
17		583	4716.781964000
17		36	4716.784310000
6	0		4716.828291000
6	1396		4716.840954000
6	0		4716.874307000
6	0		4716.920422000
6	1396		4716.933089000
6	0		4716.966384000
6	0		4717.012508000
6	1396		4717.025207000
6	0		4717.058531000
6	0		4717.058554000
6	0		4717.104715000
6	0		4717.104747000
6	1396		4717.117385000
17		171	4717.150097000
17		38	4717.151861000
6	0		4717.195812000
6	1396		4717.209521000
6	0		4717.242290000
6	1396		4717.301685000
6	0		4717.334139000
17		41	4717.334165000
17		41	4717.380477000
17		1358	4717.382168000
6	1396		4717.393724000
17		1358	4717.413512000
17		45	4717.426668000
17		38	4717.428211000
17		1358	4717.443833000
17		41	4717.472634000
17		41	4717.472658000
17		39	4717.474108000
17		1358	4717.474296000
6	1396		4717.485836000
17		1358	4717.505731000
17		42	4717.518677000
17		1358	4717.536067000
17		42	4717.563961000
17		1358	4717.565995000
6	1396		4717.576170000
17		1358	4717.597576000
17		42	4717.610192000
17		1358	4717.627866000
6	1396		4717.653471000
17		42	4717.655829000
17		1358	4717.656883000
17		1358	4717.688563000
17		41	4717.702197000
17		1358	4717.719571000
6	1396		4717.730654000
17		42	4717.748175000
17		1358	4717.749001000
17		1358	4717.780211000
6	0		4717.793835000
17		42	4717.793870000
6	1396		4717.807922000
17		1358	4717.810843000
17		1358	4717.841733000
17		1358	4717.871635000
6	1396		4717.885137000
17		42	4717.886218000
6	0		4717.886242000
17		1358	4717.902464000
6	0		4717.932536000
17		1358	4717.932790000
6	1396		4717.962401000
17		1358	4717.963452000
17		41	4717.978132000
17		1358	4717.993409000
17		1358	4718.024082000
6	1396		4718.039713000
17		1358	4718.055558000
17		42	4718.070203000
17		1358	4718.085672000
17		1358	4718.115649000
17		42	4718.116682000
6	1396		4718.116928000
17		1358	4718.146055000
17		42	4718.162432000
6	0		4718.162458000
17		1358	4718.176792000
6	1396		4718.194160000
17		1358	4718.207449000
17		1358	4718.238190000
17		42	4718.253814000
17		1358	4718.268536000
6	1396		4718.271382000
17		1358	4718.299428000
17		42	4718.300105000
17		1358	4718.328742000
6	0		4718.346154000
17		42	4718.346190000
6	1396		4718.348622000
17		1358	4718.359552000
17		1358	4718.390739000
6	0		4718.392306000
17		1358	4718.421065000
6	1396		4718.425963000
17		42	4718.437794000
17		1358	4718.451780000
17		1358	4718.482567000
17		42	4718.484019000
6	1396		4718.503134000
17		1358	4718.512614000
17		42	4718.530573000
17		1358	4718.543198000
17		1358	4718.573580000
6	1396		4718.580349000
17		1358	4718.604486000
17		47	4718.622716000
17		1358	4718.635058000
6	1396		4718.657628000
17		1358	4718.665230000
17		41	4718.668515000
17		1358	4718.695919000
6	0		4718.714778000
17		1358	4718.726634000
6	1396		4718.734855000
17		1358	4718.756691000
17		42	4718.760617000
17		1358	4718.786394000
17		42	4718.805852000
6	1396		4718.812103000
17		1358	4718.817202000
17		1358	4718.848392000
17		42	4718.852422000
17		1358	4718.879077000
6	1396		4718.889370000
17		1358	4718.909139000
17		1358	4718.939715000
17		42	4718.944475000
6	1396		4718.966609000
17		1358	4718.970893000
17		42	4718.989876000
17		1358	4719.000115000
17		1358	4719.031012000
6	0		4719.036336000
6	1123		4719.043850000
17		1358	4719.061951000
6	0		4719.082228000
17		1358	4719.092518000
17		1358	4719.122354000
6	0		4719.128415000
17		1358	4719.153004000
6	0		4719.174140000
6	64		4719.174167000
6	0		4719.179502000
17		1358	4719.183440000
17		1358	4719.215098000
6	0		4719.220300000
17		42	4719.220330000
17		1358	4719.244133000
17		42	4719.266083000
17		1358	4719.275352000
17		42	4719.312202000
17		1358	4719.313922000
17		42	4719.358343000
17		1358	4719.360024000
17		42	4719.450190000
17		1358	4719.451876000
17		42	4719.496400000
17		1358	4719.498425000
17		42	4719.542006000
17		1358	4719.543665000
6	0		4719.587880000
17		42	4719.634735000
17		1358	4719.635881000
6	0		4719.726302000
6	0		4719.818674000
6	0		4719.863814000
6	0		4719.909973000
6	0		4719.956495000
6	0		4719.956521000
6	64		4719.956527000
6	0		4719.962610000
6	0		4720.048035000
6	0		4720.140347000
6	0		4720.231941000
17		41	4720.231973000
17		41	4720.233377000
17		42	4720.324342000
6	0		4720.324376000
17		1358	4720.325970000
17		41	4720.416006000
17		1358	4720.417679000
17		41	4720.462226000
17		1358	4720.463174000
17		41	4720.508252000
6	0		4720.508281000
17		1358	4720.510203000
17		41	4720.600272000
17		1358	4720.601726000
17		46	4720.646423000
17		1358	4720.648344000
17		41	4720.691881000
17		1358	4720.694017000
6	0		4720.738534000
17		41	4720.784386000
17		1358	4720.786125000
17		1358	4720.813530000
6	0		4720.830554000
17		41	4720.876574000
17		1358	4720.878431000
17		41	4720.921887000
17		1358	4720.923684000
17		41	4720.967931000
17		1358	4720.969716000
6	0		4721.014228000
17		41	4721.059954000
17		1358	4721.061657000
17		41	4721.105936000
17		1358	4721.107621000
6	0		4721.152208000
17		41	4721.198067000
17		1358	4721.199746000
17		41	4721.244239000
17		1358	4721.245396000
17		41	4721.289955000
17		1358	4721.291623000
6	0		4721.336717000
17		41	4721.382024000
17		1358	4721.383705000
6	0		4721.427923000
17		41	4721.427953000
17		1358	4721.429020000
17		41	4721.473838000
17		1358	4721.475471000
17		41	4721.520443000
17		1358	4721.522175000
17		41	4721.566438000
17		1358	4721.567788000
6	0		4721.612612000
17		42	4721.658028000
17		1358	4721.659777000
17		42	4721.704036000
17		1358	4721.705952000
17		42	4721.749990000
17		1358	4721.752186000
6	0		4721.796383000
17		42	4721.842480000
17		1358	4721.844180000
17		47	4721.888379000
17		1358	4721.890114000
6	0		4721.934704000
17		42	4721.980272000
17		1358	4721.981613000
17		41	4722.025922000
17		1358	4722.027679000
17		1358	4722.055107000
6	0		4722.072090000
17		42	4722.118145000
17		1358	4722.120222000
17		42	4722.164215000
17		1358	4722.165926000
6	0		4722.210516000
17		43	4722.256051000
17		1358	4722.257919000
17		43	4722.302080000
17		1358	4722.303833000
17		43	4722.347913000
17		1358	4722.349031000
6	0		4722.394226000
17		43	4722.440175000
17		1358	4722.442093000
17		43	4722.486225000
17		1358	4722.487877000
6	0		4722.532523000
17		43	4722.577817000
17		1358	4722.579449000
17		43	4722.623979000
17		1358	4722.625705000
17		43	4722.670000000
17		1358	4722.671700000
6	0		4722.715940000
17		43	4722.715965000
17		1358	4722.717634000
17		42	4722.761911000
17		1358	4722.763507000
6	0		4722.808130000
17		41	4722.854561000
17		1358	4722.856805000
6	64		4722.900706000
17		41	4722.900734000
6	0		4722.901368000
17		1358	4722.902495000
17		42	4722.945854000
17		1358	4722.947714000
6	0		4722.991803000
17		42	4723.038672000
17		1358	4723.039993000
17		42	4723.083813000
17		1358	4723.085596000
6	0		4723.130452000
6	0		4723.130488000
6	0		4723.137790000
17		47	4723.176397000
17		1358	4723.178104000
17		42	4723.221874000
17		1358	4723.223608000
17		42	4723.267858000
17		1358	4723.268712000
6	0		4723.314609000
17		42	4723.314636000
17		1358	4723.316762000
17		42	4723.360024000
17		1358	4723.361694000
6	0		4723.406194000
6	0		4723.442799000
17		43	4723.452704000
17		1358	4723.455127000
17		43	4723.497763000
17		1358	4723.499434000
17		43	4723.544052000
17		1358	4723.545734000
6	0		4723.590742000
6	1396		4723.636758000
6	440		4723.636787000
17		43	4723.636797000
17		1358	4723.638545000
6	0		4723.644907000
6	0		4723.644941000
17		43	4723.681845000
17		1358	4723.683594000
6	1396		4723.701682000
6	1396		4723.722345000
17		43	4723.727972000
17		1358	4723.729682000
6	1396		4723.763665000
17		43	4723.773883000
17		41	4723.773908000
17		43	4723.775422000
17		1358	4723.775530000
6	1396		4723.805065000
17		43	4723.820707000
17		1358	4723.821871000
6	1396		4723.846352000
17		1358	4723.847574000
17		43	4723.866139000
17		1358	4723.871528000
6	1396		4723.887685000
17		43	4723.911929000
17		1358	4723.913603000
6	1396		4723.929066000
17		43	4723.957803000
17		1358	4723.959505000
6	1396		4723.970384000
17		43	4724.004129000
17		1358	4724.006123000
6	1396		4724.011701000
17		43	4724.050351000
17		1358	4724.052031000
6	1396		4724.053112000
6	1396		4724.094418000
17		43	4724.095852000
17		1358	4724.097516000
6	1396		4724.135742000
17		43	4724.142345000
6	0		4724.142378000
17		1358	4724.143985000
6	0		4724.149350000
6	1396		4724.177098000
17		48	4724.188038000
17		1358	4724.189659000
6	1396		4724.218432000
17		43	4724.233963000
17		1358	4724.235607000
6	1396		4724.259788000
17		43	4724.280729000
17		1358	4724.282392000
6	1396		4724.301168000
17		43	4724.326775000
17		1358	4724.328531000
6	1396		4724.342449000
17		43	4724.372697000
17		1358	4724.374448000
6	1396		4724.383782000
17		1358	4724.394229000
17		43	4724.418754000
17		1358	4724.419789000
6	1396		4724.425213000
17		43	4724.464372000
17		1358	4724.465938000
6	1396		4724.466459000
6	1396		4724.507846000
17		43	4724.510428000
17		1358	4724.512105000
6	1396		4724.549226000
17		43	4724.556097000
17		1358	4724.557574000
6	1396		4724.590513000
17		43	4724.602531000
17		1358	4724.604194000
6	1396		4724.631852000
17		43	4724.647819000
17		1358	4724.649875000
6	1396		4724.673209000
17		43	4724.693888000
17		1358	4724.695617000
6	1396		4724.714544000
17		43	4724.740354000
17		1358	4724.742036000
6	1396		4724.755883000
17		43	4724.786412000
17		864	4724.786445000
17		1358	4724.788216000
17		39	4724.788705000
17		87	4724.790811000
17		33	4724.791048000
6	1396		4724.797211000
17		43	4724.831991000
17		1358	4724.833608000
6	1396		4724.838561000
17		43	4724.878385000
6	1396		4724.879907000
17		1358	4724.880110000
6	1396		4724.921278000
17		43	4724.923812000
17		1358	4724.925480000
17		1358	4724.943976000
6	1396		4724.962598000
17		43	4724.970334000
17		1358	4724.972025000
6	1396		4725.003941000
17		43	4725.016730000
17		1358	4725.018429000
6	1396		4725.045287000
17		43	4725.061914000
17		1358	4725.063645000
6	1396		4725.086617000
17		48	4725.108319000
17		1358	4725.110030000
6	1396		4725.127968000
17		43	4725.154755000
17		1358	4725.156446000
6	1396		4725.169371000
17		43	4725.200192000
17		1358	4725.201258000
6	1396		4725.210640000
17		43	4725.246430000
17		1358	4725.248291000
6	1396		4725.251984000
17		43	4725.292178000
6	1396		4725.293313000
6	1396		4725.334686000
17		43	4725.338167000
6	1396		4725.376104000
17		43	4725.383826000
6	1396		4725.417357000
17		43	4725.430511000
6	1396		4725.458702000
17		43	4725.476480000
6	1396		4725.500038000
17		43	4725.522180000
6	1396		4725.541381000
17		43	4725.568163000
6	1396		4725.582722000
17		43	4725.614475000
6	1396		4725.624129000
17		43	4725.659920000
6	1396		4725.665405000
17		43	4725.706352000
6	1396		4725.706741000
6	1396		4725.748212000
17		43	4725.752390000
6	1396		4725.789439000
17		43	4725.798215000
6	1396		4725.830774000
17		43	4725.844663000
6	1396		4725.873701000
17		43	4725.890084000
6	1396		4725.913467000
17		43	4725.936004000
6	1396		4725.954807000
17		43	4725.981944000
6	1396		4725.996214000
17		48	4726.028246000
6	1396		4726.037480000
17		35	4726.055683000
17		43	4726.074518000
6	1396		4726.078831000
17		43	4726.120013000
6	1396		4726.120179000
6	1396		4726.161523000
6	0		4726.166185000
6	517		4726.166212000
17		43	4726.166222000
6	0		4726.173234000
6	2792		4726.174672000
6	2386		4726.174711000
6	1396		4726.202883000
17		43	4726.212640000
6	1396		4726.244303000
17		43	4726.258131000
6	1396		4726.285536000
17		43	4726.304287000
6	1396		4726.326907000
17		43	4726.350502000
6	1396		4726.368332000
6	0		4726.396164000
17		43	4726.396190000
6	1396		4726.409560000
17		43	4726.442459000
6	1396		4726.450902000
17		43	4726.488680000
6	1396		4726.492235000
6	1396		4726.533666000
17		43	4726.534310000
6	1396		4726.574953000
17		43	4726.580941000
6	1396		4726.616269000
6	0		4726.626319000
6	1396		4726.657627000
6	0		4726.672676000
6	1396		4726.698948000
17		43	4726.717804000
6	1396		4726.740369000
6	0		4726.764325000
6	1396		4726.781647000
17		43	4726.810053000
6	1396		4726.822976000
6	0		4726.856233000
6	1396		4726.864308000
17		43	4726.902110000
6	1396		4726.905709000
6	1396		4726.947006000
6	0		4726.948691000
6	1396		4726.988365000
17		43	4726.994156000
6	1396		4727.029695000
17		43	4727.039865000
6	1396		4727.071033000
6	0		4727.086167000
6	1396		4727.112455000
17		43	4727.132024000
6	1396		4727.153730000
6	0		4727.177894000
6	1396		4727.195068000
17		43	4727.223988000
6	1396		4727.236414000
6	0		4727.270507000
6	1396		4727.277751000
17		48	4727.316052000
6	1396		4727.319120000
17		34	4727.342635000
6	1396		4727.360440000
6	0		4727.361889000
17		43	4727.361913000
6	1396		4727.401777000
6	0		4727.407829000
6	34		4727.443108000
6	0		4727.454152000
17		43	4727.500148000
6	0		4727.546565000
6	0		4727.591915000
17		43	4727.591940000
6	0		4727.638045000
17		43	4727.683955000
6	0		4727.730289000
17		43	4727.776262000
6	0		4727.822618000
17		43	4727.867922000
6	0		4727.914046000
17		43	4727.959886000
6	0		4728.006364000
17		43	4728.052514000
6	0		4728.098657000
17		43	4728.144470000
6	0		4728.189897000
17		43	4728.236063000
6	0		4728.282209000
6	0		4728.328326000
17		43	4728.374198000
6	0		4728.420676000
17		43	4728.466547000
6	0		4728.511907000
17		43	4728.558080000
6	0		4728.604260000
17		43	4728.650230000
6	0		4728.696515000
17		43	4728.742671000
6	0		4728.787863000
17		43	4728.833934000
6	0		4728.880069000
17		47	4728.926046000
17		43	4728.926084000
17		41	4728.926091000
17		33	4728.953259000
6	0		4728.972310000
17		43	4729.018337000
6	0		4729.064728000
6	0		4729.064753000
17		43	4729.109884000
6	0		4729.156016000
17		48	4729.201909000
17		34	4729.229290000
17		43	4729.248005000
6	0		4729.294723000
17		43	4729.339860000
6	0		4729.386230000
17		43	4729.432032000
6	0		4729.478384000
17		43	4729.524288000
17		1358	4729.526030000
6	0		4729.570751000
17		43	4729.616224000
17		1358	4729.617898000
6	0		4729.662606000
17		43	4729.708273000
17		1358	4729.709657000
6	0		4729.753908000
6	0		4729.800268000
17		43	4729.800294000
17		1358	4729.801902000
17		43	4729.845963000
17		1358	4729.847741000
6	0		4729.892104000
6	0		4729.938286000
6	0		4729.984411000
6	0		4730.030549000
6	0		4730.076700000
6	0		4730.122208000
6	0		4730.214129000
6	0		4730.306379000
6	0		4730.398696000
6	0		4730.490033000
6	0		4730.582458000
6	0		4730.674691000
6	0		4730.765981000
6	0		4730.858299000
6	0		4730.950696000
6	0		4730.995926000
6	0		4730.995951000
6	0		4731.042435000
6	0		4731.042459000
6	64		4731.042466000
6	0		4731.054797000
6	0		4731.134276000
6	0		4731.226541000
6	0		4731.317806000
6	0		4731.410063000
6	0		4731.502443000
6	0		4731.594733000
6	0		4731.686020000
6	0		4731.778327000
6	0		4731.870623000
6	0		4731.961948000
6	0		4732.054384000
6	0		4732.100585000
6	0		4732.191819000
6	0		4732.237949000
6	0		4732.284118000
6	0		4732.330286000
6	0		4732.376261000
6	0		4732.376295000
6	1396		4732.422038000
6	329		4732.422064000
17		42	4732.422073000
17		1358	4732.423849000
6	0		4732.430196000
6	0		4732.430230000
17		1358	4732.442281000
17		1358	4732.459930000
17		41	4732.468139000
17		1358	4732.478392000
17		1358	4732.496122000
17		1358	4732.513623000
17		41	4732.514052000
17		1358	4732.530758000
17		1358	4732.549987000
6	1396		4732.552099000
17		41	4732.559885000
17		1358	4732.567594000
6	1396		4732.570894000
17		1358	4732.585186000
17		1358	4732.602525000
17		41	4732.605974000
6	1396		4732.608586000
17		1358	4732.620541000
17		1358	4732.638636000
6	1396		4732.646178000
17		41	4732.652711000
17		1358	4732.654600000
17		1358	4732.673701000
6	1396		4732.683799000
17		1358	4732.691137000
17		41	4732.698216000
17		1358	4732.709204000
6	1396		4732.721428000
17		1358	4732.727171000
17		41	4732.744121000
17		1358	4732.744406000
6	1396		4732.759073000
17		1358	4732.763468000
17		1358	4732.781280000
17		41	4732.790172000
6	1396		4732.796791000
17		1358	4732.798383000
17		1358	4732.816459000
17		1358	4732.833932000
6	1396		4732.834327000
17		41	4732.836180000
17		1358	4732.851925000
17		1358	4732.869445000
6	1396		4732.871957000
17		41	4732.882168000
17		1358	4732.886686000
17		1358	4732.904454000
6	1396		4732.909586000
17		1358	4732.922495000
17		46	4732.928034000
17		1358	4732.940279000
6	1396		4732.947213000
17		1358	4732.958505000
6	0		4732.974284000
17		1358	4732.976915000
6	1396		4732.984910000
17		1358	4732.994667000
17		1358	4733.011640000
17		41	4733.019933000
6	1396		4733.022477000
17		1358	4733.029362000
17		1358	4733.047769000
6	1396		4733.060175000
17		1358	4733.065638000
6	0		4733.066129000
6	1396		4733.081235000
17		1358	4733.082640000
17		1358	4733.100751000
6	1396		4733.102355000
17		41	4733.112458000
17		1358	4733.118682000
6	1396		4733.123473000
17		1358	4733.135663000
6	1396		4733.144593000
17		1358	4733.153730000
17		41	4733.157986000
6	1396		4733.165702000
17		1358	4733.172889000
6	1396		4733.186821000
17		1358	4733.189743000
6	0		4733.204106000
17		1358	4733.207484000
6	1396		4733.207920000
17		1358	4733.225682000
6	1396		4733.229076000
17		1358	4733.242856000
17		41	4733.249837000
6	1396		4733.250156000
17		1358	4733.260652000
6	1396		4733.271291000
17		1358	4733.278855000
6	1396		4733.292429000
17		41	4733.296209000
17		1358	4733.296735000
6	1396		4733.313514000
17		1358	4733.313708000
17		1358	4733.331963000
6	1396		4733.334623000
6	0		4733.342737000
17		1358	4733.349116000
6	1396		4733.355761000
17		1358	4733.366954000
6	1396		4733.376892000
17		1358	4733.385859000
17		41	4733.388513000
6	1396		4733.398007000
17		1358	4733.403791000
6	1396		4733.419107000
17		1358	4733.421779000
17		41	4733.434005000
17		1358	4733.439282000
6	1396		4733.440211000
17		1358	4733.457007000
6	1396		4733.461336000
17		1358	4733.474358000
6	0		4733.480166000
6	1396		4733.482457000
17		1358	4733.492538000
6	1396		4733.503591000
17		1358	4733.510080000
6	1396		4733.524776000
17		41	4733.526353000
17		1358	4733.528022000
17		1358	4733.545106000
6	1396		4733.545801000
17		1358	4733.563080000
6	1396		4733.566985000
17		41	4733.572373000
17		1358	4733.580246000
6	1396		4733.588060000
17		1358	4733.599797000
6	1396		4733.609225000
17		1358	4733.617456000
6	0		4733.618092000
17		41	4733.618113000
6	1396		4733.630352000
17		1358	4733.634722000
6	1396		4733.651403000
17		1358	4733.652814000
17		41	4733.664101000
17		1358	4733.669983000
6	1396		4733.672567000
17		1358	4733.687549000
6	1396		4733.693703000
17		1358	4733.705115000
6	0		4733.710276000
6	1396		4733.714772000
17		1358	4733.723464000
6	1396		4733.735867000
17		1358	4733.740484000
17		41	4733.756083000
6	1396		4733.756977000
17		1358	4733.757905000
17		1358	4733.776546000
6	1396		4733.778093000
17		1358	4733.794553000
6	1396		4733.799241000
17		41	4733.801858000
17		1358	4733.812550000
6	1396		4733.820342000
17		1358	4733.830859000
6	1396		4733.841460000
17		1358	4733.848405000
6	0		4733.848574000
6	1396		4733.862572000
17		1358	4733.865319000
17		1358	4733.883564000
6	1396		4733.883682000
17		41	4733.894242000
17		1358	4733.901533000
6	1396		4733.904803000
17		1358	4733.919536000
6	1396		4733.925927000
17		1358	4733.936926000
17		41	4733.940747000
6	1396		4733.947031000
17		1358	4733.954459000
6	1396		4733.968246000
17		1358	4733.972455000
17		41	4733.986116000
6	1396		4733.989294000
17		1358	4733.989976000
17		1358	4734.008771000
6	1396		4734.010381000
17		1358	4734.025930000
6	1396		4734.031530000
6	0		4734.031776000
17		1358	4734.043501000
6	1396		4734.052641000
17		1358	4734.061801000
6	1396		4734.073824000
17		41	4734.078503000
17		1358	4734.078897000
6	1396		4734.094880000
17		1358	4734.096693000
17		1358	4734.115527000
6	1396		4734.116038000
17		41	4734.123883000
17		1358	4734.132421000
6	1396		4734.137108000
17		1358	4734.149746000
6	1396		4734.158287000
17		1358	4734.167465000
6	0		4734.170384000
6	1396		4734.179318000
17		1358	4734.185740000
6	1396		4734.200493000
17		41	4734.216402000
17		1358	4734.218198000
6	1396		4734.221609000
6	1396		4734.242687000
6	0		4734.262395000
17		46	4734.262423000
6	1396		4734.263794000
17		1358	4734.263838000
6	1396		4734.284985000
6	1396		4734.306063000
17		41	4734.307975000
17		1358	4734.309608000
6	1396		4734.327167000
6	1396		4734.348275000
17		41	4734.354085000
17		1358	4734.355749000
6	1396		4734.369471000
6	1396		4734.390515000
6	0		4734.400641000
6	1396		4734.411622000
6	1396		4734.432754000
17		41	4734.446630000
17		1358	4734.448446000
6	1396		4734.453879000
6	1396		4734.474986000
17		41	4734.492052000
17		1358	4734.493781000
6	1396		4734.496080000
6	1396		4734.517220000
6	1396		4734.538392000
6	0		4734.538490000
6	1396		4734.559448000
6	1396		4734.580620000
17		41	4734.584378000
17		1358	4734.586101000
6	1396		4734.601672000
6	1396		4734.622793000
17		41	4734.630073000
17		1358	4734.631956000
6	1396		4734.643971000
6	1396		4734.665036000
6	0		4734.676242000
6	1396		4734.686242000
6	1396		4734.707263000
17		41	4734.722144000
17		1358	4734.723863000
6	1396		4734.728374000
6	1396		4734.749571000
17		41	4734.768187000
17		1358	4734.769931000
6	1396		4734.770608000
6	1396		4734.791741000
6	1396		4734.812904000
6	0		4734.813855000
17		715	4734.813880000
17		39	4734.815735000
17		87	4734.817681000
17		33	4734.817744000
6	1396		4734.833969000
6	1396		4734.855082000
17		41	4734.859811000
17		1358	4734.861544000
6	710		4734.876211000
6	0		4734.906170000
17		41	4734.906204000
17		1358	4734.907832000
17		41	4734.952056000
17		1358	4734.953815000
6	0		4734.998200000
17		41	4735.044136000
17		1358	4735.045951000
6	0		4735.090277000
17		41	4735.135959000
17		1358	4735.137635000
6	0		4735.182349000
17		41	4735.227995000
17		1358	4735.229839000
6	0		4735.274126000
17		41	4735.320249000
17		1358	4735.322095000
6	0		4735.366667000
17		41	4735.412068000
17		1358	4735.413944000
17		41	4735.458253000
17		1358	4735.459952000
6	0		4735.504505000
17		41	4735.549967000
17		1358	4735.552258000
6	0		4735.596453000
6	0		4735.642239000
17		41	4735.642302000
17		1358	4735.644467000
17		46	4735.688387000
17		1358	4735.690061000
6	0		4735.733850000
17		41	4735.779962000
17		1358	4735.781655000
6	0		4735.826514000
17		41	4735.872127000
17		1358	4735.873797000
6	0		4735.918280000
17		41	4735.963939000
17		1358	4735.965653000
17		41	4736.009883000
17		1358	4736.011551000
6	0		4736.056053000
17		41	4736.101923000
17		1358	4736.103660000
6	0		4736.148119000
17		41	4736.194136000
17		1358	4736.195873000
6	0		4736.240491000
17		41	4736.285894000
17		1358	4736.287751000
6	0		4736.332028000
6	0		4736.377830000
17		41	4736.377863000
17		41	4736.423899000
17		41	4736.469918000
6	0		4736.516490000
17		41	4736.562645000
6	0		4736.607830000
17		41	4736.653904000
6	0		4736.700050000
17		41	4736.746009000
6	0		4736.792289000
17		41	4736.838155000
6	0		4736.884527000
17		41	4736.930436000
17		41	4736.976689000
6	0		4737.022165000
17		41	4737.068105000
6	0		4737.113920000
17		41	4737.113950000
6	0		4737.160584000
17		41	4737.206284000
6	0		4737.252637000
17		46	4737.298522000
17		34	4737.324335000
6	0		4737.345182000
17		41	4737.389989000
6	0		4737.436592000
17		41	4737.482316000
17		41	4737.528463000
6	0		4737.573798000
17		42	4737.619956000
6	0		4737.666369000
17		43	4737.711983000
6	0		4737.758582000
6	0		4737.804082000
17		43	4737.804110000
17		43	4737.850216000
6	0		4737.896215000
17		43	4737.942298000
17		43	4737.987848000
6	0		4738.033986000
17		43	4738.080146000
6	0		4738.126406000
17		43	4738.172318000
6	0		4738.218850000
17		43	4738.264400000
6	0		4738.310099000
17		43	4738.355945000
6	0		4738.402365000
17		43	4738.448126000
17		43	4738.494354000
6	0		4738.540356000
17		43	4738.540384000
6	0		4738.585868000
17		43	4738.631788000
6	0		4738.678126000
17		43	4738.724024000
6	0		4738.770368000
17		43	4738.816528000
6	0		4738.862665000
17		48	4738.908519000
17		34	4738.935588000
6	0		4738.954095000
17		43	4739.000568000
17		43	4739.046310000
6	0		4739.092433000
17		43	4739.138254000
6	0		4739.184726000
17		43	4739.229893000
6	0		4739.275991000
17		43	4739.276017000
6	0		4739.322119000
17		43	4739.367918000
6	0		4739.414389000
17		43	4739.460217000
17		43	4739.506392000
6	0		4739.552745000
17		43	4739.597878000
6	0		4739.644030000
17		43	4739.689818000
6	0		4739.736270000
17		43	4739.782017000
6	0		4739.828522000
17		43	4739.874361000
6	0		4739.920817000
17		43	4739.965942000
6	0		4740.012090000
6	0		4740.012113000
6	0		4740.058255000
17		43	4740.104069000
17		1358	4740.106161000
6	0		4740.150381000
6	0		4740.196659000
17		43	4740.242458000
17		1358	4740.255150000
6	0		4740.287863000
6	0		4740.334800000
17		43	4740.380316000
17		1358	4740.403878000
6	0		4740.425821000
6	0		4740.472297000
6	0		4740.518479000
6	0		4740.564702000
17		43	4740.609880000
17		1358	4740.611581000
6	0		4740.656054000
6	0		4740.701926000
17		43	4740.748147000
17		1358	4740.760018000
6	0		4740.794312000
6	0		4740.840523000
6	0		4740.886653000
6	0		4740.931790000
6	0		4740.977943000
17		43	4740.977967000
17		1358	4740.978907000
6	0		4741.040182000
6	0		4741.102320000
17		48	4741.164433000
17		1358	4741.166121000
6	0		4741.226429000
6	0		4741.288553000
6	0		4741.350731000
6	0		4741.412100000
17		43	4741.474039000
17		1358	4741.474834000
6	0		4741.536120000
6	0		4741.598612000
17		43	4741.660516000
17		1358	4741.661788000
6	0		4741.721842000
6	0		4741.784150000
6	1396		4741.846373000
6	441		4741.846397000
6	0		4741.846403000
17		47	4741.846412000
17		41	4741.846417000
6	0		4741.853781000
6	0		4741.853818000
6	2792		4741.854614000
6	1396		4741.854657000
6	1396		4741.854673000
6	1396		4741.854722000
6	1396		4741.854741000
17		33	4741.873451000
6	1396		4741.873642000
6	1396		4741.892644000
6	0		4741.907919000
6	1396		4741.911545000
6	1396		4741.930424000
6	1396		4741.949430000
6	1396		4741.968447000
6	0		4741.970050000
6	1396		4741.987200000
6	1396		4742.006135000
6	1396		4742.025139000
6	0		4742.032173000
17		43	4742.032205000
17		1358	4742.033187000
6	1396		4742.044003000
6	1396		4742.062901000
6	1396		4742.081843000
17		43	4742.094594000
6	1396		4742.100777000
6	1396		4742.119684000
6	1396		4742.138600000
17		43	4742.156270000
6	1396		4742.157516000
6	1396		4742.176520000
17		1358	4742.181815000
6	1396		4742.195386000
6	1396		4742.214306000
17		43	4742.218737000
6	1396		4742.233279000
6	1396		4742.252226000
6	1396		4742.271078000
17		43	4742.280285000
6	1396		4742.289984000
6	1396		4742.308905000
6	1396		4742.327895000
17		1358	4742.330938000
17		43	4742.342454000
6	1396		4742.346736000
6	1396		4742.365694000
6	1396		4742.384614000
6	1396		4742.403547000
17		43	4742.403995000
6	1396		4742.422468000
6	1396		4742.441464000
6	1396		4742.460353000
17		43	4742.466557000
6	1396		4742.479236000
17		1358	4742.479565000
6	1396		4742.498159000
6	1396		4742.517177000
17		43	4742.528569000
6	1396		4742.536016000
6	1396		4742.554932000
6	1396		4742.573916000
17		43	4742.590253000
6	1396		4742.592761000
17		1358	4742.626990000
17		43	4742.652123000
17		43	4742.713974000
17		43	4742.776101000
17		43	4742.838500000
17		43	4742.900508000
17		43	4742.961781000
17		43	4743.023961000
17		47	4743.086099000
17		33	4743.112889000
17		41	4743.148211000
17		41	4743.209914000
17		41	4743.272256000
17		41	4743.334472000
17		41	4743.396484000
17		41	4743.457948000
17		41	4743.519827000
17		41	4743.582015000
6	0		4743.644314000
6	1396		4743.651362000
6	0		4743.706660000
6	1396		4743.713639000
6	1125		4743.723066000
6	0		4743.767829000
6	0		4743.830415000
6	0		4743.892639000
6	0		4743.953931000
6	0		4744.015984000
6	0		4744.078177000
6	0		4744.140343000
6	0		4744.202498000
6	0		4744.264647000
6	0		4744.325840000
6	0		4744.387892000
6	0		4744.450078000
6	0		4744.512530000
17		41	4744.574146000
17		1358	4744.575564000
6	0		4744.636695000
6	0		4744.698246000
6	0		4744.822693000
17		646	4744.822721000
17		39	4744.824521000
17		87	4744.826823000
17		33	4744.826944000
17		1195	4744.883878000
17		39	4744.885699000
17		87	4744.891775000
17		167	4744.891852000
6	0		4744.946149000
6	0		4745.008308000
17		41	4745.070049000
17		1358	4745.071881000
6	0		4745.194632000
6	0		4745.317946000
6	0		4745.442473000
6	0		4745.566790000
17		41	4745.628635000
17		1358	4745.630279000
6	0		4745.752703000
6	0		4745.876021000
6	0		4746.000323000
6	0		4746.124665000
17		41	4746.186536000
17		1358	4746.187794000
6	0		4746.310225000
6	0		4746.434543000
6	0		4746.496696000
17		41	4746.558655000
17		1358	4746.560326000
17		1358	4746.612667000
17		1358	4746.663618000
6	0		4746.682490000
17		1358	4746.715105000
6	0		4746.744028000
17		1358	4746.766711000
6	1396		4746.806621000
6	441		4746.806654000
17		47	4746.806663000
17		47	4746.806670000
17		41	4746.806674000
17		41	4746.806679000
6	0		4746.813690000
17		1358	4746.817793000
17		33	4746.833634000
17		41	4746.868429000
17		1358	4746.870159000
17		1358	4746.920778000
17		41	4746.929862000
6	1396		4746.936496000
6	1396		4746.945945000
6	1396		4746.964870000
17		1358	4746.971302000
6	1396		4746.983859000
17		41	4746.991940000
6	1396		4747.002732000
6	1396		4747.021672000
17		1358	4747.022665000
6	1396		4747.040568000
17		41	4747.054207000
6	1396		4747.059511000
17		1358	4747.074499000
6	1396		4747.078427000
6	1396		4747.097338000
17		41	4747.116107000
6	1396		4747.116248000
17		1358	4747.125905000
6	1396		4747.135186000
6	1396		4747.154130000
6	1396		4747.173046000
17		1358	4747.176610000
17		46	4747.178296000
6	1396		4747.191969000
17		33	4747.204328000
6	1396		4747.210885000
17		1358	4747.228713000
6	1396		4747.229791000
17		41	4747.239859000
6	1396		4747.248728000
6	1396		4747.267650000
17		1358	4747.280363000
6	1396		4747.286566000
17		41	4747.301818000
6	1396		4747.305499000
6	1396		4747.324416000
17		1358	4747.331588000
6	1396		4747.343383000
6	1396		4747.362291000
17		41	4747.364090000
6	1396		4747.381197000
17		1358	4747.382966000
6	1396		4747.400138000
6	1396		4747.419047000
17		41	4747.426702000
17		1358	4747.434115000
6	1396		4747.437973000
6	1396		4747.456906000
6	1396		4747.475833000
17		1358	4747.485475000
17		41	4747.488386000
6	1396		4747.494743000
6	1396		4747.513649000
6	1396		4747.532602000
17		1358	4747.536954000
6	1396		4747.551529000
6	1396		4747.570440000
17		1358	4747.588013000
6	127		4747.589349000
6	0		4747.612606000
17		1358	4747.638894000
17		41	4747.674244000
6	0		4747.674293000
17		1358	4747.690286000
6	0		4747.736490000
17		1358	4747.741428000
17		1358	4747.792608000
6	0		4747.797911000
17		1358	4747.843928000
6	0		4747.860110000
17		1358	4747.894916000
17		41	4747.922004000
17		1358	4747.946350000
6	0		4747.984371000
17		1358	4747.998080000
6	0		4748.046737000
17		1358	4748.050298000
17		1358	4748.101448000
17		41	4748.108214000
17		1358	4748.153125000
6	0		4748.169853000
17		1358	4748.203472000
6	0		4748.232515000
17		1358	4748.254855000
6	0		4748.293876000
17		1358	4748.306139000
17		41	4748.356137000
17		1358	4748.357819000
17		1358	4748.409191000
6	0		4748.418517000
17		1358	4748.459716000
6	0		4748.480006000
17		1358	4748.511353000
6	0		4748.542205000
17		1358	4748.562414000
17		41	4748.604445000
17		1358	4748.614310000
17		1358	4748.664797000
6	0		4748.665793000
17		1358	4748.716235000
6	0		4748.728186000
17		1358	4748.767263000
17		41	4748.790387000
17		1358	4748.819140000
6	0		4748.852533000
17		1358	4748.871740000
6	0		4748.914057000
17		1358	4748.922906000
17		1358	4748.973769000
6	0		4748.975813000
17		41	4748.975837000
17		1358	4749.024991000
6	0		4749.038135000
17		1358	4749.076445000
6	0		4749.100420000
17		1358	4749.127386000
6	0		4749.162007000
17		1358	4749.178568000
17		41	4749.223972000
17		1358	4749.229988000
17		1358	4749.281698000
6	0		4749.286059000
6	0		4749.348224000
6	0		4749.410406000
17		41	4749.472146000
17		1358	4749.473830000
6	0		4749.534215000
6	0		4749.596370000
17		41	4749.658229000
17		1358	4749.659277000
6	0		4749.720627000
6	0		4749.781843000
6	0		4749.843938000
17		41	4749.905838000
17		1358	4749.907650000
6	0		4749.967993000
6	0		4750.030205000
6	0		4750.092407000
17		41	4750.154185000
17		1358	4750.155131000
6	0		4750.216665000
6	0		4750.216701000
17		41	4750.278467000
17		1358	4750.280168000
6	0		4750.340752000
6	1396		4750.402584000
6	329		4750.402627000
17		41	4750.402639000
17		46	4750.402645000
6	0		4750.409748000
6	1396		4750.410709000
6	1396		4750.428577000
17		33	4750.429217000
6	1396		4750.447491000
17		41	4750.464734000
6	1396		4750.466393000
6	1396		4750.485394000
6	1396		4750.504273000
6	1396		4750.523194000
17		41	4750.525865000
6	1396		4750.542121000
6	1396		4750.561045000
6	1396		4750.579946000
17		41	4750.588654000
6	1396		4750.598893000
6	1396		4750.617854000
6	1396		4750.636731000
17		41	4750.650030000
6	1396		4750.655654000
6	1396		4750.674567000
6	1396		4750.693572000
6	1396		4750.712406000
17		41	4750.712795000
6	1396		4750.731347000
6	1396		4750.750289000
6	1396		4750.769208000
17		41	4750.774607000
6	1396		4750.788133000
6	1396		4750.807035000
6	1396		4750.825980000
17		41	4750.836506000
6	1396		4750.844918000
6	1396		4750.863807000
6	1396		4750.882732000
17		41	4750.898430000
6	1396		4750.901713000
6	1396		4750.920634000
6	1396		4750.939578000
6	1396		4750.958486000
17		41	4750.959966000
6	1396		4750.977350000
6	1396		4750.996261000
6	1396		4751.015214000
17		41	4751.022756000
6	1396		4751.034146000
6	1396		4751.053150000
6	1396		4751.071986000
17		41	4751.084356000
6	1396		4751.090899000
6	1396		4751.109814000
6	1396		4751.128711000
17		41	4751.146773000
6	1396		4751.147647000
6	1396		4751.166600000
6	1396		4751.185527000
6	1396		4751.204431000
17		41	4751.208369000
17		1358	4751.210137000
6	1396		4751.223374000
6	1396		4751.242404000
6	1396		4751.261226000
17		41	4751.270833000
17		1358	4751.272801000
6	1396		4751.280134000
6	1095		4751.299055000
17		41	4751.332551000
17		1358	4751.333732000
17		41	4751.394604000
17		1358	4751.395820000
17		41	4751.456042000
17		1358	4751.457557000
17		41	4751.518490000
17		1358	4751.519772000
17		41	4751.580739000
17		1358	4751.582849000
17		46	4751.642456000
17		1358	4751.643955000
17		41	4751.704108000
17		1358	4751.705106000
17		1358	4751.758075000
17		41	4751.765949000
17		1358	4751.808588000
17		41	4751.828265000
17		1358	4751.861496000
17		41	4751.890771000
17		1358	4751.913251000
17		41	4751.951878000
17		1358	4751.966151000
17		41	4752.014647000
17		1358	4752.018918000
17		41	4752.076686000
17		1358	4752.078495000
17		41	4752.138799000
17		1358	4752.140589000
17		41	4752.200500000
17		1358	4752.202565000
17		41	4752.261880000
17		1358	4752.263663000
17		41	4752.324674000
17		1358	4752.325994000
17		41	4752.386528000
17		1358	4752.388208000
17		41	4752.449081000
17		1358	4752.450817000
17		1358	4752.503156000
6	0		4752.510359000
6	0		4752.572637000
6	0		4752.633882000
6	0		4752.696009000
6	0		4752.758193000
6	0		4752.820440000
6	0		4752.882584000
6	0		4752.944785000
6	0		4753.006045000
6	0		4753.068235000
6	0		4753.130447000
6	0		4753.192674000
6	0		4753.253902000
6	0		4753.316033000
6	0		4753.378291000
6	0		4753.440531000
6	0		4753.502736000
6	0		4753.563951000
6	0		4753.626190000
6	0		4753.688375000
6	0		4753.750600000
6	0		4753.812737000
6	0		4753.874115000
6	0		4753.936375000
6	0		4753.998506000
6	0		4754.060762000
6	0		4754.121978000
6	0		4754.184238000
6	0		4754.246412000
6	0		4754.246444000
6	0		4754.308610000
6	0		4754.370783000
6	0		4754.431992000
6	0		4754.494302000
6	0		4754.556376000
6	0		4754.618502000
6	0		4754.680801000
6	0		4754.742012000
6	0		4754.804174000
6	0		4754.866423000
6	0		4754.928551000
6	0		4754.989816000
6	0		4755.051887000
6	1396		4755.113970000
6	441		4755.114006000
17		41	4755.114017000
6	0		4755.122602000
6	1396		4755.123117000
6	1396		4755.143213000
6	1396		4755.164300000
6	0		4755.176266000
6	1396		4755.185407000
6	1396		4755.206566000
6	1396		4755.227667000
6	0		4755.237998000
6	1396		4755.248768000
6	1396		4755.269904000
6	1396		4755.291022000
6	0		4755.300198000
6	1396		4755.312116000
6	1396		4755.333248000
6	1396		4755.354407000
17		41	4755.362195000
6	1396		4755.375493000
6	1396		4755.396586000
6	1396		4755.417722000
6	0		4755.424619000
6	0		4755.424645000
6	1396		4755.438850000
6	1396		4755.459968000
6	1396		4755.481083000
17		41	4755.486149000
17		1358	4755.487909000
6	1396		4755.502186000
6	1396		4755.523332000
6	1396		4755.544431000
17		41	4755.548355000
17		1358	4755.550006000
6	1396		4755.565522000
6	1396		4755.586663000
6	1396		4755.607792000
17		41	4755.610672000
17		1358	4755.612357000
6	1396		4755.628883000
6	1396		4755.649997000
6	1396		4755.671120000
17		41	4755.672121000
17		1358	4755.673521000
6	1396		4755.692268000
6	1396		4755.713346000
17		46	4755.734394000
6	1396		4755.734484000
17		1358	4755.735703000
6	1396		4755.755600000
6	1396		4755.776719000
17		41	4755.796541000
6	1396		4755.797814000
17		1358	4755.798281000
6	1396		4755.818957000
6	1396		4755.840067000
17		41	4755.857910000
17		1358	4755.859626000
6	1396		4755.861168000
6	1396		4755.882292000
6	1396		4755.903418000
17		41	4755.920311000
17		1358	4755.922576000
6	1396		4755.924508000
6	1396		4755.945651000
6	1396		4755.966759000
17		41	4755.982615000
17		1358	4755.984507000
6	1396		4755.987878000
6	1396		4756.008998000
6	1396		4756.030111000
17		41	4756.043943000
17		1358	4756.045746000
6	1396		4756.051234000
6	1396		4756.072353000
6	1396		4756.093483000
17		41	4756.106258000
17		1358	4756.108114000
6	1125		4756.114578000
17		41	4756.168775000
17		1358	4756.170558000
17		1358	4756.226640000
17		41	4756.230211000
17		1358	4756.282781000
17		41	4756.292025000
17		1358	4756.339627000
17		41	4756.354594000
17		1358	4756.397225000
17		41	4756.415969000
17		1358	4756.453155000
17		41	4756.478387000
17		1358	4756.509919000
17		41	4756.540634000
17		1358	4756.566484000
17		41	4756.602342000
17		1358	4756.622918000
17		41	4756.663960000
17		1358	4756.668780000
6	0		4756.726255000
6	0		4756.850443000
6	0		4756.973811000
6	0		4757.098145000
6	0		4757.222572000
6	0		4757.284782000
6	0		4757.408470000
6	0		4757.532165000
6	0		4757.656668000
17		41	4757.780278000
6	0		4757.780305000
6	0		4757.904355000
17		41	4758.028342000
6	0		4758.090881000
6	0		4758.214387000
17		41	4758.276236000
6	0		4758.400805000
17		41	4758.523880000
6	0		4758.586372000
6	0		4758.648533000
17		46	4758.710494000
17		33	4758.736964000
6	0		4758.772304000
6	0		4758.773532000
6	0		4758.834518000
17		41	4758.957948000
6	0		4759.020265000
17		41	4759.144309000
6	0		4759.144338000
6	0		4759.267956000
17		41	4759.392016000
6	0		4759.454425000
6	0		4759.578779000
17		41	4759.640125000
6	0		4759.764729000
17		41	4759.826380000
6	0		4759.888671000
6	0		4760.012055000
6	1396		4760.074047000
6	0		4760.086813000
6	329		4760.136499000
17		41	4760.136537000
6	0		4760.136548000
6	0		4760.143541000
6	1396		4760.144625000
6	1396		4760.162435000
6	1396		4760.181374000
17		41	4760.197918000
6	1396		4760.200290000
6	1396		4760.219219000
6	1396		4760.238137000
6	1396		4760.257074000
17		41	4760.260397000
6	1396		4760.275993000
6	1396		4760.294914000
6	1396		4760.313846000
17		41	4760.322194000
6	1396		4760.332776000
6	1396		4760.351710000
6	1396		4760.370627000
17		41	4760.384022000
6	1396		4760.389522000
6	1396		4760.408463000
6	1396		4760.427393000
17		41	4760.445839000
6	1396		4760.446326000
6	1396		4760.465238000
6	1396		4760.484204000
6	1396		4760.503115000
17		41	4760.508299000
17		1358	4760.510042000
6	1396		4760.522021000
6	1396		4760.540976000
6	1396		4760.559856000
17		41	4760.570240000
17		1358	4760.572062000
6	1396		4760.578778000
6	1396		4760.597698000
6	1396		4760.616630000
17		1358	4760.629095000
17		41	4760.632086000
6	1396		4760.635569000
6	1396		4760.654453000
6	1396		4760.673408000
17		1358	4760.684462000
6	1396		4760.692329000
17		41	4760.694371000
6	1396		4760.711293000
6	1396		4760.730180000
17		1358	4760.741169000
6	1396		4760.749098000
6	0		4760.756453000
6	1396		4760.768017000
6	1396		4760.786908000
17		1358	4760.798042000
6	1396		4760.805870000
6	0		4760.818226000
6	1396		4760.824827000
6	1396		4760.843743000
17		1358	4760.854397000
6	1396		4760.862628000
6	0		4760.879960000
6	1396		4760.881586000
6	1396		4760.900482000
17		1358	4760.909279000
6	1396		4760.919411000
6	1396		4760.938350000
6	0		4760.942178000
6	1396		4760.957257000
17		1358	4760.964938000
6	1396		4760.976202000
6	1396		4760.995135000
6	0		4761.004444000
6	1396		4761.014025000
17		1358	4761.020370000
6	772		4761.032953000
6	0		4761.066330000
17		1358	4761.077106000
6	0		4761.128484000
17		1358	4761.132357000
17		1358	4761.189095000
6	0		4761.190297000
17		1358	4761.244624000
17		1358	4761.300302000
6	0		4761.314136000
17		1358	4761.355847000
17		1358	4761.411562000
6	0		4761.438536000
17		1358	4761.466931000
17		1358	4761.523448000
6	0		4761.562377000
17		1358	4761.579346000
17		1358	4761.634587000
6	0		4761.686772000
17		1358	4761.691124000
6	0		4761.810567000
6	0		4761.933984000
17		41	4761.995894000
17		1358	4761.997283000
17		1358	4762.054037000
6	0		4762.120470000
17		41	4762.181860000
17		1358	4762.182890000
17		1358	4762.240194000
6	0		4762.243810000
6	0		4762.367858000
17		41	4762.430116000
17		1358	4762.431714000
17		1358	4762.488870000
6	0		4762.554496000
17		41	4762.677949000
17		1358	4762.679641000
17		1358	4762.736402000
6	0		4762.740141000
6	0		4762.863922000
17		46	4762.926651000
17		1358	4762.928526000
17		1358	4762.985454000
6	0		4763.050325000
6	0		4763.050355000
6	0		4763.052287000
17		41	4763.173867000
17		1358	4763.176088000
17		1358	4763.232521000
6	0		4763.235820000
6	0		4763.360261000
17		41	4763.421924000
17		1358	4763.424047000
17		1358	4763.480158000
6	0		4763.484747000
6	1396		4763.546714000
6	0		4763.559253000
6	441		4763.608347000
17		41	4763.608379000
6	0		4763.608388000
17		1358	4763.610181000
6	0		4763.616420000
6	1396		4763.617385000
6	1396		4763.637549000
6	1396		4763.658685000
17		1358	4763.667097000
6	1396		4763.679780000
6	1396		4763.700891000
6	1396		4763.722009000
6	0		4763.732608000
6	1396		4763.743132000
6	1396		4763.764266000
6	1396		4763.785413000
6	1396		4763.806479000
6	1396		4763.827613000
6	1396		4763.848719000
17		41	4763.856043000
17		1358	4763.857775000
6	1396		4763.869826000
6	1396		4763.890981000
6	1396		4763.912063000
17		1358	4763.914396000
6	0		4763.918224000
6	1396		4763.933178000
6	1396		4763.954321000
6	1396		4763.975454000
6	1396		4763.996525000
6	1396		4764.017662000
6	1396		4764.038789000
6	0		4764.041872000
6	1396		4764.059885000
6	1396		4764.080995000
6	1396		4764.102140000
17		41	4764.103944000
17		1358	4764.106166000
6	1396		4764.123241000
6	1396		4764.144364000
17		1358	4764.162606000
6	1396		4764.165497000
6	0		4764.166066000
17		41	4764.166100000
6	1396		4764.186611000
6	1396		4764.207720000
17		1358	4764.219112000
6	1396		4764.228805000
17		41	4764.228880000
6	1396		4764.249941000
6	1396		4764.271053000
17		1358	4764.275743000
17		41	4764.290522000
6	1396		4764.292169000
6	1396		4764.313283000
17		1358	4764.331262000
6	1396		4764.334406000
17		41	4764.351951000
6	1396		4764.355541000
6	1396		4764.376666000
17		1358	4764.387725000
6	1396		4764.397760000
17		41	4764.414504000
6	1396		4764.418883000
6	1396		4764.439986000
17		1358	4764.443295000
6	1396		4764.461113000
17		41	4764.475856000
6	1396		4764.482303000
17		1358	4764.498842000
6	1396		4764.503352000
6	1396		4764.524485000
17		41	4764.538329000
6	981		4764.545580000
17		1358	4764.555673000
17		41	4764.600035000
17		1358	4764.611381000
17		41	4764.662707000
17		1358	4764.666361000
17		1358	4764.722308000
17		41	4764.724408000
17		1358	4764.777649000
17		41	4764.786467000
17		1358	4764.833540000
17		41	4764.848739000
17		1358	4764.889888000
17		41	4764.910738000
17		1358	4764.945637000
17		41	4764.972052000
17		1358	4765.001171000
17		46	4765.033974000
17		1358	4765.057413000
17		41	4765.096447000
17		1358	4765.112407000
17		41	4765.158694000
17		1358	4765.167935000
17		41	4765.220688000
17		1358	4765.224594000
17		1358	4765.280587000
17		41	4765.282126000
17		1358	4765.335697000
17		41	4765.344769000
17		1358	4765.391657000
17		41	4765.405864000
17		1358	4765.444509000
17		41	4765.467983000
17		1358	4765.496604000
17		41	4765.530678000
17		1358	4765.548874000
17		41	4765.592802000
17		1358	4765.600486000
17		1358	4765.652941000
17		41	4765.654223000
17		1358	4765.705332000
17		1358	4765.757451000
6	0		4765.778774000
17		1358	4765.810185000
17		1358	4765.862037000
17		41	4765.902386000
17		1358	4765.913971000
6	0		4765.964573000
17		1358	4765.966523000
17		1358	4766.018909000
17		1358	4766.070350000
6	0		4766.088390000
17		1358	4766.122454000
17		1358	4766.175080000
6	0		4766.211965000
17		1358	4766.227241000
17		1358	4766.279274000
17		1358	4766.331855000
6	0		4766.336707000
17		1358	4766.383789000
17		1358	4766.436438000
6	0		4766.460276000
17		1358	4766.487954000
17		41	4766.522650000
17		1358	4766.539919000
17		1358	4766.593405000
17		1358	4766.645746000
6	0		4766.646394000
17		1358	4766.697861000
17		41	4766.770033000
17		1358	4766.771776000
6	0		4766.832579000
6	0		4766.956466000
6	0		4767.080768000
6	0		4767.141962000
6	0		4767.266296000
17		41	4767.328212000
17		1358	4767.329764000
6	0		4767.452241000
17		41	4767.514211000
17		1358	4767.515908000
6	0		4767.638423000
17		41	4767.762512000
17		1358	4767.764032000
6	0		4767.823869000
6	0		4767.948621000
17		41	4768.010711000
17		1358	4768.012609000
6	0		4768.134072000
17		41	4768.196539000
17		1358	4768.198246000
6	0		4768.319816000
17		41	4768.382040000
17		1358	4768.383734000
6	0		4768.444231000
6	0		4768.568589000
6	1396		4768.630158000
6	441		4768.630187000
17		46	4768.630197000
17		1358	4768.631867000
6	0		4768.637166000
6	1396		4768.638277000
6	1396		4768.656107000
6	1396		4768.675016000
6	1396		4768.693936000
6	1396		4768.712846000
6	1396		4768.731757000
6	1396		4768.750715000
6	0		4768.754498000
6	1396		4768.769615000
6	1396		4768.788564000
6	1396		4768.807510000
17		41	4768.815827000
17		1358	4768.817780000
6	1396		4768.826447000
6	1396		4768.845299000
6	1396		4768.864269000
6	1396		4768.883173000
6	1396		4768.902146000
6	1396		4768.921043000
6	1396		4768.939939000
6	0		4768.940674000
6	1396		4768.958885000
6	1396		4768.977801000
6	1396		4768.996753000
6	0		4769.001851000
6	1396		4769.015656000
6	1396		4769.034570000
6	1396		4769.053467000
17		41	4769.063813000
17		1358	4769.065357000
6	1396		4769.072386000
6	1396		4769.091331000
6	1396		4769.110256000
17		41	4769.126658000
6	1396		4769.129205000
17		1358	4769.131560000
6	1396		4769.148104000
6	1396		4769.167021000
6	1396		4769.185959000
17		41	4769.188466000
17		1358	4769.197971000
6	1396		4769.204885000
6	1396		4769.223802000
6	1396		4769.242727000
6	0		4769.250026000
17		41	4769.250054000
6	0		4769.250966000
6	1396		4769.261634000
17		1358	4769.263810000
6	1396		4769.280547000
6	1396		4769.299558000
17		41	4769.311993000
6	1396		4769.318415000
17		1358	4769.328647000
6	1396		4769.337334000
6	1396		4769.356263000
17		41	4769.374655000
6	1396		4769.375188000
17		1358	4769.394080000
6	1396		4769.394132000
6	1396		4769.413018000
6	1396		4769.431958000
17		41	4769.436285000
6	1396		4769.450874000
17		1358	4769.459848000
6	1396		4769.469828000
6	1396		4769.488735000
17		41	4769.498145000
6	1396		4769.507670000
17		1358	4769.525375000
6	1396		4769.526581000
6	1396		4769.545519000
17		41	4769.560016000
6	1396		4769.564432000
6	1396		4769.583374000
17		1358	4769.591422000
6	1396		4769.602407000
6	1396		4769.621241000
17		41	4769.622880000
6	1396		4769.640156000
17		1358	4769.656445000
6	1396		4769.659040000
6	1396		4769.677983000
17		41	4769.684476000
6	591		4769.696891000
17		1358	4769.721218000
17		41	4769.746389000
17		1358	4769.787183000
17		41	4769.808476000
17		1358	4769.851689000
17		41	4769.870522000
17		1358	4769.917459000
17		41	4769.932043000
17		1358	4769.982908000
17		41	4769.994740000
17		1358	4770.048260000
17		41	4770.056394000
17		1358	4770.113210000
17		41	4770.118501000
17		1358	4770.177936000
17		46	4770.180438000
17		33	4770.206874000
17		41	4770.242078000
17		1358	4770.243762000
17		41	4770.303982000
17		1358	4770.308927000
17		41	4770.365926000
17		1358	4770.374164000
17		41	4770.428244000
17		1358	4770.438825000
17		41	4770.490320000
17		1358	4770.504697000
17		41	4770.552119000
17		1358	4770.570130000
17		41	4770.613914000
17		1358	4770.634645000
17		41	4770.676296000
17		1358	4770.700054000
17		41	4770.737961000
17		1358	4770.765741000
17		41	4770.800151000
17		1358	4770.830657000
17		41	4770.862776000
17		1358	4770.896543000
17		41	4770.923966000
17		1358	4770.960767000
17		41	4770.986631000
6	0		4770.986669000
6	0		4770.987250000
17		1358	4771.026454000
17		41	4771.048144000
17		1358	4771.091516000
17		41	4771.109906000
17		1358	4771.156640000
17		41	4771.171867000
17		1358	4771.222755000
17		41	4771.233937000
17		1358	4771.288029000
17		41	4771.296138000
17		1358	4771.353514000
17		42	4771.358151000
17		1358	4771.418708000
17		47	4771.420720000
17		33	4771.447268000
17		42	4771.482229000
17		1358	4771.483974000
17		42	4771.544396000
17		1358	4771.549137000
17		42	4771.606148000
17		1358	4771.614639000
17		42	4771.668269000
17		1358	4771.679865000
17		43	4771.730742000
17		1358	4771.744869000
17		42	4771.791956000
17		1358	4771.810305000
6	0		4771.854388000
17		1358	4771.875964000
6	0		4771.916338000
17		1358	4771.940555000
6	0		4771.977923000
17		1358	4772.006489000
6	0		4772.040127000
17		1358	4772.070830000
6	0		4772.101921000
17		1358	4772.136482000
6	0		4772.164258000
17		1358	4772.201631000
6	0		4772.226018000
17		1358	4772.266684000
6	0		4772.288085000
6	0		4772.288117000
17		1358	4772.331927000
6	0		4772.350323000
17		1358	4772.397046000
17		41	4772.412148000
6	0		4772.474515000
6	0		4772.536749000
6	0		4772.598007000
6	0		4772.660171000
6	0		4772.722397000
6	0		4772.784241000
17		1358	4772.784274000
17		1358	4772.786359000
17		33	4772.811797000
6	0		4772.828154000
6	0		4772.846385000
6	0		4772.969832000
6	0		4773.094172000
6	0		4773.218534000
17		41	4773.280472000
6	0		4773.404021000
6	0		4773.528378000
17		41	4773.590737000
6	0		4773.714163000
17		41	4773.775915000
6	0		4773.838358000
6	0		4773.962599000
17		41	4774.085867000
6	0		4774.148310000
6	0		4774.272608000
17		41	4774.334582000
6	0		4774.458126000
17		41	4774.582217000
6	0		4774.644671000
6	0		4774.767931000
17		41	4774.892279000
6	0		4774.892305000
6	0		4775.016620000
17		41	4775.077960000
6	0		4775.140163000
6	0		4775.264446000
17		41	4775.387859000
6	0		4775.450038000
6	0		4775.574363000
17		41	4775.636318000
6	0		4775.760479000
6	0		4775.760505000
6	0		4775.760512000
6	0		4775.761491000
6	1396		4775.822796000
6	328		4775.822834000
17		41	4775.822847000
6	0		4775.829890000
17		41	4775.884688000
17		47	4775.945919000
17		33	4775.972520000
6	1396		4775.977843000
6	1396		4775.987293000
6	1396		4776.006262000
17		42	4776.008101000
6	1396		4776.025154000
6	1396		4776.044076000
6	0		4776.047198000
6	1396		4776.062976000
17		42	4776.070343000
6	1396		4776.081884000
6	1396		4776.100860000
6	1396		4776.119755000
17		42	4776.132161000
6	1396		4776.138677000
6	1396		4776.157590000
6	1396		4776.176594000
17		42	4776.193854000
6	1396		4776.195434000
6	1396		4776.214399000
6	1396		4776.233301000
6	1396		4776.252211000
17		42	4776.255793000
6	1396		4776.271159000
6	1396		4776.290080000
6	1396		4776.308995000
17		41	4776.317945000
6	1396		4776.327922000
6	1396		4776.346827000
6	1396		4776.365776000
17		41	4776.379955000
6	1396		4776.384678000
6	1396		4776.403609000
6	1396		4776.422532000
6	1396		4776.441442000
17		41	4776.441786000
6	1396		4776.460379000
6	1396		4776.479300000
6	1396		4776.498236000
17		41	4776.504501000
6	1396		4776.517140000
6	1396		4776.536073000
6	1396		4776.555019000
17		41	4776.566546000
6	1396		4776.573922000
6	1396		4776.592863000
6	1396		4776.611768000
17		41	4776.628251000
6	1396		4776.630697000
6	1396		4776.649592000
6	1396		4776.668558000
6	1396		4776.687546000
17		41	4776.689803000
6	0		4776.692119000
6	1396		4776.706376000
6	1396		4776.725332000
6	1396		4776.744303000
17		41	4776.752560000
6	1396		4776.763154000
6	1396		4776.782093000
6	1396		4776.801080000
17		41	4776.814770000
6	1396		4776.819941000
6	1396		4776.838949000
6	1095		4776.857843000
17		41	4776.876170000
17		41	4776.938013000
17		41	4777.000135000
17		41	4777.062247000
17		41	4777.124512000
17		47	4777.186629000
17		33	4777.213360000
17		42	4777.248628000
17		41	4777.310516000
17		41	4777.372602000
17		41	4777.434662000
17		41	4777.496775000
17		41	4777.558084000
17		41	4777.620273000
17		41	4777.682263000
17		41	4777.744190000
17		41	4777.806590000
17		41	4777.868692000
17		41	4777.929806000
17		1358	4777.931533000
17		41	4777.992327000
17		1358	4777.997249000
17		41	4778.053853000
17		1358	4778.063302000
17		41	4778.116469000
17		1358	4778.129409000
17		41	4778.178508000
17		1358	4778.195948000
1,17		1358	4778.239847000
1,17		33	4778.239881000
6	0		4778.239893000
6	0		4778.364568000
6	0		4778.488827000
6	0		4778.550048000
6	0		4778.612276000
6	0		4778.736532000
6	0		4778.859857000
6	0		4778.984146000
6	0		4779.108608000
6	0		4779.231929000
6	0		4779.356328000
6	0		4779.480623000
6	0		4779.603989000
6	0		4779.666572000
6	0		4779.790568000
6	0		4779.913832000
6	0		4780.038175000
6	0		4780.162654000
6	0		4780.285963000
6	0		4780.410319000
6	0		4780.534221000
6	1396		4780.595952000
6	441		4780.595988000
6	0		4780.596003000
6	0		4780.604542000
6	1396		4780.605111000
6	1396		4780.625193000
6	1396		4780.646318000
6	0		4780.658214000
6	1396		4780.667396000
6	1396		4780.688541000
6	1396		4780.709660000
6	1396		4780.730753000
6	1396		4780.751895000
6	1396		4780.773016000
6	0		4780.782221000
6	1396		4780.794101000
6	1396		4780.815270000
6	1396		4780.836364000
6	1396		4780.857469000
6	1396		4780.878567000
6	1396		4780.899710000
6	0		4780.905907000
6	1396		4780.920826000
6	1396		4780.941946000
6	1396		4780.963044000
6	1396		4780.984159000
6	1396		4781.005298000
6	1396		4781.026415000
6	0		4781.029929000
6	1396		4781.047521000
6	1396		4781.068656000
6	1396		4781.089756000
6	0		4781.092517000
6	1396		4781.110877000
6	1396		4781.132002000
6	1396		4781.153134000
17		41	4781.153817000
17		1358	4781.155578000
6	1396		4781.174223000
6	1396		4781.195326000
17		1358	4781.208562000
17		41	4781.216241000
6	1396		4781.216442000
6	1396		4781.237586000
6	1396		4781.258724000
17		1358	4781.260749000
17		41	4781.278672000
6	1396		4781.279796000
6	1396		4781.300936000
17		1358	4781.313083000
6	1396		4781.322076000
17		46	4781.340308000
6	1396		4781.343196000
6	1359		4781.364278000
17		1358	4781.364699000
17		41	4781.402442000
17		1358	4781.417997000
17		1358	4781.470646000
17		1358	4781.522673000
6	0		4781.526526000
17		1358	4781.574573000
17		1358	4781.626538000
6	0		4781.650109000
17		1358	4781.679541000
17		1358	4781.731216000
6	0		4781.774132000
17		1358	4781.783183000
17		1358	4781.835244000
17		1358	4781.887785000
6	0		4781.898742000
17		1358	4781.940397000
17		1358	4781.992773000
6	0		4782.021873000
17		1358	4782.043982000
17		1358	4782.096485000
6	0		4782.146466000
17		1358	4782.149373000
17		1358	4782.200922000
17		1358	4782.252840000
6	0		4782.270379000
17		1358	4782.305346000
17		1358	4782.358039000
6	0		4782.394781000
17		1358	4782.409309000
17		1358	4782.462001000
17		1358	4782.514083000
6	0		4782.518445000
17		1358	4782.566571000
6	0		4782.580606000
17		1358	4782.618760000
17		1358	4782.671211000
6	0		4782.704292000
17		1358	4782.722762000
17		1358	4782.775660000
17		1358	4782.827748000
6	0		4782.828279000
17		1358	4782.879173000
17		1358	4782.931340000
6	0		4782.952742000
17		1358	4782.983581000
17		1358	4783.036390000
6	1396		4783.076326000
17		1358	4783.088250000
6	0		4783.088816000
6	329		4783.138112000
17		41	4783.138140000
6	0		4783.138148000
17		1358	4783.139232000
6	0		4783.145096000
6	1396		4783.146148000
6	1396		4783.164024000
6	1396		4783.182982000
6	0		4783.200299000
6	1396		4783.201875000
6	1396		4783.220814000
17		1358	4783.227802000
6	1396		4783.239747000
6	1396		4783.258682000
17		41	4783.262448000
6	1396		4783.277584000
6	1396		4783.296522000
17		1358	4783.314904000
6	1396		4783.315398000
6	1396		4783.334369000
6	1396		4783.353301000
6	1396		4783.372221000
6	0		4783.386752000
6	1396		4783.391133000
17		1358	4783.402045000
6	1396		4783.410069000
6	1396		4783.428955000
6	1396		4783.447898000
6	1396		4783.466841000
6	1396		4783.485767000
17		1358	4783.489519000
6	1396		4783.504686000
17		41	4783.510072000
6	1396		4783.523596000
6	1396		4783.542545000
6	1396		4783.561439000
6	0		4783.572207000
17		1358	4783.575452000
6	1396		4783.580376000
6	1396		4783.599293000
6	1396		4783.618233000
6	1396		4783.637188000
6	1396		4783.656069000
17		1358	4783.663874000
6	1396		4783.674997000
6	1396		4783.693936000
17		41	4783.696368000
6	1396		4783.712850000
6	1396		4783.731748000
17		1358	4783.750010000
6	1396		4783.750676000
6	0		4783.758643000
6	1396		4783.769613000
6	1396		4783.788526000
6	1396		4783.807475000
6	1396		4783.826387000
17		1358	4783.837326000
6	1396		4783.845285000
6	1396		4783.864230000
6	0		4783.882458000
17		41	4783.882489000
6	1396		4783.883134000
6	1396		4783.902077000
6	1396		4783.921081000
17		1358	4783.924515000
6	1396		4783.939937000
17		41	4783.944445000
6	1396		4783.958853000
6	1396		4783.977762000
6	1396		4783.996694000
17		41	4784.006409000
17		1358	4784.011351000
6	1396		4784.015639000
6	1095		4784.034536000
17		41	4784.067806000
17		1358	4784.098441000
17		41	4784.129803000
17		1358	4784.185441000
17		41	4784.191821000
17		41	4784.254041000
17		1358	4784.272523000
17		41	4784.316727000
17		1358	4784.359440000
17		41	4784.378647000
17		41	4784.440466000
17		1358	4784.446181000
17		41	4784.502109000
17		1358	4784.534520000
17		41	4784.564740000
17		1358	4784.620396000
17		41	4784.626142000
17		41	4784.688556000
17		1358	4784.707135000
17		46	4784.750725000
17		34	4784.777217000
17		1358	4784.794808000
17		41	4784.812359000
17		41	4784.873996000
17		1358	4784.881449000
17		41	4784.936257000
17		1358	4784.968844000
17		41	4784.998536000
17		1358	4785.056129000
17		41	4785.059873000
17		41	4785.122262000
17		1358	4785.143038000
17		41	4785.184428000
17		1358	4785.207451000
17		41	4785.246249000
17		1358	4785.273029000
17		41	4785.308136000
17		1358	4785.337845000
17		41	4785.370147000
17		1358	4785.404284000
17		41	4785.431983000
17		1358	4785.469335000
17		41	4785.494482000
17		1358	4785.534858000
17		41	4785.556470000
17		1358	4785.600340000
17		41	4785.618121000
17		1358	4785.665858000
17		41	4785.680499000
17		1358	4785.730315000
17		41	4785.741918000
17		1358	4785.795728000
17		41	4785.804360000
17		1358	4785.861161000
17		41	4785.865973000
17		1358	4785.926190000
6	0		4785.990664000
17		1358	4785.991321000
17		1358	4786.057188000
6	0		4786.114819000
17		1358	4786.121961000
17		41	4786.176275000
17		1358	4786.187589000
6	0		4786.238418000
17		1358	4786.252879000
17		1358	4786.317908000
6	0		4786.362316000
17		1358	4786.383647000
17		1358	4786.448002000
17		46	4786.485970000
17		34	4786.512610000
17		1358	4786.513701000
6	0		4786.548437000
17		1358	4786.578427000
17		1358	4786.643719000
6	0		4786.672040000
17		1358	4786.709766000
17		1358	4786.774439000
6	0		4786.796192000
17		1358	4786.840175000
17		41	4786.858651000
17		1358	4786.905430000
17		1358	4786.970501000
6	0		4786.981847000
17		1358	4787.035976000
17		1358	4787.101763000
6	0		4787.106335000
17		1358	4787.166743000
17		41	4787.230252000
17		1358	4787.232518000
6	0		4787.292465000
17		1358	4787.297551000
17		1358	4787.362811000
6	0		4787.416045000
17		1358	4787.428151000
17		1358	4787.493008000
17		41	4787.540715000
6	0		4787.540745000
17		1358	4787.559052000
6	0		4787.601919000
17		1358	4787.623915000
6	0		4787.664312000
17		1358	4787.688847000
17		1358	4787.754529000
6	0		4787.788273000
17		1358	4787.819650000
17		41	4787.850525000
17		1358	4787.884786000
17		1358	4787.950290000
6	0		4787.974693000
17		1358	4788.015383000
17		1358	4788.081021000
6	0		4788.097852000
17		1358	4788.145277000
17		41	4788.160215000
17		1358	4788.210512000
17		1358	4788.276798000
6	0		4788.283873000
17		1358	4788.341208000
17		1358	4788.406804000
6	0		4788.408663000
17		1358	4788.471886000
17		41	4788.532246000
6	0		4788.532283000
17		1358	4788.536822000
17		1358	4788.602517000
6	0		4788.656314000
6	0		4788.780278000
6	1396		4788.842525000
6	441		4788.842553000
6	0		4788.850629000
6	1396		4788.854059000
6	1396		4788.871778000
6	1396		4788.892878000
17		41	4788.904245000
17		1358	4788.905979000
6	1396		4788.913979000
6	1396		4788.935113000
6	1396		4788.956200000
6	0		4788.966462000
6	1396		4788.977329000
6	1396		4788.998445000
6	1396		4789.019631000
6	0		4789.028615000
6	1396		4789.040700000
6	1396		4789.061816000
6	1396		4789.082935000
6	1396		4789.104060000
6	1396		4789.125195000
6	1396		4789.146267000
17		41	4789.152273000
6	0		4789.152313000
17		1358	4789.154531000
6	1396		4789.167381000
6	1396		4789.188497000
6	1396		4789.209639000
6	1396		4789.230733000
6	1396		4789.251870000
6	1396		4789.272984000
6	0		4789.276120000
6	1396		4789.294098000
6	1396		4789.315213000
6	1396		4789.336333000
17		41	4789.338188000
17		1358	4789.339922000
6	1396		4789.357436000
6	1396		4789.378559000
6	1396		4789.399740000
17		41	4789.400407000
17		1358	4789.405573000
6	1396		4789.420811000
6	1396		4789.441942000
17		41	4789.461891000
6	1396		4789.463018000
17		1358	4789.471926000
6	1396		4789.484158000
6	1396		4789.505287000
17		41	4789.524559000
6	1396		4789.526424000
17		1358	4789.537885000
6	1396		4789.547529000
6	1396		4789.568604000
17		41	4789.586641000
6	1396		4789.589733000
17		1358	4789.604294000
6	1396		4789.610873000
6	1396		4789.631979000
17		41	4789.648465000
6	1396		4789.653090000
17		1358	4789.670421000
6	1396		4789.674192000
6	1396		4789.695341000
17		41	4789.710191000
6	1396		4789.716465000
17		1358	4789.738425000
6	1396		4789.738472000
6	1396		4789.758706000
17		41	4789.771996000
6	1396		4789.779804000
6	1396		4789.800941000
17		1358	4789.803092000
6	1396		4789.822049000
17		41	4789.833964000
6	1125		4789.843172000
17		1358	4789.868482000
17		41	4789.896365000
17		1358	4789.933997000
17		41	4789.958706000
17		1358	4789.999121000
17		46	4790.020513000
17		34	4790.047509000
17		1358	4790.064526000
17		41	4790.082715000
17		1358	4790.128708000
17		41	4790.143955000
17		1358	4790.194350000
17		41	4790.206041000
17		1358	4790.259433000
17		41	4790.268155000
17		1358	4790.324597000
17		41	4790.329880000
17		1358	4790.389888000
17		41	4790.399195000
17		41	4790.454650000
17		1358	4790.455209000
17		41	4790.516484000
17		1358	4790.520446000
17		41	4790.577968000
17		1358	4790.585705000
17		41	4790.640640000
17		1358	4790.651529000
17		41	4790.702192000
17		41	4790.764681000
17		41	4790.826060000
17		1358	4790.827774000
17		41	4790.888152000
17		1358	4790.889910000
17		41	4790.950121000
17		1358	4790.962320000
17		41	4791.012087000
17		1358	4791.034746000
17		41	4791.074568000
17		1358	4791.108304000
17		41	4791.136207000
17		1358	4791.181569000
17		41	4791.198494000
17		1358	4791.253786000
17		46	4791.260025000
17		33	4791.286568000
17		41	4791.322309000
17		1358	4791.326160000
17		41	4791.383865000
17		1358	4791.398190000
17		41	4791.446324000
17		1358	4791.469173000
17		41	4791.508393000
17		1358	4791.541054000
17		41	4791.570684000
17		1358	4791.613102000
17		41	4791.632440000
17		1358	4791.684853000
17		41	4791.694463000
17		41	4791.756070000
17		1358	4791.757432000
17		41	4791.818245000
17		1358	4791.828655000
17		41	4791.880588000
17		1358	4791.900272000
17		41	4791.943186000
17		1358	4791.971943000
17		41	4792.004733000
17		1358	4792.043647000
17		41	4792.066285000
17		1358	4792.115418000
17		41	4792.127781000
17		1358	4792.187565000
17		41	4792.190470000
17		41	4792.251843000
17		1358	4792.258749000
17		41	4792.314793000
17		1358	4792.330468000
17		42	4792.375901000
17		1358	4792.402620000
17		42	4792.438756000
17		1358	4792.474635000
17		47	4792.500698000
17		34	4792.527342000
17		1358	4792.546379000
17		42	4792.561950000
17		1358	4792.618309000
17		42	4792.624480000
17		42	4792.686535000
17		1358	4792.689473000
17		42	4792.748530000
17		1358	4792.761337000
17		43	4792.809952000
17		1358	4792.833460000
17		43	4792.872614000
17		1358	4792.905271000
17		43	4792.934581000
17		1358	4792.976313000
17		43	4792.996422000
17		1358	4793.047967000
17		43	4793.058819000
17		1358	4793.117050000
6	0		4793.182534000
17		1358	4793.188692000
17		1358	4793.257782000
17		43	4793.305840000
6	0		4793.368187000
6	0		4793.492532000
6	0		4793.554763000
6	0		4793.678005000
6	0		4793.802288000
6	0		4793.926614000
17		43	4794.049979000
6	0		4794.112157000
6	0		4794.236402000
6	0		4794.360790000
6	0		4794.483980000
6	0		4794.608215000
17		43	4794.670214000
6	0		4794.794725000
17		43	4794.918106000
6	0		4794.980265000
6	0		4795.042651000
17		43	4795.104378000
6	0		4795.227824000
17		43	4795.352299000
6	0		4795.352336000
6	0		4795.476457000
17		43	4795.600679000
6	0		4795.662400000
6	0		4795.786324000
17		43	4795.848265000
6	0		4795.972727000
17		43	4796.096079000
6	0		4796.158234000
6	0		4796.282738000
6	1396		4796.344367000
6	328		4796.344395000
17		43	4796.344408000
6	0		4796.351806000
6	0		4796.351846000
6	1396		4796.353151000
6	1396		4796.370317000
6	1396		4796.389247000
6	0		4796.405909000
6	1396		4796.408141000
6	1396		4796.427080000
6	1396		4796.446011000
6	1396		4796.464932000
6	0		4796.468716000
6	1396		4796.483916000
6	1396		4796.502766000
6	1396		4796.521724000
17		48	4796.530024000
6	1396		4796.540653000
17		35	4796.556381000
6	1396		4796.559532000
6	1396		4796.578462000
17		43	4796.591822000
6	1396		4796.597367000
6	1396		4796.616327000
6	1396		4796.635238000
6	1396		4796.654144000
17		43	4796.654659000
6	1396		4796.673128000
6	1396		4796.692008000
6	1396		4796.710913000
17		42	4796.716035000
6	1396		4796.729932000
6	1396		4796.748800000
6	1396		4796.767706000
17		42	4796.778711000
6	1396		4796.786611000
6	1396		4796.805545000
6	1396		4796.824489000
17		43	4796.840217000
6	1396		4796.843394000
6	1396		4796.862315000
6	1396		4796.881304000
6	1396		4796.900189000
17		43	4796.902205000
6	1396		4796.919112000
6	1396		4796.938032000
6	1396		4796.956972000
17		43	4796.964488000
6	1396		4796.975932000
6	1396		4796.994801000
6	1396		4797.013724000
17		43	4797.026265000
6	1396		4797.032669000
6	1396		4797.051588000
6	1396		4797.070523000
17		43	4797.087992000
6	1396		4797.089398000
6	1396		4797.108341000
6	1396		4797.127261000
6	1396		4797.146181000
17		43	4797.150692000
6	1396		4797.165157000
6	1396		4797.184056000
6	1396		4797.202984000
17		43	4797.212500000
6	1396		4797.221929000
6	1095		4797.240815000
17		43	4797.274378000
17		43	4797.336015000
17		43	4797.398242000
17		43	4797.460412000
17		43	4797.522633000
17		43	4797.584455000
17		42	4797.646742000
17		42	4797.707882000
17		47	4797.770031000
17		33	4797.796903000
17		42	4797.832128000
17		42	4797.893917000
17		42	4797.956104000
17		42	4798.018224000
17		43	4798.080268000
17		43	4798.142097000
17		43	4798.204534000
17		43	4798.266712000
17		43	4798.328432000
17		43	4798.390052000
17		43	4798.452173000
17		43	4798.514304000
17		42	4798.575842000
17		41	4798.638612000
17		41	4798.699997000
17		41	4798.761982000
17		42	4798.824493000
17		42	4798.886174000
17		42	4798.948365000
17		47	4799.010667000
17		1358	4799.012328000
17		42	4799.072370000
17		1358	4799.073963000
17		42	4799.134459000
17		1358	4799.145194000
17		42	4799.195954000
17		1358	4799.216281000
6	0		4799.257820000
17		1358	4799.285463000
6	0		4799.320666000
6	0		4799.381914000
6	0		4799.444022000
6	0		4799.506344000
6	0		4799.568526000
6	0		4799.630694000
6	0		4799.691882000
6	0		4799.753963000
6	0		4799.816132000
6	0		4799.878298000
6	0		4799.940468000
6	0		4800.002635000
6	0		4800.063815000
6	0		4800.125932000
6	0		4800.188092000
6	0		4800.250251000
6	0		4800.374612000
6	0		4800.497917000
6	0		4800.622315000
6	0		4800.746715000
6	0		4800.870039000
6	0		4801.119541000
6	0		4801.119571000
6	0		4801.306374000
6	0		4801.493341000
6	0		4801.867627000
6	0		4802.241615000
6	0		4802.615449000
6	1396		4802.802247000
6	440		4802.802293000
6	0		4802.810671000
6	1396		4802.812555000
6	1396		4802.831476000
6	1396		4802.852592000
6	1396		4802.873710000
6	1396		4802.894843000
6	1396		4802.915967000
6	1396		4802.937063000
6	1396		4802.958167000
6	1396		4802.979293000
6	0		4802.989606000
6	1396		4803.000409000
6	1396		4803.021554000
6	1396		4803.042676000
6	1396		4803.063761000
6	1396		4803.084905000
6	1396		4803.106021000
6	1396		4803.127112000
6	1396		4803.148243000
6	1396		4803.169348000
6	1396		4803.190472000
6	1396		4803.211593000
6	1396		4803.232723000
6	1396		4803.253817000
6	1396		4803.274954000
6	1396		4803.296093000
6	1396		4803.317212000
6	1396		4803.338316000
6	1396		4803.359415000
6	0		4803.363869000
6	1396		4803.380535000
6	1396		4803.401660000
6	1396		4803.422778000
6	1396		4803.443896000
6	1396		4803.465014000
6	1396		4803.486141000
6	1396		4803.507246000
6	1396		4803.528355000
6	1396		4803.549473000
6	1396		4803.570582000
6	1396		4803.591750000
6	1396		4803.612829000
6	1396		4803.633962000
6	1396		4803.655065000
6	1396		4803.676181000
6	1396		4803.697304000
6	1396		4803.718425000
6	0		4803.737075000
6	239		4803.739529000
6	0		4804.111280000
6	0		4804.298191000
17		41	4804.485451000
17		1358	4804.487235000
17		1358	4804.558604000
17		1358	4804.627938000
17		41	4804.672791000
17		1358	4804.698513000
17		1358	4804.768443000
17		1358	4804.837984000
17		41	4804.859779000
17		1358	4804.909044000
17		1358	4804.978701000
17		41	4805.046217000
17		1358	4805.047922000
17		1358	4805.118325000
17		1358	4805.188247000
6	0		4805.233304000
17		1358	4805.258116000
17		1358	4805.329071000
17		1358	4805.399346000
17		1358	4805.469463000
17		1358	4805.538721000
6	0		4805.607911000
17		1358	4805.608499000
17		1358	4805.679437000
17		1358	4805.749581000
17		1358	4805.819838000
17		1358	4805.889030000
17		1358	4805.959974000
6	0		4805.981167000
17		1358	4806.029860000
17		1358	4806.100465000
17		1358	4806.169924000
17		1358	4806.239800000
17		1358	4806.309508000
6	0		4806.355014000
17		1358	4806.380217000
17		1358	4806.450278000
17		1358	4806.520090000
17		1358	4806.590174000
17		1358	4806.660799000
6	0		4806.729650000
17		1358	4806.730303000
17		1358	4806.800662000
17		1358	4806.871369000
17		1358	4806.940449000
17		1358	4807.011017000
17		1358	4807.080361000
6	0		4807.102944000
17		1358	4807.150578000
17		1358	4807.221460000
17		1358	4807.291678000
17		1358	4807.361094000
17		1358	4807.430847000
6	0		4807.477092000
17		1358	4807.500820000
17		1358	4807.571465000
17		1358	4807.641598000
17		1358	4807.711632000
17		1358	4807.781450000
6	0		4807.851183000
17		1358	4807.851484000
17		1358	4807.921882000
17		1358	4807.991970000
17		1358	4808.061946000
17		1358	4808.132217000
17		1358	4808.201708000
6	0		4808.225555000
17		1358	4808.272106000
17		1358	4808.342377000
17		1358	4808.412686000
17		1358	4808.482598000
17		1358	4808.552099000
6	0		4808.599011000
17		1358	4808.622669000
17		1358	4808.692542000
17		1358	4808.762613000
17		1358	4808.833093000
17		1358	4808.902441000
17		1358	4808.972460000
6	0		4808.973249000
17		1358	4809.042418000
17		1358	4809.113715000
17		1358	4809.184013000
17		1358	4809.253053000
17		1358	4809.322839000
6	0		4809.347191000
17		1358	4809.392708000
17		1358	4809.463640000
17		1358	4809.533839000
6	0		4809.534821000
17		1358	4809.603883000
17		1358	4809.673291000
17		1358	4809.743587000
6	0		4809.908119000
6	0		4810.282614000
6	0		4810.469280000
6	0		4810.471141000
6	0		4810.656256000
6	0		4811.030707000
6	0		4811.404218000
6	0		4811.778893000
6	0		4812.152022000
6	1396		4812.339342000
6	328		4812.339379000
6	0		4812.348311000
6	1396		4812.349381000
6	1396		4812.366842000
6	1396		4812.385756000
6	1396		4812.404692000
6	1396		4812.423623000
6	1396		4812.442517000
6	1396		4812.461448000
6	1396		4812.480380000
6	1396		4812.499325000
6	1396		4812.518223000
6	0		4812.526020000
6	1396		4812.537167000
6	1396		4812.556086000
6	1396		4812.575009000
6	1396		4812.593922000
6	1396		4812.612910000
6	1396		4812.631866000
6	1396		4812.650704000
6	1396		4812.669698000
6	1396		4812.688603000
6	1396		4812.707475000
6	1396		4812.726392000
6	1396		4812.745305000
6	1396		4812.764237000
6	1396		4812.783167000
6	1396		4812.802134000
6	1396		4812.821020000
6	1396		4812.839951000
6	1396		4812.858884000
6	1396		4812.877786000
6	1396		4812.896731000
6	0		4812.900020000
6	1396		4812.915635000
6	1396		4812.934566000
6	1396		4812.953506000
6	1396		4812.972413000
6	1396		4812.991329000
6	1396		4813.010230000
6	1396		4813.029168000
6	1396		4813.048101000
6	1396		4813.067034000
6	1396		4813.085957000
6	0		4813.087836000
6	1396		4813.104892000
6	1396		4813.123790000
6	1396		4813.142736000
6	1396		4813.161635000
6	1396		4813.180558000
6	1396		4813.199500000
6	1396		4813.218430000
6	1396		4813.237368000
6	1396		4813.256280000
17		41	4813.274308000
6	1396		4813.275163000
17		1358	4813.276114000
6	1396		4813.294092000
6	1396		4813.313033000
6	1396		4813.331968000
17		1358	4813.346742000
6	1396		4813.350898000
6	1396		4813.369810000
6	1396		4813.388746000
6	1396		4813.407656000
6	1396		4813.426558000
6	1396		4813.445475000
17		41	4813.461649000
17		1358	4813.463338000
6	1396		4813.464419000
6	1396		4813.483344000
6	1396		4813.502307000
6	1396		4813.521207000
17		1358	4813.534598000
6	1396		4813.540136000
6	1396		4813.559067000
6	1396		4813.577976000
6	1396		4813.596902000
6	1396		4813.615831000
6	1396		4813.634776000
17		41	4813.648810000
17		1358	4813.650359000
6	1396		4813.653653000
6	1396		4813.672601000
6	1396		4813.691582000
6	1396		4813.710427000
17		1358	4813.721836000
6	1396		4813.729371000
6	1396		4813.748274000
6	1396		4813.767242000
6	1396		4813.786147000
6	1396		4813.805162000
6	1396		4813.823975000
17		41	4813.835190000
17		1358	4813.836842000
6	1396		4813.842897000
6	1396		4813.861817000
6	1396		4813.881437000
6	1396		4813.899741000
17		1358	4813.908350000
6	1396		4813.918605000
6	1396		4813.937527000
6	1396		4813.956449000
6	1396		4813.975387000
6	1396		4813.994272000
6	1396		4814.013306000
17		41	4814.022435000
17		1358	4814.024199000
6	1396		4814.032169000
6	1396		4814.051186000
6	1396		4814.069985000
6	1396		4814.088940000
17		1358	4814.095210000
6	1396		4814.107859000
6	1396		4814.126748000
6	1396		4814.145685000
6	1396		4814.164622000
6	1396		4814.183571000
6	1396		4814.202486000
17		1358	4814.209788000
17		85	4814.209819000
17		1358	4814.212920000
17		630	4814.212966000
6	1396		4814.221374000
17		34	4814.237043000
6	1396		4814.240310000
6	1396		4814.259215000
6	1396		4814.278131000
6	1396		4814.297081000
6	1396		4814.316000000
6	1396		4814.334917000
6	1396		4814.353854000
6	1396		4814.372764000
6	1396		4814.391714000
17		1225	4814.395949000
17		41	4814.395984000
17		41	4814.395991000
17		35	4814.397598000
17		1358	4814.397774000
17		323	4814.400593000
17		33	4814.400624000
6	1396		4814.410636000
6	967		4814.429533000
17		1358	4814.469625000
17		1358	4814.539368000
17		41	4814.583944000
17		41	4814.770606000
17		41	4814.957265000
17		41	4815.144260000
17		41	4815.331410000
17		46	4815.518653000
17		34	4815.544464000
17		41	4815.705285000
17		41	4815.892831000
17		41	4816.079013000
17		41	4816.266706000
17		41	4816.453689000
17		41	4816.639913000
17		41	4816.827276000
17		41	4817.014631000
17		1358	4817.201452000
17		41	4817.201479000
17		1358	4817.202914000
6	328		4817.387974000
17		41	4817.388006000
6	0		4817.396530000
17		41	4817.575126000
17		41	4817.762183000
17		41	4817.949818000
17		41	4818.136218000
17		1358	4818.136252000
17		1358	4818.323496000
17		88	4818.323527000
6	0		4818.323539000
6	0		4818.324923000
17		1358	4818.325671000
17		630	4818.325690000
17		34	4818.350331000
17		41	4818.510251000
6	0		4818.510312000
6	0		4818.512007000
17		1358	4818.625588000
6	0		4818.632985000
17		1358	4818.697586000
6	0		4818.697623000
6	0		4818.697631000
17		41	4818.697653000
17		41	4818.697658000
17		1358	4818.698858000
6	0		4818.699404000
6	0		4818.699420000
6	0		4818.816886000
17		41	4818.884093000
6	0		4819.000262000
6	0		4819.008213000
17		41	4819.071262000
17		1358	4819.071343000
17		1358	4819.072596000
6	0		4819.258736000
17		46	4819.258763000
6	0		4819.259890000
17		34	4819.285372000
17		41	4819.445326000
6	0		4819.445354000
6	0		4819.445362000
6	0		4819.445367000
6	0		4819.446659000
6	0		4819.446735000
6	0		4819.447000000
17		41	4819.632593000
17		1358	4819.672844000
17		41	4819.819265000
17		41	4820.006373000
17		41	4820.193052000
17		1358	4820.193084000
17		1358	4820.194293000
17		41	4820.380669000
17		41	4820.567631000
17		41	4820.754835000
17		41	4820.941187000
17		41	4821.128321000
6	0		4821.128367000
6	0		4821.129471000
17		41	4821.314906000
17		1358	4821.395285000
6	0		4821.472616000
6	0		4821.480280000
6	0		4821.487855000
6	0		4821.502422000
17		41	4821.502457000
6	0		4821.502465000
6	0		4821.502471000
6	0		4821.503736000
6	0		4821.503828000
6	0		4821.503849000
17		41	4821.689181000
17		41	4821.876246000
17		41	4822.062933000
17		1358	4822.062965000
17		42	4822.250816000
17		42	4822.437155000
17		42	4822.624376000
17		42	4822.811754000
17		47	4822.998615000
17		33	4823.025302000
6	0		4823.176586000
6	1396		4823.185405000
6	325		4823.185438000
6	0		4823.185449000
17		42	4823.185458000
6	0		4823.196146000
6	1396		4823.196845000
6	0		4823.199338000
6	1396		4823.216992000
6	1396		4823.238110000
6	1396		4823.259184000
6	1396		4823.280340000
6	1396		4823.301440000
6	1396		4823.322573000
6	1396		4823.343657000
6	1377		4823.364800000
17		42	4823.372763000
17		42	4823.558951000
17		42	4823.746311000
6	0		4823.746350000
6	0		4823.746919000
17		43	4823.933697000
17		43	4824.120410000
17		43	4824.307650000
6	967		4824.356298000
17		43	4824.493997000
17		43	4824.681565000
17		43	4824.868688000
17		1358	4824.868723000
17		1358	4824.870936000
17		1358	4824.871338000
17		1358	4824.871355000
17		1358	4824.871361000
17		405	4824.871365000
17		43	4825.054947000
17		1358	4825.171189000
17		43	4825.242014000
17		1358	4825.242043000
17		1358	4825.243496000
6	0		4825.429334000
6	0		4825.429358000
17		43	4825.429366000
6	0		4825.430822000
6	0		4825.431056000
6	0		4825.511859000
6	0		4825.519847000
6	0		4825.568610000
17		43	4825.616446000
6	0		4825.616478000
6	0		4825.616485000
6	0		4825.616490000
6	0		4825.617878000
6	0		4825.617941000
6	0		4825.618093000
6	0		4825.733281000
17		43	4825.803318000
17		1358	4825.803348000
17		1358	4825.804804000
6	0		4825.990451000
17		43	4825.990491000
6	0		4825.991067000
17		43	4826.177337000
6	0		4826.177369000
6	0		4826.179086000
17		1358	4826.405362000
17		1358	4826.925469000
17		1358	4826.926963000
17		1358	4828.127569000
6	0		4828.204997000
6	0		4828.234358000
6	0		4828.236123000
17		1358	4828.795158000
6	0		4829.448980000
17		42	4830.104074000
17		36	4830.105946000
6	0		4832.236905000
6	0		4832.348326000
6	0		4832.349825000
17		1358	4832.535289000
17		1358	4832.537757000
17		1358	4832.538000000
17		1358	4832.538015000
17		1358	4832.538020000
17		406	4832.538025000
17		1358	4832.722468000
6	0		4832.722489000
17		1358	4832.724197000
6	0		4832.724216000
17		1358	4833.024980000
6	0		4833.026566000
17		1358	4833.283004000
17		1358	4833.284639000
6	0		4833.470066000
6	0		4833.471494000
6	0		4833.632901000
6	0		4833.640259000
6	0		4833.657421000
6	0		4833.659149000
6	0		4833.844504000
6	0		4833.844513000
6	0		4833.844523000
6	0		4833.846058000
6	0		4833.846092000
6	0		4833.846207000
17		1358	4833.885390000
6	0		4834.310635000
6	0		4834.310687000
17		1358	4834.405364000
17		1358	4834.407046000
6	0		4834.474200000
6	325		4834.592526000
6	0		4834.603691000
17		43	4835.527049000
17		1358	4835.607310000
6	0		4835.682937000
6	0		4835.714271000
6	0		4835.715705000
6	1396		4836.132727000
17		43	4836.275131000
17		1358	4836.275158000
17		43	4837.397571000
6	0		4837.397603000
6	0		4837.397621000
6	0		4837.407809000
6	0		4837.412616000
6	0		4837.517994000
6	0		4837.584384000
6	0		4837.592681000
6	0		4837.715683000
6	0		4837.899975000
17		43	4838.332304000
6	0		4838.332334000
6	0		4838.342469000
6	1377		4838.692059000
6	0		4838.706426000
6	0		4838.714743000
17		43	4839.641351000
6	0		4839.641387000
6	0		4839.643115000
6	0		4840.355669000
6	0		4840.389313000
6	0		4840.389321000
6	0		4840.390700000
6	0		4840.399435000
17		43	4840.576297000
6	0		4840.576340000
6	0		4840.584650000
17		43	4841.698433000
6	0		4841.800960000
6	0		4842.287943000
6	0		4842.595937000
17		43	4842.633192000
6	0		4843.682616000
17		43	4843.942013000
17		1358	4843.943983000
6	0		4844.451668000
6	0		4844.503056000
6	0		4844.513237000
6	0		4844.877581000
17		43	4844.877616000
17		1358	4844.879216000
6	0		4844.885873000
17		42	4845.437989000
17		38	4845.439522000
1,17		1358	4845.999474000
1,17		630	4846.186756000
1,17		34	4846.373100000
6	0		4847.869306000
6	0		4847.870620000
1,17		35	4848.056074000
17		43	4848.056102000
17		1358	4848.058450000
1,17		323	4848.243374000
1,17		33	4848.243398000
6	0		4848.336047000
17		43	4848.617660000
17		1358	4848.618882000
6	0		4848.749011000
17		43	4848.804408000
17		1358	4848.805735000
6	0		4848.932008000
1,17		1358	4848.991395000
6	0		4848.991435000
6	747		4848.991440000
6	0		4848.992944000
6	355		4848.993655000
1,17		1358	4849.178059000
1,17		630	4849.365418000
6	0		4849.365467000
6	747		4849.365476000
6	0		4849.367035000
6	355		4849.367871000
6	0		4849.552316000
6	0		4849.739871000
6	0		4849.739905000
6	0		4849.739913000
6	0		4849.739917000
6	0		4849.739921000
6	517		4849.739928000
6	517		4849.739933000
6	0		4849.741267000
6	0		4849.741698000
6	2836		4849.742089000
6	2836		4849.742131000
6	1143		4849.742175000
6	1418		4849.742218000
6	1418		4849.742258000
6	2836		4849.742265000
6	1144		4849.742320000
1,17		1358	4850.113893000
6	0		4850.300212000
6	0		4850.487587000
6	0		4850.487616000
6	0		4850.487622000
1,17		1358	4852.357770000
6	0		4852.515662000
1,17		1358	4852.544069000
6	0		4852.731343000
6	0		4852.741498000
6	0		4852.918365000
6	0		4852.926666000
1,17		1358	4853.105205000
6	0		4853.292507000
6	0		4853.292546000
6	0		4853.292557000
6	0		4853.292570000
6	0		4853.292579000
6	517		4853.292588000
6	0		4853.294133000
6	2836		4853.295018000
6	2836		4853.295079000
6	1142		4853.295174000
6	0		4853.479844000
1,17		1358	4854.040556000
6	0		4854.040598000
6	0		4854.227891000
1,17		1358	4855.162364000
6	0		4855.162401000
6	517		4855.162413000
6	0		4855.163767000
6	2836		4855.164467000
6	1418		4855.164498000
6	1418		4855.164514000
6	1143		4855.164591000
6	0		4855.349158000
6	0		4855.349197000
6	0		4855.358553000
6	0		4855.536237000
6	0		4855.536265000
6	0		4855.536271000
6	0		4855.536278000
6	0		4855.666829000
1,17		1358	4856.097735000
6	0		4856.097786000
6	0		4856.284233000
6	0		4856.284241000
6	0		4856.284247000
6	0		4856.284251000
6	0		4856.284255000
6	517		4856.284259000
6	517		4856.284264000
6	0		4856.292582000
6	1396		4856.294179000
6	3782		4856.294276000
6	0		4856.294431000
6	4188		4856.296169000
6	990		4856.296201000
6	0		4856.471577000
6	0		4856.471614000
6	0		4856.471625000
6	0		4856.471632000
6	0		4856.471639000
6	0		4856.480899000
17		42	4856.658364000
17		1358	4856.660019000
17		1358	4856.730871000
17		1358	4856.801458000
6	0		4856.845220000
6	0		4856.845246000
17		41	4856.845254000
17		1358	4856.870538000
17		1358	4856.941723000
17		1358	4857.011629000
17		41	4857.031974000
17		1358	4857.081620000
17		1358	4857.151787000
6	0		4857.219132000
17		41	4857.219157000
17		1358	4857.220273000
17		1358	4857.290759000
17		1358	4857.361638000
6	0		4857.406072000
17		41	4857.406104000
17		1358	4857.431917000
17		1358	4857.501778000
17		1358	4857.571581000
6	0		4857.592865000
6	0		4857.592888000
6	74		4857.592893000
6	74		4857.592899000
6	0		4857.592903000
6	92		4857.592908000
6	0		4857.592913000
6	0		4857.592917000
6	0		4857.592922000
6	910		4857.594248000
6	31		4857.594274000
6	910		4857.594448000
6	0		4857.594611000
6	0		4857.594616000
6	0		4857.594649000
6	0		4857.594683000
17		1358	4857.642081000
17		1358	4857.712653000
17		1358	4857.782533000
17		1358	4857.852460000
17		1358	4857.922621000
17		1358	4857.991819000
17		1358	4858.061540000
17		1358	4858.132514000
17		1358	4858.202799000
17		1358	4858.272658000
6	0		4858.341075000
17		1358	4858.342758000
6	0		4858.350386000
17		1358	4858.412561000
17		1358	4858.483507000
17		1358	4858.552930000
17		1358	4858.622941000
17		1358	4858.693424000
17		1358	4858.763065000
17		1358	4858.833215000
17		1358	4858.903221000
17		1358	4858.973240000
17		1358	4859.043049000
17		1358	4859.113600000
17		1358	4859.183130000
17		1358	4859.254253000
6	0		4859.276664000
6	0		4859.276670000
17		1358	4859.324571000
17		1358	4859.394415000
17		1358	4859.464074000
17		1358	4859.533385000
17		1358	4859.603562000
17		1358	4859.674594000
17		1358	4859.744036000
17		1358	4859.814150000
17		1358	4859.883968000
17		1358	4859.953690000
17		1358	4860.025093000
17		1358	4860.094553000
17		1358	4860.165104000
17		1358	4860.234178000
17		1358	4860.304066000
17		1358	4860.374801000
6	0		4860.386827000
6	0		4860.398189000
17		1358	4860.445255000
17		1358	4860.515443000
17		1358	4860.584745000
6	0		4860.584979000
17		1358	4860.654673000
17		1358	4860.725154000
6	0		4860.772289000
17		1358	4860.795333000
17		1358	4860.865290000
17		1358	4860.935339000
6	0		4860.959651000
17		1358	4861.005020000
6	0		4861.052415000
6	0		4861.052439000
6	0		4861.052444000
6	74		4861.052451000
6	517		4861.052455000
6	910		4861.054110000
6	0		4861.061727000
6	2792		4861.063291000
6	2386		4861.063318000
17		1358	4861.075147000
17		1358	4861.145580000
6	0		4861.145635000
17		1358	4861.215837000
6	0		4861.237949000
17		1358	4861.286465000
6	0		4861.331415000
17		1358	4861.355623000
6	0		4861.423990000
6	64		4861.424012000
17		1358	4861.425504000
6	0		4861.437998000
17		1358	4861.495714000
6	1396		4861.517113000
6	0		4861.517140000
6	0		4861.525449000
17		1358	4861.566535000
6	0		4861.609855000
17		1358	4861.636473000
6	0		4861.703322000
6	0		4861.703348000
6	0		4861.703354000
6	64		4861.703360000
17		1358	4861.706406000
6	0		4861.718642000
17		1358	4861.775870000
17		41	4861.796140000
17		1358	4861.845787000
17		41	4861.889146000
17		1358	4861.915810000
17		41	4861.982083000
17		1358	4861.987248000
17		1358	4862.056541000
17		41	4862.074875000
17		1358	4862.127049000
17		41	4862.168723000
17		1358	4862.196437000
17		41	4862.261283000
17		1358	4862.266854000
17		1358	4862.337235000
17		41	4862.354569000
17		1358	4862.406934000
17		41	4862.447391000
17		1358	4862.476918000
17		41	4862.540258000
17		1358	4862.547005000
17		1358	4862.616660000
17		41	4862.633300000
17		1358	4862.686720000
17		41	4862.725883000
17		1358	4862.758291000
17		46	4862.819182000
17		1358	4862.827217000
17		1358	4862.898134000
17		41	4862.912386000
17		1358	4862.967296000
6	1418		4863.005284000
6	0		4863.011824000
17		1358	4863.037919000
6	1418		4863.098727000
6	0		4863.100028000
6	356		4863.102657000
6	31		4863.102688000
6	39		4863.102708000
6	139		4863.105468000
6	62		4863.105490000
6	31		4863.105519000
17		1358	4863.108150000
17		1358	4863.177675000
6	1418		4863.191054000
6	114		4863.194914000
6	31		4863.220148000
17		1358	4863.247875000
6	621		4863.283985000
6	0		4863.284010000
6	0		4863.284026000
6	0		4863.284034000
6	0		4863.284040000
6	0		4863.284045000
6	0		4863.284049000
17		41	4863.284059000
17		41	4863.284063000
6	69		4863.286918000
6	31		4863.302180000
6	69		4863.315899000
17		1358	4863.317415000
6	31		4863.346440000
17		41	4863.376923000
17		1358	4863.387491000
17		1358	4863.458614000
17		41	4863.470478000
17		1358	4863.528790000
17		41	4863.563296000
17		1358	4863.598768000
17		41	4863.656248000
17		1358	4863.668241000
17		1358	4863.738031000
17		41	4863.749229000
17		1358	4863.808564000
17		41	4863.842213000
17		1358	4863.878734000
17		41	4863.935317000
17		1358	4863.948728000
17		1358	4864.018415000
6	0		4864.027997000
17		41	4864.028031000
17		1358	4864.089013000
17		41	4864.121641000
17		1358	4864.159161000
17		41	4864.214181000
17		1358	4864.229989000
17		1358	4864.299720000
17		41	4864.307551000
17		1358	4864.369364000
17		41	4864.400039000
17		1358	4864.439059000
17		41	4864.493519000
17		1358	4864.508949000
17		1358	4864.578974000
17		41	4864.586202000
17		1358	4864.649526000
17		41	4864.679329000
17		1358	4864.719549000
17		41	4864.772678000
17		1358	4864.789690000
17		1358	4864.859169000
17		46	4864.865748000
17		34	4864.892362000
17		1358	4864.929249000
17		41	4864.958363000
17		1358	4864.999962000
17		41	4865.051276000
17		1358	4865.069983000
17		1358	4865.139969000
17		41	4865.144159000
17		1358	4865.209740000
17		41	4865.237128000
17		1358	4865.280262000
17		41	4865.330285000
17		1358	4865.349806000
17		1358	4865.420897000
17		41	4865.423436000
17		1358	4865.490825000
17		41	4865.516018000
17		1358	4865.560452000
17		41	4865.608880000
17		1358	4865.629964000
17		1358	4865.699868000
17		41	4865.702535000
17		1358	4865.769696000
17		41	4865.794939000
17		1358	4865.840809000
17		41	4865.887824000
17		1358	4865.910670000
17		1358	4865.980461000
17		41	4865.980799000
17		1358	4866.050423000
17		41	4866.073909000
17		1358	4866.120211000
17		41	4866.167619000
17		1358	4866.191101000
17		42	4866.260614000
17		1358	4866.262756000
17		1358	4866.331485000
17		42	4866.353261000
17		1358	4866.400983000
17		42	4866.446322000
17		1358	4866.471400000
6	0		4866.539252000
17		42	4866.539283000
17		1358	4866.541084000
17		1358	4866.611564000
17		42	4866.632419000
17		1358	4866.681436000
17		47	4866.725613000
17		1358	4866.752190000
17		42	4866.817821000
17		1358	4866.821136000
17		1358	4866.892040000
17		42	4866.911194000
17		1358	4866.962642000
17		42	4867.004190000
17		1358	4867.031938000
17		42	4867.097685000
17		1358	4867.101715000
17		1358	4867.172458000
17		43	4867.190006000
17		1358	4867.241576000
17		43	4867.282897000
6	0		4867.282925000
17		1358	4867.311477000
6	0		4867.376099000
17		1358	4867.382625000
17		1358	4867.453165000
6	0		4867.468883000
17		1358	4867.522337000
6	0		4867.562641000
17		1358	4867.592326000
6	0		4867.655220000
6	64		4867.655249000
17		1358	4867.662117000
6	0		4867.669895000
17		1358	4867.732779000
17		43	4867.748464000
17		1358	4867.802999000
17		43	4867.841000000
17		1358	4867.872904000
17		43	4867.934076000
17		1358	4867.942719000
17		1358	4868.012396000
17		43	4868.027103000
17		1358	4868.082519000
17		43	4868.119876000
17		1358	4868.153769000
6	325		4868.213623000
17		43	4868.213650000
6	0		4868.221915000
17		1358	4868.222866000
6	2792		4868.223120000
6	1396		4868.223150000
6	1396		4868.223163000
6	1396		4868.223200000
6	1396		4868.223241000
6	1396		4868.288465000
17		1358	4868.292890000
17		43	4868.306495000
6	1396		4868.353589000
17		1358	4868.363114000
17		43	4868.399032000
6	1377		4868.418752000
17		1358	4868.433199000
17		43	4868.492121000
17		1358	4868.503929000
17		1358	4868.573960000
17		43	4868.585639000
17		1358	4868.643358000
17		43	4868.678150000
17		1358	4868.713588000
17		43	4868.771392000
17		1358	4868.783414000
17		1358	4868.853666000
17		43	4868.864564000
17		1358	4868.923932000
17		48	4868.957688000
17		35	4868.983836000
17		1358	4868.993841000
17		43	4869.050232000
17		1358	4869.063859000
17		1358	4869.133879000
17		43	4869.143111000
17		1358	4869.203913000
17		43	4869.236528000
17		1358	4869.274614000
17		43	4869.329623000
17		1358	4869.344609000
17		1358	4869.414936000
17		43	4869.422715000
17		1358	4869.484057000
17		43	4869.515157000
17		1358	4869.555030000
17		43	4869.608177000
17		1358	4869.623953000
17		1358	4869.695329000
17		43	4869.701132000
17		1358	4869.765015000
17		43	4869.794395000
17		1358	4869.835109000
17		43	4869.887350000
17		1358	4869.904606000
17		1358	4869.974617000
17		43	4869.979942000
17		1358	4870.045850000
6	31		4870.073230000
17		43	4870.073256000
6	0		4870.079925000
17		1358	4870.115702000
6	0		4870.167004000
6	0		4870.167031000
6	0		4870.167035000
6	0		4870.167040000
6	39		4870.167046000
17		43	4870.167053000
6	0		4870.168388000
17		1358	4870.185613000
17		1358	4870.254820000
6	0		4870.259302000
6	674		4870.259330000
6	589		4870.259338000
6	0		4870.260711000
6	0		4870.260731000
17		1358	4870.325753000
17		43	4870.352061000
17		1358	4870.394851000
6	204		4870.445174000
6	586		4870.445195000
6	0		4870.446502000
6	0		4870.446519000
17		1358	4870.465680000
17		1358	4870.536308000
6	204		4870.538542000
6	0		4870.538564000
17		43	4870.538571000
6	237		4870.539846000
6	69		4870.592309000
17		1358	4870.605929000
6	31		4870.622886000
17		43	4870.631486000
6	0		4870.631520000
17		1358	4870.676022000
17		43	4870.724061000
17		1358	4870.746136000
17		1358	4870.816001000
17		43	4870.817115000
17		1358	4870.886596000
17		43	4870.910081000
17		1358	4870.956134000
17		48	4871.003746000
17		1358	4871.025665000
17		1358	4871.095675000
17		43	4871.096289000
6	0		4871.096312000
6	0		4871.098055000
17		1358	4871.165886000
17		43	4871.189649000
17		1358	4871.236471000
17		43	4871.282005000
17		1358	4871.306600000
17		43	4871.375478000
17		1358	4871.377953000
17		1358	4871.446143000
17		43	4871.468730000
17		1358	4871.516163000
17		43	4871.561271000
17		1358	4871.587172000
17		43	4871.654195000
17		1358	4871.655939000
17		1358	4871.726811000
17		43	4871.747310000
17		1358	4871.796836000
17		43	4871.840539000
17		43	4871.933188000
17		43	4872.026162000
17		43	4872.119328000
17		43	4872.212490000
17		43	4872.305547000
17		43	4872.397902000
17		43	4872.490998000
17		43	4872.584239000
17		43	4872.677168000
17		43	4872.770397000
17		48	4872.863474000
17		35	4872.889957000
17		43	4872.956731000
17		43	4873.049245000
17		43	4873.142322000
17		43	4873.235542000
17		43	4873.327942000
17		43	4873.420882000
17		43	4873.514018000
17		43	4873.607726000
17		43	4873.700368000
17		43	4873.793505000
17		43	4873.886540000
17		43	4873.979762000
17		43	4874.071996000
17		43	4874.165226000
17		43	4874.258203000
17		43	4874.350882000
17		43	4874.444513000
17		43	4874.537747000
17		43	4874.630017000
17		48	4874.723184000
17		35	4874.749854000
17		43	4874.816426000
17		43	4874.908889000
17		43	4875.002107000
17		43	4875.095655000
17		43	4875.188637000
17		43	4875.281547000
17		43	4875.373819000
17		43	4875.466908000
17		43	4875.560005000
17		43	4875.653149000
17		43	4875.746338000
17		43	4875.839480000
17		43	4875.932685000
17		43	4876.024900000
17		43	4876.118416000
17		43	4876.211468000
17		43	4876.304445000
17		43	4876.397695000
17		43	4876.489988000
17		48	4876.583174000
17		35	4876.610036000
6	0		4876.676279000
6	0		4876.769616000
6	0		4876.862810000
6	0		4876.955033000
6	0		4877.048276000
6	0		4877.141439000
6	0		4877.234617000
17		43	4877.327354000
6	0		4877.420030000
17		43	4877.513027000
6	0		4877.606771000
6	1396		4877.699354000
6	439		4877.699384000
17		43	4877.699396000
6	0		4877.707658000
6	0		4877.707694000
6	1396		4877.708951000
6	1396		4877.772802000
17		43	4877.792321000
6	1396		4877.838043000
17		43	4877.884860000
6	1396		4877.903177000
6	1396		4877.968356000
17		43	4877.978163000
6	1396		4878.033535000
17		43	4878.071356000
6	1396		4878.098717000
6	1396		4878.163918000
17		43	4878.164553000
6	1396		4878.229093000
17		43	4878.256949000
6	1396		4878.294291000
17		43	4878.350537000
6	1396		4878.359467000
6	1396		4878.424641000
17		43	4878.443326000
6	1396		4878.489897000
17		43	4878.536587000
6	1396		4878.555018000
6	1396		4878.620238000
17		43	4878.628847000
6	1396		4878.685399000
17		43	4878.722315000
6	1396		4878.750568000
17		43	4878.815421000
6	1396		4878.815752000
6	1396		4878.880956000
17		43	4878.908734000
6	1396		4878.946135000
17		43	4879.001031000
6	1396		4879.011304000
6	1396		4879.076556000
17		43	4879.094202000
6	1396		4879.141685000
17		43	4879.187576000
6	1396		4879.206872000
6	1396		4879.272100000
17		48	4879.280785000
17		34	4879.308015000
6	1396		4879.337249000
17		43	4879.373715000
6	1396		4879.402434000
17		43	4879.466374000
6	1396		4879.467595000
6	1396		4879.532835000
17		43	4879.559389000
6	1396		4879.597998000
17		43	4879.651949000
6	1396		4879.663169000
6	1396		4879.728369000
17		43	4879.745135000
6	1396		4879.793609000
17		43	4879.838332000
6	1396		4879.858706000
6	1396		4879.923967000
17		43	4879.931624000
6	1396		4879.989083000
17		43	4880.023987000
6	1396		4880.054351000
17		43	4880.117603000
6	1396		4880.119453000
6	1396		4880.184654000
17		43	4880.210314000
6	1396		4880.249854000
6	0		4880.303302000
6	39		4880.303337000
6	0		4880.309827000
6	1396		4880.314996000
6	1396		4880.380193000
17		43	4880.396263000
6	0		4880.396294000
6	1396		4880.445375000
17		43	4880.489302000
6	1396		4880.510549000
6	1396		4880.575763000
17		43	4880.582469000
17		43	4880.674794000
17		43	4880.767958000
17		43	4880.861580000
17		43	4880.954257000
17		43	4881.047441000
17		43	4881.140490000
17		48	4881.233713000
17		34	4881.260048000
17		43	4881.325881000
17		43	4881.419125000
17		43	4881.512299000
17		1358	4881.514024000
17		43	4881.605478000
17		1358	4881.607159000
17		1358	4881.677538000
17		43	4881.698215000
17		1358	4881.749116000
17		42	4881.790811000
17		1358	4881.820002000
6	0		4881.884302000
6	1396		4881.892542000
6	0		4881.977249000
6	1396		4881.985484000
6	0		4882.070282000
6	1396		4882.078533000
6	0		4882.255995000
6	1396		4882.264236000
6	1396		4882.296785000
6	0		4882.442251000
6	1396		4882.450468000
6	1396		4882.483060000
6	0		4882.535435000
6	1396		4882.548224000
6	1396		4882.613424000
6	0		4882.628648000
6	1396		4882.678635000
6	0		4882.720884000
6	1396		4882.743804000
6	1396		4882.808985000
6	0		4882.814089000
6	1396		4882.874156000
6	0		4882.907414000
6	1396		4882.939369000
6	0		4883.000686000
6	1396		4883.004521000
6	1396		4883.069741000
6	0		4883.092897000
6	1396		4883.134914000
6	0		4883.186162000
6	1396		4883.200110000
6	1396		4883.265306000
6	0		4883.279387000
6	1396		4883.330461000
6	0		4883.372797000
6	1396		4883.395717000
6	1396		4883.460826000
6	0		4883.465000000
6	1396		4883.526009000
6	0		4883.558300000
6	1396		4883.591192000
6	0		4883.651370000
6	1396		4883.656400000
6	1396		4883.721603000
6	0		4883.744321000
6	1396		4883.786751000
6	1396		4883.851942000
6	1396		4883.917138000
6	0		4883.930237000
6	1396		4883.982324000
6	1396		4884.047503000
6	1396		4884.112667000
6	0		4884.116795000
6	1396		4884.177875000
6	1396		4884.243053000
6	0		4884.302379000
6	1396		4884.308224000
6	1396		4884.373441000
6	1396		4884.438603000
6	0		4884.487910000
6	1396		4884.503788000
6	1396		4884.569009000
6	0		4884.581146000
6	1396		4884.634174000
6	1396		4884.699349000
6	1396		4884.764524000
6	0		4884.767616000
6	1396		4884.829718000
6	1396		4884.894898000
6	0		4884.953242000
6	1396		4884.960124000
6	1396		4885.025262000
6	1396		4885.090441000
6	0		4885.139726000
6	764		4885.155636000
6	0		4885.325110000
6	0		4885.511598000
6	0		4885.696982000
6	0		4885.883362000
17		41	4885.976274000
17		1358	4885.977259000
17		1358	4886.048453000
17		41	4886.069380000
17		1358	4886.118449000
17		41	4886.162507000
17		1358	4886.188269000
17		41	4886.255615000
17		1358	4886.257288000
17		1358	4886.328450000
17		41	4886.348504000
17		1358	4886.398579000
17		1358	4886.469134000
6	0		4886.534121000
17		1358	4886.538797000
17		1358	4886.608937000
17		1358	4886.678891000
6	0		4886.720338000
17		1358	4886.749622000
6	0		4886.813555000
17		1358	4886.818958000
17		1358	4886.889401000
17		1358	4886.959403000
6	0		4886.998983000
17		1358	4887.029455000
17		1358	4887.099906000
17		1358	4887.169233000
6	0		4887.184919000
17		1358	4887.239138000
17		1358	4887.309505000
6	0		4887.371589000
17		1358	4887.379004000
17		1358	4887.450435000
17		1358	4887.520094000
6	0		4887.557176000
17		1358	4887.589637000
6	0		4887.650013000
17		1358	4887.659963000
17		1358	4887.729412000
6	0		4887.743221000
17		1358	4887.800434000
6	0		4887.836719000
17		1358	4887.870033000
6	0		4887.928958000
17		1358	4887.940461000
17		1358	4888.010577000
6	0		4888.022103000
17		1358	4888.080039000
6	0		4888.115316000
17		1358	4888.150518000
6	0		4888.208563000
17		1358	4888.221382000
17		1358	4888.291276000
6	0		4888.300940000
17		1358	4888.361234000
6	0		4888.394545000
17		1358	4888.430954000
6	0		4888.487267000
17		1358	4888.500363000
17		1358	4888.571694000
6	0		4888.580016000
17		1358	4888.641094000
6	0		4888.673273000
17		1358	4888.711375000
6	0		4888.766100000
17		1358	4888.781099000
17		1358	4888.851051000
6	0		4888.858907000
17		1358	4888.920535000
6	0		4888.952591000
17		1358	4888.991270000
6	0		4889.045073000
17		1358	4889.061973000
17		1358	4889.131313000
6	0		4889.138641000
17		1358	4889.201117000
6	0		4889.230854000
17		1358	4889.271046000
6	0		4889.324350000
17		1358	4889.341858000
17		1358	4889.412041000
6	0		4889.417357000
6	0		4889.417386000
17		1358	4889.482492000
6	0		4889.510582000
17		1358	4889.552256000
6	0		4889.602993000
17		1358	4889.621544000
17		1358	4889.691997000
6	0		4889.696262000
17		1358	4889.763160000
6	0		4889.789462000
17		1358	4889.832800000
6	0		4889.882097000
17		1358	4889.902030000
17		1358	4889.972634000
6	0		4889.974886000
17		1358	4890.041793000
6	0		4890.068088000
17		1358	4890.112754000
6	0		4890.161073000
17		1358	4890.183302000
17		1358	4890.252923000
6	0		4890.254191000
17		1358	4890.322445000
6	0		4890.347404000
17		1358	4890.392936000
6	0		4890.439772000
17		1358	4890.462604000
6	0		4890.532947000
17		1358	4890.533396000
17		1358	4890.602885000
6	0		4890.626039000
17		1358	4890.673041000
6	1396		4890.719139000
6	328		4890.719177000
17		41	4890.719189000
6	0		4890.727382000
6	1396		4890.736587000
17		1358	4890.742950000
6	1396		4890.762330000
6	1396		4890.797256000
17		41	4890.812082000
17		1358	4890.813549000
6	1396		4890.832213000
6	1396		4890.867155000
17		1358	4890.884261000
6	1396		4890.902099000
17		41	4890.905801000
6	1396		4890.937049000
17		1358	4890.953669000
6	1396		4890.971984000
17		41	4891.001652000
6	1396		4891.006926000
17		1358	4891.023230000
6	1396		4891.041879000
6	1396		4891.076817000
17		41	4891.091482000
17		1358	4891.093190000
6	1396		4891.111774000
6	1396		4891.146700000
17		1358	4891.163561000
6	1396		4891.181618000
17		41	4891.184968000
6	1396		4891.216604000
17		1358	4891.233408000
6	1396		4891.251541000
17		41	4891.276911000
6	1396		4891.286481000
17		1358	4891.303971000
6	1396		4891.321425000
6	1396		4891.356408000
17		41	4891.370525000
17		1358	4891.374461000
6	1396		4891.391315000
6	1396		4891.426283000
17		1358	4891.443664000
6	1396		4891.461213000
17		46	4891.463381000
17		34	4891.490004000
6	1396		4891.496154000
17		1358	4891.513706000
6	1396		4891.531109000
17		41	4891.556334000
6	1396		4891.566029000
17		1358	4891.583690000
6	1396		4891.601008000
6	1396		4891.635943000
17		41	4891.649705000
17		1358	4891.655115000
6	1396		4891.670889000
6	1396		4891.705824000
17		1358	4891.724457000
6	1396		4891.740757000
17		41	4891.742232000
6	1396		4891.775707000
17		1358	4891.795009000
6	1396		4891.810658000
17		41	4891.834825000
6	1396		4891.845590000
17		1358	4891.864203000
6	1396		4891.880551000
6	1396		4891.915496000
17		41	4891.928604000
17		1358	4891.934555000
6	1396		4891.950444000
6	1396		4891.985369000
17		1358	4892.004180000
6	1396		4892.020337000
17		41	4892.021476000
6	1396		4892.055265000
17		1358	4892.074891000
6	1396		4892.090203000
17		41	4892.114463000
6	1396		4892.125154000
17		1358	4892.144908000
6	1396		4892.160116000
6	1396		4892.195039000
17		41	4892.207225000
17		1358	4892.215235000
6	1396		4892.229995000
6	1396		4892.264937000
17		1358	4892.284674000
6	1396		4892.299893000
17		41	4892.300061000
6	1396		4892.334830000
17		1358	4892.354407000
6	1396		4892.369774000
17		41	4892.393732000
6	1396		4892.404708000
17		1358	4892.425624000
6	1396		4892.439647000
6	1396		4892.474624000
17		41	4892.486752000
17		1358	4892.495206000
6	1396		4892.509537000
6	1396		4892.544556000
17		1358	4892.565016000
6	1396		4892.579419000
17		41	4892.579616000
6	1396		4892.614386000
17		1358	4892.634785000
6	1396		4892.649333000
17		41	4892.672521000
6	1396		4892.684272000
17		1358	4892.704859000
6	1396		4892.719223000
6	1396		4892.754186000
17		41	4892.765470000
17		1358	4892.775121000
6	1396		4892.789091000
6	1396		4892.824031000
17		1358	4892.846074000
6	668		4892.858091000
6	39		4892.858124000
17		41	4892.858136000
6	1396		4892.858972000
6	0		4892.860266000
6	0		4892.860280000
6	39		4892.860284000
6	67		4892.865572000
6	70		4892.875438000
6	1396		4892.893936000
17		1358	4892.915846000
6	1396		4892.928888000
17		41	4892.951098000
6	1396		4892.963820000
17		1358	4892.985942000
6	1396		4892.998772000
6	1396		4893.033735000
17		41	4893.044003000
17		1358	4893.055756000
6	1396		4893.068662000
6	1396		4893.103609000
17		1358	4893.125835000
17		41	4893.137742000
6	1396		4893.138536000
6	1396		4893.173475000
17		1358	4893.196298000
6	1396		4893.208424000
17		41	4893.229809000
6	1396		4893.243371000
17		1358	4893.265870000
6	1396		4893.278351000
6	1396		4893.313253000
17		46	4893.323491000
17		1358	4893.335685000
6	1396		4893.348204000
6	1396		4893.383159000
17		1358	4893.405655000
17		41	4893.416633000
6	1396		4893.418084000
6	1396		4893.453124000
17		1358	4893.475775000
6	1396		4893.487983000
17		41	4893.509603000
6	1396		4893.522927000
17		1358	4893.545603000
6	1396		4893.557870000
6	1396		4893.592824000
17		41	4893.601977000
17		1358	4893.616401000
6	1396		4893.627755000
6	1396		4893.662710000
17		1358	4893.686242000
17		41	4893.694855000
6	1396		4893.697644000
6	1396		4893.732657000
17		1358	4893.757061000
6	1396		4893.767590000
17		41	4893.788120000
6	1396		4893.802483000
17		1358	4893.826144000
6	1396		4893.837432000
6	1396		4893.872369000
17		41	4893.881638000
17		1358	4893.896468000
6	1396		4893.907316000
6	1396		4893.942286000
17		1358	4893.966746000
17		41	4893.974484000
6	1396		4893.977206000
6	1396		4894.012166000
17		1358	4894.036716000
6	1396		4894.047189000
17		41	4894.067754000
6	1396		4894.082047000
17		1358	4894.106964000
6	1396		4894.116995000
6	1396		4894.151950000
17		41	4894.160742000
17		1358	4894.176813000
6	1396		4894.186864000
6	1396		4894.221895000
17		1358	4894.247213000
17		41	4894.253184000
6	1396		4894.256760000
6	673		4894.291763000
17		1358	4894.316964000
17		41	4894.346271000
17		1358	4894.387523000
17		41	4894.439066000
17		1358	4894.457029000
17		1358	4894.527063000
17		41	4894.532563000
17		1358	4894.597359000
17		42	4894.625065000
17		1358	4894.667435000
17		42	4894.718389000
17		1358	4894.738251000
17		1358	4894.807744000
17		42	4894.810942000
6	560		4894.810971000
6	69		4894.814546000
6	31		4894.819643000
17		1358	4894.877469000
17		42	4894.903911000
17		1358	4894.947700000
17		42	4894.997530000
17		1358	4895.018057000
17		1358	4895.087351000
17		42	4895.089810000
17		1358	4895.158503000
17		47	4895.183586000
17		34	4895.210340000
17		1358	4895.228357000
17		42	4895.276567000
17		1358	4895.298223000
17		1358	4895.368095000
17		42	4895.369321000
17		1358	4895.438200000
17		42	4895.462125000
17		1358	4895.508670000
17		42	4895.555264000
17		1358	4895.578565000
17		43	4895.648757000
17		1358	4895.649114000
17		1358	4895.718070000
17		43	4895.741722000
17		1358	4895.788158000
17		43	4895.834147000
17		1358	4895.858112000
17		43	4895.927660000
17		1358	4895.928658000
17		1358	4895.998979000
17		43	4896.020269000
17		1358	4896.068889000
17		43	4896.113137000
17		43	4896.206066000
17		43	4896.299188000
17		43	4896.392336000
6	0		4896.485304000
17		43	4896.578122000
6	0		4896.671305000
6	0		4896.764499000
17		43	4896.857339000
6	0		4896.949870000
6	0		4897.043197000
17		43	4897.136197000
6	0		4897.229375000
6	0		4897.322744000
17		43	4897.415327000
6	0		4897.507923000
6	0		4897.507952000
17		43	4897.601089000
6	0		4897.694266000
6	0		4897.787457000
17		43	4897.880360000
6	0		4897.972886000
6	0		4898.065972000
17		48	4898.158827000
17		35	4898.185960000
6	0		4898.252307000
6	0		4898.345502000
17		43	4898.438748000
6	0		4898.530986000
6	0		4898.624137000
17		43	4898.717074000
6	0		4898.810494000
6	0		4898.903709000
17		43	4898.995908000
6	0		4899.089166000
6	0		4899.182361000
6	0		4899.275139000
17		43	4899.275169000
6	0		4899.368922000
17		43	4899.461608000
6	0		4899.554045000
6	0		4899.647233000
17		43	4899.740070000
6	0		4899.833605000
6	0		4899.926770000
17		43	4900.018967000
6	0		4900.112133000
6	0		4900.205367000
17		43	4900.298189000
6	0		4900.391767000
6	0		4900.483932000
17		43	4900.577241000
6	0		4900.670441000
6	0		4900.763618000
17		43	4900.856349000
6	0		4900.949019000
6	0		4901.041872000
17		43	4901.041900000
6	0		4901.135369000
6	0		4901.228547000
17		43	4901.321471000
6	0		4901.414048000
6	0		4901.507199000
17		43	4901.600124000
6	0		4901.693660000
6	0		4901.785923000
17		43	4901.879125000
6	0		4901.972252000
6	0		4902.065492000
17		43	4902.158456000
6	0		4902.250948000
6	0		4902.343995000
17		43	4902.437180000
6	0		4902.530405000
6	0		4902.623563000
17		43	4902.716380000
6	0		4902.808890000
6	51		4902.808914000
6	0		4902.808919000
6	92		4902.808924000
6	31		4902.808928000
6	0		4902.810371000
6	0		4902.810408000
6	31		4902.810698000
6	0		4902.902024000
17		43	4902.902054000
6	0		4902.995233000
6	0		4903.088403000
17		43	4903.181197000
6	0		4903.274734000
6	0		4903.367343000
17		48	4903.459922000
17		35	4903.486614000
6	0		4903.553258000
17		43	4903.739339000
6	0		4903.739369000
6	0		4903.925725000
17		43	4904.018573000
6	0		4904.204606000
17		43	4904.297617000
6	0		4904.483174000
17		43	4904.576127000
6	0		4904.762791000
17		43	4904.855655000
6	0		4905.041361000
17		43	4905.134360000
6	0		4905.227817000
17		43	4905.320597000
6	0		4905.506348000
17		43	4905.599184000
6	0		4905.785827000
17		43	4905.878708000
6	0		4906.064410000
17		43	4906.157204000
6	0		4906.342928000
17		43	4906.435852000
6	0		4906.622441000
17		43	4906.714937000
6	0		4906.901782000
17		43	4906.901808000
6	0		4907.087367000
17		43	4907.180214000
6	0		4907.365896000
17		43	4907.459188000
6	0		4907.645955000
17		43	4907.738488000
6	0		4907.924329000
17		43	4908.016857000
6	0		4908.203642000
17		43	4908.296434000
6	0		4908.482157000
17		43	4908.574981000
6	0		4908.761406000
17		48	4908.761448000
17		34	4908.787814000
6	0		4908.947375000
17		43	4909.040732000
6	1396		4909.132961000
6	441		4909.132993000
6	0		4909.143560000
6	0		4909.143602000
6	5584		4909.144922000
6	2792		4909.144949000
6	1396		4909.211065000
6	0		4909.225914000
6	1396		4909.277491000
17		43	4909.319408000
6	1396		4909.343996000
6	1396		4909.410429000
6	1396		4909.476825000
6	0		4909.504963000
6	1396		4909.543301000
17		43	4909.597961000
6	1396		4909.609760000
6	1396		4909.676152000
6	1396		4909.742596000
6	0		4909.784613000
6	1396		4909.809039000
6	1396		4909.875492000
17		43	4909.877781000
6	1396		4909.941939000
6	0		4909.970651000
6	1396		4910.008370000
17		43	4910.063018000
6	1396		4910.074824000
6	1396		4910.141277000
17		43	4910.156395000
6	1396		4910.207712000
17		43	4910.249550000
6	1396		4910.274154000
6	1396		4910.340699000
17		43	4910.341864000
6	1396		4910.407035000
17		43	4910.434976000
6	1396		4910.473484000
17		43	4910.528163000
6	1396		4910.539945000
6	1396		4910.606367000
17		43	4910.621676000
6	1396		4910.672811000
17		43	4910.713961000
6	1396		4910.739266000
6	1396		4910.805737000
17		43	4910.806784000
6	1396		4910.872167000
17		43	4910.899937000
6	1396		4910.938601000
17		43	4910.993238000
6	1396		4911.005051000
6	1396		4911.071482000
17		43	4911.085886000
6	1396		4911.137929000
17		43	4911.178900000
6	1396		4911.204386000
6	1396		4911.270820000
17		43	4911.271912000
6	1396		4911.337268000
17		43	4911.365099000
6	1396		4911.403720000
17		48	4911.458375000
6	1396		4911.470227000
17		34	4911.485078000
6	1396		4911.536603000
17		43	4911.550871000
6	1396		4911.603057000
17		43	4911.643851000
6	1396		4911.669494000
6	1396		4911.735949000
17		43	4911.737412000
17		43	4911.830151000
17		43	4911.923410000
17		1358	4911.925192000
17		43	4912.016439000
17		1358	4912.018295000
17		43	4912.109543000
17		1358	4912.110271000
17		1358	4912.197640000
6	1418		4912.202080000
6	356		4912.206419000
6	31		4912.206478000
6	39		4912.206483000
6	399		4912.295327000
6	0		4912.295373000
17		43	4912.295386000
6	0		4912.295393000
17		1358	4912.297066000
6	114		4912.299501000
6	31		4912.312800000
17		1358	4912.383714000
6	0		4912.388046000
6	1396		4912.398477000
17		1358	4912.470239000
6	0		4912.481259000
6	1396		4912.491722000
17		1358	4912.555939000
6	0		4912.574253000
6	1396		4912.584715000
17		1358	4912.643242000
6	0		4912.667506000
6	1396		4912.677944000
17		1358	4912.729103000
6	0		4912.760752000
6	0		4912.760784000
6	1396		4912.771194000
6	1396		4912.804486000
17		1358	4912.815302000
6	0		4912.853012000
6	1396		4912.870846000
17		1358	4912.900718000
6	0		4912.946135000
6	1396		4912.956570000
17		1358	4912.987651000
6	0		4913.039339000
6	1396		4913.049775000
17		1358	4913.075113000
6	0		4913.132315000
6	1396		4913.142734000
17		1358	4913.159832000
6	0		4913.225282000
6	1396		4913.235808000
17		1358	4913.247103000
17		1358	4913.332521000
6	0		4913.411675000
17		1358	4913.419014000
6	1396		4913.422162000
6	1396		4913.455334000
17		1358	4913.504718000
17		1358	4913.591493000
6	0		4913.597848000
6	1396		4913.608264000
6	1396		4913.641493000
17		1358	4913.677370000
17		1358	4913.764552000
6	0		4913.783803000
6	1396		4913.794264000
6	1396		4913.827499000
17		1358	4913.849991000
17		1358	4913.936580000
6	0		4913.969480000
6	1396		4913.979925000
6	1396		4914.013200000
17		1358	4914.022052000
17		1358	4914.108736000
6	0		4914.155523000
6	1396		4914.166012000
17		1358	4914.194847000
6	1396		4914.199160000
17		1358	4914.281738000
6	0		4914.341634000
6	1396		4914.352067000
17		1358	4914.367363000
6	1396		4914.385287000
17		1358	4914.454028000
6	0		4914.527759000
6	1396		4914.538326000
17		1358	4914.539234000
6	1396		4914.571417000
17		1358	4914.626143000
17		1358	4914.712633000
6	0		4914.712881000
6	1396		4914.723291000
6	1396		4914.756515000
17		1358	4914.798562000
6	635		4914.805966000
6	143		4914.806003000
6	0		4914.807663000
17		1358	4914.884505000
6	0		4914.898956000
6	1396		4914.909370000
6	1396		4914.942598000
17		1358	4914.971489000
17		1358	4915.056852000
6	0		4915.084962000
6	1396		4915.095418000
6	1396		4915.128669000
17		1358	4915.143709000
17		1358	4915.229249000
6	0		4915.271150000
6	1396		4915.281568000
6	1396		4915.313853000
17		1358	4915.315800000
6	0		4915.364737000
6	1396		4915.378348000
17		1358	4915.401665000
6	1396		4915.440125000
17		1358	4915.488742000
6	0		4915.550547000
6	1396		4915.560996000
17		1358	4915.573865000
6	1396		4915.591275000
17		1358	4915.661412000
6	0		4915.736718000
17		1358	4915.746524000
6	1396		4915.747125000
6	1396		4915.776486000
17		1358	4915.833005000
17		1358	4915.919535000
6	0		4915.921977000
6	1396		4915.932391000
6	1396		4915.961164000
17		1358	4916.006164000
17		1358	4916.091527000
6	0		4916.108594000
6	1396		4916.119052000
6	1396		4916.147247000
17		1358	4916.178601000
17		1358	4916.264009000
6	0		4916.294108000
6	1396		4916.304534000
6	1396		4916.332217000
17		1358	4916.351060000
17		42	4916.387017000
6	348		4916.387588000
17		1358	4916.436462000
17		41	4916.480098000
17		1358	4916.523559000
17		41	4916.573437000
17		1358	4916.608665000
6	0		4916.666340000
6	0		4916.666367000
6	0		4916.666378000
6	39		4916.666385000
17		41	4916.666392000
6	100		4916.667946000
6	0		4916.679625000
17		1358	4916.695667000
6	0		4916.759303000
17		41	4916.759331000
17		1358	4916.781244000
17		41	4916.852652000
17		1358	4916.867952000
17		1358	4916.953684000
17		41	4917.038219000
6	0		4917.038246000
17		1358	4917.039286000
17		1358	4917.125999000
17		1358	4917.212479000
17		41	4917.223949000
17		1358	4917.298898000
6	0		4917.317365000
17		1358	4917.384946000
17		41	4917.410231000
17		1358	4917.471128000
17		1358	4917.558145000
17		41	4917.596461000
17		1358	4917.644028000
6	0		4917.689689000
17		1358	4917.729794000
17		1358	4917.815654000
17		41	4917.874914000
17		1358	4917.902675000
6	0		4917.968141000
17		1358	4917.988304000
6	0		4918.061008000
17		46	4918.061035000
17		1358	4918.074668000
17		41	4918.154105000
17		1358	4918.160374000
6	0		4918.247309000
17		1358	4918.247506000
17		1358	4918.333237000
17		41	4918.339787000
17		1358	4918.419547000
6	0		4918.433666000
17		1358	4918.505499000
17		41	4918.526606000
17		1358	4918.591966000
6	0		4918.618955000
17		1358	4918.677821000
17		41	4918.712082000
17		1358	4918.764401000
17		41	4918.805048000
17		1358	4918.850624000
17		41	4918.898031000
17		1358	4918.937255000
6	0		4918.991245000
17		1358	4919.023230000
6	0		4919.084712000
17		1358	4919.109694000
17		41	4919.177409000
17		1358	4919.195512000
17		41	4919.269834000
17		1358	4919.282245000
6	0		4919.363002000
17		1358	4919.368212000
17		1358	4919.454792000
6	0		4919.456750000
17		1358	4919.539986000
17		41	4919.548975000
17		1358	4919.626642000
6	0		4919.641921000
17		1358	4919.712355000
6	0		4919.735137000
17		1358	4919.799507000
17		41	4919.828473000
17		1358	4919.885751000
17		41	4919.921105000
17		1358	4919.971725000
6	0		4920.014061000
17		1358	4920.058756000
6	0		4920.107250000
17		1358	4920.144746000
17		41	4920.199821000
17		1358	4920.230797000
17		41	4920.293256000
17		1358	4920.316186000
6	0		4920.386493000
17		1358	4920.403061000
17		41	4920.479500000
17		1358	4920.489606000
6	0		4920.572685000
17		1358	4920.575348000
17		1358	4920.661393000
17		41	4920.665604000
17		1358	4920.748634000
6	0		4920.757889000
17		1358	4920.833623000
17		41	4920.850930000
17		1358	4920.920596000
6	0		4920.943923000
17		41	4920.943951000
17		1358	4921.005948000
6	0		4921.037476000
6	0		4921.037502000
6	0		4921.047066000
6	0		4921.061892000
17		1358	4921.092820000
17		41	4921.098971000
6	0		4921.161195000
17		1358	4921.179102000
17		41	4921.223303000
17		1358	4921.265412000
17		46	4921.285291000
17		34	4921.312524000
6	0		4921.346858000
17		1358	4921.351814000
6	0		4921.409098000
17		1358	4921.438092000
17		41	4921.471278000
17		1358	4921.524117000
17		41	4921.533223000
6	0		4921.595512000
17		1358	4921.610331000
6	0		4921.657700000
17		1358	4921.695942000
17		41	4921.719552000
17		41	4921.781266000
17		1358	4921.782936000
6	0		4921.843250000
17		1358	4921.868843000
6	0		4921.905544000
17		1358	4921.955183000
17		41	4921.966897000
6	0		4922.029433000
17		41	4922.029469000
17		1358	4922.040644000
6	0		4922.090823000
17		1358	4922.127830000
17		41	4922.153163000
17		1358	4922.213410000
6	0		4922.215711000
6	438		4922.277084000
6	0		4922.278711000
17		1358	4922.299696000
6	1101		4922.338832000
17		41	4922.338877000
6	0		4922.338886000
6	0		4922.340472000
6	139		4922.345163000
6	62		4922.373009000
17		1358	4922.385481000
6	70		4922.387428000
17		41	4922.401746000
6	0		4922.463122000
17		1358	4922.472218000
17		41	4922.524781000
17		1358	4922.558385000
6	0		4922.587665000
17		1358	4922.645341000
17		41	4922.649552000
17		41	4922.711374000
17		1358	4922.730599000
6	0		4922.772869000
17		1358	4922.817098000
6	0		4922.835056000
17		41	4922.897251000
17		1358	4922.903057000
17		41	4922.959341000
17		1358	4922.989903000
6	0		4923.021233000
17		1358	4923.076041000
6	1396		4923.083173000
6	329		4923.083219000
6	0		4923.083231000
17		41	4923.083241000
6	0		4923.091451000
6	1396		4923.092562000
6	1396		4923.124977000
17		41	4923.145136000
6	1396		4923.158509000
17		1358	4923.162440000
6	1396		4923.192068000
6	0		4923.206970000
6	1396		4923.225621000
17		1358	4923.248300000
6	1396		4923.259160000
6	0		4923.269397000
6	1396		4923.292715000
6	1396		4923.326235000
17		41	4923.331199000
17		1358	4923.332627000
6	1396		4923.359801000
17		42	4923.393118000
6	1396		4923.393331000
17		1358	4923.420281000
6	1396		4923.426884000
6	0		4923.455193000
6	1396		4923.460514000
6	1396		4923.493976000
17		1358	4923.507316000
6	0		4923.517348000
6	1396		4923.527537000
6	1396		4923.561106000
6	0		4923.578915000
6	0		4923.578958000
17		42	4923.578973000
6	0		4923.580289000
17		1358	4923.592519000
6	1396		4923.594639000
6	1396		4923.628229000
17		47	4923.641252000
6	1396		4923.661710000
17		34	4923.667095000
17		1358	4923.679630000
6	1396		4923.695285000
17		42	4923.703210000
6	1396		4923.728812000
6	1396		4923.762358000
17		1358	4923.765068000
17		42	4923.765458000
6	0		4923.765482000
6	1396		4923.795919000
6	0		4923.827285000
17		42	4923.827321000
6	0		4923.828174000
6	1396		4923.829456000
17		1358	4923.852257000
6	1396		4923.862994000
6	0		4923.884318000
17		42	4923.889096000
6	1396		4923.896548000
6	1396		4923.930089000
17		1358	4923.937515000
17		43	4923.951296000
6	1396		4923.963691000
6	1396		4923.997192000
17		43	4924.013447000
17		1358	4924.024973000
6	1396		4924.030733000
6	1396		4924.064275000
17		43	4924.075219000
6	1396		4924.097830000
17		1358	4924.110576000
6	1396		4924.131370000
6	0		4924.132212000
17		43	4924.137259000
6	1396		4924.164925000
17		1358	4924.196720000
6	1396		4924.198456000
17		43	4924.199147000
6	1396		4924.232004000
17		43	4924.261439000
6	1396		4924.265538000
17		1358	4924.283105000
6	1396		4924.299118000
17		43	4924.323054000
6	1396		4924.332645000
6	1396		4924.366204000
17		1358	4924.369456000
17		43	4924.385121000
6	1396		4924.399738000
6	1396		4924.433298000
17		43	4924.447381000
17		1358	4924.455316000
6	1396		4924.466830000
6	1396		4924.500382000
17		43	4924.509238000
6	1396		4924.533941000
17		1358	4924.541453000
6	1396		4924.567479000
17		43	4924.571229000
6	0		4924.571254000
6	0		4924.571792000
6	1396		4924.601093000
17		1358	4924.627172000
17		43	4924.633630000
6	1396		4924.634553000
6	1095		4924.668127000
17		43	4924.695092000
17		1358	4924.713804000
17		42	4924.757013000
17		1358	4924.799864000
6	0		4924.818895000
17		41	4924.818931000
6	0		4924.819485000
17		46	4924.880963000
17		1358	4924.886303000
17		42	4924.943474000
17		1358	4924.972517000
17		42	4925.005678000
17		1358	4925.059130000
17		42	4925.067026000
17		42	4925.129105000
17		1358	4925.144659000
17		43	4925.191205000
17		1358	4925.231607000
17		43	4925.253127000
17		43	4925.314783000
17		1358	4925.316557000
17		43	4925.377787000
17		1358	4925.403847000
17		43	4925.439624000
17		1358	4925.490074000
17		43	4925.501088000
17		43	4925.563012000
17		1358	4925.576034000
17		43	4925.625141000
17		1358	4925.661850000
17		43	4925.686955000
17		1358	4925.748783000
17		43	4925.749100000
17		43	4925.811670000
17		1358	4925.834185000
17		43	4925.873256000
6	0		4925.873287000
6	0		4925.875032000
17		1358	4925.921599000
17		43	4925.935160000
17		43	4925.997073000
17		1358	4926.006710000
17		43	4926.058926000
17		1358	4926.093869000
17		48	4926.121657000
17		35	4926.148414000
17		1358	4926.179091000
17		43	4926.182958000
17		43	4926.245364000
17		1358	4926.266538000
17		43	4926.307116000
17		1358	4926.352075000
17		43	4926.369574000
17		43	4926.431097000
17		43	4926.493497000
17		43	4926.555311000
6	0		4926.604300000
6	0		4926.617376000
17		43	4926.617406000
6	0		4926.617937000
17		43	4926.679427000
6	0		4926.679461000
17		43	4926.741584000
17		43	4926.803267000
6	0		4926.803299000
6	0		4926.803871000
17		43	4926.865383000
17		43	4926.926957000
17		43	4926.989381000
17		43	4927.051175000
17		43	4927.113411000
17		43	4927.175371000
17		43	4927.237569000
17		43	4927.298879000
17		48	4927.360901000
17		35	4927.387127000
17		43	4927.423086000
17		43	4927.485299000
6	0		4927.547177000
17		43	4927.547210000
6	0		4927.609699000
6	39		4927.609727000
17		43	4927.609735000
6	0		4927.616777000
17		43	4927.671751000
17		43	4927.732824000
17		43	4927.794912000
17		43	4927.857130000
17		43	4927.919156000
17		43	4927.981293000
17		43	4928.043464000
17		43	4928.105596000
6	0		4928.229523000
6	0		4928.229552000
17		43	4928.291326000
6	0		4928.352851000
6	0		4928.415010000
17		43	4928.476817000
6	0		4928.539388000
6	0		4928.601566000
6	0		4928.663740000
17		43	4928.725417000
6	0		4928.786925000
6	0		4928.843740000
6	0		4928.849114000
17		43	4928.910841000
6	0		4928.973360000
6	0		4929.035546000
6	0		4929.097728000
17		43	4929.158931000
6	0		4929.221113000
6	0		4929.283506000
6	0		4929.283540000
6	517		4929.283548000
6	0		4929.284110000
6	2792		4929.285353000
6	1396		4929.285394000
6	991		4929.285408000
17		43	4929.344974000
6	0		4929.407723000
6	0		4929.468912000
6	0		4929.531155000
17		43	4929.531181000
6	0		4929.593319000
6	0		4929.655563000
6	0		4929.717865000
17		48	4929.779455000
17		34	4929.805734000
6	0		4929.841007000
6	0		4929.841033000
6	517		4929.841051000
6	0		4929.841626000
6	2792		4929.842894000
6	2387		4929.842953000
6	0		4929.903200000
17		43	4929.965071000
6	0		4930.027540000
6	0		4930.027566000
6	0		4930.089678000
6	0		4930.150853000
17		43	4930.212907000
6	0		4930.275063000
6	0		4930.337201000
17		43	4930.399034000
6	0		4930.461510000
6	0		4930.523672000
6	0		4930.584866000
17		43	4930.646986000
6	0		4930.709155000
6	0		4930.709177000
6	0		4930.771514000
17		43	4930.833061000
6	0		4930.895551000
6	0		4930.957891000
6	0		4930.957917000
17		43	4931.018817000
6	0		4931.080996000
6	0		4931.143161000
6	0		4931.205437000
17		43	4931.267608000
6	0		4931.329843000
6	0		4931.390980000
17		43	4931.453153000
6	0		4931.515373000
6	0		4931.577648000
6	0		4931.638802000
17		43	4931.701403000
6	0		4931.762944000
6	0		4931.762980000
6	0		4931.825314000
17		43	4931.886835000
6	0		4931.949398000
6	0		4932.011449000
6	0		4932.011482000
6	0		4932.021229000
6	1396		4932.073422000
6	329		4932.073453000
17		43	4932.073463000
6	0		4932.073469000
17		43	4932.073473000
6	0		4932.081680000
6	0		4932.081723000
17		43	4932.135442000
6	1396		4932.195908000
17		43	4932.196852000
6	1396		4932.212637000
6	1396		4932.246188000
17		43	4932.259905000
6	1396		4932.279771000
6	1396		4932.313277000
17		43	4932.320893000
6	0		4932.342062000
6	0		4932.342120000
6	1396		4932.346814000
6	1396		4932.380422000
17		43	4932.383212000
6	1396		4932.413905000
17		43	4932.445617000
6	1396		4932.447441000
6	1396		4932.481006000
17		43	4932.507295000
6	1396		4932.514542000
6	1396		4932.548088000
17		48	4932.569215000
6	1396		4932.581633000
17		34	4932.595548000
6	1396		4932.615197000
17		43	4932.631107000
6	1396		4932.648777000
6	1396		4932.682288000
17		43	4932.693377000
6	1396		4932.715822000
6	0		4932.746303000
6	1396		4932.749360000
17		43	4932.755419000
6	1396		4932.782919000
6	1396		4932.816470000
17		43	4932.817326000
6	1396		4932.850032000
17		43	4932.879436000
17		1358	4932.881615000
6	1396		4932.883564000
6	1396		4932.917148000
17		43	4932.941495000
17		1358	4932.943284000
6	1396		4932.950651000
6	1396		4932.984219000
17		43	4933.003343000
6	1396		4933.017756000
17		1358	4933.030515000
6	1396		4933.051308000
17		43	4933.065531000
6	1396		4933.084842000
17		1358	4933.117404000
6	1396		4933.118396000
6	0		4933.127563000
6	0		4933.127593000
17		42	4933.127603000
6	1396		4933.151941000
6	1396		4933.185469000
6	0		4933.188811000
17		1358	4933.204856000
6	1396		4933.219048000
6	0		4933.251106000
6	1396		4933.252582000
6	1396		4933.286155000
6	0		4933.313547000
6	1396		4933.319671000
6	1396		4933.353239000
6	0		4933.375209000
6	64		4933.375237000
6	0		4933.381284000
6	1396		4933.386754000
6	1396		4933.420327000
6	1396		4933.437731000
6	0		4933.437766000
6	0		4933.438349000
6	1396		4933.453863000
6	1396		4933.487387000
6	0		4933.498956000
6	1396		4933.520969000
6	1396		4933.554524000
6	0		4933.560918000
6	1396		4933.588048000
6	1396		4933.621592000
6	0		4933.623436000
6	64		4933.623469000
6	0		4933.629236000
6	1396		4933.655146000
6	0		4933.685329000
6	1396		4933.688670000
6	1396		4933.722232000
6	0		4933.747557000
6	1095		4933.755757000
6	0		4933.809008000
6	0		4933.871180000
6	0		4933.933396000
6	0		4933.933425000
6	0		4933.995580000
6	0		4934.057786000
6	0		4934.118958000
6	0		4934.181142000
6	0		4934.243306000
6	0		4934.305459000
6	0		4934.367633000
6	0		4934.428816000
6	0		4934.490921000
6	0		4934.553121000
6	0		4934.615300000
6	0		4934.677468000
6	0		4934.739621000
6	0		4934.801815000
6	0		4934.862965000
17		41	4934.924785000
17		1358	4934.926568000
6	0		4934.987210000
17		1358	4934.996724000
6	0		4935.048902000
17		1358	4935.065305000
17		41	4935.110933000
17		1358	4935.134822000
6	0		4935.173180000
17		1358	4935.203375000
6	0		4935.235358000
17		1358	4935.272278000
6	0		4935.297707000
17		1358	4935.341569000
17		41	4935.358854000
17		1358	4935.410137000
6	0		4935.421068000
17		1358	4935.479441000
6	0		4935.482906000
17		41	4935.482934000
6	0		4935.545100000
17		1358	4935.548626000
6	0		4935.606975000
17		1358	4935.617455000
6	0		4935.669184000
17		1358	4935.686059000
17		41	4935.730770000
17		1358	4935.754225000
6	0		4935.793423000
17		1358	4935.823341000
6	0		4935.855643000
17		1358	4935.892541000
6	0		4935.916828000
17		1358	4935.961351000
6	0		4935.978941000
17		1358	4936.030309000
6	0		4936.041639000
6	420		4936.041666000
6	0		4936.042213000
6	1396		4936.059126000
6	2792		4936.059172000
6	1042		4936.059183000
17		1358	4936.099591000
6	0		4936.102821000
6	0		4936.165119000
17		1358	4936.168040000
6	0		4936.227305000
17		1358	4936.237832000
6	0		4936.289160000
17		1358	4936.306069000
6	0		4936.351396000
17		1358	4936.375746000
6	0		4936.413054000
17		1358	4936.444747000
6	0		4936.475071000
17		1358	4936.512873000
6	0		4936.537163000
17		1358	4936.581934000
6	0		4936.599215000
17		1358	4936.651665000
6	0		4936.661008000
17		1358	4936.720262000
6	0		4936.723190000
6	0		4936.785519000
17		1358	4936.789368000
6	1396		4936.847501000
6	440		4936.847543000
17		41	4936.847558000
17		41	4936.847565000
6	0		4936.855799000
6	0		4936.855841000
17		1358	4936.858039000
6	1396		4936.880459000
6	1396		4936.897132000
17		41	4936.909419000
6	1396		4936.930484000
6	1396		4936.963842000
17		41	4936.971250000
17		1358	4936.972648000
6	1396		4936.997178000
6	1396		4937.030548000
17		41	4937.033375000
6	1396		4937.063891000
17		1358	4937.088068000
17		46	4937.095782000
6	1396		4937.097255000
17		34	4937.122308000
6	1396		4937.130632000
17		41	4937.157457000
6	1396		4937.164000000
6	1396		4937.197342000
17		1358	4937.202884000
17		41	4937.218993000
6	1396		4937.230692000
6	1396		4937.264060000
17		41	4937.281738000
6	1396		4937.297429000
17		1358	4937.317563000
6	1396		4937.330754000
17		41	4937.343348000
6	1396		4937.364113000
6	1396		4937.397481000
17		41	4937.404897000
6	1396		4937.430873000
17		1358	4937.433666000
6	1396		4937.464185000
17		41	4937.467777000
6	1396		4937.497553000
17		41	4937.528832000
6	1396		4937.530885000
17		1358	4937.547345000
6	1396		4937.564258000
17		41	4937.591852000
6	1396		4937.597589000
6	1396		4937.630966000
17		41	4937.653632000
17		1358	4937.662489000
6	1396		4937.664301000
6	1396		4937.697653000
17		41	4937.715567000
6	1396		4937.731024000
17		1358	4937.749533000
6	1396		4937.764380000
6	0		4937.777333000
6	1396		4937.797783000
6	1396		4937.831109000
17		1358	4937.834681000
6	0		4937.839011000
6	1396		4937.864444000
6	687		4937.897791000
6	0		4937.901086000
17		1358	4937.922031000
6	0		4937.963264000
17		1358	4938.006795000
17		41	4938.025098000
17		41	4938.087342000
17		1358	4938.094131000
17		41	4938.149833000
17		1358	4938.179316000
17		41	4938.211336000
17		1358	4938.266022000
17		41	4938.273507000
17		41	4938.335057000
17		1358	4938.352058000
17		41	4938.397307000
17		1358	4938.439026000
17		41	4938.459286000
17		41	4938.521183000
17		1358	4938.522862000
17		46	4938.583416000
17		34	4938.610328000
17		1358	4938.610364000
17		41	4938.645055000
17		1358	4938.697587000
6	0		4938.706999000
17		1358	4938.766023000
6	0		4938.769225000
6	0		4938.831547000
17		1358	4938.834854000
6	0		4938.893699000
17		1358	4938.904003000
17		41	4938.954946000
17		1358	4938.973441000
6	0		4939.017359000
17		1358	4939.042074000
6	0		4939.078823000
17		1358	4939.110645000
6	0		4939.141423000
17		1358	4939.179421000
17		41	4939.202882000
17		1358	4939.249291000
17		1358	4939.317527000
6	0		4939.327684000
17		1358	4939.386921000
6	0		4939.388947000
17		41	4939.451032000
17		1358	4939.455825000
17		1358	4939.525237000
6	0		4939.575273000
17		1358	4939.592447000
17		1358	4939.661541000
17		41	4939.699256000
6	0		4939.699284000
17		1358	4939.730616000
17		1358	4939.799315000
6	0		4939.823027000
17		1358	4939.868318000
17		1358	4939.937460000
6	0		4939.947702000
17		1358	4940.006871000
17		41	4940.009520000
17		1358	4940.075923000
6	0		4940.133425000
17		1358	4940.144238000
17		1358	4940.213865000
17		41	4940.257171000
17		1358	4940.282683000
6	0		4940.319311000
17		1358	4940.351331000
17		1358	4940.420614000
6	0		4940.443726000
17		1358	4940.489458000
17		41	4940.504896000
17		1358	4940.558198000
17		1358	4940.627438000
6	0		4940.628963000
17		41	4940.691256000
6	0		4940.691282000
17		1358	4940.695799000
17		1358	4940.765051000
6	0		4940.815257000
17		1358	4940.834283000
17		1358	4940.903118000
17		41	4940.939341000
17		1358	4940.971875000
6	0		4941.001657000
17		1358	4941.041197000
6	0		4941.062847000
17		1358	4941.110218000
6	1396		4941.125124000
6	423		4941.125152000
17		41	4941.125163000
6	0		4941.125699000
6	2792		4941.126588000
6	1396		4941.151583000
6	1396		4941.176599000
17		1358	4941.179022000
17		41	4941.187176000
6	1396		4941.201651000
6	1396		4941.226628000
17		1358	4941.247843000
17		41	4941.249101000
6	1396		4941.251630000
6	1396		4941.276645000
6	1396		4941.301666000
17		41	4941.310868000
17		1358	4941.317530000
6	1396		4941.326660000
6	1396		4941.351678000
17		41	4941.373547000
6	1396		4941.376678000
17		1358	4941.385280000
6	1396		4941.401704000
6	1396		4941.426708000
17		41	4941.435647000
6	1396		4941.451712000
17		1358	4941.453591000
6	1396		4941.476731000
17		41	4941.497749000
6	1396		4941.501723000
17		1358	4941.522653000
6	1396		4941.526743000
6	1396		4941.551760000
17		41	4941.558848000
6	1396		4941.576774000
17		1358	4941.592476000
6	1396		4941.601787000
17		41	4941.621626000
6	1396		4941.626774000
6	1396		4941.651802000
17		1358	4941.660558000
6	1396		4941.676806000
17		46	4941.682832000
6	1396		4941.701810000
17		34	4941.709441000
6	1396		4941.726821000
17		1358	4941.730362000
17		41	4941.745861000
6	1396		4941.751836000
6	1396		4941.776839000
17		1358	4941.798639000
6	1396		4941.801845000
17		41	4941.807719000
6	1396		4941.826864000
6	1396		4941.851892000
17		1358	4941.867615000
17		41	4941.868845000
6	1396		4941.876889000
6	1289		4941.901904000
17		41	4941.931599000
17		1358	4941.936550000
17		41	4941.992995000
17		1358	4942.006241000
17		41	4942.054922000
17		1358	4942.074403000
17		41	4942.117251000
17		1358	4942.143799000
17		41	4942.179388000
17		1358	4942.212582000
17		41	4942.240884000
17		1358	4942.281856000
17		41	4942.303571000
17		1358	4942.350448000
17		41	4942.365121000
17		1358	4942.419462000
17		41	4942.427338000
17		1358	4942.489134000
17		41	4942.489440000
17		41	4942.551111000
17		1358	4942.557216000
17		41	4942.613229000
17		1358	4942.626487000
17		41	4942.675206000
17		1358	4942.695694000
17		41	4942.737396000
17		1358	4942.764871000
17		41	4942.799657000
17		1358	4942.833186000
17		41	4942.860825000
17		1358	4942.902555000
17		46	4942.923212000
17		34	4942.949558000
17		1358	4942.971121000
17		41	4942.985809000
17		1358	4943.040424000
17		41	4943.047678000
17		1358	4943.108020000
17		41	4943.109539000
17		41	4943.171146000
17		1358	4943.177694000
17		41	4943.233154000
17		1358	4943.246443000
17		41	4943.295129000
17		1358	4943.315436000
17		41	4943.357305000
17		1358	4943.384922000
17		41	4943.419385000
17		1358	4943.453005000
17		41	4943.480953000
17		1358	4943.522265000
17		41	4943.543293000
17		1358	4943.591598000
17		41	4943.605013000
17		1358	4943.660123000
6	0		4943.667242000
17		1358	4943.728824000
6	0		4943.729003000
6	0		4943.791166000
17		1358	4943.798702000
6	0		4943.853300000
17		1358	4943.866721000
17		41	4943.915798000
17		1358	4943.935974000
17		1358	4944.005582000
6	0		4944.039363000
17		1358	4944.073956000
17		41	4944.101632000
17		1358	4944.143347000
17		1358	4944.211758000
6	0		4944.225715000
17		1358	4944.281033000
17		41	4944.349303000
6	0		4944.349337000
17		1358	4944.350605000
6	0		4944.411653000
17		1358	4944.418619000
17		1358	4944.488481000
17		41	4944.535646000
17		1358	4944.557055000
6	0		4944.596895000
17		1358	4944.625851000
17		1358	4944.694604000
6	0		4944.721252000
17		1358	4944.763680000
17		41	4944.783009000
6	562		4944.783039000
6	39		4944.783047000
6	0		4944.785490000
6	0		4944.785506000
6	39		4944.785529000
6	69		4944.794293000
6	70		4944.810435000
17		1358	4944.832152000
17		1358	4944.901256000
6	0		4944.907740000
17		41	4944.969231000
17		1358	4944.970949000
17		1358	4945.038412000
6	0		4945.093392000
17		1358	4945.107575000
17		1358	4945.176983000
17		42	4945.217295000
17		1358	4945.245690000
6	0		4945.279436000
17		1358	4945.314754000
17		1358	4945.383823000
6	0		4945.403338000
17		1358	4945.452613000
17		42	4945.464831000
17		1358	4945.521267000
6	0		4945.589639000
17		1358	4945.590156000
17		1358	4945.659313000
6	0		4945.713328000
17		46	4945.713361000
17		1358	4945.728159000
17		1358	4945.797887000
17		41	4945.837162000
17		1358	4945.866280000
6	0		4945.899350000
17		1358	4945.935236000
17		1358	4946.004635000
6	0		4946.023612000
17		1358	4946.073415000
17		41	4946.085638000
17		1358	4946.142197000
6	0		4946.208873000
17		1358	4946.211034000
6	1396		4946.271287000
6	311		4946.271314000
17		41	4946.271323000
6	0		4946.271889000
6	1396		4946.273320000
17		1358	4946.280344000
6	1396		4946.296937000
6	1396		4946.321944000
17		41	4946.333398000
6	1396		4946.346972000
17		1358	4946.349365000
6	1396		4946.371938000
17		41	4946.395287000
6	1396		4946.396932000
17		1358	4946.417859000
6	1396		4946.421950000
6	1396		4946.446975000
17		41	4946.457057000
6	1396		4946.471975000
17		1358	4946.487482000
6	1396		4946.496992000
17		41	4946.519061000
6	1396		4946.521988000
6	1396		4946.547025000
17		1358	4946.556051000
6	1396		4946.572010000
17		41	4946.581134000
6	1396		4946.597072000
6	1396		4946.622028000
17		1358	4946.624066000
17		41	4946.643120000
6	1396		4946.647052000
6	1396		4946.672056000
17		1358	4946.692845000
6	1396		4946.697069000
17		41	4946.705058000
6	1396		4946.722072000
6	1396		4946.747081000
17		1358	4946.761785000
17		41	4946.767016000
6	1396		4946.772112000
6	1396		4946.797132000
6	1396		4946.822121000
17		41	4946.828899000
17		1358	4946.830631000
6	1396		4946.847141000
6	1396		4946.872142000
17		41	4946.891088000
6	1396		4946.897155000
17		1358	4946.899734000
6	1396		4946.922166000
6	1396		4946.947203000
17		41	4946.953209000
17		1358	4946.968841000
6	1396		4946.972192000
6	1396		4946.997214000
17		41	4947.015301000
6	1396		4947.022206000
17		1358	4947.037879000
6	1396		4947.047229000
6	1396		4947.072224000
17		41	4947.077489000
6	1396		4947.097238000
17		1358	4947.106678000
6	1396		4947.122238000
17		41	4947.139430000
6	1396		4947.147269000
6	1396		4947.172265000
17		1358	4947.175798000
6	1396		4947.197295000
17		41	4947.201376000
6	1396		4947.222300000
17		1358	4947.244534000
6	1396		4947.247297000
17		41	4947.263437000
6	1396		4947.272318000
6	1396		4947.297327000
17		1358	4947.313552000
6	1396		4947.322344000
17		46	4947.325706000
6	1396		4947.347367000
17		34	4947.351824000
6	1396		4947.372352000
17		1358	4947.382581000
17		41	4947.387659000
17		41	4947.449718000
17		1358	4947.451423000
17		41	4947.510976000
17		1358	4947.520846000
17		41	4947.572849000
17		1358	4947.589923000
17		41	4947.634817000
17		1358	4947.658524000
17		41	4947.696914000
17		1358	4947.727468000
17		41	4947.759501000
17		41	4947.820943000
17		41	4947.883746000
17		41	4947.944983000
17		41	4948.006940000
17		41	4948.068828000
17		41	4948.131312000
17		41	4948.193430000
17		41	4948.255482000
17		41	4948.316926000
17		41	4948.378907000
17		42	4948.440841000
17		42	4948.502901000
17		47	4948.565868000
17		34	4948.593008000
6	0		4948.627235000
6	39		4948.627265000
17		42	4948.627275000
6	0		4948.633844000
17		42	4948.689073000
17		42	4948.750886000
17		42	4948.813487000
17		43	4948.875287000
17		43	4948.937426000
17		43	4948.999492000
17		43	4949.061642000
17		43	4949.123166000
17		43	4949.185706000
17		43	4949.247288000
17		43	4949.309348000
17		43	4949.371484000
17		42	4949.433609000
17		41	4949.494843000
17		41	4949.557342000
17		41	4949.619265000
17		42	4949.681573000
17		42	4949.743589000
17		47	4949.805703000
17		33	4949.832353000
17		42	4949.929566000
6	0		4949.990912000
6	1396		4949.991542000
6	1396		4950.004053000
6	1095		4950.029094000
6	0		4950.053300000
6	0		4950.115841000
17		42	4950.177467000
6	0		4950.238854000
6	0		4950.300995000
17		42	4950.362851000
6	0		4950.425274000
6	0		4950.487424000
6	0		4950.549594000
17		42	4950.611620000
6	0		4950.672873000
6	0		4950.735046000
6	0		4950.797201000
17		43	4950.797230000
6	688		4950.797243000
6	0		4950.798924000
6	67		4950.801277000
6	31		4950.814221000
6	39		4950.821457000
6	0		4950.859433000
6	0		4950.920851000
6	0		4950.983000000
17		43	4951.044954000
6	0		4951.107298000
6	0		4951.169435000
17		43	4951.231303000
6	0		4951.293712000
6	0		4951.354850000
6	0		4951.416997000
17		43	4951.478814000
6	0		4951.541304000
6	0		4951.603482000
6	0		4951.665666000
17		43	4951.727463000
6	0		4951.788936000
6	0		4951.851113000
6	0		4951.913266000
17		43	4951.975076000
6	0		4952.037525000
6	0		4952.099367000
17		43	4952.099398000
6	0		4952.160848000
6	0		4952.223051000
6	0		4952.285373000
17		43	4952.346992000
6	0		4952.409467000
6	0		4952.471654000
6	0		4952.532847000
17		43	4952.594947000
6	0		4952.657133000
6	0		4952.719298000
6	0		4952.781443000
17		43	4952.843593000
6	0		4952.905742000
6	0		4952.966902000
17		43	4953.029105000
6	0		4953.091263000
6	0		4953.153469000
6	0		4953.215614000
17		43	4953.277651000
6	0		4953.338926000
6	0		4953.401143000
6	0		4953.463011000
17		42	4953.463043000
17		41	4953.525010000
17		1358	4953.526015000
17		41	4953.587473000
17		1358	4953.588552000
17		47	4953.649153000
17		1358	4953.658298000
17		42	4953.711594000
17		1358	4953.728937000
17		41	4953.773271000
17		1358	4953.798479000
6	0		4953.835488000
17		1358	4953.868132000
6	0		4953.896996000
17		1358	4953.937462000
6	0		4953.959673000
6	0		4953.959702000
6	39		4953.959706000
6	0		4953.966416000
17		1358	4954.005809000
6	1396		4954.021615000
6	423		4954.021647000
17		41	4954.021658000
6	0		4954.022232000
17		1358	4954.075149000
17		41	4954.083333000
6	1396		4954.116747000
6	1396		4954.129228000
17		1358	4954.144720000
17		41	4954.145302000
6	1396		4954.154234000
6	1396		4954.179250000
6	1396		4954.204265000
17		41	4954.207802000
17		1358	4954.213774000
6	1396		4954.229274000
6	1396		4954.254271000
17		41	4954.269371000
6	1396		4954.279292000
17		1358	4954.282230000
6	1396		4954.304306000
6	1396		4954.329420000
17		41	4954.331616000
17		1358	4954.350838000
6	1396		4954.354309000
6	1396		4954.379335000
17		41	4954.393483000
6	1396		4954.404349000
17		1358	4954.419576000
6	1396		4954.429364000
6	73		4954.439469000
6	1396		4954.454378000
17		41	4954.455373000
6	1396		4954.479380000
17		1358	4954.488978000
6	1396		4954.504388000
6	0		4954.517306000
6	1396		4954.529406000
6	1396		4954.554420000
17		1358	4954.557154000
6	0		4954.578803000
6	1396		4954.579409000
6	1396		4954.604430000
17		1358	4954.625755000
6	1396		4954.629452000
17		41	4954.641113000
6	1396		4954.654435000
6	1396		4954.679461000
17		1358	4954.695110000
6	0		4954.702893000
6	1396		4954.704458000
6	1396		4954.729497000
6	1396		4954.754471000
17		1358	4954.763344000
6	0		4954.765570000
6	1396		4954.779489000
6	1396		4954.804501000
6	0		4954.827523000
6	629		4954.827553000
6	0		4954.828892000
6	1396		4954.829514000
6	69		4954.831679000
17		1358	4954.831793000
6	31		4954.845364000
6	39		4954.852592000
6	1396		4954.854510000
6	1396		4954.879554000
17		41	4954.888906000
17		1358	4954.901117000
6	1396		4954.904534000
6	1396		4954.929576000
6	0		4954.950901000
17		1358	4954.954564000
6	1396		4954.954609000
6	1396		4954.979594000
6	1396		4955.004576000
17		1358	4955.009950000
6	0		4955.013087000
6	1396		4955.029635000
6	1396		4955.054615000
17		1358	4955.064978000
6	0		4955.075474000
6	1396		4955.079624000
6	1396		4955.104634000
17		1358	4955.119593000
6	1396		4955.129654000
17		41	4955.136956000
6	1396		4955.154653000
17		1358	4955.175392000
6	1396		4955.179653000
6	0		4955.198892000
6	1396		4955.204668000
17		1358	4955.229749000
6	1396		4955.229794000
6	1396		4955.254698000
6	0		4955.261135000
6	1396		4955.279711000
17		1358	4955.284891000
6	1396		4955.304717000
17		41	4955.322992000
6	1396		4955.329727000
17		1358	4955.340527000
6	1396		4955.354729000
6	1396		4955.379752000
6	0		4955.385185000
6	1396		4955.404748000
6	1396		4955.429793000
17		1358	4955.431563000
6	0		4955.447352000
6	1396		4955.454765000
6	1396		4955.479791000
6	1396		4955.504796000
6	0		4955.509094000
17		1358	4955.522713000
6	1396		4955.529811000
6	1396		4955.554832000
17		41	4955.571217000
6	1396		4955.579846000
6	1396		4955.604839000
17		1358	4955.614516000
6	1396		4955.629856000
6	0		4955.633112000
6	0		4955.633129000
6	1396		4955.654868000
6	1396		4955.679892000
6	0		4955.695182000
6	1396		4955.704888000
17		1358	4955.706229000
6	1396		4955.729908000
6	1396		4955.754897000
6	0		4955.756858000
17		41	4955.756879000
6	1396		4955.779932000
17		1358	4955.797341000
6	1396		4955.804907000
6	0		4955.819199000
6	1396		4955.830006000
6	1396		4955.854939000
17		1358	4955.866456000
6	1396		4955.879956000
6	0		4955.881196000
6	1396		4955.904963000
6	1396		4955.929985000
17		1358	4955.935087000
6	0		4955.943340000
6	1396		4955.954990000
6	1396		4955.980059000
17		1358	4956.003197000
6	1396		4956.005056000
17		41	4956.005120000
6	1396		4956.030178000
6	1396		4956.055022000
6	0		4956.067324000
17		1358	4956.072987000
6	1396		4956.080027000
6	1396		4956.105032000
6	0		4956.129497000
6	1396		4956.130057000
17		1358	4956.140280000
6	1396		4956.155066000
6	1396		4956.180094000
17		41	4956.191092000
6	1396		4956.205092000
17		1358	4956.209274000
6	1396		4956.230099000
6	0		4956.253480000
6	1396		4956.255097000
17		1358	4956.278226000
6	1396		4956.280105000
6	1396		4956.305140000
6	0		4956.315465000
6	1396		4956.330160000
17		1358	4956.346420000
6	1396		4956.355139000
6	0		4956.377631000
6	1396		4956.380152000
6	1396		4956.405154000
17		1358	4956.415935000
6	1396		4956.430185000
17		41	4956.439340000
6	1396		4956.455176000
6	1396		4956.480188000
17		1358	4956.485084000
6	0		4956.501392000
6	1396		4956.505198000
6	1396		4956.530233000
17		1358	4956.553098000
6	469		4956.555205000
6	0		4956.563496000
17		1358	4956.622121000
6	0		4956.625647000
17		46	4956.687140000
17		1358	4956.688814000
6	0		4956.749163000
17		1358	4956.758649000
6	0		4956.811000000
17		1358	4956.827398000
6	0		4956.873267000
6	0		4956.873296000
17		1358	4956.896710000
6	0		4956.934948000
6	39		4956.934983000
17		41	4956.934993000
6	0		4956.941800000
17		1358	4956.964522000
6	0		4956.997330000
17		1358	4957.033762000
6	0		4957.058945000
17		1358	4957.102299000
17		41	4957.121578000
17		1358	4957.170994000
6	0		4957.183302000
17		1358	4957.239654000
6	0		4957.245112000
6	0		4957.307074000
17		41	4957.307098000
17		1358	4957.308095000
6	0		4957.369352000
17		1358	4957.376704000
6	0		4957.430851000
17		1358	4957.445840000
17		41	4957.493175000
17		1358	4957.514148000
6	0		4957.555343000
17		1358	4957.583073000
6	0		4957.617604000
17		1358	4957.652062000
17		41	4957.679297000
17		1358	4957.720835000
6	0		4957.741154000
6	0		4957.803262000
17		41	4957.865119000
17		1358	4957.867000000
6	0		4957.927322000
6	0		4957.989467000
17		41	4958.051338000
17		1358	4958.053075000
6	0		4958.113412000
6	0		4958.175562000
17		41	4958.237313000
17		1358	4958.239180000
6	0		4958.299757000
6	0		4958.361384000
17		41	4958.485120000
6	0		4958.485153000
17		1358	4958.486898000
6	0		4958.547329000
17		41	4958.609224000
17		1358	4958.610972000
6	0		4958.733368000
6	0		4958.857664000
17		41	4958.919555000
17		1358	4958.920723000
6	0		4959.043247000
17		41	4959.167276000
17		1358	4959.168708000
6	0		4959.228820000
6	0		4959.353252000
6	56		4959.439723000
6	0		4959.439762000
17		41	4959.477116000
17		1358	4959.478838000
6	0		4959.539278000
6	0		4959.663472000
17		41	4959.787404000
17		1358	4959.788771000
6	0		4959.848876000
6	0		4959.911096000
17		41	4959.972946000
17		1358	4959.974693000
6	0		4960.097147000
17		41	4960.221142000
17		1358	4960.222798000
6	0		4960.283069000
6	0		4960.345248000
17		41	4960.469022000
17		1358	4960.470711000
6	0		4960.531592000
17		41	4960.654824000
17		1358	4960.656531000
6	0		4960.717380000
6	0		4960.735455000
6	0		4960.840831000
17		41	4960.902845000
17		1358	4960.904523000
6	0		4961.026895000
17		46	4961.089096000
17		1358	4961.090848000
6	0		4961.151258000
6	0		4961.275380000
6	1396		4961.336867000
6	0		4961.338038000
6	311		4961.399041000
17		41	4961.399070000
6	0		4961.399597000
6	1396		4961.400474000
6	1396		4961.400507000
6	2792		4961.400530000
6	2792		4961.400578000
17		1358	4961.400889000
6	1396		4961.425890000
6	1396		4961.451165000
6	0		4961.461428000
6	1396		4961.476488000
6	1396		4961.501725000
17		41	4961.523267000
17		1358	4961.524933000
6	1396		4961.526968000
6	1396		4961.552338000
6	1396		4961.577544000
6	1396		4961.602789000
6	1396		4961.628095000
6	0		4961.646932000
6	1396		4961.653347000
6	1396		4961.678638000
6	1396		4961.703912000
6	1396		4961.729255000
6	1396		4961.754463000
17		41	4961.770847000
17		1358	4961.772602000
6	1396		4961.779743000
6	1396		4961.805010000
6	1396		4961.830305000
6	0		4961.832854000
6	1396		4961.855575000
6	1396		4961.880858000
6	1396		4961.906168000
6	1396		4961.931397000
6	1396		4961.956690000
6	0		4961.957316000
6	1396		4961.981963000
6	1396		4962.007230000
17		41	4962.019739000
17		1358	4962.021525000
6	1396		4962.032505000
6	1396		4962.057779000
6	131		4962.081116000
6	697		4962.081152000
6	0		4962.082842000
6	0		4962.082866000
6	1396		4962.083022000
6	68		4962.089090000
6	93		4962.094947000
6	1396		4962.108390000
6	39		4962.110985000
6	1396		4962.133619000
6	0		4962.143303000
6	1396		4962.158900000
6	1396		4962.184244000
6	1396		4962.209433000
6	1396		4962.234705000
6	1396		4962.259987000
17		41	4962.267294000
17		1358	4962.269077000
6	1396		4962.285252000
6	1396		4962.310549000
6	0		4962.329448000
6	1396		4962.335821000
6	1396		4962.361146000
6	1396		4962.386384000
17		41	4962.391573000
17		1358	4962.392903000
6	0		4962.453729000
17		41	4962.514799000
17		1358	4962.516464000
17		41	4962.577000000
17		41	4962.639377000
17		41	4962.701508000
17		41	4962.763718000
17		41	4962.824924000
17		41	4962.886945000
17		41	4962.948898000
17		41	4963.011272000
17		41	4963.073523000
17		41	4963.135465000
17		41	4963.196807000
17		41	4963.258848000
17		46	4963.320923000
17		33	4963.347731000
6	56		4963.359450000
17		41	4963.383241000
17		1358	4963.384945000
17		41	4963.445675000
17		1358	4963.477931000
17		41	4963.507457000
17		41	4963.569099000
17		1358	4963.570829000
17		41	4963.631593000
17		1358	4963.663082000
17		41	4963.692813000
17		1358	4963.754479000
17		41	4963.755002000
6	0		4963.817319000
17		41	4963.817359000
6	0		4963.817370000
17		1358	4963.845929000
17		41	4963.879095000
17		1358	4963.915319000
17		41	4963.941130000
17		1358	4963.984257000
17		41	4964.003278000
17		1358	4964.051765000
17		41	4964.065446000
17		1358	4964.120523000
17		41	4964.126896000
6	0		4964.189618000
17		41	4964.189644000
17		1358	4964.190199000
17		41	4964.251059000
17		1358	4964.258188000
6	0		4964.313247000
6	1396		4964.313816000
17		1358	4964.327006000
6	0		4964.375277000
6	1396		4964.375887000
17		1358	4964.396039000
6	0		4964.437327000
6	1396		4964.437879000
17		1358	4964.463941000
6	0		4964.499195000
6	1396		4964.499797000
17		1358	4964.533027000
6	0		4964.561338000
6	1396		4964.561919000
6	0		4964.623623000
6	1396		4964.624189000
17		41	4964.685117000
6	0		4964.747655000
6	1396		4964.748217000
6	0		4964.809265000
6	608		4964.809294000
6	1396		4964.809850000
6	69		4964.813336000
6	31		4964.819290000
6	0		4964.871578000
6	1396		4964.872136000
6	0		4964.933737000
6	1396		4964.934339000
17		41	4964.995159000
6	0		4965.057736000
6	1396		4965.058302000
6	0		4965.118941000
6	1396		4965.119493000
6	0		4965.181765000
6	1396		4965.182421000
6	0		4965.242943000
6	1396		4965.243512000
6	0		4965.304790000
6	1396		4965.305360000
6	0		4965.367650000
6	1396		4965.368357000
6	0		4965.429283000
6	1396		4965.429927000
6	0		4965.553315000
6	1396		4965.553883000
6	1396		4965.566510000
6	0		4965.677632000
17		41	4965.677672000
6	1396		4965.678220000
6	1396		4965.690857000
6	0		4965.801262000
6	1396		4965.801878000
6	1396		4965.814522000
6	0		4965.924932000
6	1396		4965.925492000
6	803		4965.938126000
6	0		4966.049663000
6	0		4966.172873000
17		41	4966.297389000
6	0		4966.297420000
6	0		4966.421451000
6	0		4966.483053000
6	0		4966.544952000
6	39		4966.544978000
6	0		4966.551438000
6	0		4966.668879000
6	0		4966.793140000
6	0		4966.917463000
17		46	4966.979247000
17		33	4967.006112000
6	0		4967.103555000
6	0		4967.226863000
17		41	4967.351137000
6	0		4967.351165000
6	0		4967.412945000
17		41	4967.412973000
17		41	4967.474969000
17		41	4967.537139000
17		41	4967.599328000
17		41	4967.661457000
17		41	4967.723541000
17		41	4967.785690000
17		41	4967.847021000
17		41	4967.909060000
17		41	4967.971143000
17		41	4968.033309000
17		41	4968.095590000
17		1358	4968.096851000
17		41	4968.218884000
17		1358	4968.220546000
6	0		4968.281447000
17		41	4968.343520000
17		1358	4968.345202000
17		41	4968.404982000
17		1358	4968.414942000
6	0		4968.467570000
17		41	4968.529127000
17		1358	4968.530852000
6	0		4968.653469000
6	0		4968.653495000
6	0		4968.662584000
6	0		4968.777332000
6	0		4968.777357000
6	0		4968.901316000
6	0		4968.963649000
6	0		4969.024805000
6	0		4969.086946000
6	0		4969.149138000
6	0		4969.211393000
6	0		4969.272785000
6	0		4969.335787000
6	0		4969.397010000
6	0		4969.459144000
6	0		4969.521308000
6	0		4969.583157000
6	1396		4969.645625000
6	424		4969.645647000
6	0		4969.645653000
6	0		4969.646540000
6	1396		4969.647083000
6	1396		4969.671231000
6	1396		4969.696331000
6	0		4969.706794000
6	1396		4969.721235000
6	1396		4969.746242000
6	0		4969.769798000
6	0		4969.769831000
6	1396		4969.771257000
6	1396		4969.796268000
6	1396		4969.821272000
17		41	4969.831362000
17		1358	4969.833086000
6	1396		4969.846282000
6	1396		4969.871294000
17		1358	4969.889265000
17		41	4969.893754000
6	1396		4969.896309000
6	1396		4969.921316000
17		1358	4969.943843000
6	1396		4969.946319000
17		46	4969.955355000
6	1396		4969.971335000
17		33	4969.981454000
6	1396		4969.996425000
17		1358	4969.998187000
17		41	4970.017290000
6	1396		4970.021352000
6	1396		4970.046401000
17		1358	4970.053934000
6	1396		4970.071375000
17		41	4970.079238000
6	1396		4970.096397000
17		1358	4970.108468000
6	1396		4970.121401000
6	0		4970.141240000
6	1396		4970.146412000
17		1358	4970.163372000
6	1396		4970.171436000
6	1396		4970.196450000
17		1358	4970.218828000
6	1396		4970.221506000
6	1396		4970.246465000
6	0		4970.265125000
6	1396		4970.271472000
17		1358	4970.273894000
6	1396		4970.296487000
6	1396		4970.321484000
17		1358	4970.328457000
6	1396		4970.346492000
6	1396		4970.371597000
17		1358	4970.383184000
6	0		4970.388937000
6	1396		4970.396515000
6	1396		4970.421528000
17		1358	4970.438278000
6	1396		4970.446555000
6	1396		4970.471550000
17		1358	4970.493834000
6	1396		4970.496548000
6	0		4970.512938000
6	1396		4970.521554000
6	1396		4970.546584000
17		1358	4970.547345000
6	1396		4970.571593000
6	1396		4970.596580000
17		1358	4970.602397000
6	1396		4970.621602000
17		41	4970.636847000
6	1396		4970.646625000
17		1358	4970.657434000
6	1396		4970.671674000
6	1396		4970.696646000
6	0		4970.698973000
6	1396		4970.721646000
6	1396		4970.746662000
17		1358	4970.749514000
6	1396		4970.771666000
6	1396		4970.796704000
6	1125		4970.821724000
17		41	4970.823063000
17		1358	4970.841165000
6	0		4970.885237000
17		1358	4970.933115000
17		41	4970.947236000
6	0		4971.009524000
17		1358	4971.023660000
17		1358	4971.115010000
6	0		4971.133172000
17		41	4971.194986000
17		1358	4971.207140000
17		1358	4971.298962000
6	0		4971.319567000
17		41	4971.381155000
17		1358	4971.389918000
17		1358	4971.482097000
6	0		4971.505326000
17		41	4971.567243000
17		1358	4971.572590000
17		1358	4971.642184000
6	0		4971.691012000
17		1358	4971.710820000
17		41	4971.753185000
17		1358	4971.779390000
17		1358	4971.848089000
6	0		4971.876818000
17		1358	4971.916972000
17		41	4971.939336000
17		1358	4971.984910000
17		1358	4972.053449000
6	0		4972.063370000
17		1358	4972.122532000
17		41	4972.125473000
6	0		4972.186928000
17		1358	4972.191304000
17		1358	4972.259399000
17		41	4972.311337000
6	0		4972.311367000
17		1358	4972.328435000
17		1358	4972.396573000
6	0		4972.435515000
6	127		4972.435543000
6	697		4972.435550000
6	0		4972.436855000
6	68		4972.442594000
6	93		4972.448859000
6	39		4972.464897000
17		1358	4972.465664000
17		41	4972.497648000
17		1358	4972.535110000
17		1358	4972.602540000
6	0		4972.621570000
17		1358	4972.672126000
17		41	4972.683532000
17		1358	4972.741290000
6	0		4972.807721000
17		1358	4972.808810000
17		41	4972.869384000
17		1358	4972.877352000
17		1358	4972.946904000
6	0		4972.993638000
17		1358	4973.014341000
17		1358	4973.084095000
17		41	4973.117354000
17		1358	4973.152468000
6	0		4973.179657000
17		1358	4973.221371000
17		41	4973.303654000
17		1358	4973.305559000
6	1396		4973.364925000
6	312		4973.364972000
6	0		4973.364979000
6	0		4973.365586000
6	1396		4973.366392000
6	1396		4973.390862000
6	1396		4973.416146000
17		41	4973.427560000
17		1358	4973.429289000
6	1396		4973.441405000
6	1396		4973.466692000
6	0		4973.489717000
6	1396		4973.491962000
6	1396		4973.517269000
6	1396		4973.542527000
6	1396		4973.567800000
6	1396		4973.593097000
6	0		4973.613127000
6	1396		4973.618349000
6	1396		4973.643628000
6	1396		4973.668907000
6	1396		4973.694181000
6	1396		4973.719448000
17		41	4973.737017000
17		1358	4973.738730000
6	1396		4973.744721000
6	1396		4973.770001000
6	1396		4973.795309000
6	0		4973.798902000
6	1396		4973.820543000
6	1396		4973.845859000
6	1396		4973.871108000
6	1396		4973.896388000
6	1396		4973.921638000
6	0		4973.923366000
6	1396		4973.946946000
6	1396		4973.972216000
17		46	4973.985808000
17		1358	4973.987656000
6	1396		4973.997490000
6	1396		4974.022746000
17		41	4974.047356000
6	1396		4974.048019000
17		1358	4974.056448000
6	1396		4974.073295000
6	1396		4974.098591000
17		41	4974.108925000
6	1396		4974.123869000
17		1358	4974.125392000
6	1396		4974.149156000
17		41	4974.171810000
6	1396		4974.174400000
17		1358	4974.195252000
6	1396		4974.199694000
6	1396		4974.224967000
17		41	4974.233589000
6	1396		4974.250225000
17		1358	4974.265372000
6	1396		4974.275517000
17		41	4974.295146000
6	1396		4974.300787000
6	1396		4974.326071000
17		1358	4974.333547000
6	1396		4974.351357000
17		41	4974.357678000
6	1396		4974.376641000
6	1396		4974.401894000
17		1358	4974.402343000
17		41	4974.419688000
6	1396		4974.427157000
6	1396		4974.452445000
17		1358	4974.470417000
6	1396		4974.477713000
17		41	4974.481314000
6	1396		4974.503007000
6	1396		4974.528272000
17		1358	4974.540020000
17		41	4974.543723000
6	1095		4974.553531000
17		41	4974.605176000
17		1358	4974.606969000
17		41	4974.667066000
17		1358	4974.676417000
17		41	4974.729033000
17		1358	4974.746257000
17		41	4974.791796000
17		1358	4974.814002000
17		41	4974.853348000
17		1358	4974.882891000
17		41	4974.915539000
17		1358	4974.951787000
17		41	4974.976827000
17		1358	4975.019501000
17		41	4975.039809000
17		1358	4975.088403000
6	0		4975.101095000
6	39		4975.101122000
17		41	4975.101130000
6	0		4975.107710000
17		1358	4975.157620000
17		41	4975.162894000
17		46	4975.225324000
17		1358	4975.225718000
17		33	4975.252074000
17		41	4975.286859000
17		1358	4975.294275000
17		41	4975.349242000
17		1358	4975.364163000
17		41	4975.411836000
17		1358	4975.431626000
17		41	4975.473238000
17		1358	4975.500255000
17		41	4975.535834000
17		1358	4975.569668000
17		41	4975.597351000
17		1358	4975.637316000
17		41	4975.659181000
17		1358	4975.706196000
17		41	4975.721345000
17		1358	4975.775642000
17		41	4975.783169000
17		1358	4975.843807000
17		41	4975.845102000
6	0		4975.907224000
17		1358	4975.912517000
6	0		4975.969376000
17		1358	4975.982005000
6	0		4976.031151000
17		1358	4976.049725000
17		41	4976.093078000
17		1358	4976.118782000
6	0		4976.155088000
17		1358	4976.187228000
6	0		4976.217304000
17		1358	4976.255821000
6	0		4976.279166000
17		1358	4976.324793000
6	0		4976.341120000
6	0		4976.403292000
6	0		4976.465393000
6	0		4976.527534000
6	0		4976.589686000
6	0		4976.650860000
6	0		4976.712988000
6	0		4976.775176000
6	0		4976.837328000
17		41	4976.899104000
17		1358	4976.900871000
6	0		4976.961248000
6	0		4977.023299000
6	0		4977.085403000
6	0		4977.147696000
6	0		4977.208869000
6	0		4977.270944000
6	0		4977.333161000
6	0		4977.395308000
6	0		4977.395332000
6	0		4977.457454000
17		41	4977.519228000
17		1358	4977.520960000
6	0		4977.581206000
6	0		4977.643354000
6	0		4977.705707000
17		41	4977.767241000
17		1358	4977.768891000
6	0		4977.828811000
6	0		4977.891264000
6	0		4977.953643000
17		41	4978.015227000
17		1358	4978.016931000
6	0		4978.077196000
6	0		4978.139357000
17		41	4978.201213000
17		1358	4978.202894000
6	0		4978.263174000
6	0		4978.325328000
6	0		4978.387460000
17		41	4978.449240000
17		1358	4978.451036000
6	0		4978.510941000
6	0		4978.573434000
6	0		4978.635282000
17		41	4978.635313000
17		1358	4978.636998000
6	0		4978.697303000
6	0		4978.759145000
6	1396		4978.821567000
6	423		4978.821593000
6	0		4978.821599000
6	0		4978.822162000
6	1396		4978.822951000
17		41	4978.883243000
17		1358	4978.884949000
6	1396		4978.901354000
6	0		4978.945445000
6	1396		4978.980575000
6	0		4979.007707000
6	1396		4979.059761000
17		46	4979.069059000
17		1358	4979.069993000
6	0		4979.131246000
6	1396		4979.138950000
6	0		4979.193221000
6	1396		4979.218128000
6	0		4979.255354000
6	1396		4979.297336000
17		41	4979.317238000
17		1358	4979.319969000
6	1396		4979.376508000
6	0		4979.379244000
17		41	4979.441476000
17		1358	4979.443166000
6	1396		4979.455705000
17		41	4979.503686000
17		1358	4979.513449000
6	1396		4979.534889000
17		41	4979.565702000
17		1358	4979.583452000
6	1396		4979.614085000
17		41	4979.627011000
17		1358	4979.652523000
17		41	4979.689086000
6	1396		4979.693270000
17		1358	4979.719996000
17		41	4979.751540000
6	1396		4979.772526000
17		1358	4979.789390000
17		41	4979.813080000
6	1396		4979.851670000
17		1358	4979.858052000
17		41	4979.875350000
17		1358	4979.926629000
17		41	4979.936946000
17		1358	4979.995509000
17		41	4979.999720000
17		41	4980.061662000
17		1358	4980.063388000
17		41	4980.123731000
17		1358	4980.131667000
17		41	4980.185693000
17		1358	4980.200786000
17		41	4980.246848000
17		1358	4980.269986000
17		41	4980.309827000
17		1358	4980.338222000
17		41	4980.371171000
17		1358	4980.407475000
17		41	4980.433540000
17		1358	4980.474821000
17		41	4980.495579000
17		1358	4980.543621000
17		46	4980.556856000
17		33	4980.583227000
17		1358	4980.613508000
17		41	4980.619680000
17		1358	4980.680708000
17		41	4980.681036000
17		41	4980.743671000
17		41	4980.804909000
17		41	4980.866977000
17		41	4980.929518000
17		41	4980.991338000
17		41	4981.053666000
17		41	4981.099614000
17		41	4981.145650000
17		41	4981.190857000
17		41	4981.283082000
6	0		4981.329668000
6	1396		4981.330308000
6	1396		4981.361980000
6	0		4981.421383000
6	1396		4981.425319000
17		41	4981.467196000
6	1396		4981.488754000
6	1396		4981.552059000
6	0		4981.559197000
6	1396		4981.615437000
17		41	4981.651229000
6	1396		4981.678760000
6	0		4981.696950000
6	1396		4981.742096000
17		41	4981.742836000
17		41	4981.789051000
6	1396		4981.805453000
6	0		4981.835595000
6	1396		4981.868821000
17		41	4981.881479000
6	1396		4981.932165000
17		41	4981.973157000
6	1396		4981.995542000
6	0		4982.019539000
6	1396		4982.059438000
17		41	4982.065462000
6	1396		4982.122219000
17		46	4982.156929000
17		33	4982.184101000
6	1396		4982.185579000
6	0		4982.203551000
6	1396		4982.248922000
17		41	4982.249562000
17		41	4982.295701000
6	1396		4982.312304000
17		41	4982.340857000
6	1396		4982.375662000
17		41	4982.387187000
17		41	4982.433556000
6	1396		4982.439000000
17		41	4982.478826000
6	1396		4982.502358000
17		41	4982.525013000
6	1396		4982.565763000
17		41	4982.571323000
17		1358	4982.573047000
17		41	4982.616940000
17		1358	4982.618638000
6	1396		4982.629086000
17		41	4982.663329000
17		1358	4982.687940000
6	1396		4982.692414000
17		41	4982.709019000
17		41	4982.755467000
6	1396		4982.755749000
17		1358	4982.757243000
6	951		4982.819116000
17		1358	4982.826213000
6	0		4982.847658000
6	0		4982.939703000
6	0		4983.030988000
6	0		4983.123351000
6	0		4983.215606000
6	0		4983.260828000
6	1396		4983.307080000
6	0		4983.312290000
6	311		4983.353289000
6	0		4983.353330000
6	0		4983.353887000
6	1396		4983.354695000
6	1396		4983.379181000
6	1396		4983.404413000
6	1396		4983.429699000
6	0		4983.445597000
6	1396		4983.454981000
6	1396		4983.480309000
6	1396		4983.505507000
6	1396		4983.530812000
6	0		4983.537728000
6	1396		4983.556150000
6	1396		4983.581339000
6	1396		4983.606661000
6	0		4983.629713000
6	1396		4983.631873000
6	1396		4983.657198000
6	1396		4983.682462000
6	1396		4983.707720000
17		41	4983.721409000
6	0		4983.721442000
17		1358	4983.723138000
6	1396		4983.733065000
6	1396		4983.758269000
17		41	4983.767708000
6	1396		4983.783562000
17		1358	4983.792351000
6	1396		4983.808844000
6	1396		4983.834120000
17		41	4983.858892000
6	1396		4983.859351000
17		1358	4983.859894000
6	1396		4983.884645000
6	0		4983.904935000
6	1396		4983.909928000
17		1358	4983.930816000
6	1396		4983.935200000
6	1396		4983.960544000
6	1396		4983.985799000
6	0		4983.996851000
17		41	4983.996891000
17		1358	4983.998912000
6	1396		4984.011018000
6	1396		4984.036306000
17		41	4984.042881000
6	1396		4984.061573000
17		1358	4984.067173000
6	1396		4984.086841000
6	0		4984.089228000
6	1396		4984.112208000
6	0		4984.135408000
17		1358	4984.136100000
6	1396		4984.137395000
6	1396		4984.162683000
6	0		4984.181013000
6	1396		4984.187944000
17		1358	4984.203878000
6	1396		4984.213277000
6	0		4984.227177000
6	1396		4984.238498000
6	1396		4984.263787000
6	0		4984.273085000
17		1358	4984.273146000
6	1396		4984.289117000
6	1396		4984.314359000
6	0		4984.319250000
6	1396		4984.339614000
17		1358	4984.341944000
6	1396		4984.364890000
6	0		4984.365090000
6	1396		4984.390159000
17		1358	4984.410158000
6	0		4984.411210000
6	1396		4984.415431000
6	1396		4984.440722000
6	0		4984.457107000
6	1396		4984.465980000
17		1358	4984.479030000
6	1396		4984.491267000
6	0		4984.503249000
6	1396		4984.516613000
6	1095		4984.541820000
17		1358	4984.548389000
6	0		4984.549614000
6	0		4984.594880000
17		1358	4984.616573000
6	0		4984.640933000
17		1358	4984.684839000
6	0		4984.687323000
6	0		4984.733836000
17		1358	4984.753700000
17		41	4984.778996000
17		1358	4984.822063000
6	0		4984.825140000
6	0		4984.870838000
17		1358	4984.891044000
6	0		4984.916893000
17		1358	4984.960153000
17		41	4984.962974000
6	0		4985.009599000
17		1358	4985.028478000
6	0		4985.055782000
17		1358	4985.097387000
6	0		4985.101586000
17		46	4985.101624000
17		33	4985.127628000
6	0		4985.146933000
17		1358	4985.165854000
6	0		4985.193121000
17		1358	4985.233996000
17		41	4985.238926000
6	0		4985.285394000
17		1358	4985.303140000
6	0		4985.331459000
17		1358	4985.372065000
6	0		4985.377587000
17		41	4985.423459000
17		1358	4985.440145000
6	0		4985.469441000
17		1358	4985.508737000
6	0		4985.515025000
6	0		4985.561163000
17		1358	4985.578634000
17		41	4985.606946000
17		1358	4985.646008000
6	0		4985.653120000
6	0		4985.699653000
17		1358	4985.715594000
17		41	4985.744912000
17		1358	4985.783945000
6	0		4985.791070000
6	0		4985.837383000
17		1358	4985.852603000
6	0		4985.883523000
17		1358	4985.920837000
17		41	4985.929118000
6	0		4985.975443000
17		1358	4985.990354000
6	0		4986.022260000
17		1358	4986.058065000
17		41	4986.067267000
6	0		4986.067293000
17		1358	4986.126902000
6	0		4986.159514000
17		1358	4986.195012000
17		41	4986.251299000
6	0		4986.251338000
17		1358	4986.264799000
17		1358	4986.332644000
6	0		4986.343266000
17		41	4986.389650000
17		1358	4986.401249000
17		1358	4986.469905000
6	0		4986.481568000
17		1358	4986.538751000
17		41	4986.573036000
17		1358	4986.606790000
6	0		4986.619178000
17		1358	4986.676081000
6	0		4986.710981000
17		1358	4986.744993000
6	1396		4986.757095000
6	423		4986.757126000
17		41	4986.757149000
6	0		4986.757680000
17		41	4986.803051000
17		1358	4986.812965000
17		41	4986.849728000
17		1358	4986.882096000
17		41	4986.895085000
6	1396		4986.933269000
17		41	4986.941416000
6	1396		4986.942772000
17		1358	4986.951235000
6	1396		4986.961830000
6	1396		4986.980908000
17		41	4986.987232000
6	1396		4986.999952000
6	1396		4987.019013000
17		1358	4987.026122000
17		41	4987.033034000
6	1396		4987.038066000
6	1396		4987.057138000
6	1396		4987.076209000
17		41	4987.079178000
17		1358	4987.086453000
6	1396		4987.095260000
6	1396		4987.114356000
17		41	4987.125267000
6	1396		4987.133380000
17		1358	4987.146292000
6	1396		4987.152454000
6	1396		4987.171493000
17		41	4987.171593000
6	1396		4987.190550000
17		1358	4987.205979000
6	1396		4987.209601000
17		46	4987.217315000
6	1396		4987.228879000
17		33	4987.243335000
6	1396		4987.247750000
17		41	4987.263599000
17		1358	4987.265252000
6	1396		4987.266807000
6	1396		4987.285850000
6	1396		4987.304916000
17		41	4987.308851000
6	1396		4987.323987000
17		1358	4987.326325000
6	1396		4987.343037000
17		41	4987.354852000
6	1396		4987.362121000
6	1396		4987.381157000
17		1358	4987.386063000
6	1396		4987.400234000
17		41	4987.400946000
6	1396		4987.419270000
6	1396		4987.438354000
17		1358	4987.446442000
17		41	4987.447371000
6	1396		4987.457398000
6	1396		4987.476474000
17		41	4987.493562000
6	1396		4987.495534000
17		1358	4987.506469000
6	1396		4987.514587000
6	1396		4987.533711000
17		41	4987.539410000
6	1396		4987.552705000
17		1358	4987.563971000
6	1396		4987.571758000
17		41	4987.585566000
6	438		4987.590822000
17		1358	4987.621788000
17		41	4987.631693000
17		41	4987.677543000
17		1358	4987.679450000
17		41	4987.723359000
17		1358	4987.733910000
17		41	4987.769416000
17		1358	4987.789097000
17		41	4987.815022000
17		1358	4987.843993000
6	0		4987.861028000
17		41	4987.861074000
6	0		4987.870177000
17		1358	4987.898490000
17		41	4987.906974000
17		1358	4987.953219000
17		41	4987.953392000
17		41	4987.999618000
17		1358	4988.007603000
17		41	4988.045342000
17		1358	4988.062778000
17		41	4988.091564000
17		46	4988.137690000
17		1358	4988.154371000
17		41	4988.183178000
17		1358	4988.246479000
6	0		4988.274915000
17		41	4988.321457000
17		1358	4988.338568000
6	0		4988.412983000
17		1358	4988.429094000
6	0		4988.505462000
17		41	4988.505494000
17		1358	4988.520914000
6	0		4988.597427000
17		1358	4988.611804000
17		41	4988.689246000
17		1358	4988.703911000
6	0		4988.735367000
17		1358	4988.795889000
6	0		4988.827515000
17		41	4988.872967000
17		1358	4988.886909000
6	0		4988.965309000
17		1358	4988.976943000
17		41	4989.056979000
17		1358	4989.068537000
6	0		4989.103512000
17		1358	4989.159653000
6	0		4989.195134000
17		41	4989.241658000
17		1358	4989.250134000
17		1358	4989.318819000
6	0		4989.333592000
17		1358	4989.386530000
6	0		4989.425427000
17		1358	4989.454645000
17		41	4989.471476000
17		1358	4989.522608000
6	0		4989.563252000
17		1358	4989.589605000
6	1396		4989.609503000
6	423		4989.609528000
6	0		4989.609534000
17		41	4989.609544000
6	0		4989.610089000
6	1396		4989.611133000
6	0		4989.655386000
17		1358	4989.658034000
6	1396		4989.689363000
17		1358	4989.726035000
6	0		4989.746785000
6	1396		4989.768485000
17		41	4989.792908000
17		1358	4989.794887000
6	1396		4989.847681000
17		1358	4989.861795000
6	0		4989.885280000
6	1396		4989.926869000
17		1358	4989.930400000
17		41	4989.977326000
6	0		4989.977356000
17		1358	4989.998516000
6	1396		4990.006070000
17		1358	4990.065921000
6	0		4990.069528000
6	1396		4990.085271000
17		1358	4990.134520000
17		41	4990.161392000
6	1396		4990.164447000
17		1358	4990.202468000
6	0		4990.207713000
6	0		4990.207736000
6	1396		4990.243634000
17		41	4990.253452000
17		1358	4990.270095000
17		41	4990.299665000
6	1396		4990.322835000
17		1358	4990.338350000
17		41	4990.345331000
17		41	4990.391235000
6	1396		4990.402025000
17		1358	4990.406697000
17		41	4990.437694000
17		1358	4990.474532000
6	1396		4990.481235000
17		41	4990.483654000
17		41	4990.529191000
17		1358	4990.542041000
6	1396		4990.560413000
17		46	4990.575382000
17		33	4990.602403000
17		1358	4990.610551000
17		41	4990.621391000
6	1396		4990.639611000
17		41	4990.667557000
17		1358	4990.678743000
17		41	4990.713640000
6	1396		4990.718795000
17		1358	4990.746712000
17		41	4990.759712000
6	1396		4990.797984000
6	695		4990.805735000
6	39		4990.805767000
17		41	4990.805779000
6	39		4990.807994000
6	0		4990.808022000
6	0		4990.808025000
6	67		4990.814161000
17		1358	4990.814646000
6	70		4990.825742000
17		41	4990.851205000
6	1396		4990.877176000
17		1358	4990.882520000
17		41	4990.897855000
17		41	4990.943213000
17		1358	4990.950105000
6	1396		4990.956373000
17		41	4990.988932000
17		1358	4991.018723000
17		41	4991.035443000
6	1396		4991.035554000
17		41	4991.081186000
17		1358	4991.085992000
6	1396		4991.114744000
17		41	4991.127481000
17		1358	4991.153689000
17		41	4991.173703000
6	1396		4991.194030000
17		41	4991.219680000
17		1358	4991.221499000
17		41	4991.265156000
6	1396		4991.273128000
17		1358	4991.290283000
17		41	4991.311803000
6	1396		4991.352325000
17		41	4991.357354000
17		1358	4991.359068000
17		1358	4991.425485000
6	1396		4991.431507000
17		41	4991.449304000
17		1358	4991.494289000
6	0		4991.494757000
6	1396		4991.510707000
17		41	4991.541225000
17		1358	4991.561823000
6	1396		4991.589894000
17		1358	4991.630539000
17		46	4991.632901000
17		33	4991.660415000
6	1396		4991.669098000
6	0		4991.678869000
17		1358	4991.697897000
17		41	4991.725117000
6	1396		4991.748288000
17		1358	4991.765927000
17		41	4991.770890000
17		41	4991.816904000
6	1396		4991.827483000
17		1358	4991.834064000
6	0		4991.863537000
17		1358	4991.902462000
6	1396		4991.906675000
17		41	4991.909005000
17		1358	4991.969785000
6	1396		4991.985875000
17		41	4992.001171000
17		1358	4992.038435000
6	0		4992.047357000
6	1396		4992.065064000
17		41	4992.093368000
17		1358	4992.106052000
6	1396		4992.144255000
17		1358	4992.174216000
17		41	4992.184991000
6	1046		4992.223449000
6	0		4992.231612000
17		1358	4992.242431000
17		41	4992.277499000
17		1358	4992.310233000
17		41	4992.369440000
17		1358	4992.379077000
17		41	4992.415097000
17		1358	4992.446537000
6	0		4992.461547000
17		41	4992.461577000
17		1358	4992.514761000
17		41	4992.553078000
17		1358	4992.582268000
6	0		4992.599239000
17		41	4992.645333000
17		1358	4992.649366000
17		1358	4992.717860000
17		41	4992.737187000
6	0		4992.783340000
6	0		4992.783366000
17		1358	4992.785885000
6	39		4992.828900000
17		41	4992.828929000
6	0		4992.835446000
17		1358	4992.853576000
17		41	4992.921711000
17		1358	4992.922085000
17		41	4992.967158000
17		1358	4992.989745000
6	0		4993.013422000
17		1358	4993.058361000
17		41	4993.058833000
17		1358	4993.126033000
17		41	4993.151323000
17		1358	4993.193713000
6	0		4993.197482000
17		46	4993.243043000
17		1358	4993.261803000
17		1358	4993.329769000
17		41	4993.334980000
6	0		4993.381524000
17		1358	4993.398244000
17		41	4993.427178000
17		1358	4993.466390000
17		41	4993.473111000
17		41	4993.519306000
17		1358	4993.534789000
6	0		4993.565122000
17		1358	4993.602208000
17		41	4993.610913000
17		1358	4993.670910000
17		41	4993.702991000
17		1358	4993.738724000
6	0		4993.749505000
17		41	4993.795043000
17		1358	4993.806346000
17		1358	4993.874049000
17		41	4993.887406000
6	0		4993.933535000
17		1358	4993.942868000
17		41	4993.979393000
17		1358	4994.010480000
17		41	4994.071526000
17		1358	4994.078568000
17		41	4994.116860000
17		1358	4994.145779000
6	0		4994.163020000
17		41	4994.209375000
17		1358	4994.213280000
17		41	4994.255141000
17		1358	4994.281657000
6	0		4994.301644000
17		41	4994.347741000
17		1358	4994.349495000
17		1358	4994.418282000
17		41	4994.439440000
6	0		4994.485579000
17		1358	4994.485883000
6	1396		4994.531613000
6	311		4994.531640000
17		41	4994.531650000
6	0		4994.532236000
17		1358	4994.554193000
17		41	4994.576984000
17		1358	4994.621816000
17		41	4994.623412000
17		41	4994.668839000
17		1358	4994.690197000
6	1396		4994.696562000
17		46	4994.715633000
6	1396		4994.736137000
17		33	4994.741780000
17		1358	4994.758187000
17		41	4994.761467000
6	562		4994.807368000
17		41	4994.807397000
6	0		4994.808742000
6	69		4994.811722000
6	1396		4994.815330000
6	31		4994.820501000
6	39		4994.825634000
17		41	4994.853226000
6	1396		4994.894538000
17		41	4994.899706000
17		41	4994.945425000
6	1396		4994.973742000
17		41	4994.991569000
17		41	4995.037635000
6	1396		4995.052900000
17		41	4995.082992000
17		41	4995.128994000
6	1396		4995.132099000
17		41	4995.175100000
6	1396		4995.211297000
17		41	4995.221392000
17		41	4995.267268000
6	1396		4995.290488000
17		41	4995.313316000
17		41	4995.359320000
6	1396		4995.369675000
17		41	4995.405498000
6	1396		4995.448872000
17		41	4995.451651000
17		41	4995.497053000
6	1396		4995.528074000
17		41	4995.543046000
17		41	4995.589056000
6	1396		4995.607263000
17		46	4995.635218000
17		33	4995.662009000
17		41	4995.681261000
6	1396		4995.686445000
17		41	4995.727350000
6	1396		4995.765663000
17		41	4995.773727000
17		41	4995.819695000
6	1396		4995.844834000
17		41	4995.864944000
17		41	4995.910891000
17		1358	4995.912962000
6	1396		4995.924030000
17		41	4995.957453000
17		1358	4995.958317000
6	1396		4996.003215000
17		41	4996.003243000
17		1358	4996.027432000
17		41	4996.049147000
6	1396		4996.082416000
17		1358	4996.096032000
6	0		4996.140950000
6	1396		4996.161596000
17		41	4996.186944000
6	0		4996.186980000
17		1358	4996.189337000
6	0		4996.233119000
6	39		4996.233147000
6	0		4996.239805000
6	1396		4996.240769000
6	0		4996.278825000
6	1396		4996.319979000
6	0		4996.371564000
6	1396		4996.399197000
6	0		4996.463057000
6	1396		4996.478387000
6	0		4996.554848000
6	1396		4996.557643000
6	1396		4996.636747000
6	0		4996.647668000
6	1396		4996.715960000
6	0		4996.739338000
6	1396		4996.795142000
6	0		4996.831660000
6	1396		4996.874372000
17		41	4996.877231000
17		1358	4996.878937000
17		41	4996.923246000
17		1358	4996.947160000
6	1396		4996.953512000
6	0		4996.969388000
17		1358	4997.015175000
17		41	4997.015588000
6	1396		4997.032723000
17		1358	4997.083199000
17		41	4997.107222000
6	0		4997.107250000
6	1396		4997.111895000
17		1358	4997.151540000
6	0		4997.153254000
6	1396		4997.191099000
17		41	4997.199587000
17		1358	4997.219398000
6	1396		4997.270289000
17		1358	4997.287379000
6	0		4997.290886000
6	1396		4997.349548000
17		1358	4997.355496000
6	0		4997.382971000
17		1358	4997.424065000
6	1396		4997.428670000
6	0		4997.475044000
17		1358	4997.491387000
6	1396		4997.507875000
17		1358	4997.560307000
6	0		4997.567386000
6	1396		4997.587051000
17		1358	4997.628218000
17		41	4997.659245000
6	0		4997.659277000
6	1396		4997.666259000
17		1358	4997.695734000
17		41	4997.705286000
6	1396		4997.745452000
17		1358	4997.764313000
17		41	4997.797683000
6	1396		4997.824651000
17		1358	4997.832163000
6	0		4997.843569000
17		41	4997.843595000
17		1358	4997.898953000
6	1396		4997.903820000
17		46	4997.935172000
17		33	4997.961495000
17		1358	4997.967030000
6	0		4997.981506000
6	1396		4997.983014000
17		41	4998.027138000
17		1358	4998.035727000
6	1396		4998.062222000
17		1358	4998.103075000
17		41	4998.119270000
6	1396		4998.141405000
6	0		4998.165627000
17		1358	4998.170912000
17		41	4998.211579000
6	1396		4998.220602000
17		1358	4998.238953000
17		41	4998.257058000
6	1396		4998.299801000
17		1358	4998.307623000
17		41	4998.348939000
17		1358	4998.375123000
6	1095		4998.378984000
6	0		4998.395619000
17		41	4998.441316000
17		1358	4998.443034000
17		1358	4998.511382000
17		41	4998.533193000
17		1358	4998.579381000
6	0		4998.579571000
17		41	4998.579598000
17		1358	4998.647152000
17		41	4998.671473000
17		1358	4998.715237000
6	0		4998.717655000
6	1396		4998.762873000
6	0		4998.768610000
17		1358	4998.783593000
6	423		4998.809334000
17		41	4998.809365000
17		41	4998.809372000
6	0		4998.809973000
6	1396		4998.810609000
6	1396		4998.829030000
6	1396		4998.848044000
17		1358	4998.851074000
6	1396		4998.867074000
6	1396		4998.886148000
17		41	4998.901126000
6	1396		4998.905250000
17		1358	4998.918968000
6	1396		4998.924259000
6	1396		4998.943329000
6	0		4998.947580000
6	1396		4998.962402000
6	1396		4998.981452000
17		1358	4998.986672000
17		41	4998.993419000
6	1396		4999.000570000
6	1396		4999.019563000
6	1396		4999.038633000
17		1358	4999.055529000
6	1396		4999.057685000
6	1396		4999.076748000
17		41	4999.085201000
6	1396		4999.095807000
6	1396		4999.114875000
17		1358	4999.123284000
6	0		4999.131375000
6	1396		4999.133926000
6	1396		4999.152994000
6	1396		4999.172053000
17		41	4999.177281000
6	1396		4999.191119000
17		1358	4999.191173000
6	1396		4999.210163000
6	1396		4999.229235000
6	1396		4999.248306000
17		1358	4999.259331000
6	1396		4999.267371000
17		41	4999.269247000
6	1396		4999.286421000
6	1396		4999.305465000
6	0		4999.315525000
17		41	4999.315562000
6	1396		4999.324544000
17		1358	4999.326654000
6	1396		4999.343619000
17		41	4999.361119000
6	1396		4999.362648000
17		1358	4999.381564000
6	1396		4999.381679000
6	1396		4999.400790000
6	0		4999.407274000
6	1396		4999.419849000
17		1358	4999.435674000
6	1396		4999.438887000
17		41	4999.453260000
6	1396		4999.458005000
6	1396		4999.477014000
17		1358	4999.490574000
6	1396		4999.496136000
17		46	4999.499097000
6	1396		4999.515153000
17		33	4999.525618000
6	1396		4999.534206000
17		1358	4999.544477000
17		41	4999.545179000
6	1396		4999.553410000
6	1396		4999.572311000
6	1396		4999.591384000
17		41	4999.591764000
17		1358	4999.599418000
6	1396		4999.610451000
6	1396		4999.629496000
17		41	4999.637320000
6	1396		4999.648566000
17		1358	4999.653658000
6	1396		4999.667692000
17		41	4999.683698000
6	1396		4999.686686000
6	1125		4999.705736000
17		1358	4999.707347000
17		1358	4999.762736000
6	0		4999.775718000
17		1358	4999.816756000
17		41	4999.867154000
6	0		4999.867174000
17		1358	4999.870645000
6	0		4999.913305000
17		1358	4999.925610000
17		1358	4999.979571000
17		41	5000.005774000
17		1358	5000.033602000
6	0		5000.050940000
17		1358	5000.088718000
17		1358	5000.142708000
6	0		5000.143111000
17		1358	5000.196740000
17		41	5000.235044000
17		1358	5000.251233000
6	0		5000.281196000
17		1358	5000.341842000
6	0		5000.373725000
17		41	5000.418848000
17		1358	5000.432651000
6	0		5000.511068000
17		1358	5000.523014000
6	0		5000.603462000
17		1358	5000.614225000
17		41	5000.649365000
17		1358	5000.704280000
6	0		5000.741740000
17		1358	5000.795154000
6	0		5000.833777000
17		41	5000.879216000
17		1358	5000.885166000
6	0		5000.925747000
17		1358	5000.976509000
17		41	5001.017337000
6	0		5001.063170000
17		1358	5001.067223000
17		1358	5001.134055000
6	0		5001.155545000
17		1358	5001.202934000
17		41	5001.247305000
6	0		5001.247331000
17		1358	5001.269938000
17		1358	5001.338270000
6	0		5001.339283000
17		41	5001.385696000
17		1358	5001.406475000
17		1358	5001.474309000
6	0		5001.476862000
17		1358	5001.542641000
17		41	5001.568929000
17		1358	5001.610925000
6	0		5001.615103000
17		1358	5001.678318000
6	0		5001.707495000
17		1358	5001.746308000
17		41	5001.753336000
6	1396		5001.799492000
6	0		5001.805317000
17		1358	5001.814710000
6	311		5001.845732000
6	0		5001.845758000
6	0		5001.846319000
6	1396		5001.847082000
17		1358	5001.881524000
17		41	5001.890919000
6	1396		5001.925517000
6	0		5001.936873000
17		1358	5001.950054000
6	1396		5002.004684000
17		1358	5002.017704000
6	0		5002.029397000
17		41	5002.075747000
6	1396		5002.083886000
17		1358	5002.085980000
17		1358	5002.153674000
6	1396		5002.163087000
6	0		5002.167403000
17		1358	5002.221953000
6	1396		5002.242270000
17		41	5002.259242000
6	0		5002.259272000
17		1358	5002.290453000
6	1396		5002.321451000
6	0		5002.350886000
17		1358	5002.357970000
6	0		5002.397319000
6	1396		5002.400658000
17		1358	5002.426213000
17		41	5002.442927000
6	1396		5002.479843000
17		46	5002.489644000
17		1358	5002.493985000
17		41	5002.534854000
6	1396		5002.559051000
17		1358	5002.563297000
17		41	5002.581403000
17		41	5002.627370000
17		1358	5002.629695000
6	1396		5002.638223000
17		41	5002.673393000
17		1358	5002.698811000
6	1396		5002.717474000
17		41	5002.719362000
17		41	5002.765435000
17		1358	5002.767900000
6	1396		5002.796612000
17		41	5002.811619000
17		1358	5002.834656000
17		41	5002.857499000
6	1396		5002.875803000
17		1358	5002.902110000
17		41	5002.903679000
17		41	5002.949213000
6	1396		5002.954984000
17		1358	5002.970127000
17		41	5002.995722000
6	1396		5003.034219000
17		1358	5003.038415000
17		41	5003.041142000
17		41	5003.087361000
17		1358	5003.106199000
6	1396		5003.113366000
17		41	5003.133582000
17		1358	5003.174430000
17		41	5003.179343000
6	1396		5003.192576000
17		41	5003.225378000
17		1358	5003.242513000
17		41	5003.271450000
6	1396		5003.271737000
17		1358	5003.310623000
17		41	5003.317697000
6	1396		5003.350981000
17		41	5003.363717000
17		1358	5003.379069000
17		46	5003.408993000
6	1396		5003.430153000
17		33	5003.435826000
17		1358	5003.445604000
17		41	5003.455040000
17		41	5003.500992000
6	1396		5003.509341000
17		1358	5003.513700000
17		41	5003.546874000
17		1358	5003.582195000
6	1396		5003.588531000
17		41	5003.593677000
17		41	5003.639447000
17		1358	5003.649610000
17		41	5003.685785000
17		1358	5003.717692000
17		41	5003.777227000
17		1358	5003.784747000
6	0		5003.823382000
17		1358	5003.852535000
17		41	5003.868919000
17		1358	5003.920880000
17		41	5003.961298000
17		1358	5003.987532000
6	0		5004.007474000
6	1396		5004.008014000
17		41	5004.053541000
17		1358	5004.055203000
6	1396		5004.060821000
17		41	5004.099097000
17		1358	5004.122307000
17		1358	5004.189535000
17		41	5004.191234000
6	0		5004.237123000
6	1396		5004.237683000
17		1358	5004.257860000
17		41	5004.283618000
6	1396		5004.290466000
17		1358	5004.325098000
17		41	5004.329033000
6	0		5004.375778000
17		1358	5004.392464000
6	1396		5004.396069000
17		41	5004.421376000
17		1358	5004.460474000
6	1396		5004.501683000
17		41	5004.512995000
17		1358	5004.527649000
6	0		5004.559224000
17		1358	5004.595035000
17		41	5004.604868000
6	1396		5004.607249000
17		41	5004.651205000
17		1358	5004.662985000
6	1396		5004.712838000
17		1358	5004.730170000
17		41	5004.743487000
6	0		5004.789678000
17		1358	5004.798380000
6	1396		5004.818420000
17		46	5004.835453000
17		33	5004.861886000
17		1358	5004.865176000
6	1396		5004.897668000
17		41	5004.927099000
17		1358	5004.933116000
6	0		5004.973262000
6	1396		5004.976806000
17		1358	5005.000556000
17		41	5005.019015000
6	1396		5005.056035000
17		41	5005.065425000
17		1358	5005.067093000
6	0		5005.111565000
6	1396		5005.135203000
17		1358	5005.135456000
17		41	5005.157161000
17		1358	5005.202778000
17		41	5005.203288000
6	1396		5005.214402000
17		1358	5005.270713000
17		41	5005.295177000
17		1358	5005.337787000
6	0		5005.341354000
6	1396		5005.341974000
6	1396		5005.381591000
17		41	5005.386836000
17		1358	5005.405566000
17		1358	5005.473739000
17		41	5005.479168000
6	0		5005.525341000
6	1396		5005.525885000
17		1358	5005.541688000
6	1396		5005.565496000
17		41	5005.570937000
17		1358	5005.607989000
17		41	5005.663045000
17		1358	5005.675594000
6	0		5005.709550000
6	1396		5005.710115000
17		1358	5005.743719000
6	1396		5005.749712000
17		41	5005.755670000
17		41	5005.800910000
17		1358	5005.810984000
17		41	5005.846968000
17		1358	5005.878686000
17		41	5005.893137000
17		1358	5005.932970000
17		41	5005.938870000
6	0		5005.985011000
17		41	5005.985086000
6	1396		5005.985580000
17		1358	5005.986609000
17		41	5006.031281000
17		1358	5006.040522000
17		41	5006.077706000
17		1358	5006.094681000
17		1358	5006.148655000
17		41	5006.169029000
17		1358	5006.203477000
6	0		5006.215376000
6	1396		5006.215941000
6	1396		5006.255552000
17		1358	5006.256593000
17		46	5006.260903000
17		33	5006.287397000
17		41	5006.309218000
17		1358	5006.310855000
17		1358	5006.365420000
17		41	5006.398823000
17		1358	5006.419627000
6	0		5006.445428000
17		41	5006.445455000
6	1396		5006.445979000
17		1358	5006.472205000
6	1095		5006.485559000
17		41	5006.491585000
17		1358	5006.526228000
17		1358	5006.580609000
17		41	5006.582903000
6	0		5006.629003000
17		1358	5006.634182000
17		41	5006.674845000
17		1358	5006.688151000
17		41	5006.721130000
17		1358	5006.778928000
17		41	5006.813233000
6	0		5006.859421000
17		1358	5006.869180000
17		41	5006.905234000
17		41	5006.951174000
17		1358	5006.959053000
17		41	5007.043188000
17		1358	5007.049173000
6	0		5007.089743000
17		41	5007.135272000
17		1358	5007.138575000
17		41	5007.180949000
6	0		5007.227187000
17		1358	5007.229026000
17		41	5007.272900000
17		1358	5007.320126000
17		41	5007.365253000
17		1358	5007.408706000
17		41	5007.410983000
6	0		5007.457600000
17		1358	5007.499656000
17		41	5007.503428000
17		41	5007.548863000
17		1358	5007.589118000
6	0		5007.641494000
17		1358	5007.657524000
17		41	5007.687409000
17		1358	5007.724172000
17		46	5007.733587000
17		33	5007.760445000
17		41	5007.824858000
6	0		5007.871694000
17		41	5007.871721000
17		41	5007.917183000
17		41	5008.008866000
6	0		5008.055597000
6	1396		5008.101330000
6	423		5008.101360000
17		41	5008.101372000
6	0		5008.101922000
6	1396		5008.102663000
6	1396		5008.120974000
6	1396		5008.140046000
17		41	5008.147606000
6	1396		5008.159127000
6	1396		5008.178173000
17		41	5008.193280000
6	1396		5008.197232000
6	1396		5008.216312000
6	1396		5008.235353000
6	1396		5008.254406000
6	1396		5008.273536000
17		41	5008.285304000
6	1396		5008.292524000
6	1396		5008.311580000
6	1396		5008.330664000
17		41	5008.331428000
6	1396		5008.349705000
6	1396		5008.368755000
17		41	5008.377694000
6	1396		5008.387827000
6	1396		5008.406891000
17		41	5008.422892000
6	1396		5008.426018000
6	1396		5008.445020000
6	1396		5008.464084000
17		41	5008.468875000
6	1396		5008.483145000
6	1396		5008.502232000
6	0		5008.515511000
6	1396		5008.521253000
6	1396		5008.540352000
6	1396		5008.559376000
17		41	5008.561382000
6	1396		5008.578437000
6	1396		5008.597514000
17		41	5008.607375000
6	1396		5008.616560000
6	1396		5008.635615000
6	0		5008.652870000
17		41	5008.652899000
6	1396		5008.654669000
6	1396		5008.673738000
6	1396		5008.692853000
17		41	5008.698901000
6	1396		5008.711852000
6	1396		5008.730923000
6	1396		5008.750035000
6	1396		5008.769053000
6	1396		5008.788092000
17		41	5008.791010000
6	242		5008.807152000
6	0		5008.837477000
17		41	5008.883131000
17		41	5008.929334000
17		46	5008.975400000
17		33	5009.001927000
17		41	5009.020851000
17		41	5009.067119000
17		41	5009.113092000
17		41	5009.159145000
17		41	5009.205170000
17		41	5009.251340000
17		41	5009.297303000
17		41	5009.343475000
17		1358	5009.345144000
17		41	5009.389737000
17		1358	5009.391396000
17		41	5009.435055000
17		1358	5009.455777000
17		41	5009.481376000
17		1358	5009.520400000
17		41	5009.527369000
17		1358	5009.585592000
6	0		5009.618998000
6	0		5009.665184000
6	0		5009.757388000
6	0		5009.849708000
6	0		5009.940997000
6	0		5010.033262000
6	0		5010.125543000
6	0		5010.216828000
6	0		5010.309229000
6	0		5010.401638000
6	0		5010.492875000
6	0		5010.585157000
6	0		5010.677431000
6	0		5010.769721000
6	0		5010.861050000
6	0		5010.953364000
6	0		5010.999567000
6	0		5011.090834000
6	0		5011.183412000
6	1396		5011.229144000
6	311		5011.229181000
17		41	5011.229193000
6	0		5011.229698000
17		1358	5011.230791000
17		41	5011.275420000
17		1358	5011.295911000
17		41	5011.320840000
17		1358	5011.359351000
17		41	5011.366963000
17		41	5011.413381000
17		1358	5011.422425000
6	1396		5011.430994000
6	1396		5011.440510000
17		41	5011.459504000
6	1396		5011.459576000
17		1358	5011.473729000
6	1396		5011.478636000
6	1396		5011.497704000
17		41	5011.505460000
6	1396		5011.516751000
17		1358	5011.523704000
6	1396		5011.535804000
17		46	5011.550888000
6	1396		5011.554872000
6	1396		5011.573964000
17		1358	5011.575018000
6	1396		5011.593010000
6	0		5011.597258000
6	1396		5011.612057000
17		1358	5011.626175000
6	1396		5011.631125000
6	0		5011.643231000
6	1396		5011.650175000
6	1396		5011.669235000
17		1358	5011.676590000
6	1396		5011.688287000
6	1396		5011.707360000
6	1396		5011.726410000
17		1358	5011.727559000
17		41	5011.735273000
6	0		5011.735309000
6	1396		5011.745477000
6	1396		5011.764559000
17		1358	5011.778986000
6	1396		5011.783585000
6	1396		5011.802649000
6	1396		5011.821714000
6	0		5011.827521000
6	1396		5011.840803000
6	1396		5011.859857000
17		1358	5011.863565000
6	1396		5011.878915000
6	1396		5011.897982000
6	1396		5011.917019000
6	0		5011.919659000
17		41	5011.919688000
6	1396		5011.936110000
17		1358	5011.948113000
6	1396		5011.955150000
6	1396		5011.974198000
6	1396		5011.993267000
6	0		5012.011614000
17		1358	5012.012090000
6	1396		5012.012294000
6	1396		5012.031385000
6	1396		5012.050469000
17		41	5012.057380000
6	1396		5012.069504000
17		1358	5012.074488000
6	1396		5012.088571000
6	1396		5012.107629000
6	1396		5012.126892000
17		1358	5012.138808000
6	1396		5012.145748000
6	0		5012.149129000
6	1396		5012.164810000
6	1396		5012.183900000
17		41	5012.194841000
17		1358	5012.202165000
6	1396		5012.202916000
6	1396		5012.221985000
6	1396		5012.241044000
6	1396		5012.260103000
17		1358	5012.266320000
6	1396		5012.279206000
6	0		5012.287427000
6	1396		5012.298238000
6	1095		5012.317316000
17		1358	5012.329262000
17		41	5012.379317000
17		1358	5012.392381000
6	0		5012.425256000
6	0		5012.425282000
6	0		5012.427246000
17		1358	5012.457732000
6	0		5012.517614000
17		1358	5012.520059000
17		41	5012.563283000
17		1358	5012.584113000
17		1358	5012.647096000
6	0		5012.655618000
17		41	5012.701275000
17		1358	5012.711413000
17		1358	5012.774667000
6	0		5012.792864000
17		1358	5012.838588000
6	0		5012.884890000
17		1358	5012.901951000
17		41	5012.931227000
17		1358	5012.965282000
6	0		5012.977370000
6	0		5013.068837000
17		41	5013.161225000
6	0		5013.161258000
17		1358	5013.162878000
6	0		5013.253327000
17		41	5013.345315000
17		1358	5013.347010000
6	0		5013.391614000
6	0		5013.483580000
17		41	5013.574898000
17		1358	5013.576668000
6	0		5013.621291000
6	0		5013.713583000
17		41	5013.759373000
17		1358	5013.761144000
6	0		5013.851604000
17		41	5013.897617000
17		1358	5013.899522000
6	0		5013.942847000
6	0		5014.035023000
17		41	5014.127088000
17		1358	5014.128895000
6	0		5014.173361000
6	0		5014.265115000
6	1396		5014.311150000
6	423		5014.311179000
17		41	5014.311190000
6	0		5014.311753000
17		1358	5014.312483000
17		41	5014.357314000
17		1358	5014.377006000
17		41	5014.403411000
17		1358	5014.441017000
17		41	5014.449109000
17		41	5014.494951000
17		1358	5014.506121000
6	1396		5014.508481000
6	1396		5014.517995000
6	1396		5014.537092000
17		46	5014.541380000
6	1396		5014.556132000
17		1358	5014.557683000
6	1396		5014.575212000
17		41	5014.587110000
6	1396		5014.594248000
17		1358	5014.608945000
6	1396		5014.613301000
6	1396		5014.632357000
17		41	5014.633189000
6	1396		5014.651413000
6	1396		5014.670475000
17		41	5014.679329000
6	1396		5014.689528000
17		1358	5014.693214000
6	1396		5014.708614000
17		41	5014.725503000
6	1396		5014.727667000
6	1396		5014.746730000
6	1396		5014.765790000
17		41	5014.771595000
17		1358	5014.777762000
6	1396		5014.784841000
6	1396		5014.803920000
17		41	5014.816828000
6	1396		5014.822959000
17		1358	5014.842038000
6	1396		5014.842084000
6	1396		5014.861078000
17		41	5014.862845000
6	1396		5014.880149000
6	1396		5014.899219000
17		1358	5014.905214000
17		41	5014.909107000
6	1396		5014.918283000
6	1396		5014.937321000
17		41	5014.955167000
6	1396		5014.956384000
17		1358	5014.968777000
6	1396		5014.975450000
6	1396		5014.994522000
17		41	5015.001314000
6	1396		5015.013554000
17		1358	5015.032318000
6	1396		5015.032615000
17		41	5015.046904000
6	1396		5015.051699000
6	1396		5015.070755000
6	1396		5015.089810000
6	0		5015.093586000
17		41	5015.093612000
17		1358	5015.095385000
6	0		5015.102717000
6	1396		5015.108855000
6	1396		5015.127949000
17		41	5015.139823000
6	1396		5015.146978000
17		1358	5015.159858000
6	1396		5015.166055000
6	1396		5015.185100000
6	1396		5015.204173000
6	1396		5015.223231000
17		1358	5015.223732000
6	0		5015.231524000
6	1396		5015.242288000
6	1396		5015.261364000
6	1396		5015.280456000
17		1358	5015.286639000
6	1396		5015.299472000
6	1396		5015.318520000
6	0		5015.322951000
6	1396		5015.337605000
17		1358	5015.350048000
6	1396		5015.356657000
17		41	5015.368997000
6	1396		5015.375728000
6	1125		5015.394780000
17		1358	5015.414095000
6	0		5015.461639000
17		1358	5015.478161000
17		41	5015.507260000
17		1358	5015.541237000
6	0		5015.599674000
17		1358	5015.604280000
17		1358	5015.669076000
6	0		5015.691734000
17		1358	5015.731988000
17		41	5015.783353000
17		1358	5015.795335000
6	0		5015.829534000
6	0		5015.920831000
17		41	5015.967082000
17		1358	5015.968879000
6	0		5016.013241000
6	0		5016.105536000
17		41	5016.151158000
17		1358	5016.152860000
6	0		5016.243320000
6	0		5016.335582000
17		41	5016.381279000
17		1358	5016.382951000
6	0		5016.473352000
17		46	5016.565234000
17		1358	5016.567114000
6	0		5016.611744000
6	0		5016.703646000
17		41	5016.749372000
17		1358	5016.751149000
6	0		5016.841653000
6	0		5016.933398000
17		41	5016.933424000
17		1358	5016.934615000
6	0		5017.025031000
17		41	5017.117257000
6	0		5017.117287000
17		1358	5017.118985000
6	0		5017.163259000
6	0		5017.255710000
17		41	5017.347263000
6	0		5017.347297000
17		1358	5017.348715000
6	0		5017.439340000
17		41	5017.531100000
17		1358	5017.532331000
6	0		5017.577527000
6	0		5017.668788000
17		41	5017.715681000
17		1358	5017.717572000
6	0		5017.806803000
6	0		5017.806840000
6	1396		5017.853670000
6	424		5017.853698000
17		41	5017.853709000
6	0		5017.854245000
17		1358	5017.855417000
6	1396		5017.855433000
6	1396		5017.873309000
6	1396		5017.892394000
17		41	5017.899218000
6	1396		5017.911450000
17		1358	5017.919608000
17		41	5017.945479000
17		1358	5017.984856000
17		41	5017.991658000
17		41	5018.037298000
17		1358	5018.050007000
17		41	5018.083176000
17		1358	5018.114437000
17		41	5018.129032000
17		41	5018.175367000
17		1358	5018.177138000
17		41	5018.221615000
17		1358	5018.241726000
17		41	5018.267371000
17		41	5018.312958000
17		1358	5018.313753000
17		41	5018.358949000
17		1358	5018.368760000
17		41	5018.404800000
17		1358	5018.433401000
17		46	5018.450806000
17		33	5018.477768000
17		41	5018.497319000
17		1358	5018.497780000
17		41	5018.543248000
17		1358	5018.561871000
17		41	5018.589814000
17		1358	5018.612936000
17		1358	5018.664402000
6	0		5018.681521000
6	1396		5018.682237000
6	1396		5018.691701000
6	1396		5018.710748000
6	1396		5018.729809000
6	1396		5018.748929000
6	1396		5018.767912000
6	0		5018.773346000
6	1396		5018.786976000
6	1396		5018.806044000
17		41	5018.818875000
17		1358	5018.820047000
6	1396		5018.825223000
6	1396		5018.844238000
6	1396		5018.863229000
17		41	5018.864935000
6	1396		5018.882286000
6	1396		5018.901351000
17		1358	5018.906057000
17		41	5018.911107000
6	1396		5018.920411000
6	1396		5018.939468000
17		41	5018.957165000
6	1396		5018.958512000
6	1396		5018.977587000
17		1358	5018.991765000
6	1396		5018.996649000
17		41	5019.003400000
6	1396		5019.015707000
6	1396		5019.034769000
17		41	5019.048976000
6	1396		5019.053916000
17		1358	5019.056263000
6	1396		5019.073013000
6	1396		5019.091954000
17		41	5019.094769000
6	1396		5019.111008000
17		1358	5019.119576000
6	1396		5019.130075000
17		41	5019.140889000
6	1396		5019.149133000
6	1396		5019.168207000
17		1358	5019.183455000
17		41	5019.186970000
6	1396		5019.187239000
6	1396		5019.206315000
6	1396		5019.225368000
17		41	5019.233479000
6	1396		5019.244435000
17		1358	5019.247729000
6	1396		5019.263489000
17		41	5019.279412000
6	1396		5019.282542000
6	1396		5019.301595000
17		1358	5019.310876000
6	1396		5019.320676000
17		41	5019.325297000
6	1396		5019.339758000
6	305		5019.358793000
17		1358	5019.374151000
6	0		5019.417320000
17		1358	5019.435132000
17		1358	5019.497633000
6	0		5019.509559000
17		1358	5019.560823000
6	0		5019.601246000
17		1358	5019.622803000
6	0		5019.692855000
17		41	5019.692890000
17		1358	5019.694125000
6	0		5019.785546000
6	0		5019.876780000
17		41	5019.968949000
17		1358	5019.970625000
6	0		5020.015097000
6	0		5020.107240000
17		41	5020.199059000
17		1358	5020.200523000
6	0		5020.245630000
6	0		5020.337020000
17		41	5020.429035000
17		1358	5020.430544000
6	0		5020.475265000
6	0		5020.475291000
6	0		5020.567121000
17		46	5020.613775000
17		1358	5020.615499000
6	0		5020.704924000
17		41	5020.751609000
17		1358	5020.753289000
6	0		5020.843749000
6	0		5020.935023000
17		41	5020.981593000
17		1358	5020.983286000
6	0		5021.073671000
17		41	5021.164958000
17		1358	5021.166725000
6	0		5021.211121000
6	0		5021.256804000
6	1396		5021.303185000
6	311		5021.303218000
17		41	5021.303228000
6	0		5021.303785000
17		1358	5021.304934000
17		41	5021.349086000
17		1358	5021.368332000
17		41	5021.394848000
17		1358	5021.431771000
6	1396		5021.434383000
17		41	5021.441391000
6	1396		5021.443900000
6	1396		5021.462965000
6	1396		5021.482020000
17		41	5021.487352000
17		1358	5021.495080000
6	1396		5021.501088000
6	1396		5021.520136000
17		41	5021.532906000
6	1396		5021.539201000
17		1358	5021.557689000
6	1396		5021.558325000
6	1396		5021.577337000
17		41	5021.578969000
6	1396		5021.596377000
6	1396		5021.615450000
17		41	5021.625368000
6	1396		5021.634514000
6	1396		5021.653572000
17		41	5021.671444000
6	1396		5021.672634000
6	1396		5021.691744000
6	1396		5021.710750000
17		41	5021.717489000
6	1396		5021.729810000
6	1396		5021.748872000
17		41	5021.762818000
6	1396		5021.767975000
6	1396		5021.786987000
6	1396		5021.806043000
17		41	5021.809200000
6	1396		5021.825103000
6	1396		5021.844240000
17		41	5021.855051000
17		1358	5021.856880000
6	1396		5021.863222000
6	1396		5021.882294000
17		41	5021.901337000
6	1396		5021.901366000
17		1358	5021.902256000
6	1396		5021.920430000
6	1396		5021.939474000
17		41	5021.947247000
6	1396		5021.958538000
17		1358	5021.964744000
6	1259		5021.977597000
6	0		5022.039075000
6	0		5022.131291000
17		41	5022.177383000
17		1358	5022.179071000
6	0		5022.269553000
6	0		5022.361448000
17		46	5022.361478000
17		1358	5022.363171000
6	0		5022.453633000
6	0		5022.544898000
6	0		5022.637207000
6	0		5022.729417000
6	0		5022.821670000
6	0		5022.913206000
6	0		5023.005551000
17		41	5023.096915000
17		1358	5023.098590000
6	0		5023.143119000
17		1358	5023.161871000
17		1358	5023.224190000
6	0		5023.235346000
17		41	5023.281239000
17		1358	5023.285964000
17		1358	5023.348789000
6	0		5023.373404000
17		1358	5023.411207000
6	0		5023.465703000
17		1358	5023.473617000
6	1396		5023.510786000
6	312		5023.510813000
17		41	5023.510824000
17		41	5023.510829000
6	0		5023.511374000
6	1396		5023.512258000
6	1396		5023.530438000
17		1358	5023.534802000
6	1396		5023.549559000
17		41	5023.557646000
6	1396		5023.568554000
6	1396		5023.587614000
17		1358	5023.596786000
17		41	5023.603670000
6	1396		5023.606682000
6	1396		5023.625746000
6	1396		5023.644808000
17		41	5023.649662000
17		1358	5023.659635000
6	1396		5023.663853000
6	1396		5023.682931000
17		41	5023.694882000
6	1396		5023.701972000
17		1358	5023.709315000
6	1396		5023.721044000
6	1396		5023.740102000
17		41	5023.741030000
6	1396		5023.759169000
17		1358	5023.759520000
6	1396		5023.778235000
17		41	5023.787006000
6	1396		5023.797303000
17		1358	5023.809108000
6	1396		5023.816335000
17		41	5023.833252000
6	1396		5023.835393000
6	1396		5023.854466000
17		1358	5023.859409000
6	1396		5023.873576000
17		41	5023.879393000
6	1396		5023.892580000
17		1358	5023.909040000
6	1396		5023.911635000
6	1396		5023.930710000
6	1396		5023.949767000
17		1358	5023.957854000
6	1396		5023.968813000
6	0		5023.971031000
6	1396		5023.987890000
6	1396		5024.006953000
17		1358	5024.008321000
17		41	5024.016873000
6	1396		5024.026003000
6	1396		5024.045077000
17		1358	5024.058154000
6	0		5024.062792000
6	1396		5024.064116000
6	1396		5024.083195000
6	1396		5024.102249000
6	1396		5024.121375000
6	1396		5024.140367000
17		1358	5024.140695000
17		41	5024.155212000
6	0		5024.155243000
6	1396		5024.159438000
6	1396		5024.178492000
6	1396		5024.197553000
6	0		5024.201279000
6	1396		5024.216624000
17		1358	5024.223963000
6	1396		5024.235661000
6	1396		5024.254738000
6	1396		5024.273839000
6	1396		5024.292851000
6	0		5024.293060000
17		1358	5024.306237000
6	1396		5024.311910000
6	1396		5024.330973000
17		41	5024.339679000
6	1396		5024.350028000
6	1396		5024.369172000
6	1396		5024.388153000
17		1358	5024.390033000
6	1396		5024.407211000
6	877		5024.426279000
6	0		5024.431554000
17		1358	5024.472032000
17		41	5024.523282000
6	0		5024.523330000
17		1358	5024.555823000
6	0		5024.615261000
17		1358	5024.617942000
17		1358	5024.679871000
17		41	5024.707010000
17		1358	5024.742381000
6	0		5024.753252000
6	562		5024.799617000
6	39		5024.799713000
6	0		5024.801920000
6	0		5024.801950000
6	39		5024.801953000
17		1358	5024.804147000
6	69		5024.806203000
6	70		5024.814088000
17		41	5024.845340000
17		1358	5024.867019000
6	0		5024.891470000
17		1358	5024.928820000
6	0		5024.983341000
17		41	5024.983370000
17		1358	5024.991692000
17		1358	5025.052870000
6	0		5025.075117000
17		1358	5025.115158000
17		46	5025.120938000
17		33	5025.146725000
17		1358	5025.178537000
6	0		5025.213205000
17		1358	5025.240214000
17		1358	5025.303314000
17		41	5025.305518000
6	0		5025.351142000
17		1358	5025.364346000
17		1358	5025.426582000
6	0		5025.442811000
17		41	5025.489597000
17		1358	5025.491295000
6	0		5025.581742000
17		41	5025.627648000
17		1358	5025.629344000
6	0		5025.719872000
6	0		5025.811054000
17		41	5025.903535000
17		1358	5025.905434000
6	0		5025.948859000
6	0		5025.995268000
6	1396		5026.087269000
6	0		5026.092788000
6	423		5026.133146000
17		41	5026.133187000
6	0		5026.133202000
6	0		5026.133709000
6	1396		5026.134440000
17		1358	5026.134941000
6	0		5026.179339000
6	1396		5026.212928000
6	0		5026.271510000
6	1396		5026.292119000
17		41	5026.317499000
17		1358	5026.319181000
6	1396		5026.371313000
6	0		5026.409705000
6	1396		5026.450504000
6	0		5026.501006000
6	1396		5026.529702000
17		41	5026.592890000
17		1358	5026.594574000
6	1396		5026.608873000
6	0		5026.639726000
6	0		5026.639749000
17		41	5026.684916000
17		1358	5026.686583000
6	1396		5026.688061000
17		41	5026.730999000
17		1358	5026.749800000
6	1396		5026.767307000
17		41	5026.776990000
17		1358	5026.813264000
17		41	5026.823597000
6	1396		5026.846465000
17		41	5026.869351000
6	0		5026.869380000
17		1358	5026.876452000
6	0		5026.915316000
6	0		5026.915343000
6	39		5026.915350000
17		41	5026.915357000
6	0		5026.921791000
6	1396		5026.925643000
17		1358	5026.940035000
17		41	5026.961702000
17		1358	5027.001734000
6	1396		5027.004828000
17		41	5027.007275000
17		41	5027.052853000
17		1358	5027.064859000
6	1396		5027.084034000
17		41	5027.098831000
17		1358	5027.126030000
17		41	5027.145134000
6	1396		5027.163241000
17		1358	5027.188872000
17		41	5027.191327000
17		46	5027.236851000
17		1358	5027.238886000
6	1396		5027.242403000
17		41	5027.282988000
17		1358	5027.287770000
6	1396		5027.321616000
17		41	5027.329749000
17		1358	5027.337743000
17		41	5027.375642000
17		1358	5027.388135000
6	1396		5027.400844000
17		41	5027.421679000
17		1358	5027.437555000
17		41	5027.467827000
6	1396		5027.479993000
17		1358	5027.488057000
6	0		5027.512983000
17		1358	5027.537586000
17		41	5027.558959000
6	1396		5027.559172000
17		1358	5027.585943000
6	0		5027.605148000
6	1396		5027.638386000
6	0		5027.651412000
17		1358	5027.669618000
17		41	5027.697070000
6	1396		5027.717551000
6	0		5027.742862000
17		1358	5027.752421000
6	0		5027.789059000
6	1396		5027.796758000
6	0		5027.834823000
17		1358	5027.835195000
6	1396		5027.875954000
17		41	5027.881211000
17		1358	5027.917901000
6	0		5027.927343000
6	1396		5027.955146000
17		41	5027.972946000
17		1358	5028.000809000
6	0		5028.019486000
6	1396		5028.034390000
17		1358	5028.063839000
17		41	5028.065097000
6	0		5028.111272000
6	1396		5028.113590000
17		1358	5028.125817000
6	0		5028.157058000
17		41	5028.157102000
17		1358	5028.188196000
6	1396		5028.192709000
17		41	5028.202770000
6	0		5028.249333000
17		1358	5028.251454000
6	1396		5028.271903000
17		41	5028.294856000
17		1358	5028.314092000
17		41	5028.341418000
6	1396		5028.351088000
17		1358	5028.376593000
6	0		5028.387951000
6	1396		5028.430304000
17		41	5028.433491000
17		1358	5028.439694000
6	0		5028.479187000
6	1396		5028.509519000
17		41	5028.525757000
17		1358	5028.527419000
6	0		5028.570907000
6	1396		5028.588673000
17		41	5028.617531000
17		1358	5028.619196000
17		41	5028.663175000
6	825		5028.667855000
17		1358	5028.682079000
6	0		5028.709452000
17		41	5028.755115000
17		1358	5028.756886000
6	0		5028.801574000
17		46	5028.847315000
17		1358	5028.849022000
6	0		5028.893290000
17		1358	5028.911385000
17		41	5028.938984000
17		1358	5028.974539000
17		41	5029.031370000
6	0		5029.031411000
17		1358	5029.037448000
17		41	5029.077813000
17		1358	5029.100746000
17		41	5029.169237000
17		1358	5029.170907000
6	0		5029.215377000
17		41	5029.260876000
17		1358	5029.262716000
17		41	5029.353158000
17		1358	5029.354127000
6	0		5029.399340000
17		41	5029.445191000
17		1358	5029.446404000
17		41	5029.537397000
17		1358	5029.538725000
6	0		5029.582792000
17		41	5029.582822000
17		41	5029.674823000
17		1358	5029.676571000
6	0		5029.721389000
17		41	5029.767484000
17		1358	5029.769182000
17		41	5029.812801000
17		1358	5029.832304000
6	1396		5029.858969000
6	424		5029.858999000
6	0		5029.859567000
6	1396		5029.860333000
17		41	5029.905294000
17		1358	5029.907533000
6	1396		5029.916463000
6	0		5029.951665000
6	1396		5029.973318000
17		41	5029.997396000
17		1358	5029.999158000
6	1396		5030.030193000
6	1396		5030.087055000
17		41	5030.089351000
17		1358	5030.090779000
6	0		5030.135480000
6	1396		5030.143912000
17		41	5030.181656000
17		1358	5030.182981000
6	1396		5030.200796000
6	1396		5030.257643000
17		41	5030.272798000
17		1358	5030.274497000
6	1396		5030.314536000
6	0		5030.319715000
17		41	5030.319742000
17		1358	5030.337611000
6	0		5030.365520000
6	1396		5030.371381000
17		41	5030.411675000
17		1358	5030.413122000
6	1396		5030.428310000
17		46	5030.457496000
17		1358	5030.475781000
6	1396		5030.485122000
17		41	5030.503370000
17		1358	5030.539011000
6	1396		5030.541986000
17		41	5030.549465000
17		1358	5030.589853000
17		41	5030.595393000
6	1396		5030.598846000
17		41	5030.640897000
17		1358	5030.641011000
6	1396		5030.655719000
17		41	5030.686865000
17		1358	5030.691600000
6	1396		5030.712591000
17		41	5030.733650000
17		1358	5030.742495000
6	1396		5030.769460000
17		41	5030.779684000
6	674		5030.779715000
6	0		5030.781543000
6	67		5030.783386000
6	31		5030.788718000
17		1358	5030.791645000
6	39		5030.792270000
17		41	5030.825388000
17		1358	5030.841912000
17		41	5030.871510000
17		1358	5030.891856000
17		41	5030.917077000
17		1358	5030.941839000
17		41	5030.963095000
17		41	5031.008986000
17		1358	5031.024513000
17		41	5031.100891000
17		1358	5031.107600000
6	0		5031.147024000
6	1396		5031.147587000
6	1396		5031.176022000
17		1358	5031.190812000
17		41	5031.238834000
17		1358	5031.273793000
6	0		5031.285350000
6	1396		5031.285911000
6	1396		5031.314413000
17		41	5031.330986000
17		1358	5031.357111000
6	0		5031.377810000
6	1396		5031.378396000
17		1358	5031.418374000
17		41	5031.423184000
6	1396		5031.428082000
17		1358	5031.480740000
6	0		5031.515523000
6	1396		5031.516098000
17		1358	5031.542784000
6	1396		5031.544521000
17		41	5031.561694000
17		1358	5031.605551000
17		41	5031.652967000
17		1358	5031.668488000
6	0		5031.699143000
6	1396		5031.699712000
6	1396		5031.728134000
17		41	5031.745591000
17		1358	5031.747270000
17		46	5031.837647000
17		1358	5031.839377000
6	0		5031.882807000
6	1396		5031.883364000
6	1396		5031.911763000
17		46	5031.928821000
17		1358	5031.930987000
17		41	5032.021008000
17		1358	5032.022701000
6	0		5032.067448000
6	1396		5032.068015000
6	1364		5032.096466000
17		41	5032.113644000
17		1358	5032.115339000
17		41	5032.159681000
17		1358	5032.178922000
6	0		5032.204816000
17		41	5032.250918000
17		1358	5032.252636000
6	0		5032.297478000
6	39		5032.343257000
17		41	5032.343286000
17		1358	5032.344347000
6	0		5032.349431000
17		41	5032.388997000
17		1358	5032.408291000
17		41	5032.435370000
6	0		5032.435400000
17		1358	5032.471778000
17		41	5032.481185000
17		41	5032.527032000
17		1358	5032.535009000
17		41	5032.572984000
17		1358	5032.597904000
17		1358	5032.660682000
6	0		5032.665462000
17		41	5032.710927000
17		1358	5032.723326000
17		41	5032.756853000
17		1358	5032.786262000
6	0		5032.848843000
17		41	5032.895473000
17		1358	5032.897165000
6	0		5032.987367000
17		41	5032.987396000
17		1358	5032.989080000
17		41	5033.033310000
17		1358	5033.052011000
17		41	5033.125024000
17		1358	5033.126711000
6	0		5033.171560000
17		41	5033.217162000
17		1358	5033.219401000
17		41	5033.263182000
17		1358	5033.282574000
6	0		5033.355285000
17		41	5033.401111000
17		1358	5033.402776000
17		46	5033.446970000
17		1358	5033.466200000
6	0		5033.539630000
6	1396		5033.584865000
6	0		5033.590294000
6	311		5033.631420000
17		41	5033.631452000
17		41	5033.631460000
6	0		5033.631983000
17		1358	5033.632712000
6	1396		5033.632732000
17		1358	5033.696281000
6	1396		5033.711900000
6	0		5033.723188000
17		41	5033.723219000
17		1358	5033.758248000
17		41	5033.768995000
6	1396		5033.791843000
17		41	5033.815384000
17		1358	5033.821395000
17		41	5033.861350000
6	1396		5033.871789000
17		1358	5033.872222000
17		41	5033.907384000
6	1396		5033.951729000
17		41	5033.953183000
17		41	5033.999750000
6	1396		5034.031698000
17		41	5034.044862000
17		41	5034.091628000
6	1396		5034.111599000
17		41	5034.137743000
17		41	5034.183606000
6	1396		5034.191611000
17		41	5034.229648000
6	1396		5034.271488000
17		41	5034.275570000
17		41	5034.321425000
6	1396		5034.351433000
17		41	5034.366892000
17		41	5034.413471000
6	1396		5034.431370000
17		41	5034.459490000
17		46	5034.505400000
6	1396		5034.511309000
17		33	5034.531902000
17		41	5034.551392000
17		1358	5034.552789000
6	1396		5034.591262000
17		41	5034.643254000
17		1358	5034.644974000
6	1396		5034.671215000
6	0		5034.689769000
17		41	5034.735301000
17		1358	5034.736899000
6	1396		5034.751138000
17		41	5034.827410000
17		1358	5034.829123000
6	1396		5034.831059000
6	0		5034.873671000
6	1396		5034.911024000
17		41	5034.918899000
17		1358	5034.920811000
6	0		5034.965387000
6	1396		5034.990955000
6	0		5035.057437000
6	1396		5035.070879000
6	0		5035.149295000
6	1396		5035.150828000
6	1396		5035.230783000
6	0		5035.241222000
17		41	5035.286898000
17		1358	5035.288717000
6	1396		5035.310719000
17		1358	5035.361503000
17		41	5035.379246000
6	0		5035.379276000
6	1396		5035.390661000
17		1358	5035.433788000
6	1396		5035.470595000
6	0		5035.470829000
17		41	5035.470852000
6	0		5035.479689000
17		1358	5035.505651000
6	0		5035.516981000
6	1396		5035.550559000
17		41	5035.562920000
17		1358	5035.577579000
6	1396		5035.630493000
17		1358	5035.649535000
6	0		5035.655116000
17		41	5035.701600000
6	1396		5035.710416000
17		1358	5035.721395000
6	1396		5035.790375000
6	0		5035.792908000
17		1358	5035.794005000
17		1358	5035.865662000
6	1396		5035.870291000
6	0		5035.885417000
17		41	5035.930929000
17		1358	5035.937639000
6	1396		5035.950242000
17		41	5035.977547000
17		1358	5036.009274000
6	0		5036.022798000
6	1396		5036.030179000
17		41	5036.069268000
17		1358	5036.081892000
6	1396		5036.110127000
17		1358	5036.153653000
17		41	5036.160943000
6	1396		5036.190057000
6	0		5036.207104000
17		1358	5036.225988000
17		41	5036.253320000
6	1396		5036.270005000
17		1358	5036.297247000
17		41	5036.345327000
6	1396		5036.349936000
17		1358	5036.370370000
6	0		5036.390937000
6	1396		5036.429904000
17		41	5036.437443000
17		1358	5036.442445000
6	1396		5036.493825000
17		1358	5036.513686000
17		41	5036.529441000
6	1396		5036.557842000
17		41	5036.574858000
17		1358	5036.585843000
6	0		5036.621349000
6	1396		5036.621723000
17		1358	5036.658246000
17		46	5036.667076000
6	1396		5036.685678000
17		33	5036.693876000
17		41	5036.713139000
17		1358	5036.729836000
6	1396		5036.749642000
6	0		5036.759327000
17		1358	5036.801819000
17		41	5036.805490000
6	1396		5036.813593000
17		1358	5036.874478000
6	1396		5036.877542000
17		41	5036.897092000
6	1396		5036.941489000
6	0		5036.942982000
17		1358	5036.945782000
17		41	5036.989339000
6	1396		5037.005451000
17		1358	5037.017640000
6	1396		5037.069391000
17		41	5037.081546000
17		1358	5037.090063000
6	0		5037.126908000
6	1396		5037.133339000
17		1358	5037.162363000
17		41	5037.173023000
17		1358	5037.234407000
6	1095		5037.239921000
17		41	5037.265235000
17		1358	5037.306604000
6	0		5037.310964000
6	1396		5037.357005000
6	423		5037.357031000
17		41	5037.357055000
6	0		5037.357587000
6	1396		5037.358419000
17		1358	5037.377603000
6	1396		5037.414475000
6	0		5037.449120000
17		41	5037.449153000
17		1358	5037.450686000
6	1396		5037.471329000
17		41	5037.495613000
17		1358	5037.522837000
6	1396		5037.528211000
6	1396		5037.585112000
17		41	5037.587238000
17		1358	5037.593797000
6	0		5037.633510000
6	1396		5037.641973000
17		1358	5037.667205000
17		41	5037.678926000
6	1396		5037.698806000
17		1358	5037.738431000
6	1396		5037.755722000
17		41	5037.770998000
17		1358	5037.810405000
6	1396		5037.812591000
6	0		5037.817144000
6	1396		5037.869417000
17		1358	5037.881860000
17		41	5037.911704000
6	1396		5037.926287000
17		1358	5037.954443000
6	0		5037.954823000
6	1396		5037.983164000
17		41	5038.001642000
17		1358	5038.011335000
6	1396		5038.040032000
17		1358	5038.069886000
17		41	5038.093185000
6	1396		5038.096908000
17		1358	5038.126851000
6	0		5038.139362000
6	1396		5038.153745000
17		1358	5038.184686000
17		41	5038.185280000
6	1396		5038.210614000
6	0		5038.231418000
17		1358	5038.242817000
6	1396		5038.267485000
17		41	5038.277721000
17		1358	5038.300160000
17		1358	5038.357297000
17		41	5038.369605000
17		1358	5038.415671000
6	0		5038.415761000
6	1396		5038.416321000
6	1396		5038.444752000
17		46	5038.461615000
17		1358	5038.473226000
6	1396		5038.501622000
17		1358	5038.531314000
17		41	5038.553554000
6	1396		5038.558485000
17		1358	5038.588436000
6	0		5038.598767000
6	1396		5038.615350000
6	1396		5038.672251000
17		1358	5038.684341000
17		41	5038.691455000
6	1396		5038.729091000
6	0		5038.737766000
17		1358	5038.780428000
17		41	5038.783118000
6	1396		5038.785960000
17		41	5038.829322000
6	1396		5038.842826000
6	0		5038.875485000
17		1358	5038.876722000
6	1396		5038.899709000
17		41	5038.921066000
6	1396		5038.956584000
17		1358	5038.972397000
6	0		5039.013153000
6	1396		5039.013428000
17		41	5039.059365000
17		1358	5039.068320000
6	1396		5039.070299000
6	1396		5039.127182000
17		41	5039.150961000
17		1358	5039.164287000
6	1396		5039.184052000
6	0		5039.197715000
6	1396		5039.240903000
17		41	5039.243019000
17		1358	5039.260854000
6	1396		5039.297826000
17		1358	5039.332637000
17		41	5039.334982000
6	1396		5039.354651000
6	0		5039.381159000
17		1358	5039.403780000
6	1396		5039.411509000
17		41	5039.427682000
6	1396		5039.468433000
17		1358	5039.476730000
17		41	5039.519103000
6	1396		5039.525258000
17		1358	5039.548896000
6	0		5039.565414000
6	1396		5039.582147000
17		41	5039.611078000
17		1358	5039.620120000
6	1396		5039.638986000
17		41	5039.657255000
17		1358	5039.691956000
6	1396		5039.695866000
17		41	5039.703136000
6	0		5039.749261000
17		41	5039.749291000
6	1396		5039.752731000
17		1358	5039.764663000
6	1396		5039.809600000
17		1358	5039.836699000
6	0		5039.841262000
6	1396		5039.866474000
17		41	5039.887224000
17		1358	5039.908644000
6	1396		5039.923330000
17		41	5039.979465000
6	1396		5039.980203000
17		1358	5039.980609000
6	0		5040.024864000
6	1396		5040.037094000
17		1358	5040.052632000
17		41	5040.070851000
6	1125		5040.093999000
17		1358	5040.124770000
6	0		5040.163542000
17		1358	5040.196728000
17		41	5040.209002000
17		1358	5040.268871000
17		46	5040.301160000
17		33	5040.327592000
17		1358	5040.340468000
6	0		5040.347681000
17		41	5040.393138000
17		1358	5040.412342000
6	0		5040.439298000
17		1358	5040.484123000
17		41	5040.531265000
17		1358	5040.556923000
6	0		5040.577660000
17		41	5040.623621000
17		1358	5040.628769000
17		1358	5040.700275000
6	0		5040.715196000
17		41	5040.761449000
17		1358	5040.772880000
17		1358	5040.845218000
6	0		5040.853321000
17		41	5040.899271000
17		1358	5040.917335000
17		1358	5040.988944000
17		41	5040.991248000
6	0		5041.037398000
17		1358	5041.060916000
17		41	5041.083129000
17		1358	5041.132665000
17		1358	5041.205118000
6	0		5041.207129000
17		41	5041.269234000
17		1358	5041.276359000
17		41	5041.331393000
17		1358	5041.349583000
6	0		5041.392871000
17		1358	5041.421171000
17		41	5041.455649000
17		1358	5041.492621000
17		1358	5041.565723000
17		41	5041.578931000
17		1358	5041.637403000
6	0		5041.641195000
17		41	5041.764973000
17		1358	5041.766654000
6	0		5041.827140000
17		41	5041.889172000
17		1358	5041.890902000
17		41	5042.012997000
17		1358	5042.014718000
6	0		5042.075394000
17		41	5042.199511000
17		1358	5042.201350000
6	0		5042.261701000
6	0		5042.323586000
6	1396		5042.385538000
6	311		5042.385564000
17		41	5042.385571000
17		46	5042.385578000
6	0		5042.386163000
17		1358	5042.386603000
6	1396		5042.443867000
17		41	5042.447659000
17		1358	5042.459193000
6	1396		5042.472266000
17		41	5042.508996000
6	1396		5042.529095000
17		1358	5042.531080000
17		41	5042.571285000
6	1396		5042.585925000
17		1358	5042.604216000
17		41	5042.633348000
6	1396		5042.642819000
17		1358	5042.675851000
17		41	5042.695332000
6	1396		5042.699682000
17		1358	5042.747597000
6	1396		5042.756537000
17		41	5042.757079000
6	1396		5042.813410000
17		41	5042.819617000
17		1358	5042.820788000
6	1396		5042.870299000
17		41	5042.881550000
17		1358	5042.891536000
6	1396		5042.927173000
17		41	5042.943508000
17		1358	5042.963757000
6	1396		5042.984016000
17		41	5043.005418000
17		1358	5043.035459000
6	1396		5043.040904000
17		41	5043.067241000
6	1396		5043.097766000
17		1358	5043.108210000
17		41	5043.129261000
6	1396		5043.154629000
17		1358	5043.179688000
17		41	5043.191158000
6	1396		5043.211488000
17		1358	5043.237628000
17		41	5043.252875000
6	1396		5043.268356000
17		1358	5043.295926000
17		41	5043.315320000
6	1396		5043.325221000
17		1358	5043.351921000
17		41	5043.377170000
6	1396		5043.382101000
17		1358	5043.409966000
6	1396		5043.438968000
17		41	5043.439085000
17		1358	5043.468429000
6	1396		5043.496009000
17		41	5043.501067000
17		1358	5043.525545000
6	1396		5043.552704000
17		41	5043.565470000
17		1358	5043.583279000
6	1396		5043.609564000
17		46	5043.625137000
17		1358	5043.640773000
6	1396		5043.666465000
17		41	5043.687719000
6	0		5043.687965000
17		1358	5043.697944000
6	1396		5043.723297000
17		41	5043.749594000
17		1358	5043.756480000
6	1396		5043.780176000
17		41	5043.811472000
6	1396		5043.837057000
17		1358	5043.851632000
17		41	5043.873495000
6	1396		5043.893915000
17		1358	5043.948161000
6	1396		5043.950751000
17		41	5043.996979000
6	1396		5044.007650000
17		1358	5044.044428000
6	0		5044.059248000
6	1396		5044.064508000
6	1396		5044.121378000
17		1358	5044.139933000
6	1396		5044.178251000
17		41	5044.182942000
6	1396		5044.223750000
17		1358	5044.236081000
6	0		5044.245623000
6	1396		5044.269217000
17		41	5044.307209000
6	1396		5044.314728000
17		1358	5044.331810000
6	1396		5044.360230000
6	1396		5044.405717000
17		1358	5044.427557000
17		41	5044.430826000
6	1396		5044.451215000
6	0		5044.492976000
6	1396		5044.496711000
17		1358	5044.523985000
6	1396		5044.542211000
17		41	5044.555219000
6	1396		5044.587693000
17		1358	5044.596541000
6	1396		5044.633210000
17		1358	5044.668360000
6	1396		5044.678694000
6	0		5044.679667000
17		41	5044.679689000
6	1396		5044.724185000
17		1358	5044.740557000
6	1396		5044.769677000
17		41	5044.802957000
17		1358	5044.812118000
6	1396		5044.815163000
6	1396		5044.860737000
6	0		5044.865097000
17		1358	5044.884235000
6	1095		5044.906154000
17		41	5044.927697000
17		1358	5044.956179000
17		41	5045.051304000
17		1358	5045.052418000
6	0		5045.113714000
17		41	5045.236997000
17		1358	5045.238646000
6	0		5045.299148000
17		41	5045.361657000
17		1358	5045.363313000
17		41	5045.485367000
17		1358	5045.486698000
6	0		5045.547236000
17		41	5045.609745000
17		1358	5045.611432000
17		41	5045.671379000
17		1358	5045.684064000
6	0		5045.732900000
17		41	5045.795518000
17		41	5045.795540000
17		1358	5045.796710000
6	1396		5045.857678000
6	423		5045.857708000
6	0		5045.858256000
6	1396		5045.859245000
17		41	5045.919492000
17		1358	5045.921230000
6	1396		5045.938243000
6	0		5045.981804000
6	1396		5046.018220000
17		41	5046.043086000
6	1396		5046.098202000
17		41	5046.167671000
6	1396		5046.178057000
6	0		5046.228857000
6	1396		5046.257991000
17		41	5046.291065000
6	1396		5046.338010000
6	0		5046.353293000
17		41	5046.415445000
6	1396		5046.417868000
6	0		5046.477579000
6	1396		5046.497891000
17		41	5046.538826000
6	1396		5046.577760000
6	1396		5046.657704000
6	0		5046.663177000
17		41	5046.725709000
6	1396		5046.737651000
17		41	5046.786913000
6	1396		5046.817583000
6	0		5046.849113000
6	1396		5046.897592000
17		41	5046.972821000
6	1396		5046.977460000
6	0		5047.035252000
6	1396		5047.057418000
6	1396		5047.137345000
17		41	5047.158813000
6	0		5047.221820000
17		41	5047.345056000
6	0		5047.407278000
17		41	5047.531148000
6	0		5047.593930000
17		41	5047.716944000
6	0		5047.779120000
6	0		5047.903079000
17		41	5047.903109000
17		41	5048.027226000
6	0		5048.088848000
6	1396		5048.139970000
17		41	5048.151512000
6	0		5048.275530000
17		41	5048.337277000
17		41	5048.460920000
6	0		5048.523077000
17		41	5048.585586000
17		37	5048.587325000
17		41	5048.647031000
6	0		5048.709602000
17		41	5048.771504000
17		41	5048.833565000
17		41	5048.894953000
17		41	5048.957106000
17		1358	5048.959061000
17		41	5049.019110000
17		1358	5049.032004000
17		41	5049.081516000
17		1358	5049.104831000
17		41	5049.143121000
17		1358	5049.177993000
6	0		5049.205259000
6	1396		5049.205886000
17		41	5049.267024000
17		1358	5049.268379000
6	0		5049.329255000
6	1396		5049.329825000
6	1396		5049.369802000
6	0		5049.391053000
6	1396		5049.449731000
6	0		5049.453060000
6	0		5049.515223000
6	1396		5049.529743000
6	0		5049.577023000
6	1396		5049.609660000
6	0		5049.638946000
6	1396		5049.689565000
6	0		5049.700859000
6	0		5049.763055000
6	1396		5049.769651000
6	0		5049.825090000
6	1396		5049.849504000
6	0		5049.887280000
6	0		5049.887320000
6	1396		5049.929469000
6	0		5049.949320000
6	1396		5050.009328000
6	0		5050.010851000
6	0		5050.073709000
6	1396		5050.089258000
6	0		5050.134872000
6	1396		5050.169193000
6	0		5050.197319000
6	1396		5050.249246000
17		41	5050.321373000
6	0		5050.321411000
17		1358	5050.323913000
6	1396		5050.329139000
17		41	5050.383352000
17		1358	5050.397211000
6	1396		5050.409066000
17		41	5050.445846000
17		1358	5050.468549000
6	1396		5050.488973000
17		41	5050.507267000
17		1358	5050.540021000
6	1396		5050.568910000
17		1358	5050.613667000
17		41	5050.631049000
6	1396		5050.648891000
17		1358	5050.685121000
6	0		5050.693200000
6	1396		5050.728858000
17		1358	5050.756320000
6	1396		5050.808724000
6	0		5050.817093000
6	0		5050.817119000
6	0		5050.825559000
17		1358	5050.829068000
6	1396		5050.879316000
6	423		5050.879345000
6	0		5050.879951000
6	1396		5050.880607000
6	1396		5050.888654000
17		1358	5050.901037000
6	1396		5050.937520000
6	0		5050.941580000
6	1067		5050.969368000
17		1358	5050.972886000
6	1396		5050.995160000
17		1358	5051.044868000
6	1396		5051.052806000
6	0		5051.065649000
6	1396		5051.110453000
17		1358	5051.117559000
6	1396		5051.168091000
17		1358	5051.188794000
6	0		5051.188983000
6	1396		5051.225737000
6	1396		5051.251102000
17		1358	5051.260607000
6	0		5051.264598000
6	1396		5051.283364000
6	437		5051.313272000
6	0		5051.313306000
6	0		5051.321531000
6	1396		5051.322408000
17		1358	5051.332299000
6	1396		5051.341039000
6	1396		5051.354882000
6	1396		5051.388281000
6	1396		5051.398665000
17		1358	5051.405611000
6	1042		5051.421574000
17		41	5051.437259000
6	0		5051.437288000
6	1396		5051.456350000
17		1358	5051.477457000
6	1396		5051.513958000
17		1358	5051.534703000
17		41	5051.561152000
6	1396		5051.571589000
17		1358	5051.593345000
6	0		5051.623341000
6	1396		5051.629236000
17		1358	5051.650125000
17		41	5051.685755000
6	1396		5051.686866000
17		1358	5051.707684000
6	1396		5051.744531000
17		1358	5051.765630000
6	1396		5051.802159000
17		41	5051.809556000
17		1358	5051.823242000
6	1396		5051.859842000
6	0		5051.871721000
17		1358	5051.880421000
6	1396		5051.917439000
17		41	5051.933463000
17		1358	5051.938191000
6	1396		5051.975102000
17		1358	5051.995468000
6	1396		5052.032763000
17		1358	5052.053220000
17		46	5052.057234000
17		33	5052.083519000
6	1396		5052.090386000
17		1358	5052.111487000
6	0		5052.119664000
6	1396		5052.148072000
17		1358	5052.168896000
17		41	5052.181087000
6	1396		5052.205669000
17		1358	5052.226153000
6	1396		5052.263311000
17		1358	5052.283495000
17		41	5052.305274000
6	1396		5052.320981000
17		1358	5052.341216000
6	1396		5052.378608000
17		1358	5052.399026000
6	0		5052.429404000
17		41	5052.429432000
6	1396		5052.436270000
17		1358	5052.456341000
6	0		5052.491602000
6	1396		5052.493943000
17		1358	5052.514625000
6	1396		5052.551522000
6	0		5052.552809000
17		1358	5052.571573000
6	1250		5052.609158000
17		41	5052.615582000
17		1358	5052.629045000
17		1358	5052.724958000
17		41	5052.739174000
6	0		5052.801431000
17		1358	5052.821457000
17		1358	5052.917554000
17		41	5052.925024000
6	0		5052.987241000
17		1358	5053.012834000
17		41	5053.048877000
17		1358	5053.109378000
17		41	5053.173005000
17		1358	5053.205430000
6	0		5053.235198000
6	0		5053.296922000
17		1358	5053.302554000
17		41	5053.358856000
17		1358	5053.398774000
6	0		5053.421072000
6	0		5053.483216000
17		1358	5053.493737000
6	0		5053.545518000
17		1358	5053.590318000
17		41	5053.606934000
6	0		5053.669762000
17		1358	5053.686149000
17		1358	5053.781798000
17		41	5053.793186000
6	0		5053.855357000
17		1358	5053.878170000
17		41	5053.917108000
17		1358	5053.951592000
17		1358	5054.026299000
17		41	5054.041855000
17		1358	5054.099940000
6	0		5054.103041000
17		41	5054.165018000
17		1358	5054.174568000
17		41	5054.226988000
17		1358	5054.248840000
6	0		5054.289160000
17		1358	5054.322479000
6	1396		5054.350984000
6	0		5054.356302000
17		1358	5054.397239000
6	311		5054.413167000
17		41	5054.413201000
6	0		5054.413732000
6	1396		5054.414562000
17		1358	5054.471489000
17		41	5054.475430000
6	1396		5054.494463000
6	0		5054.536919000
17		1358	5054.545345000
6	1396		5054.575172000
17		41	5054.599490000
17		1358	5054.619746000
6	1396		5054.655879000
17		1358	5054.693580000
17		41	5054.722952000
6	1396		5054.736548000
17		1358	5054.767949000
6	0		5054.785589000
6	574		5054.785618000
6	39		5054.785623000
6	0		5054.787510000
6	0		5054.787537000
6	39		5054.787542000
6	69		5054.791751000
6	70		5054.799689000
6	1396		5054.817269000
17		1358	5054.842045000
17		46	5054.847059000
17		33	5054.874040000
6	1396		5054.897985000
17		1358	5054.915438000
17		41	5054.971102000
6	1396		5054.978664000
17		1358	5054.989999000
6	0		5055.032873000
6	1396		5055.059377000
17		41	5055.095012000
17		1358	5055.096782000
6	1396		5055.140081000
17		41	5055.219369000
6	1396		5055.220757000
17		1358	5055.221083000
6	0		5055.281319000
17		41	5055.281354000
17		1358	5055.295996000
6	1396		5055.301475000
6	1396		5055.382193000
17		41	5055.405469000
17		1358	5055.407154000
6	1396		5055.462886000
6	0		5055.467606000
17		41	5055.528950000
17		1358	5055.530761000
6	1396		5055.543593000
6	1396		5055.624300000
17		41	5055.653621000
17		1358	5055.654272000
6	1396		5055.705012000
6	0		5055.715874000
17		41	5055.777351000
17		1358	5055.778656000
6	1396		5055.785688000
6	1396		5055.866394000
17		41	5055.901687000
17		1358	5055.903426000
6	1396		5055.947109000
6	0		5055.962839000
17		41	5056.025172000
17		1358	5056.027090000
6	1396		5056.027794000
6	1396		5056.108532000
17		41	5056.148872000
17		1358	5056.150937000
6	1396		5056.189283000
17		41	5056.211159000
17		1358	5056.225912000
6	1396		5056.269903000
6	0		5056.273688000
17		41	5056.273715000
17		1358	5056.301001000
17		41	5056.335100000
6	1396		5056.350611000
17		1358	5056.374394000
17		41	5056.397107000
6	1396		5056.431431000
17		1358	5056.448795000
17		41	5056.459722000
6	1396		5056.512015000
17		41	5056.520883000
17		1358	5056.522056000
17		41	5056.583158000
6	1396		5056.592792000
17		1358	5056.597453000
17		41	5056.645006000
17		1358	5056.670599000
6	1396		5056.673423000
17		46	5056.706884000
17		33	5056.732990000
17		1358	5056.744943000
6	1396		5056.754127000
17		41	5056.769710000
17		1358	5056.818834000
17		41	5056.831420000
17		41	5056.893082000
17		1358	5056.893977000
17		41	5056.955456000
17		1358	5056.968612000
17		41	5057.017124000
17		1358	5057.042208000
17		41	5057.079757000
17		1358	5057.115856000
17		41	5057.141209000
17		1358	5057.189473000
17		41	5057.203473000
17		1358	5057.264109000
17		41	5057.265680000
17		1358	5057.338307000
17		41	5057.389175000
17		1358	5057.412773000
6	0		5057.451727000
6	1396		5057.452314000
17		1358	5057.486545000
6	1396		5057.492709000
17		41	5057.513743000
17		1358	5057.561279000
17		1358	5057.634809000
17		41	5057.637187000
6	0		5057.699485000
6	1396		5057.700119000
17		1358	5057.708767000
6	1396		5057.740483000
17		41	5057.761133000
17		1358	5057.783241000
17		41	5057.823545000
17		1358	5057.857022000
6	0		5057.884851000
6	39		5057.884879000
6	0		5057.891716000
17		1358	5057.931438000
6	0		5057.947582000
6	1396		5057.948220000
6	1396		5057.988533000
17		1358	5058.005733000
17		41	5058.009618000
17		1358	5058.079572000
17		41	5058.133059000
17		1358	5058.154232000
6	0		5058.195059000
17		41	5058.195095000
6	1396		5058.195639000
17		1358	5058.228777000
6	1396		5058.235986000
17		41	5058.319098000
17		1358	5058.320837000
6	0		5058.380846000
6	1396		5058.381446000
6	1396		5058.421798000
17		41	5058.504875000
17		1358	5058.506577000
17		46	5058.567284000
6	0		5058.567312000
6	1396		5058.567881000
17		1358	5058.581031000
6	0		5058.690847000
6	1396		5058.691498000
6	1396		5058.731854000
17		41	5058.753241000
17		1358	5058.755028000
17		41	5058.877078000
17		1358	5058.878750000
6	0		5058.939621000
6	1396		5058.940197000
6	1396		5058.980567000
17		41	5059.063118000
17		1358	5059.065643000
6	0		5059.125283000
6	1396		5059.125849000
6	1396		5059.166199000
17		41	5059.187549000
17		1358	5059.189033000
6	0		5059.249708000
6	1095		5059.250282000
17		41	5059.311182000
17		1358	5059.312739000
17		41	5059.435224000
17		1358	5059.436782000
6	0		5059.497358000
17		41	5059.621004000
17		1358	5059.622561000
6	0		5059.683495000
17		41	5059.745615000
17		1358	5059.747710000
17		41	5059.869213000
17		1358	5059.869954000
6	0		5059.931458000
17		41	5059.993392000
17		1358	5059.994938000
17		41	5060.116900000
17		1358	5060.118337000
6	0		5060.179596000
17		41	5060.241352000
17		1358	5060.243036000
17		41	5060.303436000
17		1358	5060.317756000
17		41	5060.365122000
17		1358	5060.391986000
6	0		5060.427317000
17		41	5060.489084000
17		1358	5060.490617000
6	1396		5060.551483000
6	0		5060.556703000
6	423		5060.613652000
17		41	5060.613681000
6	0		5060.614229000
17		1358	5060.615187000
6	1396		5060.615470000
6	1396		5060.671907000
17		41	5060.675705000
17		1358	5060.690725000
6	1396		5060.729572000
17		41	5060.736933000
17		1358	5060.765864000
6	1396		5060.787149000
6	0		5060.799688000
17		41	5060.799725000
17		1358	5060.825658000
6	1396		5060.844838000
17		46	5060.861412000
17		1358	5060.885955000
6	1396		5060.902456000
17		41	5060.922872000
17		1358	5060.946053000
6	1396		5060.960127000
17		41	5060.985427000
17		1358	5061.006184000
6	1396		5061.017738000
17		41	5061.047274000
17		1358	5061.066745000
6	1396		5061.075387000
17		41	5061.109936000
17		1358	5061.126636000
6	1396		5061.133142000
17		41	5061.171487000
17		1358	5061.186453000
6	1396		5061.190664000
6	0		5061.233636000
6	1396		5061.248324000
17		41	5061.295631000
17		1358	5061.298001000
6	1396		5061.305951000
17		41	5061.357541000
17		1358	5061.359258000
6	1396		5061.363592000
6	1396		5061.421234000
6	1396		5061.478904000
17		41	5061.480843000
6	1396		5061.536528000
6	0		5061.543733000
6	1396		5061.594216000
17		41	5061.605618000
6	1396		5061.651883000
17		41	5061.667536000
6	1396		5061.709478000
17		41	5061.729345000
6	1396		5061.767098000
6	1396		5061.824821000
6	0		5061.853565000
6	1396		5061.882447000
17		41	5061.914886000
6	1396		5061.940042000
17		41	5061.976840000
6	1396		5061.997684000
17		41	5062.039401000
6	1396		5062.055329000
17		41	5062.101707000
6	1396		5062.112966000
6	0		5062.162879000
6	1396		5062.170618000
17		41	5062.225501000
6	1396		5062.228251000
6	1396		5062.285965000
6	1396		5062.343533000
6	0		5062.349468000
6	1396		5062.401187000
17		41	5062.411605000
6	1396		5062.458830000
6	1396		5062.516463000
17		41	5062.534997000
6	1396		5062.574174000
6	0		5062.596922000
6	1396		5062.631758000
6	1396		5062.689425000
17		41	5062.721088000
6	1396		5062.747036000
17		46	5062.783453000
6	0		5062.783486000
6	1396		5062.804678000
17		33	5062.810702000
6	1396		5062.862324000
6	0		5062.907253000
6	1396		5062.919977000
17		41	5062.969563000
6	1396		5062.977602000
6	1396		5063.035246000
6	1396		5063.092969000
6	0		5063.093237000
17		41	5063.093275000
6	1396		5063.150530000
6	0		5063.155444000
6	1396		5063.208208000
17		41	5063.217707000
6	1396		5063.265847000
17		41	5063.279147000
6	1396		5063.323471000
17		41	5063.341742000
6	1396		5063.381114000
17		41	5063.403323000
6	1396		5063.438766000
17		41	5063.465007000
6	1396		5063.496485000
17		41	5063.526837000
6	1396		5063.554079000
17		41	5063.589430000
6	1396		5063.611670000
6	423		5063.650980000
17		41	5063.651010000
6	1396		5063.669312000
17		41	5063.713586000
6	1396		5063.726971000
17		41	5063.775241000
6	1384		5063.784610000
6	0		5063.784656000
17		41	5063.836891000
6	0		5063.899043000
6	12		5063.899597000
6	1396		5063.899900000
6	0		5063.961218000
6	1396		5063.976849000
17		41	5064.023047000
6	1396		5064.034429000
6	0		5064.085214000
6	1396		5064.092072000
17		41	5064.147316000
6	1396		5064.149712000
6	0		5064.209578000
6	1396		5064.210136000
6	1396		5064.265012000
17		41	5064.270815000
6	0		5064.333422000
6	1396		5064.333988000
6	1396		5064.380293000
17		41	5064.395291000
6	0		5064.457654000
6	1396		5064.458215000
6	1396		5064.495664000
17		41	5064.518982000
6	0		5064.581154000
6	1396		5064.581733000
6	1396		5064.610867000
17		41	5064.643033000
6	0		5064.705302000
6	1396		5064.705902000
6	1396		5064.734704000
6	0		5064.767184000
17		46	5064.767227000
17		1358	5064.768432000
6	1396		5064.792359000
6	631		5064.829658000
17		41	5064.829689000
6	0		5064.831046000
6	69		5064.833949000
6	31		5064.839265000
6	39		5064.842836000
17		1358	5064.843792000
6	1396		5064.849978000
6	0		5064.890854000
6	1396		5064.907653000
17		41	5064.952940000
17		1358	5064.954710000
6	1396		5064.965356000
6	0		5065.015135000
6	1396		5065.022943000
6	0		5065.077783000
6	1396		5065.080568000
6	1396		5065.138218000
17		41	5065.139482000
17		1358	5065.141159000
6	1396		5065.195861000
6	0		5065.201631000
6	1396		5065.253510000
17		41	5065.262888000
17		1358	5065.264575000
6	1396		5065.311153000
6	0		5065.325116000
6	1396		5065.368807000
6	0		5065.387205000
6	1396		5065.426444000
6	0		5065.449398000
6	1396		5065.484089000
6	0		5065.511258000
6	1396		5065.541727000
6	1396		5065.599368000
6	0		5065.635249000
6	1396		5065.657064000
6	1396		5065.714641000
6	0		5065.759569000
6	1396		5065.772283000
6	1396		5065.829949000
6	0		5065.882841000
6	1396		5065.887620000
6	1396		5065.945209000
6	765		5066.002886000
6	0		5066.007262000
6	0		5066.131467000
6	0		5066.193622000
6	0		5066.317075000
6	0		5066.441325000
6	0		5066.565571000
6	0		5066.689111000
6	0		5066.813409000
6	0		5066.937664000
6	0		5067.060998000
6	0		5067.185308000
6	0		5067.309898000
6	0		5067.432913000
6	0		5067.557331000
6	0		5067.681535000
6	0		5067.804959000
6	0		5067.867207000
6	0		5067.991505000
6	0		5068.114977000
6	0		5068.239049000
6	0		5068.363327000
6	0		5068.487689000
6	0		5068.610868000
6	0		5068.735298000
17		41	5068.796855000
17		1358	5068.798935000
6	0		5068.859651000
6	39		5068.859675000
6	0		5068.866749000
17		1358	5068.874739000
17		41	5068.921095000
17		1358	5068.947925000
6	0		5068.983260000
17		1358	5069.022464000
6	1396		5069.045034000
6	0		5069.050349000
17		1358	5069.095755000
6	311		5069.107061000
17		41	5069.107088000
6	0		5069.107636000
6	1396		5069.108625000
6	0		5069.169207000
17		1358	5069.170653000
6	1396		5069.188354000
17		1358	5069.245000000
6	1396		5069.269039000
6	0		5069.292820000
17		1358	5069.318371000
6	1396		5069.349749000
17		1358	5069.393039000
17		41	5069.417411000
6	1396		5069.430467000
17		1358	5069.466619000
6	0		5069.479570000
6	1396		5069.511156000
17		1358	5069.541552000
6	1396		5069.591831000
17		41	5069.603209000
6	0		5069.603244000
17		1358	5069.614763000
6	1396		5069.672603000
17		1358	5069.689428000
6	0		5069.727308000
6	1396		5069.753259000
17		1358	5069.762984000
6	1396		5069.833971000
17		1358	5069.837905000
6	0		5069.851758000
17		1358	5069.912379000
6	1396		5069.914643000
6	0		5069.974892000
17		1358	5069.986591000
6	1396		5069.995356000
17		1358	5070.060525000
6	1396		5070.076064000
6	0		5070.098799000
17		1358	5070.133948000
6	1396		5070.156830000
17		1358	5070.209412000
6	0		5070.223303000
6	1396		5070.237463000
17		1358	5070.282203000
6	127		5070.284842000
6	697		5070.284869000
6	0		5070.286530000
6	0		5070.286551000
6	68		5070.293497000
6	93		5070.297448000
6	39		5070.308087000
6	1396		5070.318157000
6	0		5070.347671000
17		1358	5070.356735000
6	1396		5070.398881000
17		41	5070.409442000
17		1358	5070.430445000
17		41	5070.471022000
6	1396		5070.479586000
17		1358	5070.505646000
17		41	5070.533453000
6	1396		5070.560279000
17		1358	5070.579052000
17		41	5070.594820000
6	1396		5070.640991000
17		1358	5070.653247000
6	0		5070.657407000
17		41	5070.719175000
6	1396		5070.721684000
17		1358	5070.728687000
6	0		5070.780900000
6	697		5070.780927000
6	67		5070.784671000
6	31		5070.788498000
17		1358	5070.801697000
6	1396		5070.802379000
17		41	5070.843588000
17		1358	5070.876662000
6	1396		5070.883095000
6	0		5070.905749000
17		1358	5070.949655000
6	1396		5070.963806000
17		41	5070.967136000
17		1358	5071.024621000
6	0		5071.029304000
6	1396		5071.044505000
17		41	5071.091727000
17		1358	5071.097830000
6	1396		5071.125201000
6	0		5071.152954000
17		1358	5071.172924000
6	1396		5071.205901000
17		41	5071.215093000
17		1358	5071.246565000
6	0		5071.277326000
6	1396		5071.286619000
17		1358	5071.320881000
17		41	5071.339211000
6	1396		5071.367335000
17		1358	5071.395855000
6	0		5071.401399000
6	1396		5071.448011000
17		46	5071.462941000
17		1358	5071.468899000
6	0		5071.525439000
6	1396		5071.528720000
17		1358	5071.543910000
17		41	5071.586976000
6	1396		5071.609422000
17		1358	5071.617602000
6	0		5071.648893000
17		41	5071.648919000
6	1396		5071.690148000
17		1358	5071.691516000
6	0		5071.711065000
17		1358	5071.765829000
6	1396		5071.770824000
17		41	5071.773443000
17		41	5071.834833000
17		1358	5071.840391000
6	1396		5071.851521000
6	0		5071.897392000
17		1358	5071.913938000
6	1396		5071.932258000
17		41	5071.959583000
17		1358	5071.987846000
6	1396		5072.013014000
6	0		5072.021733000
17		1358	5072.063385000
17		41	5072.083054000
6	1396		5072.093637000
17		1358	5072.136890000
6	0		5072.145162000
6	1396		5072.174339000
17		41	5072.206864000
17		1358	5072.210886000
6	1396		5072.255036000
6	0		5072.269773000
17		1358	5072.284320000
17		41	5072.331064000
6	1396		5072.335825000
17		1358	5072.359385000
6	0		5072.392883000
6	1396		5072.416435000
17		1358	5072.432526000
6	0		5072.455207000
6	39		5072.455238000
17		41	5072.455252000
6	0		5072.461870000
6	1396		5072.497157000
17		1358	5072.507858000
6	0		5072.516871000
6	1396		5072.577866000
17		41	5072.578815000
17		1358	5072.580461000
6	0		5072.641295000
17		1358	5072.655869000
6	1396		5072.658549000
17		41	5072.703396000
17		1358	5072.729849000
6	1396		5072.739272000
17		1358	5072.812245000
6	1396		5072.820024000
6	0		5072.827344000
17		41	5072.827369000
17		1358	5072.895029000
6	1396		5072.900652000
17		41	5072.951045000
17		1358	5072.978241000
6	1396		5072.981362000
6	0		5073.013236000
17		41	5073.013277000
17		1358	5073.060029000
6	1396		5073.062076000
6	0		5073.137073000
17		41	5073.137117000
6	1396		5073.142778000
17		1358	5073.143467000
17		41	5073.199303000
6	0		5073.199340000
6	1396		5073.223485000
17		1358	5073.225856000
6	1396		5073.304184000
17		1358	5073.308016000
17		41	5073.322986000
6	1396		5073.384893000
6	0		5073.385502000
17		1358	5073.390555000
17		41	5073.446929000
6	1396		5073.465587000
17		1358	5073.474092000
6	1396		5073.546379000
17		1358	5073.556367000
17		41	5073.571131000
6	1396		5073.627026000
6	0		5073.633151000
17		1358	5073.638965000
17		46	5073.695412000
6	1396		5073.707697000
17		33	5073.722072000
17		1358	5073.722115000
6	1396		5073.788422000
17		1358	5073.804013000
17		41	5073.819244000
6	1396		5073.869163000
6	0		5073.881491000
17		1358	5073.886564000
17		41	5073.943300000
6	1396		5073.949824000
17		1358	5073.970134000
6	1396		5074.030523000
17		1358	5074.052399000
17		41	5074.067102000
6	1396		5074.111223000
6	0		5074.129437000
17		41	5074.129468000
17		1358	5074.134864000
6	1396		5074.175777000
17		1358	5074.217409000
6	1396		5074.240321000
17		41	5074.252808000
17		1358	5074.300483000
6	1396		5074.304947000
6	0		5074.315753000
6	1396		5074.369459000
17		41	5074.376938000
17		1358	5074.382630000
6	1396		5074.434026000
17		1358	5074.465743000
6	1396		5074.498602000
17		41	5074.500933000
17		1358	5074.548727000
6	1396		5074.563135000
6	0		5074.563264000
17		41	5074.625874000
6	1396		5074.627680000
17		1358	5074.630947000
17		41	5074.687312000
6	1396		5074.692367000
17		1358	5074.713718000
6	1396		5074.756820000
17		1358	5074.796222000
17		41	5074.810854000
6	609		5074.810888000
6	0		5074.812614000
6	69		5074.815466000
6	31		5074.820393000
6	1396		5074.821370000
6	39		5074.823950000
6	0		5074.873639000
17		1358	5074.878685000
6	1396		5074.885932000
17		41	5074.935367000
6	1396		5074.950554000
17		1358	5074.961119000
6	1396		5075.015068000
17		1358	5075.044063000
17		41	5075.059243000
6	0		5075.121400000
17		41	5075.121427000
6	1396		5075.121977000
17		1358	5075.127484000
6	1396		5075.154322000
17		1358	5075.193865000
17		41	5075.245273000
17		1358	5075.258842000
6	0		5075.307482000
6	1396		5075.308070000
17		1358	5075.324712000
6	1396		5075.340343000
17		41	5075.368936000
17		1358	5075.391795000
17		1358	5075.457445000
17		41	5075.492880000
17		1358	5075.523964000
6	0		5075.554897000
17		1358	5075.590319000
17		41	5075.617024000
17		1358	5075.655920000
17		1358	5075.721651000
17		41	5075.740915000
17		1358	5075.788119000
6	0		5075.803112000
17		41	5075.865102000
17		1358	5075.866232000
17		46	5075.989213000
17		1358	5075.990577000
17		41	5076.051376000
17		1358	5076.057255000
6	0		5076.113701000
17		41	5076.113726000
17		1358	5076.124527000
17		41	5076.237014000
17		1358	5076.239036000
6	0		5076.299172000
17		41	5076.360948000
17		1358	5076.362560000
17		41	5076.484968000
17		1358	5076.486438000
6	0		5076.547171000
17		41	5076.609669000
17		1358	5076.611402000
6	0		5076.733780000
17		41	5076.795584000
17		1358	5076.796574000
17		41	5076.919022000
17		1358	5076.920567000
6	0		5076.981234000
17		41	5077.043596000
17		1358	5077.044640000
6	0		5077.167748000
17		41	5077.167775000
17		1358	5077.169306000
17		41	5077.228835000
17		1358	5077.280452000
17		41	5077.352923000
17		1358	5077.391277000
6	0		5077.415135000
17		41	5077.477525000
17		1358	5077.501940000
17		41	5077.601025000
17		1358	5077.613052000
6	0		5077.663622000
17		41	5077.725115000
17		1358	5077.726648000
17		41	5077.849200000
17		1358	5077.850912000
6	0		5077.911429000
17		41	5077.972959000
17		1358	5077.974708000
17		41	5078.096809000
17		1358	5078.097523000
6	0		5078.159034000
17		41	5078.159070000
17		1358	5078.208726000
17		46	5078.283157000
17		33	5078.309340000
17		1358	5078.319937000
6	0		5078.345413000
17		41	5078.407139000
17		1358	5078.430597000
6	0		5078.531094000
17		41	5078.593135000
17		1358	5078.595018000
17		41	5078.717012000
17		1358	5078.718795000
6	0		5078.779594000
17		41	5078.840908000
17		1358	5078.842667000
6	0		5078.965098000
17		41	5079.027904000
17		1358	5079.028691000
17		41	5079.150841000
17		1358	5079.152633000
6	0		5079.213118000
6	1396		5079.213681000
6	1396		5079.254030000
6	0		5079.275072000
17		41	5079.275108000
17		1358	5079.276786000
6	39		5079.337559000
6	0		5079.344746000
17		41	5079.398973000
17		1358	5079.401193000
6	0		5079.461281000
6	1396		5079.461843000
6	1396		5079.502237000
17		41	5079.523461000
17		1358	5079.525290000
6	0		5079.585782000
6	1396		5079.586362000
17		41	5079.647351000
17		1358	5079.648861000
6	1396		5079.663595000
17		41	5079.771018000
17		1358	5079.772742000
6	0		5079.833176000
6	1396		5079.833745000
6	1396		5079.874138000
17		41	5079.895808000
17		1358	5079.897790000
17		41	5079.957222000
17		1358	5079.981284000
17		41	5080.081336000
17		1358	5080.083614000
6	0		5080.143757000
6	1396		5080.144434000
6	1396		5080.184698000
17		41	5080.205645000
17		1358	5080.207816000
17		41	5080.266940000
17		1358	5080.290634000
17		41	5080.328806000
17		1358	5080.373594000
17		41	5080.390822000
17		41	5080.453594000
17		1358	5080.456875000
17		46	5080.515216000
17		1358	5080.540691000
17		41	5080.576981000
17		1358	5080.623419000
17		41	5080.639723000
17		41	5080.701503000
17		41	5080.763557000
17		41	5080.825751000
17		41	5080.886936000
17		41	5080.949099000
17		41	5081.011111000
17		41	5081.073338000
17		41	5081.135514000
17		41	5081.197589000
17		41	5081.258831000
17		41	5081.320929000
17		41	5081.383159000
17		41	5081.445351000
17		41	5081.507410000
17		41	5081.569523000
17		41	5081.631751000
17		41	5081.693028000
17		46	5081.755166000
17		33	5081.781954000
17		41	5081.817083000
17		41	5081.879038000
17		41	5081.941111000
17		41	5082.003219000
17		41	5082.065367000
17		41	5082.127529000
6	0		5082.251031000
6	1396		5082.251616000
6	1396		5082.292011000
17		41	5082.312843000
6	1396		5082.372646000
17		41	5082.375175000
6	1396		5082.453357000
6	0		5082.499211000
6	1396		5082.534065000
17		41	5082.561382000
6	1396		5082.614765000
17		41	5082.684814000
6	1396		5082.695470000
6	0		5082.747325000
6	1396		5082.776167000
17		41	5082.809524000
6	1396		5082.856946000
6	0		5082.871669000
17		41	5082.933233000
6	1396		5082.937571000
17		41	5082.995045000
6	1396		5083.018287000
17		41	5083.056990000
6	1396		5083.098985000
6	1396		5083.179690000
6	0		5083.181341000
17		41	5083.243607000
6	1396		5083.260422000
17		41	5083.304841000
17		1358	5083.306536000
6	1396		5083.341183000
17		41	5083.367312000
17		1358	5083.369031000
6	1396		5083.421800000
17		41	5083.429374000
17		1358	5083.452662000
17		41	5083.490924000
6	1396		5083.502503000
17		1358	5083.536587000
17		46	5083.553019000
17		33	5083.579188000
6	1396		5083.583187000
17		1358	5083.620541000
6	1396		5083.663907000
6	0		5083.677626000
17		1358	5083.704279000
6	1396		5083.744613000
17		1358	5083.786817000
6	0		5083.801194000
6	1396		5083.825323000
6	0		5083.863387000
17		1358	5083.869217000
6	1396		5083.906024000
17		1358	5083.951880000
6	1396		5083.986711000
6	0		5083.987578000
17		1358	5084.034615000
6	709		5084.067411000
6	0		5084.111188000
17		1358	5084.116878000
17		1358	5084.199935000
6	0		5084.235121000
17		1358	5084.282881000
6	1396		5084.297298000
6	424		5084.297319000
6	0		5084.298231000
6	1396		5084.298724000
6	0		5084.359442000
6	1396		5084.361337000
17		1358	5084.365665000
17		41	5084.421614000
6	1396		5084.424823000
17		1358	5084.448083000
6	1396		5084.488315000
17		1358	5084.530937000
17		41	5084.545175000
6	1396		5084.551775000
6	0		5084.607353000
17		1358	5084.613035000
6	1396		5084.615249000
17		41	5084.668811000
6	1396		5084.678726000
17		1358	5084.696094000
6	1396		5084.742203000
17		1358	5084.779007000
17		41	5084.793197000
6	630		5084.793235000
6	0		5084.794836000
6	69		5084.797384000
6	31		5084.802812000
6	1396		5084.805651000
6	39		5084.806388000
6	0		5084.855548000
17		1358	5084.861597000
6	1396		5084.869140000
17		41	5084.917477000
6	1396		5084.932626000
17		1358	5084.943676000
6	1396		5084.996083000
17		1358	5085.027075000
17		41	5085.041390000
6	1396		5085.059555000
6	0		5085.103309000
17		41	5085.103340000
17		1358	5085.109404000
6	1396		5085.123018000
6	1396		5085.186501000
17		1358	5085.192404000
17		41	5085.227057000
6	1396		5085.249961000
17		1358	5085.274786000
6	0		5085.288828000
6	1396		5085.313490000
17		41	5085.351667000
17		1358	5085.357700000
6	1396		5085.376904000
17		1358	5085.439702000
6	1396		5085.440364000
17		41	5085.474865000
6	1396		5085.503842000
17		1358	5085.522635000
6	0		5085.537306000
6	1396		5085.567325000
17		41	5085.599887000
17		1358	5085.606011000
6	1396		5085.630818000
17		41	5085.661214000
17		1358	5085.687849000
6	1396		5085.694265000
6	0		5085.723414000
6	1396		5085.757738000
17		1358	5085.770417000
6	0		5085.785925000
6	1396		5085.821213000
17		41	5085.847489000
17		1358	5085.853476000
6	1396		5085.884697000
6	0		5085.909648000
6	1396		5085.935463000
17		1358	5085.935511000
17		41	5085.970792000
6	1396		5085.986241000
17		1358	5086.018727000
6	0		5086.032871000
6	1396		5086.037015000
6	1396		5086.087857000
17		41	5086.095162000
17		1358	5086.101323000
6	1396		5086.138590000
6	0		5086.157347000
17		1358	5086.184128000
6	1396		5086.189403000
17		41	5086.219631000
6	1396		5086.240148000
17		1358	5086.266385000
6	0		5086.280841000
6	1396		5086.290919000
6	1396		5086.341700000
6	0		5086.342769000
17		1358	5086.349987000
6	1396		5086.392491000
17		41	5086.405685000
17		1358	5086.432221000
6	1396		5086.443253000
6	0		5086.466893000
6	1396		5086.494032000
17		1358	5086.514713000
6	0		5086.528996000
17		41	5086.529021000
6	1396		5086.544876000
6	0		5086.591432000
6	39		5086.591457000
6	1396		5086.595681000
17		1358	5086.597661000
6	0		5086.598777000
6	1396		5086.646452000
17		41	5086.653101000
17		1358	5086.680901000
6	1396		5086.697128000
6	0		5086.714972000
6	1396		5086.747914000
17		1358	5086.762211000
6	0		5086.777721000
6	1396		5086.798699000
17		46	5086.838965000
17		1358	5086.845224000
6	1396		5086.849471000
6	1396		5086.900255000
6	0		5086.901100000
17		1358	5086.927959000
6	1396		5086.951035000
6	0		5086.963200000
17		41	5086.963230000
6	1396		5087.001863000
17		1358	5087.010424000
17		41	5087.025253000
6	1396		5087.052700000
6	0		5087.086852000
17		1358	5087.093421000
6	1396		5087.103366000
6	0		5087.149165000
6	1396		5087.154172000
17		1358	5087.176438000
6	1396		5087.204917000
17		41	5087.211151000
17		1358	5087.258044000
6	0		5087.273323000
6	1396		5087.289555000
17		41	5087.335199000
17		1358	5087.341259000
6	1396		5087.374199000
6	0		5087.397301000
17		1358	5087.424720000
6	1396		5087.458828000
17		41	5087.459182000
17		1358	5087.507006000
6	1396		5087.543452000
6	0		5087.583062000
17		41	5087.583096000
17		1358	5087.589117000
6	1396		5087.628084000
17		1358	5087.671896000
6	0		5087.707623000
6	1396		5087.712720000
17		1358	5087.755490000
17		41	5087.769087000
6	1396		5087.797357000
17		1358	5087.837068000
6	1396		5087.881967000
17		41	5087.893337000
17		1358	5087.920020000
6	0		5087.955517000
6	1396		5087.966599000
17		1358	5088.002643000
17		41	5088.017052000
6	1396		5088.051246000
6	0		5088.079267000
17		1358	5088.085449000
6	1396		5088.135884000
17		41	5088.141302000
17		1358	5088.167821000
6	1396		5088.220519000
17		1358	5088.251203000
17		41	5088.265015000
6	1396		5088.305154000
6	0		5088.327638000
17		1358	5088.333183000
6	1396		5088.389777000
17		1358	5088.416019000
17		41	5088.451319000
6	1396		5088.474484000
17		1358	5088.499409000
6	0		5088.513496000
6	1396		5088.559042000
17		41	5088.575726000
17		1358	5088.582413000
6	1396		5088.643742000
17		1358	5088.664476000
6	0		5088.698900000
6	1396		5088.728310000
17		1358	5088.747212000
17		41	5088.761516000
6	1396		5088.812922000
17		1358	5088.829809000
17		41	5088.885156000
6	1396		5088.897564000
17		1358	5088.912342000
6	0		5088.947404000
6	1396		5088.961052000
17		1358	5088.995052000
6	1396		5089.024512000
17		41	5089.071510000
17		1358	5089.077916000
6	1396		5089.088045000
6	0		5089.132867000
6	1396		5089.151453000
17		1358	5089.159570000
17		41	5089.195244000
6	1396		5089.214918000
17		1358	5089.243209000
6	0		5089.256912000
6	1396		5089.278406000
17		41	5089.319578000
17		1358	5089.325942000
6	1396		5089.341896000
17		1358	5089.391904000
6	1396		5089.405343000
6	0		5089.443406000
17		1358	5089.457952000
6	1396		5089.468826000
17		41	5089.505401000
17		1358	5089.523971000
6	1396		5089.532267000
17		1358	5089.590053000
6	1396		5089.595803000
6	0		5089.629655000
17		1358	5089.656076000
6	1396		5089.659211000
17		46	5089.690890000
17		33	5089.717080000
17		1358	5089.722324000
6	1396		5089.722691000
6	1396		5089.786256000
17		41	5089.815026000
6	1396		5089.849640000
6	0		5089.877678000
6	1396		5089.913201000
6	1396		5089.976650000
17		41	5090.000983000
6	0		5090.063146000
6	1396		5090.063762000
6	1396		5090.103654000
17		41	5090.124886000
17		1358	5090.126763000
6	0		5090.249175000
6	1396		5090.249735000
6	1396		5090.281463000
17		41	5090.310857000
17		1358	5090.312480000
6	0		5090.372863000
6	1396		5090.373437000
6	1396		5090.408434000
17		41	5090.435262000
17		1358	5090.436549000
17		41	5090.558986000
17		1358	5090.560382000
6	0		5090.621159000
6	212		5090.621712000
17		41	5090.745189000
17		1358	5090.746914000
6	0		5090.807367000
17		41	5090.868840000
17		1358	5090.870564000
17		41	5090.993038000
17		1358	5090.994797000
6	0		5091.055238000
17		41	5091.116822000
17		1358	5091.117981000
17		41	5091.241020000
17		1358	5091.242762000
6	0		5091.303536000
17		41	5091.364922000
17		1358	5091.367099000
17		41	5091.426956000
17		1358	5091.488566000
6	0		5091.489466000
17		41	5091.551542000
17		1358	5091.610151000
17		41	5091.675253000
17		1358	5091.730925000
6	0		5091.737688000
17		41	5091.799062000
17		1358	5091.823012000
17		41	5091.923190000
17		1358	5091.925815000
6	0		5091.985729000
17		41	5092.046874000
17		1358	5092.048024000
17		41	5092.171014000
17		1358	5092.172463000
6	0		5092.233512000
17		46	5092.295479000
17		1358	5092.297173000
17		41	5092.357160000
17		1358	5092.388110000
6	0		5092.419594000
17		41	5092.481283000
17		1358	5092.482095000
17		41	5092.605262000
17		1358	5092.607051000
6	0		5092.667757000
17		41	5092.729350000
17		1358	5092.731059000
17		41	5092.853163000
17		1358	5092.854869000
6	0		5092.914799000
17		41	5092.976782000
17		1358	5092.978556000
17		41	5093.101298000
17		1358	5093.103502000
6	0		5093.163478000
17		41	5093.225537000
17		1358	5093.227225000
17		41	5093.349131000
17		1358	5093.350823000
6	0		5093.411314000
17		41	5093.411340000
17		1358	5093.442687000
6	0		5093.535123000
17		41	5093.597263000
17		1358	5093.598937000
17		41	5093.721079000
17		1358	5093.722750000
6	0		5093.783461000
17		41	5093.845212000
17		1358	5093.846970000
17		41	5093.969234000
17		1358	5093.971030000
6	0		5094.031469000
17		41	5094.093514000
17		1358	5094.094602000
17		41	5094.217032000
17		1358	5094.218729000
6	0		5094.279209000
17		41	5094.341093000
17		1358	5094.343155000
17		41	5094.402993000
17		1358	5094.433874000
6	0		5094.465566000
17		41	5094.527206000
6	0		5094.651602000
6	0		5094.774924000
6	597		5094.837236000
6	0		5094.838959000
6	69		5094.841581000
6	31		5094.846549000
6	39		5094.850116000
6	0		5094.899396000
6	1396		5094.961511000
6	0		5094.967290000
6	312		5095.023409000
17		46	5095.023443000
6	0		5095.023981000
6	1396		5095.024942000
17		33	5095.049962000
6	0		5095.085733000
6	1396		5095.107474000
6	1396		5095.190954000
17		41	5095.209293000
6	0		5095.271471000
6	1396		5095.274432000
6	1396		5095.357968000
17		41	5095.395285000
6	0		5095.395316000
6	1396		5095.441432000
6	0		5095.457348000
17		41	5095.457375000
17		41	5095.519103000
6	127		5095.519134000
6	1101		5095.519142000
6	0		5095.520575000
6	1396		5095.524878000
6	68		5095.525985000
6	93		5095.529890000
17		41	5095.581100000
6	1396		5095.608363000
17		41	5095.642923000
6	1396		5095.691868000
17		41	5095.705351000
17		41	5095.766913000
6	1396		5095.775344000
17		41	5095.829106000
6	1396		5095.858802000
17		41	5095.891417000
6	1396		5095.942366000
17		41	5095.953025000
17		41	5096.015340000
6	1396		5096.025780000
17		41	5096.077492000
6	1396		5096.109272000
17		41	5096.138942000
6	1396		5096.192756000
17		41	5096.201353000
17		41	5096.262855000
6	1396		5096.276317000
17		41	5096.325107000
6	1396		5096.359713000
17		41	5096.387363000
6	1396		5096.443197000
17		41	5096.449780000
17		46	5096.511245000
6	1396		5096.526691000
17		33	5096.537670000
17		41	5096.573333000
6	1396		5096.610259000
17		41	5096.635785000
6	1396		5096.693712000
17		41	5096.697337000
17		41	5096.758898000
6	1396		5096.777124000
17		41	5096.820876000
6	1396		5096.860673000
17		41	5096.883069000
6	1396		5096.944152000
17		41	5096.945674000
17		41	5097.007219000
6	1396		5097.027615000
17		41	5097.069569000
17		1358	5097.071266000
6	1396		5097.111056000
17		41	5097.130984000
17		1358	5097.162253000
17		41	5097.193118000
6	1396		5097.194540000
17		1358	5097.253434000
6	0		5097.255006000
17		41	5097.255030000
6	1396		5097.278030000
6	39		5097.316930000
6	0		5097.323508000
17		1358	5097.344440000
6	0		5097.378965000
6	1396		5097.379595000
17		1358	5097.435031000
6	0		5097.441056000
6	1396		5097.444991000
6	0		5097.503447000
6	0		5097.503473000
6	1396		5097.528540000
6	0		5097.565617000
6	1396		5097.612033000
6	0		5097.627046000
6	0		5097.689867000
6	1396		5097.695433000
6	0		5097.751443000
6	1396		5097.778912000
6	0		5097.812820000
6	1396		5097.862421000
6	0		5097.875296000
6	0		5097.936808000
6	0		5097.936849000
6	1396		5097.945893000
6	0		5097.998976000
6	1396		5098.029393000
6	0		5098.061348000
6	1396		5098.112919000
6	0		5098.122828000
6	0		5098.185323000
6	1396		5098.196385000
6	0		5098.247509000
6	1396		5098.279816000
6	0		5098.309223000
6	1396		5098.363313000
6	0		5098.432826000
6	1396		5098.446777000
6	1396		5098.530313000
6	0		5098.557278000
6	1396		5098.613745000
6	0		5098.681304000
6	1396		5098.697221000
6	1396		5098.780826000
6	0		5098.805694000
6	993		5098.864200000
17		41	5098.866801000
17		1358	5098.868152000
17		1358	5098.959029000
17		41	5098.991283000
6	0		5098.991315000
17		1358	5099.050405000
17		41	5099.115483000
17		1358	5099.139847000
6	0		5099.176938000
17		1358	5099.230325000
17		41	5099.238882000
17		1358	5099.320817000
6	0		5099.362854000
17		41	5099.362883000
17		1358	5099.412730000
6	0		5099.487182000
17		1358	5099.503283000
17		1358	5099.593409000
6	0		5099.611721000
17		1358	5099.683453000
6	0		5099.735058000
17		1358	5099.774469000
6	0		5099.858954000
17		1358	5099.864211000
17		1358	5099.954588000
6	0		5099.983150000
17		1358	5100.044942000
6	1396		5100.045158000
6	424		5100.045178000
6	0		5100.045757000
6	1396		5100.061769000
6	0		5100.107316000
6	1396		5100.109235000
17		1358	5100.135476000
6	1396		5100.172752000
17		1358	5100.225705000
6	0		5100.230934000
6	1396		5100.236171000
6	1396		5100.299643000
17		1358	5100.316179000
6	0		5100.355524000
6	1396		5100.363114000
17		1358	5100.406818000
6	0		5100.417665000
6	1396		5100.426599000
17		41	5100.479251000
6	0		5100.479279000
6	0		5100.488310000
6	1396		5100.490056000
17		1358	5100.498894000
17		41	5100.541622000
6	1396		5100.553534000
17		1358	5100.588858000
17		46	5100.603613000
6	1396		5100.617004000
17		33	5100.630307000
17		41	5100.665026000
17		1358	5100.679058000
6	1396		5100.680467000
17		41	5100.727264000
6	1396		5100.743947000
17		1358	5100.769562000
17		41	5100.789421000
6	1396		5100.807418000
17		41	5100.850872000
17		1358	5100.860400000
6	1396		5100.870903000
17		41	5100.913355000
6	1396		5100.934378000
17		1358	5100.950220000
17		41	5100.974914000
6	1396		5100.997858000
17		41	5101.037192000
17		1358	5101.039265000
6	1396		5101.061316000
6	1396		5101.124802000
17		1358	5101.130754000
6	1396		5101.188264000
17		1358	5101.221820000
17		41	5101.224477000
6	1396		5101.251732000
17		1358	5101.312193000
6	1396		5101.315186000
6	1396		5101.378681000
17		1358	5101.402934000
6	1396		5101.442152000
17		1358	5101.492886000
6	1396		5101.505760000
6	1396		5101.569087000
17		1358	5101.583232000
6	0		5101.598556000
6	1396		5101.632606000
17		1358	5101.674242000
6	1396		5101.696024000
6	1396		5101.759516000
17		1358	5101.765525000
17		41	5101.785618000
6	1396		5101.844145000
17		1358	5101.855385000
17		1358	5101.926928000
6	1396		5101.928753000
17		1358	5101.999885000
6	1396		5102.013406000
17		1358	5102.072312000
6	1396		5102.098023000
17		1358	5102.144113000
17		41	5102.159286000
6	0		5102.159314000
6	1396		5102.182645000
17		1358	5102.217329000
6	1396		5102.267272000
17		1358	5102.289848000
6	1396		5102.351914000
17		1358	5102.362099000
17		1358	5102.434477000
6	1396		5102.436540000
17		1358	5102.506690000
6	752		5102.521210000
6	0		5102.533472000
17		1358	5102.579152000
17		1358	5102.651559000
17		41	5102.720432000
17		1358	5102.722433000
17		1358	5102.795816000
17		1358	5102.868430000
17		1358	5102.940984000
17		1358	5103.012871000
17		1358	5103.085610000
17		41	5103.093884000
17		1358	5103.158427000
17		1358	5103.278454000
6	0		5103.281096000
17		1358	5103.399618000
17		1358	5103.519958000
17		1358	5103.640913000
17		41	5103.654931000
17		1358	5103.761141000
6	0		5103.842474000
17		1358	5103.882025000
17		1358	5104.003320000
17		41	5104.029390000
17		1358	5104.123392000
17		41	5104.403024000
17		1358	5104.404407000
6	0		5104.590327000
17		41	5104.963965000
17		1358	5104.965672000
6	0		5105.151077000
17		41	5105.151126000
17		1358	5105.152814000
6	0		5105.525500000
17		41	5105.712504000
17		1358	5105.714194000
17		41	5106.086547000
17		1358	5106.088038000
6	0		5106.273119000
17		46	5106.647437000
17		1358	5106.649101000
6	0		5106.833951000
17		41	5107.021293000
17		1358	5107.022960000
17		41	5107.395384000
17		1358	5107.396490000
6	0		5107.581973000
17		41	5107.955937000
17		1358	5107.957322000
6	0		5108.143734000
17		41	5108.329936000
17		1358	5108.331635000
6	0		5108.516993000
17		41	5108.704037000
17		1358	5108.705242000
6	1396		5108.891352000
6	423		5108.891384000
6	0		5108.892013000
6	1396		5108.892886000
6	1396		5108.973126000
6	1396		5109.054151000
17		41	5109.078484000
17		1358	5109.079479000
6	1396		5109.135235000
6	1396		5109.216299000
6	0		5109.265744000
6	1396		5109.297407000
6	1396		5109.378475000
6	1396		5109.459595000
6	1396		5109.540681000
6	1396		5109.621767000
17		41	5109.639070000
17		1358	5109.640887000
6	1396		5109.702842000
6	1396		5109.783934000
6	0		5109.826409000
6	1396		5109.865031000
6	1396		5109.946184000
17		41	5110.013359000
17		1358	5110.015110000
6	1396		5110.027192000
6	1396		5110.108289000
6	1396		5110.189445000
17		41	5110.200381000
17		1358	5110.202092000
6	1396		5110.270446000
6	1396		5110.351533000
6	1396		5110.432627000
6	1396		5110.513777000
17		41	5110.574066000
17		1358	5110.575748000
6	1396		5110.594792000
6	1396		5110.675899000
6	1396		5110.756992000
6	0		5110.761229000
6	1396		5110.838124000
6	1396		5110.919161000
6	695		5110.948374000
6	39		5110.948400000
17		41	5110.948410000
17		1358	5110.950219000
6	0		5110.950533000
6	0		5110.950556000
6	39		5110.950605000
6	67		5110.954896000
6	70		5110.962605000
6	1396		5111.000263000
6	1396		5111.081312000
6	1396		5111.162435000
6	1396		5111.243507000
17		41	5111.322471000
6	1325		5111.324629000
6	0		5111.509538000
17		41	5111.509565000
17		41	5111.509571000
17		35	5111.510689000
17		41	5111.882930000
6	0		5112.070562000
17		41	5112.257479000
17		41	5112.444633000
17		41	5112.818294000
6	0		5113.005283000
17		41	5113.005313000
17		41	5113.192767000
17		41	5113.379436000
6	423		5113.379481000
6	0		5113.380036000
17		41	5113.566416000
17		41	5113.753325000
6	1325		5113.867735000
17		41	5113.940465000
17		41	5114.126988000
17		41	5114.314411000
17		41	5114.501499000
17		41	5114.688699000
17		41	5114.875063000
17		41	5115.062384000
17		41	5115.249497000
17		41	5115.436775000
17		41	5115.623049000
17		46	5115.810306000
17		35	5115.836432000
17		41	5115.997427000
6	1396		5116.184576000
6	437		5116.184604000
17		41	5116.184615000
6	39		5116.184620000
6	0		5116.186561000
6	0		5116.193706000
17		41	5116.370913000
6	1396		5116.406256000
6	1396		5116.422854000
6	1396		5116.456225000
6	1042		5116.489603000
17		41	5116.558813000
17		41	5116.745863000
6	70		5116.770369000
17		41	5116.932352000
17		41	5117.119554000
17		41	5117.306799000
17		41	5117.493137000
17		41	5117.679922000
6	0		5117.679952000
6	0		5117.679966000
6	0		5117.685230000
6	0		5117.688771000
6	0		5117.995643000
17		41	5118.428209000
6	0		5118.802069000
6	0		5118.810866000
6	1396		5119.115689000
17		41	5119.924061000
17		1358	5119.925765000
17		41	5120.859282000
6	0		5120.859310000
6	51		5120.859319000
6	0		5120.859324000
6	0		5120.861012000
17		1358	5120.861034000
6	0		5120.861054000
6	0		5120.867603000
6	0		5120.868014000
17		41	5121.419986000
17		1358	5121.421553000
17		41	5121.607559000
17		36	5121.608387000
6	1042		5121.828756000
17		41	5122.355402000
17		1358	5122.357250000
17		41	5123.477272000
17		1358	5123.479242000
6	0		5124.786237000
6	0		5124.786262000
6	0		5124.795025000
6	0		5124.973439000
6	0		5125.160779000
6	0		5125.347093000
6	0		5125.347125000
6	0		5125.347130000
6	0		5125.347134000
6	517		5125.347139000
6	0		5125.355969000
6	2792		5125.357476000
6	2386		5125.357504000
6	1396		5125.534472000
6	437		5125.534513000
6	0		5125.534526000
6	0		5125.534553000
6	0		5125.534568000
6	0		5125.542809000
6	1396		5125.543764000
6	0		5125.544101000
6	1396		5125.576145000
6	1396		5125.609558000
6	1396		5125.642880000
6	1396		5125.676213000
6	1396		5125.709572000
17		41	5125.720951000
17		1358	5125.722874000
6	1396		5125.742924000
6	1396		5125.776354000
17		1358	5125.796962000
6	1396		5125.809651000
6	1396		5125.843012000
6	0		5125.852794000
17		1358	5125.868242000
6	1396		5125.876349000
6	0		5125.908128000
6	0		5125.908155000
6	0		5125.908175000
6	0		5125.908190000
17		41	5125.908200000
6	1396		5125.909717000
6	0		5125.909952000
6	0		5125.910315000
17		1358	5125.940543000
6	1396		5125.943062000
6	1396		5125.976494000
6	1396		5126.009856000
17		1358	5126.013806000
6	1396		5126.043128000
6	1396		5126.076569000
17		1358	5126.085852000
17		41	5126.095160000
6	1396		5126.109851000
6	1396		5126.143217000
17		1358	5126.157750000
6	1396		5126.176600000
6	1396		5126.209914000
6	0		5126.212149000
6	0		5126.212403000
17		1358	5126.231064000
6	1396		5126.243262000
6	1396		5126.276627000
6	0		5126.282343000
6	0		5126.282388000
6	0		5126.291960000
17		1358	5126.302557000
6	1396		5126.309972000
6	1396		5126.343339000
17		1358	5126.374912000
6	1396		5126.376679000
6	1396		5126.410047000
6	1396		5126.443412000
17		1358	5126.447739000
17		41	5126.469122000
6	1396		5126.476756000
6	1396		5126.510133000
17		1358	5126.519556000
6	1325		5126.543483000
17		1358	5126.592289000
6	0		5126.656075000
17		41	5126.656113000
17		1358	5126.665178000
17		1358	5126.736522000
17		1358	5126.810158000
6	0		5126.843394000
6	0		5126.843431000
6	0		5126.843439000
6	0		5126.844800000
6	0		5126.845358000
17		1358	5126.882818000
17		1358	5126.954155000
17		1358	5127.026931000
6	0		5127.030266000
17		1358	5127.099120000
17		1358	5127.171512000
6	0		5127.216861000
6	0		5127.216884000
6	64		5127.216888000
6	0		5127.231701000
17		1358	5127.243982000
17		1358	5127.317030000
17		1358	5127.388049000
6	1396		5127.404321000
6	0		5127.404345000
6	0		5127.404350000
6	517		5127.404355000
6	0		5127.413171000
6	0		5127.413958000
6	2792		5127.415689000
6	2386		5127.415722000
17		1358	5127.461576000
17		1358	5127.533423000
6	0		5127.591639000
17		1358	5127.605341000
17		1358	5127.678778000
17		1358	5127.750636000
6	0		5127.777912000
17		1358	5127.822556000
17		1358	5127.896102000
6	0		5127.965216000
17		1358	5127.968616000
17		1358	5128.040055000
17		1358	5128.112320000
6	0		5128.152638000
17		1358	5128.185152000
17		1358	5128.256759000
17		1358	5128.330030000
6	0		5128.338931000
17		1358	5128.402942000
17		1358	5128.474230000
17		41	5128.526222000
17		1358	5128.546930000
17		1358	5128.667410000
6	0		5128.713701000
17		1358	5128.788754000
6	0		5128.860014000
6	0		5128.876667000
6	0		5128.900387000
6	0		5128.900414000
6	0		5128.900431000
6	0		5128.902130000
6	0		5128.902389000
17		1358	5128.908387000
17		1358	5129.029485000
17		41	5129.087130000
17		1358	5129.150297000
17		1358	5129.270889000
6	0		5129.273976000
17		1358	5129.391093000
6	0		5129.461459000
6	0		5129.461487000
17		1358	5129.512844000
17		1358	5129.632601000
17		41	5129.647878000
17		1358	5129.753623000
6	0		5129.834987000
6	0		5129.835020000
6	0		5129.836179000
17		1358	5129.875582000
6	0		5130.022692000
6	0		5130.022729000
6	0		5130.022741000
6	747		5130.022750000
6	0		5130.024349000
6	355		5130.025374000
6	0		5130.140302000
6	747		5130.208962000
17		41	5130.208993000
6	0		5130.210930000
17		1358	5130.211261000
6	355		5130.211762000
17		1358	5130.332580000
6	0		5130.395900000
6	0		5130.583178000
6	0		5130.770487000
6	0		5130.957668000
17		41	5130.957696000
6	0		5130.958770000
17		1358	5130.959556000
17		1358	5131.081181000
6	0		5131.144046000
6	990		5131.172388000
6	0		5131.331699000
17		41	5131.518093000
17		1358	5131.519842000
17		1358	5131.612076000
6	0		5131.705452000
6	0		5131.705478000
6	517		5131.705485000
6	0		5131.715123000
17		41	5131.892401000
17		1358	5131.894149000
17		1358	5131.985819000
6	0		5132.079181000
6	0		5132.266461000
6	0		5132.266488000
6	0		5132.266495000
17		41	5132.453437000
17		1358	5132.455180000
17		1358	5132.546912000
6	0		5132.639931000
6	0		5132.827303000
6	0		5132.827333000
6	0		5132.827342000
6	0		5132.828399000
17		41	5133.014437000
17		1358	5133.016184000
17		1358	5133.107780000
6	0		5133.201074000
6	0		5133.388510000
17		41	5133.575476000
17		1358	5133.577760000
17		1358	5133.669019000
6	0		5133.762031000
6	0		5133.949609000
6	0		5134.136864000
17		41	5134.323166000
17		1358	5134.324834000
17		1358	5134.416372000
6	0		5134.510471000
6	0		5134.697940000
17		41	5134.884223000
17		1358	5134.885912000
6	0		5134.892227000
17		1358	5134.977674000
6	0		5135.071546000
17		46	5135.258052000
17		1358	5135.259759000
17		1358	5135.350964000
17		1358	5135.441380000
17		41	5135.445145000
17		1358	5135.532309000
17		1358	5135.622801000
6	0		5135.632444000
6	0		5135.632473000
17		41	5135.632482000
17		1358	5135.713034000
17		1358	5135.802954000
17		41	5135.819029000
17		1358	5135.894622000
17		1358	5135.984912000
17		41	5136.006053000
17		1358	5136.074935000
17		1358	5136.165939000
17		41	5136.193004000
17		1358	5136.256596000
17		1358	5136.346889000
17		41	5136.380059000
17		1358	5136.437537000
17		1358	5136.527749000
6	437		5136.567359000
17		41	5136.567398000
6	0		5136.576143000
6	2792		5136.576903000
6	2792		5136.576942000
6	2792		5136.576954000
6	1396		5136.603004000
17		1358	5136.618071000
6	1396		5136.629086000
6	1396		5136.655247000
6	1396		5136.681320000
6	1396		5136.707387000
17		1358	5136.708326000
6	1396		5136.733513000
17		41	5136.754035000
6	1396		5136.759567000
6	1396		5136.785656000
17		1358	5136.798713000
6	1396		5136.811725000
6	1396		5136.837832000
6	1396		5136.863903000
17		1358	5136.888835000
6	1396		5136.889981000
6	1396		5136.916167000
17		41	5136.941478000
6	1396		5136.942194000
6	1396		5136.968304000
17		1358	5136.980694000
6	1396		5136.994401000
6	1396		5137.020478000
6	1396		5137.046551000
17		1358	5137.070457000
6	1396		5137.072649000
6	1396		5137.098727000
6	1396		5137.124847000
17		41	5137.128181000
6	0		5137.128205000
6	0		5137.129688000
6	1396		5137.150920000
17		1358	5137.161476000
6	1396		5137.177017000
6	1396		5137.188395000
6	1396		5137.203106000
6	1325		5137.229208000
17		1358	5137.251176000
6	0		5137.315511000
17		1358	5137.342034000
6	0		5137.502522000
6	0		5137.689196000
6	0		5137.689220000
6	64		5137.689224000
6	0		5137.698830000
17		41	5137.876674000
17		1358	5137.877695000
17		1358	5137.969206000
17		41	5138.063323000
17		1358	5138.064993000
17		1358	5138.156342000
17		41	5138.250384000
17		1358	5138.251496000
17		1358	5138.343118000
17		41	5138.437387000
6	747		5138.437426000
17		1358	5138.439097000
6	0		5138.439362000
6	355		5138.460142000
17		1358	5138.530795000
6	747		5138.624815000
17		41	5138.624842000
6	0		5138.626623000
6	355		5138.668103000
17		41	5138.811183000
17		41	5138.998462000
17		41	5139.185773000
17		41	5139.372173000
17		46	5139.559321000
17		34	5139.585991000
6	0		5139.746869000
6	0		5139.760330000
6	1396		5139.933199000
6	423		5139.933235000
17		41	5139.933248000
17		41	5139.933254000
6	0		5139.934578000
6	1396		5140.028228000
6	0		5140.040927000
6	0		5140.059696000
6	1396		5140.059909000
17		41	5140.120144000
6	1396		5140.123397000
6	1396		5140.186862000
6	1396		5140.250345000
17		41	5140.307040000
6	1396		5140.313791000
6	1396		5140.377312000
6	1396		5140.440768000
17		41	5140.494473000
6	1396		5140.504237000
6	1396		5140.567699000
6	1396		5140.631166000
17		41	5140.681026000
6	1396		5140.694641000
6	1396		5140.758124000
6	1396		5140.821581000
6	0		5140.868779000
6	0		5140.868807000
17		41	5140.868818000
6	1396		5140.885084000
6	1396		5140.948519000
6	1396		5141.011991000
17		41	5141.055718000
6	1396		5141.075467000
6	1396		5141.138976000
6	0		5141.164069000
6	1396		5141.202420000
17		41	5141.242259000
6	1396		5141.265883000
6	1396		5141.329370000
6	1396		5141.392848000
17		41	5141.429653000
6	1396		5141.456289000
6	1396		5141.519823000
6	1396		5141.583223000
17		41	5141.616698000
6	1396		5141.646695000
6	1396		5141.710186000
6	1396		5141.773658000
17		41	5141.803349000
6	1396		5141.837113000
6	1396		5141.900593000
6	1396		5141.964056000
17		41	5141.990849000
6	1396		5142.027551000
6	1396		5142.091007000
6	1396		5142.154484000
17		41	5142.177168000
6	1396		5142.217955000
6	1396		5142.281414000
6	1396		5142.344892000
6	0		5142.364211000
6	517		5142.364240000
17		41	5142.364254000
6	0		5142.365556000
6	2836		5142.365979000
6	1418		5142.366011000
6	1418		5142.366026000
6	1144		5142.366056000
6	1396		5142.408396000
6	1396		5142.471823000
6	1396		5142.535306000
6	0		5142.550986000
6	0		5142.551013000
6	74		5142.551020000
6	92		5142.551025000
6	0		5142.551030000
6	0		5142.551034000
6	0		5142.552190000
6	0		5142.552474000
6	0		5142.552983000
6	1396		5142.598778000
6	1396		5142.662241000
6	1396		5142.725797000
17		41	5142.738498000
6	1396		5142.789220000
6	1396		5142.852710000
6	1396		5142.916186000
17		41	5142.925934000
6	1396		5142.979592000
6	1396		5143.043093000
6	1396		5143.106564000
17		42	5143.112433000
6	1396		5143.170033000
6	1396		5143.233481000
6	1396		5143.296972000
17		42	5143.299274000
6	423		5143.299304000
6	1396		5143.360438000
6	1396		5143.423909000
6	0		5143.486104000
17		47	5143.486133000
6	1384		5143.487346000
6	0		5143.487364000
17		34	5143.512495000
6	12		5143.550306000
6	1396		5143.550824000
6	1396		5143.614301000
17		42	5143.673178000
6	1396		5143.677826000
6	1396		5143.741265000
6	1396		5143.804841000
17		42	5143.860614000
6	1396		5143.868197000
6	1396		5143.931732000
6	1396		5143.995166000
17		42	5144.047431000
6	64		5144.047461000
6	0		5144.057055000
6	1396		5144.058587000
6	1396		5144.122090000
6	1396		5144.185556000
17		42	5144.233989000
6	1396		5144.249020000
6	1396		5144.312501000
6	1396		5144.375978000
6	0		5144.421886000
17		43	5144.421916000
6	1396		5144.439435000
6	1396		5144.502905000
6	1396		5144.566378000
17		43	5144.608643000
6	1396		5144.629837000
6	1396		5144.693322000
6	1396		5144.756809000
17		43	5144.795650000
6	1396		5144.820276000
6	1396		5144.883746000
6	1396		5144.947216000
17		43	5144.981937000
6	1396		5145.010679000
6	1396		5145.074221000
6	1396		5145.137619000
17		43	5145.169499000
6	1396		5145.201086000
6	1396		5145.264618000
6	1396		5145.328065000
17		43	5145.356789000
6	1396		5145.391510000
6	1396		5145.454998000
6	1396		5145.518468000
17		43	5145.543318000
6	1396		5145.581930000
6	1396		5145.645420000
6	1396		5145.708891000
6	0		5145.730755000
17		43	5145.730783000
6	1396		5145.772350000
6	1396		5145.835826000
6	1396		5145.899320000
17		42	5145.917256000
6	1396		5145.962763000
6	1396		5146.026250000
6	1396		5146.089707000
17		41	5146.104597000
6	1396		5146.153173000
6	1396		5146.216640000
6	1396		5146.280108000
17		41	5146.290912000
6	1396		5146.343589000
6	1396		5146.407070000
6	1396		5146.470527000
17		41	5146.478316000
6	1396		5146.534005000
6	1396		5146.597466000
6	1396		5146.661018000
17		41	5146.665745000
6	1396		5146.724427000
6	1396		5146.787936000
6	1396		5146.851362000
17		41	5146.852116000
6	1396		5146.914832000
6	1396		5146.978378000
17		41	5147.039529000
6	1396		5147.041775000
6	1396		5147.105261000
6	1396		5147.168740000
17		46	5147.226701000
6	1396		5147.232200000
17		33	5147.253896000
6	1396		5147.295680000
6	1396		5147.359155000
17		42	5147.413117000
6	1396		5147.422617000
6	1396		5147.486083000
6	1396		5147.549552000
17		42	5147.600376000
6	542		5147.613025000
17		42	5147.787681000
6	1325		5147.938699000
17		42	5147.974234000
17		43	5148.161854000
17		43	5148.348335000
6	1396		5149.470411000
6	0		5149.470984000
17		43	5149.844174000
17		43	5150.778949000
6	355		5151.019670000
17		43	5151.527464000
17		43	5152.088300000
17		43	5153.023561000
17		43	5153.771100000
6	0		5154.145874000
6	0		5154.151938000
6	1396		5154.332139000
6	440		5154.332172000
6	0		5154.332187000
6	0		5154.341774000
6	0		5154.341821000
6	5584		5154.566003000
6	1396		5154.592512000
6	1396		5154.619012000
6	1396		5154.645505000
6	1396		5154.672047000
6	1396		5154.698554000
17		43	5154.706159000
6	1396		5154.725125000
6	1396		5154.751602000
6	1396		5154.778146000
6	1396		5154.804610000
6	1396		5154.831092000
6	1396		5154.857619000
6	1396		5154.884136000
6	1396		5154.910706000
6	1396		5154.937163000
6	1396		5154.963660000
6	1396		5154.990219000
6	1396		5155.016687000
6	1396		5155.043219000
6	1396		5155.069711000
6	0		5155.079994000
6	1396		5155.096217000
6	1396		5155.122741000
6	1396		5155.149234000
6	1396		5155.175788000
6	1396		5155.202282000
6	1396		5155.228776000
6	1396		5155.255283000
6	1396		5155.281812000
6	1396		5155.308337000
6	1396		5155.334849000
6	1396		5155.361342000
6	1396		5155.387874000
6	1396		5155.414389000
6	1396		5155.440915000
6	1396		5155.467421000
6	1396		5155.493923000
6	1396		5155.520473000
6	1396		5155.546945000
6	1396		5155.573455000
6	223		5155.600011000
17		43	5155.641128000
17		43	5155.828132000
17		43	5156.015428000
17		43	5156.202747000
17		42	5156.202771000
17		36	5156.204954000
17		43	5156.389856000
17		1358	5156.391573000
17		43	5156.576027000
17		1358	5156.576651000
17		43	5156.762921000
17		1358	5156.764466000
6	0		5156.949945000
17		43	5156.949955000
6	0		5156.951406000
17		1358	5156.952310000
17		43	5157.137702000
17		1358	5157.138838000
6	0		5157.324058000
6	0		5157.511440000
6	0		5157.511449000
6	0		5157.512909000
6	0		5157.512981000
6	0		5157.698310000
6	0		5157.698319000
6	0		5157.698324000
6	0		5157.699799000
6	0		5157.699888000
6	0		5157.700075000
6	0		5157.820623000
6	0		5158.003838000
6	0		5158.004269000
6	0		5158.004847000
6	0		5158.446349000
6	0		5158.448011000
6	0		5158.820648000
6	0		5158.820673000
6	0		5158.820678000
6	0		5158.821828000
6	0		5158.822208000
6	0		5158.822538000
6	542		5159.564007000
6	0		5160.503436000
6	0		5160.505246000
6	0		5160.690400000
6	0		5160.690410000
6	0		5160.690417000
6	0		5160.690422000
6	0		5160.691698000
6	0		5160.691860000
6	0		5160.692355000
6	166		5162.180024000
6	0		5162.181466000
6	0		5162.556943000
6	0		5162.708039000
6	0		5162.716859000
6	0		5162.724316000
6	0		5163.296779000
6	0		5163.296787000
6	0		5164.505379000
6	0		5164.506665000
6	0		5164.784375000
6	0		5164.784388000
6	0		5164.784398000
6	0		5164.785870000
6	0		5164.785956000
6	0		5164.786328000
6	0		5165.195692000
6	440		5165.528367000
6	0		5165.537986000
6	223		5166.372378000
6	0		5168.508764000
6	0		5168.787761000
6	0		5168.797093000
6	0		5168.804654000
6	0		5170.550755000
6	0		5170.550760000
6	0		5170.642932000
6	0		5170.736128000
6	0		5170.829348000
6	0		5170.922533000
6	0		5171.015749000
6	0		5171.107957000
6	0		5171.201155000
6	0		5171.294427000
6	0		5171.387587000
6	0		5171.480757000
6	0		5171.572976000
6	0		5171.666269000
6	0		5171.759504000
6	0		5171.852695000
6	0		5171.945267000
6	0		5172.038082000
6	0		5172.038120000
6	0		5172.038999000
6	0		5172.052903000
6	0		5172.317412000
6	0		5172.317980000
6	0		5172.340229000
6	0		5172.620222000
6	0		5172.689403000
6	0		5172.690815000
6	0		5172.968364000
6	0		5172.968372000
6	0		5172.968376000
6	0		5172.969662000
6	0		5172.969881000
6	0		5172.969944000
6	0		5173.061299000
6	0		5173.061884000
6	0		5173.340330000
6	0		5173.340891000
17		42	5174.455944000
17		1358	5174.458467000
17		41	5174.549132000
17		1358	5174.568053000
17		41	5174.642564000
17		1358	5174.677171000
17		41	5174.735302000
17		1358	5174.785965000
6	0		5174.828197000
6	0		5174.828233000
6	0		5174.828242000
6	0		5174.828247000
6	0		5174.828251000
6	0		5174.828256000
6	0		5174.828263000
6	0		5174.828267000
6	517		5174.828272000
6	0		5174.829713000
6	2836		5174.830188000
6	1418		5174.830220000
6	2562		5174.830250000
17		1358	5174.895020000
6	517		5174.921412000
6	517		5174.921439000
6	517		5174.921444000
17		41	5174.921454000
6	0		5174.921459000
6	0		5174.922688000
6	0		5174.922785000
6	0		5174.922972000
6	2836		5174.923250000
6	5672		5174.923265000
6	2836		5174.923276000
6	1142		5174.923283000
6	1144		5174.923307000
6	2836		5174.923604000
6	2836		5174.923658000
6	1143		5174.923722000
17		1358	5175.003979000
6	0		5175.013888000
6	0		5175.013896000
6	0		5175.013903000
6	0		5175.013907000
6	0		5175.013911000
6	517		5175.013915000
6	517		5175.013922000
6	0		5175.014504000
6	0		5175.014537000
6	2792		5175.015730000
6	2387		5175.015766000
6	2792		5175.015775000
6	2387		5175.015793000
17		41	5175.107653000
6	0		5175.107692000
6	0		5175.109038000
17		1358	5175.111798000
17		1358	5175.199627000
17		41	5175.199875000
17		1358	5175.286131000
17		41	5175.293551000
17		1358	5175.374326000
17		41	5175.386578000
6	0		5175.412886000
17		1358	5175.460704000
6	0		5175.479025000
17		1358	5175.548287000
6	0		5175.572251000
17		1358	5175.635539000
6	0		5175.665758000
17		1358	5175.722962000
6	0		5175.757972000
17		1358	5175.809100000
6	0		5175.851147000
6	74		5175.851180000
6	92		5175.851188000
6	0		5175.851194000
6	0		5175.851200000
6	0		5175.851208000
6	0		5175.852583000
6	0		5175.852604000
6	0		5175.852936000
6	910		5175.853148000
6	31		5175.853277000
17		1358	5175.896978000
17		41	5175.944223000
17		1358	5175.983699000
17		1358	5176.129149000
17		1358	5176.274086000
17		1358	5176.419878000
17		1358	5176.565079000
17		1358	5176.711153000
17		1358	5176.854998000
17		1358	5177.000913000
17		1358	5177.146513000
17		1358	5177.291179000
17		41	5177.339537000
6	0		5177.432719000
17		1358	5177.436456000
6	0		5177.477142000
6	0		5177.524961000
17		1358	5177.546413000
6	0		5177.618133000
6	0		5177.618161000
6	64		5177.618169000
6	0		5177.624158000
17		1358	5177.654439000
6	1396		5177.710888000
6	423		5177.710922000
6	0		5177.710931000
6	0		5177.711466000
6	2792		5177.712277000
6	2792		5177.712305000
6	2792		5177.712348000
6	1396		5177.726100000
6	1396		5177.739806000
6	1396		5177.753635000
17		1358	5177.763171000
6	1396		5177.767238000
6	1396		5177.780956000
6	1396		5177.794695000
6	0		5177.803854000
6	1396		5177.808388000
6	1396		5177.822156000
6	1396		5177.835849000
6	1396		5177.849559000
6	1396		5177.863271000
17		1358	5177.872500000
6	1396		5177.876976000
6	1396		5177.890705000
6	0		5177.896997000
6	1396		5177.904403000
6	1396		5177.918137000
6	1396		5177.931853000
6	1396		5177.945561000
6	1396		5177.959287000
6	1396		5177.973008000
6	1396		5177.986721000
6	0		5177.990414000
6	0		5177.990436000
6	64		5177.990444000
6	0		5177.996085000
6	1396		5178.000437000
6	1396		5178.014207000
6	1396		5178.027863000
6	1396		5178.041592000
6	1396		5178.055303000
6	1396		5178.069092000
6	1396		5178.082738000
17		41	5178.083698000
17		1358	5178.085693000
6	1396		5178.096442000
6	1396		5178.110178000
6	1396		5178.123922000
6	1396		5178.137592000
6	1396		5178.151331000
6	1396		5178.165048000
17		41	5178.176730000
6	1396		5178.178729000
6	1396		5178.192572000
17		1358	5178.195973000
6	1396		5178.206188000
6	223		5178.219916000
17		41	5178.269373000
17		1358	5178.305426000
6	0		5178.362086000
17		46	5178.362126000
17		33	5178.388299000
17		1358	5178.415660000
17		41	5178.455567000
17		1358	5178.525815000
17		41	5178.548811000
17		1358	5178.635157000
17		41	5178.641602000
6	0		5178.734494000
6	0		5178.734522000
6	0		5178.734527000
17		41	5178.734537000
17		1358	5178.745803000
6	1418		5178.827349000
6	356		5178.830792000
6	31		5178.830841000
6	39		5178.830845000
17		1358	5178.855412000
6	1418		5178.920211000
6	0		5178.926522000
17		1358	5178.964582000
6	1418		5179.013520000
6	0		5179.014905000
6	114		5179.016571000
6	31		5179.020577000
6	69		5179.022122000
6	31		5179.025581000
6	287		5179.106739000
6	0		5179.106768000
17		41	5179.106776000
17		41	5179.106783000
17		41	5179.106788000
17		1358	5179.108428000
6	69		5179.109613000
6	31		5179.111315000
6	69		5179.112905000
6	31		5179.116311000
17		41	5179.199893000
17		1358	5179.217780000
17		41	5179.292471000
17		1358	5179.327254000
17		41	5179.385481000
17		1358	5179.436343000
17		41	5179.478597000
17		1358	5179.545326000
17		41	5179.571577000
17		1358	5179.654409000
17		41	5179.664422000
17		41	5179.756997000
17		1358	5179.762966000
6	0		5179.850792000
17		41	5179.850828000
17		1358	5179.872342000
17		41	5179.943123000
17		1358	5179.980814000
17		41	5180.036422000
17		1358	5180.089424000
6	0		5180.129325000
17		1358	5180.198162000
6	0		5180.221884000
17		1358	5180.307655000
6	0		5180.314985000
6	0		5180.408201000
17		1358	5180.417101000
6	0		5180.501402000
17		1358	5180.525373000
6	0		5180.594646000
6	0		5180.686864000
6	0		5180.780069000
6	0		5180.873298000
17		41	5180.966044000
17		1358	5180.967818000
6	0		5181.059413000
6	0		5181.152384000
6	0		5181.338651000
6	0		5181.524138000
6	0		5181.710049000
17		41	5181.710079000
17		1358	5181.710867000
6	0		5181.896382000
6	0		5182.082758000
6	0		5182.268130000
6	0		5182.454559000
6	0		5182.639907000
6	0		5182.826294000
6	0		5183.012645000
6	0		5183.198021000
17		46	5183.291824000
17		33	5183.318624000
6	0		5183.477170000
6	0		5183.663508000
6	0		5183.848864000
6	0		5184.034955000
17		41	5184.034987000
17		1358	5184.036780000
6	0		5184.221062000
6	1396		5184.314036000
6	423		5184.314072000
17		41	5184.314088000
6	0		5184.314666000
6	1396		5184.315403000
17		1358	5184.315731000
6	1396		5184.328384000
6	1396		5184.342096000
6	1396		5184.355832000
6	1396		5184.369528000
6	1396		5184.383273000
6	1396		5184.396972000
17		41	5184.407647000
6	1396		5184.410668000
6	1396		5184.424449000
6	1396		5184.438139000
6	1396		5184.451841000
6	1396		5184.465556000
6	1396		5184.479277000
6	1396		5184.493037000
17		41	5184.500173000
6	1396		5184.506693000
6	1396		5184.520414000
6	1396		5184.534146000
6	1396		5184.547864000
6	1396		5184.561579000
6	1396		5184.575294000
6	1396		5184.589002000
17		41	5184.593155000
6	1396		5184.602722000
6	1396		5184.616445000
6	1396		5184.630147000
6	1396		5184.643873000
6	1396		5184.657666000
6	1396		5184.671305000
6	1396		5184.685097000
6	31		5184.686367000
6	0		5184.686389000
6	39		5184.686395000
6	0		5184.687776000
6	1396		5184.698724000
6	1396		5184.712446000
6	1396		5184.726193000
6	1396		5184.739954000
6	1396		5184.753615000
6	1396		5184.767329000
17		41	5184.779290000
6	595		5184.779323000
6	1396		5184.781030000
6	0		5184.785504000
6	1396		5184.794743000
6	1396		5184.808476000
6	1396		5184.822207000
6	1396		5184.835906000
6	1396		5184.849627000
6	1396		5184.863342000
6	0		5184.872555000
17		41	5184.872589000
6	1396		5184.877055000
6	1396		5184.890769000
6	1396		5184.904560000
6	1396		5184.918235000
6	0		5184.965715000
17		41	5184.965753000
6	139		5184.967174000
17		41	5185.058379000
17		41	5185.151460000
17		1358	5185.153181000
17		41	5185.244564000
17		1358	5185.271671000
17		41	5185.337315000
17		1358	5185.390720000
17		41	5185.430657000
17		41	5185.522850000
17		41	5185.616085000
17		41	5185.709163000
17		41	5185.802297000
17		41	5185.895921000
17		41	5185.987904000
17		46	5186.080853000
17		33	5186.107877000
17		41	5186.174433000
17		41	5186.267135000
17		41	5186.360196000
17		1358	5186.361932000
17		41	5186.546238000
6	0		5186.546269000
6	1396		5186.546854000
17		1358	5186.547993000
6	0		5186.639279000
6	1396		5186.639908000
6	1396		5186.646766000
6	1396		5186.660481000
6	1396		5186.674256000
6	0		5186.732482000
6	1396		5186.733068000
6	1396		5186.739933000
6	1396		5186.753660000
6	0		5186.824991000
6	1396		5186.825582000
6	1396		5186.832487000
6	1396		5186.846163000
6	0		5186.918234000
6	1396		5186.918820000
6	1396		5186.925644000
6	1396		5186.939392000
6	0		5187.011727000
6	1396		5187.012334000
6	1396		5187.019212000
6	1396		5187.032912000
6	0		5187.103952000
6	0		5187.103984000
6	1396		5187.104546000
6	1396		5187.111385000
6	1396		5187.125128000
6	1396		5187.138818000
6	1396		5187.152616000
6	1396		5187.166254000
6	0		5187.197395000
6	1396		5187.197982000
6	1396		5187.204831000
6	1396		5187.218552000
6	0		5187.290756000
6	1396		5187.291328000
6	1396		5187.298188000
6	1396		5187.311905000
6	0		5187.383080000
6	1396		5187.383694000
6	1396		5187.390558000
6	1396		5187.404285000
6	0		5187.476446000
6	1396		5187.477063000
6	1396		5187.483888000
6	1396		5187.497621000
6	0		5187.568960000
6	1396		5187.569550000
6	1396		5187.576426000
6	1396		5187.590121000
6	0		5187.662151000
6	1396		5187.662730000
6	1396		5187.669604000
6	1396		5187.683306000
6	0		5187.755524000
6	1396		5187.756153000
6	1396		5187.763001000
6	1396		5187.776786000
6	1396		5187.790454000
6	0		5187.848734000
6	1396		5187.849320000
6	1396		5187.856162000
6	1396		5187.869905000
6	0		5187.940957000
6	1396		5187.941553000
6	1396		5187.948409000
6	1396		5187.962114000
6	0		5188.034326000
6	1396		5188.034929000
6	1396		5188.041778000
6	1396		5188.055510000
6	0		5188.127633000
6	1396		5188.128236000
6	1396		5188.135102000
6	1396		5188.148815000
6	0		5188.219913000
6	1396		5188.220505000
6	1396		5188.227356000
6	1396		5188.241087000
6	0		5188.313223000
6	1396		5188.313852000
6	1396		5188.320708000
6	1396		5188.334420000
6	0		5188.406509000
6	1396		5188.407164000
6	1396		5188.414032000
6	1396		5188.427749000
6	0		5188.498878000
6	1396		5188.499524000
6	1396		5188.506343000
6	1396		5188.520068000
6	0		5188.592212000
6	1396		5188.592790000
6	1396		5188.599707000
6	1396		5188.613366000
6	0		5188.685509000
6	1396		5188.686105000
6	1396		5188.692960000
6	1396		5188.706685000
6	0		5188.777943000
6	1396		5188.778534000
6	1396		5188.785391000
6	1396		5188.799115000
6	0		5188.871303000
6	1396		5188.871901000
6	572		5188.878799000
6	0		5188.964116000
6	0		5189.057330000
6	0		5189.150574000
6	0		5189.243779000
6	0		5189.335986000
6	0		5189.429179000
6	0		5189.522416000
6	0		5189.615649000
6	0		5189.707881000
6	0		5189.800963000
6	0		5189.894181000
6	0		5189.894209000
6	0		5189.987351000
6	0		5190.080590000
6	0		5190.173709000
6	0		5190.265873000
6	0		5190.359074000
6	0		5190.452251000
6	39		5190.452276000
6	0		5190.453754000
17		41	5190.545098000
17		1358	5190.546843000
17		41	5190.637938000
17		1358	5190.664964000
17		41	5190.731130000
17		1358	5190.783095000
17		41	5190.824285000
6	667		5190.824317000
6	0		5190.825663000
6	67		5190.828735000
6	31		5190.830385000
6	39		5190.831938000
17		1358	5190.901677000
6	0		5190.917572000
17		41	5191.010205000
17		1358	5191.019430000
6	0		5191.103424000
17		1358	5191.137574000
6	0		5191.195922000
17		1358	5191.254526000
6	0		5191.288842000
17		1358	5191.371602000
6	0		5191.381910000
6	0		5191.475113000
17		1358	5191.488233000
6	0		5191.568338000
17		1358	5191.605843000
6	0		5191.661184000
17		1358	5191.723510000
6	0		5191.753863000
17		1358	5191.840940000
6	0		5191.847070000
6	0		5191.940440000
17		1358	5191.957696000
6	0		5192.033035000
17		1358	5192.075178000
6	0		5192.126276000
17		1358	5192.192159000
6	0		5192.219460000
17		1358	5192.309521000
6	0		5192.311821000
6	0		5192.405023000
6	0		5192.405182000
17		1358	5192.427291000
6	0		5192.498382000
17		1358	5192.543970000
6	0		5192.591293000
6	0		5192.684475000
6	0		5192.777751000
6	0		5192.869922000
6	0		5192.963091000
6	0		5193.056298000
6	0		5193.149482000
6	0		5193.242676000
6	0		5193.334890000
6	0		5193.428115000
6	0		5193.521322000
6	0		5193.614507000
6	0		5193.707738000
6	0		5193.799973000
6	0		5193.893232000
6	0		5193.986424000
6	0		5194.079308000
6	0		5194.172313000
6	0		5194.358142000
6	0		5194.544707000
6	0		5194.730058000
6	0		5194.916420000
6	0		5195.009743000
6	0		5195.195152000
6	0		5195.381535000
6	0		5195.566910000
6	0		5195.753311000
6	0		5195.939740000
6	0		5196.125131000
6	0		5196.311506000
6	0		5196.496919000
6	0		5196.683294000
6	0		5196.869719000
6	0		5197.055082000
6	0		5197.241447000
6	0		5197.427823000
6	0		5197.520036000
6	0		5197.706443000
6	0		5197.892868000
6	0		5198.078680000
6	1396		5198.171224000
6	310		5198.171254000
17		41	5198.171264000
6	0		5198.171810000
17		1358	5198.172185000
6	1396		5198.172789000
6	1396		5198.185538000
6	1396		5198.199253000
6	1396		5198.212964000
6	1396		5198.226683000
6	1396		5198.240390000
6	1396		5198.254114000
17		41	5198.264418000
17		1358	5198.266146000
6	1396		5198.267813000
6	1396		5198.281545000
6	1396		5198.295254000
6	1396		5198.309049000
6	1396		5198.322683000
6	1396		5198.336433000
6	1396		5198.350162000
6	0		5198.357242000
6	39		5198.357269000
17		41	5198.357279000
17		1358	5198.359193000
6	0		5198.363751000
6	1396		5198.363809000
6	1396		5198.377564000
6	1396		5198.391289000
6	1396		5198.404991000
6	1396		5198.418715000
6	1396		5198.432427000
6	1396		5198.446143000
17		41	5198.450533000
17		1358	5198.454863000
6	1396		5198.459936000
6	1396		5198.473578000
6	1396		5198.487293000
6	1396		5198.501064000
6	1396		5198.514723000
6	1396		5198.528436000
6	1396		5198.542175000
17		41	5198.543079000
17		1358	5198.547929000
6	1396		5198.555877000
6	1396		5198.569656000
6	1396		5198.583313000
6	1396		5198.597024000
6	1396		5198.610738000
6	1396		5198.624483000
17		41	5198.636296000
6	1396		5198.638169000
17		1358	5198.642014000
6	1396		5198.651902000
6	1396		5198.665622000
6	1396		5198.679324000
6	1396		5198.693080000
6	1396		5198.706790000
6	1396		5198.720506000
17		41	5198.729585000
6	1396		5198.734192000
17		1358	5198.734972000
6	1396		5198.747910000
6	1396		5198.761625000
6	1396		5198.775352000
6	1396		5198.789067000
6	1396		5198.802789000
6	1396		5198.816508000
17		41	5198.822421000
17		1358	5198.830121000
6	1396		5198.830193000
6	1396		5198.843940000
6	1396		5198.857672000
6	1396		5198.871361000
6	1396		5198.885084000
6	1396		5198.898798000
6	1396		5198.912509000
17		41	5198.915595000
17		1358	5198.923562000
6	1396		5198.926214000
6	1396		5198.939953000
6	1396		5198.953664000
6	1396		5198.967390000
6	1396		5198.981107000
6	1396		5198.994812000
17		41	5199.008410000
6	1396		5199.008509000
17		1358	5199.017099000
6	1396		5199.022261000
6	1396		5199.035965000
6	1396		5199.049692000
6	1396		5199.063399000
6	1396		5199.077131000
6	1396		5199.090877000
17		46	5199.101033000
6	1396		5199.104549000
17		1358	5199.111041000
6	1396		5199.118260000
6	1396		5199.131981000
6	1396		5199.145706000
6	1396		5199.159440000
6	1396		5199.173136000
6	1396		5199.186846000
17		41	5199.193923000
6	1396		5199.200567000
17		1358	5199.205430000
6	1396		5199.214286000
6	1396		5199.228021000
6	1396		5199.241723000
6	1396		5199.255436000
6	1396		5199.269205000
6	1396		5199.282878000
17		41	5199.286949000
6	1396		5199.296585000
17		1358	5199.298344000
6	1396		5199.310304000
6	1396		5199.324028000
6	1396		5199.337732000
6	1396		5199.351469000
6	1396		5199.365182000
6	1396		5199.378884000
17		41	5199.379872000
17		1358	5199.392550000
6	1396		5199.392595000
6	1396		5199.406311000
6	1396		5199.420111000
6	1396		5199.433765000
6	1396		5199.447475000
6	1396		5199.461194000
17		41	5199.472810000
6	1396		5199.474910000
17		1358	5199.486647000
6	1396		5199.488608000
6	1396		5199.502343000
6	1396		5199.516054000
6	344		5199.529827000
17		41	5199.566343000
17		1358	5199.579831000
17		41	5199.659087000
17		1358	5199.673917000
17		41	5199.752353000
6	0		5199.752400000
17		1358	5199.768288000
6	0		5199.845568000
17		1358	5199.923938000
6	0		5199.938283000
6	0		5200.031499000
17		1358	5200.080326000
6	0		5200.124666000
6	0		5200.216874000
17		1358	5200.236935000
6	0		5200.309979000
17		1358	5200.393114000
17		41	5200.403048000
6	0		5200.496588000
17		1358	5200.549896000
6	0		5200.589245000
6	0		5200.682450000
17		1358	5200.705853000
6	0		5200.775236000
17		1358	5200.862984000
6	0		5200.868310000
6	0		5200.961562000
17		1358	5201.017827000
6	0		5201.054731000
17		41	5201.146947000
17		1358	5201.174376000
6	0		5201.240535000
17		1358	5201.330903000
6	0		5201.332816000
6	0		5201.426345000
17		1358	5201.487728000
6	0		5201.519082000
6	0		5201.612281000
17		1358	5201.643216000
6	0		5201.705520000
6	0		5201.798747000
17		1358	5201.799730000
17		41	5201.891086000
17		1358	5201.957220000
6	0		5201.984328000
17		1358	5202.074007000
6	0		5202.077352000
6	0		5202.077375000
6	0		5202.170559000
17		1358	5202.190287000
6	0		5202.263740000
17		1358	5202.308592000
6	0		5202.355893000
17		1358	5202.425744000
6	0		5202.449147000
17		41	5202.542266000
17		1358	5202.542749000
6	0		5202.635051000
17		1358	5202.660100000
6	0		5202.728251000
17		1358	5202.776729000
6	0		5202.821112000
6	0		5202.914257000
6	0		5203.007480000
6	0		5203.100690000
6	0		5203.192895000
17		41	5203.286037000
17		1358	5203.287728000
6	0		5203.379055000
6	0		5203.472348000
6	0		5203.565544000
6	0		5203.658809000
6	0		5203.751008000
6	0		5203.844016000
6	0		5203.937188000
17		41	5204.029877000
17		1358	5204.031636000
6	0		5204.122929000
6	0		5204.216146000
6	0		5204.309324000
6	0		5204.309346000
6	0		5204.402532000
6	0		5204.495704000
17		41	5204.587883000
17		1358	5204.589607000
6	0		5204.680893000
6	0		5204.774090000
6	0		5204.867289000
6	0		5204.960504000
6	0		5205.053691000
6	0		5205.145891000
6	0		5205.238991000
17		41	5205.332192000
17		1358	5205.333326000
6	0		5205.425425000
6	0		5205.518781000
6	0		5205.610965000
6	0		5205.704150000
6	0		5205.797331000
6	0		5205.890539000
6	0		5205.983733000
17		41	5206.075960000
17		1358	5206.077790000
6	0		5206.169150000
6	0		5206.262310000
6	0		5206.355494000
6	0		5206.448672000
6	0		5206.540894000
6	0		5206.540921000
6	0		5206.633997000
17		41	5206.727183000
17		1358	5206.728980000
6	0		5206.820371000
6	0		5206.913530000
6	0		5207.006334000
6	0		5207.099236000
6	0		5207.285309000
17		41	5207.471230000
17		1358	5207.472616000
6	0		5207.564783000
6	0		5207.750279000
6	0		5207.936679000
6	0		5208.122050000
17		41	5208.214998000
17		1358	5208.216762000
6	0		5208.401232000
6	0		5208.587661000
6	0		5208.772816000
17		46	5208.772849000
17		1358	5208.774624000
6	0		5208.959112000
6	0		5209.145462000
6	0		5209.331838000
17		41	5209.516922000
17		1358	5209.518653000
6	0		5209.610031000
6	0		5209.703207000
6	0		5209.796409000
6	1396		5209.889399000
6	427		5209.889439000
17		41	5209.889452000
6	0		5209.890413000
6	1396		5209.890733000
6	1396		5209.903745000
6	1396		5209.917452000
6	1396		5209.931187000
6	1396		5209.944880000
6	1396		5209.958620000
6	1396		5209.972327000
17		41	5209.981924000
6	1396		5209.986043000
6	1396		5209.999821000
6	1396		5210.013487000
6	1396		5210.027212000
6	1396		5210.040918000
6	1396		5210.054640000
6	1396		5210.068419000
17		41	5210.075380000
6	1396		5210.082059000
6	1396		5210.095773000
6	1396		5210.109499000
6	1396		5210.123224000
6	1396		5210.136939000
6	1396		5210.150668000
6	1396		5210.164374000
17		41	5210.168530000
6	1396		5210.178083000
6	1396		5210.191811000
6	1396		5210.205588000
6	1396		5210.219237000
6	1396		5210.232955000
6	1396		5210.246672000
6	1396		5210.260440000
17		41	5210.261719000
6	1396		5210.274082000
6	1396		5210.287895000
6	1396		5210.301538000
6	1396		5210.315245000
6	1396		5210.328975000
6	1396		5210.342695000
17		41	5210.354131000
6	1396		5210.356485000
6	1396		5210.370119000
6	1396		5210.383842000
6	1396		5210.397615000
6	1396		5210.411270000
6	1396		5210.424984000
6	1396		5210.438708000
17		41	5210.446805000
6	1396		5210.452558000
6	1396		5210.466239000
6	1396		5210.479863000
6	1396		5210.493568000
6	1396		5210.507309000
6	1396		5210.521017000
6	1396		5210.534740000
17		41	5210.540751000
6	1396		5210.548433000
6	1396		5210.562258000
6	1396		5210.575884000
6	1396		5210.589604000
6	1396		5210.603326000
6	1396		5210.617032000
6	1396		5210.630760000
17		41	5210.632918000
6	1396		5210.644465000
6	1396		5210.658217000
6	1396		5210.671902000
6	1396		5210.685616000
6	1396		5210.699338000
6	1396		5210.713032000
17		41	5210.726769000
6	1396		5210.726792000
6	1396		5210.740479000
6	1396		5210.754302000
6	1396		5210.767910000
6	1396		5210.781637000
6	1396		5210.795349000
6	1396		5210.809081000
17		41	5210.819146000
6	1396		5210.822780000
6	1396		5210.836565000
6	1396		5210.850217000
6	1396		5210.863935000
6	1396		5210.877662000
6	1396		5210.891376000
6	1396		5210.905115000
17		41	5210.912175000
6	1396		5210.918846000
6	1396		5210.932516000
6	1396		5210.946224000
6	1396		5210.960004000
6	1396		5210.973756000
6	1396		5210.987385000
6	1396		5211.001123000
17		41	5211.005402000
6	1396		5211.014818000
6	1396		5211.028538000
6	1396		5211.042267000
6	1396		5211.055993000
6	1396		5211.069703000
6	1396		5211.083420000
6	1396		5211.097135000
17		41	5211.098219000
6	1396		5211.110832000
6	1396		5211.124567000
6	1396		5211.138278000
6	1396		5211.151989000
6	1396		5211.165710000
6	1396		5211.179435000
17		41	5211.191342000
6	1396		5211.193184000
6	1396		5211.206864000
6	1396		5211.220577000
6	1396		5211.234345000
6	1396		5211.248045000
6	1396		5211.261730000
6	1396		5211.275459000
17		41	5211.284576000
6	1396		5211.289161000
6	1396		5211.302874000
6	1396		5211.316663000
6	1396		5211.330421000
6	1396		5211.344092000
6	1396		5211.357747000
6	1396		5211.371467000
17		41	5211.377755000
6	1396		5211.385185000
6	1396		5211.398898000
6	1396		5211.412602000
6	1396		5211.426418000
6	1396		5211.440053000
6	1396		5211.453764000
6	1396		5211.467489000
17		41	5211.470427000
6	1396		5211.481187000
6	1396		5211.494914000
6	1396		5211.508655000
6	1396		5211.522391000
6	1396		5211.536215000
6	1396		5211.549803000
17		46	5211.563457000
6	1243		5211.563486000
17		33	5211.589175000
17		41	5211.656834000
17		41	5211.749657000
17		41	5211.842456000
17		41	5211.935505000
17		41	5212.028624000
17		41	5212.120805000
17		41	5212.214723000
17		41	5212.307372000
17		41	5212.400397000
17		1358	5212.402703000
17		41	5212.492857000
17		1358	5212.520568000
17		41	5212.586677000
17		1358	5212.639175000
17		41	5212.679638000
17		1358	5212.757252000
17		41	5212.772204000
6	0		5212.865001000
17		1358	5212.876372000
6	0		5212.958326000
6	0		5213.051271000
6	0		5213.144269000
6	0		5213.330335000
6	0		5213.516713000
6	0		5213.702157000
6	0		5213.888520000
6	0		5214.073886000
6	0		5214.260266000
6	0		5214.446638000
6	0		5214.631981000
6	0		5214.818091000
6	634		5214.818119000
6	39		5214.818127000
6	143		5214.818132000
6	0		5214.820430000
6	0		5214.820452000
6	39		5214.820456000
6	69		5214.822021000
6	31		5214.825293000
6	39		5214.826840000
6	0		5215.004355000
6	0		5215.190753000
6	0		5215.376269000
6	0		5215.469535000
6	0		5215.654998000
6	0		5215.841418000
6	0		5216.027837000
6	0		5216.213196000
6	0		5216.399593000
6	0		5216.584943000
6	0		5216.771302000
6	0		5216.957703000
6	0		5217.143244000
6	0		5217.329595000
6	0		5217.514971000
6	0		5217.701387000
6	0		5217.887760000
6	0		5217.979963000
6	0		5218.166443000
6	0		5218.351865000
6	0		5218.538271000
6	0		5218.724649000
6	0		5218.909999000
6	0		5219.096391000
6	0		5219.282745000
6	0		5219.468133000
6	0		5219.654664000
6	0		5219.840026000
6	0		5220.026385000
6	0		5220.212764000
6	0		5220.398130000
6	0		5220.584535000
6	0		5220.677712000
6	0		5220.863084000
6	0		5221.049573000
6	0		5221.203948000
6	0		5221.328264000
6	0		5221.452618000
6	0		5221.575877000
6	0		5221.700190000
6	0		5221.824488000
6	0		5221.948741000
6	0		5222.072078000
6	0		5222.196384000
6	438		5222.258408000
6	0		5222.263955000
6	1101		5222.320683000
6	0		5222.320710000
6	0		5222.322073000
6	139		5222.328360000
6	62		5222.331810000
6	31		5222.334885000
6	0		5222.444217000
6	0		5222.506467000
6	0		5222.630720000
6	0		5222.754060000
6	0		5222.878559000
6	1396		5222.940191000
6	311		5222.940219000
17		41	5222.940229000
6	0		5222.941081000
6	1396		5222.941479000
17		1358	5222.941790000
6	1396		5222.954476000
6	1396		5222.968182000
6	1396		5222.981904000
6	1396		5222.995611000
17		41	5223.002495000
6	1396		5223.009330000
6	1396		5223.023057000
6	1396		5223.036920000
6	1396		5223.050490000
17		1358	5223.059497000
6	1396		5223.064196000
17		41	5223.064648000
6	1396		5223.077916000
6	1396		5223.091626000
6	1396		5223.105355000
6	1396		5223.119079000
17		41	5223.126228000
6	1396		5223.132802000
6	1396		5223.146493000
6	1396		5223.160218000
6	1396		5223.173938000
17		1358	5223.176837000
6	1396		5223.187642000
6	0		5223.188069000
6	39		5223.188098000
17		41	5223.188112000
6	0		5223.194556000
6	1396		5223.201437000
6	1396		5223.215074000
6	1396		5223.228810000
6	1396		5223.242547000
6	1396		5223.256242000
6	1396		5223.269949000
6	1396		5223.283684000
17		1358	5223.294517000
6	1396		5223.297402000
6	1396		5223.311095000
17		41	5223.312187000
6	1396		5223.324831000
6	1396		5223.338540000
6	1396		5223.352267000
6	1396		5223.365973000
6	0		5223.374495000
6	1396		5223.379684000
6	1396		5223.393391000
6	1396		5223.407138000
17		1358	5223.411501000
6	1396		5223.420851000
6	1396		5223.434565000
6	1396		5223.448288000
6	1396		5223.461995000
6	1396		5223.475706000
6	1396		5223.489426000
6	0		5223.497990000
6	1396		5223.503150000
6	1396		5223.516859000
17		1358	5223.529382000
6	1396		5223.530563000
6	1396		5223.544291000
6	1396		5223.558030000
6	1396		5223.571726000
6	788		5223.585449000
6	0		5223.622505000
17		1358	5223.646090000
6	0		5223.746487000
17		1358	5223.763432000
17		46	5223.869898000
17		1358	5223.880701000
6	0		5223.932044000
17		1358	5223.998488000
6	0		5224.056211000
17		1358	5224.115377000
6	0		5224.180804000
17		1358	5224.231951000
6	0		5224.304396000
17		1358	5224.349546000
6	0		5224.427949000
17		1358	5224.466816000
17		41	5224.490682000
17		1358	5224.584165000
6	0		5224.614340000
17		1358	5224.702102000
6	0		5224.738481000
6	0		5224.800775000
17		1358	5224.818868000
6	0		5224.924540000
17		1358	5224.936013000
17		41	5224.986067000
17		1358	5225.053714000
6	0		5225.110565000
17		1358	5225.147377000
6	0		5225.234804000
6	0		5225.358103000
6	0		5225.482480000
17		41	5225.606076000
17		1358	5225.607748000
6	0		5225.667896000
6	0		5225.792302000
6	0		5225.916620000
6	0		5226.039917000
17		41	5226.164223000
6	0		5226.164250000
17		1358	5226.166377000
6	0		5226.226185000
6	1396		5226.287850000
6	427		5226.287879000
6	0		5226.287887000
6	0		5226.288473000
6	1396		5226.289572000
6	2792		5226.289615000
6	1396		5226.289653000
6	2792		5226.289714000
6	1396		5226.304388000
6	1396		5226.318983000
6	1396		5226.333559000
6	1396		5226.348186000
6	1396		5226.362804000
6	1396		5226.377418000
6	1396		5226.392043000
6	1396		5226.406662000
6	0		5226.412576000
6	1396		5226.421394000
6	1396		5226.435919000
6	1396		5226.450552000
6	1396		5226.465151000
17		41	5226.474708000
17		1358	5226.476524000
6	1396		5226.479769000
6	1396		5226.494409000
6	1396		5226.509029000
6	1396		5226.523645000
17		41	5226.536327000
6	1396		5226.538253000
6	1396		5226.552874000
6	1396		5226.567506000
6	1396		5226.582133000
17		1358	5226.594912000
6	1396		5226.596794000
17		41	5226.597816000
6	1396		5226.611350000
6	1396		5226.625995000
6	1396		5226.640612000
6	1396		5226.655228000
17		41	5226.659788000
6	1396		5226.669833000
6	1396		5226.684464000
6	1396		5226.699081000
17		1358	5226.713418000
6	1396		5226.713671000
17		41	5226.722307000
6	1396		5226.728327000
6	1396		5226.742939000
6	1396		5226.757570000
6	1396		5226.772197000
17		41	5226.784871000
6	1396		5226.786795000
6	1396		5226.801484000
6	1396		5226.816058000
6	1396		5226.830670000
17		1358	5226.831419000
6	1084		5226.845293000
17		41	5226.846315000
17		41	5226.908306000
17		1358	5226.948724000
17		41	5226.970663000
17		41	5227.032736000
17		1358	5227.066574000
17		41	5227.094095000
17		41	5227.156658000
17		1358	5227.183565000
17		41	5227.218766000
17		41	5227.280590000
17		1358	5227.300070000
17		41	5227.342984000
6	0		5227.404294000
17		1358	5227.418155000
6	0		5227.466473000
6	0		5227.528662000
17		1358	5227.535977000
6	0		5227.589857000
6	0		5227.652443000
17		1358	5227.652800000
6	0		5227.714075000
17		1358	5227.768968000
6	0		5227.776239000
6	0		5227.776284000
6	0		5227.838422000
17		1358	5227.886549000
6	0		5227.899860000
6	0		5227.962007000
17		1358	5228.004530000
6	0		5228.024176000
6	0		5228.085958000
17		1358	5228.121961000
6	0		5228.148146000
6	0		5228.210425000
17		1358	5228.239572000
6	0		5228.272567000
6	0		5228.334207000
17		46	5228.458262000
6	0		5228.458305000
17		1358	5228.460064000
6	0		5228.582501000
6	0		5228.706828000
6	0		5228.830178000
6	0		5228.954535000
17		41	5229.016888000
17		1358	5229.018216000
6	0		5229.140665000
6	0		5229.264070000
6	0		5229.326227000
6	0		5229.450399000
17		41	5229.512445000
17		1358	5229.514305000
6	0		5229.636729000
6	0		5229.760359000
6	1396		5229.822240000
6	312		5229.822266000
6	0		5229.822853000
6	1396		5229.823843000
6	1396		5229.836544000
6	1396		5229.850290000
6	1396		5229.863979000
6	1396		5229.877695000
6	0		5229.884389000
6	1396		5229.891406000
6	1396		5229.905128000
6	1396		5229.918855000
6	1396		5229.932576000
6	1396		5229.946281000
6	1396		5229.960052000
6	1396		5229.973707000
6	1396		5229.987443000
6	1396		5230.001143000
6	0		5230.007986000
6	1396		5230.014860000
6	1396		5230.028599000
6	1396		5230.042332000
6	1396		5230.056037000
6	1396		5230.069739000
6	1396		5230.083456000
6	1396		5230.097174000
6	1396		5230.110884000
6	1396		5230.124603000
17		41	5230.132559000
6	0		5230.132585000
17		1358	5230.134386000
6	1396		5230.138312000
6	1396		5230.152086000
6	1396		5230.165750000
6	1396		5230.179488000
6	1396		5230.193181000
6	0		5230.194782000
6	1396		5230.206907000
6	1396		5230.220642000
6	1396		5230.234408000
6	1396		5230.248092000
17		41	5230.256345000
6	1396		5230.261767000
6	1396		5230.275491000
6	1396		5230.289251000
17		1358	5230.291113000
6	1396		5230.302959000
6	1396		5230.316649000
17		41	5230.318360000
6	1396		5230.330358000
6	1396		5230.344075000
6	1396		5230.357889000
6	1396		5230.371504000
17		41	5230.380761000
6	1396		5230.385230000
6	1396		5230.398948000
6	1396		5230.412652000
6	1396		5230.426394000
6	1396		5230.440090000
17		41	5230.442808000
17		1358	5230.448726000
6	1396		5230.453824000
6	275		5230.467516000
17		41	5230.504220000
17		41	5230.566652000
17		41	5230.628621000
17		1358	5230.632916000
17		41	5230.690757000
17		41	5230.752131000
17		1358	5230.769245000
17		41	5230.814107000
17		41	5230.876429000
17		1358	5230.906661000
17		41	5230.938585000
17		41	5230.999796000
17		1358	5231.044215000
6	0		5231.124654000
17		1358	5231.181520000
6	0		5231.248095000
17		1358	5231.318529000
6	0		5231.372255000
17		1358	5231.455690000
6	0		5231.496154000
17		1358	5231.593744000
6	0		5231.620404000
17		1358	5231.730598000
6	0		5231.744395000
17		1358	5231.867337000
6	0		5231.868215000
6	0		5231.991930000
17		1358	5232.006186000
6	0		5232.116698000
17		1358	5232.142963000
6	0		5232.240395000
6	0		5232.364129000
17		41	5232.488295000
6	0		5232.488333000
17		1358	5232.489955000
6	0		5232.612389000
6	0		5232.735876000
6	0		5232.798035000
6	0		5232.922320000
6	0		5233.046653000
6	0		5233.169965000
17		41	5233.232187000
17		1358	5233.233910000
6	0		5233.356348000
6	0		5233.480227000
6	1396		5233.542472000
6	427		5233.542505000
6	0		5233.543073000
6	1396		5233.543990000
6	1396		5233.557712000
6	1396		5233.572354000
6	1396		5233.586932000
6	1396		5233.601734000
6	0		5233.603841000
6	1396		5233.616215000
6	1396		5233.630804000
6	1396		5233.645470000
6	1396		5233.660051000
6	1396		5233.674678000
6	1396		5233.689290000
6	1396		5233.704009000
6	1396		5233.718548000
6	0		5233.728392000
6	1396		5233.733177000
6	1396		5233.747794000
6	1396		5233.762432000
6	1396		5233.777026000
6	1396		5233.791645000
6	1396		5233.806264000
6	1396		5233.820902000
6	1396		5233.835502000
6	1396		5233.850143000
6	0		5233.852477000
6	1396		5233.864751000
6	1396		5233.879380000
6	1396		5233.893990000
6	1396		5233.908634000
6	1396		5233.923244000
6	1396		5233.937870000
6	1396		5233.952488000
6	1396		5233.967095000
17		41	5233.976276000
6	0		5233.976327000
6	1396		5233.981717000
6	1396		5233.996337000
6	1396		5234.010977000
6	1396		5234.025597000
6	0		5234.038328000
6	1396		5234.040215000
6	1396		5234.054853000
6	1396		5234.069459000
6	1396		5234.084060000
6	1396		5234.098706000
17		46	5234.100735000
6	1396		5234.113308000
17		33	5234.126962000
6	1396		5234.127908000
6	1396		5234.142545000
6	1396		5234.157189000
17		41	5234.161804000
6	1196		5234.171791000
17		41	5234.224378000
17		41	5234.286584000
17		41	5234.348139000
17		41	5234.410221000
17		41	5234.472314000
17		41	5234.533961000
17		41	5234.596728000
17		1358	5234.598459000
17		41	5234.657893000
17		41	5234.720513000
17		1358	5234.737155000
17		41	5234.781888000
17		41	5234.844093000
17		1358	5234.875885000
6	0		5234.968378000
17		1358	5235.012382000
6	0		5235.030572000
6	0		5235.091885000
17		1358	5235.149749000
6	0		5235.153997000
6	0		5235.216260000
6	0		5235.278407000
6	0		5235.340745000
6	0		5235.340769000
6	0		5235.401947000
6	0		5235.464119000
6	0		5235.526241000
6	0		5235.588551000
6	0		5235.650722000
6	0		5235.711909000
6	0		5235.774069000
6	0		5235.836257000
6	0		5235.898432000
6	0		5235.960568000
6	0		5236.022749000
6	0		5236.083901000
6	0		5236.146066000
6	0		5236.208218000
6	0		5236.270487000
6	0		5236.332664000
6	0		5236.393825000
6	0		5236.455972000
6	0		5236.518142000
6	0		5236.580306000
6	0		5236.642488000
6	0		5236.704669000
6	0		5236.765858000
6	0		5236.827953000
6	0		5236.890128000
6	0		5236.952379000
6	0		5237.014552000
6	0		5237.076706000
6	0		5237.076732000
6	0		5237.137889000
6	0		5237.200083000
6	0		5237.262251000
6	1396		5237.324448000
6	427		5237.324476000
6	0		5237.324484000
6	0		5237.325083000
6	1396		5237.326022000
6	1396		5237.338776000
6	1396		5237.352510000
6	1396		5237.366224000
6	1396		5237.379938000
6	0		5237.386260000
6	1396		5237.393632000
6	1396		5237.407360000
6	1396		5237.421080000
6	1396		5237.434802000
6	0		5237.448486000
6	1396		5237.448570000
6	1396		5237.462244000
6	1396		5237.475960000
6	1396		5237.489688000
6	1396		5237.503393000
17		41	5237.510087000
17		1358	5237.511804000
6	1396		5237.517103000
6	1396		5237.530810000
6	1396		5237.544565000
6	1396		5237.558282000
6	1396		5237.571973000
17		41	5237.572504000
6	1396		5237.585705000
6	1396		5237.599418000
6	1396		5237.613109000
6	1396		5237.626829000
17		41	5237.634109000
6	1396		5237.640564000
17		1358	5237.649857000
6	1396		5237.654270000
6	1396		5237.668035000
6	1396		5237.681702000
6	1396		5237.695427000
17		41	5237.695929000
6	1396		5237.709140000
6	1396		5237.722857000
6	1396		5237.736564000
6	1396		5237.750312000
17		41	5237.758462000
6	1396		5237.764007000
6	1396		5237.777784000
17		1358	5237.787348000
6	1396		5237.791441000
6	1396		5237.805172000
6	1396		5237.818885000
6	1108		5237.832595000
6	0		5237.882263000
17		1358	5237.924690000
6	0		5238.006298000
17		1358	5238.062516000
6	0		5238.129908000
17		1358	5238.199415000
6	0		5238.254343000
6	0		5238.316093000
17		1358	5238.335887000
6	0		5238.440344000
17		1358	5238.473510000
6	0		5238.563920000
17		1358	5238.610911000
17		41	5238.626657000
17		1358	5238.747986000
6	0		5238.750434000
6	0		5238.874668000
17		1358	5238.885454000
6	0		5238.997919000
17		1358	5239.021885000
6	0		5239.122351000
17		1358	5239.160433000
6	0		5239.245883000
17		1358	5239.296864000
17		41	5239.307946000
6	0		5239.432545000
17		1358	5239.434118000
6	0		5239.556541000
17		1358	5239.572300000
6	0		5239.680733000
17		1358	5239.709032000
6	0		5239.804488000
17		1358	5239.845859000
6	0		5239.866627000
17		46	5239.927885000
17		33	5239.953936000
17		1358	5239.983464000
6	0		5240.052125000
17		1358	5240.092948000
6	0		5240.175846000
17		1358	5240.202820000
6	1396		5240.238315000
6	312		5240.238345000
17		41	5240.238356000
6	0		5240.238933000
17		41	5240.300528000
17		1358	5240.312905000
17		41	5240.362103000
6	1396		5240.402224000
6	1396		5240.409066000
6	1396		5240.422772000
17		1358	5240.423155000
17		41	5240.424192000
6	1396		5240.436507000
6	1396		5240.450222000
6	1396		5240.463938000
6	1396		5240.477648000
17		41	5240.486187000
6	1396		5240.491358000
6	1396		5240.505073000
6	1396		5240.518796000
17		1358	5240.531812000
6	1396		5240.532490000
6	1396		5240.546238000
17		41	5240.548671000
6	1396		5240.559943000
6	1396		5240.573698000
6	1396		5240.587378000
6	1396		5240.601107000
17		41	5240.610183000
6	1396		5240.614808000
6	1396		5240.628524000
17		1358	5240.642067000
6	1396		5240.642223000
6	1396		5240.655971000
6	1396		5240.669680000
17		41	5240.672131000
6	1396		5240.683392000
6	1396		5240.697182000
6	1396		5240.710827000
6	1396		5240.724555000
17		41	5240.734633000
6	1396		5240.738269000
17		1358	5240.751873000
6	1396		5240.751957000
6	1396		5240.765712000
6	1396		5240.779406000
6	1396		5240.793129000
17		41	5240.796582000
6	1396		5240.806843000
6	1396		5240.820571000
6	1396		5240.834302000
6	1396		5240.848008000
17		41	5240.858049000
6	1396		5240.861711000
17		1358	5240.861803000
6	1396		5240.875454000
6	1396		5240.889152000
6	1396		5240.902862000
6	1396		5240.916591000
17		41	5240.920138000
6	1396		5240.930303000
6	1396		5240.944019000
6	1396		5240.957751000
6	1396		5240.971459000
17		1358	5240.971886000
17		41	5240.982587000
6	1396		5240.985206000
6	1396		5240.998880000
6	1396		5241.012648000
6	1396		5241.026319000
6	1095		5241.040040000
17		41	5241.044006000
17		1358	5241.080826000
17		41	5241.106082000
17		41	5241.167867000
17		41	5241.229956000
17		1358	5241.265150000
17		41	5241.292179000
6	0		5241.416745000
17		1358	5241.443615000
6	0		5241.478989000
17		41	5241.479021000
6	0		5241.540326000
17		1358	5241.620055000
6	0		5241.664409000
6	0		5241.788630000
17		1358	5241.793728000
6	0		5241.912113000
17		1358	5241.969039000
17		46	5241.973842000
17		33	5242.000285000
6	0		5242.098694000
17		1358	5242.143660000
6	0		5242.222125000
17		1358	5242.314854000
6	0		5242.346443000
6	0		5242.470489000
17		1358	5242.486310000
17		41	5242.532249000
6	0		5242.655977000
17		1358	5242.658639000
6	0		5242.780066000
17		1358	5242.787280000
6	0		5242.904187000
17		1358	5242.915029000
6	0		5242.965809000
17		41	5243.028004000
17		1358	5243.044296000
6	0		5243.152748000
17		1358	5243.173086000
6	0		5243.276548000
17		1358	5243.301750000
6	0		5243.400225000
17		1358	5243.430043000
6	0		5243.524484000
17		1358	5243.558937000
17		41	5243.648351000
6	0		5243.648392000
17		1358	5243.687331000
6	0		5243.772820000
17		1358	5243.816198000
6	0		5243.896662000
17		1358	5243.944042000
6	0		5244.020507000
17		1358	5244.073137000
6	0		5244.144608000
17		1358	5244.201496000
17		41	5244.206425000
6	0		5244.330092000
17		1358	5244.330843000
6	0		5244.392261000
6	0		5244.454168000
6	610		5244.454197000
6	39		5244.454205000
6	0		5244.456369000
6	0		5244.456399000
6	39		5244.456545000
17		1358	5244.458752000
6	69		5244.459009000
6	31		5244.461701000
6	39		5244.463242000
6	1396		5244.516072000
6	426		5244.516104000
17		41	5244.516115000
6	0		5244.516675000
6	1396		5244.565564000
6	1396		5244.572405000
17		41	5244.578755000
6	1396		5244.586104000
17		1358	5244.588097000
6	1396		5244.599830000
6	1396		5244.613543000
6	1396		5244.627267000
17		41	5244.640742000
6	1396		5244.640963000
6	1396		5244.654710000
6	1396		5244.668434000
6	1396		5244.682137000
6	1396		5244.695919000
17		41	5244.702554000
6	1396		5244.709567000
17		1358	5244.716217000
6	1396		5244.723291000
6	1396		5244.737048000
6	1396		5244.750728000
17		41	5244.764032000
6	1396		5244.764430000
6	1396		5244.778173000
6	1396		5244.791878000
6	1396		5244.805614000
6	1396		5244.819315000
17		41	5244.826320000
6	1396		5244.833046000
17		1358	5244.845387000
6	1396		5244.846736000
6	1396		5244.860468000
6	1396		5244.874230000
6	1396		5244.887905000
17		41	5244.888500000
6	1396		5244.901630000
6	1396		5244.915340000
6	1396		5244.929045000
6	1396		5244.942746000
17		41	5244.949905000
6	1396		5244.956504000
6	1396		5244.970193000
17		1358	5244.973537000
6	1396		5244.983919000
6	1396		5244.997679000
6	1396		5245.011349000
17		41	5245.012068000
6	1396		5245.025118000
6	1396		5245.038781000
6	1396		5245.052490000
6	1396		5245.066213000
17		41	5245.073862000
6	1396		5245.079940000
6	1396		5245.093646000
17		1358	5245.101981000
6	1396		5245.107373000
6	1396		5245.121089000
6	1396		5245.134814000
17		41	5245.136420000
6	596		5245.148534000
17		41	5245.198553000
17		1358	5245.230547000
17		41	5245.260477000
17		41	5245.321918000
17		1358	5245.359399000
17		41	5245.384704000
17		46	5245.446625000
17		33	5245.472904000
17		1358	5245.487569000
17		41	5245.508621000
17		41	5245.570340000
17		1358	5245.616309000
17		41	5245.631922000
17		41	5245.694559000
17		1358	5245.745154000
17		41	5245.756472000
17		41	5245.818277000
6	0		5245.818307000
17		1358	5245.873621000
6	0		5245.880634000
6	39		5245.880659000
6	0		5245.887960000
17		1358	5246.002100000
6	0		5246.004332000
6	0		5246.128372000
17		41	5246.128400000
17		1358	5246.130738000
6	0		5246.252166000
17		1358	5246.259742000
6	0		5246.376197000
17		1358	5246.388883000
6	0		5246.500288000
17		1358	5246.517500000
6	0		5246.623887000
17		1358	5246.645496000
17		41	5246.685801000
17		1358	5246.774387000
6	0		5246.809985000
17		1358	5246.903011000
6	0		5246.934006000
17		1358	5247.030993000
6	0		5247.058016000
17		1358	5247.159935000
6	0		5247.182501000
17		1358	5247.288546000
17		41	5247.306147000
6	0		5247.367922000
17		1358	5247.417963000
6	0		5247.492927000
17		1358	5247.546164000
6	0		5247.616585000
17		1358	5247.674293000
6	0		5247.677836000
6	0		5247.802045000
17		1358	5247.803565000
17		41	5247.926239000
6	0		5247.926279000
17		1358	5247.932174000
6	0		5247.988243000
17		1358	5248.060923000
6	0		5248.112755000
17		1358	5248.188739000
6	0		5248.236483000
17		1358	5248.318676000
6	0		5248.360243000
17		1358	5248.447303000
6	0		5248.484581000
6	1396		5248.546416000
6	426		5248.546457000
17		41	5248.546472000
6	0		5248.547063000
6	1396		5248.547983000
6	1396		5248.561672000
17		1358	5248.576213000
6	1396		5248.576268000
6	1396		5248.590924000
6	1396		5248.605542000
6	1396		5248.620155000
6	1396		5248.634772000
6	1396		5248.649404000
6	1396		5248.664021000
6	0		5248.669988000
6	1396		5248.678628000
6	1396		5248.693257000
17		1358	5248.704659000
6	1396		5248.707871000
6	1396		5248.722498000
6	0		5248.732060000
6	1396		5248.737119000
6	1396		5248.751756000
6	1396		5248.766358000
6	1396		5248.780989000
17		41	5248.794575000
6	1396		5248.795592000
6	1396		5248.810234000
6	1396		5248.824861000
17		1358	5248.833551000
6	1396		5248.839485000
6	1396		5248.854094000
17		41	5248.856092000
6	1396		5248.868718000
6	1396		5248.883338000
6	1396		5248.897958000
6	1396		5248.912590000
17		41	5248.918132000
6	1396		5248.927219000
6	1396		5248.941860000
6	1396		5248.956462000
17		1358	5248.961634000
6	1396		5248.971070000
17		41	5248.980657000
6	1396		5248.985675000
6	1396		5249.000382000
6	1396		5249.014917000
6	1396		5249.029548000
17		41	5249.042223000
6	1396		5249.044173000
6	1396		5249.058789000
17		1358	5249.063853000
6	1396		5249.073408000
6	1396		5249.088034000
6	1396		5249.102667000
17		41	5249.104454000
6	1396		5249.117271000
6	1396		5249.131893000
6	1396		5249.146514000
6	1396		5249.161133000
17		41	5249.165826000
17		1358	5249.167340000
6	1396		5249.175746000
6	1396		5249.190393000
6	1396		5249.205015000
6	342		5249.219749000
17		41	5249.228241000
17		1358	5249.269855000
17		46	5249.290747000
17		33	5249.317424000
17		41	5249.352110000
17		1358	5249.373163000
17		41	5249.414390000
17		41	5249.476394000
17		1358	5249.476658000
17		41	5249.538517000
17		1358	5249.578441000
17		41	5249.600321000
17		41	5249.662524000
17		1358	5249.681884000
17		41	5249.724529000
17		1358	5249.784385000
17		41	5249.786810000
6	687		5249.786840000
6	0		5249.788636000
6	67		5249.790306000
6	31		5249.791952000
6	39		5249.793515000
17		41	5249.848634000
17		1358	5249.887136000
17		41	5249.910614000
17		41	5249.972138000
17		1358	5249.990481000
17		41	5250.034309000
17		41	5250.096065000
17		41	5250.158598000
17		1358	5250.160137000
17		41	5250.220376000
6	0		5250.282531000
17		1358	5250.333785000
6	0		5250.344669000
17		41	5250.406240000
6	0		5250.468394000
17		1358	5250.504967000
6	0		5250.530246000
6	0		5250.592474000
6	0		5250.654654000
17		1358	5250.677067000
6	0		5250.715830000
6	0		5250.778471000
6	0		5250.840633000
17		1358	5250.847646000
6	0		5250.901842000
6	0		5250.964464000
17		1358	5251.018946000
17		41	5251.026034000
6	0		5251.088347000
6	0		5251.150509000
17		1358	5251.190515000
6	0		5251.212695000
6	0		5251.273994000
17		1358	5251.319272000
6	0		5251.336152000
6	0		5251.397865000
6	0		5251.397891000
17		1358	5251.447155000
6	0		5251.459848000
6	0		5251.522756000
17		1358	5251.576250000
17		41	5251.584337000
6	0		5251.646646000
6	0		5251.707808000
6	0		5251.769932000
6	0		5251.832104000
6	0		5251.894254000
6	0		5251.956501000
6	0		5252.018719000
6	0		5252.079853000
6	0		5252.142006000
17		41	5252.203843000
6	0		5252.266358000
6	0		5252.328542000
6	0		5252.390646000
6	0		5252.451926000
6	0		5252.514113000
6	0		5252.576283000
6	0		5252.638467000
17		46	5252.700326000
17		33	5252.727391000
6	0		5252.762710000
6	0		5252.823877000
6	0		5252.823900000
6	0		5252.886065000
6	0		5252.948239000
6	0		5253.010406000
6	0		5253.072561000
17		41	5253.134468000
6	0		5253.195931000
6	0		5253.258159000
6	0		5253.320645000
6	0		5253.320674000
6	1396		5253.382240000
6	311		5253.382268000
17		41	5253.382277000
6	0		5253.382861000
6	1396		5253.383807000
6	1396		5253.397506000
6	1396		5253.412133000
6	1396		5253.426747000
6	1396		5253.441384000
17		41	5253.444169000
6	1396		5253.455991000
6	1396		5253.470603000
6	1396		5253.485244000
6	1396		5253.499875000
17		41	5253.506523000
6	1396		5253.514484000
6	1396		5253.529107000
6	1396		5253.543699000
6	1396		5253.558339000
17		41	5253.568094000
6	1396		5253.572954000
6	1396		5253.587568000
6	1396		5253.602199000
6	1396		5253.616825000
17		41	5253.630621000
6	1396		5253.631434000
6	1396		5253.646059000
6	1396		5253.660678000
6	1396		5253.675293000
6	1396		5253.689924000
6	0		5253.692070000
6	39		5253.692096000
17		41	5253.692105000
6	0		5253.698889000
6	1396		5253.704539000
6	1396		5253.719165000
6	1396		5253.733804000
6	1396		5253.748446000
17		41	5253.754031000
6	1396		5253.763020000
6	1396		5253.777649000
6	1396		5253.792273000
6	1396		5253.806904000
17		41	5253.816544000
6	1396		5253.821500000
6	1396		5253.836131000
6	1396		5253.850763000
6	1396		5253.865365000
17		41	5253.877900000
6	1396		5253.880000000
6	1396		5253.894620000
6	1396		5253.909224000
6	1396		5253.923931000
6	1396		5253.938484000
17		41	5253.940385000
6	1396		5253.953095000
6	1396		5253.967726000
6	1396		5253.982334000
6	1396		5253.996968000
17		41	5254.002532000
6	1396		5254.011587000
6	1396		5254.026221000
6	1396		5254.040838000
6	1396		5254.055459000
17		41	5254.064157000
6	1095		5254.070063000
17		41	5254.126801000
17		41	5254.188251000
17		1358	5254.189509000
17		1358	5254.189539000
17		41	5254.250224000
17		1358	5254.252577000
17		41	5254.312454000
17		41	5254.373931000
17		1358	5254.382239000
6	0		5254.436285000
6	0		5254.498675000
17		1358	5254.511571000
6	0		5254.559851000
6	0		5254.622030000
6	0		5254.684187000
6	0		5254.746469000
6	0		5254.870704000
6	0		5254.994013000
6	0		5255.118353000
6	0		5255.242650000
6	0		5255.365985000
6	0		5255.490395000
6	0		5255.614598000
6	0		5255.737896000
6	0		5255.862217000
6	0		5255.923986000
6	0		5256.048647000
6	0		5256.171930000
6	0		5256.296260000
6	0		5256.420671000
6	0		5256.543913000
6	0		5256.668298000
6	0		5256.792682000
6	0		5256.916055000
6	0		5257.040279000
6	0		5257.164607000
6	1396		5257.226221000
6	0		5257.232745000
6	425		5257.288544000
6	0		5257.288574000
17		41	5257.288586000
6	0		5257.289101000
6	1396		5257.289831000
17		1358	5257.290263000
6	1396		5257.302794000
6	1396		5257.316620000
6	1396		5257.330248000
6	1396		5257.344010000
17		46	5257.349856000
6	1396		5257.357671000
6	1396		5257.371392000
17		33	5257.376555000
6	1396		5257.385127000
6	1396		5257.398834000
17		41	5257.412354000
6	1396		5257.412516000
17		1358	5257.418889000
6	1396		5257.426248000
6	1396		5257.439976000
6	1396		5257.453803000
6	1396		5257.467410000
17		41	5257.474012000
6	1396		5257.481145000
6	1396		5257.494852000
6	1396		5257.508576000
6	1396		5257.522296000
6	1396		5257.535998000
17		41	5257.536163000
17		1358	5257.548093000
6	1396		5257.549705000
6	1396		5257.563438000
6	1396		5257.577145000
6	1396		5257.590884000
6	0		5257.598416000
6	1396		5257.604599000
6	1396		5257.618311000
6	1396		5257.632027000
6	1396		5257.645741000
6	1396		5257.659441000
17		41	5257.659940000
6	1396		5257.673171000
17		1358	5257.676135000
6	1396		5257.686898000
6	1396		5257.700603000
6	1396		5257.714324000
6	0		5257.721946000
6	1396		5257.728044000
6	1396		5257.741748000
6	1396		5257.755490000
6	1396		5257.769205000
6	1396		5257.782922000
6	0		5257.784184000
6	1396		5257.796627000
17		1358	5257.804795000
6	1396		5257.810333000
6	1396		5257.824159000
6	1396		5257.837780000
6	0		5257.846093000
6	1396		5257.851489000
6	1396		5257.865236000
6	1396		5257.878928000
6	1396		5257.892714000
6	1396		5257.906360000
6	0		5257.908194000
6	1396		5257.920087000
17		1358	5257.934430000
6	1125		5257.934488000
6	0		5257.969866000
6	0		5258.031943000
17		1358	5258.062830000
6	0		5258.094078000
6	0		5258.156317000
17		1358	5258.190688000
6	0		5258.218526000
17		41	5258.280147000
17		1358	5258.319678000
6	0		5258.341980000
6	0		5258.404153000
17		1358	5258.448152000
6	0		5258.466333000
6	0		5258.528684000
17		1358	5258.577570000
6	0		5258.589805000
6	0		5258.589833000
6	0		5258.652235000
17		1358	5258.705270000
6	0		5258.776679000
17		1358	5258.834137000
17		41	5258.838501000
6	0		5258.961784000
17		1358	5258.962408000
17		1358	5259.065375000
6	0		5259.085793000
17		1358	5259.169330000
6	0		5259.209891000
17		1358	5259.271145000
6	0		5259.334565000
17		1358	5259.374404000
6	0		5259.457891000
17		1358	5259.477412000
17		41	5259.520744000
17		1358	5259.579773000
6	0		5259.644146000
17		1358	5259.750991000
6	0		5259.768557000
6	0		5259.892554000
17		1358	5259.923449000
6	0		5260.015886000
17		41	5260.078431000
17		1358	5260.094494000
6	0		5260.139845000
17		1358	5260.222758000
6	0		5260.264162000
17		1358	5260.351646000
6	0		5260.388287000
17		1358	5260.480686000
6	0		5260.512198000
6	0		5260.636304000
17		41	5260.698106000
17		1358	5260.699828000
6	0		5260.760753000
6	1396		5260.822176000
6	311		5260.822208000
17		41	5260.822219000
6	0		5260.822757000
17		1358	5260.830178000
6	1396		5260.870269000
6	1396		5260.877110000
17		41	5260.883813000
6	1396		5260.890822000
6	1396		5260.904599000
6	1396		5260.918273000
6	1396		5260.932055000
6	1396		5260.945734000
17		41	5260.946182000
6	1396		5260.959415000
17		1358	5260.959530000
6	1396		5260.973206000
6	1396		5260.986846000
6	1396		5261.000580000
17		41	5261.007845000
6	1396		5261.014281000
6	1396		5261.028000000
6	1396		5261.041718000
6	1396		5261.055443000
6	1396		5261.069174000
17		41	5261.070727000
6	1396		5261.082867000
17		1358	5261.088667000
6	1396		5261.096592000
6	1396		5261.110384000
6	1396		5261.124095000
17		41	5261.132686000
6	1396		5261.137765000
6	1396		5261.151469000
6	1396		5261.165176000
6	1396		5261.178898000
6	1396		5261.192605000
17		41	5261.194172000
6	1396		5261.206328000
17		1358	5261.217215000
6	1396		5261.220033000
6	1396		5261.233761000
6	1396		5261.247479000
17		41	5261.256551000
6	1396		5261.261194000
6	1396		5261.274911000
6	1396		5261.288638000
6	1396		5261.302338000
6	1396		5261.316071000
17		41	5261.318602000
6	1396		5261.329782000
6	1396		5261.343509000
17		1358	5261.346005000
6	1396		5261.357213000
6	1396		5261.370927000
17		41	5261.380669000
6	1396		5261.384699000
6	1396		5261.398359000
6	1396		5261.412077000
6	1396		5261.425801000
6	1396		5261.439523000
17		46	5261.442245000
6	1396		5261.453215000
6	1396		5261.466958000
17		33	5261.469003000
17		1358	5261.475321000
6	1396		5261.480662000
6	1396		5261.494396000
17		41	5261.504612000
6	1095		5261.508082000
17		41	5261.565914000
17		1358	5261.603058000
17		41	5261.628582000
17		41	5261.690083000
17		1358	5261.731673000
17		41	5261.752338000
17		41	5261.813853000
17		1358	5261.854922000
17		41	5261.876275000
17		41	5261.938052000
17		1358	5261.979428000
17		41	5262.000281000
17		1358	5262.102759000
6	0		5262.124055000
17		1358	5262.226589000
6	0		5262.248351000
17		1358	5262.350886000
6	0		5262.372167000
17		1358	5262.474499000
6	0		5262.496468000
17		41	5262.558548000
17		1358	5262.599024000
6	0		5262.682484000
17		1358	5262.722886000
6	0		5262.806412000
17		1358	5262.846501000
6	0		5262.929965000
17		1358	5262.971220000
6	0		5263.054653000
17		1358	5263.094751000
6	0		5263.116403000
17		41	5263.116431000
6	0		5263.178273000
17		1358	5263.218409000
6	0		5263.301869000
17		1358	5263.318018000
17		1358	5263.416933000
6	0		5263.426432000
17		1358	5263.516601000
6	0		5263.550603000
17		1358	5263.616283000
6	0		5263.674297000
17		41	5263.736412000
17		1358	5263.738311000
6	0		5263.860707000
6	0		5263.984008000
6	0		5264.108327000
6	0		5264.232803000
6	0		5264.356089000
17		41	5264.418058000
17		1358	5264.419777000
6	0		5264.542293000
6	0		5264.604421000
6	0		5264.728788000
6	0		5264.852117000
17		41	5264.976257000
6	0		5264.976284000
17		1358	5264.977731000
6	0		5265.100133000
6	0		5265.161950000
6	1396		5265.224413000
6	425		5265.224438000
17		41	5265.224446000
6	0		5265.224963000
6	1396		5265.225998000
17		1358	5265.226101000
6	1396		5265.238695000
6	1396		5265.252425000
6	1396		5265.266196000
6	1396		5265.279852000
17		41	5265.286202000
6	1396		5265.293539000
6	1396		5265.307289000
6	1396		5265.321015000
6	1396		5265.334714000
17		41	5265.347914000
6	1396		5265.348481000
17		1358	5265.349598000
6	1396		5265.362137000
6	1396		5265.375898000
6	1396		5265.389675000
6	1396		5265.403317000
17		41	5265.410723000
6	1396		5265.417018000
6	1396		5265.430727000
6	1396		5265.444451000
6	1396		5265.458167000
6	1396		5265.471901000
17		41	5265.472286000
17		1358	5265.473965000
6	1396		5265.485612000
6	1396		5265.499332000
6	1396		5265.513064000
6	1396		5265.526773000
17		46	5265.533929000
6	1396		5265.540494000
6	1396		5265.554213000
17		33	5265.560789000
6	1396		5265.567976000
6	1396		5265.581616000
6	1396		5265.595338000
17		41	5265.595759000
17		1358	5265.597507000
6	1396		5265.609051000
6	1396		5265.622763000
6	1396		5265.636480000
6	1396		5265.650222000
17		41	5265.658561000
6	1396		5265.663930000
6	1396		5265.677635000
6	1396		5265.691371000
6	1396		5265.705078000
6	1396		5265.718801000
17		41	5265.720490000
17		1358	5265.722297000
6	1396		5265.732495000
6	1396		5265.746225000
6	1396		5265.759946000
6	1396		5265.773731000
17		41	5265.781847000
6	1396		5265.787368000
6	1396		5265.801089000
6	1396		5265.814814000
6	1396		5265.828522000
6	1396		5265.842237000
17		41	5265.844745000
17		1358	5265.846002000
6	1396		5265.855969000
6	1125		5265.869675000
17		41	5265.906076000
17		41	5265.968764000
17		1358	5265.970521000
17		41	5266.029864000
17		41	5266.092656000
17		1358	5266.094398000
17		41	5266.154208000
17		41	5266.216543000
17		1358	5266.217905000
17		41	5266.278610000
17		1358	5266.339174000
17		41	5266.339970000
17		1358	5266.459212000
17		41	5266.464304000
6	0		5266.526603000
17		1358	5266.578436000
6	0		5266.649887000
17		1358	5266.699476000
6	0		5266.773850000
17		1358	5266.819773000
6	0		5266.898195000
17		1358	5266.939787000
6	0		5267.022202000
17		1358	5267.059325000
17		41	5267.084033000
17		1358	5267.178853000
6	0		5267.207852000
17		1358	5267.275204000
6	0		5267.332476000
17		1358	5267.372053000
6	0		5267.456495000
17		1358	5267.468114000
6	0		5267.518670000
17		1358	5267.563555000
17		41	5267.642266000
6	0		5267.642297000
17		1358	5267.660207000
6	0		5267.704268000
17		1358	5267.819062000
6	0		5267.828744000
6	0		5267.952990000
17		1358	5267.979316000
6	0		5268.075793000
17		1358	5268.139807000
6	0		5268.200110000
17		41	5268.261983000
6	0		5268.386726000
6	0		5268.509953000
6	0		5268.634290000
6	0		5268.758585000
17		41	5268.881864000
6	0		5268.944035000
6	0		5269.006347000
6	0		5269.130520000
6	0		5269.254493000
6	1396		5269.316059000
6	425		5269.316083000
6	0		5269.316670000
6	1396		5269.317512000
6	1396		5269.331268000
6	1396		5269.345977000
6	1396		5269.360505000
6	1396		5269.375148000
6	0		5269.378249000
6	1396		5269.389790000
6	1396		5269.404382000
6	1396		5269.419003000
6	1396		5269.433677000
17		41	5269.440250000
6	1396		5269.448292000
6	1396		5269.462852000
6	1396		5269.477536000
6	1396		5269.492091000
6	1396		5269.506726000
6	1396		5269.521402000
6	1396		5269.535987000
6	1396		5269.550589000
6	0		5269.564520000
6	1396		5269.565199000
6	1396		5269.579833000
6	1396		5269.594465000
6	1396		5269.609074000
6	1396		5269.623701000
17		46	5269.626534000
6	1396		5269.638323000
17		33	5269.652488000
6	1396		5269.652903000
6	1396		5269.667554000
6	1396		5269.682240000
17		41	5269.688605000
6	1396		5269.696799000
6	1396		5269.711429000
6	1396		5269.726037000
6	1396		5269.740726000
17		41	5269.750387000
6	1396		5269.755264000
6	1396		5269.769994000
6	1396		5269.784586000
6	1396		5269.799150000
17		41	5269.811813000
6	1396		5269.813805000
6	1396		5269.828385000
6	1052		5269.843001000
17		41	5269.874084000
17		41	5269.936272000
17		41	5269.998193000
17		41	5270.060427000
17		41	5270.122737000
17		41	5270.183949000
17		41	5270.245794000
17		41	5270.307977000
17		41	5270.370073000
17		41	5270.432244000
17		1358	5270.433911000
17		41	5270.494500000
17		1358	5270.555074000
17		41	5270.555900000
17		41	5270.618107000
17		1358	5270.676109000
6	0		5270.680392000
6	0		5270.742539000
17		1358	5270.797027000
6	0		5270.804397000
6	0		5270.866538000
17		1358	5270.917272000
6	0		5270.928566000
6	0		5270.990749000
6	0		5271.051900000
6	0		5271.114062000
6	0		5271.176278000
6	0		5271.238422000
6	0		5271.300559000
6	0		5271.362701000
6	0		5271.423816000
6	0		5271.486100000
6	0		5271.548267000
6	0		5271.610436000
6	0		5271.672239000
6	0		5271.795935000
6	0		5271.920163000
6	0		5272.044481000
6	0		5272.167802000
6	0		5272.292149000
6	0		5272.354431000
6	0		5272.478587000
6	0		5272.601901000
6	0		5272.726196000
6	0		5272.850064000
6	1396		5272.912619000
6	311		5272.912651000
17		41	5272.912661000
6	0		5272.913308000
6	1396		5272.914041000
17		1358	5272.914291000
6	1396		5272.927980000
6	1396		5272.942504000
6	1396		5272.957134000
6	1396		5272.971756000
17		41	5272.974313000
6	1396		5272.986379000
6	1396		5273.000986000
6	1396		5273.015650000
6	1396		5273.030238000
17		1358	5273.035259000
17		41	5273.036988000
6	1396		5273.044878000
6	1396		5273.059487000
6	1396		5273.074105000
6	1396		5273.088736000
17		46	5273.098340000
6	1396		5273.103352000
6	1396		5273.117968000
17		33	5273.125143000
6	1396		5273.132667000
6	1396		5273.147231000
17		1358	5273.155396000
17		41	5273.160285000
6	1396		5273.161823000
6	1396		5273.176463000
6	1396		5273.191065000
6	1396		5273.205694000
6	1396		5273.220330000
6	1396		5273.234945000
6	1396		5273.249573000
6	1396		5273.264259000
17		1358	5273.275253000
6	1396		5273.278809000
6	0		5273.284549000
17		41	5273.284575000
6	1396		5273.293423000
6	1396		5273.308034000
6	1396		5273.322681000
6	1396		5273.337303000
6	1396		5273.351948000
6	1396		5273.366534000
6	1396		5273.381280000
17		1358	5273.394972000
6	1396		5273.395746000
6	0		5273.408735000
6	1396		5273.410446000
6	1396		5273.425009000
6	1396		5273.439635000
6	1396		5273.454270000
6	1396		5273.468882000
6	1396		5273.483506000
6	1396		5273.498135000
6	1396		5273.512745000
17		1358	5273.514800000
6	1396		5273.527366000
6	0		5273.532317000
6	1396		5273.541984000
6	1396		5273.556670000
6	1396		5273.571228000
6	1396		5273.585898000
6	1095		5273.600462000
17		1358	5273.635497000
6	0		5273.656299000
17		1358	5273.755900000
17		41	5273.780242000
6	0		5273.780279000
6	0		5273.842279000
17		1358	5273.876146000
6	0		5273.966605000
17		1358	5273.996113000
6	0		5274.090543000
17		1358	5274.115681000
6	0		5274.214252000
17		1358	5274.235376000
17		41	5274.338587000
17		1358	5274.356527000
6	0		5274.400001000
17		1358	5274.451751000
6	0		5274.524229000
17		1358	5274.547617000
17		1358	5274.643938000
6	0		5274.648150000
17		1358	5274.739498000
6	0		5274.772579000
6	562		5274.833949000
6	39		5274.833978000
17		41	5274.833994000
17		1358	5274.835888000
6	0		5274.836601000
6	0		5274.836617000
6	39		5274.836623000
6	69		5274.837968000
6	31		5274.841405000
6	39		5274.842913000
6	0		5274.896209000
17		1358	5274.995939000
6	0		5275.020469000
6	0		5275.144584000
17		1358	5275.156493000
6	0		5275.267906000
17		1358	5275.316392000
17		41	5275.392317000
6	0		5275.392347000
17		1358	5275.476289000
6	0		5275.516118000
17		1358	5275.597052000
6	0		5275.639885000
17		1358	5275.716710000
6	0		5275.764647000
6	0		5275.888309000
17		41	5276.012254000
6	0		5276.012284000
17		1358	5276.013942000
6	0		5276.136421000
6	0		5276.260715000
6	0		5276.321832000
6	610		5276.321862000
6	69		5276.325855000
6	31		5276.327535000
6	1396		5276.384742000
6	426		5276.384772000
17		41	5276.384783000
6	0		5276.385352000
17		1358	5276.386459000
17		41	5276.446760000
6	1396		5276.490459000
6	1396		5276.497663000
17		1358	5276.506881000
17		41	5276.508573000
6	1396		5276.512305000
6	1396		5276.526944000
6	1396		5276.541553000
6	1396		5276.556189000
17		41	5276.569871000
6	1396		5276.570776000
6	1396		5276.585408000
6	1396		5276.600075000
6	1396		5276.614646000
17		1358	5276.628012000
6	1396		5276.629248000
17		41	5276.632231000
6	1396		5276.643877000
6	1396		5276.658509000
6	1396		5276.673129000
6	1396		5276.687758000
17		41	5276.694688000
6	1396		5276.702428000
6	1396		5276.716998000
6	1396		5276.731620000
6	1396		5276.746236000
17		1358	5276.748773000
17		41	5276.755831000
6	1396		5276.760850000
6	1396		5276.775473000
6	1396		5276.790129000
6	1396		5276.804722000
17		41	5276.818757000
6	1396		5276.819332000
6	1396		5276.833956000
6	1396		5276.848583000
6	1396		5276.863193000
17		1358	5276.869388000
6	1396		5276.877895000
17		41	5276.879982000
6	1396		5276.892438000
6	1396		5276.907063000
6	1396		5276.921709000
6	1396		5276.936322000
17		41	5276.942182000
6	1396		5276.950936000
6	1396		5276.965561000
6	1396		5276.980186000
17		1358	5276.989011000
6	1396		5276.994783000
17		41	5277.004058000
6	0		5277.004083000
6	1396		5277.009430000
6	1396		5277.024101000
6	1396		5277.038654000
6	1396		5277.053282000
6	0		5277.066051000
6	0		5277.066075000
6	0		5277.066080000
6	39		5277.066087000
6	1396		5277.067963000
6	0		5277.072754000
6	72		5277.082517000
17		1358	5277.108943000
17		41	5277.128305000
17		46	5277.190406000
17		33	5277.217526000
17		1358	5277.229531000
17		41	5277.252180000
17		41	5277.314723000
17		1358	5277.348894000
17		41	5277.375817000
6	0		5277.438169000
17		41	5277.438202000
17		1358	5277.468843000
17		41	5277.500052000
17		1358	5277.589560000
6	0		5277.624450000
17		41	5277.686067000
17		1358	5277.709465000
6	0		5277.809907000
17		1358	5277.830353000
6	0		5277.934783000
17		1358	5277.950198000
6	0		5278.058600000
17		1358	5278.069067000
6	0		5278.182553000
17		1358	5278.189388000
17		41	5278.244241000
17		1358	5278.309980000
6	0		5278.368063000
17		1358	5278.405460000
6	0		5278.491889000
17		1358	5278.502353000
6	0		5278.554539000
17		1358	5278.597874000
6	0		5278.678317000
17		1358	5278.693635000
17		1358	5278.789558000
17		41	5278.802225000
6	0		5278.802249000
6	0		5278.864230000
17		1358	5278.886185000
6	0		5278.988706000
6	0		5279.112136000
6	0		5279.236184000
17		41	5279.360273000
6	0		5279.360304000
17		1358	5279.362097000
6	0		5279.484555000
6	0		5279.607853000
6	0		5279.732180000
6	0		5279.856560000
17		41	5279.918306000
17		1358	5279.919038000
6	1396		5279.980260000
6	0		5279.986683000
6	426		5280.041934000
6	0		5280.041958000
6	0		5280.042608000
6	1396		5280.043420000
6	1396		5280.056314000
6	1396		5280.070033000
6	1396		5280.083825000
6	1396		5280.097537000
6	0		5280.104082000
6	1396		5280.111202000
6	1396		5280.124888000
6	1396		5280.138637000
6	1396		5280.152344000
6	1396		5280.166063000
6	1396		5280.179767000
6	1396		5280.193551000
6	1396		5280.207221000
6	1396		5280.221056000
6	0		5280.228318000
6	1396		5280.234637000
6	1396		5280.248352000
6	1396		5280.262112000
6	1396		5280.275790000
6	1396		5280.289498000
6	0		5280.290420000
17		41	5280.290443000
17		1358	5280.292114000
6	1396		5280.303224000
6	1396		5280.316934000
6	1396		5280.330655000
6	1396		5280.344402000
17		41	5280.352016000
6	1396		5280.358088000
6	1396		5280.371885000
6	1396		5280.385534000
6	1396		5280.399246000
6	1396		5280.412960000
17		1358	5280.413861000
17		41	5280.414509000
6	1396		5280.426673000
6	1396		5280.440391000
6	1396		5280.454121000
6	1396		5280.467889000
17		41	5280.475910000
6	1396		5280.481549000
6	1396		5280.495289000
6	1396		5280.508997000
6	1396		5280.522697000
17		1358	5280.534320000
6	1396		5280.536395000
17		41	5280.537816000
6	1396		5280.550190000
6	1396		5280.563857000
6	1396		5280.577557000
6	1243		5280.591267000
17		41	5280.600413000
17		1358	5280.655427000
17		41	5280.662254000
17		41	5280.724348000
17		1358	5280.774704000
17		41	5280.786574000
17		46	5280.848724000
17		33	5280.874925000
17		1358	5280.895629000
17		41	5280.910196000
17		41	5280.971903000
17		1358	5281.015309000
17		41	5281.033932000
17		41	5281.096441000
17		1358	5281.135466000
17		41	5281.158492000
17		41	5281.203838000
17		41	5281.250062000
17		1358	5281.255574000
17		41	5281.296242000
6	0		5281.342001000
17		1358	5281.375383000
6	0		5281.388224000
6	0		5281.434815000
6	0		5281.479975000
17		1358	5281.495833000
6	0		5281.526169000
6	0		5281.572309000
17		1358	5281.615605000
6	0		5281.617876000
6	0		5281.664033000
6	0		5281.710167000
17		1358	5281.736095000
6	0		5281.756328000
6	0		5281.802587000
6	0		5281.848761000
17		1358	5281.855230000
6	0		5281.893930000
6	0		5281.940666000
17		1358	5281.975779000
6	0		5281.985811000
6	0		5282.032211000
6	0		5282.032234000
17		1358	5282.095439000
6	0		5282.124423000
17		41	5282.170461000
17		1358	5282.215771000
6	0		5282.262102000
17		1358	5282.336111000
6	0		5282.354555000
6	0		5282.446639000
17		1358	5282.456874000
6	1396		5282.492091000
6	0		5282.498621000
6	311		5282.538292000
6	0		5282.538319000
6	0		5282.538927000
6	1396		5282.539672000
6	1396		5282.553544000
6	1396		5282.568157000
17		1358	5282.576317000
6	1396		5282.582784000
6	1396		5282.597391000
6	1396		5282.612048000
6	1396		5282.626638000
17		41	5282.629817000
6	1396		5282.641263000
6	1396		5282.655884000
6	1396		5282.670498000
6	0		5282.676011000
6	1396		5282.685115000
17		1358	5282.695956000
6	1396		5282.699754000
6	1396		5282.714358000
6	1396		5282.728984000
6	1396		5282.743603000
6	1396		5282.758221000
6	0		5282.768683000
6	1396		5282.772854000
6	1396		5282.787476000
6	1396		5282.802153000
6	1396		5282.816701000
6	1396		5282.831322000
6	1396		5282.846021000
6	0		5282.860537000
6	1396		5282.860651000
6	1396		5282.875195000
6	1396		5282.889811000
6	1396		5282.904442000
6	1396		5282.919066000
6	1396		5282.933687000
6	1396		5282.948352000
6	0		5282.951832000
6	638		5282.962914000
17		41	5283.044489000
6	0		5283.044521000
17		1358	5283.046168000
6	0		5283.136582000
6	0		5283.182269000
6	0		5283.228328000
17		41	5283.274556000
17		1358	5283.275872000
17		41	5283.320698000
17		41	5283.365991000
17		41	5283.411967000
17		41	5283.458095000
17		41	5283.504164000
17		41	5283.550320000
17		41	5283.596390000
17		46	5283.642459000
17		33	5283.668804000
17		41	5283.687944000
17		41	5283.733820000
17		41	5283.779950000
17		41	5283.826023000
17		41	5283.872145000
17		41	5283.918283000
17		1358	5283.919975000
6	0		5284.010340000
17		41	5284.102243000
17		1358	5284.104040000
6	0		5284.148661000
6	0		5284.240568000
6	0		5284.331840000
6	0		5284.424070000
17		41	5284.516275000
6	0		5284.516366000
17		1358	5284.518102000
6	0		5284.608534000
6	0		5284.654666000
6	0		5284.745957000
6	0		5284.838292000
6	0		5284.930637000
6	1396		5284.976614000
6	0		5284.982676000
6	426		5285.021846000
6	0		5285.021875000
6	0		5285.022455000
6	1396		5285.023249000
6	1396		5285.036241000
6	1396		5285.049857000
6	1396		5285.063644000
6	1396		5285.077283000
6	1396		5285.091023000
6	1396		5285.104743000
6	0		5285.114034000
6	1396		5285.118440000
6	1396		5285.132167000
6	1396		5285.145913000
6	1396		5285.159590000
6	1396		5285.173319000
6	1396		5285.187030000
6	1396		5285.200736000
6	0		5285.206390000
6	1396		5285.214474000
6	1396		5285.228197000
6	1396		5285.241890000
6	1396		5285.255666000
6	1396		5285.269321000
6	1396		5285.283050000
6	1396		5285.296814000
6	0		5285.298670000
6	0		5285.298689000
6	1396		5285.310477000
6	1396		5285.324208000
6	1396		5285.337899000
17		41	5285.344757000
17		1358	5285.346511000
6	1396		5285.351643000
6	1396		5285.365359000
6	1396		5285.379069000
17		41	5285.389929000
6	1396		5285.392795000
6	1396		5285.406493000
6	1396		5285.420230000
6	1396		5285.433950000
17		41	5285.436031000
6	1396		5285.447653000
6	1396		5285.461359000
17		1358	5285.466995000
6	1396		5285.475079000
17		41	5285.481822000
6	1396		5285.488807000
6	1396		5285.502526000
6	1396		5285.516275000
17		41	5285.528049000
6	1396		5285.529952000
6	1396		5285.543694000
6	1396		5285.557390000
6	1396		5285.571127000
6	1396		5285.584821000
17		1358	5285.587076000
6	37		5285.598552000
6	0		5285.620498000
17		1358	5285.707345000
6	0		5285.712119000
6	0		5285.803839000
17		1358	5285.827365000
6	0		5285.895815000
17		1358	5285.947777000
6	0		5285.988070000
17		1358	5286.067642000
6	0		5286.080667000
6	0		5286.172180000
17		1358	5286.187167000
6	0		5286.264612000
17		1358	5286.308103000
6	0		5286.356520000
6	0		5286.402662000
17		1358	5286.427716000
6	0		5286.494183000
17		1358	5286.548011000
6	0		5286.586521000
17		41	5286.632061000
17		1358	5286.667632000
6	0		5286.724138000
17		1358	5286.787881000
6	0		5286.816365000
6	0		5286.908429000
17		1358	5286.908511000
6	0		5287.000032000
17		1358	5287.028402000
17		41	5287.092224000
6	0		5287.092252000
17		1358	5287.148491000
6	0		5287.184073000
17		1358	5287.267521000
6	0		5287.276007000
6	0		5287.368233000
17		1358	5287.388557000
6	0		5287.460021000
6	0		5287.505872000
6	621		5287.505905000
6	39		5287.505914000
6	0		5287.507994000
6	0		5287.508023000
6	39		5287.508027000
17		1358	5287.508742000
6	69		5287.510188000
6	31		5287.513070000
6	39		5287.514642000
6	1396		5287.551916000
6	425		5287.551953000
17		41	5287.551965000
17		41	5287.551972000
6	0		5287.552478000
6	1396		5287.594788000
17		41	5287.598714000
6	1396		5287.601681000
6	1396		5287.615346000
17		1358	5287.629013000
6	1396		5287.629053000
6	1396		5287.642773000
17		41	5287.643811000
6	1396		5287.656496000
6	1396		5287.670221000
6	1396		5287.683927000
17		46	5287.690679000
6	1396		5287.697633000
6	1396		5287.711359000
17		33	5287.717088000
6	1396		5287.725066000
17		41	5287.735910000
6	1396		5287.738796000
17		1358	5287.749112000
6	1396		5287.752514000
6	1396		5287.766220000
6	1396		5287.779948000
17		41	5287.782022000
6	1396		5287.793664000
6	1396		5287.807377000
6	1396		5287.821107000
17		41	5287.827938000
6	1396		5287.834821000
17		1358	5287.844556000
6	1396		5287.848522000
6	1396		5287.862253000
17		41	5287.874089000
6	1396		5287.875954000
6	1396		5287.889680000
6	1396		5287.903402000
6	1396		5287.917138000
17		41	5287.920312000
6	1396		5287.930843000
17		1358	5287.941312000
6	1396		5287.944630000
6	1396		5287.958265000
17		41	5287.966521000
6	1396		5287.971987000
6	1396		5287.985695000
6	1396		5287.999414000
17		41	5288.012391000
6	1396		5288.013124000
6	1396		5288.026852000
17		1358	5288.037029000
6	1396		5288.040568000
6	1396		5288.054297000
17		41	5288.058541000
6	1396		5288.068005000
6	1396		5288.081721000
6	1238		5288.095452000
17		41	5288.104516000
17		1358	5288.133212000
17		41	5288.150244000
6	0		5288.150271000
6	0		5288.196363000
6	0		5288.196392000
17		41	5288.196399000
17		1358	5288.228869000
6	0		5288.241834000
6	39		5288.241860000
6	0		5288.248902000
17		1358	5288.324887000
6	0		5288.334236000
6	0		5288.379971000
17		41	5288.380000000
17		1358	5288.420505000
6	0		5288.426229000
6	0		5288.518044000
17		1358	5288.580850000
6	0		5288.610348000
6	0		5288.702471000
17		1358	5288.740430000
6	0		5288.793858000
17		41	5288.840606000
17		1358	5288.900568000
6	0		5288.932291000
6	0		5289.025545000
17		1358	5289.061571000
6	0		5289.116149000
17		41	5289.208287000
6	0		5289.208316000
17		1358	5289.221325000
6	0		5289.300759000
17		1358	5289.339506000
6	0		5289.391879000
17		1358	5289.457193000
6	0		5289.484159000
6	0		5289.530173000
17		41	5289.530205000
17		1358	5289.575437000
6	0		5289.621816000
17		1358	5289.693439000
6	0		5289.714117000
6	1396		5289.760064000
6	0		5289.766587000
6	311		5289.805913000
6	0		5289.805956000
6	670		5289.805964000
6	0		5289.806532000
6	1396		5289.807322000
6	0		5289.807702000
6	67		5289.810140000
17		1358	5289.811267000
6	31		5289.811593000
6	39		5289.812982000
6	1396		5289.821207000
6	1396		5289.835768000
6	1396		5289.850400000
6	1396		5289.865083000
6	1396		5289.879664000
6	1396		5289.894246000
17		41	5289.898341000
6	1396		5289.908923000
6	1396		5289.923488000
17		1358	5289.930018000
6	1396		5289.938188000
6	0		5289.944547000
6	1396		5289.952749000
6	1396		5289.967369000
6	1396		5289.981974000
6	1396		5289.996596000
6	1396		5290.011221000
6	1396		5290.025915000
6	0		5290.036352000
6	1396		5290.040458000
17		1358	5290.047133000
6	1396		5290.055083000
6	1396		5290.069706000
6	1396		5290.084324000
6	1396		5290.098952000
6	1396		5290.113636000
6	0		5290.128078000
6	1396		5290.128177000
6	1396		5290.142816000
6	1396		5290.157428000
17		1358	5290.165596000
6	1396		5290.172102000
17		41	5290.173818000
6	1396		5290.186691000
6	1396		5290.201315000
6	1396		5290.215909000
17		41	5290.220661000
6	1396		5290.230550000
6	1396		5290.245152000
6	1396		5290.259763000
17		41	5290.265865000
6	1396		5290.274397000
17		1358	5290.284061000
6	1396		5290.289010000
6	1396		5290.303643000
17		46	5290.312432000
6	1396		5290.318264000
6	1396		5290.332940000
17		33	5290.338573000
6	1396		5290.347529000
17		41	5290.357875000
6	1396		5290.362120000
6	1396		5290.376737000
6	1396		5290.391364000
17		1358	5290.401447000
17		41	5290.404621000
6	1396		5290.405967000
6	1396		5290.420624000
6	1396		5290.435243000
6	1396		5290.449860000
17		41	5290.450615000
6	1396		5290.464471000
6	1396		5290.479107000
6	1095		5290.493714000
17		41	5290.495829000
17		1358	5290.520035000
17		41	5290.542729000
17		41	5290.588106000
17		41	5290.634197000
17		1358	5290.638095000
17		41	5290.680264000
6	0		5290.726238000
17		1358	5290.755386000
6	0		5290.772208000
6	0		5290.772236000
6	39		5290.772243000
6	0		5290.772249000
17		41	5290.772256000
6	0		5290.778940000
6	0		5290.864413000
17		1358	5290.874259000
6	0		5290.956672000
17		1358	5290.992151000
6	0		5291.048539000
17		1358	5291.110168000
6	0		5291.139893000
17		41	5291.186106000
17		1358	5291.228501000
6	0		5291.277826000
6	0		5291.324650000
17		1358	5291.346921000
6	0		5291.416280000
17		1358	5291.464580000
6	0		5291.508588000
17		41	5291.554546000
17		1358	5291.582310000
6	0		5291.646732000
17		1358	5291.700409000
6	0		5291.738049000
17		1358	5291.818636000
6	0		5291.829872000
6	0		5291.922351000
17		1358	5291.936317000
17		41	5291.968606000
17		1358	5292.055432000
6	0		5292.059954000
6	0		5292.152103000
17		1358	5292.172919000
6	0		5292.244416000
17		1358	5292.290454000
6	0		5292.335824000
17		41	5292.382080000
17		1358	5292.409157000
6	0		5292.428650000
6	0		5292.519991000
17		1358	5292.526834000
6	0		5292.612257000
17		1358	5292.645447000
6	0		5292.703882000
17		41	5292.749874000
17		1358	5292.762983000
6	0		5292.842393000
17		1358	5292.880901000
6	0		5292.934449000
17		1358	5292.999132000
6	0		5293.026970000
6	0		5293.072479000
17		1358	5293.117902000
6	1396		5293.118649000
6	311		5293.118676000
17		41	5293.118686000
6	0		5293.119221000
6	1396		5293.137191000
6	1396		5293.144454000
6	1396		5293.159081000
17		41	5293.164024000
6	1396		5293.173710000
6	1396		5293.188356000
6	1396		5293.202957000
17		41	5293.210271000
6	1396		5293.217580000
6	1396		5293.232211000
17		1358	5293.235511000
6	1396		5293.246831000
17		41	5293.256193000
6	1396		5293.261431000
6	1396		5293.276062000
6	1396		5293.290664000
17		41	5293.302177000
6	1396		5293.305285000
6	1396		5293.319914000
6	1396		5293.334555000
17		46	5293.347870000
6	1396		5293.349156000
17		1358	5293.353620000
6	1396		5293.363788000
6	1396		5293.378411000
6	1396		5293.393021000
17		41	5293.393823000
6	1396		5293.407632000
6	1396		5293.422392000
6	1396		5293.436886000
17		41	5293.440111000
6	1396		5293.451528000
6	1396		5293.466133000
17		1358	5293.471971000
6	1396		5293.480764000
17		41	5293.486327000
6	1396		5293.495404000
6	1396		5293.510005000
6	1396		5293.524610000
17		41	5293.532201000
6	1396		5293.539255000
6	1396		5293.553874000
6	1396		5293.568496000
17		41	5293.577907000
6	1396		5293.583109000
17		1358	5293.589943000
6	1396		5293.597726000
6	1396		5293.612370000
17		41	5293.624617000
6	1396		5293.626963000
6	1396		5293.641591000
6	1396		5293.656220000
17		41	5293.670732000
6	1396		5293.670819000
6	1396		5293.685456000
6	1396		5293.700076000
17		1358	5293.707198000
6	1396		5293.714697000
17		41	5293.715788000
6	1396		5293.729312000
6	1396		5293.744020000
6	1396		5293.758546000
17		41	5293.762719000
6	1396		5293.773186000
6	1396		5293.787893000
6	1396		5293.802460000
17		41	5293.808513000
6	1396		5293.817036000
17		1358	5293.825644000
6	1396		5293.831655000
6	1396		5293.846335000
17		41	5293.854520000
6	1396		5293.860897000
6	1396		5293.875527000
6	1396		5293.890165000
17		41	5293.900402000
6	1396		5293.904830000
6	1396		5293.919370000
17		1358	5293.920222000
6	1396		5293.934131000
17		41	5293.946273000
6	1396		5293.948617000
6	1396		5293.963251000
6	1396		5293.977872000
17		41	5293.992120000
6	1396		5293.992477000
6	1396		5294.007119000
17		1358	5294.015239000
6	1396		5294.021738000
6	1396		5294.036360000
17		41	5294.038036000
6	1396		5294.050983000
6	1396		5294.065594000
6	1396		5294.080300000
6	1396		5294.094837000
17		1358	5294.109503000
6	1396		5294.109541000
6	1396		5294.124064000
6	0		5294.130698000
6	1396		5294.138696000
6	1396		5294.153313000
6	1396		5294.167950000
6	1396		5294.182564000
6	1396		5294.197250000
17		1358	5294.203817000
6	1396		5294.211799000
6	0		5294.222344000
6	1396		5294.226413000
6	1396		5294.241036000
6	1396		5294.255666000
6	1396		5294.270283000
6	1396		5294.284904000
17		1358	5294.298010000
6	1396		5294.299506000
6	0		5294.314059000
6	1396		5294.314157000
6	1396		5294.328768000
6	1396		5294.343382000
6	1396		5294.358012000
6	1396		5294.372646000
6	1396		5294.387246000
17		1358	5294.392456000
6	1396		5294.401917000
6	0		5294.406560000
6	1396		5294.416489000
6	1396		5294.431125000
6	1396		5294.445790000
17		41	5294.451986000
6	1396		5294.460361000
6	1396		5294.474980000
17		1358	5294.487020000
6	1396		5294.489600000
6	1396		5294.504243000
6	1396		5294.518855000
6	1396		5294.533480000
6	0		5294.544035000
6	1396		5294.548089000
6	1396		5294.562700000
6	1396		5294.577357000
17		1358	5294.580938000
6	0		5294.590016000
6	1396		5294.591949000
6	1396		5294.606562000
6	1396		5294.621208000
6	1396		5294.635837000
6	1396		5294.650429000
6	741		5294.665075000
17		1358	5294.675879000
6	0		5294.682129000
17		1358	5294.769678000
6	0		5294.774470000
6	665		5294.820113000
17		41	5294.820143000
6	0		5294.821911000
6	69		5294.824265000
6	31		5294.825796000
6	39		5294.827185000
17		1358	5294.864439000
6	0		5294.911936000
6	0		5295.004154000
17		1358	5295.022042000
6	0		5295.096460000
17		1358	5295.178899000
6	0		5295.188730000
17		41	5295.234627000
6	0		5295.326755000
17		1358	5295.336889000
6	0		5295.418324000
17		1358	5295.494657000
6	0		5295.510509000
6	0		5295.602251000
17		41	5295.648125000
17		1358	5295.649958000
6	0		5295.694497000
17		1358	5295.769446000
6	0		5295.786467000
6	0		5295.878006000
17		1358	5295.888156000
6	0		5295.970576000
17		1358	5296.005693000
17		46	5296.016598000
17		33	5296.043131000
6	0		5296.108561000
17		1358	5296.123423000
6	0		5296.199910000
17		1358	5296.241620000
6	0		5296.292043000
17		1358	5296.359866000
6	0		5296.384554000
17		41	5296.430054000
17		1358	5296.477540000
6	0		5296.522654000
17		1358	5296.595774000
6	0		5296.614110000
6	0		5296.706308000
17		1358	5296.713461000
6	0		5296.798565000
17		41	5296.798597000
17		1358	5296.831711000
6	0		5296.890089000
17		1358	5296.949941000
6	0		5296.982356000
17		1358	5297.067484000
17		41	5297.074265000
6	0		5297.119841000
17		1358	5297.186165000
6	0		5297.212152000
6	0		5297.304671000
17		41	5297.396215000
6	0		5297.396241000
17		1358	5297.397874000
6	0		5297.442256000
6	0		5297.534442000
6	0		5297.626774000
6	0		5297.718019000
17		41	5297.763794000
17		1358	5297.765475000
6	0		5297.855828000
6	0		5297.902147000
6	0		5297.994443000
17		41	5298.040299000
17		1358	5298.042059000
6	0		5298.086363000
6	0		5298.132571000
6	0		5298.178714000
6	0		5298.223908000
6	0		5298.270020000
6	0		5298.316200000
6	0		5298.362351000
17		41	5298.407967000
6	0		5298.454519000
6	0		5298.500679000
6	0		5298.545852000
6	0		5298.592018000
6	0		5298.638198000
6	0		5298.684376000
17		41	5298.730365000
6	0		5298.776676000
6	39		5298.812282000
6	0		5298.821887000
6	0		5298.868645000
6	0		5298.913813000
6	0		5298.959904000
6	0		5299.006128000
6	0		5299.006166000
17		41	5299.052019000
6	0		5299.098414000
6	0		5299.144587000
6	0		5299.190705000
6	0		5299.235880000
6	0		5299.282056000
6	0		5299.328720000
6	1396		5299.375174000
6	425		5299.375209000
17		41	5299.375221000
6	0		5299.375806000
6	0		5299.420557000
6	39		5299.420591000
17		41	5299.420602000
6	0		5299.427910000
17		41	5299.466045000
6	1396		5299.477650000
6	1396		5299.485037000
6	1396		5299.499545000
17		41	5299.511944000
6	1396		5299.514145000
6	1396		5299.528774000
6	1396		5299.543402000
6	1396		5299.558018000
17		41	5299.558696000
6	1396		5299.572657000
6	1396		5299.587232000
6	1396		5299.601926000
17		41	5299.604084000
6	1396		5299.616506000
6	1396		5299.631119000
6	1396		5299.645751000
17		41	5299.650161000
6	1396		5299.660368000
6	1396		5299.675024000
6	1396		5299.689677000
17		41	5299.696270000
6	1396		5299.704302000
6	1396		5299.718882000
6	1396		5299.733487000
17		41	5299.742337000
6	1396		5299.748085000
6	1396		5299.762700000
6	1396		5299.777326000
17		41	5299.788557000
6	1396		5299.791944000
6	1396		5299.806557000
6	1396		5299.821192000
17		46	5299.834469000
6	1396		5299.835810000
6	1396		5299.850458000
17		33	5299.860717000
6	1396		5299.865065000
6	1396		5299.879689000
17		41	5299.880252000
6	1396		5299.894419000
6	1396		5299.908969000
6	1396		5299.923555000
17		41	5299.926645000
6	1396		5299.938177000
6	1396		5299.952783000
6	1396		5299.967416000
17		41	5299.972659000
6	1396		5299.982028000
6	1396		5299.996659000
6	1396		5300.011285000
17		41	5300.018547000
6	1396		5300.025885000
6	402		5300.040558000
17		41	5300.064419000
17		41	5300.109851000
17		41	5300.155900000
17		1358	5300.157132000
17		41	5300.201940000
17		41	5300.248499000
17		1358	5300.275373000
17		41	5300.294237000
6	0		5300.340421000
17		41	5300.340463000
6	0		5300.386015000
17		1358	5300.393963000
6	0		5300.432223000
6	0		5300.478431000
17		1358	5300.511653000
6	0		5300.523990000
6	0		5300.570120000
6	0		5300.616317000
17		1358	5300.629631000
6	0		5300.661926000
6	0		5300.708077000
6	0		5300.754294000
6	0		5300.800445000
6	0		5300.846566000
6	0		5300.892717000
6	0		5300.937881000
6	0		5300.983939000
6	0		5301.030188000
6	0		5301.076271000
6	0		5301.122451000
6	0		5301.168613000
6	0		5301.214779000
6	0		5301.259925000
6	0		5301.259952000
6	0		5301.306184000
6	0		5301.352277000
6	0		5301.398439000
6	0		5301.444583000
6	0		5301.490753000
6	0		5301.535901000
6	0		5301.582017000
6	0		5301.628165000
6	0		5301.674309000
6	0		5301.720455000
6	0		5301.766638000
6	0		5301.811792000
6	0		5301.857863000
6	0		5301.904027000
6	0		5301.950212000
6	0		5301.996372000
6	0		5302.042524000
6	0		5302.088107000
6	0		5302.088134000
6	1396		5302.134537000
6	425		5302.134573000
17		41	5302.134583000
6	0		5302.135158000
17		1358	5302.136556000
17		41	5302.180483000
17		41	5302.226678000
17		1358	5302.255131000
17		41	5302.272598000
6	1396		5302.303652000
6	1396		5302.310953000
17		41	5302.318269000
6	1396		5302.325572000
6	1396		5302.340198000
6	1396		5302.354828000
17		41	5302.364064000
6	1396		5302.369446000
17		1358	5302.371589000
6	1396		5302.384054000
6	1396		5302.398702000
17		41	5302.409840000
6	1396		5302.413301000
6	1396		5302.427938000
6	1396		5302.442552000
6	0		5302.456228000
6	1396		5302.457169000
6	1396		5302.471847000
6	1396		5302.486415000
17		1358	5302.489430000
6	1396		5302.501035000
6	0		5302.501854000
6	1396		5302.515660000
6	1396		5302.530275000
6	1396		5302.544957000
6	0		5302.548243000
6	1396		5302.559510000
6	1396		5302.574133000
6	1396		5302.588765000
6	1396		5302.603389000
17		1358	5302.607096000
6	1396		5302.617996000
6	1396		5302.632625000
6	0		5302.640265000
6	1396		5302.647231000
6	1396		5302.661859000
6	1396		5302.676477000
6	0		5302.686638000
17		41	5302.686664000
6	1396		5302.691084000
6	1396		5302.705703000
6	1396		5302.720374000
17		1358	5302.724756000
6	1396		5302.734973000
6	1396		5302.749575000
6	1396		5302.764226000
6	0		5302.778085000
6	1396		5302.778821000
6	1396		5302.793444000
6	1396		5302.808075000
6	1396		5302.822703000
6	1396		5302.837319000
17		1358	5302.841591000
6	1396		5302.851932000
6	1396		5302.866559000
6	0		5302.870221000
6	451		5302.881275000
17		1358	5302.959852000
6	0		5302.961872000
6	0		5303.054578000
17		1358	5303.076834000
6	131		5303.100519000
6	899		5303.100543000
17		46	5303.100552000
6	0		5303.102293000
6	0		5303.102309000
6	68		5303.110132000
6	93		5303.111646000
6	39		5303.115826000
17		33	5303.127321000
6	0		5303.191799000
17		1358	5303.194166000
6	0		5303.284587000
17		1358	5303.287925000
6	0		5303.376451000
17		1358	5303.382157000
6	0		5303.468867000
17		1358	5303.476075000
17		41	5303.514733000
17		1358	5303.570301000
6	0		5303.607182000
6	0		5303.697872000
17		1358	5303.726954000
6	0		5303.744017000
6	0		5303.836441000
17		41	5303.882201000
17		1358	5303.883814000
6	0		5303.974186000
17		1358	5304.000863000
6	0		5304.066277000
17		1358	5304.118440000
6	0		5304.158774000
17		1358	5304.236409000
6	0		5304.250184000
17		41	5304.295897000
17		1358	5304.353749000
6	0		5304.388497000
6	0		5304.388523000
6	1396		5304.433876000
6	425		5304.433910000
17		41	5304.433921000
6	0		5304.434513000
17		1358	5304.471609000
6	0		5304.480480000
6	0		5304.480512000
6	0		5304.480522000
6	39		5304.480530000
17		41	5304.480539000
6	0		5304.486777000
17		41	5304.526590000
17		41	5304.572665000
17		1358	5304.588200000
17		41	5304.617958000
6	1396		5304.625584000
6	1396		5304.632878000
6	1396		5304.647498000
6	1396		5304.662127000
17		41	5304.664164000
6	1396		5304.676750000
6	1396		5304.691371000
17		1358	5304.705687000
6	1396		5304.705960000
17		41	5304.710120000
6	1396		5304.720620000
6	1396		5304.735240000
6	1396		5304.749876000
17		41	5304.756265000
6	1396		5304.764472000
6	1396		5304.779093000
6	1396		5304.793715000
17		41	5304.802021000
6	1396		5304.808341000
6	1396		5304.822945000
17		1358	5304.823428000
6	1396		5304.837592000
17		41	5304.848697000
6	1396		5304.852243000
6	1396		5304.866827000
6	1396		5304.881441000
17		41	5304.893839000
6	1396		5304.896065000
6	1396		5304.910691000
6	1396		5304.925294000
17		1358	5304.939217000
6	1396		5304.939901000
17		41	5304.940474000
6	1396		5304.954542000
6	1396		5304.969189000
6	1396		5304.983847000
17		41	5304.985854000
6	1396		5304.998429000
6	1396		5305.013032000
6	1396		5305.027650000
17		41	5305.031801000
6	1396		5305.042269000
17		1358	5305.054582000
6	1396		5305.056886000
6	1396		5305.071529000
6	1396		5305.086145000
6	1396		5305.100763000
6	1396		5305.115386000
6	0		5305.124082000
6	1396		5305.130013000
6	1396		5305.144634000
6	1396		5305.159241000
17		1358	5305.170615000
6	1396		5305.173857000
6	1396		5305.188482000
6	1396		5305.203111000
6	0		5305.216634000
6	1396		5305.217719000
6	1396		5305.232347000
6	1396		5305.246965000
6	1396		5305.261578000
6	368		5305.276220000
17		1358	5305.287114000
6	0		5305.307850000
17		41	5305.354176000
17		1358	5305.401762000
6	0		5305.445815000
17		1358	5305.495554000
6	0		5305.538228000
17		1358	5305.587588000
6	0		5305.630207000
17		1358	5305.680708000
6	0		5305.722361000
17		1358	5305.773240000
17		41	5305.813869000
6	0		5305.860574000
17		1358	5305.866744000
6	0		5305.952156000
17		1358	5306.019783000
6	0		5306.044389000
6	0		5306.136086000
17		46	5306.136123000
17		33	5306.162838000
17		1358	5306.174541000
6	0		5306.228186000
17		1358	5306.291904000
6	0		5306.320138000
17		1358	5306.406844000
6	0		5306.412450000
6	0		5306.504385000
17		1358	5306.522610000
17		41	5306.550741000
17		1358	5306.638721000
6	0		5306.642163000
6	0		5306.734303000
17		1358	5306.754491000
6	0		5306.826143000
17		1358	5306.870053000
6	0		5306.918554000
17		41	5306.964323000
17		1358	5306.986546000
6	0		5307.056049000
17		1358	5307.102642000
6	0		5307.148306000
17		1358	5307.217735000
6	0		5307.240074000
6	0		5307.285955000
6	1396		5307.331915000
6	426		5307.331968000
17		41	5307.331981000
6	0		5307.332542000
17		1358	5307.333679000
17		41	5307.378215000
17		41	5307.424755000
17		1358	5307.450559000
6	1396		5307.452348000
6	1396		5307.459660000
17		41	5307.470123000
6	1396		5307.474282000
6	1396		5307.488915000
6	1396		5307.503534000
17		41	5307.516061000
6	1396		5307.518162000
6	1396		5307.532791000
6	1396		5307.547406000
6	1396		5307.562041000
17		41	5307.562607000
17		1358	5307.564359000
6	1396		5307.576660000
6	1396		5307.591260000
6	1396		5307.605901000
17		41	5307.607992000
6	1396		5307.620505000
6	1396		5307.635209000
6	1396		5307.649805000
17		41	5307.653982000
6	1396		5307.664367000
6	1396		5307.679018000
17		1358	5307.681692000
6	1396		5307.693617000
17		41	5307.699813000
6	1396		5307.708292000
6	1396		5307.722842000
6	1396		5307.737466000
17		41	5307.746662000
6	1396		5307.752094000
6	1396		5307.766719000
6	1396		5307.781328000
17		41	5307.792431000
6	1396		5307.795967000
17		1358	5307.797836000
6	1396		5307.810578000
6	1396		5307.825200000
17		41	5307.838331000
6	1396		5307.839818000
6	1396		5307.854441000
6	1396		5307.869144000
6	1396		5307.883685000
17		41	5307.884154000
6	1396		5307.898310000
17		1358	5307.912915000
6	1396		5307.912965000
6	1396		5307.927548000
17		41	5307.930688000
6	1396		5307.942177000
6	1396		5307.956795000
6	1396		5307.971420000
17		41	5307.976626000
6	1085		5307.986040000
17		1358	5308.004658000
17		41	5308.021971000
17		41	5308.067988000
17		1358	5308.094691000
17		46	5308.113913000
17		33	5308.140175000
6	0		5308.160253000
6	0		5308.206246000
17		1358	5308.245558000
6	0		5308.298014000
6	0		5308.390246000
17		1358	5308.395884000
6	0		5308.482448000
17		1358	5308.547007000
17		41	5308.574319000
6	0		5308.620457000
17		1358	5308.697636000
6	0		5308.712973000
6	0		5308.804162000
17		1358	5308.811888000
6	0		5308.896329000
17		1358	5308.924045000
17		41	5308.942146000
6	0		5308.988434000
17		1358	5309.037137000
6	0		5309.080685000
17		1358	5309.150758000
6	0		5309.172719000
17		1358	5309.263887000
6	0		5309.264380000
17		41	5309.356248000
6	0		5309.356279000
17		1358	5309.377428000
6	0		5309.447888000
17		1358	5309.490774000
6	0		5309.540231000
17		1358	5309.602691000
6	0		5309.632655000
17		1358	5309.716628000
17		41	5309.723854000
6	0		5309.770053000
17		1358	5309.829650000
6	0		5309.862401000
17		1358	5309.943714000
6	0		5309.954555000
6	0		5309.954580000
6	1396		5309.999871000
6	312		5309.999898000
17		41	5309.999906000
6	0		5310.000490000
6	1396		5310.027415000
6	1396		5310.034701000
17		41	5310.046162000
6	1396		5310.049334000
17		1358	5310.055754000
6	1396		5310.063964000
6	1396		5310.078596000
17		41	5310.092649000
6	1396		5310.093176000
6	1396		5310.107816000
6	1396		5310.122442000
6	1396		5310.137053000
17		41	5310.138578000
6	1396		5310.151670000
6	1396		5310.166305000
17		1358	5310.168606000
6	1396		5310.181044000
17		41	5310.184027000
6	1396		5310.195541000
6	1396		5310.210155000
6	1396		5310.224779000
17		41	5310.230025000
6	1396		5310.239412000
6	1396		5310.254028000
6	1396		5310.268652000
17		41	5310.276366000
17		1358	5310.282886000
6	1396		5310.283248000
6	1396		5310.297909000
6	1396		5310.312508000
17		41	5310.322763000
6	1396		5310.327131000
6	1396		5310.341763000
6	1396		5310.356406000
17		41	5310.368733000
6	1396		5310.370994000
6	1396		5310.385625000
17		1358	5310.395243000
6	1396		5310.400256000
17		41	5310.413873000
6	1396		5310.414855000
6	1396		5310.429507000
6	1396		5310.444105000
6	1396		5310.458737000
17		41	5310.460328000
6	1396		5310.473335000
17		1358	5310.485361000
6	1396		5310.487952000
6	1396		5310.502621000
17		41	5310.506709000
6	1396		5310.517203000
6	1396		5310.531821000
6	1396		5310.546456000
17		41	5310.552648000
6	1396		5310.561083000
17		1358	5310.575639000
6	1396		5310.575689000
6	1396		5310.590305000
17		41	5310.598537000
6	1396		5310.604997000
6	1396		5310.619558000
6	1396		5310.634185000
17		41	5310.644365000
6	1396		5310.648796000
6	1396		5310.663414000
6	1396		5310.678036000
17		46	5310.690269000
6	1396		5310.692657000
6	1396		5310.707274000
17		33	5310.716967000
6	1396		5310.721963000
17		1358	5310.726951000
6	1396		5310.736579000
6	1396		5310.751150000
6	1396		5310.765794000
6	1396		5310.780392000
6	0		5310.782394000
6	1396		5310.795015000
6	1396		5310.809640000
6	1396		5310.824258000
6	1396		5310.838876000
6	1396		5310.853502000
6	1396		5310.868113000
17		41	5310.874335000
6	0		5310.874362000
17		1358	5310.878076000
6	1396		5310.882732000
6	1396		5310.897377000
6	1396		5310.911993000
6	0		5310.920255000
6	1396		5310.926595000
6	1396		5310.941288000
6	1396		5310.955904000
6	1396		5310.970452000
6	1396		5310.985077000
17		1358	5310.991778000
6	1396		5310.999706000
6	0		5311.012379000
6	1396		5311.014308000
6	1396		5311.028940000
6	1396		5311.043564000
6	1396		5311.058207000
6	1396		5311.072819000
6	1396		5311.087427000
6	1195		5311.102046000
6	0		5311.104026000
17		1358	5311.104192000
6	0		5311.196581000
17		1358	5311.217474000
6	0		5311.288113000
17		41	5311.288142000
17		1358	5311.330816000
6	0		5311.380241000
17		1358	5311.443765000
6	0		5311.472497000
17		1358	5311.557861000
6	0		5311.564412000
17		41	5311.609894000
17		1358	5311.670905000
6	0		5311.702540000
17		1358	5311.783427000
6	0		5311.794535000
6	0		5311.886232000
17		1358	5311.896924000
6	0		5311.978633000
17		1358	5312.009725000
17		41	5312.024251000
6	0		5312.116502000
17		1358	5312.123210000
6	0		5312.208688000
17		1358	5312.235719000
6	0		5312.300193000
17		41	5312.346458000
17		1358	5312.347666000
6	0		5312.392590000
17		1358	5312.463128000
6	0		5312.484682000
17		1358	5312.575887000
6	0		5312.576718000
17		41	5312.621892000
6	0		5312.714569000
6	0		5312.805847000
6	0		5312.898123000
6	0		5312.990397000
6	0		5313.082057000
17		41	5313.173946000
6	0		5313.220124000
6	0		5313.312289000
6	0		5313.404565000
6	0		5313.495848000
6	0		5313.588107000
17		41	5313.634016000
6	0		5313.680352000
6	0		5313.772624000
6	0		5313.863890000
6	0		5313.956175000
17		41	5314.048273000
6	0		5314.048302000
6	0		5314.139884000
6	0		5314.232397000
6	0		5314.324529000
6	0		5314.416023000
6	1396		5314.462414000
6	312		5314.462443000
17		41	5314.462454000
6	0		5314.463024000
17		41	5314.508564000
17		41	5314.554425000
17		41	5314.600227000
6	1396		5314.610540000
6	1396		5314.633756000
17		41	5314.646258000
6	1396		5314.680181000
17		41	5314.691787000
6	1396		5314.726599000
17		41	5314.738206000
6	1396		5314.773030000
17		41	5314.784690000
6	1396		5314.819472000
17		41	5314.830201000
17		1358	5314.832602000
6	1396		5314.865893000
17		41	5314.876443000
17		1358	5314.878162000
6	1396		5314.912325000
17		46	5314.922030000
17		33	5314.948718000
6	1396		5314.958762000
17		41	5314.968012000
17		1358	5314.991748000
6	1396		5315.005182000
17		41	5315.013810000
6	1396		5315.051660000
6	0		5315.060028000
6	1396		5315.098044000
17		1358	5315.105804000
6	1396		5315.144473000
6	0		5315.152207000
6	1396		5315.190891000
17		1358	5315.219271000
6	1396		5315.237332000
6	0		5315.244390000
6	1396		5315.283768000
17		41	5315.290292000
6	1396		5315.330184000
17		1358	5315.332164000
6	1396		5315.376637000
17		41	5315.382256000
6	0		5315.382296000
6	1396		5315.423038000
17		1358	5315.424044000
6	0		5315.428215000
6	1396		5315.469490000
17		1358	5315.514084000
6	1396		5315.515902000
17		41	5315.520248000
6	0		5315.520275000
6	1396		5315.562341000
17		1358	5315.604750000
6	1396		5315.608801000
6	0		5315.611792000
6	1396		5315.655212000
17		1358	5315.694569000
6	1396		5315.701621000
17		41	5315.704032000
6	1396		5315.748041000
6	0		5315.750177000
17		1358	5315.785732000
6	1396		5315.794477000
6	1396		5315.840910000
17		41	5315.842279000
17		1358	5315.875645000
6	1396		5315.887340000
6	0		5315.888403000
6	1396		5315.933775000
6	0		5315.980079000
6	1396		5315.980213000
17		41	5316.026062000
6	1396		5316.026627000
17		1358	5316.027859000
6	0		5316.072721000
6	1396		5316.073077000
17		41	5316.117819000
6	1396		5316.119498000
6	1396		5316.165915000
17		1358	5316.177725000
17		41	5316.210014000
6	1396		5316.212342000
6	0		5316.256184000
6	377		5316.258765000
17		1358	5316.329189000
17		41	5316.347925000
6	0		5316.393832000
17		1358	5316.479887000
17		41	5316.485784000
6	0		5316.532314000
17		1358	5316.592239000
17		41	5316.624509000
6	0		5316.669966000
17		1358	5316.706045000
17		41	5316.762154000
6	0		5316.808731000
17		1358	5316.819176000
6	0		5316.900655000
17		1358	5316.931719000
17		41	5316.945992000
6	0		5316.992113000
17		1358	5317.045947000
6	0		5317.084352000
17		41	5317.130044000
17		1358	5317.158357000
6	0		5317.222209000
17		41	5317.222239000
17		41	5317.268488000
17		1358	5317.270194000
17		41	5317.314738000
17		46	5317.359902000
17		1358	5317.384894000
17		41	5317.406474000
17		41	5317.452001000
17		41	5317.497992000
17		1358	5317.498055000
17		41	5317.543938000
17		41	5317.590038000
17		1358	5317.611101000
17		41	5317.636772000
17		41	5317.682194000
17		1358	5317.724085000
17		41	5317.728187000
17		41	5317.774048000
17		1358	5317.775885000
17		1358	5317.775915000
17		1358	5317.775920000
17		1358	5317.775924000
17		1358	5317.775928000
17		1358	5317.775933000
17		1358	5317.775937000
17		1358	5317.775941000
17		1358	5317.775946000
17		1358	5317.775950000
17		1358	5317.775954000
17		41	5317.865949000
17		1358	5317.889814000
17		41	5317.912472000
17		41	5317.957870000
17		1358	5317.980570000
17		41	5318.004138000
17		1358	5318.029320000
17		41	5318.050821000
17		1358	5318.074215000
17		41	5318.096360000
17		41	5318.142210000
17		1358	5318.147983000
17		41	5318.188489000
17		1358	5318.200030000
17		41	5318.234022000
17		1358	5318.253124000
17		41	5318.279976000
17		1358	5318.303881000
17		46	5318.326127000
17		33	5318.339814000
17		1358	5318.354756000
17		41	5318.371968000
17		1358	5318.404801000
17		41	5318.418726000
17		1358	5318.446063000
17		41	5318.463921000
17		1358	5318.486790000
17		41	5318.510137000
17		1358	5318.528117000
17		41	5318.555822000
17		1358	5318.570002000
17		41	5318.602056000
17		1358	5318.611073000
17		41	5318.648125000
17		1358	5318.652935000
17		1358	5318.693579000
17		41	5318.694200000
17		1358	5318.734816000
17		41	5318.740608000
17		1358	5318.768020000
17		41	5318.786016000
17		1358	5318.800662000
17		41	5318.832295000
17		1358	5318.855296000
17		41	5318.878801000
17		1358	5318.911165000
17		41	5318.924402000
17		1358	5318.952162000
17		41	5318.970217000
17		1358	5318.993981000
17		41	5319.016255000
17		1358	5319.034809000
17		41	5319.062499000
17		1358	5319.076716000
17		41	5319.107878000
17		1358	5319.117195000
17		41	5319.154776000
17		1358	5319.157180000
17		1358	5319.199195000
17		41	5319.200256000
17		1358	5319.240095000
17		46	5319.246190000
17		33	5319.259790000
17		1358	5319.281039000
17		41	5319.292084000
17		1358	5319.321909000
17		41	5319.338042000
17		1358	5319.363026000
17		41	5319.383956000
17		1358	5319.403357000
17		41	5319.430102000
17		1358	5319.443981000
17		1358	5319.476303000
17		41	5319.476691000
17		1358	5319.508628000
17		41	5319.522576000
17		1358	5319.541553000
17		41	5319.568794000
17		1358	5319.596891000
17		41	5319.613921000
17		1358	5319.650949000
17		41	5319.660118000
17		1358	5319.692003000
17		41	5319.706034000
17		1358	5319.732493000
17		41	5319.752115000
17		1358	5319.773071000
17		41	5319.798614000
17		1358	5319.813508000
17		41	5319.844255000
17		1358	5319.855023000
17		41	5319.890579000
17		1358	5319.896387000
17		41	5319.936184000
17		1358	5319.937877000
17		1358	5319.977000000
17		41	5319.982550000
17		1358	5320.017890000
17		41	5320.028149000
17		1358	5320.058689000
17		41	5320.074188000
17		1358	5320.100099000
17		41	5320.119825000
17		1358	5320.139745000
17		46	5320.166191000
17		33	5320.179740000
17		1358	5320.180622000
17		41	5320.211771000
17		1358	5320.213499000
17		1358	5320.246056000
17		41	5320.258701000
17		1358	5320.278531000
17		41	5320.304264000
17		1358	5320.334240000
17		41	5320.350958000
17		1358	5320.387691000
17		41	5320.396394000
17		1358	5320.428809000
17		41	5320.442640000
17		1358	5320.470219000
17		41	5320.487867000
17		1358	5320.509779000
17		41	5320.534390000
17		1358	5320.551124000
17		41	5320.579947000
17		1358	5320.592012000
17		41	5320.626275000
17		1358	5320.633215000
17		41	5320.672260000
17		1358	5320.674044000
17		1358	5320.714728000
17		41	5320.718723000
17		1358	5320.754874000
17		41	5320.763802000
17		1358	5320.796429000
17		41	5320.810202000
17		1358	5320.836940000
17		41	5320.856511000
17		1358	5320.876948000
17		41	5320.902057000
17		1358	5320.918251000
17		41	5320.948018000
17		1358	5320.949721000
17		1358	5320.983397000
17		41	5320.994158000
17		1358	5321.015726000
17		41	5321.040402000
17		1358	5321.071219000
17		46	5321.086676000
17		33	5321.100638000
17		1358	5321.124846000
17		41	5321.132309000
17		1358	5321.165956000
17		41	5321.177783000
17		1358	5321.206983000
17		41	5321.223943000
17		1358	5321.247361000
17		41	5321.270037000
17		1358	5321.288504000
17		41	5321.316518000
17		1358	5321.329555000
17		41	5321.362633000
17		1358	5321.370399000
17		41	5321.408544000
17		1358	5321.410095000
17		1358	5321.451089000
17		41	5321.454696000
17		1358	5321.492039000
17		41	5321.500275000
17		1358	5321.533049000
17		41	5321.546185000
17		1358	5321.574140000
17		41	5321.592168000
17		1358	5321.614173000
17		41	5321.638172000
17		1358	5321.655683000
17		41	5321.684329000
17		1358	5321.688203000
17		1358	5321.720497000
17		41	5321.730763000
17		1358	5321.753361000
17		41	5321.776471000
17		41	5321.822397000
17		41	5321.868324000
17		41	5321.914551000
17		41	5321.960527000
17		1358	5321.961939000
17		46	5322.005790000
17		1358	5322.006904000
17		41	5322.051988000
17		1358	5322.053943000
17		41	5322.097908000
17		1358	5322.098984000
17		1358	5322.140435000
17		41	5322.143874000
17		1358	5322.181336000
17		41	5322.190546000
17		1358	5322.222773000
17		41	5322.236554000
17		1358	5322.264518000
17		41	5322.281947000
17		1358	5322.306564000
17		41	5322.328490000
17		1358	5322.347872000
17		41	5322.374679000
17		1358	5322.390240000
17		41	5322.419904000
17		1358	5322.423643000
17		41	5322.466258000
17		1358	5322.466953000
17		41	5322.512732000
17		1358	5322.522179000
17		41	5322.557981000
17		1358	5322.577932000
17		41	5322.604195000
17		1358	5322.618977000
17		41	5322.649941000
17		1358	5322.659952000
17		41	5322.695969000
17		1358	5322.701011000
17		41	5322.741894000
17		1358	5322.743541000
17		1358	5322.782870000
17		41	5322.787980000
17		1358	5322.822268000
17		41	5322.833771000
17		1358	5322.864002000
17		41	5322.880313000
17		1358	5322.905562000
17		46	5322.925953000
17		33	5322.940496000
17		1358	5322.946791000
17		41	5322.971845000
17		1358	5322.988968000
17		41	5323.017933000
17		1358	5323.030884000
17		41	5323.064001000
17		1358	5323.072523000
17		41	5323.109814000
17		1358	5323.113930000
17		41	5323.156089000
17		1358	5323.157853000
17		1358	5323.192181000
17		41	5323.201858000
17		1358	5323.222855000
17		41	5323.248168000
17		1358	5323.276958000
17		41	5323.293821000
17		1358	5323.331474000
17		41	5323.339875000
17		1358	5323.372691000
17		41	5323.386398000
17		1358	5323.414036000
17		41	5323.431790000
17		1358	5323.455998000
17		41	5323.478141000
17		1358	5323.496903000
17		41	5323.523950000
17		1358	5323.538148000
17		41	5323.570045000
17		1358	5323.578979000
17		41	5323.616183000
17		1358	5323.620551000
17		41	5323.662190000
17		1358	5323.663853000
17		1358	5323.705286000
17		41	5323.708421000
17		1358	5323.745690000
17		41	5323.754379000
17		1358	5323.786824000
17		41	5323.800657000
17		1358	5323.828550000
17		46	5323.845807000
17		33	5323.859987000
17		1358	5323.870519000
17		41	5323.892504000
17		1358	5323.903877000
17		41	5323.938551000
17		1358	5323.939959000
17		41	5323.983991000
17		1358	5323.994731000
17		41	5324.029915000
17		1358	5324.049485000
17		41	5324.075791000
17		1358	5324.090862000
17		41	5324.122466000
17		1358	5324.132037000
17		41	5324.167953000
17		1358	5324.172918000
17		41	5324.213969000
17		1358	5324.215657000
17		1358	5324.255803000
17		41	5324.259861000
17		1358	5324.294910000
17		41	5324.306734000
17		1358	5324.335015000
17		41	5324.351864000
17		1358	5324.375099000
17		41	5324.397906000
17		1358	5324.415656000
17		41	5324.444108000
17		1358	5324.456806000
17		41	5324.490668000
17		1358	5324.497093000
17		41	5324.536800000
17		1358	5324.538981000
17		41	5324.582278000
17		1358	5324.583965000
17		41	5324.628078000
17		1358	5324.629470000
17		41	5324.673911000
17		1358	5324.676036000
17		41	5324.720574000
17		1358	5324.729229000
17		46	5324.766168000
17		33	5324.780981000
17		1358	5324.783097000
6	563		5324.811838000
6	39		5324.811867000
17		41	5324.811877000
6	0		5324.814346000
6	0		5324.814383000
6	39		5324.814476000
6	69		5324.817315000
6	31		5324.819058000
6	39		5324.820453000
17		1358	5324.823435000
17		41	5324.858178000
17		1358	5324.862722000
17		1358	5324.902172000
17		41	5324.904347000
17		1358	5324.942130000
17		41	5324.950157000
